date,time,code,open,high,low,close,volume,amount,adjustflag
2025-02-27,20250227093500000,sh.600864,6.5400,6.5700,6.5000,6.5600,3915500,25602040.0000,3
2025-02-27,20250227094000000,sh.600864,6.5600,6.5600,6.5100,6.5300,1619300,10579988.0000,3
2025-02-27,20250227094500000,sh.600864,6.5300,6.5600,6.5200,6.5500,1230000,8047804.0000,3
2025-02-27,20250227095000000,sh.600864,6.5500,6.6000,6.5500,6.5900,2477400,16297256.0000,3
2025-02-27,20250227095500000,sh.600864,6.5800,6.5900,6.5100,6.5100,2896300,18966176.0000,3
2025-02-27,20250227100000000,sh.600864,6.5100,6.5300,6.5000,6.5200,1269200,8267928.0000,3
2025-02-27,20250227100500000,sh.600864,6.5100,6.5300,6.5000,6.5100,1236900,8051312.0000,3
2025-02-27,20250227101000000,sh.600864,6.5100,6.5200,6.4900,6.5200,1395400,9074584.0000,3
2025-02-27,20250227101500000,sh.600864,6.5200,6.5200,6.5000,6.5000,442900,2883208.0000,3
2025-02-27,20250227102000000,sh.600864,6.5000,6.5100,6.4900,6.4900,719500,4676264.0000,3
2025-02-27,20250227102500000,sh.600864,6.5000,6.5000,6.4800,6.5000,710000,4609048.0000,3
2025-02-27,20250227103000000,sh.600864,6.4900,6.5100,6.4900,6.5000,356900,2319496.0000,3
2025-02-27,20250227103500000,sh.600864,6.4900,6.5100,6.4800,6.4900,721200,4682568.0000,3
2025-02-27,20250227104000000,sh.600864,6.4900,6.5000,6.4600,6.4700,875600,5670848.0000,3
2025-02-27,20250227104500000,sh.600864,6.4700,6.4800,6.4700,6.4800,495900,3210080.0000,3
2025-02-27,20250227105000000,sh.600864,6.4800,6.4800,6.4600,6.4700,308800,1998080.0000,3
2025-02-27,20250227105500000,sh.600864,6.4600,6.4700,6.4500,6.4600,1030100,6652656.0000,3
2025-02-27,20250227110000000,sh.600864,6.4600,6.4700,6.4600,6.4700,304400,1967792.0000,3
2025-02-27,20250227110500000,sh.600864,6.4700,6.4700,6.4600,6.4600,325300,2101680.0000,3
2025-02-27,20250227111000000,sh.600864,6.4600,6.4600,6.4500,6.4600,378500,2442576.0000,3
2025-02-27,20250227111500000,sh.600864,6.4600,6.4700,6.4500,6.4600,978300,6319648.0000,3
2025-02-27,20250227112000000,sh.600864,6.4600,6.4600,6.4300,6.4300,766500,4940416.0000,3
2025-02-27,20250227112500000,sh.600864,6.4300,6.4400,6.4200,6.4300,939100,6035808.0000,3
2025-02-27,20250227113000000,sh.600864,6.4400,6.4500,6.4300,6.4500,575500,3705664.0000,3
2025-02-27,20250227130500000,sh.600864,6.4500,6.4500,6.4200,6.4200,495300,3185680.0000,3
2025-02-27,20250227131000000,sh.600864,6.4200,6.4300,6.4200,6.4200,434500,2792240.0000,3
2025-02-27,20250227131500000,sh.600864,6.4300,6.4300,6.4100,6.4200,876400,5626672.0000,3
2025-02-27,20250227132000000,sh.600864,6.4300,6.4300,6.4100,6.4200,783500,5031792.0000,3
2025-02-27,20250227132500000,sh.600864,6.4100,6.4300,6.4100,6.4200,245400,1576832.0000,3
2025-02-27,20250227133000000,sh.600864,6.4300,6.4300,6.4100,6.4200,659800,4237328.0000,3
2025-02-27,20250227133500000,sh.600864,6.4200,6.4200,6.4000,6.4100,695000,4455600.0000,3
2025-02-27,20250227134000000,sh.600864,6.4100,6.4200,6.3900,6.4000,1330000,8515200.0000,3
2025-02-27,20250227134500000,sh.600864,6.3900,6.4000,6.3900,6.4000,473700,3030640.0000,3
2025-02-27,20250227135000000,sh.600864,6.4000,6.4100,6.3900,6.4100,260900,1669744.0000,3
2025-02-27,20250227135500000,sh.600864,6.4100,6.4300,6.4000,6.4300,272900,1750640.0000,3
2025-02-27,20250227140000000,sh.600864,6.4300,6.4400,6.4200,6.4300,716100,4604624.0000,3
2025-02-27,20250227140500000,sh.600864,6.4400,6.4500,6.4200,6.4200,562400,3618816.0000,3
2025-02-27,20250227141000000,sh.600864,6.4300,6.4400,6.4200,6.4400,146800,943776.0000,3
2025-02-27,20250227141500000,sh.600864,6.4400,6.4600,6.4400,6.4500,661800,4266976.0000,3
2025-02-27,20250227142000000,sh.600864,6.4500,6.4600,6.4400,6.4500,130200,839744.0000,3
2025-02-27,20250227142500000,sh.600864,6.4500,6.4800,6.4500,6.4800,718500,4648176.0000,3
2025-02-27,20250227143000000,sh.600864,6.4800,6.4900,6.4700,6.4900,534700,3465360.0000,3
2025-02-27,20250227143500000,sh.600864,6.4900,6.5100,6.4800,6.4800,924600,6003152.0000,3
2025-02-27,20250227144000000,sh.600864,6.4800,6.5000,6.4700,6.5000,719400,4669072.0000,3
2025-02-27,20250227144500000,sh.600864,6.5000,6.5100,6.4800,6.4900,633400,4114592.0000,3
2025-02-27,20250227145000000,sh.600864,6.4900,6.5700,6.4800,6.5600,2303400,15038768.0000,3
2025-02-27,20250227145500000,sh.600864,6.5600,6.5800,6.5500,6.5600,3726500,24466000.0000,3
2025-02-27,20250227150000000,sh.600864,6.5600,6.5700,6.5600,6.5600,1020800,6698944.0000,3
2025-02-28,20250228093500000,sh.600864,6.5400,6.6100,6.5100,6.5500,8057100,52956392.0000,3
2025-02-28,20250228094000000,sh.600864,6.5500,6.5500,6.5000,6.5200,2299500,15002936.0000,3
2025-02-28,20250228094500000,sh.600864,6.5100,6.5100,6.4700,6.4800,1194800,7757328.0000,3
2025-02-28,20250228095000000,sh.600864,6.4800,6.5100,6.4800,6.4800,1353300,8787352.0000,3
2025-02-28,20250228095500000,sh.600864,6.4800,6.4900,6.4700,6.4900,944000,6112768.0000,3
2025-02-28,20250228100000000,sh.600864,6.4800,6.4900,6.4700,6.4700,647900,4196192.0000,3
2025-02-28,20250228100500000,sh.600864,6.4800,6.4800,6.4500,6.4600,950100,6140952.0000,3
2025-02-28,20250228101000000,sh.600864,6.4600,6.4800,6.4600,6.4800,409900,2652000.0000,3
2025-02-28,20250228101500000,sh.600864,6.4800,6.4900,6.4700,6.4700,387300,2510968.0000,3
2025-02-28,20250228102000000,sh.600864,6.4700,6.4800,6.4700,6.4700,146100,946248.0000,3
2025-02-28,20250228102500000,sh.600864,6.4800,6.4800,6.4600,6.4700,522700,3381848.0000,3
2025-02-28,20250228103000000,sh.600864,6.4700,6.4800,6.4700,6.4700,162700,1053120.0000,3
2025-02-28,20250228103500000,sh.600864,6.4600,6.4700,6.4500,6.4600,777900,5027728.0000,3
2025-02-28,20250228104000000,sh.600864,6.4500,6.4800,6.4500,6.4700,381000,2461472.0000,3
2025-02-28,20250228104500000,sh.600864,6.4700,6.4800,6.4600,6.4600,149000,963752.0000,3
2025-02-28,20250228105000000,sh.600864,6.4600,6.4600,6.4400,6.4600,1166800,7528352.0000,3
2025-02-28,20250228105500000,sh.600864,6.4600,6.4700,6.4500,6.4500,283500,1831720.0000,3
2025-02-28,20250228110000000,sh.600864,6.4500,6.4600,6.4400,6.4400,493000,3180008.0000,3
2025-02-28,20250228110500000,sh.600864,6.4400,6.4500,6.4300,6.4300,594200,3825128.0000,3
2025-02-28,20250228111000000,sh.600864,6.4300,6.4400,6.4300,6.4300,538000,3461360.0000,3
2025-02-28,20250228111500000,sh.600864,6.4300,6.4400,6.4300,6.4400,243500,1566880.0000,3
2025-02-28,20250228112000000,sh.600864,6.4400,6.4400,6.4200,6.4200,404900,2603440.0000,3
2025-02-28,20250228112500000,sh.600864,6.4200,6.4400,6.4200,6.4300,496300,3189024.0000,3
2025-02-28,20250228113000000,sh.600864,6.4400,6.4400,6.4300,6.4400,308400,1984496.0000,3
2025-02-28,20250228130500000,sh.600864,6.4400,6.4400,6.4100,6.4200,997500,6402912.0000,3
2025-02-28,20250228131000000,sh.600864,6.4200,6.4300,6.4000,6.4100,609000,3904592.0000,3
2025-02-28,20250228131500000,sh.600864,6.4000,6.4100,6.3800,6.3900,2613700,16719744.0000,3
2025-02-28,20250228132000000,sh.600864,6.3900,6.4000,6.3600,6.3700,1302900,8316208.0000,3
2025-02-28,20250228132500000,sh.600864,6.3700,6.3800,6.3600,6.3800,688000,4382528.0000,3
2025-02-28,20250228133000000,sh.600864,6.3800,6.3900,6.3700,6.3900,452100,2882944.0000,3
2025-02-28,20250228133500000,sh.600864,6.3900,6.3900,6.3600,6.3600,693700,4421760.0000,3
2025-02-28,20250228134000000,sh.600864,6.3600,6.3900,6.3600,6.3900,540600,3443520.0000,3
2025-02-28,20250228134500000,sh.600864,6.3900,6.3900,6.3600,6.3600,648400,4131904.0000,3
2025-02-28,20250228135000000,sh.600864,6.3600,6.3700,6.3600,6.3700,814900,5183696.0000,3
2025-02-28,20250228135500000,sh.600864,6.3700,6.4300,6.3600,6.4100,1087400,6948592.0000,3
2025-02-28,20250228140000000,sh.600864,6.4100,6.4200,6.3800,6.3800,519300,3319856.0000,3
2025-02-28,20250228140500000,sh.600864,6.3800,6.3800,6.3500,6.3500,599500,3815616.0000,3
2025-02-28,20250228141000000,sh.600864,6.3600,6.3600,6.3500,6.3500,787400,5001968.0000,3
2025-02-28,20250228141500000,sh.600864,6.3500,6.3500,6.3300,6.3400,1312300,8323200.0000,3
2025-02-28,20250228142000000,sh.600864,6.3400,6.3400,6.3300,6.3300,436400,2764592.0000,3
2025-02-28,20250228142500000,sh.600864,6.3300,6.3500,6.3200,6.3500,1488100,9424144.0000,3
2025-02-28,20250228143000000,sh.600864,6.3500,6.3500,6.3400,6.3400,452600,2872288.0000,3
2025-02-28,20250228143500000,sh.600864,6.3400,6.3500,6.2900,6.3000,1748900,11041872.0000,3
2025-02-28,20250228144000000,sh.600864,6.3000,6.3200,6.3000,6.3000,1397800,8805504.0000,3
2025-02-28,20250228144500000,sh.600864,6.3100,6.3200,6.3000,6.3100,774200,4886080.0000,3
2025-02-28,20250228145000000,sh.600864,6.3100,6.3100,6.2900,6.3000,1324700,8346560.0000,3
2025-02-28,20250228145500000,sh.600864,6.2900,6.2900,6.2600,6.2900,2355100,14785408.0000,3
2025-02-28,20250228150000000,sh.600864,6.2900,6.2900,6.2700,6.2800,1665000,10454912.0000,3
2025-03-03,20250303093500000,sh.600864,6.2800,6.3100,6.2500,6.3000,2706300,16988214.0000,3
2025-03-03,20250303094000000,sh.600864,6.3000,6.3400,6.3000,6.3300,1620100,10237222.0000,3
2025-03-03,20250303094500000,sh.600864,6.3300,6.3300,6.3100,6.3300,857400,5419266.0000,3
2025-03-03,20250303095000000,sh.600864,6.3300,6.3500,6.3300,6.3500,1262500,8005206.0000,3
2025-03-03,20250303095500000,sh.600864,6.3500,6.3500,6.3300,6.3400,1061800,6732728.0000,3
2025-03-03,20250303100000000,sh.600864,6.3400,6.3600,6.3300,6.3600,1349500,8569240.0000,3
2025-03-03,20250303100500000,sh.600864,6.3600,6.3600,6.3300,6.3300,983500,6239400.0000,3
2025-03-03,20250303101000000,sh.600864,6.3300,6.3400,6.3100,6.3400,664900,4207816.0000,3
2025-03-03,20250303101500000,sh.600864,6.3400,6.3500,6.3300,6.3300,547200,3470996.0000,3
2025-03-03,20250303102000000,sh.600864,6.3400,6.3400,6.3300,6.3300,373300,2364408.0000,3
2025-03-03,20250303102500000,sh.600864,6.3400,6.3400,6.3300,6.3300,453200,2871512.0000,3
2025-03-03,20250303103000000,sh.600864,6.3400,6.3400,6.3300,6.3400,496400,3145496.0000,3
2025-03-03,20250303103500000,sh.600864,6.3400,6.3400,6.3200,6.3400,527500,3339472.0000,3
2025-03-03,20250303104000000,sh.600864,6.3300,6.3400,6.3200,6.3300,452900,2865808.0000,3
2025-03-03,20250303104500000,sh.600864,6.3300,6.3300,6.3200,6.3300,252400,1596656.0000,3
2025-03-03,20250303105000000,sh.600864,6.3200,6.3300,6.3200,6.3300,241700,1528728.0000,3
2025-03-03,20250303105500000,sh.600864,6.3300,6.3300,6.3200,6.3200,689900,4362528.0000,3
2025-03-03,20250303110000000,sh.600864,6.3200,6.3300,6.3000,6.3100,479500,3027200.0000,3
2025-03-03,20250303110500000,sh.600864,6.3100,6.3100,6.2900,6.3000,602100,3792736.0000,3
2025-03-03,20250303111000000,sh.600864,6.3000,6.3100,6.2900,6.3000,351700,2214984.0000,3
2025-03-03,20250303111500000,sh.600864,6.3000,6.3100,6.2900,6.2900,200300,1262392.0000,3
2025-03-03,20250303112000000,sh.600864,6.3000,6.3100,6.2900,6.3000,386500,2434912.0000,3
2025-03-03,20250303112500000,sh.600864,6.3000,6.3100,6.2900,6.3000,299700,1887056.0000,3
2025-03-03,20250303113000000,sh.600864,6.2900,6.3000,6.2800,6.3000,445200,2799680.0000,3
2025-03-03,20250303130500000,sh.600864,6.3000,6.3000,6.2700,6.2800,497600,3126360.0000,3
2025-03-03,20250303131000000,sh.600864,6.2800,6.2800,6.2700,6.2800,304900,1914424.0000,3
2025-03-03,20250303131500000,sh.600864,6.2800,6.2900,6.2800,6.2900,312500,1962832.0000,3
2025-03-03,20250303132000000,sh.600864,6.2900,6.3000,6.2800,6.3000,256500,1613640.0000,3
2025-03-03,20250303132500000,sh.600864,6.3000,6.3000,6.2700,6.2800,375400,2359032.0000,3
2025-03-03,20250303133000000,sh.600864,6.2800,6.2800,6.2700,6.2800,162800,1022088.0000,3
2025-03-03,20250303133500000,sh.600864,6.2800,6.2800,6.2700,6.2800,527700,3311272.0000,3
2025-03-03,20250303134000000,sh.600864,6.2800,6.2800,6.2500,6.2500,828700,5187336.0000,3
2025-03-03,20250303134500000,sh.600864,6.2500,6.2700,6.2500,6.2500,586900,3670504.0000,3
2025-03-03,20250303135000000,sh.600864,6.2600,6.2700,6.2400,6.2500,676900,4233768.0000,3
2025-03-03,20250303135500000,sh.600864,6.2500,6.2600,6.2400,6.2400,399400,2494480.0000,3
2025-03-03,20250303140000000,sh.600864,6.2500,6.2600,6.2400,6.2500,472100,2950368.0000,3
2025-03-03,20250303140500000,sh.600864,6.2500,6.2600,6.2400,6.2500,426500,2666320.0000,3
2025-03-03,20250303141000000,sh.600864,6.2400,6.2500,6.2200,6.2300,987800,6158464.0000,3
2025-03-03,20250303141500000,sh.600864,6.2300,6.2300,6.2100,6.2200,721700,4490176.0000,3
2025-03-03,20250303142000000,sh.600864,6.2200,6.2300,6.2200,6.2300,773700,4813648.0000,3
2025-03-03,20250303142500000,sh.600864,6.2300,6.2300,6.2200,6.2300,210100,1308064.0000,3
2025-03-03,20250303143000000,sh.600864,6.2300,6.2300,6.2100,6.2300,695000,4323792.0000,3
2025-03-03,20250303143500000,sh.600864,6.2300,6.2300,6.2000,6.2100,757400,4708160.0000,3
2025-03-03,20250303144000000,sh.600864,6.2100,6.2200,6.1900,6.2000,1249600,7751744.0000,3
2025-03-03,20250303144500000,sh.600864,6.2000,6.2100,6.1800,6.2100,1686700,10442352.0000,3
2025-03-03,20250303145000000,sh.600864,6.2100,6.2300,6.2000,6.2300,1087700,6763888.0000,3
2025-03-03,20250303145500000,sh.600864,6.2300,6.2300,6.2100,6.2200,722400,4493888.0000,3
2025-03-03,20250303150000000,sh.600864,6.2300,6.2300,6.2100,6.2100,940000,5841536.0000,3
2025-03-04,20250304093500000,sh.600864,6.1900,6.2400,6.1800,6.2200,1564600,9714162.0000,3
2025-03-04,20250304094000000,sh.600864,6.2300,6.2300,6.2000,6.2300,940900,5850591.0000,3
2025-03-04,20250304094500000,sh.600864,6.2300,6.2300,6.2000,6.2200,474800,2949663.0000,3
2025-03-04,20250304095000000,sh.600864,6.2200,6.2500,6.2200,6.2300,924400,5761836.0000,3
2025-03-04,20250304095500000,sh.600864,6.2300,6.2400,6.2200,6.2300,478200,2978056.0000,3
2025-03-04,20250304100000000,sh.600864,6.2300,6.2400,6.2200,6.2200,538700,3353944.0000,3
2025-03-04,20250304100500000,sh.600864,6.2200,6.2300,6.2200,6.2200,484500,3014692.0000,3
2025-03-04,20250304101000000,sh.600864,6.2300,6.2400,6.2200,6.2300,476100,2966532.0000,3
2025-03-04,20250304101500000,sh.600864,6.2300,6.2400,6.2200,6.2300,276700,1723716.0000,3
2025-03-04,20250304102000000,sh.600864,6.2300,6.2300,6.2100,6.2300,435000,2705672.0000,3
2025-03-04,20250304102500000,sh.600864,6.2200,6.2300,6.2100,6.2300,190200,1182976.0000,3
2025-03-04,20250304103000000,sh.600864,6.2300,6.2300,6.2200,6.2300,182200,1134008.0000,3
2025-03-04,20250304103500000,sh.600864,6.2300,6.2400,6.2300,6.2300,354500,2209392.0000,3
2025-03-04,20250304104000000,sh.600864,6.2400,6.2400,6.2300,6.2400,236500,1474968.0000,3
2025-03-04,20250304104500000,sh.600864,6.2300,6.2600,6.2300,6.2500,718300,4486200.0000,3
2025-03-04,20250304105000000,sh.600864,6.2500,6.2500,6.2300,6.2300,371300,2316496.0000,3
2025-03-04,20250304105500000,sh.600864,6.2300,6.2400,6.2300,6.2300,127800,796636.0000,3
2025-03-04,20250304110000000,sh.600864,6.2300,6.2400,6.2100,6.2100,426500,2655188.0000,3
2025-03-04,20250304110500000,sh.600864,6.2100,6.2300,6.2100,6.2200,173500,1079340.0000,3
2025-03-04,20250304111000000,sh.600864,6.2200,6.2400,6.2200,6.2400,349800,2179548.0000,3
2025-03-04,20250304111500000,sh.600864,6.2400,6.2500,6.2300,6.2300,735600,4592484.0000,3
2025-03-04,20250304112000000,sh.600864,6.2400,6.2400,6.2300,6.2400,178400,1111904.0000,3
2025-03-04,20250304112500000,sh.600864,6.2300,6.2400,6.2200,6.2300,223400,1392208.0000,3
2025-03-04,20250304113000000,sh.600864,6.2300,6.2400,6.2200,6.2400,215400,1343200.0000,3
2025-03-04,20250304130500000,sh.600864,6.2400,6.2600,6.2300,6.2600,740600,4621520.0000,3
2025-03-04,20250304131000000,sh.600864,6.2600,6.2600,6.2400,6.2600,527300,3298416.0000,3
2025-03-04,20250304131500000,sh.600864,6.2700,6.2900,6.2600,6.2700,2004700,12591584.0000,3
2025-03-04,20250304132000000,sh.600864,6.2700,6.2900,6.2600,6.2600,437900,2747192.0000,3
2025-03-04,20250304132500000,sh.600864,6.2600,6.2700,6.2500,6.2600,163700,1024392.0000,3
2025-03-04,20250304133000000,sh.600864,6.2600,6.2600,6.2400,6.2400,371000,2318840.0000,3
2025-03-04,20250304133500000,sh.600864,6.2400,6.2600,6.2400,6.2600,180100,1125784.0000,3
2025-03-04,20250304134000000,sh.600864,6.2500,6.2700,6.2500,6.2700,278600,1744448.0000,3
2025-03-04,20250304134500000,sh.600864,6.2700,6.2700,6.2500,6.2600,249400,1562248.0000,3
2025-03-04,20250304135000000,sh.600864,6.2600,6.2700,6.2500,6.2700,449300,2812496.0000,3
2025-03-04,20250304135500000,sh.600864,6.2700,6.2700,6.2500,6.2500,196400,1229448.0000,3
2025-03-04,20250304140000000,sh.600864,6.2600,6.2600,6.2500,6.2500,47900,299592.0000,3
2025-03-04,20250304140500000,sh.600864,6.2600,6.2700,6.2500,6.2700,333000,2084408.0000,3
2025-03-04,20250304141000000,sh.600864,6.2600,6.2700,6.2600,6.2600,171400,1073584.0000,3
2025-03-04,20250304141500000,sh.600864,6.2500,6.2600,6.2500,6.2500,55300,345984.0000,3
2025-03-04,20250304142000000,sh.600864,6.2500,6.2600,6.2500,6.2500,85800,536296.0000,3
2025-03-04,20250304142500000,sh.600864,6.2500,6.2600,6.2400,6.2500,373800,2336296.0000,3
2025-03-04,20250304143000000,sh.600864,6.2600,6.2600,6.2500,6.2600,385000,2408368.0000,3
2025-03-04,20250304143500000,sh.600864,6.2600,6.2700,6.2500,6.2600,472500,2958728.0000,3
2025-03-04,20250304144000000,sh.600864,6.2600,6.2800,6.2600,6.2600,641300,4020096.0000,3
2025-03-04,20250304144500000,sh.600864,6.2700,6.2800,6.2600,6.2800,633100,3967904.0000,3
2025-03-04,20250304145000000,sh.600864,6.2800,6.2800,6.2600,6.2700,807300,5062072.0000,3
2025-03-04,20250304145500000,sh.600864,6.2700,6.2800,6.2700,6.2700,794700,4984536.0000,3
2025-03-04,20250304150000000,sh.600864,6.2700,6.2800,6.2600,6.2700,866300,5431584.0000,3
2025-03-05,20250305093500000,sh.600864,6.2700,6.2800,6.2300,6.2500,1069800,6678386.0000,3
2025-03-05,20250305094000000,sh.600864,6.2500,6.2700,6.2400,6.2600,423400,2650191.0000,3
2025-03-05,20250305094500000,sh.600864,6.2600,6.2700,6.2300,6.2400,565300,3534176.0000,3
2025-03-05,20250305095000000,sh.600864,6.2400,6.2500,6.2300,6.2300,405900,2532187.0000,3
2025-03-05,20250305095500000,sh.600864,6.2400,6.2400,6.2100,6.2200,1379200,8587982.0000,3
2025-03-05,20250305100000000,sh.600864,6.2100,6.2200,6.2000,6.2000,590600,3666250.0000,3
2025-03-05,20250305100500000,sh.600864,6.2000,6.2100,6.1800,6.1900,872300,5403258.0000,3
2025-03-05,20250305101000000,sh.600864,6.1900,6.2000,6.1800,6.2000,590800,3658012.0000,3
2025-03-05,20250305101500000,sh.600864,6.1900,6.2000,6.1800,6.1900,580100,3591296.0000,3
2025-03-05,20250305102000000,sh.600864,6.1900,6.2100,6.1900,6.2100,256000,1587604.0000,3
2025-03-05,20250305102500000,sh.600864,6.2100,6.2300,6.2000,6.2200,301400,1873232.0000,3
2025-03-05,20250305103000000,sh.600864,6.2100,6.2200,6.2000,6.2100,330700,2054240.0000,3
2025-03-05,20250305103500000,sh.600864,6.2100,6.2200,6.2000,6.2200,307500,1909808.0000,3
2025-03-05,20250305104000000,sh.600864,6.2100,6.2200,6.2000,6.2100,457400,2841880.0000,3
2025-03-05,20250305104500000,sh.600864,6.2100,6.2200,6.2000,6.2100,241500,1500752.0000,3
2025-03-05,20250305105000000,sh.600864,6.2100,6.2200,6.2000,6.2100,152000,944176.0000,3
2025-03-05,20250305105500000,sh.600864,6.2200,6.2300,6.2100,6.2200,297100,1847632.0000,3
2025-03-05,20250305110000000,sh.600864,6.2300,6.2300,6.2000,6.2100,2011100,12496152.0000,3
2025-03-05,20250305110500000,sh.600864,6.2000,6.2100,6.2000,6.2000,330900,2052688.0000,3
2025-03-05,20250305111000000,sh.600864,6.2000,6.2100,6.1900,6.2100,320000,1984696.0000,3
2025-03-05,20250305111500000,sh.600864,6.2000,6.2600,6.2000,6.2500,1447100,9018696.0000,3
2025-03-05,20250305112000000,sh.600864,6.2500,6.2600,6.2300,6.2400,425100,2656048.0000,3
2025-03-05,20250305112500000,sh.600864,6.2300,6.2600,6.2300,6.2500,588500,3674936.0000,3
2025-03-05,20250305113000000,sh.600864,6.2500,6.2600,6.2400,6.2400,1267600,7916264.0000,3
2025-03-05,20250305130500000,sh.600864,6.2600,6.2600,6.2300,6.2300,647900,4045560.0000,3
2025-03-05,20250305131000000,sh.600864,6.2300,6.2600,6.2300,6.2600,248400,1550960.0000,3
2025-03-05,20250305131500000,sh.600864,6.2600,6.2600,6.2400,6.2400,276700,1728784.0000,3
2025-03-05,20250305132000000,sh.600864,6.2400,6.2400,6.2200,6.2300,450800,2808560.0000,3
2025-03-05,20250305132500000,sh.600864,6.2300,6.2400,6.2300,6.2300,95900,597720.0000,3
2025-03-05,20250305133000000,sh.600864,6.2300,6.2400,6.2200,6.2200,216100,1346312.0000,3
2025-03-05,20250305133500000,sh.600864,6.2200,6.2200,6.1900,6.2200,1144700,7106320.0000,3
2025-03-05,20250305134000000,sh.600864,6.2100,6.2300,6.2100,6.2300,205900,1280792.0000,3
2025-03-05,20250305134500000,sh.600864,6.2300,6.2300,6.2200,6.2200,188000,1171176.0000,3
2025-03-05,20250305135000000,sh.600864,6.2300,6.2500,6.2300,6.2500,254900,1589816.0000,3
2025-03-05,20250305135500000,sh.600864,6.2500,6.2500,6.2400,6.2500,239800,1497024.0000,3
2025-03-05,20250305140000000,sh.600864,6.2500,6.2600,6.2300,6.2500,829800,5171104.0000,3
2025-03-05,20250305140500000,sh.600864,6.2600,6.2700,6.2500,6.2600,1423800,8905192.0000,3
2025-03-05,20250305141000000,sh.600864,6.2600,6.2700,6.2500,6.2600,311300,1948808.0000,3
2025-03-05,20250305141500000,sh.600864,6.2600,6.2700,6.2500,6.2600,432600,2710624.0000,3
2025-03-05,20250305142000000,sh.600864,6.2700,6.2700,6.2500,6.2600,247700,1550912.0000,3
2025-03-05,20250305142500000,sh.600864,6.2700,6.2700,6.2400,6.2500,258000,1612672.0000,3
2025-03-05,20250305143000000,sh.600864,6.2500,6.2500,6.2400,6.2500,162000,1011456.0000,3
2025-03-05,20250305143500000,sh.600864,6.2500,6.2600,6.2500,6.2600,185100,1157280.0000,3
2025-03-05,20250305144000000,sh.600864,6.2500,6.2600,6.2500,6.2500,238000,1488368.0000,3
2025-03-05,20250305144500000,sh.600864,6.2500,6.2600,6.2500,6.2600,212200,1327152.0000,3
2025-03-05,20250305145000000,sh.600864,6.2600,6.2700,6.2500,6.2600,804100,5031072.0000,3
2025-03-05,20250305145500000,sh.600864,6.2600,6.2700,6.2400,6.2600,1155700,7225744.0000,3
2025-03-05,20250305150000000,sh.600864,6.2600,6.2600,6.2500,6.2600,593000,3709728.0000,3
2025-03-06,20250306093500000,sh.600864,6.2800,6.3100,6.2800,6.2900,3384300,21302656.0000,3
2025-03-06,20250306094000000,sh.600864,6.2800,6.2900,6.2700,6.2800,914900,5748248.0000,3
2025-03-06,20250306094500000,sh.600864,6.2700,6.2900,6.2700,6.2900,551300,3462696.0000,3
2025-03-06,20250306095000000,sh.600864,6.2800,6.3200,6.2800,6.3100,1268800,8001696.0000,3
2025-03-06,20250306095500000,sh.600864,6.3100,6.3300,6.3000,6.3300,1891500,11943996.0000,3
2025-03-06,20250306100000000,sh.600864,6.3300,6.3600,6.3100,6.3500,1542700,9774276.0000,3
2025-03-06,20250306100500000,sh.600864,6.3500,6.3800,6.3500,6.3700,3697000,23553188.0000,3
2025-03-06,20250306101000000,sh.600864,6.3700,6.3800,6.3600,6.3800,1883400,12002552.0000,3
2025-03-06,20250306101500000,sh.600864,6.3800,6.3900,6.3500,6.3600,742400,4725320.0000,3
2025-03-06,20250306102000000,sh.600864,6.3600,6.3700,6.3400,6.3400,689300,4379112.0000,3
2025-03-06,20250306102500000,sh.600864,6.3400,6.3600,6.3300,6.3400,644600,4088656.0000,3
2025-03-06,20250306103000000,sh.600864,6.3400,6.3500,6.3300,6.3300,437900,2777544.0000,3
2025-03-06,20250306103500000,sh.600864,6.3400,6.3400,6.3300,6.3400,279900,1772872.0000,3
2025-03-06,20250306104000000,sh.600864,6.3400,6.3400,6.3200,6.3400,503500,3188424.0000,3
2025-03-06,20250306104500000,sh.600864,6.3400,6.3400,6.3300,6.3400,283600,1797688.0000,3
2025-03-06,20250306105000000,sh.600864,6.3400,6.3400,6.3300,6.3400,278700,1766328.0000,3
2025-03-06,20250306105500000,sh.600864,6.3400,6.3500,6.3300,6.3500,313000,1987352.0000,3
2025-03-06,20250306110000000,sh.600864,6.3500,6.3600,6.3400,6.3600,131700,836664.0000,3
2025-03-06,20250306110500000,sh.600864,6.3600,6.3700,6.3500,6.3500,488200,3104000.0000,3
2025-03-06,20250306111000000,sh.600864,6.3600,6.3700,6.3500,6.3700,462000,2939120.0000,3
2025-03-06,20250306111500000,sh.600864,6.3700,6.3700,6.3600,6.3600,161900,1030872.0000,3
2025-03-06,20250306112000000,sh.600864,6.3700,6.3800,6.3600,6.3700,529300,3373344.0000,3
2025-03-06,20250306112500000,sh.600864,6.3800,6.3900,6.3700,6.3900,858200,5473248.0000,3
2025-03-06,20250306113000000,sh.600864,6.3800,6.4200,6.3800,6.4000,2690900,17228704.0000,3
2025-03-06,20250306130500000,sh.600864,6.4000,6.4200,6.3700,6.3900,1716700,10974928.0000,3
2025-03-06,20250306131000000,sh.600864,6.3900,6.4000,6.3800,6.4000,604200,3862464.0000,3
2025-03-06,20250306131500000,sh.600864,6.4000,6.4100,6.4000,6.4000,483900,3098000.0000,3
2025-03-06,20250306132000000,sh.600864,6.4000,6.4100,6.3900,6.4000,407800,2609648.0000,3
2025-03-06,20250306132500000,sh.600864,6.4100,6.4100,6.3800,6.3800,641400,4099232.0000,3
2025-03-06,20250306133000000,sh.600864,6.3800,6.3900,6.3800,6.3800,458200,2923568.0000,3
2025-03-06,20250306133500000,sh.600864,6.3900,6.3900,6.3800,6.3800,137000,874544.0000,3
2025-03-06,20250306134000000,sh.600864,6.3800,6.3900,6.3800,6.3800,171900,1096992.0000,3
2025-03-06,20250306134500000,sh.600864,6.3700,6.3900,6.3700,6.3900,658600,4201120.0000,3
2025-03-06,20250306135000000,sh.600864,6.3900,6.3900,6.3700,6.3700,424200,2703280.0000,3
2025-03-06,20250306135500000,sh.600864,6.3700,6.3800,6.3700,6.3800,240200,1531568.0000,3
2025-03-06,20250306140000000,sh.600864,6.3700,6.3800,6.3700,6.3700,124300,792608.0000,3
2025-03-06,20250306140500000,sh.600864,6.3800,6.3900,6.3700,6.3900,244000,1557008.0000,3
2025-03-06,20250306141000000,sh.600864,6.3900,6.4000,6.3800,6.3900,670800,4284736.0000,3
2025-03-06,20250306141500000,sh.600864,6.3900,6.4000,6.3800,6.3900,133700,854640.0000,3
2025-03-06,20250306142000000,sh.600864,6.4000,6.4100,6.3900,6.3900,1020400,6530496.0000,3
2025-03-06,20250306142500000,sh.600864,6.4000,6.4000,6.3900,6.3900,250300,1600032.0000,3
2025-03-06,20250306143000000,sh.600864,6.3900,6.4000,6.3900,6.4000,306600,1961680.0000,3
2025-03-06,20250306143500000,sh.600864,6.4000,6.4100,6.3900,6.4000,707500,4529792.0000,3
2025-03-06,20250306144000000,sh.600864,6.4000,6.4100,6.3900,6.3900,530400,3392320.0000,3
2025-03-06,20250306144500000,sh.600864,6.3900,6.4000,6.3700,6.3800,797800,5090016.0000,3
2025-03-06,20250306145000000,sh.600864,6.3800,6.3900,6.3700,6.3900,992200,6328832.0000,3
2025-03-06,20250306145500000,sh.600864,6.3800,6.3900,6.3700,6.3700,790400,5040976.0000,3
2025-03-06,20250306150000000,sh.600864,6.3700,6.3800,6.3700,6.3800,408500,2605904.0000,3
2025-03-07,20250307093500000,sh.600864,6.3600,6.3600,6.2800,6.2900,2983100,18850016.0000,3
2025-03-07,20250307094000000,sh.600864,6.2900,6.3100,6.2700,6.2800,2288100,14387260.0000,3
2025-03-07,20250307094500000,sh.600864,6.2800,6.3000,6.2800,6.2900,1014700,6377440.0000,3
2025-03-07,20250307095000000,sh.600864,6.2900,6.3000,6.2700,6.2700,1485000,9331644.0000,3
2025-03-07,20250307095500000,sh.600864,6.2800,6.2800,6.2600,6.2700,961400,6028236.0000,3
2025-03-07,20250307100000000,sh.600864,6.2700,6.2800,6.2500,6.2500,1162800,7282052.0000,3
2025-03-07,20250307100500000,sh.600864,6.2500,6.2700,6.2500,6.2700,1106900,6923824.0000,3
2025-03-07,20250307101000000,sh.600864,6.2600,6.2800,6.2600,6.2700,356300,2233520.0000,3
2025-03-07,20250307101500000,sh.600864,6.2800,6.2800,6.2600,6.2700,530900,3327864.0000,3
2025-03-07,20250307102000000,sh.600864,6.2700,6.3000,6.2700,6.3000,553100,3475656.0000,3
2025-03-07,20250307102500000,sh.600864,6.3000,6.3100,6.2900,6.3000,371300,2339320.0000,3
2025-03-07,20250307103000000,sh.600864,6.3000,6.3100,6.2900,6.3000,540000,3401304.0000,3
2025-03-07,20250307103500000,sh.600864,6.3000,6.3100,6.2900,6.3000,371400,2341528.0000,3
2025-03-07,20250307104000000,sh.600864,6.3000,6.3100,6.3000,6.3000,202900,1278360.0000,3
2025-03-07,20250307104500000,sh.600864,6.3100,6.3200,6.3000,6.3100,789600,4981088.0000,3
2025-03-07,20250307105000000,sh.600864,6.3200,6.3200,6.3100,6.3200,400600,2530440.0000,3
2025-03-07,20250307105500000,sh.600864,6.3100,6.3100,6.2900,6.2900,390600,2462688.0000,3
2025-03-07,20250307110000000,sh.600864,6.2900,6.3000,6.2800,6.2800,188800,1187512.0000,3
2025-03-07,20250307110500000,sh.600864,6.2800,6.3000,6.2800,6.2900,234100,1471640.0000,3
2025-03-07,20250307111000000,sh.600864,6.2900,6.3000,6.2900,6.3000,214000,1347168.0000,3
2025-03-07,20250307111500000,sh.600864,6.3000,6.3000,6.2700,6.2800,598900,3763040.0000,3
2025-03-07,20250307112000000,sh.600864,6.2800,6.2900,6.2700,6.2800,213200,1338880.0000,3
2025-03-07,20250307112500000,sh.600864,6.2800,6.2800,6.2700,6.2800,560200,3514360.0000,3
2025-03-07,20250307113000000,sh.600864,6.2800,6.2900,6.2700,6.2900,255200,1602744.0000,3
2025-03-07,20250307130500000,sh.600864,6.2800,6.2900,6.2700,6.2800,232000,1457288.0000,3
2025-03-07,20250307131000000,sh.600864,6.2800,6.3000,6.2800,6.3000,289400,1820240.0000,3
2025-03-07,20250307131500000,sh.600864,6.2900,6.3000,6.2800,6.2800,464100,2915976.0000,3
2025-03-07,20250307132000000,sh.600864,6.2800,6.3000,6.2800,6.2900,710800,4470240.0000,3
2025-03-07,20250307132500000,sh.600864,6.3000,6.3100,6.2900,6.2900,407100,2564080.0000,3
2025-03-07,20250307133000000,sh.600864,6.3000,6.3000,6.2800,6.2900,267000,1679144.0000,3
2025-03-07,20250307133500000,sh.600864,6.2900,6.2900,6.2800,6.2900,109700,689632.0000,3
2025-03-07,20250307134000000,sh.600864,6.2800,6.2900,6.2700,6.2800,378200,2375408.0000,3
2025-03-07,20250307134500000,sh.600864,6.2800,6.2800,6.2600,6.2600,864400,5414088.0000,3
2025-03-07,20250307135000000,sh.600864,6.2600,6.2700,6.2500,6.2600,760200,4757568.0000,3
2025-03-07,20250307135500000,sh.600864,6.2600,6.2600,6.2500,6.2600,368900,2308416.0000,3
2025-03-07,20250307140000000,sh.600864,6.2600,6.2700,6.2600,6.2600,108300,678400.0000,3
2025-03-07,20250307140500000,sh.600864,6.2600,6.2700,6.2500,6.2600,923000,5775888.0000,3
2025-03-07,20250307141000000,sh.600864,6.2600,6.2600,6.2400,6.2400,986600,6165024.0000,3
2025-03-07,20250307141500000,sh.600864,6.2400,6.2600,6.2400,6.2500,726000,4537520.0000,3
2025-03-07,20250307142000000,sh.600864,6.2600,6.2600,6.2400,6.2500,343500,2146080.0000,3
2025-03-07,20250307142500000,sh.600864,6.2500,6.2500,6.2400,6.2500,129200,806928.0000,3
2025-03-07,20250307143000000,sh.600864,6.2400,6.2500,6.2300,6.2300,850400,5302640.0000,3
2025-03-07,20250307143500000,sh.600864,6.2300,6.2400,6.2100,6.2200,1082000,6735296.0000,3
2025-03-07,20250307144000000,sh.600864,6.2200,6.2300,6.2100,6.2200,676900,4210864.0000,3
2025-03-07,20250307144500000,sh.600864,6.2200,6.2300,6.2200,6.2200,795900,4954080.0000,3
2025-03-07,20250307145000000,sh.600864,6.2300,6.2400,6.2200,6.2400,759200,4734176.0000,3
2025-03-07,20250307145500000,sh.600864,6.2400,6.2600,6.2300,6.2500,926700,5789360.0000,3
2025-03-07,20250307150000000,sh.600864,6.2500,6.2600,6.2400,6.2600,624500,3902096.0000,3
2025-03-10,20250310093500000,sh.600864,6.2500,6.2600,6.2200,6.2300,1312000,8181866.0000,3
2025-03-10,20250310094000000,sh.600864,6.2400,6.2400,6.2100,6.2200,878300,5463608.0000,3
2025-03-10,20250310094500000,sh.600864,6.2200,6.2300,6.2000,6.2100,818900,5088610.0000,3
2025-03-10,20250310095000000,sh.600864,6.2100,6.2200,6.1900,6.1900,1118600,6939246.0000,3
2025-03-10,20250310095500000,sh.600864,6.1900,6.2100,6.1900,6.2000,756000,4686150.0000,3
2025-03-10,20250310100000000,sh.600864,6.2100,6.2100,6.2000,6.2100,441700,2740642.0000,3
2025-03-10,20250310100500000,sh.600864,6.2100,6.2400,6.2100,6.2200,773900,4814182.0000,3
2025-03-10,20250310101000000,sh.600864,6.2300,6.2300,6.2000,6.2100,486700,3024936.0000,3
2025-03-10,20250310101500000,sh.600864,6.2000,6.2100,6.2000,6.2100,184500,1144888.0000,3
2025-03-10,20250310102000000,sh.600864,6.2100,6.2100,6.2000,6.2100,183300,1137768.0000,3
2025-03-10,20250310102500000,sh.600864,6.2100,6.2300,6.2000,6.2100,587200,3648548.0000,3
2025-03-10,20250310103000000,sh.600864,6.2100,6.2300,6.2100,6.2200,337800,2099244.0000,3
2025-03-10,20250310103500000,sh.600864,6.2200,6.2300,6.2100,6.2100,389900,2424424.0000,3
2025-03-10,20250310104000000,sh.600864,6.2100,6.2200,6.2100,6.2100,282800,1756432.0000,3
2025-03-10,20250310104500000,sh.600864,6.2100,6.2100,6.2000,6.2000,279600,1734124.0000,3
2025-03-10,20250310105000000,sh.600864,6.2000,6.2100,6.1900,6.1900,785500,4870020.0000,3
2025-03-10,20250310105500000,sh.600864,6.1900,6.2100,6.1800,6.2100,1226700,7601192.0000,3
2025-03-10,20250310110000000,sh.600864,6.2100,6.2100,6.1900,6.1900,249100,1544792.0000,3
2025-03-10,20250310110500000,sh.600864,6.2000,6.2000,6.1900,6.1900,171200,1060176.0000,3
2025-03-10,20250310111000000,sh.600864,6.2000,6.2000,6.1900,6.2000,142000,879544.0000,3
2025-03-10,20250310111500000,sh.600864,6.1900,6.2000,6.1900,6.1900,292300,1809408.0000,3
2025-03-10,20250310112000000,sh.600864,6.1900,6.2000,6.1800,6.1900,397000,2456048.0000,3
2025-03-10,20250310112500000,sh.600864,6.2000,6.2000,6.1800,6.1900,378300,2340392.0000,3
2025-03-10,20250310113000000,sh.600864,6.1800,6.2000,6.1800,6.1900,385400,2384136.0000,3
2025-03-10,20250310130500000,sh.600864,6.1900,6.2000,6.1900,6.1900,459200,2843296.0000,3
2025-03-10,20250310131000000,sh.600864,6.1900,6.1900,6.1800,6.1900,187300,1158168.0000,3
2025-03-10,20250310131500000,sh.600864,6.1900,6.2000,6.1800,6.1900,629700,3896272.0000,3
2025-03-10,20250310132000000,sh.600864,6.2000,6.2000,6.1800,6.1900,537600,3323520.0000,3
2025-03-10,20250310132500000,sh.600864,6.1900,6.2000,6.1800,6.2000,237500,1470200.0000,3
2025-03-10,20250310133000000,sh.600864,6.2000,6.2000,6.1900,6.2000,114400,708240.0000,3
2025-03-10,20250310133500000,sh.600864,6.2000,6.2000,6.1900,6.1900,237500,1470392.0000,3
2025-03-10,20250310134000000,sh.600864,6.1900,6.2000,6.1800,6.1900,775800,4797544.0000,3
2025-03-10,20250310134500000,sh.600864,6.1900,6.2100,6.1900,6.2000,339200,2102888.0000,3
2025-03-10,20250310135000000,sh.600864,6.2000,6.2100,6.1900,6.1900,169500,1050328.0000,3
2025-03-10,20250310135500000,sh.600864,6.1900,6.1900,6.1800,6.1900,838900,5187960.0000,3
2025-03-10,20250310140000000,sh.600864,6.1800,6.2000,6.1800,6.1900,362000,2239600.0000,3
2025-03-10,20250310140500000,sh.600864,6.1900,6.1900,6.1800,6.1800,131500,813832.0000,3
2025-03-10,20250310141000000,sh.600864,6.1900,6.2000,6.1900,6.2000,144500,895136.0000,3
2025-03-10,20250310141500000,sh.600864,6.1900,6.2100,6.1900,6.2100,216300,1341320.0000,3
2025-03-10,20250310142000000,sh.600864,6.2000,6.2200,6.2000,6.2100,498300,3092744.0000,3
2025-03-10,20250310142500000,sh.600864,6.2100,6.2200,6.2000,6.2100,423300,2630048.0000,3
2025-03-10,20250310143000000,sh.600864,6.2000,6.2100,6.1900,6.2100,321500,1993544.0000,3
2025-03-10,20250310143500000,sh.600864,6.2100,6.2200,6.2000,6.2100,805100,4998912.0000,3
2025-03-10,20250310144000000,sh.600864,6.2200,6.2200,6.2100,6.2200,187000,1162272.0000,3
2025-03-10,20250310144500000,sh.600864,6.2200,6.2200,6.2100,6.2200,409600,2544064.0000,3
2025-03-10,20250310145000000,sh.600864,6.2100,6.2200,6.2100,6.2100,372100,2311608.0000,3
2025-03-10,20250310145500000,sh.600864,6.2100,6.2200,6.2000,6.2200,603900,3749408.0000,3
2025-03-10,20250310150000000,sh.600864,6.2200,6.2200,6.2100,6.2200,473800,2946464.0000,3
2025-03-11,20250311093500000,sh.600864,6.1500,6.1900,6.1400,6.1600,2280300,14045279.0000,3
2025-03-11,20250311094000000,sh.600864,6.1600,6.1800,6.1600,6.1700,638000,3935379.0000,3
2025-03-11,20250311094500000,sh.600864,6.1700,6.1900,6.1700,6.1700,511400,3158576.0000,3
2025-03-11,20250311095000000,sh.600864,6.1700,6.1900,6.1700,6.1800,671300,4148436.0000,3
2025-03-11,20250311095500000,sh.600864,6.1800,6.2000,6.1800,6.2000,443800,2747648.0000,3
2025-03-11,20250311100000000,sh.600864,6.2000,6.2000,6.1800,6.1900,415100,2569374.0000,3
2025-03-11,20250311100500000,sh.600864,6.1900,6.2000,6.1800,6.1800,456100,2823316.0000,3
2025-03-11,20250311101000000,sh.600864,6.1800,6.1900,6.1800,6.1800,75500,466908.0000,3
2025-03-11,20250311101500000,sh.600864,6.1900,6.2100,6.1800,6.1900,593600,3678692.0000,3
2025-03-11,20250311102000000,sh.600864,6.1900,6.2000,6.1900,6.1900,380800,2358852.0000,3
2025-03-11,20250311102500000,sh.600864,6.2000,6.2000,6.1900,6.1900,308500,1911980.0000,3
2025-03-11,20250311103000000,sh.600864,6.1900,6.2000,6.1900,6.1900,262700,1627472.0000,3
2025-03-11,20250311103500000,sh.600864,6.1900,6.2000,6.1800,6.1900,873800,5408940.0000,3
2025-03-11,20250311104000000,sh.600864,6.1900,6.2000,6.1800,6.1900,472400,2922968.0000,3
2025-03-11,20250311104500000,sh.600864,6.1900,6.2000,6.1800,6.1800,195700,1211368.0000,3
2025-03-11,20250311105000000,sh.600864,6.1800,6.2000,6.1800,6.1900,190300,1177920.0000,3
2025-03-11,20250311105500000,sh.600864,6.1900,6.2000,6.1800,6.1900,134800,834480.0000,3
2025-03-11,20250311110000000,sh.600864,6.2000,6.2000,6.1800,6.1900,178100,1102656.0000,3
2025-03-11,20250311110500000,sh.600864,6.2000,6.2000,6.1900,6.1900,153200,949096.0000,3
2025-03-11,20250311111000000,sh.600864,6.1900,6.1900,6.1800,6.1800,306400,1894860.0000,3
2025-03-11,20250311111500000,sh.600864,6.1900,6.1900,6.1800,6.1800,232100,1435276.0000,3
2025-03-11,20250311112000000,sh.600864,6.1800,6.1900,6.1800,6.1900,185800,1148928.0000,3
2025-03-11,20250311112500000,sh.600864,6.1800,6.1900,6.1800,6.1900,163900,1013760.0000,3
2025-03-11,20250311113000000,sh.600864,6.1900,6.1900,6.1800,6.1900,263700,1629680.0000,3
2025-03-11,20250311130500000,sh.600864,6.1800,6.1900,6.1700,6.1700,180900,1118176.0000,3
2025-03-11,20250311131000000,sh.600864,6.1800,6.1800,6.1700,6.1800,64700,399280.0000,3
2025-03-11,20250311131500000,sh.600864,6.1800,6.2000,6.1700,6.2000,296600,1834688.0000,3
2025-03-11,20250311132000000,sh.600864,6.2000,6.2100,6.1900,6.2100,277300,1719920.0000,3
2025-03-11,20250311132500000,sh.600864,6.2100,6.2400,6.2000,6.2100,831200,5174560.0000,3
2025-03-11,20250311133000000,sh.600864,6.2200,6.2300,6.2100,6.2200,588900,3662864.0000,3
2025-03-11,20250311133500000,sh.600864,6.2200,6.2200,6.2000,6.2100,318400,1977824.0000,3
2025-03-11,20250311134000000,sh.600864,6.2100,6.2200,6.2000,6.2100,216900,1346536.0000,3
2025-03-11,20250311134500000,sh.600864,6.2100,6.2100,6.1900,6.1900,329700,2043864.0000,3
2025-03-11,20250311135000000,sh.600864,6.2000,6.2000,6.1900,6.1900,44400,275168.0000,3
2025-03-11,20250311135500000,sh.600864,6.1900,6.2000,6.1900,6.1900,177000,1096968.0000,3
2025-03-11,20250311140000000,sh.600864,6.1900,6.2100,6.1900,6.2100,164900,1022328.0000,3
2025-03-11,20250311140500000,sh.600864,6.2100,6.2200,6.2100,6.2200,184800,1148840.0000,3
2025-03-11,20250311141000000,sh.600864,6.2200,6.2300,6.2100,6.2200,154500,961568.0000,3
2025-03-11,20250311141500000,sh.600864,6.2300,6.2400,6.2200,6.2400,667800,4158728.0000,3
2025-03-11,20250311142000000,sh.600864,6.2400,6.2400,6.2200,6.2300,544900,3394176.0000,3
2025-03-11,20250311142500000,sh.600864,6.2300,6.2300,6.2200,6.2300,115000,715624.0000,3
2025-03-11,20250311143000000,sh.600864,6.2200,6.2300,6.2200,6.2300,134800,839496.0000,3
2025-03-11,20250311143500000,sh.600864,6.2300,6.2400,6.2200,6.2300,547000,3411304.0000,3
2025-03-11,20250311144000000,sh.600864,6.2300,6.2400,6.2300,6.2300,249600,1556008.0000,3
2025-03-11,20250311144500000,sh.600864,6.2300,6.2400,6.2300,6.2300,480000,2991392.0000,3
2025-03-11,20250311145000000,sh.600864,6.2400,6.2400,6.2300,6.2400,928200,5788904.0000,3
2025-03-11,20250311145500000,sh.600864,6.2400,6.2400,6.2300,6.2400,1039200,6482880.0000,3
2025-03-11,20250311150000000,sh.600864,6.2400,6.2500,6.2400,6.2400,191400,1195448.0000,3
2025-03-12,20250312093500000,sh.600864,6.2600,6.2800,6.2500,6.2500,2902100,18192280.0000,3
2025-03-12,20250312094000000,sh.600864,6.2500,6.2700,6.2400,6.2600,755800,4726580.0000,3
2025-03-12,20250312094500000,sh.600864,6.2700,6.2800,6.2600,6.2700,764600,4792648.0000,3
2025-03-12,20250312095000000,sh.600864,6.2700,6.2900,6.2600,6.2900,1454400,9128528.0000,3
2025-03-12,20250312095500000,sh.600864,6.2900,6.3100,6.2800,6.3000,1530600,9639620.0000,3
2025-03-12,20250312100000000,sh.600864,6.3000,6.3200,6.3000,6.3000,1610200,10162932.0000,3
2025-03-12,20250312100500000,sh.600864,6.3000,6.3100,6.2900,6.2900,729600,4596572.0000,3
2025-03-12,20250312101000000,sh.600864,6.2900,6.3000,6.2800,6.2800,622300,3914548.0000,3
2025-03-12,20250312101500000,sh.600864,6.2900,6.2900,6.2700,6.2800,499700,3138176.0000,3
2025-03-12,20250312102000000,sh.600864,6.2800,6.2900,6.2700,6.2700,309900,1945672.0000,3
2025-03-12,20250312102500000,sh.600864,6.2800,6.2900,6.2700,6.2800,689600,4329544.0000,3
2025-03-12,20250312103000000,sh.600864,6.2700,6.2900,6.2700,6.2700,380800,2390560.0000,3
2025-03-12,20250312103500000,sh.600864,6.2700,6.2900,6.2700,6.2800,271700,1706080.0000,3
2025-03-12,20250312104000000,sh.600864,6.2900,6.2900,6.2700,6.2900,563900,3541656.0000,3
2025-03-12,20250312104500000,sh.600864,6.2800,6.2900,6.2700,6.2900,194800,1223584.0000,3
2025-03-12,20250312105000000,sh.600864,6.2900,6.2900,6.2800,6.2800,275600,1731896.0000,3
2025-03-12,20250312105500000,sh.600864,6.2900,6.3000,6.2800,6.2900,288400,1814560.0000,3
2025-03-12,20250312110000000,sh.600864,6.3000,6.3200,6.2900,6.3000,899700,5674704.0000,3
2025-03-12,20250312110500000,sh.600864,6.3000,6.3100,6.3000,6.3100,383600,2420224.0000,3
2025-03-12,20250312111000000,sh.600864,6.3100,6.3100,6.2900,6.3000,228400,1439072.0000,3
2025-03-12,20250312111500000,sh.600864,6.3000,6.3000,6.2900,6.3000,130600,822416.0000,3
2025-03-12,20250312112000000,sh.600864,6.2900,6.3100,6.2900,6.3000,243300,1532672.0000,3
2025-03-12,20250312112500000,sh.600864,6.3000,6.3000,6.2900,6.3000,94500,594496.0000,3
2025-03-12,20250312113000000,sh.600864,6.2900,6.3000,6.2900,6.3000,159000,1001360.0000,3
2025-03-12,20250312130500000,sh.600864,6.3000,6.3100,6.2900,6.3100,853200,5372688.0000,3
2025-03-12,20250312131000000,sh.600864,6.3000,6.3200,6.3000,6.3100,838600,5290968.0000,3
2025-03-12,20250312131500000,sh.600864,6.3100,6.3200,6.3100,6.3200,257200,1624592.0000,3
2025-03-12,20250312132000000,sh.600864,6.3100,6.3300,6.3100,6.3300,814100,5144696.0000,3
2025-03-12,20250312132500000,sh.600864,6.3300,6.3500,6.3200,6.3400,1762100,11164440.0000,3
2025-03-12,20250312133000000,sh.600864,6.3300,6.3400,6.3200,6.3200,743100,4705400.0000,3
2025-03-12,20250312133500000,sh.600864,6.3200,6.3800,6.3200,6.3700,3021200,19204752.0000,3
2025-03-12,20250312134000000,sh.600864,6.3700,6.3900,6.3500,6.3500,2122700,13530992.0000,3
2025-03-12,20250312134500000,sh.600864,6.3500,6.3500,6.3400,6.3500,808300,5130368.0000,3
2025-03-12,20250312135000000,sh.600864,6.3500,6.3500,6.3300,6.3400,618300,3919520.0000,3
2025-03-12,20250312135500000,sh.600864,6.3400,6.3500,6.3300,6.3400,243300,1542336.0000,3
2025-03-12,20250312140000000,sh.600864,6.3300,6.3500,6.3300,6.3500,213600,1354848.0000,3
2025-03-12,20250312140500000,sh.600864,6.3500,6.3500,6.3300,6.3400,160600,1018496.0000,3
2025-03-12,20250312141000000,sh.600864,6.3400,6.3500,6.3300,6.3400,428200,2714416.0000,3
2025-03-12,20250312141500000,sh.600864,6.3500,6.3500,6.3400,6.3500,148600,942976.0000,3
2025-03-12,20250312142000000,sh.600864,6.3400,6.3400,6.3200,6.3300,496600,3144640.0000,3
2025-03-12,20250312142500000,sh.600864,6.3300,6.3300,6.3000,6.3000,762400,4812784.0000,3
2025-03-12,20250312143000000,sh.600864,6.3000,6.3200,6.3000,6.3100,593300,3740976.0000,3
2025-03-12,20250312143500000,sh.600864,6.3100,6.3200,6.3000,6.3200,426900,2693984.0000,3
2025-03-12,20250312144000000,sh.600864,6.3200,6.3200,6.3000,6.3100,420200,2651584.0000,3
2025-03-12,20250312144500000,sh.600864,6.3100,6.3200,6.3000,6.3100,531400,3351488.0000,3
2025-03-12,20250312145000000,sh.600864,6.3000,6.3200,6.3000,6.3000,931400,5877504.0000,3
2025-03-12,20250312145500000,sh.600864,6.3100,6.3100,6.2900,6.3000,654400,4124960.0000,3
2025-03-12,20250312150000000,sh.600864,6.2900,6.3100,6.2900,6.3000,492300,3101632.0000,3
2025-03-13,20250313093500000,sh.600864,6.2900,6.3600,6.2900,6.3300,2467200,15611305.0000,3
2025-03-13,20250313094000000,sh.600864,6.3300,6.3300,6.2900,6.3100,911000,5741864.0000,3
2025-03-13,20250313094500000,sh.600864,6.3100,6.3100,6.2800,6.3000,996500,6267868.0000,3
2025-03-13,20250313095000000,sh.600864,6.3000,6.3000,6.2800,6.2900,1360700,8559408.0000,3
2025-03-13,20250313095500000,sh.600864,6.2900,6.3300,6.2800,6.3100,835700,5266700.0000,3
2025-03-13,20250313100000000,sh.600864,6.3000,6.3200,6.2800,6.2800,978300,6163948.0000,3
2025-03-13,20250313100500000,sh.600864,6.2800,6.3000,6.2800,6.2800,402700,2533024.0000,3
2025-03-13,20250313101000000,sh.600864,6.2900,6.3000,6.2900,6.3000,223600,1407568.0000,3
2025-03-13,20250313101500000,sh.600864,6.2900,6.3000,6.2900,6.2900,159600,1004480.0000,3
2025-03-13,20250313102000000,sh.600864,6.3000,6.3000,6.2700,6.2700,1005100,6314276.0000,3
2025-03-13,20250313102500000,sh.600864,6.2700,6.2800,6.2600,6.2800,575700,3608936.0000,3
2025-03-13,20250313103000000,sh.600864,6.2800,6.2800,6.2700,6.2800,74800,469112.0000,3
2025-03-13,20250313103500000,sh.600864,6.2800,6.2800,6.2500,6.2600,445600,2791800.0000,3
2025-03-13,20250313104000000,sh.600864,6.2500,6.2600,6.2500,6.2500,537500,3362244.0000,3
2025-03-13,20250313104500000,sh.600864,6.2500,6.2800,6.2500,6.2700,320400,2007232.0000,3
2025-03-13,20250313105000000,sh.600864,6.2700,6.2800,6.2600,6.2700,347100,2175128.0000,3
2025-03-13,20250313105500000,sh.600864,6.2700,6.2900,6.2600,6.2800,525100,3297176.0000,3
2025-03-13,20250313110000000,sh.600864,6.2800,6.2900,6.2700,6.2900,215000,1350744.0000,3
2025-03-13,20250313110500000,sh.600864,6.2800,6.2900,6.2700,6.2800,249000,1562384.0000,3
2025-03-13,20250313111000000,sh.600864,6.2700,6.2800,6.2600,6.2600,275100,1724328.0000,3
2025-03-13,20250313111500000,sh.600864,6.2600,6.2700,6.2500,6.2600,198000,1239240.0000,3
2025-03-13,20250313112000000,sh.600864,6.2600,6.2600,6.2400,6.2400,398800,2492904.0000,3
2025-03-13,20250313112500000,sh.600864,6.2400,6.2500,6.2300,6.2400,485400,3028952.0000,3
2025-03-13,20250313113000000,sh.600864,6.2400,6.2400,6.2300,6.2300,632300,3939048.0000,3
2025-03-13,20250313130500000,sh.600864,6.2300,6.2400,6.2200,6.2300,591800,3682024.0000,3
2025-03-13,20250313131000000,sh.600864,6.2200,6.2300,6.2100,6.2200,387100,2406640.0000,3
2025-03-13,20250313131500000,sh.600864,6.2200,6.2300,6.2100,6.2200,973800,6049936.0000,3
2025-03-13,20250313132000000,sh.600864,6.2200,6.2300,6.2100,6.2200,353500,2198736.0000,3
2025-03-13,20250313132500000,sh.600864,6.2200,6.2300,6.2100,6.2200,743900,4623184.0000,3
2025-03-13,20250313133000000,sh.600864,6.2200,6.2300,6.2100,6.2200,275600,1714872.0000,3
2025-03-13,20250313133500000,sh.600864,6.2200,6.2300,6.2100,6.2100,217300,1351536.0000,3
2025-03-13,20250313134000000,sh.600864,6.2100,6.2200,6.2000,6.2100,457700,2842408.0000,3
2025-03-13,20250313134500000,sh.600864,6.2100,6.2300,6.2100,6.2200,342200,2127856.0000,3
2025-03-13,20250313135000000,sh.600864,6.2100,6.2300,6.2100,6.2300,314300,1953736.0000,3
2025-03-13,20250313135500000,sh.600864,6.2300,6.2300,6.2100,6.2100,178300,1109048.0000,3
2025-03-13,20250313140000000,sh.600864,6.2100,6.2200,6.2000,6.2000,432700,2686704.0000,3
2025-03-13,20250313140500000,sh.600864,6.2000,6.2100,6.1900,6.1900,703500,4361688.0000,3
2025-03-13,20250313141000000,sh.600864,6.1900,6.2100,6.1900,6.2000,255900,1585832.0000,3
2025-03-13,20250313141500000,sh.600864,6.2000,6.2200,6.2000,6.2100,227700,1413432.0000,3
2025-03-13,20250313142000000,sh.600864,6.2100,6.2200,6.2000,6.2200,140900,875336.0000,3
2025-03-13,20250313142500000,sh.600864,6.2100,6.2200,6.2100,6.2100,221700,1377152.0000,3
2025-03-13,20250313143000000,sh.600864,6.2100,6.2300,6.2000,6.2200,385400,2394752.0000,3
2025-03-13,20250313143500000,sh.600864,6.2200,6.2500,6.2200,6.2500,497300,3100528.0000,3
2025-03-13,20250313144000000,sh.600864,6.2500,6.2500,6.2300,6.2400,214500,1338656.0000,3
2025-03-13,20250313144500000,sh.600864,6.2400,6.2500,6.2300,6.2400,296400,1849008.0000,3
2025-03-13,20250313145000000,sh.600864,6.2400,6.2500,6.2400,6.2500,191700,1196720.0000,3
2025-03-13,20250313145500000,sh.600864,6.2400,6.2500,6.2300,6.2300,607500,3790224.0000,3
2025-03-13,20250313150000000,sh.600864,6.2300,6.2600,6.2300,6.2400,799400,4992304.0000,3
2025-03-14,20250314093500000,sh.600864,6.2500,6.2900,6.2500,6.2900,1920800,12051397.0000,3
2025-03-14,20250314094000000,sh.600864,6.2900,6.3000,6.2600,6.2600,1212500,7618968.0000,3
2025-03-14,20250314094500000,sh.600864,6.2600,6.3100,6.2600,6.3100,1480100,9309218.0000,3
2025-03-14,20250314095000000,sh.600864,6.3100,6.3100,6.2700,6.2800,793900,4992750.0000,3
2025-03-14,20250314095500000,sh.600864,6.2800,6.3300,6.2800,6.3200,2004600,12656968.0000,3
2025-03-14,20250314100000000,sh.600864,6.3200,6.3700,6.3200,6.3500,3575000,22698852.0000,3
2025-03-14,20250314100500000,sh.600864,6.3500,6.3600,6.3200,6.3300,1337300,8475512.0000,3
2025-03-14,20250314101000000,sh.600864,6.3300,6.3500,6.3200,6.3300,1324900,8400320.0000,3
2025-03-14,20250314101500000,sh.600864,6.3300,6.3500,6.3300,6.3400,676900,4294832.0000,3
2025-03-14,20250314102000000,sh.600864,6.3400,6.3700,6.3400,6.3500,1665600,10593712.0000,3
2025-03-14,20250314102500000,sh.600864,6.3600,6.3800,6.3500,6.3500,1577400,10045744.0000,3
2025-03-14,20250314103000000,sh.600864,6.3500,6.3600,6.3400,6.3600,647300,4111736.0000,3
2025-03-14,20250314103500000,sh.600864,6.3600,6.3700,6.3400,6.3500,534100,3395288.0000,3
2025-03-14,20250314104000000,sh.600864,6.3600,6.3700,6.3400,6.3600,547000,3475448.0000,3
2025-03-14,20250314104500000,sh.600864,6.3700,6.3800,6.3500,6.3600,1180700,7520184.0000,3
2025-03-14,20250314105000000,sh.600864,6.3600,6.3700,6.3500,6.3600,710000,4514152.0000,3
2025-03-14,20250314105500000,sh.600864,6.3500,6.3800,6.3500,6.3700,932800,5938768.0000,3
2025-03-14,20250314110000000,sh.600864,6.3700,6.3900,6.3700,6.3800,1407000,8979552.0000,3
2025-03-14,20250314110500000,sh.600864,6.3800,6.4000,6.3800,6.3800,1402600,8966144.0000,3
2025-03-14,20250314111000000,sh.600864,6.3800,6.4000,6.3800,6.3900,903900,5777760.0000,3
2025-03-14,20250314111500000,sh.600864,6.3900,6.4500,6.3900,6.4400,4043200,25958336.0000,3
2025-03-14,20250314112000000,sh.600864,6.4400,6.4700,6.4400,6.4600,3159000,20395024.0000,3
2025-03-14,20250314112500000,sh.600864,6.4600,6.4600,6.4200,6.4200,2151600,13852800.0000,3
2025-03-14,20250314113000000,sh.600864,6.4200,6.4400,6.4100,6.4300,655100,4211760.0000,3
2025-03-14,20250314130500000,sh.600864,6.4300,6.4500,6.4200,6.4200,1959300,12596576.0000,3
2025-03-14,20250314131000000,sh.600864,6.4300,6.4300,6.4100,6.4100,761600,4890288.0000,3
2025-03-14,20250314131500000,sh.600864,6.4100,6.4200,6.4000,6.4100,983200,6303504.0000,3
2025-03-14,20250314132000000,sh.600864,6.4100,6.4100,6.4000,6.4100,389700,2496768.0000,3
2025-03-14,20250314132500000,sh.600864,6.4100,6.4100,6.3900,6.3900,757500,4846752.0000,3
2025-03-14,20250314133000000,sh.600864,6.3900,6.4000,6.3900,6.4000,258000,1650416.0000,3
2025-03-14,20250314133500000,sh.600864,6.4000,6.4200,6.3900,6.4100,1292500,8281904.0000,3
2025-03-14,20250314134000000,sh.600864,6.4100,6.4200,6.4000,6.4100,564700,3622624.0000,3
2025-03-14,20250314134500000,sh.600864,6.4100,6.4200,6.4000,6.4100,325900,2089120.0000,3
2025-03-14,20250314135000000,sh.600864,6.4100,6.4200,6.4000,6.4200,361800,2319584.0000,3
2025-03-14,20250314135500000,sh.600864,6.4200,6.4300,6.4100,6.4200,440200,2825504.0000,3
2025-03-14,20250314140000000,sh.600864,6.4200,6.4200,6.4100,6.4200,397900,2552256.0000,3
2025-03-14,20250314140500000,sh.600864,6.4200,6.4200,6.4100,6.4100,329900,2117696.0000,3
2025-03-14,20250314141000000,sh.600864,6.4100,6.4200,6.4100,6.4200,243200,1560352.0000,3
2025-03-14,20250314141500000,sh.600864,6.4200,6.4200,6.4000,6.4100,646200,4141984.0000,3
2025-03-14,20250314142000000,sh.600864,6.4100,6.4200,6.4000,6.4000,255200,1635744.0000,3
2025-03-14,20250314142500000,sh.600864,6.4000,6.4100,6.4000,6.4100,127200,814784.0000,3
2025-03-14,20250314143000000,sh.600864,6.4100,6.4200,6.4000,6.4100,479200,3073120.0000,3
2025-03-14,20250314143500000,sh.600864,6.4200,6.4200,6.4100,6.4200,264800,1699104.0000,3
2025-03-14,20250314144000000,sh.600864,6.4200,6.4200,6.4000,6.4000,1631200,10455648.0000,3
2025-03-14,20250314144500000,sh.600864,6.4000,6.4100,6.4000,6.4000,678600,4345856.0000,3
2025-03-14,20250314145000000,sh.600864,6.4000,6.4100,6.4000,6.4000,608600,3900352.0000,3
2025-03-14,20250314145500000,sh.600864,6.4100,6.4200,6.4000,6.4200,1333600,8550752.0000,3
2025-03-14,20250314150000000,sh.600864,6.4200,6.4200,6.4100,6.4200,1395000,8952096.0000,3
2025-03-17,20250317093500000,sh.600864,6.4200,6.4300,6.3800,6.4100,3570000,22872568.0000,3
2025-03-17,20250317094000000,sh.600864,6.4100,6.4300,6.3900,6.3900,2417700,15482176.0000,3
2025-03-17,20250317094500000,sh.600864,6.3900,6.4100,6.3800,6.4000,1446100,9254768.0000,3
2025-03-17,20250317095000000,sh.600864,6.4000,6.4200,6.3900,6.4000,783900,5021424.0000,3
2025-03-17,20250317095500000,sh.600864,6.4000,6.4100,6.3900,6.3900,1072000,6856748.0000,3
2025-03-17,20250317100000000,sh.600864,6.3900,6.4000,6.3800,6.3800,878500,5608488.0000,3
2025-03-17,20250317100500000,sh.600864,6.3800,6.3900,6.3700,6.3800,1133000,7226280.0000,3
2025-03-17,20250317101000000,sh.600864,6.3700,6.4000,6.3700,6.3900,547000,3491496.0000,3
2025-03-17,20250317101500000,sh.600864,6.4000,6.4000,6.3700,6.3900,690200,4405184.0000,3
2025-03-17,20250317102000000,sh.600864,6.3800,6.3900,6.3700,6.3800,855500,5457216.0000,3
2025-03-17,20250317102500000,sh.600864,6.3800,6.3900,6.3800,6.3800,414600,2647688.0000,3
2025-03-17,20250317103000000,sh.600864,6.3900,6.4000,6.3800,6.3900,525900,3359656.0000,3
2025-03-17,20250317103500000,sh.600864,6.3900,6.4000,6.3800,6.3900,425500,2720280.0000,3
2025-03-17,20250317104000000,sh.600864,6.3900,6.4100,6.3900,6.4000,505500,3234536.0000,3
2025-03-17,20250317104500000,sh.600864,6.4000,6.4000,6.3800,6.3900,740600,4729736.0000,3
2025-03-17,20250317105000000,sh.600864,6.3900,6.3900,6.3700,6.3800,699500,4462744.0000,3
2025-03-17,20250317105500000,sh.600864,6.3800,6.3900,6.3700,6.3800,449700,2868744.0000,3
2025-03-17,20250317110000000,sh.600864,6.3800,6.3900,6.3700,6.3900,283200,1806088.0000,3
2025-03-17,20250317110500000,sh.600864,6.3800,6.3900,6.3800,6.3900,382300,2442368.0000,3
2025-03-17,20250317111000000,sh.600864,6.3900,6.3900,6.3800,6.3800,33600,214584.0000,3
2025-03-17,20250317111500000,sh.600864,6.3900,6.3900,6.3700,6.3800,748800,4776832.0000,3
2025-03-17,20250317112000000,sh.600864,6.3800,6.3800,6.3700,6.3700,585300,3728840.0000,3
2025-03-17,20250317112500000,sh.600864,6.3700,6.3800,6.3700,6.3800,182000,1160544.0000,3
2025-03-17,20250317113000000,sh.600864,6.3800,6.3800,6.3700,6.3800,86100,548888.0000,3
2025-03-17,20250317130500000,sh.600864,6.3800,6.3900,6.3700,6.3700,749800,4785896.0000,3
2025-03-17,20250317131000000,sh.600864,6.3800,6.3900,6.3700,6.3800,348700,2223624.0000,3
2025-03-17,20250317131500000,sh.600864,6.3800,6.3800,6.3700,6.3700,497000,3166824.0000,3
2025-03-17,20250317132000000,sh.600864,6.3600,6.3800,6.3600,6.3700,180300,1148864.0000,3
2025-03-17,20250317132500000,sh.600864,6.3700,6.3900,6.3700,6.3900,503400,3210096.0000,3
2025-03-17,20250317133000000,sh.600864,6.3800,6.3900,6.3700,6.3800,297100,1895280.0000,3
2025-03-17,20250317133500000,sh.600864,6.3800,6.3900,6.3700,6.3800,168200,1073072.0000,3
2025-03-17,20250317134000000,sh.600864,6.3900,6.3900,6.3800,6.3800,209300,1336352.0000,3
2025-03-17,20250317134500000,sh.600864,6.3900,6.3900,6.3800,6.3900,558600,3568832.0000,3
2025-03-17,20250317135000000,sh.600864,6.4000,6.4000,6.3900,6.4000,384500,2460736.0000,3
2025-03-17,20250317135500000,sh.600864,6.4000,6.4000,6.3900,6.3900,516200,3299088.0000,3
2025-03-17,20250317140000000,sh.600864,6.3900,6.4000,6.3800,6.3800,159500,1018112.0000,3
2025-03-17,20250317140500000,sh.600864,6.3800,6.3900,6.3700,6.3800,374400,2388944.0000,3
2025-03-17,20250317141000000,sh.600864,6.3800,6.3900,6.3700,6.3800,90800,579600.0000,3
2025-03-17,20250317141500000,sh.600864,6.3900,6.4000,6.3800,6.3900,303000,1935968.0000,3
2025-03-17,20250317142000000,sh.600864,6.3800,6.3900,6.3800,6.3900,133100,850464.0000,3
2025-03-17,20250317142500000,sh.600864,6.3900,6.3900,6.3800,6.3900,286500,1828400.0000,3
2025-03-17,20250317143000000,sh.600864,6.3900,6.3900,6.3800,6.3800,161100,1028672.0000,3
2025-03-17,20250317143500000,sh.600864,6.3800,6.3900,6.3800,6.3900,716900,4577104.0000,3
2025-03-17,20250317144000000,sh.600864,6.3800,6.3900,6.3700,6.3800,296000,1888288.0000,3
2025-03-17,20250317144500000,sh.600864,6.3800,6.3800,6.3600,6.3700,1664100,10594432.0000,3
2025-03-17,20250317145000000,sh.600864,6.3800,6.3800,6.3700,6.3700,273000,1740848.0000,3
2025-03-17,20250317145500000,sh.600864,6.3700,6.3800,6.3700,6.3800,862400,5498560.0000,3
2025-03-17,20250317150000000,sh.600864,6.3800,6.3900,6.3700,6.3800,285100,1818688.0000,3
2025-03-18,20250318093500000,sh.600864,6.4100,6.4300,6.3800,6.3800,2065900,13223056.0000,3
2025-03-18,20250318094000000,sh.600864,6.3900,6.3900,6.3700,6.3800,883000,5633788.0000,3
2025-03-18,20250318094500000,sh.600864,6.3900,6.4000,6.3800,6.4000,756200,4834818.0000,3
2025-03-18,20250318095000000,sh.600864,6.4000,6.4100,6.3900,6.4000,767700,4911706.0000,3
2025-03-18,20250318095500000,sh.600864,6.4000,6.4000,6.3800,6.3900,460500,2943192.0000,3
2025-03-18,20250318100000000,sh.600864,6.3900,6.3900,6.3800,6.3800,338500,2160368.0000,3
2025-03-18,20250318100500000,sh.600864,6.3900,6.3900,6.3700,6.3800,695700,4438816.0000,3
2025-03-18,20250318101000000,sh.600864,6.3800,6.3900,6.3700,6.3700,367800,2345680.0000,3
2025-03-18,20250318101500000,sh.600864,6.3700,6.3800,6.3700,6.3800,341000,2173480.0000,3
2025-03-18,20250318102000000,sh.600864,6.3800,6.3800,6.3700,6.3800,204000,1300408.0000,3
2025-03-18,20250318102500000,sh.600864,6.3800,6.3800,6.3700,6.3700,185300,1181188.0000,3
2025-03-18,20250318103000000,sh.600864,6.3700,6.3800,6.3600,6.3700,786700,5010444.0000,3
2025-03-18,20250318103500000,sh.600864,6.3700,6.3700,6.3600,6.3600,839700,5340568.0000,3
2025-03-18,20250318104000000,sh.600864,6.3600,6.3700,6.3600,6.3600,129700,825284.0000,3
2025-03-18,20250318104500000,sh.600864,6.3700,6.3700,6.3600,6.3700,160100,1019424.0000,3
2025-03-18,20250318105000000,sh.600864,6.3700,6.3700,6.3600,6.3700,158900,1011776.0000,3
2025-03-18,20250318105500000,sh.600864,6.3700,6.3700,6.3600,6.3700,302600,1925908.0000,3
2025-03-18,20250318110000000,sh.600864,6.3600,6.3800,6.3600,6.3600,569000,3624400.0000,3
2025-03-18,20250318110500000,sh.600864,6.3700,6.3800,6.3600,6.3700,618800,3941584.0000,3
2025-03-18,20250318111000000,sh.600864,6.3700,6.3700,6.3600,6.3700,141300,899720.0000,3
2025-03-18,20250318111500000,sh.600864,6.3700,6.3800,6.3600,6.3700,203500,1296176.0000,3
2025-03-18,20250318112000000,sh.600864,6.3700,6.3800,6.3700,6.3700,44800,285680.0000,3
2025-03-18,20250318112500000,sh.600864,6.3700,6.3800,6.3700,6.3700,85100,542728.0000,3
2025-03-18,20250318113000000,sh.600864,6.3700,6.3800,6.3700,6.3700,81000,516392.0000,3
2025-03-18,20250318130500000,sh.600864,6.3800,6.3800,6.3600,6.3700,492200,3134696.0000,3
2025-03-18,20250318131000000,sh.600864,6.3700,6.3700,6.3500,6.3600,629400,4003248.0000,3
2025-03-18,20250318131500000,sh.600864,6.3600,6.3700,6.3500,6.3600,356000,2264072.0000,3
2025-03-18,20250318132000000,sh.600864,6.3600,6.3700,6.3500,6.3500,408900,2600720.0000,3
2025-03-18,20250318132500000,sh.600864,6.3500,6.3700,6.3500,6.3600,587400,3733928.0000,3
2025-03-18,20250318133000000,sh.600864,6.3600,6.3700,6.3600,6.3600,170800,1086896.0000,3
2025-03-18,20250318133500000,sh.600864,6.3700,6.3700,6.3600,6.3700,34600,220176.0000,3
2025-03-18,20250318134000000,sh.600864,6.3700,6.3800,6.3600,6.3700,498000,3171832.0000,3
2025-03-18,20250318134500000,sh.600864,6.3700,6.3800,6.3600,6.3700,189800,1209064.0000,3
2025-03-18,20250318135000000,sh.600864,6.3700,6.3800,6.3600,6.3800,338400,2157232.0000,3
2025-03-18,20250318135500000,sh.600864,6.3800,6.4000,6.3800,6.3900,1409100,9001480.0000,3
2025-03-18,20250318140000000,sh.600864,6.3900,6.4100,6.3900,6.4000,661800,4236168.0000,3
2025-03-18,20250318140500000,sh.600864,6.4100,6.4100,6.3800,6.3900,675100,4318064.0000,3
2025-03-18,20250318141000000,sh.600864,6.3900,6.3900,6.3800,6.3900,91500,584360.0000,3
2025-03-18,20250318141500000,sh.600864,6.3800,6.3900,6.3800,6.3900,122400,781280.0000,3
2025-03-18,20250318142000000,sh.600864,6.3900,6.4000,6.3800,6.4000,654500,4181392.0000,3
2025-03-18,20250318142500000,sh.600864,6.4000,6.4000,6.3900,6.3900,450900,2881256.0000,3
2025-03-18,20250318143000000,sh.600864,6.3900,6.4100,6.3800,6.4000,794900,5087696.0000,3
2025-03-18,20250318143500000,sh.600864,6.4000,6.4300,6.4000,6.4100,1488600,9550360.0000,3
2025-03-18,20250318144000000,sh.600864,6.4100,6.4200,6.4000,6.4100,610400,3912048.0000,3
2025-03-18,20250318144500000,sh.600864,6.4100,6.4200,6.4000,6.4100,519200,3327808.0000,3
2025-03-18,20250318145000000,sh.600864,6.4100,6.4200,6.4000,6.4100,324800,2082128.0000,3
2025-03-18,20250318145500000,sh.600864,6.4100,6.4200,6.4100,6.4100,1140800,7314064.0000,3
2025-03-18,20250318150000000,sh.600864,6.4100,6.4200,6.4100,6.4100,862100,5528432.0000,3
2025-03-19,20250319093500000,sh.600864,6.3900,6.4000,6.3800,6.4000,1082800,6921065.0000,3
2025-03-19,20250319094000000,sh.600864,6.4000,6.4100,6.3800,6.3900,1008300,6448092.0000,3
2025-03-19,20250319094500000,sh.600864,6.3800,6.4100,6.3800,6.4000,1627000,10399007.0000,3
2025-03-19,20250319095000000,sh.600864,6.4000,6.4200,6.4000,6.4000,687300,4403080.0000,3
2025-03-19,20250319095500000,sh.600864,6.4000,6.4100,6.3900,6.4000,689900,4414404.0000,3
2025-03-19,20250319100000000,sh.600864,6.4000,6.4100,6.3900,6.4000,590100,3776636.0000,3
2025-03-19,20250319100500000,sh.600864,6.4000,6.4000,6.3800,6.3900,554100,3540100.0000,3
2025-03-19,20250319101000000,sh.600864,6.3900,6.4100,6.3900,6.4000,779900,4989152.0000,3
2025-03-19,20250319101500000,sh.600864,6.4000,6.4200,6.4000,6.4100,1600600,10262464.0000,3
2025-03-19,20250319102000000,sh.600864,6.4000,6.4100,6.3900,6.4000,513200,3283400.0000,3
2025-03-19,20250319102500000,sh.600864,6.4000,6.4100,6.3900,6.4100,206700,1322832.0000,3
2025-03-19,20250319103000000,sh.600864,6.4100,6.4200,6.4000,6.4200,500100,3205088.0000,3
2025-03-19,20250319103500000,sh.600864,6.4200,6.4200,6.4100,6.4200,313400,2011548.0000,3
2025-03-19,20250319104000000,sh.600864,6.4100,6.4200,6.4100,6.4200,339500,2178932.0000,3
2025-03-19,20250319104500000,sh.600864,6.4200,6.4200,6.4100,6.4200,208800,1339816.0000,3
2025-03-19,20250319105000000,sh.600864,6.4200,6.4400,6.4200,6.4300,889400,5716400.0000,3
2025-03-19,20250319105500000,sh.600864,6.4300,6.4300,6.4100,6.4200,459700,2951936.0000,3
2025-03-19,20250319110000000,sh.600864,6.4200,6.4300,6.4200,6.4300,206600,1327720.0000,3
2025-03-19,20250319110500000,sh.600864,6.4300,6.4300,6.4100,6.4100,296600,1904360.0000,3
2025-03-19,20250319111000000,sh.600864,6.4200,6.4300,6.4100,6.4300,238500,1531184.0000,3
2025-03-19,20250319111500000,sh.600864,6.4300,6.4300,6.4100,6.4100,152900,981560.0000,3
2025-03-19,20250319112000000,sh.600864,6.4200,6.4200,6.4100,6.4200,126700,812440.0000,3
2025-03-19,20250319112500000,sh.600864,6.4200,6.4200,6.4100,6.4100,323200,2072768.0000,3
2025-03-19,20250319113000000,sh.600864,6.4100,6.4200,6.4000,6.4200,217600,1395264.0000,3
2025-03-19,20250319130500000,sh.600864,6.4100,6.4200,6.4100,6.4200,445100,2856664.0000,3
2025-03-19,20250319131000000,sh.600864,6.4200,6.4200,6.4100,6.4200,633700,4065360.0000,3
2025-03-19,20250319131500000,sh.600864,6.4300,6.4500,6.4200,6.4500,2105000,13553488.0000,3
2025-03-19,20250319132000000,sh.600864,6.4500,6.4600,6.4400,6.4400,1171200,7556392.0000,3
2025-03-19,20250319132500000,sh.600864,6.4400,6.4400,6.4300,6.4400,439400,2827680.0000,3
2025-03-19,20250319133000000,sh.600864,6.4300,6.4400,6.4100,6.4300,448900,2884280.0000,3
2025-03-19,20250319133500000,sh.600864,6.4300,6.4300,6.4200,6.4200,284700,1828288.0000,3
2025-03-19,20250319134000000,sh.600864,6.4200,6.4200,6.4100,6.4100,213500,1370056.0000,3
2025-03-19,20250319134500000,sh.600864,6.4100,6.4200,6.4100,6.4200,110000,705384.0000,3
2025-03-19,20250319135000000,sh.600864,6.4200,6.4200,6.4100,6.4200,232100,1488232.0000,3
2025-03-19,20250319135500000,sh.600864,6.4100,6.4200,6.4000,6.4000,413400,2649776.0000,3
2025-03-19,20250319140000000,sh.600864,6.4000,6.4100,6.4000,6.4000,276300,1770232.0000,3
2025-03-19,20250319140500000,sh.600864,6.4000,6.4200,6.4000,6.4100,220900,1415832.0000,3
2025-03-19,20250319141000000,sh.600864,6.4200,6.4200,6.4000,6.4100,189700,1216000.0000,3
2025-03-19,20250319141500000,sh.600864,6.4100,6.4100,6.4000,6.4000,75800,485360.0000,3
2025-03-19,20250319142000000,sh.600864,6.4100,6.4100,6.3900,6.4000,1178600,7541128.0000,3
2025-03-19,20250319142500000,sh.600864,6.4000,6.4100,6.3900,6.4000,316700,2026832.0000,3
2025-03-19,20250319143000000,sh.600864,6.4000,6.4000,6.3900,6.3900,264200,1688496.0000,3
2025-03-19,20250319143500000,sh.600864,6.4000,6.4000,6.3900,6.3900,211800,1353952.0000,3
2025-03-19,20250319144000000,sh.600864,6.4000,6.4000,6.3800,6.3800,647100,4134624.0000,3
2025-03-19,20250319144500000,sh.600864,6.3900,6.4000,6.3800,6.3900,687600,4390464.0000,3
2025-03-19,20250319145000000,sh.600864,6.3900,6.4000,6.3900,6.3900,189100,1209072.0000,3
2025-03-19,20250319145500000,sh.600864,6.3900,6.4000,6.3900,6.4000,573100,3665632.0000,3
2025-03-19,20250319150000000,sh.600864,6.4000,6.4100,6.3900,6.4100,969900,6213328.0000,3
2025-03-20,20250320093500000,sh.600864,6.4000,6.4000,6.3700,6.3700,1167600,7455124.0000,3
2025-03-20,20250320094000000,sh.600864,6.3700,6.4000,6.3700,6.3800,666900,4257068.0000,3
2025-03-20,20250320094500000,sh.600864,6.3900,6.4000,6.3800,6.3900,471800,3014672.0000,3
2025-03-20,20250320095000000,sh.600864,6.4000,6.4000,6.3800,6.4000,942000,6012812.0000,3
2025-03-20,20250320095500000,sh.600864,6.3900,6.4200,6.3900,6.4100,694200,4445440.0000,3
2025-03-20,20250320100000000,sh.600864,6.4200,6.4200,6.4000,6.4100,457900,2936114.0000,3
2025-03-20,20250320100500000,sh.600864,6.4100,6.4200,6.4000,6.4200,374000,2397970.0000,3
2025-03-20,20250320101000000,sh.600864,6.4200,6.4400,6.4100,6.4200,1129400,7257328.0000,3
2025-03-20,20250320101500000,sh.600864,6.4200,6.4200,6.4100,6.4100,348400,2234472.0000,3
2025-03-20,20250320102000000,sh.600864,6.4200,6.4200,6.3800,6.3900,868800,5557956.0000,3
2025-03-20,20250320102500000,sh.600864,6.4000,6.4200,6.3900,6.4200,526700,3375440.0000,3
2025-03-20,20250320103000000,sh.600864,6.4100,6.4200,6.3900,6.3900,571800,3662584.0000,3
2025-03-20,20250320103500000,sh.600864,6.3900,6.4100,6.3900,6.4000,193200,1237388.0000,3
2025-03-20,20250320104000000,sh.600864,6.4000,6.4100,6.4000,6.4000,139800,894968.0000,3
2025-03-20,20250320104500000,sh.600864,6.4000,6.4100,6.3900,6.4000,142500,912224.0000,3
2025-03-20,20250320105000000,sh.600864,6.4000,6.4100,6.3900,6.3900,162500,1039872.0000,3
2025-03-20,20250320105500000,sh.600864,6.4000,6.4000,6.3900,6.3900,184500,1179552.0000,3
2025-03-20,20250320110000000,sh.600864,6.3900,6.4100,6.3900,6.3900,390700,2499608.0000,3
2025-03-20,20250320110500000,sh.600864,6.3900,6.4000,6.3900,6.3900,100000,639256.0000,3
2025-03-20,20250320111000000,sh.600864,6.3900,6.4000,6.3900,6.3900,137900,881612.0000,3
2025-03-20,20250320111500000,sh.600864,6.3900,6.4200,6.3900,6.4100,395100,2530552.0000,3
2025-03-20,20250320112000000,sh.600864,6.4200,6.4200,6.4000,6.4000,233800,1498976.0000,3
2025-03-20,20250320112500000,sh.600864,6.4100,6.4100,6.4000,6.4000,114200,731392.0000,3
2025-03-20,20250320113000000,sh.600864,6.4000,6.4100,6.4000,6.4000,154900,991708.0000,3
2025-03-20,20250320130500000,sh.600864,6.4100,6.4100,6.3900,6.3900,328300,2101240.0000,3
2025-03-20,20250320131000000,sh.600864,6.4000,6.4100,6.3900,6.4000,334500,2138824.0000,3
2025-03-20,20250320131500000,sh.600864,6.3900,6.4100,6.3900,6.4000,203200,1300568.0000,3
2025-03-20,20250320132000000,sh.600864,6.4000,6.4100,6.4000,6.4000,149200,955560.0000,3
2025-03-20,20250320132500000,sh.600864,6.4000,6.4100,6.3900,6.4000,445300,2850608.0000,3
2025-03-20,20250320133000000,sh.600864,6.4000,6.4100,6.4000,6.4100,120400,771352.0000,3
2025-03-20,20250320133500000,sh.600864,6.4000,6.4000,6.3900,6.3900,172000,1100424.0000,3
2025-03-20,20250320134000000,sh.600864,6.3900,6.4000,6.3900,6.4000,183600,1174312.0000,3
2025-03-20,20250320134500000,sh.600864,6.4000,6.4000,6.3800,6.4000,775300,4953688.0000,3
2025-03-20,20250320135000000,sh.600864,6.4000,6.4000,6.3900,6.4000,135100,864520.0000,3
2025-03-20,20250320135500000,sh.600864,6.4000,6.4000,6.3800,6.4000,389500,2488496.0000,3
2025-03-20,20250320140000000,sh.600864,6.4000,6.4000,6.3900,6.3900,95900,612912.0000,3
2025-03-20,20250320140500000,sh.600864,6.3900,6.3900,6.3700,6.3800,976900,6234856.0000,3
2025-03-20,20250320141000000,sh.600864,6.3800,6.4100,6.3700,6.4000,1026200,6565344.0000,3
2025-03-20,20250320141500000,sh.600864,6.4100,6.4100,6.3900,6.4100,318500,2037800.0000,3
2025-03-20,20250320142000000,sh.600864,6.4000,6.4100,6.3900,6.3900,343800,2200432.0000,3
2025-03-20,20250320142500000,sh.600864,6.3900,6.4000,6.3800,6.3900,285200,1821928.0000,3
2025-03-20,20250320143000000,sh.600864,6.3900,6.4000,6.3900,6.3900,216700,1384920.0000,3
2025-03-20,20250320143500000,sh.600864,6.4000,6.4100,6.3900,6.4000,799500,5117032.0000,3
2025-03-20,20250320144000000,sh.600864,6.3900,6.4000,6.3900,6.3900,279900,1789016.0000,3
2025-03-20,20250320144500000,sh.600864,6.4000,6.4000,6.3700,6.3800,1331000,8489984.0000,3
2025-03-20,20250320145000000,sh.600864,6.3800,6.3900,6.3700,6.3700,433000,2763736.0000,3
2025-03-20,20250320145500000,sh.600864,6.3800,6.3800,6.3700,6.3700,452100,2882696.0000,3
2025-03-20,20250320150000000,sh.600864,6.3900,6.3900,6.3800,6.3900,543600,3470784.0000,3
2025-03-21,20250321093500000,sh.600864,6.3700,6.3900,6.3600,6.3700,1318800,8409417.0000,3
2025-03-21,20250321094000000,sh.600864,6.3600,6.4000,6.3600,6.4000,1244700,7938164.0000,3
2025-03-21,20250321094500000,sh.600864,6.4000,6.4100,6.3900,6.4000,582300,3726581.0000,3
2025-03-21,20250321095000000,sh.600864,6.3900,6.4000,6.3800,6.3800,383500,2449514.0000,3
2025-03-21,20250321095500000,sh.600864,6.3800,6.4000,6.3800,6.4000,338900,2165066.0000,3
2025-03-21,20250321100000000,sh.600864,6.3900,6.4000,6.3900,6.3900,248200,1587508.0000,3
2025-03-21,20250321100500000,sh.600864,6.4000,6.4100,6.3900,6.4000,708500,4533770.0000,3
2025-03-21,20250321101000000,sh.600864,6.4000,6.4100,6.3900,6.4000,257000,1645240.0000,3
2025-03-21,20250321101500000,sh.600864,6.3900,6.4000,6.3900,6.3900,190400,1217296.0000,3
2025-03-21,20250321102000000,sh.600864,6.3900,6.4000,6.3900,6.3900,175900,1124996.0000,3
2025-03-21,20250321102500000,sh.600864,6.4000,6.4000,6.3800,6.3900,603700,3857760.0000,3
2025-03-21,20250321103000000,sh.600864,6.3900,6.4000,6.3700,6.3800,479200,3058464.0000,3
2025-03-21,20250321103500000,sh.600864,6.3800,6.3900,6.3700,6.3700,284900,1817392.0000,3
2025-03-21,20250321104000000,sh.600864,6.3800,6.3800,6.3700,6.3800,166100,1059464.0000,3
2025-03-21,20250321104500000,sh.600864,6.3800,6.3800,6.3700,6.3700,240000,1529256.0000,3
2025-03-21,20250321105000000,sh.600864,6.3700,6.3800,6.3700,6.3800,1053700,6712800.0000,3
2025-03-21,20250321105500000,sh.600864,6.3800,6.3900,6.3700,6.3700,175700,1121076.0000,3
2025-03-21,20250321110000000,sh.600864,6.3700,6.3800,6.3700,6.3700,201300,1283116.0000,3
2025-03-21,20250321110500000,sh.600864,6.3700,6.3700,6.3600,6.3600,407900,2597112.0000,3
2025-03-21,20250321111000000,sh.600864,6.3600,6.3800,6.3600,6.3700,717700,4566712.0000,3
2025-03-21,20250321111500000,sh.600864,6.3700,6.3800,6.3600,6.3700,186500,1187716.0000,3
2025-03-21,20250321112000000,sh.600864,6.3700,6.3700,6.3500,6.3500,364100,2315740.0000,3
2025-03-21,20250321112500000,sh.600864,6.3500,6.3600,6.3300,6.3400,1482600,9410600.0000,3
2025-03-21,20250321113000000,sh.600864,6.3400,6.3500,6.3300,6.3300,490400,3107608.0000,3
2025-03-21,20250321130500000,sh.600864,6.3400,6.3400,6.3100,6.3200,944800,5974728.0000,3
2025-03-21,20250321131000000,sh.600864,6.3300,6.3300,6.3000,6.3000,1098000,6927672.0000,3
2025-03-21,20250321131500000,sh.600864,6.3100,6.3200,6.3000,6.3000,755600,4764040.0000,3
2025-03-21,20250321132000000,sh.600864,6.3100,6.3200,6.3000,6.3100,260700,1645312.0000,3
2025-03-21,20250321132500000,sh.600864,6.3100,6.3200,6.3000,6.3100,677200,4275328.0000,3
2025-03-21,20250321133000000,sh.600864,6.3100,6.3100,6.2900,6.3000,483900,3049984.0000,3
2025-03-21,20250321133500000,sh.600864,6.3000,6.3100,6.2900,6.3000,372000,2343464.0000,3
2025-03-21,20250321134000000,sh.600864,6.3000,6.3100,6.2900,6.3000,731900,4606104.0000,3
2025-03-21,20250321134500000,sh.600864,6.2900,6.3000,6.2800,6.2800,310900,1955816.0000,3
2025-03-21,20250321135000000,sh.600864,6.2800,6.3000,6.2800,6.2900,476200,2995904.0000,3
2025-03-21,20250321135500000,sh.600864,6.2900,6.2900,6.2700,6.2900,563000,3536240.0000,3
2025-03-21,20250321140000000,sh.600864,6.2900,6.2900,6.2800,6.2800,247200,1553064.0000,3
2025-03-21,20250321140500000,sh.600864,6.2800,6.2800,6.2500,6.2700,825700,5171856.0000,3
2025-03-21,20250321141000000,sh.600864,6.2700,6.2900,6.2600,6.2800,468700,2943304.0000,3
2025-03-21,20250321141500000,sh.600864,6.2800,6.2900,6.2600,6.2700,496300,3109224.0000,3
2025-03-21,20250321142000000,sh.600864,6.2700,6.2800,6.2600,6.2800,266500,1669960.0000,3
2025-03-21,20250321142500000,sh.600864,6.2800,6.2900,6.2800,6.2800,287800,1807792.0000,3
2025-03-21,20250321143000000,sh.600864,6.2800,6.2900,6.2800,6.2900,137400,863200.0000,3
2025-03-21,20250321143500000,sh.600864,6.2900,6.3100,6.2900,6.3100,351200,2211760.0000,3
2025-03-21,20250321144000000,sh.600864,6.3000,6.3100,6.2900,6.3000,242000,1525008.0000,3
2025-03-21,20250321144500000,sh.600864,6.3000,6.3100,6.2800,6.3000,393100,2474368.0000,3
2025-03-21,20250321145000000,sh.600864,6.2900,6.3000,6.2800,6.2800,293100,1841456.0000,3
2025-03-21,20250321145500000,sh.600864,6.2900,6.2900,6.2700,6.2700,450900,2831888.0000,3
2025-03-21,20250321150000000,sh.600864,6.2800,6.2900,6.2700,6.2800,780500,4901488.0000,3
2025-03-24,20250324093500000,sh.600864,6.2800,6.2900,6.2400,6.2600,999200,6254691.0000,3
2025-03-24,20250324094000000,sh.600864,6.2500,6.2600,6.2400,6.2600,511500,3197214.0000,3
2025-03-24,20250324094500000,sh.600864,6.2500,6.2700,6.2300,6.2300,777900,4856222.0000,3
2025-03-24,20250324095000000,sh.600864,6.2300,6.2400,6.2200,6.2300,911700,5675689.0000,3
2025-03-24,20250324095500000,sh.600864,6.2300,6.2400,6.2200,6.2200,693200,4317966.0000,3
2025-03-24,20250324100000000,sh.600864,6.2200,6.2400,6.2100,6.2300,643900,4003754.0000,3
2025-03-24,20250324100500000,sh.600864,6.2300,6.2300,6.2100,6.2200,486300,3023916.0000,3
2025-03-24,20250324101000000,sh.600864,6.2200,6.2500,6.2100,6.2500,436400,2716516.0000,3
2025-03-24,20250324101500000,sh.600864,6.2500,6.2500,6.2300,6.2300,381600,2382680.0000,3
2025-03-24,20250324102000000,sh.600864,6.2400,6.2600,6.2400,6.2400,650600,4065264.0000,3
2025-03-24,20250324102500000,sh.600864,6.2500,6.2500,6.2300,6.2400,76700,478592.0000,3
2025-03-24,20250324103000000,sh.600864,6.2400,6.2400,6.2300,6.2400,283500,1768752.0000,3
2025-03-24,20250324103500000,sh.600864,6.2400,6.2500,6.2300,6.2300,234100,1461096.0000,3
2025-03-24,20250324104000000,sh.600864,6.2300,6.2400,6.2300,6.2400,202000,1258672.0000,3
2025-03-24,20250324104500000,sh.600864,6.2400,6.2400,6.2200,6.2200,504600,3141656.0000,3
2025-03-24,20250324105000000,sh.600864,6.2200,6.2300,6.2100,6.2200,693600,4308716.0000,3
2025-03-24,20250324105500000,sh.600864,6.2200,6.2200,6.2000,6.2100,400600,2487012.0000,3
2025-03-24,20250324110000000,sh.600864,6.2100,6.2100,6.1900,6.1900,789500,4893448.0000,3
2025-03-24,20250324110500000,sh.600864,6.2000,6.2000,6.1900,6.1900,207400,1285052.0000,3
2025-03-24,20250324111000000,sh.600864,6.2000,6.2000,6.1800,6.1900,615000,3806960.0000,3
2025-03-24,20250324111500000,sh.600864,6.2000,6.2000,6.1800,6.1900,763900,4727900.0000,3
2025-03-24,20250324112000000,sh.600864,6.2000,6.2200,6.2000,6.2100,359400,2230168.0000,3
2025-03-24,20250324112500000,sh.600864,6.2100,6.2100,6.1900,6.2000,332200,2058232.0000,3
2025-03-24,20250324113000000,sh.600864,6.1900,6.2000,6.1700,6.1700,801900,4955776.0000,3
2025-03-24,20250324130500000,sh.600864,6.1700,6.2000,6.1700,6.1800,405200,2506392.0000,3
2025-03-24,20250324131000000,sh.600864,6.1900,6.1900,6.1600,6.1700,778000,4803120.0000,3
2025-03-24,20250324131500000,sh.600864,6.1800,6.2000,6.1800,6.1900,270700,1674728.0000,3
2025-03-24,20250324132000000,sh.600864,6.1900,6.2000,6.1800,6.1900,376900,2331944.0000,3
2025-03-24,20250324132500000,sh.600864,6.2000,6.2000,6.1800,6.1900,281900,1745392.0000,3
2025-03-24,20250324133000000,sh.600864,6.1900,6.2000,6.1800,6.1900,312100,1931680.0000,3
2025-03-24,20250324133500000,sh.600864,6.1800,6.2000,6.1700,6.1900,524700,3246624.0000,3
2025-03-24,20250324134000000,sh.600864,6.1900,6.2000,6.1700,6.1800,649800,4019392.0000,3
2025-03-24,20250324134500000,sh.600864,6.1900,6.1900,6.1600,6.1700,538800,3324272.0000,3
2025-03-24,20250324135000000,sh.600864,6.1800,6.1800,6.1500,6.1600,705100,4344248.0000,3
2025-03-24,20250324135500000,sh.600864,6.1600,6.1700,6.1500,6.1700,297500,1832416.0000,3
2025-03-24,20250324140000000,sh.600864,6.1700,6.1900,6.1600,6.1800,562200,3468352.0000,3
2025-03-24,20250324140500000,sh.600864,6.1800,6.1800,6.1600,6.1700,335200,2068672.0000,3
2025-03-24,20250324141000000,sh.600864,6.1700,6.1700,6.1500,6.1600,459000,2827496.0000,3
2025-03-24,20250324141500000,sh.600864,6.1600,6.1700,6.1500,6.1600,654200,4028912.0000,3
2025-03-24,20250324142000000,sh.600864,6.1600,6.1700,6.1500,6.1600,537600,3308968.0000,3
2025-03-24,20250324142500000,sh.600864,6.1500,6.1900,6.1500,6.1800,523700,3230248.0000,3
2025-03-24,20250324143000000,sh.600864,6.1800,6.2100,6.1700,6.2100,527500,3264632.0000,3
2025-03-24,20250324143500000,sh.600864,6.2100,6.2200,6.1900,6.2100,450600,2797064.0000,3
2025-03-24,20250324144000000,sh.600864,6.2200,6.2300,6.2100,6.2100,354600,2205136.0000,3
2025-03-24,20250324144500000,sh.600864,6.2200,6.2300,6.2000,6.2200,411800,2559616.0000,3
2025-03-24,20250324145000000,sh.600864,6.2200,6.2400,6.2200,6.2300,321100,1999216.0000,3
2025-03-24,20250324145500000,sh.600864,6.2400,6.2500,6.2300,6.2400,524300,3271488.0000,3
2025-03-24,20250324150000000,sh.600864,6.2500,6.2500,6.2400,6.2500,412300,2574944.0000,3
2025-03-25,20250325093500000,sh.600864,6.2400,6.2400,6.2000,6.2200,1055500,6563600.0000,3
2025-03-25,20250325094000000,sh.600864,6.2200,6.2400,6.2100,6.2300,765200,4767012.0000,3
2025-03-25,20250325094500000,sh.600864,6.2400,6.2400,6.2100,6.2100,505300,3143523.0000,3
2025-03-25,20250325095000000,sh.600864,6.2100,6.2200,6.2100,6.2100,635400,3946287.0000,3
2025-03-25,20250325095500000,sh.600864,6.2100,6.2200,6.2000,6.2100,560100,3477522.0000,3
2025-03-25,20250325100000000,sh.600864,6.2100,6.2200,6.1900,6.2000,644100,3995752.0000,3
2025-03-25,20250325100500000,sh.600864,6.2000,6.2000,6.1700,6.1800,753200,4657668.0000,3
2025-03-25,20250325101000000,sh.600864,6.1700,6.1900,6.1700,6.1800,659000,4071300.0000,3
2025-03-25,20250325101500000,sh.600864,6.1700,6.1800,6.1700,6.1800,288100,1778872.0000,3
2025-03-25,20250325102000000,sh.600864,6.1700,6.1800,6.1700,6.1800,157200,970544.0000,3
2025-03-25,20250325102500000,sh.600864,6.1800,6.1800,6.1700,6.1700,634400,3914864.0000,3
2025-03-25,20250325103000000,sh.600864,6.1700,6.1700,6.1600,6.1600,350800,2163184.0000,3
2025-03-25,20250325103500000,sh.600864,6.1700,6.1700,6.1600,6.1700,239300,1475360.0000,3
2025-03-25,20250325104000000,sh.600864,6.1600,6.1700,6.1600,6.1700,490300,3023248.0000,3
2025-03-25,20250325104500000,sh.600864,6.1600,6.1800,6.1600,6.1700,709400,4377344.0000,3
2025-03-25,20250325105000000,sh.600864,6.1700,6.1900,6.1700,6.1800,538100,3324460.0000,3
2025-03-25,20250325105500000,sh.600864,6.1800,6.1800,6.1700,6.1800,66700,411964.0000,3
2025-03-25,20250325110000000,sh.600864,6.1800,6.1800,6.1700,6.1800,53800,332056.0000,3
2025-03-25,20250325110500000,sh.600864,6.1700,6.1900,6.1700,6.1900,580200,3582076.0000,3
2025-03-25,20250325111000000,sh.600864,6.1800,6.2000,6.1700,6.2000,793400,4910900.0000,3
2025-03-25,20250325111500000,sh.600864,6.2000,6.2200,6.2000,6.2100,275100,1707964.0000,3
2025-03-25,20250325112000000,sh.600864,6.2100,6.2100,6.1800,6.1800,342500,2121444.0000,3
2025-03-25,20250325112500000,sh.600864,6.1700,6.1800,6.1700,6.1800,107900,666744.0000,3
2025-03-25,20250325113000000,sh.600864,6.1700,6.1800,6.1700,6.1700,157100,969536.0000,3
2025-03-25,20250325130500000,sh.600864,6.1800,6.1900,6.1700,6.1800,382100,2361368.0000,3
2025-03-25,20250325131000000,sh.600864,6.1800,6.2100,6.1800,6.2000,301000,1864760.0000,3
2025-03-25,20250325131500000,sh.600864,6.2100,6.2200,6.2000,6.2100,694900,4316984.0000,3
2025-03-25,20250325132000000,sh.600864,6.2100,6.2200,6.2000,6.2100,561100,3484584.0000,3
2025-03-25,20250325132500000,sh.600864,6.2000,6.2100,6.1900,6.2000,383800,2379856.0000,3
2025-03-25,20250325133000000,sh.600864,6.2000,6.2100,6.1900,6.2000,244200,1513920.0000,3
2025-03-25,20250325133500000,sh.600864,6.2000,6.2100,6.2000,6.2100,210000,1303000.0000,3
2025-03-25,20250325134000000,sh.600864,6.2100,6.2100,6.1900,6.2000,556700,3451944.0000,3
2025-03-25,20250325134500000,sh.600864,6.1900,6.2000,6.1900,6.2000,91000,563440.0000,3
2025-03-25,20250325135000000,sh.600864,6.2000,6.2000,6.1900,6.1900,119100,737432.0000,3
2025-03-25,20250325135500000,sh.600864,6.1900,6.2000,6.1800,6.1800,485400,3005360.0000,3
2025-03-25,20250325140000000,sh.600864,6.1800,6.2000,6.1800,6.2000,404700,2504320.0000,3
2025-03-25,20250325140500000,sh.600864,6.1900,6.2000,6.1800,6.1900,173200,1072216.0000,3
2025-03-25,20250325141000000,sh.600864,6.1900,6.2000,6.1800,6.1800,94000,581832.0000,3
2025-03-25,20250325141500000,sh.600864,6.1900,6.1900,6.1800,6.1800,144000,889968.0000,3
2025-03-25,20250325142000000,sh.600864,6.1800,6.2000,6.1800,6.1900,377800,2338768.0000,3
2025-03-25,20250325142500000,sh.600864,6.1900,6.2000,6.1900,6.2000,236300,1463640.0000,3
2025-03-25,20250325143000000,sh.600864,6.2000,6.2000,6.1900,6.2000,321100,1988048.0000,3
2025-03-25,20250325143500000,sh.600864,6.2000,6.2000,6.1800,6.1900,766100,4741848.0000,3
2025-03-25,20250325144000000,sh.600864,6.1900,6.1900,6.1800,6.1900,114100,705496.0000,3
2025-03-25,20250325144500000,sh.600864,6.1900,6.1900,6.1800,6.1800,514400,3180280.0000,3
2025-03-25,20250325145000000,sh.600864,6.1800,6.1900,6.1700,6.1800,822600,5083640.0000,3
2025-03-25,20250325145500000,sh.600864,6.1900,6.1900,6.1800,6.1900,614700,3802680.0000,3
2025-03-25,20250325150000000,sh.600864,6.1900,6.1900,6.1800,6.1900,278900,1724832.0000,3
2025-03-26,20250326093500000,sh.600864,6.1700,6.2000,6.1700,6.1900,1264000,7824560.0000,3
2025-03-26,20250326094000000,sh.600864,6.2000,6.2000,6.1700,6.2000,1030400,6373470.0000,3
2025-03-26,20250326094500000,sh.600864,6.2000,6.2000,6.1800,6.2000,1191100,7379530.0000,3
2025-03-26,20250326095000000,sh.600864,6.2000,6.2000,6.1800,6.1900,792800,4909212.0000,3
2025-03-26,20250326095500000,sh.600864,6.1800,6.2100,6.1800,6.2000,1259100,7803180.0000,3
2025-03-26,20250326100000000,sh.600864,6.2100,6.2100,6.2000,6.2100,484900,3010432.0000,3
2025-03-26,20250326100500000,sh.600864,6.2000,6.2100,6.1900,6.1900,733000,4543232.0000,3
2025-03-26,20250326101000000,sh.600864,6.1900,6.2000,6.1800,6.1900,223600,1384524.0000,3
2025-03-26,20250326101500000,sh.600864,6.1900,6.1900,6.1800,6.1900,414000,2558996.0000,3
2025-03-26,20250326102000000,sh.600864,6.1900,6.1900,6.1800,6.1800,347000,2144864.0000,3
2025-03-26,20250326102500000,sh.600864,6.1800,6.2000,6.1700,6.1700,727700,4500080.0000,3
2025-03-26,20250326103000000,sh.600864,6.1800,6.2000,6.1700,6.2000,333000,2059196.0000,3
2025-03-26,20250326103500000,sh.600864,6.1900,6.2000,6.1900,6.1900,260000,1609504.0000,3
2025-03-26,20250326104000000,sh.600864,6.1900,6.1900,6.1800,6.1800,166000,1027416.0000,3
2025-03-26,20250326104500000,sh.600864,6.1800,6.1900,6.1800,6.1900,71500,442268.0000,3
2025-03-26,20250326105000000,sh.600864,6.1800,6.1900,6.1800,6.1900,267200,1653376.0000,3
2025-03-26,20250326105500000,sh.600864,6.1900,6.2000,6.1800,6.2000,265100,1642616.0000,3
2025-03-26,20250326110000000,sh.600864,6.2000,6.2000,6.1900,6.1900,65200,403968.0000,3
2025-03-26,20250326110500000,sh.600864,6.2000,6.2000,6.1900,6.2000,49900,309248.0000,3
2025-03-26,20250326111000000,sh.600864,6.2000,6.2000,6.1900,6.1900,88000,545024.0000,3
2025-03-26,20250326111500000,sh.600864,6.1900,6.2000,6.1900,6.2000,89500,554456.0000,3
2025-03-26,20250326112000000,sh.600864,6.2000,6.2000,6.1800,6.1900,452900,2802916.0000,3
2025-03-26,20250326112500000,sh.600864,6.1800,6.2200,6.1800,6.2100,823900,5109140.0000,3
2025-03-26,20250326113000000,sh.600864,6.2100,6.2100,6.2000,6.2100,63500,394024.0000,3
2025-03-26,20250326130500000,sh.600864,6.2100,6.2100,6.1900,6.2000,342100,2121536.0000,3
2025-03-26,20250326131000000,sh.600864,6.2000,6.2100,6.1900,6.2000,293300,1818736.0000,3
2025-03-26,20250326131500000,sh.600864,6.2000,6.2100,6.2000,6.2000,222700,1381280.0000,3
2025-03-26,20250326132000000,sh.600864,6.2000,6.2000,6.1900,6.1900,203900,1262232.0000,3
2025-03-26,20250326132500000,sh.600864,6.1900,6.2000,6.1800,6.1900,312500,1933664.0000,3
2025-03-26,20250326133000000,sh.600864,6.1900,6.1900,6.1800,6.1900,104000,643448.0000,3
2025-03-26,20250326133500000,sh.600864,6.1900,6.2000,6.1800,6.1900,157400,974312.0000,3
2025-03-26,20250326134000000,sh.600864,6.1900,6.2000,6.1800,6.1900,239700,1483904.0000,3
2025-03-26,20250326134500000,sh.600864,6.1800,6.1900,6.1800,6.1900,143700,889032.0000,3
2025-03-26,20250326135000000,sh.600864,6.1900,6.1900,6.1800,6.1800,112800,698008.0000,3
2025-03-26,20250326135500000,sh.600864,6.1800,6.2100,6.1800,6.2000,436200,2703696.0000,3
2025-03-26,20250326140000000,sh.600864,6.2100,6.2100,6.2000,6.2000,75100,465816.0000,3
2025-03-26,20250326140500000,sh.600864,6.2000,6.2100,6.2000,6.2100,115700,718288.0000,3
2025-03-26,20250326141000000,sh.600864,6.2000,6.2100,6.2000,6.2000,163800,1016464.0000,3
2025-03-26,20250326141500000,sh.600864,6.2100,6.2100,6.2000,6.2000,207600,1288208.0000,3
2025-03-26,20250326142000000,sh.600864,6.2000,6.2100,6.2000,6.2100,81700,507096.0000,3
2025-03-26,20250326142500000,sh.600864,6.2000,6.2100,6.2000,6.2000,445600,2763288.0000,3
2025-03-26,20250326143000000,sh.600864,6.2000,6.2100,6.2000,6.2100,483200,2999040.0000,3
2025-03-26,20250326143500000,sh.600864,6.2100,6.2100,6.1900,6.2000,213400,1322752.0000,3
2025-03-26,20250326144000000,sh.600864,6.1900,6.2000,6.1900,6.1900,162200,1004776.0000,3
2025-03-26,20250326144500000,sh.600864,6.1900,6.2100,6.1900,6.2000,513100,3181016.0000,3
2025-03-26,20250326145000000,sh.600864,6.2000,6.2000,6.1900,6.2000,223700,1386416.0000,3
2025-03-26,20250326145500000,sh.600864,6.2000,6.2100,6.2000,6.2000,583700,3619480.0000,3
2025-03-26,20250326150000000,sh.600864,6.2000,6.2100,6.2000,6.2000,388700,2410368.0000,3
2025-03-27,20250327093500000,sh.600864,6.1800,6.1900,6.1600,6.1600,1068100,6595451.0000,3
2025-03-27,20250327094000000,sh.600864,6.1700,6.1800,6.1500,6.1600,1417700,8739164.0000,3
2025-03-27,20250327094500000,sh.600864,6.1600,6.1600,6.1400,6.1500,1090000,6699101.0000,3
2025-03-27,20250327095000000,sh.600864,6.1500,6.1700,6.1500,6.1700,555100,3416832.0000,3
2025-03-27,20250327095500000,sh.600864,6.1600,6.1800,6.1500,6.1800,1023400,6309166.0000,3
2025-03-27,20250327100000000,sh.600864,6.1800,6.1900,6.1700,6.1700,479200,2960918.0000,3
2025-03-27,20250327100500000,sh.600864,6.1800,6.2000,6.1800,6.2000,356700,2208296.0000,3
2025-03-27,20250327101000000,sh.600864,6.1900,6.2200,6.1900,6.2200,1138700,7065804.0000,3
2025-03-27,20250327101500000,sh.600864,6.2200,6.2200,6.2000,6.2000,570500,3543468.0000,3
2025-03-27,20250327102000000,sh.600864,6.2000,6.2200,6.2000,6.2100,443900,2757640.0000,3
2025-03-27,20250327102500000,sh.600864,6.2100,6.2300,6.2100,6.2100,456700,2840516.0000,3
2025-03-27,20250327103000000,sh.600864,6.2100,6.2300,6.2000,6.2200,703700,4373184.0000,3
2025-03-27,20250327103500000,sh.600864,6.2200,6.2400,6.2200,6.2400,549600,3423428.0000,3
2025-03-27,20250327104000000,sh.600864,6.2300,6.2500,6.2300,6.2400,857100,5351416.0000,3
2025-03-27,20250327104500000,sh.600864,6.2400,6.2500,6.2300,6.2500,676600,4222808.0000,3
2025-03-27,20250327105000000,sh.600864,6.2400,6.2600,6.2400,6.2600,773800,4835944.0000,3
2025-03-27,20250327105500000,sh.600864,6.2600,6.2600,6.2500,6.2500,798600,4995208.0000,3
2025-03-27,20250327110000000,sh.600864,6.2500,6.2600,6.2400,6.2400,422900,2642056.0000,3
2025-03-27,20250327110500000,sh.600864,6.2400,6.2500,6.2300,6.2300,401000,2499456.0000,3
2025-03-27,20250327111000000,sh.600864,6.2300,6.2400,6.2300,6.2300,136000,848176.0000,3
2025-03-27,20250327111500000,sh.600864,6.2400,6.2500,6.2300,6.2400,150600,939696.0000,3
2025-03-27,20250327112000000,sh.600864,6.2400,6.2500,6.2300,6.2300,136700,852856.0000,3
2025-03-27,20250327112500000,sh.600864,6.2300,6.2400,6.2200,6.2200,144400,899640.0000,3
2025-03-27,20250327113000000,sh.600864,6.2300,6.2300,6.2200,6.2300,91600,570400.0000,3
2025-03-27,20250327130500000,sh.600864,6.2200,6.2300,6.2200,6.2300,247900,1543144.0000,3
2025-03-27,20250327131000000,sh.600864,6.2300,6.2300,6.2200,6.2200,111100,691240.0000,3
2025-03-27,20250327131500000,sh.600864,6.2200,6.2200,6.2100,6.2200,127100,789792.0000,3
2025-03-27,20250327132000000,sh.600864,6.2100,6.2200,6.2100,6.2100,58000,360192.0000,3
2025-03-27,20250327132500000,sh.600864,6.2200,6.2200,6.2100,6.2100,124800,775064.0000,3
2025-03-27,20250327133000000,sh.600864,6.2100,6.2200,6.2100,6.2200,80900,502848.0000,3
2025-03-27,20250327133500000,sh.600864,6.2200,6.2200,6.2100,6.2200,106500,662328.0000,3
2025-03-27,20250327134000000,sh.600864,6.2200,6.2200,6.2100,6.2200,74000,460256.0000,3
2025-03-27,20250327134500000,sh.600864,6.2200,6.2300,6.2200,6.2300,101600,631984.0000,3
2025-03-27,20250327135000000,sh.600864,6.2300,6.2400,6.2100,6.2400,382200,2379992.0000,3
2025-03-27,20250327135500000,sh.600864,6.2400,6.2400,6.2100,6.2200,212900,1325136.0000,3
2025-03-27,20250327140000000,sh.600864,6.2100,6.2200,6.2000,6.2100,226200,1404664.0000,3
2025-03-27,20250327140500000,sh.600864,6.2100,6.2300,6.2100,6.2300,227500,1413840.0000,3
2025-03-27,20250327141000000,sh.600864,6.2200,6.2400,6.2200,6.2300,325300,2026008.0000,3
2025-03-27,20250327141500000,sh.600864,6.2300,6.2400,6.2200,6.2200,79100,492256.0000,3
2025-03-27,20250327142000000,sh.600864,6.2300,6.2300,6.2200,6.2300,167600,1042584.0000,3
2025-03-27,20250327142500000,sh.600864,6.2200,6.2300,6.2200,6.2300,194600,1210712.0000,3
2025-03-27,20250327143000000,sh.600864,6.2200,6.2200,6.2100,6.2200,106400,661664.0000,3
2025-03-27,20250327143500000,sh.600864,6.2100,6.2200,6.2100,6.2200,139600,867512.0000,3
2025-03-27,20250327144000000,sh.600864,6.2200,6.2200,6.2100,6.2200,327800,2036752.0000,3
2025-03-27,20250327144500000,sh.600864,6.2100,6.2200,6.2000,6.2100,208300,1293360.0000,3
2025-03-27,20250327145000000,sh.600864,6.2100,6.2100,6.2000,6.2000,791900,4911496.0000,3
2025-03-27,20250327145500000,sh.600864,6.2000,6.2000,6.1900,6.1900,385200,2387216.0000,3
2025-03-27,20250327150000000,sh.600864,6.1900,6.2000,6.1900,6.2000,343000,2126144.0000,3
2025-03-28,20250328093500000,sh.600864,6.2000,6.2100,6.1900,6.1900,1236100,7664879.0000,3
2025-03-28,20250328094000000,sh.600864,6.1900,6.2200,6.1900,6.2100,1073500,6668993.0000,3
2025-03-28,20250328094500000,sh.600864,6.2100,6.2100,6.2000,6.2100,283400,1757972.0000,3
2025-03-28,20250328095000000,sh.600864,6.2000,6.2200,6.2000,6.2000,480400,2982112.0000,3
2025-03-28,20250328095500000,sh.600864,6.2000,6.2000,6.1800,6.1900,590400,3657578.0000,3
2025-03-28,20250328100000000,sh.600864,6.1900,6.2000,6.1800,6.1800,677800,4194830.0000,3
2025-03-28,20250328100500000,sh.600864,6.1900,6.2000,6.1800,6.1900,255300,1580444.0000,3
2025-03-28,20250328101000000,sh.600864,6.1900,6.2000,6.1900,6.2000,490800,3042098.0000,3
2025-03-28,20250328101500000,sh.600864,6.1900,6.2100,6.1900,6.2000,258400,1601500.0000,3
2025-03-28,20250328102000000,sh.600864,6.2100,6.2100,6.2000,6.2000,228900,1419946.0000,3
2025-03-28,20250328102500000,sh.600864,6.2000,6.2200,6.1900,6.2000,690100,4282576.0000,3
2025-03-28,20250328103000000,sh.600864,6.2000,6.2100,6.1900,6.2000,503700,3118944.0000,3
2025-03-28,20250328103500000,sh.600864,6.1900,6.2000,6.1900,6.1900,186800,1156444.0000,3
2025-03-28,20250328104000000,sh.600864,6.1900,6.2000,6.1800,6.1900,264300,1635040.0000,3
2025-03-28,20250328104500000,sh.600864,6.2000,6.2000,6.1800,6.1900,193200,1195880.0000,3
2025-03-28,20250328105000000,sh.600864,6.1800,6.1900,6.1800,6.1900,155900,964524.0000,3
2025-03-28,20250328105500000,sh.600864,6.1800,6.1900,6.1800,6.1900,513300,3172376.0000,3
2025-03-28,20250328110000000,sh.600864,6.1900,6.1900,6.1800,6.1900,56200,347476.0000,3
2025-03-28,20250328110500000,sh.600864,6.2000,6.2100,6.1900,6.2000,1578300,9785512.0000,3
2025-03-28,20250328111000000,sh.600864,6.2100,6.2200,6.2100,6.2100,223900,1390988.0000,3
2025-03-28,20250328111500000,sh.600864,6.2100,6.2100,6.1900,6.1900,271400,1683388.0000,3
2025-03-28,20250328112000000,sh.600864,6.2000,6.2000,6.1800,6.1800,323000,1999244.0000,3
2025-03-28,20250328112500000,sh.600864,6.1800,6.2000,6.1800,6.2000,265400,1642208.0000,3
2025-03-28,20250328113000000,sh.600864,6.2000,6.2000,6.1900,6.1900,224400,1390304.0000,3
2025-03-28,20250328130500000,sh.600864,6.2000,6.2100,6.1800,6.2000,204500,1266816.0000,3
2025-03-28,20250328131000000,sh.600864,6.2100,6.2100,6.1900,6.2000,202800,1256536.0000,3
2025-03-28,20250328131500000,sh.600864,6.2000,6.2000,6.1800,6.1900,170500,1055480.0000,3
2025-03-28,20250328132000000,sh.600864,6.1900,6.1900,6.1800,6.1800,117300,725520.0000,3
2025-03-28,20250328132500000,sh.600864,6.1800,6.1900,6.1700,6.1800,274200,1694432.0000,3
2025-03-28,20250328133000000,sh.600864,6.1700,6.1800,6.1700,6.1800,243200,1501016.0000,3
2025-03-28,20250328133500000,sh.600864,6.1800,6.1800,6.1600,6.1800,456700,2817968.0000,3
2025-03-28,20250328134000000,sh.600864,6.1800,6.1900,6.1700,6.1800,219300,1354776.0000,3
2025-03-28,20250328134500000,sh.600864,6.1800,6.2400,6.1800,6.2200,1494300,9290512.0000,3
2025-03-28,20250328135000000,sh.600864,6.2200,6.2200,6.2000,6.2200,367900,2285840.0000,3
2025-03-28,20250328135500000,sh.600864,6.2200,6.2300,6.2000,6.2100,617100,3839336.0000,3
2025-03-28,20250328140000000,sh.600864,6.2100,6.2200,6.2100,6.2200,94800,589064.0000,3
2025-03-28,20250328140500000,sh.600864,6.2200,6.2400,6.2100,6.2300,756200,4711208.0000,3
2025-03-28,20250328141000000,sh.600864,6.2300,6.2300,6.2100,6.2100,372300,2316192.0000,3
2025-03-28,20250328141500000,sh.600864,6.2200,6.2300,6.2100,6.2200,225400,1401840.0000,3
2025-03-28,20250328142000000,sh.600864,6.2200,6.2500,6.2100,6.2400,1043800,6508704.0000,3
2025-03-28,20250328142500000,sh.600864,6.2400,6.2500,6.2300,6.2400,561000,3502048.0000,3
2025-03-28,20250328143000000,sh.600864,6.2400,6.2500,6.2300,6.2400,304100,1897488.0000,3
2025-03-28,20250328143500000,sh.600864,6.2400,6.2400,6.2300,6.2300,371700,2316472.0000,3
2025-03-28,20250328144000000,sh.600864,6.2300,6.2400,6.2300,6.2300,123800,771792.0000,3
2025-03-28,20250328144500000,sh.600864,6.2400,6.2400,6.2300,6.2400,459200,2861008.0000,3
2025-03-28,20250328145000000,sh.600864,6.2300,6.2400,6.2200,6.2300,515100,3210008.0000,3
2025-03-28,20250328145500000,sh.600864,6.2300,6.2400,6.2200,6.2300,1105000,6883600.0000,3
2025-03-28,20250328150000000,sh.600864,6.2400,6.2400,6.2300,6.2400,1222500,7627456.0000,3
2025-03-31,20250331093500000,sh.600864,6.2300,6.2400,6.1500,6.2100,2595100,16074232.0000,3
2025-03-31,20250331094000000,sh.600864,6.2300,6.2400,6.1800,6.2000,1215000,7555852.0000,3
2025-03-31,20250331094500000,sh.600864,6.1900,6.2000,6.1600,6.1700,1063800,6572400.0000,3
2025-03-31,20250331095000000,sh.600864,6.1600,6.1800,6.1400,6.1600,2163900,13325184.0000,3
2025-03-31,20250331095500000,sh.600864,6.1700,6.1700,6.1500,6.1600,1402800,8635668.0000,3
2025-03-31,20250331100000000,sh.600864,6.1700,6.1900,6.1600,6.1800,538500,3323640.0000,3
2025-03-31,20250331100500000,sh.600864,6.1800,6.2100,6.1800,6.1900,914600,5663888.0000,3
2025-03-31,20250331101000000,sh.600864,6.2000,6.2000,6.1700,6.1700,437800,2708608.0000,3
2025-03-31,20250331101500000,sh.600864,6.1800,6.1900,6.1700,6.1700,318000,1964376.0000,3
2025-03-31,20250331102000000,sh.600864,6.1700,6.1800,6.1600,6.1600,380600,2347584.0000,3
2025-03-31,20250331102500000,sh.600864,6.1700,6.1700,6.1500,6.1600,919200,5658368.0000,3
2025-03-31,20250331103000000,sh.600864,6.1500,6.1600,6.1300,6.1300,1229600,7551712.0000,3
2025-03-31,20250331103500000,sh.600864,6.1400,6.1400,6.1100,6.1200,1157600,7091176.0000,3
2025-03-31,20250331104000000,sh.600864,6.1100,6.1300,6.1100,6.1200,851800,5215984.0000,3
2025-03-31,20250331104500000,sh.600864,6.1200,6.1200,6.1100,6.1200,564700,3454240.0000,3
2025-03-31,20250331105000000,sh.600864,6.1200,6.1200,6.1000,6.1100,525200,3208880.0000,3
2025-03-31,20250331105500000,sh.600864,6.1100,6.1200,6.1000,6.1100,431000,2632472.0000,3
2025-03-31,20250331110000000,sh.600864,6.1100,6.1200,6.1100,6.1100,193600,1183672.0000,3
2025-03-31,20250331110500000,sh.600864,6.1100,6.1200,6.1000,6.1100,338100,2065056.0000,3
2025-03-31,20250331111000000,sh.600864,6.1100,6.1100,6.1000,6.1000,368100,2246680.0000,3
2025-03-31,20250331111500000,sh.600864,6.1100,6.1100,6.1000,6.1100,690700,4216760.0000,3
2025-03-31,20250331112000000,sh.600864,6.1100,6.1200,6.1000,6.1200,340700,2082160.0000,3
2025-03-31,20250331112500000,sh.600864,6.1100,6.1200,6.0900,6.0900,802000,4893880.0000,3
2025-03-31,20250331113000000,sh.600864,6.0900,6.1000,6.0700,6.0800,1128200,6862632.0000,3
2025-03-31,20250331130500000,sh.600864,6.0800,6.0900,6.0700,6.0800,539000,3276472.0000,3
2025-03-31,20250331131000000,sh.600864,6.0900,6.0900,6.0700,6.0800,451400,2744136.0000,3
2025-03-31,20250331131500000,sh.600864,6.0700,6.1000,6.0700,6.0900,648400,3945520.0000,3
2025-03-31,20250331132000000,sh.600864,6.0900,6.1000,6.0700,6.0700,431800,2626160.0000,3
2025-03-31,20250331132500000,sh.600864,6.0800,6.0800,6.0600,6.0800,543500,3299312.0000,3
2025-03-31,20250331133000000,sh.600864,6.0800,6.0800,6.0600,6.0700,266200,1615968.0000,3
2025-03-31,20250331133500000,sh.600864,6.0700,6.0700,6.0600,6.0700,227800,1382112.0000,3
2025-03-31,20250331134000000,sh.600864,6.0700,6.0800,6.0600,6.0800,735400,4463760.0000,3
2025-03-31,20250331134500000,sh.600864,6.0800,6.0800,6.0600,6.0600,443200,2688064.0000,3
2025-03-31,20250331135000000,sh.600864,6.0600,6.0700,6.0500,6.0600,727300,4405008.0000,3
2025-03-31,20250331135500000,sh.600864,6.0600,6.0600,6.0500,6.0600,125900,762432.0000,3
2025-03-31,20250331140000000,sh.600864,6.0600,6.0700,6.0500,6.0600,569300,3450176.0000,3
2025-03-31,20250331140500000,sh.600864,6.0500,6.0700,6.0500,6.0700,267000,1617200.0000,3
2025-03-31,20250331141000000,sh.600864,6.0700,6.0800,6.0600,6.0700,301900,1833264.0000,3
2025-03-31,20250331141500000,sh.600864,6.0800,6.0900,6.0700,6.0900,279100,1696832.0000,3
2025-03-31,20250331142000000,sh.600864,6.0900,6.1000,6.0900,6.1000,447800,2729792.0000,3
2025-03-31,20250331142500000,sh.600864,6.0900,6.1100,6.0800,6.1100,533700,3254912.0000,3
2025-03-31,20250331143000000,sh.600864,6.1000,6.1100,6.0900,6.0900,337200,2055392.0000,3
2025-03-31,20250331143500000,sh.600864,6.1000,6.1000,6.0800,6.0800,194700,1185248.0000,3
2025-03-31,20250331144000000,sh.600864,6.0900,6.0900,6.0800,6.0800,418400,2547104.0000,3
2025-03-31,20250331144500000,sh.600864,6.0800,6.1000,6.0800,6.0900,308400,1876928.0000,3
2025-03-31,20250331145000000,sh.600864,6.1000,6.1000,6.0800,6.0900,239300,1457584.0000,3
2025-03-31,20250331145500000,sh.600864,6.0800,6.0900,6.0700,6.0700,887600,5394096.0000,3
2025-03-31,20250331150000000,sh.600864,6.0700,6.0900,6.0700,6.0900,408600,2483968.0000,3
2025-04-01,20250401093500000,sh.600864,6.0900,6.1300,6.0800,6.1300,3589400,21920626.0000,3
2025-04-01,20250401094000000,sh.600864,6.1300,6.1400,6.1200,6.1300,1422400,8721822.0000,3
2025-04-01,20250401094500000,sh.600864,6.1400,6.1600,6.1200,6.1400,2192900,13463660.0000,3
2025-04-01,20250401095000000,sh.600864,6.1400,6.1700,6.1300,6.1700,1394500,8584984.0000,3
2025-04-01,20250401095500000,sh.600864,6.1600,6.1700,6.1400,6.1500,487400,2999436.0000,3
2025-04-01,20250401100000000,sh.600864,6.1500,6.2200,6.1500,6.2100,2181800,13493296.0000,3
2025-04-01,20250401100500000,sh.600864,6.2100,6.2200,6.2000,6.2000,1206200,7487704.0000,3
2025-04-01,20250401101000000,sh.600864,6.1900,6.2100,6.1900,6.2100,553600,3431336.0000,3
2025-04-01,20250401101500000,sh.600864,6.2000,6.2300,6.2000,6.2300,1574500,9789872.0000,3
2025-04-01,20250401102000000,sh.600864,6.2300,6.2300,6.2000,6.2000,779800,4844968.0000,3
2025-04-01,20250401102500000,sh.600864,6.2100,6.2100,6.1900,6.2000,351500,2179416.0000,3
2025-04-01,20250401103000000,sh.600864,6.1900,6.2000,6.1800,6.1800,444700,2753520.0000,3
2025-04-01,20250401103500000,sh.600864,6.1900,6.1900,6.1800,6.1800,122700,758752.0000,3
2025-04-01,20250401104000000,sh.600864,6.1800,6.1900,6.1700,6.1900,601200,3715752.0000,3
2025-04-01,20250401104500000,sh.600864,6.1900,6.1900,6.1800,6.1900,116700,722040.0000,3
2025-04-01,20250401105000000,sh.600864,6.1800,6.2000,6.1800,6.1900,154900,958656.0000,3
2025-04-01,20250401105500000,sh.600864,6.1900,6.2000,6.1900,6.1900,491500,3042960.0000,3
2025-04-01,20250401110000000,sh.600864,6.1900,6.2000,6.1800,6.1800,317800,1965008.0000,3
2025-04-01,20250401110500000,sh.600864,6.1700,6.1900,6.1700,6.1800,261200,1613208.0000,3
2025-04-01,20250401111000000,sh.600864,6.1800,6.1900,6.1800,6.1800,151500,936504.0000,3
2025-04-01,20250401111500000,sh.600864,6.1800,6.1900,6.1700,6.1900,227000,1402880.0000,3
2025-04-01,20250401112000000,sh.600864,6.1800,6.1900,6.1800,6.1900,80000,494800.0000,3
2025-04-01,20250401112500000,sh.600864,6.1900,6.2000,6.1900,6.1900,500900,3103336.0000,3
2025-04-01,20250401113000000,sh.600864,6.2000,6.2900,6.1900,6.2400,4114100,25695096.0000,3
2025-04-01,20250401130500000,sh.600864,6.2400,6.2400,6.2000,6.2100,725200,4514048.0000,3
2025-04-01,20250401131000000,sh.600864,6.2000,6.2100,6.1900,6.1900,370200,2294480.0000,3
2025-04-01,20250401131500000,sh.600864,6.1900,6.2000,6.1900,6.2000,143400,888704.0000,3
2025-04-01,20250401132000000,sh.600864,6.2000,6.2000,6.1800,6.1900,554900,3434800.0000,3
2025-04-01,20250401132500000,sh.600864,6.1800,6.1800,6.1700,6.1800,425200,2626224.0000,3
2025-04-01,20250401133000000,sh.600864,6.1800,6.1900,6.1700,6.1700,242900,1501120.0000,3
2025-04-01,20250401133500000,sh.600864,6.1800,6.1800,6.1600,6.1700,632200,3902144.0000,3
2025-04-01,20250401134000000,sh.600864,6.1700,6.1800,6.1600,6.1700,167000,1030416.0000,3
2025-04-01,20250401134500000,sh.600864,6.1700,6.1700,6.1600,6.1600,142600,879152.0000,3
2025-04-01,20250401135000000,sh.600864,6.1700,6.1900,6.1700,6.1800,306200,1890704.0000,3
2025-04-01,20250401135500000,sh.600864,6.1700,6.1800,6.1700,6.1800,110500,682624.0000,3
2025-04-01,20250401140000000,sh.600864,6.1800,6.1900,6.1700,6.1900,121700,752112.0000,3
2025-04-01,20250401140500000,sh.600864,6.1800,6.2000,6.1800,6.1900,276700,1713184.0000,3
2025-04-01,20250401141000000,sh.600864,6.1800,6.2000,6.1800,6.2000,546200,3379216.0000,3
2025-04-01,20250401141500000,sh.600864,6.2000,6.2100,6.2000,6.2000,474600,2943904.0000,3
2025-04-01,20250401142000000,sh.600864,6.2000,6.2000,6.1900,6.2000,82600,511616.0000,3
2025-04-01,20250401142500000,sh.600864,6.2000,6.2000,6.1900,6.2000,272300,1687104.0000,3
2025-04-01,20250401143000000,sh.600864,6.2000,6.2300,6.2000,6.2300,697400,4335824.0000,3
2025-04-01,20250401143500000,sh.600864,6.2300,6.2400,6.2100,6.2100,475500,2960704.0000,3
2025-04-01,20250401144000000,sh.600864,6.2200,6.2200,6.2100,6.2200,114400,711312.0000,3
2025-04-01,20250401144500000,sh.600864,6.2200,6.2200,6.2100,6.2200,468900,2915664.0000,3
2025-04-01,20250401145000000,sh.600864,6.2100,6.2200,6.2100,6.2100,505800,3142720.0000,3
2025-04-01,20250401145500000,sh.600864,6.2200,6.2200,6.2100,6.2200,843300,5239200.0000,3
2025-04-01,20250401150000000,sh.600864,6.2200,6.2200,6.2000,6.2100,784200,4871264.0000,3
2025-04-02,20250402093500000,sh.600864,6.2000,6.2200,6.1800,6.1800,1227600,7607574.0000,3
2025-04-02,20250402094000000,sh.600864,6.1900,6.2000,6.1800,6.1900,912700,5649622.0000,3
2025-04-02,20250402094500000,sh.600864,6.1900,6.2100,6.1800,6.1800,418100,2588495.0000,3
2025-04-02,20250402095000000,sh.600864,6.1900,6.2200,6.1800,6.2200,507400,3144033.0000,3
2025-04-02,20250402095500000,sh.600864,6.2100,6.2300,6.2100,6.2200,914100,5682794.0000,3
2025-04-02,20250402100000000,sh.600864,6.2100,6.2300,6.2100,6.2300,678600,4219362.0000,3
2025-04-02,20250402100500000,sh.600864,6.2200,6.2300,6.2100,6.2200,370100,2302600.0000,3
2025-04-02,20250402101000000,sh.600864,6.2200,6.2300,6.2100,6.2100,556800,3464824.0000,3
2025-04-02,20250402101500000,sh.600864,6.2100,6.2300,6.2100,6.2100,442600,2752984.0000,3
2025-04-02,20250402102000000,sh.600864,6.2100,6.2200,6.2000,6.2200,1665800,10324892.0000,3
2025-04-02,20250402102500000,sh.600864,6.2200,6.2200,6.2100,6.2200,462500,2875816.0000,3
2025-04-02,20250402103000000,sh.600864,6.2200,6.2300,6.2200,6.2200,509700,3174824.0000,3
2025-04-02,20250402103500000,sh.600864,6.2200,6.2200,6.2100,6.2100,283400,1761516.0000,3
2025-04-02,20250402104000000,sh.600864,6.2200,6.2200,6.2000,6.2100,231600,1438128.0000,3
2025-04-02,20250402104500000,sh.600864,6.2100,6.2200,6.2000,6.2100,167800,1041944.0000,3
2025-04-02,20250402105000000,sh.600864,6.2100,6.2200,6.2100,6.2100,40800,253428.0000,3
2025-04-02,20250402105500000,sh.600864,6.2100,6.2200,6.2000,6.2100,263100,1633944.0000,3
2025-04-02,20250402110000000,sh.600864,6.2100,6.2200,6.2100,6.2200,74100,460264.0000,3
2025-04-02,20250402110500000,sh.600864,6.2100,6.2200,6.2000,6.2100,101500,630324.0000,3
2025-04-02,20250402111000000,sh.600864,6.2100,6.2200,6.2000,6.2000,94800,588560.0000,3
2025-04-02,20250402111500000,sh.600864,6.2000,6.2200,6.2000,6.2100,146100,907096.0000,3
2025-04-02,20250402112000000,sh.600864,6.2100,6.2200,6.2000,6.2000,111300,691132.0000,3
2025-04-02,20250402112500000,sh.600864,6.2000,6.2200,6.2000,6.2100,96700,600480.0000,3
2025-04-02,20250402113000000,sh.600864,6.2100,6.2200,6.2000,6.2200,170800,1060948.0000,3
2025-04-02,20250402130500000,sh.600864,6.2100,6.2300,6.2000,6.2200,948000,5898024.0000,3
2025-04-02,20250402131000000,sh.600864,6.2200,6.2200,6.2000,6.2000,187400,1164088.0000,3
2025-04-02,20250402131500000,sh.600864,6.2100,6.2100,6.2000,6.2000,150600,935040.0000,3
2025-04-02,20250402132000000,sh.600864,6.2100,6.2100,6.2000,6.2000,58400,362344.0000,3
2025-04-02,20250402132500000,sh.600864,6.2100,6.2100,6.2000,6.2000,143300,888560.0000,3
2025-04-02,20250402133000000,sh.600864,6.2100,6.2100,6.2000,6.2100,359500,2228944.0000,3
2025-04-02,20250402133500000,sh.600864,6.2100,6.2100,6.2000,6.2100,150300,932200.0000,3
2025-04-02,20250402134000000,sh.600864,6.2000,6.2100,6.1900,6.2000,107300,665136.0000,3
2025-04-02,20250402134500000,sh.600864,6.1900,6.2100,6.1900,6.2100,415300,2574592.0000,3
2025-04-02,20250402135000000,sh.600864,6.2000,6.2100,6.2000,6.2100,92600,574400.0000,3
2025-04-02,20250402135500000,sh.600864,6.2100,6.2100,6.2000,6.2100,68500,425184.0000,3
2025-04-02,20250402140000000,sh.600864,6.2100,6.2100,6.2000,6.2100,57400,356168.0000,3
2025-04-02,20250402140500000,sh.600864,6.2100,6.2100,6.2000,6.2100,114200,708536.0000,3
2025-04-02,20250402141000000,sh.600864,6.2000,6.2100,6.2000,6.2100,76900,476864.0000,3
2025-04-02,20250402141500000,sh.600864,6.2000,6.2100,6.1900,6.2100,326200,2022288.0000,3
2025-04-02,20250402142000000,sh.600864,6.2100,6.2100,6.1900,6.2000,121800,755136.0000,3
2025-04-02,20250402142500000,sh.600864,6.2000,6.2000,6.1900,6.2000,55600,344504.0000,3
2025-04-02,20250402143000000,sh.600864,6.1900,6.2000,6.1800,6.1800,547200,3387128.0000,3
2025-04-02,20250402143500000,sh.600864,6.1900,6.2000,6.1800,6.1900,396700,2455664.0000,3
2025-04-02,20250402144000000,sh.600864,6.1900,6.1900,6.1800,6.1900,205400,1270832.0000,3
2025-04-02,20250402144500000,sh.600864,6.1800,6.2000,6.1800,6.2000,376800,2333248.0000,3
2025-04-02,20250402145000000,sh.600864,6.2000,6.2100,6.1900,6.2100,462700,2869784.0000,3
2025-04-02,20250402145500000,sh.600864,6.2000,6.2100,6.2000,6.2000,378600,2350112.0000,3
2025-04-02,20250402150000000,sh.600864,6.2100,6.2200,6.2000,6.2100,392700,2438312.0000,3
2025-04-03,20250403093500000,sh.600864,6.1200,6.2300,6.1200,6.2200,2754400,17062766.0000,3
2025-04-03,20250403094000000,sh.600864,6.2200,6.2700,6.2100,6.2600,2469100,15422076.0000,3
2025-04-03,20250403094500000,sh.600864,6.2500,6.2700,6.2400,6.2700,1619800,10134282.0000,3
2025-04-03,20250403095000000,sh.600864,6.2700,6.2700,6.2500,6.2600,720500,4506332.0000,3
2025-04-03,20250403095500000,sh.600864,6.2600,6.2600,6.2400,6.2500,605200,3780576.0000,3
2025-04-03,20250403100000000,sh.600864,6.2400,6.2500,6.2300,6.2400,405800,2532068.0000,3
2025-04-03,20250403100500000,sh.600864,6.2400,6.2500,6.2200,6.2300,1056000,6581032.0000,3
2025-04-03,20250403101000000,sh.600864,6.2300,6.2300,6.2000,6.2200,958900,5955960.0000,3
2025-04-03,20250403101500000,sh.600864,6.2100,6.2300,6.2100,6.2300,150600,935872.0000,3
2025-04-03,20250403102000000,sh.600864,6.2300,6.2400,6.2200,6.2400,379500,2365932.0000,3
2025-04-03,20250403102500000,sh.600864,6.2400,6.2500,6.2300,6.2400,565900,3532808.0000,3
2025-04-03,20250403103000000,sh.600864,6.2400,6.2900,6.2400,6.2900,1968900,12341488.0000,3
2025-04-03,20250403103500000,sh.600864,6.2800,6.2900,6.2600,6.2800,931200,5841832.0000,3
2025-04-03,20250403104000000,sh.600864,6.2800,6.2900,6.2600,6.2600,805800,5057744.0000,3
2025-04-03,20250403104500000,sh.600864,6.2700,6.2900,6.2600,6.2900,878700,5515272.0000,3
2025-04-03,20250403105000000,sh.600864,6.2900,6.3000,6.2700,6.2700,1322000,8311400.0000,3
2025-04-03,20250403105500000,sh.600864,6.2800,6.2800,6.2600,6.2700,276800,1736728.0000,3
2025-04-03,20250403110000000,sh.600864,6.2800,6.2800,6.2600,6.2600,113000,708520.0000,3
2025-04-03,20250403110500000,sh.600864,6.2700,6.2700,6.2600,6.2600,191400,1198648.0000,3
2025-04-03,20250403111000000,sh.600864,6.2700,6.2700,6.2500,6.2700,502400,3146120.0000,3
2025-04-03,20250403111500000,sh.600864,6.2700,6.2700,6.2500,6.2500,157000,982832.0000,3
2025-04-03,20250403112000000,sh.600864,6.2600,6.2600,6.2400,6.2400,274200,1713040.0000,3
2025-04-03,20250403112500000,sh.600864,6.2500,6.2500,6.2400,6.2400,252300,1576384.0000,3
2025-04-03,20250403113000000,sh.600864,6.2400,6.2500,6.2300,6.2300,748300,4667088.0000,3
2025-04-03,20250403130500000,sh.600864,6.2300,6.2500,6.2300,6.2400,274200,1710512.0000,3
2025-04-03,20250403131000000,sh.600864,6.2400,6.2400,6.2200,6.2300,469000,2922368.0000,3
2025-04-03,20250403131500000,sh.600864,6.2200,6.2400,6.2200,6.2400,430300,2682024.0000,3
2025-04-03,20250403132000000,sh.600864,6.2400,6.2400,6.2300,6.2400,70200,438000.0000,3
2025-04-03,20250403132500000,sh.600864,6.2400,6.2400,6.2300,6.2300,116700,727128.0000,3
2025-04-03,20250403133000000,sh.600864,6.2300,6.2500,6.2200,6.2500,448100,2793584.0000,3
2025-04-03,20250403133500000,sh.600864,6.2400,6.2500,6.2400,6.2500,157100,980688.0000,3
2025-04-03,20250403134000000,sh.600864,6.2400,6.2700,6.2400,6.2700,549500,3436528.0000,3
2025-04-03,20250403134500000,sh.600864,6.2700,6.2700,6.2500,6.2500,185000,1157952.0000,3
2025-04-03,20250403135000000,sh.600864,6.2500,6.2700,6.2400,6.2600,364900,2282800.0000,3
2025-04-03,20250403135500000,sh.600864,6.2700,6.2800,6.2600,6.2800,395100,2478208.0000,3
2025-04-03,20250403140000000,sh.600864,6.2800,6.2800,6.2600,6.2700,470900,2952736.0000,3
2025-04-03,20250403140500000,sh.600864,6.2700,6.2800,6.2600,6.2700,458500,2876064.0000,3
2025-04-03,20250403141000000,sh.600864,6.2800,6.2900,6.2700,6.2800,814300,5114640.0000,3
2025-04-03,20250403141500000,sh.600864,6.2800,6.2800,6.2700,6.2800,390100,2449104.0000,3
2025-04-03,20250403142000000,sh.600864,6.2800,6.2800,6.2700,6.2800,364300,2284656.0000,3
2025-04-03,20250403142500000,sh.600864,6.2700,6.2800,6.2700,6.2800,86100,540112.0000,3
2025-04-03,20250403143000000,sh.600864,6.2700,6.2800,6.2600,6.2800,250400,1570128.0000,3
2025-04-03,20250403143500000,sh.600864,6.2700,6.2800,6.2700,6.2800,493400,3098336.0000,3
2025-04-03,20250403144000000,sh.600864,6.2800,6.2800,6.2700,6.2800,171500,1076896.0000,3
2025-04-03,20250403144500000,sh.600864,6.2700,6.2800,6.2700,6.2800,271900,1706000.0000,3
2025-04-03,20250403145000000,sh.600864,6.2700,6.2800,6.2600,6.2600,637100,3993872.0000,3
2025-04-03,20250403145500000,sh.600864,6.2600,6.2800,6.2600,6.2700,693800,4351600.0000,3
2025-04-03,20250403150000000,sh.600864,6.2800,6.2800,6.2700,6.2800,1057700,6641472.0000,3
2025-04-07,20250407093500000,sh.600864,6.0400,6.0900,6.0100,6.0400,6952600,41962472.0000,3
2025-04-07,20250407094000000,sh.600864,6.0200,6.0200,5.8000,5.8200,6026700,35631240.0000,3
2025-04-07,20250407094500000,sh.600864,5.8300,5.8400,5.7600,5.8000,5087900,29500032.0000,3
2025-04-07,20250407095000000,sh.600864,5.7800,5.7900,5.7100,5.7500,3466700,19977896.0000,3
2025-04-07,20250407095500000,sh.600864,5.7500,5.7900,5.6800,5.7900,3162000,18125384.0000,3
2025-04-07,20250407100000000,sh.600864,5.7900,5.8200,5.7600,5.8000,1482900,8594144.0000,3
2025-04-07,20250407100500000,sh.600864,5.8100,5.8100,5.7400,5.7900,1213700,7008272.0000,3
2025-04-07,20250407101000000,sh.600864,5.7800,5.7900,5.7500,5.7700,806500,4657968.0000,3
2025-04-07,20250407101500000,sh.600864,5.7600,5.7800,5.7400,5.7500,1128100,6493440.0000,3
2025-04-07,20250407102000000,sh.600864,5.7500,5.7900,5.7400,5.7900,696300,4017792.0000,3
2025-04-07,20250407102500000,sh.600864,5.7900,5.8000,5.7700,5.7900,540600,3127712.0000,3
2025-04-07,20250407103000000,sh.600864,5.7900,5.8000,5.7600,5.7700,623400,3601088.0000,3
2025-04-07,20250407103500000,sh.600864,5.7700,5.7700,5.7200,5.7300,775100,4453360.0000,3
2025-04-07,20250407104000000,sh.600864,5.7200,5.7400,5.7200,5.7400,491800,2818880.0000,3
2025-04-07,20250407104500000,sh.600864,5.7400,5.7600,5.7400,5.7600,308000,1772048.0000,3
2025-04-07,20250407105000000,sh.600864,5.7600,5.7800,5.7500,5.7600,676000,3899360.0000,3
2025-04-07,20250407105500000,sh.600864,5.7600,5.7800,5.7300,5.7300,594600,3419456.0000,3
2025-04-07,20250407110000000,sh.600864,5.7300,5.7400,5.7100,5.7100,604300,3459040.0000,3
2025-04-07,20250407110500000,sh.600864,5.7100,5.7200,5.7000,5.7200,817100,4663920.0000,3
2025-04-07,20250407111000000,sh.600864,5.7100,5.7200,5.6900,5.6900,869000,4955632.0000,3
2025-04-07,20250407111500000,sh.600864,5.7000,5.7000,5.6800,5.6800,494700,2814176.0000,3
2025-04-07,20250407112000000,sh.600864,5.6900,5.6900,5.6700,5.6700,829200,4710896.0000,3
2025-04-07,20250407112500000,sh.600864,5.6700,5.6800,5.6600,5.6800,850100,4818304.0000,3
2025-04-07,20250407113000000,sh.600864,5.6700,5.6800,5.6600,5.6600,625300,3542768.0000,3
2025-04-07,20250407130500000,sh.600864,5.6700,5.6700,5.6500,5.6500,2459300,13904320.0000,3
2025-04-07,20250407131000000,sh.600864,5.6500,5.6500,5.6500,5.6500,347500,1963376.0000,3
2025-04-07,20250407131500000,sh.600864,5.6500,5.6500,5.6500,5.6500,93000,525456.0000,3
2025-04-07,20250407132000000,sh.600864,5.6500,5.6500,5.6500,5.6500,207100,1170112.0000,3
2025-04-07,20250407132500000,sh.600864,5.6500,5.6500,5.6500,5.6500,257900,1457136.0000,3
2025-04-07,20250407133000000,sh.600864,5.6500,5.6500,5.6500,5.6500,62200,351424.0000,3
2025-04-07,20250407133500000,sh.600864,5.6500,5.6500,5.6500,5.6500,77800,439568.0000,3
2025-04-07,20250407134000000,sh.600864,5.6500,5.6500,5.6500,5.6500,117000,661056.0000,3
2025-04-07,20250407134500000,sh.600864,5.6500,5.6500,5.6500,5.6500,142900,807376.0000,3
2025-04-07,20250407135000000,sh.600864,5.6500,5.6500,5.6500,5.6500,103000,581952.0000,3
2025-04-07,20250407135500000,sh.600864,5.6500,5.6500,5.6500,5.6500,24300,137296.0000,3
2025-04-07,20250407140000000,sh.600864,5.6500,5.6500,5.6500,5.6500,54700,309056.0000,3
2025-04-07,20250407140500000,sh.600864,5.6500,5.6500,5.6500,5.6500,43800,247472.0000,3
2025-04-07,20250407141000000,sh.600864,5.6500,5.6500,5.6500,5.6500,32200,181936.0000,3
2025-04-07,20250407141500000,sh.600864,5.6500,5.6500,5.6500,5.6500,98000,553696.0000,3
2025-04-07,20250407142000000,sh.600864,5.6500,5.6500,5.6500,5.6500,63100,356512.0000,3
2025-04-07,20250407142500000,sh.600864,5.6500,5.6500,5.6500,5.6500,36500,206224.0000,3
2025-04-07,20250407143000000,sh.600864,5.6500,5.6500,5.6500,5.6500,32800,185328.0000,3
2025-04-07,20250407143500000,sh.600864,5.6500,5.6500,5.6500,5.6500,78100,441264.0000,3
2025-04-07,20250407144000000,sh.600864,5.6500,5.6600,5.6500,5.6500,3721600,21030704.0000,3
2025-04-07,20250407144500000,sh.600864,5.6500,5.6500,5.6500,5.6500,316000,1785408.0000,3
2025-04-07,20250407145000000,sh.600864,5.6500,5.6500,5.6500,5.6500,99500,562176.0000,3
2025-04-07,20250407145500000,sh.600864,5.6500,5.6500,5.6500,5.6500,136700,772352.0000,3
2025-04-07,20250407150000000,sh.600864,5.6500,5.6500,5.6500,5.6500,521900,2948736.0000,3
2025-04-08,20250408093500000,sh.600864,5.6700,5.7500,5.6400,5.7100,7129000,40533112.0000,3
2025-04-08,20250408094000000,sh.600864,5.7100,5.7600,5.7000,5.7100,2909400,16678000.0000,3
2025-04-08,20250408094500000,sh.600864,5.7200,5.7200,5.6600,5.6800,1621300,9237060.0000,3
2025-04-08,20250408095000000,sh.600864,5.6800,5.6800,5.6300,5.6600,2076800,11734884.0000,3
2025-04-08,20250408095500000,sh.600864,5.6600,5.6600,5.5600,5.6200,2132600,11958648.0000,3
2025-04-08,20250408100000000,sh.600864,5.6200,5.6800,5.6200,5.6800,1133400,6410752.0000,3
2025-04-08,20250408100500000,sh.600864,5.6700,5.6800,5.6500,5.6500,660400,3742176.0000,3
2025-04-08,20250408101000000,sh.600864,5.6500,5.7200,5.6500,5.6900,744000,4231328.0000,3
2025-04-08,20250408101500000,sh.600864,5.6900,5.7200,5.6900,5.7100,996100,5686408.0000,3
2025-04-08,20250408102000000,sh.600864,5.7100,5.7100,5.6800,5.6800,588000,3349200.0000,3
2025-04-08,20250408102500000,sh.600864,5.6900,5.6900,5.6500,5.6500,313300,1777208.0000,3
2025-04-08,20250408103000000,sh.600864,5.6500,5.6600,5.6300,5.6500,863400,4875224.0000,3
2025-04-08,20250408103500000,sh.600864,5.6500,5.6800,5.6500,5.6700,848400,4811536.0000,3
2025-04-08,20250408104000000,sh.600864,5.6800,5.6800,5.6600,5.6600,328700,1862976.0000,3
2025-04-08,20250408104500000,sh.600864,5.6600,5.6600,5.6400,5.6400,203000,1146696.0000,3
2025-04-08,20250408105000000,sh.600864,5.6400,5.6600,5.6300,5.6600,593100,3345568.0000,3
2025-04-08,20250408105500000,sh.600864,5.6500,5.6600,5.6400,5.6500,330500,1867448.0000,3
2025-04-08,20250408110000000,sh.600864,5.6400,5.6600,5.6200,5.6200,472400,2660576.0000,3
2025-04-08,20250408110500000,sh.600864,5.6300,5.6600,5.6200,5.6500,414000,2337552.0000,3
2025-04-08,20250408111000000,sh.600864,5.6500,5.6500,5.6300,5.6400,381900,2154624.0000,3
2025-04-08,20250408111500000,sh.600864,5.6400,5.6500,5.6300,5.6500,324000,1827536.0000,3
2025-04-08,20250408112000000,sh.600864,5.6400,5.6700,5.6400,5.6600,313200,1772272.0000,3
2025-04-08,20250408112500000,sh.600864,5.6600,5.6700,5.6500,5.6500,166300,941040.0000,3
2025-04-08,20250408113000000,sh.600864,5.6500,5.6700,5.6500,5.6700,224400,1270848.0000,3
2025-04-08,20250408130500000,sh.600864,5.6700,5.6700,5.6300,5.6300,720200,4070736.0000,3
2025-04-08,20250408131000000,sh.600864,5.6400,5.6500,5.6200,5.6300,547500,3082496.0000,3
2025-04-08,20250408131500000,sh.600864,5.6200,5.6300,5.6100,5.6100,357000,2005520.0000,3
2025-04-08,20250408132000000,sh.600864,5.6200,5.6200,5.5700,5.5900,1048900,5860160.0000,3
2025-04-08,20250408132500000,sh.600864,5.6000,5.6000,5.5700,5.5900,947600,5288544.0000,3
2025-04-08,20250408133000000,sh.600864,5.5800,5.5900,5.5700,5.5700,440700,2458336.0000,3
2025-04-08,20250408133500000,sh.600864,5.5700,5.5800,5.5600,5.5700,1323700,7372784.0000,3
2025-04-08,20250408134000000,sh.600864,5.5700,5.6200,5.5600,5.6100,633600,3544384.0000,3
2025-04-08,20250408134500000,sh.600864,5.6100,5.6200,5.5700,5.5800,592300,3313408.0000,3
2025-04-08,20250408135000000,sh.600864,5.5800,5.5900,5.5600,5.5800,750300,4179760.0000,3
2025-04-08,20250408135500000,sh.600864,5.5700,5.5900,5.5400,5.5500,1000000,5557520.0000,3
2025-04-08,20250408140000000,sh.600864,5.5500,5.6000,5.5400,5.5800,642300,3580688.0000,3
2025-04-08,20250408140500000,sh.600864,5.5700,5.6100,5.5700,5.6000,475100,2655696.0000,3
2025-04-08,20250408141000000,sh.600864,5.6000,5.6000,5.5700,5.5700,321400,1796160.0000,3
2025-04-08,20250408141500000,sh.600864,5.5700,5.5700,5.5400,5.5500,446200,2480080.0000,3
2025-04-08,20250408142000000,sh.600864,5.5500,5.5600,5.5400,5.5400,499800,2771312.0000,3
2025-04-08,20250408142500000,sh.600864,5.5400,5.5500,5.5100,5.5500,964300,5330832.0000,3
2025-04-08,20250408143000000,sh.600864,5.5500,5.5700,5.5400,5.5600,640000,3555216.0000,3
2025-04-08,20250408143500000,sh.600864,5.5700,5.5700,5.5500,5.5600,469000,2607776.0000,3
2025-04-08,20250408144000000,sh.600864,5.5600,5.5900,5.5500,5.5900,531800,2961792.0000,3
2025-04-08,20250408144500000,sh.600864,5.5900,5.6500,5.5900,5.6100,1031200,5795280.0000,3
2025-04-08,20250408145000000,sh.600864,5.6100,5.6500,5.6100,5.6400,744100,4184240.0000,3
2025-04-08,20250408145500000,sh.600864,5.6500,5.6500,5.6300,5.6500,853600,4814624.0000,3
2025-04-08,20250408150000000,sh.600864,5.6400,5.6500,5.6300,5.6300,823600,4643184.0000,3
2025-04-09,20250409093500000,sh.600864,5.5200,5.5600,5.4600,5.4800,4348400,23901080.0000,3
2025-04-09,20250409094000000,sh.600864,5.4800,5.4800,5.3600,5.4200,3339200,18064388.0000,3
2025-04-09,20250409094500000,sh.600864,5.4100,5.4500,5.3500,5.4200,2040600,10997736.0000,3
2025-04-09,20250409095000000,sh.600864,5.4400,5.4900,5.4400,5.4800,1754700,9583156.0000,3
2025-04-09,20250409095500000,sh.600864,5.4800,5.5200,5.4500,5.4900,1017400,5582544.0000,3
2025-04-09,20250409100000000,sh.600864,5.4900,5.5700,5.4800,5.5500,2020900,11190704.0000,3
2025-04-09,20250409100500000,sh.600864,5.5600,5.6500,5.5600,5.6000,1718700,9634528.0000,3
2025-04-09,20250409101000000,sh.600864,5.6000,5.6000,5.5800,5.5800,777000,4343616.0000,3
2025-04-09,20250409101500000,sh.600864,5.5900,5.6500,5.5900,5.6300,861500,4846032.0000,3
2025-04-09,20250409102000000,sh.600864,5.6300,5.6600,5.6200,5.6400,945400,5335128.0000,3
2025-04-09,20250409102500000,sh.600864,5.6300,5.6600,5.6100,5.6600,928300,5225696.0000,3
2025-04-09,20250409103000000,sh.600864,5.6500,5.6700,5.6300,5.6300,669100,3782184.0000,3
2025-04-09,20250409103500000,sh.600864,5.6400,5.6500,5.6100,5.6400,501100,2821912.0000,3
2025-04-09,20250409104000000,sh.600864,5.6300,5.6600,5.6300,5.6300,428600,2419832.0000,3
2025-04-09,20250409104500000,sh.600864,5.6400,5.6400,5.6200,5.6200,184600,1038552.0000,3
2025-04-09,20250409105000000,sh.600864,5.6200,5.6400,5.6200,5.6300,173900,979800.0000,3
2025-04-09,20250409105500000,sh.600864,5.6400,5.6500,5.6400,5.6400,177300,1000208.0000,3
2025-04-09,20250409110000000,sh.600864,5.6400,5.6600,5.6300,5.6500,404900,2286672.0000,3
2025-04-09,20250409110500000,sh.600864,5.6600,5.6800,5.6400,5.6400,737400,4178024.0000,3
2025-04-09,20250409111000000,sh.600864,5.6400,5.6500,5.6100,5.6100,365700,2058568.0000,3
2025-04-09,20250409111500000,sh.600864,5.6200,5.6300,5.6100,5.6300,276300,1553168.0000,3
2025-04-09,20250409112000000,sh.600864,5.6100,5.6400,5.6100,5.6200,197800,1113240.0000,3
2025-04-09,20250409112500000,sh.600864,5.6300,5.6600,5.6200,5.6500,316700,1786608.0000,3
2025-04-09,20250409113000000,sh.600864,5.6600,5.6900,5.6600,5.6700,1209800,6864448.0000,3
2025-04-09,20250409130500000,sh.600864,5.6700,5.6700,5.6200,5.6500,606700,3422400.0000,3
2025-04-09,20250409131000000,sh.600864,5.6500,5.6800,5.6500,5.6700,446400,2528672.0000,3
2025-04-09,20250409131500000,sh.600864,5.6600,5.6900,5.6600,5.6800,500200,2841296.0000,3
2025-04-09,20250409132000000,sh.600864,5.6900,5.7000,5.6800,5.7000,952100,5422672.0000,3
2025-04-09,20250409132500000,sh.600864,5.7000,5.7100,5.6900,5.6900,404700,2307648.0000,3
2025-04-09,20250409133000000,sh.600864,5.6900,5.7100,5.6900,5.7100,387100,2206736.0000,3
2025-04-09,20250409133500000,sh.600864,5.7100,5.7700,5.7000,5.7700,1208900,6936592.0000,3
2025-04-09,20250409134000000,sh.600864,5.7600,5.7800,5.7600,5.7700,891000,5138864.0000,3
2025-04-09,20250409134500000,sh.600864,5.7600,5.8000,5.7500,5.7900,1010400,5842880.0000,3
2025-04-09,20250409135000000,sh.600864,5.7900,5.8000,5.7800,5.7900,745400,4313856.0000,3
2025-04-09,20250409135500000,sh.600864,5.7900,5.8200,5.7700,5.7800,1918000,11123728.0000,3
2025-04-09,20250409140000000,sh.600864,5.7800,5.8100,5.7700,5.7700,733000,4245168.0000,3
2025-04-09,20250409140500000,sh.600864,5.7800,5.7800,5.7600,5.7600,457900,2641584.0000,3
2025-04-09,20250409141000000,sh.600864,5.7700,5.8000,5.7600,5.7800,483000,2789760.0000,3
2025-04-09,20250409141500000,sh.600864,5.7900,5.7900,5.7800,5.7900,207500,1200976.0000,3
2025-04-09,20250409142000000,sh.600864,5.7900,5.8000,5.7800,5.7900,230600,1335632.0000,3
2025-04-09,20250409142500000,sh.600864,5.7900,5.8000,5.7800,5.7900,351700,2034384.0000,3
2025-04-09,20250409143000000,sh.600864,5.7800,5.7900,5.7800,5.7800,169100,978048.0000,3
2025-04-09,20250409143500000,sh.600864,5.7900,5.8100,5.7800,5.8000,803600,4660048.0000,3
2025-04-09,20250409144000000,sh.600864,5.8100,5.8100,5.7800,5.7800,566200,3281488.0000,3
2025-04-09,20250409144500000,sh.600864,5.7900,5.7900,5.7800,5.7900,572900,3312064.0000,3
2025-04-09,20250409145000000,sh.600864,5.7900,5.7900,5.7600,5.7800,447300,2581648.0000,3
2025-04-09,20250409145500000,sh.600864,5.7700,5.7800,5.7600,5.7600,658900,3802752.0000,3
2025-04-09,20250409150000000,sh.600864,5.7700,5.7700,5.7500,5.7500,548900,3162720.0000,3
2025-04-10,20250410093500000,sh.600864,5.8400,5.8400,5.7900,5.8200,3721500,21671408.0000,3
2025-04-10,20250410094000000,sh.600864,5.8300,5.8900,5.8200,5.8700,1938500,11349328.0000,3
2025-04-10,20250410094500000,sh.600864,5.8700,5.8800,5.8400,5.8700,1233300,7225888.0000,3
2025-04-10,20250410095000000,sh.600864,5.8600,5.9100,5.8500,5.8900,2038100,11996660.0000,3
2025-04-10,20250410095500000,sh.600864,5.9000,5.9400,5.9000,5.9400,1258800,7456676.0000,3
2025-04-10,20250410100000000,sh.600864,5.9300,5.9500,5.9100,5.9300,1059200,6284612.0000,3
2025-04-10,20250410100500000,sh.600864,5.9300,5.9500,5.9100,5.9100,1053100,6241364.0000,3
2025-04-10,20250410101000000,sh.600864,5.9100,5.9200,5.8900,5.9100,506500,2987832.0000,3
2025-04-10,20250410101500000,sh.600864,5.9100,5.9200,5.8900,5.9000,421500,2490344.0000,3
2025-04-10,20250410102000000,sh.600864,5.8900,5.9100,5.8900,5.9000,390500,2301960.0000,3
2025-04-10,20250410102500000,sh.600864,5.9000,5.9200,5.8900,5.9200,386900,2283760.0000,3
2025-04-10,20250410103000000,sh.600864,5.9200,5.9200,5.8800,5.9000,471500,2780344.0000,3
2025-04-10,20250410103500000,sh.600864,5.8900,5.9000,5.8800,5.8900,377500,2223320.0000,3
2025-04-10,20250410104000000,sh.600864,5.8800,5.8900,5.8600,5.8900,939800,5517888.0000,3
2025-04-10,20250410104500000,sh.600864,5.8800,5.8900,5.8600,5.8700,248700,1461152.0000,3
2025-04-10,20250410105000000,sh.600864,5.8700,5.8700,5.8500,5.8700,457600,2681176.0000,3
2025-04-10,20250410105500000,sh.600864,5.8700,5.8800,5.8600,5.8800,708400,4157096.0000,3
2025-04-10,20250410110000000,sh.600864,5.8800,5.9000,5.8700,5.8800,580200,3415304.0000,3
2025-04-10,20250410110500000,sh.600864,5.8700,5.8900,5.8600,5.8800,337500,1981352.0000,3
2025-04-10,20250410111000000,sh.600864,5.8800,5.8800,5.8700,5.8700,84400,496136.0000,3
2025-04-10,20250410111500000,sh.600864,5.8800,5.8800,5.8500,5.8600,360500,2114008.0000,3
2025-04-10,20250410112000000,sh.600864,5.8600,5.8800,5.8500,5.8700,186400,1092936.0000,3
2025-04-10,20250410112500000,sh.600864,5.8700,5.8800,5.8500,5.8600,131600,771128.0000,3
2025-04-10,20250410113000000,sh.600864,5.8500,5.8600,5.8500,5.8600,186300,1089480.0000,3
2025-04-10,20250410130500000,sh.600864,5.8500,5.8600,5.8400,5.8400,309700,1810552.0000,3
2025-04-10,20250410131000000,sh.600864,5.8400,5.8600,5.8400,5.8400,308500,1804072.0000,3
2025-04-10,20250410131500000,sh.600864,5.8400,5.8700,5.8400,5.8600,365900,2142976.0000,3
2025-04-10,20250410132000000,sh.600864,5.8600,5.8800,5.8600,5.8700,376600,2210272.0000,3
2025-04-10,20250410132500000,sh.600864,5.8700,5.8700,5.8500,5.8600,146200,857168.0000,3
2025-04-10,20250410133000000,sh.600864,5.8600,5.8800,5.8600,5.8800,299500,1758584.0000,3
2025-04-10,20250410133500000,sh.600864,5.8700,5.8800,5.8500,5.8600,325200,1906680.0000,3
2025-04-10,20250410134000000,sh.600864,5.8600,5.8700,5.8500,5.8600,198600,1163928.0000,3
2025-04-10,20250410134500000,sh.600864,5.8700,5.8900,5.8600,5.8800,619900,3642728.0000,3
2025-04-10,20250410135000000,sh.600864,5.8800,5.8800,5.8600,5.8700,153700,902368.0000,3
2025-04-10,20250410135500000,sh.600864,5.8700,5.8700,5.8500,5.8600,319600,1873144.0000,3
2025-04-10,20250410140000000,sh.600864,5.8600,5.8600,5.8400,5.8400,408000,2388424.0000,3
2025-04-10,20250410140500000,sh.600864,5.8400,5.8500,5.8300,5.8400,225200,1315184.0000,3
2025-04-10,20250410141000000,sh.600864,5.8500,5.8800,5.8500,5.8800,535100,3139488.0000,3
2025-04-10,20250410141500000,sh.600864,5.8700,5.8800,5.8600,5.8600,242000,1419184.0000,3
2025-04-10,20250410142000000,sh.600864,5.8600,5.8700,5.8600,5.8600,237300,1391104.0000,3
2025-04-10,20250410142500000,sh.600864,5.8600,5.8700,5.8500,5.8700,249000,1459152.0000,3
2025-04-10,20250410143000000,sh.600864,5.8600,5.8600,5.8400,5.8500,361100,2112800.0000,3
2025-04-10,20250410143500000,sh.600864,5.8500,5.8600,5.8400,5.8400,185300,1083520.0000,3
2025-04-10,20250410144000000,sh.600864,5.8400,5.8500,5.8300,5.8300,450500,2630816.0000,3
2025-04-10,20250410144500000,sh.600864,5.8300,5.8400,5.8200,5.8200,503200,2934096.0000,3
2025-04-10,20250410145000000,sh.600864,5.8300,5.8400,5.8200,5.8300,628000,3661920.0000,3
2025-04-10,20250410145500000,sh.600864,5.8400,5.8400,5.8200,5.8300,653400,3808400.0000,3
2025-04-10,20250410150000000,sh.600864,5.8400,5.8400,5.8300,5.8300,303600,1770528.0000,3
2025-04-11,20250411093500000,sh.600864,5.8000,5.8500,5.7800,5.8500,1177700,6854488.0000,3
2025-04-11,20250411094000000,sh.600864,5.8400,5.8500,5.8100,5.8100,712300,4152088.0000,3
2025-04-11,20250411094500000,sh.600864,5.8200,5.8300,5.8000,5.8000,1139600,6617164.0000,3
2025-04-11,20250411095000000,sh.600864,5.8100,5.8200,5.8000,5.8200,380600,2211704.0000,3
2025-04-11,20250411095500000,sh.600864,5.8200,5.8300,5.8000,5.8300,435300,2529964.0000,3
2025-04-11,20250411100000000,sh.600864,5.8300,5.8300,5.8100,5.8200,236500,1375736.0000,3
2025-04-11,20250411100500000,sh.600864,5.8200,5.8200,5.8000,5.8100,553000,3214824.0000,3
2025-04-11,20250411101000000,sh.600864,5.8200,5.8200,5.8100,5.8200,191500,1113432.0000,3
2025-04-11,20250411101500000,sh.600864,5.8200,5.8300,5.8000,5.8200,714500,4156034.0000,3
2025-04-11,20250411102000000,sh.600864,5.8200,5.8300,5.8100,5.8200,524800,3052710.0000,3
2025-04-11,20250411102500000,sh.600864,5.8300,5.8400,5.8200,5.8300,268700,1566464.0000,3
2025-04-11,20250411103000000,sh.600864,5.8400,5.8400,5.8200,5.8200,158000,921248.0000,3
2025-04-11,20250411103500000,sh.600864,5.8100,5.8300,5.8100,5.8200,406000,2361092.0000,3
2025-04-11,20250411104000000,sh.600864,5.8200,5.8300,5.8100,5.8100,81600,474524.0000,3
2025-04-11,20250411104500000,sh.600864,5.8100,5.8200,5.8100,5.8100,138100,802572.0000,3
2025-04-11,20250411105000000,sh.600864,5.8100,5.8100,5.8000,5.8000,83200,482844.0000,3
2025-04-11,20250411105500000,sh.600864,5.8100,5.8100,5.7900,5.7900,355200,2059452.0000,3
2025-04-11,20250411110000000,sh.600864,5.8000,5.8000,5.7900,5.7900,206600,1197176.0000,3
2025-04-11,20250411110500000,sh.600864,5.8000,5.8000,5.7800,5.8000,341400,1976828.0000,3
2025-04-11,20250411111000000,sh.600864,5.8000,5.8200,5.7900,5.8100,259600,1506836.0000,3
2025-04-11,20250411111500000,sh.600864,5.8100,5.8200,5.8000,5.8100,471000,2740096.0000,3
2025-04-11,20250411112000000,sh.600864,5.8100,5.8200,5.7900,5.7900,160400,931664.0000,3
2025-04-11,20250411112500000,sh.600864,5.7900,5.8100,5.7900,5.8000,248000,1436832.0000,3
2025-04-11,20250411113000000,sh.600864,5.8100,5.8100,5.7900,5.8100,206700,1199544.0000,3
2025-04-11,20250411130500000,sh.600864,5.8100,5.8400,5.8100,5.8400,977900,5697464.0000,3
2025-04-11,20250411131000000,sh.600864,5.8400,5.8500,5.8100,5.8500,759900,4436464.0000,3
2025-04-11,20250411131500000,sh.600864,5.8500,5.8500,5.8300,5.8400,397500,2321036.0000,3
2025-04-11,20250411132000000,sh.600864,5.8400,5.8400,5.8200,5.8300,194700,1135112.0000,3
2025-04-11,20250411132500000,sh.600864,5.8300,5.8300,5.8200,5.8300,54800,319144.0000,3
2025-04-11,20250411133000000,sh.600864,5.8300,5.8500,5.8200,5.8400,586000,3417072.0000,3
2025-04-11,20250411133500000,sh.600864,5.8300,5.8400,5.8200,5.8300,423300,2468184.0000,3
2025-04-11,20250411134000000,sh.600864,5.8400,5.8500,5.8300,5.8400,333500,1947944.0000,3
2025-04-11,20250411134500000,sh.600864,5.8400,5.8700,5.8300,5.8700,562500,3289880.0000,3
2025-04-11,20250411135000000,sh.600864,5.8700,5.9000,5.8600,5.8800,1646800,9700080.0000,3
2025-04-11,20250411135500000,sh.600864,5.8700,5.8800,5.8500,5.8500,538700,3159616.0000,3
2025-04-11,20250411140000000,sh.600864,5.8600,5.8600,5.8500,5.8600,168900,988888.0000,3
2025-04-11,20250411140500000,sh.600864,5.8600,5.8800,5.8500,5.8800,551900,3238640.0000,3
2025-04-11,20250411141000000,sh.600864,5.8800,5.8800,5.8600,5.8600,327700,1921912.0000,3
2025-04-11,20250411141500000,sh.600864,5.8600,5.8700,5.8500,5.8500,297100,1739656.0000,3
2025-04-11,20250411142000000,sh.600864,5.8500,5.8600,5.8400,5.8500,440400,2576344.0000,3
2025-04-11,20250411142500000,sh.600864,5.8500,5.8500,5.8300,5.8300,687200,4011584.0000,3
2025-04-11,20250411143000000,sh.600864,5.8400,5.8400,5.8300,5.8400,228800,1334360.0000,3
2025-04-11,20250411143500000,sh.600864,5.8400,5.8400,5.8300,5.8400,410400,2394032.0000,3
2025-04-11,20250411144000000,sh.600864,5.8400,5.8400,5.8200,5.8300,193700,1129568.0000,3
2025-04-11,20250411144500000,sh.600864,5.8300,5.8300,5.8200,5.8300,259500,1510704.0000,3
2025-04-11,20250411145000000,sh.600864,5.8200,5.8400,5.8200,5.8300,592300,3453224.0000,3
2025-04-11,20250411145500000,sh.600864,5.8300,5.8400,5.8200,5.8300,416500,2427792.0000,3
2025-04-11,20250411150000000,sh.600864,5.8300,5.8400,5.8200,5.8300,256600,1495680.0000,3
2025-04-14,20250414093500000,sh.600864,5.8600,5.8800,5.8300,5.8600,1567200,9171834.0000,3
2025-04-14,20250414094000000,sh.600864,5.8500,5.8600,5.8400,5.8500,904900,5293644.0000,3
2025-04-14,20250414094500000,sh.600864,5.8500,5.8600,5.8400,5.8500,576400,3370570.0000,3
2025-04-14,20250414095000000,sh.600864,5.8500,5.8600,5.8400,5.8600,664500,3891280.0000,3
2025-04-14,20250414095500000,sh.600864,5.8500,5.8600,5.8400,5.8600,746500,4368172.0000,3
2025-04-14,20250414100000000,sh.600864,5.8600,5.8700,5.8500,5.8600,887100,5202156.0000,3
2025-04-14,20250414100500000,sh.600864,5.8500,5.8700,5.8400,5.8500,922000,5396480.0000,3
2025-04-14,20250414101000000,sh.600864,5.8500,5.8700,5.8500,5.8600,329400,1929968.0000,3
2025-04-14,20250414101500000,sh.600864,5.8600,5.8700,5.8600,5.8700,181600,1065148.0000,3
2025-04-14,20250414102000000,sh.600864,5.8700,5.8700,5.8500,5.8600,276700,1621512.0000,3
2025-04-14,20250414102500000,sh.600864,5.8500,5.8700,5.8500,5.8500,186800,1094216.0000,3
2025-04-14,20250414103000000,sh.600864,5.8500,5.8600,5.8500,5.8600,307200,1799020.0000,3
2025-04-14,20250414103500000,sh.600864,5.8500,5.8700,5.8500,5.8500,451600,2645140.0000,3
2025-04-14,20250414104000000,sh.600864,5.8500,5.8700,5.8500,5.8700,281700,1651480.0000,3
2025-04-14,20250414104500000,sh.600864,5.8600,5.8800,5.8600,5.8700,533600,3132292.0000,3
2025-04-14,20250414105000000,sh.600864,5.8700,5.9000,5.8700,5.9000,1040300,6125876.0000,3
2025-04-14,20250414105500000,sh.600864,5.8900,5.9000,5.8700,5.8900,433100,2549272.0000,3
2025-04-14,20250414110000000,sh.600864,5.8800,5.8900,5.8700,5.8700,173500,1020308.0000,3
2025-04-14,20250414110500000,sh.600864,5.8700,5.8900,5.8700,5.8900,200000,1177216.0000,3
2025-04-14,20250414111000000,sh.600864,5.8900,5.8900,5.8700,5.8700,283500,1667596.0000,3
2025-04-14,20250414111500000,sh.600864,5.8700,5.8800,5.8700,5.8800,91600,538100.0000,3
2025-04-14,20250414112000000,sh.600864,5.8800,5.8800,5.8700,5.8700,191000,1121376.0000,3
2025-04-14,20250414112500000,sh.600864,5.8700,5.8800,5.8700,5.8700,57000,334708.0000,3
2025-04-14,20250414113000000,sh.600864,5.8700,5.8800,5.8700,5.8700,201200,1182612.0000,3
2025-04-14,20250414130500000,sh.600864,5.8700,5.8800,5.8500,5.8600,731200,4287648.0000,3
2025-04-14,20250414131000000,sh.600864,5.8600,5.8600,5.8500,5.8500,261900,1532656.0000,3
2025-04-14,20250414131500000,sh.600864,5.8600,5.8600,5.8500,5.8600,92400,540768.0000,3
2025-04-14,20250414132000000,sh.600864,5.8600,5.8600,5.8400,5.8500,562800,3292344.0000,3
2025-04-14,20250414132500000,sh.600864,5.8500,5.8500,5.8400,5.8400,70000,409152.0000,3
2025-04-14,20250414133000000,sh.600864,5.8500,5.8500,5.8400,5.8500,147000,859032.0000,3
2025-04-14,20250414133500000,sh.600864,5.8400,5.8500,5.8400,5.8400,38900,227280.0000,3
2025-04-14,20250414134000000,sh.600864,5.8400,5.8500,5.8300,5.8300,607000,3543616.0000,3
2025-04-14,20250414134500000,sh.600864,5.8300,5.8400,5.8200,5.8400,988300,5761040.0000,3
2025-04-14,20250414135000000,sh.600864,5.8300,5.8500,5.8300,5.8400,357900,2090384.0000,3
2025-04-14,20250414135500000,sh.600864,5.8400,5.8500,5.8400,5.8500,199600,1167192.0000,3
2025-04-14,20250414140000000,sh.600864,5.8500,5.8600,5.8500,5.8600,130500,763512.0000,3
2025-04-14,20250414140500000,sh.600864,5.8600,5.8600,5.8500,5.8600,108700,636392.0000,3
2025-04-14,20250414141000000,sh.600864,5.8600,5.8600,5.8500,5.8500,455400,2666000.0000,3
2025-04-14,20250414141500000,sh.600864,5.8500,5.8700,5.8500,5.8600,321400,1883312.0000,3
2025-04-14,20250414142000000,sh.600864,5.8600,5.8700,5.8500,5.8500,132800,777744.0000,3
2025-04-14,20250414142500000,sh.600864,5.8600,5.8600,5.8500,5.8600,145700,852608.0000,3
2025-04-14,20250414143000000,sh.600864,5.8500,5.8600,5.8500,5.8600,122400,717072.0000,3
2025-04-14,20250414143500000,sh.600864,5.8500,5.8600,5.8400,5.8500,2136700,12494544.0000,3
2025-04-14,20250414144000000,sh.600864,5.8600,5.8700,5.8500,5.8600,501200,2936768.0000,3
2025-04-14,20250414144500000,sh.600864,5.8600,5.8700,5.8500,5.8600,930800,5459472.0000,3
2025-04-14,20250414145000000,sh.600864,5.8700,5.8800,5.8600,5.8800,1028400,6041624.0000,3
2025-04-14,20250414145500000,sh.600864,5.8800,5.8900,5.8700,5.8800,869500,5111256.0000,3
2025-04-14,20250414150000000,sh.600864,5.8800,5.8900,5.8700,5.8800,868800,5112048.0000,3
2025-04-15,20250415093500000,sh.600864,5.8800,5.8800,5.8500,5.8500,595800,3494480.0000,3
2025-04-15,20250415094000000,sh.600864,5.8500,5.8600,5.8400,5.8400,430700,2519508.0000,3
2025-04-15,20250415094500000,sh.600864,5.8400,5.8500,5.8300,5.8400,574800,3355644.0000,3
2025-04-15,20250415095000000,sh.600864,5.8400,5.8600,5.8300,5.8400,481400,2814764.0000,3
2025-04-15,20250415095500000,sh.600864,5.8500,5.8500,5.8300,5.8400,301200,1759032.0000,3
2025-04-15,20250415100000000,sh.600864,5.8400,5.8400,5.8200,5.8400,853800,4977716.0000,3
2025-04-15,20250415100500000,sh.600864,5.8400,5.8400,5.8200,5.8200,427400,2490744.0000,3
2025-04-15,20250415101000000,sh.600864,5.8200,5.8300,5.8200,5.8300,403400,2348372.0000,3
2025-04-15,20250415101500000,sh.600864,5.8200,5.8300,5.8200,5.8200,298200,1737784.0000,3
2025-04-15,20250415102000000,sh.600864,5.8300,5.8300,5.8200,5.8200,462400,2692532.0000,3
2025-04-15,20250415102500000,sh.600864,5.8200,5.8500,5.8200,5.8300,320900,1872352.0000,3
2025-04-15,20250415103000000,sh.600864,5.8300,5.8500,5.8300,5.8300,403200,2351412.0000,3
2025-04-15,20250415103500000,sh.600864,5.8300,5.8600,5.8200,5.8500,383900,2244448.0000,3
2025-04-15,20250415104000000,sh.600864,5.8400,5.8600,5.8400,5.8400,210300,1229892.0000,3
2025-04-15,20250415104500000,sh.600864,5.8400,5.8500,5.8300,5.8300,52900,308912.0000,3
2025-04-15,20250415105000000,sh.600864,5.8300,5.8400,5.8200,5.8300,298100,1737908.0000,3
2025-04-15,20250415105500000,sh.600864,5.8300,5.8300,5.8200,5.8300,177700,1035952.0000,3
2025-04-15,20250415110000000,sh.600864,5.8200,5.8300,5.8200,5.8300,108300,630832.0000,3
2025-04-15,20250415110500000,sh.600864,5.8300,5.8400,5.8200,5.8300,276100,1609928.0000,3
2025-04-15,20250415111000000,sh.600864,5.8300,5.8400,5.8300,5.8300,221100,1289112.0000,3
2025-04-15,20250415111500000,sh.600864,5.8400,5.8500,5.8300,5.8300,92800,541888.0000,3
2025-04-15,20250415112000000,sh.600864,5.8300,5.8400,5.8200,5.8300,395400,2302632.0000,3
2025-04-15,20250415112500000,sh.600864,5.8200,5.8400,5.8200,5.8300,180300,1051112.0000,3
2025-04-15,20250415113000000,sh.600864,5.8300,5.8400,5.8200,5.8400,413700,2412420.0000,3
2025-04-15,20250415130500000,sh.600864,5.8400,5.8500,5.8300,5.8400,189300,1105664.0000,3
2025-04-15,20250415131000000,sh.600864,5.8400,5.8400,5.8300,5.8300,77600,452792.0000,3
2025-04-15,20250415131500000,sh.600864,5.8300,5.8400,5.8200,5.8200,259900,1515412.0000,3
2025-04-15,20250415132000000,sh.600864,5.8200,5.8300,5.8200,5.8300,175100,1020332.0000,3
2025-04-15,20250415132500000,sh.600864,5.8300,5.8400,5.8200,5.8300,168100,980028.0000,3
2025-04-15,20250415133000000,sh.600864,5.8300,5.8400,5.8200,5.8300,182100,1061672.0000,3
2025-04-15,20250415133500000,sh.600864,5.8300,5.8400,5.8300,5.8300,68800,401212.0000,3
2025-04-15,20250415134000000,sh.600864,5.8300,5.8400,5.8300,5.8300,45900,267684.0000,3
2025-04-15,20250415134500000,sh.600864,5.8400,5.8500,5.8300,5.8500,466300,2723844.0000,3
2025-04-15,20250415135000000,sh.600864,5.8600,5.8600,5.8400,5.8400,240700,1408160.0000,3
2025-04-15,20250415135500000,sh.600864,5.8400,5.8500,5.8400,5.8400,106700,623216.0000,3
2025-04-15,20250415140000000,sh.600864,5.8400,5.8500,5.8300,5.8500,325300,1902496.0000,3
2025-04-15,20250415140500000,sh.600864,5.8500,5.8500,5.8300,5.8400,177400,1036144.0000,3
2025-04-15,20250415141000000,sh.600864,5.8400,5.8400,5.8300,5.8300,123100,718360.0000,3
2025-04-15,20250415141500000,sh.600864,5.8300,5.8400,5.8300,5.8400,107700,628904.0000,3
2025-04-15,20250415142000000,sh.600864,5.8500,5.8500,5.8400,5.8500,287000,1678688.0000,3
2025-04-15,20250415142500000,sh.600864,5.8500,5.8600,5.8500,5.8500,117400,686844.0000,3
2025-04-15,20250415143000000,sh.600864,5.8500,5.8600,5.8400,5.8400,244400,1429596.0000,3
2025-04-15,20250415143500000,sh.600864,5.8500,5.8500,5.8400,5.8400,40400,236136.0000,3
2025-04-15,20250415144000000,sh.600864,5.8500,5.8600,5.8400,5.8600,449400,2628160.0000,3
2025-04-15,20250415144500000,sh.600864,5.8500,5.8600,5.8400,5.8600,644700,3768936.0000,3
2025-04-15,20250415145000000,sh.600864,5.8600,5.8700,5.8500,5.8600,989400,5797704.0000,3
2025-04-15,20250415145500000,sh.600864,5.8700,5.8700,5.8500,5.8700,501200,2937864.0000,3
2025-04-15,20250415150000000,sh.600864,5.8600,5.8700,5.8500,5.8600,242500,1421304.0000,3
2025-04-16,20250416093500000,sh.600864,5.8500,5.8700,5.8300,5.8500,1235700,7226674.0000,3
2025-04-16,20250416094000000,sh.600864,5.8500,5.8600,5.8500,5.8500,495900,2901409.0000,3
2025-04-16,20250416094500000,sh.600864,5.8500,5.8600,5.8400,5.8600,322800,1888375.0000,3
2025-04-16,20250416095000000,sh.600864,5.8500,5.8600,5.8400,5.8500,314600,1840079.0000,3
2025-04-16,20250416095500000,sh.600864,5.8400,5.8500,5.8400,5.8400,273200,1595913.0000,3
2025-04-16,20250416100000000,sh.600864,5.8400,5.8500,5.8300,5.8300,617600,3602736.0000,3
2025-04-16,20250416100500000,sh.600864,5.8200,5.8300,5.8200,5.8300,417800,2432930.0000,3
2025-04-16,20250416101000000,sh.600864,5.8300,5.8300,5.8200,5.8200,257300,1497810.0000,3
2025-04-16,20250416101500000,sh.600864,5.8200,5.8400,5.8200,5.8300,342200,1995188.0000,3
2025-04-16,20250416102000000,sh.600864,5.8300,5.8300,5.8200,5.8200,100800,587232.0000,3
2025-04-16,20250416102500000,sh.600864,5.8200,5.8300,5.8100,5.8100,860200,5002560.0000,3
2025-04-16,20250416103000000,sh.600864,5.8100,5.8200,5.8000,5.8100,223900,1300864.0000,3
2025-04-16,20250416103500000,sh.600864,5.8000,5.8200,5.8000,5.8100,177600,1031640.0000,3
2025-04-16,20250416104000000,sh.600864,5.8100,5.8200,5.8000,5.8100,702100,4079268.0000,3
2025-04-16,20250416104500000,sh.600864,5.8100,5.8100,5.7900,5.8000,447000,2592572.0000,3
2025-04-16,20250416105000000,sh.600864,5.7900,5.8000,5.7900,5.7900,224900,1302288.0000,3
2025-04-16,20250416105500000,sh.600864,5.7900,5.7900,5.7800,5.7900,174600,1010504.0000,3
2025-04-16,20250416110000000,sh.600864,5.7800,5.7900,5.7800,5.7900,346200,2002276.0000,3
2025-04-16,20250416110500000,sh.600864,5.7800,5.7900,5.7700,5.7700,202900,1172512.0000,3
2025-04-16,20250416111000000,sh.600864,5.7700,5.7800,5.7600,5.7800,834000,4808020.0000,3
2025-04-16,20250416111500000,sh.600864,5.7800,5.7800,5.7600,5.7700,227700,1314496.0000,3
2025-04-16,20250416112000000,sh.600864,5.7600,5.7700,5.7400,5.7500,618500,3560272.0000,3
2025-04-16,20250416112500000,sh.600864,5.7600,5.7600,5.7500,5.7500,355500,2044876.0000,3
2025-04-16,20250416113000000,sh.600864,5.7500,5.7600,5.7200,5.7200,479700,2752860.0000,3
2025-04-16,20250416130500000,sh.600864,5.7300,5.7400,5.6900,5.7400,1855300,10588376.0000,3
2025-04-16,20250416131000000,sh.600864,5.7400,5.7600,5.7200,5.7600,666200,3828720.0000,3
2025-04-16,20250416131500000,sh.600864,5.7500,5.7700,5.7500,5.7600,453500,2612048.0000,3
2025-04-16,20250416132000000,sh.600864,5.7600,5.7700,5.7500,5.7500,214200,1233680.0000,3
2025-04-16,20250416132500000,sh.600864,5.7600,5.7600,5.7400,5.7400,251700,1447024.0000,3
2025-04-16,20250416133000000,sh.600864,5.7500,5.7700,5.7400,5.7700,396600,2283792.0000,3
2025-04-16,20250416133500000,sh.600864,5.7700,5.7900,5.7700,5.7900,324100,1871792.0000,3
2025-04-16,20250416134000000,sh.600864,5.7900,5.8000,5.7800,5.7800,781800,4526728.0000,3
2025-04-16,20250416134500000,sh.600864,5.7900,5.7900,5.7500,5.7600,209500,1208200.0000,3
2025-04-16,20250416135000000,sh.600864,5.7700,5.7700,5.7500,5.7600,105600,608336.0000,3
2025-04-16,20250416135500000,sh.600864,5.7600,5.7900,5.7500,5.7800,277100,1599496.0000,3
2025-04-16,20250416140000000,sh.600864,5.7800,5.7900,5.7700,5.7800,119500,690616.0000,3
2025-04-16,20250416140500000,sh.600864,5.7800,5.8000,5.7700,5.8000,290900,1683440.0000,3
2025-04-16,20250416141000000,sh.600864,5.8000,5.8000,5.7700,5.7800,389100,2251536.0000,3
2025-04-16,20250416141500000,sh.600864,5.7800,5.8000,5.7800,5.7800,160600,929128.0000,3
2025-04-16,20250416142000000,sh.600864,5.7800,5.7900,5.7700,5.7800,191900,1108976.0000,3
2025-04-16,20250416142500000,sh.600864,5.7800,5.7900,5.7700,5.7800,145600,841176.0000,3
2025-04-16,20250416143000000,sh.600864,5.7800,5.7900,5.7700,5.7900,96100,555760.0000,3
2025-04-16,20250416143500000,sh.600864,5.7900,5.7900,5.7700,5.7800,425900,2460488.0000,3
2025-04-16,20250416144000000,sh.600864,5.7900,5.7900,5.7700,5.7800,163800,946896.0000,3
2025-04-16,20250416144500000,sh.600864,5.7800,5.7900,5.7700,5.7800,596600,3447856.0000,3
2025-04-16,20250416145000000,sh.600864,5.7900,5.8100,5.7800,5.8100,792100,4593024.0000,3
2025-04-16,20250416145500000,sh.600864,5.8100,5.8100,5.8000,5.8100,565100,3281376.0000,3
2025-04-16,20250416150000000,sh.600864,5.8100,5.8200,5.8000,5.8000,749500,4353560.0000,3
2025-04-17,20250417093500000,sh.600864,5.7600,5.8100,5.7600,5.7900,867600,5022449.0000,3
2025-04-17,20250417094000000,sh.600864,5.7900,5.8100,5.7900,5.7900,440600,2557168.0000,3
2025-04-17,20250417094500000,sh.600864,5.8000,5.8100,5.7900,5.8000,468600,2715017.0000,3
2025-04-17,20250417095000000,sh.600864,5.7900,5.8200,5.7900,5.8100,442800,2571807.0000,3
2025-04-17,20250417095500000,sh.600864,5.8100,5.8200,5.8000,5.8100,410800,2389698.0000,3
2025-04-17,20250417100000000,sh.600864,5.8200,5.8200,5.8100,5.8100,124800,725718.0000,3
2025-04-17,20250417100500000,sh.600864,5.8200,5.8200,5.8100,5.8100,238400,1385607.0000,3
2025-04-17,20250417101000000,sh.600864,5.8200,5.8200,5.8000,5.8100,481900,2796616.0000,3
2025-04-17,20250417101500000,sh.600864,5.8000,5.8200,5.8000,5.8200,354500,2060968.0000,3
2025-04-17,20250417102000000,sh.600864,5.8200,5.8400,5.8200,5.8300,789500,4602052.0000,3
2025-04-17,20250417102500000,sh.600864,5.8300,5.8400,5.8200,5.8200,259000,1510322.0000,3
2025-04-17,20250417103000000,sh.600864,5.8300,5.8300,5.8100,5.8200,289800,1685298.0000,3
2025-04-17,20250417103500000,sh.600864,5.8200,5.8300,5.8000,5.8000,508600,2953634.0000,3
2025-04-17,20250417104000000,sh.600864,5.8000,5.8100,5.7900,5.8100,114100,661978.0000,3
2025-04-17,20250417104500000,sh.600864,5.8000,5.8100,5.8000,5.8100,57900,336124.0000,3
2025-04-17,20250417105000000,sh.600864,5.8100,5.8100,5.8000,5.8000,40800,236848.0000,3
2025-04-17,20250417105500000,sh.600864,5.8000,5.8200,5.7900,5.8000,360500,2091456.0000,3
2025-04-17,20250417110000000,sh.600864,5.8100,5.8200,5.8000,5.8100,379200,2200024.0000,3
2025-04-17,20250417110500000,sh.600864,5.8100,5.8200,5.8100,5.8100,31300,181904.0000,3
2025-04-17,20250417111000000,sh.600864,5.8100,5.8100,5.8000,5.8100,131600,764584.0000,3
2025-04-17,20250417111500000,sh.600864,5.8100,5.8200,5.8100,5.8200,95900,557416.0000,3
2025-04-17,20250417112000000,sh.600864,5.8100,5.8200,5.8100,5.8100,165100,960760.0000,3
2025-04-17,20250417112500000,sh.600864,5.8100,5.8300,5.8100,5.8200,200100,1163856.0000,3
2025-04-17,20250417113000000,sh.600864,5.8200,5.8300,5.8200,5.8300,62400,363452.0000,3
2025-04-17,20250417130500000,sh.600864,5.8200,5.8300,5.8000,5.8000,161300,938288.0000,3
2025-04-17,20250417131000000,sh.600864,5.8000,5.8100,5.8000,5.8000,86100,499412.0000,3
2025-04-17,20250417131500000,sh.600864,5.8000,5.8000,5.7900,5.8000,280100,1623996.0000,3
2025-04-17,20250417132000000,sh.600864,5.8000,5.8000,5.7900,5.8000,101900,590996.0000,3
2025-04-17,20250417132500000,sh.600864,5.8000,5.8100,5.7900,5.7900,145900,846172.0000,3
2025-04-17,20250417133000000,sh.600864,5.7900,5.8000,5.7900,5.7900,23000,133228.0000,3
2025-04-17,20250417133500000,sh.600864,5.8000,5.8000,5.7800,5.7900,373700,2163592.0000,3
2025-04-17,20250417134000000,sh.600864,5.7800,5.8000,5.7800,5.7900,326500,1889288.0000,3
2025-04-17,20250417134500000,sh.600864,5.7900,5.8000,5.7900,5.8000,142700,827376.0000,3
2025-04-17,20250417135000000,sh.600864,5.8000,5.8000,5.7900,5.7900,96600,559924.0000,3
2025-04-17,20250417135500000,sh.600864,5.8000,5.8000,5.7900,5.8000,199200,1154352.0000,3
2025-04-17,20250417140000000,sh.600864,5.8000,5.8000,5.7900,5.7900,160000,926788.0000,3
2025-04-17,20250417140500000,sh.600864,5.8000,5.8000,5.7800,5.7900,378400,2190968.0000,3
2025-04-17,20250417141000000,sh.600864,5.7900,5.8000,5.7900,5.7900,203000,1177284.0000,3
2025-04-17,20250417141500000,sh.600864,5.8000,5.8200,5.7900,5.8200,500700,2905800.0000,3
2025-04-17,20250417142000000,sh.600864,5.8200,5.8200,5.8000,5.8000,244100,1418256.0000,3
2025-04-17,20250417142500000,sh.600864,5.8000,5.8100,5.7900,5.7900,237400,1376992.0000,3
2025-04-17,20250417143000000,sh.600864,5.8000,5.8000,5.7900,5.8000,148000,857396.0000,3
2025-04-17,20250417143500000,sh.600864,5.7900,5.8100,5.7900,5.8000,314600,1823916.0000,3
2025-04-17,20250417144000000,sh.600864,5.8000,5.8000,5.7800,5.7900,270900,1568788.0000,3
2025-04-17,20250417144500000,sh.600864,5.7900,5.7900,5.7800,5.7800,254000,1468528.0000,3
2025-04-17,20250417145000000,sh.600864,5.7900,5.7900,5.7800,5.7900,375100,2170392.0000,3
2025-04-17,20250417145500000,sh.600864,5.8000,5.8000,5.7800,5.7800,368000,2130584.0000,3
2025-04-17,20250417150000000,sh.600864,5.7800,5.7900,5.7800,5.7800,352400,2038392.0000,3
2025-04-18,20250418093500000,sh.600864,5.7700,5.8100,5.7700,5.7700,703500,4071190.0000,3
2025-04-18,20250418094000000,sh.600864,5.7700,5.7800,5.7600,5.7700,590000,3401760.0000,3
2025-04-18,20250418094500000,sh.600864,5.7600,5.7800,5.7600,5.7700,251700,1452364.0000,3
2025-04-18,20250418095000000,sh.600864,5.7800,5.7800,5.7500,5.7500,514900,2969001.0000,3
2025-04-18,20250418095500000,sh.600864,5.7500,5.7700,5.7500,5.7700,268500,1546016.0000,3
2025-04-18,20250418100000000,sh.600864,5.7700,5.8000,5.7600,5.7900,799900,4620765.0000,3
2025-04-18,20250418100500000,sh.600864,5.7800,5.7900,5.7800,5.7900,153600,888462.0000,3
2025-04-18,20250418101000000,sh.600864,5.7800,5.7900,5.7700,5.7700,248200,1434338.0000,3
2025-04-18,20250418101500000,sh.600864,5.7800,5.7800,5.7700,5.7800,75600,436544.0000,3
2025-04-18,20250418102000000,sh.600864,5.7700,5.7800,5.7700,5.7800,186200,1074758.0000,3
2025-04-18,20250418102500000,sh.600864,5.7700,5.7800,5.7700,5.7700,32000,184722.0000,3
2025-04-18,20250418103000000,sh.600864,5.7700,5.7800,5.7700,5.7800,75300,435084.0000,3
2025-04-18,20250418103500000,sh.600864,5.7800,5.7800,5.7700,5.7700,51000,294680.0000,3
2025-04-18,20250418104000000,sh.600864,5.7700,5.7900,5.7700,5.7900,162400,938510.0000,3
2025-04-18,20250418104500000,sh.600864,5.7900,5.7900,5.7800,5.7800,160600,928854.0000,3
2025-04-18,20250418105000000,sh.600864,5.7800,5.8000,5.7800,5.7900,375400,2173444.0000,3
2025-04-18,20250418105500000,sh.600864,5.7800,5.8000,5.7800,5.7900,153800,890272.0000,3
2025-04-18,20250418110000000,sh.600864,5.7900,5.7900,5.7800,5.7800,56500,326820.0000,3
2025-04-18,20250418110500000,sh.600864,5.7800,5.7800,5.7800,5.7800,96400,557192.0000,3
2025-04-18,20250418111000000,sh.600864,5.7800,5.7800,5.7600,5.7600,248800,1435384.0000,3
2025-04-18,20250418111500000,sh.600864,5.7600,5.7700,5.7600,5.7600,204300,1176882.0000,3
2025-04-18,20250418112000000,sh.600864,5.7600,5.7700,5.7600,5.7700,223600,1288008.0000,3
2025-04-18,20250418112500000,sh.600864,5.7700,5.7700,5.7500,5.7500,149500,860898.0000,3
2025-04-18,20250418113000000,sh.600864,5.7500,5.7700,5.7500,5.7700,121900,701884.0000,3
2025-04-18,20250418130500000,sh.600864,5.7600,5.7700,5.7500,5.7700,377700,2174480.0000,3
2025-04-18,20250418131000000,sh.600864,5.7700,5.7800,5.7600,5.7700,154500,891008.0000,3
2025-04-18,20250418131500000,sh.600864,5.7700,5.7700,5.7500,5.7500,241700,1392016.0000,3
2025-04-18,20250418132000000,sh.600864,5.7600,5.7700,5.7500,5.7700,79800,459564.0000,3
2025-04-18,20250418132500000,sh.600864,5.7700,5.7800,5.7700,5.7800,119900,692028.0000,3
2025-04-18,20250418133000000,sh.600864,5.7700,5.7800,5.7700,5.7700,33800,195180.0000,3
2025-04-18,20250418133500000,sh.600864,5.7800,5.7800,5.7700,5.7800,192500,1112364.0000,3
2025-04-18,20250418134000000,sh.600864,5.7800,5.7900,5.7800,5.7900,125400,725056.0000,3
2025-04-18,20250418134500000,sh.600864,5.7800,5.7800,5.7700,5.7700,73300,423276.0000,3
2025-04-18,20250418135000000,sh.600864,5.7700,5.7800,5.7700,5.7700,23700,136828.0000,3
2025-04-18,20250418135500000,sh.600864,5.7700,5.8300,5.7700,5.8300,1492300,8665816.0000,3
2025-04-18,20250418140000000,sh.600864,5.8300,5.8400,5.8100,5.8400,1236900,7210248.0000,3
2025-04-18,20250418140500000,sh.600864,5.8400,5.8400,5.8200,5.8200,337800,1969136.0000,3
2025-04-18,20250418141000000,sh.600864,5.8200,5.8500,5.8200,5.8500,958900,5595772.0000,3
2025-04-18,20250418141500000,sh.600864,5.8500,5.8600,5.8400,5.8600,762100,4461548.0000,3
2025-04-18,20250418142000000,sh.600864,5.8600,5.8800,5.8500,5.8600,1292500,7584832.0000,3
2025-04-18,20250418142500000,sh.600864,5.8600,5.8600,5.8500,5.8600,406300,2377656.0000,3
2025-04-18,20250418143000000,sh.600864,5.8600,5.8600,5.8500,5.8600,195900,1146928.0000,3
2025-04-18,20250418143500000,sh.600864,5.8600,5.8600,5.8400,5.8500,232200,1358048.0000,3
2025-04-18,20250418144000000,sh.600864,5.8400,5.8700,5.8400,5.8600,1057300,6197528.0000,3
2025-04-18,20250418144500000,sh.600864,5.8600,5.8600,5.8400,5.8600,507700,2968976.0000,3
2025-04-18,20250418145000000,sh.600864,5.8600,5.8600,5.8500,5.8600,303600,1776680.0000,3
2025-04-18,20250418145500000,sh.600864,5.8600,5.8600,5.8500,5.8600,394700,2310048.0000,3
2025-04-18,20250418150000000,sh.600864,5.8500,5.8600,5.8500,5.8500,858300,5024752.0000,3
2025-04-21,20250421093500000,sh.600864,5.8400,5.8500,5.8000,5.8400,964800,5624795.0000,3
2025-04-21,20250421094000000,sh.600864,5.8400,5.8500,5.8300,5.8500,514800,3006448.0000,3
2025-04-21,20250421094500000,sh.600864,5.8500,5.9000,5.8500,5.8900,1487100,8736765.0000,3
2025-04-21,20250421095000000,sh.600864,5.8800,5.9000,5.8700,5.9000,1393500,8200460.0000,3
2025-04-21,20250421095500000,sh.600864,5.9000,5.9200,5.9000,5.9000,1402200,8281332.0000,3
2025-04-21,20250421100000000,sh.600864,5.9000,5.9100,5.8900,5.9000,705800,4162780.0000,3
2025-04-21,20250421100500000,sh.600864,5.9000,5.9100,5.8900,5.9000,323900,1910996.0000,3
2025-04-21,20250421101000000,sh.600864,5.9000,5.9100,5.9000,5.9000,451100,2662380.0000,3
2025-04-21,20250421101500000,sh.600864,5.9000,5.9100,5.9000,5.9000,397500,2346148.0000,3
2025-04-21,20250421102000000,sh.600864,5.9000,5.9100,5.8900,5.9100,594400,3508088.0000,3
2025-04-21,20250421102500000,sh.600864,5.9100,5.9100,5.8900,5.9000,229700,1356224.0000,3
2025-04-21,20250421103000000,sh.600864,5.9000,5.9100,5.8900,5.9000,157700,930744.0000,3
2025-04-21,20250421103500000,sh.600864,5.9100,5.9100,5.8800,5.8900,666000,3923912.0000,3
2025-04-21,20250421104000000,sh.600864,5.8900,5.8900,5.8800,5.8900,105600,621608.0000,3
2025-04-21,20250421104500000,sh.600864,5.8800,5.8900,5.8600,5.8700,493100,2896500.0000,3
2025-04-21,20250421105000000,sh.600864,5.8600,5.8700,5.8600,5.8700,116700,684576.0000,3
2025-04-21,20250421105500000,sh.600864,5.8700,5.8800,5.8700,5.8700,330300,1939100.0000,3
2025-04-21,20250421110000000,sh.600864,5.8700,5.8800,5.8700,5.8800,383800,2253976.0000,3
2025-04-21,20250421110500000,sh.600864,5.8800,5.8800,5.8700,5.8700,263800,1550848.0000,3
2025-04-21,20250421111000000,sh.600864,5.8800,5.8800,5.8600,5.8700,404400,2374088.0000,3
2025-04-21,20250421111500000,sh.600864,5.8700,5.8800,5.8600,5.8700,347800,2042232.0000,3
2025-04-21,20250421112000000,sh.600864,5.8700,5.8800,5.8700,5.8800,170200,1000552.0000,3
2025-04-21,20250421112500000,sh.600864,5.8800,5.8900,5.8700,5.8800,475800,2796680.0000,3
2025-04-21,20250421113000000,sh.600864,5.8700,5.8800,5.8700,5.8700,71400,419576.0000,3
2025-04-21,20250421130500000,sh.600864,5.8800,5.8800,5.8600,5.8600,464400,2726440.0000,3
2025-04-21,20250421131000000,sh.600864,5.8700,5.8700,5.8600,5.8600,588100,3448272.0000,3
2025-04-21,20250421131500000,sh.600864,5.8700,5.8700,5.8600,5.8600,39000,228768.0000,3
2025-04-21,20250421132000000,sh.600864,5.8600,5.8700,5.8500,5.8600,567400,3324976.0000,3
2025-04-21,20250421132500000,sh.600864,5.8600,5.8700,5.8600,5.8600,317500,1861512.0000,3
2025-04-21,20250421133000000,sh.600864,5.8600,5.8700,5.8500,5.8600,230500,1350776.0000,3
2025-04-21,20250421133500000,sh.600864,5.8600,5.8600,5.8500,5.8600,132000,773192.0000,3
2025-04-21,20250421134000000,sh.600864,5.8600,5.8700,5.8500,5.8600,203600,1192832.0000,3
2025-04-21,20250421134500000,sh.600864,5.8700,5.8700,5.8500,5.8600,409200,2397936.0000,3
2025-04-21,20250421135000000,sh.600864,5.8700,5.8800,5.8600,5.8800,181800,1066976.0000,3
2025-04-21,20250421135500000,sh.600864,5.8800,5.8800,5.8700,5.8700,237900,1396848.0000,3
2025-04-21,20250421140000000,sh.600864,5.8700,5.8800,5.8600,5.8700,190100,1115968.0000,3
2025-04-21,20250421140500000,sh.600864,5.8700,5.8800,5.8700,5.8700,51500,302432.0000,3
2025-04-21,20250421141000000,sh.600864,5.8700,5.8800,5.8700,5.8700,266200,1564488.0000,3
2025-04-21,20250421141500000,sh.600864,5.8700,5.8800,5.8700,5.8700,43900,257728.0000,3
2025-04-21,20250421142000000,sh.600864,5.8700,5.8800,5.8700,5.8700,223800,1313840.0000,3
2025-04-21,20250421142500000,sh.600864,5.8800,5.8900,5.8700,5.8800,296200,1741696.0000,3
2025-04-21,20250421143000000,sh.600864,5.8800,5.8900,5.8700,5.8700,248400,1459528.0000,3
2025-04-21,20250421143500000,sh.600864,5.8700,5.8800,5.8700,5.8800,226400,1330880.0000,3
2025-04-21,20250421144000000,sh.600864,5.8800,5.8800,5.8700,5.8700,201400,1183912.0000,3
2025-04-21,20250421144500000,sh.600864,5.8700,5.8800,5.8700,5.8700,172900,1015400.0000,3
2025-04-21,20250421145000000,sh.600864,5.8700,5.8800,5.8700,5.8800,513300,3013296.0000,3
2025-04-21,20250421145500000,sh.600864,5.8700,5.8800,5.8700,5.8800,560600,3291800.0000,3
2025-04-21,20250421150000000,sh.600864,5.8800,5.8800,5.8700,5.8700,365800,2148056.0000,3
2025-04-22,20250422093500000,sh.600864,5.8500,5.8900,5.8500,5.8600,963300,5655177.0000,3
2025-04-22,20250422094000000,sh.600864,5.8600,5.8700,5.8400,5.8600,536000,3137148.0000,3
2025-04-22,20250422094500000,sh.600864,5.8500,5.8800,5.8500,5.8700,547500,3212164.0000,3
2025-04-22,20250422095000000,sh.600864,5.8600,5.8800,5.8600,5.8700,531500,3119006.0000,3
2025-04-22,20250422095500000,sh.600864,5.8600,5.8800,5.8600,5.8800,1050500,6169055.0000,3
2025-04-22,20250422100000000,sh.600864,5.8700,5.9100,5.8700,5.9000,985100,5802686.0000,3
2025-04-22,20250422100500000,sh.600864,5.9000,5.9000,5.8700,5.8700,560800,3301862.0000,3
2025-04-22,20250422101000000,sh.600864,5.8800,5.8800,5.8700,5.8700,226200,1328790.0000,3
2025-04-22,20250422101500000,sh.600864,5.8700,5.8800,5.8600,5.8800,254200,1491994.0000,3
2025-04-22,20250422102000000,sh.600864,5.8800,5.8800,5.8700,5.8800,262100,1540654.0000,3
2025-04-22,20250422102500000,sh.600864,5.8800,5.8900,5.8800,5.8800,144100,848212.0000,3
2025-04-22,20250422103000000,sh.600864,5.8800,5.8900,5.8700,5.8800,328100,1928116.0000,3
2025-04-22,20250422103500000,sh.600864,5.8800,5.8800,5.8700,5.8700,94800,556984.0000,3
2025-04-22,20250422104000000,sh.600864,5.8700,5.8800,5.8700,5.8700,300800,1765860.0000,3
2025-04-22,20250422104500000,sh.600864,5.8700,5.8800,5.8600,5.8800,344600,2022300.0000,3
2025-04-22,20250422105000000,sh.600864,5.8700,5.8700,5.8600,5.8700,165700,972176.0000,3
2025-04-22,20250422105500000,sh.600864,5.8600,5.8700,5.8500,5.8600,677100,3967432.0000,3
2025-04-22,20250422110000000,sh.600864,5.8600,5.8700,5.8600,5.8700,175100,1027616.0000,3
2025-04-22,20250422110500000,sh.600864,5.8700,5.8800,5.8600,5.8700,321900,1889576.0000,3
2025-04-22,20250422111000000,sh.600864,5.8700,5.8800,5.8600,5.8600,171300,1005404.0000,3
2025-04-22,20250422111500000,sh.600864,5.8600,5.8700,5.8600,5.8600,54800,321592.0000,3
2025-04-22,20250422112000000,sh.600864,5.8600,5.8600,5.8500,5.8500,226600,1327812.0000,3
2025-04-22,20250422112500000,sh.600864,5.8600,5.8700,5.8500,5.8600,104200,610460.0000,3
2025-04-22,20250422113000000,sh.600864,5.8700,5.8700,5.8600,5.8700,93100,546116.0000,3
2025-04-22,20250422130500000,sh.600864,5.8700,5.8700,5.8600,5.8600,407400,2390168.0000,3
2025-04-22,20250422131000000,sh.600864,5.8700,5.8800,5.8600,5.8700,242900,1425872.0000,3
2025-04-22,20250422131500000,sh.600864,5.8700,5.8800,5.8700,5.8700,121100,710868.0000,3
2025-04-22,20250422132000000,sh.600864,5.8700,5.8800,5.8700,5.8800,387800,2276796.0000,3
2025-04-22,20250422132500000,sh.600864,5.8800,5.8800,5.8700,5.8700,499300,2934980.0000,3
2025-04-22,20250422133000000,sh.600864,5.8700,5.8800,5.8600,5.8700,460400,2703652.0000,3
2025-04-22,20250422133500000,sh.600864,5.8700,5.8900,5.8700,5.8800,631300,3711784.0000,3
2025-04-22,20250422134000000,sh.600864,5.8800,5.9000,5.8800,5.8900,373700,2200064.0000,3
2025-04-22,20250422134500000,sh.600864,5.8900,5.9000,5.8900,5.8900,879600,5184728.0000,3
2025-04-22,20250422135000000,sh.600864,5.9000,5.9000,5.8800,5.8900,165800,976528.0000,3
2025-04-22,20250422135500000,sh.600864,5.8900,5.8900,5.8800,5.8900,135000,794928.0000,3
2025-04-22,20250422140000000,sh.600864,5.8900,5.9000,5.8900,5.8900,220800,1301008.0000,3
2025-04-22,20250422140500000,sh.600864,5.9000,5.9000,5.8900,5.9000,86700,511152.0000,3
2025-04-22,20250422141000000,sh.600864,5.9000,5.9100,5.8900,5.9100,454300,2680368.0000,3
2025-04-22,20250422141500000,sh.600864,5.9100,5.9300,5.9000,5.9200,838300,4959072.0000,3
2025-04-22,20250422142000000,sh.600864,5.9200,5.9200,5.9100,5.9100,691400,4089112.0000,3
2025-04-22,20250422142500000,sh.600864,5.9100,5.9100,5.8900,5.9000,424600,2505560.0000,3
2025-04-22,20250422143000000,sh.600864,5.9100,5.9200,5.9000,5.9100,343200,2028528.0000,3
2025-04-22,20250422143500000,sh.600864,5.9200,5.9200,5.9000,5.9100,178900,1057360.0000,3
2025-04-22,20250422144000000,sh.600864,5.9100,5.9100,5.9000,5.9100,114500,676128.0000,3
2025-04-22,20250422144500000,sh.600864,5.9100,5.9100,5.8900,5.9100,531800,3137408.0000,3
2025-04-22,20250422145000000,sh.600864,5.9000,5.9100,5.9000,5.9000,156200,921824.0000,3
2025-04-22,20250422145500000,sh.600864,5.9000,5.9100,5.8900,5.8900,353100,2082408.0000,3
2025-04-22,20250422150000000,sh.600864,5.8900,5.9000,5.8900,5.8900,429000,2527688.0000,3
2025-04-23,20250423093500000,sh.600864,5.9100,5.9700,5.9100,5.9400,3905000,23200000.0000,3
2025-04-23,20250423094000000,sh.600864,5.9400,5.9500,5.9100,5.9100,1092300,6476932.0000,3
2025-04-23,20250423094500000,sh.600864,5.9200,5.9200,5.8900,5.9000,869600,5133412.0000,3
2025-04-23,20250423095000000,sh.600864,5.9000,5.9100,5.8900,5.9000,499400,2946904.0000,3
2025-04-23,20250423095500000,sh.600864,5.8900,5.9000,5.8900,5.9000,1064200,6275128.0000,3
2025-04-23,20250423100000000,sh.600864,5.9000,5.9000,5.8900,5.9000,223500,1318012.0000,3
2025-04-23,20250423100500000,sh.600864,5.9000,5.9000,5.8800,5.8800,762800,4490188.0000,3
2025-04-23,20250423101000000,sh.600864,5.8800,5.8900,5.8700,5.8800,331300,1948080.0000,3
2025-04-23,20250423101500000,sh.600864,5.8800,5.8900,5.8700,5.8900,272500,1602748.0000,3
2025-04-23,20250423102000000,sh.600864,5.8800,5.8900,5.8700,5.8800,120500,708436.0000,3
2025-04-23,20250423102500000,sh.600864,5.8800,5.8800,5.8600,5.8800,421100,2471932.0000,3
2025-04-23,20250423103000000,sh.600864,5.8700,5.8800,5.8700,5.8700,106000,622544.0000,3
2025-04-23,20250423103500000,sh.600864,5.8700,5.8800,5.8600,5.8700,407900,2394660.0000,3
2025-04-23,20250423104000000,sh.600864,5.8600,5.8800,5.8600,5.8800,224600,1318128.0000,3
2025-04-23,20250423104500000,sh.600864,5.8800,5.8900,5.8700,5.8900,151700,892132.0000,3
2025-04-23,20250423105000000,sh.600864,5.8800,5.8900,5.8700,5.8900,302000,1775860.0000,3
2025-04-23,20250423105500000,sh.600864,5.8800,5.8900,5.8700,5.8700,328800,1933048.0000,3
2025-04-23,20250423110000000,sh.600864,5.8700,5.8800,5.8700,5.8700,126600,743568.0000,3
2025-04-23,20250423110500000,sh.600864,5.8700,5.8800,5.8600,5.8800,361900,2124776.0000,3
2025-04-23,20250423111000000,sh.600864,5.8700,5.8800,5.8700,5.8700,90100,529488.0000,3
2025-04-23,20250423111500000,sh.600864,5.8700,5.8800,5.8600,5.8700,421200,2473760.0000,3
2025-04-23,20250423112000000,sh.600864,5.8700,5.8800,5.8600,5.8700,460200,2700688.0000,3
2025-04-23,20250423112500000,sh.600864,5.8800,5.8900,5.8700,5.8800,121000,711160.0000,3
2025-04-23,20250423113000000,sh.600864,5.8700,5.8800,5.8700,5.8700,24000,140992.0000,3
2025-04-23,20250423130500000,sh.600864,5.8700,5.8800,5.8600,5.8700,535800,3145528.0000,3
2025-04-23,20250423131000000,sh.600864,5.8700,5.8800,5.8700,5.8700,139800,821552.0000,3
2025-04-23,20250423131500000,sh.600864,5.8800,5.9000,5.8800,5.8800,458200,2696088.0000,3
2025-04-23,20250423132000000,sh.600864,5.8900,5.9000,5.8800,5.8800,258100,1520528.0000,3
2025-04-23,20250423132500000,sh.600864,5.8800,5.8900,5.8800,5.8900,110800,652528.0000,3
2025-04-23,20250423133000000,sh.600864,5.8800,5.9000,5.8800,5.8900,125300,737880.0000,3
2025-04-23,20250423133500000,sh.600864,5.9000,5.9000,5.8800,5.8900,342900,2020096.0000,3
2025-04-23,20250423134000000,sh.600864,5.9000,5.9100,5.8900,5.9000,143900,848936.0000,3
2025-04-23,20250423134500000,sh.600864,5.9100,5.9100,5.8900,5.8900,393900,2324296.0000,3
2025-04-23,20250423135000000,sh.600864,5.9000,5.9000,5.8900,5.9000,154900,913816.0000,3
2025-04-23,20250423135500000,sh.600864,5.9000,5.9000,5.8900,5.8900,26700,157368.0000,3
2025-04-23,20250423140000000,sh.600864,5.9000,5.9000,5.8900,5.9000,87000,512744.0000,3
2025-04-23,20250423140500000,sh.600864,5.8900,5.9000,5.8800,5.8900,234600,1381152.0000,3
2025-04-23,20250423141000000,sh.600864,5.8800,5.8800,5.8700,5.8700,325600,1913952.0000,3
2025-04-23,20250423141500000,sh.600864,5.8800,5.8800,5.8700,5.8700,149000,875880.0000,3
2025-04-23,20250423142000000,sh.600864,5.8700,5.8800,5.8700,5.8700,64900,381384.0000,3
2025-04-23,20250423142500000,sh.600864,5.8700,5.8900,5.8700,5.8800,235200,1382992.0000,3
2025-04-23,20250423143000000,sh.600864,5.8900,5.8900,5.8800,5.8900,72300,425640.0000,3
2025-04-23,20250423143500000,sh.600864,5.8900,5.8900,5.8800,5.8800,77000,453112.0000,3
2025-04-23,20250423144000000,sh.600864,5.8800,5.8900,5.8700,5.8800,545800,3208320.0000,3
2025-04-23,20250423144500000,sh.600864,5.8800,5.8900,5.8700,5.8900,371500,2184640.0000,3
2025-04-23,20250423145000000,sh.600864,5.8800,5.8900,5.8800,5.8800,233600,1374280.0000,3
2025-04-23,20250423145500000,sh.600864,5.8800,5.8900,5.8700,5.8800,366900,2157112.0000,3
2025-04-23,20250423150000000,sh.600864,5.8800,5.8800,5.8700,5.8800,282200,1658976.0000,3
2025-04-24,20250424093500000,sh.600864,5.8700,5.8800,5.8500,5.8600,1067700,6262239.0000,3
2025-04-24,20250424094000000,sh.600864,5.8500,5.8700,5.8400,5.8700,1203500,7043338.0000,3
2025-04-24,20250424094500000,sh.600864,5.8700,5.8800,5.8500,5.8600,465700,2728709.0000,3
2025-04-24,20250424095000000,sh.600864,5.8500,5.8600,5.8400,5.8500,874500,5115374.0000,3
2025-04-24,20250424095500000,sh.600864,5.8500,5.8600,5.8400,5.8500,482700,2824116.0000,3
2025-04-24,20250424100000000,sh.600864,5.8500,5.8600,5.8400,5.8600,418100,2445858.0000,3
2025-04-24,20250424100500000,sh.600864,5.8500,5.8800,5.8500,5.8700,444600,2608502.0000,3
2025-04-24,20250424101000000,sh.600864,5.8700,5.8900,5.8700,5.8900,416800,2450928.0000,3
2025-04-24,20250424101500000,sh.600864,5.8900,5.9000,5.8800,5.8800,449400,2646680.0000,3
2025-04-24,20250424102000000,sh.600864,5.8800,5.8900,5.8800,5.8800,118600,698004.0000,3
2025-04-24,20250424102500000,sh.600864,5.8800,5.8900,5.8800,5.8800,237800,1398448.0000,3
2025-04-24,20250424103000000,sh.600864,5.8800,5.8900,5.8800,5.8900,59700,351396.0000,3
2025-04-24,20250424103500000,sh.600864,5.8900,5.8900,5.8600,5.8600,568000,3337760.0000,3
2025-04-24,20250424104000000,sh.600864,5.8700,5.8800,5.8600,5.8600,156300,916996.0000,3
2025-04-24,20250424104500000,sh.600864,5.8700,5.8800,5.8600,5.8600,168700,990060.0000,3
2025-04-24,20250424105000000,sh.600864,5.8600,5.8700,5.8500,5.8500,231000,1353396.0000,3
2025-04-24,20250424105500000,sh.600864,5.8500,5.8600,5.8400,5.8400,897600,5244600.0000,3
2025-04-24,20250424110000000,sh.600864,5.8400,5.8500,5.8300,5.8400,415300,2424364.0000,3
2025-04-24,20250424110500000,sh.600864,5.8400,5.8400,5.8300,5.8400,98600,575672.0000,3
2025-04-24,20250424111000000,sh.600864,5.8400,5.8400,5.8000,5.8000,1025300,5968216.0000,3
2025-04-24,20250424111500000,sh.600864,5.8000,5.8200,5.8000,5.8100,542900,3153776.0000,3
2025-04-24,20250424112000000,sh.600864,5.8100,5.8200,5.8000,5.8100,368300,2138744.0000,3
2025-04-24,20250424112500000,sh.600864,5.8000,5.8200,5.8000,5.8100,372800,2165380.0000,3
2025-04-24,20250424113000000,sh.600864,5.8100,5.8200,5.8100,5.8200,105200,611980.0000,3
2025-04-24,20250424130500000,sh.600864,5.8100,5.8300,5.8100,5.8200,919300,5347944.0000,3
2025-04-24,20250424131000000,sh.600864,5.8200,5.8300,5.8100,5.8200,96000,558656.0000,3
2025-04-24,20250424131500000,sh.600864,5.8200,5.8300,5.8100,5.8200,221600,1289744.0000,3
2025-04-24,20250424132000000,sh.600864,5.8200,5.8300,5.8100,5.8300,163400,950928.0000,3
2025-04-24,20250424132500000,sh.600864,5.8300,5.8400,5.8200,5.8300,226300,1319200.0000,3
2025-04-24,20250424133000000,sh.600864,5.8300,5.8300,5.8100,5.8200,261800,1523616.0000,3
2025-04-24,20250424133500000,sh.600864,5.8200,5.8300,5.8100,5.8200,112800,656200.0000,3
2025-04-24,20250424134000000,sh.600864,5.8200,5.8300,5.8200,5.8300,113500,660728.0000,3
2025-04-24,20250424134500000,sh.600864,5.8400,5.8400,5.8300,5.8300,488800,2852368.0000,3
2025-04-24,20250424135000000,sh.600864,5.8300,5.8400,5.8300,5.8300,129700,756384.0000,3
2025-04-24,20250424135500000,sh.600864,5.8300,5.8300,5.8200,5.8300,332400,1937704.0000,3
2025-04-24,20250424140000000,sh.600864,5.8300,5.8400,5.8300,5.8400,247600,1444088.0000,3
2025-04-24,20250424140500000,sh.600864,5.8400,5.8400,5.8300,5.8400,166200,968976.0000,3
2025-04-24,20250424141000000,sh.600864,5.8300,5.8400,5.8300,5.8400,80500,469640.0000,3
2025-04-24,20250424141500000,sh.600864,5.8400,5.8400,5.8300,5.8300,29500,172160.0000,3
2025-04-24,20250424142000000,sh.600864,5.8300,5.8400,5.8300,5.8300,139200,811816.0000,3
2025-04-24,20250424142500000,sh.600864,5.8300,5.8300,5.8200,5.8200,481400,2804640.0000,3
2025-04-24,20250424143000000,sh.600864,5.8300,5.8400,5.8200,5.8400,103400,602832.0000,3
2025-04-24,20250424143500000,sh.600864,5.8300,5.8400,5.8300,5.8400,175900,1026856.0000,3
2025-04-24,20250424144000000,sh.600864,5.8400,5.8400,5.8300,5.8400,611800,3570488.0000,3
2025-04-24,20250424144500000,sh.600864,5.8400,5.8400,5.8300,5.8400,253200,1478120.0000,3
2025-04-24,20250424145000000,sh.600864,5.8400,5.8600,5.8400,5.8500,595400,3481448.0000,3
2025-04-24,20250424145500000,sh.600864,5.8600,5.8900,5.8500,5.8900,2512600,14769048.0000,3
2025-04-24,20250424150000000,sh.600864,5.8900,5.8900,5.8700,5.8700,1011200,5941504.0000,3
2025-04-25,20250425093500000,sh.600864,5.8000,5.8000,5.7100,5.7400,6084100,35007516.0000,3
2025-04-25,20250425094000000,sh.600864,5.7500,5.7700,5.7400,5.7500,1612500,9281824.0000,3
2025-04-25,20250425094500000,sh.600864,5.7400,5.7700,5.7400,5.7400,1538600,8853512.0000,3
2025-04-25,20250425095000000,sh.600864,5.7500,5.7600,5.7200,5.7200,1672500,9595924.0000,3
2025-04-25,20250425095500000,sh.600864,5.7100,5.7300,5.6900,5.7100,2076800,11860056.0000,3
2025-04-25,20250425100000000,sh.600864,5.7200,5.7200,5.6900,5.7100,1219100,6955128.0000,3
2025-04-25,20250425100500000,sh.600864,5.7200,5.7400,5.7100,5.7300,1016300,5807400.0000,3
2025-04-25,20250425101000000,sh.600864,5.7300,5.7600,5.7200,5.7400,937800,5391088.0000,3
2025-04-25,20250425101500000,sh.600864,5.7400,5.7600,5.7400,5.7600,400000,2300688.0000,3
2025-04-25,20250425102000000,sh.600864,5.7600,5.7800,5.7500,5.7700,916600,5281000.0000,3
2025-04-25,20250425102500000,sh.600864,5.7800,5.8000,5.7600,5.7800,1435600,8304904.0000,3
2025-04-25,20250425103000000,sh.600864,5.7800,5.7900,5.7700,5.7700,371100,2144416.0000,3
2025-04-25,20250425103500000,sh.600864,5.7700,5.8100,5.7700,5.8000,1147500,6651936.0000,3
2025-04-25,20250425104000000,sh.600864,5.8000,5.8100,5.7900,5.7900,539700,3131848.0000,3
2025-04-25,20250425104500000,sh.600864,5.7900,5.8000,5.7800,5.7800,381200,2206072.0000,3
2025-04-25,20250425105000000,sh.600864,5.7800,5.7900,5.7700,5.7800,819000,4732928.0000,3
2025-04-25,20250425105500000,sh.600864,5.7800,5.7900,5.7800,5.7800,154100,890904.0000,3
2025-04-25,20250425110000000,sh.600864,5.7800,5.7900,5.7800,5.7800,316600,1830016.0000,3
2025-04-25,20250425110500000,sh.600864,5.7900,5.8100,5.7800,5.8100,382200,2214592.0000,3
2025-04-25,20250425111000000,sh.600864,5.8100,5.8200,5.8000,5.8200,720500,4190968.0000,3
2025-04-25,20250425111500000,sh.600864,5.8100,5.8400,5.8100,5.8300,828800,4828720.0000,3
2025-04-25,20250425112000000,sh.600864,5.8400,5.8400,5.8200,5.8200,758900,4425584.0000,3
2025-04-25,20250425112500000,sh.600864,5.8200,5.8500,5.8200,5.8400,736600,4299472.0000,3
2025-04-25,20250425113000000,sh.600864,5.8400,5.8400,5.8300,5.8400,119300,696576.0000,3
2025-04-25,20250425130500000,sh.600864,5.8400,5.8400,5.8200,5.8200,485600,2833552.0000,3
2025-04-25,20250425131000000,sh.600864,5.8300,5.8300,5.8100,5.8300,416800,2426384.0000,3
2025-04-25,20250425131500000,sh.600864,5.8300,5.8500,5.8300,5.8400,277200,1617984.0000,3
2025-04-25,20250425132000000,sh.600864,5.8400,5.8400,5.8300,5.8300,401500,2341408.0000,3
2025-04-25,20250425132500000,sh.600864,5.8200,5.8400,5.8200,5.8300,100200,584064.0000,3
2025-04-25,20250425133000000,sh.600864,5.8300,5.8300,5.8200,5.8200,288700,1681488.0000,3
2025-04-25,20250425133500000,sh.600864,5.8200,5.8300,5.8200,5.8300,145700,848688.0000,3
2025-04-25,20250425134000000,sh.600864,5.8200,5.8300,5.8200,5.8300,281900,1641872.0000,3
2025-04-25,20250425134500000,sh.600864,5.8300,5.8500,5.8200,5.8300,554300,3234064.0000,3
2025-04-25,20250425135000000,sh.600864,5.8400,5.8600,5.8400,5.8400,674100,3942272.0000,3
2025-04-25,20250425135500000,sh.600864,5.8500,5.8500,5.8400,5.8500,71500,418064.0000,3
2025-04-25,20250425140000000,sh.600864,5.8400,5.8500,5.8200,5.8200,562900,3286320.0000,3
2025-04-25,20250425140500000,sh.600864,5.8200,5.8300,5.8100,5.8200,518300,3015232.0000,3
2025-04-25,20250425141000000,sh.600864,5.8200,5.8300,5.8100,5.8100,273100,1589600.0000,3
2025-04-25,20250425141500000,sh.600864,5.8100,5.8300,5.8100,5.8200,289900,1687072.0000,3
2025-04-25,20250425142000000,sh.600864,5.8200,5.8300,5.8100,5.8300,215700,1256720.0000,3
2025-04-25,20250425142500000,sh.600864,5.8300,5.8400,5.8200,5.8300,180200,1050688.0000,3
2025-04-25,20250425143000000,sh.600864,5.8300,5.8400,5.8300,5.8300,126500,737936.0000,3
2025-04-25,20250425143500000,sh.600864,5.8400,5.8400,5.8300,5.8400,318800,1861296.0000,3
2025-04-25,20250425144000000,sh.600864,5.8300,5.8400,5.8200,5.8300,438800,2558832.0000,3
2025-04-25,20250425144500000,sh.600864,5.8300,5.8400,5.8200,5.8300,267100,1557456.0000,3
2025-04-25,20250425145000000,sh.600864,5.8300,5.8400,5.8200,5.8300,386400,2253344.0000,3
2025-04-25,20250425145500000,sh.600864,5.8300,5.8300,5.8200,5.8300,803800,4681344.0000,3
2025-04-25,20250425150000000,sh.600864,5.8300,5.8400,5.8200,5.8300,1022400,5964704.0000,3
2025-04-28,20250428093500000,sh.600864,5.8300,5.8300,5.7600,5.7700,1915500,11093857.0000,3
2025-04-28,20250428094000000,sh.600864,5.7700,5.7700,5.7500,5.7600,1396300,8043015.0000,3
2025-04-28,20250428094500000,sh.600864,5.7500,5.7600,5.7200,5.7300,1918100,11015972.0000,3
2025-04-28,20250428095000000,sh.600864,5.7300,5.7500,5.7300,5.7500,588000,3375788.0000,3
2025-04-28,20250428095500000,sh.600864,5.7400,5.7400,5.7200,5.7200,1120200,6413828.0000,3
2025-04-28,20250428100000000,sh.600864,5.7200,5.7300,5.7100,5.7100,609200,3483864.0000,3
2025-04-28,20250428100500000,sh.600864,5.7100,5.7200,5.7000,5.7100,574000,3278388.0000,3
2025-04-28,20250428101000000,sh.600864,5.7200,5.7300,5.7100,5.7300,445200,2546428.0000,3
2025-04-28,20250428101500000,sh.600864,5.7200,5.7300,5.7200,5.7200,286800,1640968.0000,3
2025-04-28,20250428102000000,sh.600864,5.7200,5.7300,5.7100,5.7300,613200,3507520.0000,3
2025-04-28,20250428102500000,sh.600864,5.7300,5.7300,5.7000,5.7000,775700,4430468.0000,3
2025-04-28,20250428103000000,sh.600864,5.7100,5.7200,5.7000,5.7200,366900,2096536.0000,3
2025-04-28,20250428103500000,sh.600864,5.7100,5.7200,5.7100,5.7100,169400,968664.0000,3
2025-04-28,20250428104000000,sh.600864,5.7200,5.7300,5.7100,5.7300,429300,2456000.0000,3
2025-04-28,20250428104500000,sh.600864,5.7300,5.7300,5.7100,5.7200,443100,2534720.0000,3
2025-04-28,20250428105000000,sh.600864,5.7300,5.7300,5.7200,5.7300,205200,1173968.0000,3
2025-04-28,20250428105500000,sh.600864,5.7300,5.7300,5.7200,5.7200,274100,1568488.0000,3
2025-04-28,20250428110000000,sh.600864,5.7200,5.7200,5.7100,5.7200,151000,862936.0000,3
2025-04-28,20250428110500000,sh.600864,5.7100,5.7200,5.7100,5.7200,285600,1631024.0000,3
2025-04-28,20250428111000000,sh.600864,5.7100,5.7200,5.7100,5.7100,167700,959144.0000,3
2025-04-28,20250428111500000,sh.600864,5.7200,5.7200,5.7100,5.7200,88800,507616.0000,3
2025-04-28,20250428112000000,sh.600864,5.7200,5.7300,5.7100,5.7200,578000,3304720.0000,3
2025-04-28,20250428112500000,sh.600864,5.7300,5.7300,5.7100,5.7200,347000,1986192.0000,3
2025-04-28,20250428113000000,sh.600864,5.7200,5.7300,5.7100,5.7200,162600,929928.0000,3
2025-04-28,20250428130500000,sh.600864,5.7300,5.7300,5.7100,5.7100,256300,1464648.0000,3
2025-04-28,20250428131000000,sh.600864,5.7100,5.7200,5.7100,5.7200,187600,1072232.0000,3
2025-04-28,20250428131500000,sh.600864,5.7200,5.7300,5.7100,5.7100,417800,2389552.0000,3
2025-04-28,20250428132000000,sh.600864,5.7100,5.7200,5.7000,5.7100,630700,3601112.0000,3
2025-04-28,20250428132500000,sh.600864,5.7000,5.7200,5.7000,5.7100,338300,1931792.0000,3
2025-04-28,20250428133000000,sh.600864,5.7100,5.7200,5.7100,5.7100,109600,626168.0000,3
2025-04-28,20250428133500000,sh.600864,5.7100,5.7200,5.7000,5.7200,374100,2136136.0000,3
2025-04-28,20250428134000000,sh.600864,5.7100,5.7200,5.7100,5.7100,148800,851048.0000,3
2025-04-28,20250428134500000,sh.600864,5.7200,5.7200,5.7100,5.7100,74100,423576.0000,3
2025-04-28,20250428135000000,sh.600864,5.7100,5.7200,5.7100,5.7200,127500,728272.0000,3
2025-04-28,20250428135500000,sh.600864,5.7200,5.7200,5.7100,5.7100,76200,435352.0000,3
2025-04-28,20250428140000000,sh.600864,5.7100,5.7200,5.7100,5.7100,277300,1583624.0000,3
2025-04-28,20250428140500000,sh.600864,5.7000,5.7200,5.7000,5.7100,386500,2206192.0000,3
2025-04-28,20250428141000000,sh.600864,5.7100,5.7200,5.7000,5.7100,249900,1426984.0000,3
2025-04-28,20250428141500000,sh.600864,5.7000,5.7200,5.7000,5.7200,289100,1650656.0000,3
2025-04-28,20250428142000000,sh.600864,5.7200,5.7200,5.7000,5.7000,599600,3419544.0000,3
2025-04-28,20250428142500000,sh.600864,5.7000,5.7100,5.7000,5.7100,386300,2205240.0000,3
2025-04-28,20250428143000000,sh.600864,5.7100,5.7100,5.7000,5.7100,703600,4011040.0000,3
2025-04-28,20250428143500000,sh.600864,5.7000,5.7100,5.6900,5.6900,333700,1901120.0000,3
2025-04-28,20250428144000000,sh.600864,5.7000,5.7100,5.6900,5.7000,361900,2062416.0000,3
2025-04-28,20250428144500000,sh.600864,5.7100,5.7100,5.7000,5.7100,375700,2143136.0000,3
2025-04-28,20250428145000000,sh.600864,5.7100,5.7100,5.7000,5.7100,407800,2325528.0000,3
2025-04-28,20250428145500000,sh.600864,5.7100,5.7100,5.6900,5.7000,607100,3462136.0000,3
2025-04-28,20250428150000000,sh.600864,5.7100,5.7100,5.6900,5.7000,566800,3230280.0000,3
2025-04-29,20250429093500000,sh.600864,5.7000,5.7100,5.6600,5.6900,944400,5363740.0000,3
2025-04-29,20250429094000000,sh.600864,5.6800,5.7200,5.6800,5.7100,846500,4827022.0000,3
2025-04-29,20250429094500000,sh.600864,5.7000,5.7200,5.7000,5.7100,331300,1891872.0000,3
2025-04-29,20250429095000000,sh.600864,5.7200,5.7200,5.7000,5.7100,432300,2469955.0000,3
2025-04-29,20250429095500000,sh.600864,5.7100,5.7400,5.7100,5.7100,767200,4392951.0000,3
2025-04-29,20250429100000000,sh.600864,5.7200,5.7200,5.7100,5.7100,57400,328144.0000,3
2025-04-29,20250429100500000,sh.600864,5.7100,5.7300,5.7100,5.7200,667800,3819378.0000,3
2025-04-29,20250429101000000,sh.600864,5.7200,5.7200,5.7000,5.7100,566100,3232270.0000,3
2025-04-29,20250429101500000,sh.600864,5.7200,5.7300,5.7100,5.7300,265200,1516854.0000,3
2025-04-29,20250429102000000,sh.600864,5.7200,5.7300,5.7200,5.7300,273700,1565874.0000,3
2025-04-29,20250429102500000,sh.600864,5.7200,5.7300,5.7100,5.7200,187000,1069750.0000,3
2025-04-29,20250429103000000,sh.600864,5.7200,5.7200,5.7000,5.7100,280000,1598810.0000,3
2025-04-29,20250429103500000,sh.600864,5.7000,5.7100,5.7000,5.7100,376500,2147132.0000,3
2025-04-29,20250429104000000,sh.600864,5.7100,5.7100,5.7000,5.7100,258300,1472684.0000,3
2025-04-29,20250429104500000,sh.600864,5.7000,5.7100,5.7000,5.7100,50200,286296.0000,3
2025-04-29,20250429105000000,sh.600864,5.7100,5.7100,5.7000,5.7100,63300,361368.0000,3
2025-04-29,20250429105500000,sh.600864,5.7100,5.7200,5.7000,5.7100,247800,1414736.0000,3
2025-04-29,20250429110000000,sh.600864,5.7100,5.7100,5.7000,5.7100,65600,374076.0000,3
2025-04-29,20250429110500000,sh.600864,5.7100,5.7100,5.7000,5.7100,48000,273792.0000,3
2025-04-29,20250429111000000,sh.600864,5.7100,5.7100,5.7000,5.7100,46300,264328.0000,3
2025-04-29,20250429111500000,sh.600864,5.7100,5.7100,5.7000,5.7100,161100,919460.0000,3
2025-04-29,20250429112000000,sh.600864,5.7000,5.7100,5.7000,5.7100,543700,3101868.0000,3
2025-04-29,20250429112500000,sh.600864,5.7000,5.7100,5.6900,5.7000,239700,1366296.0000,3
2025-04-29,20250429113000000,sh.600864,5.7000,5.7000,5.6900,5.7000,76200,434064.0000,3
2025-04-29,20250429130500000,sh.600864,5.7000,5.7000,5.6900,5.7000,115000,654720.0000,3
2025-04-29,20250429131000000,sh.600864,5.6900,5.7000,5.6900,5.7000,86000,489668.0000,3
2025-04-29,20250429131500000,sh.600864,5.6900,5.7000,5.6900,5.7000,52400,298328.0000,3
2025-04-29,20250429132000000,sh.600864,5.7000,5.7000,5.6900,5.7000,200300,1140788.0000,3
2025-04-29,20250429132500000,sh.600864,5.7000,5.7000,5.6900,5.7000,353500,2014628.0000,3
2025-04-29,20250429133000000,sh.600864,5.7000,5.7000,5.6900,5.6900,70100,399456.0000,3
2025-04-29,20250429133500000,sh.600864,5.7000,5.7000,5.6800,5.6900,461500,2625952.0000,3
2025-04-29,20250429134000000,sh.600864,5.6900,5.7000,5.6800,5.7000,169900,966828.0000,3
2025-04-29,20250429134500000,sh.600864,5.7000,5.7000,5.6800,5.6900,335000,1905008.0000,3
2025-04-29,20250429135000000,sh.600864,5.6900,5.6900,5.6800,5.6900,154400,877648.0000,3
2025-04-29,20250429135500000,sh.600864,5.6900,5.6900,5.6800,5.6900,226200,1285456.0000,3
2025-04-29,20250429140000000,sh.600864,5.6900,5.6900,5.6800,5.6900,60000,341084.0000,3
2025-04-29,20250429140500000,sh.600864,5.6900,5.6900,5.6800,5.6900,142100,808236.0000,3
2025-04-29,20250429141000000,sh.600864,5.6800,5.7100,5.6800,5.7000,560400,3193104.0000,3
2025-04-29,20250429141500000,sh.600864,5.6900,5.7000,5.6900,5.7000,47700,271512.0000,3
2025-04-29,20250429142000000,sh.600864,5.6900,5.7100,5.6900,5.7000,209600,1194688.0000,3
2025-04-29,20250429142500000,sh.600864,5.7000,5.7100,5.7000,5.7000,190000,1083072.0000,3
2025-04-29,20250429143000000,sh.600864,5.6900,5.7000,5.6900,5.7000,81800,465832.0000,3
2025-04-29,20250429143500000,sh.600864,5.7000,5.7000,5.6900,5.7000,186100,1059616.0000,3
2025-04-29,20250429144000000,sh.600864,5.7000,5.7000,5.6900,5.7000,94500,538320.0000,3
2025-04-29,20250429144500000,sh.600864,5.7000,5.7000,5.6900,5.6900,486600,2769288.0000,3
2025-04-29,20250429145000000,sh.600864,5.7000,5.7000,5.6800,5.7000,684300,3894000.0000,3
2025-04-29,20250429145500000,sh.600864,5.6900,5.7000,5.6800,5.6900,394100,2242312.0000,3
2025-04-29,20250429150000000,sh.600864,5.6900,5.6900,5.6800,5.6800,444600,2526920.0000,3
2025-04-30,20250430093500000,sh.600864,5.7000,5.7300,5.6900,5.7200,1796200,10263980.0000,3
2025-04-30,20250430094000000,sh.600864,5.7200,5.7300,5.7100,5.7300,524300,2999283.0000,3
2025-04-30,20250430094500000,sh.600864,5.7200,5.7400,5.7100,5.7400,775100,4438485.0000,3
2025-04-30,20250430095000000,sh.600864,5.7400,5.7500,5.7300,5.7400,902700,5181380.0000,3
2025-04-30,20250430095500000,sh.600864,5.7400,5.7400,5.7100,5.7200,429900,2460476.0000,3
2025-04-30,20250430100000000,sh.600864,5.7200,5.7200,5.7100,5.7200,185600,1061284.0000,3
2025-04-30,20250430100500000,sh.600864,5.7200,5.7300,5.7100,5.7200,304400,1741096.0000,3
2025-04-30,20250430101000000,sh.600864,5.7200,5.7300,5.7200,5.7200,68200,390148.0000,3
2025-04-30,20250430101500000,sh.600864,5.7200,5.7300,5.7200,5.7300,90800,519692.0000,3
2025-04-30,20250430102000000,sh.600864,5.7200,5.7300,5.7200,5.7300,205700,1176856.0000,3
2025-04-30,20250430102500000,sh.600864,5.7300,5.7300,5.7200,5.7200,276200,1580880.0000,3
2025-04-30,20250430103000000,sh.600864,5.7300,5.7300,5.7200,5.7300,192900,1103344.0000,3
2025-04-30,20250430103500000,sh.600864,5.7300,5.7300,5.7100,5.7100,213700,1222428.0000,3
2025-04-30,20250430104000000,sh.600864,5.7100,5.7200,5.7000,5.7000,479300,2736480.0000,3
2025-04-30,20250430104500000,sh.600864,5.7000,5.7100,5.7000,5.7100,199800,1139160.0000,3
2025-04-30,20250430105000000,sh.600864,5.7000,5.7100,5.6900,5.6900,371000,2113840.0000,3
2025-04-30,20250430105500000,sh.600864,5.7000,5.7000,5.6900,5.6900,89400,509348.0000,3
2025-04-30,20250430110000000,sh.600864,5.7000,5.7000,5.6900,5.7000,207700,1183380.0000,3
2025-04-30,20250430110500000,sh.600864,5.7000,5.7100,5.7000,5.7000,177100,1010812.0000,3
2025-04-30,20250430111000000,sh.600864,5.7000,5.7100,5.7000,5.7000,1059500,6032372.0000,3
2025-04-30,20250430111500000,sh.600864,5.7000,5.7000,5.6900,5.6900,98300,559784.0000,3
2025-04-30,20250430112000000,sh.600864,5.6900,5.7000,5.6900,5.6900,136700,778912.0000,3
2025-04-30,20250430112500000,sh.600864,5.6900,5.7000,5.6900,5.7000,279700,1593832.0000,3
2025-04-30,20250430113000000,sh.600864,5.6900,5.7000,5.6900,5.7000,175300,998952.0000,3
2025-04-30,20250430130500000,sh.600864,5.7000,5.7000,5.6800,5.6800,619900,3527184.0000,3
2025-04-30,20250430131000000,sh.600864,5.6800,5.6900,5.6700,5.6700,619600,3518764.0000,3
2025-04-30,20250430131500000,sh.600864,5.6800,5.6900,5.6700,5.6900,304600,1729932.0000,3
2025-04-30,20250430132000000,sh.600864,5.6800,5.6900,5.6800,5.6800,398800,2268484.0000,3
2025-04-30,20250430132500000,sh.600864,5.6900,5.7000,5.6900,5.6900,203900,1160428.0000,3
2025-04-30,20250430133000000,sh.600864,5.6900,5.7000,5.6800,5.6900,119500,680336.0000,3
2025-04-30,20250430133500000,sh.600864,5.6900,5.7000,5.6900,5.7000,68600,390520.0000,3
2025-04-30,20250430134000000,sh.600864,5.6900,5.7000,5.6900,5.6900,119100,678008.0000,3
2025-04-30,20250430134500000,sh.600864,5.6900,5.7000,5.6900,5.6900,85600,487272.0000,3
2025-04-30,20250430135000000,sh.600864,5.6900,5.7000,5.6900,5.6900,172200,981400.0000,3
2025-04-30,20250430135500000,sh.600864,5.6900,5.7000,5.6900,5.6900,359400,2045048.0000,3
2025-04-30,20250430140000000,sh.600864,5.6900,5.7000,5.6900,5.6900,165200,940048.0000,3
2025-04-30,20250430140500000,sh.600864,5.6900,5.7100,5.6900,5.6900,251200,1431464.0000,3
2025-04-30,20250430141000000,sh.600864,5.7000,5.7000,5.6900,5.7000,131500,749512.0000,3
2025-04-30,20250430141500000,sh.600864,5.7000,5.7000,5.6900,5.6900,231700,1318520.0000,3
2025-04-30,20250430142000000,sh.600864,5.6900,5.7000,5.6900,5.7000,62700,356976.0000,3
2025-04-30,20250430142500000,sh.600864,5.6900,5.7000,5.6800,5.6800,255400,1453192.0000,3
2025-04-30,20250430143000000,sh.600864,5.6800,5.6900,5.6800,5.6800,100100,568984.0000,3
2025-04-30,20250430143500000,sh.600864,5.6800,5.6900,5.6700,5.6900,620000,3521856.0000,3
2025-04-30,20250430144000000,sh.600864,5.6800,5.6900,5.6800,5.6800,118800,675584.0000,3
2025-04-30,20250430144500000,sh.600864,5.6800,5.6900,5.6700,5.6700,499800,2838776.0000,3
2025-04-30,20250430145000000,sh.600864,5.6800,5.6800,5.6700,5.6700,474700,2692712.0000,3
2025-04-30,20250430145500000,sh.600864,5.6700,5.6800,5.6600,5.6700,603300,3420840.0000,3
2025-04-30,20250430150000000,sh.600864,5.6700,5.6800,5.6600,5.6800,204700,1160712.0000,3
2025-05-06,20250506093500000,sh.600864,5.7000,5.7500,5.6900,5.7400,3480400,19944214.0000,3
2025-05-06,20250506094000000,sh.600864,5.7500,5.7500,5.7300,5.7400,1462900,8397510.0000,3
2025-05-06,20250506094500000,sh.600864,5.7400,5.7700,5.7400,5.7500,2306800,13276684.0000,3
2025-05-06,20250506095000000,sh.600864,5.7600,5.7600,5.7400,5.7500,720600,4143488.0000,3
2025-05-06,20250506095500000,sh.600864,5.7400,5.7700,5.7400,5.7600,800000,4607200.0000,3
2025-05-06,20250506100000000,sh.600864,5.7700,5.7900,5.7700,5.7800,1859500,10739680.0000,3
2025-05-06,20250506100500000,sh.600864,5.7800,5.7900,5.7700,5.7700,407600,2354628.0000,3
2025-05-06,20250506101000000,sh.600864,5.7700,5.7800,5.7700,5.7700,317700,1834068.0000,3
2025-05-06,20250506101500000,sh.600864,5.7700,5.7900,5.7700,5.7800,881600,5097136.0000,3
2025-05-06,20250506102000000,sh.600864,5.7800,5.7900,5.7800,5.7800,119500,691496.0000,3
2025-05-06,20250506102500000,sh.600864,5.7900,5.8100,5.7800,5.8100,1566700,9079544.0000,3
2025-05-06,20250506103000000,sh.600864,5.8100,5.8100,5.7800,5.7800,1173000,6794992.0000,3
2025-05-06,20250506103500000,sh.600864,5.7800,5.8000,5.7800,5.8000,526900,3048248.0000,3
2025-05-06,20250506104000000,sh.600864,5.8000,5.8000,5.7800,5.7900,288600,1671272.0000,3
2025-05-06,20250506104500000,sh.600864,5.7900,5.7900,5.7800,5.7800,95400,551904.0000,3
2025-05-06,20250506105000000,sh.600864,5.7800,5.7900,5.7800,5.7900,90200,521728.0000,3
2025-05-06,20250506105500000,sh.600864,5.7900,5.7900,5.7800,5.7800,527900,3055976.0000,3
2025-05-06,20250506110000000,sh.600864,5.7900,5.7900,5.7800,5.7900,375800,2172632.0000,3
2025-05-06,20250506110500000,sh.600864,5.7900,5.7900,5.7700,5.7800,183400,1059968.0000,3
2025-05-06,20250506111000000,sh.600864,5.7800,5.7900,5.7800,5.7800,431300,2496168.0000,3
2025-05-06,20250506111500000,sh.600864,5.7900,5.7900,5.7800,5.7900,102300,592176.0000,3
2025-05-06,20250506112000000,sh.600864,5.7900,5.7900,5.7800,5.7900,104600,605552.0000,3
2025-05-06,20250506112500000,sh.600864,5.7900,5.7900,5.7800,5.7800,525300,3040824.0000,3
2025-05-06,20250506113000000,sh.600864,5.7900,5.8000,5.7800,5.8000,625400,3626600.0000,3
2025-05-06,20250506130500000,sh.600864,5.8000,5.8000,5.7700,5.7800,1086900,6287712.0000,3
2025-05-06,20250506131000000,sh.600864,5.7800,5.7800,5.7700,5.7700,120800,697984.0000,3
2025-05-06,20250506131500000,sh.600864,5.7700,5.7800,5.7700,5.7800,201900,1166776.0000,3
2025-05-06,20250506132000000,sh.600864,5.7800,5.7900,5.7800,5.7800,108300,626536.0000,3
2025-05-06,20250506132500000,sh.600864,5.7900,5.7900,5.7800,5.7900,62800,363512.0000,3
2025-05-06,20250506133000000,sh.600864,5.7900,5.8000,5.7700,5.7900,860800,4981824.0000,3
2025-05-06,20250506133500000,sh.600864,5.7900,5.8000,5.7800,5.7900,208700,1208256.0000,3
2025-05-06,20250506134000000,sh.600864,5.7900,5.7900,5.7800,5.7900,38100,220496.0000,3
2025-05-06,20250506134500000,sh.600864,5.7800,5.7900,5.7700,5.7700,430200,2486896.0000,3
2025-05-06,20250506135000000,sh.600864,5.7700,5.7900,5.7700,5.7800,535100,3092864.0000,3
2025-05-06,20250506135500000,sh.600864,5.7700,5.7800,5.7700,5.7800,125600,725248.0000,3
2025-05-06,20250506140000000,sh.600864,5.7800,5.7800,5.7700,5.7800,224300,1295320.0000,3
2025-05-06,20250506140500000,sh.600864,5.7700,5.7800,5.7700,5.7800,119600,691176.0000,3
2025-05-06,20250506141000000,sh.600864,5.7700,5.7800,5.7700,5.7700,100800,582272.0000,3
2025-05-06,20250506141500000,sh.600864,5.7700,5.7800,5.7700,5.7700,270700,1562224.0000,3
2025-05-06,20250506142000000,sh.600864,5.7800,5.7800,5.7700,5.7800,519600,3002624.0000,3
2025-05-06,20250506142500000,sh.600864,5.7800,5.7900,5.7700,5.7800,315800,1825296.0000,3
2025-05-06,20250506143000000,sh.600864,5.7800,5.7900,5.7700,5.7700,653500,3777248.0000,3
2025-05-06,20250506143500000,sh.600864,5.7700,5.7900,5.7700,5.7800,333100,1924800.0000,3
2025-05-06,20250506144000000,sh.600864,5.7900,5.7900,5.7700,5.7800,433100,2503632.0000,3
2025-05-06,20250506144500000,sh.600864,5.7800,5.7900,5.7800,5.7900,223100,1290240.0000,3
2025-05-06,20250506145000000,sh.600864,5.7900,5.7900,5.7800,5.7900,300700,1739328.0000,3
2025-05-06,20250506145500000,sh.600864,5.7900,5.7900,5.7800,5.7900,716000,4143232.0000,3
2025-05-06,20250506150000000,sh.600864,5.7900,5.8000,5.7800,5.7900,590300,3417344.0000,3
2025-05-07,20250507093500000,sh.600864,5.9300,6.0000,5.9200,5.9300,8719300,51942188.0000,3
2025-05-07,20250507094000000,sh.600864,5.9300,5.9300,5.9000,5.9000,2847000,16827284.0000,3
2025-05-07,20250507094500000,sh.600864,5.9000,5.9000,5.8700,5.8700,1680300,9884632.0000,3
2025-05-07,20250507095000000,sh.600864,5.8700,5.9000,5.8600,5.8600,1378800,8108456.0000,3
2025-05-07,20250507095500000,sh.600864,5.8600,5.8800,5.8500,5.8600,1224700,7181240.0000,3
2025-05-07,20250507100000000,sh.600864,5.8600,5.8800,5.8500,5.8700,861000,5051192.0000,3
2025-05-07,20250507100500000,sh.600864,5.8700,5.8700,5.8600,5.8700,228200,1338376.0000,3
2025-05-07,20250507101000000,sh.600864,5.8700,5.8700,5.8600,5.8600,431600,2531016.0000,3
2025-05-07,20250507101500000,sh.600864,5.8600,5.8700,5.8500,5.8600,577300,3382160.0000,3
2025-05-07,20250507102000000,sh.600864,5.8500,5.8600,5.8400,5.8500,969300,5667952.0000,3
2025-05-07,20250507102500000,sh.600864,5.8500,5.8500,5.8400,5.8400,224900,1314824.0000,3
2025-05-07,20250507103000000,sh.600864,5.8400,5.8500,5.8300,5.8400,682500,3985416.0000,3
2025-05-07,20250507103500000,sh.600864,5.8400,5.8600,5.8400,5.8500,692000,4047256.0000,3
2025-05-07,20250507104000000,sh.600864,5.8500,5.8600,5.8400,5.8500,391700,2291016.0000,3
2025-05-07,20250507104500000,sh.600864,5.8400,5.8500,5.8400,5.8400,263800,1542184.0000,3
2025-05-07,20250507105000000,sh.600864,5.8400,5.8500,5.8300,5.8400,706900,4128112.0000,3
2025-05-07,20250507105500000,sh.600864,5.8400,5.8500,5.8400,5.8500,338600,1980536.0000,3
2025-05-07,20250507110000000,sh.600864,5.8600,5.8600,5.8500,5.8500,177500,1038680.0000,3
2025-05-07,20250507110500000,sh.600864,5.8500,5.8600,5.8500,5.8600,105000,614760.0000,3
2025-05-07,20250507111000000,sh.600864,5.8600,5.8600,5.8400,5.8400,734400,4296528.0000,3
2025-05-07,20250507111500000,sh.600864,5.8500,5.8600,5.8400,5.8500,138900,812560.0000,3
2025-05-07,20250507112000000,sh.600864,5.8400,5.8500,5.8300,5.8300,401100,2341168.0000,3
2025-05-07,20250507112500000,sh.600864,5.8300,5.8400,5.8200,5.8300,380700,2219488.0000,3
2025-05-07,20250507113000000,sh.600864,5.8300,5.8400,5.8300,5.8400,264000,1539280.0000,3
2025-05-07,20250507130500000,sh.600864,5.8400,5.8500,5.8300,5.8400,297800,1738496.0000,3
2025-05-07,20250507131000000,sh.600864,5.8500,5.8500,5.8400,5.8400,155400,908944.0000,3
2025-05-07,20250507131500000,sh.600864,5.8500,5.8500,5.8300,5.8300,324600,1895840.0000,3
2025-05-07,20250507132000000,sh.600864,5.8400,5.8400,5.8300,5.8400,90500,528016.0000,3
2025-05-07,20250507132500000,sh.600864,5.8400,5.8400,5.8200,5.8300,303800,1771072.0000,3
2025-05-07,20250507133000000,sh.600864,5.8300,5.8400,5.8200,5.8400,304300,1773968.0000,3
2025-05-07,20250507133500000,sh.600864,5.8300,5.8400,5.8200,5.8400,320900,1871248.0000,3
2025-05-07,20250507134000000,sh.600864,5.8400,5.8400,5.8300,5.8300,93000,542528.0000,3
2025-05-07,20250507134500000,sh.600864,5.8400,5.8400,5.8300,5.8400,117100,683248.0000,3
2025-05-07,20250507135000000,sh.600864,5.8400,5.8400,5.8200,5.8300,350600,2043792.0000,3
2025-05-07,20250507135500000,sh.600864,5.8200,5.8300,5.8200,5.8300,140600,819168.0000,3
2025-05-07,20250507140000000,sh.600864,5.8300,5.8300,5.8100,5.8100,571000,3323072.0000,3
2025-05-07,20250507140500000,sh.600864,5.8100,5.8200,5.8000,5.8100,719900,4182496.0000,3
2025-05-07,20250507141000000,sh.600864,5.8100,5.8200,5.8100,5.8100,223000,1295936.0000,3
2025-05-07,20250507141500000,sh.600864,5.8100,5.8200,5.8000,5.8000,260000,1510832.0000,3
2025-05-07,20250507142000000,sh.600864,5.8000,5.8100,5.7900,5.8000,755100,4379952.0000,3
2025-05-07,20250507142500000,sh.600864,5.8000,5.8100,5.8000,5.8000,276800,1606048.0000,3
2025-05-07,20250507143000000,sh.600864,5.8000,5.8100,5.8000,5.8000,381700,2214704.0000,3
2025-05-07,20250507143500000,sh.600864,5.8000,5.8200,5.8000,5.8200,196400,1141216.0000,3
2025-05-07,20250507144000000,sh.600864,5.8200,5.8300,5.8100,5.8200,445500,2594512.0000,3
2025-05-07,20250507144500000,sh.600864,5.8300,5.8300,5.8200,5.8200,177000,1031392.0000,3
2025-05-07,20250507145000000,sh.600864,5.8200,5.8400,5.8200,5.8300,500200,2916064.0000,3
2025-05-07,20250507145500000,sh.600864,5.8400,5.8400,5.8200,5.8200,555200,3237840.0000,3
2025-05-07,20250507150000000,sh.600864,5.8300,5.8400,5.8200,5.8300,343300,2002240.0000,3
2025-05-08,20250508093500000,sh.600864,5.8000,5.8300,5.7900,5.8100,1230100,7139883.0000,3
2025-05-08,20250508094000000,sh.600864,5.8100,5.8300,5.8000,5.8300,619900,3606293.0000,3
2025-05-08,20250508094500000,sh.600864,5.8300,5.8500,5.8200,5.8400,1402300,8185664.0000,3
2025-05-08,20250508095000000,sh.600864,5.8500,5.8800,5.8500,5.8600,2149500,12620292.0000,3
2025-05-08,20250508095500000,sh.600864,5.8600,5.8700,5.8500,5.8500,335600,1965224.0000,3
2025-05-08,20250508100000000,sh.600864,5.8500,5.8600,5.8400,5.8600,817400,4781896.0000,3
2025-05-08,20250508100500000,sh.600864,5.8600,5.8600,5.8500,5.8500,338000,1977692.0000,3
2025-05-08,20250508101000000,sh.600864,5.8500,5.8500,5.8400,5.8500,194000,1133312.0000,3
2025-05-08,20250508101500000,sh.600864,5.8500,5.8500,5.8300,5.8400,196300,1146524.0000,3
2025-05-08,20250508102000000,sh.600864,5.8400,5.8400,5.8300,5.8400,61700,359928.0000,3
2025-05-08,20250508102500000,sh.600864,5.8300,5.8500,5.8300,5.8400,442100,2581880.0000,3
2025-05-08,20250508103000000,sh.600864,5.8400,5.8500,5.8400,5.8400,281400,1645724.0000,3
2025-05-08,20250508103500000,sh.600864,5.8400,5.8500,5.8400,5.8400,91200,533160.0000,3
2025-05-08,20250508104000000,sh.600864,5.8400,5.8500,5.8400,5.8400,89000,519888.0000,3
2025-05-08,20250508104500000,sh.600864,5.8500,5.8500,5.8300,5.8400,316500,1848656.0000,3
2025-05-08,20250508105000000,sh.600864,5.8300,5.8500,5.8300,5.8300,255000,1489776.0000,3
2025-05-08,20250508105500000,sh.600864,5.8300,5.8400,5.8300,5.8300,67500,393900.0000,3
2025-05-08,20250508110000000,sh.600864,5.8300,5.8600,5.8300,5.8600,505200,2953184.0000,3
2025-05-08,20250508110500000,sh.600864,5.8600,5.8600,5.8500,5.8600,401900,2351888.0000,3
2025-05-08,20250508111000000,sh.600864,5.8500,5.8600,5.8400,5.8500,261100,1527444.0000,3
2025-05-08,20250508111500000,sh.600864,5.8500,5.8600,5.8500,5.8500,133900,784364.0000,3
2025-05-08,20250508112000000,sh.600864,5.8600,5.8700,5.8500,5.8700,776900,4552352.0000,3
2025-05-08,20250508112500000,sh.600864,5.8600,5.8700,5.8500,5.8500,381800,2237420.0000,3
2025-05-08,20250508113000000,sh.600864,5.8500,5.8600,5.8500,5.8600,51000,298636.0000,3
2025-05-08,20250508130500000,sh.600864,5.8600,5.8600,5.8400,5.8500,575900,3367284.0000,3
2025-05-08,20250508131000000,sh.600864,5.8400,5.8500,5.8400,5.8500,339600,1985072.0000,3
2025-05-08,20250508131500000,sh.600864,5.8500,5.8500,5.8400,5.8500,279500,1632384.0000,3
2025-05-08,20250508132000000,sh.600864,5.8400,5.8500,5.8400,5.8400,185900,1086208.0000,3
2025-05-08,20250508132500000,sh.600864,5.8400,5.8500,5.8400,5.8400,39800,232656.0000,3
2025-05-08,20250508133000000,sh.600864,5.8500,5.8500,5.8400,5.8500,140000,818360.0000,3
2025-05-08,20250508133500000,sh.600864,5.8500,5.8500,5.8400,5.8400,252100,1474120.0000,3
2025-05-08,20250508134000000,sh.600864,5.8400,5.8500,5.8400,5.8500,90400,528192.0000,3
2025-05-08,20250508134500000,sh.600864,5.8400,5.8500,5.8400,5.8500,66300,387536.0000,3
2025-05-08,20250508135000000,sh.600864,5.8500,5.8600,5.8400,5.8500,219200,1282360.0000,3
2025-05-08,20250508135500000,sh.600864,5.8500,5.8600,5.8500,5.8500,107100,626888.0000,3
2025-05-08,20250508140000000,sh.600864,5.8600,5.8600,5.8500,5.8600,150000,878472.0000,3
2025-05-08,20250508140500000,sh.600864,5.8600,5.8700,5.8500,5.8600,889100,5210352.0000,3
2025-05-08,20250508141000000,sh.600864,5.8600,5.8700,5.8500,5.8500,197700,1158512.0000,3
2025-05-08,20250508141500000,sh.600864,5.8500,5.8600,5.8500,5.8600,222300,1302336.0000,3
2025-05-08,20250508142000000,sh.600864,5.8600,5.8700,5.8500,5.8700,291800,1710328.0000,3
2025-05-08,20250508142500000,sh.600864,5.8700,5.8700,5.8600,5.8600,220700,1295240.0000,3
2025-05-08,20250508143000000,sh.600864,5.8600,5.8700,5.8600,5.8700,536000,3144496.0000,3
2025-05-08,20250508143500000,sh.600864,5.8700,5.8700,5.8600,5.8600,92000,539792.0000,3
2025-05-08,20250508144000000,sh.600864,5.8600,5.8700,5.8600,5.8600,594800,3489056.0000,3
2025-05-08,20250508144500000,sh.600864,5.8600,5.8700,5.8500,5.8600,256800,1504648.0000,3
2025-05-08,20250508145000000,sh.600864,5.8600,5.8700,5.8500,5.8600,472200,2766576.0000,3
2025-05-08,20250508145500000,sh.600864,5.8600,5.8700,5.8500,5.8600,453100,2654736.0000,3
2025-05-08,20250508150000000,sh.600864,5.8500,5.8700,5.8500,5.8600,357000,2091880.0000,3
2025-05-09,20250509093500000,sh.600864,5.8800,5.9000,5.8300,5.8500,1503100,8820602.0000,3
2025-05-09,20250509094000000,sh.600864,5.8400,5.8500,5.8200,5.8300,945900,5519254.0000,3
2025-05-09,20250509094500000,sh.600864,5.8300,5.8300,5.8200,5.8300,692500,4032734.0000,3
2025-05-09,20250509095000000,sh.600864,5.8300,5.8300,5.8100,5.8100,588300,3423614.0000,3
2025-05-09,20250509095500000,sh.600864,5.8100,5.8200,5.8100,5.8100,579400,3370748.0000,3
2025-05-09,20250509100000000,sh.600864,5.8100,5.8300,5.8100,5.8200,264400,1538222.0000,3
2025-05-09,20250509100500000,sh.600864,5.8300,5.8300,5.8200,5.8300,354100,2063334.0000,3
2025-05-09,20250509101000000,sh.600864,5.8300,5.8300,5.8100,5.8200,324500,1888096.0000,3
2025-05-09,20250509101500000,sh.600864,5.8200,5.8200,5.8100,5.8100,236600,1376436.0000,3
2025-05-09,20250509102000000,sh.600864,5.8200,5.8200,5.8100,5.8100,248800,1447566.0000,3
2025-05-09,20250509102500000,sh.600864,5.8200,5.8200,5.8000,5.8100,493300,2865742.0000,3
2025-05-09,20250509103000000,sh.600864,5.8000,5.8100,5.8000,5.8000,296400,1719816.0000,3
2025-05-09,20250509103500000,sh.600864,5.8100,5.8100,5.8000,5.8000,197900,1148152.0000,3
2025-05-09,20250509104000000,sh.600864,5.8000,5.8100,5.7900,5.7900,524200,3040260.0000,3
2025-05-09,20250509104500000,sh.600864,5.8000,5.8100,5.7900,5.8000,249900,1449504.0000,3
2025-05-09,20250509105000000,sh.600864,5.8000,5.8000,5.7900,5.7900,117000,678272.0000,3
2025-05-09,20250509105500000,sh.600864,5.7900,5.8000,5.7800,5.7900,845300,4891568.0000,3
2025-05-09,20250509110000000,sh.600864,5.7900,5.7900,5.7800,5.7800,167700,969960.0000,3
2025-05-09,20250509110500000,sh.600864,5.7800,5.7900,5.7800,5.7900,393600,2276688.0000,3
2025-05-09,20250509111000000,sh.600864,5.8000,5.8100,5.7900,5.8000,247700,1436400.0000,3
2025-05-09,20250509111500000,sh.600864,5.8100,5.8100,5.7900,5.8100,141400,820228.0000,3
2025-05-09,20250509112000000,sh.600864,5.8000,5.8100,5.8000,5.8000,78800,457660.0000,3
2025-05-09,20250509112500000,sh.600864,5.8100,5.8100,5.8000,5.8000,61300,355612.0000,3
2025-05-09,20250509113000000,sh.600864,5.8100,5.8100,5.7900,5.8000,247300,1434468.0000,3
2025-05-09,20250509130500000,sh.600864,5.8000,5.8100,5.7900,5.8000,205800,1193396.0000,3
2025-05-09,20250509131000000,sh.600864,5.8100,5.8100,5.8000,5.8000,451100,2616448.0000,3
2025-05-09,20250509131500000,sh.600864,5.8000,5.8100,5.8000,5.8100,134800,783108.0000,3
2025-05-09,20250509132000000,sh.600864,5.8100,5.8100,5.8000,5.8100,189800,1101312.0000,3
2025-05-09,20250509132500000,sh.600864,5.8000,5.8100,5.7900,5.7900,138900,805548.0000,3
2025-05-09,20250509133000000,sh.600864,5.8000,5.8100,5.7900,5.8100,220300,1278476.0000,3
2025-05-09,20250509133500000,sh.600864,5.8100,5.8200,5.8000,5.8000,263800,1532644.0000,3
2025-05-09,20250509134000000,sh.600864,5.8000,5.8100,5.8000,5.8000,70200,407612.0000,3
2025-05-09,20250509134500000,sh.600864,5.8000,5.8100,5.8000,5.8000,99400,577528.0000,3
2025-05-09,20250509135000000,sh.600864,5.8100,5.8100,5.8000,5.8000,168800,979704.0000,3
2025-05-09,20250509135500000,sh.600864,5.8100,5.8100,5.7900,5.8000,178000,1032064.0000,3
2025-05-09,20250509140000000,sh.600864,5.8100,5.8100,5.8000,5.8100,87700,509384.0000,3
2025-05-09,20250509140500000,sh.600864,5.8100,5.8100,5.7900,5.7900,399900,2319360.0000,3
2025-05-09,20250509141000000,sh.600864,5.8000,5.8000,5.7900,5.7900,84500,489360.0000,3
2025-05-09,20250509141500000,sh.600864,5.8000,5.8000,5.7900,5.7900,51200,296776.0000,3
2025-05-09,20250509142000000,sh.600864,5.8000,5.8000,5.7900,5.8000,52900,306672.0000,3
2025-05-09,20250509142500000,sh.600864,5.7900,5.8000,5.7800,5.7800,655700,3795808.0000,3
2025-05-09,20250509143000000,sh.600864,5.7900,5.7900,5.7800,5.7800,145700,843088.0000,3
2025-05-09,20250509143500000,sh.600864,5.7900,5.8000,5.7800,5.7800,206800,1197432.0000,3
2025-05-09,20250509144000000,sh.600864,5.7900,5.8000,5.7800,5.8000,177100,1025288.0000,3
2025-05-09,20250509144500000,sh.600864,5.8000,5.8000,5.7900,5.7900,227500,1319024.0000,3
2025-05-09,20250509145000000,sh.600864,5.7900,5.8000,5.7800,5.7800,571200,3308112.0000,3
2025-05-09,20250509145500000,sh.600864,5.7800,5.8000,5.7800,5.8000,468200,2709976.0000,3
2025-05-09,20250509150000000,sh.600864,5.7900,5.8000,5.7800,5.7800,314900,1822864.0000,3
2025-05-12,20250512093500000,sh.600864,5.8100,5.8400,5.7900,5.8100,1708100,9936881.0000,3
2025-05-12,20250512094000000,sh.600864,5.8200,5.8300,5.8000,5.8100,1533400,8913151.0000,3
2025-05-12,20250512094500000,sh.600864,5.8100,5.8200,5.8000,5.8100,350500,2036974.0000,3
2025-05-12,20250512095000000,sh.600864,5.8100,5.8100,5.7900,5.8000,580100,3364118.0000,3
2025-05-12,20250512095500000,sh.600864,5.8000,5.8000,5.7900,5.7900,358500,2076456.0000,3
2025-05-12,20250512100000000,sh.600864,5.7900,5.8000,5.7800,5.8000,549800,3180908.0000,3
2025-05-12,20250512100500000,sh.600864,5.8000,5.8300,5.8000,5.8300,1070500,6223072.0000,3
2025-05-12,20250512101000000,sh.600864,5.8300,5.8300,5.8200,5.8200,267100,1555956.0000,3
2025-05-12,20250512101500000,sh.600864,5.8300,5.8500,5.8200,5.8400,1409800,8225744.0000,3
2025-05-12,20250512102000000,sh.600864,5.8400,5.8500,5.8300,5.8400,508900,2972540.0000,3
2025-05-12,20250512102500000,sh.600864,5.8400,5.8400,5.8300,5.8300,455200,2654668.0000,3
2025-05-12,20250512103000000,sh.600864,5.8400,5.8400,5.8300,5.8400,110300,643792.0000,3
2025-05-12,20250512103500000,sh.600864,5.8300,5.8400,5.8300,5.8400,187900,1097172.0000,3
2025-05-12,20250512104000000,sh.600864,5.8400,5.8700,5.8300,5.8700,1636700,9577376.0000,3
2025-05-12,20250512104500000,sh.600864,5.8700,5.8700,5.8400,5.8600,685700,4013916.0000,3
2025-05-12,20250512105000000,sh.600864,5.8500,5.8600,5.8400,5.8500,141600,828484.0000,3
2025-05-12,20250512105500000,sh.600864,5.8400,5.8600,5.8400,5.8600,152500,892192.0000,3
2025-05-12,20250512110000000,sh.600864,5.8500,5.8600,5.8400,5.8500,240600,1407312.0000,3
2025-05-12,20250512110500000,sh.600864,5.8500,5.8500,5.8400,5.8500,12800,74800.0000,3
2025-05-12,20250512111000000,sh.600864,5.8500,5.8500,5.8400,5.8500,86900,508064.0000,3
2025-05-12,20250512111500000,sh.600864,5.8500,5.8500,5.8300,5.8300,430700,2515776.0000,3
2025-05-12,20250512112000000,sh.600864,5.8400,5.8500,5.8300,5.8500,145200,847520.0000,3
2025-05-12,20250512112500000,sh.600864,5.8400,5.8500,5.8300,5.8400,142600,832952.0000,3
2025-05-12,20250512113000000,sh.600864,5.8400,5.8400,5.8300,5.8300,122100,712568.0000,3
2025-05-12,20250512130500000,sh.600864,5.8300,5.8400,5.8300,5.8300,78200,456648.0000,3
2025-05-12,20250512131000000,sh.600864,5.8400,5.8400,5.8300,5.8400,308200,1797000.0000,3
2025-05-12,20250512131500000,sh.600864,5.8300,5.8400,5.8300,5.8400,74000,431600.0000,3
2025-05-12,20250512132000000,sh.600864,5.8400,5.8500,5.8300,5.8500,263300,1537664.0000,3
2025-05-12,20250512132500000,sh.600864,5.8500,5.8500,5.8300,5.8300,192100,1121984.0000,3
2025-05-12,20250512133000000,sh.600864,5.8300,5.8400,5.8300,5.8400,82900,484080.0000,3
2025-05-12,20250512133500000,sh.600864,5.8300,5.8500,5.8300,5.8400,288800,1686424.0000,3
2025-05-12,20250512134000000,sh.600864,5.8400,5.8500,5.8300,5.8300,160400,936720.0000,3
2025-05-12,20250512134500000,sh.600864,5.8400,5.8500,5.8300,5.8400,145500,849944.0000,3
2025-05-12,20250512135000000,sh.600864,5.8500,5.8500,5.8400,5.8500,66600,389384.0000,3
2025-05-12,20250512135500000,sh.600864,5.8500,5.8500,5.8400,5.8500,50000,292176.0000,3
2025-05-12,20250512140000000,sh.600864,5.8400,5.8500,5.8400,5.8500,215700,1261528.0000,3
2025-05-12,20250512140500000,sh.600864,5.8400,5.8600,5.8400,5.8600,503500,2945856.0000,3
2025-05-12,20250512141000000,sh.600864,5.8600,5.8700,5.8500,5.8500,698100,4091648.0000,3
2025-05-12,20250512141500000,sh.600864,5.8600,5.8800,5.8600,5.8700,998600,5861208.0000,3
2025-05-12,20250512142000000,sh.600864,5.8800,5.8900,5.8700,5.8800,1030800,6061032.0000,3
2025-05-12,20250512142500000,sh.600864,5.8700,5.8800,5.8700,5.8700,443300,2605544.0000,3
2025-05-12,20250512143000000,sh.600864,5.8800,5.8800,5.8700,5.8700,576300,3385576.0000,3
2025-05-12,20250512143500000,sh.600864,5.8800,5.8900,5.8700,5.8700,716300,4211072.0000,3
2025-05-12,20250512144000000,sh.600864,5.8800,5.8800,5.8700,5.8700,211900,1244304.0000,3
2025-05-12,20250512144500000,sh.600864,5.8700,5.8800,5.8700,5.8700,240200,1410544.0000,3
2025-05-12,20250512145000000,sh.600864,5.8700,5.8800,5.8600,5.8700,742000,4354616.0000,3
2025-05-12,20250512145500000,sh.600864,5.8700,5.8800,5.8700,5.8700,558300,3280536.0000,3
2025-05-12,20250512150000000,sh.600864,5.8800,5.8800,5.8700,5.8800,349100,2051800.0000,3
2025-05-13,20250513093500000,sh.600864,5.9200,5.9200,5.8700,5.8800,3167300,18682716.0000,3
2025-05-13,20250513094000000,sh.600864,5.8700,5.8800,5.8500,5.8700,2854500,16742196.0000,3
2025-05-13,20250513094500000,sh.600864,5.8700,5.8900,5.8600,5.8800,887500,5213412.0000,3
2025-05-13,20250513095000000,sh.600864,5.8900,5.8900,5.8700,5.8700,710200,4172524.0000,3
2025-05-13,20250513095500000,sh.600864,5.8700,5.8800,5.8700,5.8800,374000,2197064.0000,3
2025-05-13,20250513100000000,sh.600864,5.8700,5.8900,5.8700,5.8700,623100,3663504.0000,3
2025-05-13,20250513100500000,sh.600864,5.8800,5.8800,5.8600,5.8600,411200,2412808.0000,3
2025-05-13,20250513101000000,sh.600864,5.8600,5.8700,5.8400,5.8500,1389700,8135960.0000,3
2025-05-13,20250513101500000,sh.600864,5.8400,5.8500,5.8300,5.8400,758500,4428760.0000,3
2025-05-13,20250513102000000,sh.600864,5.8400,5.8500,5.8400,5.8500,126500,739616.0000,3
2025-05-13,20250513102500000,sh.600864,5.8500,5.8500,5.8400,5.8400,109400,639784.0000,3
2025-05-13,20250513103000000,sh.600864,5.8400,5.8500,5.8300,5.8300,542000,3165040.0000,3
2025-05-13,20250513103500000,sh.600864,5.8300,5.8400,5.8300,5.8400,63500,370624.0000,3
2025-05-13,20250513104000000,sh.600864,5.8400,5.8400,5.8200,5.8300,712100,4151048.0000,3
2025-05-13,20250513104500000,sh.600864,5.8200,5.8300,5.8200,5.8300,484600,2823456.0000,3
2025-05-13,20250513105000000,sh.600864,5.8200,5.8400,5.8200,5.8300,302200,1761672.0000,3
2025-05-13,20250513105500000,sh.600864,5.8400,5.8400,5.8300,5.8400,215900,1259800.0000,3
2025-05-13,20250513110000000,sh.600864,5.8400,5.8400,5.8300,5.8300,59100,344720.0000,3
2025-05-13,20250513110500000,sh.600864,5.8300,5.8400,5.8300,5.8300,334300,1949056.0000,3
2025-05-13,20250513111000000,sh.600864,5.8300,5.8300,5.8200,5.8300,178200,1038760.0000,3
2025-05-13,20250513111500000,sh.600864,5.8300,5.8400,5.8300,5.8300,77900,454312.0000,3
2025-05-13,20250513112000000,sh.600864,5.8300,5.8400,5.8300,5.8400,20900,121976.0000,3
2025-05-13,20250513112500000,sh.600864,5.8300,5.8400,5.8200,5.8300,179700,1047736.0000,3
2025-05-13,20250513113000000,sh.600864,5.8200,5.8300,5.8200,5.8300,138900,808904.0000,3
2025-05-13,20250513130500000,sh.600864,5.8200,5.8300,5.8200,5.8300,69500,404944.0000,3
2025-05-13,20250513131000000,sh.600864,5.8300,5.8400,5.8200,5.8400,209600,1221640.0000,3
2025-05-13,20250513131500000,sh.600864,5.8300,5.8400,5.8300,5.8300,70000,408552.0000,3
2025-05-13,20250513132000000,sh.600864,5.8300,5.8400,5.8300,5.8300,46700,272600.0000,3
2025-05-13,20250513132500000,sh.600864,5.8400,5.8400,5.8300,5.8400,61800,360728.0000,3
2025-05-13,20250513133000000,sh.600864,5.8400,5.8400,5.8300,5.8300,119400,696456.0000,3
2025-05-13,20250513133500000,sh.600864,5.8300,5.8400,5.8300,5.8300,203500,1187096.0000,3
2025-05-13,20250513134000000,sh.600864,5.8400,5.8400,5.8300,5.8400,315100,1840104.0000,3
2025-05-13,20250513134500000,sh.600864,5.8400,5.8500,5.8300,5.8300,218900,1278328.0000,3
2025-05-13,20250513135000000,sh.600864,5.8400,5.8500,5.8400,5.8500,84800,495448.0000,3
2025-05-13,20250513135500000,sh.600864,5.8400,5.8500,5.8300,5.8300,205200,1198352.0000,3
2025-05-13,20250513140000000,sh.600864,5.8400,5.8400,5.8300,5.8400,245300,1432408.0000,3
2025-05-13,20250513140500000,sh.600864,5.8300,5.8500,5.8300,5.8500,132600,774632.0000,3
2025-05-13,20250513141000000,sh.600864,5.8500,5.8500,5.8300,5.8300,289900,1692992.0000,3
2025-05-13,20250513141500000,sh.600864,5.8300,5.8400,5.8300,5.8300,35900,209448.0000,3
2025-05-13,20250513142000000,sh.600864,5.8400,5.8500,5.8300,5.8300,248900,1453384.0000,3
2025-05-13,20250513142500000,sh.600864,5.8300,5.8400,5.8300,5.8300,90400,527416.0000,3
2025-05-13,20250513143000000,sh.600864,5.8300,5.8400,5.8300,5.8300,76000,443400.0000,3
2025-05-13,20250513143500000,sh.600864,5.8300,5.8500,5.8300,5.8400,680700,3979128.0000,3
2025-05-13,20250513144000000,sh.600864,5.8400,5.8500,5.8300,5.8300,252300,1473392.0000,3
2025-05-13,20250513144500000,sh.600864,5.8300,5.8400,5.8300,5.8300,70400,410728.0000,3
2025-05-13,20250513145000000,sh.600864,5.8300,5.8400,5.8300,5.8300,740700,4320056.0000,3
2025-05-13,20250513145500000,sh.600864,5.8300,5.8400,5.8300,5.8300,226800,1323080.0000,3
2025-05-13,20250513150000000,sh.600864,5.8400,5.8400,5.8300,5.8300,165700,966792.0000,3
2025-05-14,20250514093500000,sh.600864,5.8300,5.8400,5.8100,5.8200,796100,4637616.0000,3
2025-05-14,20250514094000000,sh.600864,5.8200,5.8300,5.7900,5.8000,1107100,6429431.0000,3
2025-05-14,20250514094500000,sh.600864,5.8000,5.8100,5.7900,5.8000,857400,4973557.0000,3
2025-05-14,20250514095000000,sh.600864,5.7900,5.8000,5.7900,5.7900,195600,1133640.0000,3
2025-05-14,20250514095500000,sh.600864,5.8000,5.8000,5.7900,5.7900,530000,3069196.0000,3
2025-05-14,20250514100000000,sh.600864,5.8000,5.8100,5.7900,5.7900,407500,2364244.0000,3
2025-05-14,20250514100500000,sh.600864,5.7900,5.8000,5.7900,5.7900,278000,1610048.0000,3
2025-05-14,20250514101000000,sh.600864,5.7900,5.8000,5.7800,5.7900,512600,2966948.0000,3
2025-05-14,20250514101500000,sh.600864,5.7800,5.7900,5.7800,5.7800,400600,2318452.0000,3
2025-05-14,20250514102000000,sh.600864,5.7900,5.8000,5.7800,5.7900,446800,2586324.0000,3
2025-05-14,20250514102500000,sh.600864,5.7900,5.8000,5.7900,5.7900,80600,466716.0000,3
2025-05-14,20250514103000000,sh.600864,5.7900,5.8000,5.7800,5.7800,212900,1232156.0000,3
2025-05-14,20250514103500000,sh.600864,5.7800,5.7900,5.7800,5.7800,61300,354584.0000,3
2025-05-14,20250514104000000,sh.600864,5.7800,5.7900,5.7800,5.7800,153100,885972.0000,3
2025-05-14,20250514104500000,sh.600864,5.7800,5.7900,5.7700,5.7800,750700,4339016.0000,3
2025-05-14,20250514105000000,sh.600864,5.7800,5.7900,5.7700,5.7800,109700,634080.0000,3
2025-05-14,20250514105500000,sh.600864,5.7800,5.7900,5.7800,5.7800,141800,819652.0000,3
2025-05-14,20250514110000000,sh.600864,5.7800,5.7900,5.7700,5.7700,359400,2076692.0000,3
2025-05-14,20250514110500000,sh.600864,5.7800,5.7800,5.7700,5.7700,93500,540192.0000,3
2025-05-14,20250514111000000,sh.600864,5.7700,5.8100,5.7700,5.8100,857600,4971244.0000,3
2025-05-14,20250514111500000,sh.600864,5.8100,5.8100,5.7900,5.8000,647800,3758712.0000,3
2025-05-14,20250514112000000,sh.600864,5.7900,5.8400,5.7900,5.8300,1125800,6553720.0000,3
2025-05-14,20250514112500000,sh.600864,5.8400,5.8400,5.8200,5.8200,799200,4659136.0000,3
2025-05-14,20250514113000000,sh.600864,5.8200,5.8200,5.8100,5.8200,670300,3897392.0000,3
2025-05-14,20250514130500000,sh.600864,5.8200,5.8400,5.8200,5.8300,490300,2856560.0000,3
2025-05-14,20250514131000000,sh.600864,5.8300,5.8500,5.8300,5.8400,861700,5034752.0000,3
2025-05-14,20250514131500000,sh.600864,5.8600,5.9000,5.8500,5.8800,2924700,17169288.0000,3
2025-05-14,20250514132000000,sh.600864,5.8900,5.9200,5.8800,5.9200,3191000,18805832.0000,3
2025-05-14,20250514132500000,sh.600864,5.9100,5.9500,5.9000,5.9500,3306000,19587360.0000,3
2025-05-14,20250514133000000,sh.600864,5.9500,5.9800,5.9300,5.9600,3461700,20612472.0000,3
2025-05-14,20250514133500000,sh.600864,5.9600,5.9600,5.9300,5.9600,2149500,12791936.0000,3
2025-05-14,20250514134000000,sh.600864,5.9700,6.0700,5.9600,6.0600,5786600,34830592.0000,3
2025-05-14,20250514134500000,sh.600864,6.0700,6.1800,6.0700,6.1500,9290100,56852336.0000,3
2025-05-14,20250514135000000,sh.600864,6.1600,6.1700,6.0900,6.1000,4166200,25505360.0000,3
2025-05-14,20250514135500000,sh.600864,6.1000,6.1600,6.0700,6.1400,4720900,28863552.0000,3
2025-05-14,20250514140000000,sh.600864,6.1600,6.1600,6.1100,6.1200,2555900,15673248.0000,3
2025-05-14,20250514140500000,sh.600864,6.1100,6.1200,6.0900,6.0900,1809300,11040896.0000,3
2025-05-14,20250514141000000,sh.600864,6.0900,6.1000,6.0600,6.0600,1383100,8398368.0000,3
2025-05-14,20250514141500000,sh.600864,6.0600,6.0600,6.0400,6.0500,1330700,8047360.0000,3
2025-05-14,20250514142000000,sh.600864,6.0600,6.0600,6.0400,6.0500,811700,4915200.0000,3
2025-05-14,20250514142500000,sh.600864,6.0500,6.0600,6.0400,6.0500,564700,3416352.0000,3
2025-05-14,20250514143000000,sh.600864,6.0500,6.0600,6.0400,6.0400,576700,3487424.0000,3
2025-05-14,20250514143500000,sh.600864,6.0500,6.0600,6.0400,6.0500,1249500,7563168.0000,3
2025-05-14,20250514144000000,sh.600864,6.0500,6.0600,6.0400,6.0400,950800,5757024.0000,3
2025-05-14,20250514144500000,sh.600864,6.0400,6.0600,6.0400,6.0500,1075200,6508480.0000,3
2025-05-14,20250514145000000,sh.600864,6.0600,6.0700,6.0600,6.0600,1319000,8000864.0000,3
2025-05-14,20250514145500000,sh.600864,6.0700,6.0700,6.0600,6.0600,1119100,6786816.0000,3
2025-05-14,20250514150000000,sh.600864,6.0700,6.0700,6.0600,6.0600,742900,4504448.0000,3
2025-05-15,20250515093500000,sh.600864,6.0000,6.0300,5.9900,6.0000,6378000,38297400.0000,3
2025-05-15,20250515094000000,sh.600864,5.9900,6.0000,5.9700,5.9800,1893600,11337072.0000,3
2025-05-15,20250515094500000,sh.600864,5.9900,5.9900,5.9500,5.9700,2866600,17108624.0000,3
2025-05-15,20250515095000000,sh.600864,5.9700,5.9700,5.9400,5.9400,1513700,9021648.0000,3
2025-05-15,20250515095500000,sh.600864,5.9500,5.9600,5.9400,5.9500,939200,5588952.0000,3
2025-05-15,20250515100000000,sh.600864,5.9500,5.9600,5.9400,5.9400,1257500,7477128.0000,3
2025-05-15,20250515100500000,sh.600864,5.9400,5.9400,5.9200,5.9400,1402900,8318360.0000,3
2025-05-15,20250515101000000,sh.600864,5.9300,5.9400,5.9200,5.9300,936200,5549648.0000,3
2025-05-15,20250515101500000,sh.600864,5.9300,5.9400,5.9200,5.9300,856100,5075520.0000,3
2025-05-15,20250515102000000,sh.600864,5.9300,5.9400,5.9200,5.9300,329900,1956560.0000,3
2025-05-15,20250515102500000,sh.600864,5.9300,5.9500,5.9200,5.9500,957800,5684000.0000,3
2025-05-15,20250515103000000,sh.600864,5.9500,5.9500,5.9300,5.9400,631600,3752960.0000,3
2025-05-15,20250515103500000,sh.600864,5.9500,5.9500,5.9300,5.9400,555000,3297488.0000,3
2025-05-15,20250515104000000,sh.600864,5.9300,5.9500,5.9300,5.9400,359500,2135400.0000,3
2025-05-15,20250515104500000,sh.600864,5.9400,5.9500,5.9300,5.9300,489700,2908688.0000,3
2025-05-15,20250515105000000,sh.600864,5.9300,5.9400,5.9300,5.9300,71500,424328.0000,3
2025-05-15,20250515105500000,sh.600864,5.9400,5.9400,5.9300,5.9400,531000,3151880.0000,3
2025-05-15,20250515110000000,sh.600864,5.9300,5.9400,5.9200,5.9200,1535600,9099208.0000,3
2025-05-15,20250515110500000,sh.600864,5.9200,5.9300,5.9000,5.9100,1792600,10597648.0000,3
2025-05-15,20250515111000000,sh.600864,5.9100,5.9200,5.9000,5.9100,1033600,6109680.0000,3
2025-05-15,20250515111500000,sh.600864,5.9200,5.9200,5.9100,5.9100,228500,1351408.0000,3
2025-05-15,20250515112000000,sh.600864,5.9100,5.9200,5.9100,5.9100,188200,1112768.0000,3
2025-05-15,20250515112500000,sh.600864,5.9200,5.9200,5.9000,5.9000,511400,3023760.0000,3
2025-05-15,20250515113000000,sh.600864,5.9100,5.9200,5.9000,5.9200,224000,1324880.0000,3
2025-05-15,20250515130500000,sh.600864,5.9300,5.9300,5.9100,5.9200,324500,1920992.0000,3
2025-05-15,20250515131000000,sh.600864,5.9200,5.9200,5.9000,5.9000,433600,2563264.0000,3
2025-05-15,20250515131500000,sh.600864,5.9100,5.9100,5.9000,5.9000,211800,1251472.0000,3
2025-05-15,20250515132000000,sh.600864,5.9000,5.9100,5.8900,5.8900,994200,5865792.0000,3
2025-05-15,20250515132500000,sh.600864,5.8900,5.9000,5.8900,5.8900,410100,2417184.0000,3
2025-05-15,20250515133000000,sh.600864,5.8900,5.9000,5.8900,5.9000,152200,896864.0000,3
2025-05-15,20250515133500000,sh.600864,5.9000,5.9000,5.8800,5.8800,1630400,9589616.0000,3
2025-05-15,20250515134000000,sh.600864,5.8800,5.9000,5.8800,5.8800,474200,2792592.0000,3
2025-05-15,20250515134500000,sh.600864,5.8800,5.8900,5.8800,5.8800,216500,1274528.0000,3
2025-05-15,20250515135000000,sh.600864,5.8800,5.9000,5.8800,5.9000,244100,1437792.0000,3
2025-05-15,20250515135500000,sh.600864,5.8900,5.9000,5.8800,5.8900,569600,3354608.0000,3
2025-05-15,20250515140000000,sh.600864,5.8900,5.8900,5.8800,5.8900,60600,356704.0000,3
2025-05-15,20250515140500000,sh.600864,5.8900,5.8900,5.8800,5.8800,128600,756592.0000,3
2025-05-15,20250515141000000,sh.600864,5.8900,5.8900,5.8800,5.8800,196800,1157728.0000,3
2025-05-15,20250515141500000,sh.600864,5.8800,5.8900,5.8800,5.8800,602300,3542992.0000,3
2025-05-15,20250515142000000,sh.600864,5.8800,5.9000,5.8800,5.9000,336500,1981696.0000,3
2025-05-15,20250515142500000,sh.600864,5.8900,5.9100,5.8900,5.9100,350200,2066128.0000,3
2025-05-15,20250515143000000,sh.600864,5.9100,5.9100,5.8900,5.9000,469000,2766720.0000,3
2025-05-15,20250515143500000,sh.600864,5.9000,5.9000,5.8800,5.8800,415900,2449856.0000,3
2025-05-15,20250515144000000,sh.600864,5.8900,5.9000,5.8800,5.8900,501300,2951856.0000,3
2025-05-15,20250515144500000,sh.600864,5.8800,5.9000,5.8800,5.8900,593400,3492736.0000,3
2025-05-15,20250515145000000,sh.600864,5.9000,5.9000,5.8700,5.8700,957300,5631552.0000,3
2025-05-15,20250515145500000,sh.600864,5.8800,5.8900,5.8700,5.8800,728800,4284608.0000,3
2025-05-15,20250515150000000,sh.600864,5.8900,5.8900,5.8700,5.8700,696300,4091952.0000,3
2025-05-16,20250516093500000,sh.600864,5.8700,5.9000,5.8500,5.8700,1510600,8867132.0000,3
2025-05-16,20250516094000000,sh.600864,5.8600,5.8700,5.8500,5.8600,1199400,7023667.0000,3
2025-05-16,20250516094500000,sh.600864,5.8600,5.8700,5.8400,5.8400,960300,5621369.0000,3
2025-05-16,20250516095000000,sh.600864,5.8600,5.8600,5.8400,5.8500,700900,4101014.0000,3
2025-05-16,20250516095500000,sh.600864,5.8400,5.8600,5.8400,5.8400,911000,5328988.0000,3
2025-05-16,20250516100000000,sh.600864,5.8400,5.8600,5.8400,5.8400,748300,4377042.0000,3
2025-05-16,20250516100500000,sh.600864,5.8500,5.8500,5.8400,5.8500,413700,2418652.0000,3
2025-05-16,20250516101000000,sh.600864,5.8500,5.8500,5.8400,5.8400,312400,1826016.0000,3
2025-05-16,20250516101500000,sh.600864,5.8500,5.8500,5.8300,5.8400,800500,4674144.0000,3
2025-05-16,20250516102000000,sh.600864,5.8300,5.8400,5.8200,5.8200,1078400,6283876.0000,3
2025-05-16,20250516102500000,sh.600864,5.8200,5.8300,5.8100,5.8200,464500,2703656.0000,3
2025-05-16,20250516103000000,sh.600864,5.8300,5.8300,5.8200,5.8200,605600,3529748.0000,3
2025-05-16,20250516103500000,sh.600864,5.8200,5.8400,5.8200,5.8400,332200,1936252.0000,3
2025-05-16,20250516104000000,sh.600864,5.8400,5.8500,5.8300,5.8300,449400,2625400.0000,3
2025-05-16,20250516104500000,sh.600864,5.8300,5.8400,5.8300,5.8400,139600,815000.0000,3
2025-05-16,20250516105000000,sh.600864,5.8400,5.8400,5.8300,5.8400,269500,1573300.0000,3
2025-05-16,20250516105500000,sh.600864,5.8400,5.8400,5.8300,5.8400,191800,1119612.0000,3
2025-05-16,20250516110000000,sh.600864,5.8400,5.8500,5.8300,5.8500,191500,1118452.0000,3
2025-05-16,20250516110500000,sh.600864,5.8400,5.8500,5.8300,5.8300,303500,1772296.0000,3
2025-05-16,20250516111000000,sh.600864,5.8300,5.8400,5.8300,5.8400,365300,2132880.0000,3
2025-05-16,20250516111500000,sh.600864,5.8400,5.8400,5.8300,5.8300,156000,910384.0000,3
2025-05-16,20250516112000000,sh.600864,5.8300,5.8400,5.8200,5.8200,461300,2689568.0000,3
2025-05-16,20250516112500000,sh.600864,5.8200,5.8400,5.8200,5.8400,414100,2415032.0000,3
2025-05-16,20250516113000000,sh.600864,5.8300,5.8400,5.8300,5.8400,53400,311560.0000,3
2025-05-16,20250516130500000,sh.600864,5.8400,5.8400,5.8200,5.8400,489200,2852640.0000,3
2025-05-16,20250516131000000,sh.600864,5.8300,5.8400,5.8200,5.8300,194700,1135464.0000,3
2025-05-16,20250516131500000,sh.600864,5.8300,5.8400,5.8300,5.8400,250200,1461024.0000,3
2025-05-16,20250516132000000,sh.600864,5.8400,5.8600,5.8400,5.8400,375500,2195736.0000,3
2025-05-16,20250516132500000,sh.600864,5.8400,5.8500,5.8300,5.8300,328800,1920360.0000,3
2025-05-16,20250516133000000,sh.600864,5.8300,5.8400,5.8300,5.8300,592800,3457112.0000,3
2025-05-16,20250516133500000,sh.600864,5.8300,5.8400,5.8200,5.8300,214100,1248096.0000,3
2025-05-16,20250516134000000,sh.600864,5.8300,5.8400,5.8300,5.8400,227600,1328584.0000,3
2025-05-16,20250516134500000,sh.600864,5.8500,5.8500,5.8300,5.8300,164500,960880.0000,3
2025-05-16,20250516135000000,sh.600864,5.8300,5.8500,5.8300,5.8400,301500,1761136.0000,3
2025-05-16,20250516135500000,sh.600864,5.8400,5.8400,5.8300,5.8400,294600,1720136.0000,3
2025-05-16,20250516140000000,sh.600864,5.8300,5.8400,5.8300,5.8400,252300,1473256.0000,3
2025-05-16,20250516140500000,sh.600864,5.8300,5.8400,5.8300,5.8300,307600,1793992.0000,3
2025-05-16,20250516141000000,sh.600864,5.8300,5.8400,5.8300,5.8300,251800,1468024.0000,3
2025-05-16,20250516141500000,sh.600864,5.8300,5.8400,5.8200,5.8300,610300,3556192.0000,3
2025-05-16,20250516142000000,sh.600864,5.8300,5.8400,5.8200,5.8300,335400,1955424.0000,3
2025-05-16,20250516142500000,sh.600864,5.8400,5.8400,5.8300,5.8300,66700,389000.0000,3
2025-05-16,20250516143000000,sh.600864,5.8400,5.8400,5.8300,5.8400,308900,1803176.0000,3
2025-05-16,20250516143500000,sh.600864,5.8400,5.8400,5.8300,5.8300,235900,1375568.0000,3
2025-05-16,20250516144000000,sh.600864,5.8300,5.8400,5.8200,5.8400,657600,3835192.0000,3
2025-05-16,20250516144500000,sh.600864,5.8300,5.8400,5.8300,5.8300,311900,1819296.0000,3
2025-05-16,20250516145000000,sh.600864,5.8300,5.8400,5.8200,5.8200,1065300,6207496.0000,3
2025-05-16,20250516145500000,sh.600864,5.8200,5.8300,5.8200,5.8200,563400,3281672.0000,3
2025-05-16,20250516150000000,sh.600864,5.8200,5.8300,5.8200,5.8200,649800,3783048.0000,3
2025-05-19,20250519093500000,sh.600864,5.8300,5.8300,5.7900,5.8200,1394100,8100654.0000,3
2025-05-19,20250519094000000,sh.600864,5.8100,5.8200,5.7900,5.8000,953300,5533835.0000,3
2025-05-19,20250519094500000,sh.600864,5.8000,5.8100,5.7900,5.7900,675400,3916115.0000,3
2025-05-19,20250519095000000,sh.600864,5.7900,5.8200,5.7900,5.8000,628500,3647586.0000,3
2025-05-19,20250519095500000,sh.600864,5.7900,5.8100,5.7900,5.8100,342100,1983008.0000,3
2025-05-19,20250519100000000,sh.600864,5.8100,5.8300,5.8000,5.8200,574600,3341298.0000,3
2025-05-19,20250519100500000,sh.600864,5.8200,5.8300,5.8200,5.8300,524800,3055504.0000,3
2025-05-19,20250519101000000,sh.600864,5.8200,5.8400,5.8200,5.8300,472200,2754704.0000,3
2025-05-19,20250519101500000,sh.600864,5.8300,5.8400,5.8200,5.8200,401400,2340696.0000,3
2025-05-19,20250519102000000,sh.600864,5.8200,5.8400,5.8200,5.8300,343700,2003680.0000,3
2025-05-19,20250519102500000,sh.600864,5.8200,5.8400,5.8200,5.8300,505800,2951872.0000,3
2025-05-19,20250519103000000,sh.600864,5.8300,5.8300,5.8200,5.8300,254000,1480584.0000,3
2025-05-19,20250519103500000,sh.600864,5.8400,5.8400,5.8300,5.8300,121300,707868.0000,3
2025-05-19,20250519104000000,sh.600864,5.8300,5.8400,5.8200,5.8300,583000,3399404.0000,3
2025-05-19,20250519104500000,sh.600864,5.8200,5.8400,5.8200,5.8300,124500,725828.0000,3
2025-05-19,20250519105000000,sh.600864,5.8400,5.8500,5.8300,5.8400,424400,2478368.0000,3
2025-05-19,20250519105500000,sh.600864,5.8400,5.8500,5.8300,5.8400,86200,503336.0000,3
2025-05-19,20250519110000000,sh.600864,5.8400,5.8600,5.8400,5.8400,886500,5187884.0000,3
2025-05-19,20250519110500000,sh.600864,5.8500,5.8600,5.8400,5.8500,301100,1761620.0000,3
2025-05-19,20250519111000000,sh.600864,5.8500,5.8600,5.8400,5.8400,403800,2361632.0000,3
2025-05-19,20250519111500000,sh.600864,5.8400,5.8600,5.8400,5.8600,183500,1073296.0000,3
2025-05-19,20250519112000000,sh.600864,5.8500,5.8600,5.8400,5.8400,151800,887640.0000,3
2025-05-19,20250519112500000,sh.600864,5.8400,5.8500,5.8400,5.8400,64700,378032.0000,3
2025-05-19,20250519113000000,sh.600864,5.8400,5.8500,5.8300,5.8400,421900,2464316.0000,3
2025-05-19,20250519130500000,sh.600864,5.8400,5.8400,5.8300,5.8300,100900,588752.0000,3
2025-05-19,20250519131000000,sh.600864,5.8300,5.8400,5.8300,5.8400,289800,1690928.0000,3
2025-05-19,20250519131500000,sh.600864,5.8400,5.8400,5.8300,5.8300,243500,1421924.0000,3
2025-05-19,20250519132000000,sh.600864,5.8400,5.8400,5.8300,5.8400,94800,553276.0000,3
2025-05-19,20250519132500000,sh.600864,5.8400,5.8400,5.8300,5.8300,101000,589608.0000,3
2025-05-19,20250519133000000,sh.600864,5.8300,5.8400,5.8200,5.8200,333900,1946800.0000,3
2025-05-19,20250519133500000,sh.600864,5.8200,5.8400,5.8200,5.8300,223100,1300296.0000,3
2025-05-19,20250519134000000,sh.600864,5.8400,5.8500,5.8300,5.8400,135000,788608.0000,3
2025-05-19,20250519134500000,sh.600864,5.8400,5.8500,5.8400,5.8400,196200,1145976.0000,3
2025-05-19,20250519135000000,sh.600864,5.8400,5.8500,5.8400,5.8400,301100,1760992.0000,3
2025-05-19,20250519135500000,sh.600864,5.8400,5.8500,5.8400,5.8400,69200,404176.0000,3
2025-05-19,20250519140000000,sh.600864,5.8400,5.8500,5.8300,5.8300,145000,846640.0000,3
2025-05-19,20250519140500000,sh.600864,5.8300,5.8600,5.8300,5.8400,851700,4980000.0000,3
2025-05-19,20250519141000000,sh.600864,5.8500,5.8600,5.8400,5.8500,357600,2092488.0000,3
2025-05-19,20250519141500000,sh.600864,5.8500,5.8700,5.8500,5.8500,979200,5738000.0000,3
2025-05-19,20250519142000000,sh.600864,5.8600,5.8600,5.8500,5.8500,142100,832336.0000,3
2025-05-19,20250519142500000,sh.600864,5.8500,5.8600,5.8400,5.8400,168700,986784.0000,3
2025-05-19,20250519143000000,sh.600864,5.8500,5.8500,5.8400,5.8400,49700,290272.0000,3
2025-05-19,20250519143500000,sh.600864,5.8400,5.8600,5.8400,5.8600,310700,1818024.0000,3
2025-05-19,20250519144000000,sh.600864,5.8600,5.8600,5.8400,5.8400,222400,1300528.0000,3
2025-05-19,20250519144500000,sh.600864,5.8400,5.8600,5.8400,5.8500,248900,1456080.0000,3
2025-05-19,20250519145000000,sh.600864,5.8400,5.8500,5.8400,5.8400,299500,1751072.0000,3
2025-05-19,20250519145500000,sh.600864,5.8400,5.8500,5.8400,5.8500,566900,3315184.0000,3
2025-05-19,20250519150000000,sh.600864,5.8500,5.8600,5.8500,5.8600,398200,2332176.0000,3
2025-05-20,20250520093500000,sh.600864,5.8500,5.8700,5.8400,5.8500,923900,5404279.0000,3
2025-05-20,20250520094000000,sh.600864,5.8400,5.8700,5.8400,5.8500,437700,2561629.0000,3
2025-05-20,20250520094500000,sh.600864,5.8600,5.8600,5.8400,5.8500,720300,4214797.0000,3
2025-05-20,20250520095000000,sh.600864,5.8400,5.8500,5.8200,5.8300,1034400,6033295.0000,3
2025-05-20,20250520095500000,sh.600864,5.8300,5.8300,5.8200,5.8300,276300,1609328.0000,3
2025-05-20,20250520100000000,sh.600864,5.8300,5.8300,5.8200,5.8300,407800,2375860.0000,3
2025-05-20,20250520100500000,sh.600864,5.8300,5.8400,5.8200,5.8400,204400,1191724.0000,3
2025-05-20,20250520101000000,sh.600864,5.8400,5.8500,5.8300,5.8500,605800,3537710.0000,3
2025-05-20,20250520101500000,sh.600864,5.8500,5.8500,5.8300,5.8400,233700,1364758.0000,3
2025-05-20,20250520102000000,sh.600864,5.8400,5.8400,5.8300,5.8400,19900,116114.0000,3
2025-05-20,20250520102500000,sh.600864,5.8400,5.8400,5.8300,5.8300,184600,1076440.0000,3
2025-05-20,20250520103000000,sh.600864,5.8300,5.8400,5.8300,5.8400,88900,518508.0000,3
2025-05-20,20250520103500000,sh.600864,5.8300,5.8400,5.8300,5.8300,118100,688990.0000,3
2025-05-20,20250520104000000,sh.600864,5.8400,5.8400,5.8300,5.8300,166000,968280.0000,3
2025-05-20,20250520104500000,sh.600864,5.8300,5.8400,5.8300,5.8400,225200,1314560.0000,3
2025-05-20,20250520105000000,sh.600864,5.8300,5.8400,5.8200,5.8300,962700,5614532.0000,3
2025-05-20,20250520105500000,sh.600864,5.8400,5.8500,5.8300,5.8400,169200,988016.0000,3
2025-05-20,20250520110000000,sh.600864,5.8400,5.8500,5.8300,5.8500,163600,955304.0000,3
2025-05-20,20250520110500000,sh.600864,5.8400,5.8600,5.8400,5.8600,1071200,6272560.0000,3
2025-05-20,20250520111000000,sh.600864,5.8600,5.8600,5.8500,5.8500,399000,2337964.0000,3
2025-05-20,20250520111500000,sh.600864,5.8600,5.8700,5.8500,5.8600,248400,1455384.0000,3
2025-05-20,20250520112000000,sh.600864,5.8600,5.8800,5.8600,5.8800,411600,2416820.0000,3
2025-05-20,20250520112500000,sh.600864,5.8800,5.8800,5.8600,5.8600,388000,2277488.0000,3
2025-05-20,20250520113000000,sh.600864,5.8600,5.8900,5.8600,5.8800,876300,5151104.0000,3
2025-05-20,20250520130500000,sh.600864,5.8900,5.8900,5.8700,5.8800,740600,4356240.0000,3
2025-05-20,20250520131000000,sh.600864,5.8800,5.8900,5.8700,5.8900,590500,3472748.0000,3
2025-05-20,20250520131500000,sh.600864,5.8900,5.8900,5.8800,5.8800,423400,2490568.0000,3
2025-05-20,20250520132000000,sh.600864,5.8800,5.8900,5.8700,5.8800,411200,2418096.0000,3
2025-05-20,20250520132500000,sh.600864,5.8800,5.8800,5.8700,5.8800,183600,1079144.0000,3
2025-05-20,20250520133000000,sh.600864,5.8800,5.8800,5.8700,5.8800,113500,667200.0000,3
2025-05-20,20250520133500000,sh.600864,5.8800,5.8800,5.8700,5.8700,70200,412632.0000,3
2025-05-20,20250520134000000,sh.600864,5.8800,5.8800,5.8700,5.8700,139800,821624.0000,3
2025-05-20,20250520134500000,sh.600864,5.8700,5.8800,5.8700,5.8700,95600,561320.0000,3
2025-05-20,20250520135000000,sh.600864,5.8800,5.8800,5.8700,5.8700,374800,2200136.0000,3
2025-05-20,20250520135500000,sh.600864,5.8700,5.8800,5.8600,5.8600,162700,955008.0000,3
2025-05-20,20250520140000000,sh.600864,5.8700,5.8700,5.8600,5.8600,94000,551536.0000,3
2025-05-20,20250520140500000,sh.600864,5.8600,5.8700,5.8600,5.8600,173400,1016344.0000,3
2025-05-20,20250520141000000,sh.600864,5.8700,5.8700,5.8600,5.8600,45400,265976.0000,3
2025-05-20,20250520141500000,sh.600864,5.8600,5.8800,5.8600,5.8800,596300,3499184.0000,3
2025-05-20,20250520142000000,sh.600864,5.8800,5.9100,5.8700,5.8900,1825700,10753040.0000,3
2025-05-20,20250520142500000,sh.600864,5.8900,5.8900,5.8800,5.8900,72200,425056.0000,3
2025-05-20,20250520143000000,sh.600864,5.8800,5.8900,5.8800,5.8900,77100,453632.0000,3
2025-05-20,20250520143500000,sh.600864,5.8900,5.8900,5.8700,5.8700,264100,1552728.0000,3
2025-05-20,20250520144000000,sh.600864,5.8800,5.8800,5.8700,5.8800,160600,944112.0000,3
2025-05-20,20250520144500000,sh.600864,5.8700,5.8800,5.8700,5.8800,154900,910504.0000,3
2025-05-20,20250520145000000,sh.600864,5.8700,5.8800,5.8700,5.8800,490900,2885272.0000,3
2025-05-20,20250520145500000,sh.600864,5.8700,5.8900,5.8700,5.8800,748300,4399600.0000,3
2025-05-20,20250520150000000,sh.600864,5.8800,5.8900,5.8800,5.8900,561700,3307944.0000,3
2025-05-21,20250521093500000,sh.600864,5.8800,5.8800,5.8600,5.8700,412700,2423053.0000,3
2025-05-21,20250521094000000,sh.600864,5.8800,5.8900,5.8700,5.8800,711300,4181322.0000,3
2025-05-21,20250521094500000,sh.600864,5.8800,5.8800,5.8700,5.8800,305900,1797975.0000,3
2025-05-21,20250521095000000,sh.600864,5.8700,5.8800,5.8700,5.8700,254400,1493730.0000,3
2025-05-21,20250521095500000,sh.600864,5.8700,5.8800,5.8600,5.8700,663100,3892771.0000,3
2025-05-21,20250521100000000,sh.600864,5.8700,5.8800,5.8700,5.8800,194000,1139143.0000,3
2025-05-21,20250521100500000,sh.600864,5.8700,5.8800,5.8600,5.8600,319400,1874850.0000,3
2025-05-21,20250521101000000,sh.600864,5.8700,5.8800,5.8600,5.8700,506900,2975266.0000,3
2025-05-21,20250521101500000,sh.600864,5.8700,5.8800,5.8600,5.8700,406200,2384486.0000,3
2025-05-21,20250521102000000,sh.600864,5.8800,5.8800,5.8600,5.8700,201700,1183838.0000,3
2025-05-21,20250521102500000,sh.600864,5.8700,5.8800,5.8700,5.8800,196000,1150838.0000,3
2025-05-21,20250521103000000,sh.600864,5.8700,5.8900,5.8700,5.8900,319800,1880092.0000,3
2025-05-21,20250521103500000,sh.600864,5.8800,5.8900,5.8800,5.8800,205300,1208584.0000,3
2025-05-21,20250521104000000,sh.600864,5.8800,5.8900,5.8700,5.8800,281100,1652758.0000,3
2025-05-21,20250521104500000,sh.600864,5.8800,5.8900,5.8800,5.8900,270800,1592654.0000,3
2025-05-21,20250521105000000,sh.600864,5.8900,5.8900,5.8700,5.8800,783700,4607252.0000,3
2025-05-21,20250521105500000,sh.600864,5.8800,5.8900,5.8800,5.8800,176300,1037068.0000,3
2025-05-21,20250521110000000,sh.600864,5.8800,5.8800,5.8700,5.8800,88700,521532.0000,3
2025-05-21,20250521110500000,sh.600864,5.8800,5.8800,5.8700,5.8800,35400,207940.0000,3
2025-05-21,20250521111000000,sh.600864,5.8700,5.8800,5.8700,5.8700,134500,790568.0000,3
2025-05-21,20250521111500000,sh.600864,5.8700,5.8900,5.8700,5.8800,359200,2111844.0000,3
2025-05-21,20250521112000000,sh.600864,5.8800,5.8800,5.8800,5.8800,6700,39396.0000,3
2025-05-21,20250521112500000,sh.600864,5.8700,5.8900,5.8700,5.8800,200700,1180808.0000,3
2025-05-21,20250521113000000,sh.600864,5.8800,5.8900,5.8800,5.8800,54500,320776.0000,3
2025-05-21,20250521130500000,sh.600864,5.8800,5.8900,5.8700,5.8700,801500,4707628.0000,3
2025-05-21,20250521131000000,sh.600864,5.8700,5.8800,5.8700,5.8800,286700,1685220.0000,3
2025-05-21,20250521131500000,sh.600864,5.8800,5.8800,5.8700,5.8800,131000,769808.0000,3
2025-05-21,20250521132000000,sh.600864,5.8800,5.8800,5.8700,5.8800,45200,265680.0000,3
2025-05-21,20250521132500000,sh.600864,5.8700,5.8900,5.8700,5.8800,247100,1452548.0000,3
2025-05-21,20250521133000000,sh.600864,5.8800,5.9000,5.8700,5.8900,887200,5225928.0000,3
2025-05-21,20250521133500000,sh.600864,5.8900,5.9000,5.8800,5.8900,290300,1710052.0000,3
2025-05-21,20250521134000000,sh.600864,5.8900,5.9000,5.8800,5.8900,79000,464960.0000,3
2025-05-21,20250521134500000,sh.600864,5.8900,5.8900,5.8800,5.8900,246600,1450176.0000,3
2025-05-21,20250521135000000,sh.600864,5.8900,5.8900,5.8800,5.8900,216300,1272140.0000,3
2025-05-21,20250521135500000,sh.600864,5.8800,5.8900,5.8800,5.8900,103300,607692.0000,3
2025-05-21,20250521140000000,sh.600864,5.8800,5.8900,5.8700,5.8800,283800,1669092.0000,3
2025-05-21,20250521140500000,sh.600864,5.8800,5.8800,5.8700,5.8800,133100,781936.0000,3
2025-05-21,20250521141000000,sh.600864,5.8700,5.8800,5.8700,5.8800,49500,290668.0000,3
2025-05-21,20250521141500000,sh.600864,5.8700,5.8800,5.8700,5.8700,146200,858508.0000,3
2025-05-21,20250521142000000,sh.600864,5.8800,5.8800,5.8700,5.8700,71400,419276.0000,3
2025-05-21,20250521142500000,sh.600864,5.8700,5.8800,5.8700,5.8700,434400,2550104.0000,3
2025-05-21,20250521143000000,sh.600864,5.8700,5.8800,5.8700,5.8700,112100,658104.0000,3
2025-05-21,20250521143500000,sh.600864,5.8700,5.8800,5.8700,5.8700,104700,614816.0000,3
2025-05-21,20250521144000000,sh.600864,5.8700,5.8900,5.8700,5.8800,430900,2533224.0000,3
2025-05-21,20250521144500000,sh.600864,5.8800,5.8800,5.8700,5.8700,176300,1034960.0000,3
2025-05-21,20250521145000000,sh.600864,5.8700,5.8800,5.8700,5.8800,114500,672368.0000,3
2025-05-21,20250521145500000,sh.600864,5.8700,5.8900,5.8700,5.8800,893000,5250224.0000,3
2025-05-21,20250521150000000,sh.600864,5.8800,5.8800,5.8700,5.8800,178400,1048120.0000,3
2025-05-22,20250522093500000,sh.600864,5.8700,5.8700,5.8300,5.8400,485700,2838309.0000,3
2025-05-22,20250522094000000,sh.600864,5.8400,5.8500,5.8300,5.8500,557300,3254093.0000,3
2025-05-22,20250522094500000,sh.600864,5.8400,5.8500,5.8300,5.8400,369900,2160652.0000,3
2025-05-22,20250522095000000,sh.600864,5.8600,5.8600,5.8400,5.8500,520000,3044118.0000,3
2025-05-22,20250522095500000,sh.600864,5.8400,5.8500,5.8400,5.8500,127900,747766.0000,3
2025-05-22,20250522100000000,sh.600864,5.8500,5.8600,5.8400,5.8500,196500,1149758.0000,3
2025-05-22,20250522100500000,sh.600864,5.8500,5.8600,5.8300,5.8400,2044800,11931702.0000,3
2025-05-22,20250522101000000,sh.600864,5.8300,5.8500,5.8300,5.8400,216100,1261350.0000,3
2025-05-22,20250522101500000,sh.600864,5.8400,5.8500,5.8300,5.8300,378000,2205692.0000,3
2025-05-22,20250522102000000,sh.600864,5.8300,5.8300,5.8200,5.8200,515000,2999812.0000,3
2025-05-22,20250522102500000,sh.600864,5.8300,5.8400,5.8200,5.8300,330600,1926012.0000,3
2025-05-22,20250522103000000,sh.600864,5.8300,5.8400,5.8200,5.8300,104100,606536.0000,3
2025-05-22,20250522103500000,sh.600864,5.8300,5.8400,5.8300,5.8300,69200,403600.0000,3
2025-05-22,20250522104000000,sh.600864,5.8300,5.8400,5.8200,5.8200,418900,2441788.0000,3
2025-05-22,20250522104500000,sh.600864,5.8200,5.8300,5.8100,5.8200,593500,3454364.0000,3
2025-05-22,20250522105000000,sh.600864,5.8200,5.8300,5.8100,5.8100,221800,1290892.0000,3
2025-05-22,20250522105500000,sh.600864,5.8200,5.8200,5.8000,5.8100,578000,3357500.0000,3
2025-05-22,20250522110000000,sh.600864,5.8000,5.8100,5.7900,5.7900,912000,5289108.0000,3
2025-05-22,20250522110500000,sh.600864,5.7900,5.8000,5.7800,5.8000,821500,4754604.0000,3
2025-05-22,20250522111000000,sh.600864,5.8000,5.8000,5.7900,5.8000,375100,2175028.0000,3
2025-05-22,20250522111500000,sh.600864,5.8000,5.8100,5.8000,5.8000,198400,1150960.0000,3
2025-05-22,20250522112000000,sh.600864,5.7900,5.8100,5.7900,5.8100,129900,752868.0000,3
2025-05-22,20250522112500000,sh.600864,5.8000,5.8100,5.8000,5.8000,112700,653856.0000,3
2025-05-22,20250522113000000,sh.600864,5.8000,5.8200,5.8000,5.8100,205400,1192616.0000,3
2025-05-22,20250522130500000,sh.600864,5.8100,5.8200,5.8000,5.8000,170300,989520.0000,3
2025-05-22,20250522131000000,sh.600864,5.8000,5.8200,5.8000,5.8200,257800,1498320.0000,3
2025-05-22,20250522131500000,sh.600864,5.8200,5.8200,5.8100,5.8100,125300,728368.0000,3
2025-05-22,20250522132000000,sh.600864,5.8100,5.8200,5.8000,5.8100,374200,2174144.0000,3
2025-05-22,20250522132500000,sh.600864,5.8100,5.8100,5.8000,5.8000,61400,356640.0000,3
2025-05-22,20250522133000000,sh.600864,5.8000,5.8100,5.8000,5.8100,44000,255508.0000,3
2025-05-22,20250522133500000,sh.600864,5.8100,5.8100,5.8000,5.8100,21300,123716.0000,3
2025-05-22,20250522134000000,sh.600864,5.8100,5.8200,5.8000,5.8100,62400,362584.0000,3
2025-05-22,20250522134500000,sh.600864,5.8200,5.8200,5.8000,5.8000,136000,789968.0000,3
2025-05-22,20250522135000000,sh.600864,5.8000,5.8100,5.8000,5.8000,52200,302832.0000,3
2025-05-22,20250522135500000,sh.600864,5.8000,5.8100,5.8000,5.8000,86700,503200.0000,3
2025-05-22,20250522140000000,sh.600864,5.8100,5.8200,5.8000,5.8200,399300,2320712.0000,3
2025-05-22,20250522140500000,sh.600864,5.8200,5.8200,5.8100,5.8100,221300,1287288.0000,3
2025-05-22,20250522141000000,sh.600864,5.8100,5.8100,5.7900,5.8000,579700,3363536.0000,3
2025-05-22,20250522141500000,sh.600864,5.7900,5.8100,5.7900,5.8000,325600,1888904.0000,3
2025-05-22,20250522142000000,sh.600864,5.8100,5.8100,5.7900,5.7900,251200,1457040.0000,3
2025-05-22,20250522142500000,sh.600864,5.8000,5.8100,5.7900,5.8100,147200,853720.0000,3
2025-05-22,20250522143000000,sh.600864,5.8100,5.8100,5.7900,5.7900,214700,1244824.0000,3
2025-05-22,20250522143500000,sh.600864,5.8000,5.8000,5.7900,5.8000,133500,774152.0000,3
2025-05-22,20250522144000000,sh.600864,5.8000,5.8100,5.7900,5.8000,81700,473840.0000,3
2025-05-22,20250522144500000,sh.600864,5.8000,5.8000,5.7900,5.7900,958600,5551992.0000,3
2025-05-22,20250522145000000,sh.600864,5.8000,5.8000,5.7800,5.7800,304700,1764400.0000,3
2025-05-22,20250522145500000,sh.600864,5.7900,5.7900,5.7800,5.7900,509500,2947680.0000,3
2025-05-22,20250522150000000,sh.600864,5.7900,5.8000,5.7800,5.7900,426300,2468304.0000,3
2025-05-23,20250523093500000,sh.600864,5.7900,5.8000,5.7600,5.8000,659000,3808971.0000,3
2025-05-23,20250523094000000,sh.600864,5.8000,5.8000,5.7600,5.7700,775100,4477476.0000,3
2025-05-23,20250523094500000,sh.600864,5.7700,5.7800,5.7600,5.7800,551000,3179465.0000,3
2025-05-23,20250523095000000,sh.600864,5.7700,5.8000,5.7700,5.7900,477400,2762681.0000,3
2025-05-23,20250523095500000,sh.600864,5.7800,5.7900,5.7800,5.7800,221000,1277351.0000,3
2025-05-23,20250523100000000,sh.600864,5.7800,5.8000,5.7700,5.7900,270800,1566508.0000,3
2025-05-23,20250523100500000,sh.600864,5.8000,5.8100,5.7900,5.8000,315900,1831968.0000,3
2025-05-23,20250523101000000,sh.600864,5.8000,5.8000,5.7800,5.7900,376500,2179444.0000,3
2025-05-23,20250523101500000,sh.600864,5.7900,5.7900,5.7800,5.7900,103600,599588.0000,3
2025-05-23,20250523102000000,sh.600864,5.7900,5.7900,5.7800,5.7800,152800,883522.0000,3
2025-05-23,20250523102500000,sh.600864,5.7800,5.7900,5.7700,5.7900,688600,3980544.0000,3
2025-05-23,20250523103000000,sh.600864,5.7900,5.8000,5.7800,5.7900,361500,2092690.0000,3
2025-05-23,20250523103500000,sh.600864,5.7800,5.7900,5.7800,5.7800,43800,253308.0000,3
2025-05-23,20250523104000000,sh.600864,5.7800,5.7900,5.7800,5.7900,241500,1396080.0000,3
2025-05-23,20250523104500000,sh.600864,5.7800,5.7900,5.7800,5.7900,172700,998444.0000,3
2025-05-23,20250523105000000,sh.600864,5.7800,5.7900,5.7800,5.7900,66700,385864.0000,3
2025-05-23,20250523105500000,sh.600864,5.7800,5.7900,5.7800,5.7900,302500,1751384.0000,3
2025-05-23,20250523110000000,sh.600864,5.7800,5.7900,5.7800,5.7800,58300,337268.0000,3
2025-05-23,20250523110500000,sh.600864,5.7900,5.8000,5.7800,5.7900,562400,3260124.0000,3
2025-05-23,20250523111000000,sh.600864,5.8000,5.8000,5.7900,5.7900,225000,1303556.0000,3
2025-05-23,20250523111500000,sh.600864,5.7900,5.8100,5.7900,5.7900,348800,2022672.0000,3
2025-05-23,20250523112000000,sh.600864,5.8000,5.8000,5.7900,5.7900,34200,198100.0000,3
2025-05-23,20250523112500000,sh.600864,5.8000,5.8000,5.7800,5.7800,333500,1932008.0000,3
2025-05-23,20250523113000000,sh.600864,5.7900,5.7900,5.7800,5.7800,105700,611516.0000,3
2025-05-23,20250523130500000,sh.600864,5.7900,5.7900,5.7600,5.7600,1034400,5971164.0000,3
2025-05-23,20250523131000000,sh.600864,5.7600,5.7700,5.7600,5.7700,324300,1870644.0000,3
2025-05-23,20250523131500000,sh.600864,5.7700,5.7800,5.7600,5.7800,109100,629480.0000,3
2025-05-23,20250523132000000,sh.600864,5.7700,5.7800,5.7600,5.7800,336400,1940956.0000,3
2025-05-23,20250523132500000,sh.600864,5.7700,5.7800,5.7700,5.7700,48300,278720.0000,3
2025-05-23,20250523133000000,sh.600864,5.7700,5.7800,5.7600,5.7700,196100,1131460.0000,3
2025-05-23,20250523133500000,sh.600864,5.7700,5.7700,5.7600,5.7700,109500,631432.0000,3
2025-05-23,20250523134000000,sh.600864,5.7700,5.7700,5.7600,5.7700,172200,993436.0000,3
2025-05-23,20250523134500000,sh.600864,5.7700,5.7700,5.7600,5.7600,96400,556004.0000,3
2025-05-23,20250523135000000,sh.600864,5.7600,5.7700,5.7600,5.7600,682900,3933588.0000,3
2025-05-23,20250523135500000,sh.600864,5.7600,5.7700,5.7600,5.7600,145100,835956.0000,3
2025-05-23,20250523140000000,sh.600864,5.7600,5.7600,5.7500,5.7500,228400,1315380.0000,3
2025-05-23,20250523140500000,sh.600864,5.7500,5.7500,5.7200,5.7200,1459100,8375864.0000,3
2025-05-23,20250523141000000,sh.600864,5.7200,5.7300,5.7100,5.7100,932100,5327720.0000,3
2025-05-23,20250523141500000,sh.600864,5.7100,5.7200,5.7000,5.7100,795700,4544384.0000,3
2025-05-23,20250523142000000,sh.600864,5.7100,5.7200,5.7000,5.7100,448100,2558208.0000,3
2025-05-23,20250523142500000,sh.600864,5.7100,5.7200,5.7000,5.7100,477000,2724752.0000,3
2025-05-23,20250523143000000,sh.600864,5.7100,5.7200,5.7000,5.7000,368300,2101112.0000,3
2025-05-23,20250523143500000,sh.600864,5.7000,5.7000,5.6900,5.6900,1428100,8133528.0000,3
2025-05-23,20250523144000000,sh.600864,5.7000,5.7100,5.6900,5.6900,604400,3444856.0000,3
2025-05-23,20250523144500000,sh.600864,5.7000,5.7100,5.6900,5.7000,129700,739472.0000,3
2025-05-23,20250523145000000,sh.600864,5.7100,5.7100,5.6900,5.7000,797300,4545976.0000,3
2025-05-23,20250523145500000,sh.600864,5.7000,5.7100,5.6900,5.7000,864100,4922056.0000,3
2025-05-23,20250523150000000,sh.600864,5.6900,5.7000,5.6900,5.7000,1152200,6563616.0000,3
2025-05-26,20250526093500000,sh.600864,5.6700,5.6800,5.6700,5.6700,1030200,5844262.0000,3
2025-05-26,20250526094000000,sh.600864,5.6700,5.6900,5.6600,5.6800,1077600,6115583.0000,3
2025-05-26,20250526094500000,sh.600864,5.6900,5.6900,5.6700,5.6700,509500,2894982.0000,3
2025-05-26,20250526095000000,sh.600864,5.6800,5.6900,5.6700,5.6800,271200,1540271.0000,3
2025-05-26,20250526095500000,sh.600864,5.6800,5.6900,5.6800,5.6900,229400,1303342.0000,3
2025-05-26,20250526100000000,sh.600864,5.6800,5.6900,5.6800,5.6800,191200,1087604.0000,3
2025-05-26,20250526100500000,sh.600864,5.6900,5.7000,5.6800,5.7000,401900,2288096.0000,3
2025-05-26,20250526101000000,sh.600864,5.7000,5.7100,5.6900,5.7000,279700,1594236.0000,3
2025-05-26,20250526101500000,sh.600864,5.7000,5.7100,5.6900,5.7000,253800,1446716.0000,3
2025-05-26,20250526102000000,sh.600864,5.7000,5.7000,5.6900,5.7000,175400,998256.0000,3
2025-05-26,20250526102500000,sh.600864,5.7000,5.7100,5.6900,5.7100,268000,1527300.0000,3
2025-05-26,20250526103000000,sh.600864,5.7100,5.7100,5.6900,5.7100,338100,1927308.0000,3
2025-05-26,20250526103500000,sh.600864,5.7000,5.7100,5.6900,5.7000,206700,1178516.0000,3
2025-05-26,20250526104000000,sh.600864,5.7000,5.7100,5.6900,5.6900,285900,1627884.0000,3
2025-05-26,20250526104500000,sh.600864,5.6900,5.7000,5.6900,5.7000,51300,292084.0000,3
2025-05-26,20250526105000000,sh.600864,5.6900,5.6900,5.6800,5.6800,166600,947676.0000,3
2025-05-26,20250526105500000,sh.600864,5.6800,5.6900,5.6800,5.6800,47000,267224.0000,3
2025-05-26,20250526110000000,sh.600864,5.6800,5.6900,5.6800,5.6800,65000,369458.0000,3
2025-05-26,20250526110500000,sh.600864,5.6800,5.6900,5.6800,5.6800,278900,1584278.0000,3
2025-05-26,20250526111000000,sh.600864,5.6900,5.6900,5.6800,5.6800,108900,618608.0000,3
2025-05-26,20250526111500000,sh.600864,5.6800,5.6900,5.6700,5.6700,363700,2065788.0000,3
2025-05-26,20250526112000000,sh.600864,5.6700,5.6800,5.6700,5.6700,163200,925544.0000,3
2025-05-26,20250526112500000,sh.600864,5.6800,5.6800,5.6600,5.6600,527500,2990252.0000,3
2025-05-26,20250526113000000,sh.600864,5.6600,5.6800,5.6600,5.6800,176400,1000480.0000,3
2025-05-26,20250526130500000,sh.600864,5.6700,5.6800,5.6700,5.6700,162200,920116.0000,3
2025-05-26,20250526131000000,sh.600864,5.6700,5.6900,5.6700,5.6800,250500,1422564.0000,3
2025-05-26,20250526131500000,sh.600864,5.6700,5.6900,5.6700,5.6800,210400,1194412.0000,3
2025-05-26,20250526132000000,sh.600864,5.6800,5.6800,5.6600,5.6700,315500,1789116.0000,3
2025-05-26,20250526132500000,sh.600864,5.6700,5.6800,5.6600,5.6800,274400,1556244.0000,3
2025-05-26,20250526133000000,sh.600864,5.6700,5.6800,5.6600,5.6700,317400,1799736.0000,3
2025-05-26,20250526133500000,sh.600864,5.6700,5.6800,5.6600,5.6700,153900,872672.0000,3
2025-05-26,20250526134000000,sh.600864,5.6800,5.6900,5.6700,5.6800,335600,1905904.0000,3
2025-05-26,20250526134500000,sh.600864,5.6800,5.6900,5.6700,5.6700,215700,1225064.0000,3
2025-05-26,20250526135000000,sh.600864,5.6700,5.6800,5.6700,5.6700,51600,292980.0000,3
2025-05-26,20250526135500000,sh.600864,5.6800,5.6800,5.6700,5.6700,60000,340444.0000,3
2025-05-26,20250526140000000,sh.600864,5.6800,5.6900,5.6700,5.6800,246300,1398880.0000,3
2025-05-26,20250526140500000,sh.600864,5.6800,5.6900,5.6700,5.6900,93500,531040.0000,3
2025-05-26,20250526141000000,sh.600864,5.6900,5.6900,5.6800,5.6800,72200,410636.0000,3
2025-05-26,20250526141500000,sh.600864,5.6900,5.6900,5.6800,5.6800,267900,1522092.0000,3
2025-05-26,20250526142000000,sh.600864,5.6800,5.6900,5.6800,5.6800,97600,554508.0000,3
2025-05-26,20250526142500000,sh.600864,5.6800,5.6800,5.6700,5.6700,216300,1228412.0000,3
2025-05-26,20250526143000000,sh.600864,5.6800,5.6800,5.6700,5.6700,175300,995440.0000,3
2025-05-26,20250526143500000,sh.600864,5.6800,5.6900,5.6700,5.6800,181000,1028272.0000,3
2025-05-26,20250526144000000,sh.600864,5.6900,5.6900,5.6800,5.6800,363200,2063088.0000,3
2025-05-26,20250526144500000,sh.600864,5.6800,5.6900,5.6800,5.6800,181300,1029736.0000,3
2025-05-26,20250526145000000,sh.600864,5.6900,5.7000,5.6800,5.7000,355200,2020592.0000,3
2025-05-26,20250526145500000,sh.600864,5.6900,5.7000,5.6800,5.7000,447800,2549616.0000,3
2025-05-26,20250526150000000,sh.600864,5.7000,5.7100,5.6900,5.7000,455100,2593640.0000,3
2025-05-27,20250527093500000,sh.600864,5.6900,5.7000,5.6700,5.7000,731400,4158096.0000,3
2025-05-27,20250527094000000,sh.600864,5.6900,5.7000,5.6700,5.6800,264800,1504853.0000,3
2025-05-27,20250527094500000,sh.600864,5.6700,5.6800,5.6600,5.6600,365800,2074211.0000,3
2025-05-27,20250527095000000,sh.600864,5.6600,5.6900,5.6600,5.6900,544900,3094844.0000,3
2025-05-27,20250527095500000,sh.600864,5.6800,5.6800,5.6700,5.6800,154500,877283.0000,3
2025-05-27,20250527100000000,sh.600864,5.6800,5.6900,5.6700,5.6800,264900,1504595.0000,3
2025-05-27,20250527100500000,sh.600864,5.6900,5.6900,5.6600,5.6700,430600,2441866.0000,3
2025-05-27,20250527101000000,sh.600864,5.6700,5.6700,5.6600,5.6700,371900,2106354.0000,3
2025-05-27,20250527101500000,sh.600864,5.6700,5.6800,5.6700,5.6800,67600,383380.0000,3
2025-05-27,20250527102000000,sh.600864,5.6700,5.6800,5.6700,5.6800,65900,373704.0000,3
2025-05-27,20250527102500000,sh.600864,5.6700,5.6800,5.6700,5.6800,29900,169688.0000,3
2025-05-27,20250527103000000,sh.600864,5.6700,5.6800,5.6700,5.6800,73400,416264.0000,3
2025-05-27,20250527103500000,sh.600864,5.6800,5.6800,5.6700,5.6700,26500,150314.0000,3
2025-05-27,20250527104000000,sh.600864,5.6700,5.6800,5.6700,5.6700,451900,2562470.0000,3
2025-05-27,20250527104500000,sh.600864,5.6600,5.6800,5.6600,5.6700,377200,2138906.0000,3
2025-05-27,20250527105000000,sh.600864,5.6700,5.6800,5.6600,5.6800,132700,752204.0000,3
2025-05-27,20250527105500000,sh.600864,5.6800,5.6800,5.6700,5.6700,44000,249506.0000,3
2025-05-27,20250527110000000,sh.600864,5.6700,5.6800,5.6600,5.6700,120600,683750.0000,3
2025-05-27,20250527110500000,sh.600864,5.6700,5.6800,5.6600,5.6800,70300,398916.0000,3
2025-05-27,20250527111000000,sh.600864,5.6800,5.6800,5.6700,5.6800,53800,305224.0000,3
2025-05-27,20250527111500000,sh.600864,5.6800,5.6800,5.6700,5.6800,61900,351160.0000,3
2025-05-27,20250527112000000,sh.600864,5.6800,5.6800,5.6600,5.6800,284400,1612452.0000,3
2025-05-27,20250527112500000,sh.600864,5.6700,5.6700,5.6600,5.6600,279300,1581610.0000,3
2025-05-27,20250527113000000,sh.600864,5.6600,5.6700,5.6600,5.6700,90200,511016.0000,3
2025-05-27,20250527130500000,sh.600864,5.6600,5.6900,5.6600,5.6800,591500,3360186.0000,3
2025-05-27,20250527131000000,sh.600864,5.6800,5.7100,5.6800,5.7000,896900,5107844.0000,3
2025-05-27,20250527131500000,sh.600864,5.7000,5.7000,5.6800,5.6800,157900,898652.0000,3
2025-05-27,20250527132000000,sh.600864,5.6900,5.6900,5.6800,5.6800,86700,492528.0000,3
2025-05-27,20250527132500000,sh.600864,5.6800,5.6900,5.6800,5.6800,35400,201140.0000,3
2025-05-27,20250527133000000,sh.600864,5.6800,5.6800,5.6700,5.6700,510000,2896424.0000,3
2025-05-27,20250527133500000,sh.600864,5.6700,5.6900,5.6700,5.6800,289000,1641500.0000,3
2025-05-27,20250527134000000,sh.600864,5.6800,5.6900,5.6800,5.6800,64200,364948.0000,3
2025-05-27,20250527134500000,sh.600864,5.6800,5.6900,5.6700,5.6700,225700,1281824.0000,3
2025-05-27,20250527135000000,sh.600864,5.6700,5.6800,5.6700,5.6700,65700,373012.0000,3
2025-05-27,20250527135500000,sh.600864,5.6800,5.6800,5.6700,5.6700,107800,611340.0000,3
2025-05-27,20250527140000000,sh.600864,5.6700,5.6800,5.6700,5.6800,132600,752328.0000,3
2025-05-27,20250527140500000,sh.600864,5.6700,5.6800,5.6700,5.6800,343100,1948456.0000,3
2025-05-27,20250527141000000,sh.600864,5.6800,5.6900,5.6800,5.6800,405600,2304156.0000,3
2025-05-27,20250527141500000,sh.600864,5.6800,5.6900,5.6800,5.6900,303900,1727048.0000,3
2025-05-27,20250527142000000,sh.600864,5.6900,5.7000,5.6900,5.6900,402600,2291436.0000,3
2025-05-27,20250527142500000,sh.600864,5.7000,5.7000,5.6900,5.6900,505300,2875496.0000,3
2025-05-27,20250527143000000,sh.600864,5.6900,5.7000,5.6800,5.6800,315200,1791464.0000,3
2025-05-27,20250527143500000,sh.600864,5.6800,5.6900,5.6800,5.6900,106200,604064.0000,3
2025-05-27,20250527144000000,sh.600864,5.6800,5.6900,5.6800,5.6800,54800,311472.0000,3
2025-05-27,20250527144500000,sh.600864,5.6800,5.6900,5.6800,5.6800,423500,2405504.0000,3
2025-05-27,20250527145000000,sh.600864,5.6900,5.6900,5.6800,5.6800,395000,2243564.0000,3
2025-05-27,20250527145500000,sh.600864,5.6900,5.6900,5.6800,5.6800,291100,1655140.0000,3
2025-05-27,20250527150000000,sh.600864,5.6800,5.6900,5.6800,5.6900,440700,2506432.0000,3
2025-05-28,20250528093500000,sh.600864,5.6900,5.7000,5.6800,5.6900,412100,2345386.0000,3
2025-05-28,20250528094000000,sh.600864,5.7000,5.7000,5.6800,5.7000,401300,2283119.0000,3
2025-05-28,20250528094500000,sh.600864,5.6900,5.7000,5.6800,5.7000,190000,1082015.0000,3
2025-05-28,20250528095000000,sh.600864,5.7000,5.7000,5.6800,5.6800,271600,1544789.0000,3
2025-05-28,20250528095500000,sh.600864,5.6800,5.6900,5.6800,5.6800,135300,769164.0000,3
2025-05-28,20250528100000000,sh.600864,5.6900,5.6900,5.6800,5.6800,255300,1450973.0000,3
2025-05-28,20250528100500000,sh.600864,5.6800,5.6900,5.6800,5.6800,133600,759350.0000,3
2025-05-28,20250528101000000,sh.600864,5.6800,5.6800,5.6700,5.6800,288500,1638455.0000,3
2025-05-28,20250528101500000,sh.600864,5.6700,5.6800,5.6600,5.6600,752800,4268318.0000,3
2025-05-28,20250528102000000,sh.600864,5.6600,5.6800,5.6600,5.6700,143800,814970.0000,3
2025-05-28,20250528102500000,sh.600864,5.6700,5.6800,5.6700,5.6700,58300,330624.0000,3
2025-05-28,20250528103000000,sh.600864,5.6800,5.6800,5.6700,5.6800,140200,796018.0000,3
2025-05-28,20250528103500000,sh.600864,5.6800,5.6800,5.6700,5.6800,51700,293610.0000,3
2025-05-28,20250528104000000,sh.600864,5.6800,5.6800,5.6700,5.6800,94900,538892.0000,3
2025-05-28,20250528104500000,sh.600864,5.6800,5.6900,5.6700,5.6800,142500,809234.0000,3
2025-05-28,20250528105000000,sh.600864,5.6800,5.6900,5.6800,5.6800,201800,1146148.0000,3
2025-05-28,20250528105500000,sh.600864,5.6800,5.6900,5.6800,5.6800,193900,1101446.0000,3
2025-05-28,20250528110000000,sh.600864,5.6800,5.6900,5.6800,5.6900,96900,550468.0000,3
2025-05-28,20250528110500000,sh.600864,5.6900,5.6900,5.6700,5.6700,157900,896168.0000,3
2025-05-28,20250528111000000,sh.600864,5.6700,5.6900,5.6700,5.6800,488600,2777992.0000,3
2025-05-28,20250528111500000,sh.600864,5.6800,5.6800,5.6700,5.6800,76700,435434.0000,3
2025-05-28,20250528112000000,sh.600864,5.6700,5.6900,5.6700,5.6800,297200,1688598.0000,3
2025-05-28,20250528112500000,sh.600864,5.6700,5.6800,5.6700,5.6700,57800,327802.0000,3
2025-05-28,20250528113000000,sh.600864,5.6700,5.6800,5.6700,5.6800,48900,277414.0000,3
2025-05-28,20250528130500000,sh.600864,5.6800,5.6800,5.6700,5.6700,122600,695884.0000,3
2025-05-28,20250528131000000,sh.600864,5.6700,5.6800,5.6700,5.6700,51900,294714.0000,3
2025-05-28,20250528131500000,sh.600864,5.6700,5.6800,5.6700,5.6700,55000,312090.0000,3
2025-05-28,20250528132000000,sh.600864,5.6700,5.6800,5.6700,5.6700,21700,123190.0000,3
2025-05-28,20250528132500000,sh.600864,5.6700,5.6900,5.6700,5.6800,118700,674146.0000,3
2025-05-28,20250528133000000,sh.600864,5.6800,5.6900,5.6700,5.6900,167600,952268.0000,3
2025-05-28,20250528133500000,sh.600864,5.6900,5.6900,5.6700,5.6800,166900,947836.0000,3
2025-05-28,20250528134000000,sh.600864,5.6700,5.6800,5.6700,5.6700,129200,732588.0000,3
2025-05-28,20250528134500000,sh.600864,5.6700,5.6800,5.6700,5.6700,194800,1104536.0000,3
2025-05-28,20250528135000000,sh.600864,5.6800,5.6800,5.6700,5.6700,352800,2000448.0000,3
2025-05-28,20250528135500000,sh.600864,5.6600,5.6700,5.6600,5.6700,114700,650348.0000,3
2025-05-28,20250528140000000,sh.600864,5.6800,5.6800,5.6700,5.6700,13900,78868.0000,3
2025-05-28,20250528140500000,sh.600864,5.6700,5.6800,5.6600,5.6700,278300,1577408.0000,3
2025-05-28,20250528141000000,sh.600864,5.6600,5.6700,5.6600,5.6700,200700,1137464.0000,3
2025-05-28,20250528141500000,sh.600864,5.6700,5.6700,5.6600,5.6600,268600,1522020.0000,3
2025-05-28,20250528142000000,sh.600864,5.6700,5.6700,5.6600,5.6600,327300,1853436.0000,3
2025-05-28,20250528142500000,sh.600864,5.6700,5.6700,5.6600,5.6600,204000,1156144.0000,3
2025-05-28,20250528143000000,sh.600864,5.6700,5.6800,5.6600,5.6700,283700,1608736.0000,3
2025-05-28,20250528143500000,sh.600864,5.6700,5.6800,5.6600,5.6700,296800,1684000.0000,3
2025-05-28,20250528144000000,sh.600864,5.6800,5.6800,5.6600,5.6600,166300,943176.0000,3
2025-05-28,20250528144500000,sh.600864,5.6700,5.6700,5.6600,5.6700,107800,610336.0000,3
2025-05-28,20250528145000000,sh.600864,5.6700,5.6700,5.6600,5.6700,130700,740528.0000,3
2025-05-28,20250528145500000,sh.600864,5.6600,5.6700,5.6600,5.6600,708200,4008976.0000,3
2025-05-28,20250528150000000,sh.600864,5.6700,5.6700,5.6600,5.6600,548000,3101820.0000,3
2025-05-29,20250529093500000,sh.600864,5.6700,5.6900,5.6700,5.6800,1289300,7319870.0000,3
2025-05-29,20250529094000000,sh.600864,5.6800,5.6900,5.6700,5.6900,505300,2871301.0000,3
2025-05-29,20250529094500000,sh.600864,5.6900,5.7100,5.6800,5.7000,959100,5462721.0000,3
2025-05-29,20250529095000000,sh.600864,5.7000,5.7100,5.7000,5.7000,406300,2317304.0000,3
2025-05-29,20250529095500000,sh.600864,5.7000,5.7100,5.7000,5.7100,522800,2983804.0000,3
2025-05-29,20250529100000000,sh.600864,5.7100,5.7200,5.7000,5.7100,507700,2899156.0000,3
2025-05-29,20250529100500000,sh.600864,5.7200,5.7200,5.7000,5.7000,578400,3302512.0000,3
2025-05-29,20250529101000000,sh.600864,5.7100,5.7100,5.6900,5.7000,476100,2715104.0000,3
2025-05-29,20250529101500000,sh.600864,5.7100,5.7100,5.6900,5.7000,196100,1117820.0000,3
2025-05-29,20250529102000000,sh.600864,5.7000,5.7100,5.7000,5.7000,176100,1004000.0000,3
2025-05-29,20250529102500000,sh.600864,5.7100,5.7200,5.6900,5.6900,926900,5289740.0000,3
2025-05-29,20250529103000000,sh.600864,5.6900,5.7100,5.6900,5.7100,167100,953148.0000,3
2025-05-29,20250529103500000,sh.600864,5.7100,5.7100,5.7000,5.7000,139200,794436.0000,3
2025-05-29,20250529104000000,sh.600864,5.7100,5.7100,5.7000,5.7100,259100,1478884.0000,3
2025-05-29,20250529104500000,sh.600864,5.7100,5.7200,5.7000,5.7100,1037800,5927328.0000,3
2025-05-29,20250529105000000,sh.600864,5.7200,5.7300,5.7100,5.7200,775200,4435680.0000,3
2025-05-29,20250529105500000,sh.600864,5.7200,5.7300,5.7100,5.7100,821100,4691808.0000,3
2025-05-29,20250529110000000,sh.600864,5.7200,5.7200,5.7000,5.7200,494800,2826992.0000,3
2025-05-29,20250529110500000,sh.600864,5.7200,5.7200,5.7100,5.7100,252400,1441996.0000,3
2025-05-29,20250529111000000,sh.600864,5.7200,5.7200,5.7000,5.7000,384600,2196304.0000,3
2025-05-29,20250529111500000,sh.600864,5.7100,5.7200,5.7000,5.7100,219100,1250764.0000,3
2025-05-29,20250529112000000,sh.600864,5.7200,5.7200,5.7000,5.7100,157200,898388.0000,3
2025-05-29,20250529112500000,sh.600864,5.7000,5.7100,5.7000,5.7100,164200,936640.0000,3
2025-05-29,20250529113000000,sh.600864,5.7100,5.7200,5.7000,5.7100,156800,895236.0000,3
2025-05-29,20250529130500000,sh.600864,5.7100,5.7200,5.7100,5.7200,478700,2737704.0000,3
2025-05-29,20250529131000000,sh.600864,5.7100,5.7200,5.7100,5.7100,119500,682672.0000,3
2025-05-29,20250529131500000,sh.600864,5.7100,5.7200,5.7100,5.7100,59100,337904.0000,3
2025-05-29,20250529132000000,sh.600864,5.7100,5.7200,5.7100,5.7200,88500,506176.0000,3
2025-05-29,20250529132500000,sh.600864,5.7100,5.7200,5.7100,5.7100,227800,1302728.0000,3
2025-05-29,20250529133000000,sh.600864,5.7100,5.7200,5.7100,5.7200,47900,273776.0000,3
2025-05-29,20250529133500000,sh.600864,5.7200,5.7200,5.7000,5.7100,688000,3928424.0000,3
2025-05-29,20250529134000000,sh.600864,5.7100,5.7100,5.7000,5.7100,423800,2419696.0000,3
2025-05-29,20250529134500000,sh.600864,5.7100,5.7200,5.7100,5.7100,929700,5317256.0000,3
2025-05-29,20250529135000000,sh.600864,5.7200,5.7300,5.7200,5.7200,236600,1354200.0000,3
2025-05-29,20250529135500000,sh.600864,5.7100,5.7300,5.7100,5.7300,394300,2256032.0000,3
2025-05-29,20250529140000000,sh.600864,5.7300,5.7300,5.7200,5.7200,470200,2692264.0000,3
2025-05-29,20250529140500000,sh.600864,5.7300,5.7300,5.7100,5.7200,183300,1048568.0000,3
2025-05-29,20250529141000000,sh.600864,5.7200,5.7200,5.7100,5.7200,54800,313456.0000,3
2025-05-29,20250529141500000,sh.600864,5.7200,5.7300,5.7100,5.7200,149900,857448.0000,3
2025-05-29,20250529142000000,sh.600864,5.7300,5.7300,5.7200,5.7300,196000,1121432.0000,3
2025-05-29,20250529142500000,sh.600864,5.7300,5.7300,5.7200,5.7200,249500,1427200.0000,3
2025-05-29,20250529143000000,sh.600864,5.7200,5.7300,5.7200,5.7300,259900,1486912.0000,3
2025-05-29,20250529143500000,sh.600864,5.7300,5.7300,5.7200,5.7300,285200,1634048.0000,3
2025-05-29,20250529144000000,sh.600864,5.7300,5.7400,5.7200,5.7200,615500,3526800.0000,3
2025-05-29,20250529144500000,sh.600864,5.7200,5.7300,5.7200,5.7200,121600,696288.0000,3
2025-05-29,20250529145000000,sh.600864,5.7300,5.7300,5.7200,5.7200,145200,831624.0000,3
2025-05-29,20250529145500000,sh.600864,5.7200,5.7400,5.7200,5.7400,707200,4051272.0000,3
2025-05-29,20250529150000000,sh.600864,5.7400,5.7400,5.7300,5.7300,440500,2524848.0000,3
2025-05-30,20250530093500000,sh.600864,5.7100,5.7300,5.7000,5.7000,1269600,7253389.0000,3
2025-05-30,20250530094000000,sh.600864,5.7000,5.7100,5.6900,5.7000,1147600,6539150.0000,3
2025-05-30,20250530094500000,sh.600864,5.6900,5.7000,5.6800,5.6900,772500,4394427.0000,3
2025-05-30,20250530095000000,sh.600864,5.6800,5.7000,5.6800,5.6900,665300,3784056.0000,3
2025-05-30,20250530095500000,sh.600864,5.6800,5.6900,5.6800,5.6900,423400,2407442.0000,3
2025-05-30,20250530100000000,sh.600864,5.6900,5.6900,5.6800,5.6800,361800,2057908.0000,3
2025-05-30,20250530100500000,sh.600864,5.6800,5.6900,5.6800,5.6800,189500,1077378.0000,3
2025-05-30,20250530101000000,sh.600864,5.6900,5.6900,5.6800,5.6800,330300,1877438.0000,3
2025-05-30,20250530101500000,sh.600864,5.6800,5.6900,5.6700,5.6800,618100,3511956.0000,3
2025-05-30,20250530102000000,sh.600864,5.6700,5.6800,5.6700,5.6800,201200,1141984.0000,3
2025-05-30,20250530102500000,sh.600864,5.6800,5.6900,5.6700,5.6800,556500,3159092.0000,3
2025-05-30,20250530103000000,sh.600864,5.6800,5.6900,5.6700,5.6800,209900,1192024.0000,3
2025-05-30,20250530103500000,sh.600864,5.6800,5.6800,5.6700,5.6700,74100,420380.0000,3
2025-05-30,20250530104000000,sh.600864,5.6800,5.6800,5.6700,5.6700,247700,1404768.0000,3
2025-05-30,20250530104500000,sh.600864,5.6800,5.7000,5.6700,5.6800,483100,2746680.0000,3
2025-05-30,20250530105000000,sh.600864,5.6800,5.7000,5.6800,5.6900,224900,1279672.0000,3
2025-05-30,20250530105500000,sh.600864,5.6900,5.7000,5.6900,5.7000,162600,925472.0000,3
2025-05-30,20250530110000000,sh.600864,5.6900,5.7100,5.6800,5.7000,862700,4918224.0000,3
2025-05-30,20250530110500000,sh.600864,5.6900,5.7100,5.6900,5.7000,121800,694360.0000,3
2025-05-30,20250530111000000,sh.600864,5.7000,5.7000,5.6900,5.6900,122400,696728.0000,3
2025-05-30,20250530111500000,sh.600864,5.7000,5.7000,5.6900,5.7000,64700,368432.0000,3
2025-05-30,20250530112000000,sh.600864,5.6900,5.7000,5.6900,5.7000,151300,861532.0000,3
2025-05-30,20250530112500000,sh.600864,5.7000,5.7000,5.6800,5.6800,165700,942784.0000,3
2025-05-30,20250530113000000,sh.600864,5.6800,5.7000,5.6800,5.6900,111000,631796.0000,3
2025-05-30,20250530130500000,sh.600864,5.7000,5.7100,5.6900,5.7100,188300,1073948.0000,3
2025-05-30,20250530131000000,sh.600864,5.7000,5.7100,5.6900,5.7000,169400,965736.0000,3
2025-05-30,20250530131500000,sh.600864,5.7000,5.7100,5.7000,5.7100,40300,229824.0000,3
2025-05-30,20250530132000000,sh.600864,5.7000,5.7100,5.7000,5.7000,140500,801916.0000,3
2025-05-30,20250530132500000,sh.600864,5.7000,5.7100,5.7000,5.7100,41300,235744.0000,3
2025-05-30,20250530133000000,sh.600864,5.7000,5.7100,5.7000,5.7000,90500,516368.0000,3
2025-05-30,20250530133500000,sh.600864,5.7100,5.7100,5.7000,5.7000,183000,1043128.0000,3
2025-05-30,20250530134000000,sh.600864,5.7000,5.7100,5.6900,5.7000,445600,2539772.0000,3
2025-05-30,20250530134500000,sh.600864,5.7000,5.7100,5.7000,5.7100,56700,323204.0000,3
2025-05-30,20250530135000000,sh.600864,5.7000,5.7100,5.6900,5.6900,206100,1174388.0000,3
2025-05-30,20250530135500000,sh.600864,5.6900,5.7000,5.6900,5.7000,25800,146920.0000,3
2025-05-30,20250530140000000,sh.600864,5.7000,5.7000,5.6900,5.7000,208600,1187840.0000,3
2025-05-30,20250530140500000,sh.600864,5.6900,5.7000,5.6900,5.6900,137000,779608.0000,3
2025-05-30,20250530141000000,sh.600864,5.7000,5.7000,5.6900,5.6900,163400,930812.0000,3
2025-05-30,20250530141500000,sh.600864,5.6900,5.7000,5.6900,5.6900,34100,194040.0000,3
2025-05-30,20250530142000000,sh.600864,5.6900,5.7000,5.6800,5.6900,152400,867128.0000,3
2025-05-30,20250530142500000,sh.600864,5.6900,5.6900,5.6800,5.6800,64500,366544.0000,3
2025-05-30,20250530143000000,sh.600864,5.6800,5.6900,5.6800,5.6800,58300,331352.0000,3
2025-05-30,20250530143500000,sh.600864,5.6900,5.7000,5.6800,5.6900,215400,1225536.0000,3
2025-05-30,20250530144000000,sh.600864,5.6900,5.6900,5.6800,5.6900,309900,1762520.0000,3
2025-05-30,20250530144500000,sh.600864,5.6900,5.6900,5.6800,5.6800,172000,978024.0000,3
2025-05-30,20250530145000000,sh.600864,5.6800,5.6900,5.6800,5.6800,175400,997120.0000,3
2025-05-30,20250530145500000,sh.600864,5.6900,5.7000,5.6800,5.6900,474900,2701832.0000,3
2025-05-30,20250530150000000,sh.600864,5.6900,5.7000,5.6900,5.6900,517100,2942776.0000,3
2025-06-03,20250603093500000,sh.600864,5.6700,5.6800,5.6400,5.6700,1646500,9327816.0000,3
2025-06-03,20250603094000000,sh.600864,5.6700,5.6900,5.6600,5.6900,1483300,8405792.0000,3
2025-06-03,20250603094500000,sh.600864,5.6800,5.6900,5.6800,5.6900,565900,3216992.0000,3
2025-06-03,20250603095000000,sh.600864,5.6800,5.7000,5.6800,5.6900,507300,2886444.0000,3
2025-06-03,20250603095500000,sh.600864,5.7000,5.7200,5.6900,5.7200,772700,4411664.0000,3
2025-06-03,20250603100000000,sh.600864,5.7200,5.7200,5.7100,5.7100,615900,3517978.0000,3
2025-06-03,20250603100500000,sh.600864,5.7200,5.7200,5.7000,5.7000,507500,2899070.0000,3
2025-06-03,20250603101000000,sh.600864,5.7000,5.7100,5.7000,5.7100,149100,850744.0000,3
2025-06-03,20250603101500000,sh.600864,5.7100,5.7100,5.7000,5.7100,281700,1606476.0000,3
2025-06-03,20250603102000000,sh.600864,5.7000,5.7100,5.7000,5.7000,391600,2232692.0000,3
2025-06-03,20250603102500000,sh.600864,5.7000,5.7100,5.6900,5.7000,225800,1287364.0000,3
2025-06-03,20250603103000000,sh.600864,5.7000,5.7000,5.6900,5.6900,86800,494744.0000,3
2025-06-03,20250603103500000,sh.600864,5.6900,5.7000,5.6800,5.7000,690000,3924232.0000,3
2025-06-03,20250603104000000,sh.600864,5.7000,5.7100,5.6900,5.7100,302300,1724088.0000,3
2025-06-03,20250603104500000,sh.600864,5.7100,5.7100,5.7000,5.7100,118700,677560.0000,3
2025-06-03,20250603105000000,sh.600864,5.7100,5.7200,5.7000,5.7000,144800,826728.0000,3
2025-06-03,20250603105500000,sh.600864,5.7100,5.7100,5.7000,5.7100,120500,687884.0000,3
2025-06-03,20250603110000000,sh.600864,5.7000,5.7100,5.7000,5.7100,136700,780404.0000,3
2025-06-03,20250603110500000,sh.600864,5.7100,5.7500,5.7000,5.7400,1643100,9412768.0000,3
2025-06-03,20250603111000000,sh.600864,5.7400,5.7500,5.7300,5.7300,900300,5167824.0000,3
2025-06-03,20250603111500000,sh.600864,5.7300,5.7400,5.7200,5.7300,327400,1876360.0000,3
2025-06-03,20250603112000000,sh.600864,5.7400,5.7400,5.7200,5.7200,118500,679520.0000,3
2025-06-03,20250603112500000,sh.600864,5.7300,5.7400,5.7200,5.7300,315800,1809328.0000,3
2025-06-03,20250603113000000,sh.600864,5.7300,5.7400,5.7300,5.7400,108700,623344.0000,3
2025-06-03,20250603130500000,sh.600864,5.7400,5.7400,5.7200,5.7200,243400,1394696.0000,3
2025-06-03,20250603131000000,sh.600864,5.7300,5.7300,5.7200,5.7300,64800,370984.0000,3
2025-06-03,20250603131500000,sh.600864,5.7300,5.7300,5.7200,5.7300,47100,269704.0000,3
2025-06-03,20250603132000000,sh.600864,5.7200,5.7300,5.7200,5.7300,43100,246744.0000,3
2025-06-03,20250603132500000,sh.600864,5.7200,5.7300,5.7200,5.7300,136700,782256.0000,3
2025-06-03,20250603133000000,sh.600864,5.7200,5.7300,5.7200,5.7300,37900,217016.0000,3
2025-06-03,20250603133500000,sh.600864,5.7200,5.7300,5.7200,5.7300,63100,361112.0000,3
2025-06-03,20250603134000000,sh.600864,5.7200,5.7300,5.7100,5.7200,426900,2441880.0000,3
2025-06-03,20250603134500000,sh.600864,5.7300,5.7300,5.7200,5.7300,35300,202008.0000,3
2025-06-03,20250603135000000,sh.600864,5.7200,5.7300,5.7200,5.7200,52400,299800.0000,3
2025-06-03,20250603135500000,sh.600864,5.7200,5.7300,5.7100,5.7300,130100,744216.0000,3
2025-06-03,20250603140000000,sh.600864,5.7300,5.7300,5.7200,5.7300,36200,207240.0000,3
2025-06-03,20250603140500000,sh.600864,5.7300,5.7300,5.7200,5.7300,26300,150616.0000,3
2025-06-03,20250603141000000,sh.600864,5.7300,5.7400,5.7200,5.7300,752200,4310104.0000,3
2025-06-03,20250603141500000,sh.600864,5.7300,5.7400,5.7200,5.7400,157600,903112.0000,3
2025-06-03,20250603142000000,sh.600864,5.7300,5.7400,5.7200,5.7300,271700,1556912.0000,3
2025-06-03,20250603142500000,sh.600864,5.7300,5.7400,5.7300,5.7300,124500,713784.0000,3
2025-06-03,20250603143000000,sh.600864,5.7400,5.7400,5.7300,5.7400,122400,701664.0000,3
2025-06-03,20250603143500000,sh.600864,5.7400,5.7400,5.7300,5.7300,210300,1205528.0000,3
2025-06-03,20250603144000000,sh.600864,5.7300,5.7400,5.7200,5.7300,639600,3665080.0000,3
2025-06-03,20250603144500000,sh.600864,5.7300,5.7400,5.7200,5.7300,794000,4555600.0000,3
2025-06-03,20250603145000000,sh.600864,5.7400,5.7400,5.7200,5.7200,527600,3025248.0000,3
2025-06-03,20250603145500000,sh.600864,5.7300,5.7500,5.7300,5.7500,1024100,5875480.0000,3
2025-06-03,20250603150000000,sh.600864,5.7500,5.7500,5.7400,5.7400,436700,2508216.0000,3
2025-06-04,20250604093500000,sh.600864,5.7300,5.7300,5.7000,5.7200,1104800,6312523.0000,3
2025-06-04,20250604094000000,sh.600864,5.7200,5.7200,5.7000,5.7100,732500,4180425.0000,3
2025-06-04,20250604094500000,sh.600864,5.7100,5.7400,5.7100,5.7400,772200,4420020.0000,3
2025-06-04,20250604095000000,sh.600864,5.7400,5.7600,5.7400,5.7500,1782900,10257180.0000,3
2025-06-04,20250604095500000,sh.600864,5.7500,5.7500,5.7300,5.7400,640500,3678700.0000,3
2025-06-04,20250604100000000,sh.600864,5.7400,5.7700,5.7400,5.7500,890000,5122396.0000,3
2025-06-04,20250604100500000,sh.600864,5.7600,5.7800,5.7600,5.7700,1360000,7852092.0000,3
2025-06-04,20250604101000000,sh.600864,5.7700,5.7700,5.7500,5.7600,887500,5118148.0000,3
2025-06-04,20250604101500000,sh.600864,5.7600,5.7700,5.7500,5.7600,360000,2073388.0000,3
2025-06-04,20250604102000000,sh.600864,5.7600,5.7700,5.7600,5.7600,241100,1389736.0000,3
2025-06-04,20250604102500000,sh.600864,5.7700,5.7800,5.7600,5.7700,555100,3203736.0000,3
2025-06-04,20250604103000000,sh.600864,5.7700,5.7800,5.7600,5.7700,298300,1721692.0000,3
2025-06-04,20250604103500000,sh.600864,5.7700,5.7700,5.7600,5.7700,88600,511052.0000,3
2025-06-04,20250604104000000,sh.600864,5.7700,5.7700,5.7600,5.7600,104300,601208.0000,3
2025-06-04,20250604104500000,sh.600864,5.7600,5.7700,5.7600,5.7700,37900,218356.0000,3
2025-06-04,20250604105000000,sh.600864,5.7700,5.7700,5.7600,5.7600,146300,843412.0000,3
2025-06-04,20250604105500000,sh.600864,5.7600,5.7800,5.7600,5.7700,1119900,6454824.0000,3
2025-06-04,20250604110000000,sh.600864,5.7700,5.7800,5.7700,5.7800,563200,3249872.0000,3
2025-06-04,20250604110500000,sh.600864,5.7800,5.7800,5.7700,5.7800,796300,4602344.0000,3
2025-06-04,20250604111000000,sh.600864,5.7800,5.7900,5.7700,5.7800,1310900,7579840.0000,3
2025-06-04,20250604111500000,sh.600864,5.7800,5.7900,5.7700,5.7900,985700,5694704.0000,3
2025-06-04,20250604112000000,sh.600864,5.7900,5.8100,5.7700,5.8100,1444600,8364944.0000,3
2025-06-04,20250604112500000,sh.600864,5.8100,5.8100,5.7800,5.8000,1385500,8034264.0000,3
2025-06-04,20250604113000000,sh.600864,5.8000,5.8000,5.7900,5.7900,275800,1599112.0000,3
2025-06-04,20250604130500000,sh.600864,5.8000,5.8000,5.7800,5.8000,1079500,6253720.0000,3
2025-06-04,20250604131000000,sh.600864,5.7900,5.8000,5.7900,5.7900,252900,1465408.0000,3
2025-06-04,20250604131500000,sh.600864,5.8000,5.8000,5.7800,5.7900,297200,1720528.0000,3
2025-06-04,20250604132000000,sh.600864,5.7900,5.8000,5.7800,5.7900,411500,2382032.0000,3
2025-06-04,20250604132500000,sh.600864,5.7900,5.8000,5.7800,5.7800,595600,3447824.0000,3
2025-06-04,20250604133000000,sh.600864,5.7900,5.8000,5.7800,5.7900,299300,1732920.0000,3
2025-06-04,20250604133500000,sh.600864,5.8000,5.8000,5.7800,5.7900,426500,2467720.0000,3
2025-06-04,20250604134000000,sh.600864,5.7900,5.8000,5.7800,5.7900,637200,3688560.0000,3
2025-06-04,20250604134500000,sh.600864,5.7900,5.8000,5.7900,5.8000,78100,452496.0000,3
2025-06-04,20250604135000000,sh.600864,5.8000,5.8000,5.7900,5.8000,139900,810400.0000,3
2025-06-04,20250604135500000,sh.600864,5.7900,5.8000,5.7900,5.8000,1469100,8517256.0000,3
2025-06-04,20250604140000000,sh.600864,5.8000,5.8100,5.7900,5.8000,296900,1722048.0000,3
2025-06-04,20250604140500000,sh.600864,5.8000,5.8100,5.8000,5.8100,127000,736832.0000,3
2025-06-04,20250604141000000,sh.600864,5.8100,5.8100,5.7900,5.7900,207400,1202880.0000,3
2025-06-04,20250604141500000,sh.600864,5.7900,5.8000,5.7900,5.8000,49200,285168.0000,3
2025-06-04,20250604142000000,sh.600864,5.8000,5.8000,5.7900,5.7900,174900,1014384.0000,3
2025-06-04,20250604142500000,sh.600864,5.8000,5.8000,5.7900,5.7900,90300,523472.0000,3
2025-06-04,20250604143000000,sh.600864,5.8000,5.8000,5.7900,5.8000,195700,1133552.0000,3
2025-06-04,20250604143500000,sh.600864,5.8000,5.8000,5.7900,5.8000,596600,3455104.0000,3
2025-06-04,20250604144000000,sh.600864,5.8000,5.8000,5.7900,5.8000,423100,2450112.0000,3
2025-06-04,20250604144500000,sh.600864,5.7900,5.8000,5.7800,5.7800,475400,2751888.0000,3
2025-06-04,20250604145000000,sh.600864,5.7900,5.8000,5.7800,5.7900,362500,2098928.0000,3
2025-06-04,20250604145500000,sh.600864,5.7800,5.8000,5.7800,5.7900,486400,2817136.0000,3
2025-06-04,20250604150000000,sh.600864,5.8000,5.8000,5.7900,5.7900,498200,2885584.0000,3
2025-06-05,20250605093500000,sh.600864,5.7900,5.8400,5.7900,5.8200,2604700,15137501.0000,3
2025-06-05,20250605094000000,sh.600864,5.8200,5.8300,5.8000,5.8100,927800,5390431.0000,3
2025-06-05,20250605094500000,sh.600864,5.8100,5.8200,5.7900,5.8100,1543700,8965336.0000,3
2025-06-05,20250605095000000,sh.600864,5.8100,5.8200,5.7900,5.7900,816200,4737900.0000,3
2025-06-05,20250605095500000,sh.600864,5.7900,5.8000,5.7900,5.7900,315700,1830320.0000,3
2025-06-05,20250605100000000,sh.600864,5.8000,5.8000,5.7900,5.7900,715300,4142824.0000,3
2025-06-05,20250605100500000,sh.600864,5.7900,5.7900,5.7800,5.7900,758100,4383392.0000,3
2025-06-05,20250605101000000,sh.600864,5.7900,5.7900,5.7800,5.7900,192400,1113016.0000,3
2025-06-05,20250605101500000,sh.600864,5.7900,5.7900,5.7800,5.7800,183400,1060668.0000,3
2025-06-05,20250605102000000,sh.600864,5.7800,5.7900,5.7700,5.7800,714300,4128304.0000,3
2025-06-05,20250605102500000,sh.600864,5.7700,5.7800,5.7700,5.7800,364900,2108108.0000,3
2025-06-05,20250605103000000,sh.600864,5.7800,5.7900,5.7800,5.7900,399200,2310720.0000,3
2025-06-05,20250605103500000,sh.600864,5.7900,5.7900,5.7800,5.7900,258300,1493108.0000,3
2025-06-05,20250605104000000,sh.600864,5.7800,5.7900,5.7800,5.7800,261700,1512652.0000,3
2025-06-05,20250605104500000,sh.600864,5.7800,5.7900,5.7700,5.7800,79300,458444.0000,3
2025-06-05,20250605105000000,sh.600864,5.7800,5.7800,5.7700,5.7700,30700,177204.0000,3
2025-06-05,20250605105500000,sh.600864,5.7800,5.7900,5.7700,5.7800,220700,1275256.0000,3
2025-06-05,20250605110000000,sh.600864,5.7800,5.7900,5.7700,5.7800,268200,1550144.0000,3
2025-06-05,20250605110500000,sh.600864,5.7800,5.8000,5.7700,5.8000,581600,3368012.0000,3
2025-06-05,20250605111000000,sh.600864,5.8000,5.8100,5.7900,5.8100,334800,1941868.0000,3
2025-06-05,20250605111500000,sh.600864,5.8000,5.8100,5.8000,5.8100,510400,2961600.0000,3
2025-06-05,20250605112000000,sh.600864,5.8000,5.8100,5.7900,5.8000,356500,2068040.0000,3
2025-06-05,20250605112500000,sh.600864,5.8000,5.8000,5.7900,5.8000,213000,1235352.0000,3
2025-06-05,20250605113000000,sh.600864,5.7900,5.8000,5.7900,5.8000,274500,1592000.0000,3
2025-06-05,20250605130500000,sh.600864,5.8000,5.8000,5.7700,5.7900,785600,4545960.0000,3
2025-06-05,20250605131000000,sh.600864,5.7800,5.7900,5.7800,5.7800,182000,1052536.0000,3
2025-06-05,20250605131500000,sh.600864,5.7800,5.7900,5.7700,5.7700,183400,1059424.0000,3
2025-06-05,20250605132000000,sh.600864,5.7700,5.7800,5.7700,5.7800,70700,408184.0000,3
2025-06-05,20250605132500000,sh.600864,5.7700,5.7900,5.7700,5.7800,522100,3017680.0000,3
2025-06-05,20250605133000000,sh.600864,5.7900,5.7900,5.7700,5.7800,392300,2267768.0000,3
2025-06-05,20250605133500000,sh.600864,5.7800,5.7900,5.7800,5.7800,595800,3447872.0000,3
2025-06-05,20250605134000000,sh.600864,5.7900,5.7900,5.7800,5.7900,88700,512792.0000,3
2025-06-05,20250605134500000,sh.600864,5.7900,5.7900,5.7800,5.7900,101300,585760.0000,3
2025-06-05,20250605135000000,sh.600864,5.7900,5.7900,5.7800,5.7800,59100,341656.0000,3
2025-06-05,20250605135500000,sh.600864,5.7900,5.7900,5.7800,5.7800,252900,1463072.0000,3
2025-06-05,20250605140000000,sh.600864,5.7800,5.7900,5.7700,5.7800,298000,1722424.0000,3
2025-06-05,20250605140500000,sh.600864,5.7700,5.8000,5.7700,5.7900,702000,4062000.0000,3
2025-06-05,20250605141000000,sh.600864,5.7900,5.8000,5.7900,5.7900,190700,1104976.0000,3
2025-06-05,20250605141500000,sh.600864,5.7900,5.8000,5.7900,5.7900,60500,350448.0000,3
2025-06-05,20250605142000000,sh.600864,5.7900,5.8000,5.7900,5.8000,107000,620120.0000,3
2025-06-05,20250605142500000,sh.600864,5.7900,5.8000,5.7900,5.7900,569000,3295112.0000,3
2025-06-05,20250605143000000,sh.600864,5.8000,5.8000,5.7900,5.7900,146600,849200.0000,3
2025-06-05,20250605143500000,sh.600864,5.7900,5.8100,5.7900,5.8000,584400,3389016.0000,3
2025-06-05,20250605144000000,sh.600864,5.8000,5.8300,5.8000,5.8300,1528200,8889336.0000,3
2025-06-05,20250605144500000,sh.600864,5.8300,5.8500,5.8200,5.8400,2072100,12093472.0000,3
2025-06-05,20250605145000000,sh.600864,5.8300,5.8500,5.8300,5.8400,2111800,12336016.0000,3
2025-06-05,20250605145500000,sh.600864,5.8500,5.8500,5.8300,5.8300,915500,5346976.0000,3
2025-06-05,20250605150000000,sh.600864,5.8300,5.8400,5.8200,5.8300,849900,4956320.0000,3
2025-06-06,20250606093500000,sh.600864,5.8300,5.8600,5.8200,5.8200,1479100,8636314.0000,3
2025-06-06,20250606094000000,sh.600864,5.8100,5.8300,5.8100,5.8300,669800,3895526.0000,3
2025-06-06,20250606094500000,sh.600864,5.8200,5.8400,5.8200,5.8400,1073500,6265708.0000,3
2025-06-06,20250606095000000,sh.600864,5.8400,5.8400,5.8300,5.8300,500000,2916016.0000,3
2025-06-06,20250606095500000,sh.600864,5.8300,5.8400,5.8100,5.8200,349600,2035300.0000,3
2025-06-06,20250606100000000,sh.600864,5.8100,5.8200,5.8100,5.8200,202100,1175636.0000,3
2025-06-06,20250606100500000,sh.600864,5.8200,5.8200,5.7900,5.8000,892000,5175992.0000,3
2025-06-06,20250606101000000,sh.600864,5.7900,5.8100,5.7900,5.8000,539900,3131066.0000,3
2025-06-06,20250606101500000,sh.600864,5.7900,5.8100,5.7900,5.8100,228900,1328030.0000,3
2025-06-06,20250606102000000,sh.600864,5.8000,5.8100,5.7900,5.8000,1008800,5848196.0000,3
2025-06-06,20250606102500000,sh.600864,5.8000,5.8000,5.7900,5.8000,110800,642028.0000,3
2025-06-06,20250606103000000,sh.600864,5.7900,5.8000,5.7800,5.7900,947300,5478444.0000,3
2025-06-06,20250606103500000,sh.600864,5.7900,5.8000,5.7800,5.7900,212200,1228744.0000,3
2025-06-06,20250606104000000,sh.600864,5.7900,5.8000,5.7900,5.7900,413500,2396068.0000,3
2025-06-06,20250606104500000,sh.600864,5.7800,5.8000,5.7800,5.7900,87500,506752.0000,3
2025-06-06,20250606105000000,sh.600864,5.7900,5.8000,5.7900,5.8000,75600,438044.0000,3
2025-06-06,20250606105500000,sh.600864,5.7900,5.8000,5.7900,5.7900,87400,506504.0000,3
2025-06-06,20250606110000000,sh.600864,5.7900,5.8000,5.7900,5.8000,216900,1257792.0000,3
2025-06-06,20250606110500000,sh.600864,5.8000,5.8000,5.7900,5.7900,318900,1847088.0000,3
2025-06-06,20250606111000000,sh.600864,5.8000,5.8000,5.7800,5.7900,427500,2475208.0000,3
2025-06-06,20250606111500000,sh.600864,5.7900,5.7900,5.7800,5.7900,115000,665336.0000,3
2025-06-06,20250606112000000,sh.600864,5.7900,5.7900,5.7800,5.7900,122300,707976.0000,3
2025-06-06,20250606112500000,sh.600864,5.7900,5.7900,5.7700,5.7800,805600,4656424.0000,3
2025-06-06,20250606113000000,sh.600864,5.7800,5.7900,5.7700,5.7800,210600,1217236.0000,3
2025-06-06,20250606130500000,sh.600864,5.7700,5.7900,5.7700,5.7900,497400,2873988.0000,3
2025-06-06,20250606131000000,sh.600864,5.7800,5.7900,5.7700,5.7800,71600,413840.0000,3
2025-06-06,20250606131500000,sh.600864,5.7800,5.7900,5.7800,5.7800,33800,195720.0000,3
2025-06-06,20250606132000000,sh.600864,5.7900,5.7900,5.7800,5.7900,136200,787528.0000,3
2025-06-06,20250606132500000,sh.600864,5.7800,5.7800,5.7700,5.7700,240600,1389584.0000,3
2025-06-06,20250606133000000,sh.600864,5.7700,5.7800,5.7700,5.7700,129500,747312.0000,3
2025-06-06,20250606133500000,sh.600864,5.7800,5.7800,5.7700,5.7700,156400,902616.0000,3
2025-06-06,20250606134000000,sh.600864,5.7700,5.7800,5.7700,5.7700,140200,810064.0000,3
2025-06-06,20250606134500000,sh.600864,5.7700,5.7800,5.7700,5.7800,96400,556696.0000,3
2025-06-06,20250606135000000,sh.600864,5.7800,5.7800,5.7700,5.7700,100200,578504.0000,3
2025-06-06,20250606135500000,sh.600864,5.7700,5.7800,5.7700,5.7700,68900,397840.0000,3
2025-06-06,20250606140000000,sh.600864,5.7800,5.7800,5.7700,5.7700,138900,801840.0000,3
2025-06-06,20250606140500000,sh.600864,5.7700,5.7800,5.7700,5.7700,140000,807848.0000,3
2025-06-06,20250606141000000,sh.600864,5.7700,5.7800,5.7600,5.7700,736200,4247888.0000,3
2025-06-06,20250606141500000,sh.600864,5.7700,5.7800,5.7600,5.7600,263100,1517952.0000,3
2025-06-06,20250606142000000,sh.600864,5.7700,5.7700,5.7600,5.7700,52300,301592.0000,3
2025-06-06,20250606142500000,sh.600864,5.7700,5.7700,5.7600,5.7600,105700,609432.0000,3
2025-06-06,20250606143000000,sh.600864,5.7600,5.7800,5.7600,5.7700,452000,2607512.0000,3
2025-06-06,20250606143500000,sh.600864,5.7700,5.7800,5.7700,5.7800,247700,1431632.0000,3
2025-06-06,20250606144000000,sh.600864,5.7800,5.7800,5.7700,5.7800,99400,574216.0000,3
2025-06-06,20250606144500000,sh.600864,5.7700,5.7800,5.7700,5.7700,68600,395968.0000,3
2025-06-06,20250606145000000,sh.600864,5.7700,5.7800,5.7700,5.7700,336400,1941144.0000,3
2025-06-06,20250606145500000,sh.600864,5.7700,5.7800,5.7700,5.7800,343400,1982536.0000,3
2025-06-06,20250606150000000,sh.600864,5.7800,5.7800,5.7700,5.7700,460100,2654880.0000,3
2025-06-09,20250609093500000,sh.600864,5.8100,5.8200,5.7900,5.7900,2308300,13409755.0000,3
2025-06-09,20250609094000000,sh.600864,5.7900,5.8600,5.7900,5.8400,2450500,14287705.0000,3
2025-06-09,20250609094500000,sh.600864,5.8400,5.8800,5.8300,5.8500,2468700,14452940.0000,3
2025-06-09,20250609095000000,sh.600864,5.8600,5.8700,5.8400,5.8600,1781100,10427584.0000,3
2025-06-09,20250609095500000,sh.600864,5.8600,5.8700,5.8500,5.8500,748900,4388608.0000,3
2025-06-09,20250609100000000,sh.600864,5.8500,5.8600,5.8400,5.8500,795100,4652516.0000,3
2025-06-09,20250609100500000,sh.600864,5.8500,5.8600,5.8400,5.8500,354100,2070408.0000,3
2025-06-09,20250609101000000,sh.600864,5.8500,5.8500,5.8300,5.8500,863000,5038372.0000,3
2025-06-09,20250609101500000,sh.600864,5.8500,5.8500,5.8400,5.8500,1008400,5894256.0000,3
2025-06-09,20250609102000000,sh.600864,5.8500,5.8600,5.8400,5.8500,769500,4502848.0000,3
2025-06-09,20250609102500000,sh.600864,5.8500,5.8500,5.8400,5.8400,134800,787688.0000,3
2025-06-09,20250609103000000,sh.600864,5.8500,5.8500,5.8400,5.8500,181200,1059528.0000,3
2025-06-09,20250609103500000,sh.600864,5.8500,5.8600,5.8500,5.8600,988800,5786400.0000,3
2025-06-09,20250609104000000,sh.600864,5.8600,5.8700,5.8500,5.8500,631900,3701688.0000,3
2025-06-09,20250609104500000,sh.600864,5.8500,5.8700,5.8400,5.8600,527200,3086408.0000,3
2025-06-09,20250609105000000,sh.600864,5.8600,5.8700,5.8600,5.8700,268100,1571288.0000,3
2025-06-09,20250609105500000,sh.600864,5.8600,5.8700,5.8600,5.8700,274900,1611832.0000,3
2025-06-09,20250609110000000,sh.600864,5.8600,5.8700,5.8600,5.8700,145700,854528.0000,3
2025-06-09,20250609110500000,sh.600864,5.8600,5.8700,5.8600,5.8700,122300,717296.0000,3
2025-06-09,20250609111000000,sh.600864,5.8700,5.8700,5.8500,5.8600,408000,2390888.0000,3
2025-06-09,20250609111500000,sh.600864,5.8600,5.8600,5.8500,5.8600,334600,1960304.0000,3
2025-06-09,20250609112000000,sh.600864,5.8600,5.8600,5.8500,5.8600,88000,515152.0000,3
2025-06-09,20250609112500000,sh.600864,5.8500,5.8600,5.8500,5.8600,356200,2086648.0000,3
2025-06-09,20250609113000000,sh.600864,5.8500,5.8600,5.8400,5.8400,484300,2833608.0000,3
2025-06-09,20250609130500000,sh.600864,5.8500,5.8500,5.8400,5.8400,460100,2688592.0000,3
2025-06-09,20250609131000000,sh.600864,5.8500,5.8500,5.8300,5.8500,781500,4561744.0000,3
2025-06-09,20250609131500000,sh.600864,5.8400,5.8500,5.8300,5.8400,137900,805512.0000,3
2025-06-09,20250609132000000,sh.600864,5.8400,5.8500,5.8400,5.8500,66900,390960.0000,3
2025-06-09,20250609132500000,sh.600864,5.8400,5.8500,5.8400,5.8400,209000,1221072.0000,3
2025-06-09,20250609133000000,sh.600864,5.8400,5.8500,5.8400,5.8500,525200,3068080.0000,3
2025-06-09,20250609133500000,sh.600864,5.8500,5.8500,5.8400,5.8400,176500,1031216.0000,3
2025-06-09,20250609134000000,sh.600864,5.8400,5.8500,5.8400,5.8400,373400,2180680.0000,3
2025-06-09,20250609134500000,sh.600864,5.8400,5.8500,5.8300,5.8400,332300,1939976.0000,3
2025-06-09,20250609135000000,sh.600864,5.8400,5.8500,5.8300,5.8300,117600,686600.0000,3
2025-06-09,20250609135500000,sh.600864,5.8300,5.8500,5.8300,5.8500,398500,2327008.0000,3
2025-06-09,20250609140000000,sh.600864,5.8500,5.8500,5.8400,5.8500,103200,603688.0000,3
2025-06-09,20250609140500000,sh.600864,5.8400,5.8500,5.8400,5.8500,147400,861608.0000,3
2025-06-09,20250609141000000,sh.600864,5.8500,5.8600,5.8400,5.8500,413900,2421256.0000,3
2025-06-09,20250609141500000,sh.600864,5.8500,5.8600,5.8500,5.8600,207800,1216040.0000,3
2025-06-09,20250609142000000,sh.600864,5.8600,5.8600,5.8500,5.8600,609100,3568360.0000,3
2025-06-09,20250609142500000,sh.600864,5.8500,5.8600,5.8500,5.8600,108600,635696.0000,3
2025-06-09,20250609143000000,sh.600864,5.8500,5.8600,5.8500,5.8600,624700,3654784.0000,3
2025-06-09,20250609143500000,sh.600864,5.8600,5.8600,5.8500,5.8500,408100,2387888.0000,3
2025-06-09,20250609144000000,sh.600864,5.8600,5.8600,5.8500,5.8600,319500,1870336.0000,3
2025-06-09,20250609144500000,sh.600864,5.8500,5.8600,5.8500,5.8500,1043300,6110144.0000,3
2025-06-09,20250609145000000,sh.600864,5.8600,5.8600,5.8500,5.8600,573500,3357328.0000,3
2025-06-09,20250609145500000,sh.600864,5.8500,5.8600,5.8500,5.8500,352400,2062448.0000,3
2025-06-09,20250609150000000,sh.600864,5.8500,5.8600,5.8500,5.8600,583300,3415744.0000,3
2025-06-10,20250610093500000,sh.600864,5.8500,5.8500,5.8200,5.8300,1101400,6426948.0000,3
2025-06-10,20250610094000000,sh.600864,5.8300,5.8400,5.8300,5.8300,731500,4266486.0000,3
2025-06-10,20250610094500000,sh.600864,5.8300,5.8400,5.8200,5.8400,576100,3356756.0000,3
2025-06-10,20250610095000000,sh.600864,5.8400,5.8400,5.8200,5.8300,490700,2860278.0000,3
2025-06-10,20250610095500000,sh.600864,5.8200,5.8300,5.8200,5.8300,511500,2977396.0000,3
2025-06-10,20250610100000000,sh.600864,5.8200,5.8300,5.8200,5.8200,467500,2723080.0000,3
2025-06-10,20250610100500000,sh.600864,5.8300,5.8300,5.8100,5.8200,693700,4034268.0000,3
2025-06-10,20250610101000000,sh.600864,5.8200,5.8300,5.8100,5.8200,509200,2963150.0000,3
2025-06-10,20250610101500000,sh.600864,5.8200,5.8300,5.8100,5.8300,353300,2056630.0000,3
2025-06-10,20250610102000000,sh.600864,5.8300,5.8300,5.8100,5.8100,283700,1650180.0000,3
2025-06-10,20250610102500000,sh.600864,5.8100,5.8300,5.8100,5.8200,410800,2389964.0000,3
2025-06-10,20250610103000000,sh.600864,5.8100,5.8200,5.8100,5.8100,135100,785576.0000,3
2025-06-10,20250610103500000,sh.600864,5.8100,5.8200,5.8100,5.8200,74400,432316.0000,3
2025-06-10,20250610104000000,sh.600864,5.8100,5.8200,5.8000,5.8100,652300,3789436.0000,3
2025-06-10,20250610104500000,sh.600864,5.8100,5.8200,5.8000,5.8100,211300,1227564.0000,3
2025-06-10,20250610105000000,sh.600864,5.8200,5.8200,5.8100,5.8100,109600,636796.0000,3
2025-06-10,20250610105500000,sh.600864,5.8100,5.8200,5.8100,5.8200,84400,490436.0000,3
2025-06-10,20250610110000000,sh.600864,5.8100,5.8200,5.8000,5.8000,499200,2898292.0000,3
2025-06-10,20250610110500000,sh.600864,5.8000,5.8100,5.8000,5.8100,337900,1961868.0000,3
2025-06-10,20250610111000000,sh.600864,5.8000,5.8200,5.8000,5.8100,310700,1805288.0000,3
2025-06-10,20250610111500000,sh.600864,5.8100,5.8200,5.8100,5.8200,184700,1073192.0000,3
2025-06-10,20250610112000000,sh.600864,5.8200,5.8200,5.8000,5.8100,368800,2142620.0000,3
2025-06-10,20250610112500000,sh.600864,5.8100,5.8200,5.8000,5.8000,176600,1025996.0000,3
2025-06-10,20250610113000000,sh.600864,5.8100,5.8100,5.8000,5.8100,198900,1154300.0000,3
2025-06-10,20250610130500000,sh.600864,5.8000,5.8100,5.8000,5.8100,217100,1260168.0000,3
2025-06-10,20250610131000000,sh.600864,5.8100,5.8100,5.7900,5.8000,962500,5581540.0000,3
2025-06-10,20250610131500000,sh.600864,5.7900,5.8000,5.7700,5.7700,1725200,9960092.0000,3
2025-06-10,20250610132000000,sh.600864,5.7700,5.7800,5.7600,5.7700,1152200,6645768.0000,3
2025-06-10,20250610132500000,sh.600864,5.7700,5.7700,5.7300,5.7500,1451700,8346896.0000,3
2025-06-10,20250610133000000,sh.600864,5.7600,5.7600,5.7300,5.7400,927100,5329976.0000,3
2025-06-10,20250610133500000,sh.600864,5.7300,5.7500,5.7200,5.7400,1075100,6160272.0000,3
2025-06-10,20250610134000000,sh.600864,5.7400,5.7500,5.7300,5.7400,553900,3180184.0000,3
2025-06-10,20250610134500000,sh.600864,5.7400,5.7600,5.7300,5.7600,973000,5585672.0000,3
2025-06-10,20250610135000000,sh.600864,5.7600,5.7700,5.7500,5.7600,811000,4666112.0000,3
2025-06-10,20250610135500000,sh.600864,5.7600,5.7600,5.7500,5.7600,594500,3422248.0000,3
2025-06-10,20250610140000000,sh.600864,5.7600,5.7600,5.7400,5.7400,508000,2919304.0000,3
2025-06-10,20250610140500000,sh.600864,5.7500,5.7500,5.7300,5.7400,742700,4262272.0000,3
2025-06-10,20250610141000000,sh.600864,5.7400,5.7500,5.7400,5.7400,355100,2038288.0000,3
2025-06-10,20250610141500000,sh.600864,5.7500,5.7500,5.7300,5.7300,225400,1293296.0000,3
2025-06-10,20250610142000000,sh.600864,5.7400,5.7500,5.7300,5.7400,368300,2114040.0000,3
2025-06-10,20250610142500000,sh.600864,5.7300,5.7500,5.7300,5.7400,259200,1487760.0000,3
2025-06-10,20250610143000000,sh.600864,5.7500,5.7500,5.7400,5.7400,355000,2038440.0000,3
2025-06-10,20250610143500000,sh.600864,5.7500,5.7500,5.7400,5.7400,224800,1291056.0000,3
2025-06-10,20250610144000000,sh.600864,5.7400,5.7600,5.7400,5.7500,811500,4665080.0000,3
2025-06-10,20250610144500000,sh.600864,5.7500,5.7600,5.7400,5.7600,1198400,6889936.0000,3
2025-06-10,20250610145000000,sh.600864,5.7500,5.7600,5.7500,5.7500,1331500,7663040.0000,3
2025-06-10,20250610145500000,sh.600864,5.7500,5.7600,5.7500,5.7500,636400,3658960.0000,3
2025-06-10,20250610150000000,sh.600864,5.7500,5.7500,5.7400,5.7500,611600,3515392.0000,3
2025-06-11,20250611093500000,sh.600864,5.7500,5.7700,5.7400,5.7500,613600,3529422.0000,3
2025-06-11,20250611094000000,sh.600864,5.7600,5.8000,5.7600,5.7800,1279500,7394928.0000,3
2025-06-11,20250611094500000,sh.600864,5.7900,5.8100,5.7800,5.8000,1521200,8814938.0000,3
2025-06-11,20250611095000000,sh.600864,5.8100,5.8500,5.8000,5.8400,2556100,14898864.0000,3
2025-06-11,20250611095500000,sh.600864,5.8500,5.8700,5.8400,5.8500,3473900,20335388.0000,3
2025-06-11,20250611100000000,sh.600864,5.8500,5.8900,5.8500,5.8600,4428800,26019332.0000,3
2025-06-11,20250611100500000,sh.600864,5.8700,5.8700,5.8400,5.8500,1811500,10615224.0000,3
2025-06-11,20250611101000000,sh.600864,5.8600,5.8600,5.8300,5.8400,1037800,6065824.0000,3
2025-06-11,20250611101500000,sh.600864,5.8500,5.8500,5.8300,5.8300,568200,3317336.0000,3
2025-06-11,20250611102000000,sh.600864,5.8400,5.8400,5.8200,5.8200,675400,3937984.0000,3
2025-06-11,20250611102500000,sh.600864,5.8300,5.8400,5.8200,5.8200,539200,3142248.0000,3
2025-06-11,20250611103000000,sh.600864,5.8300,5.8300,5.8100,5.8200,848200,4937176.0000,3
2025-06-11,20250611103500000,sh.600864,5.8200,5.8300,5.8100,5.8100,518800,3020200.0000,3
2025-06-11,20250611104000000,sh.600864,5.8200,5.8300,5.8100,5.8200,319300,1859312.0000,3
2025-06-11,20250611104500000,sh.600864,5.8300,5.8400,5.8200,5.8200,441800,2575504.0000,3
2025-06-11,20250611105000000,sh.600864,5.8300,5.8300,5.8200,5.8200,339300,1975112.0000,3
2025-06-11,20250611105500000,sh.600864,5.8200,5.8300,5.8200,5.8200,282900,1647152.0000,3
2025-06-11,20250611110000000,sh.600864,5.8300,5.8300,5.8200,5.8200,448300,2613224.0000,3
2025-06-11,20250611110500000,sh.600864,5.8200,5.8300,5.8200,5.8300,67800,394904.0000,3
2025-06-11,20250611111000000,sh.600864,5.8300,5.8300,5.8200,5.8300,63900,372192.0000,3
2025-06-11,20250611111500000,sh.600864,5.8300,5.8300,5.8200,5.8300,123400,718432.0000,3
2025-06-11,20250611112000000,sh.600864,5.8300,5.8300,5.8200,5.8300,137300,800248.0000,3
2025-06-11,20250611112500000,sh.600864,5.8300,5.8300,5.8200,5.8200,137100,798936.0000,3
2025-06-11,20250611113000000,sh.600864,5.8200,5.8400,5.8200,5.8300,262700,1531136.0000,3
2025-06-11,20250611130500000,sh.600864,5.8300,5.8400,5.8200,5.8200,335200,1953432.0000,3
2025-06-11,20250611131000000,sh.600864,5.8300,5.8400,5.8200,5.8300,294000,1713864.0000,3
2025-06-11,20250611131500000,sh.600864,5.8300,5.8300,5.8200,5.8200,50600,294912.0000,3
2025-06-11,20250611132000000,sh.600864,5.8300,5.8300,5.8100,5.8100,770800,4485360.0000,3
2025-06-11,20250611132500000,sh.600864,5.8100,5.8200,5.8100,5.8200,105200,611760.0000,3
2025-06-11,20250611133000000,sh.600864,5.8200,5.8200,5.8100,5.8100,98700,573904.0000,3
2025-06-11,20250611133500000,sh.600864,5.8100,5.8300,5.8100,5.8300,207400,1207056.0000,3
2025-06-11,20250611134000000,sh.600864,5.8200,5.8300,5.8200,5.8200,120600,702560.0000,3
2025-06-11,20250611134500000,sh.600864,5.8300,5.8300,5.8200,5.8200,146800,854512.0000,3
2025-06-11,20250611135000000,sh.600864,5.8200,5.8300,5.8200,5.8200,268400,1563280.0000,3
2025-06-11,20250611135500000,sh.600864,5.8300,5.8400,5.8200,5.8300,466100,2717120.0000,3
2025-06-11,20250611140000000,sh.600864,5.8400,5.8500,5.8300,5.8300,634900,3707392.0000,3
2025-06-11,20250611140500000,sh.600864,5.8400,5.8500,5.8300,5.8400,407300,2378208.0000,3
2025-06-11,20250611141000000,sh.600864,5.8400,5.8500,5.8400,5.8500,376100,2198464.0000,3
2025-06-11,20250611141500000,sh.600864,5.8500,5.8700,5.8500,5.8600,1059500,6204672.0000,3
2025-06-11,20250611142000000,sh.600864,5.8600,5.8600,5.8400,5.8400,432400,2530208.0000,3
2025-06-11,20250611142500000,sh.600864,5.8400,5.8600,5.8400,5.8500,428400,2505984.0000,3
2025-06-11,20250611143000000,sh.600864,5.8500,5.8600,5.8400,5.8500,610600,3570912.0000,3
2025-06-11,20250611143500000,sh.600864,5.8500,5.8600,5.8400,5.8400,254400,1488304.0000,3
2025-06-11,20250611144000000,sh.600864,5.8500,5.8500,5.8400,5.8400,376300,2198640.0000,3
2025-06-11,20250611144500000,sh.600864,5.8400,5.8500,5.8300,5.8400,421300,2460512.0000,3
2025-06-11,20250611145000000,sh.600864,5.8400,5.8400,5.8300,5.8300,539500,3146352.0000,3
2025-06-11,20250611145500000,sh.600864,5.8400,5.8400,5.8300,5.8300,523800,3055968.0000,3
2025-06-11,20250611150000000,sh.600864,5.8300,5.8400,5.8300,5.8300,790400,4609856.0000,3
2025-06-12,20250612093500000,sh.600864,5.8100,5.8200,5.7800,5.8100,1408600,8165223.0000,3
2025-06-12,20250612094000000,sh.600864,5.8000,5.8100,5.8000,5.8000,1014000,5884955.0000,3
2025-06-12,20250612094500000,sh.600864,5.8100,5.8200,5.8000,5.8100,973900,5659954.0000,3
2025-06-12,20250612095000000,sh.600864,5.8000,5.8200,5.8000,5.8100,800700,4651636.0000,3
2025-06-12,20250612095500000,sh.600864,5.8000,5.8100,5.8000,5.8100,562900,3269240.0000,3
2025-06-12,20250612100000000,sh.600864,5.8200,5.8200,5.8000,5.8100,485900,2822248.0000,3
2025-06-12,20250612100500000,sh.600864,5.8000,5.8200,5.8000,5.8100,826500,4798216.0000,3
2025-06-12,20250612101000000,sh.600864,5.8000,5.8100,5.7900,5.8000,519200,3011564.0000,3
2025-06-12,20250612101500000,sh.600864,5.8000,5.8300,5.8000,5.8100,1951700,11344444.0000,3
2025-06-12,20250612102000000,sh.600864,5.8100,5.8100,5.7900,5.8000,958700,5561560.0000,3
2025-06-12,20250612102500000,sh.600864,5.8000,5.8000,5.7900,5.8000,331900,1924316.0000,3
2025-06-12,20250612103000000,sh.600864,5.8000,5.8200,5.8000,5.8100,413700,2403396.0000,3
2025-06-12,20250612103500000,sh.600864,5.8100,5.8300,5.8100,5.8300,695300,4050124.0000,3
2025-06-12,20250612104000000,sh.600864,5.8300,5.8400,5.8200,5.8300,860000,5013980.0000,3
2025-06-12,20250612104500000,sh.600864,5.8400,5.8500,5.8300,5.8400,892000,5210096.0000,3
2025-06-12,20250612105000000,sh.600864,5.8300,5.8400,5.8300,5.8400,194600,1135296.0000,3
2025-06-12,20250612105500000,sh.600864,5.8400,5.8500,5.8300,5.8500,471900,2756264.0000,3
2025-06-12,20250612110000000,sh.600864,5.8500,5.8600,5.8400,5.8600,1565900,9165144.0000,3
2025-06-12,20250612110500000,sh.600864,5.8500,5.8700,5.8400,5.8500,1148200,6723920.0000,3
2025-06-12,20250612111000000,sh.600864,5.8500,5.8600,5.8400,5.8500,194100,1135552.0000,3
2025-06-12,20250612111500000,sh.600864,5.8500,5.8500,5.8300,5.8400,584200,3410880.0000,3
2025-06-12,20250612112000000,sh.600864,5.8400,5.8500,5.8300,5.8400,372100,2172568.0000,3
2025-06-12,20250612112500000,sh.600864,5.8300,5.8500,5.8300,5.8400,357800,2088920.0000,3
2025-06-12,20250612113000000,sh.600864,5.8500,5.8500,5.8400,5.8400,395800,2311688.0000,3
2025-06-12,20250612130500000,sh.600864,5.8400,5.8400,5.8200,5.8400,780600,4549208.0000,3
2025-06-12,20250612131000000,sh.600864,5.8400,5.8400,5.8200,5.8200,428000,2494568.0000,3
2025-06-12,20250612131500000,sh.600864,5.8200,5.8300,5.8100,5.8200,665800,3874368.0000,3
2025-06-12,20250612132000000,sh.600864,5.8200,5.8300,5.8100,5.8300,684400,3983336.0000,3
2025-06-12,20250612132500000,sh.600864,5.8300,5.8300,5.8000,5.8100,1149500,6679784.0000,3
2025-06-12,20250612133000000,sh.600864,5.8000,5.8100,5.7900,5.8000,936700,5433352.0000,3
2025-06-12,20250612133500000,sh.600864,5.8000,5.8000,5.7900,5.8000,677100,3921336.0000,3
2025-06-12,20250612134000000,sh.600864,5.7900,5.8000,5.7900,5.7900,498000,2883712.0000,3
2025-06-12,20250612134500000,sh.600864,5.7900,5.8000,5.7800,5.7900,536400,3103456.0000,3
2025-06-12,20250612135000000,sh.600864,5.7900,5.7900,5.7800,5.7900,471600,2727632.0000,3
2025-06-12,20250612135500000,sh.600864,5.7900,5.8000,5.7800,5.7900,791200,4580592.0000,3
2025-06-12,20250612140000000,sh.600864,5.7800,5.8000,5.7800,5.7900,524000,3032576.0000,3
2025-06-12,20250612140500000,sh.600864,5.8000,5.8000,5.7800,5.8000,720400,4170000.0000,3
2025-06-12,20250612141000000,sh.600864,5.8000,5.8000,5.7900,5.7900,524300,3037040.0000,3
2025-06-12,20250612141500000,sh.600864,5.7900,5.8100,5.7900,5.8000,657700,3813584.0000,3
2025-06-12,20250612142000000,sh.600864,5.8000,5.8100,5.8000,5.8000,678900,3941824.0000,3
2025-06-12,20250612142500000,sh.600864,5.8000,5.8100,5.8000,5.8100,664500,3859824.0000,3
2025-06-12,20250612143000000,sh.600864,5.8100,5.8200,5.8000,5.8000,492800,2863296.0000,3
2025-06-12,20250612143500000,sh.600864,5.8100,5.8100,5.8000,5.8100,366800,2128208.0000,3
2025-06-12,20250612144000000,sh.600864,5.8000,5.8100,5.8000,5.8100,576500,3345856.0000,3
2025-06-12,20250612144500000,sh.600864,5.8000,5.8100,5.7900,5.8100,886800,5142512.0000,3
2025-06-12,20250612145000000,sh.600864,5.8000,5.8100,5.7900,5.8000,661400,3834496.0000,3
2025-06-12,20250612145500000,sh.600864,5.8000,5.8100,5.7900,5.8000,426000,2471056.0000,3
2025-06-12,20250612150000000,sh.600864,5.8000,5.8100,5.8000,5.8000,500400,2903200.0000,3
2025-06-13,20250613093500000,sh.600864,5.7800,5.7900,5.7700,5.7800,1634700,9445210.0000,3
2025-06-13,20250613094000000,sh.600864,5.7800,5.7900,5.7700,5.7800,1064000,6148878.0000,3
2025-06-13,20250613094500000,sh.600864,5.7800,5.7900,5.7700,5.7700,1611200,9307122.0000,3
2025-06-13,20250613095000000,sh.600864,5.7800,5.7900,5.7600,5.7600,1351600,7808596.0000,3
2025-06-13,20250613095500000,sh.600864,5.7700,5.7800,5.7400,5.7400,1487300,8564586.0000,3
2025-06-13,20250613100000000,sh.600864,5.7400,5.7600,5.7300,5.7300,1659000,9522048.0000,3
2025-06-13,20250613100500000,sh.600864,5.7300,5.7500,5.7100,5.7200,1702000,9748720.0000,3
2025-06-13,20250613101000000,sh.600864,5.7100,5.7300,5.7100,5.7300,1191500,6811768.0000,3
2025-06-13,20250613101500000,sh.600864,5.7300,5.7500,5.7200,5.7400,1289700,7395960.0000,3
2025-06-13,20250613102000000,sh.600864,5.7500,5.7500,5.7300,5.7400,928200,5329552.0000,3
2025-06-13,20250613102500000,sh.600864,5.7500,5.7500,5.7200,5.7200,1249300,7159224.0000,3
2025-06-13,20250613103000000,sh.600864,5.7200,5.7300,5.7100,5.7200,811400,4640264.0000,3
2025-06-13,20250613103500000,sh.600864,5.7300,5.7300,5.7200,5.7200,607200,3475424.0000,3
2025-06-13,20250613104000000,sh.600864,5.7200,5.7200,5.7000,5.7100,1267100,7234416.0000,3
2025-06-13,20250613104500000,sh.600864,5.7100,5.7200,5.7000,5.7000,989200,5647144.0000,3
2025-06-13,20250613105000000,sh.600864,5.7000,5.7100,5.6800,5.6900,2484500,14145000.0000,3
2025-06-13,20250613105500000,sh.600864,5.6900,5.7000,5.6800,5.6900,2216400,12604440.0000,3
2025-06-13,20250613110000000,sh.600864,5.6900,5.7000,5.6700,5.6900,1367700,7772544.0000,3
2025-06-13,20250613110500000,sh.600864,5.7000,5.7100,5.6800,5.6900,864400,4919648.0000,3
2025-06-13,20250613111000000,sh.600864,5.7000,5.7000,5.6800,5.6900,559700,3184560.0000,3
2025-06-13,20250613111500000,sh.600864,5.7000,5.7000,5.6900,5.6900,573800,3266416.0000,3
2025-06-13,20250613112000000,sh.600864,5.6900,5.7100,5.6900,5.6900,651100,3706672.0000,3
2025-06-13,20250613112500000,sh.600864,5.6900,5.7000,5.6800,5.6900,698000,3973520.0000,3
2025-06-13,20250613113000000,sh.600864,5.7000,5.7000,5.6800,5.6900,560500,3191280.0000,3
2025-06-13,20250613130500000,sh.600864,5.6900,5.7000,5.6800,5.6900,935900,5324624.0000,3
2025-06-13,20250613131000000,sh.600864,5.6900,5.7000,5.6800,5.7000,1008900,5741376.0000,3
2025-06-13,20250613131500000,sh.600864,5.7000,5.7000,5.6800,5.6800,650500,3700784.0000,3
2025-06-13,20250613132000000,sh.600864,5.6900,5.6900,5.6700,5.6800,1672200,9495664.0000,3
2025-06-13,20250613132500000,sh.600864,5.6800,5.6800,5.6700,5.6800,870000,4937296.0000,3
2025-06-13,20250613133000000,sh.600864,5.6700,5.6900,5.6700,5.6800,1303000,7403344.0000,3
2025-06-13,20250613133500000,sh.600864,5.6800,5.6900,5.6700,5.6800,1302800,7404256.0000,3
2025-06-13,20250613134000000,sh.600864,5.6900,5.6900,5.6700,5.6800,1857700,10540384.0000,3
2025-06-13,20250613134500000,sh.600864,5.6800,5.6900,5.6700,5.6700,922500,5234784.0000,3
2025-06-13,20250613135000000,sh.600864,5.6800,5.6900,5.6700,5.6800,758400,4303216.0000,3
2025-06-13,20250613135500000,sh.600864,5.6900,5.7000,5.6800,5.7000,936000,5323312.0000,3
2025-06-13,20250613140000000,sh.600864,5.7000,5.7000,5.6800,5.7000,958200,5450144.0000,3
2025-06-13,20250613140500000,sh.600864,5.6900,5.7000,5.6800,5.6900,818300,4656896.0000,3
2025-06-13,20250613141000000,sh.600864,5.6900,5.6900,5.6800,5.6800,806800,4584336.0000,3
2025-06-13,20250613141500000,sh.600864,5.6900,5.6900,5.6800,5.6800,826000,4695872.0000,3
2025-06-13,20250613142000000,sh.600864,5.6900,5.6900,5.6700,5.6700,1036800,5888720.0000,3
2025-06-13,20250613142500000,sh.600864,5.6800,5.6800,5.6600,5.6700,1226700,6957024.0000,3
2025-06-13,20250613143000000,sh.600864,5.6700,5.6800,5.6600,5.6600,1173800,6653824.0000,3
2025-06-13,20250613143500000,sh.600864,5.6700,5.6700,5.6500,5.6700,1946000,11014464.0000,3
2025-06-13,20250613144000000,sh.600864,5.6600,5.6700,5.6500,5.6500,2056200,11622944.0000,3
2025-06-13,20250613144500000,sh.600864,5.6500,5.6500,5.6400,5.6400,1605100,9059520.0000,3
2025-06-13,20250613145000000,sh.600864,5.6400,5.6700,5.6400,5.6500,1957400,11062304.0000,3
2025-06-13,20250613145500000,sh.600864,5.6600,5.6600,5.6400,5.6500,1812400,10242496.0000,3
2025-06-13,20250613150000000,sh.600864,5.6500,5.6600,5.6400,5.6600,1933300,10938784.0000,3
2025-06-16,20250616093500000,sh.600864,5.6400,5.7300,5.6300,5.7000,4867800,27712634.0000,3
2025-06-16,20250616094000000,sh.600864,5.7100,5.7200,5.7000,5.7100,1725900,9844646.0000,3
2025-06-16,20250616094500000,sh.600864,5.7200,5.7200,5.7000,5.7000,869800,4965316.0000,3
2025-06-16,20250616095000000,sh.600864,5.7100,5.7100,5.6800,5.6900,1215800,6918984.0000,3
2025-06-16,20250616095500000,sh.600864,5.6900,5.7000,5.6800,5.6900,1090400,6202428.0000,3
2025-06-16,20250616100000000,sh.600864,5.6800,5.6900,5.6700,5.6900,814800,4629520.0000,3
2025-06-16,20250616100500000,sh.600864,5.6900,5.6900,5.6800,5.6800,294300,1672816.0000,3
2025-06-16,20250616101000000,sh.600864,5.6900,5.7000,5.6800,5.6800,703700,4005120.0000,3
2025-06-16,20250616101500000,sh.600864,5.6900,5.6900,5.6800,5.6800,119000,676484.0000,3
2025-06-16,20250616102000000,sh.600864,5.6900,5.6900,5.6800,5.6900,195100,1109180.0000,3
2025-06-16,20250616102500000,sh.600864,5.6900,5.7000,5.6800,5.7000,905500,5157136.0000,3
2025-06-16,20250616103000000,sh.600864,5.7000,5.7200,5.6900,5.7100,919400,5248624.0000,3
2025-06-16,20250616103500000,sh.600864,5.7100,5.7100,5.7000,5.7000,243200,1387640.0000,3
2025-06-16,20250616104000000,sh.600864,5.7100,5.7100,5.6900,5.7000,652900,3724064.0000,3
2025-06-16,20250616104500000,sh.600864,5.7000,5.7000,5.6900,5.7000,192100,1094448.0000,3
2025-06-16,20250616105000000,sh.600864,5.7000,5.7000,5.6900,5.7000,272000,1549608.0000,3
2025-06-16,20250616105500000,sh.600864,5.6900,5.7100,5.6900,5.7100,236600,1348944.0000,3
2025-06-16,20250616110000000,sh.600864,5.7100,5.7200,5.7000,5.7100,704200,4019216.0000,3
2025-06-16,20250616110500000,sh.600864,5.7200,5.7200,5.7000,5.7100,320700,1831392.0000,3
2025-06-16,20250616111000000,sh.600864,5.7100,5.7200,5.7000,5.7200,302200,1725576.0000,3
2025-06-16,20250616111500000,sh.600864,5.7200,5.7200,5.7100,5.7100,231600,1322840.0000,3
2025-06-16,20250616112000000,sh.600864,5.7100,5.7200,5.7000,5.7200,237800,1358032.0000,3
2025-06-16,20250616112500000,sh.600864,5.7200,5.7300,5.7100,5.7300,972600,5564488.0000,3
2025-06-16,20250616113000000,sh.600864,5.7300,5.7300,5.7100,5.7100,278100,1590960.0000,3
2025-06-16,20250616130500000,sh.600864,5.7200,5.7200,5.7000,5.7200,504200,2880128.0000,3
2025-06-16,20250616131000000,sh.600864,5.7200,5.7500,5.7200,5.7400,1691100,9694072.0000,3
2025-06-16,20250616131500000,sh.600864,5.7400,5.7500,5.7400,5.7500,784000,4505008.0000,3
2025-06-16,20250616132000000,sh.600864,5.7500,5.7500,5.7300,5.7300,627800,3601440.0000,3
2025-06-16,20250616132500000,sh.600864,5.7400,5.7400,5.7200,5.7300,291100,1668520.0000,3
2025-06-16,20250616133000000,sh.600864,5.7300,5.7400,5.7300,5.7300,135400,776312.0000,3
2025-06-16,20250616133500000,sh.600864,5.7400,5.7400,5.7300,5.7400,198400,1137528.0000,3
2025-06-16,20250616134000000,sh.600864,5.7400,5.7400,5.7200,5.7300,624400,3578224.0000,3
2025-06-16,20250616134500000,sh.600864,5.7200,5.7400,5.7200,5.7300,341100,1955312.0000,3
2025-06-16,20250616135000000,sh.600864,5.7300,5.7400,5.7200,5.7400,378700,2171456.0000,3
2025-06-16,20250616135500000,sh.600864,5.7300,5.7400,5.7300,5.7400,145600,834832.0000,3
2025-06-16,20250616140000000,sh.600864,5.7300,5.7400,5.7300,5.7300,550000,3154544.0000,3
2025-06-16,20250616140500000,sh.600864,5.7300,5.7400,5.7300,5.7300,423100,2427888.0000,3
2025-06-16,20250616141000000,sh.600864,5.7400,5.7400,5.7300,5.7400,92800,532336.0000,3
2025-06-16,20250616141500000,sh.600864,5.7300,5.7500,5.7300,5.7400,724400,4159680.0000,3
2025-06-16,20250616142000000,sh.600864,5.7500,5.7500,5.7400,5.7500,189300,1087696.0000,3
2025-06-16,20250616142500000,sh.600864,5.7500,5.7500,5.7400,5.7500,338000,1942560.0000,3
2025-06-16,20250616143000000,sh.600864,5.7500,5.7600,5.7500,5.7500,1516800,8727760.0000,3
2025-06-16,20250616143500000,sh.600864,5.7600,5.7600,5.7500,5.7600,956500,5506880.0000,3
2025-06-16,20250616144000000,sh.600864,5.7600,5.7700,5.7600,5.7600,966000,5567120.0000,3
2025-06-16,20250616144500000,sh.600864,5.7600,5.7700,5.7600,5.7600,910400,5246544.0000,3
2025-06-16,20250616145000000,sh.600864,5.7700,5.7700,5.7600,5.7600,1275600,7352000.0000,3
2025-06-16,20250616145500000,sh.600864,5.7700,5.7700,5.7600,5.7600,917300,5290512.0000,3
2025-06-16,20250616150000000,sh.600864,5.7700,5.7700,5.7600,5.7700,965900,5572688.0000,3
2025-06-17,20250617093500000,sh.600864,5.7600,5.7700,5.7300,5.7300,1051000,6046745.0000,3
2025-06-17,20250617094000000,sh.600864,5.7400,5.7500,5.7300,5.7400,727000,4171592.0000,3
2025-06-17,20250617094500000,sh.600864,5.7400,5.7700,5.7400,5.7600,660900,3803953.0000,3
2025-06-17,20250617095000000,sh.600864,5.7600,5.7700,5.7500,5.7700,457700,2638079.0000,3
2025-06-17,20250617095500000,sh.600864,5.7800,5.8000,5.7800,5.7900,1546000,8945635.0000,3
2025-06-17,20250617100000000,sh.600864,5.7800,5.7900,5.7700,5.7700,335100,1935722.0000,3
2025-06-17,20250617100500000,sh.600864,5.7800,5.7800,5.7600,5.7700,425200,2451028.0000,3
2025-06-17,20250617101000000,sh.600864,5.7700,5.7800,5.7600,5.7700,247400,1427416.0000,3
2025-06-17,20250617101500000,sh.600864,5.7800,5.7800,5.7600,5.7600,160900,928462.0000,3
2025-06-17,20250617102000000,sh.600864,5.7700,5.7700,5.7600,5.7600,90300,520428.0000,3
2025-06-17,20250617102500000,sh.600864,5.7700,5.7700,5.7500,5.7600,249900,1439460.0000,3
2025-06-17,20250617103000000,sh.600864,5.7600,5.7600,5.7500,5.7500,274200,1576948.0000,3
2025-06-17,20250617103500000,sh.600864,5.7500,5.7500,5.7400,5.7400,130800,751768.0000,3
2025-06-17,20250617104000000,sh.600864,5.7400,5.7600,5.7400,5.7500,205500,1181592.0000,3
2025-06-17,20250617104500000,sh.600864,5.7500,5.7700,5.7500,5.7500,359800,2072588.0000,3
2025-06-17,20250617105000000,sh.600864,5.7600,5.7700,5.7500,5.7600,126600,728924.0000,3
2025-06-17,20250617105500000,sh.600864,5.7600,5.7600,5.7500,5.7500,112700,648080.0000,3
2025-06-17,20250617110000000,sh.600864,5.7500,5.7700,5.7500,5.7600,684400,3933984.0000,3
2025-06-17,20250617110500000,sh.600864,5.7700,5.7800,5.7700,5.7800,778900,4499232.0000,3
2025-06-17,20250617111000000,sh.600864,5.7700,5.7800,5.7700,5.7700,87800,506964.0000,3
2025-06-17,20250617111500000,sh.600864,5.7700,5.7800,5.7600,5.7600,196800,1135024.0000,3
2025-06-17,20250617112000000,sh.600864,5.7600,5.7700,5.7500,5.7500,332100,1912732.0000,3
2025-06-17,20250617112500000,sh.600864,5.7500,5.7600,5.7500,5.7500,383000,2203796.0000,3
2025-06-17,20250617113000000,sh.600864,5.7500,5.7600,5.7400,5.7500,333200,1914384.0000,3
2025-06-17,20250617130500000,sh.600864,5.7600,5.7600,5.7400,5.7400,302600,1740552.0000,3
2025-06-17,20250617131000000,sh.600864,5.7500,5.7600,5.7400,5.7400,62800,361040.0000,3
2025-06-17,20250617131500000,sh.600864,5.7500,5.7600,5.7400,5.7600,198600,1142024.0000,3
2025-06-17,20250617132000000,sh.600864,5.7600,5.7600,5.7400,5.7500,54700,314556.0000,3
2025-06-17,20250617132500000,sh.600864,5.7500,5.7600,5.7500,5.7500,33800,194460.0000,3
2025-06-17,20250617133000000,sh.600864,5.7500,5.7600,5.7500,5.7500,98000,564128.0000,3
2025-06-17,20250617133500000,sh.600864,5.7500,5.7700,5.7500,5.7600,261500,1505712.0000,3
2025-06-17,20250617134000000,sh.600864,5.7600,5.7700,5.7500,5.7600,167400,964412.0000,3
2025-06-17,20250617134500000,sh.600864,5.7500,5.7700,5.7500,5.7700,115000,662360.0000,3
2025-06-17,20250617135000000,sh.600864,5.7600,5.7700,5.7500,5.7600,175200,1009200.0000,3
2025-06-17,20250617135500000,sh.600864,5.7600,5.7600,5.7500,5.7600,69000,396956.0000,3
2025-06-17,20250617140000000,sh.600864,5.7500,5.7600,5.7400,5.7400,467000,2684088.0000,3
2025-06-17,20250617140500000,sh.600864,5.7400,5.7500,5.7300,5.7400,509200,2923224.0000,3
2025-06-17,20250617141000000,sh.600864,5.7400,5.7500,5.7400,5.7400,167400,961040.0000,3
2025-06-17,20250617141500000,sh.600864,5.7400,5.7500,5.7400,5.7400,319100,1831712.0000,3
2025-06-17,20250617142000000,sh.600864,5.7400,5.7500,5.7300,5.7400,219400,1259288.0000,3
2025-06-17,20250617142500000,sh.600864,5.7400,5.7500,5.7400,5.7500,52400,300840.0000,3
2025-06-17,20250617143000000,sh.600864,5.7400,5.7500,5.7400,5.7400,76100,437184.0000,3
2025-06-17,20250617143500000,sh.600864,5.7500,5.7500,5.7300,5.7500,383500,2201272.0000,3
2025-06-17,20250617144000000,sh.600864,5.7500,5.7600,5.7400,5.7600,306400,1761816.0000,3
2025-06-17,20250617144500000,sh.600864,5.7600,5.7600,5.7500,5.7500,127900,735568.0000,3
2025-06-17,20250617145000000,sh.600864,5.7500,5.7600,5.7500,5.7600,555700,3198016.0000,3
2025-06-17,20250617145500000,sh.600864,5.7500,5.7600,5.7500,5.7600,455100,2620944.0000,3
2025-06-17,20250617150000000,sh.600864,5.7600,5.7700,5.7500,5.7700,857100,4940928.0000,3
2025-06-18,20250618093500000,sh.600864,5.7600,5.7600,5.7400,5.7500,606600,3488999.0000,3
2025-06-18,20250618094000000,sh.600864,5.7500,5.7500,5.7300,5.7300,900000,5165540.0000,3
2025-06-18,20250618094500000,sh.600864,5.7400,5.7400,5.7300,5.7300,318500,1827243.0000,3
2025-06-18,20250618095000000,sh.600864,5.7400,5.7400,5.7200,5.7300,695700,3983524.0000,3
2025-06-18,20250618095500000,sh.600864,5.7300,5.7300,5.7100,5.7100,991300,5669726.0000,3
2025-06-18,20250618100000000,sh.600864,5.7200,5.7200,5.7000,5.7000,660700,3773926.0000,3
2025-06-18,20250618100500000,sh.600864,5.7100,5.7100,5.6900,5.6900,743500,4236634.0000,3
2025-06-18,20250618101000000,sh.600864,5.6900,5.6900,5.6700,5.6700,1378900,7835660.0000,3
2025-06-18,20250618101500000,sh.600864,5.6800,5.6800,5.6700,5.6700,936000,5313308.0000,3
2025-06-18,20250618102000000,sh.600864,5.6700,5.6800,5.6600,5.6700,1530200,8675644.0000,3
2025-06-18,20250618102500000,sh.600864,5.6700,5.6700,5.6500,5.6500,1482700,8386516.0000,3
2025-06-18,20250618103000000,sh.600864,5.6500,5.6600,5.6500,5.6500,1986800,11229056.0000,3
2025-06-18,20250618103500000,sh.600864,5.6600,5.6700,5.6500,5.6700,1015300,5746640.0000,3
2025-06-18,20250618104000000,sh.600864,5.6700,5.6700,5.6600,5.6700,401300,2274928.0000,3
2025-06-18,20250618104500000,sh.600864,5.6700,5.6800,5.6600,5.6700,449100,2545888.0000,3
2025-06-18,20250618105000000,sh.600864,5.6700,5.6800,5.6600,5.6600,640800,3627480.0000,3
2025-06-18,20250618105500000,sh.600864,5.6700,5.6700,5.6500,5.6500,548500,3101536.0000,3
2025-06-18,20250618110000000,sh.600864,5.6500,5.6600,5.6500,5.6500,175500,992296.0000,3
2025-06-18,20250618110500000,sh.600864,5.6600,5.6600,5.6400,5.6400,1079000,6098144.0000,3
2025-06-18,20250618111000000,sh.600864,5.6500,5.6500,5.6400,5.6500,337300,1905104.0000,3
2025-06-18,20250618111500000,sh.600864,5.6500,5.6600,5.6400,5.6400,492500,2782008.0000,3
2025-06-18,20250618112000000,sh.600864,5.6500,5.6600,5.6400,5.6400,478400,2702720.0000,3
2025-06-18,20250618112500000,sh.600864,5.6400,5.6600,5.6400,5.6600,213800,1208032.0000,3
2025-06-18,20250618113000000,sh.600864,5.6500,5.6600,5.6400,5.6500,559600,3161600.0000,3
2025-06-18,20250618130500000,sh.600864,5.6500,5.6600,5.6500,5.6600,440100,2490344.0000,3
2025-06-18,20250618131000000,sh.600864,5.6500,5.6800,5.6500,5.6800,425600,2413192.0000,3
2025-06-18,20250618131500000,sh.600864,5.6800,5.6800,5.6700,5.6700,181400,1029264.0000,3
2025-06-18,20250618132000000,sh.600864,5.6700,5.6800,5.6600,5.6600,448200,2542120.0000,3
2025-06-18,20250618132500000,sh.600864,5.6600,5.6700,5.6600,5.6700,507300,2875416.0000,3
2025-06-18,20250618133000000,sh.600864,5.6800,5.6800,5.6700,5.6700,136100,772408.0000,3
2025-06-18,20250618133500000,sh.600864,5.6800,5.6800,5.6700,5.6800,219500,1246744.0000,3
2025-06-18,20250618134000000,sh.600864,5.6700,5.6800,5.6700,5.6700,148500,842888.0000,3
2025-06-18,20250618134500000,sh.600864,5.6700,5.7100,5.6700,5.6900,1668100,9496416.0000,3
2025-06-18,20250618135000000,sh.600864,5.7000,5.7000,5.6900,5.6900,149200,849984.0000,3
2025-06-18,20250618135500000,sh.600864,5.6900,5.7000,5.6800,5.6900,382000,2173456.0000,3
2025-06-18,20250618140000000,sh.600864,5.6900,5.7000,5.6800,5.6900,244000,1388392.0000,3
2025-06-18,20250618140500000,sh.600864,5.6900,5.6900,5.6800,5.6900,82300,468120.0000,3
2025-06-18,20250618141000000,sh.600864,5.6900,5.7000,5.6900,5.7000,90200,513376.0000,3
2025-06-18,20250618141500000,sh.600864,5.7000,5.7000,5.6800,5.6800,367800,2091296.0000,3
2025-06-18,20250618142000000,sh.600864,5.6900,5.6900,5.6800,5.6800,209100,1188320.0000,3
2025-06-18,20250618142500000,sh.600864,5.6800,5.6900,5.6800,5.6800,103600,588576.0000,3
2025-06-18,20250618143000000,sh.600864,5.6900,5.6900,5.6800,5.6800,133200,756720.0000,3
2025-06-18,20250618143500000,sh.600864,5.6900,5.6900,5.6700,5.6700,265400,1507104.0000,3
2025-06-18,20250618144000000,sh.600864,5.6700,5.6800,5.6700,5.6700,368100,2087312.0000,3
2025-06-18,20250618144500000,sh.600864,5.6800,5.6900,5.6700,5.6900,351100,1993872.0000,3
2025-06-18,20250618145000000,sh.600864,5.6800,5.6900,5.6800,5.6900,138500,786928.0000,3
2025-06-18,20250618145500000,sh.600864,5.6800,5.6900,5.6800,5.6900,565100,3212912.0000,3
2025-06-18,20250618150000000,sh.600864,5.6900,5.6900,5.6800,5.6800,711400,4043760.0000,3
2025-06-19,20250619093500000,sh.600864,5.6700,5.6800,5.6500,5.6600,1141600,6459360.0000,3
2025-06-19,20250619094000000,sh.600864,5.6500,5.6600,5.6400,5.6600,1015900,5741913.0000,3
2025-06-19,20250619094500000,sh.600864,5.6600,5.6700,5.6500,5.6500,609000,3445010.0000,3
2025-06-19,20250619095000000,sh.600864,5.6500,5.6500,5.6300,5.6300,1513100,8536583.0000,3
2025-06-19,20250619095500000,sh.600864,5.6300,5.6400,5.6300,5.6300,1131900,6377834.0000,3
2025-06-19,20250619100000000,sh.600864,5.6300,5.6400,5.6200,5.6300,941600,5300988.0000,3
2025-06-19,20250619100500000,sh.600864,5.6300,5.6400,5.6200,5.6300,1108700,6237552.0000,3
2025-06-19,20250619101000000,sh.600864,5.6300,5.6400,5.6300,5.6300,123100,693532.0000,3
2025-06-19,20250619101500000,sh.600864,5.6400,5.6400,5.6200,5.6200,1394900,7848356.0000,3
2025-06-19,20250619102000000,sh.600864,5.6200,5.6300,5.6100,5.6100,734400,4126920.0000,3
2025-06-19,20250619102500000,sh.600864,5.6100,5.6200,5.6000,5.6100,1170500,6566624.0000,3
2025-06-19,20250619103000000,sh.600864,5.6000,5.6100,5.6000,5.6100,700900,3930664.0000,3
2025-06-19,20250619103500000,sh.600864,5.6000,5.6100,5.6000,5.6000,189300,1060640.0000,3
2025-06-19,20250619104000000,sh.600864,5.6100,5.6100,5.6000,5.6000,351500,1970264.0000,3
2025-06-19,20250619104500000,sh.600864,5.6000,5.6200,5.6000,5.6100,480300,2695248.0000,3
2025-06-19,20250619105000000,sh.600864,5.6200,5.6200,5.6100,5.6100,384300,2158160.0000,3
2025-06-19,20250619105500000,sh.600864,5.6100,5.6200,5.6000,5.6000,639700,3589168.0000,3
2025-06-19,20250619110000000,sh.600864,5.6100,5.6100,5.6000,5.6100,158200,886072.0000,3
2025-06-19,20250619110500000,sh.600864,5.6000,5.6000,5.5800,5.5800,2300100,12858136.0000,3
2025-06-19,20250619111000000,sh.600864,5.5800,5.6000,5.5800,5.5900,201200,1124688.0000,3
2025-06-19,20250619111500000,sh.600864,5.6000,5.6000,5.5800,5.5900,191000,1067208.0000,3
2025-06-19,20250619112000000,sh.600864,5.5800,5.5800,5.5700,5.5700,639400,3566936.0000,3
2025-06-19,20250619112500000,sh.600864,5.5700,5.5800,5.5700,5.5700,333800,1859448.0000,3
2025-06-19,20250619113000000,sh.600864,5.5700,5.5800,5.5500,5.5700,1711100,9512640.0000,3
2025-06-19,20250619130500000,sh.600864,5.5600,5.5700,5.5500,5.5600,891500,4959616.0000,3
2025-06-19,20250619131000000,sh.600864,5.5700,5.5700,5.5500,5.5600,301000,1673656.0000,3
2025-06-19,20250619131500000,sh.600864,5.5600,5.5700,5.5500,5.5700,444700,2473008.0000,3
2025-06-19,20250619132000000,sh.600864,5.5700,5.5700,5.5600,5.5600,303600,1689144.0000,3
2025-06-19,20250619132500000,sh.600864,5.5600,5.5800,5.5600,5.5600,372300,2074144.0000,3
2025-06-19,20250619133000000,sh.600864,5.5700,5.5700,5.5600,5.5600,152700,850184.0000,3
2025-06-19,20250619133500000,sh.600864,5.5700,5.5800,5.5600,5.5800,373400,2079672.0000,3
2025-06-19,20250619134000000,sh.600864,5.5800,5.5800,5.5600,5.5700,404500,2253936.0000,3
2025-06-19,20250619134500000,sh.600864,5.5700,5.5800,5.5600,5.5600,394500,2197056.0000,3
2025-06-19,20250619135000000,sh.600864,5.5700,5.5700,5.5600,5.5600,96300,535992.0000,3
2025-06-19,20250619135500000,sh.600864,5.5700,5.5700,5.5600,5.5700,290500,1615392.0000,3
2025-06-19,20250619140000000,sh.600864,5.5700,5.5700,5.5600,5.5700,521800,2901688.0000,3
2025-06-19,20250619140500000,sh.600864,5.5600,5.5700,5.5600,5.5600,109700,610096.0000,3
2025-06-19,20250619141000000,sh.600864,5.5600,5.5700,5.5500,5.5500,288800,1605592.0000,3
2025-06-19,20250619141500000,sh.600864,5.5600,5.5700,5.5600,5.5600,217400,1209760.0000,3
2025-06-19,20250619142000000,sh.600864,5.5700,5.5700,5.5400,5.5500,1863100,10337888.0000,3
2025-06-19,20250619142500000,sh.600864,5.5500,5.5600,5.5500,5.5500,219900,1220944.0000,3
2025-06-19,20250619143000000,sh.600864,5.5500,5.5600,5.5400,5.5600,342300,1899760.0000,3
2025-06-19,20250619143500000,sh.600864,5.5600,5.5600,5.5400,5.5400,343900,1909120.0000,3
2025-06-19,20250619144000000,sh.600864,5.5400,5.5500,5.5200,5.5400,1397300,7731600.0000,3
2025-06-19,20250619144500000,sh.600864,5.5400,5.5500,5.5400,5.5400,349500,1937920.0000,3
2025-06-19,20250619145000000,sh.600864,5.5400,5.5600,5.5400,5.5500,478200,2652304.0000,3
2025-06-19,20250619145500000,sh.600864,5.5500,5.5600,5.5500,5.5600,468200,2601968.0000,3
2025-06-19,20250619150000000,sh.600864,5.5600,5.5600,5.5500,5.5600,592300,3290864.0000,3
2025-06-20,20250620093500000,sh.600864,5.5500,5.5800,5.5500,5.5800,747000,4159045.0000,3
2025-06-20,20250620094000000,sh.600864,5.5800,5.5800,5.5700,5.5800,271400,1513944.0000,3
2025-06-20,20250620094500000,sh.600864,5.5700,5.5700,5.5600,5.5600,1040600,5794202.0000,3
2025-06-20,20250620095000000,sh.600864,5.5700,5.5700,5.5500,5.5500,431500,2397652.0000,3
2025-06-20,20250620095500000,sh.600864,5.5600,5.5600,5.5500,5.5600,1101200,6112925.0000,3
2025-06-20,20250620100000000,sh.600864,5.5600,5.5800,5.5500,5.5600,675800,3762060.0000,3
2025-06-20,20250620100500000,sh.600864,5.5700,5.5700,5.5500,5.5600,445000,2475720.0000,3
2025-06-20,20250620101000000,sh.600864,5.5600,5.5700,5.5500,5.5700,392700,2184028.0000,3
2025-06-20,20250620101500000,sh.600864,5.5600,5.5700,5.5500,5.5500,363200,2018688.0000,3
2025-06-20,20250620102000000,sh.600864,5.5500,5.5500,5.5400,5.5500,410600,2278404.0000,3
2025-06-20,20250620102500000,sh.600864,5.5400,5.5500,5.5400,5.5500,349500,1937960.0000,3
2025-06-20,20250620103000000,sh.600864,5.5600,5.5600,5.5500,5.5600,114100,634052.0000,3
2025-06-20,20250620103500000,sh.600864,5.5600,5.5700,5.5500,5.5600,251300,1397440.0000,3
2025-06-20,20250620104000000,sh.600864,5.5500,5.5600,5.5500,5.5500,50800,282324.0000,3
2025-06-20,20250620104500000,sh.600864,5.5600,5.5700,5.5500,5.5600,170000,944848.0000,3
2025-06-20,20250620105000000,sh.600864,5.5700,5.5700,5.5600,5.5600,74000,411504.0000,3
2025-06-20,20250620105500000,sh.600864,5.5600,5.5700,5.5600,5.5600,206600,1148748.0000,3
2025-06-20,20250620110000000,sh.600864,5.5600,5.5700,5.5500,5.5500,107800,599276.0000,3
2025-06-20,20250620110500000,sh.600864,5.5600,5.5600,5.5500,5.5500,57000,316836.0000,3
2025-06-20,20250620111000000,sh.600864,5.5600,5.5600,5.5500,5.5500,69500,385884.0000,3
2025-06-20,20250620111500000,sh.600864,5.5600,5.5600,5.5500,5.5500,21800,121088.0000,3
2025-06-20,20250620112000000,sh.600864,5.5600,5.5700,5.5600,5.5600,375000,2085700.0000,3
2025-06-20,20250620112500000,sh.600864,5.5600,5.5700,5.5600,5.5600,29500,164140.0000,3
2025-06-20,20250620113000000,sh.600864,5.5700,5.5700,5.5500,5.5600,712100,3959264.0000,3
2025-06-20,20250620130500000,sh.600864,5.5600,5.5600,5.5500,5.5600,298900,1661740.0000,3
2025-06-20,20250620131000000,sh.600864,5.5600,5.5700,5.5500,5.5600,377100,2096256.0000,3
2025-06-20,20250620131500000,sh.600864,5.5600,5.5700,5.5600,5.5600,135200,752732.0000,3
2025-06-20,20250620132000000,sh.600864,5.5700,5.5700,5.5600,5.5600,92200,512684.0000,3
2025-06-20,20250620132500000,sh.600864,5.5700,5.5700,5.5500,5.5600,167500,931040.0000,3
2025-06-20,20250620133000000,sh.600864,5.5500,5.5600,5.5500,5.5500,105200,584496.0000,3
2025-06-20,20250620133500000,sh.600864,5.5500,5.5600,5.5500,5.5600,72400,402292.0000,3
2025-06-20,20250620134000000,sh.600864,5.5500,5.5600,5.5500,5.5500,58300,323612.0000,3
2025-06-20,20250620134500000,sh.600864,5.5500,5.5600,5.5500,5.5600,187700,1042896.0000,3
2025-06-20,20250620135000000,sh.600864,5.5500,5.5600,5.5500,5.5600,80800,449160.0000,3
2025-06-20,20250620135500000,sh.600864,5.5500,5.5600,5.5400,5.5400,569100,3158532.0000,3
2025-06-20,20250620140000000,sh.600864,5.5500,5.5500,5.5400,5.5500,60600,335976.0000,3
2025-06-20,20250620140500000,sh.600864,5.5500,5.5500,5.5300,5.5400,506600,2806396.0000,3
2025-06-20,20250620141000000,sh.600864,5.5400,5.5400,5.5300,5.5300,280100,1549640.0000,3
2025-06-20,20250620141500000,sh.600864,5.5300,5.5400,5.5200,5.5200,1142600,6310320.0000,3
2025-06-20,20250620142000000,sh.600864,5.5300,5.5400,5.5200,5.5400,270600,1496048.0000,3
2025-06-20,20250620142500000,sh.600864,5.5400,5.5400,5.5200,5.5300,196200,1084952.0000,3
2025-06-20,20250620143000000,sh.600864,5.5200,5.5300,5.5200,5.5300,131600,726816.0000,3
2025-06-20,20250620143500000,sh.600864,5.5200,5.5300,5.5200,5.5200,184000,1016600.0000,3
2025-06-20,20250620144000000,sh.600864,5.5300,5.5300,5.5100,5.5200,877500,4843208.0000,3
2025-06-20,20250620144500000,sh.600864,5.5200,5.5300,5.5100,5.5200,405000,2235584.0000,3
2025-06-20,20250620145000000,sh.600864,5.5200,5.5300,5.5100,5.5300,362100,1999136.0000,3
2025-06-20,20250620145500000,sh.600864,5.5300,5.5300,5.5100,5.5300,979700,5413216.0000,3
2025-06-20,20250620150000000,sh.600864,5.5300,5.5300,5.5100,5.5100,625000,3445656.0000,3
2025-06-23,20250623093500000,sh.600864,5.5000,5.5200,5.4900,5.5200,2463900,13552219.0000,3
2025-06-23,20250623094000000,sh.600864,5.5200,5.5500,5.5200,5.5300,1140400,6310287.0000,3
2025-06-23,20250623094500000,sh.600864,5.5400,5.5400,5.5300,5.5300,368600,2040414.0000,3
2025-06-23,20250623095000000,sh.600864,5.5300,5.5400,5.5200,5.5300,346100,1913828.0000,3
2025-06-23,20250623095500000,sh.600864,5.5200,5.5300,5.5200,5.5200,447200,2468980.0000,3
2025-06-23,20250623100000000,sh.600864,5.5200,5.5400,5.5100,5.5400,567800,3136356.0000,3
2025-06-23,20250623100500000,sh.600864,5.5300,5.5500,5.5300,5.5400,343200,1901560.0000,3
2025-06-23,20250623101000000,sh.600864,5.5500,5.5500,5.5300,5.5400,365300,2022868.0000,3
2025-06-23,20250623101500000,sh.600864,5.5300,5.5400,5.5300,5.5400,79300,438808.0000,3
2025-06-23,20250623102000000,sh.600864,5.5300,5.5400,5.5200,5.5300,368800,2039772.0000,3
2025-06-23,20250623102500000,sh.600864,5.5300,5.5400,5.5300,5.5300,311900,1725292.0000,3
2025-06-23,20250623103000000,sh.600864,5.5300,5.5500,5.5300,5.5500,456300,2528208.0000,3
2025-06-23,20250623103500000,sh.600864,5.5500,5.5500,5.5400,5.5400,156000,865112.0000,3
2025-06-23,20250623104000000,sh.600864,5.5500,5.5500,5.5400,5.5500,298000,1652512.0000,3
2025-06-23,20250623104500000,sh.600864,5.5500,5.5600,5.5500,5.5600,450200,2500984.0000,3
2025-06-23,20250623105000000,sh.600864,5.5600,5.5600,5.5500,5.5500,289300,1607800.0000,3
2025-06-23,20250623105500000,sh.600864,5.5500,5.5600,5.5500,5.5600,148500,824360.0000,3
2025-06-23,20250623110000000,sh.600864,5.5600,5.5600,5.5500,5.5600,72400,402016.0000,3
2025-06-23,20250623110500000,sh.600864,5.5600,5.5600,5.5500,5.5500,379000,2104860.0000,3
2025-06-23,20250623111000000,sh.600864,5.5600,5.5700,5.5500,5.5600,320700,1782940.0000,3
2025-06-23,20250623111500000,sh.600864,5.5600,5.5600,5.5500,5.5600,42700,237244.0000,3
2025-06-23,20250623112000000,sh.600864,5.5500,5.5700,5.5500,5.5700,168000,933964.0000,3
2025-06-23,20250623112500000,sh.600864,5.5700,5.5700,5.5500,5.5600,88800,493696.0000,3
2025-06-23,20250623113000000,sh.600864,5.5600,5.5600,5.5500,5.5600,32900,182816.0000,3
2025-06-23,20250623130500000,sh.600864,5.5500,5.5600,5.5500,5.5600,195100,1083580.0000,3
2025-06-23,20250623131000000,sh.600864,5.5600,5.5600,5.5500,5.5600,180900,1004752.0000,3
2025-06-23,20250623131500000,sh.600864,5.5600,5.5600,5.5400,5.5500,183000,1015524.0000,3
2025-06-23,20250623132000000,sh.600864,5.5500,5.5500,5.5400,5.5500,177200,982024.0000,3
2025-06-23,20250623132500000,sh.600864,5.5400,5.5600,5.5400,5.5500,837800,4651636.0000,3
2025-06-23,20250623133000000,sh.600864,5.5600,5.5700,5.5500,5.5600,533800,2967488.0000,3
2025-06-23,20250623133500000,sh.600864,5.5600,5.5600,5.5500,5.5500,280900,1560988.0000,3
2025-06-23,20250623134000000,sh.600864,5.5600,5.5600,5.5500,5.5600,48600,269864.0000,3
2025-06-23,20250623134500000,sh.600864,5.5600,5.5700,5.5500,5.5600,452900,2517840.0000,3
2025-06-23,20250623135000000,sh.600864,5.5600,5.5800,5.5600,5.5700,842800,4694704.0000,3
2025-06-23,20250623135500000,sh.600864,5.5600,5.5800,5.5600,5.5700,197200,1098384.0000,3
2025-06-23,20250623140000000,sh.600864,5.5700,5.5800,5.5600,5.5800,148600,827632.0000,3
2025-06-23,20250623140500000,sh.600864,5.5700,5.5900,5.5700,5.5900,656300,3661880.0000,3
2025-06-23,20250623141000000,sh.600864,5.5900,5.5900,5.5700,5.5900,506200,2824752.0000,3
2025-06-23,20250623141500000,sh.600864,5.5800,5.5900,5.5800,5.5900,315700,1764216.0000,3
2025-06-23,20250623142000000,sh.600864,5.5900,5.5900,5.5800,5.5900,185600,1037104.0000,3
2025-06-23,20250623142500000,sh.600864,5.5800,5.5900,5.5800,5.5900,128900,719520.0000,3
2025-06-23,20250623143000000,sh.600864,5.5900,5.6000,5.5800,5.6000,675900,3778152.0000,3
2025-06-23,20250623143500000,sh.600864,5.5900,5.6100,5.5900,5.6000,1396300,7821344.0000,3
2025-06-23,20250623144000000,sh.600864,5.5900,5.6100,5.5900,5.6000,316500,1772520.0000,3
2025-06-23,20250623144500000,sh.600864,5.6000,5.6100,5.5900,5.5900,331800,1856896.0000,3
2025-06-23,20250623145000000,sh.600864,5.6000,5.6000,5.5900,5.5900,169200,946744.0000,3
2025-06-23,20250623145500000,sh.600864,5.6000,5.6000,5.5800,5.5900,1051600,5878744.0000,3
2025-06-23,20250623150000000,sh.600864,5.5900,5.6000,5.5800,5.5900,664700,3715360.0000,3
2025-06-24,20250624093500000,sh.600864,5.6000,5.6400,5.5900,5.6400,2536100,14245626.0000,3
2025-06-24,20250624094000000,sh.600864,5.6500,5.6700,5.6400,5.6500,2059800,11638422.0000,3
2025-06-24,20250624094500000,sh.600864,5.6600,5.7000,5.6500,5.6900,3170400,18012552.0000,3
2025-06-24,20250624095000000,sh.600864,5.6900,5.7000,5.6800,5.7000,2127500,12105564.0000,3
2025-06-24,20250624095500000,sh.600864,5.7000,5.7500,5.7000,5.7300,4370200,25042708.0000,3
2025-06-24,20250624100000000,sh.600864,5.7300,5.7400,5.7200,5.7300,1587500,9099192.0000,3
2025-06-24,20250624100500000,sh.600864,5.7400,5.7700,5.7400,5.7700,3183900,18334048.0000,3
2025-06-24,20250624101000000,sh.600864,5.7600,5.7700,5.7500,5.7700,1519700,8754640.0000,3
2025-06-24,20250624101500000,sh.600864,5.7700,5.8300,5.7600,5.8100,5172400,29971472.0000,3
2025-06-24,20250624102000000,sh.600864,5.8100,5.8300,5.8000,5.8100,3258700,18958592.0000,3
2025-06-24,20250624102500000,sh.600864,5.8000,5.8200,5.7800,5.7800,2336400,13543408.0000,3
2025-06-24,20250624103000000,sh.600864,5.7900,5.8000,5.7800,5.7800,770900,4461888.0000,3
2025-06-24,20250624103500000,sh.600864,5.7900,5.8100,5.7800,5.8000,1490900,8637696.0000,3
2025-06-24,20250624104000000,sh.600864,5.8000,5.8100,5.7900,5.7900,780900,4524448.0000,3
2025-06-24,20250624104500000,sh.600864,5.7900,5.8100,5.7900,5.8100,1226300,7110448.0000,3
2025-06-24,20250624105000000,sh.600864,5.8000,5.8000,5.7900,5.7900,390000,2258976.0000,3
2025-06-24,20250624105500000,sh.600864,5.7900,5.8000,5.7800,5.7900,366700,2122384.0000,3
2025-06-24,20250624110000000,sh.600864,5.7900,5.7900,5.7700,5.7800,342300,1978416.0000,3
2025-06-24,20250624110500000,sh.600864,5.7700,5.7900,5.7700,5.7800,313000,1808944.0000,3
2025-06-24,20250624111000000,sh.600864,5.7900,5.8000,5.7800,5.7900,306000,1772256.0000,3
2025-06-24,20250624111500000,sh.600864,5.7900,5.8000,5.7900,5.7900,228900,1326496.0000,3
2025-06-24,20250624112000000,sh.600864,5.8000,5.8000,5.7900,5.8000,226000,1310416.0000,3
2025-06-24,20250624112500000,sh.600864,5.8000,5.8000,5.7900,5.7900,209200,1212928.0000,3
2025-06-24,20250624113000000,sh.600864,5.8000,5.8000,5.7900,5.8000,126400,732912.0000,3
2025-06-24,20250624130500000,sh.600864,5.8000,5.8100,5.7900,5.7900,1081800,6272960.0000,3
2025-06-24,20250624131000000,sh.600864,5.7900,5.8000,5.7900,5.8000,121700,705424.0000,3
2025-06-24,20250624131500000,sh.600864,5.7900,5.8000,5.7900,5.8000,106300,616144.0000,3
2025-06-24,20250624132000000,sh.600864,5.8000,5.8000,5.7900,5.7900,203100,1176304.0000,3
2025-06-24,20250624132500000,sh.600864,5.8000,5.8000,5.7700,5.7800,1060100,6134368.0000,3
2025-06-24,20250624133000000,sh.600864,5.7800,5.7900,5.7800,5.7800,120800,698736.0000,3
2025-06-24,20250624133500000,sh.600864,5.7800,5.8000,5.7800,5.7900,690500,3997360.0000,3
2025-06-24,20250624134000000,sh.600864,5.7900,5.7900,5.7800,5.7900,98800,572032.0000,3
2025-06-24,20250624134500000,sh.600864,5.7900,5.8000,5.7800,5.7900,367400,2127120.0000,3
2025-06-24,20250624135000000,sh.600864,5.7900,5.8000,5.7800,5.7900,199200,1153248.0000,3
2025-06-24,20250624135500000,sh.600864,5.8000,5.8000,5.7900,5.7900,134600,779584.0000,3
2025-06-24,20250624140000000,sh.600864,5.7900,5.8000,5.7800,5.7800,543000,3144272.0000,3
2025-06-24,20250624140500000,sh.600864,5.7900,5.8000,5.7800,5.7900,1072700,6203280.0000,3
2025-06-24,20250624141000000,sh.600864,5.7800,5.7900,5.7700,5.7700,351300,2029488.0000,3
2025-06-24,20250624141500000,sh.600864,5.7700,5.7800,5.7700,5.7800,133000,768016.0000,3
2025-06-24,20250624142000000,sh.600864,5.7700,5.7900,5.7700,5.7800,474400,2741728.0000,3
2025-06-24,20250624142500000,sh.600864,5.7800,5.7900,5.7800,5.7800,79500,459952.0000,3
2025-06-24,20250624143000000,sh.600864,5.7800,5.7900,5.7800,5.7900,209900,1214992.0000,3
2025-06-24,20250624143500000,sh.600864,5.7900,5.7900,5.7800,5.7800,400200,2316688.0000,3
2025-06-24,20250624144000000,sh.600864,5.7900,5.7900,5.7800,5.7900,291700,1687984.0000,3
2025-06-24,20250624144500000,sh.600864,5.7800,5.7900,5.7700,5.7700,1063300,6147248.0000,3
2025-06-24,20250624145000000,sh.600864,5.7800,5.7900,5.7700,5.7800,909800,5260928.0000,3
2025-06-24,20250624145500000,sh.600864,5.7800,5.7900,5.7800,5.7900,1130600,6544224.0000,3
2025-06-24,20250624150000000,sh.600864,5.7800,5.7900,5.7800,5.7900,749900,4340928.0000,3
2025-06-25,20250625093500000,sh.600864,5.7900,5.9300,5.7800,5.8900,8155000,47832240.0000,3
2025-06-25,20250625094000000,sh.600864,5.8900,5.9000,5.8600,5.8800,3155600,18553688.0000,3
2025-06-25,20250625094500000,sh.600864,5.8700,5.8900,5.8600,5.8800,2309600,13572944.0000,3
2025-06-25,20250625095000000,sh.600864,5.8700,5.9200,5.8700,5.9200,3301600,19482728.0000,3
2025-06-25,20250625095500000,sh.600864,5.9300,5.9500,5.9200,5.9500,5224000,30999312.0000,3
2025-06-25,20250625100000000,sh.600864,5.9400,5.9500,5.9100,5.9200,2561500,15175328.0000,3
2025-06-25,20250625100500000,sh.600864,5.9200,5.9400,5.9100,5.9300,1617900,9590720.0000,3
2025-06-25,20250625101000000,sh.600864,5.9200,5.9200,5.8900,5.9000,1422300,8389104.0000,3
2025-06-25,20250625101500000,sh.600864,5.8900,5.9000,5.8900,5.9000,805800,4747680.0000,3
2025-06-25,20250625102000000,sh.600864,5.8900,5.9000,5.8800,5.9000,776000,4573616.0000,3
2025-06-25,20250625102500000,sh.600864,5.8900,5.9000,5.8700,5.8800,1758200,10335216.0000,3
2025-06-25,20250625103000000,sh.600864,5.8700,5.8800,5.8600,5.8700,799800,4691872.0000,3
2025-06-25,20250625103500000,sh.600864,5.8600,5.8700,5.8600,5.8700,701800,4113392.0000,3
2025-06-25,20250625104000000,sh.600864,5.8600,5.8700,5.8500,5.8700,329300,1930320.0000,3
2025-06-25,20250625104500000,sh.600864,5.8700,5.8700,5.8600,5.8700,293700,1721680.0000,3
2025-06-25,20250625105000000,sh.600864,5.8700,5.8700,5.8500,5.8700,1731600,10134544.0000,3
2025-06-25,20250625105500000,sh.600864,5.8600,5.9000,5.8600,5.8900,1794800,10554832.0000,3
2025-06-25,20250625110000000,sh.600864,5.8900,5.9100,5.8900,5.9100,781500,4610080.0000,3
2025-06-25,20250625110500000,sh.600864,5.9100,5.9300,5.8900,5.9200,1631800,9636240.0000,3
2025-06-25,20250625111000000,sh.600864,5.9300,5.9300,5.9000,5.9100,1589400,9412752.0000,3
2025-06-25,20250625111500000,sh.600864,5.9100,5.9300,5.9100,5.9200,1356800,8037712.0000,3
2025-06-25,20250625112000000,sh.600864,5.9200,5.9300,5.9000,5.9300,1247300,7374352.0000,3
2025-06-25,20250625112500000,sh.600864,5.9300,5.9300,5.9200,5.9200,1275800,7560720.0000,3
2025-06-25,20250625113000000,sh.600864,5.9200,5.9600,5.9200,5.9500,2796700,16618592.0000,3
2025-06-25,20250625130500000,sh.600864,5.9400,5.9700,5.9400,5.9600,5092900,30326368.0000,3
2025-06-25,20250625131000000,sh.600864,5.9600,5.9600,5.9300,5.9400,1153900,6859328.0000,3
2025-06-25,20250625131500000,sh.600864,5.9400,5.9600,5.9300,5.9500,1384400,8233632.0000,3
2025-06-25,20250625132000000,sh.600864,5.9400,5.9600,5.9400,5.9500,824600,4908160.0000,3
2025-06-25,20250625132500000,sh.600864,5.9600,5.9900,5.9500,5.9900,2131500,12733696.0000,3
2025-06-25,20250625133000000,sh.600864,5.9900,6.0000,5.9700,5.9800,2572700,15411904.0000,3
2025-06-25,20250625133500000,sh.600864,5.9800,6.0000,5.9700,5.9900,2099000,12554496.0000,3
2025-06-25,20250625134000000,sh.600864,5.9900,5.9900,5.9700,5.9700,770400,4606976.0000,3
2025-06-25,20250625134500000,sh.600864,5.9800,5.9800,5.9700,5.9800,585900,3500448.0000,3
2025-06-25,20250625135000000,sh.600864,5.9700,5.9800,5.9700,5.9800,500800,2990784.0000,3
2025-06-25,20250625135500000,sh.600864,5.9800,5.9900,5.9700,5.9900,1149200,6875360.0000,3
2025-06-25,20250625140000000,sh.600864,5.9900,6.0000,5.9900,6.0000,1267600,7598176.0000,3
2025-06-25,20250625140500000,sh.600864,5.9900,6.0300,5.9900,6.0300,2484100,14939744.0000,3
2025-06-25,20250625141000000,sh.600864,6.0300,6.0300,6.0000,6.0300,1250900,7525888.0000,3
2025-06-25,20250625141500000,sh.600864,6.0200,6.0500,6.0200,6.0400,1547900,9342624.0000,3
2025-06-25,20250625142000000,sh.600864,6.0400,6.0600,6.0400,6.0500,2657800,16085952.0000,3
2025-06-25,20250625142500000,sh.600864,6.0500,6.0800,6.0400,6.0800,1972600,11955040.0000,3
2025-06-25,20250625143000000,sh.600864,6.0700,6.1100,6.0700,6.0900,4741200,28888448.0000,3
2025-06-25,20250625143500000,sh.600864,6.0800,6.0900,6.0500,6.0700,2182400,13247776.0000,3
2025-06-25,20250625144000000,sh.600864,6.0600,6.0800,6.0600,6.0700,1324300,8036128.0000,3
2025-06-25,20250625144500000,sh.600864,6.0700,6.0900,6.0600,6.0600,880700,5345600.0000,3
2025-06-25,20250625145000000,sh.600864,6.0600,6.0700,6.0500,6.0500,1028900,6234400.0000,3
2025-06-25,20250625145500000,sh.600864,6.0500,6.0600,6.0400,6.0500,2159600,13061440.0000,3
2025-06-25,20250625150000000,sh.600864,6.0500,6.0600,6.0500,6.0600,1520200,9207584.0000,3
2025-06-26,20250626093500000,sh.600864,6.0600,6.0700,6.0100,6.0500,8378100,50617424.0000,3
2025-06-26,20250626094000000,sh.600864,6.0500,6.0500,6.0000,6.0000,3992700,24034832.0000,3
2025-06-26,20250626094500000,sh.600864,6.0000,6.0200,5.9700,6.0000,3053100,18284480.0000,3
2025-06-26,20250626095000000,sh.600864,6.0000,6.0200,5.9800,6.0200,2362500,14188912.0000,3
2025-06-26,20250626095500000,sh.600864,6.0300,6.0500,6.0100,6.0400,1223100,7374432.0000,3
2025-06-26,20250626100000000,sh.600864,6.0500,6.0500,6.0200,6.0400,1640400,9899784.0000,3
2025-06-26,20250626100500000,sh.600864,6.0400,6.0400,6.0100,6.0200,1449100,8731912.0000,3
2025-06-26,20250626101000000,sh.600864,6.0300,6.0300,6.0100,6.0300,929400,5598288.0000,3
2025-06-26,20250626101500000,sh.600864,6.0300,6.0400,6.0000,6.0100,1458800,8782464.0000,3
2025-06-26,20250626102000000,sh.600864,6.0100,6.0200,6.0000,6.0100,689800,4141200.0000,3
2025-06-26,20250626102500000,sh.600864,6.0000,6.0300,6.0000,6.0100,830600,4997008.0000,3
2025-06-26,20250626103000000,sh.600864,6.0200,6.0200,6.0000,6.0000,872300,5237840.0000,3
2025-06-26,20250626103500000,sh.600864,6.0100,6.0200,6.0000,6.0000,502500,3018768.0000,3
2025-06-26,20250626104000000,sh.600864,6.0000,6.0200,6.0000,6.0100,616100,3700304.0000,3
2025-06-26,20250626104500000,sh.600864,6.0000,6.0100,5.9900,6.0000,516100,3096128.0000,3
2025-06-26,20250626105000000,sh.600864,6.0000,6.0100,5.9900,6.0000,924600,5546080.0000,3
2025-06-26,20250626105500000,sh.600864,6.0000,6.0300,6.0000,6.0300,907000,5456112.0000,3
2025-06-26,20250626110000000,sh.600864,6.0300,6.0300,6.0100,6.0200,746500,4493616.0000,3
2025-06-26,20250626110500000,sh.600864,6.0200,6.0300,6.0200,6.0200,600700,3618080.0000,3
2025-06-26,20250626111000000,sh.600864,6.0200,6.0300,6.0100,6.0100,645100,3884000.0000,3
2025-06-26,20250626111500000,sh.600864,6.0100,6.0300,6.0100,6.0300,489300,2944992.0000,3
2025-06-26,20250626112000000,sh.600864,6.0200,6.0400,6.0200,6.0300,508100,3063712.0000,3
2025-06-26,20250626112500000,sh.600864,6.0300,6.0300,6.0200,6.0200,567700,3422560.0000,3
2025-06-26,20250626113000000,sh.600864,6.0200,6.0300,6.0100,6.0200,514700,3096976.0000,3
2025-06-26,20250626130500000,sh.600864,6.0200,6.0200,6.0000,6.0100,901900,5423344.0000,3
2025-06-26,20250626131000000,sh.600864,6.0100,6.0300,6.0100,6.0100,432700,2603792.0000,3
2025-06-26,20250626131500000,sh.600864,6.0200,6.0200,6.0100,6.0200,210600,1266304.0000,3
2025-06-26,20250626132000000,sh.600864,6.0100,6.0200,5.9900,5.9900,835900,5017440.0000,3
2025-06-26,20250626132500000,sh.600864,5.9900,6.0200,5.9900,6.0200,1175300,7062656.0000,3
2025-06-26,20250626133000000,sh.600864,6.0200,6.0300,6.0100,6.0300,213200,1283392.0000,3
2025-06-26,20250626133500000,sh.600864,6.0300,6.0300,6.0100,6.0300,346600,2086800.0000,3
2025-06-26,20250626134000000,sh.600864,6.0300,6.0300,6.0100,6.0200,574700,3457616.0000,3
2025-06-26,20250626134500000,sh.600864,6.0200,6.0200,6.0000,6.0000,364800,2190576.0000,3
2025-06-26,20250626135000000,sh.600864,6.0100,6.0100,5.9900,5.9900,610300,3658112.0000,3
2025-06-26,20250626135500000,sh.600864,6.0000,6.0000,5.9800,5.9800,964600,5773840.0000,3
2025-06-26,20250626140000000,sh.600864,5.9800,5.9900,5.9700,5.9800,680300,4066960.0000,3
2025-06-26,20250626140500000,sh.600864,5.9800,5.9900,5.9700,5.9900,1147100,6858464.0000,3
2025-06-26,20250626141000000,sh.600864,5.9800,5.9900,5.9700,5.9700,628400,3756912.0000,3
2025-06-26,20250626141500000,sh.600864,5.9800,5.9900,5.9800,5.9900,441000,2638464.0000,3
2025-06-26,20250626142000000,sh.600864,5.9800,6.0000,5.9800,5.9900,616700,3693296.0000,3
2025-06-26,20250626142500000,sh.600864,5.9900,6.0000,5.9800,5.9900,621200,3720480.0000,3
2025-06-26,20250626143000000,sh.600864,5.9900,5.9900,5.9800,5.9800,866200,5180672.0000,3
2025-06-26,20250626143500000,sh.600864,5.9900,5.9900,5.9800,5.9800,665700,3981248.0000,3
2025-06-26,20250626144000000,sh.600864,5.9800,5.9900,5.9700,5.9800,562600,3363968.0000,3
2025-06-26,20250626144500000,sh.600864,5.9800,5.9800,5.9700,5.9700,565900,3380416.0000,3
2025-06-26,20250626145000000,sh.600864,5.9700,5.9800,5.9700,5.9700,651000,3889088.0000,3
2025-06-26,20250626145500000,sh.600864,5.9700,5.9900,5.9700,5.9900,1811400,10825824.0000,3
2025-06-26,20250626150000000,sh.600864,5.9900,5.9900,5.9800,5.9800,1074800,6434240.0000,3
2025-06-27,20250627093500000,sh.600864,5.9800,6.0300,5.9800,5.9900,2395200,14381436.0000,3
2025-06-27,20250627094000000,sh.600864,6.0000,6.0200,5.9800,5.9900,2134700,12806940.0000,3
2025-06-27,20250627094500000,sh.600864,5.9900,6.0200,5.9900,6.0200,1237000,7431724.0000,3
2025-06-27,20250627095000000,sh.600864,6.0100,6.0700,6.0100,6.0700,2799900,16924064.0000,3
2025-06-27,20250627095500000,sh.600864,6.0700,6.1500,6.0700,6.1400,5322200,32499852.0000,3
2025-06-27,20250627100000000,sh.600864,6.1500,6.1600,6.1100,6.1200,4091400,25117600.0000,3
2025-06-27,20250627100500000,sh.600864,6.1100,6.1600,6.1100,6.1500,2953600,18123192.0000,3
2025-06-27,20250627101000000,sh.600864,6.1500,6.1700,6.1300,6.1500,3143600,19344136.0000,3
2025-06-27,20250627101500000,sh.600864,6.1500,6.1600,6.1400,6.1600,2048700,12599472.0000,3
2025-06-27,20250627102000000,sh.600864,6.1600,6.1600,6.1000,6.1100,2335900,14310688.0000,3
2025-06-27,20250627102500000,sh.600864,6.1100,6.1100,6.0800,6.0800,2000200,12178128.0000,3
2025-06-27,20250627103000000,sh.600864,6.0700,6.0800,6.0500,6.0600,1379400,8369248.0000,3
2025-06-27,20250627103500000,sh.600864,6.0700,6.0800,6.0600,6.0700,1185100,7194160.0000,3
2025-06-27,20250627104000000,sh.600864,6.0700,6.0700,6.0400,6.0500,1009000,6109856.0000,3
2025-06-27,20250627104500000,sh.600864,6.0500,6.0600,6.0400,6.0500,1462400,8842304.0000,3
2025-06-27,20250627105000000,sh.600864,6.0600,6.0700,6.0500,6.0600,667700,4044208.0000,3
2025-06-27,20250627105500000,sh.600864,6.0600,6.0800,6.0500,6.0800,900900,5463520.0000,3
2025-06-27,20250627110000000,sh.600864,6.0700,6.0800,6.0600,6.0600,367300,2229280.0000,3
2025-06-27,20250627110500000,sh.600864,6.0600,6.0900,6.0600,6.0800,752300,4570048.0000,3
2025-06-27,20250627111000000,sh.600864,6.0900,6.0900,6.0600,6.0600,448000,2721168.0000,3
2025-06-27,20250627111500000,sh.600864,6.0700,6.0800,6.0500,6.0600,616800,3739536.0000,3
2025-06-27,20250627112000000,sh.600864,6.0700,6.0800,6.0600,6.0800,428800,2603728.0000,3
2025-06-27,20250627112500000,sh.600864,6.0800,6.0800,6.0500,6.0600,635900,3856224.0000,3
2025-06-27,20250627113000000,sh.600864,6.0600,6.0700,6.0600,6.0600,122400,741888.0000,3
2025-06-27,20250627130500000,sh.600864,6.0600,6.0700,6.0500,6.0600,475300,2880864.0000,3
2025-06-27,20250627131000000,sh.600864,6.0700,6.0700,6.0600,6.0700,247200,1498304.0000,3
2025-06-27,20250627131500000,sh.600864,6.0600,6.0600,6.0400,6.0500,636200,3847328.0000,3
2025-06-27,20250627132000000,sh.600864,6.0500,6.0600,6.0400,6.0600,454600,2749008.0000,3
2025-06-27,20250627132500000,sh.600864,6.0600,6.0600,6.0400,6.0500,232000,1403600.0000,3
2025-06-27,20250627133000000,sh.600864,6.0400,6.0500,6.0400,6.0400,519400,3137040.0000,3
2025-06-27,20250627133500000,sh.600864,6.0500,6.0600,6.0400,6.0500,331400,2004496.0000,3
2025-06-27,20250627134000000,sh.600864,6.0500,6.0500,6.0300,6.0300,758000,4575536.0000,3
2025-06-27,20250627134500000,sh.600864,6.0300,6.0400,6.0100,6.0200,1011400,6087568.0000,3
2025-06-27,20250627135000000,sh.600864,6.0200,6.0300,6.0100,6.0200,725800,4369504.0000,3
2025-06-27,20250627135500000,sh.600864,6.0200,6.0200,6.0000,6.0100,550300,3305984.0000,3
2025-06-27,20250627140000000,sh.600864,6.0100,6.0100,5.9900,6.0000,874800,5247936.0000,3
2025-06-27,20250627140500000,sh.600864,6.0000,6.0100,5.9900,6.0000,774900,4650528.0000,3
2025-06-27,20250627141000000,sh.600864,6.0000,6.0200,6.0000,6.0200,1130500,6786624.0000,3
2025-06-27,20250627141500000,sh.600864,6.0200,6.0400,6.0100,6.0400,475700,2869312.0000,3
2025-06-27,20250627142000000,sh.600864,6.0300,6.0400,6.0200,6.0300,411600,2482176.0000,3
2025-06-27,20250627142500000,sh.600864,6.0200,6.0300,6.0100,6.0300,537400,3235552.0000,3
2025-06-27,20250627143000000,sh.600864,6.0300,6.0300,6.0100,6.0100,442400,2660672.0000,3
2025-06-27,20250627143500000,sh.600864,6.0200,6.0300,6.0100,6.0100,498300,2999776.0000,3
2025-06-27,20250627144000000,sh.600864,6.0100,6.0200,6.0100,6.0100,335300,2016608.0000,3
2025-06-27,20250627144500000,sh.600864,6.0200,6.0200,6.0000,6.0000,991400,5957440.0000,3
2025-06-27,20250627145000000,sh.600864,6.0100,6.0100,5.9900,6.0100,1199800,7199680.0000,3
2025-06-27,20250627145500000,sh.600864,6.0100,6.0100,5.9900,6.0000,636100,3817792.0000,3
2025-06-27,20250627150000000,sh.600864,6.0000,6.0100,6.0000,6.0100,1052900,6324512.0000,3
2025-06-30,20250630093500000,sh.600864,6.0000,6.0500,5.9700,5.9900,3469700,20844758.0000,3
2025-06-30,20250630094000000,sh.600864,5.9800,6.0100,5.9700,5.9900,1750100,10481458.0000,3
2025-06-30,20250630094500000,sh.600864,5.9900,5.9900,5.9600,5.9700,2143100,12799740.0000,3
2025-06-30,20250630095000000,sh.600864,5.9600,5.9700,5.9500,5.9500,1749900,10419712.0000,3
2025-06-30,20250630095500000,sh.600864,5.9600,5.9700,5.9400,5.9500,1160400,6907020.0000,3
2025-06-30,20250630100000000,sh.600864,5.9500,5.9700,5.9400,5.9400,980700,5836128.0000,3
2025-06-30,20250630100500000,sh.600864,5.9500,5.9600,5.9300,5.9300,1109400,6588376.0000,3
2025-06-30,20250630101000000,sh.600864,5.9400,5.9500,5.9300,5.9300,524100,3113632.0000,3
2025-06-30,20250630101500000,sh.600864,5.9400,5.9600,5.9400,5.9500,475800,2830288.0000,3
2025-06-30,20250630102000000,sh.600864,5.9500,5.9700,5.9500,5.9700,659500,3930792.0000,3
2025-06-30,20250630102500000,sh.600864,5.9700,5.9700,5.9500,5.9700,525400,3132544.0000,3
2025-06-30,20250630103000000,sh.600864,5.9700,5.9800,5.9600,5.9700,220100,1314032.0000,3
2025-06-30,20250630103500000,sh.600864,5.9800,5.9800,5.9600,5.9800,670500,4002568.0000,3
2025-06-30,20250630104000000,sh.600864,5.9700,5.9800,5.9600,5.9700,526600,3144920.0000,3
2025-06-30,20250630104500000,sh.600864,5.9700,5.9800,5.9600,5.9800,358200,2138272.0000,3
2025-06-30,20250630105000000,sh.600864,5.9800,5.9800,5.9600,5.9700,696900,4161576.0000,3
2025-06-30,20250630105500000,sh.600864,5.9700,5.9800,5.9500,5.9700,466800,2782832.0000,3
2025-06-30,20250630110000000,sh.600864,5.9600,5.9800,5.9600,5.9600,184500,1101176.0000,3
2025-06-30,20250630110500000,sh.600864,5.9600,5.9700,5.9600,5.9700,509600,3039384.0000,3
2025-06-30,20250630111000000,sh.600864,5.9600,5.9700,5.9500,5.9600,222000,1322672.0000,3
2025-06-30,20250630111500000,sh.600864,5.9600,5.9600,5.9500,5.9500,201000,1197352.0000,3
2025-06-30,20250630112000000,sh.600864,5.9600,5.9600,5.9500,5.9600,304900,1815408.0000,3
2025-06-30,20250630112500000,sh.600864,5.9600,5.9700,5.9500,5.9700,190200,1133472.0000,3
2025-06-30,20250630113000000,sh.600864,5.9700,5.9700,5.9500,5.9500,293500,1748704.0000,3
2025-06-30,20250630130500000,sh.600864,5.9600,5.9600,5.9400,5.9500,787400,4685584.0000,3
2025-06-30,20250630131000000,sh.600864,5.9500,5.9600,5.9400,5.9600,314100,1869000.0000,3
2025-06-30,20250630131500000,sh.600864,5.9600,5.9600,5.9500,5.9600,305800,1822200.0000,3
2025-06-30,20250630132000000,sh.600864,5.9600,5.9800,5.9500,5.9800,609400,3634960.0000,3
2025-06-30,20250630132500000,sh.600864,5.9800,5.9800,5.9700,5.9800,625300,3739176.0000,3
2025-06-30,20250630133000000,sh.600864,5.9800,5.9800,5.9700,5.9800,299300,1788864.0000,3
2025-06-30,20250630133500000,sh.600864,5.9800,5.9800,5.9700,5.9800,450500,2690616.0000,3
2025-06-30,20250630134000000,sh.600864,5.9800,5.9800,5.9700,5.9700,375900,2246768.0000,3
2025-06-30,20250630134500000,sh.600864,5.9800,5.9800,5.9700,5.9800,546800,3268112.0000,3
2025-06-30,20250630135000000,sh.600864,5.9800,5.9800,5.9700,5.9800,396700,2370016.0000,3
2025-06-30,20250630135500000,sh.600864,5.9700,5.9800,5.9600,5.9700,269300,1608176.0000,3
2025-06-30,20250630140000000,sh.600864,5.9800,5.9800,5.9600,5.9700,213900,1276080.0000,3
2025-06-30,20250630140500000,sh.600864,5.9700,5.9800,5.9600,5.9700,345100,2059552.0000,3
2025-06-30,20250630141000000,sh.600864,5.9700,5.9800,5.9600,5.9800,348200,2078816.0000,3
2025-06-30,20250630141500000,sh.600864,5.9800,5.9800,5.9600,5.9700,257600,1538128.0000,3
2025-06-30,20250630142000000,sh.600864,5.9600,5.9800,5.9600,5.9700,223100,1331568.0000,3
2025-06-30,20250630142500000,sh.600864,5.9700,5.9700,5.9600,5.9600,138000,823376.0000,3
2025-06-30,20250630143000000,sh.600864,5.9700,5.9800,5.9600,5.9700,356400,2127216.0000,3
2025-06-30,20250630143500000,sh.600864,5.9800,5.9800,5.9600,5.9600,396500,2366144.0000,3
2025-06-30,20250630144000000,sh.600864,5.9700,5.9700,5.9600,5.9600,356300,2126592.0000,3
2025-06-30,20250630144500000,sh.600864,5.9700,5.9800,5.9600,5.9700,731900,4368864.0000,3
2025-06-30,20250630145000000,sh.600864,5.9700,5.9700,5.9600,5.9700,1074000,6405504.0000,3
2025-06-30,20250630145500000,sh.600864,5.9700,5.9700,5.9600,5.9700,519500,3099184.0000,3
2025-06-30,20250630150000000,sh.600864,5.9700,5.9700,5.9600,5.9700,356300,2125152.0000,3
2025-07-01,20250701093500000,sh.600864,5.9600,6.0000,5.9400,5.9600,2004700,11947450.0000,3
2025-07-01,20250701094000000,sh.600864,5.9600,5.9600,5.9400,5.9400,828200,4926454.0000,3
2025-07-01,20250701094500000,sh.600864,5.9400,5.9500,5.9100,5.9100,1365900,8099342.0000,3
2025-07-01,20250701095000000,sh.600864,5.9200,5.9300,5.9000,5.9100,1758500,10399210.0000,3
2025-07-01,20250701095500000,sh.600864,5.9000,5.9200,5.9000,5.9100,1368300,8086268.0000,3
2025-07-01,20250701100000000,sh.600864,5.9200,5.9400,5.9100,5.9300,550200,3262192.0000,3
2025-07-01,20250701100500000,sh.600864,5.9300,5.9400,5.9200,5.9300,456900,2708604.0000,3
2025-07-01,20250701101000000,sh.600864,5.9300,5.9300,5.9200,5.9300,307800,1822600.0000,3
2025-07-01,20250701101500000,sh.600864,5.9200,5.9200,5.9100,5.9100,1009000,5967144.0000,3
2025-07-01,20250701102000000,sh.600864,5.9100,5.9100,5.9000,5.9000,936800,5529100.0000,3
2025-07-01,20250701102500000,sh.600864,5.9000,5.9100,5.9000,5.9100,180600,1065732.0000,3
2025-07-01,20250701103000000,sh.600864,5.9000,5.9100,5.9000,5.9000,517800,3057172.0000,3
2025-07-01,20250701103500000,sh.600864,5.9100,5.9100,5.8900,5.9100,638400,3766524.0000,3
2025-07-01,20250701104000000,sh.600864,5.9100,5.9200,5.9000,5.9000,845200,4998688.0000,3
2025-07-01,20250701104500000,sh.600864,5.9000,5.9100,5.9000,5.9000,180600,1066544.0000,3
2025-07-01,20250701105000000,sh.600864,5.9000,5.9100,5.9000,5.9000,217100,1282000.0000,3
2025-07-01,20250701105500000,sh.600864,5.9000,5.9100,5.8900,5.9000,667400,3937992.0000,3
2025-07-01,20250701110000000,sh.600864,5.9000,5.9100,5.9000,5.9100,171700,1014016.0000,3
2025-07-01,20250701110500000,sh.600864,5.9100,5.9100,5.9000,5.9000,116500,688024.0000,3
2025-07-01,20250701111000000,sh.600864,5.9000,5.9100,5.8900,5.9000,553900,3268296.0000,3
2025-07-01,20250701111500000,sh.600864,5.9000,5.9000,5.8900,5.9000,408300,2405240.0000,3
2025-07-01,20250701112000000,sh.600864,5.9000,5.9000,5.8800,5.8800,417500,2457992.0000,3
2025-07-01,20250701112500000,sh.600864,5.8900,5.9000,5.8800,5.8900,424000,2497552.0000,3
2025-07-01,20250701113000000,sh.600864,5.8900,5.9000,5.8900,5.8900,79200,466728.0000,3
2025-07-01,20250701130500000,sh.600864,5.9000,5.9100,5.8900,5.9000,364000,2147656.0000,3
2025-07-01,20250701131000000,sh.600864,5.9100,5.9200,5.9000,5.9100,458600,2709040.0000,3
2025-07-01,20250701131500000,sh.600864,5.9100,5.9100,5.9000,5.9000,235700,1392680.0000,3
2025-07-01,20250701132000000,sh.600864,5.9000,5.9000,5.8900,5.9000,286900,1692592.0000,3
2025-07-01,20250701132500000,sh.600864,5.9000,5.9000,5.8900,5.8900,107800,635464.0000,3
2025-07-01,20250701133000000,sh.600864,5.9000,5.9100,5.8900,5.9000,466800,2753728.0000,3
2025-07-01,20250701133500000,sh.600864,5.9000,5.9100,5.8900,5.9000,587000,3459592.0000,3
2025-07-01,20250701134000000,sh.600864,5.9000,5.9200,5.9000,5.9100,408900,2416456.0000,3
2025-07-01,20250701134500000,sh.600864,5.9000,5.9100,5.9000,5.9000,335600,1982216.0000,3
2025-07-01,20250701135000000,sh.600864,5.9100,5.9300,5.9100,5.9300,509500,3013288.0000,3
2025-07-01,20250701135500000,sh.600864,5.9200,5.9400,5.9200,5.9300,730700,4331792.0000,3
2025-07-01,20250701140000000,sh.600864,5.9200,5.9300,5.9200,5.9300,736800,4365584.0000,3
2025-07-01,20250701140500000,sh.600864,5.9300,5.9400,5.9200,5.9200,416500,2468272.0000,3
2025-07-01,20250701141000000,sh.600864,5.9300,5.9300,5.9200,5.9200,121700,721456.0000,3
2025-07-01,20250701141500000,sh.600864,5.9200,5.9300,5.9100,5.9100,295600,1749768.0000,3
2025-07-01,20250701142000000,sh.600864,5.9100,5.9200,5.9100,5.9200,367800,2176240.0000,3
2025-07-01,20250701142500000,sh.600864,5.9100,5.9200,5.9100,5.9100,309300,1828112.0000,3
2025-07-01,20250701143000000,sh.600864,5.9100,5.9200,5.9000,5.9100,331300,1957824.0000,3
2025-07-01,20250701143500000,sh.600864,5.9100,5.9100,5.9000,5.9000,70500,416288.0000,3
2025-07-01,20250701144000000,sh.600864,5.9100,5.9200,5.9000,5.9200,352000,2079664.0000,3
2025-07-01,20250701144500000,sh.600864,5.9100,5.9200,5.9100,5.9200,252900,1495408.0000,3
2025-07-01,20250701145000000,sh.600864,5.9100,5.9200,5.9100,5.9200,442700,2619408.0000,3
2025-07-01,20250701145500000,sh.600864,5.9200,5.9300,5.9100,5.9200,388600,2300656.0000,3
2025-07-01,20250701150000000,sh.600864,5.9200,5.9200,5.9100,5.9200,821800,4864416.0000,3
2025-07-02,20250702093500000,sh.600864,5.9300,5.9400,5.9000,5.9200,1090300,6454773.0000,3
2025-07-02,20250702094000000,sh.600864,5.9100,5.9200,5.8900,5.8900,853900,5040695.0000,3
2025-07-02,20250702094500000,sh.600864,5.8900,5.9100,5.8900,5.9000,869100,5130903.0000,3
2025-07-02,20250702095000000,sh.600864,5.9000,5.9100,5.8900,5.9100,646900,3817009.0000,3
2025-07-02,20250702095500000,sh.600864,5.9100,5.9100,5.9000,5.9100,255000,1504928.0000,3
2025-07-02,20250702100000000,sh.600864,5.9000,5.9300,5.9000,5.9100,651100,3849848.0000,3
2025-07-02,20250702100500000,sh.600864,5.9100,5.9200,5.9000,5.9100,389000,2299688.0000,3
2025-07-02,20250702101000000,sh.600864,5.9000,5.9200,5.9000,5.9000,186400,1101344.0000,3
2025-07-02,20250702101500000,sh.600864,5.9000,5.9100,5.9000,5.9000,102300,603760.0000,3
2025-07-02,20250702102000000,sh.600864,5.9000,5.9300,5.9000,5.9300,784200,4637952.0000,3
2025-07-02,20250702102500000,sh.600864,5.9300,5.9300,5.9100,5.9200,267200,1581804.0000,3
2025-07-02,20250702103000000,sh.600864,5.9100,5.9200,5.9000,5.9100,618000,3652772.0000,3
2025-07-02,20250702103500000,sh.600864,5.9200,5.9200,5.9000,5.9100,513300,3032592.0000,3
2025-07-02,20250702104000000,sh.600864,5.9100,5.9100,5.8900,5.9000,312500,1843688.0000,3
2025-07-02,20250702104500000,sh.600864,5.9000,5.9100,5.8900,5.9000,350800,2069588.0000,3
2025-07-02,20250702105000000,sh.600864,5.9000,5.9100,5.9000,5.9100,26900,158776.0000,3
2025-07-02,20250702105500000,sh.600864,5.9100,5.9200,5.9000,5.9100,357000,2110416.0000,3
2025-07-02,20250702110000000,sh.600864,5.9100,5.9200,5.9000,5.9000,342000,2021708.0000,3
2025-07-02,20250702110500000,sh.600864,5.9000,5.9200,5.9000,5.9100,258800,1529424.0000,3
2025-07-02,20250702111000000,sh.600864,5.9100,5.9200,5.9000,5.9000,204100,1205640.0000,3
2025-07-02,20250702111500000,sh.600864,5.9000,5.9100,5.9000,5.9100,74700,441268.0000,3
2025-07-02,20250702112000000,sh.600864,5.9100,5.9100,5.9000,5.9100,31700,187192.0000,3
2025-07-02,20250702112500000,sh.600864,5.9000,5.9100,5.9000,5.9000,41200,243288.0000,3
2025-07-02,20250702113000000,sh.600864,5.9000,5.9100,5.9000,5.9000,109800,648104.0000,3
2025-07-02,20250702130500000,sh.600864,5.9000,5.9100,5.8900,5.9000,1334700,7874716.0000,3
2025-07-02,20250702131000000,sh.600864,5.9000,5.9000,5.8900,5.9000,370800,2184956.0000,3
2025-07-02,20250702131500000,sh.600864,5.9000,5.9100,5.8900,5.9100,210000,1238812.0000,3
2025-07-02,20250702132000000,sh.600864,5.9000,5.9100,5.8900,5.8900,141600,835244.0000,3
2025-07-02,20250702132500000,sh.600864,5.9000,5.9000,5.8900,5.8900,86200,508056.0000,3
2025-07-02,20250702133000000,sh.600864,5.8900,5.9000,5.8900,5.8900,532500,3136768.0000,3
2025-07-02,20250702133500000,sh.600864,5.8900,5.9000,5.8800,5.8900,265300,1562200.0000,3
2025-07-02,20250702134000000,sh.600864,5.8900,5.9000,5.8800,5.8900,350500,2064528.0000,3
2025-07-02,20250702134500000,sh.600864,5.8800,5.8900,5.8800,5.8900,79800,469840.0000,3
2025-07-02,20250702135000000,sh.600864,5.8800,5.8900,5.8800,5.8900,197400,1161968.0000,3
2025-07-02,20250702135500000,sh.600864,5.8800,5.8900,5.8800,5.8900,776900,4568696.0000,3
2025-07-02,20250702140000000,sh.600864,5.8800,5.8900,5.8700,5.8800,154900,911016.0000,3
2025-07-02,20250702140500000,sh.600864,5.8800,5.8900,5.8700,5.8800,307500,1808056.0000,3
2025-07-02,20250702141000000,sh.600864,5.8900,5.8900,5.8800,5.8800,60700,357184.0000,3
2025-07-02,20250702141500000,sh.600864,5.8900,5.8900,5.8800,5.8800,193400,1137600.0000,3
2025-07-02,20250702142000000,sh.600864,5.8800,5.8800,5.8700,5.8700,641700,3770368.0000,3
2025-07-02,20250702142500000,sh.600864,5.8700,5.8900,5.8700,5.8800,225200,1324384.0000,3
2025-07-02,20250702143000000,sh.600864,5.8900,5.8900,5.8700,5.8800,742200,4365840.0000,3
2025-07-02,20250702143500000,sh.600864,5.8800,5.9000,5.8800,5.8900,613300,3613168.0000,3
2025-07-02,20250702144000000,sh.600864,5.9000,5.9100,5.8900,5.8900,1472800,8688088.0000,3
2025-07-02,20250702144500000,sh.600864,5.9000,5.9100,5.8900,5.9000,690900,4076096.0000,3
2025-07-02,20250702145000000,sh.600864,5.8900,5.9000,5.8900,5.9000,127600,752208.0000,3
2025-07-02,20250702145500000,sh.600864,5.9000,5.9000,5.8900,5.8900,430100,2535616.0000,3
2025-07-02,20250702150000000,sh.600864,5.8900,5.9100,5.8900,5.9000,788700,4651640.0000,3
2025-07-03,20250703093500000,sh.600864,5.9000,5.9300,5.9000,5.9300,1428200,8454520.0000,3
2025-07-03,20250703094000000,sh.600864,5.9300,5.9400,5.9100,5.9200,1095500,6490652.0000,3
2025-07-03,20250703094500000,sh.600864,5.9100,5.9200,5.9000,5.9100,666300,3937848.0000,3
2025-07-03,20250703095000000,sh.600864,5.9100,5.9200,5.9000,5.9100,506800,2994924.0000,3
2025-07-03,20250703095500000,sh.600864,5.9100,5.9100,5.8900,5.9000,813800,4801172.0000,3
2025-07-03,20250703100000000,sh.600864,5.9100,5.9200,5.9000,5.9100,336700,1989716.0000,3
2025-07-03,20250703100500000,sh.600864,5.9200,5.9300,5.9100,5.9200,716200,4239372.0000,3
2025-07-03,20250703101000000,sh.600864,5.9100,5.9200,5.9000,5.9100,413800,2445948.0000,3
2025-07-03,20250703101500000,sh.600864,5.9200,5.9200,5.9000,5.9100,210500,1243864.0000,3
2025-07-03,20250703102000000,sh.600864,5.9000,5.9200,5.9000,5.9100,538100,3179704.0000,3
2025-07-03,20250703102500000,sh.600864,5.9100,5.9200,5.9100,5.9100,157900,933520.0000,3
2025-07-03,20250703103000000,sh.600864,5.9200,5.9200,5.9100,5.9200,68000,402024.0000,3
2025-07-03,20250703103500000,sh.600864,5.9200,5.9200,5.9100,5.9200,131100,775776.0000,3
2025-07-03,20250703104000000,sh.600864,5.9200,5.9200,5.9000,5.9000,240500,1421608.0000,3
2025-07-03,20250703104500000,sh.600864,5.9000,5.9200,5.9000,5.9200,156800,926488.0000,3
2025-07-03,20250703105000000,sh.600864,5.9100,5.9200,5.9000,5.9100,144400,852960.0000,3
2025-07-03,20250703105500000,sh.600864,5.9100,5.9100,5.9000,5.9000,32700,193104.0000,3
2025-07-03,20250703110000000,sh.600864,5.9100,5.9100,5.9000,5.9000,160600,947988.0000,3
2025-07-03,20250703110500000,sh.600864,5.9100,5.9100,5.9000,5.9100,365400,2156244.0000,3
2025-07-03,20250703111000000,sh.600864,5.9100,5.9400,5.9100,5.9300,1906300,11295512.0000,3
2025-07-03,20250703111500000,sh.600864,5.9200,5.9300,5.9100,5.9200,951700,5633668.0000,3
2025-07-03,20250703112000000,sh.600864,5.9200,5.9300,5.9100,5.9100,249200,1474948.0000,3
2025-07-03,20250703112500000,sh.600864,5.9100,5.9200,5.9100,5.9100,291700,1724304.0000,3
2025-07-03,20250703113000000,sh.600864,5.9100,5.9200,5.9100,5.9200,150100,887808.0000,3
2025-07-03,20250703130500000,sh.600864,5.9200,5.9200,5.9100,5.9100,341300,2018520.0000,3
2025-07-03,20250703131000000,sh.600864,5.9100,5.9200,5.9000,5.9200,413000,2441144.0000,3
2025-07-03,20250703131500000,sh.600864,5.9100,5.9200,5.9100,5.9200,193400,1144784.0000,3
2025-07-03,20250703132000000,sh.600864,5.9200,5.9200,5.9000,5.9100,756800,4472680.0000,3
2025-07-03,20250703132500000,sh.600864,5.9000,5.9200,5.9000,5.9000,455800,2693792.0000,3
2025-07-03,20250703133000000,sh.600864,5.9100,5.9100,5.9000,5.9100,61900,365760.0000,3
2025-07-03,20250703133500000,sh.600864,5.9100,5.9200,5.9000,5.9100,629500,3719776.0000,3
2025-07-03,20250703134000000,sh.600864,5.9200,5.9200,5.9100,5.9100,147800,873616.0000,3
2025-07-03,20250703134500000,sh.600864,5.9200,5.9200,5.9100,5.9200,90400,534720.0000,3
2025-07-03,20250703135000000,sh.600864,5.9100,5.9200,5.9100,5.9200,535300,3168320.0000,3
2025-07-03,20250703135500000,sh.600864,5.9100,5.9300,5.9100,5.9200,621100,3677672.0000,3
2025-07-03,20250703140000000,sh.600864,5.9200,5.9200,5.9100,5.9200,363900,2154216.0000,3
2025-07-03,20250703140500000,sh.600864,5.9200,5.9300,5.9100,5.9200,467500,2767336.0000,3
2025-07-03,20250703141000000,sh.600864,5.9200,5.9200,5.9100,5.9200,327700,1939904.0000,3
2025-07-03,20250703141500000,sh.600864,5.9200,5.9200,5.9100,5.9200,118900,703104.0000,3
2025-07-03,20250703142000000,sh.600864,5.9100,5.9200,5.9100,5.9200,34000,201176.0000,3
2025-07-03,20250703142500000,sh.600864,5.9200,5.9200,5.9100,5.9200,449000,2657752.0000,3
2025-07-03,20250703143000000,sh.600864,5.9200,5.9300,5.9200,5.9200,572700,3390768.0000,3
2025-07-03,20250703143500000,sh.600864,5.9200,5.9300,5.9100,5.9100,312400,1849296.0000,3
2025-07-03,20250703144000000,sh.600864,5.9200,5.9200,5.9100,5.9100,213300,1260760.0000,3
2025-07-03,20250703144500000,sh.600864,5.9100,5.9200,5.9000,5.9100,985500,5824248.0000,3
2025-07-03,20250703145000000,sh.600864,5.9200,5.9200,5.9100,5.9100,243800,1441720.0000,3
2025-07-03,20250703145500000,sh.600864,5.9100,5.9200,5.9100,5.9200,343000,2028832.0000,3
2025-07-03,20250703150000000,sh.600864,5.9100,5.9200,5.9100,5.9200,730400,4321392.0000,3
2025-07-04,20250704093500000,sh.600864,5.9200,5.9200,5.8900,5.9000,917900,5419150.0000,3
2025-07-04,20250704094000000,sh.600864,5.9000,5.9100,5.8800,5.8900,2114000,12446470.0000,3
2025-07-04,20250704094500000,sh.600864,5.8900,5.8900,5.8800,5.8900,522400,3076172.0000,3
2025-07-04,20250704095000000,sh.600864,5.8900,5.9200,5.8900,5.9200,697000,4116388.0000,3
2025-07-04,20250704095500000,sh.600864,5.9100,5.9200,5.9000,5.9000,375300,2216812.0000,3
2025-07-04,20250704100000000,sh.600864,5.9000,5.9100,5.8900,5.9000,298700,1762224.0000,3
2025-07-04,20250704100500000,sh.600864,5.9000,5.9100,5.8900,5.9000,258600,1525580.0000,3
2025-07-04,20250704101000000,sh.600864,5.8900,5.9000,5.8900,5.8900,238100,1403340.0000,3
2025-07-04,20250704101500000,sh.600864,5.9000,5.9000,5.8900,5.8900,377000,2223232.0000,3
2025-07-04,20250704102000000,sh.600864,5.8900,5.9000,5.8800,5.8800,706000,4156368.0000,3
2025-07-04,20250704102500000,sh.600864,5.8800,5.8900,5.8800,5.8800,406400,2391620.0000,3
2025-07-04,20250704103000000,sh.600864,5.8900,5.9000,5.8900,5.8900,360300,2122772.0000,3
2025-07-04,20250704103500000,sh.600864,5.9000,5.9100,5.8900,5.9100,320400,1890212.0000,3
2025-07-04,20250704104000000,sh.600864,5.9100,5.9200,5.9000,5.9100,397600,2350540.0000,3
2025-07-04,20250704104500000,sh.600864,5.9100,5.9300,5.9100,5.9200,1110200,6574460.0000,3
2025-07-04,20250704105000000,sh.600864,5.9300,5.9400,5.9200,5.9400,1173500,6961916.0000,3
2025-07-04,20250704105500000,sh.600864,5.9400,5.9400,5.9200,5.9400,815600,4837072.0000,3
2025-07-04,20250704110000000,sh.600864,5.9300,5.9400,5.9300,5.9400,189900,1127288.0000,3
2025-07-04,20250704110500000,sh.600864,5.9300,5.9400,5.9200,5.9200,716600,4249216.0000,3
2025-07-04,20250704111000000,sh.600864,5.9300,5.9300,5.9200,5.9200,79100,468768.0000,3
2025-07-04,20250704111500000,sh.600864,5.9300,5.9400,5.9200,5.9400,561500,3329664.0000,3
2025-07-04,20250704112000000,sh.600864,5.9400,5.9400,5.9200,5.9300,650700,3857816.0000,3
2025-07-04,20250704112500000,sh.600864,5.9200,5.9300,5.9100,5.9200,288200,1706264.0000,3
2025-07-04,20250704113000000,sh.600864,5.9200,5.9300,5.9200,5.9200,91200,540680.0000,3
2025-07-04,20250704130500000,sh.600864,5.9300,5.9300,5.9100,5.9300,474400,2809568.0000,3
2025-07-04,20250704131000000,sh.600864,5.9300,5.9500,5.9200,5.9500,1002900,5953832.0000,3
2025-07-04,20250704131500000,sh.600864,5.9500,5.9900,5.9500,5.9900,2837200,16927216.0000,3
2025-07-04,20250704132000000,sh.600864,5.9900,5.9900,5.9700,5.9700,1874000,11205792.0000,3
2025-07-04,20250704132500000,sh.600864,5.9800,6.0000,5.9700,6.0000,2223200,13302048.0000,3
2025-07-04,20250704133000000,sh.600864,6.0000,6.0000,5.9800,6.0000,1006400,6026752.0000,3
2025-07-04,20250704133500000,sh.600864,6.0000,6.0000,5.9800,5.9800,788700,4719520.0000,3
2025-07-04,20250704134000000,sh.600864,5.9700,5.9800,5.9600,5.9600,688500,4113184.0000,3
2025-07-04,20250704134500000,sh.600864,5.9600,5.9700,5.9600,5.9700,160000,954000.0000,3
2025-07-04,20250704135000000,sh.600864,5.9600,5.9600,5.9500,5.9600,585000,3484576.0000,3
2025-07-04,20250704135500000,sh.600864,5.9500,5.9600,5.9400,5.9500,512500,3048960.0000,3
2025-07-04,20250704140000000,sh.600864,5.9400,5.9600,5.9400,5.9500,146900,874272.0000,3
2025-07-04,20250704140500000,sh.600864,5.9500,5.9500,5.9300,5.9300,1260800,7485536.0000,3
2025-07-04,20250704141000000,sh.600864,5.9300,5.9300,5.9200,5.9200,509000,3015936.0000,3
2025-07-04,20250704141500000,sh.600864,5.9200,5.9300,5.9200,5.9300,379000,2244096.0000,3
2025-07-04,20250704142000000,sh.600864,5.9300,5.9300,5.9200,5.9200,156100,924848.0000,3
2025-07-04,20250704142500000,sh.600864,5.9200,5.9300,5.9200,5.9200,229000,1356480.0000,3
2025-07-04,20250704143000000,sh.600864,5.9200,5.9300,5.9100,5.9100,394500,2334816.0000,3
2025-07-04,20250704143500000,sh.600864,5.9100,5.9200,5.9100,5.9200,104900,620560.0000,3
2025-07-04,20250704144000000,sh.600864,5.9200,5.9200,5.9100,5.9100,99500,588352.0000,3
2025-07-04,20250704144500000,sh.600864,5.9100,5.9200,5.9000,5.9000,1566100,9247120.0000,3
2025-07-04,20250704145000000,sh.600864,5.9000,5.9100,5.9000,5.9100,349000,2060480.0000,3
2025-07-04,20250704145500000,sh.600864,5.9100,5.9100,5.9000,5.9000,515000,3040512.0000,3
2025-07-04,20250704150000000,sh.600864,5.9100,5.9100,5.9000,5.9100,645800,3814256.0000,3
2025-07-07,20250707093500000,sh.600864,5.8800,5.9400,5.8800,5.9100,2008900,11877398.0000,3
2025-07-07,20250707094000000,sh.600864,5.9100,5.9300,5.9100,5.9100,848000,5020602.0000,3
2025-07-07,20250707094500000,sh.600864,5.9200,5.9300,5.9100,5.9200,593400,3512728.0000,3
2025-07-07,20250707095000000,sh.600864,5.9200,5.9400,5.9200,5.9400,399000,2366164.0000,3
2025-07-07,20250707095500000,sh.600864,5.9400,5.9500,5.9300,5.9300,1020700,6063716.0000,3
2025-07-07,20250707100000000,sh.600864,5.9300,5.9400,5.9300,5.9400,386800,2295246.0000,3
2025-07-07,20250707100500000,sh.600864,5.9400,5.9400,5.9200,5.9200,642100,3806026.0000,3
2025-07-07,20250707101000000,sh.600864,5.9200,5.9400,5.9200,5.9300,349200,2070728.0000,3
2025-07-07,20250707101500000,sh.600864,5.9400,5.9400,5.9300,5.9400,145500,863140.0000,3
2025-07-07,20250707102000000,sh.600864,5.9400,5.9400,5.9200,5.9200,496800,2945340.0000,3
2025-07-07,20250707102500000,sh.600864,5.9200,5.9400,5.9200,5.9200,488800,2898184.0000,3
2025-07-07,20250707103000000,sh.600864,5.9200,5.9400,5.9200,5.9300,309100,1832736.0000,3
2025-07-07,20250707103500000,sh.600864,5.9400,5.9400,5.9300,5.9300,290200,1722168.0000,3
2025-07-07,20250707104000000,sh.600864,5.9300,5.9400,5.9300,5.9400,1071100,6359692.0000,3
2025-07-07,20250707104500000,sh.600864,5.9400,5.9500,5.9300,5.9400,693100,4118436.0000,3
2025-07-07,20250707105000000,sh.600864,5.9400,5.9800,5.9400,5.9700,1671200,9959584.0000,3
2025-07-07,20250707105500000,sh.600864,5.9700,5.9900,5.9600,5.9700,2015800,12054144.0000,3
2025-07-07,20250707110000000,sh.600864,5.9600,5.9700,5.9500,5.9600,705100,4199720.0000,3
2025-07-07,20250707110500000,sh.600864,5.9600,5.9600,5.9500,5.9600,202900,1209032.0000,3
2025-07-07,20250707111000000,sh.600864,5.9600,5.9600,5.9500,5.9600,82200,489768.0000,3
2025-07-07,20250707111500000,sh.600864,5.9600,5.9700,5.9500,5.9700,542300,3232192.0000,3
2025-07-07,20250707112000000,sh.600864,5.9700,5.9700,5.9500,5.9500,267600,1595000.0000,3
2025-07-07,20250707112500000,sh.600864,5.9500,5.9600,5.9500,5.9500,131800,784752.0000,3
2025-07-07,20250707113000000,sh.600864,5.9500,5.9600,5.9400,5.9500,696600,4144056.0000,3
2025-07-07,20250707130500000,sh.600864,5.9500,5.9500,5.9400,5.9500,217700,1295048.0000,3
2025-07-07,20250707131000000,sh.600864,5.9500,5.9600,5.9400,5.9400,535400,3185296.0000,3
2025-07-07,20250707131500000,sh.600864,5.9400,5.9500,5.9400,5.9500,163300,971264.0000,3
2025-07-07,20250707132000000,sh.600864,5.9400,5.9500,5.9400,5.9400,124700,741160.0000,3
2025-07-07,20250707132500000,sh.600864,5.9400,5.9600,5.9400,5.9500,390000,2320880.0000,3
2025-07-07,20250707133000000,sh.600864,5.9600,5.9600,5.9500,5.9500,459900,2736968.0000,3
2025-07-07,20250707133500000,sh.600864,5.9600,5.9600,5.9500,5.9600,360600,2148792.0000,3
2025-07-07,20250707134000000,sh.600864,5.9600,5.9700,5.9600,5.9700,739400,4411336.0000,3
2025-07-07,20250707134500000,sh.600864,5.9600,5.9700,5.9600,5.9600,104000,620312.0000,3
2025-07-07,20250707135000000,sh.600864,5.9600,6.0000,5.9600,6.0000,2083900,12476744.0000,3
2025-07-07,20250707135500000,sh.600864,5.9900,6.0000,5.9800,5.9800,1766800,10584160.0000,3
2025-07-07,20250707140000000,sh.600864,5.9800,6.0200,5.9800,6.0100,2436600,14622480.0000,3
2025-07-07,20250707140500000,sh.600864,6.0100,6.0200,5.9900,6.0100,1573900,9450128.0000,3
2025-07-07,20250707141000000,sh.600864,6.0000,6.0100,5.9900,5.9900,1197400,7184720.0000,3
2025-07-07,20250707141500000,sh.600864,6.0000,6.0300,5.9900,6.0300,1957700,11780384.0000,3
2025-07-07,20250707142000000,sh.600864,6.0300,6.0400,6.0100,6.0200,1548100,9329920.0000,3
2025-07-07,20250707142500000,sh.600864,6.0100,6.0200,6.0100,6.0100,221300,1330848.0000,3
2025-07-07,20250707143000000,sh.600864,6.0100,6.0200,6.0000,6.0000,698800,4199312.0000,3
2025-07-07,20250707143500000,sh.600864,6.0000,6.0100,6.0000,6.0100,170700,1024800.0000,3
2025-07-07,20250707144000000,sh.600864,6.0000,6.0200,6.0000,6.0000,732400,4401152.0000,3
2025-07-07,20250707144500000,sh.600864,6.0000,6.0100,6.0000,6.0100,801600,4810608.0000,3
2025-07-07,20250707145000000,sh.600864,6.0000,6.0100,6.0000,6.0000,505100,3031232.0000,3
2025-07-07,20250707145500000,sh.600864,6.0000,6.0100,6.0000,6.0100,736600,4422736.0000,3
2025-07-07,20250707150000000,sh.600864,6.0000,6.0200,6.0000,6.0100,1311500,7881520.0000,3
2025-07-08,20250708093500000,sh.600864,5.9800,6.0200,5.9800,6.0100,1941500,11640349.0000,3
2025-07-08,20250708094000000,sh.600864,6.0200,6.0200,5.9900,6.0200,1207200,7255171.0000,3
2025-07-08,20250708094500000,sh.600864,6.0200,6.0200,6.0000,6.0200,1600500,9625414.0000,3
2025-07-08,20250708095000000,sh.600864,6.0100,6.0300,6.0100,6.0200,1189400,7159154.0000,3
2025-07-08,20250708095500000,sh.600864,6.0200,6.0300,6.0100,6.0300,1055900,6354232.0000,3
2025-07-08,20250708100000000,sh.600864,6.0200,6.0500,6.0200,6.0200,2540300,15328288.0000,3
2025-07-08,20250708100500000,sh.600864,6.0300,6.0300,6.0100,6.0100,470800,2833712.0000,3
2025-07-08,20250708101000000,sh.600864,6.0100,6.0100,6.0000,6.0000,387800,2329232.0000,3
2025-07-08,20250708101500000,sh.600864,6.0000,6.0100,5.9900,5.9900,1021200,6124928.0000,3
2025-07-08,20250708102000000,sh.600864,6.0000,6.0000,5.9800,5.9900,636900,3815520.0000,3
2025-07-08,20250708102500000,sh.600864,6.0000,6.0000,5.9800,5.9800,509600,3052464.0000,3
2025-07-08,20250708103000000,sh.600864,5.9800,6.0000,5.9800,5.9900,359300,2152224.0000,3
2025-07-08,20250708103500000,sh.600864,6.0000,6.0000,5.9900,5.9900,167200,1002560.0000,3
2025-07-08,20250708104000000,sh.600864,6.0000,6.0100,5.9900,6.0000,545100,3270424.0000,3
2025-07-08,20250708104500000,sh.600864,6.0000,6.0100,5.9900,6.0000,292400,1753656.0000,3
2025-07-08,20250708105000000,sh.600864,6.0000,6.0000,5.9900,5.9900,250700,1502056.0000,3
2025-07-08,20250708105500000,sh.600864,5.9900,6.0000,5.9900,6.0000,309600,1855184.0000,3
2025-07-08,20250708110000000,sh.600864,5.9900,6.0000,5.9900,6.0000,206800,1238960.0000,3
2025-07-08,20250708110500000,sh.600864,6.0000,6.0200,5.9900,6.0000,906300,5444936.0000,3
2025-07-08,20250708111000000,sh.600864,6.0100,6.0300,6.0100,6.0200,1261900,7598768.0000,3
2025-07-08,20250708111500000,sh.600864,6.0300,6.0400,6.0300,6.0400,1593400,9616032.0000,3
2025-07-08,20250708112000000,sh.600864,6.0300,6.0300,6.0200,6.0200,572600,3450248.0000,3
2025-07-08,20250708112500000,sh.600864,6.0300,6.0300,6.0100,6.0100,350800,2109768.0000,3
2025-07-08,20250708113000000,sh.600864,6.0200,6.0400,6.0100,6.0400,603900,3638448.0000,3
2025-07-08,20250708130500000,sh.600864,6.0300,6.0400,6.0200,6.0300,519500,3135016.0000,3
2025-07-08,20250708131000000,sh.600864,6.0300,6.0400,6.0200,6.0400,643700,3886232.0000,3
2025-07-08,20250708131500000,sh.600864,6.0400,6.0600,6.0400,6.0600,911400,5510960.0000,3
2025-07-08,20250708132000000,sh.600864,6.0600,6.0600,6.0400,6.0500,982800,5947088.0000,3
2025-07-08,20250708132500000,sh.600864,6.0500,6.0500,6.0400,6.0500,242400,1465776.0000,3
2025-07-08,20250708133000000,sh.600864,6.0400,6.0500,6.0400,6.0400,333800,2016320.0000,3
2025-07-08,20250708133500000,sh.600864,6.0400,6.0500,6.0300,6.0400,394400,2382064.0000,3
2025-07-08,20250708134000000,sh.600864,6.0400,6.0500,6.0400,6.0400,261100,1578112.0000,3
2025-07-08,20250708134500000,sh.600864,6.0400,6.0600,6.0400,6.0600,560100,3387744.0000,3
2025-07-08,20250708135000000,sh.600864,6.0500,6.0600,6.0400,6.0500,483400,2926064.0000,3
2025-07-08,20250708135500000,sh.600864,6.0500,6.0600,6.0500,6.0500,513300,3109936.0000,3
2025-07-08,20250708140000000,sh.600864,6.0600,6.0600,6.0500,6.0500,284700,1724496.0000,3
2025-07-08,20250708140500000,sh.600864,6.0600,6.0600,6.0400,6.0500,611100,3696944.0000,3
2025-07-08,20250708141000000,sh.600864,6.0400,6.0500,6.0400,6.0400,265000,1601040.0000,3
2025-07-08,20250708141500000,sh.600864,6.0500,6.0500,6.0400,6.0400,431600,2609920.0000,3
2025-07-08,20250708142000000,sh.600864,6.0400,6.0600,6.0400,6.0600,471000,2849776.0000,3
2025-07-08,20250708142500000,sh.600864,6.0500,6.0600,6.0500,6.0600,330000,1999312.0000,3
2025-07-08,20250708143000000,sh.600864,6.0500,6.0600,6.0500,6.0600,469900,2845488.0000,3
2025-07-08,20250708143500000,sh.600864,6.0600,6.0700,6.0600,6.0600,995700,6037936.0000,3
2025-07-08,20250708144000000,sh.600864,6.0600,6.0700,6.0500,6.0500,576000,3490400.0000,3
2025-07-08,20250708144500000,sh.600864,6.0500,6.0600,6.0500,6.0500,292200,1769552.0000,3
2025-07-08,20250708145000000,sh.600864,6.0600,6.0600,6.0500,6.0500,531000,3216432.0000,3
2025-07-08,20250708145500000,sh.600864,6.0600,6.0700,6.0500,6.0700,1046300,6338864.0000,3
2025-07-08,20250708150000000,sh.600864,6.0600,6.0700,6.0500,6.0700,522100,3163712.0000,3
2025-07-09,20250709093500000,sh.600864,6.0200,6.0500,6.0100,6.0500,2519200,15199759.0000,3
2025-07-09,20250709094000000,sh.600864,6.0500,6.0800,6.0400,6.0700,2462400,14927925.0000,3
2025-07-09,20250709094500000,sh.600864,6.0600,6.0900,6.0600,6.0600,2875000,17461652.0000,3
2025-07-09,20250709095000000,sh.600864,6.0600,6.0800,6.0400,6.0600,3156100,19139668.0000,3
2025-07-09,20250709095500000,sh.600864,6.0600,6.0700,6.0500,6.0500,642000,3887572.0000,3
2025-07-09,20250709100000000,sh.600864,6.0600,6.0700,6.0500,6.0600,881300,5339288.0000,3
2025-07-09,20250709100500000,sh.600864,6.0600,6.0800,6.0600,6.0600,1608900,9767200.0000,3
2025-07-09,20250709101000000,sh.600864,6.0700,6.0700,6.0500,6.0600,789200,4785384.0000,3
2025-07-09,20250709101500000,sh.600864,6.0700,6.0700,6.0600,6.0700,230700,1398704.0000,3
2025-07-09,20250709102000000,sh.600864,6.0600,6.0700,6.0500,6.0500,430400,2608344.0000,3
2025-07-09,20250709102500000,sh.600864,6.0500,6.0600,6.0400,6.0400,761400,4603392.0000,3
2025-07-09,20250709103000000,sh.600864,6.0400,6.0700,6.0400,6.0600,523700,3170968.0000,3
2025-07-09,20250709103500000,sh.600864,6.0600,6.0700,6.0600,6.0600,189700,1150616.0000,3
2025-07-09,20250709104000000,sh.600864,6.0700,6.0700,6.0500,6.0600,985400,5967800.0000,3
2025-07-09,20250709104500000,sh.600864,6.0500,6.0600,6.0500,6.0500,262800,1591096.0000,3
2025-07-09,20250709105000000,sh.600864,6.0500,6.0800,6.0500,6.0700,1857700,11274272.0000,3
2025-07-09,20250709105500000,sh.600864,6.0800,6.0800,6.0700,6.0700,462700,2811352.0000,3
2025-07-09,20250709110000000,sh.600864,6.0800,6.0800,6.0600,6.0600,675900,4102992.0000,3
2025-07-09,20250709110500000,sh.600864,6.0700,6.0700,6.0400,6.0500,1455100,8801728.0000,3
2025-07-09,20250709111000000,sh.600864,6.0500,6.0800,6.0500,6.0600,758000,4594608.0000,3
2025-07-09,20250709111500000,sh.600864,6.0600,6.0700,6.0500,6.0600,351300,2128928.0000,3
2025-07-09,20250709112000000,sh.600864,6.0600,6.0700,6.0500,6.0600,206000,1248544.0000,3
2025-07-09,20250709112500000,sh.600864,6.0600,6.0800,6.0600,6.0800,661800,4016192.0000,3
2025-07-09,20250709113000000,sh.600864,6.0800,6.0800,6.0700,6.0700,668000,4060480.0000,3
2025-07-09,20250709130500000,sh.600864,6.0700,6.0800,6.0600,6.0700,603500,3664176.0000,3
2025-07-09,20250709131000000,sh.600864,6.0700,6.0700,6.0600,6.0600,114500,694448.0000,3
2025-07-09,20250709131500000,sh.600864,6.0600,6.0700,6.0600,6.0700,357300,2168128.0000,3
2025-07-09,20250709132000000,sh.600864,6.0700,6.0800,6.0600,6.0700,506600,3075200.0000,3
2025-07-09,20250709132500000,sh.600864,6.0800,6.0800,6.0700,6.0800,138000,838048.0000,3
2025-07-09,20250709133000000,sh.600864,6.0800,6.0800,6.0700,6.0700,410200,2490304.0000,3
2025-07-09,20250709133500000,sh.600864,6.0800,6.0800,6.0700,6.0800,569000,3454016.0000,3
2025-07-09,20250709134000000,sh.600864,6.0700,6.0800,6.0600,6.0600,327800,1988528.0000,3
2025-07-09,20250709134500000,sh.600864,6.0600,6.0600,6.0400,6.0600,978400,5919488.0000,3
2025-07-09,20250709135000000,sh.600864,6.0600,6.0700,6.0400,6.0600,383500,2321936.0000,3
2025-07-09,20250709135500000,sh.600864,6.0700,6.0800,6.0600,6.0600,838400,5088128.0000,3
2025-07-09,20250709140000000,sh.600864,6.0700,6.0700,6.0600,6.0700,245700,1491280.0000,3
2025-07-09,20250709140500000,sh.600864,6.0700,6.0700,6.0500,6.0500,406400,2463344.0000,3
2025-07-09,20250709141000000,sh.600864,6.0500,6.0600,6.0400,6.0400,597300,3612240.0000,3
2025-07-09,20250709141500000,sh.600864,6.0500,6.0500,6.0200,6.0300,990400,5973776.0000,3
2025-07-09,20250709142000000,sh.600864,6.0300,6.0500,6.0300,6.0400,331200,1999664.0000,3
2025-07-09,20250709142500000,sh.600864,6.0400,6.0500,6.0300,6.0300,337700,2039600.0000,3
2025-07-09,20250709143000000,sh.600864,6.0300,6.0400,6.0300,6.0300,279200,1684112.0000,3
2025-07-09,20250709143500000,sh.600864,6.0400,6.0400,6.0300,6.0400,102200,616416.0000,3
2025-07-09,20250709144000000,sh.600864,6.0300,6.0400,6.0200,6.0200,441100,2658368.0000,3
2025-07-09,20250709144500000,sh.600864,6.0300,6.0300,6.0100,6.0100,1105700,6649360.0000,3
2025-07-09,20250709145000000,sh.600864,6.0100,6.0200,6.0000,6.0200,1275500,7661248.0000,3
2025-07-09,20250709145500000,sh.600864,6.0200,6.0200,6.0100,6.0100,664800,4000512.0000,3
2025-07-09,20250709150000000,sh.600864,6.0200,6.0300,6.0100,6.0300,1076900,6488128.0000,3
2025-07-10,20250710093500000,sh.600864,6.0100,6.0500,6.0100,6.0400,1516400,9144597.0000,3
2025-07-10,20250710094000000,sh.600864,6.0300,6.0600,6.0300,6.0300,1385900,8377523.0000,3
2025-07-10,20250710094500000,sh.600864,6.0300,6.0500,6.0300,6.0500,615500,3717890.0000,3
2025-07-10,20250710095000000,sh.600864,6.0400,6.0800,6.0400,6.0700,1556700,9445158.0000,3
2025-07-10,20250710095500000,sh.600864,6.0800,6.1000,6.0700,6.1000,1570500,9553272.0000,3
2025-07-10,20250710100000000,sh.600864,6.1000,6.1200,6.0900,6.1100,2947900,18003116.0000,3
2025-07-10,20250710100500000,sh.600864,6.1100,6.1200,6.1000,6.1000,1491100,9110284.0000,3
2025-07-10,20250710101000000,sh.600864,6.1000,6.2300,6.0900,6.1900,8152300,50391200.0000,3
2025-07-10,20250710101500000,sh.600864,6.2000,6.2100,6.1500,6.1700,4166900,25773104.0000,3
2025-07-10,20250710102000000,sh.600864,6.1600,6.1700,6.1500,6.1500,1859400,11452112.0000,3
2025-07-10,20250710102500000,sh.600864,6.1400,6.1700,6.1400,6.1500,1108800,6828656.0000,3
2025-07-10,20250710103000000,sh.600864,6.1500,6.2000,6.1500,6.1900,1900300,11745328.0000,3
2025-07-10,20250710103500000,sh.600864,6.2000,6.2300,6.2000,6.2200,3596400,22342240.0000,3
2025-07-10,20250710104000000,sh.600864,6.2100,6.2300,6.1800,6.1900,1809400,11238080.0000,3
2025-07-10,20250710104500000,sh.600864,6.1800,6.1900,6.1800,6.1800,803400,4969952.0000,3
2025-07-10,20250710105000000,sh.600864,6.1900,6.1900,6.1600,6.1600,717600,4430720.0000,3
2025-07-10,20250710105500000,sh.600864,6.1700,6.1700,6.1500,6.1600,855500,5269744.0000,3
2025-07-10,20250710110000000,sh.600864,6.1600,6.1900,6.1600,6.1900,432900,2673536.0000,3
2025-07-10,20250710110500000,sh.600864,6.1900,6.1900,6.1800,6.1800,649500,4019472.0000,3
2025-07-10,20250710111000000,sh.600864,6.1800,6.1900,6.1700,6.1700,825500,5101920.0000,3
2025-07-10,20250710111500000,sh.600864,6.1800,6.1900,6.1600,6.1700,695200,4292464.0000,3
2025-07-10,20250710112000000,sh.600864,6.1700,6.1800,6.1600,6.1800,346700,2141296.0000,3
2025-07-10,20250710112500000,sh.600864,6.1800,6.1900,6.1600,6.1700,433500,2675584.0000,3
2025-07-10,20250710113000000,sh.600864,6.1700,6.1800,6.1600,6.1700,270100,1665824.0000,3
2025-07-10,20250710130500000,sh.600864,6.1600,6.2200,6.1600,6.2200,2708900,16797568.0000,3
2025-07-10,20250710131000000,sh.600864,6.2100,6.2800,6.2100,6.2800,3604800,22504032.0000,3
2025-07-10,20250710131500000,sh.600864,6.2800,6.3200,6.2600,6.2600,8204400,51586848.0000,3
2025-07-10,20250710132000000,sh.600864,6.2700,6.2700,6.2300,6.2400,1815600,11341056.0000,3
2025-07-10,20250710132500000,sh.600864,6.2400,6.2400,6.2200,6.2400,1295100,8071488.0000,3
2025-07-10,20250710133000000,sh.600864,6.2400,6.2500,6.2300,6.2500,636600,3973120.0000,3
2025-07-10,20250710133500000,sh.600864,6.2400,6.2600,6.2400,6.2400,1013000,6330176.0000,3
2025-07-10,20250710134000000,sh.600864,6.2400,6.2700,6.2400,6.2400,923400,5772672.0000,3
2025-07-10,20250710134500000,sh.600864,6.2400,6.2500,6.2300,6.2400,921400,5749440.0000,3
2025-07-10,20250710135000000,sh.600864,6.2400,6.2500,6.2300,6.2400,807700,5040928.0000,3
2025-07-10,20250710135500000,sh.600864,6.2400,6.2500,6.2200,6.2200,799400,4982048.0000,3
2025-07-10,20250710140000000,sh.600864,6.2200,6.2200,6.2000,6.2100,1013100,6293536.0000,3
2025-07-10,20250710140500000,sh.600864,6.2200,6.2300,6.2100,6.2100,610800,3797216.0000,3
2025-07-10,20250710141000000,sh.600864,6.2100,6.2400,6.2100,6.2300,814800,5074720.0000,3
2025-07-10,20250710141500000,sh.600864,6.2300,6.2500,6.2300,6.2500,619800,3870400.0000,3
2025-07-10,20250710142000000,sh.600864,6.2500,6.2600,6.2300,6.2500,1049000,6551840.0000,3
2025-07-10,20250710142500000,sh.600864,6.2300,6.2500,6.2100,6.2200,771700,4807968.0000,3
2025-07-10,20250710143000000,sh.600864,6.2100,6.2200,6.1900,6.2000,807200,5008608.0000,3
2025-07-10,20250710143500000,sh.600864,6.1900,6.2000,6.1800,6.1800,1199900,7426784.0000,3
2025-07-10,20250710144000000,sh.600864,6.1900,6.1900,6.1600,6.1800,1454500,8982976.0000,3
2025-07-10,20250710144500000,sh.600864,6.1800,6.1900,6.1800,6.1900,1054900,6522016.0000,3
2025-07-10,20250710145000000,sh.600864,6.1800,6.1900,6.1800,6.1800,786300,4862560.0000,3
2025-07-10,20250710145500000,sh.600864,6.1800,6.2000,6.1800,6.1900,1926100,11914176.0000,3
2025-07-10,20250710150000000,sh.600864,6.1900,6.2000,6.1800,6.1900,464100,2872992.0000,3
2025-07-11,20250711093500000,sh.600864,6.5500,6.7900,6.4700,6.6700,50648100,337632768.0000,3
2025-07-11,20250711094000000,sh.600864,6.6700,6.8100,6.6300,6.8000,24093100,162098304.0000,3
2025-07-11,20250711094500000,sh.600864,6.7900,6.8000,6.7000,6.7200,10746600,72524544.0000,3
2025-07-11,20250711095000000,sh.600864,6.7100,6.8200,6.7100,6.8200,25590300,174247550.0000,3
2025-07-11,20250711095500000,sh.600864,6.8200,6.8200,6.8200,6.8200,1643300,11207298.0000,3
2025-07-11,20250711100000000,sh.600864,6.8200,6.8200,6.8200,6.8200,504000,3437312.0000,3
2025-07-11,20250711100500000,sh.600864,6.8200,6.8200,6.8200,6.8200,1021700,6968000.0000,3
2025-07-11,20250711101000000,sh.600864,6.8200,6.8200,6.8200,6.8200,316900,2161216.0000,3
2025-07-11,20250711101500000,sh.600864,6.8200,6.8200,6.8200,6.8200,406900,2775104.0000,3
2025-07-11,20250711102000000,sh.600864,6.8200,6.8200,6.8200,6.8200,1079200,7360128.0000,3
2025-07-11,20250711102500000,sh.600864,6.8200,6.8200,6.8200,6.8200,297000,2025536.0000,3
2025-07-11,20250711103000000,sh.600864,6.8200,6.8200,6.8200,6.8200,171900,1172352.0000,3
2025-07-11,20250711103500000,sh.600864,6.8200,6.8200,6.8200,6.8200,319300,2177664.0000,3
2025-07-11,20250711104000000,sh.600864,6.8200,6.8200,6.8200,6.8200,213800,1458112.0000,3
2025-07-11,20250711104500000,sh.600864,6.8200,6.8200,6.8200,6.8200,207000,1411712.0000,3
2025-07-11,20250711105000000,sh.600864,6.8200,6.8200,6.8200,6.8200,209300,1427456.0000,3
2025-07-11,20250711105500000,sh.600864,6.8200,6.8200,6.8200,6.8200,130000,886592.0000,3
2025-07-11,20250711110000000,sh.600864,6.8200,6.8200,6.8200,6.8200,205000,1398080.0000,3
2025-07-11,20250711110500000,sh.600864,6.8200,6.8200,6.8200,6.8200,249800,1703616.0000,3
2025-07-11,20250711111000000,sh.600864,6.8200,6.8200,6.8200,6.8200,193800,1321728.0000,3
2025-07-11,20250711111500000,sh.600864,6.8200,6.8200,6.8200,6.8200,759300,5178432.0000,3
2025-07-11,20250711112000000,sh.600864,6.8200,6.8200,6.8200,6.8200,320700,2187200.0000,3
2025-07-11,20250711112500000,sh.600864,6.8200,6.8200,6.8200,6.8200,1053700,7186176.0000,3
2025-07-11,20250711113000000,sh.600864,6.8200,6.8200,6.8200,6.8200,100200,683392.0000,3
2025-07-11,20250711130500000,sh.600864,6.8200,6.8200,6.8200,6.8200,358300,2443584.0000,3
2025-07-11,20250711131000000,sh.600864,6.8200,6.8200,6.8200,6.8200,59700,407168.0000,3
2025-07-11,20250711131500000,sh.600864,6.8200,6.8200,6.8200,6.8200,138400,943872.0000,3
2025-07-11,20250711132000000,sh.600864,6.8200,6.8200,6.8200,6.8200,103600,706560.0000,3
2025-07-11,20250711132500000,sh.600864,6.8200,6.8200,6.8200,6.8200,83800,571520.0000,3
2025-07-11,20250711133000000,sh.600864,6.8200,6.8200,6.8200,6.8200,23600,160960.0000,3
2025-07-11,20250711133500000,sh.600864,6.8200,6.8200,6.8200,6.8200,35900,244864.0000,3
2025-07-11,20250711134000000,sh.600864,6.8200,6.8200,6.8200,6.8200,48800,332800.0000,3
2025-07-11,20250711134500000,sh.600864,6.8200,6.8200,6.8200,6.8200,57200,390080.0000,3
2025-07-11,20250711135000000,sh.600864,6.8200,6.8200,6.8200,6.8200,23100,157568.0000,3
2025-07-11,20250711135500000,sh.600864,6.8200,6.8200,6.8200,6.8200,84800,578304.0000,3
2025-07-11,20250711140000000,sh.600864,6.8200,6.8200,6.8200,6.8200,82100,559936.0000,3
2025-07-11,20250711140500000,sh.600864,6.8200,6.8200,6.8200,6.8200,103900,708608.0000,3
2025-07-11,20250711141000000,sh.600864,6.8200,6.8200,6.8200,6.8200,131600,897536.0000,3
2025-07-11,20250711141500000,sh.600864,6.8200,6.8200,6.8200,6.8200,65100,443968.0000,3
2025-07-11,20250711142000000,sh.600864,6.8200,6.8200,6.8200,6.8200,52100,355264.0000,3
2025-07-11,20250711142500000,sh.600864,6.8200,6.8200,6.8200,6.8200,81300,554496.0000,3
2025-07-11,20250711143000000,sh.600864,6.8200,6.8200,6.8200,6.8200,70000,477440.0000,3
2025-07-11,20250711143500000,sh.600864,6.8200,6.8200,6.8200,6.8200,95100,648576.0000,3
2025-07-11,20250711144000000,sh.600864,6.8200,6.8200,6.8200,6.8200,102100,696320.0000,3
2025-07-11,20250711144500000,sh.600864,6.8200,6.8200,6.8200,6.8200,441800,3013056.0000,3
2025-07-11,20250711145000000,sh.600864,6.8200,6.8200,6.8200,6.8200,677300,4619200.0000,3
2025-07-11,20250711145500000,sh.600864,6.8200,6.8200,6.8200,6.8200,577000,3935104.0000,3
2025-07-11,20250711150000000,sh.600864,6.8200,6.8200,6.8200,6.8200,714600,4873600.0000,3
2025-07-14,20250714093500000,sh.600864,6.8200,6.9000,6.7400,6.8100,37234900,253715104.0000,3
2025-07-14,20250714094000000,sh.600864,6.8200,6.8200,6.7000,6.7200,10926800,73818400.0000,3
2025-07-14,20250714094500000,sh.600864,6.7200,6.7200,6.6200,6.6300,10105500,67226784.0000,3
2025-07-14,20250714095000000,sh.600864,6.6200,6.6600,6.6200,6.6300,5875600,38999424.0000,3
2025-07-14,20250714095500000,sh.600864,6.6200,6.6500,6.6100,6.6300,5477600,36274624.0000,3
2025-07-14,20250714100000000,sh.600864,6.6300,6.6400,6.5700,6.6000,6148900,40617472.0000,3
2025-07-14,20250714100500000,sh.600864,6.6000,6.6500,6.6000,6.6500,4702300,31181088.0000,3
2025-07-14,20250714101000000,sh.600864,6.6500,6.6700,6.6300,6.6300,3074900,20433920.0000,3
2025-07-14,20250714101500000,sh.600864,6.6400,6.6800,6.6300,6.6400,2208200,14680064.0000,3
2025-07-14,20250714102000000,sh.600864,6.6500,6.6500,6.6200,6.6400,1759900,11674304.0000,3
2025-07-14,20250714102500000,sh.600864,6.6300,6.6400,6.6100,6.6100,2051500,13578046.0000,3
2025-07-14,20250714103000000,sh.600864,6.6100,6.6100,6.5900,6.6000,2672700,17636674.0000,3
2025-07-14,20250714103500000,sh.600864,6.6000,6.6300,6.6000,6.6200,1675200,11079232.0000,3
2025-07-14,20250714104000000,sh.600864,6.6300,6.6500,6.6100,6.6500,1735900,11508483.0000,3
2025-07-14,20250714104500000,sh.600864,6.6400,6.6500,6.6000,6.6100,1657400,10966397.0000,3
2025-07-14,20250714105000000,sh.600864,6.6100,6.6100,6.6000,6.6100,1039300,6864128.0000,3
2025-07-14,20250714105500000,sh.600864,6.6100,6.6100,6.5900,6.6000,1612600,10640960.0000,3
2025-07-14,20250714110000000,sh.600864,6.6000,6.6100,6.5700,6.5900,2086100,13742976.0000,3
2025-07-14,20250714110500000,sh.600864,6.5900,6.6200,6.5800,6.6000,2278700,15039488.0000,3
2025-07-14,20250714111000000,sh.600864,6.6000,6.6100,6.5900,6.5900,1726700,11388800.0000,3
2025-07-14,20250714111500000,sh.600864,6.6000,6.6100,6.5900,6.5900,1358300,8968704.0000,3
2025-07-14,20250714112000000,sh.600864,6.5900,6.6100,6.5800,6.5800,1196200,7891904.0000,3
2025-07-14,20250714112500000,sh.600864,6.5900,6.6200,6.5800,6.6000,1350400,8909312.0000,3
2025-07-14,20250714113000000,sh.600864,6.6000,6.6200,6.6000,6.6100,861700,5692736.0000,3
2025-07-14,20250714130500000,sh.600864,6.6000,6.6400,6.6000,6.6400,2820400,18647296.0000,3
2025-07-14,20250714131000000,sh.600864,6.6400,6.6700,6.6300,6.6400,2732800,18183554.0000,3
2025-07-14,20250714131500000,sh.600864,6.6400,6.6500,6.6200,6.6300,1594100,10582338.0000,3
2025-07-14,20250714132000000,sh.600864,6.6400,6.6500,6.6300,6.6500,967000,6422656.0000,3
2025-07-14,20250714132500000,sh.600864,6.6400,6.6900,6.6400,6.6800,2495300,16627454.0000,3
2025-07-14,20250714133000000,sh.600864,6.6900,6.6900,6.6500,6.6800,2457000,16378693.0000,3
2025-07-14,20250714133500000,sh.600864,6.6600,6.6800,6.6600,6.6700,1887700,12585407.0000,3
2025-07-14,20250714134000000,sh.600864,6.6700,6.6700,6.6400,6.6500,1070500,7125627.0000,3
2025-07-14,20250714134500000,sh.600864,6.6500,6.6600,6.6400,6.6500,980800,6519095.0000,3
2025-07-14,20250714135000000,sh.600864,6.6500,6.6500,6.6300,6.6400,1063100,7061128.0000,3
2025-07-14,20250714135500000,sh.600864,6.6500,6.6500,6.6400,6.6500,573800,3813628.0000,3
2025-07-14,20250714140000000,sh.600864,6.6500,6.6500,6.6300,6.6500,1149700,7636224.0000,3
2025-07-14,20250714140500000,sh.600864,6.6400,6.6600,6.6300,6.6400,1588800,10555518.0000,3
2025-07-14,20250714141000000,sh.600864,6.6400,6.6600,6.6400,6.6500,1136800,7554245.0000,3
2025-07-14,20250714141500000,sh.600864,6.6400,6.6600,6.6400,6.6600,667600,4442681.0000,3
2025-07-14,20250714142000000,sh.600864,6.6600,6.6800,6.6500,6.6700,1388000,9253571.0000,3
2025-07-14,20250714142500000,sh.600864,6.6700,6.6700,6.6500,6.6600,1388500,9248705.0000,3
2025-07-14,20250714143000000,sh.600864,6.6600,6.6700,6.6600,6.6700,711600,4743814.0000,3
2025-07-14,20250714143500000,sh.600864,6.6600,6.6900,6.6600,6.6600,3001300,20037310.0000,3
2025-07-14,20250714144000000,sh.600864,6.6600,6.6700,6.6400,6.6400,3148800,20956664.0000,3
2025-07-14,20250714144500000,sh.600864,6.6400,6.6600,6.6400,6.6500,2239600,14895119.0000,3
2025-07-14,20250714145000000,sh.600864,6.6500,6.6500,6.6300,6.6400,3129700,20781943.0000,3
2025-07-14,20250714145500000,sh.600864,6.6400,6.6600,6.6400,6.6600,3556200,23658304.0000,3
2025-07-14,20250714150000000,sh.600864,6.6500,6.6600,6.6400,6.6400,3583600,23816192.0000,3
2025-07-15,20250715093500000,sh.600864,6.7000,6.7400,6.6000,6.6100,14267200,95429488.0000,3
2025-07-15,20250715094000000,sh.600864,6.6100,6.6600,6.6000,6.6300,3459100,22917600.0000,3
2025-07-15,20250715094500000,sh.600864,6.6400,6.6600,6.6200,6.6300,2705200,17953392.0000,3
2025-07-15,20250715095000000,sh.600864,6.6400,6.7000,6.6400,6.6400,4812400,32047344.0000,3
2025-07-15,20250715095500000,sh.600864,6.6500,6.6500,6.5800,6.5900,4816600,31819424.0000,3
2025-07-15,20250715100000000,sh.600864,6.5900,6.6000,6.5800,6.5800,2028300,13362064.0000,3
2025-07-15,20250715100500000,sh.600864,6.5900,6.6100,6.5800,6.5800,2236400,14746512.0000,3
2025-07-15,20250715101000000,sh.600864,6.5800,6.5900,6.5500,6.5600,2905300,19081232.0000,3
2025-07-15,20250715101500000,sh.600864,6.5600,6.5600,6.5300,6.5300,3925000,25691712.0000,3
2025-07-15,20250715102000000,sh.600864,6.5300,6.5700,6.5200,6.5700,2549300,16678176.0000,3
2025-07-15,20250715102500000,sh.600864,6.5700,6.6100,6.5700,6.6000,2758000,18172864.0000,3
2025-07-15,20250715103000000,sh.600864,6.6100,6.6100,6.5900,6.6000,1734300,11442944.0000,3
2025-07-15,20250715103500000,sh.600864,6.6100,6.6200,6.6000,6.6100,1387500,9177984.0000,3
2025-07-15,20250715104000000,sh.600864,6.6200,6.6700,6.6200,6.6500,5322800,35414624.0000,3
2025-07-15,20250715104500000,sh.600864,6.6500,6.6700,6.6300,6.6600,2592300,17240992.0000,3
2025-07-15,20250715105000000,sh.600864,6.6500,6.6600,6.6300,6.6400,1662800,11046496.0000,3
2025-07-15,20250715105500000,sh.600864,6.6400,6.6400,6.6100,6.6100,1489800,9865568.0000,3
2025-07-15,20250715110000000,sh.600864,6.6200,6.6300,6.5800,6.5900,1756400,11595616.0000,3
2025-07-15,20250715110500000,sh.600864,6.5900,6.6000,6.5700,6.5800,2023100,13307552.0000,3
2025-07-15,20250715111000000,sh.600864,6.5800,6.5900,6.5600,6.5700,1113700,7321696.0000,3
2025-07-15,20250715111500000,sh.600864,6.5700,6.5700,6.5500,6.5500,1257500,8246432.0000,3
2025-07-15,20250715112000000,sh.600864,6.5500,6.5600,6.5400,6.5600,1612600,10567072.0000,3
2025-07-15,20250715112500000,sh.600864,6.5500,6.5600,6.5300,6.5500,1327900,8689760.0000,3
2025-07-15,20250715113000000,sh.600864,6.5600,6.5600,6.5300,6.5400,1068700,6989856.0000,3
2025-07-15,20250715130500000,sh.600864,6.5400,6.5600,6.5300,6.5500,1198200,7841536.0000,3
2025-07-15,20250715131000000,sh.600864,6.5500,6.5600,6.5400,6.5500,810900,5310240.0000,3
2025-07-15,20250715131500000,sh.600864,6.5500,6.5600,6.5400,6.5500,1066800,6978880.0000,3
2025-07-15,20250715132000000,sh.600864,6.5500,6.5800,6.5500,6.5500,1324800,8690944.0000,3
2025-07-15,20250715132500000,sh.600864,6.5500,6.5700,6.5500,6.5700,775000,5084064.0000,3
2025-07-15,20250715133000000,sh.600864,6.5700,6.5700,6.5500,6.5600,404400,2650784.0000,3
2025-07-15,20250715133500000,sh.600864,6.5600,6.5700,6.5400,6.5500,987400,6470016.0000,3
2025-07-15,20250715134000000,sh.600864,6.5500,6.5600,6.5400,6.5600,739400,4842784.0000,3
2025-07-15,20250715134500000,sh.600864,6.5500,6.5600,6.5400,6.5500,501100,3281888.0000,3
2025-07-15,20250715135000000,sh.600864,6.5500,6.5500,6.5400,6.5500,379200,2480928.0000,3
2025-07-15,20250715135500000,sh.600864,6.5400,6.5500,6.5300,6.5400,1001800,6554848.0000,3
2025-07-15,20250715140000000,sh.600864,6.5500,6.5500,6.5200,6.5400,1044200,6822624.0000,3
2025-07-15,20250715140500000,sh.600864,6.5300,6.5600,6.5300,6.5400,1349900,8834587.0000,3
2025-07-15,20250715141000000,sh.600864,6.5400,6.5500,6.5300,6.5400,754100,4932736.0000,3
2025-07-15,20250715141500000,sh.600864,6.5500,6.5500,6.5300,6.5300,835600,5464769.0000,3
2025-07-15,20250715142000000,sh.600864,6.5300,6.5400,6.5200,6.5300,843800,5509447.0000,3
2025-07-15,20250715142500000,sh.600864,6.5400,6.5400,6.5300,6.5300,409600,2677376.0000,3
2025-07-15,20250715143000000,sh.600864,6.5300,6.5500,6.5300,6.5400,965100,6310718.0000,3
2025-07-15,20250715143500000,sh.600864,6.5400,6.5600,6.5300,6.5500,2383000,15602111.0000,3
2025-07-15,20250715144000000,sh.600864,6.5500,6.5600,6.5200,6.5300,2280500,14913021.0000,3
2025-07-15,20250715144500000,sh.600864,6.5300,6.5400,6.5200,6.5200,1005300,6562431.0000,3
2025-07-15,20250715145000000,sh.600864,6.5300,6.5300,6.5100,6.5300,2232300,14556544.0000,3
2025-07-15,20250715145500000,sh.600864,6.5200,6.5300,6.5100,6.5200,3417000,22273532.0000,3
2025-07-15,20250715150000000,sh.600864,6.5100,6.5500,6.5000,6.5500,2924300,19096200.0000,3
2025-07-16,20250716093500000,sh.600864,6.5200,6.5400,6.4300,6.4700,7840800,50833116.0000,3
2025-07-16,20250716094000000,sh.600864,6.4700,6.5100,6.4500,6.4800,2863200,18539492.0000,3
2025-07-16,20250716094500000,sh.600864,6.4700,6.5200,6.4700,6.5200,1956000,12696120.0000,3
2025-07-16,20250716095000000,sh.600864,6.5000,6.5500,6.5000,6.5200,2060500,13440712.0000,3
2025-07-16,20250716095500000,sh.600864,6.5200,6.5900,6.5200,6.5600,3514100,23061104.0000,3
2025-07-16,20250716100000000,sh.600864,6.5600,6.5700,6.5300,6.5400,1823700,11953616.0000,3
2025-07-16,20250716100500000,sh.600864,6.5300,6.5400,6.5200,6.5200,1242900,8111632.0000,3
2025-07-16,20250716101000000,sh.600864,6.5200,6.5200,6.5000,6.5000,1498600,9750928.0000,3
2025-07-16,20250716101500000,sh.600864,6.5000,6.5100,6.4900,6.4900,894400,5812176.0000,3
2025-07-16,20250716102000000,sh.600864,6.5000,6.5500,6.5000,6.5300,1480300,9661264.0000,3
2025-07-16,20250716102500000,sh.600864,6.5400,6.5400,6.5200,6.5300,639000,4173712.0000,3
2025-07-16,20250716103000000,sh.600864,6.5300,6.5400,6.5100,6.5100,505300,3295152.0000,3
2025-07-16,20250716103500000,sh.600864,6.5100,6.5200,6.5000,6.5000,975700,6350912.0000,3
2025-07-16,20250716104000000,sh.600864,6.5000,6.5100,6.4900,6.5000,691900,4493408.0000,3
2025-07-16,20250716104500000,sh.600864,6.4900,6.5000,6.4800,6.4800,1378900,8944320.0000,3
2025-07-16,20250716105000000,sh.600864,6.4800,6.5000,6.4800,6.4900,670700,4350624.0000,3
2025-07-16,20250716105500000,sh.600864,6.4900,6.4900,6.4800,6.4900,354700,2298944.0000,3
2025-07-16,20250716110000000,sh.600864,6.4800,6.5000,6.4800,6.4900,443300,2874688.0000,3
2025-07-16,20250716110500000,sh.600864,6.5000,6.5000,6.4900,6.5000,360900,2343232.0000,3
2025-07-16,20250716111000000,sh.600864,6.4900,6.5000,6.4800,6.5000,547400,3551632.0000,3
2025-07-16,20250716111500000,sh.600864,6.5000,6.5200,6.4800,6.5200,792100,5150096.0000,3
2025-07-16,20250716112000000,sh.600864,6.5200,6.5200,6.5000,6.5000,350000,2278384.0000,3
2025-07-16,20250716112500000,sh.600864,6.5000,6.5100,6.4900,6.4900,319200,2075520.0000,3
2025-07-16,20250716113000000,sh.600864,6.4900,6.5000,6.4900,6.5000,406600,2639312.0000,3
2025-07-16,20250716130500000,sh.600864,6.5000,6.5000,6.4700,6.4900,1568500,10166000.0000,3
2025-07-16,20250716131000000,sh.600864,6.4800,6.4900,6.4800,6.4900,227900,1477648.0000,3
2025-07-16,20250716131500000,sh.600864,6.4900,6.4900,6.4700,6.4800,794100,5143040.0000,3
2025-07-16,20250716132000000,sh.600864,6.4800,6.4800,6.4700,6.4700,383600,2483872.0000,3
2025-07-16,20250716132500000,sh.600864,6.4800,6.4800,6.4700,6.4800,267600,1732624.0000,3
2025-07-16,20250716133000000,sh.600864,6.4700,6.4900,6.4700,6.4900,755600,4895072.0000,3
2025-07-16,20250716133500000,sh.600864,6.4900,6.4900,6.4700,6.4700,379200,2455808.0000,3
2025-07-16,20250716134000000,sh.600864,6.4800,6.4800,6.4700,6.4700,313800,2031360.0000,3
2025-07-16,20250716134500000,sh.600864,6.4700,6.4800,6.4600,6.4700,481700,3116240.0000,3
2025-07-16,20250716135000000,sh.600864,6.4600,6.4600,6.4400,6.4600,3009700,19413472.0000,3
2025-07-16,20250716135500000,sh.600864,6.4600,6.4700,6.4500,6.4600,808800,5222432.0000,3
2025-07-16,20250716140000000,sh.600864,6.4700,6.4800,6.4600,6.4700,587600,3801696.0000,3
2025-07-16,20250716140500000,sh.600864,6.4600,6.4800,6.4600,6.4800,437300,2828992.0000,3
2025-07-16,20250716141000000,sh.600864,6.4700,6.5000,6.4700,6.5000,693700,4494496.0000,3
2025-07-16,20250716141500000,sh.600864,6.5000,6.5100,6.4800,6.5100,1027500,6678400.0000,3
2025-07-16,20250716142000000,sh.600864,6.5100,6.5200,6.5000,6.5200,945600,6162176.0000,3
2025-07-16,20250716142500000,sh.600864,6.5200,6.5200,6.5000,6.5000,727800,4736608.0000,3
2025-07-16,20250716143000000,sh.600864,6.5000,6.5000,6.4900,6.5000,380600,2472480.0000,3
2025-07-16,20250716143500000,sh.600864,6.4900,6.5000,6.4800,6.4900,616200,3999680.0000,3
2025-07-16,20250716144000000,sh.600864,6.5000,6.5000,6.4900,6.4900,575000,3736576.0000,3
2025-07-16,20250716144500000,sh.600864,6.4900,6.5000,6.4900,6.4900,626600,4070624.0000,3
2025-07-16,20250716145000000,sh.600864,6.5000,6.5000,6.4900,6.4900,1223700,7945824.0000,3
2025-07-16,20250716145500000,sh.600864,6.4900,6.5100,6.4900,6.5000,1608100,10449664.0000,3
2025-07-16,20250716150000000,sh.600864,6.5100,6.5200,6.5000,6.5200,2015500,13130208.0000,3
2025-07-17,20250717093500000,sh.600864,6.5200,6.5400,6.5000,6.5400,3120700,20361236.0000,3
2025-07-17,20250717094000000,sh.600864,6.5400,6.5500,6.5100,6.5500,2560400,16714444.0000,3
2025-07-17,20250717094500000,sh.600864,6.5400,6.5600,6.5200,6.5500,2422000,15838908.0000,3
2025-07-17,20250717095000000,sh.600864,6.5500,6.5500,6.5100,6.5200,1845100,12050476.0000,3
2025-07-17,20250717095500000,sh.600864,6.5300,6.5400,6.5200,6.5400,803500,5245464.0000,3
2025-07-17,20250717100000000,sh.600864,6.5300,6.5400,6.5200,6.5200,1186500,7747152.0000,3
2025-07-17,20250717100500000,sh.600864,6.5200,6.5200,6.4900,6.4900,1699100,11051472.0000,3
2025-07-17,20250717101000000,sh.600864,6.4900,6.5100,6.4900,6.5000,1056200,6861240.0000,3
2025-07-17,20250717101500000,sh.600864,6.5000,6.5200,6.5000,6.5100,706100,4594664.0000,3
2025-07-17,20250717102000000,sh.600864,6.5100,6.5100,6.4900,6.5000,644200,4188360.0000,3
2025-07-17,20250717102500000,sh.600864,6.4900,6.5000,6.4900,6.5000,973500,6319624.0000,3
2025-07-17,20250717103000000,sh.600864,6.5000,6.5100,6.4900,6.4900,674600,4383424.0000,3
2025-07-17,20250717103500000,sh.600864,6.4900,6.5000,6.4800,6.4900,665500,4316288.0000,3
2025-07-17,20250717104000000,sh.600864,6.4800,6.5000,6.4800,6.5000,261100,1694992.0000,3
2025-07-17,20250717104500000,sh.600864,6.4900,6.5000,6.4900,6.5000,484200,3143056.0000,3
2025-07-17,20250717105000000,sh.600864,6.5000,6.5000,6.4900,6.4900,365800,2374984.0000,3
2025-07-17,20250717105500000,sh.600864,6.5000,6.5100,6.4900,6.5100,486700,3163680.0000,3
2025-07-17,20250717110000000,sh.600864,6.5100,6.5100,6.4900,6.4900,397700,2582816.0000,3
2025-07-17,20250717110500000,sh.600864,6.5000,6.5000,6.4800,6.4900,379500,2463688.0000,3
2025-07-17,20250717111000000,sh.600864,6.4900,6.5000,6.4900,6.4900,307900,1999136.0000,3
2025-07-17,20250717111500000,sh.600864,6.5000,6.5000,6.4800,6.4800,643500,4173712.0000,3
2025-07-17,20250717112000000,sh.600864,6.4900,6.5100,6.4800,6.5000,652000,4235632.0000,3
2025-07-17,20250717112500000,sh.600864,6.5000,6.5200,6.4900,6.5000,584500,3801632.0000,3
2025-07-17,20250717113000000,sh.600864,6.5000,6.5100,6.5000,6.5000,1294000,8412432.0000,3
2025-07-17,20250717130500000,sh.600864,6.5100,6.5100,6.4900,6.5000,1274800,8287952.0000,3
2025-07-17,20250717131000000,sh.600864,6.5000,6.5100,6.4900,6.4900,635100,4127808.0000,3
2025-07-17,20250717131500000,sh.600864,6.4900,6.5100,6.4900,6.5000,725200,4712496.0000,3
2025-07-17,20250717132000000,sh.600864,6.4900,6.5100,6.4900,6.5000,541600,3519920.0000,3
2025-07-17,20250717132500000,sh.600864,6.5100,6.5100,6.4900,6.5000,450500,2928576.0000,3
2025-07-17,20250717133000000,sh.600864,6.5100,6.5100,6.4900,6.4900,689000,4477408.0000,3
2025-07-17,20250717133500000,sh.600864,6.5000,6.5200,6.4900,6.5000,784600,5104032.0000,3
2025-07-17,20250717134000000,sh.600864,6.5000,6.5200,6.5000,6.5100,482800,3144096.0000,3
2025-07-17,20250717134500000,sh.600864,6.5200,6.5400,6.5100,6.5200,2608600,17037376.0000,3
2025-07-17,20250717135000000,sh.600864,6.5300,6.5300,6.5100,6.5100,1013600,6604912.0000,3
2025-07-17,20250717135500000,sh.600864,6.5100,6.5100,6.5000,6.5100,485700,3159456.0000,3
2025-07-17,20250717140000000,sh.600864,6.5100,6.5200,6.5000,6.5100,735200,4785824.0000,3
2025-07-17,20250717140500000,sh.600864,6.5100,6.5300,6.5100,6.5200,754400,4916816.0000,3
2025-07-17,20250717141000000,sh.600864,6.5200,6.5300,6.5100,6.5200,1209700,7891968.0000,3
2025-07-17,20250717141500000,sh.600864,6.5200,6.5200,6.5100,6.5100,375300,2446304.0000,3
2025-07-17,20250717142000000,sh.600864,6.5200,6.5200,6.5100,6.5200,337200,2197152.0000,3
2025-07-17,20250717142500000,sh.600864,6.5100,6.5200,6.5100,6.5100,748300,4875312.0000,3
2025-07-17,20250717143000000,sh.600864,6.5100,6.5200,6.5100,6.5200,496500,3235168.0000,3
2025-07-17,20250717143500000,sh.600864,6.5100,6.5200,6.5100,6.5100,370400,2413600.0000,3
2025-07-17,20250717144000000,sh.600864,6.5200,6.5300,6.5100,6.5100,1052300,6860928.0000,3
2025-07-17,20250717144500000,sh.600864,6.5100,6.5300,6.5100,6.5200,740300,4827024.0000,3
2025-07-17,20250717145000000,sh.600864,6.5300,6.5300,6.5100,6.5200,2446400,15951936.0000,3
2025-07-17,20250717145500000,sh.600864,6.5300,6.5400,6.5200,6.5400,2436900,15919456.0000,3
2025-07-17,20250717150000000,sh.600864,6.5300,6.5500,6.5300,6.5500,2989800,19570848.0000,3
2025-07-18,20250718093500000,sh.600864,6.5300,6.5600,6.5100,6.5100,4278000,27955280.0000,3
2025-07-18,20250718094000000,sh.600864,6.5100,6.5200,6.5000,6.5000,1847800,12028188.0000,3
2025-07-18,20250718094500000,sh.600864,6.5100,6.5300,6.5100,6.5300,1747200,11384548.0000,3
2025-07-18,20250718095000000,sh.600864,6.5300,6.5500,6.5200,6.5200,1663600,10878884.0000,3
2025-07-18,20250718095500000,sh.600864,6.5200,6.5600,6.5200,6.5500,1404600,9187804.0000,3
2025-07-18,20250718100000000,sh.600864,6.5400,6.5500,6.5300,6.5400,1063500,6954456.0000,3
2025-07-18,20250718100500000,sh.600864,6.5400,6.5500,6.5200,6.5300,1575900,10296656.0000,3
2025-07-18,20250718101000000,sh.600864,6.5300,6.5300,6.5100,6.5300,565200,3683328.0000,3
2025-07-18,20250718101500000,sh.600864,6.5300,6.5400,6.5100,6.5400,729200,4756328.0000,3
2025-07-18,20250718102000000,sh.600864,6.5400,6.5400,6.5300,6.5400,383700,2507560.0000,3
2025-07-18,20250718102500000,sh.600864,6.5400,6.5400,6.5200,6.5400,486700,3178600.0000,3
2025-07-18,20250718103000000,sh.600864,6.5300,6.5400,6.5300,6.5300,206900,1351952.0000,3
2025-07-18,20250718103500000,sh.600864,6.5300,6.5300,6.5100,6.5200,1077800,7030128.0000,3
2025-07-18,20250718104000000,sh.600864,6.5200,6.5200,6.5100,6.5200,431900,2813488.0000,3
2025-07-18,20250718104500000,sh.600864,6.5200,6.5300,6.5100,6.5200,393600,2566384.0000,3
2025-07-18,20250718105000000,sh.600864,6.5300,6.5400,6.5200,6.5300,496600,3242560.0000,3
2025-07-18,20250718105500000,sh.600864,6.5400,6.5500,6.5300,6.5400,1000900,6547416.0000,3
2025-07-18,20250718110000000,sh.600864,6.5400,6.5500,6.5300,6.5400,711300,4653024.0000,3
2025-07-18,20250718110500000,sh.600864,6.5400,6.5500,6.5300,6.5300,336800,2201648.0000,3
2025-07-18,20250718111000000,sh.600864,6.5300,6.5400,6.5300,6.5400,341300,2229032.0000,3
2025-07-18,20250718111500000,sh.600864,6.5300,6.5300,6.5200,6.5300,475100,3101632.0000,3
2025-07-18,20250718112000000,sh.600864,6.5300,6.5300,6.5200,6.5300,349800,2280976.0000,3
2025-07-18,20250718112500000,sh.600864,6.5200,6.5700,6.5200,6.5700,2384200,15611136.0000,3
2025-07-18,20250718113000000,sh.600864,6.5700,6.5700,6.5400,6.5500,1785500,11699600.0000,3
2025-07-18,20250718130500000,sh.600864,6.5400,6.5500,6.5100,6.5100,1373800,8968304.0000,3
2025-07-18,20250718131000000,sh.600864,6.5100,6.5300,6.5000,6.5200,1043600,6794480.0000,3
2025-07-18,20250718131500000,sh.600864,6.5200,6.5300,6.5100,6.5200,457200,2982192.0000,3
2025-07-18,20250718132000000,sh.600864,6.5200,6.5300,6.5200,6.5300,91000,593712.0000,3
2025-07-18,20250718132500000,sh.600864,6.5300,6.5400,6.5200,6.5400,350600,2289136.0000,3
2025-07-18,20250718133000000,sh.600864,6.5300,6.5400,6.5200,6.5200,425400,2777840.0000,3
2025-07-18,20250718133500000,sh.600864,6.5300,6.5300,6.5200,6.5300,171800,1120912.0000,3
2025-07-18,20250718134000000,sh.600864,6.5300,6.5300,6.5100,6.5100,864000,5632128.0000,3
2025-07-18,20250718134500000,sh.600864,6.5200,6.5200,6.5100,6.5200,137700,897488.0000,3
2025-07-18,20250718135000000,sh.600864,6.5100,6.5200,6.5100,6.5100,206900,1347744.0000,3
2025-07-18,20250718135500000,sh.600864,6.5100,6.5200,6.5000,6.5000,1377300,8958912.0000,3
2025-07-18,20250718140000000,sh.600864,6.5000,6.5100,6.4900,6.5000,907500,5895968.0000,3
2025-07-18,20250718140500000,sh.600864,6.4900,6.5100,6.4900,6.5000,1042900,6773872.0000,3
2025-07-18,20250718141000000,sh.600864,6.5000,6.5200,6.4900,6.5000,771100,5014976.0000,3
2025-07-18,20250718141500000,sh.600864,6.5000,6.5100,6.5000,6.5000,139000,904032.0000,3
2025-07-18,20250718142000000,sh.600864,6.5100,6.5200,6.5000,6.5100,778700,5066016.0000,3
2025-07-18,20250718142500000,sh.600864,6.5100,6.5100,6.5000,6.5100,245400,1595504.0000,3
2025-07-18,20250718143000000,sh.600864,6.5000,6.5100,6.5000,6.5100,534500,3478144.0000,3
2025-07-18,20250718143500000,sh.600864,6.5100,6.5200,6.5000,6.5100,613100,3990992.0000,3
2025-07-18,20250718144000000,sh.600864,6.5100,6.5200,6.5000,6.5100,511100,3326704.0000,3
2025-07-18,20250718144500000,sh.600864,6.5200,6.5300,6.5100,6.5300,858100,5595008.0000,3
2025-07-18,20250718145000000,sh.600864,6.5200,6.5300,6.5200,6.5200,967200,6307984.0000,3
2025-07-18,20250718145500000,sh.600864,6.5200,6.5300,6.5100,6.5200,951100,6203424.0000,3
2025-07-18,20250718150000000,sh.600864,6.5200,6.5400,6.5200,6.5400,1796400,11742192.0000,3
2025-07-21,20250721093500000,sh.600864,6.5200,6.5700,6.4900,6.5700,4561800,29787896.0000,3
2025-07-21,20250721094000000,sh.600864,6.5700,6.5900,6.5700,6.5800,3125400,20555280.0000,3
2025-07-21,20250721094500000,sh.600864,6.5700,6.5800,6.5500,6.5700,2097400,13780756.0000,3
2025-07-21,20250721095000000,sh.600864,6.5700,6.5800,6.5600,6.5700,1524900,10023196.0000,3
2025-07-21,20250721095500000,sh.600864,6.5700,6.6000,6.5600,6.6000,2017700,13272080.0000,3
2025-07-21,20250721100000000,sh.600864,6.6000,6.6400,6.5900,6.6000,4649600,30751536.0000,3
2025-07-21,20250721100500000,sh.600864,6.6000,6.6100,6.5800,6.5800,2382700,15719920.0000,3
2025-07-21,20250721101000000,sh.600864,6.5800,6.6000,6.5800,6.5900,888600,5853560.0000,3
2025-07-21,20250721101500000,sh.600864,6.5900,6.6200,6.5800,6.6100,1354400,8942848.0000,3
2025-07-21,20250721102000000,sh.600864,6.6200,6.6300,6.6100,6.6200,2561400,16956576.0000,3
2025-07-21,20250721102500000,sh.600864,6.6200,6.6300,6.6100,6.6200,1385800,9172544.0000,3
2025-07-21,20250721103000000,sh.600864,6.6200,6.6300,6.6200,6.6300,1741100,11531968.0000,3
2025-07-21,20250721103500000,sh.600864,6.6300,6.6500,6.6200,6.6400,2799600,18582256.0000,3
2025-07-21,20250721104000000,sh.600864,6.6400,6.6500,6.6200,6.6300,861500,5711152.0000,3
2025-07-21,20250721104500000,sh.600864,6.6300,6.6400,6.6200,6.6400,1093800,7248432.0000,3
2025-07-21,20250721105000000,sh.600864,6.6400,6.6400,6.6200,6.6300,933900,6194448.0000,3
2025-07-21,20250721105500000,sh.600864,6.6200,6.6500,6.6200,6.6400,1487900,9881040.0000,3
2025-07-21,20250721110000000,sh.600864,6.6400,6.6500,6.6200,6.6300,1117300,7411648.0000,3
2025-07-21,20250721110500000,sh.600864,6.6200,6.6300,6.6200,6.6300,457500,3031552.0000,3
2025-07-21,20250721111000000,sh.600864,6.6300,6.6300,6.6200,6.6200,641100,4245888.0000,3
2025-07-21,20250721111500000,sh.600864,6.6200,6.6300,6.6100,6.6200,720900,4772768.0000,3
2025-07-21,20250721112000000,sh.600864,6.6200,6.6200,6.5900,6.5900,1397100,9227680.0000,3
2025-07-21,20250721112500000,sh.600864,6.5900,6.6100,6.5900,6.6100,313600,2069968.0000,3
2025-07-21,20250721113000000,sh.600864,6.6100,6.6100,6.6000,6.6100,220400,1456464.0000,3
2025-07-21,20250721130500000,sh.600864,6.6100,6.6100,6.5900,6.6000,668300,4412080.0000,3
2025-07-21,20250721131000000,sh.600864,6.6000,6.6100,6.5900,6.5900,554200,3656480.0000,3
2025-07-21,20250721131500000,sh.600864,6.6000,6.6000,6.5900,6.5900,250900,1654912.0000,3
2025-07-21,20250721132000000,sh.600864,6.6000,6.6100,6.5900,6.6000,577200,3809344.0000,3
2025-07-21,20250721132500000,sh.600864,6.5900,6.6000,6.5800,6.6000,719900,4744032.0000,3
2025-07-21,20250721133000000,sh.600864,6.6000,6.6000,6.5800,6.5900,484400,3191136.0000,3
2025-07-21,20250721133500000,sh.600864,6.6000,6.6000,6.5900,6.6000,248100,1636928.0000,3
2025-07-21,20250721134000000,sh.600864,6.6000,6.6000,6.5900,6.6000,556300,3666912.0000,3
2025-07-21,20250721134500000,sh.600864,6.6000,6.6000,6.5900,6.6000,242000,1596704.0000,3
2025-07-21,20250721135000000,sh.600864,6.6000,6.6000,6.5900,6.6000,339900,2242080.0000,3
2025-07-21,20250721135500000,sh.600864,6.6000,6.6000,6.5900,6.6000,177500,1170144.0000,3
2025-07-21,20250721140000000,sh.600864,6.5900,6.6000,6.5900,6.5900,162200,1069888.0000,3
2025-07-21,20250721140500000,sh.600864,6.6000,6.6000,6.5800,6.5900,1595800,10512352.0000,3
2025-07-21,20250721141000000,sh.600864,6.6000,6.6000,6.5900,6.6000,229100,1510592.0000,3
2025-07-21,20250721141500000,sh.600864,6.5900,6.6200,6.5900,6.6200,1095500,7235648.0000,3
2025-07-21,20250721142000000,sh.600864,6.6200,6.6200,6.6100,6.6100,929700,6152928.0000,3
2025-07-21,20250721142500000,sh.600864,6.6100,6.6200,6.6100,6.6200,344000,2275744.0000,3
2025-07-21,20250721143000000,sh.600864,6.6100,6.6300,6.6100,6.6300,894100,5920896.0000,3
2025-07-21,20250721143500000,sh.600864,6.6300,6.6300,6.6100,6.6100,926700,6135264.0000,3
2025-07-21,20250721144000000,sh.600864,6.6200,6.6200,6.6000,6.6000,826200,5461952.0000,3
2025-07-21,20250721144500000,sh.600864,6.6000,6.6200,6.6000,6.6100,879500,5815040.0000,3
2025-07-21,20250721145000000,sh.600864,6.6200,6.6400,6.6100,6.6300,2149600,14243520.0000,3
2025-07-21,20250721145500000,sh.600864,6.6400,6.6500,6.6300,6.6400,3237400,21495360.0000,3
2025-07-21,20250721150000000,sh.600864,6.6400,6.6500,6.6400,6.6400,1217700,8087488.0000,3
2025-07-22,20250722093500000,sh.600864,6.6000,6.6900,6.6000,6.6100,3293800,21853136.0000,3
2025-07-22,20250722094000000,sh.600864,6.6100,6.6300,6.6100,6.6300,1525400,10100422.0000,3
2025-07-22,20250722094500000,sh.600864,6.6200,6.6300,6.5800,6.5900,2529500,16691458.0000,3
2025-07-22,20250722095000000,sh.600864,6.5800,6.5900,6.5600,6.5600,2706900,17780496.0000,3
2025-07-22,20250722095500000,sh.600864,6.5700,6.5700,6.5500,6.5600,1119200,7334888.0000,3
2025-07-22,20250722100000000,sh.600864,6.5500,6.5600,6.5200,6.5400,2543100,16622552.0000,3
2025-07-22,20250722100500000,sh.600864,6.5400,6.5500,6.5200,6.5200,1021000,6670240.0000,3
2025-07-22,20250722101000000,sh.600864,6.5200,6.5400,6.5200,6.5400,1188800,7759080.0000,3
2025-07-22,20250722101500000,sh.600864,6.5300,6.5400,6.5200,6.5300,874700,5707440.0000,3
2025-07-22,20250722102000000,sh.600864,6.5200,6.5300,6.5200,6.5200,632800,4127088.0000,3
2025-07-22,20250722102500000,sh.600864,6.5200,6.5300,6.4900,6.5100,3122800,20318720.0000,3
2025-07-22,20250722103000000,sh.600864,6.5200,6.5200,6.5000,6.5100,707800,4608640.0000,3
2025-07-22,20250722103500000,sh.600864,6.5200,6.5300,6.5100,6.5300,805800,5255456.0000,3
2025-07-22,20250722104000000,sh.600864,6.5300,6.5400,6.5200,6.5400,503400,3285808.0000,3
2025-07-22,20250722104500000,sh.600864,6.5400,6.5400,6.5300,6.5300,275700,1802160.0000,3
2025-07-22,20250722105000000,sh.600864,6.5300,6.5500,6.5300,6.5500,251200,1642752.0000,3
2025-07-22,20250722105500000,sh.600864,6.5500,6.5600,6.5400,6.5500,477900,3131504.0000,3
2025-07-22,20250722110000000,sh.600864,6.5500,6.5600,6.5400,6.5600,637400,4174400.0000,3
2025-07-22,20250722110500000,sh.600864,6.5600,6.5600,6.5400,6.5400,482000,3156240.0000,3
2025-07-22,20250722111000000,sh.600864,6.5400,6.5500,6.5300,6.5500,319500,2089520.0000,3
2025-07-22,20250722111500000,sh.600864,6.5400,6.5500,6.5400,6.5500,316000,2066832.0000,3
2025-07-22,20250722112000000,sh.600864,6.5400,6.5500,6.5400,6.5500,201600,1319840.0000,3
2025-07-22,20250722112500000,sh.600864,6.5500,6.5600,6.5400,6.5400,887200,5813392.0000,3
2025-07-22,20250722113000000,sh.600864,6.5500,6.5700,6.5400,6.5700,994900,6523248.0000,3
2025-07-22,20250722130500000,sh.600864,6.5700,6.5700,6.5500,6.5700,1085100,7121424.0000,3
2025-07-22,20250722131000000,sh.600864,6.5600,6.5900,6.5400,6.5800,2230200,14648464.0000,3
2025-07-22,20250722131500000,sh.600864,6.5800,6.5900,6.5700,6.5800,1258200,8284848.0000,3
2025-07-22,20250722132000000,sh.600864,6.5700,6.5900,6.5700,6.5700,709200,4667104.0000,3
2025-07-22,20250722132500000,sh.600864,6.5700,6.6200,6.5700,6.6200,1443400,9519104.0000,3
2025-07-22,20250722133000000,sh.600864,6.6100,6.6200,6.6000,6.6200,1761000,11638672.0000,3
2025-07-22,20250722133500000,sh.600864,6.6100,6.6200,6.5900,6.6100,1566000,10335248.0000,3
2025-07-22,20250722134000000,sh.600864,6.6100,6.6200,6.6000,6.6000,787600,5203712.0000,3
2025-07-22,20250722134500000,sh.600864,6.6000,6.6100,6.5900,6.5900,575200,3795104.0000,3
2025-07-22,20250722135000000,sh.600864,6.5900,6.6000,6.5800,6.5800,363400,2394944.0000,3
2025-07-22,20250722135500000,sh.600864,6.5900,6.5900,6.5700,6.5900,562800,3704000.0000,3
2025-07-22,20250722140000000,sh.600864,6.5800,6.5900,6.5700,6.5700,274200,1804896.0000,3
2025-07-22,20250722140500000,sh.600864,6.5700,6.5800,6.5600,6.5600,574500,3774432.0000,3
2025-07-22,20250722141000000,sh.600864,6.5600,6.5700,6.5500,6.5500,473300,3104032.0000,3
2025-07-22,20250722141500000,sh.600864,6.5500,6.5800,6.5500,6.5800,527300,3462784.0000,3
2025-07-22,20250722142000000,sh.600864,6.5800,6.5900,6.5700,6.5800,126600,832832.0000,3
2025-07-22,20250722142500000,sh.600864,6.5800,6.5900,6.5700,6.5800,292500,1924064.0000,3
2025-07-22,20250722143000000,sh.600864,6.5900,6.6000,6.5800,6.6000,434200,2861152.0000,3
2025-07-22,20250722143500000,sh.600864,6.6000,6.6100,6.5900,6.6100,1056300,6977216.0000,3
2025-07-22,20250722144000000,sh.600864,6.6000,6.6300,6.6000,6.6200,2518800,16656064.0000,3
2025-07-22,20250722144500000,sh.600864,6.6300,6.6400,6.6200,6.6300,2469700,16374912.0000,3
2025-07-22,20250722145000000,sh.600864,6.6400,6.6500,6.6300,6.6400,2118600,14065120.0000,3
2025-07-22,20250722145500000,sh.600864,6.6400,6.6500,6.6300,6.6400,2399700,15937184.0000,3
2025-07-22,20250722150000000,sh.600864,6.6400,6.6500,6.6300,6.6500,2421900,16096992.0000,3
2025-07-23,20250723093500000,sh.600864,6.6500,6.7600,6.6400,6.7600,9905800,66428328.0000,3
2025-07-23,20250723094000000,sh.600864,6.7600,6.7600,6.7200,6.7300,7215000,48638984.0000,3
2025-07-23,20250723094500000,sh.600864,6.7400,6.8000,6.7200,6.8000,7378500,49899088.0000,3
2025-07-23,20250723095000000,sh.600864,6.8000,6.8700,6.7600,6.8700,9152600,62342384.0000,3
2025-07-23,20250723095500000,sh.600864,6.8700,7.0400,6.8600,6.9400,18210700,126729104.0000,3
2025-07-23,20250723100000000,sh.600864,6.9300,6.9800,6.9100,6.9100,5695700,39586688.0000,3
2025-07-23,20250723100500000,sh.600864,6.9100,6.9200,6.8500,6.8900,4050300,27876128.0000,3
2025-07-23,20250723101000000,sh.600864,6.8900,6.9100,6.8800,6.8900,2338000,16119072.0000,3
2025-07-23,20250723101500000,sh.600864,6.8900,6.9000,6.8300,6.8400,2332900,16003136.0000,3
2025-07-23,20250723102000000,sh.600864,6.8400,6.8500,6.8000,6.8300,2523100,17211712.0000,3
2025-07-23,20250723102500000,sh.600864,6.8300,6.8300,6.7900,6.8200,2328800,15840512.0000,3
2025-07-23,20250723103000000,sh.600864,6.8200,6.8300,6.8100,6.8300,851300,5804416.0000,3
2025-07-23,20250723103500000,sh.600864,6.8200,6.8500,6.8200,6.8500,1176100,8041536.0000,3
2025-07-23,20250723104000000,sh.600864,6.8400,6.8700,6.8400,6.8400,1458900,10000416.0000,3
2025-07-23,20250723104500000,sh.600864,6.8500,6.8500,6.8100,6.8200,1343000,9164320.0000,3
2025-07-23,20250723105000000,sh.600864,6.8200,6.8400,6.8100,6.8200,722400,4929568.0000,3
2025-07-23,20250723105500000,sh.600864,6.8200,6.8200,6.8100,6.8100,514200,3505056.0000,3
2025-07-23,20250723110000000,sh.600864,6.8100,6.8500,6.8000,6.8500,723400,4937792.0000,3
2025-07-23,20250723110500000,sh.600864,6.8400,6.8500,6.8300,6.8400,582900,3989056.0000,3
2025-07-23,20250723111000000,sh.600864,6.8500,6.8600,6.8400,6.8600,1074700,7363334.0000,3
2025-07-23,20250723111500000,sh.600864,6.8700,6.9600,6.8600,6.9300,3444200,23810942.0000,3
2025-07-23,20250723112000000,sh.600864,6.9300,6.9400,6.8900,6.9200,3795100,26259068.0000,3
2025-07-23,20250723112500000,sh.600864,6.9200,6.9900,6.9000,6.9900,4180100,29042302.0000,3
2025-07-23,20250723113000000,sh.600864,7.0100,7.1800,7.0100,7.1000,14631000,103810818.0000,3
2025-07-23,20250723130500000,sh.600864,7.1000,7.1100,7.0000,7.0000,5624900,39644096.0000,3
2025-07-23,20250723131000000,sh.600864,7.0000,7.0000,6.9800,7.0000,2551300,17830016.0000,3
2025-07-23,20250723131500000,sh.600864,6.9900,7.0200,6.9700,7.0200,2037500,14249152.0000,3
2025-07-23,20250723132000000,sh.600864,7.0200,7.0600,7.0000,7.0500,2652200,18658240.0000,3
2025-07-23,20250723132500000,sh.600864,7.0400,7.0600,6.9800,6.9800,1860500,13065664.0000,3
2025-07-23,20250723133000000,sh.600864,6.9900,7.0100,6.9800,7.0000,1266200,8850304.0000,3
2025-07-23,20250723133500000,sh.600864,7.0000,7.0100,6.9700,6.9700,1419500,9914432.0000,3
2025-07-23,20250723134000000,sh.600864,6.9600,6.9700,6.9400,6.9500,1665900,11585272.0000,3
2025-07-23,20250723134500000,sh.600864,6.9500,6.9600,6.9200,6.9400,1148200,7964096.0000,3
2025-07-23,20250723135000000,sh.600864,6.9300,6.9600,6.9300,6.9600,833100,5788488.0000,3
2025-07-23,20250723135500000,sh.600864,6.9600,6.9800,6.9500,6.9500,956600,6666365.0000,3
2025-07-23,20250723140000000,sh.600864,6.9500,6.9700,6.9400,6.9400,766800,5331264.0000,3
2025-07-23,20250723140500000,sh.600864,6.9400,6.9500,6.9400,6.9400,582900,4047101.0000,3
2025-07-23,20250723141000000,sh.600864,6.9400,6.9600,6.9400,6.9500,512600,3561472.0000,3
2025-07-23,20250723141500000,sh.600864,6.9400,6.9600,6.8800,6.8900,2341900,16213644.0000,3
2025-07-23,20250723142000000,sh.600864,6.8800,6.8900,6.8400,6.8600,3059500,20999540.0000,3
2025-07-23,20250723142500000,sh.600864,6.8400,6.8500,6.8200,6.8200,2365500,16172038.0000,3
2025-07-23,20250723143000000,sh.600864,6.8200,6.8600,6.8200,6.8400,1653300,11320444.0000,3
2025-07-23,20250723143500000,sh.600864,6.8500,6.8600,6.8300,6.8400,2482700,16990338.0000,3
2025-07-23,20250723144000000,sh.600864,6.8400,6.8500,6.8200,6.8200,1631800,11142402.0000,3
2025-07-23,20250723144500000,sh.600864,6.8200,6.8500,6.8000,6.8300,3620200,24700928.0000,3
2025-07-23,20250723145000000,sh.600864,6.8300,6.8300,6.8200,6.8200,1826500,12467264.0000,3
2025-07-23,20250723145500000,sh.600864,6.8200,6.9500,6.8200,6.9300,6108100,41952128.0000,3
2025-07-23,20250723150000000,sh.600864,6.9300,6.9400,6.9100,6.9100,3382200,23439546.0000,3
2025-07-24,20250724093500000,sh.600864,6.7700,6.9500,6.7700,6.9200,20526200,140646544.0000,3
2025-07-24,20250724094000000,sh.600864,6.9100,6.9800,6.8600,6.9100,8890400,61406608.0000,3
2025-07-24,20250724094500000,sh.600864,6.9000,6.9400,6.8900,6.9400,6097200,42167488.0000,3
2025-07-24,20250724095000000,sh.600864,6.9400,7.0600,6.9300,7.0100,10840400,75778336.0000,3
2025-07-24,20250724095500000,sh.600864,7.0100,7.0500,6.9800,7.0200,4932900,34586784.0000,3
2025-07-24,20250724100000000,sh.600864,7.0100,7.0300,6.9300,6.9500,3561900,24852096.0000,3
2025-07-24,20250724100500000,sh.600864,6.9300,6.9500,6.9100,6.9200,4046100,28005952.0000,3
2025-07-24,20250724101000000,sh.600864,6.9300,6.9700,6.9200,6.9500,2029200,14109600.0000,3
2025-07-24,20250724101500000,sh.600864,6.9500,6.9800,6.9200,6.9400,2364600,16425408.0000,3
2025-07-24,20250724102000000,sh.600864,6.9400,6.9600,6.9300,6.9300,1611800,11191296.0000,3
2025-07-24,20250724102500000,sh.600864,6.9300,6.9400,6.9000,6.9000,2454900,16968672.0000,3
2025-07-24,20250724103000000,sh.600864,6.9000,6.9100,6.8900,6.9000,1719200,11864736.0000,3
2025-07-24,20250724103500000,sh.600864,6.9000,6.9000,6.8700,6.8900,2673700,18409088.0000,3
2025-07-24,20250724104000000,sh.600864,6.9100,6.9500,6.9000,6.9500,1663700,11503936.0000,3
2025-07-24,20250724104500000,sh.600864,6.9500,6.9600,6.9300,6.9500,1118900,7767584.0000,3
2025-07-24,20250724105000000,sh.600864,6.9400,6.9700,6.9400,6.9600,1215500,8453760.0000,3
2025-07-24,20250724105500000,sh.600864,6.9600,6.9900,6.9500,6.9600,1781900,12424126.0000,3
2025-07-24,20250724110000000,sh.600864,6.9600,6.9800,6.9500,6.9800,1037500,7226530.0000,3
2025-07-24,20250724110500000,sh.600864,6.9900,6.9900,6.9300,6.9300,1601800,11160005.0000,3
2025-07-24,20250724111000000,sh.600864,6.9300,6.9500,6.9200,6.9300,998700,6923515.0000,3
2025-07-24,20250724111500000,sh.600864,6.9300,6.9500,6.9200,6.9400,601700,4175108.0000,3
2025-07-24,20250724112000000,sh.600864,6.9400,6.9700,6.9400,6.9700,729600,5075072.0000,3
2025-07-24,20250724112500000,sh.600864,6.9600,6.9700,6.9400,6.9500,1017700,7077053.0000,3
2025-07-24,20250724113000000,sh.600864,6.9500,6.9500,6.9300,6.9400,942200,6537084.0000,3
2025-07-24,20250724130500000,sh.600864,6.9400,6.9600,6.9200,6.9600,1851700,12845568.0000,3
2025-07-24,20250724131000000,sh.600864,6.9700,7.0000,6.9700,6.9800,2045400,14292485.0000,3
2025-07-24,20250724131500000,sh.600864,6.9800,6.9900,6.9500,6.9900,1197800,8347638.0000,3
2025-07-24,20250724132000000,sh.600864,6.9800,7.0000,6.9700,6.9900,2043800,14286346.0000,3
2025-07-24,20250724132500000,sh.600864,7.0100,7.0100,6.9500,6.9700,1261300,8796924.0000,3
2025-07-24,20250724133000000,sh.600864,6.9700,6.9800,6.9600,6.9700,657100,4578815.0000,3
2025-07-24,20250724133500000,sh.600864,6.9600,6.9700,6.9400,6.9500,1210100,8412547.0000,3
2025-07-24,20250724134000000,sh.600864,6.9500,6.9700,6.9500,6.9700,665600,4630648.0000,3
2025-07-24,20250724134500000,sh.600864,6.9700,6.9800,6.9400,6.9400,2068500,14385153.0000,3
2025-07-24,20250724135000000,sh.600864,6.9300,6.9400,6.9100,6.9300,3407200,23579907.0000,3
2025-07-24,20250724135500000,sh.600864,6.9400,6.9400,6.9100,6.9200,1126400,7793341.0000,3
2025-07-24,20250724140000000,sh.600864,6.9200,6.9200,6.8900,6.9000,2600100,17940173.0000,3
2025-07-24,20250724140500000,sh.600864,6.9000,6.9500,6.9000,6.9500,1404700,9727478.0000,3
2025-07-24,20250724141000000,sh.600864,6.9400,6.9500,6.9200,6.9400,1209700,8381451.0000,3
2025-07-24,20250724141500000,sh.600864,6.9400,6.9400,6.9300,6.9400,632700,4387383.0000,3
2025-07-24,20250724142000000,sh.600864,6.9400,6.9500,6.9300,6.9400,806100,5596096.0000,3
2025-07-24,20250724142500000,sh.600864,6.9400,6.9700,6.9400,6.9700,1575600,10962554.0000,3
2025-07-24,20250724143000000,sh.600864,6.9600,6.9800,6.9600,6.9800,1056500,7364936.0000,3
2025-07-24,20250724143500000,sh.600864,6.9800,7.0100,6.9600,7.0100,4098600,28633348.0000,3
2025-07-24,20250724144000000,sh.600864,7.0100,7.0200,6.9800,7.0100,3313900,23204860.0000,3
2025-07-24,20250724144500000,sh.600864,7.0100,7.0200,6.9900,7.0000,2868100,20085060.0000,3
2025-07-24,20250724145000000,sh.600864,7.0000,7.0000,6.9700,6.9900,2748700,19196286.0000,3
2025-07-24,20250724145500000,sh.600864,6.9800,7.0100,6.9700,7.0100,4110200,28739584.0000,3
2025-07-24,20250724150000000,sh.600864,7.0000,7.0400,7.0000,7.0300,3702100,25995390.0000,3
2025-07-25,20250725093500000,sh.600864,6.9900,7.0200,6.9100,6.9200,9440100,65726720.0000,3
2025-07-25,20250725094000000,sh.600864,6.9100,6.9600,6.9000,6.9400,5142300,35631240.0000,3
2025-07-25,20250725094500000,sh.600864,6.9400,6.9500,6.9200,6.9300,2607500,18072688.0000,3
2025-07-25,20250725095000000,sh.600864,6.9200,6.9300,6.9000,6.9100,2797900,19347608.0000,3
2025-07-25,20250725095500000,sh.600864,6.9200,6.9700,6.9100,6.9700,2273200,15794480.0000,3
2025-07-25,20250725100000000,sh.600864,6.9700,6.9900,6.9500,6.9600,2711500,18919504.0000,3
2025-07-25,20250725100500000,sh.600864,6.9600,6.9700,6.9400,6.9700,1775000,12348576.0000,3
2025-07-25,20250725101000000,sh.600864,6.9700,6.9700,6.9200,6.9300,1649500,11447744.0000,3
2025-07-25,20250725101500000,sh.600864,6.9300,7.0100,6.9300,7.0100,3134500,21884272.0000,3
2025-07-25,20250725102000000,sh.600864,7.0100,7.0100,6.9600,6.9700,2123800,14870432.0000,3
2025-07-25,20250725102500000,sh.600864,6.9600,6.9900,6.9600,6.9700,960600,6699648.0000,3
2025-07-25,20250725103000000,sh.600864,6.9700,6.9900,6.9600,6.9900,752500,5248896.0000,3
2025-07-25,20250725103500000,sh.600864,6.9900,7.0200,6.9900,7.0200,1740200,12183888.0000,3
2025-07-25,20250725104000000,sh.600864,7.0300,7.0300,6.9700,6.9700,2774000,19457712.0000,3
2025-07-25,20250725104500000,sh.600864,6.9700,7.0000,6.9600,6.9800,1302600,9089344.0000,3
2025-07-25,20250725105000000,sh.600864,6.9900,6.9900,6.9600,6.9600,710200,4950720.0000,3
2025-07-25,20250725105500000,sh.600864,6.9600,6.9800,6.9600,6.9700,547700,3816480.0000,3
2025-07-25,20250725110000000,sh.600864,6.9700,6.9800,6.9500,6.9700,1654600,11519040.0000,3
2025-07-25,20250725110500000,sh.600864,6.9700,6.9800,6.9600,6.9800,905400,6314624.0000,3
2025-07-25,20250725111000000,sh.600864,6.9800,6.9800,6.9600,6.9700,402400,2803584.0000,3
2025-07-25,20250725111500000,sh.600864,6.9600,6.9800,6.9600,6.9800,745400,5196160.0000,3
2025-07-25,20250725112000000,sh.600864,6.9700,6.9800,6.9500,6.9600,538700,3750816.0000,3
2025-07-25,20250725112500000,sh.600864,6.9500,7.0100,6.9500,7.0000,1197400,8351616.0000,3
2025-07-25,20250725113000000,sh.600864,7.0000,7.0500,7.0000,7.0200,3828600,26913536.0000,3
2025-07-25,20250725130500000,sh.600864,7.0100,7.0200,6.9800,6.9900,972400,6805376.0000,3
2025-07-25,20250725131000000,sh.600864,6.9900,6.9900,6.9800,6.9900,356900,2493728.0000,3
2025-07-25,20250725131500000,sh.600864,6.9900,7.0100,6.9900,6.9900,1008900,7062432.0000,3
2025-07-25,20250725132000000,sh.600864,6.9900,7.0300,6.9900,7.0200,1246700,8745856.0000,3
2025-07-25,20250725132500000,sh.600864,7.0200,7.0400,7.0100,7.0400,1020700,7173312.0000,3
2025-07-25,20250725133000000,sh.600864,7.0400,7.0900,7.0400,7.0600,4713700,33321376.0000,3
2025-07-25,20250725133500000,sh.600864,7.0600,7.0600,7.0300,7.0500,1089600,7680512.0000,3
2025-07-25,20250725134000000,sh.600864,7.0500,7.0700,7.0400,7.0500,1683700,11880224.0000,3
2025-07-25,20250725134500000,sh.600864,7.0500,7.0600,7.0400,7.0500,1022900,7214240.0000,3
2025-07-25,20250725135000000,sh.600864,7.0400,7.0500,7.0200,7.0200,922500,6489920.0000,3
2025-07-25,20250725135500000,sh.600864,7.0200,7.0500,7.0200,7.0500,1191200,8382496.0000,3
2025-07-25,20250725140000000,sh.600864,7.0400,7.0500,7.0400,7.0500,889800,6268960.0000,3
2025-07-25,20250725140500000,sh.600864,7.0500,7.0600,7.0400,7.0500,900200,6348768.0000,3
2025-07-25,20250725141000000,sh.600864,7.0500,7.0500,7.0300,7.0300,1209100,8513760.0000,3
2025-07-25,20250725141500000,sh.600864,7.0300,7.0400,7.0200,7.0300,925700,6506624.0000,3
2025-07-25,20250725142000000,sh.600864,7.0300,7.0300,7.0100,7.0100,626500,4395168.0000,3
2025-07-25,20250725142500000,sh.600864,7.0100,7.0100,6.9800,6.9800,1542800,10794848.0000,3
2025-07-25,20250725143000000,sh.600864,6.9800,7.0000,6.9800,7.0000,1495000,10448416.0000,3
2025-07-25,20250725143500000,sh.600864,7.0000,7.0100,6.9900,6.9900,1368100,9568256.0000,3
2025-07-25,20250725144000000,sh.600864,7.0000,7.0200,6.9900,7.0000,881400,6174016.0000,3
2025-07-25,20250725144500000,sh.600864,7.0000,7.0100,6.9900,7.0000,951100,6653287.0000,3
2025-07-25,20250725145000000,sh.600864,7.0000,7.0100,6.9900,6.9900,2152100,15056373.0000,3
2025-07-25,20250725145500000,sh.600864,7.0000,7.0000,6.9800,6.9800,2169500,15164352.0000,3
2025-07-25,20250725150000000,sh.600864,6.9800,6.9900,6.9800,6.9800,1614000,11269830.0000,3
2025-07-28,20250728093500000,sh.600864,6.9600,7.0000,6.9000,6.9300,5317700,36935844.0000,3
2025-07-28,20250728094000000,sh.600864,6.9200,6.9600,6.9200,6.9400,1946200,13515784.0000,3
2025-07-28,20250728094500000,sh.600864,6.9500,6.9600,6.9400,6.9600,1496700,10404540.0000,3
2025-07-28,20250728095000000,sh.600864,6.9500,6.9600,6.9300,6.9300,1473500,10231464.0000,3
2025-07-28,20250728095500000,sh.600864,6.9300,7.0000,6.9300,6.9800,1937800,13527224.0000,3
2025-07-28,20250728100000000,sh.600864,6.9900,7.0300,6.9900,7.0100,2874500,20154560.0000,3
2025-07-28,20250728100500000,sh.600864,7.0100,7.0200,6.9900,7.0000,1618000,11331752.0000,3
2025-07-28,20250728101000000,sh.600864,7.0000,7.0300,6.9900,7.0300,1845000,12923328.0000,3
2025-07-28,20250728101500000,sh.600864,7.0300,7.0300,7.0100,7.0300,1492500,10484096.0000,3
2025-07-28,20250728102000000,sh.600864,7.0300,7.0500,7.0200,7.0500,1999200,14056192.0000,3
2025-07-28,20250728102500000,sh.600864,7.0400,7.0700,7.0300,7.0400,3226900,22732880.0000,3
2025-07-28,20250728103000000,sh.600864,7.0400,7.0500,7.0200,7.0400,1576100,11085136.0000,3
2025-07-28,20250728103500000,sh.600864,7.0400,7.0400,7.0100,7.0300,871800,6123120.0000,3
2025-07-28,20250728104000000,sh.600864,7.0200,7.0400,7.0100,7.0100,1665700,11709088.0000,3
2025-07-28,20250728104500000,sh.600864,7.0200,7.0200,7.0000,7.0100,1067000,7478048.0000,3
2025-07-28,20250728105000000,sh.600864,7.0100,7.0400,7.0000,7.0100,1821100,12775264.0000,3
2025-07-28,20250728105500000,sh.600864,7.0100,7.0100,6.9700,6.9900,1676100,11714944.0000,3
2025-07-28,20250728110000000,sh.600864,6.9900,6.9900,6.9800,6.9900,903100,6307728.0000,3
2025-07-28,20250728110500000,sh.600864,6.9800,6.9900,6.9700,6.9800,999400,6976656.0000,3
2025-07-28,20250728111000000,sh.600864,6.9900,7.0000,6.9700,6.9800,966900,6751936.0000,3
2025-07-28,20250728111500000,sh.600864,6.9800,6.9800,6.9700,6.9700,541800,3777056.0000,3
2025-07-28,20250728112000000,sh.600864,6.9700,6.9800,6.9500,6.9500,1246200,8683072.0000,3
2025-07-28,20250728112500000,sh.600864,6.9500,6.9600,6.9300,6.9400,1900000,13189920.0000,3
2025-07-28,20250728113000000,sh.600864,6.9300,6.9500,6.9200,6.9300,1377200,9546848.0000,3
2025-07-28,20250728130500000,sh.600864,6.9300,6.9500,6.9200,6.9400,1299300,9008672.0000,3
2025-07-28,20250728131000000,sh.600864,6.9400,6.9400,6.9300,6.9300,795900,5518784.0000,3
2025-07-28,20250728131500000,sh.600864,6.9400,6.9500,6.9300,6.9500,769000,5339232.0000,3
2025-07-28,20250728132000000,sh.600864,6.9500,6.9700,6.9500,6.9600,905400,6301568.0000,3
2025-07-28,20250728132500000,sh.600864,6.9600,6.9600,6.9500,6.9500,354600,2465920.0000,3
2025-07-28,20250728133000000,sh.600864,6.9500,6.9600,6.9400,6.9600,914200,6352192.0000,3
2025-07-28,20250728133500000,sh.600864,6.9600,6.9600,6.9500,6.9500,290900,2022176.0000,3
2025-07-28,20250728134000000,sh.600864,6.9500,6.9600,6.9400,6.9400,362400,2518144.0000,3
2025-07-28,20250728134500000,sh.600864,6.9400,6.9500,6.9400,6.9400,573100,3977856.0000,3
2025-07-28,20250728135000000,sh.600864,6.9400,6.9500,6.9300,6.9300,517900,3591552.0000,3
2025-07-28,20250728135500000,sh.600864,6.9400,6.9500,6.9300,6.9500,682500,4735296.0000,3
2025-07-28,20250728140000000,sh.600864,6.9400,6.9500,6.9400,6.9500,207500,1440608.0000,3
2025-07-28,20250728140500000,sh.600864,6.9500,6.9600,6.9400,6.9500,677300,4705792.0000,3
2025-07-28,20250728141000000,sh.600864,6.9500,6.9500,6.9300,6.9400,559400,3880768.0000,3
2025-07-28,20250728141500000,sh.600864,6.9300,6.9400,6.9200,6.9300,844300,5850048.0000,3
2025-07-28,20250728142000000,sh.600864,6.9300,6.9300,6.9200,6.9300,502000,3474624.0000,3
2025-07-28,20250728142500000,sh.600864,6.9300,6.9300,6.9100,6.9200,874300,6050400.0000,3
2025-07-28,20250728143000000,sh.600864,6.9200,6.9300,6.9200,6.9300,379300,2625600.0000,3
2025-07-28,20250728143500000,sh.600864,6.9300,6.9400,6.9300,6.9400,643700,4463904.0000,3
2025-07-28,20250728144000000,sh.600864,6.9400,6.9400,6.9300,6.9400,207100,1436448.0000,3
2025-07-28,20250728144500000,sh.600864,6.9400,6.9500,6.9300,6.9500,1047300,7266912.0000,3
2025-07-28,20250728145000000,sh.600864,6.9400,6.9500,6.9300,6.9500,707500,4910688.0000,3
2025-07-28,20250728145500000,sh.600864,6.9500,6.9500,6.9300,6.9500,1459300,10133984.0000,3
2025-07-28,20250728150000000,sh.600864,6.9500,6.9500,6.9400,6.9400,656400,4559520.0000,3
2025-07-29,20250729093500000,sh.600864,6.9400,6.9400,6.8900,6.9100,3854000,26631964.0000,3
2025-07-29,20250729094000000,sh.600864,6.9000,6.9300,6.9000,6.9100,2683200,18546040.0000,3
2025-07-29,20250729094500000,sh.600864,6.9000,6.9100,6.8600,6.8700,4521300,31084332.0000,3
2025-07-29,20250729095000000,sh.600864,6.8600,6.8800,6.8600,6.8600,3428700,23530600.0000,3
2025-07-29,20250729095500000,sh.600864,6.8600,6.8600,6.8300,6.8400,3223600,22039200.0000,3
2025-07-29,20250729100000000,sh.600864,6.8300,6.8400,6.8000,6.8100,3168100,21594744.0000,3
2025-07-29,20250729100500000,sh.600864,6.8000,6.8300,6.8000,6.8300,3176000,21626768.0000,3
2025-07-29,20250729101000000,sh.600864,6.8300,6.8500,6.8200,6.8400,1255400,8580848.0000,3
2025-07-29,20250729101500000,sh.600864,6.8400,6.8600,6.8300,6.8600,843600,5771648.0000,3
2025-07-29,20250729102000000,sh.600864,6.8500,6.8600,6.8300,6.8600,1371100,9396096.0000,3
2025-07-29,20250729102500000,sh.600864,6.8500,6.8600,6.8300,6.8400,991400,6782688.0000,3
2025-07-29,20250729103000000,sh.600864,6.8400,6.8600,6.8400,6.8400,898900,6155792.0000,3
2025-07-29,20250729103500000,sh.600864,6.8400,6.8700,6.8400,6.8600,948700,6502336.0000,3
2025-07-29,20250729104000000,sh.600864,6.8600,6.8600,6.8400,6.8500,978500,6701632.0000,3
2025-07-29,20250729104500000,sh.600864,6.8500,6.8600,6.8500,6.8500,385800,2643280.0000,3
2025-07-29,20250729105000000,sh.600864,6.8600,6.8700,6.8500,6.8500,715500,4906880.0000,3
2025-07-29,20250729105500000,sh.600864,6.8600,6.8900,6.8500,6.8700,948300,6519392.0000,3
2025-07-29,20250729110000000,sh.600864,6.8700,6.9200,6.8700,6.9200,1260300,8686528.0000,3
2025-07-29,20250729110500000,sh.600864,6.9100,6.9500,6.9000,6.9500,2552600,17682992.0000,3
2025-07-29,20250729111000000,sh.600864,6.9400,6.9900,6.9300,6.9400,2379100,16557296.0000,3
2025-07-29,20250729111500000,sh.600864,6.9400,6.9500,6.9200,6.9400,857000,5942016.0000,3
2025-07-29,20250729112000000,sh.600864,6.9400,6.9600,6.9300,6.9400,659300,4577952.0000,3
2025-07-29,20250729112500000,sh.600864,6.9400,6.9600,6.9300,6.9400,762300,5294720.0000,3
2025-07-29,20250729113000000,sh.600864,6.9300,6.9400,6.9100,6.9200,530500,3670848.0000,3
2025-07-29,20250729130500000,sh.600864,6.9200,6.9500,6.9100,6.9400,548400,3800320.0000,3
2025-07-29,20250729131000000,sh.600864,6.9400,6.9500,6.9100,6.9200,314800,2181536.0000,3
2025-07-29,20250729131500000,sh.600864,6.9200,6.9300,6.9100,6.9100,210100,1452608.0000,3
2025-07-29,20250729132000000,sh.600864,6.9100,6.9300,6.9100,6.9300,676000,4675424.0000,3
2025-07-29,20250729132500000,sh.600864,6.9200,6.9300,6.9100,6.9100,451900,3127552.0000,3
2025-07-29,20250729133000000,sh.600864,6.9200,6.9300,6.9100,6.9200,256700,1776064.0000,3
2025-07-29,20250729133500000,sh.600864,6.9200,6.9300,6.9100,6.9100,547100,3783712.0000,3
2025-07-29,20250729134000000,sh.600864,6.9200,6.9200,6.9000,6.9000,623100,4305632.0000,3
2025-07-29,20250729134500000,sh.600864,6.9000,6.9200,6.9000,6.9100,431600,2981376.0000,3
2025-07-29,20250729135000000,sh.600864,6.9200,6.9300,6.9100,6.9200,624600,4322304.0000,3
2025-07-29,20250729135500000,sh.600864,6.9200,6.9200,6.9100,6.9200,281600,1948448.0000,3
2025-07-29,20250729140000000,sh.600864,6.9100,6.9300,6.9100,6.9200,723600,5007872.0000,3
2025-07-29,20250729140500000,sh.600864,6.9300,6.9400,6.9200,6.9400,728300,5045696.0000,3
2025-07-29,20250729141000000,sh.600864,6.9300,6.9400,6.9200,6.9200,337700,2340224.0000,3
2025-07-29,20250729141500000,sh.600864,6.9200,6.9300,6.9100,6.9300,369700,2559136.0000,3
2025-07-29,20250729142000000,sh.600864,6.9300,6.9300,6.9200,6.9300,305300,2113728.0000,3
2025-07-29,20250729142500000,sh.600864,6.9300,6.9500,6.9200,6.9500,825200,5722080.0000,3
2025-07-29,20250729143000000,sh.600864,6.9500,6.9600,6.9400,6.9600,1090000,7576576.0000,3
2025-07-29,20250729143500000,sh.600864,6.9500,6.9800,6.9400,6.9600,1694700,11802464.0000,3
2025-07-29,20250729144000000,sh.600864,6.9700,6.9800,6.9500,6.9500,1552000,10813280.0000,3
2025-07-29,20250729144500000,sh.600864,6.9500,6.9700,6.9500,6.9600,1070700,7452576.0000,3
2025-07-29,20250729145000000,sh.600864,6.9700,6.9800,6.9600,6.9700,989900,6898592.0000,3
2025-07-29,20250729145500000,sh.600864,6.9800,6.9900,6.9700,6.9900,2677600,18689344.0000,3
2025-07-29,20250729150000000,sh.600864,6.9800,6.9900,6.9700,6.9900,2897100,20241536.0000,3
2025-07-30,20250730093500000,sh.600864,6.9400,6.9600,6.9100,6.9500,2484900,17226596.0000,3
2025-07-30,20250730094000000,sh.600864,6.9400,6.9800,6.9300,6.9500,1424900,9907014.0000,3
2025-07-30,20250730094500000,sh.600864,6.9500,6.9500,6.9200,6.9200,2223500,15409482.0000,3
2025-07-30,20250730095000000,sh.600864,6.9300,6.9500,6.9200,6.9400,927900,6434432.0000,3
2025-07-30,20250730095500000,sh.600864,6.9500,6.9500,6.9200,6.9400,1420500,9849160.0000,3
2025-07-30,20250730100000000,sh.600864,6.9300,6.9600,6.9300,6.9300,655500,4552132.0000,3
2025-07-30,20250730100500000,sh.600864,6.9300,6.9500,6.9300,6.9400,627300,4351928.0000,3
2025-07-30,20250730101000000,sh.600864,6.9400,6.9500,6.9200,6.9400,1051200,7289960.0000,3
2025-07-30,20250730101500000,sh.600864,6.9300,6.9500,6.9300,6.9300,1423900,9874480.0000,3
2025-07-30,20250730102000000,sh.600864,6.9300,6.9400,6.9100,6.9200,1147800,7944112.0000,3
2025-07-30,20250730102500000,sh.600864,6.9200,6.9300,6.9100,6.9200,795700,5504368.0000,3
2025-07-30,20250730103000000,sh.600864,6.9200,6.9300,6.9200,6.9200,310200,2147056.0000,3
2025-07-30,20250730103500000,sh.600864,6.9200,6.9500,6.9200,6.9400,878000,6086520.0000,3
2025-07-30,20250730104000000,sh.600864,6.9400,6.9400,6.9200,6.9300,399400,2768160.0000,3
2025-07-30,20250730104500000,sh.600864,6.9300,6.9600,6.9200,6.9500,1540400,10697744.0000,3
2025-07-30,20250730105000000,sh.600864,6.9500,6.9500,6.9200,6.9300,824700,5714320.0000,3
2025-07-30,20250730105500000,sh.600864,6.9300,6.9400,6.9200,6.9400,400700,2778024.0000,3
2025-07-30,20250730110000000,sh.600864,6.9400,6.9500,6.9100,6.9200,1487300,10290800.0000,3
2025-07-30,20250730110500000,sh.600864,6.9100,6.9200,6.9100,6.9100,792100,5474272.0000,3
2025-07-30,20250730111000000,sh.600864,6.9100,6.9200,6.9000,6.9200,387400,2677376.0000,3
2025-07-30,20250730111500000,sh.600864,6.9200,6.9400,6.9100,6.9400,383800,2657472.0000,3
2025-07-30,20250730112000000,sh.600864,6.9400,6.9400,6.9200,6.9200,324700,2248176.0000,3
2025-07-30,20250730112500000,sh.600864,6.9200,6.9300,6.9100,6.9100,598900,4144672.0000,3
2025-07-30,20250730113000000,sh.600864,6.9200,6.9300,6.9200,6.9300,222300,1539040.0000,3
2025-07-30,20250730130500000,sh.600864,6.9200,6.9400,6.9100,6.9300,582500,4032704.0000,3
2025-07-30,20250730131000000,sh.600864,6.9300,6.9400,6.9200,6.9300,338200,2343440.0000,3
2025-07-30,20250730131500000,sh.600864,6.9300,6.9300,6.9200,6.9200,313400,2170416.0000,3
2025-07-30,20250730132000000,sh.600864,6.9300,6.9300,6.9100,6.9200,567700,3930640.0000,3
2025-07-30,20250730132500000,sh.600864,6.9200,6.9300,6.9100,6.9200,413100,2856592.0000,3
2025-07-30,20250730133000000,sh.600864,6.9200,6.9200,6.9100,6.9200,128200,886608.0000,3
2025-07-30,20250730133500000,sh.600864,6.9300,6.9300,6.9200,6.9200,203000,1405440.0000,3
2025-07-30,20250730134000000,sh.600864,6.9300,6.9300,6.9000,6.9000,1094600,7573840.0000,3
2025-07-30,20250730134500000,sh.600864,6.9000,6.9100,6.8800,6.8800,2217300,15289632.0000,3
2025-07-30,20250730135000000,sh.600864,6.8800,6.8900,6.8700,6.8800,1051900,7238208.0000,3
2025-07-30,20250730135500000,sh.600864,6.8800,6.8900,6.8700,6.8700,813500,5591744.0000,3
2025-07-30,20250730140000000,sh.600864,6.8700,6.8700,6.8300,6.8500,2379500,16289136.0000,3
2025-07-30,20250730140500000,sh.600864,6.8400,6.8500,6.8000,6.8100,2425200,16546128.0000,3
2025-07-30,20250730141000000,sh.600864,6.8100,6.8600,6.8100,6.8600,1401500,9579152.0000,3
2025-07-30,20250730141500000,sh.600864,6.8600,6.8700,6.8400,6.8700,880100,6030656.0000,3
2025-07-30,20250730142000000,sh.600864,6.8500,6.9100,6.8500,6.9000,783700,5396576.0000,3
2025-07-30,20250730142500000,sh.600864,6.9000,6.9100,6.8900,6.9100,1094800,7551600.0000,3
2025-07-30,20250730143000000,sh.600864,6.9000,6.9100,6.8900,6.9100,951600,6564896.0000,3
2025-07-30,20250730143500000,sh.600864,6.9000,6.9100,6.8800,6.9000,650200,4484992.0000,3
2025-07-30,20250730144000000,sh.600864,6.9000,6.9100,6.8900,6.9000,878600,6057760.0000,3
2025-07-30,20250730144500000,sh.600864,6.8900,6.9000,6.8800,6.8900,608000,4189216.0000,3
2025-07-30,20250730145000000,sh.600864,6.8900,6.8900,6.8800,6.8900,542100,3732896.0000,3
2025-07-30,20250730145500000,sh.600864,6.8800,6.8900,6.8700,6.8800,1140300,7849056.0000,3
2025-07-30,20250730150000000,sh.600864,6.8900,6.9000,6.8800,6.8900,388500,2675936.0000,3
2025-07-31,20250731093500000,sh.600864,6.8000,6.8000,6.6800,6.8000,13988300,94303608.0000,3
2025-07-31,20250731094000000,sh.600864,6.8000,6.8500,6.7900,6.8500,4311000,29412776.0000,3
2025-07-31,20250731094500000,sh.600864,6.8500,6.8500,6.7900,6.8200,3939700,26849120.0000,3
2025-07-31,20250731095000000,sh.600864,6.8200,6.8200,6.7800,6.7800,1803900,12263472.0000,3
2025-07-31,20250731095500000,sh.600864,6.7900,6.8200,6.7700,6.7700,2304300,15664944.0000,3
2025-07-31,20250731100000000,sh.600864,6.7700,6.7700,6.7400,6.7500,2563200,17306560.0000,3
2025-07-31,20250731100500000,sh.600864,6.7500,6.7800,6.7400,6.7700,1779100,12018432.0000,3
2025-07-31,20250731101000000,sh.600864,6.7600,6.7800,6.7500,6.7800,1189700,8045120.0000,3
2025-07-31,20250731101500000,sh.600864,6.7700,6.7800,6.7600,6.7800,688400,4660784.0000,3
2025-07-31,20250731102000000,sh.600864,6.7700,6.7800,6.7600,6.7700,914600,6189232.0000,3
2025-07-31,20250731102500000,sh.600864,6.7700,6.7800,6.7400,6.7400,1715000,11578496.0000,3
2025-07-31,20250731103000000,sh.600864,6.7400,6.7400,6.7100,6.7300,3362700,22624064.0000,3
2025-07-31,20250731103500000,sh.600864,6.7300,6.7300,6.7200,6.7300,1864200,12530496.0000,3
2025-07-31,20250731104000000,sh.600864,6.7300,6.7300,6.7100,6.7100,956700,6426240.0000,3
2025-07-31,20250731104500000,sh.600864,6.7100,6.7200,6.7000,6.7200,1037200,6958272.0000,3
2025-07-31,20250731105000000,sh.600864,6.7200,6.7300,6.7100,6.7200,491300,3300544.0000,3
2025-07-31,20250731105500000,sh.600864,6.7200,6.7300,6.7200,6.7200,417200,2806240.0000,3
2025-07-31,20250731110000000,sh.600864,6.7200,6.7200,6.7000,6.7200,1015000,6813376.0000,3
2025-07-31,20250731110500000,sh.600864,6.7200,6.7400,6.7100,6.7200,1137700,7649248.0000,3
2025-07-31,20250731111000000,sh.600864,6.7200,6.7300,6.7100,6.7200,694900,4667392.0000,3
2025-07-31,20250731111500000,sh.600864,6.7200,6.7300,6.7100,6.7200,434400,2916064.0000,3
2025-07-31,20250731112000000,sh.600864,6.7200,6.7200,6.7000,6.7000,790500,5303584.0000,3
2025-07-31,20250731112500000,sh.600864,6.7100,6.7200,6.7000,6.7000,785500,5263488.0000,3
2025-07-31,20250731113000000,sh.600864,6.7000,6.7100,6.6900,6.7000,958000,6415200.0000,3
2025-07-31,20250731130500000,sh.600864,6.7100,6.7200,6.7000,6.7000,807700,5413984.0000,3
2025-07-31,20250731131000000,sh.600864,6.7000,6.7200,6.6900,6.7100,742600,4977568.0000,3
2025-07-31,20250731131500000,sh.600864,6.7000,6.7100,6.6900,6.6900,431600,2891520.0000,3
2025-07-31,20250731132000000,sh.600864,6.6900,6.7000,6.6900,6.7000,426900,2857728.0000,3
2025-07-31,20250731132500000,sh.600864,6.7000,6.7000,6.6800,6.6900,1276500,8534304.0000,3
2025-07-31,20250731133000000,sh.600864,6.6800,6.6900,6.6700,6.6800,879400,5872192.0000,3
2025-07-31,20250731133500000,sh.600864,6.6800,6.6900,6.6700,6.6700,894300,5971776.0000,3
2025-07-31,20250731134000000,sh.600864,6.6700,6.6800,6.6600,6.6800,1213600,8089056.0000,3
2025-07-31,20250731134500000,sh.600864,6.6700,6.6900,6.6700,6.6800,1065200,7112448.0000,3
2025-07-31,20250731135000000,sh.600864,6.6800,6.6900,6.6700,6.6900,733700,4899936.0000,3
2025-07-31,20250731135500000,sh.600864,6.6900,6.6900,6.6800,6.6800,427900,2859584.0000,3
2025-07-31,20250731140000000,sh.600864,6.6900,6.7000,6.6800,6.7000,649600,4345920.0000,3
2025-07-31,20250731140500000,sh.600864,6.6900,6.7000,6.6700,6.6800,559900,3741728.0000,3
2025-07-31,20250731141000000,sh.600864,6.6900,6.6900,6.6500,6.6600,924900,6166048.0000,3
2025-07-31,20250731141500000,sh.600864,6.6600,6.6800,6.6500,6.6700,1365300,9091200.0000,3
2025-07-31,20250731142000000,sh.600864,6.6700,6.6700,6.6400,6.6600,776100,5161440.0000,3
2025-07-31,20250731142500000,sh.600864,6.6600,6.6600,6.6400,6.6500,1348200,8951296.0000,3
2025-07-31,20250731143000000,sh.600864,6.6400,6.6500,6.6200,6.6200,1284900,8523264.0000,3
2025-07-31,20250731143500000,sh.600864,6.6200,6.6400,6.6100,6.6300,2535400,16783424.0000,3
2025-07-31,20250731144000000,sh.600864,6.6300,6.6500,6.6200,6.6300,1419600,9416320.0000,3
2025-07-31,20250731144500000,sh.600864,6.6300,6.6300,6.6100,6.6100,1624700,10756224.0000,3
2025-07-31,20250731145000000,sh.600864,6.6200,6.6300,6.6100,6.6200,2669300,17652384.0000,3
2025-07-31,20250731145500000,sh.600864,6.6300,6.6400,6.6200,6.6400,1656000,10982624.0000,3
2025-07-31,20250731150000000,sh.600864,6.6400,6.6400,6.6300,6.6300,1499300,9942944.0000,3
2025-08-01,20250801093500000,sh.600864,6.6300,6.6800,6.6300,6.6600,3880000,25777182.0000,3
2025-08-01,20250801094000000,sh.600864,6.6600,6.6700,6.6300,6.6400,1708400,11367422.0000,3
2025-08-01,20250801094500000,sh.600864,6.6400,6.6600,6.6300,6.6300,1339500,8900168.0000,3
2025-08-01,20250801095000000,sh.600864,6.6400,6.6500,6.6200,6.6400,1128200,7487732.0000,3
2025-08-01,20250801095500000,sh.600864,6.6300,6.6600,6.6200,6.6400,1200500,7970928.0000,3
2025-08-01,20250801100000000,sh.600864,6.6500,6.6800,6.6400,6.6700,1083600,7215992.0000,3
2025-08-01,20250801100500000,sh.600864,6.6700,6.7000,6.6700,6.6800,1790700,11981256.0000,3
2025-08-01,20250801101000000,sh.600864,6.6900,6.6900,6.6700,6.6800,408900,2730424.0000,3
2025-08-01,20250801101500000,sh.600864,6.6800,6.7000,6.6700,6.6900,1043200,6971552.0000,3
2025-08-01,20250801102000000,sh.600864,6.6900,6.6900,6.6700,6.6700,555400,3707072.0000,3
2025-08-01,20250801102500000,sh.600864,6.6800,6.6800,6.6700,6.6700,493700,3293688.0000,3
2025-08-01,20250801103000000,sh.600864,6.6800,6.6900,6.6700,6.6800,362600,2422584.0000,3
2025-08-01,20250801103500000,sh.600864,6.6800,6.6900,6.6600,6.6700,755300,5042712.0000,3
2025-08-01,20250801104000000,sh.600864,6.6600,6.6900,6.6600,6.6800,729700,4869288.0000,3
2025-08-01,20250801104500000,sh.600864,6.6800,6.6900,6.6500,6.6600,547200,3648240.0000,3
2025-08-01,20250801105000000,sh.600864,6.6600,6.6700,6.6500,6.6600,448600,2985488.0000,3
2025-08-01,20250801105500000,sh.600864,6.6700,6.6700,6.6400,6.6400,421400,2801944.0000,3
2025-08-01,20250801110000000,sh.600864,6.6400,6.6500,6.6300,6.6400,620700,4120720.0000,3
2025-08-01,20250801110500000,sh.600864,6.6500,6.6500,6.6400,6.6400,157800,1048880.0000,3
2025-08-01,20250801111000000,sh.600864,6.6400,6.6600,6.6400,6.6600,338200,2249000.0000,3
2025-08-01,20250801111500000,sh.600864,6.6600,6.6600,6.6300,6.6400,414400,2753168.0000,3
2025-08-01,20250801112000000,sh.600864,6.6400,6.6500,6.6300,6.6400,547200,3633096.0000,3
2025-08-01,20250801112500000,sh.600864,6.6500,6.6500,6.6400,6.6400,584000,3875688.0000,3
2025-08-01,20250801113000000,sh.600864,6.6400,6.6500,6.6200,6.6300,380100,2521168.0000,3
2025-08-01,20250801130500000,sh.600864,6.6300,6.6500,6.6300,6.6300,656200,4352400.0000,3
2025-08-01,20250801131000000,sh.600864,6.6400,6.6500,6.6300,6.6300,373600,2479648.0000,3
2025-08-01,20250801131500000,sh.600864,6.6300,6.6400,6.6200,6.6200,638200,4229824.0000,3
2025-08-01,20250801132000000,sh.600864,6.6200,6.6300,6.6100,6.6200,561600,3718528.0000,3
2025-08-01,20250801132500000,sh.600864,6.6200,6.6300,6.6100,6.6200,536600,3551200.0000,3
2025-08-01,20250801133000000,sh.600864,6.6200,6.6300,6.6100,6.6200,663000,4387808.0000,3
2025-08-01,20250801133500000,sh.600864,6.6200,6.6300,6.6100,6.6200,717900,4754128.0000,3
2025-08-01,20250801134000000,sh.600864,6.6100,6.6300,6.6000,6.6300,705500,4664320.0000,3
2025-08-01,20250801134500000,sh.600864,6.6200,6.6300,6.6100,6.6100,257100,1701968.0000,3
2025-08-01,20250801135000000,sh.600864,6.6200,6.6400,6.6200,6.6300,743400,4928544.0000,3
2025-08-01,20250801135500000,sh.600864,6.6400,6.6400,6.6300,6.6300,165100,1095088.0000,3
2025-08-01,20250801140000000,sh.600864,6.6300,6.6300,6.6100,6.6200,399200,2643632.0000,3
2025-08-01,20250801140500000,sh.600864,6.6100,6.6400,6.6100,6.6300,873900,5792400.0000,3
2025-08-01,20250801141000000,sh.600864,6.6300,6.6500,6.6200,6.6400,686800,4556224.0000,3
2025-08-01,20250801141500000,sh.600864,6.6500,6.6500,6.6300,6.6500,258900,1720016.0000,3
2025-08-01,20250801142000000,sh.600864,6.6500,6.6500,6.6400,6.6400,285400,1897264.0000,3
2025-08-01,20250801142500000,sh.600864,6.6500,6.6600,6.6400,6.6600,526700,3501632.0000,3
2025-08-01,20250801143000000,sh.600864,6.6600,6.6600,6.6400,6.6500,283400,1883600.0000,3
2025-08-01,20250801143500000,sh.600864,6.6500,6.6500,6.6300,6.6300,582800,3868880.0000,3
2025-08-01,20250801144000000,sh.600864,6.6400,6.6400,6.6300,6.6400,231100,1533120.0000,3
2025-08-01,20250801144500000,sh.600864,6.6300,6.6400,6.6300,6.6400,311900,2070272.0000,3
2025-08-01,20250801145000000,sh.600864,6.6400,6.6400,6.6300,6.6300,516700,3428224.0000,3
2025-08-01,20250801145500000,sh.600864,6.6400,6.6400,6.6300,6.6400,661100,4386608.0000,3
2025-08-01,20250801150000000,sh.600864,6.6400,6.6400,6.6300,6.6300,456900,3031488.0000,3
2025-08-04,20250804093500000,sh.600864,6.6000,6.6600,6.6000,6.6100,2229700,14750886.0000,3
2025-08-04,20250804094000000,sh.600864,6.6100,6.6300,6.6000,6.6200,1262200,8352362.0000,3
2025-08-04,20250804094500000,sh.600864,6.6200,6.6200,6.5800,6.5900,1503800,9932232.0000,3
2025-08-04,20250804095000000,sh.600864,6.5900,6.6000,6.5800,6.5800,846700,5576420.0000,3
2025-08-04,20250804095500000,sh.600864,6.5900,6.6100,6.5800,6.6000,620700,4094872.0000,3
2025-08-04,20250804100000000,sh.600864,6.6000,6.6100,6.5900,6.6000,575800,3801084.0000,3
2025-08-04,20250804100500000,sh.600864,6.6000,6.6000,6.5800,6.5900,764100,5034040.0000,3
2025-08-04,20250804101000000,sh.600864,6.5900,6.6100,6.5800,6.6000,622800,4108376.0000,3
2025-08-04,20250804101500000,sh.600864,6.6100,6.6200,6.6000,6.6000,316800,2094144.0000,3
2025-08-04,20250804102000000,sh.600864,6.6000,6.6200,6.6000,6.6100,919100,6069584.0000,3
2025-08-04,20250804102500000,sh.600864,6.6100,6.6200,6.5900,6.6100,443300,2927024.0000,3
2025-08-04,20250804103000000,sh.600864,6.6100,6.6200,6.5900,6.6100,470300,3105424.0000,3
2025-08-04,20250804103500000,sh.600864,6.6100,6.6100,6.5900,6.6000,258200,1703768.0000,3
2025-08-04,20250804104000000,sh.600864,6.6000,6.6000,6.5900,6.6000,342900,2261904.0000,3
2025-08-04,20250804104500000,sh.600864,6.6000,6.6100,6.5900,6.6100,1592000,10497488.0000,3
2025-08-04,20250804105000000,sh.600864,6.6000,6.6100,6.5900,6.6000,354600,2340336.0000,3
2025-08-04,20250804105500000,sh.600864,6.6000,6.6000,6.5800,6.5900,431300,2841360.0000,3
2025-08-04,20250804110000000,sh.600864,6.5800,6.5900,6.5800,6.5800,171500,1129704.0000,3
2025-08-04,20250804110500000,sh.600864,6.5900,6.5900,6.5700,6.5900,870400,5727512.0000,3
2025-08-04,20250804111000000,sh.600864,6.5900,6.5900,6.5800,6.5900,144100,949112.0000,3
2025-08-04,20250804111500000,sh.600864,6.5900,6.5900,6.5700,6.5800,254700,1676280.0000,3
2025-08-04,20250804112000000,sh.600864,6.5800,6.5900,6.5800,6.5900,121500,799952.0000,3
2025-08-04,20250804112500000,sh.600864,6.5800,6.6100,6.5800,6.5900,560100,3693064.0000,3
2025-08-04,20250804113000000,sh.600864,6.5800,6.5900,6.5700,6.5800,272900,1795856.0000,3
2025-08-04,20250804130500000,sh.600864,6.5900,6.6000,6.5800,6.5800,405400,2671168.0000,3
2025-08-04,20250804131000000,sh.600864,6.5900,6.6100,6.5900,6.6000,649700,4285856.0000,3
2025-08-04,20250804131500000,sh.600864,6.5900,6.6000,6.5900,6.5900,361300,2383856.0000,3
2025-08-04,20250804132000000,sh.600864,6.5900,6.6000,6.5900,6.6000,158500,1045288.0000,3
2025-08-04,20250804132500000,sh.600864,6.6100,6.6100,6.6000,6.6000,257300,1698456.0000,3
2025-08-04,20250804133000000,sh.600864,6.6000,6.6100,6.6000,6.6000,143600,948160.0000,3
2025-08-04,20250804133500000,sh.600864,6.6100,6.6100,6.5900,6.5900,285600,1885064.0000,3
2025-08-04,20250804134000000,sh.600864,6.6000,6.6000,6.5900,6.5900,152400,1004768.0000,3
2025-08-04,20250804134500000,sh.600864,6.6000,6.6100,6.5900,6.6000,309300,2041368.0000,3
2025-08-04,20250804135000000,sh.600864,6.6100,6.6100,6.5900,6.5900,166900,1102200.0000,3
2025-08-04,20250804135500000,sh.600864,6.6000,6.6100,6.6000,6.6000,281900,1861960.0000,3
2025-08-04,20250804140000000,sh.600864,6.6000,6.6100,6.5900,6.6000,145800,962456.0000,3
2025-08-04,20250804140500000,sh.600864,6.6100,6.6200,6.6000,6.6100,201900,1334328.0000,3
2025-08-04,20250804141000000,sh.600864,6.6100,6.6300,6.6100,6.6200,491700,3254880.0000,3
2025-08-04,20250804141500000,sh.600864,6.6300,6.6300,6.6100,6.6200,413500,2737840.0000,3
2025-08-04,20250804142000000,sh.600864,6.6300,6.6300,6.6100,6.6300,358400,2373152.0000,3
2025-08-04,20250804142500000,sh.600864,6.6200,6.6300,6.6100,6.6200,568800,3764288.0000,3
2025-08-04,20250804143000000,sh.600864,6.6100,6.6300,6.6100,6.6200,665700,4407024.0000,3
2025-08-04,20250804143500000,sh.600864,6.6300,6.6300,6.6100,6.6200,563400,3731136.0000,3
2025-08-04,20250804144000000,sh.600864,6.6300,6.6300,6.6200,6.6200,377800,2501728.0000,3
2025-08-04,20250804144500000,sh.600864,6.6200,6.6300,6.6200,6.6200,756100,5011264.0000,3
2025-08-04,20250804145000000,sh.600864,6.6300,6.6300,6.6200,6.6300,376100,2492464.0000,3
2025-08-04,20250804145500000,sh.600864,6.6200,6.6300,6.6100,6.6200,1323000,8754304.0000,3
2025-08-04,20250804150000000,sh.600864,6.6100,6.6300,6.6100,6.6300,859300,5694768.0000,3
2025-08-05,20250805093500000,sh.600864,6.6500,6.7100,6.6400,6.6900,3026700,20199912.0000,3
2025-08-05,20250805094000000,sh.600864,6.6900,6.7400,6.6700,6.7400,3269100,21928184.0000,3
2025-08-05,20250805094500000,sh.600864,6.7400,6.7700,6.7200,6.7400,4279500,28896152.0000,3
2025-08-05,20250805095000000,sh.600864,6.7300,6.7400,6.7100,6.7100,1641200,11030912.0000,3
2025-08-05,20250805095500000,sh.600864,6.7100,6.7400,6.7100,6.7400,1743500,11723184.0000,3
2025-08-05,20250805100000000,sh.600864,6.7400,6.7400,6.7000,6.7200,859700,5777464.0000,3
2025-08-05,20250805100500000,sh.600864,6.7100,6.7200,6.7000,6.7100,766300,5140288.0000,3
2025-08-05,20250805101000000,sh.600864,6.7200,6.7500,6.7100,6.7500,1389600,9349672.0000,3
2025-08-05,20250805101500000,sh.600864,6.7400,6.7600,6.7300,6.7500,1077300,7269496.0000,3
2025-08-05,20250805102000000,sh.600864,6.7500,6.7500,6.7200,6.7300,457700,3079816.0000,3
2025-08-05,20250805102500000,sh.600864,6.7300,6.7400,6.7200,6.7300,533100,3587360.0000,3
2025-08-05,20250805103000000,sh.600864,6.7300,6.7300,6.7200,6.7200,283600,1908056.0000,3
2025-08-05,20250805103500000,sh.600864,6.7200,6.7200,6.7100,6.7200,499200,3352664.0000,3
2025-08-05,20250805104000000,sh.600864,6.7200,6.7200,6.7000,6.7000,683500,4585176.0000,3
2025-08-05,20250805104500000,sh.600864,6.7100,6.7100,6.7000,6.7000,289800,1942256.0000,3
2025-08-05,20250805105000000,sh.600864,6.7100,6.7100,6.6900,6.6900,692000,4634288.0000,3
2025-08-05,20250805105500000,sh.600864,6.6900,6.7000,6.6900,6.6900,257200,1721344.0000,3
2025-08-05,20250805110000000,sh.600864,6.6900,6.7100,6.6900,6.7100,308300,2066288.0000,3
2025-08-05,20250805110500000,sh.600864,6.7100,6.7200,6.7000,6.7200,465600,3124672.0000,3
2025-08-05,20250805111000000,sh.600864,6.7200,6.7200,6.7000,6.7100,410600,2756416.0000,3
2025-08-05,20250805111500000,sh.600864,6.7100,6.7200,6.7000,6.7000,353600,2372640.0000,3
2025-08-05,20250805112000000,sh.600864,6.7100,6.7200,6.7000,6.7100,300700,2017744.0000,3
2025-08-05,20250805112500000,sh.600864,6.7100,6.7200,6.7100,6.7200,349300,2345792.0000,3
2025-08-05,20250805113000000,sh.600864,6.7200,6.7200,6.7000,6.7000,720400,4829824.0000,3
2025-08-05,20250805130500000,sh.600864,6.7200,6.9500,6.7200,6.8100,13456500,92145968.0000,3
2025-08-05,20250805131000000,sh.600864,6.8100,6.8100,6.7500,6.7700,2470300,16758496.0000,3
2025-08-05,20250805131500000,sh.600864,6.7700,6.7900,6.7500,6.7800,1612400,10913248.0000,3
2025-08-05,20250805132000000,sh.600864,6.7900,6.8100,6.7800,6.8000,1821800,12378016.0000,3
2025-08-05,20250805132500000,sh.600864,6.8000,6.8000,6.7600,6.7800,866700,5875264.0000,3
2025-08-05,20250805133000000,sh.600864,6.7800,6.7900,6.7700,6.7800,977800,6630304.0000,3
2025-08-05,20250805133500000,sh.600864,6.7800,6.7800,6.7600,6.7600,721400,4886656.0000,3
2025-08-05,20250805134000000,sh.600864,6.7700,6.7700,6.7600,6.7700,292300,1977760.0000,3
2025-08-05,20250805134500000,sh.600864,6.7700,6.7900,6.7700,6.7800,758300,5141440.0000,3
2025-08-05,20250805135000000,sh.600864,6.7800,6.8000,6.7700,6.7800,804900,5464768.0000,3
2025-08-05,20250805135500000,sh.600864,6.7800,6.7900,6.7700,6.7800,520800,3530784.0000,3
2025-08-05,20250805140000000,sh.600864,6.7800,6.7800,6.7600,6.7600,626700,4242112.0000,3
2025-08-05,20250805140500000,sh.600864,6.7700,6.7800,6.7600,6.7600,584100,3953920.0000,3
2025-08-05,20250805141000000,sh.600864,6.7700,6.7800,6.7600,6.7800,612900,4148896.0000,3
2025-08-05,20250805141500000,sh.600864,6.7700,6.8000,6.7700,6.7900,828900,5622528.0000,3
2025-08-05,20250805142000000,sh.600864,6.7900,6.8000,6.7800,6.7900,658800,4475776.0000,3
2025-08-05,20250805142500000,sh.600864,6.7900,6.8200,6.7900,6.8100,1076400,7327040.0000,3
2025-08-05,20250805143000000,sh.600864,6.8100,6.8300,6.8000,6.8200,1525700,10406752.0000,3
2025-08-05,20250805143500000,sh.600864,6.8300,6.8300,6.8100,6.8200,1029200,7016096.0000,3
2025-08-05,20250805144000000,sh.600864,6.8200,6.8200,6.8000,6.8100,1278100,8706240.0000,3
2025-08-05,20250805144500000,sh.600864,6.8100,6.8200,6.8000,6.8100,611800,4167808.0000,3
2025-08-05,20250805145000000,sh.600864,6.8100,6.8200,6.8000,6.8100,1212900,8264320.0000,3
2025-08-05,20250805145500000,sh.600864,6.8100,6.8200,6.8000,6.8100,1410700,9604928.0000,3
2025-08-05,20250805150000000,sh.600864,6.8100,6.8200,6.8000,6.8200,1457400,9933984.0000,3
2025-08-06,20250806093500000,sh.600864,6.7800,7.0300,6.7600,6.9200,14715400,101984344.0000,3
2025-08-06,20250806094000000,sh.600864,6.9200,6.9600,6.8800,6.9400,5349000,36999768.0000,3
2025-08-06,20250806094500000,sh.600864,6.9400,6.9800,6.9200,6.9700,3631000,25239744.0000,3
2025-08-06,20250806095000000,sh.600864,6.9600,7.0400,6.9400,6.9400,10583900,74027984.0000,3
2025-08-06,20250806095500000,sh.600864,6.9500,6.9500,6.9300,6.9300,1842500,12790800.0000,3
2025-08-06,20250806100000000,sh.600864,6.9300,6.9600,6.9200,6.9600,2181700,15144832.0000,3
2025-08-06,20250806100500000,sh.600864,6.9600,6.9600,6.9200,6.9400,1597400,11085104.0000,3
2025-08-06,20250806101000000,sh.600864,6.9400,6.9600,6.9300,6.9600,1112100,7719648.0000,3
2025-08-06,20250806101500000,sh.600864,6.9600,6.9900,6.9500,6.9500,1987500,13849920.0000,3
2025-08-06,20250806102000000,sh.600864,6.9600,6.9600,6.9400,6.9500,1352700,9399552.0000,3
2025-08-06,20250806102500000,sh.600864,6.9400,6.9600,6.9300,6.9400,1371000,9518432.0000,3
2025-08-06,20250806103000000,sh.600864,6.9400,6.9500,6.9300,6.9300,922000,6397088.0000,3
2025-08-06,20250806103500000,sh.600864,6.9300,6.9300,6.9100,6.9200,1731500,11980128.0000,3
2025-08-06,20250806104000000,sh.600864,6.9200,6.9900,6.9200,6.9900,2444000,17002080.0000,3
2025-08-06,20250806104500000,sh.600864,6.9900,7.0200,6.9800,6.9800,5030000,35225408.0000,3
2025-08-06,20250806105000000,sh.600864,7.0000,7.0000,6.9700,6.9700,960300,6710368.0000,3
2025-08-06,20250806105500000,sh.600864,6.9700,6.9900,6.9600,6.9700,807900,5637984.0000,3
2025-08-06,20250806110000000,sh.600864,6.9700,6.9900,6.9700,6.9900,841100,5873472.0000,3
2025-08-06,20250806110500000,sh.600864,6.9900,7.0300,6.9700,6.9800,3089400,21653440.0000,3
2025-08-06,20250806111000000,sh.600864,6.9800,6.9800,6.9300,6.9500,1099600,7645536.0000,3
2025-08-06,20250806111500000,sh.600864,6.9500,6.9600,6.9300,6.9500,650100,4515488.0000,3
2025-08-06,20250806112000000,sh.600864,6.9500,6.9500,6.9300,6.9400,529000,3673024.0000,3
2025-08-06,20250806112500000,sh.600864,6.9500,6.9600,6.9400,6.9400,381300,2650752.0000,3
2025-08-06,20250806113000000,sh.600864,6.9500,6.9700,6.9400,6.9600,709200,4935488.0000,3
2025-08-06,20250806130500000,sh.600864,6.9600,6.9600,6.9200,6.9400,1618400,11239136.0000,3
2025-08-06,20250806131000000,sh.600864,6.9400,6.9400,6.9200,6.9400,538000,3729056.0000,3
2025-08-06,20250806131500000,sh.600864,6.9400,6.9500,6.9300,6.9400,551600,3827616.0000,3
2025-08-06,20250806132000000,sh.600864,6.9400,6.9500,6.9300,6.9300,316900,2198688.0000,3
2025-08-06,20250806132500000,sh.600864,6.9400,6.9600,6.9300,6.9500,1241900,8630528.0000,3
2025-08-06,20250806133000000,sh.600864,6.9500,6.9600,6.9200,6.9200,1208600,8388704.0000,3
2025-08-06,20250806133500000,sh.600864,6.9300,6.9300,6.9100,6.9200,1102800,7628096.0000,3
2025-08-06,20250806134000000,sh.600864,6.9200,6.9200,6.9100,6.9100,452200,3125472.0000,3
2025-08-06,20250806134500000,sh.600864,6.9100,6.9300,6.9100,6.9300,279500,1934080.0000,3
2025-08-06,20250806135000000,sh.600864,6.9300,6.9700,6.9300,6.9600,1127300,7836512.0000,3
2025-08-06,20250806135500000,sh.600864,6.9600,6.9700,6.9500,6.9600,753100,5244256.0000,3
2025-08-06,20250806140000000,sh.600864,6.9600,6.9600,6.9400,6.9500,724200,5034176.0000,3
2025-08-06,20250806140500000,sh.600864,6.9500,6.9700,6.9400,6.9600,768800,5350272.0000,3
2025-08-06,20250806141000000,sh.600864,6.9600,6.9700,6.9600,6.9700,723700,5042272.0000,3
2025-08-06,20250806141500000,sh.600864,6.9700,6.9700,6.9400,6.9400,399200,2774816.0000,3
2025-08-06,20250806142000000,sh.600864,6.9400,6.9600,6.9400,6.9600,452700,3146784.0000,3
2025-08-06,20250806142500000,sh.600864,6.9500,6.9600,6.9500,6.9600,413300,2874624.0000,3
2025-08-06,20250806143000000,sh.600864,6.9500,6.9700,6.9500,6.9500,809000,5630392.0000,3
2025-08-06,20250806143500000,sh.600864,6.9600,6.9600,6.9500,6.9500,428100,2977024.0000,3
2025-08-06,20250806144000000,sh.600864,6.9600,6.9600,6.9400,6.9500,1067600,7416581.0000,3
2025-08-06,20250806144500000,sh.600864,6.9400,6.9500,6.9300,6.9400,926000,6427145.0000,3
2025-08-06,20250806145000000,sh.600864,6.9300,6.9400,6.9200,6.9200,1399200,9701053.0000,3
2025-08-06,20250806145500000,sh.600864,6.9300,6.9400,6.9200,6.9300,1805700,12518273.0000,3
2025-08-06,20250806150000000,sh.600864,6.9400,6.9400,6.9300,6.9300,574300,3981634.0000,3
2025-08-07,20250807093500000,sh.600864,6.9000,6.9400,6.9000,6.9200,5923000,40942364.0000,3
2025-08-07,20250807094000000,sh.600864,6.9300,6.9300,6.8900,6.9000,3564900,24599492.0000,3
2025-08-07,20250807094500000,sh.600864,6.9100,6.9300,6.8900,6.9100,3331700,23013192.0000,3
2025-08-07,20250807095000000,sh.600864,6.9100,6.9700,6.9000,6.9700,3119300,21569616.0000,3
2025-08-07,20250807095500000,sh.600864,6.9600,6.9600,6.9100,6.9100,2671000,18531184.0000,3
2025-08-07,20250807100000000,sh.600864,6.9200,6.9300,6.9000,6.9000,1290100,8922952.0000,3
2025-08-07,20250807100500000,sh.600864,6.9100,6.9200,6.9000,6.9000,1355400,9358848.0000,3
2025-08-07,20250807101000000,sh.600864,6.9000,6.9000,6.8700,6.8800,2008800,13817760.0000,3
2025-08-07,20250807101500000,sh.600864,6.8700,6.8800,6.8400,6.8400,3136900,21509440.0000,3
2025-08-07,20250807102000000,sh.600864,6.8500,6.8600,6.8300,6.8600,2591500,17733792.0000,3
2025-08-07,20250807102500000,sh.600864,6.8600,6.8600,6.8300,6.8400,1077300,7371616.0000,3
2025-08-07,20250807103000000,sh.600864,6.8300,6.8400,6.8200,6.8400,1085700,7414976.0000,3
2025-08-07,20250807103500000,sh.600864,6.8400,6.8400,6.8100,6.8400,847700,5784304.0000,3
2025-08-07,20250807104000000,sh.600864,6.8400,6.8400,6.8200,6.8300,660600,4514880.0000,3
2025-08-07,20250807104500000,sh.600864,6.8200,6.8500,6.8200,6.8400,628600,4295488.0000,3
2025-08-07,20250807105000000,sh.600864,6.8400,6.8600,6.8300,6.8500,838000,5737552.0000,3
2025-08-07,20250807105500000,sh.600864,6.8600,6.8600,6.8300,6.8400,531500,3635648.0000,3
2025-08-07,20250807110000000,sh.600864,6.8400,6.8500,6.8300,6.8400,735100,5024048.0000,3
2025-08-07,20250807110500000,sh.600864,6.8400,6.8600,6.8400,6.8500,1255600,8605152.0000,3
2025-08-07,20250807111000000,sh.600864,6.8400,6.8700,6.8400,6.8600,692800,4746848.0000,3
2025-08-07,20250807111500000,sh.600864,6.8600,6.8700,6.8500,6.8600,433700,2972688.0000,3
2025-08-07,20250807112000000,sh.600864,6.8700,6.8800,6.8600,6.8700,245500,1686336.0000,3
2025-08-07,20250807112500000,sh.600864,6.8700,6.9100,6.8700,6.9000,1733400,11959920.0000,3
2025-08-07,20250807113000000,sh.600864,6.9000,6.9400,6.8900,6.9400,934100,6464544.0000,3
2025-08-07,20250807130500000,sh.600864,6.9400,6.9800,6.9300,6.9300,4669000,32459168.0000,3
2025-08-07,20250807131000000,sh.600864,6.9200,6.9400,6.9000,6.9100,1029600,7124288.0000,3
2025-08-07,20250807131500000,sh.600864,6.9100,6.9200,6.8800,6.8900,811800,5600896.0000,3
2025-08-07,20250807132000000,sh.600864,6.8900,6.9100,6.8900,6.9000,719900,4968224.0000,3
2025-08-07,20250807132500000,sh.600864,6.9000,6.9100,6.8900,6.9000,497100,3430976.0000,3
2025-08-07,20250807133000000,sh.600864,6.9000,6.9000,6.8900,6.9000,494500,3410048.0000,3
2025-08-07,20250807133500000,sh.600864,6.9000,6.9000,6.8900,6.9000,330300,2276064.0000,3
2025-08-07,20250807134000000,sh.600864,6.9000,6.9100,6.8900,6.9000,372500,2568960.0000,3
2025-08-07,20250807134500000,sh.600864,6.9000,6.9100,6.9000,6.9100,440200,3038304.0000,3
2025-08-07,20250807135000000,sh.600864,6.9100,6.9100,6.9000,6.9000,372300,2569792.0000,3
2025-08-07,20250807135500000,sh.600864,6.9000,6.9100,6.8800,6.9000,541000,3729056.0000,3
2025-08-07,20250807140000000,sh.600864,6.8900,6.9000,6.8800,6.9000,303400,2091200.0000,3
2025-08-07,20250807140500000,sh.600864,6.9000,6.9300,6.9000,6.9300,507600,3508960.0000,3
2025-08-07,20250807141000000,sh.600864,6.9300,6.9300,6.9000,6.9100,871300,6024960.0000,3
2025-08-07,20250807141500000,sh.600864,6.9100,6.9200,6.9000,6.9000,354800,2451584.0000,3
2025-08-07,20250807142000000,sh.600864,6.9100,6.9100,6.8900,6.9100,811600,5600000.0000,3
2025-08-07,20250807142500000,sh.600864,6.9100,6.9100,6.9000,6.9100,130300,899424.0000,3
2025-08-07,20250807143000000,sh.600864,6.9100,6.9100,6.9000,6.9000,257000,1773856.0000,3
2025-08-07,20250807143500000,sh.600864,6.9000,6.9200,6.9000,6.9100,721000,4980640.0000,3
2025-08-07,20250807144000000,sh.600864,6.9200,6.9200,6.9000,6.9100,575700,3976320.0000,3
2025-08-07,20250807144500000,sh.600864,6.9000,6.9100,6.9000,6.9000,279300,1927776.0000,3
2025-08-07,20250807145000000,sh.600864,6.9000,6.9100,6.8900,6.9000,1343400,9267712.0000,3
2025-08-07,20250807145500000,sh.600864,6.9000,6.9000,6.8900,6.9000,1389300,9582208.0000,3
2025-08-07,20250807150000000,sh.600864,6.9100,6.9400,6.9000,6.9400,4377600,30343584.0000,3
2025-08-08,20250808093500000,sh.600864,6.9400,6.9400,6.8800,6.8800,2572100,17748550.0000,3
2025-08-08,20250808094000000,sh.600864,6.8800,6.9000,6.8600,6.8600,1432900,9853870.0000,3
2025-08-08,20250808094500000,sh.600864,6.8600,6.8700,6.8500,6.8600,2335400,16008796.0000,3
2025-08-08,20250808095000000,sh.600864,6.8600,6.8700,6.8600,6.8600,857000,5882140.0000,3
2025-08-08,20250808095500000,sh.600864,6.8600,6.8700,6.8400,6.8500,1558900,10673736.0000,3
2025-08-08,20250808100000000,sh.600864,6.8400,6.8600,6.8400,6.8500,665900,4560604.0000,3
2025-08-08,20250808100500000,sh.600864,6.8500,6.8800,6.8500,6.8700,786800,5405664.0000,3
2025-08-08,20250808101000000,sh.600864,6.8700,6.9200,6.8600,6.9000,1046500,7217376.0000,3
2025-08-08,20250808101500000,sh.600864,6.9100,6.9100,6.8800,6.9000,1225200,8442064.0000,3
2025-08-08,20250808102000000,sh.600864,6.9000,6.9100,6.8900,6.9000,425200,2933744.0000,3
2025-08-08,20250808102500000,sh.600864,6.8900,6.8900,6.8800,6.8900,281900,1941248.0000,3
2025-08-08,20250808103000000,sh.600864,6.8800,6.8900,6.8700,6.8700,430400,2959664.0000,3
2025-08-08,20250808103500000,sh.600864,6.8700,6.8800,6.8700,6.8700,404000,2776336.0000,3
2025-08-08,20250808104000000,sh.600864,6.8800,6.9100,6.8700,6.9000,457700,3154816.0000,3
2025-08-08,20250808104500000,sh.600864,6.9000,6.9100,6.8900,6.8900,496300,3424096.0000,3
2025-08-08,20250808105000000,sh.600864,6.9000,6.9100,6.8800,6.9100,585900,4038352.0000,3
2025-08-08,20250808105500000,sh.600864,6.9100,6.9100,6.8900,6.9000,556700,3839736.0000,3
2025-08-08,20250808110000000,sh.600864,6.9100,6.9100,6.9000,6.9100,237000,1636680.0000,3
2025-08-08,20250808110500000,sh.600864,6.9000,6.9100,6.8900,6.8900,411300,2836448.0000,3
2025-08-08,20250808111000000,sh.600864,6.9000,6.9000,6.8900,6.8900,185200,1276200.0000,3
2025-08-08,20250808111500000,sh.600864,6.9000,6.9000,6.8800,6.8900,534900,3685408.0000,3
2025-08-08,20250808112000000,sh.600864,6.8900,6.9000,6.8900,6.9000,229200,1579704.0000,3
2025-08-08,20250808112500000,sh.600864,6.9000,6.9000,6.8900,6.8900,85800,591456.0000,3
2025-08-08,20250808113000000,sh.600864,6.9000,6.9100,6.8900,6.8900,647100,4466728.0000,3
2025-08-08,20250808130500000,sh.600864,6.9000,6.9200,6.8900,6.9100,680000,4694840.0000,3
2025-08-08,20250808131000000,sh.600864,6.9000,6.9100,6.9000,6.9000,326700,2254880.0000,3
2025-08-08,20250808131500000,sh.600864,6.9000,6.9000,6.8900,6.9000,257600,1776832.0000,3
2025-08-08,20250808132000000,sh.600864,6.9100,6.9100,6.8800,6.8900,722100,4976320.0000,3
2025-08-08,20250808132500000,sh.600864,6.8900,6.8900,6.8700,6.8800,501900,3452592.0000,3
2025-08-08,20250808133000000,sh.600864,6.8700,6.8800,6.8500,6.8600,899100,6167888.0000,3
2025-08-08,20250808133500000,sh.600864,6.8500,6.8800,6.8500,6.8600,247700,1700528.0000,3
2025-08-08,20250808134000000,sh.600864,6.8600,6.8700,6.8600,6.8700,203200,1394848.0000,3
2025-08-08,20250808134500000,sh.600864,6.8700,6.8800,6.8600,6.8600,233800,1605872.0000,3
2025-08-08,20250808135000000,sh.600864,6.8600,6.8700,6.8500,6.8600,385700,2646224.0000,3
2025-08-08,20250808135500000,sh.600864,6.8600,6.8700,6.8500,6.8500,481000,3298144.0000,3
2025-08-08,20250808140000000,sh.600864,6.8600,6.8600,6.8500,6.8600,124000,849888.0000,3
2025-08-08,20250808140500000,sh.600864,6.8500,6.8700,6.8500,6.8700,591000,4056432.0000,3
2025-08-08,20250808141000000,sh.600864,6.8600,6.8800,6.8600,6.8700,777000,5337520.0000,3
2025-08-08,20250808141500000,sh.600864,6.8700,6.8800,6.8600,6.8600,394500,2706992.0000,3
2025-08-08,20250808142000000,sh.600864,6.8600,6.8600,6.8500,6.8600,204500,1401744.0000,3
2025-08-08,20250808142500000,sh.600864,6.8600,6.8600,6.8400,6.8600,924800,6334848.0000,3
2025-08-08,20250808143000000,sh.600864,6.8500,6.8600,6.8400,6.8500,378600,2592592.0000,3
2025-08-08,20250808143500000,sh.600864,6.8500,6.8600,6.8500,6.8500,355600,2436176.0000,3
2025-08-08,20250808144000000,sh.600864,6.8600,6.8600,6.8500,6.8500,381900,2616208.0000,3
2025-08-08,20250808144500000,sh.600864,6.8500,6.8600,6.8400,6.8500,403800,2766304.0000,3
2025-08-08,20250808145000000,sh.600864,6.8500,6.8600,6.8400,6.8600,748700,5129776.0000,3
2025-08-08,20250808145500000,sh.600864,6.8500,6.8600,6.8500,6.8500,789600,5412944.0000,3
2025-08-08,20250808150000000,sh.600864,6.8500,6.8600,6.8500,6.8600,879600,6031824.0000,3
2025-08-11,20250811093500000,sh.600864,6.8500,6.9100,6.8400,6.8700,2264000,15555802.0000,3
2025-08-11,20250811094000000,sh.600864,6.8700,6.9000,6.8600,6.9000,1386700,9538154.0000,3
2025-08-11,20250811094500000,sh.600864,6.8900,6.9000,6.8600,6.8800,671300,4619170.0000,3
2025-08-11,20250811095000000,sh.600864,6.8700,6.8900,6.8600,6.8800,732100,5033462.0000,3
2025-08-11,20250811095500000,sh.600864,6.8800,6.9400,6.8800,6.9200,2402600,16614728.0000,3
2025-08-11,20250811100000000,sh.600864,6.9300,6.9600,6.9100,6.9200,3062500,21248092.0000,3
2025-08-11,20250811100500000,sh.600864,6.9200,6.9500,6.9100,6.9500,1489700,10320232.0000,3
2025-08-11,20250811101000000,sh.600864,6.9400,6.9500,6.9200,6.9300,1510000,10482096.0000,3
2025-08-11,20250811101500000,sh.600864,6.9300,6.9300,6.9000,6.9100,733200,5069176.0000,3
2025-08-11,20250811102000000,sh.600864,6.9100,6.9200,6.8900,6.9000,932100,6433768.0000,3
2025-08-11,20250811102500000,sh.600864,6.9000,6.9200,6.8900,6.9200,579200,3999536.0000,3
2025-08-11,20250811103000000,sh.600864,6.9200,6.9200,6.9000,6.9100,405700,2803696.0000,3
2025-08-11,20250811103500000,sh.600864,6.9000,6.9200,6.9000,6.9200,329900,2280248.0000,3
2025-08-11,20250811104000000,sh.600864,6.9100,6.9400,6.9100,6.9100,874800,6052960.0000,3
2025-08-11,20250811104500000,sh.600864,6.9100,6.9400,6.9100,6.9300,616200,4268872.0000,3
2025-08-11,20250811105000000,sh.600864,6.9300,6.9300,6.9200,6.9200,329800,2283368.0000,3
2025-08-11,20250811105500000,sh.600864,6.9200,6.9400,6.9200,6.9300,341500,2366880.0000,3
2025-08-11,20250811110000000,sh.600864,6.9300,6.9500,6.9300,6.9400,761500,5284480.0000,3
2025-08-11,20250811110500000,sh.600864,6.9500,6.9600,6.9400,6.9500,2014300,14003728.0000,3
2025-08-11,20250811111000000,sh.600864,6.9500,6.9500,6.9300,6.9400,499400,3464448.0000,3
2025-08-11,20250811111500000,sh.600864,6.9300,6.9400,6.9200,6.9400,498700,3457984.0000,3
2025-08-11,20250811112000000,sh.600864,6.9400,6.9400,6.9300,6.9300,282200,1956592.0000,3
2025-08-11,20250811112500000,sh.600864,6.9300,6.9400,6.9300,6.9300,276400,1916400.0000,3
2025-08-11,20250811113000000,sh.600864,6.9400,6.9700,6.9300,6.9600,1215200,8451904.0000,3
2025-08-11,20250811130500000,sh.600864,6.9500,6.9600,6.9400,6.9400,1322200,9199616.0000,3
2025-08-11,20250811131000000,sh.600864,6.9400,6.9700,6.9400,6.9600,633600,4411312.0000,3
2025-08-11,20250811131500000,sh.600864,6.9700,6.9700,6.9600,6.9600,379700,2644160.0000,3
2025-08-11,20250811132000000,sh.600864,6.9600,6.9600,6.9400,6.9500,505400,3514800.0000,3
2025-08-11,20250811132500000,sh.600864,6.9500,6.9600,6.9400,6.9500,603200,4191504.0000,3
2025-08-11,20250811133000000,sh.600864,6.9400,6.9600,6.9400,6.9400,529100,3676912.0000,3
2025-08-11,20250811133500000,sh.600864,6.9500,6.9500,6.9400,6.9500,212300,1475280.0000,3
2025-08-11,20250811134000000,sh.600864,6.9500,6.9500,6.9400,6.9400,210100,1458576.0000,3
2025-08-11,20250811134500000,sh.600864,6.9500,6.9500,6.9400,6.9400,732600,5084960.0000,3
2025-08-11,20250811135000000,sh.600864,6.9400,6.9500,6.9300,6.9300,333800,2315120.0000,3
2025-08-11,20250811135500000,sh.600864,6.9400,6.9500,6.9300,6.9400,820600,5695504.0000,3
2025-08-11,20250811140000000,sh.600864,6.9500,6.9500,6.9400,6.9500,138900,964784.0000,3
2025-08-11,20250811140500000,sh.600864,6.9500,6.9600,6.9400,6.9500,1035000,7194704.0000,3
2025-08-11,20250811141000000,sh.600864,6.9600,6.9600,6.9300,6.9300,1046200,7258000.0000,3
2025-08-11,20250811141500000,sh.600864,6.9300,6.9400,6.9200,6.9400,653700,4530864.0000,3
2025-08-11,20250811142000000,sh.600864,6.9300,6.9400,6.9200,6.9200,653700,4528192.0000,3
2025-08-11,20250811142500000,sh.600864,6.9200,6.9400,6.9200,6.9400,226000,1566960.0000,3
2025-08-11,20250811143000000,sh.600864,6.9400,6.9500,6.9300,6.9500,862700,5991568.0000,3
2025-08-11,20250811143500000,sh.600864,6.9500,6.9500,6.9400,6.9400,269500,1872304.0000,3
2025-08-11,20250811144000000,sh.600864,6.9400,6.9500,6.9400,6.9400,242100,1682096.0000,3
2025-08-11,20250811144500000,sh.600864,6.9500,6.9700,6.9400,6.9700,2780000,19321776.0000,3
2025-08-11,20250811145000000,sh.600864,6.9600,6.9900,6.9600,6.9800,3818800,26641472.0000,3
2025-08-11,20250811145500000,sh.600864,6.9800,6.9900,6.9700,6.9900,2995000,20917792.0000,3
2025-08-11,20250811150000000,sh.600864,6.9800,7.0000,6.9800,6.9900,3192200,22316032.0000,3
2025-08-12,20250812093500000,sh.600864,6.9900,7.1100,6.9700,7.0800,8002700,56412568.0000,3
2025-08-12,20250812094000000,sh.600864,7.0900,7.1100,7.0300,7.1100,5764600,40760600.0000,3
2025-08-12,20250812094500000,sh.600864,7.1000,7.2000,7.0900,7.1100,8373300,59782176.0000,3
2025-08-12,20250812095000000,sh.600864,7.1000,7.2400,7.1000,7.2400,7699000,55168848.0000,3
2025-08-12,20250812095500000,sh.600864,7.2400,7.2900,7.1600,7.2400,9890500,71434336.0000,3
2025-08-12,20250812100000000,sh.600864,7.2400,7.3600,7.2300,7.2600,12237800,89354880.0000,3
2025-08-12,20250812100500000,sh.600864,7.2700,7.3200,7.2400,7.2600,5771900,42031264.0000,3
2025-08-12,20250812101000000,sh.600864,7.2700,7.2900,7.2400,7.2600,3121300,22682784.0000,3
2025-08-12,20250812101500000,sh.600864,7.2400,7.2500,7.2000,7.2100,3901800,28150560.0000,3
2025-08-12,20250812102000000,sh.600864,7.2200,7.2500,7.2000,7.2100,2153200,15559040.0000,3
2025-08-12,20250812102500000,sh.600864,7.2100,7.2400,7.2000,7.2000,2700100,19489600.0000,3
2025-08-12,20250812103000000,sh.600864,7.2000,7.2000,7.1700,7.1800,2450200,17602912.0000,3
2025-08-12,20250812103500000,sh.600864,7.1800,7.2200,7.1700,7.2200,1760400,12646880.0000,3
2025-08-12,20250812104000000,sh.600864,7.2200,7.2400,7.2000,7.2000,1813500,13088864.0000,3
2025-08-12,20250812104500000,sh.600864,7.2000,7.2000,7.1800,7.1900,703100,5055359.0000,3
2025-08-12,20250812105000000,sh.600864,7.1900,7.1900,7.1700,7.1800,984900,7074048.0000,3
2025-08-12,20250812105500000,sh.600864,7.1800,7.1900,7.1700,7.1800,735300,5279037.0000,3
2025-08-12,20250812110000000,sh.600864,7.1800,7.1800,7.1500,7.1600,1934300,13846276.0000,3
2025-08-12,20250812110500000,sh.600864,7.1600,7.1900,7.1600,7.1700,1627500,11681788.0000,3
2025-08-12,20250812111000000,sh.600864,7.1800,7.2200,7.1800,7.2000,1249000,8990468.0000,3
2025-08-12,20250812111500000,sh.600864,7.2100,7.2500,7.2000,7.2300,1261600,9121336.0000,3
2025-08-12,20250812112000000,sh.600864,7.2300,7.2600,7.2200,7.2300,1285700,9315660.0000,3
2025-08-12,20250812112500000,sh.600864,7.2400,7.2400,7.2100,7.2300,480600,3473088.0000,3
2025-08-12,20250812113000000,sh.600864,7.2200,7.2200,7.2000,7.2100,537100,3872192.0000,3
2025-08-12,20250812130500000,sh.600864,7.2100,7.2200,7.1900,7.1900,1061300,7645116.0000,3
2025-08-12,20250812131000000,sh.600864,7.2000,7.2000,7.1800,7.2000,785700,5647680.0000,3
2025-08-12,20250812131500000,sh.600864,7.2000,7.2100,7.1900,7.2000,721600,5197632.0000,3
2025-08-12,20250812132000000,sh.600864,7.2000,7.2000,7.1700,7.1800,1043100,7495037.0000,3
2025-08-12,20250812132500000,sh.600864,7.1800,7.2100,7.1800,7.1900,735700,5294723.0000,3
2025-08-12,20250812133000000,sh.600864,7.2000,7.2000,7.1600,7.1700,952900,6840384.0000,3
2025-08-12,20250812133500000,sh.600864,7.1700,7.1900,7.1600,7.1900,784400,5626940.0000,3
2025-08-12,20250812134000000,sh.600864,7.1900,7.2000,7.1700,7.1800,568100,4081028.0000,3
2025-08-12,20250812134500000,sh.600864,7.1700,7.1900,7.1700,7.1900,448400,3220096.0000,3
2025-08-12,20250812135000000,sh.600864,7.1900,7.1900,7.1800,7.1900,362700,2606588.0000,3
2025-08-12,20250812135500000,sh.600864,7.1900,7.1900,7.1800,7.1800,570500,4098236.0000,3
2025-08-12,20250812140000000,sh.600864,7.1700,7.1900,7.1600,7.1800,1484100,10649536.0000,3
2025-08-12,20250812140500000,sh.600864,7.1700,7.1900,7.1700,7.1800,729900,5240898.0000,3
2025-08-12,20250812141000000,sh.600864,7.1900,7.1900,7.1800,7.1900,508000,3651268.0000,3
2025-08-12,20250812141500000,sh.600864,7.1800,7.1900,7.1800,7.1900,590400,4241856.0000,3
2025-08-12,20250812142000000,sh.600864,7.1900,7.1900,7.1700,7.1800,1265700,9088252.0000,3
2025-08-12,20250812142500000,sh.600864,7.1900,7.1900,7.1800,7.1800,188700,1356352.0000,3
2025-08-12,20250812143000000,sh.600864,7.1800,7.1900,7.1800,7.1800,429400,3085382.0000,3
2025-08-12,20250812143500000,sh.600864,7.1900,7.2000,7.1800,7.2000,989600,7115524.0000,3
2025-08-12,20250812144000000,sh.600864,7.1900,7.2000,7.1800,7.1800,694700,4992258.0000,3
2025-08-12,20250812144500000,sh.600864,7.1800,7.1900,7.1800,7.1900,1016700,7305016.0000,3
2025-08-12,20250812145000000,sh.600864,7.1800,7.1900,7.1800,7.1900,1442600,10366080.0000,3
2025-08-12,20250812145500000,sh.600864,7.1900,7.2000,7.1800,7.1900,2551300,18346049.0000,3
2025-08-12,20250812150000000,sh.600864,7.2000,7.2300,7.1900,7.2200,3712600,26783163.0000,3
2025-08-13,20250813093500000,sh.600864,7.2000,7.2000,7.1000,7.1600,10320300,73699728.0000,3
2025-08-13,20250813094000000,sh.600864,7.1600,7.1800,7.1000,7.1200,6441500,45966904.0000,3
2025-08-13,20250813094500000,sh.600864,7.1200,7.1600,7.1100,7.1300,4281300,30509880.0000,3
2025-08-13,20250813095000000,sh.600864,7.1300,7.1500,7.0800,7.0800,4991900,35487888.0000,3
2025-08-13,20250813095500000,sh.600864,7.0800,7.1100,7.0800,7.1000,3038200,21562320.0000,3
2025-08-13,20250813100000000,sh.600864,7.1000,7.1100,7.0800,7.0800,2618100,18561408.0000,3
2025-08-13,20250813100500000,sh.600864,7.0800,7.1000,7.0600,7.0900,3086200,21840544.0000,3
2025-08-13,20250813101000000,sh.600864,7.0900,7.1000,7.0700,7.0700,1614100,11440336.0000,3
2025-08-13,20250813101500000,sh.600864,7.0700,7.0800,7.0500,7.0700,2994200,21141072.0000,3
2025-08-13,20250813102000000,sh.600864,7.0600,7.0700,7.0500,7.0600,2988900,21100256.0000,3
2025-08-13,20250813102500000,sh.600864,7.0600,7.0900,7.0600,7.0800,2206200,15599232.0000,3
2025-08-13,20250813103000000,sh.600864,7.0800,7.1300,7.0700,7.1200,1632600,11600416.0000,3
2025-08-13,20250813103500000,sh.600864,7.1300,7.1400,7.1000,7.1400,2402900,17117920.0000,3
2025-08-13,20250813104000000,sh.600864,7.1400,7.2000,7.1300,7.1900,2452200,17569696.0000,3
2025-08-13,20250813104500000,sh.600864,7.1900,7.2200,7.1800,7.2100,2736700,19701984.0000,3
2025-08-13,20250813105000000,sh.600864,7.2100,7.2800,7.2100,7.2500,5543700,40164288.0000,3
2025-08-13,20250813105500000,sh.600864,7.2500,7.3800,7.2500,7.3300,8941000,65552448.0000,3
2025-08-13,20250813110000000,sh.600864,7.3200,7.3300,7.2700,7.3200,4332700,31609536.0000,3
2025-08-13,20250813110500000,sh.600864,7.3100,7.3200,7.2600,7.2700,2189000,15951968.0000,3
2025-08-13,20250813111000000,sh.600864,7.2700,7.3100,7.2600,7.3100,1535000,11192864.0000,3
2025-08-13,20250813111500000,sh.600864,7.3000,7.4000,7.3000,7.3900,5160000,37979008.0000,3
2025-08-13,20250813112000000,sh.600864,7.3900,7.4000,7.3600,7.3700,4226000,31197248.0000,3
2025-08-13,20250813112500000,sh.600864,7.3700,7.4100,7.3000,7.3100,3304100,24314624.0000,3
2025-08-13,20250813113000000,sh.600864,7.3100,7.3600,7.2900,7.3600,2108200,15436288.0000,3
2025-08-13,20250813130500000,sh.600864,7.3600,7.3600,7.3000,7.3200,4014300,29468160.0000,3
2025-08-13,20250813131000000,sh.600864,7.3200,7.3400,7.3000,7.3100,1763200,12910080.0000,3
2025-08-13,20250813131500000,sh.600864,7.3000,7.3100,7.2700,7.2900,1374600,10022144.0000,3
2025-08-13,20250813132000000,sh.600864,7.2900,7.3500,7.2900,7.3000,1591100,11652288.0000,3
2025-08-13,20250813132500000,sh.600864,7.3000,7.3200,7.2800,7.2800,1134900,8286080.0000,3
2025-08-13,20250813133000000,sh.600864,7.2800,7.3200,7.2800,7.2800,1619400,11812155.0000,3
2025-08-13,20250813133500000,sh.600864,7.2800,7.3000,7.2700,7.2900,1321300,9619211.0000,3
2025-08-13,20250813134000000,sh.600864,7.3000,7.3100,7.2900,7.2900,560700,4094010.0000,3
2025-08-13,20250813134500000,sh.600864,7.3000,7.3100,7.2900,7.2900,468700,3422272.0000,3
2025-08-13,20250813135000000,sh.600864,7.2900,7.3200,7.2800,7.3200,1492300,10893248.0000,3
2025-08-13,20250813135500000,sh.600864,7.3200,7.3200,7.2900,7.3000,615000,4490304.0000,3
2025-08-13,20250813140000000,sh.600864,7.2900,7.3100,7.2900,7.3000,395000,2883328.0000,3
2025-08-13,20250813140500000,sh.600864,7.3000,7.3100,7.2900,7.3000,598100,4368128.0000,3
2025-08-13,20250813141000000,sh.600864,7.3000,7.3100,7.2800,7.3100,858600,6261696.0000,3
2025-08-13,20250813141500000,sh.600864,7.3100,7.3100,7.2800,7.2800,861300,6280256.0000,3
2025-08-13,20250813142000000,sh.600864,7.2800,7.3000,7.2800,7.2800,805500,5870912.0000,3
2025-08-13,20250813142500000,sh.600864,7.2800,7.2800,7.2300,7.2600,3056700,22179648.0000,3
2025-08-13,20250813143000000,sh.600864,7.2500,7.2700,7.2200,7.2400,1809300,13095554.0000,3
2025-08-13,20250813143500000,sh.600864,7.2400,7.2500,7.2300,7.2500,712400,5159930.0000,3
2025-08-13,20250813144000000,sh.600864,7.2500,7.2500,7.2400,7.2500,1249900,9051527.0000,3
2025-08-13,20250813144500000,sh.600864,7.2400,7.2900,7.2400,7.2800,1745100,12677433.0000,3
2025-08-13,20250813145000000,sh.600864,7.2700,7.3100,7.2700,7.3100,2823600,20587324.0000,3
2025-08-13,20250813145500000,sh.600864,7.3000,7.3500,7.3000,7.3500,4116700,30116552.0000,3
2025-08-13,20250813150000000,sh.600864,7.3500,7.3600,7.3300,7.3600,3335300,24507840.0000,3
2025-08-14,20250814093500000,sh.600864,7.3100,7.4100,7.2400,7.3200,16713300,122265608.0000,3
2025-08-14,20250814094000000,sh.600864,7.3200,7.3200,7.2000,7.2100,8513300,61593432.0000,3
2025-08-14,20250814094500000,sh.600864,7.2000,7.2400,7.2000,7.2100,4945000,35688784.0000,3
2025-08-14,20250814095000000,sh.600864,7.2100,7.2600,7.2000,7.2600,4554400,32890208.0000,3
2025-08-14,20250814095500000,sh.600864,7.2600,7.2900,7.2000,7.2500,6036900,43726032.0000,3
2025-08-14,20250814100000000,sh.600864,7.2500,7.2700,7.2000,7.2000,4442000,32072256.0000,3
2025-08-14,20250814100500000,sh.600864,7.2000,7.2100,7.1700,7.1700,5340200,38326400.0000,3
2025-08-14,20250814101000000,sh.600864,7.1700,7.2200,7.1600,7.2100,3711300,26640256.0000,3
2025-08-14,20250814101500000,sh.600864,7.2000,7.2300,7.1900,7.1900,2235800,16119072.0000,3
2025-08-14,20250814102000000,sh.600864,7.1900,7.2000,7.1700,7.1900,2288100,16434944.0000,3
2025-08-14,20250814102500000,sh.600864,7.1900,7.2300,7.1800,7.2100,1368300,9856576.0000,3
2025-08-14,20250814103000000,sh.600864,7.2100,7.2400,7.2000,7.2400,1312200,9473024.0000,3
2025-08-14,20250814103500000,sh.600864,7.2500,7.2800,7.2400,7.2700,2251800,16363776.0000,3
2025-08-14,20250814104000000,sh.600864,7.2700,7.3000,7.2500,7.2600,2649800,19272800.0000,3
2025-08-14,20250814104500000,sh.600864,7.2600,7.2600,7.2100,7.2300,1222000,8833056.0000,3
2025-08-14,20250814105000000,sh.600864,7.2300,7.2300,7.1800,7.1900,2179200,15690016.0000,3
2025-08-14,20250814105500000,sh.600864,7.1900,7.2200,7.1900,7.2100,1749700,12600096.0000,3
2025-08-14,20250814110000000,sh.600864,7.2200,7.2200,7.2000,7.2000,781500,5633920.0000,3
2025-08-14,20250814110500000,sh.600864,7.2100,7.2400,7.2000,7.2300,1609200,11619680.0000,3
2025-08-14,20250814111000000,sh.600864,7.2400,7.2800,7.2300,7.2300,1400800,10170980.0000,3
2025-08-14,20250814111500000,sh.600864,7.2300,7.2500,7.2100,7.2200,771800,5578100.0000,3
2025-08-14,20250814112000000,sh.600864,7.2200,7.2300,7.1900,7.1900,1695100,12202368.0000,3
2025-08-14,20250814112500000,sh.600864,7.1900,7.2000,7.1900,7.1900,431200,3102346.0000,3
2025-08-14,20250814113000000,sh.600864,7.2000,7.2000,7.1500,7.1600,3725300,26685827.0000,3
2025-08-14,20250814130500000,sh.600864,7.1600,7.1600,7.1300,7.1300,2519200,18001407.0000,3
2025-08-14,20250814131000000,sh.600864,7.1300,7.1500,7.1100,7.1200,2508500,17873022.0000,3
2025-08-14,20250814131500000,sh.600864,7.1200,7.1300,7.1100,7.1300,1047700,7462590.0000,3
2025-08-14,20250814132000000,sh.600864,7.1300,7.1300,7.1000,7.1100,2665700,18947008.0000,3
2025-08-14,20250814132500000,sh.600864,7.1200,7.1200,7.0900,7.0900,1648100,11712640.0000,3
2025-08-14,20250814133000000,sh.600864,7.1000,7.1300,7.0800,7.1300,1777300,12616000.0000,3
2025-08-14,20250814133500000,sh.600864,7.1200,7.1500,7.1200,7.1400,1416400,10106112.0000,3
2025-08-14,20250814134000000,sh.600864,7.1300,7.1400,7.1300,7.1400,634100,4522624.0000,3
2025-08-14,20250814134500000,sh.600864,7.1400,7.1500,7.1200,7.1400,1792800,12788472.0000,3
2025-08-14,20250814135000000,sh.600864,7.1400,7.1600,7.1300,7.1500,1461800,10448204.0000,3
2025-08-14,20250814135500000,sh.600864,7.1400,7.1500,7.1200,7.1400,1323800,9449922.0000,3
2025-08-14,20250814140000000,sh.600864,7.1500,7.1600,7.1400,7.1400,534000,3815680.0000,3
2025-08-14,20250814140500000,sh.600864,7.1400,7.1800,7.1400,7.1700,1032800,7398330.0000,3
2025-08-14,20250814141000000,sh.600864,7.1800,7.2000,7.1700,7.1900,1151700,8279424.0000,3
2025-08-14,20250814141500000,sh.600864,7.1800,7.1900,7.1600,7.1600,915000,6562561.0000,3
2025-08-14,20250814142000000,sh.600864,7.1600,7.1700,7.1500,7.1600,767300,5494649.0000,3
2025-08-14,20250814142500000,sh.600864,7.1600,7.1700,7.1600,7.1600,620200,4443712.0000,3
2025-08-14,20250814143000000,sh.600864,7.1700,7.1800,7.1600,7.1700,409200,2934668.0000,3
2025-08-14,20250814143500000,sh.600864,7.1800,7.1800,7.1600,7.1600,783100,5614910.0000,3
2025-08-14,20250814144000000,sh.600864,7.1700,7.1700,7.1500,7.1600,1516900,10856373.0000,3
2025-08-14,20250814144500000,sh.600864,7.1600,7.1600,7.1200,7.1300,1881900,13434185.0000,3
2025-08-14,20250814145000000,sh.600864,7.1300,7.1400,7.1100,7.1200,2517100,17918078.0000,3
2025-08-14,20250814145500000,sh.600864,7.1200,7.1400,7.1200,7.1300,2250300,16035584.0000,3
2025-08-14,20250814150000000,sh.600864,7.1200,7.1300,7.1100,7.1300,2269400,16169216.0000,3
2025-08-15,20250815093500000,sh.600864,7.1000,7.1700,7.0700,7.1500,5626300,40065016.0000,3
2025-08-15,20250815094000000,sh.600864,7.1500,7.2200,7.1500,7.2100,6701300,48220088.0000,3
2025-08-15,20250815094500000,sh.600864,7.2100,7.3200,7.2100,7.2500,8281400,60186864.0000,3
2025-08-15,20250815095000000,sh.600864,7.2600,7.3300,7.2600,7.3300,5912600,43103344.0000,3
2025-08-15,20250815095500000,sh.600864,7.3300,7.3800,7.3100,7.3400,7884800,57921968.0000,3
2025-08-15,20250815100000000,sh.600864,7.3300,7.3300,7.2900,7.3200,4771300,34886560.0000,3
2025-08-15,20250815100500000,sh.600864,7.3200,7.3300,7.2900,7.3000,3042500,22240768.0000,3
2025-08-15,20250815101000000,sh.600864,7.3000,7.3000,7.2600,7.2700,2976400,21647104.0000,3
2025-08-15,20250815101500000,sh.600864,7.2600,7.3200,7.2600,7.3200,1902200,13876896.0000,3
2025-08-15,20250815102000000,sh.600864,7.3300,7.3400,7.2700,7.2700,2168800,15840448.0000,3
2025-08-15,20250815102500000,sh.600864,7.2700,7.2800,7.2600,7.2700,1809100,13156000.0000,3
2025-08-15,20250815103000000,sh.600864,7.2600,7.2700,7.2400,7.2400,3053500,22149696.0000,3
2025-08-15,20250815103500000,sh.600864,7.2500,7.2500,7.2200,7.2400,2074500,15003040.0000,3
2025-08-15,20250815104000000,sh.600864,7.2400,7.2400,7.2300,7.2300,1294800,9367712.0000,3
2025-08-15,20250815104500000,sh.600864,7.2300,7.2900,7.2300,7.2600,1289300,9355776.0000,3
2025-08-15,20250815105000000,sh.600864,7.2500,7.2600,7.2300,7.2400,1487600,10774432.0000,3
2025-08-15,20250815105500000,sh.600864,7.2400,7.2500,7.2200,7.2300,933400,6748352.0000,3
2025-08-15,20250815110000000,sh.600864,7.2200,7.2400,7.2100,7.2100,1073000,7748640.0000,3
2025-08-15,20250815110500000,sh.600864,7.2200,7.2200,7.2000,7.2100,1377000,9924384.0000,3
2025-08-15,20250815111000000,sh.600864,7.2000,7.2100,7.1800,7.1800,1330000,9568640.0000,3
2025-08-15,20250815111500000,sh.600864,7.1800,7.2000,7.1700,7.1900,1054400,7576544.0000,3
2025-08-15,20250815112000000,sh.600864,7.1900,7.2200,7.1800,7.2100,466500,3360288.0000,3
2025-08-15,20250815112500000,sh.600864,7.2100,7.2600,7.2000,7.2600,906800,6556448.0000,3
2025-08-15,20250815113000000,sh.600864,7.2600,7.3400,7.2500,7.3400,5070500,37023520.0000,3
2025-08-15,20250815130500000,sh.600864,7.3500,7.4000,7.3200,7.3300,11585300,85186878.0000,3
2025-08-15,20250815131000000,sh.600864,7.3200,7.3500,7.3000,7.3000,3449700,25286779.0000,3
2025-08-15,20250815131500000,sh.600864,7.3000,7.3300,7.2700,7.3200,2796100,20398729.0000,3
2025-08-15,20250815132000000,sh.600864,7.3100,7.3700,7.3100,7.3600,2994000,21993086.0000,3
2025-08-15,20250815132500000,sh.600864,7.3700,7.4000,7.3600,7.3900,5866600,43326720.0000,3
2025-08-15,20250815133000000,sh.600864,7.3800,7.4000,7.3700,7.3700,3818300,28208640.0000,3
2025-08-15,20250815133500000,sh.600864,7.3700,7.3900,7.3500,7.3900,4224700,31165632.0000,3
2025-08-15,20250815134000000,sh.600864,7.3900,7.4000,7.3700,7.3800,1868100,13804480.0000,3
2025-08-15,20250815134500000,sh.600864,7.3800,7.3900,7.3600,7.3900,3058700,22553083.0000,3
2025-08-15,20250815135000000,sh.600864,7.3800,7.4000,7.3700,7.3900,2699200,19921350.0000,3
2025-08-15,20250815135500000,sh.600864,7.4000,7.4000,7.3700,7.3700,2723900,20116607.0000,3
2025-08-15,20250815140000000,sh.600864,7.3700,7.3900,7.3600,7.3800,2070400,15267006.0000,3
2025-08-15,20250815140500000,sh.600864,7.3800,7.4000,7.3700,7.3900,2521400,18629954.0000,3
2025-08-15,20250815141000000,sh.600864,7.4000,7.4000,7.3700,7.3800,1877300,13865984.0000,3
2025-08-15,20250815141500000,sh.600864,7.3800,7.3900,7.3700,7.3800,1019000,7523783.0000,3
2025-08-15,20250815142000000,sh.600864,7.3900,7.3900,7.3600,7.3600,1584800,11688569.0000,3
2025-08-15,20250815142500000,sh.600864,7.3600,7.3800,7.3600,7.3600,1797900,13247814.0000,3
2025-08-15,20250815143000000,sh.600864,7.3600,7.3700,7.3100,7.3300,2040300,14966902.0000,3
2025-08-15,20250815143500000,sh.600864,7.3300,7.3400,7.3200,7.3200,1328700,9733450.0000,3
2025-08-15,20250815144000000,sh.600864,7.3200,7.3500,7.3200,7.3400,872100,6401088.0000,3
2025-08-15,20250815144500000,sh.600864,7.3500,7.3900,7.3400,7.3800,3123800,23027450.0000,3
2025-08-15,20250815145000000,sh.600864,7.3800,7.3900,7.3700,7.3800,2066000,15244096.0000,3
2025-08-15,20250815145500000,sh.600864,7.3800,7.3800,7.3500,7.3800,2755800,20287097.0000,3
2025-08-15,20250815150000000,sh.600864,7.3700,7.3800,7.3600,7.3700,2904800,21408396.0000,3
2025-08-18,20250818093500000,sh.600864,7.6300,7.6400,7.4900,7.5400,27173600,205646896.0000,3
2025-08-18,20250818094000000,sh.600864,7.5400,7.5400,7.4200,7.4200,11466800,85731824.0000,3
2025-08-18,20250818094500000,sh.600864,7.4300,7.4800,7.4100,7.4800,6379200,47419168.0000,3
2025-08-18,20250818095000000,sh.600864,7.4800,7.6300,7.4800,7.5700,9218800,69838944.0000,3
2025-08-18,20250818095500000,sh.600864,7.5900,7.6400,7.5500,7.6400,7931100,60289280.0000,3
2025-08-18,20250818100000000,sh.600864,7.6300,7.6400,7.5800,7.5900,4045200,30779296.0000,3
2025-08-18,20250818100500000,sh.600864,7.5800,7.5900,7.5500,7.5900,2677400,20264544.0000,3
2025-08-18,20250818101000000,sh.600864,7.5900,7.6000,7.5600,7.5600,2880200,21822048.0000,3
2025-08-18,20250818101500000,sh.600864,7.5500,7.6200,7.5400,7.5700,4830700,36667974.0000,3
2025-08-18,20250818102000000,sh.600864,7.5800,7.6000,7.5400,7.5700,3133500,23690546.0000,3
2025-08-18,20250818102500000,sh.600864,7.5600,7.5700,7.5300,7.5300,2675200,20180036.0000,3
2025-08-18,20250818103000000,sh.600864,7.5300,7.6000,7.5200,7.6000,3796500,28734975.0000,3
2025-08-18,20250818103500000,sh.600864,7.6000,7.6100,7.5500,7.5800,2382300,18064765.0000,3
2025-08-18,20250818104000000,sh.600864,7.5800,7.5900,7.5400,7.5600,1915200,14483332.0000,3
2025-08-18,20250818104500000,sh.600864,7.5700,7.5800,7.5500,7.5500,2038100,15406148.0000,3
2025-08-18,20250818105000000,sh.600864,7.5500,7.5700,7.5100,7.5200,4661300,35163904.0000,3
2025-08-18,20250818105500000,sh.600864,7.5200,7.5600,7.5000,7.5500,2536300,19069818.0000,3
2025-08-18,20250818110000000,sh.600864,7.5500,7.5600,7.5300,7.5400,4206600,31736838.0000,3
2025-08-18,20250818110500000,sh.600864,7.5400,7.5600,7.5200,7.5500,2538100,19147640.0000,3
2025-08-18,20250818111000000,sh.600864,7.5400,7.5700,7.5300,7.5300,1687300,12737344.0000,3
2025-08-18,20250818111500000,sh.600864,7.5200,7.5300,7.4800,7.5100,4076300,30557124.0000,3
2025-08-18,20250818112000000,sh.600864,7.5200,7.5600,7.5200,7.5300,1621400,12221251.0000,3
2025-08-18,20250818112500000,sh.600864,7.5300,7.5300,7.5000,7.5100,1652400,12407430.0000,3
2025-08-18,20250818113000000,sh.600864,7.5200,7.5600,7.5200,7.5400,2865300,21607358.0000,3
2025-08-18,20250818130500000,sh.600864,7.5400,7.5800,7.5400,7.5400,4537100,34295165.0000,3
2025-08-18,20250818131000000,sh.600864,7.5400,7.5500,7.5100,7.5200,2032900,15309314.0000,3
2025-08-18,20250818131500000,sh.600864,7.5200,7.5200,7.5000,7.5000,2414100,18121085.0000,3
2025-08-18,20250818132000000,sh.600864,7.5000,7.5100,7.4700,7.4900,2561100,19185151.0000,3
2025-08-18,20250818132500000,sh.600864,7.5000,7.5000,7.4700,7.4700,1309500,9790082.0000,3
2025-08-18,20250818133000000,sh.600864,7.4700,7.4800,7.4600,7.4800,1634800,12204672.0000,3
2025-08-18,20250818133500000,sh.600864,7.4800,7.5000,7.4800,7.4900,1622400,12148038.0000,3
2025-08-18,20250818134000000,sh.600864,7.4900,7.5000,7.4700,7.4700,970900,7270970.0000,3
2025-08-18,20250818134500000,sh.600864,7.4700,7.4900,7.4600,7.4600,1368700,10229760.0000,3
2025-08-18,20250818135000000,sh.600864,7.4600,7.4700,7.4500,7.4600,1205700,8995200.0000,3
2025-08-18,20250818135500000,sh.600864,7.4600,7.4700,7.4500,7.4500,1595800,11897600.0000,3
2025-08-18,20250818140000000,sh.600864,7.4500,7.4500,7.4200,7.4400,2024400,15041152.0000,3
2025-08-18,20250818140500000,sh.600864,7.4400,7.4500,7.4300,7.4400,1614600,12014592.0000,3
2025-08-18,20250818141000000,sh.600864,7.4400,7.4500,7.4300,7.4300,975600,7260928.0000,3
2025-08-18,20250818141500000,sh.600864,7.4300,7.4400,7.4100,7.4100,1945300,14431232.0000,3
2025-08-18,20250818142000000,sh.600864,7.4200,7.4200,7.3800,7.4000,3793900,28056832.0000,3
2025-08-18,20250818142500000,sh.600864,7.4000,7.4100,7.3800,7.4000,2562500,18954240.0000,3
2025-08-18,20250818143000000,sh.600864,7.4000,7.4100,7.3800,7.3900,1621400,11988224.0000,3
2025-08-18,20250818143500000,sh.600864,7.3900,7.4200,7.3800,7.4100,1703800,12609792.0000,3
2025-08-18,20250818144000000,sh.600864,7.4000,7.4500,7.4000,7.4300,1756500,13043712.0000,3
2025-08-18,20250818144500000,sh.600864,7.4400,7.4500,7.4300,7.4400,1629400,12122624.0000,3
2025-08-18,20250818145000000,sh.600864,7.4400,7.4500,7.4200,7.4300,1629000,12108032.0000,3
2025-08-18,20250818145500000,sh.600864,7.4200,7.4400,7.4200,7.4400,2443700,18157184.0000,3
2025-08-18,20250818150000000,sh.600864,7.4400,7.4400,7.4300,7.4400,1346700,10014336.0000,3
2025-08-19,20250819093500000,sh.600864,7.3500,7.4000,7.3200,7.3700,11865500,87244208.0000,3
2025-08-19,20250819094000000,sh.600864,7.3700,7.3800,7.3400,7.3500,5538000,40762976.0000,3
2025-08-19,20250819094500000,sh.600864,7.3400,7.4100,7.3300,7.4000,4374800,32208256.0000,3
2025-08-19,20250819095000000,sh.600864,7.4000,7.4000,7.3300,7.3300,2953900,21749280.0000,3
2025-08-19,20250819095500000,sh.600864,7.3400,7.3800,7.3400,7.3700,1993000,14676240.0000,3
2025-08-19,20250819100000000,sh.600864,7.3700,7.3800,7.3400,7.3500,2421100,17826736.0000,3
2025-08-19,20250819100500000,sh.600864,7.3500,7.3700,7.3400,7.3400,3235400,23780176.0000,3
2025-08-19,20250819101000000,sh.600864,7.3300,7.3600,7.3200,7.3600,2736800,20097200.0000,3
2025-08-19,20250819101500000,sh.600864,7.3500,7.3800,7.3500,7.3700,1518400,11177936.0000,3
2025-08-19,20250819102000000,sh.600864,7.3600,7.3800,7.3400,7.3500,1816900,13379072.0000,3
2025-08-19,20250819102500000,sh.600864,7.3400,7.3600,7.3300,7.3500,1130900,8302880.0000,3
2025-08-19,20250819103000000,sh.600864,7.3400,7.3800,7.3400,7.3800,1204300,8869312.0000,3
2025-08-19,20250819103500000,sh.600864,7.3700,7.5100,7.3700,7.5100,4228700,31518144.0000,3
2025-08-19,20250819104000000,sh.600864,7.4900,7.5700,7.4700,7.4700,9974700,75169152.0000,3
2025-08-19,20250819104500000,sh.600864,7.4700,7.7500,7.4700,7.7000,19173200,146734784.0000,3
2025-08-19,20250819105000000,sh.600864,7.7100,7.7400,7.6000,7.6100,9541500,73100352.0000,3
2025-08-19,20250819105500000,sh.600864,7.6100,7.6300,7.6000,7.6100,2880000,21925184.0000,3
2025-08-19,20250819110000000,sh.600864,7.6100,7.6300,7.5900,7.6000,1806100,13737984.0000,3
2025-08-19,20250819110500000,sh.600864,7.6000,7.6300,7.5900,7.6100,2012600,15322304.0000,3
2025-08-19,20250819111000000,sh.600864,7.6100,7.6200,7.5700,7.5900,1708900,12975046.0000,3
2025-08-19,20250819111500000,sh.600864,7.5800,7.6000,7.5800,7.6000,827300,6279232.0000,3
2025-08-19,20250819112000000,sh.600864,7.5900,7.6000,7.5700,7.5800,1465700,11123898.0000,3
2025-08-19,20250819112500000,sh.600864,7.5700,7.6100,7.5700,7.6000,939100,7128000.0000,3
2025-08-19,20250819113000000,sh.600864,7.6000,7.6000,7.5700,7.5800,1258200,9544504.0000,3
2025-08-19,20250819130500000,sh.600864,7.5800,7.6000,7.5500,7.5800,1575800,11928581.0000,3
2025-08-19,20250819131000000,sh.600864,7.5800,7.5900,7.5600,7.5700,981000,7429385.0000,3
2025-08-19,20250819131500000,sh.600864,7.5600,7.5800,7.5600,7.5600,1078100,8156350.0000,3
2025-08-19,20250819132000000,sh.600864,7.5600,7.5600,7.5300,7.5400,1505100,11357248.0000,3
2025-08-19,20250819132500000,sh.600864,7.5300,7.5500,7.5300,7.5400,1282500,9658999.0000,3
2025-08-19,20250819133000000,sh.600864,7.5300,7.5700,7.5300,7.5600,1161400,8764295.0000,3
2025-08-19,20250819133500000,sh.600864,7.5700,7.5700,7.5200,7.5200,1143500,8617470.0000,3
2025-08-19,20250819134000000,sh.600864,7.5200,7.5400,7.5100,7.5300,1239900,9325248.0000,3
2025-08-19,20250819134500000,sh.600864,7.5300,7.5300,7.5100,7.5200,823500,6190976.0000,3
2025-08-19,20250819135000000,sh.600864,7.5200,7.5200,7.5000,7.5100,709400,5327550.0000,3
2025-08-19,20250819135500000,sh.600864,7.5100,7.5200,7.4800,7.5000,1651000,12381960.0000,3
2025-08-19,20250819140000000,sh.600864,7.5000,7.5000,7.4800,7.4800,706000,5287103.0000,3
2025-08-19,20250819140500000,sh.600864,7.4800,7.5200,7.4700,7.5200,1775800,13293749.0000,3
2025-08-19,20250819141000000,sh.600864,7.5100,7.5200,7.4900,7.4900,811200,6090626.0000,3
2025-08-19,20250819141500000,sh.600864,7.5000,7.5000,7.4800,7.4900,434800,3256448.0000,3
2025-08-19,20250819142000000,sh.600864,7.4900,7.5000,7.4700,7.4700,834200,6241799.0000,3
2025-08-19,20250819142500000,sh.600864,7.4800,7.4900,7.4700,7.4800,748100,5594361.0000,3
2025-08-19,20250819143000000,sh.600864,7.4700,7.4800,7.4600,7.4800,1130400,8441214.0000,3
2025-08-19,20250819143500000,sh.600864,7.4700,7.4800,7.4700,7.4700,827600,6187786.0000,3
2025-08-19,20250819144000000,sh.600864,7.4800,7.4900,7.4700,7.4900,943200,7055356.0000,3
2025-08-19,20250819144500000,sh.600864,7.4800,7.5000,7.4700,7.5000,1087500,8145536.0000,3
2025-08-19,20250819145000000,sh.600864,7.4900,7.5200,7.4900,7.5100,1643700,12335618.0000,3
2025-08-19,20250819145500000,sh.600864,7.5000,7.5100,7.4900,7.5000,2019300,15150850.0000,3
2025-08-19,20250819150000000,sh.600864,7.5000,7.5100,7.4900,7.5000,807700,6056568.0000,3
2025-08-20,20250820093500000,sh.600864,7.4700,7.6800,7.4600,7.6300,13212600,99666360.0000,3
2025-08-20,20250820094000000,sh.600864,7.6200,7.8600,7.5800,7.8500,24783700,192578856.0000,3
2025-08-20,20250820094500000,sh.600864,7.8500,8.0600,7.7800,8.0200,19377200,153543232.0000,3
2025-08-20,20250820095000000,sh.600864,8.0300,8.1300,7.9700,7.9700,19285500,154850784.0000,3
2025-08-20,20250820095500000,sh.600864,7.9800,8.0700,7.9600,7.9700,7067100,56609920.0000,3
2025-08-20,20250820100000000,sh.600864,7.9300,7.9300,7.8500,7.8600,6430500,50770744.0000,3
2025-08-20,20250820100500000,sh.600864,7.8600,7.8900,7.8500,7.8600,4012500,31587968.0000,3
2025-08-20,20250820101000000,sh.600864,7.8500,7.8700,7.8200,7.8200,3239600,25381962.0000,3
2025-08-20,20250820101500000,sh.600864,7.8200,7.8600,7.8100,7.8600,2936400,22994754.0000,3
2025-08-20,20250820102000000,sh.600864,7.8500,7.8600,7.8300,7.8400,1873700,14694654.0000,3
2025-08-20,20250820102500000,sh.600864,7.8400,7.8400,7.8000,7.8000,1778300,13908412.0000,3
2025-08-20,20250820103000000,sh.600864,7.8000,7.8100,7.7800,7.8100,3489000,27201287.0000,3
2025-08-20,20250820103500000,sh.600864,7.8100,7.8600,7.8100,7.8600,1890800,14829628.0000,3
2025-08-20,20250820104000000,sh.600864,7.8600,7.9800,7.8500,7.9000,3623700,28711679.0000,3
2025-08-20,20250820104500000,sh.600864,7.9000,7.9500,7.8800,7.9200,1819000,14414208.0000,3
2025-08-20,20250820105000000,sh.600864,7.9200,8.0200,7.9200,7.9300,2603000,20756608.0000,3
2025-08-20,20250820105500000,sh.600864,7.9400,7.9400,7.8700,7.8700,895500,7075715.0000,3
2025-08-20,20250820110000000,sh.600864,7.8700,7.8700,7.8200,7.8300,1285000,10070009.0000,3
2025-08-20,20250820110500000,sh.600864,7.8200,7.8500,7.8100,7.8500,1206900,9444612.0000,3
2025-08-20,20250820111000000,sh.600864,7.8500,7.8600,7.8100,7.8300,1027400,8048320.0000,3
2025-08-20,20250820111500000,sh.600864,7.8200,7.8300,7.8000,7.8000,994900,7771580.0000,3
2025-08-20,20250820112000000,sh.600864,7.8100,7.8100,7.7800,7.7900,1628200,12686599.0000,3
2025-08-20,20250820112500000,sh.600864,7.7900,7.8000,7.7700,7.7800,1371100,10674429.0000,3
2025-08-20,20250820113000000,sh.600864,7.7700,7.7900,7.7500,7.7800,2359400,18321088.0000,3
2025-08-20,20250820130500000,sh.600864,7.7900,7.7900,7.7200,7.7500,2111300,16368128.0000,3
2025-08-20,20250820131000000,sh.600864,7.7300,7.7500,7.7200,7.7300,1078300,8338048.0000,3
2025-08-20,20250820131500000,sh.600864,7.7500,7.7900,7.7300,7.7500,1559100,12109568.0000,3
2025-08-20,20250820132000000,sh.600864,7.7500,7.7900,7.7400,7.7800,1428800,11095360.0000,3
2025-08-20,20250820132500000,sh.600864,7.7800,7.8200,7.7800,7.7900,1295100,10104323.0000,3
2025-08-20,20250820133000000,sh.600864,7.7800,7.7900,7.7700,7.7800,537500,4183613.0000,3
2025-08-20,20250820133500000,sh.600864,7.7900,7.7900,7.7500,7.7600,825300,6412928.0000,3
2025-08-20,20250820134000000,sh.600864,7.7600,7.8100,7.7600,7.7900,1049500,8178556.0000,3
2025-08-20,20250820134500000,sh.600864,7.7900,7.8000,7.7700,7.7800,677400,5273344.0000,3
2025-08-20,20250820135000000,sh.600864,7.7700,7.7800,7.7500,7.7600,586400,4552452.0000,3
2025-08-20,20250820135500000,sh.600864,7.7600,7.7900,7.7500,7.7700,712900,5540992.0000,3
2025-08-20,20250820140000000,sh.600864,7.7700,7.7900,7.7600,7.7900,471100,3661824.0000,3
2025-08-20,20250820140500000,sh.600864,7.7900,8.1200,7.7900,8.0900,8538500,68098821.0000,3
2025-08-20,20250820141000000,sh.600864,8.0900,8.0900,7.9600,7.9600,5157900,41370875.0000,3
2025-08-20,20250820141500000,sh.600864,7.9500,8.0400,7.9300,8.0100,4198500,33583104.0000,3
2025-08-20,20250820142000000,sh.600864,8.0200,8.2400,8.0200,8.1800,48656100,399903872.0000,3
2025-08-20,20250820142500000,sh.600864,8.1700,8.2400,8.1700,8.2200,18503200,152226432.0000,3
2025-08-20,20250820143000000,sh.600864,8.2300,8.2400,8.2200,8.2400,8255800,68006656.0000,3
2025-08-20,20250820143500000,sh.600864,8.2400,8.2400,8.2400,8.2400,545100,4491648.0000,3
2025-08-20,20250820144000000,sh.600864,8.2400,8.2400,8.2400,8.2400,1381700,11385216.0000,3
2025-08-20,20250820144500000,sh.600864,8.2400,8.2400,8.2400,8.2400,708600,5838848.0000,3
2025-08-20,20250820145000000,sh.600864,8.2400,8.2400,8.2400,8.2400,648600,5344384.0000,3
2025-08-20,20250820145500000,sh.600864,8.2400,8.2400,8.2400,8.2400,944300,7781120.0000,3
2025-08-20,20250820150000000,sh.600864,8.2400,8.2400,8.2400,8.2400,919000,7572992.0000,3
2025-08-21,20250821093500000,sh.600864,8.5500,8.7100,8.1400,8.1400,58774700,496351936.0000,3
2025-08-21,20250821094000000,sh.600864,8.1400,8.1500,8.0200,8.0600,19260400,155831104.0000,3
2025-08-21,20250821094500000,sh.600864,8.0700,8.0800,7.9400,7.9600,15767800,126211008.0000,3
2025-08-21,20250821095000000,sh.600864,7.9700,8.0300,7.9600,7.9700,9343200,74691456.0000,3
2025-08-21,20250821095500000,sh.600864,7.9600,7.9700,7.9100,7.9200,10158100,80555136.0000,3
2025-08-21,20250821100000000,sh.600864,7.9300,7.9500,7.9000,7.9000,5242300,41502208.0000,3
2025-08-21,20250821100500000,sh.600864,7.9000,7.9600,7.9000,7.9100,4559100,36118016.0000,3
2025-08-21,20250821101000000,sh.600864,7.9000,7.9800,7.9000,7.9700,4142500,32910464.0000,3
2025-08-21,20250821101500000,sh.600864,7.9600,7.9700,7.9300,7.9300,3735100,29711552.0000,3
2025-08-21,20250821102000000,sh.600864,7.9300,7.9600,7.8900,7.9200,4944000,39124224.0000,3
2025-08-21,20250821102500000,sh.600864,7.9200,7.9600,7.9000,7.9400,2674400,21211648.0000,3
2025-08-21,20250821103000000,sh.600864,7.9300,7.9700,7.9300,7.9700,1435700,11408640.0000,3
2025-08-21,20250821103500000,sh.600864,7.9600,7.9600,7.9200,7.9200,3006400,23849472.0000,3
2025-08-21,20250821104000000,sh.600864,7.9200,7.9900,7.9200,7.9900,1900300,15089152.0000,3
2025-08-21,20250821104500000,sh.600864,7.9800,8.0100,7.9400,7.9400,3420400,27289728.0000,3
2025-08-21,20250821105000000,sh.600864,7.9500,7.9500,7.9200,7.9300,1752400,13909504.0000,3
2025-08-21,20250821105500000,sh.600864,7.9400,8.0100,7.9300,8.0000,1462400,11642880.0000,3
2025-08-21,20250821110000000,sh.600864,8.0000,8.0200,7.9500,7.9600,2001900,15989632.0000,3
2025-08-21,20250821110500000,sh.600864,7.9600,7.9800,7.9500,7.9600,1193900,9502592.0000,3
2025-08-21,20250821111000000,sh.600864,7.9600,7.9700,7.9100,7.9200,2154000,17090176.0000,3
2025-08-21,20250821111500000,sh.600864,7.9200,7.9200,7.9000,7.9100,2128400,16832512.0000,3
2025-08-21,20250821112000000,sh.600864,7.9200,7.9200,7.8900,7.8900,2745400,21692288.0000,3
2025-08-21,20250821112500000,sh.600864,7.9000,7.9100,7.8600,7.9000,4108000,32386688.0000,3
2025-08-21,20250821113000000,sh.600864,7.9100,7.9200,7.8900,7.9200,1102800,8715648.0000,3
2025-08-21,20250821130500000,sh.600864,7.9200,7.9400,7.8900,7.9000,2164600,17127424.0000,3
2025-08-21,20250821131000000,sh.600864,7.9200,7.9200,7.9000,7.9100,601500,4758272.0000,3
2025-08-21,20250821131500000,sh.600864,7.9100,7.9500,7.9100,7.9300,1082000,8584320.0000,3
2025-08-21,20250821132000000,sh.600864,7.9200,7.9500,7.9200,7.9500,1090600,8647424.0000,3
2025-08-21,20250821132500000,sh.600864,7.9500,7.9800,7.9400,7.9800,993300,7900672.0000,3
2025-08-21,20250821133000000,sh.600864,7.9700,7.9900,7.9400,7.9400,1493700,11904256.0000,3
2025-08-21,20250821133500000,sh.600864,7.9400,7.9500,7.9100,7.9100,1181400,9357056.0000,3
2025-08-21,20250821134000000,sh.600864,7.9100,7.9200,7.9100,7.9200,715100,5659264.0000,3
2025-08-21,20250821134500000,sh.600864,7.9200,7.9200,7.8900,7.9100,1274400,10071552.0000,3
2025-08-21,20250821135000000,sh.600864,7.9100,7.9100,7.8800,7.8900,1080100,8527232.0000,3
2025-08-21,20250821135500000,sh.600864,7.8800,7.9000,7.8700,7.8900,2029500,15990912.0000,3
2025-08-21,20250821140000000,sh.600864,7.8800,7.9000,7.8800,7.8900,676200,5332224.0000,3
2025-08-21,20250821140500000,sh.600864,7.9000,7.9100,7.8800,7.9000,1233900,9739136.0000,3
2025-08-21,20250821141000000,sh.600864,7.9000,7.9200,7.8900,7.9000,1203000,9505536.0000,3
2025-08-21,20250821141500000,sh.600864,7.9000,7.9000,7.8800,7.8900,1319900,10406912.0000,3
2025-08-21,20250821142000000,sh.600864,7.8800,7.8900,7.8500,7.8800,2881200,22676480.0000,3
2025-08-21,20250821142500000,sh.600864,7.8700,7.8800,7.8200,7.8300,7038300,55179904.0000,3
2025-08-21,20250821143000000,sh.600864,7.8300,7.8600,7.8000,7.8500,5167500,40373376.0000,3
2025-08-21,20250821143500000,sh.600864,7.8400,7.8500,7.8000,7.8000,2907900,22733696.0000,3
2025-08-21,20250821144000000,sh.600864,7.7900,7.8100,7.7800,7.7900,3736300,29116800.0000,3
2025-08-21,20250821144500000,sh.600864,7.8000,7.8200,7.7800,7.8100,2356100,18390912.0000,3
2025-08-21,20250821145000000,sh.600864,7.8000,7.8200,7.7900,7.8100,2929200,22870272.0000,3
2025-08-21,20250821145500000,sh.600864,7.8100,7.8400,7.8000,7.8100,6684100,52218496.0000,3
2025-08-21,20250821150000000,sh.600864,7.8200,7.8200,7.8000,7.8200,6131600,47906944.0000,3
2025-08-22,20250822093500000,sh.600864,7.7200,7.8300,7.7200,7.7700,15140600,117539776.0000,3
2025-08-22,20250822094000000,sh.600864,7.7600,7.8100,7.7400,7.7600,5698000,44239072.0000,3
2025-08-22,20250822094500000,sh.600864,7.7800,7.8600,7.7800,7.8600,4910800,38328800.0000,3
2025-08-22,20250822095000000,sh.600864,7.8600,7.8700,7.8200,7.8200,6050800,47490560.0000,3
2025-08-22,20250822095500000,sh.600864,7.8100,7.8200,7.7500,7.7500,4619600,35906816.0000,3
2025-08-22,20250822100000000,sh.600864,7.7600,7.8200,7.7500,7.8000,2668200,20750080.0000,3
2025-08-22,20250822100500000,sh.600864,7.8000,7.8100,7.7700,7.7800,2322900,18104864.0000,3
2025-08-22,20250822101000000,sh.600864,7.7800,7.8200,7.7700,7.7800,2220400,17285568.0000,3
2025-08-22,20250822101500000,sh.600864,7.7800,7.7800,7.7400,7.7500,3325600,25794528.0000,3
2025-08-22,20250822102000000,sh.600864,7.7500,7.7800,7.7400,7.7600,1732000,13440544.0000,3
2025-08-22,20250822102500000,sh.600864,7.7800,7.7800,7.7400,7.7500,1718000,13326688.0000,3
2025-08-22,20250822103000000,sh.600864,7.7500,7.7700,7.7300,7.7300,2714500,21026080.0000,3
2025-08-22,20250822103500000,sh.600864,7.7600,7.8000,7.7600,7.7800,2801900,21776736.0000,3
2025-08-22,20250822104000000,sh.600864,7.7800,7.7800,7.7500,7.7700,1494900,11610592.0000,3
2025-08-22,20250822104500000,sh.600864,7.7600,7.7900,7.7500,7.7700,1263100,9811424.0000,3
2025-08-22,20250822105000000,sh.600864,7.7700,7.8300,7.7700,7.8300,2370500,18500992.0000,3
2025-08-22,20250822105500000,sh.600864,7.8300,7.8600,7.8200,7.8600,5710800,44787840.0000,3
2025-08-22,20250822110000000,sh.600864,7.8600,7.9600,7.8600,7.9200,9313600,73741440.0000,3
2025-08-22,20250822110500000,sh.600864,7.9200,7.9200,7.8500,7.8600,4628600,36511612.0000,3
2025-08-22,20250822111000000,sh.600864,7.8600,7.9100,7.8500,7.9000,2296400,18086150.0000,3
2025-08-22,20250822111500000,sh.600864,7.9000,7.9100,7.8700,7.8800,2177600,17188538.0000,3
2025-08-22,20250822112000000,sh.600864,7.8800,7.9400,7.8800,7.9300,2486100,19699780.0000,3
2025-08-22,20250822112500000,sh.600864,7.9400,7.9500,7.9000,7.9100,3601300,28569280.0000,3
2025-08-22,20250822113000000,sh.600864,7.9100,7.9400,7.8900,7.9300,1837400,14544192.0000,3
2025-08-22,20250822130500000,sh.600864,7.9400,7.9400,7.8900,7.9000,2301600,18221752.0000,3
2025-08-22,20250822131000000,sh.600864,7.9000,7.9100,7.8800,7.8900,1354700,10694414.0000,3
2025-08-22,20250822131500000,sh.600864,7.8900,7.9100,7.8800,7.9100,1408500,11118520.0000,3
2025-08-22,20250822132000000,sh.600864,7.9000,7.9400,7.8700,7.8700,2421500,19129289.0000,3
2025-08-22,20250822132500000,sh.600864,7.8700,7.8700,7.8400,7.8400,2836500,22279606.0000,3
2025-08-22,20250822133000000,sh.600864,7.8500,7.8800,7.8400,7.8800,1238800,9740283.0000,3
2025-08-22,20250822133500000,sh.600864,7.8800,7.8800,7.8600,7.8700,1059800,8346504.0000,3
2025-08-22,20250822134000000,sh.600864,7.8700,7.8800,7.8500,7.8800,1092200,8587714.0000,3
2025-08-22,20250822134500000,sh.600864,7.8800,7.9700,7.8600,7.9700,3923600,31080382.0000,3
2025-08-22,20250822135000000,sh.600864,7.9700,8.0000,7.9500,7.9800,7599900,60664768.0000,3
2025-08-22,20250822135500000,sh.600864,7.9900,7.9900,7.9300,7.9500,3832400,30530624.0000,3
2025-08-22,20250822140000000,sh.600864,7.9500,7.9500,7.9200,7.9400,1157100,9181312.0000,3
2025-08-22,20250822140500000,sh.600864,7.9400,7.9700,7.9300,7.9500,1448000,11515712.0000,3
2025-08-22,20250822141000000,sh.600864,7.9500,7.9600,7.9300,7.9300,1471700,11698624.0000,3
2025-08-22,20250822141500000,sh.600864,7.9400,7.9500,7.9200,7.9300,1243700,9870592.0000,3
2025-08-22,20250822142000000,sh.600864,7.9300,7.9400,7.9200,7.9200,974600,7726464.0000,3
2025-08-22,20250822142500000,sh.600864,7.9200,7.9400,7.9100,7.9400,1854600,14698304.0000,3
2025-08-22,20250822143000000,sh.600864,7.9400,7.9500,7.9200,7.9500,1454900,11546304.0000,3
2025-08-22,20250822143500000,sh.600864,7.9500,7.9700,7.9500,7.9600,3365300,26776192.0000,3
2025-08-22,20250822144000000,sh.600864,7.9600,7.9600,7.9300,7.9400,2936900,23324032.0000,3
2025-08-22,20250822144500000,sh.600864,7.9400,7.9500,7.9200,7.9300,2005600,15902464.0000,3
2025-08-22,20250822145000000,sh.600864,7.9300,7.9400,7.9200,7.9400,3378800,26783744.0000,3
2025-08-22,20250822145500000,sh.600864,7.9300,7.9400,7.9200,7.9400,3452100,27389312.0000,3
2025-08-22,20250822150000000,sh.600864,7.9400,7.9400,7.9200,7.9300,3974500,31520128.0000,3
2025-08-25,20250825093500000,sh.600864,7.9700,8.0900,7.9700,8.0600,18945800,151842800.0000,3
2025-08-25,20250825094000000,sh.600864,8.0700,8.0900,7.9800,8.0100,10212300,81922672.0000,3
2025-08-25,20250825094500000,sh.600864,8.0100,8.0400,8.0000,8.0200,6320500,50649760.0000,3
2025-08-25,20250825095000000,sh.600864,8.0200,8.0200,7.9400,7.9400,6656800,53042016.0000,3
2025-08-25,20250825095500000,sh.600864,7.9500,7.9600,7.9200,7.9500,5290800,41985984.0000,3
2025-08-25,20250825100000000,sh.600864,7.9500,7.9600,7.9300,7.9500,3167600,25173920.0000,3
2025-08-25,20250825100500000,sh.600864,7.9500,7.9900,7.9400,7.9900,2932400,23366144.0000,3
2025-08-25,20250825101000000,sh.600864,7.9900,8.0000,7.9400,7.9500,2557000,20367104.0000,3
2025-08-25,20250825101500000,sh.600864,7.9500,7.9600,7.9300,7.9500,2414500,19174624.0000,3
2025-08-25,20250825102000000,sh.600864,7.9500,7.9600,7.9300,7.9400,3479400,27618528.0000,3
2025-08-25,20250825102500000,sh.600864,7.9500,7.9500,7.9300,7.9300,2536900,20137504.0000,3
2025-08-25,20250825103000000,sh.600864,7.9300,7.9500,7.9300,7.9400,1688700,13403392.0000,3
2025-08-25,20250825103500000,sh.600864,7.9400,7.9400,7.9100,7.9200,4154700,32920352.0000,3
2025-08-25,20250825104000000,sh.600864,7.9300,7.9300,7.9100,7.9200,1871100,14820672.0000,3
2025-08-25,20250825104500000,sh.600864,7.9200,7.9300,7.9100,7.9300,2080800,16473467.0000,3
2025-08-25,20250825105000000,sh.600864,7.9300,7.9600,7.9200,7.9600,1873500,14870535.0000,3
2025-08-25,20250825105500000,sh.600864,7.9600,7.9900,7.9400,7.9800,1419100,11299390.0000,3
2025-08-25,20250825110000000,sh.600864,7.9900,8.0300,7.9800,8.0100,3745300,29982136.0000,3
2025-08-25,20250825110500000,sh.600864,8.0000,8.0300,8.0000,8.0000,2632400,21091200.0000,3
2025-08-25,20250825111000000,sh.600864,8.0000,8.1000,8.0000,8.0900,6079500,49017231.0000,3
2025-08-25,20250825111500000,sh.600864,8.0800,8.1100,8.0500,8.0600,5592000,45231283.0000,3
2025-08-25,20250825112000000,sh.600864,8.0600,8.0600,8.0200,8.0400,2225000,17894718.0000,3
2025-08-25,20250825112500000,sh.600864,8.0400,8.0400,7.9800,7.9900,2818400,22557263.0000,3
2025-08-25,20250825113000000,sh.600864,7.9900,8.0300,7.9500,8.0300,3122900,24928113.0000,3
2025-08-25,20250825130500000,sh.600864,8.0300,8.0500,7.9600,8.0000,3213200,25786446.0000,3
2025-08-25,20250825131000000,sh.600864,7.9900,8.0100,7.9800,8.0000,965000,7716349.0000,3
2025-08-25,20250825131500000,sh.600864,8.0100,8.1800,8.0000,8.1400,5729900,46441341.0000,3
2025-08-25,20250825132000000,sh.600864,8.1100,8.1300,8.0200,8.0500,2359400,19059384.0000,3
2025-08-25,20250825132500000,sh.600864,8.0500,8.0800,8.0400,8.0500,2245800,18101902.0000,3
2025-08-25,20250825133000000,sh.600864,8.0500,8.0600,8.0200,8.0500,1288200,10359102.0000,3
2025-08-25,20250825133500000,sh.600864,8.0500,8.3100,8.0400,8.2200,10294000,84381052.0000,3
2025-08-25,20250825134000000,sh.600864,8.2300,8.2500,8.1800,8.2300,5455000,44779008.0000,3
2025-08-25,20250825134500000,sh.600864,8.2300,8.2300,8.1500,8.2000,2453800,20097792.0000,3
2025-08-25,20250825135000000,sh.600864,8.2000,8.2100,8.1400,8.2000,3313000,27106176.0000,3
2025-08-25,20250825135500000,sh.600864,8.2000,8.2100,8.1700,8.1700,1525100,12490624.0000,3
2025-08-25,20250825140000000,sh.600864,8.1700,8.1900,8.1500,8.1500,1671600,13669248.0000,3
2025-08-25,20250825140500000,sh.600864,8.1500,8.1600,8.0700,8.0800,2069700,16773760.0000,3
2025-08-25,20250825141000000,sh.600864,8.0800,8.1400,8.0800,8.1300,1768400,14328704.0000,3
2025-08-25,20250825141500000,sh.600864,8.1300,8.1600,8.1200,8.1500,1066000,8672640.0000,3
2025-08-25,20250825142000000,sh.600864,8.1400,8.1700,8.1300,8.1600,1444700,11779200.0000,3
2025-08-25,20250825142500000,sh.600864,8.1600,8.1700,8.1300,8.1700,1164400,9491456.0000,3
2025-08-25,20250825143000000,sh.600864,8.1700,8.1900,8.1600,8.1900,1469200,12009472.0000,3
2025-08-25,20250825143500000,sh.600864,8.1900,8.2300,8.1800,8.1800,3311000,27148288.0000,3
2025-08-25,20250825144000000,sh.600864,8.1800,8.1800,8.1700,8.1700,1429600,11686528.0000,3
2025-08-25,20250825144500000,sh.600864,8.1800,8.1800,8.1400,8.1600,2092200,17077888.0000,3
2025-08-25,20250825145000000,sh.600864,8.1700,8.1900,8.1600,8.1800,2926000,23926784.0000,3
2025-08-25,20250825145500000,sh.600864,8.1900,8.2100,8.1800,8.2000,3527200,28898304.0000,3
2025-08-25,20250825150000000,sh.600864,8.2000,8.2200,8.2000,8.2100,4394600,36065792.0000,3
2025-08-26,20250826093500000,sh.600864,8.1100,8.2300,8.1100,8.1900,9443200,77148192.0000,3
2025-08-26,20250826094000000,sh.600864,8.1900,8.2300,8.1600,8.2200,6180300,50629696.0000,3
2025-08-26,20250826094500000,sh.600864,8.2300,8.2400,8.1600,8.1600,5374400,44140176.0000,3
2025-08-26,20250826095000000,sh.600864,8.1600,8.2400,8.1600,8.2200,3285900,26987520.0000,3
2025-08-26,20250826095500000,sh.600864,8.2300,8.2900,8.2300,8.2700,6155700,50868448.0000,3
2025-08-26,20250826100000000,sh.600864,8.2700,8.2800,8.2500,8.2600,3453000,28543952.0000,3
2025-08-26,20250826100500000,sh.600864,8.2500,8.2600,8.2300,8.2500,2451800,20209696.0000,3
2025-08-26,20250826101000000,sh.600864,8.2600,8.3200,8.2500,8.3000,5635600,46747328.0000,3
2025-08-26,20250826101500000,sh.600864,8.3000,8.3200,8.2600,8.2700,3124400,25886720.0000,3
2025-08-26,20250826102000000,sh.600864,8.2700,8.2700,8.2300,8.2400,2042500,16856192.0000,3
2025-08-26,20250826102500000,sh.600864,8.2500,8.2500,8.2100,8.2200,2942200,24195936.0000,3
2025-08-26,20250826103000000,sh.600864,8.2200,8.2300,8.2000,8.2200,1988100,16329824.0000,3
2025-08-26,20250826103500000,sh.600864,8.2300,8.2300,8.2000,8.2100,1594000,13085888.0000,3
2025-08-26,20250826104000000,sh.600864,8.2100,8.3000,8.2100,8.2600,2643900,21844448.0000,3
2025-08-26,20250826104500000,sh.600864,8.2500,8.2600,8.2400,8.2600,826100,6816064.0000,3
2025-08-26,20250826105000000,sh.600864,8.2600,8.2700,8.2500,8.2700,1110600,9175168.0000,3
2025-08-26,20250826105500000,sh.600864,8.2600,8.2900,8.2600,8.2700,1179500,9766912.0000,3
2025-08-26,20250826110000000,sh.600864,8.2800,8.2800,8.2500,8.2500,998800,8252672.0000,3
2025-08-26,20250826110500000,sh.600864,8.2500,8.2500,8.2300,8.2300,983400,8105408.0000,3
2025-08-26,20250826111000000,sh.600864,8.2200,8.2400,8.2200,8.2400,785800,6468096.0000,3
2025-08-26,20250826111500000,sh.600864,8.2400,8.2500,8.2300,8.2500,500600,4124288.0000,3
2025-08-26,20250826112000000,sh.600864,8.2400,8.2800,8.2300,8.2700,1234400,10201792.0000,3
2025-08-26,20250826112500000,sh.600864,8.2700,8.2800,8.2500,8.2700,670900,5541888.0000,3
2025-08-26,20250826113000000,sh.600864,8.2700,8.2700,8.2500,8.2700,843400,6968288.0000,3
2025-08-26,20250826130500000,sh.600864,8.2700,8.2900,8.2200,8.2300,1732200,14295936.0000,3
2025-08-26,20250826131000000,sh.600864,8.2300,8.2300,8.2100,8.2100,1837300,15096577.0000,3
2025-08-26,20250826131500000,sh.600864,8.2000,8.2100,8.1600,8.1600,3327100,27230590.0000,3
2025-08-26,20250826132000000,sh.600864,8.1600,8.1900,8.1600,8.1800,1719000,14053509.0000,3
2025-08-26,20250826132500000,sh.600864,8.1800,8.1800,8.1600,8.1800,1438100,11748984.0000,3
2025-08-26,20250826133000000,sh.600864,8.1800,8.1800,8.1600,8.1600,1400000,11437566.0000,3
2025-08-26,20250826133500000,sh.600864,8.1700,8.1700,8.1500,8.1500,1854300,15124998.0000,3
2025-08-26,20250826134000000,sh.600864,8.1500,8.1600,8.1300,8.1500,2237000,18221378.0000,3
2025-08-26,20250826134500000,sh.600864,8.1500,8.2000,8.1400,8.2000,1713800,13993150.0000,3
2025-08-26,20250826135000000,sh.600864,8.2000,8.2000,8.1700,8.1800,688800,5636282.0000,3
2025-08-26,20250826135500000,sh.600864,8.1800,8.1900,8.1700,8.1800,623600,5103102.0000,3
2025-08-26,20250826140000000,sh.600864,8.1900,8.2000,8.1800,8.1900,936100,7664268.0000,3
2025-08-26,20250826140500000,sh.600864,8.2000,8.2000,8.1800,8.1900,1207500,9886334.0000,3
2025-08-26,20250826141000000,sh.600864,8.1900,8.2000,8.1800,8.1800,1174100,9613378.0000,3
2025-08-26,20250826141500000,sh.600864,8.1800,8.1900,8.1500,8.1500,2819400,22989244.0000,3
2025-08-26,20250826142000000,sh.600864,8.1600,8.1700,8.1500,8.1600,977600,7975494.0000,3
2025-08-26,20250826142500000,sh.600864,8.1600,8.1600,8.1200,8.1300,2949800,24001780.0000,3
2025-08-26,20250826143000000,sh.600864,8.1300,8.1500,8.1200,8.1300,2006300,16309831.0000,3
2025-08-26,20250826143500000,sh.600864,8.1300,8.1400,8.1200,8.1300,1266000,10288955.0000,3
2025-08-26,20250826144000000,sh.600864,8.1400,8.1400,8.1000,8.1000,3560300,28894342.0000,3
2025-08-26,20250826144500000,sh.600864,8.1000,8.1200,8.0900,8.0900,4344500,35176830.0000,3
2025-08-26,20250826145000000,sh.600864,8.1000,8.1000,8.0800,8.0900,4281600,34615040.0000,3
2025-08-26,20250826145500000,sh.600864,8.0900,8.0900,8.0800,8.0900,2700200,21834176.0000,3
2025-08-26,20250826150000000,sh.600864,8.0900,8.1000,8.0900,8.1000,995300,8056384.0000,3
2025-08-27,20250827093500000,sh.600864,8.0300,8.1300,8.0300,8.1200,7885600,63666412.0000,3
2025-08-27,20250827094000000,sh.600864,8.1100,8.1100,8.0500,8.0600,4468000,36063748.0000,3
2025-08-27,20250827094500000,sh.600864,8.0600,8.0900,8.0400,8.0600,2985200,24071728.0000,3
2025-08-27,20250827095000000,sh.600864,8.0500,8.0600,8.0200,8.0400,3634100,29210688.0000,3
2025-08-27,20250827095500000,sh.600864,8.0500,8.0500,8.0100,8.0200,2776900,22290384.0000,3
2025-08-27,20250827100000000,sh.600864,8.0300,8.0400,8.0100,8.0400,3699500,29667600.0000,3
2025-08-27,20250827100500000,sh.600864,8.0400,8.1000,8.0200,8.0600,3454000,27831968.0000,3
2025-08-27,20250827101000000,sh.600864,8.0500,8.1100,8.0500,8.1100,2949800,23815136.0000,3
2025-08-27,20250827101500000,sh.600864,8.1100,8.1100,8.0600,8.0600,2609800,21082048.0000,3
2025-08-27,20250827102000000,sh.600864,8.0600,8.0900,8.0600,8.0800,1711400,13823840.0000,3
2025-08-27,20250827102500000,sh.600864,8.0900,8.1300,8.0800,8.1200,3276000,26564064.0000,3
2025-08-27,20250827103000000,sh.600864,8.1200,8.1500,8.1000,8.1000,3178800,25831904.0000,3
2025-08-27,20250827103500000,sh.600864,8.1000,8.1200,8.0900,8.1000,1452200,11771328.0000,3
2025-08-27,20250827104000000,sh.600864,8.1000,8.1100,8.0800,8.0800,1073400,8681408.0000,3
2025-08-27,20250827104500000,sh.600864,8.0900,8.1100,8.0600,8.1000,1340800,10832064.0000,3
2025-08-27,20250827105000000,sh.600864,8.1100,8.1200,8.0900,8.1100,1657700,13427616.0000,3
2025-08-27,20250827105500000,sh.600864,8.1100,8.1100,8.0800,8.0800,894200,7241632.0000,3
2025-08-27,20250827110000000,sh.600864,8.0900,8.0900,8.0600,8.0700,1407200,11366368.0000,3
2025-08-27,20250827110500000,sh.600864,8.0700,8.0900,8.0600,8.0800,1012700,8176064.0000,3
2025-08-27,20250827111000000,sh.600864,8.0800,8.0900,8.0700,8.0800,399700,3230464.0000,3
2025-08-27,20250827111500000,sh.600864,8.0800,8.1000,8.0700,8.1000,1243200,10047008.0000,3
2025-08-27,20250827112000000,sh.600864,8.0900,8.1000,8.0800,8.0900,1579500,12778912.0000,3
2025-08-27,20250827112500000,sh.600864,8.1000,8.1100,8.0600,8.0800,1264100,10225152.0000,3
2025-08-27,20250827113000000,sh.600864,8.0800,8.0900,8.0700,8.0800,837200,6761728.0000,3
2025-08-27,20250827130500000,sh.600864,8.0700,8.1000,8.0600,8.0900,1908900,15422080.0000,3
2025-08-27,20250827131000000,sh.600864,8.0900,8.0900,8.0500,8.0500,1570300,12675296.0000,3
2025-08-27,20250827131500000,sh.600864,8.0600,8.0600,8.0400,8.0400,1197700,9642624.0000,3
2025-08-27,20250827132000000,sh.600864,8.0500,8.0500,8.0300,8.0300,1121000,9010304.0000,3
2025-08-27,20250827132500000,sh.600864,8.0300,8.0600,8.0300,8.0400,2441200,19631072.0000,3
2025-08-27,20250827133000000,sh.600864,8.0500,8.0500,8.0300,8.0300,811000,6522368.0000,3
2025-08-27,20250827133500000,sh.600864,8.0300,8.0300,8.0100,8.0200,2808200,22509374.0000,3
2025-08-27,20250827134000000,sh.600864,8.0200,8.0300,7.9800,7.9800,4196700,33574208.0000,3
2025-08-27,20250827134500000,sh.600864,7.9900,8.0100,7.9900,7.9900,2249600,17993090.0000,3
2025-08-27,20250827135000000,sh.600864,7.9900,7.9900,7.9500,7.9800,5326200,42441536.0000,3
2025-08-27,20250827135500000,sh.600864,7.9800,7.9900,7.9500,7.9500,1931100,15386246.0000,3
2025-08-27,20250827140000000,sh.600864,7.9400,7.9500,7.9200,7.9400,3456500,27417466.0000,3
2025-08-27,20250827140500000,sh.600864,7.9500,8.0000,7.9500,8.0000,2445300,19493760.0000,3
2025-08-27,20250827141000000,sh.600864,8.0000,8.0000,7.9700,7.9900,1197600,9564922.0000,3
2025-08-27,20250827141500000,sh.600864,7.9900,7.9900,7.9600,7.9800,1576500,12570628.0000,3
2025-08-27,20250827142000000,sh.600864,7.9800,7.9800,7.9300,7.9400,970500,7713858.0000,3
2025-08-27,20250827142500000,sh.600864,7.9300,7.9400,7.9000,7.9200,2897200,22927488.0000,3
2025-08-27,20250827143000000,sh.600864,7.9200,7.9300,7.8600,7.8700,3993300,31500736.0000,3
2025-08-27,20250827143500000,sh.600864,7.8600,7.9300,7.8400,7.9300,5651500,44491904.0000,3
2025-08-27,20250827144000000,sh.600864,7.9300,7.9300,7.8700,7.8800,2047900,16174144.0000,3
2025-08-27,20250827144500000,sh.600864,7.8700,7.8800,7.8400,7.8400,2601400,20444928.0000,3
2025-08-27,20250827145000000,sh.600864,7.8500,7.8500,7.8100,7.8300,3970200,31054912.0000,3
2025-08-27,20250827145500000,sh.600864,7.8300,7.8400,7.8000,7.8100,2966200,23208000.0000,3
2025-08-27,20250827150000000,sh.600864,7.8000,7.8100,7.7800,7.7900,1890800,14734976.0000,3
2025-08-28,20250828093500000,sh.600864,7.7800,7.8500,7.7700,7.8500,5400900,42247016.0000,3
2025-08-28,20250828094000000,sh.600864,7.8500,7.8500,7.7700,7.7900,3643000,28453280.0000,3
2025-08-28,20250828094500000,sh.600864,7.7800,7.8400,7.7700,7.8300,4030000,31440280.0000,3
2025-08-28,20250828095000000,sh.600864,7.8300,7.8500,7.8100,7.8400,2521300,19745080.0000,3
2025-08-28,20250828095500000,sh.600864,7.8500,7.8500,7.8000,7.8100,1921000,15012344.0000,3
2025-08-28,20250828100000000,sh.600864,7.8100,7.8100,7.7600,7.8000,2906300,22623968.0000,3
2025-08-28,20250828100500000,sh.600864,7.8000,7.8500,7.7900,7.7900,2615900,20480448.0000,3
2025-08-28,20250828101000000,sh.600864,7.8000,7.8300,7.7900,7.8200,1221300,9540000.0000,3
2025-08-28,20250828101500000,sh.600864,7.8300,7.8400,7.8100,7.8200,700700,5482352.0000,3
2025-08-28,20250828102000000,sh.600864,7.8100,7.8200,7.8000,7.8100,1296600,10129072.0000,3
2025-08-28,20250828102500000,sh.600864,7.8000,7.8200,7.7900,7.8100,578300,4513984.0000,3
2025-08-28,20250828103000000,sh.600864,7.8200,7.8300,7.8000,7.8200,1314600,10278160.0000,3
2025-08-28,20250828103500000,sh.600864,7.8200,7.8300,7.8100,7.8100,1047800,8190816.0000,3
2025-08-28,20250828104000000,sh.600864,7.8100,7.8400,7.8100,7.8100,1140700,8927440.0000,3
2025-08-28,20250828104500000,sh.600864,7.8200,7.8400,7.8100,7.8300,789400,6177296.0000,3
2025-08-28,20250828105000000,sh.600864,7.8300,7.8400,7.8100,7.8200,1408900,11028720.0000,3
2025-08-28,20250828105500000,sh.600864,7.8300,7.8300,7.8100,7.8100,996700,7794528.0000,3
2025-08-28,20250828110000000,sh.600864,7.8200,7.8200,7.8000,7.8100,1546500,12076144.0000,3
2025-08-28,20250828110500000,sh.600864,7.8200,7.8400,7.7800,7.7800,2474900,19334624.0000,3
2025-08-28,20250828111000000,sh.600864,7.7900,7.8000,7.7800,7.7900,696100,5424224.0000,3
2025-08-28,20250828111500000,sh.600864,7.7900,7.8000,7.7800,7.7800,1311300,10210656.0000,3
2025-08-28,20250828112000000,sh.600864,7.7800,7.7900,7.7300,7.7500,2844000,22061728.0000,3
2025-08-28,20250828112500000,sh.600864,7.7500,7.7600,7.7100,7.7200,2451800,18947904.0000,3
2025-08-28,20250828113000000,sh.600864,7.7100,7.7400,7.7100,7.7300,2230600,17221984.0000,3
2025-08-28,20250828130500000,sh.600864,7.7400,7.7600,7.7200,7.7300,1422100,11005312.0000,3
2025-08-28,20250828131000000,sh.600864,7.7300,7.7600,7.7200,7.7500,1003200,7764512.0000,3
2025-08-28,20250828131500000,sh.600864,7.7600,7.7600,7.7300,7.7300,654200,5065952.0000,3
2025-08-28,20250828132000000,sh.600864,7.7400,7.7600,7.7300,7.7300,1352800,10469024.0000,3
2025-08-28,20250828132500000,sh.600864,7.7300,7.7300,7.6800,7.6800,2704800,20834272.0000,3
2025-08-28,20250828133000000,sh.600864,7.6900,7.7000,7.6600,7.6700,2535600,19453024.0000,3
2025-08-28,20250828133500000,sh.600864,7.6700,7.7000,7.6300,7.6400,3575500,27364608.0000,3
2025-08-28,20250828134000000,sh.600864,7.6500,7.6900,7.6500,7.6800,1899200,14558048.0000,3
2025-08-28,20250828134500000,sh.600864,7.6800,7.6900,7.6500,7.6900,2017100,15468800.0000,3
2025-08-28,20250828135000000,sh.600864,7.6900,7.7500,7.6900,7.7400,1641800,12684384.0000,3
2025-08-28,20250828135500000,sh.600864,7.7400,7.7400,7.6900,7.7400,1571500,12126016.0000,3
2025-08-28,20250828140000000,sh.600864,7.7300,7.7400,7.7100,7.7200,811700,6258048.0000,3
2025-08-28,20250828140500000,sh.600864,7.7000,7.7600,7.7000,7.7500,741700,5740800.0000,3
2025-08-28,20250828141000000,sh.600864,7.7500,7.7700,7.7400,7.7600,1598900,12406328.0000,3
2025-08-28,20250828141500000,sh.600864,7.7600,7.8000,7.7400,7.7900,1896000,14732484.0000,3
2025-08-28,20250828142000000,sh.600864,7.7900,7.8100,7.7800,7.8000,1378800,10753344.0000,3
2025-08-28,20250828142500000,sh.600864,7.8000,7.8100,7.7700,7.7700,1580000,12320137.0000,3
2025-08-28,20250828143000000,sh.600864,7.7700,7.7900,7.7700,7.7700,627600,4881154.0000,3
2025-08-28,20250828143500000,sh.600864,7.7800,7.7900,7.7600,7.7900,1173400,9130427.0000,3
2025-08-28,20250828144000000,sh.600864,7.7900,7.8300,7.7800,7.8200,1705300,13306748.0000,3
2025-08-28,20250828144500000,sh.600864,7.8300,7.8600,7.8200,7.8400,1884700,14782790.0000,3
2025-08-28,20250828145000000,sh.600864,7.8400,7.8700,7.8400,7.8600,1908900,14994037.0000,3
2025-08-28,20250828145500000,sh.600864,7.8700,7.8900,7.8600,7.8800,3625200,28550535.0000,3
2025-08-28,20250828150000000,sh.600864,7.8800,7.8900,7.8700,7.8800,1384000,10903558.0000,3
2025-08-29,20250829093500000,sh.600864,7.9100,7.9300,7.8500,7.8800,5858900,46176740.0000,3
2025-08-29,20250829094000000,sh.600864,7.8700,7.8800,7.8200,7.8500,4982900,39126492.0000,3
2025-08-29,20250829094500000,sh.600864,7.8500,7.8600,7.8000,7.8200,2404900,18816616.0000,3
2025-08-29,20250829095000000,sh.600864,7.8200,7.8700,7.8100,7.8600,1680700,13173216.0000,3
2025-08-29,20250829095500000,sh.600864,7.8600,7.9000,7.8600,7.8700,2920100,23015608.0000,3
2025-08-29,20250829100000000,sh.600864,7.8600,7.8800,7.8400,7.8600,1612700,12672528.0000,3
2025-08-29,20250829100500000,sh.600864,7.8600,7.8900,7.8500,7.8600,1500400,11802768.0000,3
2025-08-29,20250829101000000,sh.600864,7.8600,7.8600,7.8200,7.8400,1797700,14094800.0000,3
2025-08-29,20250829101500000,sh.600864,7.8400,7.8600,7.8300,7.8500,1370700,10748144.0000,3
2025-08-29,20250829102000000,sh.600864,7.8500,7.8600,7.8200,7.8400,2474400,19399920.0000,3
2025-08-29,20250829102500000,sh.600864,7.8400,7.9000,7.8400,7.8900,1506900,11863648.0000,3
2025-08-29,20250829103000000,sh.600864,7.8900,7.9100,7.8900,7.9000,1930800,15253072.0000,3
2025-08-29,20250829103500000,sh.600864,7.9100,7.9100,7.8600,7.8700,1476800,11639280.0000,3
2025-08-29,20250829104000000,sh.600864,7.8800,7.8800,7.8600,7.8700,859500,6761360.0000,3
2025-08-29,20250829104500000,sh.600864,7.8700,7.8800,7.8600,7.8600,664600,5227712.0000,3
2025-08-29,20250829105000000,sh.600864,7.8700,7.8700,7.8400,7.8700,1341200,10534688.0000,3
2025-08-29,20250829105500000,sh.600864,7.8700,7.8700,7.8200,7.8300,1385600,10860704.0000,3
2025-08-29,20250829110000000,sh.600864,7.8300,7.8400,7.8200,7.8200,1377900,10790016.0000,3
2025-08-29,20250829110500000,sh.600864,7.8300,7.8400,7.8200,7.8300,730400,5718368.0000,3
2025-08-29,20250829111000000,sh.600864,7.8300,7.8300,7.8100,7.8100,688500,5383360.0000,3
2025-08-29,20250829111500000,sh.600864,7.8100,7.8200,7.7800,7.8000,1965500,15332960.0000,3
2025-08-29,20250829112000000,sh.600864,7.8000,7.8200,7.7800,7.8100,1192400,9294848.0000,3
2025-08-29,20250829112500000,sh.600864,7.8100,7.8200,7.7900,7.8000,589900,4602880.0000,3
2025-08-29,20250829113000000,sh.600864,7.8000,7.8000,7.7800,7.7900,838200,6528064.0000,3
2025-08-29,20250829130500000,sh.600864,7.7900,7.8100,7.7800,7.7900,887300,6914080.0000,3
2025-08-29,20250829131000000,sh.600864,7.8000,7.8400,7.8000,7.8400,805500,6296384.0000,3
2025-08-29,20250829131500000,sh.600864,7.8400,7.8700,7.8200,7.8400,1279500,10040768.0000,3
2025-08-29,20250829132000000,sh.600864,7.8400,7.8600,7.8000,7.8000,1030200,8068960.0000,3
2025-08-29,20250829132500000,sh.600864,7.8000,7.8200,7.7900,7.7900,826200,6443968.0000,3
2025-08-29,20250829133000000,sh.600864,7.7900,7.8000,7.7700,7.7900,1439400,11207104.0000,3
2025-08-29,20250829133500000,sh.600864,7.7900,7.8000,7.7700,7.7900,698100,5431872.0000,3
2025-08-29,20250829134000000,sh.600864,7.8000,7.8000,7.7800,7.7900,366800,2857312.0000,3
2025-08-29,20250829134500000,sh.600864,7.7900,7.8000,7.7800,7.7900,211600,1648608.0000,3
2025-08-29,20250829135000000,sh.600864,7.7900,7.7900,7.7600,7.7600,1090900,8479232.0000,3
2025-08-29,20250829135500000,sh.600864,7.7700,7.7800,7.7700,7.7700,403200,3133984.0000,3
2025-08-29,20250829140000000,sh.600864,7.7800,7.8100,7.7700,7.7900,1067500,8324160.0000,3
2025-08-29,20250829140500000,sh.600864,7.8000,7.8100,7.7800,7.7900,633000,4936160.0000,3
2025-08-29,20250829141000000,sh.600864,7.7800,7.7900,7.7700,7.7800,653400,5084768.0000,3
2025-08-29,20250829141500000,sh.600864,7.7800,7.7900,7.7600,7.7800,936200,7275392.0000,3
2025-08-29,20250829142000000,sh.600864,7.7800,7.7800,7.7700,7.7800,326100,2534976.0000,3
2025-08-29,20250829142500000,sh.600864,7.7700,7.7800,7.7600,7.7700,875800,6806880.0000,3
2025-08-29,20250829143000000,sh.600864,7.7700,7.7900,7.7600,7.7900,671100,5217024.0000,3
2025-08-29,20250829143500000,sh.600864,7.7900,7.8100,7.7800,7.8000,932000,7270592.0000,3
2025-08-29,20250829144000000,sh.600864,7.7900,7.8100,7.7800,7.7900,715000,5572640.0000,3
2025-08-29,20250829144500000,sh.600864,7.7900,7.8100,7.7800,7.8100,1489900,11619904.0000,3
2025-08-29,20250829145000000,sh.600864,7.8100,7.8200,7.8000,7.8200,1434100,11209824.0000,3
2025-08-29,20250829145500000,sh.600864,7.8200,7.8200,7.8100,7.8100,1471900,11499040.0000,3
2025-08-29,20250829150000000,sh.600864,7.8100,7.8200,7.8000,7.8100,1498800,11708192.0000,3
2025-09-01,20250901093500000,sh.600864,7.7800,7.8400,7.7700,7.7900,3574900,27858570.0000,3
2025-09-01,20250901094000000,sh.600864,7.7900,7.8100,7.7600,7.7600,3332700,25927330.0000,3
2025-09-01,20250901094500000,sh.600864,7.7600,7.7700,7.7400,7.7500,2071300,16065028.0000,3
2025-09-01,20250901095000000,sh.600864,7.7500,7.7600,7.7200,7.7200,3345800,25871088.0000,3
2025-09-01,20250901095500000,sh.600864,7.7100,7.7300,7.6900,7.7200,2412200,18584864.0000,3
2025-09-01,20250901100000000,sh.600864,7.7100,7.7700,7.7100,7.7400,1419300,10983888.0000,3
2025-09-01,20250901100500000,sh.600864,7.7300,7.7500,7.7100,7.7300,1246000,9628800.0000,3
2025-09-01,20250901101000000,sh.600864,7.7300,7.7500,7.7200,7.7400,752700,5819904.0000,3
2025-09-01,20250901101500000,sh.600864,7.7400,7.7700,7.7400,7.7700,996000,7727232.0000,3
2025-09-01,20250901102000000,sh.600864,7.7700,7.7700,7.7400,7.7500,894400,6938784.0000,3
2025-09-01,20250901102500000,sh.600864,7.7500,7.7700,7.7400,7.7500,673300,5221744.0000,3
2025-09-01,20250901103000000,sh.600864,7.7500,7.7600,7.7300,7.7300,1271800,9847696.0000,3
2025-09-01,20250901103500000,sh.600864,7.7300,7.7400,7.7200,7.7200,592300,4577392.0000,3
2025-09-01,20250901104000000,sh.600864,7.7300,7.7400,7.7200,7.7400,423200,3270496.0000,3
2025-09-01,20250901104500000,sh.600864,7.7300,7.7400,7.7300,7.7400,475300,3675136.0000,3
2025-09-01,20250901105000000,sh.600864,7.7400,7.7500,7.7300,7.7400,681800,5277760.0000,3
2025-09-01,20250901105500000,sh.600864,7.7400,7.7400,7.7200,7.7300,639500,4943968.0000,3
2025-09-01,20250901110000000,sh.600864,7.7400,7.7400,7.7200,7.7300,570000,4406176.0000,3
2025-09-01,20250901110500000,sh.600864,7.7300,7.7400,7.7200,7.7300,706700,5462384.0000,3
2025-09-01,20250901111000000,sh.600864,7.7300,7.7500,7.7200,7.7300,595700,4608176.0000,3
2025-09-01,20250901111500000,sh.600864,7.7300,7.7500,7.7300,7.7300,471200,3646176.0000,3
2025-09-01,20250901112000000,sh.600864,7.7400,7.7400,7.7200,7.7300,489800,3785728.0000,3
2025-09-01,20250901112500000,sh.600864,7.7400,7.7400,7.7200,7.7300,706800,5465552.0000,3
2025-09-01,20250901113000000,sh.600864,7.7200,7.7300,7.7000,7.7000,1595100,12296320.0000,3
2025-09-01,20250901130500000,sh.600864,7.7100,7.7100,7.6900,7.7000,1433800,11040416.0000,3
2025-09-01,20250901131000000,sh.600864,7.7000,7.7000,7.6800,7.6900,1820500,14000016.0000,3
2025-09-01,20250901131500000,sh.600864,7.6800,7.6900,7.6700,7.6800,1371400,10530864.0000,3
2025-09-01,20250901132000000,sh.600864,7.6800,7.6900,7.6700,7.6800,970400,7453296.0000,3
2025-09-01,20250901132500000,sh.600864,7.6900,7.6900,7.6700,7.6800,1361900,10451456.0000,3
2025-09-01,20250901133000000,sh.600864,7.6700,7.6900,7.6600,7.6700,2967800,22751744.0000,3
2025-09-01,20250901133500000,sh.600864,7.6700,7.6900,7.6500,7.6500,3061600,23466848.0000,3
2025-09-01,20250901134000000,sh.600864,7.6600,7.6700,7.6500,7.6700,1370700,10496384.0000,3
2025-09-01,20250901134500000,sh.600864,7.6600,7.6700,7.6400,7.6500,2473900,18927904.0000,3
2025-09-01,20250901135000000,sh.600864,7.6500,7.6600,7.6300,7.6500,2016300,15403296.0000,3
2025-09-01,20250901135500000,sh.600864,7.6400,7.6800,7.6400,7.6700,923000,7070528.0000,3
2025-09-01,20250901140000000,sh.600864,7.6700,7.6900,7.6600,7.6900,591300,4536096.0000,3
2025-09-01,20250901140500000,sh.600864,7.7000,7.7100,7.6800,7.6900,969900,7463744.0000,3
2025-09-01,20250901141000000,sh.600864,7.6900,7.7100,7.6800,7.7100,570000,4385792.0000,3
2025-09-01,20250901141500000,sh.600864,7.7000,7.7100,7.6900,7.6900,353100,2717440.0000,3
2025-09-01,20250901142000000,sh.600864,7.6900,7.7000,7.6800,7.7000,416600,3203936.0000,3
2025-09-01,20250901142500000,sh.600864,7.7000,7.7100,7.6800,7.7000,710500,5469408.0000,3
2025-09-01,20250901143000000,sh.600864,7.7100,7.7100,7.6900,7.7100,1071300,8249216.0000,3
2025-09-01,20250901143500000,sh.600864,7.7100,7.7100,7.7000,7.7100,399000,3075328.0000,3
2025-09-01,20250901144000000,sh.600864,7.7100,7.7100,7.6900,7.7000,686100,5281376.0000,3
2025-09-01,20250901144500000,sh.600864,7.6900,7.7000,7.6900,7.7000,561900,4323872.0000,3
2025-09-01,20250901145000000,sh.600864,7.6900,7.7000,7.6900,7.7000,1648800,12682176.0000,3
2025-09-01,20250901145500000,sh.600864,7.7000,7.7200,7.6900,7.7000,1263500,9736480.0000,3
2025-09-01,20250901150000000,sh.600864,7.7000,7.7200,7.7000,7.7200,1204900,9294944.0000,3
2025-09-02,20250902093500000,sh.600864,7.7200,7.7200,7.6400,7.6600,2299400,17640320.0000,3
2025-09-02,20250902094000000,sh.600864,7.6600,7.6600,7.6300,7.6400,1796500,13736156.0000,3
2025-09-02,20250902094500000,sh.600864,7.6400,7.7000,7.6300,7.7000,1918900,14701092.0000,3
2025-09-02,20250902095000000,sh.600864,7.6900,7.7100,7.6600,7.6600,1741800,13395472.0000,3
2025-09-02,20250902095500000,sh.600864,7.6500,7.6500,7.6100,7.6200,2485400,18944528.0000,3
2025-09-02,20250902100000000,sh.600864,7.6300,7.6400,7.6000,7.6100,1814800,13829768.0000,3
2025-09-02,20250902100500000,sh.600864,7.6100,7.6100,7.5800,7.5800,2456900,18663528.0000,3
2025-09-02,20250902101000000,sh.600864,7.5800,7.6300,7.5800,7.6200,1852200,14081776.0000,3
2025-09-02,20250902101500000,sh.600864,7.6200,7.6200,7.5700,7.5700,1541600,11701888.0000,3
2025-09-02,20250902102000000,sh.600864,7.5700,7.6100,7.5600,7.6100,1536600,11641280.0000,3
2025-09-02,20250902102500000,sh.600864,7.6100,7.6400,7.6100,7.6400,1543200,11767904.0000,3
2025-09-02,20250902103000000,sh.600864,7.6400,7.6500,7.6300,7.6300,855800,6539904.0000,3
2025-09-02,20250902103500000,sh.600864,7.6400,7.6400,7.6000,7.6100,795500,6056960.0000,3
2025-09-02,20250902104000000,sh.600864,7.6000,7.6100,7.5800,7.5900,635500,4824640.0000,3
2025-09-02,20250902104500000,sh.600864,7.5800,7.5900,7.5700,7.5700,723700,5486912.0000,3
2025-09-02,20250902105000000,sh.600864,7.5700,7.6000,7.5700,7.5800,1283500,9735440.0000,3
2025-09-02,20250902105500000,sh.600864,7.5900,7.6400,7.5800,7.6100,1009300,7677808.0000,3
2025-09-02,20250902110000000,sh.600864,7.6200,7.6200,7.5800,7.6000,765300,5811072.0000,3
2025-09-02,20250902110500000,sh.600864,7.5900,7.6100,7.5700,7.6000,1354000,10266048.0000,3
2025-09-02,20250902111000000,sh.600864,7.6000,7.6100,7.5800,7.5900,722300,5486672.0000,3
2025-09-02,20250902111500000,sh.600864,7.5900,7.6100,7.5800,7.5800,565400,4294928.0000,3
2025-09-02,20250902112000000,sh.600864,7.5900,7.6100,7.5700,7.6100,2265800,17196368.0000,3
2025-09-02,20250902112500000,sh.600864,7.6100,7.7600,7.6100,7.7200,6194100,47716976.0000,3
2025-09-02,20250902113000000,sh.600864,7.7200,7.7400,7.6800,7.7300,3420400,26366784.0000,3
2025-09-02,20250902130500000,sh.600864,7.7300,7.7500,7.6600,7.7200,5971100,46077344.0000,3
2025-09-02,20250902131000000,sh.600864,7.7200,7.7300,7.6800,7.6900,1321400,10195936.0000,3
2025-09-02,20250902131500000,sh.600864,7.6700,7.6800,7.6200,7.6300,1421600,10877056.0000,3
2025-09-02,20250902132000000,sh.600864,7.6300,7.6300,7.6100,7.6200,1101300,8389984.0000,3
2025-09-02,20250902132500000,sh.600864,7.6100,7.6200,7.6000,7.6000,919000,6994656.0000,3
2025-09-02,20250902133000000,sh.600864,7.6100,7.6200,7.6000,7.6200,1042500,7937984.0000,3
2025-09-02,20250902133500000,sh.600864,7.6300,7.6700,7.6200,7.6600,1061400,8117824.0000,3
2025-09-02,20250902134000000,sh.600864,7.6600,7.6700,7.6400,7.6700,651500,4990656.0000,3
2025-09-02,20250902134500000,sh.600864,7.6700,7.6900,7.6600,7.6800,529700,4065344.0000,3
2025-09-02,20250902135000000,sh.600864,7.6800,7.7000,7.6700,7.6800,881700,6777120.0000,3
2025-09-02,20250902135500000,sh.600864,7.6900,7.6900,7.6500,7.6500,714400,5473984.0000,3
2025-09-02,20250902140000000,sh.600864,7.6500,7.6600,7.6400,7.6400,291400,2228064.0000,3
2025-09-02,20250902140500000,sh.600864,7.6400,7.6600,7.6300,7.6500,542300,4148544.0000,3
2025-09-02,20250902141000000,sh.600864,7.6400,7.6500,7.6300,7.6400,317400,2424384.0000,3
2025-09-02,20250902141500000,sh.600864,7.6500,7.6500,7.6300,7.6300,435200,3324832.0000,3
2025-09-02,20250902142000000,sh.600864,7.6300,7.6400,7.6200,7.6300,496300,3785696.0000,3
2025-09-02,20250902142500000,sh.600864,7.6200,7.6400,7.6100,7.6200,902200,6880320.0000,3
2025-09-02,20250902143000000,sh.600864,7.6200,7.6300,7.6200,7.6200,239200,1823616.0000,3
2025-09-02,20250902143500000,sh.600864,7.6200,7.6400,7.6200,7.6200,656300,5007168.0000,3
2025-09-02,20250902144000000,sh.600864,7.6200,7.6300,7.6100,7.6300,674200,5138592.0000,3
2025-09-02,20250902144500000,sh.600864,7.6200,7.6300,7.6000,7.6000,1125000,8561568.0000,3
2025-09-02,20250902145000000,sh.600864,7.6100,7.6200,7.5900,7.6200,1466500,11146720.0000,3
2025-09-02,20250902145500000,sh.600864,7.6200,7.6500,7.6100,7.6400,1170300,8926432.0000,3
2025-09-02,20250902150000000,sh.600864,7.6500,7.6500,7.6400,7.6500,1610200,12316032.0000,3
2025-09-03,20250903093500000,sh.600864,7.6800,7.7100,7.6300,7.6300,3279200,25147060.0000,3
2025-09-03,20250903094000000,sh.600864,7.6400,7.6600,7.6200,7.6300,1477500,11282740.0000,3
2025-09-03,20250903094500000,sh.600864,7.6300,7.6600,7.6300,7.6500,1343200,10263964.0000,3
2025-09-03,20250903095000000,sh.600864,7.6300,7.6500,7.6000,7.6000,975800,7433944.0000,3
2025-09-03,20250903095500000,sh.600864,7.6000,7.6100,7.5800,7.5900,1164300,8848396.0000,3
2025-09-03,20250903100000000,sh.600864,7.5900,7.6000,7.5800,7.6000,1353100,10269080.0000,3
2025-09-03,20250903100500000,sh.600864,7.5900,7.6000,7.5700,7.5900,1559400,11825264.0000,3
2025-09-03,20250903101000000,sh.600864,7.5800,7.5900,7.5700,7.5800,874500,6626592.0000,3
2025-09-03,20250903101500000,sh.600864,7.5700,7.5900,7.5600,7.5600,1561800,11831368.0000,3
2025-09-03,20250903102000000,sh.600864,7.5600,7.5700,7.5500,7.5600,1062600,8033416.0000,3
2025-09-03,20250903102500000,sh.600864,7.5500,7.5700,7.5500,7.5500,1109600,8389224.0000,3
2025-09-03,20250903103000000,sh.600864,7.5500,7.5600,7.5200,7.5400,1578700,11897200.0000,3
2025-09-03,20250903103500000,sh.600864,7.5300,7.5600,7.4800,7.4900,2665200,20011504.0000,3
2025-09-03,20250903104000000,sh.600864,7.4900,7.5300,7.4900,7.5300,1334900,10020752.0000,3
2025-09-03,20250903104500000,sh.600864,7.5200,7.5800,7.5200,7.5800,1093900,8257744.0000,3
2025-09-03,20250903105000000,sh.600864,7.5800,7.5900,7.5700,7.5800,1190700,9025776.0000,3
2025-09-03,20250903105500000,sh.600864,7.5800,7.5900,7.5700,7.5800,806600,6109760.0000,3
2025-09-03,20250903110000000,sh.600864,7.5700,7.5900,7.5600,7.5800,570100,4317632.0000,3
2025-09-03,20250903110500000,sh.600864,7.5800,7.5800,7.5500,7.5600,348700,2639152.0000,3
2025-09-03,20250903111000000,sh.600864,7.5600,7.5700,7.5500,7.5500,332700,2513728.0000,3
2025-09-03,20250903111500000,sh.600864,7.5500,7.5500,7.5200,7.5300,602700,4538288.0000,3
2025-09-03,20250903112000000,sh.600864,7.5300,7.5400,7.5200,7.5300,356100,2679984.0000,3
2025-09-03,20250903112500000,sh.600864,7.5200,7.5300,7.5000,7.5200,732900,5510560.0000,3
2025-09-03,20250903113000000,sh.600864,7.5200,7.5200,7.4800,7.4900,915600,6863200.0000,3
2025-09-03,20250903130500000,sh.600864,7.4900,7.5100,7.4800,7.4800,1350300,10114976.0000,3
2025-09-03,20250903131000000,sh.600864,7.4900,7.4900,7.4500,7.4600,1713900,12798000.0000,3
2025-09-03,20250903131500000,sh.600864,7.4700,7.4800,7.4500,7.4800,672700,5019712.0000,3
2025-09-03,20250903132000000,sh.600864,7.4700,7.4800,7.4300,7.4400,1404800,10465904.0000,3
2025-09-03,20250903132500000,sh.600864,7.4400,7.4600,7.4300,7.4600,577700,4303008.0000,3
2025-09-03,20250903133000000,sh.600864,7.4700,7.4700,7.4300,7.4400,945400,7039216.0000,3
2025-09-03,20250903133500000,sh.600864,7.4500,7.4500,7.4200,7.4200,1135000,8435600.0000,3
2025-09-03,20250903134000000,sh.600864,7.4200,7.4400,7.4000,7.4000,1256100,9316640.0000,3
2025-09-03,20250903134500000,sh.600864,7.4100,7.4700,7.4100,7.4400,1335300,9926752.0000,3
2025-09-03,20250903135000000,sh.600864,7.4300,7.4300,7.3800,7.3900,1895500,14017088.0000,3
2025-09-03,20250903135500000,sh.600864,7.3800,7.4200,7.3800,7.4000,1088400,8047520.0000,3
2025-09-03,20250903140000000,sh.600864,7.4100,7.4100,7.3800,7.4100,750400,5551072.0000,3
2025-09-03,20250903140500000,sh.600864,7.4100,7.4400,7.3900,7.4300,1320400,9781408.0000,3
2025-09-03,20250903141000000,sh.600864,7.4300,7.4500,7.4200,7.4500,775200,5765888.0000,3
2025-09-03,20250903141500000,sh.600864,7.4500,7.4500,7.4100,7.4500,1230400,9155840.0000,3
2025-09-03,20250903142000000,sh.600864,7.4500,7.4500,7.3900,7.3900,1876500,13908512.0000,3
2025-09-03,20250903142500000,sh.600864,7.3900,7.4400,7.3900,7.4100,919800,6814080.0000,3
2025-09-03,20250903143000000,sh.600864,7.4100,7.4300,7.4000,7.4300,714500,5298080.0000,3
2025-09-03,20250903143500000,sh.600864,7.4300,7.4300,7.4100,7.4200,523700,3886400.0000,3
2025-09-03,20250903144000000,sh.600864,7.4300,7.4300,7.3900,7.3900,1198400,8870080.0000,3
2025-09-03,20250903144500000,sh.600864,7.3900,7.3900,7.3500,7.3700,2069200,15233024.0000,3
2025-09-03,20250903145000000,sh.600864,7.3700,7.3700,7.3100,7.3100,3015700,22105088.0000,3
2025-09-03,20250903145500000,sh.600864,7.3100,7.3300,7.3100,7.3200,2941000,21516256.0000,3
2025-09-03,20250903150000000,sh.600864,7.3200,7.3600,7.3200,7.3500,1211500,8892448.0000,3
2025-09-04,20250904093500000,sh.600864,7.3400,7.4100,7.3400,7.4000,3635700,26827786.0000,3
2025-09-04,20250904094000000,sh.600864,7.3900,7.4100,7.3800,7.4000,1706200,12614622.0000,3
2025-09-04,20250904094500000,sh.600864,7.4000,7.4400,7.3800,7.4100,1783800,13228116.0000,3
2025-09-04,20250904095000000,sh.600864,7.4100,7.4100,7.3800,7.3900,1210300,8953084.0000,3
2025-09-04,20250904095500000,sh.600864,7.3900,7.4000,7.3800,7.3900,1211400,8951904.0000,3
2025-09-04,20250904100000000,sh.600864,7.3900,7.4100,7.3800,7.3900,1156700,8557184.0000,3
2025-09-04,20250904100500000,sh.600864,7.3900,7.4100,7.3800,7.4000,676900,5004280.0000,3
2025-09-04,20250904101000000,sh.600864,7.3900,7.4000,7.3800,7.3900,1157900,8559328.0000,3
2025-09-04,20250904101500000,sh.600864,7.3900,7.4200,7.3800,7.4100,1715300,12699536.0000,3
2025-09-04,20250904102000000,sh.600864,7.4000,7.4100,7.3900,7.4000,486900,3605400.0000,3
2025-09-04,20250904102500000,sh.600864,7.4000,7.4000,7.3700,7.3800,828400,6114168.0000,3
2025-09-04,20250904103000000,sh.600864,7.3800,7.4000,7.3700,7.3700,734900,5426368.0000,3
2025-09-04,20250904103500000,sh.600864,7.3700,7.3900,7.3700,7.3700,596000,4398624.0000,3
2025-09-04,20250904104000000,sh.600864,7.3800,7.3900,7.3700,7.3800,1360400,10031760.0000,3
2025-09-04,20250904104500000,sh.600864,7.3800,7.3800,7.3600,7.3700,709800,5233840.0000,3
2025-09-04,20250904105000000,sh.600864,7.3700,7.3800,7.3500,7.3600,622400,4583744.0000,3
2025-09-04,20250904105500000,sh.600864,7.3600,7.3600,7.3200,7.3500,1680300,12326640.0000,3
2025-09-04,20250904110000000,sh.600864,7.3500,7.3900,7.3500,7.3900,504300,3721088.0000,3
2025-09-04,20250904110500000,sh.600864,7.3900,7.4000,7.3800,7.3800,851400,6295328.0000,3
2025-09-04,20250904111000000,sh.600864,7.3900,7.4000,7.3700,7.4000,647500,4782272.0000,3
2025-09-04,20250904111500000,sh.600864,7.4100,7.4100,7.3800,7.3800,650300,4810832.0000,3
2025-09-04,20250904112000000,sh.600864,7.3900,7.3900,7.3700,7.3800,548000,4041296.0000,3
2025-09-04,20250904112500000,sh.600864,7.3800,7.3900,7.3700,7.3800,418300,3086880.0000,3
2025-09-04,20250904113000000,sh.600864,7.3700,7.3800,7.3600,7.3700,548800,4042224.0000,3
2025-09-04,20250904130500000,sh.600864,7.3700,7.4000,7.3600,7.3600,1174100,8664912.0000,3
2025-09-04,20250904131000000,sh.600864,7.3600,7.4900,7.3600,7.4800,3036700,22607744.0000,3
2025-09-04,20250904131500000,sh.600864,7.4800,7.4900,7.4500,7.4800,3473900,25983840.0000,3
2025-09-04,20250904132000000,sh.600864,7.4800,7.4900,7.4400,7.4500,1948500,14552112.0000,3
2025-09-04,20250904132500000,sh.600864,7.4500,7.4600,7.4300,7.4300,1045800,7779504.0000,3
2025-09-04,20250904133000000,sh.600864,7.4400,7.4700,7.4400,7.4500,977200,7287040.0000,3
2025-09-04,20250904133500000,sh.600864,7.4500,7.4500,7.4300,7.4500,435400,3239808.0000,3
2025-09-04,20250904134000000,sh.600864,7.4500,7.4500,7.4300,7.4400,316400,2353440.0000,3
2025-09-04,20250904134500000,sh.600864,7.4400,7.4400,7.4100,7.4300,968000,7183680.0000,3
2025-09-04,20250904135000000,sh.600864,7.4300,7.4500,7.4200,7.4300,973700,7241312.0000,3
2025-09-04,20250904135500000,sh.600864,7.4300,7.4600,7.4300,7.4600,510200,3801216.0000,3
2025-09-04,20250904140000000,sh.600864,7.4600,7.4700,7.4300,7.4400,696500,5194784.0000,3
2025-09-04,20250904140500000,sh.600864,7.4400,7.4400,7.4100,7.4200,807600,5989600.0000,3
2025-09-04,20250904141000000,sh.600864,7.4200,7.4200,7.4000,7.4100,584000,4326432.0000,3
2025-09-04,20250904141500000,sh.600864,7.4100,7.4100,7.3700,7.3800,1329000,9800192.0000,3
2025-09-04,20250904142000000,sh.600864,7.3800,7.3800,7.3600,7.3600,616400,4542528.0000,3
2025-09-04,20250904142500000,sh.600864,7.3700,7.3800,7.3400,7.3500,1046400,7693568.0000,3
2025-09-04,20250904143000000,sh.600864,7.3500,7.3800,7.3300,7.3600,1457500,10709056.0000,3
2025-09-04,20250904143500000,sh.600864,7.3600,7.3700,7.2900,7.3000,1257400,9215232.0000,3
2025-09-04,20250904144000000,sh.600864,7.2900,7.3400,7.2800,7.3400,1921800,14021088.0000,3
2025-09-04,20250904144500000,sh.600864,7.3300,7.3900,7.3300,7.3800,843100,6203680.0000,3
2025-09-04,20250904145000000,sh.600864,7.3800,7.3900,7.3600,7.3800,1278600,9432640.0000,3
2025-09-04,20250904145500000,sh.600864,7.3700,7.4000,7.3700,7.3800,1581700,11681280.0000,3
2025-09-04,20250904150000000,sh.600864,7.3900,7.3900,7.3700,7.3900,1169600,8640992.0000,3
2025-09-05,20250905093500000,sh.600864,7.3700,7.3900,7.3200,7.3300,4109100,30249906.0000,3
2025-09-05,20250905094000000,sh.600864,7.3400,7.3700,7.3200,7.3600,1623300,11920846.0000,3
2025-09-05,20250905094500000,sh.600864,7.3500,7.3600,7.3100,7.3100,1956900,14354820.0000,3
2025-09-05,20250905095000000,sh.600864,7.3200,7.3600,7.3100,7.3300,1227500,9008548.0000,3
2025-09-05,20250905095500000,sh.600864,7.3400,7.3800,7.3300,7.3800,1237700,9087200.0000,3
2025-09-05,20250905100000000,sh.600864,7.3700,7.4000,7.3700,7.4000,1192000,8806176.0000,3
2025-09-05,20250905100500000,sh.600864,7.3800,7.4000,7.3800,7.4000,874500,6464904.0000,3
2025-09-05,20250905101000000,sh.600864,7.3900,7.4000,7.3600,7.3700,729100,5380968.0000,3
2025-09-05,20250905101500000,sh.600864,7.3700,7.3700,7.3500,7.3700,379900,2797560.0000,3
2025-09-05,20250905102000000,sh.600864,7.3700,7.3700,7.3500,7.3500,389800,2868288.0000,3
2025-09-05,20250905102500000,sh.600864,7.3600,7.3600,7.3400,7.3600,724600,5325176.0000,3
2025-09-05,20250905103000000,sh.600864,7.3600,7.3800,7.3600,7.3700,876200,6453448.0000,3
2025-09-05,20250905103500000,sh.600864,7.3700,7.3800,7.3600,7.3700,428600,3159720.0000,3
2025-09-05,20250905104000000,sh.600864,7.3700,7.3800,7.3600,7.3800,611100,4504016.0000,3
2025-09-05,20250905104500000,sh.600864,7.3700,7.3800,7.3600,7.3700,288800,2128752.0000,3
2025-09-05,20250905105000000,sh.600864,7.3700,7.3800,7.3600,7.3700,593900,4378064.0000,3
2025-09-05,20250905105500000,sh.600864,7.3600,7.3800,7.3600,7.3800,712500,5256376.0000,3
2025-09-05,20250905110000000,sh.600864,7.3800,7.4000,7.3700,7.3900,732200,5411312.0000,3
2025-09-05,20250905110500000,sh.600864,7.3800,7.3900,7.3700,7.3800,240400,1774528.0000,3
2025-09-05,20250905111000000,sh.600864,7.3800,7.3900,7.3700,7.3800,350800,2590528.0000,3
2025-09-05,20250905111500000,sh.600864,7.3800,7.3900,7.3700,7.3700,400100,2952528.0000,3
2025-09-05,20250905112000000,sh.600864,7.3800,7.3800,7.3600,7.3600,448700,3305120.0000,3
2025-09-05,20250905112500000,sh.600864,7.3700,7.3800,7.3600,7.3700,489300,3605664.0000,3
2025-09-05,20250905113000000,sh.600864,7.3700,7.3700,7.3500,7.3700,306200,2254320.0000,3
2025-09-05,20250905130500000,sh.600864,7.3700,7.3800,7.3600,7.3700,499300,3680448.0000,3
2025-09-05,20250905131000000,sh.600864,7.3600,7.3800,7.3600,7.3700,377400,2780672.0000,3
2025-09-05,20250905131500000,sh.600864,7.3700,7.3900,7.3600,7.3600,314400,2318928.0000,3
2025-09-05,20250905132000000,sh.600864,7.3600,7.3800,7.3600,7.3700,328300,2419520.0000,3
2025-09-05,20250905132500000,sh.600864,7.3800,7.3800,7.3600,7.3700,261200,1924416.0000,3
2025-09-05,20250905133000000,sh.600864,7.3600,7.3700,7.3600,7.3700,354700,2611776.0000,3
2025-09-05,20250905133500000,sh.600864,7.3700,7.3900,7.3700,7.3800,524400,3869136.0000,3
2025-09-05,20250905134000000,sh.600864,7.3800,7.3800,7.3700,7.3800,222900,1644448.0000,3
2025-09-05,20250905134500000,sh.600864,7.3800,7.3900,7.3700,7.3700,351800,2595648.0000,3
2025-09-05,20250905135000000,sh.600864,7.3800,7.4200,7.3700,7.4200,1134800,8392592.0000,3
2025-09-05,20250905135500000,sh.600864,7.4200,7.4200,7.3900,7.4000,577600,4276496.0000,3
2025-09-05,20250905140000000,sh.600864,7.4000,7.4100,7.4000,7.4100,429800,3183424.0000,3
2025-09-05,20250905140500000,sh.600864,7.4100,7.4400,7.4100,7.4400,1526600,11337872.0000,3
2025-09-05,20250905141000000,sh.600864,7.4400,7.4600,7.4300,7.4500,1077400,8021952.0000,3
2025-09-05,20250905141500000,sh.600864,7.4500,7.4600,7.4400,7.4400,1378300,10262848.0000,3
2025-09-05,20250905142000000,sh.600864,7.4500,7.4700,7.4400,7.4600,972300,7251456.0000,3
2025-09-05,20250905142500000,sh.600864,7.4700,7.4800,7.4500,7.4800,694600,5186400.0000,3
2025-09-05,20250905143000000,sh.600864,7.4800,7.4800,7.4700,7.4800,682800,5106000.0000,3
2025-09-05,20250905143500000,sh.600864,7.4700,7.4900,7.4700,7.4700,1084200,8106096.0000,3
2025-09-05,20250905144000000,sh.600864,7.4800,7.4800,7.4600,7.4700,897100,6697600.0000,3
2025-09-05,20250905144500000,sh.600864,7.4700,7.4800,7.4600,7.4700,1040600,7776848.0000,3
2025-09-05,20250905145000000,sh.600864,7.4800,7.4800,7.4600,7.4700,1140900,8524432.0000,3
2025-09-05,20250905145500000,sh.600864,7.4700,7.4700,7.4600,7.4700,1496400,11168896.0000,3
2025-09-05,20250905150000000,sh.600864,7.4700,7.4800,7.4600,7.4800,1243900,9297088.0000,3
2025-09-08,20250908093500000,sh.600864,7.4500,7.4500,7.3800,7.4100,3522100,26106098.0000,3
2025-09-08,20250908094000000,sh.600864,7.4100,7.4600,7.4100,7.4400,2566400,19089574.0000,3
2025-09-08,20250908094500000,sh.600864,7.4400,7.4500,7.4300,7.4500,2715800,20208876.0000,3
2025-09-08,20250908095000000,sh.600864,7.4400,7.4700,7.4300,7.4300,1319100,9825884.0000,3
2025-09-08,20250908095500000,sh.600864,7.4400,7.4700,7.4200,7.4500,1352600,10073888.0000,3
2025-09-08,20250908100000000,sh.600864,7.4500,7.4800,7.4500,7.4700,941300,7028640.0000,3
2025-09-08,20250908100500000,sh.600864,7.4800,7.4800,7.4500,7.4600,1135400,8478416.0000,3
2025-09-08,20250908101000000,sh.600864,7.4700,7.4700,7.4400,7.4500,996000,7418656.0000,3
2025-09-08,20250908101500000,sh.600864,7.4400,7.4500,7.4400,7.4400,1248300,9292328.0000,3
2025-09-08,20250908102000000,sh.600864,7.4400,7.4500,7.4100,7.4200,1599900,11879864.0000,3
2025-09-08,20250908102500000,sh.600864,7.4200,7.4200,7.4000,7.4200,986400,7310496.0000,3
2025-09-08,20250908103000000,sh.600864,7.4200,7.4300,7.4000,7.4000,910000,6742800.0000,3
2025-09-08,20250908103500000,sh.600864,7.4000,7.4100,7.3900,7.4100,1246100,9219712.0000,3
2025-09-08,20250908104000000,sh.600864,7.4000,7.4100,7.3800,7.3900,919400,6800240.0000,3
2025-09-08,20250908104500000,sh.600864,7.3900,7.4000,7.3800,7.3800,682000,5036464.0000,3
2025-09-08,20250908105000000,sh.600864,7.3800,7.3900,7.3800,7.3800,866300,6394592.0000,3
2025-09-08,20250908105500000,sh.600864,7.3700,7.3900,7.3700,7.3800,922900,6809456.0000,3
2025-09-08,20250908110000000,sh.600864,7.3900,7.4000,7.3800,7.3900,343600,2539472.0000,3
2025-09-08,20250908110500000,sh.600864,7.3900,7.4100,7.3800,7.3800,501900,3711648.0000,3
2025-09-08,20250908111000000,sh.600864,7.3900,7.3900,7.3800,7.3900,346000,2555776.0000,3
2025-09-08,20250908111500000,sh.600864,7.3900,7.4000,7.3800,7.4000,352200,2601552.0000,3
2025-09-08,20250908112000000,sh.600864,7.4000,7.4000,7.3900,7.3900,137200,1014384.0000,3
2025-09-08,20250908112500000,sh.600864,7.4000,7.4200,7.3900,7.4000,366800,2715648.0000,3
2025-09-08,20250908113000000,sh.600864,7.4100,7.4100,7.4000,7.4000,209600,1551616.0000,3
2025-09-08,20250908130500000,sh.600864,7.4100,7.4100,7.3900,7.4000,630400,4665632.0000,3
2025-09-08,20250908131000000,sh.600864,7.4100,7.4100,7.4000,7.4000,177000,1310752.0000,3
2025-09-08,20250908131500000,sh.600864,7.4100,7.4100,7.3900,7.4000,364600,2696800.0000,3
2025-09-08,20250908132000000,sh.600864,7.3900,7.4000,7.3900,7.3900,198800,1469632.0000,3
2025-09-08,20250908132500000,sh.600864,7.4000,7.4000,7.3800,7.3800,397600,2939216.0000,3
2025-09-08,20250908133000000,sh.600864,7.3800,7.4000,7.3800,7.4000,317200,2342656.0000,3
2025-09-08,20250908133500000,sh.600864,7.3900,7.4000,7.3800,7.3900,176200,1301904.0000,3
2025-09-08,20250908134000000,sh.600864,7.3900,7.4100,7.3900,7.3900,321000,2374208.0000,3
2025-09-08,20250908134500000,sh.600864,7.3900,7.4000,7.3900,7.4000,223900,1655936.0000,3
2025-09-08,20250908135000000,sh.600864,7.3900,7.4000,7.3900,7.3900,315200,2332096.0000,3
2025-09-08,20250908135500000,sh.600864,7.3900,7.4000,7.3900,7.4000,156500,1157040.0000,3
2025-09-08,20250908140000000,sh.600864,7.4000,7.4200,7.3900,7.4100,699100,5176048.0000,3
2025-09-08,20250908140500000,sh.600864,7.4100,7.4200,7.4000,7.4100,328200,2431664.0000,3
2025-09-08,20250908141000000,sh.600864,7.4100,7.4200,7.4000,7.4200,272800,2021744.0000,3
2025-09-08,20250908141500000,sh.600864,7.4100,7.4200,7.4000,7.4200,298600,2212528.0000,3
2025-09-08,20250908142000000,sh.600864,7.4100,7.4200,7.4100,7.4200,299200,2219360.0000,3
2025-09-08,20250908142500000,sh.600864,7.4200,7.4200,7.4100,7.4200,162000,1201440.0000,3
2025-09-08,20250908143000000,sh.600864,7.4200,7.4300,7.4100,7.4100,654100,4853808.0000,3
2025-09-08,20250908143500000,sh.600864,7.4200,7.4300,7.4100,7.4200,558300,4144544.0000,3
2025-09-08,20250908144000000,sh.600864,7.4200,7.4500,7.4200,7.4200,794100,5904352.0000,3
2025-09-08,20250908144500000,sh.600864,7.4300,7.4400,7.4200,7.4300,308100,2288672.0000,3
2025-09-08,20250908145000000,sh.600864,7.4300,7.4600,7.4200,7.4500,1894900,14097152.0000,3
2025-09-08,20250908145500000,sh.600864,7.4500,7.4600,7.4400,7.4600,1697800,12648992.0000,3
2025-09-08,20250908150000000,sh.600864,7.4600,7.4600,7.4400,7.4400,1358000,10109248.0000,3
2025-09-09,20250909093500000,sh.600864,7.4700,7.5800,7.4600,7.5400,9195500,69289232.0000,3
2025-09-09,20250909094000000,sh.600864,7.5400,7.5400,7.4600,7.4700,3316700,24921992.0000,3
2025-09-09,20250909094500000,sh.600864,7.4800,7.5000,7.4700,7.4800,1532700,11475712.0000,3
2025-09-09,20250909095000000,sh.600864,7.4800,7.5000,7.4800,7.4900,1063000,7958328.0000,3
2025-09-09,20250909095500000,sh.600864,7.4800,7.5400,7.4800,7.5300,1813500,13611824.0000,3
2025-09-09,20250909100000000,sh.600864,7.5300,7.5300,7.5100,7.5200,1296700,9757760.0000,3
2025-09-09,20250909100500000,sh.600864,7.5200,7.5300,7.5100,7.5200,894300,6725120.0000,3
2025-09-09,20250909101000000,sh.600864,7.5100,7.5500,7.5100,7.5400,1997700,15038960.0000,3
2025-09-09,20250909101500000,sh.600864,7.5400,7.5400,7.5300,7.5300,825800,6223504.0000,3
2025-09-09,20250909102000000,sh.600864,7.5300,7.5400,7.5000,7.5000,1279600,9626160.0000,3
2025-09-09,20250909102500000,sh.600864,7.5000,7.5100,7.4900,7.5000,801200,6007168.0000,3
2025-09-09,20250909103000000,sh.600864,7.5000,7.5100,7.4900,7.5100,426500,3198080.0000,3
2025-09-09,20250909103500000,sh.600864,7.5100,7.5100,7.5000,7.5100,205700,1543632.0000,3
2025-09-09,20250909104000000,sh.600864,7.5100,7.5400,7.5000,7.5400,949400,7143440.0000,3
2025-09-09,20250909104500000,sh.600864,7.5400,7.5500,7.5300,7.5500,1560300,11763760.0000,3
2025-09-09,20250909105000000,sh.600864,7.5500,7.5500,7.5300,7.5400,1366100,10303232.0000,3
2025-09-09,20250909105500000,sh.600864,7.5300,7.5400,7.5000,7.5000,949000,7134576.0000,3
2025-09-09,20250909110000000,sh.600864,7.5000,7.5300,7.5000,7.5300,670500,5038864.0000,3
2025-09-09,20250909110500000,sh.600864,7.5300,7.5300,7.5100,7.5300,809300,6089328.0000,3
2025-09-09,20250909111000000,sh.600864,7.5200,7.5300,7.5100,7.5100,401900,3024336.0000,3
2025-09-09,20250909111500000,sh.600864,7.5100,7.5200,7.4800,7.4800,1074400,8054400.0000,3
2025-09-09,20250909112000000,sh.600864,7.4900,7.5000,7.4700,7.4800,659900,4938496.0000,3
2025-09-09,20250909112500000,sh.600864,7.4700,7.4800,7.4700,7.4700,884300,6609696.0000,3
2025-09-09,20250909113000000,sh.600864,7.4700,7.4700,7.4600,7.4700,440800,3290288.0000,3
2025-09-09,20250909130500000,sh.600864,7.4700,7.4700,7.4500,7.4600,1289400,9615568.0000,3
2025-09-09,20250909131000000,sh.600864,7.4500,7.4700,7.4500,7.4600,398300,2971040.0000,3
2025-09-09,20250909131500000,sh.600864,7.4600,7.4600,7.4300,7.4400,1031800,7681632.0000,3
2025-09-09,20250909132000000,sh.600864,7.4400,7.4400,7.4300,7.4400,533100,3963616.0000,3
2025-09-09,20250909132500000,sh.600864,7.4400,7.4500,7.4300,7.4400,923100,6870016.0000,3
2025-09-09,20250909133000000,sh.600864,7.4400,7.4500,7.4300,7.4500,378000,2811552.0000,3
2025-09-09,20250909133500000,sh.600864,7.4500,7.4600,7.4300,7.4400,812000,6040928.0000,3
2025-09-09,20250909134000000,sh.600864,7.4300,7.4500,7.4300,7.4400,550100,4091648.0000,3
2025-09-09,20250909134500000,sh.600864,7.4500,7.4700,7.4400,7.4500,519200,3869376.0000,3
2025-09-09,20250909135000000,sh.600864,7.4500,7.4500,7.4400,7.4500,255200,1899936.0000,3
2025-09-09,20250909135500000,sh.600864,7.4500,7.4800,7.4400,7.4800,420500,3136800.0000,3
2025-09-09,20250909140000000,sh.600864,7.4800,7.4800,7.4400,7.4400,590800,4408256.0000,3
2025-09-09,20250909140500000,sh.600864,7.4400,7.4600,7.4300,7.4500,505100,3758688.0000,3
2025-09-09,20250909141000000,sh.600864,7.4600,7.4600,7.4400,7.4500,393200,2929152.0000,3
2025-09-09,20250909141500000,sh.600864,7.4600,7.4700,7.4500,7.4700,277600,2071456.0000,3
2025-09-09,20250909142000000,sh.600864,7.4700,7.4700,7.4500,7.4600,490700,3660096.0000,3
2025-09-09,20250909142500000,sh.600864,7.4600,7.4600,7.4400,7.4600,640000,4766496.0000,3
2025-09-09,20250909143000000,sh.600864,7.4500,7.4600,7.4400,7.4500,658900,4908672.0000,3
2025-09-09,20250909143500000,sh.600864,7.4500,7.4500,7.4400,7.4500,279300,2078880.0000,3
2025-09-09,20250909144000000,sh.600864,7.4400,7.4600,7.4400,7.4600,486900,3628640.0000,3
2025-09-09,20250909144500000,sh.600864,7.4600,7.4700,7.4500,7.4600,826700,6166944.0000,3
2025-09-09,20250909145000000,sh.600864,7.4600,7.4600,7.4500,7.4600,757600,5649792.0000,3
2025-09-09,20250909145500000,sh.600864,7.4600,7.4600,7.4500,7.4600,1206700,8995648.0000,3
2025-09-09,20250909150000000,sh.600864,7.4600,7.4700,7.4500,7.4600,1100700,8212320.0000,3
2025-09-10,20250910093500000,sh.600864,7.4100,7.4400,7.3800,7.4200,2666900,19750870.0000,3
2025-09-10,20250910094000000,sh.600864,7.4200,7.4400,7.4100,7.4400,942900,6998208.0000,3
2025-09-10,20250910094500000,sh.600864,7.4400,7.4700,7.4300,7.4600,1461300,10894566.0000,3
2025-09-10,20250910095000000,sh.600864,7.4600,7.4600,7.4400,7.4500,1659200,12360312.0000,3
2025-09-10,20250910095500000,sh.600864,7.4600,7.4700,7.4300,7.4400,1339700,9977868.0000,3
2025-09-10,20250910100000000,sh.600864,7.4400,7.4500,7.4300,7.4300,1110900,8266800.0000,3
2025-09-10,20250910100500000,sh.600864,7.4400,7.4400,7.4200,7.4300,595300,4421400.0000,3
2025-09-10,20250910101000000,sh.600864,7.4300,7.4400,7.4200,7.4300,1201600,8922920.0000,3
2025-09-10,20250910101500000,sh.600864,7.4400,7.4400,7.4300,7.4400,402000,2988608.0000,3
2025-09-10,20250910102000000,sh.600864,7.4300,7.4400,7.4000,7.4000,1465600,10868648.0000,3
2025-09-10,20250910102500000,sh.600864,7.4000,7.4300,7.3900,7.3900,1465800,10857816.0000,3
2025-09-10,20250910103000000,sh.600864,7.4000,7.4100,7.3900,7.4000,739400,5471008.0000,3
2025-09-10,20250910103500000,sh.600864,7.4000,7.4100,7.3900,7.3900,583600,4317368.0000,3
2025-09-10,20250910104000000,sh.600864,7.4000,7.4000,7.3700,7.3800,972500,7179416.0000,3
2025-09-10,20250910104500000,sh.600864,7.3800,7.3900,7.3600,7.3700,1237200,9117008.0000,3
2025-09-10,20250910105000000,sh.600864,7.3700,7.3800,7.3600,7.3800,822100,6061360.0000,3
2025-09-10,20250910105500000,sh.600864,7.3700,7.3900,7.3600,7.3800,667700,4924000.0000,3
2025-09-10,20250910110000000,sh.600864,7.3800,7.3900,7.3700,7.3800,257500,1900368.0000,3
2025-09-10,20250910110500000,sh.600864,7.3800,7.3900,7.3600,7.3900,494000,3641728.0000,3
2025-09-10,20250910111000000,sh.600864,7.3800,7.4000,7.3700,7.4000,355700,2627904.0000,3
2025-09-10,20250910111500000,sh.600864,7.4000,7.4000,7.3900,7.4000,221700,1639040.0000,3
2025-09-10,20250910112000000,sh.600864,7.4000,7.4100,7.3900,7.4000,255400,1889568.0000,3
2025-09-10,20250910112500000,sh.600864,7.4000,7.4100,7.3900,7.3900,591100,4373104.0000,3
2025-09-10,20250910113000000,sh.600864,7.4000,7.4100,7.3900,7.4100,379900,2809728.0000,3
2025-09-10,20250910130500000,sh.600864,7.4100,7.4100,7.3800,7.3900,962000,7109760.0000,3
2025-09-10,20250910131000000,sh.600864,7.3900,7.4200,7.3900,7.4100,507800,3760976.0000,3
2025-09-10,20250910131500000,sh.600864,7.4100,7.4200,7.4100,7.4100,370100,2744992.0000,3
2025-09-10,20250910132000000,sh.600864,7.4100,7.4300,7.4000,7.4000,424900,3151568.0000,3
2025-09-10,20250910132500000,sh.600864,7.4000,7.4100,7.4000,7.4000,290200,2148576.0000,3
2025-09-10,20250910133000000,sh.600864,7.4000,7.4200,7.4000,7.4100,397600,2946224.0000,3
2025-09-10,20250910133500000,sh.600864,7.4200,7.4200,7.4100,7.4100,233900,1734800.0000,3
2025-09-10,20250910134000000,sh.600864,7.4100,7.4200,7.4000,7.4100,293000,2171104.0000,3
2025-09-10,20250910134500000,sh.600864,7.4100,7.4200,7.4000,7.4000,287600,2130768.0000,3
2025-09-10,20250910135000000,sh.600864,7.4100,7.4100,7.3900,7.4000,161000,1191152.0000,3
2025-09-10,20250910135500000,sh.600864,7.4000,7.4200,7.4000,7.4100,196200,1453728.0000,3
2025-09-10,20250910140000000,sh.600864,7.4100,7.4200,7.4000,7.4200,424700,3147888.0000,3
2025-09-10,20250910140500000,sh.600864,7.4200,7.4300,7.4100,7.4300,362200,2688192.0000,3
2025-09-10,20250910141000000,sh.600864,7.4300,7.4700,7.4300,7.4500,1143200,8515360.0000,3
2025-09-10,20250910141500000,sh.600864,7.4300,7.4500,7.4200,7.4400,472800,3514672.0000,3
2025-09-10,20250910142000000,sh.600864,7.4500,7.4500,7.4300,7.4300,357500,2659632.0000,3
2025-09-10,20250910142500000,sh.600864,7.4400,7.4400,7.4200,7.4300,395200,2936816.0000,3
2025-09-10,20250910143000000,sh.600864,7.4300,7.4400,7.4300,7.4300,313600,2331264.0000,3
2025-09-10,20250910143500000,sh.600864,7.4200,7.4300,7.4000,7.4200,694100,5146560.0000,3
2025-09-10,20250910144000000,sh.600864,7.4200,7.4300,7.4100,7.4100,303300,2249424.0000,3
2025-09-10,20250910144500000,sh.600864,7.4100,7.4200,7.4000,7.4200,747700,5540144.0000,3
2025-09-10,20250910145000000,sh.600864,7.4100,7.4200,7.4100,7.4100,344600,2555376.0000,3
2025-09-10,20250910145500000,sh.600864,7.4200,7.4200,7.4100,7.4100,827300,6131408.0000,3
2025-09-10,20250910150000000,sh.600864,7.4100,7.4300,7.4100,7.4300,884000,6562512.0000,3
2025-09-11,20250911093500000,sh.600864,7.3900,7.4000,7.3600,7.3800,1355300,10002116.0000,3
2025-09-11,20250911094000000,sh.600864,7.3900,7.4000,7.3600,7.3900,1740900,12845740.0000,3
2025-09-11,20250911094500000,sh.600864,7.4000,7.4400,7.3900,7.4400,1563900,11600736.0000,3
2025-09-11,20250911095000000,sh.600864,7.4300,7.4400,7.4200,7.4300,935100,6950460.0000,3
2025-09-11,20250911095500000,sh.600864,7.4300,7.4300,7.4100,7.4100,487500,3616412.0000,3
2025-09-11,20250911100000000,sh.600864,7.4200,7.4200,7.4000,7.4100,378400,2804496.0000,3
2025-09-11,20250911100500000,sh.600864,7.4100,7.4400,7.4100,7.4200,801500,5952288.0000,3
2025-09-11,20250911101000000,sh.600864,7.4300,7.4300,7.4100,7.4200,1160000,8599416.0000,3
2025-09-11,20250911101500000,sh.600864,7.4200,7.4300,7.4100,7.4200,983600,7298384.0000,3
2025-09-11,20250911102000000,sh.600864,7.4100,7.4300,7.4000,7.4000,1143200,8472936.0000,3
2025-09-11,20250911102500000,sh.600864,7.4100,7.4200,7.4000,7.4100,467500,3464240.0000,3
2025-09-11,20250911103000000,sh.600864,7.4100,7.4300,7.4100,7.4300,681600,5056712.0000,3
2025-09-11,20250911103500000,sh.600864,7.4300,7.4400,7.4300,7.4400,731400,5435616.0000,3
2025-09-11,20250911104000000,sh.600864,7.4300,7.4400,7.4300,7.4400,544000,4042968.0000,3
2025-09-11,20250911104500000,sh.600864,7.4400,7.4400,7.4200,7.4400,1171200,8701800.0000,3
2025-09-11,20250911105000000,sh.600864,7.4400,7.4500,7.4300,7.4400,1469700,10943624.0000,3
2025-09-11,20250911105500000,sh.600864,7.4500,7.4600,7.4400,7.4600,1207100,8997352.0000,3
2025-09-11,20250911110000000,sh.600864,7.4600,7.4800,7.4600,7.4700,1372200,10253936.0000,3
2025-09-11,20250911110500000,sh.600864,7.4800,7.5200,7.4800,7.5200,3069900,23038896.0000,3
2025-09-11,20250911111000000,sh.600864,7.5200,7.5200,7.4900,7.5000,2045200,15359392.0000,3
2025-09-11,20250911111500000,sh.600864,7.5000,7.5400,7.5000,7.5300,2079500,15646576.0000,3
2025-09-11,20250911112000000,sh.600864,7.5200,7.5300,7.5000,7.5300,1715400,12890704.0000,3
2025-09-11,20250911112500000,sh.600864,7.5300,7.5700,7.5200,7.5600,2698500,20373808.0000,3
2025-09-11,20250911113000000,sh.600864,7.5700,7.6300,7.5600,7.6300,4093500,31076768.0000,3
2025-09-11,20250911130500000,sh.600864,7.6400,7.6700,7.6000,7.6000,6613600,50459616.0000,3
2025-09-11,20250911131000000,sh.600864,7.5900,7.6300,7.5900,7.6000,1722600,13108640.0000,3
2025-09-11,20250911131500000,sh.600864,7.6000,7.6100,7.5700,7.5800,1296700,9832704.0000,3
2025-09-11,20250911132000000,sh.600864,7.5800,7.6000,7.5600,7.5600,1402000,10622816.0000,3
2025-09-11,20250911132500000,sh.600864,7.5700,7.5900,7.5600,7.5900,680800,5157376.0000,3
2025-09-11,20250911133000000,sh.600864,7.5900,7.6000,7.5700,7.6000,886200,6727584.0000,3
2025-09-11,20250911133500000,sh.600864,7.6000,7.6000,7.5800,7.5900,841600,6388672.0000,3
2025-09-11,20250911134000000,sh.600864,7.6000,7.6000,7.5800,7.5900,824900,6262624.0000,3
2025-09-11,20250911134500000,sh.600864,7.5900,7.5900,7.5600,7.5800,1068800,8095808.0000,3
2025-09-11,20250911135000000,sh.600864,7.5800,7.5900,7.5700,7.5800,542700,4113408.0000,3
2025-09-11,20250911135500000,sh.600864,7.5800,7.5900,7.5700,7.5800,169300,1282944.0000,3
2025-09-11,20250911140000000,sh.600864,7.5700,7.5900,7.5700,7.5900,869800,6594176.0000,3
2025-09-11,20250911140500000,sh.600864,7.5900,7.6000,7.5800,7.6000,391800,2975072.0000,3
2025-09-11,20250911141000000,sh.600864,7.6000,7.6000,7.5700,7.6000,1402000,10632544.0000,3
2025-09-11,20250911141500000,sh.600864,7.6000,7.6000,7.5900,7.6000,500700,3802336.0000,3
2025-09-11,20250911142000000,sh.600864,7.5900,7.6100,7.5900,7.6000,1100600,8369280.0000,3
2025-09-11,20250911142500000,sh.600864,7.6100,7.6200,7.6000,7.6100,682700,5195232.0000,3
2025-09-11,20250911143000000,sh.600864,7.6200,7.6300,7.6100,7.6200,1235400,9414752.0000,3
2025-09-11,20250911143500000,sh.600864,7.6300,7.6300,7.6200,7.6200,565100,4308128.0000,3
2025-09-11,20250911144000000,sh.600864,7.6300,7.6400,7.6200,7.6400,1675500,12792736.0000,3
2025-09-11,20250911144500000,sh.600864,7.6400,7.6400,7.6200,7.6200,1101500,8401856.0000,3
2025-09-11,20250911145000000,sh.600864,7.6300,7.6500,7.6200,7.6400,2756400,21049984.0000,3
2025-09-11,20250911145500000,sh.600864,7.6400,7.6500,7.6200,7.6300,2573100,19634080.0000,3
2025-09-11,20250911150000000,sh.600864,7.6300,7.6500,7.6200,7.6500,1856800,14186496.0000,3
2025-09-12,20250912093500000,sh.600864,7.6100,7.6300,7.5700,7.6200,3914800,29738864.0000,3
2025-09-12,20250912094000000,sh.600864,7.6100,7.6300,7.6100,7.6200,2572400,19591012.0000,3
2025-09-12,20250912094500000,sh.600864,7.6100,7.6300,7.6000,7.6000,1902700,14487992.0000,3
2025-09-12,20250912095000000,sh.600864,7.6000,7.6100,7.5600,7.5600,3426500,25980628.0000,3
2025-09-12,20250912095500000,sh.600864,7.5600,7.5700,7.5400,7.5400,2191900,16560896.0000,3
2025-09-12,20250912100000000,sh.600864,7.5400,7.5700,7.5400,7.5600,1904300,14389472.0000,3
2025-09-12,20250912100500000,sh.600864,7.5600,7.5800,7.5500,7.5700,1521500,11510448.0000,3
2025-09-12,20250912101000000,sh.600864,7.5700,7.5900,7.5600,7.5800,1248100,9453728.0000,3
2025-09-12,20250912101500000,sh.600864,7.5900,7.5900,7.5700,7.5700,1102200,8355488.0000,3
2025-09-12,20250912102000000,sh.600864,7.5700,7.5900,7.5600,7.5900,972600,7367008.0000,3
2025-09-12,20250912102500000,sh.600864,7.5800,7.6000,7.5800,7.5800,864900,6565200.0000,3
2025-09-12,20250912103000000,sh.600864,7.5800,7.6100,7.5800,7.6000,738100,5606640.0000,3
2025-09-12,20250912103500000,sh.600864,7.6100,7.6100,7.5800,7.6000,572200,4345312.0000,3
2025-09-12,20250912104000000,sh.600864,7.5900,7.6000,7.5800,7.5800,904900,6867616.0000,3
2025-09-12,20250912104500000,sh.600864,7.5800,7.5900,7.5700,7.5800,626000,4745776.0000,3
2025-09-12,20250912105000000,sh.600864,7.5700,7.5800,7.5700,7.5800,785000,5944480.0000,3
2025-09-12,20250912105500000,sh.600864,7.5700,7.5800,7.5600,7.5600,614500,4649648.0000,3
2025-09-12,20250912110000000,sh.600864,7.5600,7.5700,7.5500,7.5500,677200,5118112.0000,3
2025-09-12,20250912110500000,sh.600864,7.5500,7.5700,7.5400,7.5600,1514600,11439616.0000,3
2025-09-12,20250912111000000,sh.600864,7.5600,7.5700,7.5500,7.5700,402000,3037936.0000,3
2025-09-12,20250912111500000,sh.600864,7.5600,7.5800,7.5600,7.5600,549400,4157280.0000,3
2025-09-12,20250912112000000,sh.600864,7.5700,7.5700,7.5500,7.5600,377900,2857920.0000,3
2025-09-12,20250912112500000,sh.600864,7.5600,7.5700,7.5500,7.5700,380600,2878032.0000,3
2025-09-12,20250912113000000,sh.600864,7.5700,7.5800,7.5600,7.5700,531000,4021920.0000,3
2025-09-12,20250912130500000,sh.600864,7.5700,7.5700,7.5500,7.5700,562100,4249488.0000,3
2025-09-12,20250912131000000,sh.600864,7.5600,7.5700,7.5600,7.5600,553500,4187648.0000,3
2025-09-12,20250912131500000,sh.600864,7.5700,7.5700,7.5600,7.5700,479300,3625792.0000,3
2025-09-12,20250912132000000,sh.600864,7.5600,7.5700,7.5600,7.5700,345500,2614672.0000,3
2025-09-12,20250912132500000,sh.600864,7.5600,7.5700,7.5500,7.5600,584400,4418000.0000,3
2025-09-12,20250912133000000,sh.600864,7.5500,7.5800,7.5500,7.5600,696500,5269408.0000,3
2025-09-12,20250912133500000,sh.600864,7.5600,7.5700,7.5500,7.5500,633700,4788416.0000,3
2025-09-12,20250912134000000,sh.600864,7.5500,7.5600,7.5500,7.5600,664700,5023360.0000,3
2025-09-12,20250912134500000,sh.600864,7.5600,7.5700,7.5500,7.5500,848500,6414304.0000,3
2025-09-12,20250912135000000,sh.600864,7.5600,7.5600,7.5500,7.5500,279900,2115040.0000,3
2025-09-12,20250912135500000,sh.600864,7.5600,7.5700,7.5500,7.5500,941900,7121728.0000,3
2025-09-12,20250912140000000,sh.600864,7.5600,7.5600,7.5500,7.5600,598200,4518496.0000,3
2025-09-12,20250912140500000,sh.600864,7.5400,7.5500,7.5300,7.5400,1896300,14303360.0000,3
2025-09-12,20250912141000000,sh.600864,7.5400,7.5500,7.5300,7.5400,693200,5227680.0000,3
2025-09-12,20250912141500000,sh.600864,7.5300,7.5400,7.5300,7.5300,326200,2456992.0000,3
2025-09-12,20250912142000000,sh.600864,7.5300,7.5400,7.5200,7.5300,752200,5664768.0000,3
2025-09-12,20250912142500000,sh.600864,7.5300,7.5400,7.5200,7.5300,780200,5872800.0000,3
2025-09-12,20250912143000000,sh.600864,7.5300,7.5400,7.5200,7.5200,569900,4291232.0000,3
2025-09-12,20250912143500000,sh.600864,7.5300,7.5300,7.5200,7.5300,596500,4489472.0000,3
2025-09-12,20250912144000000,sh.600864,7.5300,7.5300,7.5200,7.5200,676400,5091072.0000,3
2025-09-12,20250912144500000,sh.600864,7.5200,7.5300,7.5100,7.5100,1320900,9932736.0000,3
2025-09-12,20250912145000000,sh.600864,7.5100,7.5200,7.5000,7.5200,1341700,10078400.0000,3
2025-09-12,20250912145500000,sh.600864,7.5100,7.5300,7.5100,7.5100,1003900,7546048.0000,3
2025-09-12,20250912150000000,sh.600864,7.5100,7.5200,7.5100,7.5200,467000,3509920.0000,3
2025-09-15,20250915093500000,sh.600864,7.4900,7.5400,7.4800,7.5200,2634600,19770564.0000,3
2025-09-15,20250915094000000,sh.600864,7.5200,7.5500,7.5200,7.5200,2414300,18180780.0000,3
2025-09-15,20250915094500000,sh.600864,7.5200,7.5300,7.4900,7.5100,1498700,11246032.0000,3
2025-09-15,20250915095000000,sh.600864,7.5100,7.5100,7.4700,7.4800,2005900,15022048.0000,3
2025-09-15,20250915095500000,sh.600864,7.4800,7.4900,7.4700,7.4700,1244500,9306224.0000,3
2025-09-15,20250915100000000,sh.600864,7.4700,7.4800,7.4700,7.4800,1046700,7822448.0000,3
2025-09-15,20250915100500000,sh.600864,7.4700,7.4800,7.4500,7.4500,1384200,10328544.0000,3
2025-09-15,20250915101000000,sh.600864,7.4500,7.4800,7.4500,7.4800,1011000,7550304.0000,3
2025-09-15,20250915101500000,sh.600864,7.4800,7.4800,7.4600,7.4600,1085700,8104280.0000,3
2025-09-15,20250915102000000,sh.600864,7.4600,7.4700,7.4500,7.4700,752900,5616104.0000,3
2025-09-15,20250915102500000,sh.600864,7.4600,7.4700,7.4400,7.4400,1825800,13605136.0000,3
2025-09-15,20250915103000000,sh.600864,7.4500,7.4700,7.4400,7.4600,1126300,8396736.0000,3
2025-09-15,20250915103500000,sh.600864,7.4600,7.4900,7.4500,7.4800,1244400,9300752.0000,3
2025-09-15,20250915104000000,sh.600864,7.4900,7.5000,7.4700,7.4700,644800,4825984.0000,3
2025-09-15,20250915104500000,sh.600864,7.4800,7.4800,7.4700,7.4700,330000,2466768.0000,3
2025-09-15,20250915105000000,sh.600864,7.4700,7.4800,7.4600,7.4600,394300,2944784.0000,3
2025-09-15,20250915105500000,sh.600864,7.4700,7.4800,7.4600,7.4700,388500,2902288.0000,3
2025-09-15,20250915110000000,sh.600864,7.4700,7.4800,7.4500,7.4600,760500,5676000.0000,3
2025-09-15,20250915110500000,sh.600864,7.4700,7.4700,7.4500,7.4500,312800,2332848.0000,3
2025-09-15,20250915111000000,sh.600864,7.4600,7.4600,7.4500,7.4600,445700,3323120.0000,3
2025-09-15,20250915111500000,sh.600864,7.4500,7.4600,7.4500,7.4600,208800,1556192.0000,3
2025-09-15,20250915112000000,sh.600864,7.4500,7.4600,7.4500,7.4600,235900,1758400.0000,3
2025-09-15,20250915112500000,sh.600864,7.4500,7.4600,7.4400,7.4600,966700,7202576.0000,3
2025-09-15,20250915113000000,sh.600864,7.4500,7.4700,7.4500,7.4700,449500,3353120.0000,3
2025-09-15,20250915130500000,sh.600864,7.4700,7.4700,7.4500,7.4600,1074700,8018864.0000,3
2025-09-15,20250915131000000,sh.600864,7.4600,7.4700,7.4600,7.4600,264000,1969696.0000,3
2025-09-15,20250915131500000,sh.600864,7.4700,7.4700,7.4500,7.4600,439400,3277552.0000,3
2025-09-15,20250915132000000,sh.600864,7.4500,7.4600,7.4400,7.4500,1146100,8534432.0000,3
2025-09-15,20250915132500000,sh.600864,7.4400,7.4500,7.4300,7.4300,763400,5680592.0000,3
2025-09-15,20250915133000000,sh.600864,7.4400,7.4500,7.4300,7.4400,553000,4114128.0000,3
2025-09-15,20250915133500000,sh.600864,7.4400,7.4500,7.4300,7.4400,256400,1906992.0000,3
2025-09-15,20250915134000000,sh.600864,7.4400,7.4400,7.4200,7.4300,772400,5738560.0000,3
2025-09-15,20250915134500000,sh.600864,7.4300,7.4400,7.4200,7.4300,1111700,8257056.0000,3
2025-09-15,20250915135000000,sh.600864,7.4300,7.4300,7.4200,7.4300,315800,2344752.0000,3
2025-09-15,20250915135500000,sh.600864,7.4200,7.4300,7.4200,7.4200,555200,4124096.0000,3
2025-09-15,20250915140000000,sh.600864,7.4200,7.4300,7.4200,7.4300,1033300,7669264.0000,3
2025-09-15,20250915140500000,sh.600864,7.4200,7.4300,7.4000,7.4000,1729100,12821440.0000,3
2025-09-15,20250915141000000,sh.600864,7.4100,7.4200,7.4000,7.4100,893600,6620112.0000,3
2025-09-15,20250915141500000,sh.600864,7.4100,7.4100,7.4000,7.4100,394200,2920000.0000,3
2025-09-15,20250915142000000,sh.600864,7.4100,7.4100,7.4000,7.4100,928000,6869728.0000,3
2025-09-15,20250915142500000,sh.600864,7.4100,7.4100,7.3900,7.4000,943400,6982688.0000,3
2025-09-15,20250915143000000,sh.600864,7.4000,7.4000,7.3800,7.3800,1113600,8230336.0000,3
2025-09-15,20250915143500000,sh.600864,7.3900,7.4000,7.3800,7.4000,972400,7188160.0000,3
2025-09-15,20250915144000000,sh.600864,7.4000,7.4000,7.3800,7.3900,843700,6237312.0000,3
2025-09-15,20250915144500000,sh.600864,7.3800,7.3900,7.3800,7.3800,647300,4781472.0000,3
2025-09-15,20250915145000000,sh.600864,7.3900,7.3900,7.3800,7.3800,1075900,7942720.0000,3
2025-09-15,20250915145500000,sh.600864,7.3800,7.4000,7.3800,7.3900,2267900,16756768.0000,3
2025-09-15,20250915150000000,sh.600864,7.4000,7.4000,7.3900,7.4000,708400,5237152.0000,3
2025-09-16,20250916093500000,sh.600864,7.4000,7.4100,7.3700,7.4000,1866400,13795497.0000,3
2025-09-16,20250916094000000,sh.600864,7.4000,7.4300,7.3900,7.4200,1310100,9708779.0000,3
2025-09-16,20250916094500000,sh.600864,7.4300,7.4300,7.3700,7.3800,1986200,14691516.0000,3
2025-09-16,20250916095000000,sh.600864,7.3800,7.4000,7.3800,7.3800,942900,6968500.0000,3
2025-09-16,20250916095500000,sh.600864,7.3900,7.4000,7.3800,7.3900,921900,6813604.0000,3
2025-09-16,20250916100000000,sh.600864,7.3900,7.3900,7.3600,7.3800,1895400,13977420.0000,3
2025-09-16,20250916100500000,sh.600864,7.3800,7.3900,7.3700,7.3800,727500,5367856.0000,3
2025-09-16,20250916101000000,sh.600864,7.3800,7.3900,7.3700,7.3800,955300,7050112.0000,3
2025-09-16,20250916101500000,sh.600864,7.3800,7.3900,7.3700,7.3700,680900,5023488.0000,3
2025-09-16,20250916102000000,sh.600864,7.3700,7.3800,7.3600,7.3700,711400,5240720.0000,3
2025-09-16,20250916102500000,sh.600864,7.3600,7.3700,7.3600,7.3600,671900,4947440.0000,3
2025-09-16,20250916103000000,sh.600864,7.3600,7.3700,7.3500,7.3600,1750300,12881176.0000,3
2025-09-16,20250916103500000,sh.600864,7.3600,7.3700,7.3300,7.3400,1749400,12850032.0000,3
2025-09-16,20250916104000000,sh.600864,7.3400,7.3400,7.3100,7.3100,1839900,13474592.0000,3
2025-09-16,20250916104500000,sh.600864,7.3100,7.3400,7.3100,7.3300,1370800,10038984.0000,3
2025-09-16,20250916105000000,sh.600864,7.3300,7.3500,7.3200,7.3500,1187300,8708592.0000,3
2025-09-16,20250916105500000,sh.600864,7.3500,7.3600,7.3300,7.3400,793700,5829136.0000,3
2025-09-16,20250916110000000,sh.600864,7.3300,7.3400,7.3200,7.3300,502300,3679216.0000,3
2025-09-16,20250916110500000,sh.600864,7.3200,7.3500,7.3200,7.3500,372700,2732848.0000,3
2025-09-16,20250916111000000,sh.600864,7.3400,7.3500,7.3400,7.3500,748500,5494464.0000,3
2025-09-16,20250916111500000,sh.600864,7.3500,7.3600,7.3400,7.3500,356200,2617728.0000,3
2025-09-16,20250916112000000,sh.600864,7.3500,7.3800,7.3500,7.3800,650100,4785136.0000,3
2025-09-16,20250916112500000,sh.600864,7.3800,7.4100,7.3700,7.4100,745400,5509904.0000,3
2025-09-16,20250916113000000,sh.600864,7.4100,7.4300,7.4000,7.4100,1359300,10085824.0000,3
2025-09-16,20250916130500000,sh.600864,7.4000,7.4100,7.3900,7.4000,804000,5946512.0000,3
2025-09-16,20250916131000000,sh.600864,7.4000,7.4200,7.4000,7.4000,570500,4227376.0000,3
2025-09-16,20250916131500000,sh.600864,7.4100,7.4300,7.4000,7.4300,892100,6616864.0000,3
2025-09-16,20250916132000000,sh.600864,7.4300,7.4400,7.4100,7.4100,934700,6938432.0000,3
2025-09-16,20250916132500000,sh.600864,7.4100,7.4300,7.4000,7.4300,672600,4987344.0000,3
2025-09-16,20250916133000000,sh.600864,7.4200,7.4200,7.4100,7.4100,93400,692800.0000,3
2025-09-16,20250916133500000,sh.600864,7.4100,7.4300,7.4000,7.4200,649000,4812176.0000,3
2025-09-16,20250916134000000,sh.600864,7.4200,7.4300,7.4100,7.4200,295300,2191760.0000,3
2025-09-16,20250916134500000,sh.600864,7.4200,7.4300,7.4100,7.4200,301700,2238192.0000,3
2025-09-16,20250916135000000,sh.600864,7.4100,7.4200,7.4100,7.4200,119200,883744.0000,3
2025-09-16,20250916135500000,sh.600864,7.4100,7.4200,7.4100,7.4200,224800,1667072.0000,3
2025-09-16,20250916140000000,sh.600864,7.4100,7.4500,7.4000,7.4400,1474500,10948400.0000,3
2025-09-16,20250916140500000,sh.600864,7.4500,7.4800,7.4500,7.4700,2385500,17805408.0000,3
2025-09-16,20250916141000000,sh.600864,7.4700,7.4700,7.4500,7.4500,1141200,8516208.0000,3
2025-09-16,20250916141500000,sh.600864,7.4500,7.4600,7.4400,7.4500,818600,6098272.0000,3
2025-09-16,20250916142000000,sh.600864,7.4500,7.4600,7.4400,7.4400,427600,3185088.0000,3
2025-09-16,20250916142500000,sh.600864,7.4500,7.4500,7.4300,7.4300,427500,3180224.0000,3
2025-09-16,20250916143000000,sh.600864,7.4300,7.4400,7.4200,7.4200,596000,4428000.0000,3
2025-09-16,20250916143500000,sh.600864,7.4200,7.4500,7.4200,7.4400,842800,6266592.0000,3
2025-09-16,20250916144000000,sh.600864,7.4300,7.4400,7.4300,7.4300,432900,3217536.0000,3
2025-09-16,20250916144500000,sh.600864,7.4300,7.4500,7.4300,7.4400,604800,4499104.0000,3
2025-09-16,20250916145000000,sh.600864,7.4400,7.4500,7.4300,7.4400,466900,3473440.0000,3
2025-09-16,20250916145500000,sh.600864,7.4400,7.4500,7.4400,7.4400,855100,6365344.0000,3
2025-09-16,20250916150000000,sh.600864,7.4400,7.4600,7.4400,7.4500,916100,6827776.0000,3
2025-09-17,20250917093500000,sh.600864,7.4200,7.4400,7.4100,7.4200,1364800,10136925.0000,3
2025-09-17,20250917094000000,sh.600864,7.4200,7.4500,7.4100,7.4300,1702500,12653713.0000,3
2025-09-17,20250917094500000,sh.600864,7.4400,7.4700,7.4300,7.4700,2082800,15501894.0000,3
2025-09-17,20250917095000000,sh.600864,7.4700,7.4800,7.4500,7.4500,2017400,15062168.0000,3
2025-09-17,20250917095500000,sh.600864,7.4600,7.5000,7.4600,7.5000,1961200,14689420.0000,3
2025-09-17,20250917100000000,sh.600864,7.4900,7.5100,7.4700,7.4700,2203200,16489256.0000,3
2025-09-17,20250917100500000,sh.600864,7.4700,7.4900,7.4700,7.4800,812200,6071144.0000,3
2025-09-17,20250917101000000,sh.600864,7.4800,7.4900,7.4600,7.4600,901900,6741432.0000,3
2025-09-17,20250917101500000,sh.600864,7.4700,7.4800,7.4600,7.4800,1642800,12269672.0000,3
2025-09-17,20250917102000000,sh.600864,7.4700,7.4900,7.4700,7.4900,616800,4614256.0000,3
2025-09-17,20250917102500000,sh.600864,7.4800,7.4900,7.4700,7.4900,625500,4679080.0000,3
2025-09-17,20250917103000000,sh.600864,7.4800,7.4800,7.4500,7.4700,710600,5301960.0000,3
2025-09-17,20250917103500000,sh.600864,7.4600,7.4800,7.4600,7.4800,987700,7380296.0000,3
2025-09-17,20250917104000000,sh.600864,7.4800,7.4800,7.4700,7.4800,420600,3144368.0000,3
2025-09-17,20250917104500000,sh.600864,7.4800,7.4900,7.4700,7.4800,518100,3875568.0000,3
2025-09-17,20250917105000000,sh.600864,7.4800,7.5000,7.4700,7.5000,861500,6448720.0000,3
2025-09-17,20250917105500000,sh.600864,7.5000,7.5300,7.4900,7.5300,2169400,16301040.0000,3
2025-09-17,20250917110000000,sh.600864,7.5300,7.5300,7.5000,7.5100,1436400,10797328.0000,3
2025-09-17,20250917110500000,sh.600864,7.5200,7.5300,7.4900,7.5300,1194900,8969776.0000,3
2025-09-17,20250917111000000,sh.600864,7.5300,7.5400,7.5200,7.5300,544800,4102144.0000,3
2025-09-17,20250917111500000,sh.600864,7.5300,7.5300,7.5100,7.5200,434200,3266000.0000,3
2025-09-17,20250917112000000,sh.600864,7.5200,7.5400,7.5100,7.5300,526300,3961968.0000,3
2025-09-17,20250917112500000,sh.600864,7.5400,7.5700,7.5300,7.5600,1795100,13555696.0000,3
2025-09-17,20250917113000000,sh.600864,7.5600,7.5900,7.5400,7.5700,3302400,24999072.0000,3
2025-09-17,20250917130500000,sh.600864,7.5700,7.5800,7.5500,7.5600,1592900,12047488.0000,3
2025-09-17,20250917131000000,sh.600864,7.5600,7.5700,7.5400,7.5400,784700,5928576.0000,3
2025-09-17,20250917131500000,sh.600864,7.5400,7.5400,7.5300,7.5300,387600,2921424.0000,3
2025-09-17,20250917132000000,sh.600864,7.5300,7.5500,7.5300,7.5400,761000,5737840.0000,3
2025-09-17,20250917132500000,sh.600864,7.5500,7.5600,7.5400,7.5500,422000,3186192.0000,3
2025-09-17,20250917133000000,sh.600864,7.5500,7.5500,7.5300,7.5300,681500,5136560.0000,3
2025-09-17,20250917133500000,sh.600864,7.5300,7.5400,7.5200,7.5300,377400,2840640.0000,3
2025-09-17,20250917134000000,sh.600864,7.5300,7.5400,7.5200,7.5300,525500,3957504.0000,3
2025-09-17,20250917134500000,sh.600864,7.5300,7.5400,7.5300,7.5300,114100,859488.0000,3
2025-09-17,20250917135000000,sh.600864,7.5300,7.5400,7.5300,7.5300,319800,2408704.0000,3
2025-09-17,20250917135500000,sh.600864,7.5300,7.5400,7.5300,7.5300,181000,1363904.0000,3
2025-09-17,20250917140000000,sh.600864,7.5400,7.5500,7.5300,7.5400,711700,5363008.0000,3
2025-09-17,20250917140500000,sh.600864,7.5500,7.5500,7.5300,7.5400,397800,2999392.0000,3
2025-09-17,20250917141000000,sh.600864,7.5400,7.5400,7.5300,7.5400,129200,973760.0000,3
2025-09-17,20250917141500000,sh.600864,7.5400,7.5400,7.5300,7.5300,156400,1177920.0000,3
2025-09-17,20250917142000000,sh.600864,7.5300,7.5500,7.5300,7.5400,510700,3851136.0000,3
2025-09-17,20250917142500000,sh.600864,7.5500,7.5500,7.5300,7.5500,875800,6603456.0000,3
2025-09-17,20250917143000000,sh.600864,7.5500,7.5500,7.5300,7.5300,491200,3703424.0000,3
2025-09-17,20250917143500000,sh.600864,7.5400,7.5400,7.5300,7.5300,684400,5153696.0000,3
2025-09-17,20250917144000000,sh.600864,7.5200,7.5300,7.5100,7.5200,690800,5195232.0000,3
2025-09-17,20250917144500000,sh.600864,7.5200,7.5300,7.5200,7.5300,709400,5336256.0000,3
2025-09-17,20250917145000000,sh.600864,7.5300,7.5400,7.5200,7.5400,1286900,9690400.0000,3
2025-09-17,20250917145500000,sh.600864,7.5300,7.5400,7.5300,7.5400,609900,4595328.0000,3
2025-09-17,20250917150000000,sh.600864,7.5300,7.5400,7.5300,7.5400,1241000,9355808.0000,3
2025-09-18,20250918093500000,sh.600864,7.5500,7.5500,7.4200,7.4400,4672800,34867012.0000,3
2025-09-18,20250918094000000,sh.600864,7.4400,7.4500,7.4000,7.4100,3446900,25585252.0000,3
2025-09-18,20250918094500000,sh.600864,7.4100,7.4300,7.4000,7.4100,3400800,25207024.0000,3
2025-09-18,20250918095000000,sh.600864,7.4000,7.4100,7.3800,7.3900,2340300,17314536.0000,3
2025-09-18,20250918095500000,sh.600864,7.3900,7.4200,7.3800,7.4000,1451900,10745112.0000,3
2025-09-18,20250918100000000,sh.600864,7.4000,7.4200,7.4000,7.4200,879700,6516768.0000,3
2025-09-18,20250918100500000,sh.600864,7.4200,7.4700,7.4100,7.4700,1437600,10682072.0000,3
2025-09-18,20250918101000000,sh.600864,7.4700,7.4800,7.4500,7.4600,1324400,9889920.0000,3
2025-09-18,20250918101500000,sh.600864,7.4600,7.4900,7.4600,7.4800,1535400,11477888.0000,3
2025-09-18,20250918102000000,sh.600864,7.4800,7.4900,7.4700,7.4700,545400,4078496.0000,3
2025-09-18,20250918102500000,sh.600864,7.4700,7.4800,7.4600,7.4800,985300,7354784.0000,3
2025-09-18,20250918103000000,sh.600864,7.4700,7.4800,7.4600,7.4800,1045500,7813552.0000,3
2025-09-18,20250918103500000,sh.600864,7.4800,7.4900,7.4500,7.4500,688900,5149728.0000,3
2025-09-18,20250918104000000,sh.600864,7.4500,7.4700,7.4500,7.4700,903700,6743584.0000,3
2025-09-18,20250918104500000,sh.600864,7.4600,7.4800,7.4600,7.4600,510600,3811424.0000,3
2025-09-18,20250918105000000,sh.600864,7.4600,7.4700,7.4500,7.4500,307400,2293200.0000,3
2025-09-18,20250918105500000,sh.600864,7.4600,7.4700,7.4500,7.4700,442100,3298864.0000,3
2025-09-18,20250918110000000,sh.600864,7.4700,7.4700,7.4500,7.4600,460900,3436048.0000,3
2025-09-18,20250918110500000,sh.600864,7.4600,7.4600,7.4400,7.4400,615900,4585664.0000,3
2025-09-18,20250918111000000,sh.600864,7.4400,7.4500,7.4200,7.4200,737600,5482192.0000,3
2025-09-18,20250918111500000,sh.600864,7.4200,7.4500,7.4200,7.4500,1123400,8348432.0000,3
2025-09-18,20250918112000000,sh.600864,7.4400,7.4500,7.4300,7.4400,503500,3744960.0000,3
2025-09-18,20250918112500000,sh.600864,7.4400,7.4600,7.4400,7.4500,421700,3139568.0000,3
2025-09-18,20250918113000000,sh.600864,7.4400,7.4600,7.4400,7.4600,161700,1204272.0000,3
2025-09-18,20250918130500000,sh.600864,7.4600,7.4700,7.4500,7.4500,632900,4720704.0000,3
2025-09-18,20250918131000000,sh.600864,7.4500,7.4600,7.4500,7.4500,211200,1573952.0000,3
2025-09-18,20250918131500000,sh.600864,7.4600,7.4600,7.4400,7.4600,684400,5096864.0000,3
2025-09-18,20250918132000000,sh.600864,7.4600,7.4600,7.4400,7.4400,425300,3167584.0000,3
2025-09-18,20250918132500000,sh.600864,7.4400,7.4400,7.4100,7.4100,586300,4353088.0000,3
2025-09-18,20250918133000000,sh.600864,7.4200,7.4200,7.3900,7.4000,1999200,14794224.0000,3
2025-09-18,20250918133500000,sh.600864,7.4000,7.4200,7.4000,7.4000,580700,4302672.0000,3
2025-09-18,20250918134000000,sh.600864,7.4000,7.4200,7.4000,7.4000,462100,3422912.0000,3
2025-09-18,20250918134500000,sh.600864,7.4100,7.4100,7.3900,7.3900,472500,3496976.0000,3
2025-09-18,20250918135000000,sh.600864,7.3900,7.4100,7.3600,7.4000,2401600,17721088.0000,3
2025-09-18,20250918135500000,sh.600864,7.4100,7.4300,7.3900,7.3900,1013100,7515168.0000,3
2025-09-18,20250918140000000,sh.600864,7.3900,7.4100,7.3700,7.3900,802100,5927040.0000,3
2025-09-18,20250918140500000,sh.600864,7.3800,7.4000,7.3500,7.3500,1555700,11474464.0000,3
2025-09-18,20250918141000000,sh.600864,7.3600,7.3700,7.3300,7.3400,2232900,16408768.0000,3
2025-09-18,20250918141500000,sh.600864,7.3400,7.3500,7.3000,7.3300,3317000,24262560.0000,3
2025-09-18,20250918142000000,sh.600864,7.3300,7.3500,7.3100,7.3400,2452000,17967584.0000,3
2025-09-18,20250918142500000,sh.600864,7.3200,7.3300,7.3000,7.3000,1365500,9996992.0000,3
2025-09-18,20250918143000000,sh.600864,7.3000,7.3100,7.2900,7.3000,1235900,9022400.0000,3
2025-09-18,20250918143500000,sh.600864,7.3000,7.3200,7.2900,7.3100,1342100,9801888.0000,3
2025-09-18,20250918144000000,sh.600864,7.3000,7.3100,7.2400,7.2500,2596300,18877568.0000,3
2025-09-18,20250918144500000,sh.600864,7.2500,7.2600,7.2100,7.2500,3196200,23099136.0000,3
2025-09-18,20250918145000000,sh.600864,7.2500,7.2800,7.2300,7.2700,1320900,9578976.0000,3
2025-09-18,20250918145500000,sh.600864,7.2700,7.3100,7.2700,7.3000,1606400,11715264.0000,3
2025-09-18,20250918150000000,sh.600864,7.2900,7.3000,7.2800,7.3000,686900,5008256.0000,3
2025-09-19,20250919093500000,sh.600864,7.2600,7.3200,7.2500,7.3000,2834100,20636412.0000,3
2025-09-19,20250919094000000,sh.600864,7.3000,7.3000,7.2600,7.2700,1974600,14367172.0000,3
2025-09-19,20250919094500000,sh.600864,7.2800,7.2900,7.2400,7.2700,1782800,12945368.0000,3
2025-09-19,20250919095000000,sh.600864,7.2700,7.2900,7.2300,7.2500,1274100,9245220.0000,3
2025-09-19,20250919095500000,sh.600864,7.2500,7.2600,7.2400,7.2400,927600,6720052.0000,3
2025-09-19,20250919100000000,sh.600864,7.2500,7.2500,7.2300,7.2300,1116100,8073280.0000,3
2025-09-19,20250919100500000,sh.600864,7.2300,7.2300,7.1900,7.2100,2149300,15493824.0000,3
2025-09-19,20250919101000000,sh.600864,7.2100,7.2100,7.1900,7.2000,795600,5726856.0000,3
2025-09-19,20250919101500000,sh.600864,7.2000,7.2400,7.1800,7.2200,1922600,13845640.0000,3
2025-09-19,20250919102000000,sh.600864,7.2100,7.2500,7.2100,7.2300,654400,4733016.0000,3
2025-09-19,20250919102500000,sh.600864,7.2200,7.2400,7.2200,7.2300,487600,3525672.0000,3
2025-09-19,20250919103000000,sh.600864,7.2300,7.2400,7.2200,7.2300,774400,5596168.0000,3
2025-09-19,20250919103500000,sh.600864,7.2400,7.2500,7.2300,7.2500,765500,5541920.0000,3
2025-09-19,20250919104000000,sh.600864,7.2500,7.2600,7.2200,7.2300,740100,5361464.0000,3
2025-09-19,20250919104500000,sh.600864,7.2200,7.2500,7.2200,7.2300,656700,4752896.0000,3
2025-09-19,20250919105000000,sh.600864,7.2400,7.2500,7.2200,7.2300,638600,4619232.0000,3
2025-09-19,20250919105500000,sh.600864,7.2200,7.2300,7.2000,7.2000,347300,2505376.0000,3
2025-09-19,20250919110000000,sh.600864,7.2100,7.2200,7.2000,7.2000,404700,2915568.0000,3
2025-09-19,20250919110500000,sh.600864,7.2000,7.2100,7.1900,7.1900,705800,5080608.0000,3
2025-09-19,20250919111000000,sh.600864,7.2000,7.2300,7.2000,7.2100,645800,4657424.0000,3
2025-09-19,20250919111500000,sh.600864,7.2200,7.2200,7.2000,7.2100,464000,3345040.0000,3
2025-09-19,20250919112000000,sh.600864,7.2100,7.2100,7.2000,7.2000,282500,2034464.0000,3
2025-09-19,20250919112500000,sh.600864,7.2000,7.2300,7.1900,7.2100,528200,3807792.0000,3
2025-09-19,20250919113000000,sh.600864,7.2100,7.2300,7.2100,7.2200,239000,1725104.0000,3
2025-09-19,20250919130500000,sh.600864,7.2200,7.2400,7.2100,7.2400,629000,4546112.0000,3
2025-09-19,20250919131000000,sh.600864,7.2300,7.2500,7.2300,7.2400,529200,3829488.0000,3
2025-09-19,20250919131500000,sh.600864,7.2300,7.2500,7.2200,7.2200,454000,3284720.0000,3
2025-09-19,20250919132000000,sh.600864,7.2300,7.2300,7.2100,7.2100,451700,3259456.0000,3
2025-09-19,20250919132500000,sh.600864,7.2000,7.2100,7.1900,7.1900,673200,4844912.0000,3
2025-09-19,20250919133000000,sh.600864,7.2000,7.2000,7.1800,7.1900,604900,4347760.0000,3
2025-09-19,20250919133500000,sh.600864,7.1900,7.2000,7.1700,7.1700,926600,6652064.0000,3
2025-09-19,20250919134000000,sh.600864,7.1700,7.1700,7.1500,7.1700,1211800,8670192.0000,3
2025-09-19,20250919134500000,sh.600864,7.1700,7.1700,7.1400,7.1600,665800,4762256.0000,3
2025-09-19,20250919135000000,sh.600864,7.1500,7.1700,7.1500,7.1500,679200,4859248.0000,3
2025-09-19,20250919135500000,sh.600864,7.1600,7.1600,7.1400,7.1400,281800,2014528.0000,3
2025-09-19,20250919140000000,sh.600864,7.1400,7.1700,7.1400,7.1500,732400,5237648.0000,3
2025-09-19,20250919140500000,sh.600864,7.1600,7.1800,7.1500,7.1800,467300,3348928.0000,3
2025-09-19,20250919141000000,sh.600864,7.1800,7.2000,7.1700,7.1900,791700,5688512.0000,3
2025-09-19,20250919141500000,sh.600864,7.1900,7.2000,7.1700,7.2000,505500,3632176.0000,3
2025-09-19,20250919142000000,sh.600864,7.1900,7.2200,7.1900,7.2000,514400,3706208.0000,3
2025-09-19,20250919142500000,sh.600864,7.2000,7.2000,7.1800,7.1900,409100,2941632.0000,3
2025-09-19,20250919143000000,sh.600864,7.1900,7.2100,7.1900,7.2100,488700,3519920.0000,3
2025-09-19,20250919143500000,sh.600864,7.2000,7.2100,7.1900,7.2000,574900,4139008.0000,3
2025-09-19,20250919144000000,sh.600864,7.1900,7.1900,7.1700,7.1800,691300,4964848.0000,3
2025-09-19,20250919144500000,sh.600864,7.1900,7.1900,7.1700,7.1800,458900,3293456.0000,3
2025-09-19,20250919145000000,sh.600864,7.1800,7.1900,7.1600,7.1700,1455800,10443920.0000,3
2025-09-19,20250919145500000,sh.600864,7.1700,7.1700,7.1500,7.1500,1073100,7685696.0000,3
2025-09-19,20250919150000000,sh.600864,7.1600,7.1700,7.1600,7.1600,779100,5580064.0000,3
2025-09-22,20250922093500000,sh.600864,7.1500,7.1900,7.1500,7.1700,2090700,14980451.0000,3
2025-09-22,20250922094000000,sh.600864,7.1800,7.1900,7.1600,7.1700,1135000,8146813.0000,3
2025-09-22,20250922094500000,sh.600864,7.1600,7.1700,7.1500,7.1700,1166700,8350976.0000,3
2025-09-22,20250922095000000,sh.600864,7.1600,7.1700,7.1500,7.1600,694200,4973184.0000,3
2025-09-22,20250922095500000,sh.600864,7.1600,7.1700,7.1400,7.1700,1012800,7248144.0000,3
2025-09-22,20250922100000000,sh.600864,7.1700,7.1700,7.1500,7.1600,746500,5343692.0000,3
2025-09-22,20250922100500000,sh.600864,7.1500,7.2000,7.1400,7.1900,1405600,10082932.0000,3
2025-09-22,20250922101000000,sh.600864,7.1900,7.2100,7.1800,7.2000,1214900,8740888.0000,3
2025-09-22,20250922101500000,sh.600864,7.2000,7.2000,7.1700,7.1800,467800,3363352.0000,3
2025-09-22,20250922102000000,sh.600864,7.1800,7.1900,7.1700,7.1700,364900,2619592.0000,3
2025-09-22,20250922102500000,sh.600864,7.1700,7.1900,7.1700,7.1900,307100,2204664.0000,3
2025-09-22,20250922103000000,sh.600864,7.1900,7.2000,7.1800,7.2000,264800,1903504.0000,3
2025-09-22,20250922103500000,sh.600864,7.2000,7.2100,7.1800,7.1900,584300,4206536.0000,3
2025-09-22,20250922104000000,sh.600864,7.1800,7.1900,7.1800,7.1800,162900,1170632.0000,3
2025-09-22,20250922104500000,sh.600864,7.1900,7.1900,7.1700,7.1800,479300,3440512.0000,3
2025-09-22,20250922105000000,sh.600864,7.1900,7.1900,7.1700,7.1700,302000,2167232.0000,3
2025-09-22,20250922105500000,sh.600864,7.1800,7.1800,7.1700,7.1700,60800,435968.0000,3
2025-09-22,20250922110000000,sh.600864,7.1700,7.1900,7.1700,7.1800,309000,2218160.0000,3
2025-09-22,20250922110500000,sh.600864,7.1900,7.1900,7.1700,7.1700,222200,1595440.0000,3
2025-09-22,20250922111000000,sh.600864,7.1700,7.1700,7.1500,7.1500,605300,4334096.0000,3
2025-09-22,20250922111500000,sh.600864,7.1500,7.1600,7.1400,7.1400,369700,2643368.0000,3
2025-09-22,20250922112000000,sh.600864,7.1400,7.1700,7.1400,7.1500,326500,2336192.0000,3
2025-09-22,20250922112500000,sh.600864,7.1600,7.1800,7.1600,7.1700,193100,1383664.0000,3
2025-09-22,20250922113000000,sh.600864,7.1700,7.1800,7.1600,7.1700,97800,701456.0000,3
2025-09-22,20250922130500000,sh.600864,7.1700,7.1700,7.1500,7.1600,329100,2355968.0000,3
2025-09-22,20250922131000000,sh.600864,7.1700,7.2000,7.1600,7.2000,1067800,7672984.0000,3
2025-09-22,20250922131500000,sh.600864,7.2000,7.2000,7.1800,7.1900,337800,2428808.0000,3
2025-09-22,20250922132000000,sh.600864,7.1900,7.2000,7.1800,7.1900,311000,2236904.0000,3
2025-09-22,20250922132500000,sh.600864,7.1800,7.1900,7.1800,7.1800,231500,1663712.0000,3
2025-09-22,20250922133000000,sh.600864,7.1900,7.1900,7.1700,7.1800,411100,2951736.0000,3
2025-09-22,20250922133500000,sh.600864,7.1800,7.1800,7.1700,7.1800,115100,826216.0000,3
2025-09-22,20250922134000000,sh.600864,7.1800,7.1800,7.1700,7.1800,374100,2683552.0000,3
2025-09-22,20250922134500000,sh.600864,7.1800,7.1900,7.1600,7.1600,524800,3765568.0000,3
2025-09-22,20250922135000000,sh.600864,7.1600,7.1800,7.1600,7.1700,170900,1225520.0000,3
2025-09-22,20250922135500000,sh.600864,7.1700,7.1800,7.1700,7.1700,108600,779480.0000,3
2025-09-22,20250922140000000,sh.600864,7.1700,7.1800,7.1700,7.1800,148700,1066504.0000,3
2025-09-22,20250922140500000,sh.600864,7.1800,7.1900,7.1700,7.1800,519000,3727040.0000,3
2025-09-22,20250922141000000,sh.600864,7.1700,7.1900,7.1600,7.1900,870600,6245248.0000,3
2025-09-22,20250922141500000,sh.600864,7.1800,7.1900,7.1700,7.1900,391200,2809648.0000,3
2025-09-22,20250922142000000,sh.600864,7.1900,7.1900,7.1800,7.1900,175800,1262480.0000,3
2025-09-22,20250922142500000,sh.600864,7.1900,7.2000,7.1900,7.1900,594600,4277360.0000,3
2025-09-22,20250922143000000,sh.600864,7.1900,7.2000,7.1900,7.2000,304200,2188224.0000,3
2025-09-22,20250922143500000,sh.600864,7.2000,7.2300,7.1900,7.2300,1237700,8928960.0000,3
2025-09-22,20250922144000000,sh.600864,7.2300,7.2500,7.2300,7.2300,1868200,13526336.0000,3
2025-09-22,20250922144500000,sh.600864,7.2400,7.2500,7.2300,7.2400,847300,6135104.0000,3
2025-09-22,20250922145000000,sh.600864,7.2300,7.2400,7.2300,7.2400,270500,1957040.0000,3
2025-09-22,20250922145500000,sh.600864,7.2300,7.2600,7.2300,7.2600,1160600,8408928.0000,3
2025-09-22,20250922150000000,sh.600864,7.2600,7.2700,7.2500,7.2700,730100,5301728.0000,3
2025-09-23,20250923093500000,sh.600864,7.2000,7.2000,7.1400,7.1600,3280000,23522572.0000,3
2025-09-23,20250923094000000,sh.600864,7.1600,7.1700,7.1400,7.1400,1961300,14029476.0000,3
2025-09-23,20250923094500000,sh.600864,7.1400,7.1500,7.1200,7.1400,1829200,13055448.0000,3
2025-09-23,20250923095000000,sh.600864,7.1400,7.1600,7.1300,7.1500,1099600,7853512.0000,3
2025-09-23,20250923095500000,sh.600864,7.1500,7.1500,7.1100,7.1300,1213800,8650576.0000,3
2025-09-23,20250923100000000,sh.600864,7.1200,7.1300,7.0900,7.0900,1336700,9502144.0000,3
2025-09-23,20250923100500000,sh.600864,7.0800,7.0900,7.0600,7.0900,2137400,15122504.0000,3
2025-09-23,20250923101000000,sh.600864,7.0800,7.0900,7.0600,7.0600,1269900,8984112.0000,3
2025-09-23,20250923101500000,sh.600864,7.0600,7.0700,7.0200,7.0700,2044700,14396600.0000,3
2025-09-23,20250923102000000,sh.600864,7.0600,7.0700,7.0300,7.0400,919000,6470424.0000,3
2025-09-23,20250923102500000,sh.600864,7.0400,7.0400,7.0000,7.0100,1395400,9802664.0000,3
2025-09-23,20250923103000000,sh.600864,7.0000,7.0000,6.9700,6.9900,3049400,21305792.0000,3
2025-09-23,20250923103500000,sh.600864,6.9900,7.0200,6.9600,7.0100,1733300,12102960.0000,3
2025-09-23,20250923104000000,sh.600864,7.0000,7.0400,7.0000,7.0100,1100400,7725856.0000,3
2025-09-23,20250923104500000,sh.600864,7.0100,7.0500,6.9900,7.0400,1008500,7076928.0000,3
2025-09-23,20250923105000000,sh.600864,7.0300,7.0400,7.0200,7.0400,364700,2564384.0000,3
2025-09-23,20250923105500000,sh.600864,7.0300,7.0400,7.0100,7.0300,596000,4183952.0000,3
2025-09-23,20250923110000000,sh.600864,7.0300,7.0500,7.0200,7.0400,513600,3613696.0000,3
2025-09-23,20250923110500000,sh.600864,7.0500,7.0500,7.0200,7.0200,654700,4602592.0000,3
2025-09-23,20250923111000000,sh.600864,7.0200,7.0400,7.0100,7.0200,440100,3092512.0000,3
2025-09-23,20250923111500000,sh.600864,7.0100,7.0300,7.0000,7.0000,889700,6239232.0000,3
2025-09-23,20250923112000000,sh.600864,7.0000,7.0400,7.0000,7.0400,798700,5613184.0000,3
2025-09-23,20250923112500000,sh.600864,7.0400,7.0400,7.0100,7.0100,278600,1957920.0000,3
2025-09-23,20250923113000000,sh.600864,7.0200,7.0200,7.0000,7.0100,269800,1892048.0000,3
2025-09-23,20250923130500000,sh.600864,7.0100,7.0500,7.0000,7.0400,1308100,9187184.0000,3
2025-09-23,20250923131000000,sh.600864,7.0400,7.0500,7.0200,7.0400,669000,4703808.0000,3
2025-09-23,20250923131500000,sh.600864,7.0200,7.0700,7.0200,7.0500,855500,6029184.0000,3
2025-09-23,20250923132000000,sh.600864,7.0400,7.0600,7.0300,7.0300,374200,2634128.0000,3
2025-09-23,20250923132500000,sh.600864,7.0300,7.0500,7.0200,7.0300,298000,2096320.0000,3
2025-09-23,20250923133000000,sh.600864,7.0400,7.0600,7.0300,7.0400,682700,4810928.0000,3
2025-09-23,20250923133500000,sh.600864,7.0400,7.0600,7.0400,7.0400,259000,1825488.0000,3
2025-09-23,20250923134000000,sh.600864,7.0400,7.0400,7.0200,7.0300,291500,2049504.0000,3
2025-09-23,20250923134500000,sh.600864,7.0300,7.0400,7.0100,7.0200,657800,4620688.0000,3
2025-09-23,20250923135000000,sh.600864,7.0100,7.0300,7.0100,7.0200,651600,4573088.0000,3
2025-09-23,20250923135500000,sh.600864,7.0200,7.0300,7.0100,7.0300,486800,3416064.0000,3
2025-09-23,20250923140000000,sh.600864,7.0300,7.0400,7.0200,7.0300,294100,2066592.0000,3
2025-09-23,20250923140500000,sh.600864,7.0400,7.0400,7.0100,7.0200,474500,3332880.0000,3
2025-09-23,20250923141000000,sh.600864,7.0200,7.0200,7.0000,7.0100,419300,2939040.0000,3
2025-09-23,20250923141500000,sh.600864,7.0000,7.0200,7.0000,7.0200,486500,3409232.0000,3
2025-09-23,20250923142000000,sh.600864,7.0200,7.0400,7.0100,7.0300,477700,3355552.0000,3
2025-09-23,20250923142500000,sh.600864,7.0300,7.0400,7.0200,7.0200,259300,1823584.0000,3
2025-09-23,20250923143000000,sh.600864,7.0300,7.0600,7.0300,7.0600,649700,4575584.0000,3
2025-09-23,20250923143500000,sh.600864,7.0600,7.0600,7.0300,7.0500,918000,6471328.0000,3
2025-09-23,20250923144000000,sh.600864,7.0500,7.0600,7.0400,7.0400,572600,4037408.0000,3
2025-09-23,20250923144500000,sh.600864,7.0500,7.0700,7.0400,7.0600,531800,3754144.0000,3
2025-09-23,20250923145000000,sh.600864,7.0600,7.1100,7.0600,7.1100,1322500,9370784.0000,3
2025-09-23,20250923145500000,sh.600864,7.1000,7.1100,7.0900,7.0900,1182700,8396864.0000,3
2025-09-23,20250923150000000,sh.600864,7.1000,7.1100,7.0900,7.0900,725100,5146368.0000,3
2025-09-24,20250924093500000,sh.600864,7.0500,7.1200,7.0400,7.1000,1772500,12547285.0000,3
2025-09-24,20250924094000000,sh.600864,7.1000,7.1200,7.0800,7.1100,970300,6887653.0000,3
2025-09-24,20250924094500000,sh.600864,7.1100,7.1300,7.0900,7.1300,1440600,10240722.0000,3
2025-09-24,20250924095000000,sh.600864,7.1300,7.1600,7.1100,7.1600,1423900,10161036.0000,3
2025-09-24,20250924095500000,sh.600864,7.1600,7.1600,7.1300,7.1300,1429700,10207828.0000,3
2025-09-24,20250924100000000,sh.600864,7.1400,7.1500,7.1200,7.1400,642800,4584884.0000,3
2025-09-24,20250924100500000,sh.600864,7.1400,7.1500,7.1200,7.1200,386400,2755872.0000,3
2025-09-24,20250924101000000,sh.600864,7.1200,7.1300,7.1100,7.1200,397500,2831512.0000,3
2025-09-24,20250924101500000,sh.600864,7.1100,7.1100,7.1000,7.1100,512800,3641712.0000,3
2025-09-24,20250924102000000,sh.600864,7.1100,7.1200,7.1000,7.1100,723700,5143312.0000,3
2025-09-24,20250924102500000,sh.600864,7.1100,7.1100,7.0900,7.0900,358100,2541048.0000,3
2025-09-24,20250924103000000,sh.600864,7.0900,7.1000,7.0800,7.1000,221200,1568008.0000,3
2025-09-24,20250924103500000,sh.600864,7.1000,7.1000,7.0900,7.1000,413400,2931480.0000,3
2025-09-24,20250924104000000,sh.600864,7.1000,7.1000,7.0800,7.0900,825800,5845736.0000,3
2025-09-24,20250924104500000,sh.600864,7.0900,7.1000,7.0800,7.1000,234200,1659640.0000,3
2025-09-24,20250924105000000,sh.600864,7.0900,7.1000,7.0900,7.1000,131400,931928.0000,3
2025-09-24,20250924105500000,sh.600864,7.0900,7.1100,7.0900,7.1000,275100,1953168.0000,3
2025-09-24,20250924110000000,sh.600864,7.1100,7.1200,7.1000,7.1200,400900,2850408.0000,3
2025-09-24,20250924110500000,sh.600864,7.1200,7.1200,7.1000,7.1000,631800,4491448.0000,3
2025-09-24,20250924111000000,sh.600864,7.1100,7.1100,7.0900,7.0900,548600,3891256.0000,3
2025-09-24,20250924111500000,sh.600864,7.0900,7.1000,7.0900,7.1000,93200,661344.0000,3
2025-09-24,20250924112000000,sh.600864,7.1000,7.1100,7.0900,7.1100,380800,2701992.0000,3
2025-09-24,20250924112500000,sh.600864,7.1100,7.1200,7.1000,7.1100,482700,3433472.0000,3
2025-09-24,20250924113000000,sh.600864,7.1200,7.1300,7.1100,7.1300,241300,1717264.0000,3
2025-09-24,20250924130500000,sh.600864,7.1300,7.1400,7.1100,7.1200,801100,5709344.0000,3
2025-09-24,20250924131000000,sh.600864,7.1200,7.1300,7.1100,7.1100,323600,2302816.0000,3
2025-09-24,20250924131500000,sh.600864,7.1200,7.1200,7.1000,7.1000,294800,2096160.0000,3
2025-09-24,20250924132000000,sh.600864,7.1000,7.1100,7.1000,7.1000,404300,2870592.0000,3
2025-09-24,20250924132500000,sh.600864,7.1000,7.1100,7.0900,7.0900,399900,2837248.0000,3
2025-09-24,20250924133000000,sh.600864,7.1000,7.1100,7.0900,7.1000,247600,1757192.0000,3
2025-09-24,20250924133500000,sh.600864,7.1100,7.1200,7.1000,7.1200,332600,2364808.0000,3
2025-09-24,20250924134000000,sh.600864,7.1200,7.1200,7.1000,7.1100,454700,3234584.0000,3
2025-09-24,20250924134500000,sh.600864,7.1100,7.1300,7.1100,7.1300,366400,2607984.0000,3
2025-09-24,20250924135000000,sh.600864,7.1300,7.1800,7.1200,7.1600,2083900,14914288.0000,3
2025-09-24,20250924135500000,sh.600864,7.1700,7.2200,7.1700,7.2100,2875400,20660832.0000,3
2025-09-24,20250924140000000,sh.600864,7.2000,7.2100,7.1800,7.1800,1527700,10992432.0000,3
2025-09-24,20250924140500000,sh.600864,7.1900,7.2000,7.1800,7.1900,991900,7132384.0000,3
2025-09-24,20250924141000000,sh.600864,7.1800,7.1900,7.1700,7.1700,674200,4840784.0000,3
2025-09-24,20250924141500000,sh.600864,7.1700,7.1800,7.1700,7.1800,288700,2071184.0000,3
2025-09-24,20250924142000000,sh.600864,7.1800,7.1900,7.1800,7.1900,399900,2871984.0000,3
2025-09-24,20250924142500000,sh.600864,7.1800,7.1900,7.1700,7.1900,315100,2262640.0000,3
2025-09-24,20250924143000000,sh.600864,7.1900,7.1900,7.1700,7.1800,280700,2014352.0000,3
2025-09-24,20250924143500000,sh.600864,7.1800,7.1900,7.1700,7.1800,1524800,10945760.0000,3
2025-09-24,20250924144000000,sh.600864,7.1800,7.1900,7.1800,7.1900,157300,1129872.0000,3
2025-09-24,20250924144500000,sh.600864,7.1800,7.1900,7.1800,7.1800,262100,1883472.0000,3
2025-09-24,20250924145000000,sh.600864,7.1900,7.2000,7.1800,7.1900,774400,5567744.0000,3
2025-09-24,20250924145500000,sh.600864,7.1900,7.2000,7.1900,7.1900,1060800,7630432.0000,3
2025-09-24,20250924150000000,sh.600864,7.2000,7.2000,7.1800,7.1800,922400,6629536.0000,3
2025-09-25,20250925093500000,sh.600864,7.1600,7.2000,7.1400,7.1900,917400,6574177.0000,3
2025-09-25,20250925094000000,sh.600864,7.1800,7.1900,7.1500,7.1700,767000,5493853.0000,3
2025-09-25,20250925094500000,sh.600864,7.1600,7.1900,7.1600,7.1700,709400,5087002.0000,3
2025-09-25,20250925095000000,sh.600864,7.1800,7.2200,7.1800,7.1800,1623600,11676910.0000,3
2025-09-25,20250925095500000,sh.600864,7.1900,7.2000,7.1800,7.1900,692600,4980670.0000,3
2025-09-25,20250925100000000,sh.600864,7.1800,7.1800,7.1600,7.1600,904800,6487348.0000,3
2025-09-25,20250925100500000,sh.600864,7.1600,7.1900,7.1600,7.1600,727600,5215784.0000,3
2025-09-25,20250925101000000,sh.600864,7.1600,7.1700,7.1300,7.1600,1891400,13527432.0000,3
2025-09-25,20250925101500000,sh.600864,7.1600,7.1700,7.1600,7.1600,140800,1008552.0000,3
2025-09-25,20250925102000000,sh.600864,7.1600,7.1900,7.1600,7.1800,704500,5059916.0000,3
2025-09-25,20250925102500000,sh.600864,7.1700,7.1800,7.1600,7.1600,819200,5870516.0000,3
2025-09-25,20250925103000000,sh.600864,7.1700,7.1900,7.1600,7.1800,300300,2153904.0000,3
2025-09-25,20250925103500000,sh.600864,7.1800,7.1900,7.1700,7.1900,170900,1227248.0000,3
2025-09-25,20250925104000000,sh.600864,7.1900,7.2000,7.1800,7.1800,517200,3720512.0000,3
2025-09-25,20250925104500000,sh.600864,7.1800,7.1900,7.1600,7.1700,507600,3641488.0000,3
2025-09-25,20250925105000000,sh.600864,7.1700,7.1800,7.1600,7.1600,237100,1698968.0000,3
2025-09-25,20250925105500000,sh.600864,7.1600,7.1700,7.1600,7.1700,185300,1327976.0000,3
2025-09-25,20250925110000000,sh.600864,7.1600,7.1700,7.1600,7.1600,234400,1679216.0000,3
2025-09-25,20250925110500000,sh.600864,7.1700,7.1800,7.1500,7.1700,540000,3867352.0000,3
2025-09-25,20250925111000000,sh.600864,7.1800,7.1800,7.1600,7.1800,266800,1913240.0000,3
2025-09-25,20250925111500000,sh.600864,7.1800,7.1800,7.1600,7.1600,312500,2240184.0000,3
2025-09-25,20250925112000000,sh.600864,7.1600,7.1700,7.1500,7.1700,283200,2027744.0000,3
2025-09-25,20250925112500000,sh.600864,7.1600,7.1700,7.1600,7.1700,355900,2550352.0000,3
2025-09-25,20250925113000000,sh.600864,7.1800,7.1800,7.1600,7.1700,470300,3371232.0000,3
2025-09-25,20250925130500000,sh.600864,7.1600,7.1700,7.1500,7.1500,1095500,7841280.0000,3
2025-09-25,20250925131000000,sh.600864,7.1500,7.1700,7.1500,7.1600,286600,2052832.0000,3
2025-09-25,20250925131500000,sh.600864,7.1600,7.1700,7.1400,7.1400,572400,4096040.0000,3
2025-09-25,20250925132000000,sh.600864,7.1400,7.1500,7.1400,7.1400,355400,2538096.0000,3
2025-09-25,20250925132500000,sh.600864,7.1400,7.1500,7.1400,7.1400,423200,3022320.0000,3
2025-09-25,20250925133000000,sh.600864,7.1400,7.1500,7.1200,7.1300,827200,5898248.0000,3
2025-09-25,20250925133500000,sh.600864,7.1200,7.1400,7.1200,7.1200,663600,4728656.0000,3
2025-09-25,20250925134000000,sh.600864,7.1300,7.1400,7.1200,7.1400,485500,3461400.0000,3
2025-09-25,20250925134500000,sh.600864,7.1400,7.1600,7.1400,7.1600,593000,4237536.0000,3
2025-09-25,20250925135000000,sh.600864,7.1600,7.1600,7.1300,7.1400,357300,2552272.0000,3
2025-09-25,20250925135500000,sh.600864,7.1300,7.1400,7.1300,7.1400,241000,1720224.0000,3
2025-09-25,20250925140000000,sh.600864,7.1400,7.1400,7.1300,7.1400,168000,1198544.0000,3
2025-09-25,20250925140500000,sh.600864,7.1300,7.1500,7.1300,7.1500,578100,4127776.0000,3
2025-09-25,20250925141000000,sh.600864,7.1400,7.1500,7.1400,7.1500,59000,421616.0000,3
2025-09-25,20250925141500000,sh.600864,7.1500,7.1500,7.1300,7.1400,522400,3728400.0000,3
2025-09-25,20250925142000000,sh.600864,7.1300,7.1400,7.1300,7.1300,234400,1672000.0000,3
2025-09-25,20250925142500000,sh.600864,7.1400,7.1500,7.1400,7.1400,609800,4354624.0000,3
2025-09-25,20250925143000000,sh.600864,7.1400,7.1600,7.1300,7.1500,953500,6815792.0000,3
2025-09-25,20250925143500000,sh.600864,7.1400,7.1600,7.1300,7.1500,594700,4249664.0000,3
2025-09-25,20250925144000000,sh.600864,7.1400,7.1500,7.1300,7.1400,178900,1277040.0000,3
2025-09-25,20250925144500000,sh.600864,7.1400,7.1400,7.1200,7.1300,1043800,7437200.0000,3
2025-09-25,20250925145000000,sh.600864,7.1300,7.1400,7.1200,7.1200,413600,2946944.0000,3
2025-09-25,20250925145500000,sh.600864,7.1200,7.1200,7.1100,7.1200,1137100,8091472.0000,3
2025-09-25,20250925150000000,sh.600864,7.1200,7.1300,7.1100,7.1200,461200,3281888.0000,3
2025-09-26,20250926093500000,sh.600864,7.1000,7.1300,7.0800,7.1200,925200,6572332.0000,3
2025-09-26,20250926094000000,sh.600864,7.1200,7.1300,7.1100,7.1200,769200,5475862.0000,3
2025-09-26,20250926094500000,sh.600864,7.1300,7.1500,7.1200,7.1400,1167600,8331618.0000,3
2025-09-26,20250926095000000,sh.600864,7.1500,7.1800,7.1400,7.1700,1986300,14237448.0000,3
2025-09-26,20250926095500000,sh.600864,7.1600,7.1700,7.1500,7.1600,1329300,9520684.0000,3
2025-09-26,20250926100000000,sh.600864,7.1600,7.2000,7.1500,7.1900,3336100,23934648.0000,3
2025-09-26,20250926100500000,sh.600864,7.2000,7.2300,7.1800,7.2100,2453500,17698152.0000,3
2025-09-26,20250926101000000,sh.600864,7.2200,7.2500,7.2100,7.2400,2177500,15745024.0000,3
2025-09-26,20250926101500000,sh.600864,7.2300,7.2400,7.2100,7.2200,1308700,9462384.0000,3
2025-09-26,20250926102000000,sh.600864,7.2200,7.2200,7.2000,7.2100,564000,4067184.0000,3
2025-09-26,20250926102500000,sh.600864,7.2200,7.2200,7.1900,7.2100,477700,3441160.0000,3
2025-09-26,20250926103000000,sh.600864,7.2100,7.2100,7.1900,7.1900,257400,1853136.0000,3
2025-09-26,20250926103500000,sh.600864,7.2000,7.2000,7.1900,7.2000,218900,1574368.0000,3
2025-09-26,20250926104000000,sh.600864,7.1900,7.2100,7.1800,7.2100,771700,5549840.0000,3
2025-09-26,20250926104500000,sh.600864,7.2100,7.2200,7.1900,7.2000,294300,2120352.0000,3
2025-09-26,20250926105000000,sh.600864,7.2000,7.2200,7.1900,7.2200,418100,3012328.0000,3
2025-09-26,20250926105500000,sh.600864,7.2100,7.2300,7.2100,7.2200,489400,3533496.0000,3
2025-09-26,20250926110000000,sh.600864,7.2200,7.2200,7.2000,7.2100,354100,2552352.0000,3
2025-09-26,20250926110500000,sh.600864,7.2100,7.2200,7.2000,7.2200,587900,4245808.0000,3
2025-09-26,20250926111000000,sh.600864,7.2100,7.2200,7.2100,7.2200,100500,725168.0000,3
2025-09-26,20250926111500000,sh.600864,7.2200,7.2200,7.2000,7.2100,197600,1424304.0000,3
2025-09-26,20250926112000000,sh.600864,7.2100,7.2100,7.1900,7.2000,220200,1585280.0000,3
2025-09-26,20250926112500000,sh.600864,7.1900,7.1900,7.1700,7.1700,378300,2717744.0000,3
2025-09-26,20250926113000000,sh.600864,7.1700,7.1900,7.1700,7.1800,146200,1049824.0000,3
2025-09-26,20250926130500000,sh.600864,7.1800,7.1900,7.1700,7.1800,470300,3376304.0000,3
2025-09-26,20250926131000000,sh.600864,7.1800,7.1800,7.1700,7.1800,279000,2001328.0000,3
2025-09-26,20250926131500000,sh.600864,7.1800,7.2000,7.1700,7.2000,609900,4382368.0000,3
2025-09-26,20250926132000000,sh.600864,7.2000,7.2000,7.1900,7.2000,211000,1518064.0000,3
2025-09-26,20250926132500000,sh.600864,7.1900,7.2000,7.1900,7.2000,249100,1792736.0000,3
2025-09-26,20250926133000000,sh.600864,7.2000,7.2100,7.1900,7.2100,804500,5793232.0000,3
2025-09-26,20250926133500000,sh.600864,7.2000,7.2100,7.1800,7.2000,622700,4479408.0000,3
2025-09-26,20250926134000000,sh.600864,7.2000,7.2000,7.1900,7.2000,257200,1849728.0000,3
2025-09-26,20250926134500000,sh.600864,7.1900,7.2000,7.1800,7.2000,355200,2554656.0000,3
2025-09-26,20250926135000000,sh.600864,7.1900,7.2400,7.1900,7.2400,1962400,14171424.0000,3
2025-09-26,20250926135500000,sh.600864,7.2400,7.2400,7.2000,7.2200,1365100,9861808.0000,3
2025-09-26,20250926140000000,sh.600864,7.2200,7.2200,7.1800,7.1900,617600,4440448.0000,3
2025-09-26,20250926140500000,sh.600864,7.1900,7.1900,7.1700,7.1900,278200,1998368.0000,3
2025-09-26,20250926141000000,sh.600864,7.1900,7.2000,7.1800,7.1900,351700,2527296.0000,3
2025-09-26,20250926141500000,sh.600864,7.2000,7.2000,7.1800,7.1900,446000,3203472.0000,3
2025-09-26,20250926142000000,sh.600864,7.1900,7.2000,7.1800,7.1800,250600,1801264.0000,3
2025-09-26,20250926142500000,sh.600864,7.1900,7.2000,7.1800,7.1800,387900,2788944.0000,3
2025-09-26,20250926143000000,sh.600864,7.1800,7.1900,7.1600,7.1700,746400,5356064.0000,3
2025-09-26,20250926143500000,sh.600864,7.1800,7.1900,7.1600,7.1700,597000,4282576.0000,3
2025-09-26,20250926144000000,sh.600864,7.1600,7.1800,7.1600,7.1700,460300,3299328.0000,3
2025-09-26,20250926144500000,sh.600864,7.1700,7.1800,7.1600,7.1800,496200,3556960.0000,3
2025-09-26,20250926145000000,sh.600864,7.1800,7.1800,7.1500,7.1600,926500,6637904.0000,3
2025-09-26,20250926145500000,sh.600864,7.1600,7.1600,7.1400,7.1500,1686700,12057056.0000,3
2025-09-26,20250926150000000,sh.600864,7.1500,7.1800,7.1400,7.1600,1428700,10232992.0000,3
2025-09-29,20250929093500000,sh.600864,7.1400,7.1900,7.1200,7.1600,1854000,13258264.0000,3
2025-09-29,20250929094000000,sh.600864,7.1600,7.1600,7.1200,7.1200,1298500,9260348.0000,3
2025-09-29,20250929094500000,sh.600864,7.1200,7.1700,7.1100,7.1500,1458700,10418180.0000,3
2025-09-29,20250929095000000,sh.600864,7.1600,7.1800,7.1400,7.1600,801100,5734092.0000,3
2025-09-29,20250929095500000,sh.600864,7.1600,7.1600,7.1400,7.1500,471500,3371696.0000,3
2025-09-29,20250929100000000,sh.600864,7.1500,7.1800,7.1400,7.1800,723300,5177644.0000,3
2025-09-29,20250929100500000,sh.600864,7.1800,7.1800,7.1500,7.1700,728300,5219548.0000,3
2025-09-29,20250929101000000,sh.600864,7.1700,7.1700,7.1500,7.1700,776500,5561828.0000,3
2025-09-29,20250929101500000,sh.600864,7.1900,7.1900,7.1800,7.1900,735000,5277496.0000,3
2025-09-29,20250929102000000,sh.600864,7.1900,7.2200,7.1900,7.2200,1058900,7631224.0000,3
2025-09-29,20250929102500000,sh.600864,7.2200,7.2300,7.2000,7.2200,1004500,7246304.0000,3
2025-09-29,20250929103000000,sh.600864,7.2300,7.2500,7.2200,7.2500,1492600,10796096.0000,3
2025-09-29,20250929103500000,sh.600864,7.2500,7.2600,7.2300,7.2500,1406100,10189096.0000,3
2025-09-29,20250929104000000,sh.600864,7.2600,7.2600,7.2400,7.2500,918500,6660888.0000,3
2025-09-29,20250929104500000,sh.600864,7.2500,7.2800,7.2400,7.2800,1295700,9414984.0000,3
2025-09-29,20250929105000000,sh.600864,7.2800,7.3000,7.2700,7.2800,2177100,15859944.0000,3
2025-09-29,20250929105500000,sh.600864,7.2800,7.2800,7.2600,7.2700,1286900,9355616.0000,3
2025-09-29,20250929110000000,sh.600864,7.2700,7.2700,7.2500,7.2600,1005600,7301728.0000,3
2025-09-29,20250929110500000,sh.600864,7.2600,7.2800,7.2500,7.2800,1153000,8380080.0000,3
2025-09-29,20250929111000000,sh.600864,7.2800,7.2900,7.2500,7.2500,1027100,7471072.0000,3
2025-09-29,20250929111500000,sh.600864,7.2600,7.2700,7.2500,7.2600,553300,4016080.0000,3
2025-09-29,20250929112000000,sh.600864,7.2600,7.2800,7.2600,7.2700,552900,4019360.0000,3
2025-09-29,20250929112500000,sh.600864,7.2700,7.2800,7.2500,7.2800,721300,5240576.0000,3
2025-09-29,20250929113000000,sh.600864,7.2700,7.2900,7.2600,7.2900,981500,7140800.0000,3
2025-09-29,20250929130500000,sh.600864,7.2800,7.2900,7.2500,7.2800,1328600,9660848.0000,3
2025-09-29,20250929131000000,sh.600864,7.2700,7.3000,7.2700,7.2800,2045900,14911920.0000,3
2025-09-29,20250929131500000,sh.600864,7.2800,7.2900,7.2700,7.2900,738500,5376848.0000,3
2025-09-29,20250929132000000,sh.600864,7.2900,7.3000,7.2800,7.2900,996300,7261056.0000,3
2025-09-29,20250929132500000,sh.600864,7.2800,7.3000,7.2800,7.3000,1149200,8379424.0000,3
2025-09-29,20250929133000000,sh.600864,7.2900,7.3500,7.2900,7.3400,2879700,21091472.0000,3
2025-09-29,20250929133500000,sh.600864,7.3500,7.3900,7.3400,7.3900,5014300,36949952.0000,3
2025-09-29,20250929134000000,sh.600864,7.3800,7.4000,7.3600,7.4000,3216700,23758208.0000,3
2025-09-29,20250929134500000,sh.600864,7.4000,7.4300,7.3800,7.4300,3752100,27825376.0000,3
2025-09-29,20250929135000000,sh.600864,7.4100,7.4500,7.4100,7.4500,4012400,29818368.0000,3
2025-09-29,20250929135500000,sh.600864,7.4600,7.5000,7.4400,7.5000,4197500,31360736.0000,3
2025-09-29,20250929140000000,sh.600864,7.5100,7.5300,7.4600,7.4800,4870700,36550016.0000,3
2025-09-29,20250929140500000,sh.600864,7.4900,7.5400,7.4800,7.5100,3677300,27607712.0000,3
2025-09-29,20250929141000000,sh.600864,7.5000,7.5100,7.4600,7.4600,1510600,11305728.0000,3
2025-09-29,20250929141500000,sh.600864,7.4600,7.4700,7.4300,7.4300,1914800,14265376.0000,3
2025-09-29,20250929142000000,sh.600864,7.4300,7.4500,7.4200,7.4300,1299200,9655936.0000,3
2025-09-29,20250929142500000,sh.600864,7.4400,7.4400,7.4300,7.4400,589300,4379840.0000,3
2025-09-29,20250929143000000,sh.600864,7.4300,7.4400,7.4200,7.4400,810000,6016640.0000,3
2025-09-29,20250929143500000,sh.600864,7.4400,7.4500,7.4200,7.4200,808100,6007616.0000,3
2025-09-29,20250929144000000,sh.600864,7.4300,7.4300,7.4100,7.4300,729400,5413952.0000,3
2025-09-29,20250929144500000,sh.600864,7.4200,7.4300,7.4100,7.4200,762900,5660416.0000,3
2025-09-29,20250929145000000,sh.600864,7.4100,7.4300,7.4100,7.4300,1053500,7815518.0000,3
2025-09-29,20250929145500000,sh.600864,7.4300,7.4400,7.4200,7.4200,1598400,11873755.0000,3
2025-09-29,20250929150000000,sh.600864,7.4300,7.4500,7.4300,7.4400,2003200,14902538.0000,3
2025-09-30,20250930093500000,sh.600864,7.3800,7.4200,7.3500,7.3500,5183400,38294512.0000,3
2025-09-30,20250930094000000,sh.600864,7.3500,7.4100,7.3500,7.3700,2336900,17259620.0000,3
2025-09-30,20250930094500000,sh.600864,7.3700,7.3900,7.3500,7.3600,2406800,17733012.0000,3
2025-09-30,20250930095000000,sh.600864,7.3600,7.3800,7.3400,7.3400,1669000,12278056.0000,3
2025-09-30,20250930095500000,sh.600864,7.3300,7.3600,7.3300,7.3500,2377900,17471304.0000,3
2025-09-30,20250930100000000,sh.600864,7.3500,7.3600,7.3300,7.3400,1265100,9291864.0000,3
2025-09-30,20250930100500000,sh.600864,7.3300,7.3500,7.3300,7.3400,1405100,10315840.0000,3
2025-09-30,20250930101000000,sh.600864,7.3400,7.3400,7.3100,7.3200,2240700,16411536.0000,3
2025-09-30,20250930101500000,sh.600864,7.3300,7.3500,7.3200,7.3500,913900,6705072.0000,3
2025-09-30,20250930102000000,sh.600864,7.3500,7.3600,7.3400,7.3500,522000,3834608.0000,3
2025-09-30,20250930102500000,sh.600864,7.3500,7.3600,7.3400,7.3500,777000,5709040.0000,3
2025-09-30,20250930103000000,sh.600864,7.3400,7.3500,7.3200,7.3200,703600,5157840.0000,3
2025-09-30,20250930103500000,sh.600864,7.3300,7.3400,7.3200,7.3300,466600,3420672.0000,3
2025-09-30,20250930104000000,sh.600864,7.3300,7.3400,7.3200,7.3200,615500,4509024.0000,3
2025-09-30,20250930104500000,sh.600864,7.3300,7.3300,7.3200,7.3300,230100,1684960.0000,3
2025-09-30,20250930105000000,sh.600864,7.3200,7.3400,7.3200,7.3200,657100,4815760.0000,3
2025-09-30,20250930105500000,sh.600864,7.3200,7.3300,7.3200,7.3200,387400,2838304.0000,3
2025-09-30,20250930110000000,sh.600864,7.3200,7.3400,7.3200,7.3400,279400,2048992.0000,3
2025-09-30,20250930110500000,sh.600864,7.3400,7.3400,7.3200,7.3200,398800,2924064.0000,3
2025-09-30,20250930111000000,sh.600864,7.3200,7.3400,7.3100,7.3300,3328700,24329392.0000,3
2025-09-30,20250930111500000,sh.600864,7.3300,7.3600,7.3200,7.3500,1016200,7463872.0000,3
2025-09-30,20250930112000000,sh.600864,7.3600,7.3600,7.3400,7.3500,360800,2651936.0000,3
2025-09-30,20250930112500000,sh.600864,7.3500,7.3600,7.3500,7.3600,357400,2628640.0000,3
2025-09-30,20250930113000000,sh.600864,7.3500,7.3700,7.3500,7.3600,329900,2427376.0000,3
2025-09-30,20250930130500000,sh.600864,7.3600,7.3600,7.3400,7.3600,769100,5653184.0000,3
2025-09-30,20250930131000000,sh.600864,7.3600,7.3800,7.3500,7.3700,621100,4573808.0000,3
2025-09-30,20250930131500000,sh.600864,7.3700,7.3900,7.3600,7.3900,1010300,7456672.0000,3
2025-09-30,20250930132000000,sh.600864,7.3900,7.4100,7.3900,7.4000,1060800,7854416.0000,3
2025-09-30,20250930132500000,sh.600864,7.4000,7.4000,7.3700,7.3800,756100,5585616.0000,3
2025-09-30,20250930133000000,sh.600864,7.4000,7.4000,7.3700,7.3900,710400,5247776.0000,3
2025-09-30,20250930133500000,sh.600864,7.3800,7.4000,7.3800,7.3900,803700,5938400.0000,3
2025-09-30,20250930134000000,sh.600864,7.3900,7.3900,7.3700,7.3800,465100,3430960.0000,3
2025-09-30,20250930134500000,sh.600864,7.3900,7.3900,7.3800,7.3800,349000,2576752.0000,3
2025-09-30,20250930135000000,sh.600864,7.3900,7.3900,7.3700,7.3700,541900,3998656.0000,3
2025-09-30,20250930135500000,sh.600864,7.3700,7.3800,7.3600,7.3600,334600,2465760.0000,3
2025-09-30,20250930140000000,sh.600864,7.3700,7.3800,7.3500,7.3700,688300,5068608.0000,3
2025-09-30,20250930140500000,sh.600864,7.3700,7.3800,7.3600,7.3700,208600,1536960.0000,3
2025-09-30,20250930141000000,sh.600864,7.3800,7.3800,7.3600,7.3700,337400,2484800.0000,3
2025-09-30,20250930141500000,sh.600864,7.3700,7.3700,7.3600,7.3700,244100,1798208.0000,3
2025-09-30,20250930142000000,sh.600864,7.3700,7.3800,7.3600,7.3700,638200,4705120.0000,3
2025-09-30,20250930142500000,sh.600864,7.3700,7.3800,7.3700,7.3800,415900,3066688.0000,3
2025-09-30,20250930143000000,sh.600864,7.3800,7.3800,7.3600,7.3600,621200,4576256.0000,3
2025-09-30,20250930143500000,sh.600864,7.3700,7.3700,7.3500,7.3500,622100,4576928.0000,3
2025-09-30,20250930144000000,sh.600864,7.3500,7.3600,7.3400,7.3400,780900,5737056.0000,3
2025-09-30,20250930144500000,sh.600864,7.3500,7.3600,7.3400,7.3600,896900,6591936.0000,3
2025-09-30,20250930145000000,sh.600864,7.3500,7.3600,7.3400,7.3500,1124600,8264832.0000,3
2025-09-30,20250930145500000,sh.600864,7.3400,7.3500,7.3400,7.3500,1653000,12140448.0000,3
2025-09-30,20250930150000000,sh.600864,7.3400,7.3500,7.3400,7.3500,1107000,8134272.0000,3
2025-10-09,20251009093500000,sh.600864,7.3400,7.3500,7.3100,7.3400,2510400,18395628.0000,3
2025-10-09,20251009094000000,sh.600864,7.3300,7.3500,7.3000,7.3100,4249000,31055204.0000,3
2025-10-09,20251009094500000,sh.600864,7.3100,7.3300,7.3100,7.3200,1754700,12839096.0000,3
2025-10-09,20251009095000000,sh.600864,7.3200,7.3300,7.2800,7.2800,1918500,14001776.0000,3
2025-10-09,20251009095500000,sh.600864,7.2900,7.3000,7.2700,7.2900,1623200,11818480.0000,3
2025-10-09,20251009100000000,sh.600864,7.2800,7.3000,7.2700,7.3000,921000,6708936.0000,3
2025-10-09,20251009100500000,sh.600864,7.3000,7.3000,7.2700,7.2800,792500,5773736.0000,3
2025-10-09,20251009101000000,sh.600864,7.2800,7.3000,7.2800,7.3000,551800,4020936.0000,3
2025-10-09,20251009101500000,sh.600864,7.2900,7.3700,7.2900,7.3600,2486900,18279136.0000,3
2025-10-09,20251009102000000,sh.600864,7.3600,7.3800,7.3500,7.3600,1677800,12360928.0000,3
2025-10-09,20251009102500000,sh.600864,7.3700,7.3800,7.3500,7.3600,1202300,8853664.0000,3
2025-10-09,20251009103000000,sh.600864,7.3600,7.3800,7.3600,7.3700,912300,6723440.0000,3
2025-10-09,20251009103500000,sh.600864,7.3800,7.3900,7.3600,7.3900,1590100,11736048.0000,3
2025-10-09,20251009104000000,sh.600864,7.3900,7.4200,7.3700,7.4000,1713800,12679936.0000,3
2025-10-09,20251009104500000,sh.600864,7.4000,7.4200,7.3900,7.4100,1064000,7881728.0000,3
2025-10-09,20251009105000000,sh.600864,7.4100,7.4200,7.4000,7.4200,653000,4838912.0000,3
2025-10-09,20251009105500000,sh.600864,7.4200,7.4200,7.3900,7.3900,1521900,11267616.0000,3
2025-10-09,20251009110000000,sh.600864,7.3900,7.4000,7.3800,7.3900,641300,4741152.0000,3
2025-10-09,20251009110500000,sh.600864,7.4000,7.4100,7.3900,7.4000,598900,4434528.0000,3
2025-10-09,20251009111000000,sh.600864,7.4100,7.4100,7.3800,7.4000,1164000,8608096.0000,3
2025-10-09,20251009111500000,sh.600864,7.3900,7.4100,7.3900,7.4000,951000,7039712.0000,3
2025-10-09,20251009112000000,sh.600864,7.4100,7.4100,7.4000,7.4100,492400,3646736.0000,3
2025-10-09,20251009112500000,sh.600864,7.4100,7.4100,7.3900,7.4000,390900,2894384.0000,3
2025-10-09,20251009113000000,sh.600864,7.4000,7.4000,7.3900,7.4000,266500,1971424.0000,3
2025-10-09,20251009130500000,sh.600864,7.4000,7.4100,7.3900,7.4000,621500,4596336.0000,3
2025-10-09,20251009131000000,sh.600864,7.3900,7.4100,7.3800,7.3800,2498100,18432144.0000,3
2025-10-09,20251009131500000,sh.600864,7.3700,7.3800,7.3700,7.3700,386200,2848144.0000,3
2025-10-09,20251009132000000,sh.600864,7.3700,7.3800,7.3600,7.3600,978800,7209152.0000,3
2025-10-09,20251009132500000,sh.600864,7.3600,7.3800,7.3600,7.3800,466000,3435952.0000,3
2025-10-09,20251009133000000,sh.600864,7.3700,7.3900,7.3700,7.3900,212500,1568256.0000,3
2025-10-09,20251009133500000,sh.600864,7.3800,7.3900,7.3800,7.3800,310300,2290240.0000,3
2025-10-09,20251009134000000,sh.600864,7.3800,7.3900,7.3700,7.3800,479100,3533792.0000,3
2025-10-09,20251009134500000,sh.600864,7.3800,7.3900,7.3700,7.3800,305700,2257600.0000,3
2025-10-09,20251009135000000,sh.600864,7.3800,7.3900,7.3700,7.3700,291600,2150720.0000,3
2025-10-09,20251009135500000,sh.600864,7.3700,7.3800,7.3700,7.3700,219200,1616160.0000,3
2025-10-09,20251009140000000,sh.600864,7.3700,7.3900,7.3700,7.3900,360600,2660480.0000,3
2025-10-09,20251009140500000,sh.600864,7.3900,7.3900,7.3800,7.3900,309700,2286944.0000,3
2025-10-09,20251009141000000,sh.600864,7.3800,7.3900,7.3800,7.3900,328400,2424096.0000,3
2025-10-09,20251009141500000,sh.600864,7.3800,7.3900,7.3800,7.3900,147700,1090112.0000,3
2025-10-09,20251009142000000,sh.600864,7.3800,7.4000,7.3800,7.3900,606800,4484192.0000,3
2025-10-09,20251009142500000,sh.600864,7.3900,7.4000,7.3800,7.3800,517400,3822912.0000,3
2025-10-09,20251009143000000,sh.600864,7.3800,7.3900,7.3700,7.3800,804500,5934624.0000,3
2025-10-09,20251009143500000,sh.600864,7.3800,7.3800,7.3700,7.3800,857100,6317344.0000,3
2025-10-09,20251009144000000,sh.600864,7.3800,7.3800,7.3700,7.3700,772100,5691072.0000,3
2025-10-09,20251009144500000,sh.600864,7.3700,7.3800,7.3700,7.3700,636000,4691328.0000,3
2025-10-09,20251009145000000,sh.600864,7.3800,7.4000,7.3700,7.3900,1409600,10412992.0000,3
2025-10-09,20251009145500000,sh.600864,7.3900,7.4000,7.3800,7.4000,1310000,9682304.0000,3
2025-10-09,20251009150000000,sh.600864,7.4000,7.4100,7.3900,7.4000,867500,6421088.0000,3
2025-10-10,20251010093500000,sh.600864,7.3600,7.4100,7.3500,7.4100,2077000,15323282.0000,3
2025-10-10,20251010094000000,sh.600864,7.4100,7.4300,7.4000,7.4000,1969000,14605414.0000,3
2025-10-10,20251010094500000,sh.600864,7.4000,7.4100,7.3900,7.3900,1713600,12677820.0000,3
2025-10-10,20251010095000000,sh.600864,7.3900,7.4700,7.3800,7.4600,3385400,25100428.0000,3
2025-10-10,20251010095500000,sh.600864,7.4600,7.5100,7.4500,7.4800,3869900,28966160.0000,3
2025-10-10,20251010100000000,sh.600864,7.4800,7.4900,7.4400,7.4500,1995800,14909136.0000,3
2025-10-10,20251010100500000,sh.600864,7.4400,7.4700,7.4300,7.4600,1952800,14546896.0000,3
2025-10-10,20251010101000000,sh.600864,7.4600,7.4900,7.4400,7.4800,1526600,11392800.0000,3
2025-10-10,20251010101500000,sh.600864,7.4800,7.4800,7.4500,7.4600,940400,7021184.0000,3
2025-10-10,20251010102000000,sh.600864,7.4600,7.4800,7.4500,7.4700,1462600,10924672.0000,3
2025-10-10,20251010102500000,sh.600864,7.4700,7.4800,7.4600,7.4700,860600,6430864.0000,3
2025-10-10,20251010103000000,sh.600864,7.4700,7.5200,7.4700,7.5100,2601300,19510128.0000,3
2025-10-10,20251010103500000,sh.600864,7.5200,7.5300,7.5000,7.5100,2438600,18335440.0000,3
2025-10-10,20251010104000000,sh.600864,7.5200,7.5300,7.5000,7.5000,2089100,15713968.0000,3
2025-10-10,20251010104500000,sh.600864,7.5000,7.5000,7.4800,7.4800,1035000,7754224.0000,3
2025-10-10,20251010105000000,sh.600864,7.4800,7.5000,7.4800,7.4800,939300,7031568.0000,3
2025-10-10,20251010105500000,sh.600864,7.4800,7.4900,7.4700,7.4800,553500,4139712.0000,3
2025-10-10,20251010110000000,sh.600864,7.4700,7.4900,7.4700,7.4900,764500,5714720.0000,3
2025-10-10,20251010110500000,sh.600864,7.4900,7.4900,7.4700,7.4700,425200,3179888.0000,3
2025-10-10,20251010111000000,sh.600864,7.4800,7.4800,7.4600,7.4600,538500,4020032.0000,3
2025-10-10,20251010111500000,sh.600864,7.4600,7.4800,7.4600,7.4700,469700,3508208.0000,3
2025-10-10,20251010112000000,sh.600864,7.4700,7.4700,7.4600,7.4600,376000,2807936.0000,3
2025-10-10,20251010112500000,sh.600864,7.4700,7.4700,7.4400,7.4400,857500,6389952.0000,3
2025-10-10,20251010113000000,sh.600864,7.4400,7.4600,7.4400,7.4600,991200,7382560.0000,3
2025-10-10,20251010130500000,sh.600864,7.4600,7.4700,7.4400,7.4600,638800,4764720.0000,3
2025-10-10,20251010131000000,sh.600864,7.4600,7.4800,7.4500,7.4800,645300,4815296.0000,3
2025-10-10,20251010131500000,sh.600864,7.4800,7.4800,7.4600,7.4700,654100,4889248.0000,3
2025-10-10,20251010132000000,sh.600864,7.4800,7.4900,7.4700,7.4700,909400,6804448.0000,3
2025-10-10,20251010132500000,sh.600864,7.4700,7.4900,7.4700,7.4900,320900,2400256.0000,3
2025-10-10,20251010133000000,sh.600864,7.4900,7.4900,7.4800,7.4800,640600,4794080.0000,3
2025-10-10,20251010133500000,sh.600864,7.4800,7.5200,7.4700,7.5100,2367300,17742208.0000,3
2025-10-10,20251010134000000,sh.600864,7.5200,7.5200,7.4600,7.4800,1260100,9437536.0000,3
2025-10-10,20251010134500000,sh.600864,7.4700,7.4800,7.4600,7.4800,428500,3202656.0000,3
2025-10-10,20251010135000000,sh.600864,7.4800,7.5200,7.4800,7.5200,2334000,17534496.0000,3
2025-10-10,20251010135500000,sh.600864,7.5200,7.5300,7.5100,7.5300,1770800,13315136.0000,3
2025-10-10,20251010140000000,sh.600864,7.5200,7.5800,7.5200,7.5800,4784500,36136032.0000,3
2025-10-10,20251010140500000,sh.600864,7.5700,7.5800,7.5400,7.5400,2912500,22038912.0000,3
2025-10-10,20251010141000000,sh.600864,7.5500,7.5500,7.5200,7.5300,1445100,10888928.0000,3
2025-10-10,20251010141500000,sh.600864,7.5200,7.5300,7.5000,7.5100,765000,5746912.0000,3
2025-10-10,20251010142000000,sh.600864,7.5100,7.5200,7.4900,7.5100,1339700,10049664.0000,3
2025-10-10,20251010142500000,sh.600864,7.5100,7.5200,7.5000,7.5100,717500,5389408.0000,3
2025-10-10,20251010143000000,sh.600864,7.5100,7.5200,7.5000,7.5100,605200,4543840.0000,3
2025-10-10,20251010143500000,sh.600864,7.5000,7.5100,7.4900,7.5000,1328300,9963872.0000,3
2025-10-10,20251010144000000,sh.600864,7.5000,7.5200,7.5000,7.5100,483700,3634016.0000,3
2025-10-10,20251010144500000,sh.600864,7.5100,7.5200,7.5000,7.5000,1344500,10094688.0000,3
2025-10-10,20251010145000000,sh.600864,7.5000,7.5100,7.4800,7.4900,1541800,11557024.0000,3
2025-10-10,20251010145500000,sh.600864,7.4900,7.5000,7.4800,7.4900,1515500,11354944.0000,3
2025-10-10,20251010150000000,sh.600864,7.5000,7.5200,7.4900,7.5200,1358000,10198592.0000,3
2025-10-13,20251013093500000,sh.600864,7.3300,7.4400,7.3300,7.3900,6639600,49029044.0000,3
2025-10-13,20251013094000000,sh.600864,7.3900,7.4100,7.3300,7.3700,3912800,28804252.0000,3
2025-10-13,20251013094500000,sh.600864,7.3600,7.3900,7.3500,7.3600,2222800,16384784.0000,3
2025-10-13,20251013095000000,sh.600864,7.3500,7.3800,7.3500,7.3700,1381600,10176888.0000,3
2025-10-13,20251013095500000,sh.600864,7.3700,7.4000,7.3600,7.3900,1581500,11658528.0000,3
2025-10-13,20251013100000000,sh.600864,7.3900,7.3900,7.3600,7.3700,848300,6254048.0000,3
2025-10-13,20251013100500000,sh.600864,7.3600,7.3800,7.3500,7.3500,1042000,7671760.0000,3
2025-10-13,20251013101000000,sh.600864,7.3500,7.3800,7.3500,7.3800,998200,7353752.0000,3
2025-10-13,20251013101500000,sh.600864,7.3800,7.3800,7.3600,7.3700,631300,4652592.0000,3
2025-10-13,20251013102000000,sh.600864,7.3800,7.3800,7.3700,7.3700,502700,3708624.0000,3
2025-10-13,20251013102500000,sh.600864,7.3700,7.3900,7.3700,7.3900,547800,4043632.0000,3
2025-10-13,20251013103000000,sh.600864,7.3900,7.4000,7.3800,7.4000,441200,3258528.0000,3
2025-10-13,20251013103500000,sh.600864,7.4000,7.4300,7.3900,7.4200,838800,6216240.0000,3
2025-10-13,20251013104000000,sh.600864,7.4300,7.4500,7.4000,7.4200,1176200,8739712.0000,3
2025-10-13,20251013104500000,sh.600864,7.4100,7.4400,7.4100,7.4300,507200,3764528.0000,3
2025-10-13,20251013105000000,sh.600864,7.4300,7.4400,7.4200,7.4200,351800,2613488.0000,3
2025-10-13,20251013105500000,sh.600864,7.4300,7.4300,7.4000,7.4200,680300,5042672.0000,3
2025-10-13,20251013110000000,sh.600864,7.4200,7.4200,7.4000,7.4100,213700,1583840.0000,3
2025-10-13,20251013110500000,sh.600864,7.4100,7.4100,7.4000,7.4100,219600,1626544.0000,3
2025-10-13,20251013111000000,sh.600864,7.4100,7.4100,7.3900,7.4000,396000,2930608.0000,3
2025-10-13,20251013111500000,sh.600864,7.4000,7.4100,7.3900,7.4000,267800,1981712.0000,3
2025-10-13,20251013112000000,sh.600864,7.3900,7.4100,7.3900,7.4000,255900,1894192.0000,3
2025-10-13,20251013112500000,sh.600864,7.4000,7.4100,7.3800,7.3900,578000,4272688.0000,3
2025-10-13,20251013113000000,sh.600864,7.3900,7.4000,7.3700,7.3800,741500,5469328.0000,3
2025-10-13,20251013130500000,sh.600864,7.3700,7.3800,7.3500,7.3600,1001000,7367632.0000,3
2025-10-13,20251013131000000,sh.600864,7.3600,7.3700,7.3500,7.3600,547400,4028608.0000,3
2025-10-13,20251013131500000,sh.600864,7.3700,7.3800,7.3600,7.3800,496100,3655760.0000,3
2025-10-13,20251013132000000,sh.600864,7.3800,7.3900,7.3700,7.3800,291100,2147648.0000,3
2025-10-13,20251013132500000,sh.600864,7.3700,7.3800,7.3600,7.3700,779600,5745968.0000,3
2025-10-13,20251013133000000,sh.600864,7.3600,7.4000,7.3600,7.3900,1946500,14354736.0000,3
2025-10-13,20251013133500000,sh.600864,7.4000,7.4700,7.3900,7.4700,2025200,15066320.0000,3
2025-10-13,20251013134000000,sh.600864,7.4600,7.4700,7.4300,7.4700,1224300,9113648.0000,3
2025-10-13,20251013134500000,sh.600864,7.4600,7.5000,7.4500,7.4600,1519900,11361776.0000,3
2025-10-13,20251013135000000,sh.600864,7.4600,7.4800,7.4500,7.4600,925400,6907904.0000,3
2025-10-13,20251013135500000,sh.600864,7.4500,7.4700,7.4500,7.4600,441000,3290752.0000,3
2025-10-13,20251013140000000,sh.600864,7.4600,7.4600,7.4500,7.4600,302300,2254400.0000,3
2025-10-13,20251013140500000,sh.600864,7.4500,7.4600,7.4500,7.4600,771000,5746912.0000,3
2025-10-13,20251013141000000,sh.600864,7.4500,7.4600,7.4400,7.4500,322700,2403936.0000,3
2025-10-13,20251013141500000,sh.600864,7.4400,7.4800,7.4400,7.4700,812300,6067264.0000,3
2025-10-13,20251013142000000,sh.600864,7.4700,7.4700,7.4600,7.4700,299000,2231648.0000,3
2025-10-13,20251013142500000,sh.600864,7.4700,7.4900,7.4700,7.4800,509200,3807200.0000,3
2025-10-13,20251013143000000,sh.600864,7.4700,7.4800,7.4600,7.4700,517400,3866752.0000,3
2025-10-13,20251013143500000,sh.600864,7.4700,7.5000,7.4700,7.5000,802800,6007776.0000,3
2025-10-13,20251013144000000,sh.600864,7.5000,7.5000,7.4800,7.4800,965700,7235168.0000,3
2025-10-13,20251013144500000,sh.600864,7.4800,7.5100,7.4700,7.5100,1784300,13365376.0000,3
2025-10-13,20251013145000000,sh.600864,7.5100,7.5200,7.5000,7.5200,1325800,9956960.0000,3
2025-10-13,20251013145500000,sh.600864,7.5100,7.5100,7.5000,7.5100,1264300,9492512.0000,3
2025-10-13,20251013150000000,sh.600864,7.5000,7.5100,7.5000,7.5000,1009400,7574272.0000,3
2025-10-14,20251014093500000,sh.600864,7.4900,7.5900,7.4900,7.5700,4635400,34940800.0000,3
2025-10-14,20251014094000000,sh.600864,7.5800,7.6300,7.5700,7.6200,4745600,36075064.0000,3
2025-10-14,20251014094500000,sh.600864,7.6200,7.6400,7.5600,7.5600,3534000,26850096.0000,3
2025-10-14,20251014095000000,sh.600864,7.5600,7.5800,7.5500,7.5600,1545100,11682896.0000,3
2025-10-14,20251014095500000,sh.600864,7.5600,7.5800,7.5600,7.5700,1175700,8901760.0000,3
2025-10-14,20251014100000000,sh.600864,7.5700,7.5900,7.5700,7.5800,1071100,8115224.0000,3
2025-10-14,20251014100500000,sh.600864,7.5800,7.5800,7.5500,7.5600,1957100,14787200.0000,3
2025-10-14,20251014101000000,sh.600864,7.5600,7.5700,7.5400,7.5400,634900,4797664.0000,3
2025-10-14,20251014101500000,sh.600864,7.5400,7.5600,7.5300,7.5400,1165500,8788560.0000,3
2025-10-14,20251014102000000,sh.600864,7.5400,7.5700,7.5400,7.5600,1085500,8199200.0000,3
2025-10-14,20251014102500000,sh.600864,7.5500,7.5700,7.5500,7.5700,658300,4976048.0000,3
2025-10-14,20251014103000000,sh.600864,7.5600,7.5700,7.5400,7.5400,717000,5418128.0000,3
2025-10-14,20251014103500000,sh.600864,7.5400,7.5500,7.5300,7.5300,748500,5642656.0000,3
2025-10-14,20251014104000000,sh.600864,7.5300,7.5600,7.5300,7.5500,446500,3365968.0000,3
2025-10-14,20251014104500000,sh.600864,7.5500,7.6000,7.5400,7.5900,2089100,15820000.0000,3
2025-10-14,20251014105000000,sh.600864,7.5700,7.5800,7.5400,7.5400,1056000,7987152.0000,3
2025-10-14,20251014105500000,sh.600864,7.5300,7.5600,7.5300,7.5300,656500,4954880.0000,3
2025-10-14,20251014110000000,sh.600864,7.5500,7.5500,7.5400,7.5400,622700,4695280.0000,3
2025-10-14,20251014110500000,sh.600864,7.5400,7.5700,7.5400,7.5500,387000,2924080.0000,3
2025-10-14,20251014111000000,sh.600864,7.5500,7.5600,7.5300,7.5300,662500,4996576.0000,3
2025-10-14,20251014111500000,sh.600864,7.5400,7.5400,7.5100,7.5300,853200,6421008.0000,3
2025-10-14,20251014112000000,sh.600864,7.5400,7.5400,7.5200,7.5300,546500,4116400.0000,3
2025-10-14,20251014112500000,sh.600864,7.5300,7.5400,7.5200,7.5300,421100,3169616.0000,3
2025-10-14,20251014113000000,sh.600864,7.5400,7.5400,7.5200,7.5300,331200,2495056.0000,3
2025-10-14,20251014130500000,sh.600864,7.5400,7.5400,7.4800,7.4800,1085100,8143616.0000,3
2025-10-14,20251014131000000,sh.600864,7.4800,7.5000,7.4800,7.4800,803000,6012560.0000,3
2025-10-14,20251014131500000,sh.600864,7.4900,7.4900,7.4700,7.4900,1631900,12201968.0000,3
2025-10-14,20251014132000000,sh.600864,7.4900,7.5200,7.4800,7.5200,439400,3296576.0000,3
2025-10-14,20251014132500000,sh.600864,7.5200,7.5300,7.5100,7.5200,648100,4874624.0000,3
2025-10-14,20251014133000000,sh.600864,7.5200,7.5400,7.5100,7.5200,552700,4159520.0000,3
2025-10-14,20251014133500000,sh.600864,7.5200,7.5400,7.5100,7.5200,358000,2693216.0000,3
2025-10-14,20251014134000000,sh.600864,7.5200,7.5200,7.4900,7.5100,532700,3997664.0000,3
2025-10-14,20251014134500000,sh.600864,7.5100,7.5100,7.5000,7.5000,221600,1662560.0000,3
2025-10-14,20251014135000000,sh.600864,7.5100,7.5100,7.4800,7.5100,748400,5609536.0000,3
2025-10-14,20251014135500000,sh.600864,7.5000,7.5100,7.4900,7.5100,251800,1888544.0000,3
2025-10-14,20251014140000000,sh.600864,7.5100,7.5100,7.4800,7.4900,440000,3296192.0000,3
2025-10-14,20251014140500000,sh.600864,7.4800,7.4900,7.4700,7.4800,632800,4732672.0000,3
2025-10-14,20251014141000000,sh.600864,7.4900,7.4900,7.4700,7.4700,552000,4125696.0000,3
2025-10-14,20251014141500000,sh.600864,7.4800,7.4800,7.4600,7.4800,488800,3649920.0000,3
2025-10-14,20251014142000000,sh.600864,7.4800,7.4800,7.4500,7.4500,894400,6672896.0000,3
2025-10-14,20251014142500000,sh.600864,7.4500,7.4600,7.4400,7.4500,1045900,7792800.0000,3
2025-10-14,20251014143000000,sh.600864,7.4500,7.4600,7.4400,7.4600,485600,3618112.0000,3
2025-10-14,20251014143500000,sh.600864,7.4600,7.4800,7.4500,7.4500,818300,6111360.0000,3
2025-10-14,20251014144000000,sh.600864,7.4500,7.4600,7.4300,7.4300,1562800,11618400.0000,3
2025-10-14,20251014144500000,sh.600864,7.4300,7.4500,7.4100,7.4200,1175600,8726720.0000,3
2025-10-14,20251014145000000,sh.600864,7.4200,7.4500,7.4200,7.4500,777900,5778720.0000,3
2025-10-14,20251014145500000,sh.600864,7.4300,7.4600,7.4300,7.4600,999400,7445216.0000,3
2025-10-14,20251014150000000,sh.600864,7.4600,7.4700,7.4600,7.4600,469400,3505568.0000,3
2025-10-15,20251015093500000,sh.600864,7.4900,7.6000,7.4800,7.5700,6635800,50090116.0000,3
2025-10-15,20251015094000000,sh.600864,7.5700,7.5800,7.5100,7.5100,4277200,32290516.0000,3
2025-10-15,20251015094500000,sh.600864,7.5200,7.5400,7.4700,7.5200,2000600,15010688.0000,3
2025-10-15,20251015095000000,sh.600864,7.5200,7.5200,7.4700,7.4800,1929200,14455712.0000,3
2025-10-15,20251015095500000,sh.600864,7.4900,7.4900,7.4400,7.4600,1836800,13707192.0000,3
2025-10-15,20251015100000000,sh.600864,7.4600,7.4700,7.4500,7.4700,1372600,10233472.0000,3
2025-10-15,20251015100500000,sh.600864,7.4700,7.4800,7.4500,7.4700,1072300,8006832.0000,3
2025-10-15,20251015101000000,sh.600864,7.4600,7.4800,7.4500,7.4800,778200,5805904.0000,3
2025-10-15,20251015101500000,sh.600864,7.4800,7.4800,7.4700,7.4800,573100,4284896.0000,3
2025-10-15,20251015102000000,sh.600864,7.4800,7.5000,7.4700,7.5000,1025900,7682000.0000,3
2025-10-15,20251015102500000,sh.600864,7.5000,7.5000,7.4700,7.4900,557000,4165792.0000,3
2025-10-15,20251015103000000,sh.600864,7.4900,7.4900,7.4700,7.4800,576900,4314064.0000,3
2025-10-15,20251015103500000,sh.600864,7.4800,7.4800,7.4600,7.4600,731100,5462032.0000,3
2025-10-15,20251015104000000,sh.600864,7.4700,7.4700,7.4400,7.4500,587500,4379024.0000,3
2025-10-15,20251015104500000,sh.600864,7.4500,7.4500,7.4200,7.4200,1058900,7875568.0000,3
2025-10-15,20251015105000000,sh.600864,7.4300,7.4400,7.4200,7.4200,559800,4160272.0000,3
2025-10-15,20251015105500000,sh.600864,7.4200,7.4300,7.4000,7.4200,797000,5908272.0000,3
2025-10-15,20251015110000000,sh.600864,7.4200,7.4200,7.3800,7.4000,2095500,15493648.0000,3
2025-10-15,20251015110500000,sh.600864,7.4000,7.4300,7.3900,7.4300,406100,3009424.0000,3
2025-10-15,20251015111000000,sh.600864,7.4200,7.4300,7.4100,7.4200,272000,2016880.0000,3
2025-10-15,20251015111500000,sh.600864,7.4100,7.4200,7.3900,7.4100,485100,3590528.0000,3
2025-10-15,20251015112000000,sh.600864,7.4000,7.4200,7.3900,7.4100,577500,4271072.0000,3
2025-10-15,20251015112500000,sh.600864,7.4100,7.4200,7.4000,7.4200,367800,2724992.0000,3
2025-10-15,20251015113000000,sh.600864,7.4200,7.4300,7.4100,7.4100,240400,1783024.0000,3
2025-10-15,20251015130500000,sh.600864,7.4200,7.4200,7.4000,7.4100,581300,4306432.0000,3
2025-10-15,20251015131000000,sh.600864,7.4100,7.4400,7.4100,7.4200,497700,3695360.0000,3
2025-10-15,20251015131500000,sh.600864,7.4200,7.4300,7.4100,7.4200,396700,2941472.0000,3
2025-10-15,20251015132000000,sh.600864,7.4300,7.4400,7.4200,7.4200,377000,2799376.0000,3
2025-10-15,20251015132500000,sh.600864,7.4200,7.4300,7.4100,7.4200,335300,2488144.0000,3
2025-10-15,20251015133000000,sh.600864,7.4200,7.4300,7.4100,7.4200,605700,4494912.0000,3
2025-10-15,20251015133500000,sh.600864,7.4300,7.4400,7.4200,7.4200,305800,2271568.0000,3
2025-10-15,20251015134000000,sh.600864,7.4200,7.4500,7.4200,7.4400,388800,2889936.0000,3
2025-10-15,20251015134500000,sh.600864,7.4500,7.4500,7.4200,7.4200,501200,3727808.0000,3
2025-10-15,20251015135000000,sh.600864,7.4200,7.4300,7.4100,7.4100,377800,2803200.0000,3
2025-10-15,20251015135500000,sh.600864,7.4100,7.4400,7.4100,7.4300,357500,2654256.0000,3
2025-10-15,20251015140000000,sh.600864,7.4300,7.4800,7.4200,7.4600,978800,7306000.0000,3
2025-10-15,20251015140500000,sh.600864,7.4500,7.4700,7.4500,7.4700,688800,5142816.0000,3
2025-10-15,20251015141000000,sh.600864,7.4600,7.4800,7.4500,7.4800,805700,6020992.0000,3
2025-10-15,20251015141500000,sh.600864,7.4800,7.5300,7.4800,7.5100,2656100,19925376.0000,3
2025-10-15,20251015142000000,sh.600864,7.5200,7.5300,7.4900,7.5000,803300,6032832.0000,3
2025-10-15,20251015142500000,sh.600864,7.5000,7.5300,7.4900,7.5300,1334100,10029120.0000,3
2025-10-15,20251015143000000,sh.600864,7.5300,7.5500,7.5200,7.5300,1493500,11258048.0000,3
2025-10-15,20251015143500000,sh.600864,7.5400,7.5500,7.5200,7.5300,1507500,11355648.0000,3
2025-10-15,20251015144000000,sh.600864,7.5300,7.5400,7.5200,7.5400,819800,6173504.0000,3
2025-10-15,20251015144500000,sh.600864,7.5300,7.5400,7.5300,7.5400,882200,6650112.0000,3
2025-10-15,20251015145000000,sh.600864,7.5300,7.5500,7.5300,7.5500,1521800,11481568.0000,3
2025-10-15,20251015145500000,sh.600864,7.5400,7.5700,7.5400,7.5600,1849900,13972576.0000,3
2025-10-15,20251015150000000,sh.600864,7.5600,7.5700,7.5600,7.5700,859800,6505344.0000,3
2025-10-16,20251016093500000,sh.600864,7.5200,7.5400,7.4600,7.4800,3096400,23222600.0000,3
2025-10-16,20251016094000000,sh.600864,7.4800,7.5000,7.4600,7.4900,1307400,9786310.0000,3
2025-10-16,20251016094500000,sh.600864,7.5000,7.5100,7.4900,7.4900,1452000,10887982.0000,3
2025-10-16,20251016095000000,sh.600864,7.4900,7.5000,7.4700,7.5000,1673800,12528932.0000,3
2025-10-16,20251016095500000,sh.600864,7.5000,7.5400,7.4900,7.5200,940500,7064448.0000,3
2025-10-16,20251016100000000,sh.600864,7.5300,7.5300,7.5100,7.5200,998100,7509128.0000,3
2025-10-16,20251016100500000,sh.600864,7.5300,7.5400,7.5100,7.5400,937100,7048248.0000,3
2025-10-16,20251016101000000,sh.600864,7.5400,7.5600,7.5300,7.5600,1491000,11246208.0000,3
2025-10-16,20251016101500000,sh.600864,7.5600,7.5600,7.5300,7.5400,1574300,11890136.0000,3
2025-10-16,20251016102000000,sh.600864,7.5500,7.5500,7.5300,7.5300,694100,5235776.0000,3
2025-10-16,20251016102500000,sh.600864,7.5400,7.5400,7.5100,7.5100,512700,3857760.0000,3
2025-10-16,20251016103000000,sh.600864,7.5100,7.5200,7.5100,7.5200,368700,2769088.0000,3
2025-10-16,20251016103500000,sh.600864,7.5200,7.5200,7.4900,7.4900,956200,7170472.0000,3
2025-10-16,20251016104000000,sh.600864,7.5000,7.5200,7.4900,7.5200,330000,2476816.0000,3
2025-10-16,20251016104500000,sh.600864,7.5100,7.5300,7.5000,7.5300,721400,5420928.0000,3
2025-10-16,20251016105000000,sh.600864,7.5300,7.5600,7.5300,7.5300,1196800,9025264.0000,3
2025-10-16,20251016105500000,sh.600864,7.5300,7.5400,7.5200,7.5200,396900,2986944.0000,3
2025-10-16,20251016110000000,sh.600864,7.5300,7.5400,7.5200,7.5300,319800,2406352.0000,3
2025-10-16,20251016110500000,sh.600864,7.5400,7.5500,7.5200,7.5400,474800,3578160.0000,3
2025-10-16,20251016111000000,sh.600864,7.5500,7.5500,7.5100,7.5100,225800,1700048.0000,3
2025-10-16,20251016111500000,sh.600864,7.5200,7.5300,7.5100,7.5300,732700,5503424.0000,3
2025-10-16,20251016112000000,sh.600864,7.5200,7.5300,7.5000,7.5000,211000,1584896.0000,3
2025-10-16,20251016112500000,sh.600864,7.5000,7.5200,7.5000,7.5100,231600,1738544.0000,3
2025-10-16,20251016113000000,sh.600864,7.5000,7.5100,7.4800,7.4800,515100,3860592.0000,3
2025-10-16,20251016130500000,sh.600864,7.4800,7.5000,7.4800,7.4900,435700,3262720.0000,3
2025-10-16,20251016131000000,sh.600864,7.4900,7.5000,7.4700,7.4800,1141000,8530720.0000,3
2025-10-16,20251016131500000,sh.600864,7.4800,7.4900,7.4700,7.4700,401900,3006000.0000,3
2025-10-16,20251016132000000,sh.600864,7.4700,7.4800,7.4600,7.4800,927000,6924928.0000,3
2025-10-16,20251016132500000,sh.600864,7.4700,7.4800,7.4600,7.4600,642300,4797840.0000,3
2025-10-16,20251016133000000,sh.600864,7.4700,7.4700,7.4500,7.4600,1626800,12123104.0000,3
2025-10-16,20251016133500000,sh.600864,7.4700,7.4800,7.4600,7.4800,592000,4421536.0000,3
2025-10-16,20251016134000000,sh.600864,7.4800,7.4800,7.4600,7.4600,413700,3092032.0000,3
2025-10-16,20251016134500000,sh.600864,7.4600,7.4700,7.4600,7.4700,256300,1912304.0000,3
2025-10-16,20251016135000000,sh.600864,7.4700,7.4700,7.4500,7.4600,313500,2338224.0000,3
2025-10-16,20251016135500000,sh.600864,7.4600,7.4700,7.4500,7.4700,246900,1842528.0000,3
2025-10-16,20251016140000000,sh.600864,7.4600,7.4800,7.4600,7.4600,411300,3073072.0000,3
2025-10-16,20251016140500000,sh.600864,7.4700,7.4800,7.4600,7.4700,183600,1371312.0000,3
2025-10-16,20251016141000000,sh.600864,7.4700,7.4800,7.4700,7.4800,245500,1834944.0000,3
2025-10-16,20251016141500000,sh.600864,7.4800,7.5000,7.4700,7.4800,519700,3888560.0000,3
2025-10-16,20251016142000000,sh.600864,7.4800,7.4900,7.4700,7.4800,583300,4362960.0000,3
2025-10-16,20251016142500000,sh.600864,7.4900,7.4900,7.4600,7.4600,381700,2850816.0000,3
2025-10-16,20251016143000000,sh.600864,7.4700,7.4700,7.4500,7.4600,261000,1947136.0000,3
2025-10-16,20251016143500000,sh.600864,7.4700,7.4800,7.4600,7.4600,453600,3387008.0000,3
2025-10-16,20251016144000000,sh.600864,7.4700,7.4700,7.4500,7.4500,602500,4491904.0000,3
2025-10-16,20251016144500000,sh.600864,7.4600,7.4700,7.4500,7.4500,809400,6033232.0000,3
2025-10-16,20251016145000000,sh.600864,7.4600,7.4800,7.4600,7.4700,709100,5292880.0000,3
2025-10-16,20251016145500000,sh.600864,7.4700,7.4800,7.4600,7.4700,622400,4651136.0000,3
2025-10-16,20251016150000000,sh.600864,7.4800,7.4900,7.4700,7.4800,624900,4675008.0000,3
2025-10-17,20251017093500000,sh.600864,7.4800,7.5200,7.4800,7.5200,2651100,19882164.0000,3
2025-10-17,20251017094000000,sh.600864,7.5200,7.5700,7.5100,7.5500,3738600,28197848.0000,3
2025-10-17,20251017094500000,sh.600864,7.5400,7.5500,7.5100,7.5100,1256400,9453428.0000,3
2025-10-17,20251017095000000,sh.600864,7.5200,7.5200,7.4800,7.4900,1508900,11317704.0000,3
2025-10-17,20251017095500000,sh.600864,7.4900,7.4900,7.4600,7.4700,1525300,11405784.0000,3
2025-10-17,20251017100000000,sh.600864,7.4700,7.4800,7.4600,7.4600,1029600,7688776.0000,3
2025-10-17,20251017100500000,sh.600864,7.4600,7.4700,7.4500,7.4600,1157400,8626632.0000,3
2025-10-17,20251017101000000,sh.600864,7.4600,7.4700,7.4500,7.4600,679400,5070184.0000,3
2025-10-17,20251017101500000,sh.600864,7.4600,7.4700,7.4400,7.4700,779800,5814192.0000,3
2025-10-17,20251017102000000,sh.600864,7.4600,7.4600,7.4300,7.4300,838500,6243688.0000,3
2025-10-17,20251017102500000,sh.600864,7.4400,7.4500,7.4300,7.4300,509300,3788248.0000,3
2025-10-17,20251017103000000,sh.600864,7.4400,7.4600,7.4300,7.4500,606300,4513632.0000,3
2025-10-17,20251017103500000,sh.600864,7.4500,7.4500,7.4300,7.4400,916600,6821512.0000,3
2025-10-17,20251017104000000,sh.600864,7.4500,7.4600,7.4400,7.4500,213900,1593800.0000,3
2025-10-17,20251017104500000,sh.600864,7.4500,7.4600,7.4400,7.4400,281600,2097936.0000,3
2025-10-17,20251017105000000,sh.600864,7.4300,7.4400,7.4300,7.4400,521200,3876968.0000,3
2025-10-17,20251017105500000,sh.600864,7.4400,7.4500,7.4300,7.4500,564000,4193632.0000,3
2025-10-17,20251017110000000,sh.600864,7.4500,7.4700,7.4400,7.4600,630200,4699040.0000,3
2025-10-17,20251017110500000,sh.600864,7.4600,7.4600,7.4100,7.4200,1454400,10805440.0000,3
2025-10-17,20251017111000000,sh.600864,7.4100,7.4300,7.4100,7.4200,418900,3108112.0000,3
2025-10-17,20251017111500000,sh.600864,7.4200,7.4400,7.4100,7.4400,442000,3281216.0000,3
2025-10-17,20251017112000000,sh.600864,7.4400,7.4600,7.4300,7.4400,468900,3490992.0000,3
2025-10-17,20251017112500000,sh.600864,7.4400,7.4900,7.4400,7.4500,796700,5948912.0000,3
2025-10-17,20251017113000000,sh.600864,7.4500,7.4600,7.4200,7.4300,610100,4537824.0000,3
2025-10-17,20251017130500000,sh.600864,7.4300,7.4400,7.4000,7.4100,818700,6071424.0000,3
2025-10-17,20251017131000000,sh.600864,7.4100,7.4200,7.3900,7.4100,955600,7072224.0000,3
2025-10-17,20251017131500000,sh.600864,7.4100,7.4100,7.4000,7.4100,607800,4500112.0000,3
2025-10-17,20251017132000000,sh.600864,7.4100,7.4200,7.3900,7.4100,1070600,7921520.0000,3
2025-10-17,20251017132500000,sh.600864,7.4000,7.4200,7.4000,7.4200,303300,2247808.0000,3
2025-10-17,20251017133000000,sh.600864,7.4200,7.4200,7.4000,7.4000,611800,4529856.0000,3
2025-10-17,20251017133500000,sh.600864,7.4000,7.4200,7.3900,7.4100,1313300,9721568.0000,3
2025-10-17,20251017134000000,sh.600864,7.4100,7.4100,7.3900,7.4000,434300,3212064.0000,3
2025-10-17,20251017134500000,sh.600864,7.4000,7.4100,7.3900,7.4000,394100,2916816.0000,3
2025-10-17,20251017135000000,sh.600864,7.3900,7.4100,7.3900,7.4000,380100,2810896.0000,3
2025-10-17,20251017135500000,sh.600864,7.4100,7.4100,7.3900,7.3900,289100,2139792.0000,3
2025-10-17,20251017140000000,sh.600864,7.4000,7.4100,7.3900,7.3900,958500,7089920.0000,3
2025-10-17,20251017140500000,sh.600864,7.3800,7.4000,7.3700,7.3900,1113100,8215104.0000,3
2025-10-17,20251017141000000,sh.600864,7.4000,7.4200,7.3900,7.3900,467000,3457104.0000,3
2025-10-17,20251017141500000,sh.600864,7.3900,7.3900,7.3700,7.3800,1176500,8682272.0000,3
2025-10-17,20251017142000000,sh.600864,7.3800,7.3800,7.3700,7.3700,804600,5931984.0000,3
2025-10-17,20251017142500000,sh.600864,7.3700,7.3800,7.3500,7.3600,972200,7159344.0000,3
2025-10-17,20251017143000000,sh.600864,7.3600,7.3600,7.3400,7.3400,981200,7211712.0000,3
2025-10-17,20251017143500000,sh.600864,7.3500,7.3600,7.3300,7.3400,1637800,12024640.0000,3
2025-10-17,20251017144000000,sh.600864,7.3300,7.3500,7.3200,7.3400,940600,6898752.0000,3
2025-10-17,20251017144500000,sh.600864,7.3400,7.3600,7.3200,7.3400,970400,7117664.0000,3
2025-10-17,20251017145000000,sh.600864,7.3500,7.3500,7.3100,7.3100,1592800,11670176.0000,3
2025-10-17,20251017145500000,sh.600864,7.3000,7.3200,7.2900,7.3000,2342900,17104768.0000,3
2025-10-17,20251017150000000,sh.600864,7.3000,7.3100,7.2900,7.3000,1686200,12313856.0000,3
2025-10-20,20251020093500000,sh.600864,7.4000,7.4500,7.3800,7.4500,4889600,36214632.0000,3
2025-10-20,20251020094000000,sh.600864,7.4500,7.4500,7.4000,7.4100,2017900,14988896.0000,3
2025-10-20,20251020094500000,sh.600864,7.4200,7.5900,7.4100,7.5900,9872800,74114296.0000,3
2025-10-20,20251020095000000,sh.600864,7.5900,7.5900,7.4800,7.4900,4029100,30366480.0000,3
2025-10-20,20251020095500000,sh.600864,7.4900,7.5300,7.4800,7.4900,2179500,16341616.0000,3
2025-10-20,20251020100000000,sh.600864,7.4900,7.5400,7.4900,7.5300,2060200,15489184.0000,3
2025-10-20,20251020100500000,sh.600864,7.5400,7.5700,7.5100,7.5700,2975000,22432768.0000,3
2025-10-20,20251020101000000,sh.600864,7.5700,7.5700,7.5400,7.5500,2929400,22122928.0000,3
2025-10-20,20251020101500000,sh.600864,7.5400,7.5500,7.5100,7.5200,2498100,18808800.0000,3
2025-10-20,20251020102000000,sh.600864,7.5200,7.5300,7.5100,7.5300,898800,6758384.0000,3
2025-10-20,20251020102500000,sh.600864,7.5200,7.5700,7.5200,7.5600,2873400,21707008.0000,3
2025-10-20,20251020103000000,sh.600864,7.5600,7.5700,7.5200,7.5300,962500,7256736.0000,3
2025-10-20,20251020103500000,sh.600864,7.5300,7.5700,7.5200,7.5700,1440900,10875296.0000,3
2025-10-20,20251020104000000,sh.600864,7.5700,7.6800,7.5700,7.6200,10752800,82102880.0000,3
2025-10-20,20251020104500000,sh.600864,7.6300,7.7400,7.6100,7.6800,9404300,72344608.0000,3
2025-10-20,20251020105000000,sh.600864,7.6700,7.6800,7.6000,7.6200,3847300,29423648.0000,3
2025-10-20,20251020105500000,sh.600864,7.6100,7.6200,7.5700,7.5700,1955200,14857376.0000,3
2025-10-20,20251020110000000,sh.600864,7.5800,7.6100,7.5700,7.5900,1588800,12051680.0000,3
2025-10-20,20251020110500000,sh.600864,7.6000,7.6200,7.5800,7.6000,1397700,10624640.0000,3
2025-10-20,20251020111000000,sh.600864,7.6000,7.6000,7.5800,7.5900,573900,4356960.0000,3
2025-10-20,20251020111500000,sh.600864,7.5900,7.6100,7.5900,7.6000,557800,4238144.0000,3
2025-10-20,20251020112000000,sh.600864,7.6000,7.6200,7.5900,7.6200,1139300,8662560.0000,3
2025-10-20,20251020112500000,sh.600864,7.6200,7.6400,7.6000,7.6300,846600,6451718.0000,3
2025-10-20,20251020113000000,sh.600864,7.6300,7.6300,7.6200,7.6200,1070100,8157938.0000,3
2025-10-20,20251020130500000,sh.600864,7.6200,7.6300,7.5900,7.5900,1111700,8467328.0000,3
2025-10-20,20251020131000000,sh.600864,7.6000,7.6100,7.5900,7.6000,785000,5965056.0000,3
2025-10-20,20251020131500000,sh.600864,7.5900,7.6000,7.5700,7.5900,1659400,12592712.0000,3
2025-10-20,20251020132000000,sh.600864,7.5900,7.6300,7.5800,7.6000,1167400,8875644.0000,3
2025-10-20,20251020132500000,sh.600864,7.6000,7.6000,7.5900,7.5900,757300,5754176.0000,3
2025-10-20,20251020133000000,sh.600864,7.5900,7.5900,7.5800,7.5900,542200,4114687.0000,3
2025-10-20,20251020133500000,sh.600864,7.6000,7.6100,7.5800,7.5900,1764700,13402053.0000,3
2025-10-20,20251020134000000,sh.600864,7.5900,7.5900,7.5700,7.5700,1225700,9283910.0000,3
2025-10-20,20251020134500000,sh.600864,7.5700,7.5800,7.5600,7.5700,881600,6671488.0000,3
2025-10-20,20251020135000000,sh.600864,7.5700,7.6000,7.5600,7.6000,1647800,12494394.0000,3
2025-10-20,20251020135500000,sh.600864,7.6000,7.6100,7.5900,7.5900,1335500,10145786.0000,3
2025-10-20,20251020140000000,sh.600864,7.6000,7.6000,7.5800,7.5800,578400,4390211.0000,3
2025-10-20,20251020140500000,sh.600864,7.5800,7.6000,7.5700,7.5900,638500,4841280.0000,3
2025-10-20,20251020141000000,sh.600864,7.5900,7.6000,7.5800,7.5900,793500,6024585.0000,3
2025-10-20,20251020141500000,sh.600864,7.6000,7.6000,7.5700,7.5700,596300,4520371.0000,3
2025-10-20,20251020142000000,sh.600864,7.5800,7.6000,7.5600,7.5700,1271300,9634379.0000,3
2025-10-20,20251020142500000,sh.600864,7.5600,7.5800,7.5600,7.5700,984700,7455356.0000,3
2025-10-20,20251020143000000,sh.600864,7.5800,7.5900,7.5700,7.5900,634100,4806714.0000,3
2025-10-20,20251020143500000,sh.600864,7.5800,7.5900,7.5700,7.5700,1071400,8121664.0000,3
2025-10-20,20251020144000000,sh.600864,7.5700,7.5800,7.5600,7.5800,902100,6829897.0000,3
2025-10-20,20251020144500000,sh.600864,7.5800,7.5900,7.5800,7.5800,1745100,13235840.0000,3
2025-10-20,20251020145000000,sh.600864,7.5800,7.5900,7.5800,7.5900,1865800,14159743.0000,3
2025-10-20,20251020145500000,sh.600864,7.5900,7.6200,7.5900,7.6100,4310500,32763960.0000,3
2025-10-20,20251020150000000,sh.600864,7.6100,7.6100,7.6000,7.6100,2757800,20981382.0000,3
2025-10-21,20251021093500000,sh.600864,7.5700,7.6100,7.5100,7.5600,7379200,55836784.0000,3
2025-10-21,20251021094000000,sh.600864,7.5600,7.6100,7.5600,7.5800,4037500,30642272.0000,3
2025-10-21,20251021094500000,sh.600864,7.5900,7.5900,7.5400,7.5400,3010200,22749648.0000,3
2025-10-21,20251021095000000,sh.600864,7.5500,7.5700,7.5400,7.5500,2311800,17466160.0000,3
2025-10-21,20251021095500000,sh.600864,7.5600,7.5900,7.5500,7.5500,2465100,18655568.0000,3
2025-10-21,20251021100000000,sh.600864,7.5400,7.6000,7.5400,7.6000,1297800,9827424.0000,3
2025-10-21,20251021100500000,sh.600864,7.6000,7.6100,7.5700,7.5800,2126100,16138800.0000,3
2025-10-21,20251021101000000,sh.600864,7.5800,7.5900,7.5600,7.5700,2302400,17432896.0000,3
2025-10-21,20251021101500000,sh.600864,7.5700,7.5700,7.5500,7.5500,1144500,8652288.0000,3
2025-10-21,20251021102000000,sh.600864,7.5600,7.5700,7.5400,7.5600,1940200,14649904.0000,3
2025-10-21,20251021102500000,sh.600864,7.5600,7.5800,7.5600,7.5600,989500,7490352.0000,3
2025-10-21,20251021103000000,sh.600864,7.5700,7.5900,7.5700,7.5700,1468600,11134192.0000,3
2025-10-21,20251021103500000,sh.600864,7.5700,7.6100,7.5600,7.6000,2092100,15876080.0000,3
2025-10-21,20251021104000000,sh.600864,7.6100,7.6500,7.6000,7.6100,4930400,37600080.0000,3
2025-10-21,20251021104500000,sh.600864,7.6100,7.6300,7.6100,7.6200,2128300,16224832.0000,3
2025-10-21,20251021105000000,sh.600864,7.6200,7.6200,7.5800,7.5900,2083100,15836160.0000,3
2025-10-21,20251021105500000,sh.600864,7.5900,7.6200,7.5900,7.6100,773000,5877024.0000,3
2025-10-21,20251021110000000,sh.600864,7.6200,7.6200,7.6000,7.6000,626500,4765984.0000,3
2025-10-21,20251021110500000,sh.600864,7.6000,7.6200,7.5900,7.6100,1186500,9029984.0000,3
2025-10-21,20251021111000000,sh.600864,7.6100,7.6200,7.6000,7.6100,1201100,9138368.0000,3
2025-10-21,20251021111500000,sh.600864,7.6100,7.6400,7.6100,7.6300,1600600,12213344.0000,3
2025-10-21,20251021112000000,sh.600864,7.6300,7.6700,7.6300,7.6600,3043300,23283360.0000,3
2025-10-21,20251021112500000,sh.600864,7.6600,7.6700,7.6500,7.6500,1866400,14293856.0000,3
2025-10-21,20251021113000000,sh.600864,7.6500,7.6600,7.6400,7.6500,1412400,10809504.0000,3
2025-10-21,20251021130500000,sh.600864,7.6400,7.6500,7.6100,7.6200,1935700,14763200.0000,3
2025-10-21,20251021131000000,sh.600864,7.6100,7.6200,7.6100,7.6100,894400,6809888.0000,3
2025-10-21,20251021131500000,sh.600864,7.6100,7.6200,7.5900,7.6000,1735000,13192064.0000,3
2025-10-21,20251021132000000,sh.600864,7.6000,7.6100,7.5900,7.5900,818500,6220768.0000,3
2025-10-21,20251021132500000,sh.600864,7.6000,7.6100,7.5900,7.6000,753300,5728064.0000,3
2025-10-21,20251021133000000,sh.600864,7.6000,7.6100,7.6000,7.6100,388100,2951232.0000,3
2025-10-21,20251021133500000,sh.600864,7.6000,7.6100,7.5900,7.5900,1505600,11437120.0000,3
2025-10-21,20251021134000000,sh.600864,7.5900,7.6000,7.5900,7.5900,723100,5489120.0000,3
2025-10-21,20251021134500000,sh.600864,7.5900,7.6000,7.5800,7.5800,481100,3650976.0000,3
2025-10-21,20251021135000000,sh.600864,7.5900,7.5900,7.5800,7.5800,1373400,10416288.0000,3
2025-10-21,20251021135500000,sh.600864,7.5800,7.5900,7.5700,7.5800,792900,6010592.0000,3
2025-10-21,20251021140000000,sh.600864,7.5800,7.5900,7.5800,7.5800,290300,2202560.0000,3
2025-10-21,20251021140500000,sh.600864,7.5800,7.6100,7.5800,7.6100,596900,4534752.0000,3
2025-10-21,20251021141000000,sh.600864,7.6000,7.6100,7.6000,7.6100,788700,5998176.0000,3
2025-10-21,20251021141500000,sh.600864,7.6100,7.6100,7.6000,7.6000,654200,4973856.0000,3
2025-10-21,20251021142000000,sh.600864,7.5900,7.6100,7.5900,7.6000,507100,3852064.0000,3
2025-10-21,20251021142500000,sh.600864,7.5900,7.6000,7.5900,7.6000,525200,3990368.0000,3
2025-10-21,20251021143000000,sh.600864,7.5900,7.6000,7.5900,7.6000,1619600,12297664.0000,3
2025-10-21,20251021143500000,sh.600864,7.6000,7.6000,7.5800,7.5900,623100,4730080.0000,3
2025-10-21,20251021144000000,sh.600864,7.5900,7.6000,7.5800,7.5900,1207900,9170208.0000,3
2025-10-21,20251021144500000,sh.600864,7.6000,7.6000,7.5900,7.5900,738700,5610752.0000,3
2025-10-21,20251021145000000,sh.600864,7.5900,7.6000,7.5900,7.5900,1673000,12711928.0000,3
2025-10-21,20251021145500000,sh.600864,7.5900,7.6000,7.5900,7.6000,2683100,20382784.0000,3
2025-10-21,20251021150000000,sh.600864,7.5900,7.6100,7.5900,7.6100,2776600,21120269.0000,3
2025-10-22,20251022093500000,sh.600864,7.5600,7.5800,7.5200,7.5300,4642400,35029224.0000,3
2025-10-22,20251022094000000,sh.600864,7.5300,7.5500,7.5000,7.5100,3825800,28767596.0000,3
2025-10-22,20251022094500000,sh.600864,7.5100,7.5300,7.5000,7.5300,2551100,19154044.0000,3
2025-10-22,20251022095000000,sh.600864,7.5200,7.5300,7.5100,7.5300,1682000,12641704.0000,3
2025-10-22,20251022095500000,sh.600864,7.5300,7.5600,7.5200,7.5600,1265100,9537880.0000,3
2025-10-22,20251022100000000,sh.600864,7.5600,7.5800,7.5400,7.5700,1300500,9835688.0000,3
2025-10-22,20251022100500000,sh.600864,7.5600,7.5700,7.5400,7.5600,1008400,7621272.0000,3
2025-10-22,20251022101000000,sh.600864,7.5500,7.5700,7.5400,7.5500,703700,5314016.0000,3
2025-10-22,20251022101500000,sh.600864,7.5500,7.5600,7.5400,7.5600,574100,4336232.0000,3
2025-10-22,20251022102000000,sh.600864,7.5600,7.5800,7.5500,7.5700,859300,6502536.0000,3
2025-10-22,20251022102500000,sh.600864,7.5600,7.5700,7.5600,7.5600,373300,2822928.0000,3
2025-10-22,20251022103000000,sh.600864,7.5700,7.5800,7.5600,7.5700,653400,4946464.0000,3
2025-10-22,20251022103500000,sh.600864,7.5700,7.5800,7.5500,7.5600,555600,4202704.0000,3
2025-10-22,20251022104000000,sh.600864,7.5600,7.5700,7.5500,7.5600,558600,4222832.0000,3
2025-10-22,20251022104500000,sh.600864,7.5500,7.5600,7.5400,7.5600,859200,6486960.0000,3
2025-10-22,20251022105000000,sh.600864,7.5600,7.5600,7.5400,7.5400,804900,6077888.0000,3
2025-10-22,20251022105500000,sh.600864,7.5500,7.5600,7.5400,7.5400,429300,3239296.0000,3
2025-10-22,20251022110000000,sh.600864,7.5400,7.5500,7.5200,7.5200,1508100,11358336.0000,3
2025-10-22,20251022110500000,sh.600864,7.5200,7.5300,7.5100,7.5200,1428400,10733056.0000,3
2025-10-22,20251022111000000,sh.600864,7.5100,7.5200,7.5100,7.5100,974200,7314816.0000,3
2025-10-22,20251022111500000,sh.600864,7.5200,7.5300,7.5100,7.5200,1476100,11103168.0000,3
2025-10-22,20251022112000000,sh.600864,7.5300,7.5400,7.5200,7.5400,227300,1713072.0000,3
2025-10-22,20251022112500000,sh.600864,7.5300,7.5400,7.5100,7.5200,772500,5811696.0000,3
2025-10-22,20251022113000000,sh.600864,7.5200,7.5400,7.5200,7.5300,519800,3914896.0000,3
2025-10-22,20251022130500000,sh.600864,7.5300,7.5500,7.5200,7.5400,1024800,7721472.0000,3
2025-10-22,20251022131000000,sh.600864,7.5400,7.5500,7.5400,7.5400,249700,1884160.0000,3
2025-10-22,20251022131500000,sh.600864,7.5400,7.5700,7.5300,7.5500,1422200,10730944.0000,3
2025-10-22,20251022132000000,sh.600864,7.5500,7.5600,7.5500,7.5600,212700,1607472.0000,3
2025-10-22,20251022132500000,sh.600864,7.5600,7.5600,7.5500,7.5600,462700,3495072.0000,3
2025-10-22,20251022133000000,sh.600864,7.5600,7.5600,7.5400,7.5600,590100,4453568.0000,3
2025-10-22,20251022133500000,sh.600864,7.5600,7.5700,7.5500,7.5600,507300,3834352.0000,3
2025-10-22,20251022134000000,sh.600864,7.5600,7.5600,7.5400,7.5400,529500,3998544.0000,3
2025-10-22,20251022134500000,sh.600864,7.5400,7.5400,7.5300,7.5300,339200,2556672.0000,3
2025-10-22,20251022135000000,sh.600864,7.5200,7.5300,7.5200,7.5300,709800,5342016.0000,3
2025-10-22,20251022135500000,sh.600864,7.5300,7.5400,7.5300,7.5400,233900,1761984.0000,3
2025-10-22,20251022140000000,sh.600864,7.5400,7.5400,7.5200,7.5300,296100,2228480.0000,3
2025-10-22,20251022140500000,sh.600864,7.5100,7.5300,7.5100,7.5200,988100,7424896.0000,3
2025-10-22,20251022141000000,sh.600864,7.5200,7.5400,7.5200,7.5300,312700,2354400.0000,3
2025-10-22,20251022141500000,sh.600864,7.5200,7.5400,7.5200,7.5400,335500,2527328.0000,3
2025-10-22,20251022142000000,sh.600864,7.5400,7.5400,7.5200,7.5300,206900,1557728.0000,3
2025-10-22,20251022142500000,sh.600864,7.5300,7.5400,7.5200,7.5400,231400,1742272.0000,3
2025-10-22,20251022143000000,sh.600864,7.5300,7.5400,7.5300,7.5400,187700,1414016.0000,3
2025-10-22,20251022143500000,sh.600864,7.5400,7.5600,7.5400,7.5400,1030800,7778080.0000,3
2025-10-22,20251022144000000,sh.600864,7.5400,7.5500,7.5300,7.5400,478100,3605312.0000,3
2025-10-22,20251022144500000,sh.600864,7.5400,7.5400,7.5300,7.5300,323800,2440288.0000,3
2025-10-22,20251022145000000,sh.600864,7.5300,7.5500,7.5300,7.5400,852300,6427040.0000,3
2025-10-22,20251022145500000,sh.600864,7.5400,7.5500,7.5400,7.5400,1310600,9889024.0000,3
2025-10-22,20251022150000000,sh.600864,7.5500,7.5600,7.5400,7.5600,1677900,12680512.0000,3
2025-10-23,20251023093500000,sh.600864,7.5700,7.5900,7.5300,7.5600,2641600,19969024.0000,3
2025-10-23,20251023094000000,sh.600864,7.5500,7.5700,7.5200,7.5300,1730300,13056538.0000,3
2025-10-23,20251023094500000,sh.600864,7.5200,7.5400,7.5100,7.5200,1544100,11615106.0000,3
2025-10-23,20251023095000000,sh.600864,7.5200,7.5300,7.5100,7.5100,665600,5002184.0000,3
2025-10-23,20251023095500000,sh.600864,7.5100,7.5200,7.4900,7.5100,2504300,18799204.0000,3
2025-10-23,20251023100000000,sh.600864,7.5000,7.5200,7.5000,7.5000,1148200,8616400.0000,3
2025-10-23,20251023100500000,sh.600864,7.5000,7.5100,7.4900,7.4900,1800100,13491328.0000,3
2025-10-23,20251023101000000,sh.600864,7.5000,7.5000,7.4700,7.4800,2514200,18822144.0000,3
2025-10-23,20251023101500000,sh.600864,7.4900,7.5100,7.4800,7.5100,799900,5992488.0000,3
2025-10-23,20251023102000000,sh.600864,7.5100,7.5300,7.5000,7.5300,1218100,9151424.0000,3
2025-10-23,20251023102500000,sh.600864,7.5300,7.5500,7.5200,7.5400,1438300,10844416.0000,3
2025-10-23,20251023103000000,sh.600864,7.5300,7.7400,7.5300,7.7100,13408500,102925424.0000,3
2025-10-23,20251023103500000,sh.600864,7.7100,7.7800,7.6800,7.7500,12826200,99241328.0000,3
2025-10-23,20251023104000000,sh.600864,7.7400,7.7700,7.7300,7.7400,6627200,51354816.0000,3
2025-10-23,20251023104500000,sh.600864,7.7500,7.7700,7.7300,7.7600,4058900,31456032.0000,3
2025-10-23,20251023105000000,sh.600864,7.7600,7.7600,7.7100,7.7100,2457900,19008448.0000,3
2025-10-23,20251023105500000,sh.600864,7.7100,7.7400,7.7100,7.7300,1941800,15007936.0000,3
2025-10-23,20251023110000000,sh.600864,7.7300,7.7300,7.7100,7.7300,1761000,13600000.0000,3
2025-10-23,20251023110500000,sh.600864,7.7200,7.7300,7.6900,7.6900,1696900,13079008.0000,3
2025-10-23,20251023111000000,sh.600864,7.6900,7.7400,7.6800,7.7400,2483900,19115776.0000,3
2025-10-23,20251023111500000,sh.600864,7.7400,7.7500,7.7300,7.7300,1398100,10825184.0000,3
2025-10-23,20251023112000000,sh.600864,7.7300,7.8200,7.7300,7.8100,8387000,65357440.0000,3
2025-10-23,20251023112500000,sh.600864,7.8100,7.9100,7.8100,7.8600,9478800,74688192.0000,3
2025-10-23,20251023113000000,sh.600864,7.8600,7.8700,7.8300,7.8700,2309400,18128960.0000,3
2025-10-23,20251023130500000,sh.600864,7.8700,7.8800,7.8200,7.8300,3925800,30820928.0000,3
2025-10-23,20251023131000000,sh.600864,7.8400,7.8400,7.8100,7.8400,2005900,15687552.0000,3
2025-10-23,20251023131500000,sh.600864,7.8400,7.8500,7.8100,7.8100,1264500,9903104.0000,3
2025-10-23,20251023132000000,sh.600864,7.8100,7.8300,7.8100,7.8200,1065500,8332288.0000,3
2025-10-23,20251023132500000,sh.600864,7.8200,7.8300,7.8100,7.8200,911400,7125248.0000,3
2025-10-23,20251023133000000,sh.600864,7.8200,7.8300,7.8100,7.8100,697000,5450048.0000,3
2025-10-23,20251023133500000,sh.600864,7.8100,7.8600,7.7900,7.8200,2701100,21147264.0000,3
2025-10-23,20251023134000000,sh.600864,7.8200,7.8300,7.7900,7.7900,997500,7797824.0000,3
2025-10-23,20251023134500000,sh.600864,7.7900,7.8000,7.7900,7.7900,781600,6090878.0000,3
2025-10-23,20251023135000000,sh.600864,7.7900,7.8000,7.7600,7.7800,1824100,14175162.0000,3
2025-10-23,20251023135500000,sh.600864,7.7800,7.7900,7.7600,7.7900,883700,6870153.0000,3
2025-10-23,20251023140000000,sh.600864,7.7900,7.7900,7.7800,7.7900,440000,3424760.0000,3
2025-10-23,20251023140500000,sh.600864,7.7900,7.8600,7.7700,7.8600,2528700,19787015.0000,3
2025-10-23,20251023141000000,sh.600864,7.8600,7.8800,7.8200,7.8700,2977000,23396864.0000,3
2025-10-23,20251023141500000,sh.600864,7.8600,7.8800,7.8300,7.8500,2672600,21009920.0000,3
2025-10-23,20251023142000000,sh.600864,7.8600,7.8600,7.8300,7.8500,1765400,13859520.0000,3
2025-10-23,20251023142500000,sh.600864,7.8600,7.8600,7.8400,7.8400,1277700,10031680.0000,3
2025-10-23,20251023143000000,sh.600864,7.8400,7.9500,7.8400,7.9100,7646900,60446144.0000,3
2025-10-23,20251023143500000,sh.600864,7.9100,7.9300,7.8800,7.8900,3019300,23870144.0000,3
2025-10-23,20251023144000000,sh.600864,7.8900,8.1200,7.8900,8.0300,15638500,125588224.0000,3
2025-10-23,20251023144500000,sh.600864,8.0300,8.0900,8.0100,8.0100,5707500,45957888.0000,3
2025-10-23,20251023145000000,sh.600864,8.0200,8.0300,7.9700,8.0000,4181500,33466240.0000,3
2025-10-23,20251023145500000,sh.600864,7.9900,8.0700,7.9800,8.0300,8392300,67518720.0000,3
2025-10-23,20251023150000000,sh.600864,8.0300,8.0300,7.9900,8.0300,5946800,47680512.0000,3
2025-10-24,20251024093500000,sh.600864,7.9000,7.9700,7.8800,7.9500,18317500,145107344.0000,3
2025-10-24,20251024094000000,sh.600864,7.9700,7.9800,7.8900,7.9000,8308100,65824048.0000,3
2025-10-24,20251024094500000,sh.600864,7.8900,7.9100,7.8600,7.8800,8179300,64421344.0000,3
2025-10-24,20251024095000000,sh.600864,7.9000,7.9400,7.8900,7.9000,5496100,43491360.0000,3
2025-10-24,20251024095500000,sh.600864,7.8900,7.9000,7.8700,7.8800,3974400,31318976.0000,3
2025-10-24,20251024100000000,sh.600864,7.8900,7.8900,7.8400,7.8600,6118700,48069792.0000,3
2025-10-24,20251024100500000,sh.600864,7.8600,7.8600,7.8400,7.8600,2649400,20810400.0000,3
2025-10-24,20251024101000000,sh.600864,7.8600,7.8600,7.8400,7.8400,2731700,21439136.0000,3
2025-10-24,20251024101500000,sh.600864,7.8400,7.8600,7.8300,7.8400,3031000,23759008.0000,3
2025-10-24,20251024102000000,sh.600864,7.8400,7.8400,7.8200,7.8300,3076800,24077120.0000,3
2025-10-24,20251024102500000,sh.600864,7.8300,7.8500,7.8300,7.8400,1989500,15600992.0000,3
2025-10-24,20251024103000000,sh.600864,7.8300,7.8400,7.8200,7.8200,1758300,13768608.0000,3
2025-10-24,20251024103500000,sh.600864,7.8200,7.8400,7.8100,7.8400,1747000,13673376.0000,3
2025-10-24,20251024104000000,sh.600864,7.8300,7.8600,7.8200,7.8500,1334400,10461210.0000,3
2025-10-24,20251024104500000,sh.600864,7.8500,7.8700,7.8500,7.8600,1023100,8044678.0000,3
2025-10-24,20251024105000000,sh.600864,7.8600,7.8800,7.8500,7.8700,909500,7154624.0000,3
2025-10-24,20251024105500000,sh.600864,7.8800,7.9200,7.8700,7.9100,2141800,16911928.0000,3
2025-10-24,20251024110000000,sh.600864,7.9000,7.9100,7.8900,7.9000,987500,7800320.0000,3
2025-10-24,20251024110500000,sh.600864,7.8900,7.9000,7.8600,7.8600,1085400,8550477.0000,3
2025-10-24,20251024111000000,sh.600864,7.8600,7.8900,7.8600,7.8800,457600,3603386.0000,3
2025-10-24,20251024111500000,sh.600864,7.8700,7.8800,7.8600,7.8600,601200,4732358.0000,3
2025-10-24,20251024112000000,sh.600864,7.8600,7.8900,7.8600,7.8900,839700,6611392.0000,3
2025-10-24,20251024112500000,sh.600864,7.8800,7.8900,7.8700,7.8800,837000,6596471.0000,3
2025-10-24,20251024113000000,sh.600864,7.8800,7.9100,7.8800,7.9000,1229300,9704828.0000,3
2025-10-24,20251024130500000,sh.600864,7.8900,7.9300,7.8900,7.9100,2002600,15842503.0000,3
2025-10-24,20251024131000000,sh.600864,7.9100,7.9700,7.9000,7.9600,2670100,21215493.0000,3
2025-10-24,20251024131500000,sh.600864,7.9700,7.9700,7.9300,7.9500,1984500,15775551.0000,3
2025-10-24,20251024132000000,sh.600864,7.9500,7.9700,7.9300,7.9600,1342200,10673152.0000,3
2025-10-24,20251024132500000,sh.600864,7.9600,7.9900,7.9400,7.9600,1741200,13870787.0000,3
2025-10-24,20251024133000000,sh.600864,7.9700,7.9900,7.9500,7.9700,1270500,10127418.0000,3
2025-10-24,20251024133500000,sh.600864,7.9700,8.0000,7.9600,7.9800,1756000,14021948.0000,3
2025-10-24,20251024134000000,sh.600864,7.9800,8.0000,7.9700,7.9700,1631100,13025796.0000,3
2025-10-24,20251024134500000,sh.600864,7.9700,8.0000,7.9700,8.0000,1352100,10788738.0000,3
2025-10-24,20251024135000000,sh.600864,7.9900,8.0400,7.9900,8.0000,3238800,25977982.0000,3
2025-10-24,20251024135500000,sh.600864,8.0100,8.0200,7.9900,8.0200,1435300,11488960.0000,3
2025-10-24,20251024140000000,sh.600864,8.0200,8.0500,8.0200,8.0300,1795700,14423744.0000,3
2025-10-24,20251024140500000,sh.600864,8.0200,8.0300,8.0000,8.0100,1277000,10233280.0000,3
2025-10-24,20251024141000000,sh.600864,8.0200,8.0300,8.0100,8.0200,861200,6903744.0000,3
2025-10-24,20251024141500000,sh.600864,8.0100,8.0200,8.0000,8.0000,920700,7372160.0000,3
2025-10-24,20251024142000000,sh.600864,8.0000,8.0200,8.0000,8.0200,768600,6157056.0000,3
2025-10-24,20251024142500000,sh.600864,8.0200,8.0400,8.0100,8.0400,1173200,9413696.0000,3
2025-10-24,20251024143000000,sh.600864,8.0400,8.1000,8.0400,8.0600,5550000,44804480.0000,3
2025-10-24,20251024143500000,sh.600864,8.0600,8.1100,8.0500,8.0900,4771400,38613120.0000,3
2025-10-24,20251024144000000,sh.600864,8.0900,8.0900,8.0600,8.0600,2410600,19477376.0000,3
2025-10-24,20251024144500000,sh.600864,8.0600,8.0800,8.0600,8.0800,2218200,17901248.0000,3
2025-10-24,20251024145000000,sh.600864,8.0700,8.1000,8.0700,8.0900,3499900,28293440.0000,3
2025-10-24,20251024145500000,sh.600864,8.1000,8.1000,8.0800,8.0800,5417100,43815040.0000,3
2025-10-24,20251024150000000,sh.600864,8.0900,8.1000,8.0800,8.1000,5825800,47160064.0000,3
2025-10-27,20251027093500000,sh.600864,7.8500,7.8800,7.7800,7.8300,27932700,218815904.0000,3
2025-10-27,20251027094000000,sh.600864,7.8300,7.8300,7.7200,7.7500,14452400,112177344.0000,3
2025-10-27,20251027094500000,sh.600864,7.7500,7.8100,7.7400,7.7900,7411600,57610464.0000,3
2025-10-27,20251027095000000,sh.600864,7.7900,7.8000,7.7400,7.7500,6829100,53024064.0000,3
2025-10-27,20251027095500000,sh.600864,7.7400,7.8300,7.7400,7.8200,4653100,36288352.0000,3
2025-10-27,20251027100000000,sh.600864,7.8300,7.8300,7.7900,7.8000,3676100,28721760.0000,3
2025-10-27,20251027100500000,sh.600864,7.8000,7.8500,7.8000,7.8500,3028800,23684352.0000,3
2025-10-27,20251027101000000,sh.600864,7.8500,7.8800,7.8200,7.8300,4576500,35938812.0000,3
2025-10-27,20251027101500000,sh.600864,7.8200,7.8500,7.8200,7.8400,2722400,21346502.0000,3
2025-10-27,20251027102000000,sh.600864,7.8400,7.8700,7.8300,7.8700,2189900,17191034.0000,3
2025-10-27,20251027102500000,sh.600864,7.8700,7.8800,7.8200,7.8300,3127100,24541513.0000,3
2025-10-27,20251027103000000,sh.600864,7.8400,7.8400,7.8100,7.8100,1896800,14832055.0000,3
2025-10-27,20251027103500000,sh.600864,7.8100,7.8200,7.7600,7.7900,4413900,34360892.0000,3
2025-10-27,20251027104000000,sh.600864,7.7900,7.8000,7.7700,7.7700,2555700,19894414.0000,3
2025-10-27,20251027104500000,sh.600864,7.7800,7.7800,7.7300,7.7300,5087600,39422711.0000,3
2025-10-27,20251027105000000,sh.600864,7.7400,7.7400,7.7000,7.7100,6390400,49300737.0000,3
2025-10-27,20251027105500000,sh.600864,7.7200,7.7400,7.7100,7.7300,1634800,12634944.0000,3
2025-10-27,20251027110000000,sh.600864,7.7400,7.7700,7.7300,7.7700,1226800,9496513.0000,3
2025-10-27,20251027110500000,sh.600864,7.7600,7.7700,7.7200,7.7400,2246100,17385083.0000,3
2025-10-27,20251027111000000,sh.600864,7.7400,7.7600,7.7200,7.7500,1839700,14223678.0000,3
2025-10-27,20251027111500000,sh.600864,7.7500,7.7800,7.7500,7.7500,1261800,9790720.0000,3
2025-10-27,20251027112000000,sh.600864,7.7500,7.7500,7.7200,7.7500,1537700,11894152.0000,3
2025-10-27,20251027112500000,sh.600864,7.7500,7.7800,7.7400,7.7700,1250900,9704250.0000,3
2025-10-27,20251027113000000,sh.600864,7.7800,7.8100,7.7600,7.8100,1334000,10380236.0000,3
2025-10-27,20251027130500000,sh.600864,7.8300,7.8700,7.8200,7.8500,5446800,42742208.0000,3
2025-10-27,20251027131000000,sh.600864,7.8200,7.8700,7.8200,7.8600,1882300,14766016.0000,3
2025-10-27,20251027131500000,sh.600864,7.8500,7.8600,7.8300,7.8400,1345600,10558202.0000,3
2025-10-27,20251027132000000,sh.600864,7.8400,7.8600,7.8300,7.8500,1343300,10539195.0000,3
2025-10-27,20251027132500000,sh.600864,7.8500,7.8500,7.8200,7.8300,1170800,9173888.0000,3
2025-10-27,20251027133000000,sh.600864,7.8200,7.8400,7.8200,7.8400,1236300,9677373.0000,3
2025-10-27,20251027133500000,sh.600864,7.8300,7.8400,7.8300,7.8300,995300,7797320.0000,3
2025-10-27,20251027134000000,sh.600864,7.8300,7.8400,7.8300,7.8300,744300,5829632.0000,3
2025-10-27,20251027134500000,sh.600864,7.8300,7.8500,7.8300,7.8300,981400,7692800.0000,3
2025-10-27,20251027135000000,sh.600864,7.8400,7.8400,7.8300,7.8400,751600,5889984.0000,3
2025-10-27,20251027135500000,sh.600864,7.8400,7.8500,7.8200,7.8300,1179400,9238656.0000,3
2025-10-27,20251027140000000,sh.600864,7.8300,7.8300,7.8100,7.8200,1850500,14465154.0000,3
2025-10-27,20251027140500000,sh.600864,7.8100,7.8200,7.8000,7.8100,1340200,10465535.0000,3
2025-10-27,20251027141000000,sh.600864,7.8000,7.8100,7.8000,7.8000,1015600,7925501.0000,3
2025-10-27,20251027141500000,sh.600864,7.8100,7.8100,7.8000,7.8000,782100,6104384.0000,3
2025-10-27,20251027142000000,sh.600864,7.8000,7.8100,7.7900,7.8000,1425000,11114433.0000,3
2025-10-27,20251027142500000,sh.600864,7.8100,7.9300,7.8000,7.9200,6159400,48601601.0000,3
2025-10-27,20251027143000000,sh.600864,7.9200,7.9500,7.9100,7.9500,2973500,23570304.0000,3
2025-10-27,20251027143500000,sh.600864,7.9500,7.9700,7.8900,7.9000,4314100,34188288.0000,3
2025-10-27,20251027144000000,sh.600864,7.8900,7.9100,7.8600,7.8900,1720300,13571712.0000,3
2025-10-27,20251027144500000,sh.600864,7.8900,7.9000,7.8800,7.8800,1628200,12842880.0000,3
2025-10-27,20251027145000000,sh.600864,7.8900,7.9100,7.8800,7.9000,2348000,18537088.0000,3
2025-10-27,20251027145500000,sh.600864,7.8900,7.9100,7.8900,7.9000,3629300,28683648.0000,3
2025-10-27,20251027150000000,sh.600864,7.9100,7.9100,7.9000,7.9100,3836000,30332800.0000,3
2025-10-28,20251028093500000,sh.600864,7.8100,7.8100,7.7500,7.7900,8087500,62978892.0000,3
2025-10-28,20251028094000000,sh.600864,7.7800,7.7800,7.7500,7.7600,4100600,31840924.0000,3
2025-10-28,20251028094500000,sh.600864,7.7600,7.8100,7.7300,7.8000,6570700,50937192.0000,3
2025-10-28,20251028095000000,sh.600864,7.8000,7.8000,7.7700,7.7800,2998400,23341552.0000,3
2025-10-28,20251028095500000,sh.600864,7.7800,7.8100,7.7800,7.8100,1481300,11549584.0000,3
2025-10-28,20251028100000000,sh.600864,7.8000,7.8100,7.7700,7.7700,1950500,15193808.0000,3
2025-10-28,20251028100500000,sh.600864,7.7700,7.7900,7.7600,7.7800,1469400,11423200.0000,3
2025-10-28,20251028101000000,sh.600864,7.7800,7.7900,7.7600,7.7700,1281800,9959456.0000,3
2025-10-28,20251028101500000,sh.600864,7.7700,7.8200,7.7700,7.8200,1758900,13708576.0000,3
2025-10-28,20251028102000000,sh.600864,7.8200,7.8300,7.8000,7.8100,2675100,20919696.0000,3
2025-10-28,20251028102500000,sh.600864,7.8100,7.8300,7.8000,7.8100,1308000,10231408.0000,3
2025-10-28,20251028103000000,sh.600864,7.8100,7.8100,7.7900,7.8000,806700,6291088.0000,3
2025-10-28,20251028103500000,sh.600864,7.7900,7.8100,7.7900,7.7900,782400,6100624.0000,3
2025-10-28,20251028104000000,sh.600864,7.7900,7.8000,7.7900,7.7900,550900,4292736.0000,3
2025-10-28,20251028104500000,sh.600864,7.7900,7.8000,7.7800,7.7900,596800,4648416.0000,3
2025-10-28,20251028105000000,sh.600864,7.7900,7.8100,7.7900,7.7900,656500,5119744.0000,3
2025-10-28,20251028105500000,sh.600864,7.7900,7.8000,7.7900,7.8000,585100,4560000.0000,3
2025-10-28,20251028110000000,sh.600864,7.7900,7.8000,7.7800,7.8000,1008800,7856832.0000,3
2025-10-28,20251028110500000,sh.600864,7.7900,7.8200,7.7900,7.8100,896200,6991616.0000,3
2025-10-28,20251028111000000,sh.600864,7.8100,7.8200,7.8100,7.8200,778100,6079040.0000,3
2025-10-28,20251028111500000,sh.600864,7.8200,7.8200,7.8000,7.8100,678300,5298624.0000,3
2025-10-28,20251028112000000,sh.600864,7.8100,7.8600,7.7900,7.8600,3172500,24812672.0000,3
2025-10-28,20251028112500000,sh.600864,7.8500,7.8500,7.8100,7.8300,1307300,10233120.0000,3
2025-10-28,20251028113000000,sh.600864,7.8300,7.8400,7.8100,7.8100,1352100,10587936.0000,3
2025-10-28,20251028130500000,sh.600864,7.8200,7.8200,7.7900,7.8000,1209700,9442976.0000,3
2025-10-28,20251028131000000,sh.600864,7.8000,7.8100,7.7900,7.8100,603400,4709568.0000,3
2025-10-28,20251028131500000,sh.600864,7.8100,7.8100,7.7800,7.7900,916300,7140704.0000,3
2025-10-28,20251028132000000,sh.600864,7.7900,7.7900,7.7800,7.7800,654000,5091328.0000,3
2025-10-28,20251028132500000,sh.600864,7.7900,7.7900,7.7600,7.7600,1925800,14965920.0000,3
2025-10-28,20251028133000000,sh.600864,7.7800,7.8000,7.7600,7.8000,2142500,16669024.0000,3
2025-10-28,20251028133500000,sh.600864,7.8000,7.8100,7.7800,7.7800,789500,6154016.0000,3
2025-10-28,20251028134000000,sh.600864,7.7800,7.7900,7.7600,7.7700,925200,7191264.0000,3
2025-10-28,20251028134500000,sh.600864,7.7700,7.7800,7.7600,7.7700,1437500,11161760.0000,3
2025-10-28,20251028135000000,sh.600864,7.7700,7.8000,7.7600,7.8000,779000,6055520.0000,3
2025-10-28,20251028135500000,sh.600864,7.8000,7.8200,7.7800,7.8100,1328100,10361088.0000,3
2025-10-28,20251028140000000,sh.600864,7.8100,7.8100,7.7900,7.7900,621300,4845792.0000,3
2025-10-28,20251028140500000,sh.600864,7.7900,7.8000,7.7900,7.7900,812500,6333056.0000,3
2025-10-28,20251028141000000,sh.600864,7.7900,7.8000,7.7800,7.7900,733500,5714688.0000,3
2025-10-28,20251028141500000,sh.600864,7.7900,7.8000,7.7800,7.7900,648100,5053120.0000,3
2025-10-28,20251028142000000,sh.600864,7.8000,7.8100,7.7900,7.8000,490600,3825888.0000,3
2025-10-28,20251028142500000,sh.600864,7.7900,7.8000,7.7800,7.7900,933200,7267904.0000,3
2025-10-28,20251028143000000,sh.600864,7.7800,7.7900,7.7700,7.7700,677900,5275328.0000,3
2025-10-28,20251028143500000,sh.600864,7.7800,7.7900,7.7700,7.7800,433600,3374176.0000,3
2025-10-28,20251028144000000,sh.600864,7.7800,7.7900,7.7700,7.7700,1215600,9452576.0000,3
2025-10-28,20251028144500000,sh.600864,7.7700,7.7800,7.7600,7.7700,2114800,16419488.0000,3
2025-10-28,20251028145000000,sh.600864,7.7700,7.7700,7.7600,7.7600,1156200,8979232.0000,3
2025-10-28,20251028145500000,sh.600864,7.7700,7.7800,7.7600,7.7800,2799500,21744702.0000,3
2025-10-28,20251028150000000,sh.600864,7.7800,7.8100,7.7700,7.8000,3616400,28194303.0000,3
2025-10-29,20251029093500000,sh.600864,7.7700,7.8100,7.7500,7.7600,3691100,28686268.0000,3
2025-10-29,20251029094000000,sh.600864,7.7500,7.7800,7.7500,7.7500,1752900,13605364.0000,3
2025-10-29,20251029094500000,sh.600864,7.7500,7.8000,7.7500,7.7900,1627500,12647104.0000,3
2025-10-29,20251029095000000,sh.600864,7.7900,7.8000,7.7700,7.7900,2262700,17626104.0000,3
2025-10-29,20251029095500000,sh.600864,7.7800,7.7900,7.7600,7.7700,1357200,10543776.0000,3
2025-10-29,20251029100000000,sh.600864,7.7700,7.7800,7.7400,7.7500,2186500,16957352.0000,3
2025-10-29,20251029100500000,sh.600864,7.7600,7.7700,7.7500,7.7600,959700,7443720.0000,3
2025-10-29,20251029101000000,sh.600864,7.7700,7.8000,7.7600,7.7900,2059300,16040416.0000,3
2025-10-29,20251029101500000,sh.600864,7.7900,7.8000,7.7800,7.7800,874900,6814552.0000,3
2025-10-29,20251029102000000,sh.600864,7.7900,7.7900,7.7700,7.7800,908900,7070336.0000,3
2025-10-29,20251029102500000,sh.600864,7.7800,7.8100,7.7800,7.8100,1850400,14425680.0000,3
2025-10-29,20251029103000000,sh.600864,7.8100,7.8100,7.8000,7.8000,1770800,13822016.0000,3
2025-10-29,20251029103500000,sh.600864,7.8000,7.8000,7.7800,7.7900,1646100,12825536.0000,3
2025-10-29,20251029104000000,sh.600864,7.7800,7.7900,7.7700,7.7700,1432500,11141472.0000,3
2025-10-29,20251029104500000,sh.600864,7.7800,7.8200,7.7800,7.8200,2861700,22328528.0000,3
2025-10-29,20251029105000000,sh.600864,7.8200,7.8600,7.8200,7.8500,5657800,44354672.0000,3
2025-10-29,20251029105500000,sh.600864,7.8600,7.8900,7.8500,7.8500,6247500,49203296.0000,3
2025-10-29,20251029110000000,sh.600864,7.8500,7.8800,7.8500,7.8600,3646300,28684640.0000,3
2025-10-29,20251029110500000,sh.600864,7.8600,7.8800,7.8400,7.8500,2477900,19482176.0000,3
2025-10-29,20251029111000000,sh.600864,7.8500,7.8800,7.8500,7.8800,2124000,16711712.0000,3
2025-10-29,20251029111500000,sh.600864,7.8800,7.9300,7.8600,7.9300,4663200,36802912.0000,3
2025-10-29,20251029112000000,sh.600864,7.9200,7.9200,7.8700,7.8800,2326800,18368288.0000,3
2025-10-29,20251029112500000,sh.600864,7.8700,7.8900,7.8700,7.8900,1182000,9313856.0000,3
2025-10-29,20251029113000000,sh.600864,7.9000,7.9000,7.8800,7.8900,1569000,12382496.0000,3
2025-10-29,20251029130500000,sh.600864,7.8900,7.9000,7.8700,7.8700,1876800,14799936.0000,3
2025-10-29,20251029131000000,sh.600864,7.8700,7.8800,7.8500,7.8500,1179200,9272736.0000,3
2025-10-29,20251029131500000,sh.600864,7.8500,7.8700,7.8400,7.8700,1333200,10470048.0000,3
2025-10-29,20251029132000000,sh.600864,7.8700,7.8800,7.8600,7.8600,959600,7548480.0000,3
2025-10-29,20251029132500000,sh.600864,7.8600,7.8700,7.8500,7.8500,775700,6093120.0000,3
2025-10-29,20251029133000000,sh.600864,7.8500,7.8600,7.8500,7.8600,766200,6017856.0000,3
2025-10-29,20251029133500000,sh.600864,7.8600,7.8600,7.8500,7.8500,1032700,8109056.0000,3
2025-10-29,20251029134000000,sh.600864,7.8500,7.8600,7.8400,7.8400,999500,7843136.0000,3
2025-10-29,20251029134500000,sh.600864,7.8500,7.8500,7.8200,7.8400,2078100,16284736.0000,3
2025-10-29,20251029135000000,sh.600864,7.8400,7.8500,7.8300,7.8500,1211400,9495906.0000,3
2025-10-29,20251029135500000,sh.600864,7.8400,7.8500,7.8100,7.8200,2148000,16805754.0000,3
2025-10-29,20251029140000000,sh.600864,7.8200,7.8300,7.8000,7.8000,1524900,11912386.0000,3
2025-10-29,20251029140500000,sh.600864,7.8100,7.8300,7.8000,7.8200,1249000,9759042.0000,3
2025-10-29,20251029141000000,sh.600864,7.8300,7.8400,7.8200,7.8300,918500,7190464.0000,3
2025-10-29,20251029141500000,sh.600864,7.8200,7.8400,7.8200,7.8400,483400,3785024.0000,3
2025-10-29,20251029142000000,sh.600864,7.8300,7.8300,7.8200,7.8200,626800,4906246.0000,3
2025-10-29,20251029142500000,sh.600864,7.8300,7.8400,7.8200,7.8400,934700,7318138.0000,3
2025-10-29,20251029143000000,sh.600864,7.8400,7.8400,7.8200,7.8300,1091500,8546680.0000,3
2025-10-29,20251029143500000,sh.600864,7.8400,7.8400,7.8300,7.8400,600500,4705219.0000,3
2025-10-29,20251029144000000,sh.600864,7.8400,7.8500,7.8300,7.8500,2127600,16688837.0000,3
2025-10-29,20251029144500000,sh.600864,7.8500,7.8500,7.8400,7.8400,1470300,11531783.0000,3
2025-10-29,20251029145000000,sh.600864,7.8400,7.8500,7.8300,7.8500,1818000,14256762.0000,3
2025-10-29,20251029145500000,sh.600864,7.8500,7.8500,7.8400,7.8500,2275700,17853311.0000,3
2025-10-29,20251029150000000,sh.600864,7.8400,7.8500,7.8400,7.8400,1609700,12626304.0000,3
2025-10-30,20251030093500000,sh.600864,7.7700,7.7800,7.6900,7.6900,9463100,73218912.0000,3
2025-10-30,20251030094000000,sh.600864,7.7000,7.7000,7.6500,7.6500,6949300,53315064.0000,3
2025-10-30,20251030094500000,sh.600864,7.6500,7.6600,7.6400,7.6600,3976500,30416824.0000,3
2025-10-30,20251030095000000,sh.600864,7.6700,7.6700,7.6100,7.6100,4205100,32115712.0000,3
2025-10-30,20251030095500000,sh.600864,7.6100,7.6300,7.6000,7.6200,3156300,24029904.0000,3
2025-10-30,20251030100000000,sh.600864,7.6100,7.6400,7.6100,7.6300,2415500,18421872.0000,3
2025-10-30,20251030100500000,sh.600864,7.6200,7.6300,7.5900,7.6100,5853200,44501648.0000,3
2025-10-30,20251030101000000,sh.600864,7.6100,7.6200,7.6000,7.6200,1516300,11534560.0000,3
2025-10-30,20251030101500000,sh.600864,7.6100,7.6200,7.6000,7.6200,834000,6345600.0000,3
2025-10-30,20251030102000000,sh.600864,7.6200,7.6300,7.6100,7.6100,844500,6433088.0000,3
2025-10-30,20251030102500000,sh.600864,7.6100,7.6300,7.6100,7.6200,1027800,7833632.0000,3
2025-10-30,20251030103000000,sh.600864,7.6300,7.6400,7.6100,7.6400,1155800,8805408.0000,3
2025-10-30,20251030103500000,sh.600864,7.6300,7.6700,7.6300,7.6600,1736900,13300960.0000,3
2025-10-30,20251030104000000,sh.600864,7.6600,7.6600,7.6300,7.6400,851700,6514400.0000,3
2025-10-30,20251030104500000,sh.600864,7.6300,7.6400,7.6200,7.6200,698000,5324416.0000,3
2025-10-30,20251030105000000,sh.600864,7.6200,7.6500,7.6200,7.6400,537100,4100832.0000,3
2025-10-30,20251030105500000,sh.600864,7.6400,7.6500,7.6300,7.6300,630000,4814496.0000,3
2025-10-30,20251030110000000,sh.600864,7.6300,7.6400,7.6200,7.6300,254400,1941184.0000,3
2025-10-30,20251030110500000,sh.600864,7.6300,7.6400,7.6300,7.6400,427000,3259424.0000,3
2025-10-30,20251030111000000,sh.600864,7.6400,7.6400,7.6300,7.6400,356600,2723904.0000,3
2025-10-30,20251030111500000,sh.600864,7.6400,7.6500,7.6300,7.6500,698500,5335936.0000,3
2025-10-30,20251030112000000,sh.600864,7.6500,7.6500,7.6400,7.6500,642300,4912320.0000,3
2025-10-30,20251030112500000,sh.600864,7.6500,7.6600,7.6300,7.6300,514500,3932320.0000,3
2025-10-30,20251030113000000,sh.600864,7.6300,7.6400,7.6300,7.6400,660900,5043168.0000,3
2025-10-30,20251030130500000,sh.600864,7.6400,7.6400,7.6000,7.6000,3711200,28238272.0000,3
2025-10-30,20251030131000000,sh.600864,7.6000,7.6200,7.5900,7.6000,1457500,11075552.0000,3
2025-10-30,20251030131500000,sh.600864,7.6000,7.6000,7.5600,7.5600,4032100,30547456.0000,3
2025-10-30,20251030132000000,sh.600864,7.5700,7.5900,7.5400,7.5800,2329000,17606464.0000,3
2025-10-30,20251030132500000,sh.600864,7.5800,7.5800,7.5500,7.5800,1642600,12418848.0000,3
2025-10-30,20251030133000000,sh.600864,7.5800,7.5800,7.5600,7.5700,850200,6433280.0000,3
2025-10-30,20251030133500000,sh.600864,7.5700,7.5800,7.5600,7.5800,882900,6684000.0000,3
2025-10-30,20251030134000000,sh.600864,7.5800,7.6100,7.5700,7.6000,944500,7167616.0000,3
2025-10-30,20251030134500000,sh.600864,7.6000,7.6100,7.5900,7.5900,408100,3101760.0000,3
2025-10-30,20251030135000000,sh.600864,7.5900,7.6000,7.5700,7.5800,768000,5823040.0000,3
2025-10-30,20251030135500000,sh.600864,7.5800,7.5800,7.5700,7.5800,472700,3579136.0000,3
2025-10-30,20251030140000000,sh.600864,7.5700,7.5900,7.5700,7.5800,367100,2782176.0000,3
2025-10-30,20251030140500000,sh.600864,7.5800,7.5900,7.5800,7.5800,301700,2288256.0000,3
2025-10-30,20251030141000000,sh.600864,7.5800,7.5900,7.5500,7.5500,1523200,11523360.0000,3
2025-10-30,20251030141500000,sh.600864,7.5600,7.5700,7.5500,7.5500,1416700,10702592.0000,3
2025-10-30,20251030142000000,sh.600864,7.5400,7.5500,7.5300,7.5500,1714800,12922042.0000,3
2025-10-30,20251030142500000,sh.600864,7.5500,7.5500,7.5300,7.5400,1472400,11093580.0000,3
2025-10-30,20251030143000000,sh.600864,7.5400,7.5600,7.5200,7.5300,1492100,11249407.0000,3
2025-10-30,20251030143500000,sh.600864,7.5300,7.5500,7.5300,7.5400,1018400,7677559.0000,3
2025-10-30,20251030144000000,sh.600864,7.5400,7.5500,7.5300,7.5300,782700,5901000.0000,3
2025-10-30,20251030144500000,sh.600864,7.5300,7.5400,7.5200,7.5300,1643600,12376896.0000,3
2025-10-30,20251030145000000,sh.600864,7.5300,7.5400,7.5200,7.5200,1399000,10531638.0000,3
2025-10-30,20251030145500000,sh.600864,7.5200,7.5300,7.5100,7.5200,2832500,21308102.0000,3
2025-10-30,20251030150000000,sh.600864,7.5200,7.5200,7.5000,7.5100,1804300,13549504.0000,3
2025-10-31,20251031093500000,sh.600864,7.5100,7.5400,7.5000,7.5100,3690800,27750670.0000,3
2025-10-31,20251031094000000,sh.600864,7.5000,7.5100,7.4600,7.4900,3489000,26087602.0000,3
2025-10-31,20251031094500000,sh.600864,7.4900,7.5000,7.4700,7.4900,1678600,12552768.0000,3
2025-10-31,20251031095000000,sh.600864,7.4900,7.4900,7.4700,7.4900,1319500,9871384.0000,3
2025-10-31,20251031095500000,sh.600864,7.4800,7.5000,7.4800,7.4900,1377100,10308736.0000,3
2025-10-31,20251031100000000,sh.600864,7.4900,7.5400,7.4900,7.5300,1435800,10807016.0000,3
2025-10-31,20251031100500000,sh.600864,7.5300,7.5400,7.5200,7.5300,828200,6240488.0000,3
2025-10-31,20251031101000000,sh.600864,7.5300,7.5500,7.5300,7.5500,972200,7328880.0000,3
2025-10-31,20251031101500000,sh.600864,7.5500,7.5700,7.5400,7.5600,1400900,10581776.0000,3
2025-10-31,20251031102000000,sh.600864,7.5600,7.5600,7.5400,7.5500,899900,6796360.0000,3
2025-10-31,20251031102500000,sh.600864,7.5500,7.5500,7.5300,7.5500,913800,6887856.0000,3
2025-10-31,20251031103000000,sh.600864,7.5500,7.5500,7.5200,7.5300,765700,5766816.0000,3
2025-10-31,20251031103500000,sh.600864,7.5300,7.5300,7.5200,7.5300,496100,3733296.0000,3
2025-10-31,20251031104000000,sh.600864,7.5200,7.5300,7.5200,7.5200,788400,5931056.0000,3
2025-10-31,20251031104500000,sh.600864,7.5300,7.5300,7.5200,7.5200,400000,3011008.0000,3
2025-10-31,20251031105000000,sh.600864,7.5200,7.5300,7.5200,7.5200,389900,2933040.0000,3
2025-10-31,20251031105500000,sh.600864,7.5200,7.5300,7.5100,7.5200,509900,3833696.0000,3
2025-10-31,20251031110000000,sh.600864,7.5200,7.5300,7.5000,7.5200,930900,6996432.0000,3
2025-10-31,20251031110500000,sh.600864,7.5200,7.5300,7.5100,7.5100,412200,3098960.0000,3
2025-10-31,20251031111000000,sh.600864,7.5100,7.5200,7.5000,7.5200,630000,4730448.0000,3
2025-10-31,20251031111500000,sh.600864,7.5000,7.5700,7.5000,7.5500,2677600,20221392.0000,3
2025-10-31,20251031112000000,sh.600864,7.5500,7.5600,7.5400,7.5500,388700,2936912.0000,3
2025-10-31,20251031112500000,sh.600864,7.5500,7.5600,7.5400,7.5500,682300,5150352.0000,3
2025-10-31,20251031113000000,sh.600864,7.5500,7.5600,7.5500,7.5500,218700,1651984.0000,3
2025-10-31,20251031130500000,sh.600864,7.5500,7.5600,7.5300,7.5300,675000,5093312.0000,3
2025-10-31,20251031131000000,sh.600864,7.5300,7.5500,7.5300,7.5400,617300,4651024.0000,3
2025-10-31,20251031131500000,sh.600864,7.5400,7.5400,7.5100,7.5300,679000,5107200.0000,3
2025-10-31,20251031132000000,sh.600864,7.5300,7.5300,7.5100,7.5200,432300,3251264.0000,3
2025-10-31,20251031132500000,sh.600864,7.5200,7.5300,7.5200,7.5200,157000,1181104.0000,3
2025-10-31,20251031133000000,sh.600864,7.5300,7.5400,7.5200,7.5400,242900,1829328.0000,3
2025-10-31,20251031133500000,sh.600864,7.5300,7.5400,7.5300,7.5400,211400,1592336.0000,3
2025-10-31,20251031134000000,sh.600864,7.5300,7.5400,7.5300,7.5300,197000,1483520.0000,3
2025-10-31,20251031134500000,sh.600864,7.5300,7.5300,7.5200,7.5200,293800,2210656.0000,3
2025-10-31,20251031135000000,sh.600864,7.5200,7.5200,7.5000,7.5000,738900,5550800.0000,3
2025-10-31,20251031135500000,sh.600864,7.5100,7.5100,7.5000,7.5000,331300,2486544.0000,3
2025-10-31,20251031140000000,sh.600864,7.5000,7.5200,7.5000,7.5100,463900,3485504.0000,3
2025-10-31,20251031140500000,sh.600864,7.5200,7.5200,7.5100,7.5200,302300,2272304.0000,3
2025-10-31,20251031141000000,sh.600864,7.5100,7.5300,7.5100,7.5200,298100,2241648.0000,3
2025-10-31,20251031141500000,sh.600864,7.5200,7.5300,7.5100,7.5200,245700,1847024.0000,3
2025-10-31,20251031142000000,sh.600864,7.5200,7.5200,7.5100,7.5200,336200,2527056.0000,3
2025-10-31,20251031142500000,sh.600864,7.5200,7.5300,7.5100,7.5200,311600,2342784.0000,3
2025-10-31,20251031143000000,sh.600864,7.5200,7.5300,7.5200,7.5200,222600,1674512.0000,3
2025-10-31,20251031143500000,sh.600864,7.5200,7.5300,7.5000,7.5100,1806100,13562512.0000,3
2025-10-31,20251031144000000,sh.600864,7.5000,7.5100,7.4900,7.5000,776300,5820640.0000,3
2025-10-31,20251031144500000,sh.600864,7.5000,7.5000,7.4900,7.4900,925000,6930560.0000,3
2025-10-31,20251031145000000,sh.600864,7.4900,7.5000,7.4900,7.4900,748000,5603296.0000,3
2025-10-31,20251031145500000,sh.600864,7.4900,7.5000,7.4800,7.4800,1416300,10600480.0000,3
2025-10-31,20251031150000000,sh.600864,7.4800,7.4900,7.4800,7.4800,701100,5246144.0000,3
2025-11-03,20251103093500000,sh.600864,7.4800,7.4800,7.3800,7.3800,3676900,27302902.0000,3
2025-11-03,20251103094000000,sh.600864,7.3800,7.3800,7.3500,7.3600,3333600,24532214.0000,3
2025-11-03,20251103094500000,sh.600864,7.3500,7.3800,7.3500,7.3600,2060000,15168548.0000,3
2025-11-03,20251103095000000,sh.600864,7.3600,7.4500,7.3500,7.4300,2194300,16264488.0000,3
2025-11-03,20251103095500000,sh.600864,7.4300,7.4300,7.4100,7.4200,1742100,12926480.0000,3
2025-11-03,20251103100000000,sh.600864,7.4100,7.4200,7.4000,7.4000,1092400,8097048.0000,3
2025-11-03,20251103100500000,sh.600864,7.4000,7.4100,7.3900,7.4100,979400,7250128.0000,3
2025-11-03,20251103101000000,sh.600864,7.4100,7.4200,7.4000,7.4000,470700,3486112.0000,3
2025-11-03,20251103101500000,sh.600864,7.4000,7.4200,7.3800,7.4100,1021900,7558544.0000,3
2025-11-03,20251103102000000,sh.600864,7.4000,7.4200,7.4000,7.4100,396000,2932592.0000,3
2025-11-03,20251103102500000,sh.600864,7.4200,7.4200,7.3900,7.4000,353200,2615664.0000,3
2025-11-03,20251103103000000,sh.600864,7.4000,7.4100,7.3900,7.3900,385500,2850848.0000,3
2025-11-03,20251103103500000,sh.600864,7.3900,7.3900,7.3800,7.3900,780300,5761504.0000,3
2025-11-03,20251103104000000,sh.600864,7.3800,7.4000,7.3800,7.4000,754200,5572240.0000,3
2025-11-03,20251103104500000,sh.600864,7.4100,7.4100,7.3900,7.4000,415600,3076288.0000,3
2025-11-03,20251103105000000,sh.600864,7.4000,7.4200,7.4000,7.4200,266300,1974032.0000,3
2025-11-03,20251103105500000,sh.600864,7.4200,7.4500,7.4100,7.4500,490900,3649904.0000,3
2025-11-03,20251103110000000,sh.600864,7.4400,7.4500,7.4200,7.4300,271800,2019984.0000,3
2025-11-03,20251103110500000,sh.600864,7.4300,7.4400,7.4200,7.4300,230200,1709536.0000,3
2025-11-03,20251103111000000,sh.600864,7.4300,7.4300,7.4100,7.4200,371000,2751456.0000,3
2025-11-03,20251103111500000,sh.600864,7.4200,7.4300,7.4000,7.4000,190500,1410928.0000,3
2025-11-03,20251103112000000,sh.600864,7.4000,7.4200,7.3900,7.4100,363000,2686480.0000,3
2025-11-03,20251103112500000,sh.600864,7.4000,7.4100,7.4000,7.4100,221700,1640768.0000,3
2025-11-03,20251103113000000,sh.600864,7.4000,7.4200,7.4000,7.4100,238100,1764032.0000,3
2025-11-03,20251103130500000,sh.600864,7.4000,7.4200,7.4000,7.4200,721000,5339056.0000,3
2025-11-03,20251103131000000,sh.600864,7.4200,7.4400,7.4100,7.4300,244000,1811872.0000,3
2025-11-03,20251103131500000,sh.600864,7.4300,7.4500,7.4300,7.4300,527700,3924544.0000,3
2025-11-03,20251103132000000,sh.600864,7.4400,7.4400,7.4300,7.4300,543700,4043456.0000,3
2025-11-03,20251103132500000,sh.600864,7.4200,7.4400,7.4100,7.4300,325000,2413632.0000,3
2025-11-03,20251103133000000,sh.600864,7.4200,7.4300,7.4200,7.4200,218800,1624576.0000,3
2025-11-03,20251103133500000,sh.600864,7.4300,7.4400,7.4200,7.4300,395900,2941456.0000,3
2025-11-03,20251103134000000,sh.600864,7.4300,7.4400,7.4300,7.4400,228000,1694592.0000,3
2025-11-03,20251103134500000,sh.600864,7.4400,7.4600,7.4300,7.4500,892300,6643200.0000,3
2025-11-03,20251103135000000,sh.600864,7.4500,7.4700,7.4500,7.4500,655600,4889568.0000,3
2025-11-03,20251103135500000,sh.600864,7.4500,7.4600,7.4500,7.4500,227000,1692400.0000,3
2025-11-03,20251103140000000,sh.600864,7.4600,7.4600,7.4400,7.4500,559800,4169008.0000,3
2025-11-03,20251103140500000,sh.600864,7.4400,7.4700,7.4400,7.4600,735600,5487328.0000,3
2025-11-03,20251103141000000,sh.600864,7.4600,7.4700,7.4500,7.4500,534100,3984016.0000,3
2025-11-03,20251103141500000,sh.600864,7.4500,7.4600,7.4500,7.4500,221900,1654064.0000,3
2025-11-03,20251103142000000,sh.600864,7.4500,7.4600,7.4400,7.4500,490200,3651856.0000,3
2025-11-03,20251103142500000,sh.600864,7.4500,7.4500,7.4300,7.4300,436700,3248880.0000,3
2025-11-03,20251103143000000,sh.600864,7.4400,7.4400,7.4300,7.4300,185700,1380816.0000,3
2025-11-03,20251103143500000,sh.600864,7.4300,7.4400,7.4300,7.4400,413500,3072592.0000,3
2025-11-03,20251103144000000,sh.600864,7.4400,7.4500,7.4300,7.4300,501400,3730368.0000,3
2025-11-03,20251103144500000,sh.600864,7.4400,7.4400,7.4300,7.4400,567100,4217760.0000,3
2025-11-03,20251103145000000,sh.600864,7.4400,7.4500,7.4300,7.4400,405900,3020272.0000,3
2025-11-03,20251103145500000,sh.600864,7.4400,7.4500,7.4400,7.4400,968700,7210224.0000,3
2025-11-03,20251103150000000,sh.600864,7.4500,7.4500,7.4400,7.4400,940600,7001936.0000,3
2025-11-04,20251104093500000,sh.600864,7.4200,7.4200,7.4000,7.4100,1369800,10152769.0000,3
2025-11-04,20251104094000000,sh.600864,7.4200,7.4300,7.4100,7.4200,852000,6322456.0000,3
2025-11-04,20251104094500000,sh.600864,7.4200,7.4500,7.4100,7.4500,1643500,12228671.0000,3
2025-11-04,20251104095000000,sh.600864,7.4400,7.4500,7.4300,7.4400,929800,6918816.0000,3
2025-11-04,20251104095500000,sh.600864,7.4300,7.4400,7.4100,7.4100,1104100,8197240.0000,3
2025-11-04,20251104100000000,sh.600864,7.4100,7.4200,7.4000,7.4100,1020600,7564152.0000,3
2025-11-04,20251104100500000,sh.600864,7.4100,7.4300,7.4100,7.4200,705100,5228740.0000,3
2025-11-04,20251104101000000,sh.600864,7.4200,7.4400,7.4200,7.4300,485700,3608940.0000,3
2025-11-04,20251104101500000,sh.600864,7.4400,7.4400,7.4200,7.4200,243400,1807824.0000,3
2025-11-04,20251104102000000,sh.600864,7.4200,7.4200,7.4100,7.4100,434500,3222456.0000,3
2025-11-04,20251104102500000,sh.600864,7.4100,7.4200,7.4100,7.4200,521700,3869320.0000,3
2025-11-04,20251104103000000,sh.600864,7.4100,7.4200,7.4100,7.4200,225300,1671248.0000,3
2025-11-04,20251104103500000,sh.600864,7.4200,7.4300,7.4100,7.4200,256700,1905064.0000,3
2025-11-04,20251104104000000,sh.600864,7.4200,7.4300,7.4100,7.4200,545700,4049032.0000,3
2025-11-04,20251104104500000,sh.600864,7.4100,7.4200,7.4000,7.4000,974700,7217112.0000,3
2025-11-04,20251104105000000,sh.600864,7.4000,7.4100,7.4000,7.4100,573000,4240720.0000,3
2025-11-04,20251104105500000,sh.600864,7.4100,7.4200,7.4000,7.4100,377600,2797296.0000,3
2025-11-04,20251104110000000,sh.600864,7.4200,7.4200,7.4100,7.4200,244300,1811344.0000,3
2025-11-04,20251104110500000,sh.600864,7.4200,7.4300,7.4100,7.4100,207100,1536784.0000,3
2025-11-04,20251104111000000,sh.600864,7.4100,7.4200,7.4100,7.4100,71600,530896.0000,3
2025-11-04,20251104111500000,sh.600864,7.4200,7.4200,7.4100,7.4100,160600,1190840.0000,3
2025-11-04,20251104112000000,sh.600864,7.4200,7.4300,7.4100,7.4200,195600,1451992.0000,3
2025-11-04,20251104112500000,sh.600864,7.4300,7.4300,7.4100,7.4100,202500,1502552.0000,3
2025-11-04,20251104113000000,sh.600864,7.4100,7.4200,7.4000,7.4000,299100,2216232.0000,3
2025-11-04,20251104130500000,sh.600864,7.4100,7.4300,7.4000,7.4300,491600,3646824.0000,3
2025-11-04,20251104131000000,sh.600864,7.4400,7.4700,7.4300,7.4500,3139900,23398584.0000,3
2025-11-04,20251104131500000,sh.600864,7.4500,7.4600,7.4400,7.4500,1122900,8368608.0000,3
2025-11-04,20251104132000000,sh.600864,7.4400,7.4500,7.4400,7.4500,344800,2567664.0000,3
2025-11-04,20251104132500000,sh.600864,7.4500,7.4600,7.4400,7.4500,884400,6589120.0000,3
2025-11-04,20251104133000000,sh.600864,7.4500,7.4600,7.4500,7.4500,374500,2790448.0000,3
2025-11-04,20251104133500000,sh.600864,7.4600,7.4600,7.4400,7.4500,315100,2346464.0000,3
2025-11-04,20251104134000000,sh.600864,7.4500,7.4500,7.4400,7.4500,114200,850336.0000,3
2025-11-04,20251104134500000,sh.600864,7.4400,7.4500,7.4400,7.4400,527100,3922384.0000,3
2025-11-04,20251104135000000,sh.600864,7.4500,7.4500,7.4300,7.4400,476100,3542400.0000,3
2025-11-04,20251104135500000,sh.600864,7.4400,7.4600,7.4300,7.4600,795900,5925840.0000,3
2025-11-04,20251104140000000,sh.600864,7.4500,7.4700,7.4500,7.4600,1920800,14334320.0000,3
2025-11-04,20251104140500000,sh.600864,7.4600,7.4600,7.4400,7.4400,584200,4351952.0000,3
2025-11-04,20251104141000000,sh.600864,7.4400,7.4500,7.4400,7.4500,661400,4924320.0000,3
2025-11-04,20251104141500000,sh.600864,7.4400,7.4500,7.4200,7.4300,755300,5616208.0000,3
2025-11-04,20251104142000000,sh.600864,7.4300,7.4500,7.4300,7.4500,934500,6957040.0000,3
2025-11-04,20251104142500000,sh.600864,7.4400,7.4500,7.4300,7.4400,765300,5692272.0000,3
2025-11-04,20251104143000000,sh.600864,7.4400,7.4500,7.4300,7.4300,581600,4325712.0000,3
2025-11-04,20251104143500000,sh.600864,7.4300,7.4400,7.4200,7.4300,539100,4006240.0000,3
2025-11-04,20251104144000000,sh.600864,7.4400,7.4400,7.4300,7.4400,644400,4793696.0000,3
2025-11-04,20251104144500000,sh.600864,7.4400,7.4500,7.4300,7.4500,467100,3476112.0000,3
2025-11-04,20251104145000000,sh.600864,7.4500,7.4500,7.4400,7.4500,684500,5094048.0000,3
2025-11-04,20251104145500000,sh.600864,7.4400,7.4500,7.4400,7.4400,805600,5996432.0000,3
2025-11-04,20251104150000000,sh.600864,7.4500,7.4500,7.4400,7.4500,415100,3090816.0000,3
2025-11-05,20251105093500000,sh.600864,7.3800,7.5100,7.3700,7.5100,3362200,25062050.0000,3
2025-11-05,20251105094000000,sh.600864,7.5100,7.5100,7.4900,7.4900,2658900,19936690.0000,3
2025-11-05,20251105094500000,sh.600864,7.4900,7.5300,7.4900,7.5100,2711800,20387984.0000,3
2025-11-05,20251105095000000,sh.600864,7.5100,7.5100,7.4900,7.5000,1601600,12009196.0000,3
2025-11-05,20251105095500000,sh.600864,7.4900,7.5000,7.4700,7.4800,1300700,9735536.0000,3
2025-11-05,20251105100000000,sh.600864,7.4700,7.5000,7.4700,7.4900,873700,6541552.0000,3
2025-11-05,20251105100500000,sh.600864,7.4900,7.4900,7.4700,7.4800,581800,4351632.0000,3
2025-11-05,20251105101000000,sh.600864,7.4700,7.4700,7.4600,7.4700,739200,5520352.0000,3
2025-11-05,20251105101500000,sh.600864,7.4700,7.4800,7.4700,7.4700,324900,2428264.0000,3
2025-11-05,20251105102000000,sh.600864,7.4800,7.4800,7.4600,7.4700,287200,2145480.0000,3
2025-11-05,20251105102500000,sh.600864,7.4700,7.4800,7.4600,7.4600,384100,2868752.0000,3
2025-11-05,20251105103000000,sh.600864,7.4700,7.4700,7.4500,7.4600,661100,4928112.0000,3
2025-11-05,20251105103500000,sh.600864,7.4500,7.4600,7.4500,7.4500,330900,2465456.0000,3
2025-11-05,20251105104000000,sh.600864,7.4500,7.4600,7.4500,7.4600,615300,4584856.0000,3
2025-11-05,20251105104500000,sh.600864,7.4600,7.4700,7.4500,7.4600,353900,2638856.0000,3
2025-11-05,20251105105000000,sh.600864,7.4600,7.4600,7.4500,7.4600,343200,2558040.0000,3
2025-11-05,20251105105500000,sh.600864,7.4600,7.4600,7.4300,7.4400,577500,4297304.0000,3
2025-11-05,20251105110000000,sh.600864,7.4400,7.4500,7.4300,7.4300,149000,1108488.0000,3
2025-11-05,20251105110500000,sh.600864,7.4300,7.4500,7.4300,7.4500,364400,2711016.0000,3
2025-11-05,20251105111000000,sh.600864,7.4400,7.4500,7.4400,7.4500,106000,789056.0000,3
2025-11-05,20251105111500000,sh.600864,7.4400,7.4600,7.4400,7.4600,422700,3149440.0000,3
2025-11-05,20251105112000000,sh.600864,7.4600,7.4600,7.4500,7.4600,344600,2569904.0000,3
2025-11-05,20251105112500000,sh.600864,7.4700,7.4700,7.4500,7.4600,378000,2818208.0000,3
2025-11-05,20251105113000000,sh.600864,7.4600,7.4700,7.4500,7.4700,319400,2383808.0000,3
2025-11-05,20251105130500000,sh.600864,7.4600,7.4700,7.4500,7.4600,550200,4104256.0000,3
2025-11-05,20251105131000000,sh.600864,7.4500,7.4600,7.4500,7.4500,271100,2020064.0000,3
2025-11-05,20251105131500000,sh.600864,7.4500,7.4600,7.4500,7.4500,150000,1118064.0000,3
2025-11-05,20251105132000000,sh.600864,7.4500,7.4600,7.4500,7.4500,247200,1842592.0000,3
2025-11-05,20251105132500000,sh.600864,7.4600,7.4600,7.4400,7.4400,493900,3679248.0000,3
2025-11-05,20251105133000000,sh.600864,7.4400,7.4500,7.4400,7.4400,269700,2007808.0000,3
2025-11-05,20251105133500000,sh.600864,7.4500,7.4500,7.4300,7.4400,637800,4744160.0000,3
2025-11-05,20251105134000000,sh.600864,7.4300,7.4600,7.4300,7.4500,748400,5573792.0000,3
2025-11-05,20251105134500000,sh.600864,7.4500,7.4600,7.4500,7.4600,166000,1237552.0000,3
2025-11-05,20251105135000000,sh.600864,7.4600,7.4600,7.4500,7.4500,383500,2858688.0000,3
2025-11-05,20251105135500000,sh.600864,7.4600,7.4600,7.4400,7.4400,589400,4391760.0000,3
2025-11-05,20251105140000000,sh.600864,7.4400,7.4500,7.4300,7.4400,721900,5370336.0000,3
2025-11-05,20251105140500000,sh.600864,7.4400,7.4400,7.4200,7.4300,1216900,9039584.0000,3
2025-11-05,20251105141000000,sh.600864,7.4400,7.4400,7.4300,7.4400,155800,1158272.0000,3
2025-11-05,20251105141500000,sh.600864,7.4400,7.4400,7.4300,7.4400,269500,2003056.0000,3
2025-11-05,20251105142000000,sh.600864,7.4400,7.4400,7.4300,7.4400,507800,3777232.0000,3
2025-11-05,20251105142500000,sh.600864,7.4400,7.4500,7.4300,7.4400,513100,3818176.0000,3
2025-11-05,20251105143000000,sh.600864,7.4400,7.4500,7.4400,7.4500,264000,1964752.0000,3
2025-11-05,20251105143500000,sh.600864,7.4500,7.4500,7.4300,7.4400,582300,4331040.0000,3
2025-11-05,20251105144000000,sh.600864,7.4300,7.4400,7.4300,7.4400,603300,4485456.0000,3
2025-11-05,20251105144500000,sh.600864,7.4300,7.4400,7.4300,7.4400,562400,4179040.0000,3
2025-11-05,20251105145000000,sh.600864,7.4300,7.4400,7.4200,7.4200,1100400,8172160.0000,3
2025-11-05,20251105145500000,sh.600864,7.4200,7.4300,7.4200,7.4300,1011600,7508048.0000,3
2025-11-05,20251105150000000,sh.600864,7.4200,7.4200,7.4100,7.4200,790000,5859792.0000,3
2025-11-06,20251106093500000,sh.600864,7.4200,7.4500,7.4200,7.4400,1878200,13958189.0000,3
2025-11-06,20251106094000000,sh.600864,7.4400,7.5000,7.4300,7.4800,4035300,30167463.0000,3
2025-11-06,20251106094500000,sh.600864,7.4900,7.4900,7.4500,7.4600,1214500,9070688.0000,3
2025-11-06,20251106095000000,sh.600864,7.4700,7.4700,7.4500,7.4600,1136500,8477776.0000,3
2025-11-06,20251106095500000,sh.600864,7.4600,7.4800,7.4600,7.4700,2018700,15078036.0000,3
2025-11-06,20251106100000000,sh.600864,7.4800,7.4800,7.4600,7.4700,1346000,10053808.0000,3
2025-11-06,20251106100500000,sh.600864,7.4600,7.4700,7.4500,7.4500,1043500,7780384.0000,3
2025-11-06,20251106101000000,sh.600864,7.4500,7.4600,7.4500,7.4500,295000,2198464.0000,3
2025-11-06,20251106101500000,sh.600864,7.4500,7.4600,7.4400,7.4400,561600,4181984.0000,3
2025-11-06,20251106102000000,sh.600864,7.4500,7.4500,7.4400,7.4500,444100,3306904.0000,3
2025-11-06,20251106102500000,sh.600864,7.4500,7.4600,7.4500,7.4500,576300,4294496.0000,3
2025-11-06,20251106103000000,sh.600864,7.4500,7.4800,7.4500,7.4700,1165600,8699064.0000,3
2025-11-06,20251106103500000,sh.600864,7.4700,7.4800,7.4700,7.4700,1014600,7586232.0000,3
2025-11-06,20251106104000000,sh.600864,7.4700,7.4800,7.4600,7.4800,780500,5829488.0000,3
2025-11-06,20251106104500000,sh.600864,7.4800,7.4900,7.4700,7.4900,761200,5693112.0000,3
2025-11-06,20251106105000000,sh.600864,7.4900,7.5000,7.4800,7.5000,2121700,15900592.0000,3
2025-11-06,20251106105500000,sh.600864,7.4900,7.5000,7.4700,7.4700,1181000,8841280.0000,3
2025-11-06,20251106110000000,sh.600864,7.4700,7.4800,7.4700,7.4800,317300,2371376.0000,3
2025-11-06,20251106110500000,sh.600864,7.4800,7.4800,7.4700,7.4700,289200,2162368.0000,3
2025-11-06,20251106111000000,sh.600864,7.4700,7.4800,7.4600,7.4600,670100,5007280.0000,3
2025-11-06,20251106111500000,sh.600864,7.4700,7.4700,7.4500,7.4600,755000,5631616.0000,3
2025-11-06,20251106112000000,sh.600864,7.4600,7.4800,7.4600,7.4700,510900,3814064.0000,3
2025-11-06,20251106112500000,sh.600864,7.4700,7.4700,7.4600,7.4700,314400,2347712.0000,3
2025-11-06,20251106113000000,sh.600864,7.4700,7.4800,7.4600,7.4800,237400,1774080.0000,3
2025-11-06,20251106130500000,sh.600864,7.4800,7.4800,7.4700,7.4700,319100,2384704.0000,3
2025-11-06,20251106131000000,sh.600864,7.4700,7.4700,7.4600,7.4700,508900,3799760.0000,3
2025-11-06,20251106131500000,sh.600864,7.4700,7.4700,7.4600,7.4600,268200,2001856.0000,3
2025-11-06,20251106132000000,sh.600864,7.4600,7.4700,7.4500,7.4500,384100,2865664.0000,3
2025-11-06,20251106132500000,sh.600864,7.4500,7.4600,7.4400,7.4500,822800,6128928.0000,3
2025-11-06,20251106133000000,sh.600864,7.4400,7.4500,7.4400,7.4400,347800,2588416.0000,3
2025-11-06,20251106133500000,sh.600864,7.4500,7.4600,7.4400,7.4500,780200,5812512.0000,3
2025-11-06,20251106134000000,sh.600864,7.4500,7.4600,7.4500,7.4600,321500,2397568.0000,3
2025-11-06,20251106134500000,sh.600864,7.4500,7.4600,7.4500,7.4500,305000,2273248.0000,3
2025-11-06,20251106135000000,sh.600864,7.4500,7.4600,7.4400,7.4400,491700,3662688.0000,3
2025-11-06,20251106135500000,sh.600864,7.4400,7.4500,7.4400,7.4400,265500,1977072.0000,3
2025-11-06,20251106140000000,sh.600864,7.4500,7.4600,7.4400,7.4500,316700,2358608.0000,3
2025-11-06,20251106140500000,sh.600864,7.4500,7.4600,7.4500,7.4500,280700,2091312.0000,3
2025-11-06,20251106141000000,sh.600864,7.4500,7.4600,7.4500,7.4600,321000,2393152.0000,3
2025-11-06,20251106141500000,sh.600864,7.4500,7.4600,7.4400,7.4400,543900,4052400.0000,3
2025-11-06,20251106142000000,sh.600864,7.4400,7.4500,7.4400,7.4400,340200,2532384.0000,3
2025-11-06,20251106142500000,sh.600864,7.4500,7.4500,7.4300,7.4400,864300,6430800.0000,3
2025-11-06,20251106143000000,sh.600864,7.4400,7.4500,7.4400,7.4400,304300,2265072.0000,3
2025-11-06,20251106143500000,sh.600864,7.4500,7.4500,7.4300,7.4400,551000,4099776.0000,3
2025-11-06,20251106144000000,sh.600864,7.4300,7.4400,7.4300,7.4300,559200,4156800.0000,3
2025-11-06,20251106144500000,sh.600864,7.4400,7.4400,7.4300,7.4300,1059000,7869664.0000,3
2025-11-06,20251106145000000,sh.600864,7.4300,7.4400,7.4200,7.4400,828100,6150928.0000,3
2025-11-06,20251106145500000,sh.600864,7.4400,7.4400,7.4200,7.4300,1546900,11493696.0000,3
2025-11-06,20251106150000000,sh.600864,7.4400,7.4400,7.4300,7.4300,795400,5911008.0000,3
2025-11-07,20251107093500000,sh.600864,7.3900,7.3900,7.3700,7.3700,3420100,25236840.0000,3
2025-11-07,20251107094000000,sh.600864,7.3700,7.3800,7.3600,7.3700,1571000,11579696.0000,3
2025-11-07,20251107094500000,sh.600864,7.3700,7.3800,7.3600,7.3700,2016400,14856292.0000,3
2025-11-07,20251107095000000,sh.600864,7.3700,7.3800,7.3500,7.3500,2130500,15681500.0000,3
2025-11-07,20251107095500000,sh.600864,7.3600,7.3600,7.3400,7.3400,1990200,14616808.0000,3
2025-11-07,20251107100000000,sh.600864,7.3400,7.3500,7.3300,7.3500,1297800,9525160.0000,3
2025-11-07,20251107100500000,sh.600864,7.3400,7.3500,7.3400,7.3400,690800,5072800.0000,3
2025-11-07,20251107101000000,sh.600864,7.3500,7.3500,7.3300,7.3400,1195400,8775144.0000,3
2025-11-07,20251107101500000,sh.600864,7.3400,7.3400,7.3300,7.3300,952100,6983360.0000,3
2025-11-07,20251107102000000,sh.600864,7.3400,7.3400,7.3200,7.3200,1500700,10994584.0000,3
2025-11-07,20251107102500000,sh.600864,7.3300,7.3300,7.3000,7.3100,2718100,19871016.0000,3
2025-11-07,20251107103000000,sh.600864,7.3100,7.3300,7.3100,7.3200,1135000,8303696.0000,3
2025-11-07,20251107103500000,sh.600864,7.3200,7.3200,7.3100,7.3100,480400,3513392.0000,3
2025-11-07,20251107104000000,sh.600864,7.3200,7.3400,7.3100,7.3400,387000,2834576.0000,3
2025-11-07,20251107104500000,sh.600864,7.3400,7.3400,7.3200,7.3200,380700,2790176.0000,3
2025-11-07,20251107105000000,sh.600864,7.3200,7.3300,7.3100,7.3200,564000,4128096.0000,3
2025-11-07,20251107105500000,sh.600864,7.3200,7.3300,7.3200,7.3200,387000,2833296.0000,3
2025-11-07,20251107110000000,sh.600864,7.3200,7.3300,7.3100,7.3300,669400,4901280.0000,3
2025-11-07,20251107110500000,sh.600864,7.3400,7.3400,7.3200,7.3300,629500,4614560.0000,3
2025-11-07,20251107111000000,sh.600864,7.3400,7.3400,7.3300,7.3300,323200,2370352.0000,3
2025-11-07,20251107111500000,sh.600864,7.3300,7.3400,7.3200,7.3200,602400,4412048.0000,3
2025-11-07,20251107112000000,sh.600864,7.3300,7.3300,7.3100,7.3200,633500,4637920.0000,3
2025-11-07,20251107112500000,sh.600864,7.3200,7.3200,7.3100,7.3200,449600,3286928.0000,3
2025-11-07,20251107113000000,sh.600864,7.3100,7.3200,7.3100,7.3100,398300,2913584.0000,3
2025-11-07,20251107130500000,sh.600864,7.3100,7.3200,7.3100,7.3100,470100,3437312.0000,3
2025-11-07,20251107131000000,sh.600864,7.3200,7.3200,7.3100,7.3100,832200,6084704.0000,3
2025-11-07,20251107131500000,sh.600864,7.3100,7.3200,7.3100,7.3100,509500,3725040.0000,3
2025-11-07,20251107132000000,sh.600864,7.3100,7.3200,7.3100,7.3200,386800,2828880.0000,3
2025-11-07,20251107132500000,sh.600864,7.3200,7.3300,7.3100,7.3200,319900,2341616.0000,3
2025-11-07,20251107133000000,sh.600864,7.3200,7.3200,7.3100,7.3100,150100,1098128.0000,3
2025-11-07,20251107133500000,sh.600864,7.3100,7.3400,7.3100,7.3300,833300,6100736.0000,3
2025-11-07,20251107134000000,sh.600864,7.3300,7.3400,7.3300,7.3300,515000,3779232.0000,3
2025-11-07,20251107134500000,sh.600864,7.3300,7.3400,7.3300,7.3300,395700,2901008.0000,3
2025-11-07,20251107135000000,sh.600864,7.3300,7.3300,7.3100,7.3200,328700,2404624.0000,3
2025-11-07,20251107135500000,sh.600864,7.3100,7.3200,7.3100,7.3100,510500,3734928.0000,3
2025-11-07,20251107140000000,sh.600864,7.3100,7.3200,7.3000,7.3000,807900,5902656.0000,3
2025-11-07,20251107140500000,sh.600864,7.3000,7.3100,7.3000,7.3100,1113700,8130736.0000,3
2025-11-07,20251107141000000,sh.600864,7.3000,7.3100,7.2800,7.2900,1459800,10639232.0000,3
2025-11-07,20251107141500000,sh.600864,7.2800,7.2900,7.2800,7.2900,981300,7145904.0000,3
2025-11-07,20251107142000000,sh.600864,7.2900,7.2900,7.2700,7.2800,847800,6172960.0000,3
2025-11-07,20251107142500000,sh.600864,7.2900,7.2900,7.2800,7.2800,416800,3035296.0000,3
2025-11-07,20251107143000000,sh.600864,7.2900,7.2900,7.2800,7.2900,335400,2442688.0000,3
2025-11-07,20251107143500000,sh.600864,7.2900,7.2900,7.2800,7.2900,401000,2920096.0000,3
2025-11-07,20251107144000000,sh.600864,7.2800,7.2900,7.2700,7.2700,910700,6628320.0000,3
2025-11-07,20251107144500000,sh.600864,7.2800,7.2800,7.2700,7.2800,796000,5788832.0000,3
2025-11-07,20251107145000000,sh.600864,7.2700,7.2800,7.2600,7.2600,1353100,9834304.0000,3
2025-11-07,20251107145500000,sh.600864,7.2600,7.2700,7.2500,7.2500,1840700,13363040.0000,3
2025-11-07,20251107150000000,sh.600864,7.2500,7.2600,7.2500,7.2600,1263000,9165056.0000,3
2025-11-10,20251110093500000,sh.600864,7.2600,7.2700,7.2200,7.2400,2032900,14741714.0000,3
2025-11-10,20251110094000000,sh.600864,7.2500,7.2900,7.2400,7.2800,1360300,9887678.0000,3
2025-11-10,20251110094500000,sh.600864,7.2700,7.2800,7.2500,7.2600,806200,5854744.0000,3
2025-11-10,20251110095000000,sh.600864,7.2600,7.2800,7.2500,7.2800,1246900,9050112.0000,3
2025-11-10,20251110095500000,sh.600864,7.2700,7.2900,7.2700,7.2800,488100,3552560.0000,3
2025-11-10,20251110100000000,sh.600864,7.2800,7.2900,7.2700,7.2800,621100,4522416.0000,3
2025-11-10,20251110100500000,sh.600864,7.2700,7.2900,7.2700,7.2800,618800,4502284.0000,3
2025-11-10,20251110101000000,sh.600864,7.2800,7.2900,7.2700,7.2700,406900,2961512.0000,3
2025-11-10,20251110101500000,sh.600864,7.2700,7.2800,7.2700,7.2800,285000,2072664.0000,3
2025-11-10,20251110102000000,sh.600864,7.2800,7.2900,7.2700,7.2800,874800,6365292.0000,3
2025-11-10,20251110102500000,sh.600864,7.2800,7.3100,7.2700,7.3100,1736900,12658864.0000,3
2025-11-10,20251110103000000,sh.600864,7.3100,7.3100,7.3000,7.3100,460600,3364440.0000,3
2025-11-10,20251110103500000,sh.600864,7.3000,7.3100,7.2900,7.2900,213900,1561512.0000,3
2025-11-10,20251110104000000,sh.600864,7.2900,7.3100,7.2900,7.3000,776300,5665456.0000,3
2025-11-10,20251110104500000,sh.600864,7.3000,7.3100,7.2800,7.2800,402600,2936552.0000,3
2025-11-10,20251110105000000,sh.600864,7.2900,7.3000,7.2800,7.3000,167600,1222480.0000,3
2025-11-10,20251110105500000,sh.600864,7.2900,7.3100,7.2900,7.3100,337400,2463784.0000,3
2025-11-10,20251110110000000,sh.600864,7.3100,7.3200,7.3000,7.3000,747700,5464880.0000,3
2025-11-10,20251110110500000,sh.600864,7.3100,7.3100,7.3000,7.3100,371300,2711512.0000,3
2025-11-10,20251110111000000,sh.600864,7.3000,7.3100,7.2900,7.3000,386400,2821408.0000,3
2025-11-10,20251110111500000,sh.600864,7.3100,7.3200,7.3100,7.3100,688500,5034616.0000,3
2025-11-10,20251110112000000,sh.600864,7.3100,7.3200,7.3100,7.3200,358600,2623856.0000,3
2025-11-10,20251110112500000,sh.600864,7.3200,7.3200,7.3100,7.3200,238900,1747992.0000,3
2025-11-10,20251110113000000,sh.600864,7.3200,7.3400,7.3100,7.3400,514800,3770872.0000,3
2025-11-10,20251110130500000,sh.600864,7.3300,7.3300,7.3200,7.3200,419700,3075664.0000,3
2025-11-10,20251110131000000,sh.600864,7.3300,7.3300,7.3100,7.3200,415200,3040328.0000,3
2025-11-10,20251110131500000,sh.600864,7.3200,7.3200,7.3100,7.3100,138100,1010040.0000,3
2025-11-10,20251110132000000,sh.600864,7.3200,7.3300,7.3100,7.3300,375800,2750360.0000,3
2025-11-10,20251110132500000,sh.600864,7.3300,7.3300,7.3200,7.3300,264200,1936128.0000,3
2025-11-10,20251110133000000,sh.600864,7.3200,7.3400,7.3200,7.3300,668400,4900504.0000,3
2025-11-10,20251110133500000,sh.600864,7.3400,7.3600,7.3400,7.3500,2167700,15930672.0000,3
2025-11-10,20251110134000000,sh.600864,7.3400,7.3500,7.3300,7.3400,738000,5418912.0000,3
2025-11-10,20251110134500000,sh.600864,7.3400,7.3400,7.3200,7.3300,473300,3468736.0000,3
2025-11-10,20251110135000000,sh.600864,7.3200,7.3300,7.3200,7.3200,360900,2644944.0000,3
2025-11-10,20251110135500000,sh.600864,7.3300,7.3300,7.3200,7.3200,252900,1852256.0000,3
2025-11-10,20251110140000000,sh.600864,7.3200,7.3300,7.3200,7.3300,191600,1403456.0000,3
2025-11-10,20251110140500000,sh.600864,7.3200,7.3300,7.3100,7.3100,346500,2537168.0000,3
2025-11-10,20251110141000000,sh.600864,7.3100,7.3300,7.3100,7.3200,283100,2072432.0000,3
2025-11-10,20251110141500000,sh.600864,7.3200,7.3300,7.3200,7.3300,135900,995360.0000,3
2025-11-10,20251110142000000,sh.600864,7.3200,7.3300,7.3200,7.3200,126600,926928.0000,3
2025-11-10,20251110142500000,sh.600864,7.3200,7.3300,7.3200,7.3200,195700,1433888.0000,3
2025-11-10,20251110143000000,sh.600864,7.3200,7.3300,7.3200,7.3200,391300,2865008.0000,3
2025-11-10,20251110143500000,sh.600864,7.3200,7.3400,7.3200,7.3400,659000,4830064.0000,3
2025-11-10,20251110144000000,sh.600864,7.3400,7.3400,7.3300,7.3400,251100,1841824.0000,3
2025-11-10,20251110144500000,sh.600864,7.3300,7.3400,7.3300,7.3400,379900,2785408.0000,3
2025-11-10,20251110145000000,sh.600864,7.3300,7.3400,7.3300,7.3300,732600,5371472.0000,3
2025-11-10,20251110145500000,sh.600864,7.3400,7.3400,7.3200,7.3300,872700,6397680.0000,3
2025-11-10,20251110150000000,sh.600864,7.3300,7.3300,7.3200,7.3200,993300,7274928.0000,3
2025-11-11,20251111093500000,sh.600864,7.3300,7.3400,7.3100,7.3400,1203400,8813744.0000,3
2025-11-11,20251111094000000,sh.600864,7.3400,7.3400,7.3100,7.3100,1030200,7541920.0000,3
2025-11-11,20251111094500000,sh.600864,7.3100,7.3300,7.3100,7.3200,870500,6370204.0000,3
2025-11-11,20251111095000000,sh.600864,7.3300,7.3300,7.3000,7.3100,922800,6747308.0000,3
2025-11-11,20251111095500000,sh.600864,7.3100,7.3100,7.3000,7.3000,775600,5662872.0000,3
2025-11-11,20251111100000000,sh.600864,7.3000,7.3100,7.3000,7.3100,340500,2486584.0000,3
2025-11-11,20251111100500000,sh.600864,7.3100,7.3100,7.2900,7.3000,503800,3677300.0000,3
2025-11-11,20251111101000000,sh.600864,7.2900,7.3000,7.2800,7.2900,685400,4996676.0000,3
2025-11-11,20251111101500000,sh.600864,7.3000,7.3000,7.2900,7.2900,349600,2549236.0000,3
2025-11-11,20251111102000000,sh.600864,7.2900,7.3000,7.2800,7.2900,443800,3233480.0000,3
2025-11-11,20251111102500000,sh.600864,7.2800,7.2900,7.2800,7.2800,698800,5087912.0000,3
2025-11-11,20251111103000000,sh.600864,7.2800,7.3000,7.2700,7.2900,656100,4778060.0000,3
2025-11-11,20251111103500000,sh.600864,7.2900,7.3000,7.2800,7.2800,353400,2575784.0000,3
2025-11-11,20251111104000000,sh.600864,7.2800,7.2900,7.2800,7.2900,112900,822608.0000,3
2025-11-11,20251111104500000,sh.600864,7.2900,7.3000,7.2800,7.2900,220800,1609672.0000,3
2025-11-11,20251111105000000,sh.600864,7.2900,7.3000,7.2800,7.2900,328000,2389968.0000,3
2025-11-11,20251111105500000,sh.600864,7.2800,7.2900,7.2800,7.2800,204900,1492144.0000,3
2025-11-11,20251111110000000,sh.600864,7.2900,7.2900,7.2700,7.2800,880000,6405320.0000,3
2025-11-11,20251111110500000,sh.600864,7.2800,7.2800,7.2600,7.2700,694900,5052592.0000,3
2025-11-11,20251111111000000,sh.600864,7.2600,7.2800,7.2600,7.2800,447800,3255624.0000,3
2025-11-11,20251111111500000,sh.600864,7.2800,7.2800,7.2700,7.2700,520100,3782048.0000,3
2025-11-11,20251111112000000,sh.600864,7.2800,7.2900,7.2700,7.2800,244900,1781736.0000,3
2025-11-11,20251111112500000,sh.600864,7.2700,7.2900,7.2700,7.2800,249400,1815664.0000,3
2025-11-11,20251111113000000,sh.600864,7.2900,7.2900,7.2800,7.2800,131900,960632.0000,3
2025-11-11,20251111130500000,sh.600864,7.2900,7.2900,7.2800,7.2800,479800,3493920.0000,3
2025-11-11,20251111131000000,sh.600864,7.2800,7.2900,7.2700,7.2800,353400,2572472.0000,3
2025-11-11,20251111131500000,sh.600864,7.2700,7.2800,7.2700,7.2800,472400,3435472.0000,3
2025-11-11,20251111132000000,sh.600864,7.2700,7.2800,7.2600,7.2800,328700,2389672.0000,3
2025-11-11,20251111132500000,sh.600864,7.2700,7.2700,7.2600,7.2700,449300,3265632.0000,3
2025-11-11,20251111133000000,sh.600864,7.2600,7.2700,7.2600,7.2700,243800,1770856.0000,3
2025-11-11,20251111133500000,sh.600864,7.2700,7.2800,7.2600,7.2700,517500,3761736.0000,3
2025-11-11,20251111134000000,sh.600864,7.2600,7.2700,7.2600,7.2700,322900,2344832.0000,3
2025-11-11,20251111134500000,sh.600864,7.2600,7.2700,7.2600,7.2600,549200,3987312.0000,3
2025-11-11,20251111135000000,sh.600864,7.2600,7.2700,7.2600,7.2700,399200,2898960.0000,3
2025-11-11,20251111135500000,sh.600864,7.2700,7.2700,7.2600,7.2700,385800,2803864.0000,3
2025-11-11,20251111140000000,sh.600864,7.2700,7.2800,7.2600,7.2600,196400,1426736.0000,3
2025-11-11,20251111140500000,sh.600864,7.2600,7.2700,7.2500,7.2600,473300,3435976.0000,3
2025-11-11,20251111141000000,sh.600864,7.2500,7.2700,7.2500,7.2600,403300,2926624.0000,3
2025-11-11,20251111141500000,sh.600864,7.2600,7.2700,7.2600,7.2700,308300,2239136.0000,3
2025-11-11,20251111142000000,sh.600864,7.2700,7.2800,7.2600,7.2700,277900,2020912.0000,3
2025-11-11,20251111142500000,sh.600864,7.2800,7.2900,7.2700,7.2900,635800,4631264.0000,3
2025-11-11,20251111143000000,sh.600864,7.2900,7.3000,7.2800,7.2900,551100,4015360.0000,3
2025-11-11,20251111143500000,sh.600864,7.2800,7.2900,7.2700,7.2700,164800,1199936.0000,3
2025-11-11,20251111144000000,sh.600864,7.2800,7.2900,7.2700,7.2700,253100,1841904.0000,3
2025-11-11,20251111144500000,sh.600864,7.2800,7.2800,7.2600,7.2700,465400,3383776.0000,3
2025-11-11,20251111145000000,sh.600864,7.2600,7.2700,7.2500,7.2500,827900,6008048.0000,3
2025-11-11,20251111145500000,sh.600864,7.2500,7.2600,7.2500,7.2600,816600,5926064.0000,3
2025-11-11,20251111150000000,sh.600864,7.2600,7.2700,7.2500,7.2600,553600,4018288.0000,3
2025-11-12,20251112093500000,sh.600864,7.2500,7.2600,7.2400,7.2500,1012300,7337859.0000,3
2025-11-12,20251112094000000,sh.600864,7.2400,7.2500,7.2300,7.2400,1327500,9609135.0000,3
2025-11-12,20251112094500000,sh.600864,7.2400,7.2500,7.2300,7.2400,871800,6313092.0000,3
2025-11-12,20251112095000000,sh.600864,7.2500,7.2500,7.2400,7.2500,397700,2881926.0000,3
2025-11-12,20251112095500000,sh.600864,7.2400,7.2600,7.2400,7.2600,582500,4224232.0000,3
2025-11-12,20251112100000000,sh.600864,7.2600,7.2800,7.2500,7.2700,934100,6789528.0000,3
2025-11-12,20251112100500000,sh.600864,7.2700,7.2700,7.2500,7.2600,553600,4017996.0000,3
2025-11-12,20251112101000000,sh.600864,7.2600,7.2600,7.2500,7.2600,456300,3309792.0000,3
2025-11-12,20251112101500000,sh.600864,7.2500,7.2700,7.2500,7.2700,467200,3394940.0000,3
2025-11-12,20251112102000000,sh.600864,7.2700,7.2700,7.2600,7.2700,156300,1135840.0000,3
2025-11-12,20251112102500000,sh.600864,7.2700,7.2700,7.2500,7.2500,569200,4132152.0000,3
2025-11-12,20251112103000000,sh.600864,7.2500,7.2600,7.2500,7.2500,296900,2152916.0000,3
2025-11-12,20251112103500000,sh.600864,7.2500,7.2600,7.2400,7.2400,459800,3333464.0000,3
2025-11-12,20251112104000000,sh.600864,7.2400,7.2500,7.2400,7.2400,158000,1144356.0000,3
2025-11-12,20251112104500000,sh.600864,7.2500,7.2500,7.2400,7.2400,430600,3118100.0000,3
2025-11-12,20251112105000000,sh.600864,7.2400,7.2500,7.2300,7.2400,425100,3076684.0000,3
2025-11-12,20251112105500000,sh.600864,7.2300,7.2400,7.2300,7.2300,538100,3891084.0000,3
2025-11-12,20251112110000000,sh.600864,7.2300,7.2300,7.2100,7.2200,1357900,9805552.0000,3
2025-11-12,20251112110500000,sh.600864,7.2200,7.2200,7.1900,7.2000,1639700,11813408.0000,3
2025-11-12,20251112111000000,sh.600864,7.2000,7.2100,7.1900,7.2000,959000,6900728.0000,3
2025-11-12,20251112111500000,sh.600864,7.2000,7.2100,7.1900,7.2000,771500,5554760.0000,3
2025-11-12,20251112112000000,sh.600864,7.2100,7.2100,7.1900,7.1900,412300,2967312.0000,3
2025-11-12,20251112112500000,sh.600864,7.1900,7.2000,7.1900,7.2000,225600,1622464.0000,3
2025-11-12,20251112113000000,sh.600864,7.2000,7.2000,7.1800,7.1900,1112400,7993816.0000,3
2025-11-12,20251112130500000,sh.600864,7.1800,7.1900,7.1700,7.1900,1039300,7463024.0000,3
2025-11-12,20251112131000000,sh.600864,7.1900,7.2000,7.1800,7.2000,363900,2615624.0000,3
2025-11-12,20251112131500000,sh.600864,7.2000,7.2000,7.1800,7.1900,274500,1974520.0000,3
2025-11-12,20251112132000000,sh.600864,7.1900,7.1900,7.1600,7.1700,691100,4955448.0000,3
2025-11-12,20251112132500000,sh.600864,7.1600,7.1800,7.1600,7.1700,411100,2947408.0000,3
2025-11-12,20251112133000000,sh.600864,7.1700,7.1700,7.1500,7.1700,934100,6689264.0000,3
2025-11-12,20251112133500000,sh.600864,7.1700,7.1800,7.1600,7.1700,316000,2266432.0000,3
2025-11-12,20251112134000000,sh.600864,7.1700,7.1800,7.1600,7.1700,293000,2100880.0000,3
2025-11-12,20251112134500000,sh.600864,7.1700,7.1900,7.1700,7.1900,470800,3380288.0000,3
2025-11-12,20251112135000000,sh.600864,7.1800,7.1900,7.1700,7.1900,251900,1808736.0000,3
2025-11-12,20251112135500000,sh.600864,7.1800,7.1900,7.1700,7.1800,168200,1207360.0000,3
2025-11-12,20251112140000000,sh.600864,7.1800,7.1900,7.1700,7.1900,493000,3543632.0000,3
2025-11-12,20251112140500000,sh.600864,7.1800,7.1900,7.1800,7.1800,209800,1507264.0000,3
2025-11-12,20251112141000000,sh.600864,7.1800,7.2000,7.1800,7.2000,294800,2120016.0000,3
2025-11-12,20251112141500000,sh.600864,7.2000,7.2100,7.1900,7.1900,296000,2131120.0000,3
2025-11-12,20251112142000000,sh.600864,7.1900,7.2000,7.1900,7.1900,261100,1879296.0000,3
2025-11-12,20251112142500000,sh.600864,7.1900,7.2000,7.1800,7.1900,167200,1202416.0000,3
2025-11-12,20251112143000000,sh.600864,7.1800,7.2000,7.1800,7.2000,147600,1061072.0000,3
2025-11-12,20251112143500000,sh.600864,7.1900,7.2100,7.1900,7.2000,361400,2600192.0000,3
2025-11-12,20251112144000000,sh.600864,7.2000,7.2100,7.1900,7.2100,342200,2463264.0000,3
2025-11-12,20251112144500000,sh.600864,7.2100,7.2200,7.2000,7.2100,562800,4057248.0000,3
2025-11-12,20251112145000000,sh.600864,7.2100,7.2200,7.2000,7.2200,611300,4410544.0000,3
2025-11-12,20251112145500000,sh.600864,7.2200,7.2200,7.2000,7.2100,530100,3823376.0000,3
2025-11-12,20251112150000000,sh.600864,7.2100,7.2200,7.2000,7.2200,236900,1707648.0000,3
2025-11-13,20251113093500000,sh.600864,7.2000,7.2100,7.1700,7.1800,701200,5039893.0000,3
2025-11-13,20251113094000000,sh.600864,7.1800,7.2000,7.1700,7.1900,546300,3923760.0000,3
2025-11-13,20251113094500000,sh.600864,7.2000,7.2000,7.1900,7.1900,277800,1999065.0000,3
2025-11-13,20251113095000000,sh.600864,7.2000,7.2100,7.1900,7.2000,393500,2835197.0000,3
2025-11-13,20251113095500000,sh.600864,7.2000,7.2100,7.1900,7.2000,428600,3087133.0000,3
2025-11-13,20251113100000000,sh.600864,7.2000,7.2000,7.1900,7.1900,190800,1373034.0000,3
2025-11-13,20251113100500000,sh.600864,7.2000,7.2100,7.2000,7.2100,549300,3957306.0000,3
2025-11-13,20251113101000000,sh.600864,7.2100,7.2100,7.2000,7.2000,496500,3578476.0000,3
2025-11-13,20251113101500000,sh.600864,7.2000,7.2100,7.1900,7.2000,853500,6145736.0000,3
2025-11-13,20251113102000000,sh.600864,7.2000,7.2200,7.2000,7.2200,867900,6258048.0000,3
2025-11-13,20251113102500000,sh.600864,7.2200,7.2200,7.2100,7.2100,548900,3958480.0000,3
2025-11-13,20251113103000000,sh.600864,7.2100,7.2200,7.2000,7.2100,425600,3067768.0000,3
2025-11-13,20251113103500000,sh.600864,7.2000,7.2200,7.2000,7.2100,383300,2763484.0000,3
2025-11-13,20251113104000000,sh.600864,7.2100,7.2200,7.2000,7.2000,294100,2120548.0000,3
2025-11-13,20251113104500000,sh.600864,7.2100,7.2200,7.2000,7.2200,294500,2125060.0000,3
2025-11-13,20251113105000000,sh.600864,7.2200,7.2200,7.2100,7.2100,112400,810536.0000,3
2025-11-13,20251113105500000,sh.600864,7.2200,7.2200,7.2100,7.2200,258900,1867332.0000,3
2025-11-13,20251113110000000,sh.600864,7.2100,7.2200,7.2100,7.2100,268400,1935448.0000,3
2025-11-13,20251113110500000,sh.600864,7.2100,7.2200,7.2000,7.2200,399200,2877432.0000,3
2025-11-13,20251113111000000,sh.600864,7.2100,7.2200,7.2000,7.2000,479200,3455056.0000,3
2025-11-13,20251113111500000,sh.600864,7.2000,7.2200,7.2000,7.2100,442100,3187312.0000,3
2025-11-13,20251113112000000,sh.600864,7.2100,7.2200,7.2100,7.2100,189600,1367944.0000,3
2025-11-13,20251113112500000,sh.600864,7.2100,7.2200,7.2100,7.2100,363600,2624408.0000,3
2025-11-13,20251113113000000,sh.600864,7.2200,7.2300,7.2100,7.2300,207200,1496400.0000,3
2025-11-13,20251113130500000,sh.600864,7.2300,7.2300,7.2200,7.2200,633900,4582096.0000,3
2025-11-13,20251113131000000,sh.600864,7.2300,7.2400,7.2200,7.2300,534300,3864432.0000,3
2025-11-13,20251113131500000,sh.600864,7.2400,7.2400,7.2200,7.2300,613400,4435616.0000,3
2025-11-13,20251113132000000,sh.600864,7.2200,7.2300,7.2200,7.2200,286600,2069848.0000,3
2025-11-13,20251113132500000,sh.600864,7.2200,7.2300,7.2100,7.2200,432400,3122000.0000,3
2025-11-13,20251113133000000,sh.600864,7.2100,7.2200,7.2100,7.2100,265800,1916528.0000,3
2025-11-13,20251113133500000,sh.600864,7.2200,7.2300,7.2100,7.2200,440900,3183872.0000,3
2025-11-13,20251113134000000,sh.600864,7.2200,7.2300,7.2100,7.2300,276000,1993536.0000,3
2025-11-13,20251113134500000,sh.600864,7.2200,7.2300,7.2200,7.2200,166400,1202008.0000,3
2025-11-13,20251113135000000,sh.600864,7.2200,7.2300,7.2100,7.2100,572400,4130792.0000,3
2025-11-13,20251113135500000,sh.600864,7.2100,7.2200,7.2000,7.2100,362100,2610440.0000,3
2025-11-13,20251113140000000,sh.600864,7.2100,7.2200,7.2000,7.2100,214200,1544928.0000,3
2025-11-13,20251113140500000,sh.600864,7.2200,7.2200,7.2100,7.2200,73500,530048.0000,3
2025-11-13,20251113141000000,sh.600864,7.2200,7.2200,7.2100,7.2200,247700,1786264.0000,3
2025-11-13,20251113141500000,sh.600864,7.2100,7.2200,7.2100,7.2200,212100,1530128.0000,3
2025-11-13,20251113142000000,sh.600864,7.2100,7.2200,7.2100,7.2100,165100,1190664.0000,3
2025-11-13,20251113142500000,sh.600864,7.2100,7.2200,7.2100,7.2100,103200,744496.0000,3
2025-11-13,20251113143000000,sh.600864,7.2200,7.2300,7.2100,7.2300,532800,3847552.0000,3
2025-11-13,20251113143500000,sh.600864,7.2300,7.2300,7.2200,7.2300,270100,1950872.0000,3
2025-11-13,20251113144000000,sh.600864,7.2300,7.2400,7.2300,7.2300,1248300,9031528.0000,3
2025-11-13,20251113144500000,sh.600864,7.2400,7.2400,7.2300,7.2400,547900,3966408.0000,3
2025-11-13,20251113145000000,sh.600864,7.2300,7.2400,7.2300,7.2400,559500,4050224.0000,3
2025-11-13,20251113145500000,sh.600864,7.2400,7.2500,7.2300,7.2400,782400,5667280.0000,3
2025-11-13,20251113150000000,sh.600864,7.2400,7.2600,7.2400,7.2500,1592100,11542576.0000,3
2025-11-14,20251114093500000,sh.600864,7.2100,7.2400,7.2000,7.2300,2222600,16049684.0000,3
2025-11-14,20251114094000000,sh.600864,7.2300,7.2400,7.2100,7.2300,1096500,7918784.0000,3
2025-11-14,20251114094500000,sh.600864,7.2200,7.2400,7.2200,7.2300,788100,5697336.0000,3
2025-11-14,20251114095000000,sh.600864,7.2300,7.2400,7.2200,7.2300,532400,3850448.0000,3
2025-11-14,20251114095500000,sh.600864,7.2300,7.2400,7.2200,7.2400,388300,2807568.0000,3
2025-11-14,20251114100000000,sh.600864,7.2300,7.2400,7.2200,7.2300,752000,5436956.0000,3
2025-11-14,20251114100500000,sh.600864,7.2300,7.2500,7.2200,7.2500,1275100,9227828.0000,3
2025-11-14,20251114101000000,sh.600864,7.2400,7.2500,7.2300,7.2300,509400,3690196.0000,3
2025-11-14,20251114101500000,sh.600864,7.2300,7.2400,7.2300,7.2300,212300,1535932.0000,3
2025-11-14,20251114102000000,sh.600864,7.2400,7.2400,7.2300,7.2300,340800,2465428.0000,3
2025-11-14,20251114102500000,sh.600864,7.2300,7.2400,7.2200,7.2300,642000,4641284.0000,3
2025-11-14,20251114103000000,sh.600864,7.2300,7.2400,7.2200,7.2400,213200,1541964.0000,3
2025-11-14,20251114103500000,sh.600864,7.2400,7.2500,7.2300,7.2500,494700,3581832.0000,3
2025-11-14,20251114104000000,sh.600864,7.2500,7.2500,7.2400,7.2500,102600,743184.0000,3
2025-11-14,20251114104500000,sh.600864,7.2400,7.2500,7.2400,7.2500,261000,1890896.0000,3
2025-11-14,20251114105000000,sh.600864,7.2400,7.2500,7.2300,7.2300,271400,1964616.0000,3
2025-11-14,20251114105500000,sh.600864,7.2300,7.2400,7.2300,7.2300,196600,1421184.0000,3
2025-11-14,20251114110000000,sh.600864,7.2300,7.2400,7.2300,7.2300,102600,741904.0000,3
2025-11-14,20251114110500000,sh.600864,7.2300,7.2400,7.2300,7.2300,208100,1504800.0000,3
2025-11-14,20251114111000000,sh.600864,7.2300,7.2300,7.2200,7.2300,340000,2457816.0000,3
2025-11-14,20251114111500000,sh.600864,7.2200,7.2300,7.2200,7.2300,50500,364344.0000,3
2025-11-14,20251114112000000,sh.600864,7.2200,7.2300,7.2200,7.2200,373300,2698864.0000,3
2025-11-14,20251114112500000,sh.600864,7.2300,7.2400,7.2200,7.2300,162200,1171688.0000,3
2025-11-14,20251114113000000,sh.600864,7.2400,7.2400,7.2300,7.2400,205900,1489648.0000,3
2025-11-14,20251114130500000,sh.600864,7.2300,7.2400,7.2300,7.2300,336200,2431504.0000,3
2025-11-14,20251114131000000,sh.600864,7.2300,7.2300,7.2200,7.2200,113100,817152.0000,3
2025-11-14,20251114131500000,sh.600864,7.2200,7.2300,7.2200,7.2300,149500,1079568.0000,3
2025-11-14,20251114132000000,sh.600864,7.2300,7.2300,7.2100,7.2100,522000,3769192.0000,3
2025-11-14,20251114132500000,sh.600864,7.2200,7.2200,7.2100,7.2200,211300,1524448.0000,3
2025-11-14,20251114133000000,sh.600864,7.2100,7.2200,7.2100,7.2200,370800,2675352.0000,3
2025-11-14,20251114133500000,sh.600864,7.2200,7.2300,7.2100,7.2100,361100,2606472.0000,3
2025-11-14,20251114134000000,sh.600864,7.2100,7.2200,7.2100,7.2100,238200,1718872.0000,3
2025-11-14,20251114134500000,sh.600864,7.2100,7.2300,7.2100,7.2300,279600,2019072.0000,3
2025-11-14,20251114135000000,sh.600864,7.2300,7.2300,7.2200,7.2200,149000,1075904.0000,3
2025-11-14,20251114135500000,sh.600864,7.2200,7.2300,7.2200,7.2200,112400,811552.0000,3
2025-11-14,20251114140000000,sh.600864,7.2200,7.2300,7.2200,7.2200,82900,598592.0000,3
2025-11-14,20251114140500000,sh.600864,7.2200,7.2300,7.2200,7.2200,62500,451376.0000,3
2025-11-14,20251114141000000,sh.600864,7.2300,7.2400,7.2200,7.2200,525500,3799024.0000,3
2025-11-14,20251114141500000,sh.600864,7.2300,7.2400,7.2200,7.2300,216800,1568032.0000,3
2025-11-14,20251114142000000,sh.600864,7.2300,7.2300,7.2200,7.2300,109500,791224.0000,3
2025-11-14,20251114142500000,sh.600864,7.2300,7.2300,7.2200,7.2200,215400,1555848.0000,3
2025-11-14,20251114143000000,sh.600864,7.2200,7.2300,7.2100,7.2100,712500,5143480.0000,3
2025-11-14,20251114143500000,sh.600864,7.2100,7.2200,7.2100,7.2100,561900,4051680.0000,3
2025-11-14,20251114144000000,sh.600864,7.2200,7.2200,7.2000,7.2000,566800,4085264.0000,3
2025-11-14,20251114144500000,sh.600864,7.2000,7.2100,7.2000,7.2100,386600,2784800.0000,3
2025-11-14,20251114145000000,sh.600864,7.2100,7.2100,7.2000,7.2000,434900,3132224.0000,3
2025-11-14,20251114145500000,sh.600864,7.2000,7.2100,7.1900,7.1900,1258700,9056528.0000,3
2025-11-14,20251114150000000,sh.600864,7.1900,7.2000,7.1800,7.1900,635800,4569296.0000,3
2025-11-17,20251117093500000,sh.600864,7.1700,7.1700,7.1200,7.1200,2559900,18298412.0000,3
2025-11-17,20251117094000000,sh.600864,7.1200,7.1400,7.1200,7.1400,1044000,7442170.0000,3
2025-11-17,20251117094500000,sh.600864,7.1300,7.1500,7.1100,7.1500,1109700,7911006.0000,3
2025-11-17,20251117095000000,sh.600864,7.1400,7.1500,7.1200,7.1300,625700,4466648.0000,3
2025-11-17,20251117095500000,sh.600864,7.1300,7.1400,7.1200,7.1300,361800,2580124.0000,3
2025-11-17,20251117100000000,sh.600864,7.1300,7.1300,7.1200,7.1300,403700,2876544.0000,3
2025-11-17,20251117100500000,sh.600864,7.1200,7.1300,7.1100,7.1300,916700,6523780.0000,3
2025-11-17,20251117101000000,sh.600864,7.1300,7.1500,7.1200,7.1500,766000,5465352.0000,3
2025-11-17,20251117101500000,sh.600864,7.1500,7.1500,7.1400,7.1400,108800,777368.0000,3
2025-11-17,20251117102000000,sh.600864,7.1400,7.1500,7.1300,7.1300,367000,2618952.0000,3
2025-11-17,20251117102500000,sh.600864,7.1300,7.1300,7.1200,7.1200,132700,945908.0000,3
2025-11-17,20251117103000000,sh.600864,7.1200,7.1300,7.1200,7.1300,326900,2328304.0000,3
2025-11-17,20251117103500000,sh.600864,7.1200,7.1300,7.1200,7.1200,210000,1495676.0000,3
2025-11-17,20251117104000000,sh.600864,7.1200,7.1500,7.1200,7.1400,472900,3373952.0000,3
2025-11-17,20251117104500000,sh.600864,7.1400,7.1600,7.1400,7.1400,476700,3408908.0000,3
2025-11-17,20251117105000000,sh.600864,7.1500,7.1600,7.1400,7.1600,267900,1917048.0000,3
2025-11-17,20251117105500000,sh.600864,7.1600,7.1600,7.1500,7.1500,90700,649160.0000,3
2025-11-17,20251117110000000,sh.600864,7.1600,7.1600,7.1400,7.1500,259900,1858392.0000,3
2025-11-17,20251117110500000,sh.600864,7.1400,7.1600,7.1400,7.1600,181000,1294216.0000,3
2025-11-17,20251117111000000,sh.600864,7.1500,7.1700,7.1500,7.1700,472300,3379360.0000,3
2025-11-17,20251117111500000,sh.600864,7.1600,7.1700,7.1600,7.1700,302300,2165560.0000,3
2025-11-17,20251117112000000,sh.600864,7.1700,7.1700,7.1600,7.1600,131300,940712.0000,3
2025-11-17,20251117112500000,sh.600864,7.1700,7.1700,7.1500,7.1600,133500,955808.0000,3
2025-11-17,20251117113000000,sh.600864,7.1500,7.1600,7.1500,7.1500,189400,1354912.0000,3
2025-11-17,20251117130500000,sh.600864,7.1600,7.1600,7.1400,7.1500,377800,2700488.0000,3
2025-11-17,20251117131000000,sh.600864,7.1600,7.1600,7.1400,7.1500,145700,1041848.0000,3
2025-11-17,20251117131500000,sh.600864,7.1500,7.1500,7.1400,7.1400,110200,787328.0000,3
2025-11-17,20251117132000000,sh.600864,7.1400,7.1500,7.1400,7.1400,114000,814192.0000,3
2025-11-17,20251117132500000,sh.600864,7.1400,7.1600,7.1400,7.1500,390300,2790152.0000,3
2025-11-17,20251117133000000,sh.600864,7.1500,7.1600,7.1400,7.1400,434600,3107576.0000,3
2025-11-17,20251117133500000,sh.600864,7.1500,7.1500,7.1400,7.1500,263500,1883168.0000,3
2025-11-17,20251117134000000,sh.600864,7.1500,7.1500,7.1400,7.1400,333000,2379232.0000,3
2025-11-17,20251117134500000,sh.600864,7.1500,7.1600,7.1400,7.1500,825200,5902656.0000,3
2025-11-17,20251117135000000,sh.600864,7.1500,7.1600,7.1400,7.1400,311500,2227232.0000,3
2025-11-17,20251117135500000,sh.600864,7.1400,7.1600,7.1400,7.1500,307100,2195520.0000,3
2025-11-17,20251117140000000,sh.600864,7.1500,7.1600,7.1400,7.1500,213200,1524080.0000,3
2025-11-17,20251117140500000,sh.600864,7.1500,7.1500,7.1400,7.1500,270000,1929016.0000,3
2025-11-17,20251117141000000,sh.600864,7.1400,7.1500,7.1400,7.1400,169400,1210344.0000,3
2025-11-17,20251117141500000,sh.600864,7.1400,7.1500,7.1400,7.1500,166200,1187384.0000,3
2025-11-17,20251117142000000,sh.600864,7.1500,7.1600,7.1500,7.1500,961900,6878456.0000,3
2025-11-17,20251117142500000,sh.600864,7.1600,7.1700,7.1500,7.1600,357200,2557472.0000,3
2025-11-17,20251117143000000,sh.600864,7.1500,7.1700,7.1500,7.1500,270200,1933672.0000,3
2025-11-17,20251117143500000,sh.600864,7.1600,7.1600,7.1400,7.1400,325800,2330032.0000,3
2025-11-17,20251117144000000,sh.600864,7.1500,7.1600,7.1400,7.1500,305900,2187256.0000,3
2025-11-17,20251117144500000,sh.600864,7.1500,7.1700,7.1500,7.1600,538700,3856880.0000,3
2025-11-17,20251117145000000,sh.600864,7.1700,7.1700,7.1600,7.1600,262700,1881760.0000,3
2025-11-17,20251117145500000,sh.600864,7.1600,7.1700,7.1500,7.1500,559600,4005968.0000,3
2025-11-17,20251117150000000,sh.600864,7.1500,7.1600,7.1500,7.1500,1360000,9724992.0000,3
2025-11-18,20251118093500000,sh.600864,7.1500,7.1600,7.1300,7.1600,962300,6876437.0000,3
2025-11-18,20251118094000000,sh.600864,7.1600,7.1900,7.1600,7.1600,1147300,8235398.0000,3
2025-11-18,20251118094500000,sh.600864,7.1600,7.1700,7.1500,7.1600,576100,4124423.0000,3
2025-11-18,20251118095000000,sh.600864,7.1600,7.1700,7.1500,7.1600,444400,3179320.0000,3
2025-11-18,20251118095500000,sh.600864,7.1600,7.1600,7.1200,7.1300,886700,6326838.0000,3
2025-11-18,20251118100000000,sh.600864,7.1300,7.1400,7.1300,7.1300,405800,2896324.0000,3
2025-11-18,20251118100500000,sh.600864,7.1300,7.1600,7.1300,7.1600,431900,3087528.0000,3
2025-11-18,20251118101000000,sh.600864,7.1500,7.1600,7.1400,7.1500,412900,2951860.0000,3
2025-11-18,20251118101500000,sh.600864,7.1400,7.1700,7.1400,7.1700,1120900,8027384.0000,3
2025-11-18,20251118102000000,sh.600864,7.1700,7.1800,7.1600,7.1600,870000,6239644.0000,3
2025-11-18,20251118102500000,sh.600864,7.1700,7.1700,7.1500,7.1500,958400,6859088.0000,3
2025-11-18,20251118103000000,sh.600864,7.1500,7.1500,7.1400,7.1500,310700,2220672.0000,3
2025-11-18,20251118103500000,sh.600864,7.1500,7.1600,7.1400,7.1500,280200,2002936.0000,3
2025-11-18,20251118104000000,sh.600864,7.1500,7.1600,7.1400,7.1500,288900,2065444.0000,3
2025-11-18,20251118104500000,sh.600864,7.1400,7.1500,7.1400,7.1500,153900,1099736.0000,3
2025-11-18,20251118105000000,sh.600864,7.1600,7.1600,7.1400,7.1400,317400,2268960.0000,3
2025-11-18,20251118105500000,sh.600864,7.1400,7.1500,7.1300,7.1300,779900,5569272.0000,3
2025-11-18,20251118110000000,sh.600864,7.1400,7.1400,7.1200,7.1200,1086900,7745792.0000,3
2025-11-18,20251118110500000,sh.600864,7.1200,7.1300,7.1100,7.1200,570500,4062360.0000,3
2025-11-18,20251118111000000,sh.600864,7.1200,7.1300,7.1200,7.1200,275600,1962384.0000,3
2025-11-18,20251118111500000,sh.600864,7.1200,7.1300,7.1200,7.1300,118900,846952.0000,3
2025-11-18,20251118112000000,sh.600864,7.1200,7.1300,7.1200,7.1200,135700,966800.0000,3
2025-11-18,20251118112500000,sh.600864,7.1300,7.1300,7.1100,7.1200,423400,3015352.0000,3
2025-11-18,20251118113000000,sh.600864,7.1200,7.1200,7.1100,7.1200,147600,1050336.0000,3
2025-11-18,20251118130500000,sh.600864,7.1100,7.1300,7.1000,7.1100,844200,6004512.0000,3
2025-11-18,20251118131000000,sh.600864,7.1200,7.1200,7.1100,7.1100,102900,731936.0000,3
2025-11-18,20251118131500000,sh.600864,7.1100,7.1200,7.1000,7.1100,334500,2376728.0000,3
2025-11-18,20251118132000000,sh.600864,7.1000,7.1100,7.1000,7.1100,320700,2278808.0000,3
2025-11-18,20251118132500000,sh.600864,7.1100,7.1200,7.1100,7.1200,113600,808272.0000,3
2025-11-18,20251118133000000,sh.600864,7.1200,7.1200,7.1100,7.1100,104000,739832.0000,3
2025-11-18,20251118133500000,sh.600864,7.1200,7.1200,7.1100,7.1100,196000,1395192.0000,3
2025-11-18,20251118134000000,sh.600864,7.1100,7.1300,7.1100,7.1300,196400,1398232.0000,3
2025-11-18,20251118134500000,sh.600864,7.1300,7.1400,7.1200,7.1300,194500,1387504.0000,3
2025-11-18,20251118135000000,sh.600864,7.1300,7.1500,7.1300,7.1500,305700,2183240.0000,3
2025-11-18,20251118135500000,sh.600864,7.1500,7.1500,7.1300,7.1300,144700,1032448.0000,3
2025-11-18,20251118140000000,sh.600864,7.1300,7.1400,7.1200,7.1300,173500,1235952.0000,3
2025-11-18,20251118140500000,sh.600864,7.1200,7.1300,7.1200,7.1300,477300,3402016.0000,3
2025-11-18,20251118141000000,sh.600864,7.1200,7.1400,7.1200,7.1300,148100,1055352.0000,3
2025-11-18,20251118141500000,sh.600864,7.1300,7.1300,7.1200,7.1300,173700,1237624.0000,3
2025-11-18,20251118142000000,sh.600864,7.1300,7.1300,7.1100,7.1100,750200,5341488.0000,3
2025-11-18,20251118142500000,sh.600864,7.1200,7.1200,7.1100,7.1100,225400,1603424.0000,3
2025-11-18,20251118143000000,sh.600864,7.1200,7.1200,7.1100,7.1100,211300,1502480.0000,3
2025-11-18,20251118143500000,sh.600864,7.1200,7.1300,7.1100,7.1200,517600,3685456.0000,3
2025-11-18,20251118144000000,sh.600864,7.1300,7.1300,7.1200,7.1300,195300,1392200.0000,3
2025-11-18,20251118144500000,sh.600864,7.1200,7.1400,7.1200,7.1400,412000,2937696.0000,3
2025-11-18,20251118145000000,sh.600864,7.1300,7.1400,7.1300,7.1400,402500,2871392.0000,3
2025-11-18,20251118145500000,sh.600864,7.1400,7.1400,7.1300,7.1300,541600,3863216.0000,3
2025-11-18,20251118150000000,sh.600864,7.1400,7.1400,7.1300,7.1300,437600,3120832.0000,3
2025-11-19,20251119093500000,sh.600864,7.1300,7.1700,7.1300,7.1600,1280900,9159638.0000,3
2025-11-19,20251119094000000,sh.600864,7.1500,7.1600,7.1400,7.1500,608800,4353981.0000,3
2025-11-19,20251119094500000,sh.600864,7.1500,7.1500,7.1200,7.1300,619700,4418685.0000,3
2025-11-19,20251119095000000,sh.600864,7.1300,7.1300,7.1200,7.1200,312100,2223210.0000,3
2025-11-19,20251119095500000,sh.600864,7.1300,7.1300,7.1000,7.1100,735600,5231790.0000,3
2025-11-19,20251119100000000,sh.600864,7.1100,7.1200,7.1000,7.1200,539500,3834458.0000,3
2025-11-19,20251119100500000,sh.600864,7.1100,7.1200,7.1100,7.1100,229700,1633518.0000,3
2025-11-19,20251119101000000,sh.600864,7.1100,7.1100,7.0800,7.0800,1065600,7560256.0000,3
2025-11-19,20251119101500000,sh.600864,7.0800,7.0900,7.0700,7.0800,602400,4263656.0000,3
2025-11-19,20251119102000000,sh.600864,7.0900,7.1000,7.0800,7.1000,196700,1394544.0000,3
2025-11-19,20251119102500000,sh.600864,7.1000,7.1000,7.0800,7.0900,314200,2227944.0000,3
2025-11-19,20251119103000000,sh.600864,7.0900,7.1000,7.0800,7.0900,271500,1923132.0000,3
2025-11-19,20251119103500000,sh.600864,7.0900,7.1100,7.0800,7.1100,602400,4271568.0000,3
2025-11-19,20251119104000000,sh.600864,7.1100,7.1100,7.1000,7.1000,220200,1565132.0000,3
2025-11-19,20251119104500000,sh.600864,7.1000,7.1100,7.0900,7.1000,150700,1070268.0000,3
2025-11-19,20251119105000000,sh.600864,7.1000,7.1000,7.0900,7.0900,226000,1602652.0000,3
2025-11-19,20251119105500000,sh.600864,7.0900,7.1000,7.0800,7.0800,211600,1500436.0000,3
2025-11-19,20251119110000000,sh.600864,7.0800,7.0900,7.0800,7.0800,307400,2176560.0000,3
2025-11-19,20251119110500000,sh.600864,7.0800,7.0900,7.0800,7.0800,307700,2178608.0000,3
2025-11-19,20251119111000000,sh.600864,7.0800,7.0900,7.0700,7.0700,771300,5455340.0000,3
2025-11-19,20251119111500000,sh.600864,7.0700,7.0800,7.0600,7.0700,396700,2804856.0000,3
2025-11-19,20251119112000000,sh.600864,7.0600,7.0700,7.0600,7.0700,473300,3343736.0000,3
2025-11-19,20251119112500000,sh.600864,7.0600,7.0700,7.0500,7.0500,717000,5057280.0000,3
2025-11-19,20251119113000000,sh.600864,7.0600,7.0600,7.0400,7.0500,485000,3418984.0000,3
2025-11-19,20251119130500000,sh.600864,7.0500,7.0600,7.0400,7.0600,470100,3311872.0000,3
2025-11-19,20251119131000000,sh.600864,7.0600,7.0600,7.0500,7.0600,157300,1109688.0000,3
2025-11-19,20251119131500000,sh.600864,7.0500,7.0600,7.0500,7.0500,96000,677064.0000,3
2025-11-19,20251119132000000,sh.600864,7.0500,7.0600,7.0400,7.0400,455400,3207424.0000,3
2025-11-19,20251119132500000,sh.600864,7.0500,7.0600,7.0400,7.0600,334900,2360728.0000,3
2025-11-19,20251119133000000,sh.600864,7.0600,7.0600,7.0300,7.0400,551100,3880664.0000,3
2025-11-19,20251119133500000,sh.600864,7.0400,7.0400,7.0200,7.0400,705800,4959432.0000,3
2025-11-19,20251119134000000,sh.600864,7.0400,7.0500,7.0300,7.0400,299000,2104864.0000,3
2025-11-19,20251119134500000,sh.600864,7.0400,7.0400,7.0300,7.0400,371900,2615320.0000,3
2025-11-19,20251119135000000,sh.600864,7.0400,7.0400,7.0200,7.0400,164300,1155232.0000,3
2025-11-19,20251119135500000,sh.600864,7.0400,7.0400,7.0300,7.0400,342900,2411464.0000,3
2025-11-19,20251119140000000,sh.600864,7.0400,7.0600,7.0400,7.0600,530400,3738864.0000,3
2025-11-19,20251119140500000,sh.600864,7.0600,7.0700,7.0500,7.0500,298100,2103944.0000,3
2025-11-19,20251119141000000,sh.600864,7.0500,7.0600,7.0400,7.0400,169100,1191784.0000,3
2025-11-19,20251119141500000,sh.600864,7.0400,7.0500,7.0400,7.0500,85200,600336.0000,3
2025-11-19,20251119142000000,sh.600864,7.0500,7.0700,7.0400,7.0700,229700,1620864.0000,3
2025-11-19,20251119142500000,sh.600864,7.0700,7.0800,7.0600,7.0700,719500,5084440.0000,3
2025-11-19,20251119143000000,sh.600864,7.0700,7.0700,7.0600,7.0700,97200,686872.0000,3
2025-11-19,20251119143500000,sh.600864,7.0700,7.0700,7.0600,7.0600,183500,1296168.0000,3
2025-11-19,20251119144000000,sh.600864,7.0600,7.0600,7.0500,7.0500,266800,1882736.0000,3
2025-11-19,20251119144500000,sh.600864,7.0500,7.0600,7.0500,7.0500,484500,3417832.0000,3
2025-11-19,20251119145000000,sh.600864,7.0500,7.0500,7.0400,7.0500,794200,5592960.0000,3
2025-11-19,20251119145500000,sh.600864,7.0500,7.0500,7.0300,7.0300,690100,4854608.0000,3
2025-11-19,20251119150000000,sh.600864,7.0300,7.0400,7.0300,7.0300,858700,6038032.0000,3
2025-11-20,20251120093500000,sh.600864,7.1600,7.1700,7.1200,7.1200,4888200,34956688.0000,3
2025-11-20,20251120094000000,sh.600864,7.1300,7.1400,7.1100,7.1100,1191800,8494924.0000,3
2025-11-20,20251120094500000,sh.600864,7.1100,7.1300,7.1100,7.1200,1094300,7789456.0000,3
2025-11-20,20251120095000000,sh.600864,7.1300,7.1300,7.1000,7.1000,869200,6178964.0000,3
2025-11-20,20251120095500000,sh.600864,7.1000,7.1000,7.0700,7.0800,965700,6838044.0000,3
2025-11-20,20251120100000000,sh.600864,7.0700,7.0800,7.0600,7.0700,610200,4314836.0000,3
2025-11-20,20251120100500000,sh.600864,7.0700,7.0800,7.0600,7.0700,329100,2327136.0000,3
2025-11-20,20251120101000000,sh.600864,7.0700,7.0800,7.0600,7.0600,252300,1782600.0000,3
2025-11-20,20251120101500000,sh.600864,7.0700,7.0800,7.0600,7.0800,433100,3061808.0000,3
2025-11-20,20251120102000000,sh.600864,7.0700,7.0800,7.0600,7.0600,453000,3201216.0000,3
2025-11-20,20251120102500000,sh.600864,7.0600,7.0700,7.0500,7.0600,411900,2908224.0000,3
2025-11-20,20251120103000000,sh.600864,7.0600,7.0600,7.0500,7.0500,330400,2330240.0000,3
2025-11-20,20251120103500000,sh.600864,7.0500,7.0600,7.0400,7.0500,388700,2739192.0000,3
2025-11-20,20251120104000000,sh.600864,7.0600,7.0600,7.0400,7.0500,270900,1910448.0000,3
2025-11-20,20251120104500000,sh.600864,7.0500,7.0600,7.0400,7.0600,159300,1123368.0000,3
2025-11-20,20251120105000000,sh.600864,7.0600,7.0600,7.0400,7.0500,145500,1025856.0000,3
2025-11-20,20251120105500000,sh.600864,7.0500,7.0600,7.0500,7.0600,107100,755848.0000,3
2025-11-20,20251120110000000,sh.600864,7.0600,7.0600,7.0500,7.0500,188800,1331400.0000,3
2025-11-20,20251120110500000,sh.600864,7.0500,7.0600,7.0400,7.0500,338200,2384264.0000,3
2025-11-20,20251120111000000,sh.600864,7.0500,7.0600,7.0500,7.0500,235000,1658456.0000,3
2025-11-20,20251120111500000,sh.600864,7.0600,7.0600,7.0500,7.0600,217300,1534104.0000,3
2025-11-20,20251120112000000,sh.600864,7.0600,7.0900,7.0500,7.0800,588900,4166400.0000,3
2025-11-20,20251120112500000,sh.600864,7.0800,7.0900,7.0800,7.0900,179600,1273184.0000,3
2025-11-20,20251120113000000,sh.600864,7.0900,7.1000,7.0800,7.0900,209400,1484816.0000,3
2025-11-20,20251120130500000,sh.600864,7.1000,7.1000,7.0800,7.0800,355600,2522912.0000,3
2025-11-20,20251120131000000,sh.600864,7.0900,7.0900,7.0800,7.0900,158200,1121080.0000,3
2025-11-20,20251120131500000,sh.600864,7.0900,7.0900,7.0800,7.0800,218500,1547424.0000,3
2025-11-20,20251120132000000,sh.600864,7.0800,7.0900,7.0800,7.0800,31600,223832.0000,3
2025-11-20,20251120132500000,sh.600864,7.0900,7.0900,7.0800,7.0800,77300,547384.0000,3
2025-11-20,20251120133000000,sh.600864,7.0800,7.0800,7.0600,7.0600,390400,2760816.0000,3
2025-11-20,20251120133500000,sh.600864,7.0600,7.0700,7.0600,7.0600,155200,1096872.0000,3
2025-11-20,20251120134000000,sh.600864,7.0600,7.0700,7.0500,7.0500,333000,2349744.0000,3
2025-11-20,20251120134500000,sh.600864,7.0500,7.0700,7.0500,7.0600,197700,1395032.0000,3
2025-11-20,20251120135000000,sh.600864,7.0600,7.0700,7.0600,7.0700,56700,400488.0000,3
2025-11-20,20251120135500000,sh.600864,7.0600,7.0700,7.0600,7.0600,50200,354528.0000,3
2025-11-20,20251120140000000,sh.600864,7.0600,7.0700,7.0500,7.0500,229300,1619064.0000,3
2025-11-20,20251120140500000,sh.600864,7.0600,7.0600,7.0400,7.0400,406300,2863496.0000,3
2025-11-20,20251120141000000,sh.600864,7.0500,7.0500,7.0400,7.0400,161900,1139944.0000,3
2025-11-20,20251120141500000,sh.600864,7.0400,7.0500,7.0400,7.0400,242900,1710056.0000,3
2025-11-20,20251120142000000,sh.600864,7.0400,7.0400,7.0300,7.0300,254300,1789280.0000,3
2025-11-20,20251120142500000,sh.600864,7.0400,7.0400,7.0200,7.0200,419500,2948752.0000,3
2025-11-20,20251120143000000,sh.600864,7.0200,7.0300,7.0200,7.0300,367200,2578512.0000,3
2025-11-20,20251120143500000,sh.600864,7.0300,7.0400,7.0200,7.0300,496700,3492016.0000,3
2025-11-20,20251120144000000,sh.600864,7.0300,7.0400,7.0300,7.0400,388000,2728576.0000,3
2025-11-20,20251120144500000,sh.600864,7.0400,7.0500,7.0300,7.0400,305500,2151088.0000,3
2025-11-20,20251120145000000,sh.600864,7.0400,7.0400,7.0200,7.0300,745200,5238320.0000,3
2025-11-20,20251120145500000,sh.600864,7.0200,7.0300,7.0200,7.0300,768100,5393904.0000,3
2025-11-20,20251120150000000,sh.600864,7.0200,7.0300,7.0100,7.0200,752600,5284240.0000,3
2025-11-21,20251121093500000,sh.600864,6.9700,7.0400,6.9600,7.0200,2560800,17923502.0000,3
2025-11-21,20251121094000000,sh.600864,7.0200,7.0300,7.0000,7.0200,1432200,10044442.0000,3
2025-11-21,20251121094500000,sh.600864,7.0300,7.0500,7.0200,7.0400,1125900,7924908.0000,3
2025-11-21,20251121095000000,sh.600864,7.0300,7.0300,7.0100,7.0200,825400,5795608.0000,3
2025-11-21,20251121095500000,sh.600864,7.0100,7.0300,6.9900,6.9900,753900,5282308.0000,3
2025-11-21,20251121100000000,sh.600864,7.0000,7.0000,6.9700,6.9700,1202500,8389364.0000,3
2025-11-21,20251121100500000,sh.600864,6.9700,6.9700,6.9500,6.9600,1208700,8413284.0000,3
2025-11-21,20251121101000000,sh.600864,6.9600,6.9700,6.9400,6.9400,856300,5952976.0000,3
2025-11-21,20251121101500000,sh.600864,6.9400,6.9400,6.8700,6.8800,2065900,14247120.0000,3
2025-11-21,20251121102000000,sh.600864,6.8900,6.9000,6.8700,6.8900,643400,4429592.0000,3
2025-11-21,20251121102500000,sh.600864,6.9000,6.9000,6.8700,6.8800,954400,6568848.0000,3
2025-11-21,20251121103000000,sh.600864,6.8800,6.9000,6.8800,6.8800,505800,3484480.0000,3
2025-11-21,20251121103500000,sh.600864,6.8800,6.8900,6.8500,6.8600,790800,5429736.0000,3
2025-11-21,20251121104000000,sh.600864,6.8600,6.8800,6.8500,6.8600,638800,4383096.0000,3
2025-11-21,20251121104500000,sh.600864,6.8600,6.8700,6.8200,6.8300,907000,6210848.0000,3
2025-11-21,20251121105000000,sh.600864,6.8300,6.8400,6.8200,6.8400,767300,5240104.0000,3
2025-11-21,20251121105500000,sh.600864,6.8400,6.8400,6.7900,6.8200,1773900,12075872.0000,3
2025-11-21,20251121110000000,sh.600864,6.8200,6.8400,6.8100,6.8400,330200,2252792.0000,3
2025-11-21,20251121110500000,sh.600864,6.8400,6.8500,6.8400,6.8500,497700,3407088.0000,3
2025-11-21,20251121111000000,sh.600864,6.8400,6.8500,6.8400,6.8500,323000,2210224.0000,3
2025-11-21,20251121111500000,sh.600864,6.8500,6.8600,6.8200,6.8300,622600,4261680.0000,3
2025-11-21,20251121112000000,sh.600864,6.8300,6.8500,6.8100,6.8500,279700,1909776.0000,3
2025-11-21,20251121112500000,sh.600864,6.8500,6.8600,6.8400,6.8600,291300,1995024.0000,3
2025-11-21,20251121113000000,sh.600864,6.8600,6.8600,6.8500,6.8600,294300,2018016.0000,3
2025-11-21,20251121130500000,sh.600864,6.8600,6.8800,6.8500,6.8700,509200,3494144.0000,3
2025-11-21,20251121131000000,sh.600864,6.8700,6.8800,6.8600,6.8700,123000,844480.0000,3
2025-11-21,20251121131500000,sh.600864,6.8700,6.8700,6.8600,6.8700,208200,1429616.0000,3
2025-11-21,20251121132000000,sh.600864,6.8700,6.8800,6.8600,6.8600,309900,2129904.0000,3
2025-11-21,20251121132500000,sh.600864,6.8600,6.8700,6.8500,6.8500,274200,1879936.0000,3
2025-11-21,20251121133000000,sh.600864,6.8600,6.8700,6.8500,6.8500,162700,1115760.0000,3
2025-11-21,20251121133500000,sh.600864,6.8500,6.8700,6.8500,6.8600,163600,1122240.0000,3
2025-11-21,20251121134000000,sh.600864,6.8600,6.8700,6.8600,6.8700,150000,1029376.0000,3
2025-11-21,20251121134500000,sh.600864,6.8600,6.8700,6.8500,6.8500,132000,905168.0000,3
2025-11-21,20251121135000000,sh.600864,6.8600,6.8600,6.8400,6.8400,132300,906336.0000,3
2025-11-21,20251121135500000,sh.600864,6.8500,6.8500,6.8300,6.8500,296500,2028144.0000,3
2025-11-21,20251121140000000,sh.600864,6.8400,6.8500,6.8300,6.8400,242200,1655552.0000,3
2025-11-21,20251121140500000,sh.600864,6.8300,6.8400,6.8100,6.8300,375500,2562704.0000,3
2025-11-21,20251121141000000,sh.600864,6.8300,6.8400,6.8100,6.8100,384600,2625424.0000,3
2025-11-21,20251121141500000,sh.600864,6.8100,6.8200,6.8000,6.8200,491100,3343696.0000,3
2025-11-21,20251121142000000,sh.600864,6.8200,6.8200,6.8100,6.8100,180700,1230944.0000,3
2025-11-21,20251121142500000,sh.600864,6.8200,6.8200,6.8100,6.8200,134600,917088.0000,3
2025-11-21,20251121143000000,sh.600864,6.8100,6.8200,6.7900,6.7900,599500,4076816.0000,3
2025-11-21,20251121143500000,sh.600864,6.8000,6.8000,6.7800,6.7900,540200,3669776.0000,3
2025-11-21,20251121144000000,sh.600864,6.8000,6.8000,6.7800,6.7900,540400,3668576.0000,3
2025-11-21,20251121144500000,sh.600864,6.7900,6.7900,6.7400,6.7400,1146400,7752304.0000,3
2025-11-21,20251121145000000,sh.600864,6.7400,6.7500,6.7300,6.7500,1497100,10088288.0000,3
2025-11-21,20251121145500000,sh.600864,6.7400,6.7600,6.7300,6.7300,1612500,10869456.0000,3
2025-11-21,20251121150000000,sh.600864,6.7300,6.7300,6.7000,6.7100,769000,5162640.0000,3
2025-11-24,20251124093500000,sh.600864,6.7200,6.7600,6.7100,6.7200,1577000,10612381.0000,3
2025-11-24,20251124094000000,sh.600864,6.7100,6.7200,6.7000,6.7000,809600,5429479.0000,3
2025-11-24,20251124094500000,sh.600864,6.7000,6.7300,6.6900,6.7200,1156000,7763640.0000,3
2025-11-24,20251124095000000,sh.600864,6.7300,6.7400,6.7200,6.7300,674100,4536944.0000,3
2025-11-24,20251124095500000,sh.600864,6.7200,6.7300,6.7100,6.7100,420200,2824840.0000,3
2025-11-24,20251124100000000,sh.600864,6.7200,6.7500,6.7100,6.7400,794400,5349132.0000,3
2025-11-24,20251124100500000,sh.600864,6.7500,6.7500,6.7300,6.7400,942500,6356720.0000,3
2025-11-24,20251124101000000,sh.600864,6.7400,6.7400,6.7300,6.7400,196900,1326160.0000,3
2025-11-24,20251124101500000,sh.600864,6.7400,6.7500,6.7400,6.7400,484700,3268600.0000,3
2025-11-24,20251124102000000,sh.600864,6.7400,6.7500,6.7400,6.7500,186300,1257200.0000,3
2025-11-24,20251124102500000,sh.600864,6.7400,6.7500,6.7400,6.7400,424500,2864448.0000,3
2025-11-24,20251124103000000,sh.600864,6.7400,6.7500,6.7400,6.7400,86100,580420.0000,3
2025-11-24,20251124103500000,sh.600864,6.7500,6.7500,6.7300,6.7400,283000,1907616.0000,3
2025-11-24,20251124104000000,sh.600864,6.7400,6.7400,6.7300,6.7400,432300,2909740.0000,3
2025-11-24,20251124104500000,sh.600864,6.7400,6.7400,6.7300,6.7300,226000,1522696.0000,3
2025-11-24,20251124105000000,sh.600864,6.7400,6.7500,6.7300,6.7400,265000,1786160.0000,3
2025-11-24,20251124105500000,sh.600864,6.7400,6.7500,6.7300,6.7300,79500,535744.0000,3
2025-11-24,20251124110000000,sh.600864,6.7300,6.7400,6.7200,6.7300,330100,2221296.0000,3
2025-11-24,20251124110500000,sh.600864,6.7300,6.7300,6.7200,6.7300,282200,1897104.0000,3
2025-11-24,20251124111000000,sh.600864,6.7300,6.7300,6.7100,6.7200,169800,1140784.0000,3
2025-11-24,20251124111500000,sh.600864,6.7300,6.7300,6.7100,6.7100,934300,6274216.0000,3
2025-11-24,20251124112000000,sh.600864,6.7200,6.7200,6.7100,6.7100,299100,2008336.0000,3
2025-11-24,20251124112500000,sh.600864,6.7100,6.7200,6.7100,6.7200,215100,1443432.0000,3
2025-11-24,20251124113000000,sh.600864,6.7200,6.7200,6.7100,6.7200,171500,1152232.0000,3
2025-11-24,20251124130500000,sh.600864,6.7200,6.7300,6.7100,6.7200,79600,534832.0000,3
2025-11-24,20251124131000000,sh.600864,6.7200,6.7300,6.7200,6.7200,60100,404232.0000,3
2025-11-24,20251124131500000,sh.600864,6.7200,6.7400,6.7200,6.7300,250900,1688608.0000,3
2025-11-24,20251124132000000,sh.600864,6.7400,6.7500,6.7300,6.7500,341100,2299608.0000,3
2025-11-24,20251124132500000,sh.600864,6.7500,6.7700,6.7400,6.7600,748400,5055992.0000,3
2025-11-24,20251124133000000,sh.600864,6.7600,6.7700,6.7600,6.7600,584300,3950920.0000,3
2025-11-24,20251124133500000,sh.600864,6.7700,6.7800,6.7600,6.7700,571900,3872648.0000,3
2025-11-24,20251124134000000,sh.600864,6.7800,6.7800,6.7600,6.7600,236300,1599944.0000,3
2025-11-24,20251124134500000,sh.600864,6.7700,6.7800,6.7600,6.7700,188300,1274888.0000,3
2025-11-24,20251124135000000,sh.600864,6.7800,6.7800,6.7600,6.7600,321400,2175864.0000,3
2025-11-24,20251124135500000,sh.600864,6.7700,6.7900,6.7600,6.7800,662000,4486184.0000,3
2025-11-24,20251124140000000,sh.600864,6.7800,6.8000,6.7800,6.7800,631800,4292752.0000,3
2025-11-24,20251124140500000,sh.600864,6.7800,6.7900,6.7800,6.7900,88700,602032.0000,3
2025-11-24,20251124141000000,sh.600864,6.7900,6.7900,6.7800,6.7900,106400,722192.0000,3
2025-11-24,20251124141500000,sh.600864,6.7900,6.7900,6.7800,6.7800,223000,1513392.0000,3
2025-11-24,20251124142000000,sh.600864,6.7900,6.7900,6.7700,6.7700,313900,2127336.0000,3
2025-11-24,20251124142500000,sh.600864,6.7800,6.7800,6.7700,6.7700,130500,884208.0000,3
2025-11-24,20251124143000000,sh.600864,6.7800,6.7900,6.7700,6.7800,234200,1587344.0000,3
2025-11-24,20251124143500000,sh.600864,6.7800,6.7900,6.7700,6.7800,241400,1637392.0000,3
2025-11-24,20251124144000000,sh.600864,6.7800,6.7800,6.7700,6.7700,260600,1765968.0000,3
2025-11-24,20251124144500000,sh.600864,6.7700,6.7800,6.7600,6.7700,269700,1825912.0000,3
2025-11-24,20251124145000000,sh.600864,6.7600,6.7700,6.7600,6.7600,323400,2187136.0000,3
2025-11-24,20251124145500000,sh.600864,6.7700,6.7700,6.7500,6.7500,591500,3996576.0000,3
2025-11-24,20251124150000000,sh.600864,6.7500,6.7700,6.7500,6.7700,419500,2838264.0000,3
2025-11-25,20251125093500000,sh.600864,6.7700,6.7900,6.7700,6.7800,784200,5317382.0000,3
2025-11-25,20251125094000000,sh.600864,6.7900,6.8100,6.7800,6.8000,788900,5361380.0000,3
2025-11-25,20251125094500000,sh.600864,6.8100,6.8200,6.7900,6.8200,937100,6378138.0000,3
2025-11-25,20251125095000000,sh.600864,6.8200,6.8300,6.8100,6.8200,783100,5339068.0000,3
2025-11-25,20251125095500000,sh.600864,6.8200,6.8400,6.8100,6.8400,1547800,10569080.0000,3
2025-11-25,20251125100000000,sh.600864,6.8300,6.8400,6.8300,6.8400,424900,2904492.0000,3
2025-11-25,20251125100500000,sh.600864,6.8300,6.8400,6.8200,6.8300,860500,5878148.0000,3
2025-11-25,20251125101000000,sh.600864,6.8300,6.8400,6.8100,6.8300,696400,4749524.0000,3
2025-11-25,20251125101500000,sh.600864,6.8300,6.8300,6.8200,6.8200,190400,1299656.0000,3
2025-11-25,20251125102000000,sh.600864,6.8300,6.8500,6.8200,6.8500,1294100,8848608.0000,3
2025-11-25,20251125102500000,sh.600864,6.8400,6.8600,6.8400,6.8400,730200,5001624.0000,3
2025-11-25,20251125103000000,sh.600864,6.8500,6.8600,6.8400,6.8600,473900,3247020.0000,3
2025-11-25,20251125103500000,sh.600864,6.8500,6.8600,6.8500,6.8500,184600,1266264.0000,3
2025-11-25,20251125104000000,sh.600864,6.8600,6.8600,6.8500,6.8500,630600,4324696.0000,3
2025-11-25,20251125104500000,sh.600864,6.8600,6.8600,6.8400,6.8500,701700,4807856.0000,3
2025-11-25,20251125105000000,sh.600864,6.8500,6.8500,6.8400,6.8400,237400,1625656.0000,3
2025-11-25,20251125105500000,sh.600864,6.8400,6.8500,6.8400,6.8400,283200,1937928.0000,3
2025-11-25,20251125110000000,sh.600864,6.8500,6.8500,6.8300,6.8300,391000,2674816.0000,3
2025-11-25,20251125110500000,sh.600864,6.8300,6.8400,6.8200,6.8300,485800,3318232.0000,3
2025-11-25,20251125111000000,sh.600864,6.8300,6.8400,6.8200,6.8400,161600,1103600.0000,3
2025-11-25,20251125111500000,sh.600864,6.8400,6.8400,6.8300,6.8300,79100,540448.0000,3
2025-11-25,20251125112000000,sh.600864,6.8400,6.8400,6.8300,6.8300,92300,630576.0000,3
2025-11-25,20251125112500000,sh.600864,6.8400,6.8500,6.8400,6.8400,307500,2103448.0000,3
2025-11-25,20251125113000000,sh.600864,6.8400,6.8600,6.8400,6.8500,432200,2960288.0000,3
2025-11-25,20251125130500000,sh.600864,6.8500,6.8500,6.8200,6.8300,1014500,6933216.0000,3
2025-11-25,20251125131000000,sh.600864,6.8200,6.8300,6.8100,6.8100,403800,2754936.0000,3
2025-11-25,20251125131500000,sh.600864,6.8100,6.8200,6.8000,6.8100,415600,2829608.0000,3
2025-11-25,20251125132000000,sh.600864,6.8000,6.8200,6.8000,6.8100,352200,2398400.0000,3
2025-11-25,20251125132500000,sh.600864,6.8200,6.8200,6.8000,6.8100,222700,1517208.0000,3
2025-11-25,20251125133000000,sh.600864,6.8100,6.8200,6.8000,6.8100,211900,1442824.0000,3
2025-11-25,20251125133500000,sh.600864,6.8100,6.8200,6.8000,6.8200,183200,1247488.0000,3
2025-11-25,20251125134000000,sh.600864,6.8200,6.8200,6.8100,6.8200,107200,730816.0000,3
2025-11-25,20251125134500000,sh.600864,6.8200,6.8300,6.8100,6.8300,459800,3136424.0000,3
2025-11-25,20251125135000000,sh.600864,6.8200,6.8300,6.8200,6.8200,118000,804944.0000,3
2025-11-25,20251125135500000,sh.600864,6.8200,6.8300,6.8100,6.8200,304400,2076240.0000,3
2025-11-25,20251125140000000,sh.600864,6.8200,6.8300,6.8200,6.8200,85900,586112.0000,3
2025-11-25,20251125140500000,sh.600864,6.8200,6.8400,6.8200,6.8400,327000,2233560.0000,3
2025-11-25,20251125141000000,sh.600864,6.8300,6.8400,6.8300,6.8300,139100,950952.0000,3
2025-11-25,20251125141500000,sh.600864,6.8400,6.8400,6.8300,6.8400,278100,1899856.0000,3
2025-11-25,20251125142000000,sh.600864,6.8300,6.8300,6.8200,6.8300,105000,716640.0000,3
2025-11-25,20251125142500000,sh.600864,6.8200,6.8300,6.8100,6.8100,262200,1787936.0000,3
2025-11-25,20251125143000000,sh.600864,6.8200,6.8200,6.8100,6.8200,111300,758696.0000,3
2025-11-25,20251125143500000,sh.600864,6.8200,6.8300,6.8100,6.8200,191500,1305696.0000,3
2025-11-25,20251125144000000,sh.600864,6.8300,6.8300,6.8100,6.8200,244900,1670680.0000,3
2025-11-25,20251125144500000,sh.600864,6.8200,6.8300,6.8100,6.8200,205000,1398000.0000,3
2025-11-25,20251125145000000,sh.600864,6.8200,6.8300,6.8100,6.8300,373900,2550016.0000,3
2025-11-25,20251125145500000,sh.600864,6.8200,6.8300,6.8100,6.8200,562400,3833856.0000,3
2025-11-25,20251125150000000,sh.600864,6.8200,6.8200,6.8100,6.8100,882700,6013296.0000,3
2025-11-26,20251126093500000,sh.600864,6.8100,6.8200,6.8000,6.8100,541800,3690024.0000,3
2025-11-26,20251126094000000,sh.600864,6.8100,6.8300,6.8100,6.8100,688300,4691276.0000,3
2025-11-26,20251126094500000,sh.600864,6.8100,6.8200,6.8100,6.8100,340400,2320879.0000,3
2025-11-26,20251126095000000,sh.600864,6.8100,6.8300,6.8100,6.8300,374700,2554910.0000,3
2025-11-26,20251126095500000,sh.600864,6.8200,6.8200,6.8100,6.8200,625200,4258495.0000,3
2025-11-26,20251126100000000,sh.600864,6.8100,6.8200,6.8000,6.8200,1090500,7427072.0000,3
2025-11-26,20251126100500000,sh.600864,6.8200,6.8300,6.8000,6.8100,2068100,14085820.0000,3
2025-11-26,20251126101000000,sh.600864,6.8000,6.8200,6.8000,6.8200,387500,2639108.0000,3
2025-11-26,20251126101500000,sh.600864,6.8100,6.8100,6.7900,6.7900,929100,6317048.0000,3
2025-11-26,20251126102000000,sh.600864,6.7900,6.8100,6.7900,6.8000,166000,1129144.0000,3
2025-11-26,20251126102500000,sh.600864,6.8000,6.8000,6.7900,6.7900,270900,1840900.0000,3
2025-11-26,20251126103000000,sh.600864,6.7900,6.7900,6.7800,6.7900,957600,6496348.0000,3
2025-11-26,20251126103500000,sh.600864,6.7800,6.7900,6.7800,6.7800,472600,3206564.0000,3
2025-11-26,20251126104000000,sh.600864,6.7900,6.8000,6.7800,6.7800,1005700,6819964.0000,3
2025-11-26,20251126104500000,sh.600864,6.7800,6.7900,6.7600,6.7600,543400,3680368.0000,3
2025-11-26,20251126105000000,sh.600864,6.7600,6.7700,6.7400,6.7400,761500,5144568.0000,3
2025-11-26,20251126105500000,sh.600864,6.7500,6.7700,6.7400,6.7600,391300,2642864.0000,3
2025-11-26,20251126110000000,sh.600864,6.7600,6.7700,6.7600,6.7600,267700,1810016.0000,3
2025-11-26,20251126110500000,sh.600864,6.7600,6.7800,6.7600,6.7700,381100,2579864.0000,3
2025-11-26,20251126111000000,sh.600864,6.7800,6.7800,6.7700,6.7800,129100,875024.0000,3
2025-11-26,20251126111500000,sh.600864,6.7700,6.7800,6.7700,6.7800,95400,646416.0000,3
2025-11-26,20251126112000000,sh.600864,6.7800,6.7900,6.7700,6.7800,403500,2737504.0000,3
2025-11-26,20251126112500000,sh.600864,6.7900,6.7900,6.7800,6.7800,107800,731096.0000,3
2025-11-26,20251126113000000,sh.600864,6.7800,6.7900,6.7800,6.7900,226400,1535984.0000,3
2025-11-26,20251126130500000,sh.600864,6.7900,6.7900,6.7700,6.7700,211900,1435256.0000,3
2025-11-26,20251126131000000,sh.600864,6.7700,6.7800,6.7600,6.7600,163900,1108960.0000,3
2025-11-26,20251126131500000,sh.600864,6.7700,6.7800,6.7600,6.7600,278100,1882224.0000,3
2025-11-26,20251126132000000,sh.600864,6.7700,6.7700,6.7600,6.7600,88500,598552.0000,3
2025-11-26,20251126132500000,sh.600864,6.7700,6.7700,6.7600,6.7600,103900,702696.0000,3
2025-11-26,20251126133000000,sh.600864,6.7600,6.7800,6.7600,6.7600,162200,1097336.0000,3
2025-11-26,20251126133500000,sh.600864,6.7600,6.7800,6.7600,6.7600,108200,731904.0000,3
2025-11-26,20251126134000000,sh.600864,6.7700,6.7700,6.7500,6.7600,479500,3241352.0000,3
2025-11-26,20251126134500000,sh.600864,6.7600,6.7700,6.7500,6.7600,113000,763208.0000,3
2025-11-26,20251126135000000,sh.600864,6.7500,6.7600,6.7500,6.7500,161900,1093160.0000,3
2025-11-26,20251126135500000,sh.600864,6.7600,6.7600,6.7500,6.7500,175300,1183392.0000,3
2025-11-26,20251126140000000,sh.600864,6.7500,6.7600,6.7400,6.7500,330200,2228928.0000,3
2025-11-26,20251126140500000,sh.600864,6.7400,6.7600,6.7400,6.7400,228900,1544360.0000,3
2025-11-26,20251126141000000,sh.600864,6.7400,6.7500,6.7400,6.7400,577400,3891960.0000,3
2025-11-26,20251126141500000,sh.600864,6.7400,6.7500,6.7400,6.7400,279400,1883248.0000,3
2025-11-26,20251126142000000,sh.600864,6.7400,6.7500,6.7400,6.7400,148900,1003864.0000,3
2025-11-26,20251126142500000,sh.600864,6.7400,6.7500,6.7400,6.7400,100100,674896.0000,3
2025-11-26,20251126143000000,sh.600864,6.7400,6.7500,6.7400,6.7500,280300,1891736.0000,3
2025-11-26,20251126143500000,sh.600864,6.7500,6.7500,6.7400,6.7500,304900,2057960.0000,3
2025-11-26,20251126144000000,sh.600864,6.7400,6.7500,6.7400,6.7400,121100,816776.0000,3
2025-11-26,20251126144500000,sh.600864,6.7400,6.7500,6.7300,6.7400,635600,4282560.0000,3
2025-11-26,20251126145000000,sh.600864,6.7300,6.7400,6.7300,6.7400,295800,1991928.0000,3
2025-11-26,20251126145500000,sh.600864,6.7300,6.7400,6.7200,6.7300,943900,6351160.0000,3
2025-11-26,20251126150000000,sh.600864,6.7200,6.7400,6.7200,6.7200,556100,3739776.0000,3
2025-11-27,20251127093500000,sh.600864,6.7200,6.7500,6.7100,6.7400,1451200,9757834.0000,3
2025-11-27,20251127094000000,sh.600864,6.7300,6.7500,6.7300,6.7400,333200,2246407.0000,3
2025-11-27,20251127094500000,sh.600864,6.7400,6.7600,6.7400,6.7600,398100,2685943.0000,3
2025-11-27,20251127095000000,sh.600864,6.7600,6.8100,6.7600,6.7900,2059400,13973636.0000,3
2025-11-27,20251127095500000,sh.600864,6.7900,6.8000,6.7800,6.7900,670000,4548300.0000,3
2025-11-27,20251127100000000,sh.600864,6.8000,6.8000,6.7700,6.7900,449000,3046664.0000,3
2025-11-27,20251127100500000,sh.600864,6.7900,6.7900,6.7700,6.7800,429900,2914464.0000,3
2025-11-27,20251127101000000,sh.600864,6.7900,6.7900,6.7700,6.7700,154700,1048844.0000,3
2025-11-27,20251127101500000,sh.600864,6.7700,6.7800,6.7700,6.7700,167600,1135148.0000,3
2025-11-27,20251127102000000,sh.600864,6.7800,6.7800,6.7700,6.7700,218200,1477736.0000,3
2025-11-27,20251127102500000,sh.600864,6.7700,6.7800,6.7700,6.7700,87600,593280.0000,3
2025-11-27,20251127103000000,sh.600864,6.7700,6.7800,6.7600,6.7700,559600,3785648.0000,3
2025-11-27,20251127103500000,sh.600864,6.7700,6.7700,6.7600,6.7600,79800,539812.0000,3
2025-11-27,20251127104000000,sh.600864,6.7700,6.7700,6.7600,6.7700,350100,2369612.0000,3
2025-11-27,20251127104500000,sh.600864,6.7700,6.7700,6.7500,6.7500,185700,1255288.0000,3
2025-11-27,20251127105000000,sh.600864,6.7500,6.7600,6.7500,6.7600,103300,697352.0000,3
2025-11-27,20251127105500000,sh.600864,6.7500,6.7600,6.7500,6.7500,76700,517864.0000,3
2025-11-27,20251127110000000,sh.600864,6.7500,6.7600,6.7500,6.7500,173900,1175216.0000,3
2025-11-27,20251127110500000,sh.600864,6.7500,6.7700,6.7500,6.7600,179800,1215480.0000,3
2025-11-27,20251127111000000,sh.600864,6.7700,6.7700,6.7400,6.7500,398000,2687840.0000,3
2025-11-27,20251127111500000,sh.600864,6.7500,6.7500,6.7400,6.7400,100100,675024.0000,3
2025-11-27,20251127112000000,sh.600864,6.7500,6.7500,6.7400,6.7500,150800,1016500.0000,3
2025-11-27,20251127112500000,sh.600864,6.7500,6.7600,6.7400,6.7500,213300,1439416.0000,3
2025-11-27,20251127113000000,sh.600864,6.7400,6.7500,6.7400,6.7400,133100,897436.0000,3
2025-11-27,20251127130500000,sh.600864,6.7500,6.7500,6.7400,6.7400,184400,1243100.0000,3
2025-11-27,20251127131000000,sh.600864,6.7500,6.7500,6.7300,6.7400,144500,974024.0000,3
2025-11-27,20251127131500000,sh.600864,6.7400,6.7500,6.7400,6.7400,28600,192888.0000,3
2025-11-27,20251127132000000,sh.600864,6.7500,6.7500,6.7400,6.7500,359800,2428524.0000,3
2025-11-27,20251127132500000,sh.600864,6.7500,6.7600,6.7500,6.7500,41000,276892.0000,3
2025-11-27,20251127133000000,sh.600864,6.7600,6.7700,6.7600,6.7700,330800,2237652.0000,3
2025-11-27,20251127133500000,sh.600864,6.7700,6.7900,6.7600,6.7900,1151300,7809896.0000,3
2025-11-27,20251127134000000,sh.600864,6.7900,6.7900,6.7700,6.7700,418600,2839224.0000,3
2025-11-27,20251127134500000,sh.600864,6.7800,6.7800,6.7600,6.7700,98000,663208.0000,3
2025-11-27,20251127135000000,sh.600864,6.7700,6.7800,6.7600,6.7600,193900,1312280.0000,3
2025-11-27,20251127135500000,sh.600864,6.7700,6.7700,6.7600,6.7700,224800,1521560.0000,3
2025-11-27,20251127140000000,sh.600864,6.7700,6.7700,6.7600,6.7700,145300,983576.0000,3
2025-11-27,20251127140500000,sh.600864,6.7700,6.7800,6.7600,6.7600,226300,1531976.0000,3
2025-11-27,20251127141000000,sh.600864,6.7700,6.7700,6.7500,6.7600,359600,2430680.0000,3
2025-11-27,20251127141500000,sh.600864,6.7600,6.7700,6.7500,6.7600,147300,995472.0000,3
2025-11-27,20251127142000000,sh.600864,6.7500,6.7700,6.7500,6.7600,132800,897400.0000,3
2025-11-27,20251127142500000,sh.600864,6.7600,6.7600,6.7500,6.7600,112000,756912.0000,3
2025-11-27,20251127143000000,sh.600864,6.7500,6.7700,6.7500,6.7600,114900,776872.0000,3
2025-11-27,20251127143500000,sh.600864,6.7700,6.7700,6.7500,6.7600,169400,1144640.0000,3
2025-11-27,20251127144000000,sh.600864,6.7500,6.7600,6.7400,6.7400,424200,2862368.0000,3
2025-11-27,20251127144500000,sh.600864,6.7400,6.7600,6.7400,6.7400,262000,1767472.0000,3
2025-11-27,20251127145000000,sh.600864,6.7500,6.7500,6.7400,6.7400,284800,1920160.0000,3
2025-11-27,20251127145500000,sh.600864,6.7400,6.7500,6.7300,6.7400,669000,4506600.0000,3
2025-11-27,20251127150000000,sh.600864,6.7300,6.7500,6.7300,6.7300,459100,3092168.0000,3
2025-11-28,20251128093500000,sh.600864,6.7200,6.7500,6.7200,6.7300,637100,4285883.0000,3
2025-11-28,20251128094000000,sh.600864,6.7300,6.7500,6.7300,6.7500,290600,1959312.0000,3
2025-11-28,20251128094500000,sh.600864,6.7400,6.7600,6.7400,6.7600,183000,1234564.0000,3
2025-11-28,20251128095000000,sh.600864,6.7500,6.7500,6.7300,6.7400,270400,1822537.0000,3
2025-11-28,20251128095500000,sh.600864,6.7400,6.7400,6.7300,6.7300,175800,1183506.0000,3
2025-11-28,20251128100000000,sh.600864,6.7300,6.7400,6.7200,6.7200,431000,2900761.0000,3
2025-11-28,20251128100500000,sh.600864,6.7300,6.7600,6.7200,6.7500,945900,6376455.0000,3
2025-11-28,20251128101000000,sh.600864,6.7600,6.7700,6.7500,6.7600,399600,2701862.0000,3
2025-11-28,20251128101500000,sh.600864,6.7600,6.7800,6.7600,6.7800,513700,3478284.0000,3
2025-11-28,20251128102000000,sh.600864,6.7800,6.7800,6.7700,6.7700,178900,1212000.0000,3
2025-11-28,20251128102500000,sh.600864,6.7800,6.7800,6.7600,6.7700,305900,2071026.0000,3
2025-11-28,20251128103000000,sh.600864,6.7800,6.7800,6.7600,6.7700,262900,1779660.0000,3
2025-11-28,20251128103500000,sh.600864,6.7700,6.7800,6.7700,6.7700,283000,1916346.0000,3
2025-11-28,20251128104000000,sh.600864,6.7800,6.7800,6.7700,6.7700,196100,1327344.0000,3
2025-11-28,20251128104500000,sh.600864,6.7700,6.7700,6.7600,6.7600,50300,340340.0000,3
2025-11-28,20251128105000000,sh.600864,6.7600,6.7700,6.7600,6.7600,40500,273892.0000,3
2025-11-28,20251128105500000,sh.600864,6.7600,6.7700,6.7600,6.7700,68900,466244.0000,3
2025-11-28,20251128110000000,sh.600864,6.7700,6.7800,6.7700,6.7700,204100,1381868.0000,3
2025-11-28,20251128110500000,sh.600864,6.7700,6.7800,6.7600,6.7600,476100,3222920.0000,3
2025-11-28,20251128111000000,sh.600864,6.7600,6.7700,6.7600,6.7600,61300,414804.0000,3
2025-11-28,20251128111500000,sh.600864,6.7600,6.7700,6.7600,6.7600,193600,1310308.0000,3
2025-11-28,20251128112000000,sh.600864,6.7600,6.7800,6.7600,6.7700,380300,2574628.0000,3
2025-11-28,20251128112500000,sh.600864,6.7700,6.7700,6.7600,6.7700,16300,110312.0000,3
2025-11-28,20251128113000000,sh.600864,6.7600,6.7700,6.7600,6.7700,370100,2502016.0000,3
2025-11-28,20251128130500000,sh.600864,6.7600,6.7700,6.7500,6.7500,416100,2809792.0000,3
2025-11-28,20251128131000000,sh.600864,6.7600,6.7700,6.7500,6.7600,172400,1165324.0000,3
2025-11-28,20251128131500000,sh.600864,6.7600,6.7600,6.7400,6.7600,183900,1241492.0000,3
2025-11-28,20251128132000000,sh.600864,6.7600,6.7600,6.7500,6.7500,116900,790064.0000,3
2025-11-28,20251128132500000,sh.600864,6.7500,6.7600,6.7500,6.7600,36300,245028.0000,3
2025-11-28,20251128133000000,sh.600864,6.7600,6.7600,6.7500,6.7500,57100,385628.0000,3
2025-11-28,20251128133500000,sh.600864,6.7500,6.7800,6.7500,6.7700,952800,6447576.0000,3
2025-11-28,20251128134000000,sh.600864,6.7700,6.7800,6.7700,6.7700,83400,564820.0000,3
2025-11-28,20251128134500000,sh.600864,6.7700,6.7800,6.7700,6.7700,35100,237836.0000,3
2025-11-28,20251128135000000,sh.600864,6.7800,6.7900,6.7700,6.7900,753400,5107652.0000,3
2025-11-28,20251128135500000,sh.600864,6.7900,6.7900,6.7700,6.7900,1045000,7086132.0000,3
2025-11-28,20251128140000000,sh.600864,6.7900,6.7900,6.7800,6.7900,208800,1416712.0000,3
2025-11-28,20251128140500000,sh.600864,6.7900,6.7900,6.7800,6.7900,84900,576048.0000,3
2025-11-28,20251128141000000,sh.600864,6.7900,6.7900,6.7700,6.7800,640600,4343448.0000,3
2025-11-28,20251128141500000,sh.600864,6.7800,6.7900,6.7800,6.7900,138200,937216.0000,3
2025-11-28,20251128142000000,sh.600864,6.7900,6.7900,6.7800,6.7900,126400,858128.0000,3
2025-11-28,20251128142500000,sh.600864,6.7900,6.8000,6.7800,6.7900,1497900,10174096.0000,3
2025-11-28,20251128143000000,sh.600864,6.8000,6.8100,6.7900,6.8000,710500,4832000.0000,3
2025-11-28,20251128143500000,sh.600864,6.8100,6.8100,6.7900,6.7900,1083400,7362848.0000,3
2025-11-28,20251128144000000,sh.600864,6.8000,6.8000,6.7900,6.7900,1118100,7593336.0000,3
2025-11-28,20251128144500000,sh.600864,6.8000,6.8000,6.7800,6.7900,1180300,8014304.0000,3
2025-11-28,20251128145000000,sh.600864,6.8000,6.8100,6.7900,6.8000,618700,4206416.0000,3
2025-11-28,20251128145500000,sh.600864,6.8000,6.8100,6.8000,6.8000,315700,2147376.0000,3
2025-11-28,20251128150000000,sh.600864,6.8000,6.8100,6.8000,6.8100,140100,953064.0000,3
2025-12-01,20251201093500000,sh.600864,6.8000,6.8000,6.7600,6.8000,621000,4214416.0000,3
2025-12-01,20251201094000000,sh.600864,6.8000,6.8000,6.7800,6.8000,549400,3731042.0000,3
2025-12-01,20251201094500000,sh.600864,6.7900,6.8100,6.7900,6.8000,535700,3640509.0000,3
2025-12-01,20251201095000000,sh.600864,6.8100,6.8100,6.8000,6.8100,403300,2744925.0000,3
2025-12-01,20251201095500000,sh.600864,6.8000,6.8200,6.8000,6.8200,486300,3313418.0000,3
2025-12-01,20251201100000000,sh.600864,6.8200,6.8200,6.8100,6.8100,508300,3465586.0000,3
2025-12-01,20251201100500000,sh.600864,6.8200,6.8200,6.8000,6.8000,485800,3308568.0000,3
2025-12-01,20251201101000000,sh.600864,6.8000,6.8200,6.8000,6.8100,325100,2213566.0000,3
2025-12-01,20251201101500000,sh.600864,6.8000,6.8100,6.7900,6.7900,636600,4328616.0000,3
2025-12-01,20251201102000000,sh.600864,6.7900,6.8100,6.7900,6.8000,280600,1907946.0000,3
2025-12-01,20251201102500000,sh.600864,6.7900,6.8000,6.7900,6.8000,107700,732248.0000,3
2025-12-01,20251201103000000,sh.600864,6.8000,6.8000,6.7900,6.7900,581400,3947952.0000,3
2025-12-01,20251201103500000,sh.600864,6.8000,6.8000,6.7900,6.7900,213200,1448784.0000,3
2025-12-01,20251201104000000,sh.600864,6.8000,6.8100,6.7900,6.8100,376200,2557196.0000,3
2025-12-01,20251201104500000,sh.600864,6.8000,6.8100,6.7900,6.8100,230500,1567484.0000,3
2025-12-01,20251201105000000,sh.600864,6.8100,6.8100,6.7900,6.8000,370700,2519740.0000,3
2025-12-01,20251201105500000,sh.600864,6.8000,6.8100,6.7900,6.8100,262300,1783308.0000,3
2025-12-01,20251201110000000,sh.600864,6.8100,6.8100,6.8000,6.8100,215600,1466452.0000,3
2025-12-01,20251201110500000,sh.600864,6.8100,6.8100,6.7900,6.8000,299600,2037296.0000,3
2025-12-01,20251201111000000,sh.600864,6.8000,6.8100,6.7900,6.8100,206900,1407396.0000,3
2025-12-01,20251201111500000,sh.600864,6.8100,6.8100,6.8000,6.8000,164000,1115428.0000,3
2025-12-01,20251201112000000,sh.600864,6.8100,6.8100,6.8000,6.8000,224000,1523448.0000,3
2025-12-01,20251201112500000,sh.600864,6.8000,6.8100,6.7900,6.8000,233500,1587852.0000,3
2025-12-01,20251201113000000,sh.600864,6.8000,6.8100,6.7900,6.8000,344900,2344388.0000,3
2025-12-01,20251201130500000,sh.600864,6.8000,6.8100,6.7900,6.7900,328600,2233768.0000,3
2025-12-01,20251201131000000,sh.600864,6.7900,6.8000,6.7900,6.7900,342000,2322564.0000,3
2025-12-01,20251201131500000,sh.600864,6.8000,6.8000,6.7900,6.7900,331200,2251392.0000,3
2025-12-01,20251201132000000,sh.600864,6.8000,6.8000,6.7900,6.7900,146600,995608.0000,3
2025-12-01,20251201132500000,sh.600864,6.8000,6.8000,6.7900,6.8000,100800,685120.0000,3
2025-12-01,20251201133000000,sh.600864,6.7900,6.8000,6.7800,6.7900,298500,2027136.0000,3
2025-12-01,20251201133500000,sh.600864,6.7900,6.7900,6.7800,6.7900,188200,1276936.0000,3
2025-12-01,20251201134000000,sh.600864,6.7800,6.8000,6.7800,6.7900,138300,938952.0000,3
2025-12-01,20251201134500000,sh.600864,6.7900,6.8000,6.7800,6.7900,173300,1176672.0000,3
2025-12-01,20251201135000000,sh.600864,6.7900,6.7900,6.7800,6.7900,118100,801504.0000,3
2025-12-01,20251201135500000,sh.600864,6.7900,6.7900,6.7800,6.7900,523700,3551224.0000,3
2025-12-01,20251201140000000,sh.600864,6.7800,6.7900,6.7800,6.7800,103100,699200.0000,3
2025-12-01,20251201140500000,sh.600864,6.7900,6.8000,6.7800,6.8000,479500,3255672.0000,3
2025-12-01,20251201141000000,sh.600864,6.8000,6.8000,6.7800,6.7900,118300,803392.0000,3
2025-12-01,20251201141500000,sh.600864,6.7900,6.8000,6.7900,6.7900,152200,1034720.0000,3
2025-12-01,20251201142000000,sh.600864,6.7900,6.8000,6.7900,6.7900,109500,744048.0000,3
2025-12-01,20251201142500000,sh.600864,6.8000,6.8000,6.7900,6.7900,203000,1378752.0000,3
2025-12-01,20251201143000000,sh.600864,6.7900,6.8000,6.7900,6.7900,187500,1273264.0000,3
2025-12-01,20251201143500000,sh.600864,6.7900,6.8000,6.7900,6.7900,132600,900920.0000,3
2025-12-01,20251201144000000,sh.600864,6.8000,6.8000,6.7900,6.8000,203100,1380152.0000,3
2025-12-01,20251201144500000,sh.600864,6.7900,6.8000,6.7900,6.7900,347700,2361832.0000,3
2025-12-01,20251201145000000,sh.600864,6.7900,6.8000,6.7900,6.7900,527700,3584952.0000,3
2025-12-01,20251201145500000,sh.600864,6.7900,6.8100,6.7900,6.8100,431200,2931592.0000,3
2025-12-01,20251201150000000,sh.600864,6.8000,6.8100,6.8000,6.8100,204500,1391648.0000,3
2025-12-02,20251202093500000,sh.600864,6.8000,6.8000,6.7700,6.7700,633800,4300802.0000,3
2025-12-02,20251202094000000,sh.600864,6.7800,6.7900,6.7700,6.7700,655000,4436464.0000,3
2025-12-02,20251202094500000,sh.600864,6.7600,6.7700,6.7500,6.7500,478600,3236258.0000,3
2025-12-02,20251202095000000,sh.600864,6.7600,6.7700,6.7500,6.7500,422100,2851299.0000,3
2025-12-02,20251202095500000,sh.600864,6.7500,6.7600,6.7500,6.7500,503600,3399577.0000,3
2025-12-02,20251202100000000,sh.600864,6.7600,6.7600,6.7400,6.7500,515800,3481880.0000,3
2025-12-02,20251202100500000,sh.600864,6.7400,6.7600,6.7400,6.7600,384500,2594912.0000,3
2025-12-02,20251202101000000,sh.600864,6.7600,6.7600,6.7500,6.7500,190600,1286876.0000,3
2025-12-02,20251202101500000,sh.600864,6.7500,6.7600,6.7400,6.7400,284100,1917044.0000,3
2025-12-02,20251202102000000,sh.600864,6.7400,6.7500,6.7400,6.7400,226200,1525804.0000,3
2025-12-02,20251202102500000,sh.600864,6.7500,6.7500,6.7400,6.7400,145200,979134.0000,3
2025-12-02,20251202103000000,sh.600864,6.7500,6.7500,6.7400,6.7500,384600,2592602.0000,3
2025-12-02,20251202103500000,sh.600864,6.7500,6.7500,6.7300,6.7400,201900,1360752.0000,3
2025-12-02,20251202104000000,sh.600864,6.7400,6.7500,6.7400,6.7400,114900,774472.0000,3
2025-12-02,20251202104500000,sh.600864,6.7500,6.7500,6.7400,6.7500,117500,792120.0000,3
2025-12-02,20251202105000000,sh.600864,6.7500,6.7500,6.7400,6.7500,233300,1574220.0000,3
2025-12-02,20251202105500000,sh.600864,6.7500,6.7500,6.7400,6.7500,304600,2055472.0000,3
2025-12-02,20251202110000000,sh.600864,6.7500,6.7500,6.7300,6.7400,304200,2050416.0000,3
2025-12-02,20251202110500000,sh.600864,6.7400,6.7500,6.7300,6.7400,169100,1140004.0000,3
2025-12-02,20251202111000000,sh.600864,6.7500,6.7500,6.7300,6.7500,129800,874856.0000,3
2025-12-02,20251202111500000,sh.600864,6.7400,6.7500,6.7300,6.7300,106400,716768.0000,3
2025-12-02,20251202112000000,sh.600864,6.7300,6.7400,6.7300,6.7300,119000,801664.0000,3
2025-12-02,20251202112500000,sh.600864,6.7400,6.7400,6.7300,6.7300,131900,887720.0000,3
2025-12-02,20251202113000000,sh.600864,6.7300,6.7400,6.7300,6.7300,433400,2916868.0000,3
2025-12-02,20251202130500000,sh.600864,6.7400,6.7400,6.7200,6.7300,397000,2671992.0000,3
2025-12-02,20251202131000000,sh.600864,6.7300,6.7400,6.7200,6.7300,218200,1468420.0000,3
2025-12-02,20251202131500000,sh.600864,6.7300,6.7400,6.7300,6.7300,134800,907284.0000,3
2025-12-02,20251202132000000,sh.600864,6.7400,6.7400,6.7300,6.7400,225300,1518148.0000,3
2025-12-02,20251202132500000,sh.600864,6.7400,6.7500,6.7200,6.7300,666800,4486248.0000,3
2025-12-02,20251202133000000,sh.600864,6.7300,6.7500,6.7300,6.7400,102300,689292.0000,3
2025-12-02,20251202133500000,sh.600864,6.7300,6.7500,6.7300,6.7400,125900,848436.0000,3
2025-12-02,20251202134000000,sh.600864,6.7300,6.7500,6.7300,6.7300,236500,1593052.0000,3
2025-12-02,20251202134500000,sh.600864,6.7400,6.7500,6.7300,6.7400,446700,3008104.0000,3
2025-12-02,20251202135000000,sh.600864,6.7500,6.7600,6.7400,6.7500,756200,5100256.0000,3
2025-12-02,20251202135500000,sh.600864,6.7600,6.7600,6.7400,6.7400,350500,2365672.0000,3
2025-12-02,20251202140000000,sh.600864,6.7500,6.7500,6.7400,6.7400,88200,595152.0000,3
2025-12-02,20251202140500000,sh.600864,6.7400,6.7500,6.7400,6.7500,36400,245360.0000,3
2025-12-02,20251202141000000,sh.600864,6.7500,6.7500,6.7400,6.7400,29200,197008.0000,3
2025-12-02,20251202141500000,sh.600864,6.7500,6.7500,6.7300,6.7400,241600,1628680.0000,3
2025-12-02,20251202142000000,sh.600864,6.7400,6.7500,6.7300,6.7400,451100,3038336.0000,3
2025-12-02,20251202142500000,sh.600864,6.7300,6.7500,6.7300,6.7300,306000,2062448.0000,3
2025-12-02,20251202143000000,sh.600864,6.7300,6.7300,6.7200,6.7300,357500,2405344.0000,3
2025-12-02,20251202143500000,sh.600864,6.7200,6.7400,6.7200,6.7300,441400,2970616.0000,3
2025-12-02,20251202144000000,sh.600864,6.7300,6.7300,6.7200,6.7200,169300,1138472.0000,3
2025-12-02,20251202144500000,sh.600864,6.7200,6.7300,6.7200,6.7200,907400,6098176.0000,3
2025-12-02,20251202145000000,sh.600864,6.7300,6.7300,6.7200,6.7200,87200,586560.0000,3
2025-12-02,20251202145500000,sh.600864,6.7300,6.7300,6.7200,6.7200,587200,3947488.0000,3
2025-12-02,20251202150000000,sh.600864,6.7200,6.7300,6.7200,6.7200,374000,2514240.0000,3
2025-12-03,20251203093500000,sh.600864,6.7400,6.7600,6.7400,6.7500,1135000,7658902.0000,3
2025-12-03,20251203094000000,sh.600864,6.7500,6.7600,6.7200,6.7200,517300,3487998.0000,3
2025-12-03,20251203094500000,sh.600864,6.7200,6.7400,6.7200,6.7300,298200,2006264.0000,3
2025-12-03,20251203095000000,sh.600864,6.7300,6.7300,6.7100,6.7200,616200,4140284.0000,3
2025-12-03,20251203095500000,sh.600864,6.7200,6.7300,6.7100,6.7200,430600,2890194.0000,3
2025-12-03,20251203100000000,sh.600864,6.7200,6.7200,6.7000,6.7000,443500,2975348.0000,3
2025-12-03,20251203100500000,sh.600864,6.7100,6.7100,6.6900,6.6900,839400,5623060.0000,3
2025-12-03,20251203101000000,sh.600864,6.6900,6.7000,6.6800,6.6900,568500,3802680.0000,3
2025-12-03,20251203101500000,sh.600864,6.6900,6.7000,6.6800,6.6900,261800,1751598.0000,3
2025-12-03,20251203102000000,sh.600864,6.7000,6.7100,6.6900,6.7000,273600,1832992.0000,3
2025-12-03,20251203102500000,sh.600864,6.7000,6.7100,6.6900,6.6900,404900,2711336.0000,3
2025-12-03,20251203103000000,sh.600864,6.6900,6.6900,6.6700,6.6700,804100,5371132.0000,3
2025-12-03,20251203103500000,sh.600864,6.6800,6.6900,6.6700,6.6700,747400,4984708.0000,3
2025-12-03,20251203104000000,sh.600864,6.6700,6.6800,6.6600,6.6800,400900,2674848.0000,3
2025-12-03,20251203104500000,sh.600864,6.6800,6.6900,6.6700,6.6900,318500,2127472.0000,3
2025-12-03,20251203105000000,sh.600864,6.6900,6.7000,6.6800,6.6900,88600,592740.0000,3
2025-12-03,20251203105500000,sh.600864,6.7000,6.7000,6.6900,6.7000,108200,724500.0000,3
2025-12-03,20251203110000000,sh.600864,6.7000,6.7100,6.6900,6.7000,348700,2335456.0000,3
2025-12-03,20251203110500000,sh.600864,6.7000,6.7000,6.6900,6.7000,90200,603916.0000,3
2025-12-03,20251203111000000,sh.600864,6.6900,6.7000,6.6900,6.6900,76200,509624.0000,3
2025-12-03,20251203111500000,sh.600864,6.6900,6.7000,6.6800,6.6900,115400,772116.0000,3
2025-12-03,20251203112000000,sh.600864,6.6900,6.7000,6.6900,6.7000,247600,1656488.0000,3
2025-12-03,20251203112500000,sh.600864,6.6900,6.7000,6.6800,6.7000,215400,1441180.0000,3
2025-12-03,20251203113000000,sh.600864,6.7000,6.7000,6.6900,6.6900,153900,1030880.0000,3
2025-12-03,20251203130500000,sh.600864,6.7000,6.7100,6.6900,6.7000,242400,1623176.0000,3
2025-12-03,20251203131000000,sh.600864,6.6900,6.7000,6.6900,6.7000,91300,611452.0000,3
2025-12-03,20251203131500000,sh.600864,6.7000,6.7100,6.6900,6.7100,104700,701580.0000,3
2025-12-03,20251203132000000,sh.600864,6.7000,6.7100,6.7000,6.7000,68500,459068.0000,3
2025-12-03,20251203132500000,sh.600864,6.7000,6.7100,6.7000,6.7000,133600,895216.0000,3
2025-12-03,20251203133000000,sh.600864,6.7100,6.7100,6.7000,6.7000,115900,776672.0000,3
2025-12-03,20251203133500000,sh.600864,6.7100,6.7100,6.6900,6.7000,362100,2424096.0000,3
2025-12-03,20251203134000000,sh.600864,6.6900,6.7000,6.6900,6.7000,273200,1827808.0000,3
2025-12-03,20251203134500000,sh.600864,6.6900,6.7000,6.6800,6.6900,149100,996912.0000,3
2025-12-03,20251203135000000,sh.600864,6.6900,6.6900,6.6800,6.6900,91900,614072.0000,3
2025-12-03,20251203135500000,sh.600864,6.6800,6.6900,6.6700,6.6700,190200,1270088.0000,3
2025-12-03,20251203140000000,sh.600864,6.6700,6.6800,6.6600,6.6700,482900,3219848.0000,3
2025-12-03,20251203140500000,sh.600864,6.6700,6.6800,6.6600,6.6700,236200,1574832.0000,3
2025-12-03,20251203141000000,sh.600864,6.6600,6.6700,6.6600,6.6600,354900,2364352.0000,3
2025-12-03,20251203141500000,sh.600864,6.6700,6.6800,6.6600,6.6700,382000,2546064.0000,3
2025-12-03,20251203142000000,sh.600864,6.6700,6.6700,6.6600,6.6600,525200,3499440.0000,3
2025-12-03,20251203142500000,sh.600864,6.6600,6.6700,6.6500,6.6600,395100,2631536.0000,3
2025-12-03,20251203143000000,sh.600864,6.6600,6.6700,6.6600,6.6700,152500,1016464.0000,3
2025-12-03,20251203143500000,sh.600864,6.6700,6.6800,6.6600,6.6800,592700,3954472.0000,3
2025-12-03,20251203144000000,sh.600864,6.6800,6.6900,6.6700,6.6800,134000,895640.0000,3
2025-12-03,20251203144500000,sh.600864,6.6800,6.6900,6.6800,6.6800,262000,1752256.0000,3
2025-12-03,20251203145000000,sh.600864,6.6900,6.6900,6.6800,6.6800,317300,2122504.0000,3
2025-12-03,20251203145500000,sh.600864,6.6900,6.6900,6.6800,6.6900,286200,1913944.0000,3
2025-12-03,20251203150000000,sh.600864,6.6800,6.6900,6.6800,6.6800,260600,1741600.0000,3
2025-12-04,20251204093500000,sh.600864,6.6800,6.7000,6.6700,6.6900,320100,2139987.0000,3
2025-12-04,20251204094000000,sh.600864,6.6900,6.6900,6.6700,6.6800,297400,1986880.0000,3
2025-12-04,20251204094500000,sh.600864,6.6800,6.6800,6.6600,6.6700,476200,3177592.0000,3
2025-12-04,20251204095000000,sh.600864,6.6700,6.6700,6.6600,6.6600,259400,1729528.0000,3
2025-12-04,20251204095500000,sh.600864,6.6700,6.6700,6.6400,6.6400,565800,3764019.0000,3
2025-12-04,20251204100000000,sh.600864,6.6500,6.6600,6.6400,6.6600,637900,4240280.0000,3
2025-12-04,20251204100500000,sh.600864,6.6600,6.6800,6.6500,6.6800,558900,3723806.0000,3
2025-12-04,20251204101000000,sh.600864,6.6800,6.6800,6.6600,6.6700,272700,1818500.0000,3
2025-12-04,20251204101500000,sh.600864,6.6600,6.7000,6.6600,6.6800,1042400,6970576.0000,3
2025-12-04,20251204102000000,sh.600864,6.6900,6.6900,6.6600,6.6700,458000,3056904.0000,3
2025-12-04,20251204102500000,sh.600864,6.6600,6.6900,6.6600,6.6900,235800,1573888.0000,3
2025-12-04,20251204103000000,sh.600864,6.6900,6.7000,6.6900,6.6900,365600,2446380.0000,3
2025-12-04,20251204103500000,sh.600864,6.6900,6.7100,6.6900,6.7100,528700,3543144.0000,3
2025-12-04,20251204104000000,sh.600864,6.7100,6.7100,6.6900,6.6900,252700,1692460.0000,3
2025-12-04,20251204104500000,sh.600864,6.6900,6.6900,6.6800,6.6900,174000,1164016.0000,3
2025-12-04,20251204105000000,sh.600864,6.6900,6.7100,6.6800,6.7100,396300,2652736.0000,3
2025-12-04,20251204105500000,sh.600864,6.7000,6.7100,6.7000,6.7100,294700,1977360.0000,3
2025-12-04,20251204110000000,sh.600864,6.7100,6.7200,6.7000,6.7100,380600,2554620.0000,3
2025-12-04,20251204110500000,sh.600864,6.7100,6.7100,6.7000,6.7000,306000,2050652.0000,3
2025-12-04,20251204111000000,sh.600864,6.7000,6.7100,6.6900,6.7000,103000,689832.0000,3
2025-12-04,20251204111500000,sh.600864,6.7000,6.7000,6.6900,6.6900,90700,607636.0000,3
2025-12-04,20251204112000000,sh.600864,6.7000,6.7100,6.6900,6.7000,149700,1002988.0000,3
2025-12-04,20251204112500000,sh.600864,6.7000,6.7100,6.6900,6.7000,43000,288080.0000,3
2025-12-04,20251204113000000,sh.600864,6.6900,6.7100,6.6900,6.7100,168500,1129544.0000,3
2025-12-04,20251204130500000,sh.600864,6.7100,6.7100,6.6900,6.6900,185200,1241440.0000,3
2025-12-04,20251204131000000,sh.600864,6.6900,6.7000,6.6900,6.6900,179100,1198372.0000,3
2025-12-04,20251204131500000,sh.600864,6.6900,6.7000,6.6800,6.6800,230400,1541420.0000,3
2025-12-04,20251204132000000,sh.600864,6.6900,6.6900,6.6800,6.6800,50700,338776.0000,3
2025-12-04,20251204132500000,sh.600864,6.6800,6.6900,6.6800,6.6800,79600,531932.0000,3
2025-12-04,20251204133000000,sh.600864,6.6900,6.7000,6.6800,6.6900,196700,1315892.0000,3
2025-12-04,20251204133500000,sh.600864,6.7000,6.7000,6.6800,6.6900,164700,1101936.0000,3
2025-12-04,20251204134000000,sh.600864,6.6900,6.7000,6.6800,6.6900,68900,460952.0000,3
2025-12-04,20251204134500000,sh.600864,6.6900,6.7000,6.6800,6.6800,101000,675708.0000,3
2025-12-04,20251204135000000,sh.600864,6.6900,6.7000,6.6800,6.6900,51400,343880.0000,3
2025-12-04,20251204135500000,sh.600864,6.6900,6.7000,6.6800,6.7000,119000,796184.0000,3
2025-12-04,20251204140000000,sh.600864,6.6900,6.7000,6.6800,6.6800,153600,1027420.0000,3
2025-12-04,20251204140500000,sh.600864,6.6800,6.6900,6.6800,6.6900,108000,722404.0000,3
2025-12-04,20251204141000000,sh.600864,6.6900,6.7000,6.6800,6.6900,442400,2959728.0000,3
2025-12-04,20251204141500000,sh.600864,6.7000,6.7000,6.6900,6.6900,242400,1624168.0000,3
2025-12-04,20251204142000000,sh.600864,6.6900,6.7000,6.6900,6.7000,170700,1142184.0000,3
2025-12-04,20251204142500000,sh.600864,6.7000,6.7000,6.6900,6.6900,115300,771600.0000,3
2025-12-04,20251204143000000,sh.600864,6.6900,6.7000,6.6900,6.7000,46200,309312.0000,3
2025-12-04,20251204143500000,sh.600864,6.7000,6.7000,6.6900,6.7000,217800,1458928.0000,3
2025-12-04,20251204144000000,sh.600864,6.7000,6.7000,6.6900,6.6900,108700,727680.0000,3
2025-12-04,20251204144500000,sh.600864,6.6900,6.7000,6.6900,6.7000,160900,1076848.0000,3
2025-12-04,20251204145000000,sh.600864,6.7000,6.7000,6.6900,6.6900,398500,2668224.0000,3
2025-12-04,20251204145500000,sh.600864,6.7000,6.7000,6.6800,6.6900,460600,3082296.0000,3
2025-12-04,20251204150000000,sh.600864,6.7000,6.7000,6.6900,6.7000,276900,1854848.0000,3
2025-12-05,20251205093500000,sh.600864,6.6900,6.7000,6.6800,6.6900,664300,4445163.0000,3
2025-12-05,20251205094000000,sh.600864,6.6900,6.7200,6.6800,6.7000,727300,4874414.0000,3
2025-12-05,20251205094500000,sh.600864,6.7000,6.7100,6.6800,6.6800,364100,2437054.0000,3
2025-12-05,20251205095000000,sh.600864,6.6800,6.6900,6.6800,6.6800,244700,1634851.0000,3
2025-12-05,20251205095500000,sh.600864,6.6800,6.7000,6.6800,6.6900,367700,2458255.0000,3
2025-12-05,20251205100000000,sh.600864,6.6800,6.7000,6.6700,6.7000,377300,2521359.0000,3
2025-12-05,20251205100500000,sh.600864,6.7000,6.7100,6.6900,6.7000,239200,1603020.0000,3
2025-12-05,20251205101000000,sh.600864,6.7100,6.7100,6.6900,6.6900,246000,1647924.0000,3
2025-12-05,20251205101500000,sh.600864,6.6900,6.7000,6.6800,6.6900,129200,864236.0000,3
2025-12-05,20251205102000000,sh.600864,6.6900,6.6900,6.6800,6.6800,152800,1020928.0000,3
2025-12-05,20251205102500000,sh.600864,6.6800,6.6900,6.6700,6.6900,231300,1545096.0000,3
2025-12-05,20251205103000000,sh.600864,6.6900,6.6900,6.6800,6.6800,115600,772272.0000,3
2025-12-05,20251205103500000,sh.600864,6.6900,6.6900,6.6800,6.6800,156600,1046312.0000,3
2025-12-05,20251205104000000,sh.600864,6.6700,6.6900,6.6700,6.6900,241800,1615264.0000,3
2025-12-05,20251205104500000,sh.600864,6.6800,6.6800,6.6700,6.6800,154000,1028628.0000,3
2025-12-05,20251205105000000,sh.600864,6.6900,6.6900,6.6800,6.6800,242900,1623408.0000,3
2025-12-05,20251205105500000,sh.600864,6.6900,6.6900,6.6800,6.6900,107100,716088.0000,3
2025-12-05,20251205110000000,sh.600864,6.6900,6.6900,6.6800,6.6800,132800,887870.0000,3
2025-12-05,20251205110500000,sh.600864,6.6900,6.6900,6.6800,6.6900,321600,2150382.0000,3
2025-12-05,20251205111000000,sh.600864,6.6900,6.6900,6.6800,6.6800,153900,1029392.0000,3
2025-12-05,20251205111500000,sh.600864,6.6900,6.7000,6.6800,6.7000,127300,851604.0000,3
2025-12-05,20251205112000000,sh.600864,6.7000,6.7100,6.7000,6.7000,533500,3576880.0000,3
2025-12-05,20251205112500000,sh.600864,6.7100,6.7100,6.7000,6.7000,93700,628500.0000,3
2025-12-05,20251205113000000,sh.600864,6.7100,6.7100,6.6900,6.7000,271500,1819104.0000,3
2025-12-05,20251205130500000,sh.600864,6.6900,6.7000,6.6800,6.6800,315300,2109304.0000,3
2025-12-05,20251205131000000,sh.600864,6.6900,6.6900,6.6800,6.6800,106200,710248.0000,3
2025-12-05,20251205131500000,sh.600864,6.6800,6.6900,6.6800,6.6800,33700,225336.0000,3
2025-12-05,20251205132000000,sh.600864,6.6900,6.7000,6.6800,6.6900,225700,1509728.0000,3
2025-12-05,20251205132500000,sh.600864,6.7000,6.7000,6.6800,6.6900,204300,1366776.0000,3
2025-12-05,20251205133000000,sh.600864,6.6900,6.7000,6.6800,6.6900,230900,1544932.0000,3
2025-12-05,20251205133500000,sh.600864,6.7000,6.7200,6.6900,6.7200,1341600,8998932.0000,3
2025-12-05,20251205134000000,sh.600864,6.7200,6.7600,6.7200,6.7600,1539700,10374284.0000,3
2025-12-05,20251205134500000,sh.600864,6.7500,6.8100,6.7500,6.8000,3880000,26363792.0000,3
2025-12-05,20251205135000000,sh.600864,6.7900,6.8400,6.7900,6.8200,3313200,22595400.0000,3
2025-12-05,20251205135500000,sh.600864,6.8300,6.8600,6.8100,6.8600,3186900,21774008.0000,3
2025-12-05,20251205140000000,sh.600864,6.8500,6.9000,6.8500,6.8900,5461800,37597888.0000,3
2025-12-05,20251205140500000,sh.600864,6.8800,6.8900,6.8500,6.8700,2914800,20031520.0000,3
2025-12-05,20251205141000000,sh.600864,6.8800,6.9000,6.8700,6.9000,1927000,13265296.0000,3
2025-12-05,20251205141500000,sh.600864,6.9000,6.9000,6.8700,6.8800,1739300,11971616.0000,3
2025-12-05,20251205142000000,sh.600864,6.8800,6.8900,6.8600,6.8700,870900,5986448.0000,3
2025-12-05,20251205142500000,sh.600864,6.8800,6.8900,6.8600,6.8900,956300,6576128.0000,3
2025-12-05,20251205143000000,sh.600864,6.8800,6.8900,6.8700,6.8700,508300,3497408.0000,3
2025-12-05,20251205143500000,sh.600864,6.8800,6.8800,6.8600,6.8700,629800,4326224.0000,3
2025-12-05,20251205144000000,sh.600864,6.8700,6.8700,6.8600,6.8700,526000,3610464.0000,3
2025-12-05,20251205144500000,sh.600864,6.8700,6.8700,6.8600,6.8600,699800,4801168.0000,3
2025-12-05,20251205145000000,sh.600864,6.8600,6.8700,6.8600,6.8700,602500,4135504.0000,3
2025-12-05,20251205145500000,sh.600864,6.8600,6.8800,6.8600,6.8700,1206900,8290192.0000,3
2025-12-05,20251205150000000,sh.600864,6.8700,6.8800,6.8600,6.8700,1247100,8570192.0000,3
2025-12-08,20251208093500000,sh.600864,6.9700,7.0100,6.9200,7.0100,9145400,63756476.0000,3
2025-12-08,20251208094000000,sh.600864,7.0200,7.0400,6.9800,7.0000,4155600,29124612.0000,3
2025-12-08,20251208094500000,sh.600864,7.0100,7.0400,7.0000,7.0100,3939000,27672736.0000,3
2025-12-08,20251208095000000,sh.600864,7.0200,7.0200,6.9600,6.9700,3276700,22927712.0000,3
2025-12-08,20251208095500000,sh.600864,6.9700,6.9800,6.9600,6.9600,1409300,9822256.0000,3
2025-12-08,20251208100000000,sh.600864,6.9600,6.9800,6.9500,6.9600,1648800,11474208.0000,3
2025-12-08,20251208100500000,sh.600864,6.9700,6.9700,6.9500,6.9700,867100,6038400.0000,3
2025-12-08,20251208101000000,sh.600864,6.9600,6.9800,6.9500,6.9800,884200,6157744.0000,3
2025-12-08,20251208101500000,sh.600864,6.9800,6.9800,6.9600,6.9800,909500,6341712.0000,3
2025-12-08,20251208102000000,sh.600864,6.9700,7.0100,6.9700,7.0100,1010300,7069504.0000,3
2025-12-08,20251208102500000,sh.600864,7.0100,7.0100,6.9900,7.0100,935100,6544992.0000,3
2025-12-08,20251208103000000,sh.600864,7.0100,7.0100,6.9800,6.9900,659400,4615824.0000,3
2025-12-08,20251208103500000,sh.600864,6.9900,6.9900,6.9700,6.9800,525700,3671520.0000,3
2025-12-08,20251208104000000,sh.600864,6.9800,6.9900,6.9700,6.9800,344800,2406896.0000,3
2025-12-08,20251208104500000,sh.600864,6.9900,6.9900,6.9700,6.9800,530800,3702672.0000,3
2025-12-08,20251208105000000,sh.600864,6.9800,6.9900,6.9700,6.9800,603000,4207536.0000,3
2025-12-08,20251208105500000,sh.600864,6.9800,6.9900,6.9800,6.9800,249300,1741248.0000,3
2025-12-08,20251208110000000,sh.600864,6.9900,6.9900,6.9800,6.9800,514700,3597216.0000,3
2025-12-08,20251208110500000,sh.600864,6.9900,6.9900,6.9700,6.9800,361000,2519856.0000,3
2025-12-08,20251208111000000,sh.600864,6.9700,6.9800,6.9600,6.9600,518700,3616864.0000,3
2025-12-08,20251208111500000,sh.600864,6.9600,6.9700,6.9600,6.9700,449700,3130304.0000,3
2025-12-08,20251208112000000,sh.600864,6.9600,6.9700,6.9600,6.9700,230400,1605024.0000,3
2025-12-08,20251208112500000,sh.600864,6.9800,6.9900,6.9700,6.9800,481100,3355376.0000,3
2025-12-08,20251208113000000,sh.600864,6.9700,6.9800,6.9600,6.9700,194400,1355024.0000,3
2025-12-08,20251208130500000,sh.600864,6.9800,6.9800,6.9600,6.9600,380600,2651936.0000,3
2025-12-08,20251208131000000,sh.600864,6.9600,6.9800,6.9600,6.9700,399100,2779872.0000,3
2025-12-08,20251208131500000,sh.600864,6.9700,6.9800,6.9600,6.9700,258000,1798224.0000,3
2025-12-08,20251208132000000,sh.600864,6.9700,6.9700,6.9500,6.9600,461300,3210848.0000,3
2025-12-08,20251208132500000,sh.600864,6.9700,6.9800,6.9600,6.9700,442900,3085104.0000,3
2025-12-08,20251208133000000,sh.600864,6.9600,6.9800,6.9600,6.9700,174200,1214256.0000,3
2025-12-08,20251208133500000,sh.600864,6.9700,6.9800,6.9700,6.9800,394100,2748256.0000,3
2025-12-08,20251208134000000,sh.600864,6.9700,6.9800,6.9600,6.9800,179900,1254368.0000,3
2025-12-08,20251208134500000,sh.600864,6.9700,6.9800,6.9700,6.9700,113000,787920.0000,3
2025-12-08,20251208135000000,sh.600864,6.9700,6.9800,6.9600,6.9600,208900,1456064.0000,3
2025-12-08,20251208135500000,sh.600864,6.9700,6.9700,6.9600,6.9700,411700,2867184.0000,3
2025-12-08,20251208140000000,sh.600864,6.9700,6.9700,6.9500,6.9500,507400,3529952.0000,3
2025-12-08,20251208140500000,sh.600864,6.9500,6.9600,6.9400,6.9400,850000,5907888.0000,3
2025-12-08,20251208141000000,sh.600864,6.9400,6.9500,6.9300,6.9300,551800,3828512.0000,3
2025-12-08,20251208141500000,sh.600864,6.9300,6.9500,6.9300,6.9300,702100,4868768.0000,3
2025-12-08,20251208142000000,sh.600864,6.9200,6.9300,6.9100,6.9200,1003100,6942432.0000,3
2025-12-08,20251208142500000,sh.600864,6.9300,6.9300,6.9200,6.9300,266200,1842944.0000,3
2025-12-08,20251208143000000,sh.600864,6.9200,6.9300,6.9200,6.9200,373700,2586720.0000,3
2025-12-08,20251208143500000,sh.600864,6.9300,6.9300,6.9200,6.9200,412600,2856288.0000,3
2025-12-08,20251208144000000,sh.600864,6.9200,6.9400,6.9200,6.9300,571200,3957792.0000,3
2025-12-08,20251208144500000,sh.600864,6.9300,6.9300,6.9100,6.9100,445000,3079360.0000,3
2025-12-08,20251208145000000,sh.600864,6.9200,6.9200,6.9100,6.9100,1070500,7403264.0000,3
2025-12-08,20251208145500000,sh.600864,6.9200,6.9200,6.9000,6.9100,759000,5244544.0000,3
2025-12-08,20251208150000000,sh.600864,6.9100,6.9100,6.8900,6.8900,1188700,8200768.0000,3
2025-12-09,20251209093500000,sh.600864,6.8500,6.8700,6.8300,6.8500,2636100,18052682.0000,3
2025-12-09,20251209094000000,sh.600864,6.8400,6.9000,6.8400,6.8800,1601100,10983782.0000,3
2025-12-09,20251209094500000,sh.600864,6.8900,6.9000,6.8800,6.8900,996700,6873620.0000,3
2025-12-09,20251209095000000,sh.600864,6.9000,6.9100,6.8900,6.8900,1002800,6923700.0000,3
2025-12-09,20251209095500000,sh.600864,6.9000,6.9100,6.8800,6.9100,617500,4257092.0000,3
2025-12-09,20251209100000000,sh.600864,6.9100,6.9400,6.9000,6.9300,1059100,7329924.0000,3
2025-12-09,20251209100500000,sh.600864,6.9200,6.9300,6.9100,6.9300,654100,4526720.0000,3
2025-12-09,20251209101000000,sh.600864,6.9200,6.9500,6.9200,6.9500,1083100,7514736.0000,3
2025-12-09,20251209101500000,sh.600864,6.9400,7.0400,6.9300,6.9900,3925800,27421616.0000,3
2025-12-09,20251209102000000,sh.600864,6.9800,7.0000,6.9600,6.9600,1814500,12661552.0000,3
2025-12-09,20251209102500000,sh.600864,6.9600,6.9700,6.9500,6.9600,756500,5264104.0000,3
2025-12-09,20251209103000000,sh.600864,6.9500,6.9600,6.9400,6.9500,334500,2324344.0000,3
2025-12-09,20251209103500000,sh.600864,6.9400,6.9500,6.9400,6.9400,224000,1555560.0000,3
2025-12-09,20251209104000000,sh.600864,6.9400,6.9500,6.9400,6.9500,435300,3023856.0000,3
2025-12-09,20251209104500000,sh.600864,6.9500,6.9500,6.9400,6.9500,234200,1627304.0000,3
2025-12-09,20251209105000000,sh.600864,6.9500,6.9500,6.9300,6.9300,291900,2025520.0000,3
2025-12-09,20251209105500000,sh.600864,6.9400,6.9400,6.9200,6.9300,188800,1308200.0000,3
2025-12-09,20251209110000000,sh.600864,6.9300,6.9500,6.9300,6.9500,317300,2201480.0000,3
2025-12-09,20251209110500000,sh.600864,6.9500,6.9500,6.9400,6.9400,179300,1244448.0000,3
2025-12-09,20251209111000000,sh.600864,6.9400,6.9500,6.9300,6.9400,274300,1902512.0000,3
2025-12-09,20251209111500000,sh.600864,6.9400,6.9400,6.9300,6.9400,104900,727856.0000,3
2025-12-09,20251209112000000,sh.600864,6.9400,6.9400,6.9300,6.9400,58500,405568.0000,3
2025-12-09,20251209112500000,sh.600864,6.9300,6.9400,6.9300,6.9300,242300,1680456.0000,3
2025-12-09,20251209113000000,sh.600864,6.9300,6.9400,6.9300,6.9300,184500,1279736.0000,3
2025-12-09,20251209130500000,sh.600864,6.9300,6.9400,6.9200,6.9300,634200,4395296.0000,3
2025-12-09,20251209131000000,sh.600864,6.9300,6.9300,6.9200,6.9300,145500,1008032.0000,3
2025-12-09,20251209131500000,sh.600864,6.9300,6.9400,6.9300,6.9400,306400,2124672.0000,3
2025-12-09,20251209132000000,sh.600864,6.9300,6.9500,6.9300,6.9400,233300,1619216.0000,3
2025-12-09,20251209132500000,sh.600864,6.9400,6.9500,6.9300,6.9400,265700,1844592.0000,3
2025-12-09,20251209133000000,sh.600864,6.9500,6.9500,6.9300,6.9300,305800,2122416.0000,3
2025-12-09,20251209133500000,sh.600864,6.9300,6.9500,6.9300,6.9500,359200,2492704.0000,3
2025-12-09,20251209134000000,sh.600864,6.9500,6.9500,6.9300,6.9300,121700,844032.0000,3
2025-12-09,20251209134500000,sh.600864,6.9300,6.9400,6.9300,6.9300,132200,916336.0000,3
2025-12-09,20251209135000000,sh.600864,6.9400,6.9400,6.9300,6.9300,611600,4238672.0000,3
2025-12-09,20251209135500000,sh.600864,6.9200,6.9300,6.9100,6.9200,590100,4082272.0000,3
2025-12-09,20251209140000000,sh.600864,6.9200,6.9300,6.9200,6.9300,124700,863008.0000,3
2025-12-09,20251209140500000,sh.600864,6.9200,6.9300,6.9100,6.9300,478000,3308560.0000,3
2025-12-09,20251209141000000,sh.600864,6.9200,6.9400,6.9200,6.9300,284100,1968880.0000,3
2025-12-09,20251209141500000,sh.600864,6.9300,6.9400,6.9200,6.9200,321400,2226128.0000,3
2025-12-09,20251209142000000,sh.600864,6.9200,6.9300,6.9100,6.9100,189600,1311840.0000,3
2025-12-09,20251209142500000,sh.600864,6.9100,6.9300,6.9100,6.9300,488300,3379104.0000,3
2025-12-09,20251209143000000,sh.600864,6.9300,6.9300,6.9200,6.9200,219400,1519328.0000,3
2025-12-09,20251209143500000,sh.600864,6.9200,6.9300,6.9200,6.9200,219200,1517888.0000,3
2025-12-09,20251209144000000,sh.600864,6.9200,6.9300,6.9200,6.9300,131900,913664.0000,3
2025-12-09,20251209144500000,sh.600864,6.9200,6.9300,6.9100,6.9200,1022200,7072832.0000,3
2025-12-09,20251209145000000,sh.600864,6.9200,6.9300,6.9100,6.9300,525000,3635152.0000,3
2025-12-09,20251209145500000,sh.600864,6.9300,6.9400,6.9200,6.9300,1212200,8401536.0000,3
2025-12-09,20251209150000000,sh.600864,6.9300,6.9300,6.9200,6.9200,498000,3447488.0000,3
2025-12-10,20251210093500000,sh.600864,6.9200,6.9400,6.8600,6.8700,1553900,10698611.0000,3
2025-12-10,20251210094000000,sh.600864,6.8700,6.8900,6.8500,6.8800,990400,6800257.0000,3
2025-12-10,20251210094500000,sh.600864,6.8700,6.9000,6.8700,6.8700,700000,4817316.0000,3
2025-12-10,20251210095000000,sh.600864,6.8700,6.9000,6.8700,6.8900,661300,4550316.0000,3
2025-12-10,20251210095500000,sh.600864,6.8900,6.8900,6.8700,6.8900,466900,3212120.0000,3
2025-12-10,20251210100000000,sh.600864,6.8900,6.9000,6.8800,6.8900,356400,2456394.0000,3
2025-12-10,20251210100500000,sh.600864,6.8800,6.8900,6.8700,6.8900,352100,2423866.0000,3
2025-12-10,20251210101000000,sh.600864,6.8800,6.9000,6.8800,6.9000,340900,2349124.0000,3
2025-12-10,20251210101500000,sh.600864,6.9000,6.9100,6.9000,6.9000,252500,1744008.0000,3
2025-12-10,20251210102000000,sh.600864,6.9000,6.9300,6.9000,6.9200,518600,3586876.0000,3
2025-12-10,20251210102500000,sh.600864,6.9200,6.9300,6.9000,6.9200,430100,2973876.0000,3
2025-12-10,20251210103000000,sh.600864,6.9100,6.9400,6.9100,6.9400,539300,3733900.0000,3
2025-12-10,20251210103500000,sh.600864,6.9300,6.9400,6.9200,6.9200,364700,2527224.0000,3
2025-12-10,20251210104000000,sh.600864,6.9200,6.9400,6.9200,6.9400,496700,3441112.0000,3
2025-12-10,20251210104500000,sh.600864,6.9300,6.9600,6.9300,6.9300,1186700,8244424.0000,3
2025-12-10,20251210105000000,sh.600864,6.9400,6.9400,6.9300,6.9300,189900,1317344.0000,3
2025-12-10,20251210105500000,sh.600864,6.9400,6.9400,6.9300,6.9300,146700,1017352.0000,3
2025-12-10,20251210110000000,sh.600864,6.9300,6.9300,6.9100,6.9100,640900,4439744.0000,3
2025-12-10,20251210110500000,sh.600864,6.9200,6.9300,6.9100,6.9200,158400,1096096.0000,3
2025-12-10,20251210111000000,sh.600864,6.9200,6.9400,6.9200,6.9300,206300,1429568.0000,3
2025-12-10,20251210111500000,sh.600864,6.9300,6.9400,6.9200,6.9200,189900,1316672.0000,3
2025-12-10,20251210112000000,sh.600864,6.9200,6.9300,6.9200,6.9200,76000,526344.0000,3
2025-12-10,20251210112500000,sh.600864,6.9200,6.9300,6.9200,6.9200,109900,761032.0000,3
2025-12-10,20251210113000000,sh.600864,6.9300,6.9300,6.9100,6.9100,127700,883392.0000,3
2025-12-10,20251210130500000,sh.600864,6.9100,6.9300,6.9100,6.9200,290900,2011688.0000,3
2025-12-10,20251210131000000,sh.600864,6.9100,6.9200,6.9100,6.9200,85200,589296.0000,3
2025-12-10,20251210131500000,sh.600864,6.9100,6.9200,6.9100,6.9100,86200,595752.0000,3
2025-12-10,20251210132000000,sh.600864,6.9100,6.9200,6.9100,6.9100,126300,873216.0000,3
2025-12-10,20251210132500000,sh.600864,6.9100,6.9200,6.9100,6.9200,201600,1393272.0000,3
2025-12-10,20251210133000000,sh.600864,6.9200,6.9500,6.9100,6.9500,438000,3036896.0000,3
2025-12-10,20251210133500000,sh.600864,6.9500,6.9600,6.9400,6.9600,975700,6783288.0000,3
2025-12-10,20251210134000000,sh.600864,6.9500,6.9700,6.9400,6.9400,871900,6067560.0000,3
2025-12-10,20251210134500000,sh.600864,6.9500,6.9600,6.9400,6.9600,400700,2785864.0000,3
2025-12-10,20251210135000000,sh.600864,6.9600,6.9700,6.9500,6.9500,778100,5416936.0000,3
2025-12-10,20251210135500000,sh.600864,6.9500,6.9600,6.9400,6.9500,116600,810328.0000,3
2025-12-10,20251210140000000,sh.600864,6.9500,6.9600,6.9400,6.9500,193400,1344120.0000,3
2025-12-10,20251210140500000,sh.600864,6.9500,6.9600,6.9400,6.9600,225000,1563808.0000,3
2025-12-10,20251210141000000,sh.600864,6.9600,6.9700,6.9500,6.9700,560700,3904832.0000,3
2025-12-10,20251210141500000,sh.600864,6.9600,6.9700,6.9600,6.9700,262500,1827608.0000,3
2025-12-10,20251210142000000,sh.600864,6.9700,6.9700,6.9500,6.9600,446400,3106256.0000,3
2025-12-10,20251210142500000,sh.600864,6.9600,6.9700,6.9500,6.9600,229700,1598672.0000,3
2025-12-10,20251210143000000,sh.600864,6.9600,6.9600,6.9500,6.9500,270400,1880768.0000,3
2025-12-10,20251210143500000,sh.600864,6.9600,6.9700,6.9500,6.9600,846700,5897000.0000,3
2025-12-10,20251210144000000,sh.600864,6.9600,6.9700,6.9600,6.9700,333400,2321280.0000,3
2025-12-10,20251210144500000,sh.600864,6.9700,6.9900,6.9600,6.9800,1449900,10110656.0000,3
2025-12-10,20251210145000000,sh.600864,6.9700,6.9800,6.9600,6.9600,485600,3385600.0000,3
2025-12-10,20251210145500000,sh.600864,6.9600,6.9600,6.9500,6.9500,1209800,8415744.0000,3
2025-12-10,20251210150000000,sh.600864,6.9500,6.9600,6.9500,6.9600,314100,2185184.0000,3
2025-12-11,20251211093500000,sh.600864,6.9500,6.9700,6.9100,6.9100,1076900,7467443.0000,3
2025-12-11,20251211094000000,sh.600864,6.9100,6.9400,6.9100,6.9300,531600,3680059.0000,3
2025-12-11,20251211094500000,sh.600864,6.9200,6.9400,6.9100,6.9100,969800,6710264.0000,3
2025-12-11,20251211095000000,sh.600864,6.9100,6.9100,6.9000,6.9100,688500,4752504.0000,3
2025-12-11,20251211095500000,sh.600864,6.9000,6.9100,6.8900,6.9100,688000,4747084.0000,3
2025-12-11,20251211100000000,sh.600864,6.9000,6.9100,6.8800,6.8900,693700,4781440.0000,3
2025-12-11,20251211100500000,sh.600864,6.8900,6.8900,6.8800,6.8800,550500,3790346.0000,3
2025-12-11,20251211101000000,sh.600864,6.8800,6.8900,6.8800,6.8800,218800,1506632.0000,3
2025-12-11,20251211101500000,sh.600864,6.8900,6.8900,6.8800,6.8800,196300,1351348.0000,3
2025-12-11,20251211102000000,sh.600864,6.8900,6.8900,6.8700,6.8900,827900,5695220.0000,3
2025-12-11,20251211102500000,sh.600864,6.8800,6.9100,6.8800,6.9100,508400,3505136.0000,3
2025-12-11,20251211103000000,sh.600864,6.9100,6.9100,6.8900,6.9000,361300,2493860.0000,3
2025-12-11,20251211103500000,sh.600864,6.9000,6.9100,6.9000,6.9100,329100,2273216.0000,3
2025-12-11,20251211104000000,sh.600864,6.9100,6.9100,6.9000,6.9000,188000,1297388.0000,3
2025-12-11,20251211104500000,sh.600864,6.9000,6.9100,6.8900,6.8900,145400,1003172.0000,3
2025-12-11,20251211105000000,sh.600864,6.8900,6.9000,6.8900,6.8900,80100,552404.0000,3
2025-12-11,20251211105500000,sh.600864,6.8900,6.9000,6.8900,6.9000,147900,1019248.0000,3
2025-12-11,20251211110000000,sh.600864,6.9000,6.9000,6.8800,6.8800,281300,1936900.0000,3
2025-12-11,20251211110500000,sh.600864,6.8800,6.8900,6.8700,6.8900,496200,3414240.0000,3
2025-12-11,20251211111000000,sh.600864,6.8900,6.9000,6.8800,6.8800,161000,1108896.0000,3
2025-12-11,20251211111500000,sh.600864,6.8900,6.8900,6.8800,6.8900,77100,530848.0000,3
2025-12-11,20251211112000000,sh.600864,6.8900,6.8900,6.8800,6.8800,221800,1526268.0000,3
2025-12-11,20251211112500000,sh.600864,6.8800,6.8900,6.8800,6.8800,243500,1675908.0000,3
2025-12-11,20251211113000000,sh.600864,6.8900,6.8900,6.8700,6.8700,264100,1816824.0000,3
2025-12-11,20251211130500000,sh.600864,6.8700,6.8900,6.8700,6.8800,178000,1223680.0000,3
2025-12-11,20251211131000000,sh.600864,6.8800,6.8800,6.8700,6.8700,157700,1084040.0000,3
2025-12-11,20251211131500000,sh.600864,6.8800,6.8800,6.8600,6.8700,518400,3560560.0000,3
2025-12-11,20251211132000000,sh.600864,6.8700,6.8700,6.8600,6.8600,328000,2252112.0000,3
2025-12-11,20251211132500000,sh.600864,6.8700,6.8700,6.8600,6.8600,328600,2254552.0000,3
2025-12-11,20251211133000000,sh.600864,6.8700,6.8700,6.8400,6.8500,894800,6131472.0000,3
2025-12-11,20251211133500000,sh.600864,6.8500,6.8600,6.8400,6.8500,735200,5030720.0000,3
2025-12-11,20251211134000000,sh.600864,6.8600,6.8600,6.8400,6.8400,318300,2180616.0000,3
2025-12-11,20251211134500000,sh.600864,6.8400,6.8500,6.8300,6.8400,748200,5117216.0000,3
2025-12-11,20251211135000000,sh.600864,6.8400,6.8500,6.8300,6.8400,340200,2327272.0000,3
2025-12-11,20251211135500000,sh.600864,6.8400,6.8600,6.8400,6.8600,257400,1763504.0000,3
2025-12-11,20251211140000000,sh.600864,6.8500,6.8600,6.8400,6.8500,214600,1470360.0000,3
2025-12-11,20251211140500000,sh.600864,6.8500,6.8700,6.8400,6.8600,362000,2481072.0000,3
2025-12-11,20251211141000000,sh.600864,6.8600,6.8700,6.8500,6.8600,197600,1354928.0000,3
2025-12-11,20251211141500000,sh.600864,6.8600,6.8600,6.8400,6.8400,214300,1468392.0000,3
2025-12-11,20251211142000000,sh.600864,6.8400,6.8500,6.8300,6.8400,337800,2310392.0000,3
2025-12-11,20251211142500000,sh.600864,6.8400,6.8500,6.8300,6.8400,262100,1792200.0000,3
2025-12-11,20251211143000000,sh.600864,6.8400,6.8400,6.8200,6.8300,622300,4251472.0000,3
2025-12-11,20251211143500000,sh.600864,6.8400,6.8600,6.8300,6.8500,743000,5080280.0000,3
2025-12-11,20251211144000000,sh.600864,6.8600,6.8600,6.8400,6.8500,321600,2202832.0000,3
2025-12-11,20251211144500000,sh.600864,6.8500,6.8500,6.8300,6.8400,462700,3165296.0000,3
2025-12-11,20251211145000000,sh.600864,6.8400,6.8400,6.8200,6.8300,1133200,7737688.0000,3
2025-12-11,20251211145500000,sh.600864,6.8200,6.8300,6.8000,6.8100,1582500,10776976.0000,3
2025-12-11,20251211150000000,sh.600864,6.8100,6.8300,6.8000,6.8000,1158200,7876128.0000,3
2025-12-12,20251212093500000,sh.600864,6.7900,6.8300,6.7900,6.8100,909800,6193503.0000,3
2025-12-12,20251212094000000,sh.600864,6.8200,6.8300,6.8000,6.8100,541600,3690877.0000,3
2025-12-12,20251212094500000,sh.600864,6.8100,6.8100,6.7800,6.8000,738000,5015500.0000,3
2025-12-12,20251212095000000,sh.600864,6.8000,6.8100,6.7900,6.8000,394000,2680896.0000,3
2025-12-12,20251212095500000,sh.600864,6.8100,6.8100,6.7900,6.8100,451600,3071806.0000,3
2025-12-12,20251212100000000,sh.600864,6.8000,6.8200,6.8000,6.8100,340900,2320910.0000,3
2025-12-12,20251212100500000,sh.600864,6.8100,6.8200,6.7900,6.8000,448600,3052374.0000,3
2025-12-12,20251212101000000,sh.600864,6.8000,6.8100,6.7900,6.7900,256800,1746754.0000,3
2025-12-12,20251212101500000,sh.600864,6.8000,6.8200,6.7900,6.8100,395600,2692894.0000,3
2025-12-12,20251212102000000,sh.600864,6.8200,6.8200,6.8000,6.8100,483900,3296450.0000,3
2025-12-12,20251212102500000,sh.600864,6.8000,6.8100,6.7900,6.7900,377600,2567096.0000,3
2025-12-12,20251212103000000,sh.600864,6.8000,6.8100,6.7900,6.8000,493300,3352232.0000,3
2025-12-12,20251212103500000,sh.600864,6.8000,6.8100,6.7900,6.7900,232500,1581068.0000,3
2025-12-12,20251212104000000,sh.600864,6.8000,6.8200,6.7900,6.8200,273400,1860600.0000,3
2025-12-12,20251212104500000,sh.600864,6.8100,6.8300,6.8100,6.8300,425000,2900032.0000,3
2025-12-12,20251212105000000,sh.600864,6.8300,6.8300,6.8200,6.8200,353200,2411872.0000,3
2025-12-12,20251212105500000,sh.600864,6.8200,6.8400,6.8200,6.8200,178900,1221392.0000,3
2025-12-12,20251212110000000,sh.600864,6.8300,6.8300,6.8100,6.8100,253400,1728380.0000,3
2025-12-12,20251212110500000,sh.600864,6.8200,6.8200,6.8100,6.8200,305900,2083816.0000,3
2025-12-12,20251212111000000,sh.600864,6.8100,6.8200,6.8000,6.8000,577400,3928208.0000,3
2025-12-12,20251212111500000,sh.600864,6.8000,6.8100,6.7900,6.8100,300000,2039616.0000,3
2025-12-12,20251212112000000,sh.600864,6.8100,6.8200,6.7900,6.7900,291600,1984312.0000,3
2025-12-12,20251212112500000,sh.600864,6.7900,6.8000,6.7900,6.7900,400400,2720564.0000,3
2025-12-12,20251212113000000,sh.600864,6.8000,6.8000,6.7900,6.7900,189900,1290000.0000,3
2025-12-12,20251212130500000,sh.600864,6.8000,6.8100,6.7900,6.8100,249100,1692944.0000,3
2025-12-12,20251212131000000,sh.600864,6.8000,6.8100,6.8000,6.8000,183400,1247504.0000,3
2025-12-12,20251212131500000,sh.600864,6.8000,6.8100,6.8000,6.8000,137000,931688.0000,3
2025-12-12,20251212132000000,sh.600864,6.8100,6.8100,6.7900,6.8000,501200,3406480.0000,3
2025-12-12,20251212132500000,sh.600864,6.8100,6.8100,6.8000,6.8100,123800,842232.0000,3
2025-12-12,20251212133000000,sh.600864,6.8100,6.8400,6.8000,6.8400,695600,4749088.0000,3
2025-12-12,20251212133500000,sh.600864,6.8400,6.8600,6.8300,6.8500,826500,5662056.0000,3
2025-12-12,20251212134000000,sh.600864,6.8400,6.8500,6.8300,6.8400,394400,2700128.0000,3
2025-12-12,20251212134500000,sh.600864,6.8400,6.8500,6.8300,6.8300,396900,2713856.0000,3
2025-12-12,20251212135000000,sh.600864,6.8400,6.8400,6.8200,6.8300,213800,1460088.0000,3
2025-12-12,20251212135500000,sh.600864,6.8200,6.8300,6.8200,6.8200,105200,718112.0000,3
2025-12-12,20251212140000000,sh.600864,6.8200,6.8300,6.8200,6.8300,318300,2173400.0000,3
2025-12-12,20251212140500000,sh.600864,6.8300,6.8400,6.8200,6.8300,445100,3041488.0000,3
2025-12-12,20251212141000000,sh.600864,6.8200,6.8300,6.8200,6.8300,124300,848064.0000,3
2025-12-12,20251212141500000,sh.600864,6.8200,6.8300,6.8200,6.8300,141700,967096.0000,3
2025-12-12,20251212142000000,sh.600864,6.8300,6.8300,6.8200,6.8300,119500,815424.0000,3
2025-12-12,20251212142500000,sh.600864,6.8200,6.8300,6.8100,6.8200,368000,2509648.0000,3
2025-12-12,20251212143000000,sh.600864,6.8200,6.8200,6.8100,6.8200,153400,1045760.0000,3
2025-12-12,20251212143500000,sh.600864,6.8200,6.8200,6.8100,6.8100,266000,1812248.0000,3
2025-12-12,20251212144000000,sh.600864,6.8100,6.8100,6.8000,6.8100,396200,2696888.0000,3
2025-12-12,20251212144500000,sh.600864,6.8100,6.8100,6.8000,6.8100,370400,2519208.0000,3
2025-12-12,20251212145000000,sh.600864,6.8100,6.8100,6.7900,6.8000,445700,3029880.0000,3
2025-12-12,20251212145500000,sh.600864,6.8000,6.8100,6.7900,6.7900,348900,2372200.0000,3
2025-12-12,20251212150000000,sh.600864,6.8000,6.8100,6.7900,6.8100,833100,5669624.0000,3
2025-12-15,20251215093500000,sh.600864,6.7400,6.7700,6.7300,6.7400,1089900,7352021.0000,3
2025-12-15,20251215094000000,sh.600864,6.7400,6.7600,6.7400,6.7500,1407200,9492043.0000,3
2025-12-15,20251215094500000,sh.600864,6.7500,6.7800,6.7400,6.7700,1036400,6998964.0000,3
2025-12-15,20251215095000000,sh.600864,6.7700,6.8000,6.7700,6.8000,637300,4323356.0000,3
2025-12-15,20251215095500000,sh.600864,6.8000,6.8100,6.7900,6.8100,348100,2369024.0000,3
2025-12-15,20251215100000000,sh.600864,6.8000,6.8300,6.7900,6.8200,986400,6716944.0000,3
2025-12-15,20251215100500000,sh.600864,6.8200,6.8300,6.8100,6.8200,667700,4552784.0000,3
2025-12-15,20251215101000000,sh.600864,6.8200,6.8300,6.8100,6.8200,353100,2408152.0000,3
2025-12-15,20251215101500000,sh.600864,6.8100,6.8200,6.8000,6.8000,328700,2238456.0000,3
2025-12-15,20251215102000000,sh.600864,6.8000,6.8200,6.8000,6.8100,234100,1593500.0000,3
2025-12-15,20251215102500000,sh.600864,6.8100,6.8100,6.8000,6.8000,227700,1548964.0000,3
2025-12-15,20251215103000000,sh.600864,6.8000,6.8300,6.8000,6.8300,702500,4792308.0000,3
2025-12-15,20251215103500000,sh.600864,6.8300,6.8400,6.8200,6.8400,265900,1817288.0000,3
2025-12-15,20251215104000000,sh.600864,6.8300,6.8500,6.8300,6.8500,306500,2095880.0000,3
2025-12-15,20251215104500000,sh.600864,6.8500,6.8600,6.8400,6.8600,684100,4686704.0000,3
2025-12-15,20251215105000000,sh.600864,6.8600,6.8700,6.8500,6.8600,611700,4198644.0000,3
2025-12-15,20251215105500000,sh.600864,6.8700,6.8700,6.8400,6.8500,677200,4643336.0000,3
2025-12-15,20251215110000000,sh.600864,6.8500,6.8500,6.8400,6.8500,181000,1238784.0000,3
2025-12-15,20251215110500000,sh.600864,6.8400,6.8500,6.8400,6.8500,158800,1086560.0000,3
2025-12-15,20251215111000000,sh.600864,6.8400,6.8500,6.8300,6.8400,175700,1201440.0000,3
2025-12-15,20251215111500000,sh.600864,6.8400,6.8400,6.8200,6.8200,355700,2431104.0000,3
2025-12-15,20251215112000000,sh.600864,6.8200,6.8400,6.8200,6.8300,170000,1160776.0000,3
2025-12-15,20251215112500000,sh.600864,6.8200,6.8400,6.8200,6.8300,71700,489312.0000,3
2025-12-15,20251215113000000,sh.600864,6.8300,6.8300,6.8200,6.8200,148400,1013112.0000,3
2025-12-15,20251215130500000,sh.600864,6.8200,6.8400,6.8100,6.8200,466300,3183472.0000,3
2025-12-15,20251215131000000,sh.600864,6.8200,6.8300,6.8200,6.8300,134500,918832.0000,3
2025-12-15,20251215131500000,sh.600864,6.8300,6.8400,6.8300,6.8300,53800,367488.0000,3
2025-12-15,20251215132000000,sh.600864,6.8300,6.8300,6.8100,6.8100,393000,2679104.0000,3
2025-12-15,20251215132500000,sh.600864,6.8200,6.8200,6.8000,6.8000,123000,836768.0000,3
2025-12-15,20251215133000000,sh.600864,6.8000,6.8100,6.8000,6.8000,148500,1009944.0000,3
2025-12-15,20251215133500000,sh.600864,6.8000,6.8100,6.7900,6.8000,175800,1195480.0000,3
2025-12-15,20251215134000000,sh.600864,6.7900,6.8100,6.7900,6.8000,110000,748048.0000,3
2025-12-15,20251215134500000,sh.600864,6.8100,6.8100,6.8000,6.8100,96900,659016.0000,3
2025-12-15,20251215135000000,sh.600864,6.8100,6.8200,6.8000,6.8200,199000,1355120.0000,3
2025-12-15,20251215135500000,sh.600864,6.8100,6.8200,6.8100,6.8100,136700,932064.0000,3
2025-12-15,20251215140000000,sh.600864,6.8200,6.8200,6.8100,6.8100,46900,319592.0000,3
2025-12-15,20251215140500000,sh.600864,6.8100,6.8200,6.8100,6.8100,135200,921496.0000,3
2025-12-15,20251215141000000,sh.600864,6.8100,6.8100,6.8000,6.8000,238100,1620616.0000,3
2025-12-15,20251215141500000,sh.600864,6.8000,6.8100,6.7900,6.7900,261300,1776424.0000,3
2025-12-15,20251215142000000,sh.600864,6.7900,6.8000,6.7900,6.8000,140300,953072.0000,3
2025-12-15,20251215142500000,sh.600864,6.8000,6.8100,6.8000,6.8100,280000,1904464.0000,3
2025-12-15,20251215143000000,sh.600864,6.8100,6.8100,6.8000,6.8100,56800,386376.0000,3
2025-12-15,20251215143500000,sh.600864,6.8000,6.8100,6.7900,6.8000,233400,1587168.0000,3
2025-12-15,20251215144000000,sh.600864,6.8000,6.8100,6.7900,6.8000,139700,948912.0000,3
2025-12-15,20251215144500000,sh.600864,6.7900,6.8000,6.7900,6.8000,269900,1834808.0000,3
2025-12-15,20251215145000000,sh.600864,6.7900,6.8100,6.7900,6.8000,372400,2533024.0000,3
2025-12-15,20251215145500000,sh.600864,6.8100,6.8100,6.7900,6.8000,438000,2978200.0000,3
2025-12-15,20251215150000000,sh.600864,6.8000,6.8000,6.7900,6.7900,420400,2855120.0000,3
2025-12-16,20251216093500000,sh.600864,6.8000,6.8000,6.7600,6.7700,527100,3575161.0000,3
2025-12-16,20251216094000000,sh.600864,6.7800,6.8000,6.7700,6.7700,822800,5579723.0000,3
2025-12-16,20251216094500000,sh.600864,6.7700,6.7700,6.7400,6.7400,858500,5796268.0000,3
2025-12-16,20251216095000000,sh.600864,6.7500,6.7600,6.7400,6.7500,536800,3622092.0000,3
2025-12-16,20251216095500000,sh.600864,6.7500,6.7600,6.7400,6.7400,435900,2942900.0000,3
2025-12-16,20251216100000000,sh.600864,6.7500,6.7600,6.7400,6.7400,666700,4497710.0000,3
2025-12-16,20251216100500000,sh.600864,6.7400,6.7500,6.7200,6.7500,578600,3894912.0000,3
2025-12-16,20251216101000000,sh.600864,6.7400,6.7500,6.7300,6.7300,375600,2530858.0000,3
2025-12-16,20251216101500000,sh.600864,6.7300,6.7600,6.7300,6.7600,338100,2279144.0000,3
2025-12-16,20251216102000000,sh.600864,6.7600,6.7600,6.7400,6.7500,254200,1715996.0000,3
2025-12-16,20251216102500000,sh.600864,6.7400,6.7800,6.7400,6.7800,534700,3615236.0000,3
2025-12-16,20251216103000000,sh.600864,6.7800,6.7900,6.7700,6.7900,392500,2662016.0000,3
2025-12-16,20251216103500000,sh.600864,6.7800,6.7900,6.7600,6.7800,327400,2217972.0000,3
2025-12-16,20251216104000000,sh.600864,6.7700,6.7800,6.7500,6.7600,158600,1072648.0000,3
2025-12-16,20251216104500000,sh.600864,6.7600,6.7800,6.7500,6.7600,211400,1429740.0000,3
2025-12-16,20251216105000000,sh.600864,6.7700,6.7700,6.7600,6.7600,159000,1075820.0000,3
2025-12-16,20251216105500000,sh.600864,6.7600,6.7700,6.7500,6.7600,180300,1218584.0000,3
2025-12-16,20251216110000000,sh.600864,6.7600,6.7600,6.7500,6.7600,260200,1756780.0000,3
2025-12-16,20251216110500000,sh.600864,6.7600,6.7700,6.7500,6.7600,273900,1851276.0000,3
2025-12-16,20251216111000000,sh.600864,6.7500,6.7600,6.7400,6.7500,233600,1576920.0000,3
2025-12-16,20251216111500000,sh.600864,6.7600,6.7600,6.7400,6.7600,97700,659912.0000,3
2025-12-16,20251216112000000,sh.600864,6.7600,6.7800,6.7500,6.7700,339400,2296404.0000,3
2025-12-16,20251216112500000,sh.600864,6.7700,6.7900,6.7600,6.7800,433800,2940664.0000,3
2025-12-16,20251216113000000,sh.600864,6.7900,6.7900,6.7700,6.7800,185600,1258400.0000,3
2025-12-16,20251216130500000,sh.600864,6.7700,6.8000,6.7600,6.8000,664700,4508024.0000,3
2025-12-16,20251216131000000,sh.600864,6.8000,6.8100,6.7900,6.8000,338300,2299256.0000,3
2025-12-16,20251216131500000,sh.600864,6.8000,6.8100,6.7900,6.8100,489100,3327408.0000,3
2025-12-16,20251216132000000,sh.600864,6.8100,6.8100,6.7900,6.8000,366600,2494008.0000,3
2025-12-16,20251216132500000,sh.600864,6.7900,6.8000,6.7600,6.7800,382300,2593880.0000,3
2025-12-16,20251216133000000,sh.600864,6.7800,6.7800,6.7600,6.7700,354900,2402952.0000,3
2025-12-16,20251216133500000,sh.600864,6.7700,6.7800,6.7700,6.7800,325600,2204064.0000,3
2025-12-16,20251216134000000,sh.600864,6.7800,6.7800,6.7700,6.7700,73900,500616.0000,3
2025-12-16,20251216134500000,sh.600864,6.7800,6.8000,6.7700,6.8000,478900,3252408.0000,3
2025-12-16,20251216135000000,sh.600864,6.8000,6.8000,6.7800,6.7900,186200,1264360.0000,3
2025-12-16,20251216135500000,sh.600864,6.7800,6.7900,6.7700,6.7800,280400,1901048.0000,3
2025-12-16,20251216140000000,sh.600864,6.7800,6.7900,6.7700,6.7700,197500,1340032.0000,3
2025-12-16,20251216140500000,sh.600864,6.7800,6.7800,6.7600,6.7800,510900,3460896.0000,3
2025-12-16,20251216141000000,sh.600864,6.7800,6.7800,6.7700,6.7800,57800,391448.0000,3
2025-12-16,20251216141500000,sh.600864,6.7800,6.7800,6.7700,6.7800,82600,559480.0000,3
2025-12-16,20251216142000000,sh.600864,6.7800,6.7800,6.7600,6.7700,43600,295240.0000,3
2025-12-16,20251216142500000,sh.600864,6.7700,6.7700,6.7600,6.7600,207400,1402160.0000,3
2025-12-16,20251216143000000,sh.600864,6.7700,6.7700,6.7600,6.7700,384500,2600344.0000,3
2025-12-16,20251216143500000,sh.600864,6.7700,6.7700,6.7600,6.7700,388300,2625144.0000,3
2025-12-16,20251216144000000,sh.600864,6.7700,6.7700,6.7600,6.7600,167500,1133664.0000,3
2025-12-16,20251216144500000,sh.600864,6.7600,6.7700,6.7600,6.7700,133600,903976.0000,3
2025-12-16,20251216145000000,sh.600864,6.7600,6.7700,6.7600,6.7600,284200,1921912.0000,3
2025-12-16,20251216145500000,sh.600864,6.7600,6.7700,6.7500,6.7600,575300,3888400.0000,3
2025-12-16,20251216150000000,sh.600864,6.7600,6.7700,6.7500,6.7700,422100,2854512.0000,3
2025-12-17,20251217093500000,sh.600864,6.7500,6.7800,6.7400,6.7400,844800,5709856.0000,3
2025-12-17,20251217094000000,sh.600864,6.7400,6.7400,6.7000,6.7000,1208700,8122855.0000,3
2025-12-17,20251217094500000,sh.600864,6.7100,6.7600,6.7000,6.7500,804600,5414823.0000,3
2025-12-17,20251217095000000,sh.600864,6.7600,6.7600,6.7300,6.7300,272300,1835846.0000,3
2025-12-17,20251217095500000,sh.600864,6.7400,6.7400,6.7000,6.7000,1086100,7296636.0000,3
2025-12-17,20251217100000000,sh.600864,6.7000,6.7100,6.7000,6.7100,794100,5323648.0000,3
2025-12-17,20251217100500000,sh.600864,6.7000,6.7200,6.7000,6.7000,690800,4631312.0000,3
2025-12-17,20251217101000000,sh.600864,6.7000,6.7100,6.6900,6.7100,589200,3948600.0000,3
2025-12-17,20251217101500000,sh.600864,6.7100,6.7100,6.7000,6.7000,329900,2210712.0000,3
2025-12-17,20251217102000000,sh.600864,6.7000,6.7200,6.6900,6.7200,310400,2082668.0000,3
2025-12-17,20251217102500000,sh.600864,6.7100,6.7200,6.7100,6.7100,141200,947772.0000,3
2025-12-17,20251217103000000,sh.600864,6.7100,6.7200,6.7000,6.7000,206100,1381328.0000,3
2025-12-17,20251217103500000,sh.600864,6.7100,6.7100,6.6800,6.6800,595600,3985064.0000,3
2025-12-17,20251217104000000,sh.600864,6.6900,6.6900,6.6700,6.6700,851700,5689080.0000,3
2025-12-17,20251217104500000,sh.600864,6.6700,6.6900,6.6700,6.6800,550100,3674008.0000,3
2025-12-17,20251217105000000,sh.600864,6.6900,6.7000,6.6800,6.6900,98700,659980.0000,3
2025-12-17,20251217105500000,sh.600864,6.6800,6.6900,6.6800,6.6800,267400,1786924.0000,3
2025-12-17,20251217110000000,sh.600864,6.6800,6.6900,6.6600,6.6900,1070200,7143200.0000,3
2025-12-17,20251217110500000,sh.600864,6.6900,6.7000,6.6800,6.7000,648100,4335760.0000,3
2025-12-17,20251217111000000,sh.600864,6.7000,6.7000,6.6900,6.6900,257200,1721008.0000,3
2025-12-17,20251217111500000,sh.600864,6.7000,6.7000,6.6900,6.6900,151900,1016464.0000,3
2025-12-17,20251217112000000,sh.600864,6.6900,6.7000,6.6800,6.6900,414100,2770432.0000,3
2025-12-17,20251217112500000,sh.600864,6.6900,6.7000,6.6900,6.7000,96000,642376.0000,3
2025-12-17,20251217113000000,sh.600864,6.7000,6.7100,6.6800,6.6900,223200,1494400.0000,3
2025-12-17,20251217130500000,sh.600864,6.6900,6.6900,6.6700,6.6900,484000,3233536.0000,3
2025-12-17,20251217131000000,sh.600864,6.6900,6.6900,6.6600,6.6700,238800,1593496.0000,3
2025-12-17,20251217131500000,sh.600864,6.6700,6.6700,6.6500,6.6600,774600,5159528.0000,3
2025-12-17,20251217132000000,sh.600864,6.6500,6.6600,6.6400,6.6500,1044300,6939720.0000,3
2025-12-17,20251217132500000,sh.600864,6.6500,6.6600,6.6400,6.6600,307800,2046888.0000,3
2025-12-17,20251217133000000,sh.600864,6.6500,6.6600,6.6500,6.6600,115500,769032.0000,3
2025-12-17,20251217133500000,sh.600864,6.6600,6.6800,6.6500,6.6800,229100,1527480.0000,3
2025-12-17,20251217134000000,sh.600864,6.6800,6.6900,6.6700,6.6900,458900,3065584.0000,3
2025-12-17,20251217134500000,sh.600864,6.6900,6.7300,6.6900,6.7300,964000,6465568.0000,3
2025-12-17,20251217135000000,sh.600864,6.7300,6.7700,6.7300,6.7700,1032400,6962216.0000,3
2025-12-17,20251217135500000,sh.600864,6.7700,6.8200,6.7600,6.8000,2113700,14355416.0000,3
2025-12-17,20251217140000000,sh.600864,6.8000,6.8200,6.7900,6.8200,1156600,7870704.0000,3
2025-12-17,20251217140500000,sh.600864,6.8200,6.8300,6.8100,6.8200,1034600,7054240.0000,3
2025-12-17,20251217141000000,sh.600864,6.8300,6.8900,6.8200,6.8900,1838300,12591792.0000,3
2025-12-17,20251217141500000,sh.600864,6.9000,6.9200,6.8900,6.9200,3694900,25501568.0000,3
2025-12-17,20251217142000000,sh.600864,6.9200,6.9200,6.8600,6.8600,1617000,11137344.0000,3
2025-12-17,20251217142500000,sh.600864,6.8700,6.8700,6.8500,6.8600,960500,6591504.0000,3
2025-12-17,20251217143000000,sh.600864,6.8600,6.8600,6.8400,6.8500,462600,3168464.0000,3
2025-12-17,20251217143500000,sh.600864,6.8500,6.8500,6.8400,6.8500,766500,5246032.0000,3
2025-12-17,20251217144000000,sh.600864,6.8500,6.8600,6.8400,6.8500,661600,4534512.0000,3
2025-12-17,20251217144500000,sh.600864,6.8600,6.8600,6.8400,6.8500,403900,2764240.0000,3
2025-12-17,20251217145000000,sh.600864,6.8500,6.8500,6.8400,6.8400,271700,1860352.0000,3
2025-12-17,20251217145500000,sh.600864,6.8400,6.8500,6.8400,6.8400,442500,3027888.0000,3
2025-12-17,20251217150000000,sh.600864,6.8400,6.8500,6.8400,6.8500,316200,2163856.0000,3
2025-12-18,20251218093500000,sh.600864,6.8300,6.8400,6.7700,6.8000,2310500,15712391.0000,3
2025-12-18,20251218094000000,sh.600864,6.7900,6.8200,6.7700,6.8100,1548700,10506755.0000,3
2025-12-18,20251218094500000,sh.600864,6.8000,6.8000,6.7900,6.8000,608200,4133638.0000,3
2025-12-18,20251218095000000,sh.600864,6.7900,6.8100,6.7800,6.8000,800500,5438532.0000,3
2025-12-18,20251218095500000,sh.600864,6.7800,6.7900,6.7600,6.7800,1250500,8471112.0000,3
2025-12-18,20251218100000000,sh.600864,6.7700,6.7900,6.7700,6.7900,805900,5462736.0000,3
2025-12-18,20251218100500000,sh.600864,6.7900,6.7900,6.7800,6.7900,217600,1476496.0000,3
2025-12-18,20251218101000000,sh.600864,6.7800,6.7900,6.7600,6.7600,699600,4739124.0000,3
2025-12-18,20251218101500000,sh.600864,6.7600,6.7700,6.7600,6.7600,541700,3666032.0000,3
2025-12-18,20251218102000000,sh.600864,6.7600,6.7700,6.7500,6.7700,777200,5253952.0000,3
2025-12-18,20251218102500000,sh.600864,6.7700,6.7800,6.7600,6.7800,333100,2256456.0000,3
2025-12-18,20251218103000000,sh.600864,6.7700,6.7800,6.7700,6.7700,153500,1039920.0000,3
2025-12-18,20251218103500000,sh.600864,6.7800,6.7800,6.7700,6.7700,178400,1208696.0000,3
2025-12-18,20251218104000000,sh.600864,6.7700,6.7800,6.7600,6.7600,660000,4467456.0000,3
2025-12-18,20251218104500000,sh.600864,6.7700,6.7700,6.7500,6.7500,612000,4136544.0000,3
2025-12-18,20251218105000000,sh.600864,6.7500,6.7600,6.7400,6.7400,734800,4959032.0000,3
2025-12-18,20251218105500000,sh.600864,6.7400,6.7500,6.7400,6.7500,204100,1376280.0000,3
2025-12-18,20251218110000000,sh.600864,6.7400,6.7600,6.7400,6.7600,502100,3390648.0000,3
2025-12-18,20251218110500000,sh.600864,6.7600,6.7600,6.7500,6.7600,160900,1087400.0000,3
2025-12-18,20251218111000000,sh.600864,6.7600,6.7600,6.7500,6.7600,122700,828744.0000,3
2025-12-18,20251218111500000,sh.600864,6.7600,6.7700,6.7500,6.7600,209800,1418176.0000,3
2025-12-18,20251218112000000,sh.600864,6.7600,6.7700,6.7500,6.7600,152800,1032840.0000,3
2025-12-18,20251218112500000,sh.600864,6.7500,6.7600,6.7500,6.7600,116700,787816.0000,3
2025-12-18,20251218113000000,sh.600864,6.7500,6.7700,6.7500,6.7500,285200,1926960.0000,3
2025-12-18,20251218130500000,sh.600864,6.7500,6.7600,6.7500,6.7600,171500,1158400.0000,3
2025-12-18,20251218131000000,sh.600864,6.7500,6.7800,6.7500,6.7800,383400,2594240.0000,3
2025-12-18,20251218131500000,sh.600864,6.7800,6.7800,6.7700,6.7700,297800,2016992.0000,3
2025-12-18,20251218132000000,sh.600864,6.7800,6.7800,6.7700,6.7700,168000,1137912.0000,3
2025-12-18,20251218132500000,sh.600864,6.7700,6.7800,6.7600,6.7700,385700,2611128.0000,3
2025-12-18,20251218133000000,sh.600864,6.7700,6.7800,6.7600,6.7700,206000,1394120.0000,3
2025-12-18,20251218133500000,sh.600864,6.7700,6.7800,6.7600,6.7600,171900,1163320.0000,3
2025-12-18,20251218134000000,sh.600864,6.7600,6.7600,6.7500,6.7500,299000,2020544.0000,3
2025-12-18,20251218134500000,sh.600864,6.7500,6.7600,6.7500,6.7500,73300,495064.0000,3
2025-12-18,20251218135000000,sh.600864,6.7500,6.7600,6.7400,6.7500,417700,2818768.0000,3
2025-12-18,20251218135500000,sh.600864,6.7500,6.7500,6.7400,6.7500,89000,600336.0000,3
2025-12-18,20251218140000000,sh.600864,6.7500,6.7500,6.7400,6.7400,270100,1820896.0000,3
2025-12-18,20251218140500000,sh.600864,6.7400,6.7500,6.7300,6.7500,786500,5300384.0000,3
2025-12-18,20251218141000000,sh.600864,6.7400,6.7500,6.7400,6.7500,53200,358832.0000,3
2025-12-18,20251218141500000,sh.600864,6.7500,6.7500,6.7400,6.7500,114800,774360.0000,3
2025-12-18,20251218142000000,sh.600864,6.7500,6.7500,6.7300,6.7400,258400,1741528.0000,3
2025-12-18,20251218142500000,sh.600864,6.7400,6.7500,6.7400,6.7500,196000,1321360.0000,3
2025-12-18,20251218143000000,sh.600864,6.7400,6.7500,6.7300,6.7400,153300,1032920.0000,3
2025-12-18,20251218143500000,sh.600864,6.7400,6.7500,6.7400,6.7400,483100,3257544.0000,3
2025-12-18,20251218144000000,sh.600864,6.7400,6.7500,6.7300,6.7400,308900,2081552.0000,3
2025-12-18,20251218144500000,sh.600864,6.7300,6.7400,6.7300,6.7400,351300,2366224.0000,3
2025-12-18,20251218145000000,sh.600864,6.7400,6.7400,6.7300,6.7400,387600,2609648.0000,3
2025-12-18,20251218145500000,sh.600864,6.7300,6.7400,6.7300,6.7400,592800,3990736.0000,3
2025-12-18,20251218150000000,sh.600864,6.7400,6.7400,6.7300,6.7300,462100,3110048.0000,3
2025-12-19,20251219093500000,sh.600864,6.7400,6.7500,6.7200,6.7200,1258900,8483502.0000,3
2025-12-19,20251219094000000,sh.600864,6.7200,6.7400,6.7200,6.7400,500200,3364428.0000,3
2025-12-19,20251219094500000,sh.600864,6.7400,6.7400,6.7300,6.7400,304700,2052920.0000,3
2025-12-19,20251219095000000,sh.600864,6.7400,6.7500,6.7300,6.7500,334200,2252830.0000,3
2025-12-19,20251219095500000,sh.600864,6.7500,6.7500,6.7400,6.7500,173700,1171554.0000,3
2025-12-19,20251219100000000,sh.600864,6.7400,6.7500,6.7400,6.7500,631500,4261656.0000,3
2025-12-19,20251219100500000,sh.600864,6.7500,6.7500,6.7300,6.7300,301700,2034006.0000,3
2025-12-19,20251219101000000,sh.600864,6.7400,6.7600,6.7400,6.7600,618500,4171272.0000,3
2025-12-19,20251219101500000,sh.600864,6.7600,6.7900,6.7600,6.7900,1958300,13276648.0000,3
2025-12-19,20251219102000000,sh.600864,6.7900,6.7900,6.7700,6.7700,828300,5612020.0000,3
2025-12-19,20251219102500000,sh.600864,6.7800,6.7800,6.7600,6.7700,328500,2223900.0000,3
2025-12-19,20251219103000000,sh.600864,6.7700,6.7800,6.7600,6.7800,725100,4910364.0000,3
2025-12-19,20251219103500000,sh.600864,6.7800,6.7800,6.7700,6.7800,222800,1510524.0000,3
2025-12-19,20251219104000000,sh.600864,6.7800,6.7800,6.7700,6.7800,187200,1268024.0000,3
2025-12-19,20251219104500000,sh.600864,6.7700,6.7800,6.7600,6.7700,412700,2794136.0000,3
2025-12-19,20251219105000000,sh.600864,6.7700,6.7800,6.7600,6.7700,325400,2202832.0000,3
2025-12-19,20251219105500000,sh.600864,6.7600,6.7700,6.7600,6.7700,66400,449040.0000,3
2025-12-19,20251219110000000,sh.600864,6.7700,6.7700,6.7600,6.7700,366000,2475904.0000,3
2025-12-19,20251219110500000,sh.600864,6.7600,6.7700,6.7600,6.7700,62200,420972.0000,3
2025-12-19,20251219111000000,sh.600864,6.7700,6.7700,6.7600,6.7700,55200,373448.0000,3
2025-12-19,20251219111500000,sh.600864,6.7600,6.7700,6.7600,6.7700,33700,227924.0000,3
2025-12-19,20251219112000000,sh.600864,6.7700,6.7700,6.7600,6.7700,53500,361848.0000,3
2025-12-19,20251219112500000,sh.600864,6.7700,6.7700,6.7600,6.7700,138200,935116.0000,3
2025-12-19,20251219113000000,sh.600864,6.7600,6.7900,6.7600,6.7800,715400,4850100.0000,3
2025-12-19,20251219130500000,sh.600864,6.7900,6.7900,6.7700,6.7800,364600,2472552.0000,3
2025-12-19,20251219131000000,sh.600864,6.7800,6.7800,6.7700,6.7700,95000,643296.0000,3
2025-12-19,20251219131500000,sh.600864,6.7700,6.7700,6.7600,6.7700,220000,1489200.0000,3
2025-12-19,20251219132000000,sh.600864,6.7700,6.7700,6.7600,6.7700,73200,495296.0000,3
2025-12-19,20251219132500000,sh.600864,6.7600,6.7700,6.7600,6.7700,155900,1055008.0000,3
2025-12-19,20251219133000000,sh.600864,6.7700,6.7800,6.7600,6.7700,282500,1912472.0000,3
2025-12-19,20251219133500000,sh.600864,6.7600,6.7700,6.7600,6.7600,608200,4113744.0000,3
2025-12-19,20251219134000000,sh.600864,6.7700,6.7700,6.7600,6.7700,292000,1976672.0000,3
2025-12-19,20251219134500000,sh.600864,6.7700,6.7800,6.7700,6.7800,227600,1542336.0000,3
2025-12-19,20251219135000000,sh.600864,6.7700,6.7800,6.7600,6.7600,294900,1996760.0000,3
2025-12-19,20251219135500000,sh.600864,6.7700,6.7700,6.7600,6.7700,98900,669184.0000,3
2025-12-19,20251219140000000,sh.600864,6.7600,6.7700,6.7600,6.7600,86300,583664.0000,3
2025-12-19,20251219140500000,sh.600864,6.7600,6.7700,6.7400,6.7500,845300,5709280.0000,3
2025-12-19,20251219141000000,sh.600864,6.7500,6.7600,6.7400,6.7600,339400,2290992.0000,3
2025-12-19,20251219141500000,sh.600864,6.7600,6.7600,6.7500,6.7600,229900,1552056.0000,3
2025-12-19,20251219142000000,sh.600864,6.7600,6.7600,6.7500,6.7600,99200,670344.0000,3
2025-12-19,20251219142500000,sh.600864,6.7600,6.7700,6.7500,6.7700,201500,1362048.0000,3
2025-12-19,20251219143000000,sh.600864,6.7600,6.7700,6.7600,6.7600,146000,987368.0000,3
2025-12-19,20251219143500000,sh.600864,6.7700,6.7700,6.7500,6.7600,227600,1538568.0000,3
2025-12-19,20251219144000000,sh.600864,6.7600,6.7600,6.7500,6.7600,465900,3145768.0000,3
2025-12-19,20251219144500000,sh.600864,6.7500,6.7600,6.7500,6.7600,118700,801904.0000,3
2025-12-19,20251219145000000,sh.600864,6.7500,6.7600,6.7500,6.7600,254500,1719720.0000,3
2025-12-19,20251219145500000,sh.600864,6.7600,6.7600,6.7500,6.7500,666000,4500320.0000,3
2025-12-19,20251219150000000,sh.600864,6.7500,6.7700,6.7500,6.7700,312000,2108664.0000,3
2025-12-22,20251222093500000,sh.600864,6.7600,6.7800,6.7500,6.7600,797200,5392542.0000,3
2025-12-22,20251222094000000,sh.600864,6.7600,6.7800,6.7600,6.7700,819200,5546616.0000,3
2025-12-22,20251222094500000,sh.600864,6.7800,6.7800,6.7700,6.7700,265000,1795031.0000,3
2025-12-22,20251222095000000,sh.600864,6.7800,6.7800,6.7600,6.7600,693000,4689315.0000,3
2025-12-22,20251222095500000,sh.600864,6.7700,6.7700,6.7500,6.7600,392600,2653144.0000,3
2025-12-22,20251222100000000,sh.600864,6.7700,6.7900,6.7600,6.7900,1099800,7455780.0000,3
2025-12-22,20251222100500000,sh.600864,6.7900,6.7900,6.7600,6.7700,591000,4004452.0000,3
2025-12-22,20251222101000000,sh.600864,6.7700,6.7800,6.7700,6.7800,275300,1865256.0000,3
2025-12-22,20251222101500000,sh.600864,6.7800,6.7800,6.7700,6.7800,290900,1970236.0000,3
2025-12-22,20251222102000000,sh.600864,6.7800,6.7800,6.7700,6.7800,263500,1785052.0000,3
2025-12-22,20251222102500000,sh.600864,6.7700,6.7800,6.7700,6.7800,156700,1061860.0000,3
2025-12-22,20251222103000000,sh.600864,6.7800,6.7800,6.7700,6.7700,450200,3051236.0000,3
2025-12-22,20251222103500000,sh.600864,6.7800,6.7800,6.7700,6.7800,164300,1112572.0000,3
2025-12-22,20251222104000000,sh.600864,6.7800,6.7800,6.7700,6.7700,118500,802612.0000,3
2025-12-22,20251222104500000,sh.600864,6.7700,6.7800,6.7700,6.7800,155100,1050916.0000,3
2025-12-22,20251222105000000,sh.600864,6.7700,6.7800,6.7700,6.7800,143100,969156.0000,3
2025-12-22,20251222105500000,sh.600864,6.7800,6.7800,6.7700,6.7800,102100,691868.0000,3
2025-12-22,20251222110000000,sh.600864,6.7800,6.7800,6.7700,6.7800,177400,1202536.0000,3
2025-12-22,20251222110500000,sh.600864,6.7800,6.7800,6.7700,6.7700,221300,1499204.0000,3
2025-12-22,20251222111000000,sh.600864,6.7800,6.7900,6.7700,6.7900,1002100,6798556.0000,3
2025-12-22,20251222111500000,sh.600864,6.7900,6.8000,6.7800,6.8000,383800,2605372.0000,3
2025-12-22,20251222112000000,sh.600864,6.8000,6.8100,6.7900,6.8000,1124700,7648412.0000,3
2025-12-22,20251222112500000,sh.600864,6.8000,6.8000,6.7900,6.8000,178900,1216108.0000,3
2025-12-22,20251222113000000,sh.600864,6.8000,6.8100,6.7900,6.8000,451300,3068520.0000,3
2025-12-22,20251222130500000,sh.600864,6.8000,6.8100,6.7900,6.8100,402200,2735768.0000,3
2025-12-22,20251222131000000,sh.600864,6.8100,6.8100,6.7900,6.8000,691900,4704808.0000,3
2025-12-22,20251222131500000,sh.600864,6.8000,6.8000,6.7900,6.8000,221600,1504944.0000,3
2025-12-22,20251222132000000,sh.600864,6.8000,6.8000,6.7900,6.8000,104900,712624.0000,3
2025-12-22,20251222132500000,sh.600864,6.8000,6.8000,6.7900,6.7900,70000,475848.0000,3
2025-12-22,20251222133000000,sh.600864,6.8000,6.8000,6.7800,6.7900,245200,1664928.0000,3
2025-12-22,20251222133500000,sh.600864,6.7800,6.7900,6.7800,6.7900,148800,1010016.0000,3
2025-12-22,20251222134000000,sh.600864,6.7900,6.7900,6.7800,6.7800,123000,834696.0000,3
2025-12-22,20251222134500000,sh.600864,6.7900,6.7900,6.7800,6.7900,156800,1063320.0000,3
2025-12-22,20251222135000000,sh.600864,6.7800,6.7900,6.7800,6.7900,66100,448296.0000,3
2025-12-22,20251222135500000,sh.600864,6.7900,6.7900,6.7800,6.7800,146600,994320.0000,3
2025-12-22,20251222140000000,sh.600864,6.7900,6.7900,6.7800,6.7900,72000,488304.0000,3
2025-12-22,20251222140500000,sh.600864,6.7900,6.8000,6.7800,6.8000,650400,4416336.0000,3
2025-12-22,20251222141000000,sh.600864,6.8000,6.8000,6.7800,6.7800,657700,4461840.0000,3
2025-12-22,20251222141500000,sh.600864,6.7800,6.7900,6.7800,6.7900,74600,505944.0000,3
2025-12-22,20251222142000000,sh.600864,6.7900,6.7900,6.7800,6.7800,117600,798040.0000,3
2025-12-22,20251222142500000,sh.600864,6.7900,6.7900,6.7800,6.7800,126800,860096.0000,3
2025-12-22,20251222143000000,sh.600864,6.7900,6.7900,6.7800,6.7800,128300,870224.0000,3
2025-12-22,20251222143500000,sh.600864,6.7900,6.7900,6.7700,6.7800,242800,1646136.0000,3
2025-12-22,20251222144000000,sh.600864,6.7800,6.7800,6.7700,6.7800,210700,1427352.0000,3
2025-12-22,20251222144500000,sh.600864,6.7800,6.7800,6.7700,6.7800,298000,2019064.0000,3
2025-12-22,20251222145000000,sh.600864,6.7800,6.7800,6.7700,6.7800,240700,1630744.0000,3
2025-12-22,20251222145500000,sh.600864,6.7800,6.7800,6.7700,6.7800,687800,4659760.0000,3
2025-12-22,20251222150000000,sh.600864,6.7800,6.7800,6.7700,6.7800,340900,2309536.0000,3
2025-12-23,20251223093500000,sh.600864,6.7700,6.7900,6.7600,6.7600,671200,4543933.0000,3
2025-12-23,20251223094000000,sh.600864,6.7600,6.7900,6.7500,6.7700,846300,5729694.0000,3
2025-12-23,20251223094500000,sh.600864,6.7700,6.7800,6.7500,6.7700,570600,3861829.0000,3
2025-12-23,20251223095000000,sh.600864,6.7600,6.7600,6.7300,6.7400,1053800,7111370.0000,3
2025-12-23,20251223095500000,sh.600864,6.7500,6.7600,6.7400,6.7500,383800,2589008.0000,3
2025-12-23,20251223100000000,sh.600864,6.7500,6.7700,6.7400,6.7500,257000,1735282.0000,3
2025-12-23,20251223100500000,sh.600864,6.7500,6.7700,6.7500,6.7700,293600,1985020.0000,3
2025-12-23,20251223101000000,sh.600864,6.7700,6.7700,6.7500,6.7600,241900,1635680.0000,3
2025-12-23,20251223101500000,sh.600864,6.7500,6.7800,6.7500,6.7800,409900,2773972.0000,3
2025-12-23,20251223102000000,sh.600864,6.7800,6.7800,6.7600,6.7700,291300,1972256.0000,3
2025-12-23,20251223102500000,sh.600864,6.7700,6.7700,6.7600,6.7700,524100,3547580.0000,3
2025-12-23,20251223103000000,sh.600864,6.7700,6.7800,6.7600,6.7700,352700,2388132.0000,3
2025-12-23,20251223103500000,sh.600864,6.7800,6.7800,6.7600,6.7600,217700,1473520.0000,3
2025-12-23,20251223104000000,sh.600864,6.7600,6.7700,6.7500,6.7600,438900,2965580.0000,3
2025-12-23,20251223104500000,sh.600864,6.7500,6.7600,6.7500,6.7500,95500,644788.0000,3
2025-12-23,20251223105000000,sh.600864,6.7500,6.7600,6.7500,6.7600,154500,1043712.0000,3
2025-12-23,20251223105500000,sh.600864,6.7500,6.7600,6.7500,6.7600,416000,2808536.0000,3
2025-12-23,20251223110000000,sh.600864,6.7500,6.7600,6.7500,6.7500,565800,3819872.0000,3
2025-12-23,20251223110500000,sh.600864,6.7500,6.7600,6.7400,6.7600,313800,2117780.0000,3
2025-12-23,20251223111000000,sh.600864,6.7600,6.7600,6.7400,6.7500,330700,2231600.0000,3
2025-12-23,20251223111500000,sh.600864,6.7400,6.7800,6.7400,6.7700,460100,3112328.0000,3
2025-12-23,20251223112000000,sh.600864,6.7700,6.7800,6.7600,6.7800,259700,1758548.0000,3
2025-12-23,20251223112500000,sh.600864,6.7800,6.7800,6.7700,6.7700,189800,1286464.0000,3
2025-12-23,20251223113000000,sh.600864,6.7700,6.7700,6.7600,6.7700,62400,422016.0000,3
2025-12-23,20251223130500000,sh.600864,6.7700,6.7700,6.7400,6.7500,373900,2524868.0000,3
2025-12-23,20251223131000000,sh.600864,6.7500,6.7500,6.7400,6.7500,254400,1715816.0000,3
2025-12-23,20251223131500000,sh.600864,6.7500,6.7500,6.7400,6.7500,142800,963320.0000,3
2025-12-23,20251223132000000,sh.600864,6.7400,6.7500,6.7300,6.7400,508200,3425584.0000,3
2025-12-23,20251223132500000,sh.600864,6.7300,6.7400,6.7300,6.7400,94400,635800.0000,3
2025-12-23,20251223133000000,sh.600864,6.7400,6.7400,6.7300,6.7400,280800,1890592.0000,3
2025-12-23,20251223133500000,sh.600864,6.7400,6.7400,6.7200,6.7300,577600,3886952.0000,3
2025-12-23,20251223134000000,sh.600864,6.7300,6.7300,6.7200,6.7300,393600,2647672.0000,3
2025-12-23,20251223134500000,sh.600864,6.7300,6.7300,6.7200,6.7300,443800,2986472.0000,3
2025-12-23,20251223135000000,sh.600864,6.7300,6.7400,6.7200,6.7300,244400,1644184.0000,3
2025-12-23,20251223135500000,sh.600864,6.7300,6.7300,6.7200,6.7300,257300,1729520.0000,3
2025-12-23,20251223140000000,sh.600864,6.7300,6.7300,6.7100,6.7200,402000,2701064.0000,3
2025-12-23,20251223140500000,sh.600864,6.7200,6.7200,6.7100,6.7200,176300,1184144.0000,3
2025-12-23,20251223141000000,sh.600864,6.7100,6.7200,6.7100,6.7200,299500,2010216.0000,3
2025-12-23,20251223141500000,sh.600864,6.7200,6.7200,6.7000,6.7100,563100,3778200.0000,3
2025-12-23,20251223142000000,sh.600864,6.7100,6.7100,6.7000,6.7000,210800,1413216.0000,3
2025-12-23,20251223142500000,sh.600864,6.7000,6.7100,6.6900,6.6900,882900,5916024.0000,3
2025-12-23,20251223143000000,sh.600864,6.6900,6.7000,6.6900,6.6900,445000,2978088.0000,3
2025-12-23,20251223143500000,sh.600864,6.7000,6.7000,6.6900,6.7000,402400,2694320.0000,3
2025-12-23,20251223144000000,sh.600864,6.6900,6.7000,6.6900,6.7000,173500,1161800.0000,3
2025-12-23,20251223144500000,sh.600864,6.7000,6.7000,6.6800,6.6800,685300,4584600.0000,3
2025-12-23,20251223145000000,sh.600864,6.6900,6.6900,6.6800,6.6800,682500,4560392.0000,3
2025-12-23,20251223145500000,sh.600864,6.6900,6.6900,6.6800,6.6800,827600,5532376.0000,3
2025-12-23,20251223150000000,sh.600864,6.6800,6.6900,6.6700,6.6800,918900,6138504.0000,3
2025-12-24,20251224093500000,sh.600864,6.6900,6.6900,6.6700,6.6800,808700,5403458.0000,3
2025-12-24,20251224094000000,sh.600864,6.6900,6.7200,6.6800,6.7200,1198000,8027599.0000,3
2025-12-24,20251224094500000,sh.600864,6.7200,6.7300,6.7000,6.7000,668300,4489535.0000,3
2025-12-24,20251224095000000,sh.600864,6.7100,6.7100,6.7000,6.7000,168200,1127680.0000,3
2025-12-24,20251224095500000,sh.600864,6.7100,6.7100,6.6900,6.7000,270400,1811184.0000,3
2025-12-24,20251224100000000,sh.600864,6.7000,6.7100,6.6900,6.7000,531500,3559804.0000,3
2025-12-24,20251224100500000,sh.600864,6.7000,6.7200,6.7000,6.7100,259200,1739152.0000,3
2025-12-24,20251224101000000,sh.600864,6.7100,6.7200,6.7000,6.7000,259900,1742840.0000,3
2025-12-24,20251224101500000,sh.600864,6.7000,6.7100,6.7000,6.7000,93200,624580.0000,3
2025-12-24,20251224102000000,sh.600864,6.7000,6.7100,6.6900,6.7000,262300,1757248.0000,3
2025-12-24,20251224102500000,sh.600864,6.7000,6.7200,6.6900,6.7100,508400,3409360.0000,3
2025-12-24,20251224103000000,sh.600864,6.7100,6.7200,6.7000,6.7100,345400,2317660.0000,3
2025-12-24,20251224103500000,sh.600864,6.7100,6.7200,6.7000,6.7200,345500,2318192.0000,3
2025-12-24,20251224104000000,sh.600864,6.7200,6.7200,6.7100,6.7100,64000,429724.0000,3
2025-12-24,20251224104500000,sh.600864,6.7100,6.7200,6.7000,6.7200,483100,3241756.0000,3
2025-12-24,20251224105000000,sh.600864,6.7200,6.7200,6.7100,6.7100,66000,443088.0000,3
2025-12-24,20251224105500000,sh.600864,6.7200,6.7200,6.7100,6.7100,579300,3891760.0000,3
2025-12-24,20251224110000000,sh.600864,6.7200,6.7200,6.7100,6.7100,151200,1015344.0000,3
2025-12-24,20251224110500000,sh.600864,6.7200,6.7200,6.7100,6.7200,279900,1879608.0000,3
2025-12-24,20251224111000000,sh.600864,6.7200,6.7200,6.7100,6.7100,249600,1677124.0000,3
2025-12-24,20251224111500000,sh.600864,6.7200,6.7200,6.7100,6.7200,119500,802336.0000,3
2025-12-24,20251224112000000,sh.600864,6.7200,6.7300,6.7100,6.7200,246900,1659136.0000,3
2025-12-24,20251224112500000,sh.600864,6.7100,6.7200,6.7100,6.7200,428700,2876880.0000,3
2025-12-24,20251224113000000,sh.600864,6.7200,6.7200,6.7100,6.7200,94800,636236.0000,3
2025-12-24,20251224130500000,sh.600864,6.7100,6.7400,6.7100,6.7300,752700,5063004.0000,3
2025-12-24,20251224131000000,sh.600864,6.7300,6.7400,6.7200,6.7400,429500,2890660.0000,3
2025-12-24,20251224131500000,sh.600864,6.7400,6.7400,6.7300,6.7300,384200,2588292.0000,3
2025-12-24,20251224132000000,sh.600864,6.7300,6.7400,6.7300,6.7400,110500,744392.0000,3
2025-12-24,20251224132500000,sh.600864,6.7400,6.7400,6.7300,6.7400,119800,807320.0000,3
2025-12-24,20251224133000000,sh.600864,6.7400,6.7500,6.7300,6.7500,921900,6215200.0000,3
2025-12-24,20251224133500000,sh.600864,6.7500,6.7700,6.7400,6.7700,1634600,11044456.0000,3
2025-12-24,20251224134000000,sh.600864,6.7700,6.7700,6.7500,6.7600,790200,5341936.0000,3
2025-12-24,20251224134500000,sh.600864,6.7500,6.7600,6.7500,6.7600,202900,1371152.0000,3
2025-12-24,20251224135000000,sh.600864,6.7600,6.7600,6.7500,6.7500,630200,4259576.0000,3
2025-12-24,20251224135500000,sh.600864,6.7600,6.7600,6.7400,6.7500,219700,1483232.0000,3
2025-12-24,20251224140000000,sh.600864,6.7500,6.7600,6.7400,6.7600,346800,2341408.0000,3
2025-12-24,20251224140500000,sh.600864,6.7500,6.7600,6.7500,6.7600,224100,1513400.0000,3
2025-12-24,20251224141000000,sh.600864,6.7500,6.7600,6.7500,6.7600,115100,777856.0000,3
2025-12-24,20251224141500000,sh.600864,6.7600,6.7600,6.7500,6.7500,445100,3006496.0000,3
2025-12-24,20251224142000000,sh.600864,6.7600,6.7600,6.7500,6.7500,262100,1770416.0000,3
2025-12-24,20251224142500000,sh.600864,6.7500,6.7600,6.7500,6.7500,127100,858360.0000,3
2025-12-24,20251224143000000,sh.600864,6.7500,6.7600,6.7500,6.7500,397200,2681728.0000,3
2025-12-24,20251224143500000,sh.600864,6.7600,6.7600,6.7500,6.7500,147700,997672.0000,3
2025-12-24,20251224144000000,sh.600864,6.7600,6.7600,6.7400,6.7500,688300,4645904.0000,3
2025-12-24,20251224144500000,sh.600864,6.7400,6.7500,6.7400,6.7500,219100,1478408.0000,3
2025-12-24,20251224145000000,sh.600864,6.7400,6.7500,6.7400,6.7500,351600,2372152.0000,3
2025-12-24,20251224145500000,sh.600864,6.7500,6.7600,6.7400,6.7500,948500,6401568.0000,3
2025-12-24,20251224150000000,sh.600864,6.7600,6.7600,6.7500,6.7600,233400,1576816.0000,3
2025-12-25,20251225093500000,sh.600864,6.7600,6.7900,6.7500,6.7800,1260000,8532878.0000,3
2025-12-25,20251225094000000,sh.600864,6.7900,6.7900,6.7800,6.7800,667400,4526848.0000,3
2025-12-25,20251225094500000,sh.600864,6.7900,6.8000,6.7800,6.8000,1077000,7312874.0000,3
2025-12-25,20251225095000000,sh.600864,6.7900,6.8100,6.7900,6.8100,1095800,7449156.0000,3
2025-12-25,20251225095500000,sh.600864,6.8100,6.8200,6.8000,6.8000,1374000,9358384.0000,3
2025-12-25,20251225100000000,sh.600864,6.8100,6.8100,6.7900,6.8000,877800,5968156.0000,3
2025-12-25,20251225100500000,sh.600864,6.8000,6.8000,6.7900,6.7900,251300,1707472.0000,3
2025-12-25,20251225101000000,sh.600864,6.7900,6.8000,6.7800,6.7800,382100,2592784.0000,3
2025-12-25,20251225101500000,sh.600864,6.7800,6.7900,6.7700,6.7900,238300,1616428.0000,3
2025-12-25,20251225102000000,sh.600864,6.7800,6.8000,6.7800,6.8000,491000,3334756.0000,3
2025-12-25,20251225102500000,sh.600864,6.8000,6.8200,6.7900,6.8100,2502200,17047528.0000,3
2025-12-25,20251225103000000,sh.600864,6.8200,6.8300,6.8100,6.8200,750500,5118016.0000,3
2025-12-25,20251225103500000,sh.600864,6.8100,6.8200,6.8000,6.8100,717800,4887856.0000,3
2025-12-25,20251225104000000,sh.600864,6.8100,6.8200,6.8100,6.8200,151800,1035016.0000,3
2025-12-25,20251225104500000,sh.600864,6.8200,6.8200,6.8100,6.8200,454700,3098952.0000,3
2025-12-25,20251225105000000,sh.600864,6.8200,6.8200,6.8100,6.8200,350700,2389744.0000,3
2025-12-25,20251225105500000,sh.600864,6.8100,6.8200,6.8100,6.8200,153400,1045984.0000,3
2025-12-25,20251225110000000,sh.600864,6.8200,6.8200,6.8100,6.8200,222000,1513776.0000,3
2025-12-25,20251225110500000,sh.600864,6.8200,6.8200,6.8000,6.8100,690600,4706184.0000,3
2025-12-25,20251225111000000,sh.600864,6.8100,6.8200,6.8000,6.8100,343900,2341928.0000,3
2025-12-25,20251225111500000,sh.600864,6.8100,6.8100,6.8000,6.8100,160900,1095576.0000,3
2025-12-25,20251225112000000,sh.600864,6.8000,6.8100,6.8000,6.8100,157100,1068696.0000,3
2025-12-25,20251225112500000,sh.600864,6.8000,6.8100,6.8000,6.8000,85500,581448.0000,3
2025-12-25,20251225113000000,sh.600864,6.8000,6.8100,6.7900,6.8100,440700,2996904.0000,3
2025-12-25,20251225130500000,sh.600864,6.8000,6.8100,6.7900,6.8000,233300,1586440.0000,3
2025-12-25,20251225131000000,sh.600864,6.8000,6.8000,6.7900,6.8000,133800,909280.0000,3
2025-12-25,20251225131500000,sh.600864,6.8000,6.8000,6.7900,6.8000,94500,641824.0000,3
2025-12-25,20251225132000000,sh.600864,6.8000,6.8100,6.7900,6.8100,425400,2892320.0000,3
2025-12-25,20251225132500000,sh.600864,6.8000,6.8200,6.8000,6.8200,491300,3346088.0000,3
2025-12-25,20251225133000000,sh.600864,6.8200,6.8200,6.8100,6.8200,167900,1143960.0000,3
2025-12-25,20251225133500000,sh.600864,6.8100,6.8200,6.8000,6.8000,229900,1565728.0000,3
2025-12-25,20251225134000000,sh.600864,6.8100,6.8300,6.8000,6.8300,992200,6765584.0000,3
2025-12-25,20251225134500000,sh.600864,6.8200,6.8300,6.8200,6.8200,380100,2593032.0000,3
2025-12-25,20251225135000000,sh.600864,6.8300,6.8300,6.8100,6.8200,407500,2778592.0000,3
2025-12-25,20251225135500000,sh.600864,6.8200,6.8200,6.8100,6.8200,93600,638016.0000,3
2025-12-25,20251225140000000,sh.600864,6.8200,6.8200,6.8100,6.8200,174000,1186448.0000,3
2025-12-25,20251225140500000,sh.600864,6.8200,6.8300,6.8200,6.8200,355700,2427680.0000,3
2025-12-25,20251225141000000,sh.600864,6.8300,6.8300,6.8200,6.8300,504000,3441504.0000,3
2025-12-25,20251225141500000,sh.600864,6.8300,6.8300,6.8200,6.8300,170600,1165072.0000,3
2025-12-25,20251225142000000,sh.600864,6.8300,6.8300,6.8200,6.8200,215100,1468720.0000,3
2025-12-25,20251225142500000,sh.600864,6.8300,6.8400,6.8200,6.8400,737600,5037072.0000,3
2025-12-25,20251225143000000,sh.600864,6.8300,6.8400,6.8300,6.8300,194800,1331200.0000,3
2025-12-25,20251225143500000,sh.600864,6.8400,6.8400,6.8200,6.8300,381000,2602496.0000,3
2025-12-25,20251225144000000,sh.600864,6.8200,6.8400,6.8200,6.8300,417200,2849056.0000,3
2025-12-25,20251225144500000,sh.600864,6.8300,6.8300,6.8200,6.8300,427600,2918688.0000,3
2025-12-25,20251225145000000,sh.600864,6.8300,6.8400,6.8300,6.8400,476000,3252512.0000,3
2025-12-25,20251225145500000,sh.600864,6.8400,6.8400,6.8300,6.8300,746500,5100832.0000,3
2025-12-25,20251225150000000,sh.600864,6.8300,6.8300,6.8100,6.8200,1029500,7019840.0000,3
2025-12-26,20251226093500000,sh.600864,6.8100,6.8300,6.8000,6.8100,1033900,7046610.0000,3
2025-12-26,20251226094000000,sh.600864,6.8100,6.8300,6.8100,6.8200,761100,5191335.0000,3
2025-12-26,20251226094500000,sh.600864,6.8200,6.8200,6.8100,6.8100,439800,2997357.0000,3
2025-12-26,20251226095000000,sh.600864,6.8200,6.8200,6.8100,6.8200,241100,1642564.0000,3
2025-12-26,20251226095500000,sh.600864,6.8100,6.8300,6.8100,6.8300,699600,4770052.0000,3
2025-12-26,20251226100000000,sh.600864,6.8300,6.8600,6.8300,6.8500,1233400,8442174.0000,3
2025-12-26,20251226100500000,sh.600864,6.8600,6.8600,6.8400,6.8500,1089500,7463212.0000,3
2025-12-26,20251226101000000,sh.600864,6.8500,6.8800,6.8400,6.8700,1544300,10589296.0000,3
2025-12-26,20251226101500000,sh.600864,6.8600,6.8800,6.8500,6.8500,1397600,9597908.0000,3
2025-12-26,20251226102000000,sh.600864,6.8500,6.8600,6.8500,6.8500,542900,3722484.0000,3
2025-12-26,20251226102500000,sh.600864,6.8500,6.8700,6.8500,6.8700,263400,1806508.0000,3
2025-12-26,20251226103000000,sh.600864,6.8700,6.8800,6.8600,6.8800,485900,3337892.0000,3
2025-12-26,20251226103500000,sh.600864,6.8700,6.8900,6.8700,6.8700,1100000,7566048.0000,3
2025-12-26,20251226104000000,sh.600864,6.8800,6.8900,6.8700,6.8900,929200,6396560.0000,3
2025-12-26,20251226104500000,sh.600864,6.8900,6.9100,6.8900,6.9000,1128200,7783080.0000,3
2025-12-26,20251226105000000,sh.600864,6.9100,6.9200,6.9000,6.9100,1509300,10432688.0000,3
2025-12-26,20251226105500000,sh.600864,6.9100,6.9100,6.9000,6.9100,619400,4277184.0000,3
2025-12-26,20251226110000000,sh.600864,6.9100,6.9100,6.8800,6.8800,534300,3684088.0000,3
2025-12-26,20251226110500000,sh.600864,6.8900,6.9000,6.8800,6.8900,665700,4584360.0000,3
2025-12-26,20251226111000000,sh.600864,6.8900,6.8900,6.8800,6.8800,282000,1940664.0000,3
2025-12-26,20251226111500000,sh.600864,6.8900,6.8900,6.8700,6.8700,677700,4661864.0000,3
2025-12-26,20251226112000000,sh.600864,6.8600,6.8700,6.8300,6.8400,1100500,7533432.0000,3
2025-12-26,20251226112500000,sh.600864,6.8500,6.8500,6.8000,6.8100,1463800,9996320.0000,3
2025-12-26,20251226113000000,sh.600864,6.8000,6.8300,6.8000,6.8200,971900,6618944.0000,3
2025-12-26,20251226130500000,sh.600864,6.8200,6.8300,6.8100,6.8200,430500,2935456.0000,3
2025-12-26,20251226131000000,sh.600864,6.8300,6.8400,6.8200,6.8300,474900,3244128.0000,3
2025-12-26,20251226131500000,sh.600864,6.8300,6.8400,6.8200,6.8400,249600,1703792.0000,3
2025-12-26,20251226132000000,sh.600864,6.8300,6.8400,6.8200,6.8300,297700,2034496.0000,3
2025-12-26,20251226132500000,sh.600864,6.8300,6.8400,6.8300,6.8400,352800,2411248.0000,3
2025-12-26,20251226133000000,sh.600864,6.8400,6.8400,6.8200,6.8300,364900,2492912.0000,3
2025-12-26,20251226133500000,sh.600864,6.8300,6.8400,6.8200,6.8300,241400,1648208.0000,3
2025-12-26,20251226134000000,sh.600864,6.8300,6.8400,6.8300,6.8400,133100,910032.0000,3
2025-12-26,20251226134500000,sh.600864,6.8300,6.8400,6.8300,6.8300,75600,516832.0000,3
2025-12-26,20251226135000000,sh.600864,6.8400,6.8400,6.8300,6.8400,194200,1327392.0000,3
2025-12-26,20251226135500000,sh.600864,6.8400,6.8500,6.8300,6.8400,389000,2661600.0000,3
2025-12-26,20251226140000000,sh.600864,6.8500,6.8500,6.8300,6.8400,194600,1331280.0000,3
2025-12-26,20251226140500000,sh.600864,6.8300,6.8500,6.8300,6.8400,133800,915648.0000,3
2025-12-26,20251226141000000,sh.600864,6.8500,6.8500,6.8300,6.8400,628400,4297488.0000,3
2025-12-26,20251226141500000,sh.600864,6.8400,6.8400,6.8300,6.8400,208300,1423392.0000,3
2025-12-26,20251226142000000,sh.600864,6.8400,6.8400,6.8200,6.8300,309800,2116400.0000,3
2025-12-26,20251226142500000,sh.600864,6.8300,6.8400,6.8200,6.8200,329700,2250560.0000,3
2025-12-26,20251226143000000,sh.600864,6.8200,6.8300,6.8100,6.8300,403000,2748560.0000,3
2025-12-26,20251226143500000,sh.600864,6.8300,6.8300,6.8100,6.8300,185700,1266720.0000,3
2025-12-26,20251226144000000,sh.600864,6.8200,6.8300,6.8200,6.8200,120400,821696.0000,3
2025-12-26,20251226144500000,sh.600864,6.8200,6.8300,6.8200,6.8300,235200,1605552.0000,3
2025-12-26,20251226145000000,sh.600864,6.8300,6.8300,6.8200,6.8300,472400,3223616.0000,3
2025-12-26,20251226145500000,sh.600864,6.8300,6.8300,6.8200,6.8300,675700,4610800.0000,3
2025-12-26,20251226150000000,sh.600864,6.8200,6.8400,6.8200,6.8300,510300,3483424.0000,3
2025-12-29,20251229093500000,sh.600864,6.8100,6.8300,6.8000,6.8200,1095300,7461232.0000,3
2025-12-29,20251229094000000,sh.600864,6.8100,6.8200,6.8000,6.8000,798100,5431158.0000,3
2025-12-29,20251229094500000,sh.600864,6.8000,6.8100,6.7900,6.7900,742100,5043418.0000,3
2025-12-29,20251229095000000,sh.600864,6.7900,6.8100,6.7900,6.8100,469200,3189734.0000,3
2025-12-29,20251229095500000,sh.600864,6.8000,6.8300,6.8000,6.8100,623600,4249124.0000,3
2025-12-29,20251229100000000,sh.600864,6.8100,6.8200,6.8000,6.8100,561800,3828990.0000,3
2025-12-29,20251229100500000,sh.600864,6.8000,6.8100,6.8000,6.8100,222900,1517112.0000,3
2025-12-29,20251229101000000,sh.600864,6.8000,6.8100,6.8000,6.8100,240600,1636300.0000,3
2025-12-29,20251229101500000,sh.600864,6.8100,6.8200,6.8000,6.8100,616400,4197556.0000,3
2025-12-29,20251229102000000,sh.600864,6.8100,6.8200,6.8100,6.8100,127300,867060.0000,3
2025-12-29,20251229102500000,sh.600864,6.8200,6.8200,6.8000,6.8000,419700,2858408.0000,3
2025-12-29,20251229103000000,sh.600864,6.8000,6.8100,6.7900,6.7900,857000,5826656.0000,3
2025-12-29,20251229103500000,sh.600864,6.7900,6.8000,6.7800,6.7900,773400,5250200.0000,3
2025-12-29,20251229104000000,sh.600864,6.7800,6.7900,6.7800,6.7800,389100,2640036.0000,3
2025-12-29,20251229104500000,sh.600864,6.7800,6.8000,6.7800,6.8000,266900,1812620.0000,3
2025-12-29,20251229105000000,sh.600864,6.7900,6.8000,6.7900,6.7900,211300,1436504.0000,3
2025-12-29,20251229105500000,sh.600864,6.7900,6.8000,6.7900,6.8000,154800,1051564.0000,3
2025-12-29,20251229110000000,sh.600864,6.7900,6.8000,6.7800,6.7800,462400,3139464.0000,3
2025-12-29,20251229110500000,sh.600864,6.7800,6.7900,6.7700,6.7700,1203700,8156520.0000,3
2025-12-29,20251229111000000,sh.600864,6.7700,6.7800,6.7700,6.7800,284700,1928216.0000,3
2025-12-29,20251229111500000,sh.600864,6.7700,6.7900,6.7700,6.7800,382300,2591832.0000,3
2025-12-29,20251229112000000,sh.600864,6.7800,6.7900,6.7700,6.7700,244700,1658896.0000,3
2025-12-29,20251229112500000,sh.600864,6.7700,6.7800,6.7600,6.7700,501900,3398264.0000,3
2025-12-29,20251229113000000,sh.600864,6.7600,6.7800,6.7600,6.7600,352500,2385944.0000,3
2025-12-29,20251229130500000,sh.600864,6.7700,6.7800,6.7600,6.7700,275700,1866320.0000,3
2025-12-29,20251229131000000,sh.600864,6.7600,6.7700,6.7600,6.7600,296300,2003664.0000,3
2025-12-29,20251229131500000,sh.600864,6.7600,6.7700,6.7500,6.7500,856400,5785696.0000,3
2025-12-29,20251229132000000,sh.600864,6.7500,6.7700,6.7500,6.7700,379200,2563296.0000,3
2025-12-29,20251229132500000,sh.600864,6.7600,6.7700,6.7600,6.7700,147300,996568.0000,3
2025-12-29,20251229133000000,sh.600864,6.7700,6.7700,6.7600,6.7700,224900,1521320.0000,3
2025-12-29,20251229133500000,sh.600864,6.7700,6.7800,6.7600,6.7800,263400,1783136.0000,3
2025-12-29,20251229134000000,sh.600864,6.7800,6.7800,6.7700,6.7800,47800,323840.0000,3
2025-12-29,20251229134500000,sh.600864,6.7700,6.7800,6.7700,6.7700,175000,1186280.0000,3
2025-12-29,20251229135000000,sh.600864,6.7800,6.7800,6.7700,6.7700,130000,881104.0000,3
2025-12-29,20251229135500000,sh.600864,6.7800,6.7800,6.7700,6.7700,215000,1457176.0000,3
2025-12-29,20251229140000000,sh.600864,6.7800,6.7800,6.7700,6.7700,165900,1124272.0000,3
2025-12-29,20251229140500000,sh.600864,6.7700,6.7800,6.7700,6.7700,180900,1224928.0000,3
2025-12-29,20251229141000000,sh.600864,6.7800,6.7800,6.7600,6.7600,218200,1477016.0000,3
2025-12-29,20251229141500000,sh.600864,6.7600,6.7700,6.7600,6.7700,153000,1035480.0000,3
2025-12-29,20251229142000000,sh.600864,6.7600,6.7700,6.7600,6.7600,107000,723632.0000,3
2025-12-29,20251229142500000,sh.600864,6.7700,6.7800,6.7600,6.7700,309300,2093520.0000,3
2025-12-29,20251229143000000,sh.600864,6.7600,6.7700,6.7500,6.7600,691300,4672992.0000,3
2025-12-29,20251229143500000,sh.600864,6.7600,6.7600,6.7500,6.7500,613700,4144104.0000,3
2025-12-29,20251229144000000,sh.600864,6.7500,6.7600,6.7400,6.7600,862100,5818600.0000,3
2025-12-29,20251229144500000,sh.600864,6.7500,6.7600,6.7500,6.7600,256800,1734664.0000,3
2025-12-29,20251229145000000,sh.600864,6.7600,6.7600,6.7500,6.7600,451000,3045416.0000,3
2025-12-29,20251229145500000,sh.600864,6.7600,6.7600,6.7500,6.7600,660000,4456592.0000,3
2025-12-29,20251229150000000,sh.600864,6.7500,6.7600,6.7500,6.7500,431700,2914392.0000,3
2025-12-30,20251230093500000,sh.600864,6.7400,6.7500,6.7300,6.7300,525800,3542162.0000,3
2025-12-30,20251230094000000,sh.600864,6.7400,6.7600,6.7300,6.7400,898000,6059329.0000,3
2025-12-30,20251230094500000,sh.600864,6.7500,6.7500,6.7200,6.7200,733300,4936889.0000,3
2025-12-30,20251230095000000,sh.600864,6.7200,6.7300,6.7100,6.7100,831100,5587612.0000,3
2025-12-30,20251230095500000,sh.600864,6.7200,6.7300,6.7200,6.7300,374400,2516688.0000,3
2025-12-30,20251230100000000,sh.600864,6.7300,6.7300,6.7100,6.7300,477600,3208824.0000,3
2025-12-30,20251230100500000,sh.600864,6.7200,6.7400,6.7200,6.7300,931200,6267052.0000,3
2025-12-30,20251230101000000,sh.600864,6.7300,6.7400,6.7200,6.7300,265300,1784240.0000,3
2025-12-30,20251230101500000,sh.600864,6.7300,6.7400,6.7300,6.7300,135600,913220.0000,3
2025-12-30,20251230102000000,sh.600864,6.7400,6.7500,6.7300,6.7500,492000,3316144.0000,3
2025-12-30,20251230102500000,sh.600864,6.7500,6.7500,6.7400,6.7400,431100,2907832.0000,3
2025-12-30,20251230103000000,sh.600864,6.7500,6.7500,6.7300,6.7400,212900,1434888.0000,3
2025-12-30,20251230103500000,sh.600864,6.7400,6.7400,6.7200,6.7300,424600,2857584.0000,3
2025-12-30,20251230104000000,sh.600864,6.7300,6.7300,6.7200,6.7300,435700,2930136.0000,3
2025-12-30,20251230104500000,sh.600864,6.7300,6.7300,6.7200,6.7300,89500,601876.0000,3
2025-12-30,20251230105000000,sh.600864,6.7300,6.7400,6.7200,6.7300,273700,1842108.0000,3
2025-12-30,20251230105500000,sh.600864,6.7300,6.7400,6.7300,6.7400,203400,1370380.0000,3
2025-12-30,20251230110000000,sh.600864,6.7400,6.7500,6.7400,6.7500,58500,394588.0000,3
2025-12-30,20251230110500000,sh.600864,6.7500,6.7500,6.7400,6.7500,17000,114688.0000,3
2025-12-30,20251230111000000,sh.600864,6.7500,6.7500,6.7300,6.7300,181900,1225828.0000,3
2025-12-30,20251230111500000,sh.600864,6.7300,6.7400,6.7200,6.7300,299200,2013396.0000,3
2025-12-30,20251230112000000,sh.600864,6.7300,6.7300,6.7200,6.7300,26900,181004.0000,3
2025-12-30,20251230112500000,sh.600864,6.7300,6.7300,6.7200,6.7200,86500,581392.0000,3
2025-12-30,20251230113000000,sh.600864,6.7300,6.7400,6.7200,6.7400,244600,1646944.0000,3
2025-12-30,20251230130500000,sh.600864,6.7400,6.7400,6.7300,6.7400,176700,1189468.0000,3
2025-12-30,20251230131000000,sh.600864,6.7300,6.7300,6.7200,6.7200,338800,2278888.0000,3
2025-12-30,20251230131500000,sh.600864,6.7300,6.7300,6.7200,6.7200,188900,1270728.0000,3
2025-12-30,20251230132000000,sh.600864,6.7300,6.7300,6.7100,6.7200,796800,5355000.0000,3
2025-12-30,20251230132500000,sh.600864,6.7200,6.7900,6.7200,6.7900,1383700,9341256.0000,3
2025-12-30,20251230133000000,sh.600864,6.7800,6.7900,6.7600,6.7800,1205500,8171072.0000,3
2025-12-30,20251230133500000,sh.600864,6.7800,6.7800,6.7600,6.7700,360000,2436408.0000,3
2025-12-30,20251230134000000,sh.600864,6.7700,6.7700,6.7400,6.7500,693300,4683072.0000,3
2025-12-30,20251230134500000,sh.600864,6.7400,6.7500,6.7400,6.7500,138900,937312.0000,3
2025-12-30,20251230135000000,sh.600864,6.7500,6.7600,6.7500,6.7500,215100,1452920.0000,3
2025-12-30,20251230135500000,sh.600864,6.7500,6.7600,6.7400,6.7500,273800,1848352.0000,3
2025-12-30,20251230140000000,sh.600864,6.7500,6.7500,6.7300,6.7400,571500,3852280.0000,3
2025-12-30,20251230140500000,sh.600864,6.7300,6.7400,6.7300,6.7400,202800,1365256.0000,3
2025-12-30,20251230141000000,sh.600864,6.7400,6.7400,6.7300,6.7300,75100,505632.0000,3
2025-12-30,20251230141500000,sh.600864,6.7300,6.7400,6.7300,6.7300,121800,820264.0000,3
2025-12-30,20251230142000000,sh.600864,6.7300,6.7400,6.7300,6.7300,116600,785352.0000,3
2025-12-30,20251230142500000,sh.600864,6.7300,6.7400,6.7300,6.7400,224400,1510592.0000,3
2025-12-30,20251230143000000,sh.600864,6.7300,6.7400,6.7300,6.7300,85000,572432.0000,3
2025-12-30,20251230143500000,sh.600864,6.7400,6.7400,6.7300,6.7400,65300,439616.0000,3
2025-12-30,20251230144000000,sh.600864,6.7300,6.7400,6.7200,6.7200,392600,2642240.0000,3
2025-12-30,20251230144500000,sh.600864,6.7200,6.7300,6.7200,6.7300,262600,1765896.0000,3
2025-12-30,20251230145000000,sh.600864,6.7300,6.7300,6.7200,6.7200,342100,2300240.0000,3
2025-12-30,20251230145500000,sh.600864,6.7300,6.7300,6.7200,6.7200,865400,5816808.0000,3
2025-12-30,20251230150000000,sh.600864,6.7300,6.7300,6.7100,6.7100,786100,5279480.0000,3
2025-12-31,20251231093500000,sh.600864,6.7300,6.7400,6.7100,6.7100,718100,4826442.0000,3
2025-12-31,20251231094000000,sh.600864,6.7100,6.7200,6.6900,6.7000,1169900,7842125.0000,3
2025-12-31,20251231094500000,sh.600864,6.7000,6.7100,6.6900,6.7000,723100,4843379.0000,3
2025-12-31,20251231095000000,sh.600864,6.7000,6.7000,6.6800,6.7000,1372200,9181618.0000,3
2025-12-31,20251231095500000,sh.600864,6.7000,6.7300,6.7000,6.7300,882400,5929594.0000,3
2025-12-31,20251231100000000,sh.600864,6.7200,6.7200,6.6900,6.7000,377500,2532614.0000,3
2025-12-31,20251231100500000,sh.600864,6.6900,6.7000,6.6800,6.6900,671700,4494264.0000,3
2025-12-31,20251231101000000,sh.600864,6.6900,6.7000,6.6800,6.7000,900200,6024008.0000,3
2025-12-31,20251231101500000,sh.600864,6.6900,6.7100,6.6800,6.6900,1099300,7363132.0000,3
2025-12-31,20251231102000000,sh.600864,6.6800,6.6900,6.6800,6.6900,470700,3147992.0000,3
2025-12-31,20251231102500000,sh.600864,6.6800,6.7000,6.6800,6.6900,555500,3714496.0000,3
2025-12-31,20251231103000000,sh.600864,6.7000,6.7000,6.6900,6.6900,148600,994588.0000,3
2025-12-31,20251231103500000,sh.600864,6.6900,6.7000,6.6900,6.6900,487200,3260124.0000,3
2025-12-31,20251231104000000,sh.600864,6.6900,6.7100,6.6900,6.6900,557600,3738032.0000,3
2025-12-31,20251231104500000,sh.600864,6.7000,6.7000,6.6900,6.6900,322000,2154912.0000,3
2025-12-31,20251231105000000,sh.600864,6.7000,6.7000,6.6900,6.7000,41900,280344.0000,3
2025-12-31,20251231105500000,sh.600864,6.7000,6.7000,6.6800,6.7000,443100,2964432.0000,3
2025-12-31,20251231110000000,sh.600864,6.7000,6.7000,6.6800,6.6800,248900,1663840.0000,3
2025-12-31,20251231110500000,sh.600864,6.6900,6.6900,6.6800,6.6900,292000,1951072.0000,3
2025-12-31,20251231111000000,sh.600864,6.6800,6.6900,6.6700,6.6800,860700,5749208.0000,3
2025-12-31,20251231111500000,sh.600864,6.6800,6.6800,6.6700,6.6800,685700,4574888.0000,3
2025-12-31,20251231112000000,sh.600864,6.6800,6.6800,6.6700,6.6800,110100,734744.0000,3
2025-12-31,20251231112500000,sh.600864,6.6800,6.6800,6.6700,6.6700,582500,3886248.0000,3
2025-12-31,20251231113000000,sh.600864,6.6700,6.6800,6.6700,6.6700,603000,4021776.0000,3
2025-12-31,20251231130500000,sh.600864,6.6700,6.6800,6.6600,6.6600,767200,5113040.0000,3
2025-12-31,20251231131000000,sh.600864,6.6700,6.6700,6.6600,6.6600,368300,2453504.0000,3
2025-12-31,20251231131500000,sh.600864,6.6700,6.6700,6.6600,6.6700,378700,2522752.0000,3
2025-12-31,20251231132000000,sh.600864,6.6700,6.6800,6.6600,6.6800,574700,3833616.0000,3
2025-12-31,20251231132500000,sh.600864,6.6800,6.6800,6.6700,6.6800,170900,1140784.0000,3
2025-12-31,20251231133000000,sh.600864,6.6700,6.6800,6.6700,6.6700,156800,1046560.0000,3
2025-12-31,20251231133500000,sh.600864,6.6700,6.6800,6.6600,6.6700,453200,3022880.0000,3
2025-12-31,20251231134000000,sh.600864,6.6700,6.6700,6.6600,6.6600,221000,1473128.0000,3
2025-12-31,20251231134500000,sh.600864,6.6700,6.6700,6.6600,6.6600,448200,2986360.0000,3
2025-12-31,20251231135000000,sh.600864,6.6700,6.6700,6.6500,6.6600,772800,5146872.0000,3
2025-12-31,20251231135500000,sh.600864,6.6500,6.6600,6.6500,6.6500,968700,6446040.0000,3
2025-12-31,20251231140000000,sh.600864,6.6600,6.6600,6.6400,6.6400,712200,4735712.0000,3
2025-12-31,20251231140500000,sh.600864,6.6400,6.6600,6.6400,6.6500,1034600,6878592.0000,3
2025-12-31,20251231141000000,sh.600864,6.6500,6.6600,6.6400,6.6600,296200,1969824.0000,3
2025-12-31,20251231141500000,sh.600864,6.6500,6.6600,6.6500,6.6500,156100,1038928.0000,3
2025-12-31,20251231142000000,sh.600864,6.6600,6.6600,6.6500,6.6600,173000,1150800.0000,3
2025-12-31,20251231142500000,sh.600864,6.6600,6.6600,6.6500,6.6600,163800,1089568.0000,3
2025-12-31,20251231143000000,sh.600864,6.6600,6.6600,6.6500,6.6600,502000,3340352.0000,3
2025-12-31,20251231143500000,sh.600864,6.6600,6.6600,6.6400,6.6500,713200,4741120.0000,3
2025-12-31,20251231144000000,sh.600864,6.6500,6.6500,6.6400,6.6500,292100,1941152.0000,3
2025-12-31,20251231144500000,sh.600864,6.6500,6.6500,6.6400,6.6400,946500,6287120.0000,3
2025-12-31,20251231145000000,sh.600864,6.6400,6.6500,6.6300,6.6300,985900,6545888.0000,3
2025-12-31,20251231145500000,sh.600864,6.6400,6.6500,6.6300,6.6500,1429400,9491968.0000,3
2025-12-31,20251231150000000,sh.600864,6.6500,6.6500,6.6300,6.6400,694000,4606624.0000,3
2026-01-05,20260105093500000,sh.600864,6.6500,6.6600,6.6200,6.6300,1909900,12687573.0000,3
2026-01-05,20260105094000000,sh.600864,6.6200,6.6500,6.6200,6.6400,1061901,7044900.0000,3
2026-01-05,20260105094500000,sh.600864,6.6300,6.6600,6.6300,6.6500,929700,6179519.0000,3
2026-01-05,20260105095000000,sh.600864,6.6600,6.6600,6.6500,6.6600,515600,3432375.0000,3
2026-01-05,20260105095500000,sh.600864,6.6600,6.6700,6.6500,6.6600,878100,5847058.0000,3
2026-01-05,20260105100000000,sh.600864,6.6500,6.6600,6.6500,6.6500,286500,1905743.0000,3
2026-01-05,20260105100500000,sh.600864,6.6500,6.6700,6.6500,6.6600,917800,6112935.0000,3
2026-01-05,20260105101000000,sh.600864,6.6600,6.6700,6.6500,6.6700,879700,5858824.0000,3
2026-01-05,20260105101500000,sh.600864,6.6600,6.6700,6.6500,6.6600,327800,2183167.0000,3
2026-01-05,20260105102000000,sh.600864,6.6600,6.6800,6.6600,6.6800,864800,5769151.0000,3
2026-01-05,20260105102500000,sh.600864,6.6700,6.6900,6.6700,6.6800,628000,4194323.0000,3
2026-01-05,20260105103000000,sh.600864,6.6800,6.6900,6.6700,6.6900,566300,3782567.0000,3
2026-01-05,20260105103500000,sh.600864,6.6900,6.7000,6.6800,6.7000,1446300,9680131.0000,3
2026-01-05,20260105104000000,sh.600864,6.6900,6.7000,6.6800,6.6900,259700,1737234.0000,3
2026-01-05,20260105104500000,sh.600864,6.6900,6.6900,6.6800,6.6900,157800,1054423.0000,3
2026-01-05,20260105105000000,sh.600864,6.6900,6.7100,6.6800,6.7100,1136500,7611192.0000,3
2026-01-05,20260105105500000,sh.600864,6.7100,6.7100,6.7000,6.7100,471300,3161909.0000,3
2026-01-05,20260105110000000,sh.600864,6.7100,6.7100,6.6900,6.7000,813300,5451509.0000,3
2026-01-05,20260105110500000,sh.600864,6.7000,6.7100,6.6900,6.7000,473000,3168869.0000,3
2026-01-05,20260105111000000,sh.600864,6.7000,6.7100,6.6900,6.6900,246200,1649889.0000,3
2026-01-05,20260105111500000,sh.600864,6.6900,6.7000,6.6900,6.7000,79500,532500.0000,3
2026-01-05,20260105112000000,sh.600864,6.7000,6.7000,6.6900,6.7000,109800,734977.0000,3
2026-01-05,20260105112500000,sh.600864,6.7000,6.7000,6.6900,6.6900,86000,575547.0000,3
2026-01-05,20260105113000000,sh.600864,6.6900,6.7100,6.6900,6.7100,421800,2825944.0000,3
2026-01-05,20260105130500000,sh.600864,6.7100,6.7100,6.7000,6.7100,278400,1866638.0000,3
2026-01-05,20260105131000000,sh.600864,6.7100,6.7100,6.7000,6.7100,230800,1547302.0000,3
2026-01-05,20260105131500000,sh.600864,6.7100,6.7100,6.7000,6.7000,192900,1293536.0000,3
2026-01-05,20260105132000000,sh.600864,6.7000,6.7100,6.6800,6.6900,724000,4847905.0000,3
2026-01-05,20260105132500000,sh.600864,6.6900,6.7000,6.6800,6.7000,357100,2389478.0000,3
2026-01-05,20260105133000000,sh.600864,6.7000,6.7000,6.6900,6.7000,279200,1868256.0000,3
2026-01-05,20260105133500000,sh.600864,6.7000,6.7000,6.6700,6.6700,1440500,9630104.0000,3
2026-01-05,20260105134000000,sh.600864,6.6700,6.6900,6.6700,6.6900,355600,2376582.0000,3
2026-01-05,20260105134500000,sh.600864,6.6800,6.7000,6.6800,6.7000,357101,2388454.0000,3
2026-01-05,20260105135000000,sh.600864,6.7000,6.7000,6.6900,6.6900,249751,1672275.0000,3
2026-01-05,20260105135500000,sh.600864,6.6900,6.7100,6.6900,6.7000,493700,3307833.0000,3
2026-01-05,20260105140000000,sh.600864,6.7000,6.7100,6.6900,6.7100,587400,3935608.0000,3
2026-01-05,20260105140500000,sh.600864,6.7100,6.7100,6.7000,6.7000,654100,4385492.0000,3
2026-01-05,20260105141000000,sh.600864,6.7100,6.7200,6.7000,6.7200,1921334,12893341.0000,3
2026-01-05,20260105141500000,sh.600864,6.7200,6.7200,6.7100,6.7100,210500,1414133.0000,3
2026-01-05,20260105142000000,sh.600864,6.7100,6.7200,6.7000,6.7100,403900,2710081.0000,3
2026-01-05,20260105142500000,sh.600864,6.7000,6.7200,6.7000,6.7200,254800,1709433.0000,3
2026-01-05,20260105143000000,sh.600864,6.7200,6.7200,6.7100,6.7100,217700,1461605.0000,3
2026-01-05,20260105143500000,sh.600864,6.7100,6.7200,6.7100,6.7100,255400,1714522.0000,3
2026-01-05,20260105144000000,sh.600864,6.7100,6.7200,6.7000,6.7100,469600,3150684.0000,3
2026-01-05,20260105144500000,sh.600864,6.7100,6.7200,6.7000,6.7200,445801,2991822.0000,3
2026-01-05,20260105145000000,sh.600864,6.7100,6.7200,6.7000,6.7100,715500,4801546.0000,3
2026-01-05,20260105145500000,sh.600864,6.7200,6.7200,6.7100,6.7200,641200,4303520.0000,3
2026-01-05,20260105150000000,sh.600864,6.7200,6.7200,6.7100,6.7200,796000,5344437.0000,3
2026-01-06,20260106093500000,sh.600864,6.7100,6.7700,6.7100,6.7700,2305425,15545274.0000,3
2026-01-06,20260106094000000,sh.600864,6.7600,6.8200,6.7600,6.8200,4401889,29904289.0000,3
2026-01-06,20260106094500000,sh.600864,6.8100,6.8200,6.8000,6.8200,2769800,18861552.0000,3
2026-01-06,20260106095000000,sh.600864,6.8200,6.8800,6.8100,6.8700,4754400,32535072.0000,3
2026-01-06,20260106095500000,sh.600864,6.8700,6.9100,6.8600,6.9000,5980000,41217325.0000,3
2026-01-06,20260106100000000,sh.600864,6.9000,6.9100,6.8800,6.8800,3032800,20909325.0000,3
2026-01-06,20260106100500000,sh.600864,6.8800,6.9100,6.8700,6.9100,2488700,17145664.0000,3
2026-01-06,20260106101000000,sh.600864,6.9100,6.9200,6.9000,6.9100,1619100,11185526.0000,3
2026-01-06,20260106101500000,sh.600864,6.9000,6.9100,6.8900,6.8900,1053900,7269965.0000,3
2026-01-06,20260106102000000,sh.600864,6.8900,6.9100,6.8800,6.9100,1849200,12753972.0000,3
2026-01-06,20260106102500000,sh.600864,6.9100,6.9200,6.9000,6.9200,1168900,8083381.0000,3
2026-01-06,20260106103000000,sh.600864,6.9200,6.9200,6.8900,6.9000,1623600,11213183.0000,3
2026-01-06,20260106103500000,sh.600864,6.9000,6.9000,6.8900,6.9000,611907,4219585.0000,3
2026-01-06,20260106104000000,sh.600864,6.9000,6.9000,6.8500,6.8600,2347893,16138435.0000,3
2026-01-06,20260106104500000,sh.600864,6.8500,6.8600,6.8500,6.8600,1135400,7779687.0000,3
2026-01-06,20260106105000000,sh.600864,6.8600,6.8700,6.8500,6.8700,600300,4117035.0000,3
2026-01-06,20260106105500000,sh.600864,6.8700,6.8800,6.8600,6.8800,347500,2388587.0000,3
2026-01-06,20260106110000000,sh.600864,6.8800,6.9000,6.8800,6.9000,1169800,8061628.0000,3
2026-01-06,20260106110500000,sh.600864,6.8900,6.9100,6.8900,6.9000,1188200,8198948.0000,3
2026-01-06,20260106111000000,sh.600864,6.9000,6.9000,6.8900,6.8900,223400,1539966.0000,3
2026-01-06,20260106111500000,sh.600864,6.8900,6.9000,6.8900,6.8900,338600,2333794.0000,3
2026-01-06,20260106112000000,sh.600864,6.9000,6.9100,6.8900,6.9100,1069800,7382976.0000,3
2026-01-06,20260106112500000,sh.600864,6.9100,6.9200,6.9100,6.9200,1644400,11366767.0000,3
2026-01-06,20260106113000000,sh.600864,6.9200,6.9200,6.9000,6.9000,733700,5067833.0000,3
2026-01-06,20260106130500000,sh.600864,6.9100,6.9100,6.9000,6.9100,683300,4719957.0000,3
2026-01-06,20260106131000000,sh.600864,6.9000,6.9100,6.8900,6.9000,570400,3936707.0000,3
2026-01-06,20260106131500000,sh.600864,6.8900,6.9000,6.8900,6.9000,538776,3712805.0000,3
2026-01-06,20260106132000000,sh.600864,6.9000,6.9100,6.8900,6.9000,848000,5850943.0000,3
2026-01-06,20260106132500000,sh.600864,6.9100,6.9100,6.9000,6.9000,190000,1311988.0000,3
2026-01-06,20260106133000000,sh.600864,6.9000,6.9100,6.9000,6.9100,296000,2043931.0000,3
2026-01-06,20260106133500000,sh.600864,6.9100,6.9100,6.9000,6.9000,286600,1978623.0000,3
2026-01-06,20260106134000000,sh.600864,6.9100,6.9100,6.8900,6.9000,748800,5167484.0000,3
2026-01-06,20260106134500000,sh.600864,6.8900,6.9000,6.8800,6.8800,608724,4193082.0000,3
2026-01-06,20260106135000000,sh.600864,6.8800,6.8800,6.8700,6.8800,875700,6021070.0000,3
2026-01-06,20260106135500000,sh.600864,6.8800,6.8800,6.8700,6.8700,349800,2405803.0000,3
2026-01-06,20260106140000000,sh.600864,6.8700,6.8800,6.8700,6.8800,219000,1506125.0000,3
2026-01-06,20260106140500000,sh.600864,6.8800,6.8900,6.8700,6.8800,449591,3093273.0000,3
2026-01-06,20260106141000000,sh.600864,6.8800,6.8900,6.8800,6.8900,468100,3224312.0000,3
2026-01-06,20260106141500000,sh.600864,6.8900,6.9100,6.8900,6.9100,647176,4465082.0000,3
2026-01-06,20260106142000000,sh.600864,6.9000,6.9200,6.9000,6.9200,1504500,10396920.0000,3
2026-01-06,20260106142500000,sh.600864,6.9200,6.9400,6.9100,6.9400,2066000,14303861.0000,3
2026-01-06,20260106143000000,sh.600864,6.9400,6.9600,6.9300,6.9400,2733600,18992715.0000,3
2026-01-06,20260106143500000,sh.600864,6.9300,6.9400,6.9300,6.9300,466500,3235594.0000,3
2026-01-06,20260106144000000,sh.600864,6.9400,6.9400,6.9300,6.9300,808700,5610497.0000,3
2026-01-06,20260106144500000,sh.600864,6.9400,6.9400,6.9100,6.9200,1238300,8579690.0000,3
2026-01-06,20260106145000000,sh.600864,6.9200,6.9300,6.9200,6.9200,936400,6484543.0000,3
2026-01-06,20260106145500000,sh.600864,6.9300,6.9300,6.9200,6.9200,1037200,7182268.0000,3
2026-01-06,20260106150000000,sh.600864,6.9300,6.9400,6.9200,6.9400,2064500,14309201.0000,3
2026-01-07,20260107093500000,sh.600864,6.9400,6.9400,6.8900,6.9000,3744300,25894207.0000,3
2026-01-07,20260107094000000,sh.600864,6.8900,6.9300,6.8900,6.9200,2636300,18202836.0000,3
2026-01-07,20260107094500000,sh.600864,6.9200,6.9300,6.9100,6.9100,1510400,10447590.0000,3
2026-01-07,20260107095000000,sh.600864,6.9200,6.9500,6.9100,6.9300,1729300,11994638.0000,3
2026-01-07,20260107095500000,sh.600864,6.9300,6.9400,6.9200,6.9200,1254500,8689331.0000,3
2026-01-07,20260107100000000,sh.600864,6.9100,6.9200,6.9000,6.9000,1234100,8525749.0000,3
2026-01-07,20260107100500000,sh.600864,6.9000,6.9100,6.8900,6.9000,1044300,7206043.0000,3
2026-01-07,20260107101000000,sh.600864,6.9000,6.9100,6.8900,6.9100,638000,4404136.0000,3
2026-01-07,20260107101500000,sh.600864,6.9000,6.9100,6.9000,6.9000,645500,4454863.0000,3
2026-01-07,20260107102000000,sh.600864,6.8900,6.9100,6.8700,6.8800,1826500,12583676.0000,3
2026-01-07,20260107102500000,sh.600864,6.8800,6.8900,6.8600,6.8700,1178100,8097871.0000,3
2026-01-07,20260107103000000,sh.600864,6.8700,6.8800,6.8600,6.8800,1367809,9396847.0000,3
2026-01-07,20260107103500000,sh.600864,6.8800,6.8900,6.8800,6.8800,527900,3632041.0000,3
2026-01-07,20260107104000000,sh.600864,6.8800,6.8900,6.8800,6.8800,380700,2621265.0000,3
2026-01-07,20260107104500000,sh.600864,6.8800,6.8900,6.8800,6.8800,260100,1790300.0000,3
2026-01-07,20260107105000000,sh.600864,6.8800,6.8900,6.8800,6.8800,220600,1518280.0000,3
2026-01-07,20260107105500000,sh.600864,6.8800,6.8900,6.8800,6.8800,156100,1074229.0000,3
2026-01-07,20260107110000000,sh.600864,6.8800,6.8900,6.8700,6.8800,550900,3790810.0000,3
2026-01-07,20260107110500000,sh.600864,6.8800,6.8900,6.8800,6.8800,439700,3025996.0000,3
2026-01-07,20260107111000000,sh.600864,6.8800,6.9000,6.8800,6.9000,899700,6198549.0000,3
2026-01-07,20260107111500000,sh.600864,6.9000,6.9000,6.8800,6.8800,446600,3075025.0000,3
2026-01-07,20260107112000000,sh.600864,6.8900,6.8900,6.8700,6.8800,251600,1731134.0000,3
2026-01-07,20260107112500000,sh.600864,6.8800,6.9000,6.8800,6.8900,372100,2563268.0000,3
2026-01-07,20260107113000000,sh.600864,6.8900,6.9200,6.8900,6.9100,1114300,7695964.0000,3
2026-01-07,20260107130500000,sh.600864,6.9100,6.9100,6.8800,6.8900,617800,4262818.0000,3
2026-01-07,20260107131000000,sh.600864,6.8800,6.8900,6.8800,6.8900,149100,1026671.0000,3
2026-01-07,20260107131500000,sh.600864,6.8800,6.8900,6.8800,6.8800,223700,1540363.0000,3
2026-01-07,20260107132000000,sh.600864,6.8800,6.8900,6.8800,6.8800,472100,3249070.0000,3
2026-01-07,20260107132500000,sh.600864,6.8800,6.8900,6.8600,6.8700,1131300,7774772.0000,3
2026-01-07,20260107133000000,sh.600864,6.8600,6.8700,6.8500,6.8600,1383100,9485734.0000,3
2026-01-07,20260107133500000,sh.600864,6.8600,6.8600,6.8500,6.8600,688376,4718225.0000,3
2026-01-07,20260107134000000,sh.600864,6.8600,6.8700,6.8500,6.8500,556700,3818016.0000,3
2026-01-07,20260107134500000,sh.600864,6.8500,6.8600,6.8300,6.8400,1212424,8292629.0000,3
2026-01-07,20260107135000000,sh.600864,6.8400,6.8400,6.8300,6.8300,476900,3258395.0000,3
2026-01-07,20260107135500000,sh.600864,6.8400,6.8600,6.8300,6.8500,708600,4847956.0000,3
2026-01-07,20260107140000000,sh.600864,6.8500,6.8600,6.8400,6.8500,369100,2528123.0000,3
2026-01-07,20260107140500000,sh.600864,6.8600,6.8600,6.8500,6.8500,308225,2110186.0000,3
2026-01-07,20260107141000000,sh.600864,6.8500,6.8700,6.8500,6.8600,360200,2470466.0000,3
2026-01-07,20260107141500000,sh.600864,6.8600,6.8700,6.8500,6.8600,532800,3655239.0000,3
2026-01-07,20260107142000000,sh.600864,6.8600,6.8700,6.8500,6.8500,169400,1161758.0000,3
2026-01-07,20260107142500000,sh.600864,6.8500,6.8600,6.8500,6.8500,203400,1394149.0000,3
2026-01-07,20260107143000000,sh.600864,6.8500,6.8600,6.8500,6.8500,221100,1514764.0000,3
2026-01-07,20260107143500000,sh.600864,6.8500,6.8500,6.8300,6.8400,813100,5561609.0000,3
2026-01-07,20260107144000000,sh.600864,6.8400,6.8500,6.8300,6.8500,346600,2371577.0000,3
2026-01-07,20260107144500000,sh.600864,6.8400,6.8500,6.8300,6.8300,519601,3553690.0000,3
2026-01-07,20260107145000000,sh.600864,6.8300,6.8400,6.8300,6.8300,764300,5223067.0000,3
2026-01-07,20260107145500000,sh.600864,6.8300,6.8400,6.8300,6.8300,1682300,11496125.0000,3
2026-01-07,20260107150000000,sh.600864,6.8300,6.8400,6.8300,6.8300,791600,5409017.0000,3
2026-01-08,20260108093500000,sh.600864,6.8400,6.8400,6.8100,6.8300,3251900,22185955.0000,3
2026-01-08,20260108094000000,sh.600864,6.8300,6.8400,6.8200,6.8300,1812600,12384878.0000,3
2026-01-08,20260108094500000,sh.600864,6.8300,6.8300,6.8100,6.8200,1036818,7071353.0000,3
2026-01-08,20260108095000000,sh.600864,6.8200,6.8300,6.8200,6.8300,921800,6290317.0000,3
2026-01-08,20260108095500000,sh.600864,6.8300,6.8500,6.8300,6.8400,1070100,7323780.0000,3
2026-01-08,20260108100000000,sh.600864,6.8400,6.9000,6.8300,6.9000,2747869,18888405.0000,3
2026-01-08,20260108100500000,sh.600864,6.9000,6.9400,6.8900,6.9300,3270539,22596102.0000,3
2026-01-08,20260108101000000,sh.600864,6.9300,6.9600,6.9100,6.9600,5034700,34938074.0000,3
2026-01-08,20260108101500000,sh.600864,6.9600,6.9600,6.9100,6.9100,2210600,15332443.0000,3
2026-01-08,20260108102000000,sh.600864,6.9100,6.9200,6.9000,6.9200,1273100,8803095.0000,3
2026-01-08,20260108102500000,sh.600864,6.9100,6.9200,6.9000,6.9000,1003400,6929892.0000,3
2026-01-08,20260108103000000,sh.600864,6.9000,6.9300,6.8900,6.9200,780552,5393377.0000,3
2026-01-08,20260108103500000,sh.600864,6.9200,6.9300,6.9100,6.9200,494400,3420472.0000,3
2026-01-08,20260108104000000,sh.600864,6.9100,6.9100,6.8900,6.9000,1091600,7537065.0000,3
2026-01-08,20260108104500000,sh.600864,6.9000,6.9200,6.9000,6.9100,607300,4195759.0000,3
2026-01-08,20260108105000000,sh.600864,6.9200,6.9600,6.9100,6.9400,2220300,15419256.0000,3
2026-01-08,20260108105500000,sh.600864,6.9400,6.9600,6.9400,6.9500,2234224,15535162.0000,3
2026-01-08,20260108110000000,sh.600864,6.9500,6.9500,6.9400,6.9500,374200,2598880.0000,3
2026-01-08,20260108110500000,sh.600864,6.9500,6.9500,6.9300,6.9300,886725,6156373.0000,3
2026-01-08,20260108111000000,sh.600864,6.9400,6.9400,6.9200,6.9400,610800,4232788.0000,3
2026-01-08,20260108111500000,sh.600864,6.9400,6.9400,6.9200,6.9300,417200,2891084.0000,3
2026-01-08,20260108112000000,sh.600864,6.9200,6.9300,6.9200,6.9200,222600,1541218.0000,3
2026-01-08,20260108112500000,sh.600864,6.9300,6.9400,6.9200,6.9400,384100,2662543.0000,3
2026-01-08,20260108113000000,sh.600864,6.9400,6.9400,6.9300,6.9400,447400,3103065.0000,3
2026-01-08,20260108130500000,sh.600864,6.9400,6.9400,6.9200,6.9200,1042400,7219711.0000,3
2026-01-08,20260108131000000,sh.600864,6.9200,6.9500,6.9200,6.9300,1986991,13778362.0000,3
2026-01-08,20260108131500000,sh.600864,6.9400,6.9500,6.9300,6.9500,848400,5891320.0000,3
2026-01-08,20260108132000000,sh.600864,6.9500,6.9500,6.9400,6.9400,547800,3805676.0000,3
2026-01-08,20260108132500000,sh.600864,6.9500,6.9600,6.9400,6.9600,923669,6421273.0000,3
2026-01-08,20260108133000000,sh.600864,6.9500,6.9600,6.9400,6.9400,578500,4020048.0000,3
2026-01-08,20260108133500000,sh.600864,6.9400,6.9500,6.9300,6.9400,1239500,8601627.0000,3
2026-01-08,20260108134000000,sh.600864,6.9300,6.9400,6.9300,6.9400,204700,1419578.0000,3
2026-01-08,20260108134500000,sh.600864,6.9300,6.9400,6.9200,6.9300,381600,2644801.0000,3
2026-01-08,20260108135000000,sh.600864,6.9300,6.9400,6.9200,6.9300,608400,4216262.0000,3
2026-01-08,20260108135500000,sh.600864,6.9300,6.9300,6.9100,6.9200,857200,5931682.0000,3
2026-01-08,20260108140000000,sh.600864,6.9200,6.9300,6.9200,6.9300,370100,2562755.0000,3
2026-01-08,20260108140500000,sh.600864,6.9300,6.9300,6.9200,6.9200,219000,1517413.0000,3
2026-01-08,20260108141000000,sh.600864,6.9200,6.9300,6.9100,6.9100,1004000,6946794.0000,3
2026-01-08,20260108141500000,sh.600864,6.9100,6.9100,6.8900,6.8900,1663300,11477896.0000,3
2026-01-08,20260108142000000,sh.600864,6.8900,6.9000,6.8900,6.9000,388500,2677804.0000,3
2026-01-08,20260108142500000,sh.600864,6.9000,6.9100,6.8900,6.9100,1083700,7479227.0000,3
2026-01-08,20260108143000000,sh.600864,6.9100,6.9100,6.9000,6.9100,452100,3123024.0000,3
2026-01-08,20260108143500000,sh.600864,6.9100,6.9200,6.9000,6.9200,971000,6715104.0000,3
2026-01-08,20260108144000000,sh.600864,6.9200,6.9300,6.9200,6.9300,994200,6886010.0000,3
2026-01-08,20260108144500000,sh.600864,6.9300,6.9300,6.9100,6.9200,670600,4640610.0000,3
2026-01-08,20260108145000000,sh.600864,6.9200,6.9300,6.9200,6.9300,1683504,11663543.0000,3
2026-01-08,20260108145500000,sh.600864,6.9300,6.9400,6.9200,6.9400,1994290,13823385.0000,3
2026-01-08,20260108150000000,sh.600864,6.9400,6.9400,6.9300,6.9300,1740500,12062618.0000,3
2026-01-09,20260109093500000,sh.600864,6.9300,6.9600,6.8900,6.9100,4702569,32566365.0000,3
2026-01-09,20260109094000000,sh.600864,6.9100,6.9200,6.8900,6.9100,2342409,16166878.0000,3
2026-01-09,20260109094500000,sh.600864,6.9100,6.9200,6.9100,6.9100,548100,3788690.0000,3
2026-01-09,20260109095000000,sh.600864,6.9100,6.9300,6.9100,6.9300,1381500,9561764.0000,3
2026-01-09,20260109095500000,sh.600864,6.9300,6.9500,6.9200,6.9500,1841700,12781289.0000,3
2026-01-09,20260109100000000,sh.600864,6.9300,6.9600,6.9300,6.9600,1385000,9622693.0000,3
2026-01-09,20260109100500000,sh.600864,6.9500,6.9600,6.9400,6.9500,1447000,10062625.0000,3
2026-01-09,20260109101000000,sh.600864,6.9500,6.9600,6.9300,6.9500,2130990,14800570.0000,3
2026-01-09,20260109101500000,sh.600864,6.9500,6.9600,6.9400,6.9400,1074001,7460014.0000,3
2026-01-09,20260109102000000,sh.600864,6.9400,6.9500,6.9300,6.9400,1034699,7177111.0000,3
2026-01-09,20260109102500000,sh.600864,6.9400,6.9400,6.9300,6.9300,593400,4114877.0000,3
2026-01-09,20260109103000000,sh.600864,6.9300,6.9400,6.9200,6.9400,1303300,9028536.0000,3
2026-01-09,20260109103500000,sh.600864,6.9300,6.9400,6.9100,6.9200,1440800,9967723.0000,3
2026-01-09,20260109104000000,sh.600864,6.9300,6.9300,6.9200,6.9300,1216055,8420375.0000,3
2026-01-09,20260109104500000,sh.600864,6.9300,6.9400,6.9200,6.9400,1221400,8457793.0000,3
2026-01-09,20260109105000000,sh.600864,6.9400,6.9600,6.9400,6.9600,2660100,18481723.0000,3
2026-01-09,20260109105500000,sh.600864,6.9600,6.9600,6.9300,6.9400,1102300,7657816.0000,3
2026-01-09,20260109110000000,sh.600864,6.9300,6.9400,6.9300,6.9300,756200,5243702.0000,3
2026-01-09,20260109110500000,sh.600864,6.9400,6.9400,6.9100,6.9200,1742800,12082493.0000,3
2026-01-09,20260109111000000,sh.600864,6.9200,6.9200,6.9000,6.9000,1744700,12053726.0000,3
2026-01-09,20260109111500000,sh.600864,6.9000,6.9200,6.9000,6.9100,159700,1104406.0000,3
2026-01-09,20260109112000000,sh.600864,6.9200,6.9200,6.9000,6.9100,559700,3866813.0000,3
2026-01-09,20260109112500000,sh.600864,6.9100,6.9200,6.8800,6.8900,1286500,8871840.0000,3
2026-01-09,20260109113000000,sh.600864,6.8900,6.9000,6.8800,6.9000,806900,5560142.0000,3
2026-01-09,20260109130500000,sh.600864,6.9000,6.9000,6.8800,6.8800,594000,4092590.0000,3
2026-01-09,20260109131000000,sh.600864,6.8800,6.9000,6.8800,6.8900,507000,3492330.0000,3
2026-01-09,20260109131500000,sh.600864,6.8900,6.9000,6.8900,6.9000,277200,1911704.0000,3
2026-01-09,20260109132000000,sh.600864,6.9000,6.9000,6.8900,6.9000,270400,1864781.0000,3
2026-01-09,20260109132500000,sh.600864,6.8900,6.9000,6.8800,6.8900,473101,3259947.0000,3
2026-01-09,20260109133000000,sh.600864,6.8900,6.9000,6.8800,6.9000,409400,2820093.0000,3
2026-01-09,20260109133500000,sh.600864,6.9000,6.9000,6.8900,6.8900,291000,2005282.0000,3
2026-01-09,20260109134000000,sh.600864,6.8900,6.9000,6.8900,6.9000,406000,2800445.0000,3
2026-01-09,20260109134500000,sh.600864,6.9000,6.9000,6.8900,6.8900,184000,1268982.0000,3
2026-01-09,20260109135000000,sh.600864,6.8900,6.9000,6.8900,6.9000,408000,2813903.0000,3
2026-01-09,20260109135500000,sh.600864,6.9000,6.9100,6.8900,6.9000,317300,2189052.0000,3
2026-01-09,20260109140000000,sh.600864,6.9000,6.9100,6.8900,6.9100,373000,2573314.0000,3
2026-01-09,20260109140500000,sh.600864,6.9100,6.9100,6.9000,6.9100,456500,3153227.0000,3
2026-01-09,20260109141000000,sh.600864,6.9100,6.9200,6.9000,6.9200,393700,2721973.0000,3
2026-01-09,20260109141500000,sh.600864,6.9200,6.9200,6.9100,6.9100,207000,1431648.0000,3
2026-01-09,20260109142000000,sh.600864,6.9100,6.9100,6.9000,6.9100,891100,6151975.0000,3
2026-01-09,20260109142500000,sh.600864,6.9100,6.9200,6.9000,6.9100,416500,2877612.0000,3
2026-01-09,20260109143000000,sh.600864,6.9200,6.9300,6.9100,6.9300,356500,2467181.0000,3
2026-01-09,20260109143500000,sh.600864,6.9300,6.9300,6.9100,6.9200,482100,3334965.0000,3
2026-01-09,20260109144000000,sh.600864,6.9200,6.9300,6.9100,6.9300,775000,5364836.0000,3
2026-01-09,20260109144500000,sh.600864,6.9200,6.9400,6.9200,6.9400,1240503,8599883.0000,3
2026-01-09,20260109145000000,sh.600864,6.9300,6.9400,6.9300,6.9400,1266885,8789784.0000,3
2026-01-09,20260109145500000,sh.600864,6.9400,6.9600,6.9400,6.9500,1900100,13200366.0000,3
2026-01-09,20260109150000000,sh.600864,6.9600,6.9600,6.9500,6.9600,1923700,13384512.0000,3
2026-01-12,20260112093500000,sh.600864,6.9400,6.9600,6.9300,6.9400,3094700,21502414.0000,3
2026-01-12,20260112094000000,sh.600864,6.9400,6.9700,6.9400,6.9400,2274500,15822002.0000,3
2026-01-12,20260112094500000,sh.600864,6.9400,6.9600,6.9400,6.9600,2053200,14284091.0000,3
2026-01-12,20260112095000000,sh.600864,6.9600,6.9800,6.9600,6.9700,1235388,8608422.0000,3
2026-01-12,20260112095500000,sh.600864,6.9600,7.0200,6.9600,6.9900,4550800,31815874.0000,3
2026-01-12,20260112100000000,sh.600864,6.9900,7.0200,6.9900,7.0100,3054400,21400619.0000,3
2026-01-12,20260112100500000,sh.600864,7.0100,7.0200,7.0000,7.0000,1422200,9971806.0000,3
2026-01-12,20260112101000000,sh.600864,7.0000,7.0200,7.0000,7.0200,1585055,11112737.0000,3
2026-01-12,20260112101500000,sh.600864,7.0300,7.0700,7.0300,7.0600,4991200,35183724.0000,3
2026-01-12,20260112102000000,sh.600864,7.0600,7.0700,7.0500,7.0500,1572100,11098204.0000,3
2026-01-12,20260112102500000,sh.600864,7.0600,7.0600,7.0400,7.0600,1985300,13995323.0000,3
2026-01-12,20260112103000000,sh.600864,7.0600,7.1600,7.0500,7.1500,5594901,39744974.0000,3
2026-01-12,20260112103500000,sh.600864,7.1500,7.1500,7.0900,7.0900,2945400,20953664.0000,3
2026-01-12,20260112104000000,sh.600864,7.0900,7.1200,7.0900,7.1100,1452000,10314313.0000,3
2026-01-12,20260112104500000,sh.600864,7.1100,7.1300,7.1000,7.1300,1330800,9470976.0000,3
2026-01-12,20260112105000000,sh.600864,7.1300,7.1800,7.1300,7.1500,3881704,27775657.0000,3
2026-01-12,20260112105500000,sh.600864,7.1600,7.1800,7.1400,7.1600,3055200,21878064.0000,3
2026-01-12,20260112110000000,sh.600864,7.1600,7.1700,7.1400,7.1500,1464100,10468597.0000,3
2026-01-12,20260112110500000,sh.600864,7.1500,7.1500,7.1200,7.1300,1491700,10649431.0000,3
2026-01-12,20260112111000000,sh.600864,7.1300,7.1400,7.1300,7.1300,664600,4743949.0000,3
2026-01-12,20260112111500000,sh.600864,7.1400,7.1600,7.1300,7.1600,1651600,11799958.0000,3
2026-01-12,20260112112000000,sh.600864,7.1600,7.1900,7.1600,7.1700,3858700,27679844.0000,3
2026-01-12,20260112112500000,sh.600864,7.1800,7.2100,7.1700,7.2000,5073700,36517459.0000,3
2026-01-12,20260112113000000,sh.600864,7.2100,7.2200,7.1800,7.1900,2214600,15948504.0000,3
2026-01-12,20260112130500000,sh.600864,7.2000,7.2100,7.1800,7.1900,2688900,19345314.0000,3
2026-01-12,20260112131000000,sh.600864,7.1900,7.2000,7.1700,7.1700,1262200,9067968.0000,3
2026-01-12,20260112131500000,sh.600864,7.1600,7.1700,7.1500,7.1500,1054600,7549293.0000,3
2026-01-12,20260112132000000,sh.600864,7.1400,7.1500,7.1200,7.1500,965700,6890781.0000,3
2026-01-12,20260112132500000,sh.600864,7.1500,7.1600,7.1400,7.1500,631100,4510392.0000,3
2026-01-12,20260112133000000,sh.600864,7.1600,7.1700,7.1500,7.1500,649300,4646125.0000,3
2026-01-12,20260112133500000,sh.600864,7.1600,7.1600,7.1500,7.1600,428700,3066830.0000,3
2026-01-12,20260112134000000,sh.600864,7.1500,7.1700,7.1400,7.1500,965900,6908677.0000,3
2026-01-12,20260112134500000,sh.600864,7.1600,7.1600,7.1400,7.1400,525500,3758006.0000,3
2026-01-12,20260112135000000,sh.600864,7.1400,7.1600,7.1400,7.1600,824300,5895633.0000,3
2026-01-12,20260112135500000,sh.600864,7.1600,7.1600,7.1500,7.1500,299000,2138283.0000,3
2026-01-12,20260112140000000,sh.600864,7.1500,7.1600,7.1500,7.1600,500100,3578679.0000,3
2026-01-12,20260112140500000,sh.600864,7.1600,7.1700,7.1500,7.1700,532777,3816054.0000,3
2026-01-12,20260112141000000,sh.600864,7.1600,7.1700,7.1500,7.1600,519400,3720727.0000,3
2026-01-12,20260112141500000,sh.600864,7.1500,7.1700,7.1500,7.1600,560400,4011858.0000,3
2026-01-12,20260112142000000,sh.600864,7.1700,7.1800,7.1600,7.1700,634700,4551091.0000,3
2026-01-12,20260112142500000,sh.600864,7.1700,7.1900,7.1700,7.1800,726300,5214408.0000,3
2026-01-12,20260112143000000,sh.600864,7.1800,7.1900,7.1800,7.1800,510300,3666084.0000,3
2026-01-12,20260112143500000,sh.600864,7.1800,7.1900,7.1500,7.1500,1848100,13268253.0000,3
2026-01-12,20260112144000000,sh.600864,7.1500,7.1700,7.1500,7.1700,753100,5391049.0000,3
2026-01-12,20260112144500000,sh.600864,7.1700,7.1700,7.1500,7.1600,840200,6016662.0000,3
2026-01-12,20260112145000000,sh.600864,7.1500,7.1600,7.1500,7.1600,1122500,8029852.0000,3
2026-01-12,20260112145500000,sh.600864,7.1600,7.1700,7.1500,7.1600,1800318,12885237.0000,3
2026-01-12,20260112150000000,sh.600864,7.1700,7.1700,7.1600,7.1700,1974300,14147497.0000,3
2026-01-13,20260113093500000,sh.600864,7.1300,7.1900,7.1000,7.1000,5020700,35844275.0000,3
2026-01-13,20260113094000000,sh.600864,7.1000,7.1200,7.0900,7.1000,3902600,27703579.0000,3
2026-01-13,20260113094500000,sh.600864,7.1100,7.1200,7.1000,7.1200,2973461,21136719.0000,3
2026-01-13,20260113095000000,sh.600864,7.1200,7.1700,7.1200,7.1500,2806816,20072854.0000,3
2026-01-13,20260113095500000,sh.600864,7.1500,7.1600,7.1200,7.1300,2079778,14854043.0000,3
2026-01-13,20260113100000000,sh.600864,7.1300,7.1400,7.1200,7.1300,1387200,9888716.0000,3
2026-01-13,20260113100500000,sh.600864,7.1300,7.1700,7.1200,7.1600,1509200,10779554.0000,3
2026-01-13,20260113101000000,sh.600864,7.1700,7.1900,7.1600,7.1700,2086400,14979749.0000,3
2026-01-13,20260113101500000,sh.600864,7.1600,7.1900,7.1500,7.1500,1864700,13373448.0000,3
2026-01-13,20260113102000000,sh.600864,7.1500,7.1600,7.1400,7.1500,731339,5227339.0000,3
2026-01-13,20260113102500000,sh.600864,7.1500,7.1500,7.1200,7.1400,987961,7042714.0000,3
2026-01-13,20260113103000000,sh.600864,7.1400,7.1400,7.1200,7.1300,732800,5223748.0000,3
2026-01-13,20260113103500000,sh.600864,7.1200,7.1300,7.0900,7.0900,1526800,10849188.0000,3
2026-01-13,20260113104000000,sh.600864,7.0900,7.1200,7.0900,7.0900,964300,6844105.0000,3
2026-01-13,20260113104500000,sh.600864,7.1000,7.1200,7.1000,7.1200,809800,5756397.0000,3
2026-01-13,20260113105000000,sh.600864,7.1200,7.1300,7.1100,7.1300,533000,3793544.0000,3
2026-01-13,20260113105500000,sh.600864,7.1200,7.1300,7.1100,7.1100,522800,3723720.0000,3
2026-01-13,20260113110000000,sh.600864,7.1100,7.1200,7.1100,7.1200,213484,1518796.0000,3
2026-01-13,20260113110500000,sh.600864,7.1200,7.1200,7.1100,7.1200,345600,2458476.0000,3
2026-01-13,20260113111000000,sh.600864,7.1200,7.1400,7.1200,7.1300,518300,3692306.0000,3
2026-01-13,20260113111500000,sh.600864,7.1300,7.1400,7.1300,7.1300,412800,2944392.0000,3
2026-01-13,20260113112000000,sh.600864,7.1400,7.1400,7.1200,7.1300,723700,5160660.0000,3
2026-01-13,20260113112500000,sh.600864,7.1200,7.1400,7.1100,7.1100,478400,3407046.0000,3
2026-01-13,20260113113000000,sh.600864,7.1100,7.1200,7.1000,7.1200,912616,6489376.0000,3
2026-01-13,20260113130500000,sh.600864,7.1100,7.1400,7.1000,7.1200,898500,6400359.0000,3
2026-01-13,20260113131000000,sh.600864,7.1300,7.1300,7.1100,7.1100,321400,2288464.0000,3
2026-01-13,20260113131500000,sh.600864,7.1100,7.1200,7.0900,7.0900,765400,5435572.0000,3
2026-01-13,20260113132000000,sh.600864,7.0900,7.1000,7.0800,7.0900,1268200,8989382.0000,3
2026-01-13,20260113132500000,sh.600864,7.0900,7.0900,7.0700,7.0900,1577900,11169422.0000,3
2026-01-13,20260113133000000,sh.600864,7.0900,7.0900,7.0700,7.0900,903200,6392934.0000,3
2026-01-13,20260113133500000,sh.600864,7.0900,7.0900,7.0700,7.0700,1092600,7732108.0000,3
2026-01-13,20260113134000000,sh.600864,7.0700,7.0800,7.0600,7.0800,710600,5023727.0000,3
2026-01-13,20260113134500000,sh.600864,7.0800,7.1000,7.0700,7.1000,628400,4453306.0000,3
2026-01-13,20260113135000000,sh.600864,7.0900,7.1100,7.0900,7.1000,463500,3289802.0000,3
2026-01-13,20260113135500000,sh.600864,7.1000,7.1300,7.1000,7.1300,554200,3943366.0000,3
2026-01-13,20260113140000000,sh.600864,7.1300,7.1300,7.1000,7.1100,767100,5457684.0000,3
2026-01-13,20260113140500000,sh.600864,7.1100,7.1200,7.1000,7.1000,328800,2337448.0000,3
2026-01-13,20260113141000000,sh.600864,7.1000,7.1100,7.0900,7.0900,492800,3496355.0000,3
2026-01-13,20260113141500000,sh.600864,7.0900,7.0900,7.0700,7.0900,1030300,7294376.0000,3
2026-01-13,20260113142000000,sh.600864,7.0800,7.0900,7.0700,7.0800,646400,4574037.0000,3
2026-01-13,20260113142500000,sh.600864,7.0800,7.1000,7.0700,7.1000,1001500,7090129.0000,3
2026-01-13,20260113143000000,sh.600864,7.0900,7.1000,7.0700,7.0700,603300,4274031.0000,3
2026-01-13,20260113143500000,sh.600864,7.0800,7.0900,7.0700,7.0800,722600,5115805.0000,3
2026-01-13,20260113144000000,sh.600864,7.0700,7.0800,7.0700,7.0700,1270847,8990035.0000,3
2026-01-13,20260113144500000,sh.600864,7.0700,7.0700,7.0500,7.0600,1248353,8814213.0000,3
2026-01-13,20260113145000000,sh.600864,7.0600,7.0700,7.0400,7.0500,1273600,8979458.0000,3
2026-01-13,20260113145500000,sh.600864,7.0500,7.0800,7.0400,7.0700,1701800,12017253.0000,3
2026-01-13,20260113150000000,sh.600864,7.0800,7.0800,7.0600,7.0700,798800,5648991.0000,3
2026-01-14,20260114093500000,sh.600864,7.0300,7.1100,7.0300,7.1100,3057400,21655455.0000,3
2026-01-14,20260114094000000,sh.600864,7.1000,7.1200,7.0900,7.1100,1965900,13960016.0000,3
2026-01-14,20260114094500000,sh.600864,7.1100,7.1500,7.1000,7.1400,1995100,14227559.0000,3
2026-01-14,20260114095000000,sh.600864,7.1500,7.1600,7.1400,7.1500,2242800,16032482.0000,3
2026-01-14,20260114095500000,sh.600864,7.1500,7.1500,7.1100,7.1200,1535900,10951141.0000,3
2026-01-14,20260114100000000,sh.600864,7.1200,7.1500,7.1100,7.1500,1661650,11854034.0000,3
2026-01-14,20260114100500000,sh.600864,7.1600,7.1600,7.1300,7.1500,1605600,11478091.0000,3
2026-01-14,20260114101000000,sh.600864,7.1500,7.1600,7.1400,7.1500,1017300,7273889.0000,3
2026-01-14,20260114101500000,sh.600864,7.1600,7.1700,7.1500,7.1600,1346261,9639713.0000,3
2026-01-14,20260114102000000,sh.600864,7.1700,7.1700,7.1500,7.1500,1475500,10562642.0000,3
2026-01-14,20260114102500000,sh.600864,7.1600,7.1600,7.1300,7.1400,909700,6497074.0000,3
2026-01-14,20260114103000000,sh.600864,7.1500,7.1600,7.1400,7.1600,1021100,7299033.0000,3
2026-01-14,20260114103500000,sh.600864,7.1500,7.1700,7.1400,7.1700,1168327,8361407.0000,3
2026-01-14,20260114104000000,sh.600864,7.1700,7.1700,7.1500,7.1700,787273,5638608.0000,3
2026-01-14,20260114104500000,sh.600864,7.1700,7.1800,7.1600,7.1700,1692899,12136311.0000,3
2026-01-14,20260114105000000,sh.600864,7.1700,7.1700,7.1600,7.1600,565000,4047777.0000,3
2026-01-14,20260114105500000,sh.600864,7.1600,7.1700,7.1500,7.1500,677900,4851108.0000,3
2026-01-14,20260114110000000,sh.600864,7.1600,7.1600,7.1500,7.1600,325000,2324899.0000,3
2026-01-14,20260114110500000,sh.600864,7.1600,7.1700,7.1400,7.1700,1151000,8231560.0000,3
2026-01-14,20260114111000000,sh.600864,7.1700,7.1700,7.1600,7.1700,563000,4035226.0000,3
2026-01-14,20260114111500000,sh.600864,7.1600,7.2000,7.1600,7.1900,3766026,27070293.0000,3
2026-01-14,20260114112000000,sh.600864,7.1900,7.1900,7.1700,7.1800,1125774,8078856.0000,3
2026-01-14,20260114112500000,sh.600864,7.1800,7.1900,7.1700,7.1800,817800,5873096.0000,3
2026-01-14,20260114113000000,sh.600864,7.1800,7.1800,7.1600,7.1800,507700,3640405.0000,3
2026-01-14,20260114130500000,sh.600864,7.1700,7.1800,7.1100,7.1400,4038339,28829135.0000,3
2026-01-14,20260114131000000,sh.600864,7.1400,7.1400,7.0700,7.0800,2238561,15888092.0000,3
2026-01-14,20260114131500000,sh.600864,7.0800,7.1000,7.0500,7.0500,2139600,15130096.0000,3
2026-01-14,20260114132000000,sh.600864,7.0500,7.0600,7.0200,7.0600,2411239,16965898.0000,3
2026-01-14,20260114132500000,sh.600864,7.0500,7.0800,7.0400,7.0600,1305300,9209534.0000,3
2026-01-14,20260114133000000,sh.600864,7.0600,7.0600,7.0300,7.0500,1074900,7570751.0000,3
2026-01-14,20260114133500000,sh.600864,7.0500,7.0700,7.0300,7.0400,1393300,9818617.0000,3
2026-01-14,20260114134000000,sh.600864,7.0400,7.0700,7.0300,7.0500,822201,5795164.0000,3
2026-01-14,20260114134500000,sh.600864,7.0600,7.0600,7.0300,7.0400,1135100,7989892.0000,3
2026-01-14,20260114135000000,sh.600864,7.0300,7.0400,7.0200,7.0300,1623860,11412209.0000,3
2026-01-14,20260114135500000,sh.600864,7.0300,7.0300,7.0100,7.0100,876000,6151982.0000,3
2026-01-14,20260114140000000,sh.600864,7.0100,7.0100,6.9700,6.9800,2669000,18668492.0000,3
2026-01-14,20260114140500000,sh.600864,6.9800,6.9800,6.9500,6.9700,2256700,15715524.0000,3
2026-01-14,20260114141000000,sh.600864,6.9800,6.9800,6.9500,6.9800,1712000,11916667.0000,3
2026-01-14,20260114141500000,sh.600864,6.9700,7.0200,6.9700,7.0100,1054400,7369537.0000,3
2026-01-14,20260114142000000,sh.600864,7.0100,7.0200,7.0000,7.0100,422639,2961958.0000,3
2026-01-14,20260114142500000,sh.600864,7.0100,7.0100,6.9900,7.0100,1154400,8083737.0000,3
2026-01-14,20260114143000000,sh.600864,7.0100,7.0400,7.0000,7.0300,607400,4263198.0000,3
2026-01-14,20260114143500000,sh.600864,7.0400,7.0400,7.0100,7.0100,736900,5172187.0000,3
2026-01-14,20260114144000000,sh.600864,7.0100,7.0100,6.9900,7.0000,820300,5742100.0000,3
2026-01-14,20260114144500000,sh.600864,7.0000,7.0200,6.9900,7.0100,699400,4900574.0000,3
2026-01-14,20260114145000000,sh.600864,7.0100,7.0200,7.0000,7.0100,652900,4576603.0000,3
2026-01-14,20260114145500000,sh.600864,7.0000,7.0100,7.0000,7.0000,894600,6267245.0000,3
2026-01-14,20260114150000000,sh.600864,7.0000,7.0100,7.0000,7.0000,1158400,8111805.0000,3
2026-01-15,20260115093500000,sh.600864,6.9900,6.9900,6.9600,6.9800,2593500,18077400.0000,3
2026-01-15,20260115094000000,sh.600864,6.9700,6.9700,6.9300,6.9300,3504200,24370009.0000,3
2026-01-15,20260115094500000,sh.600864,6.9300,6.9800,6.9300,6.9700,1141200,7938027.0000,3
2026-01-15,20260115095000000,sh.600864,6.9600,6.9700,6.9400,6.9500,866100,6022693.0000,3
2026-01-15,20260115095500000,sh.600864,6.9600,6.9600,6.9400,6.9500,691600,4807421.0000,3
2026-01-15,20260115100000000,sh.600864,6.9500,6.9800,6.9500,6.9600,756900,5271013.0000,3
2026-01-15,20260115100500000,sh.600864,6.9600,6.9700,6.9500,6.9600,657300,4572841.0000,3
2026-01-15,20260115101000000,sh.600864,6.9500,6.9600,6.9300,6.9300,1460000,10135947.0000,3
2026-01-15,20260115101500000,sh.600864,6.9300,6.9400,6.9200,6.9400,1021400,7080365.0000,3
2026-01-15,20260115102000000,sh.600864,6.9400,6.9400,6.9200,6.9200,592400,4105577.0000,3
2026-01-15,20260115102500000,sh.600864,6.9200,6.9300,6.9100,6.9100,1516100,10486668.0000,3
2026-01-15,20260115103000000,sh.600864,6.9100,6.9200,6.9000,6.9100,892000,6162997.0000,3
2026-01-15,20260115103500000,sh.600864,6.9100,6.9200,6.9000,6.9100,596300,4119712.0000,3
2026-01-15,20260115104000000,sh.600864,6.9000,6.9200,6.9000,6.9200,425300,2940366.0000,3
2026-01-15,20260115104500000,sh.600864,6.9200,6.9200,6.9000,6.9100,574700,3972234.0000,3
2026-01-15,20260115105000000,sh.600864,6.9100,6.9100,6.9000,6.9000,1192500,8230700.0000,3
2026-01-15,20260115105500000,sh.600864,6.9000,6.9100,6.9000,6.9100,293609,2027263.0000,3
2026-01-15,20260115110000000,sh.600864,6.9100,6.9100,6.8800,6.8800,878491,6057031.0000,3
2026-01-15,20260115110500000,sh.600864,6.8800,6.8900,6.8700,6.8800,1485300,10216863.0000,3
2026-01-15,20260115111000000,sh.600864,6.8900,6.9100,6.8900,6.8900,523100,3605646.0000,3
2026-01-15,20260115111500000,sh.600864,6.8900,6.9100,6.8900,6.9000,374200,2581147.0000,3
2026-01-15,20260115112000000,sh.600864,6.8900,6.9000,6.8900,6.9000,209600,1444293.0000,3
2026-01-15,20260115112500000,sh.600864,6.8900,6.8900,6.8700,6.8700,541400,3725760.0000,3
2026-01-15,20260115113000000,sh.600864,6.8700,6.8800,6.8600,6.8700,664400,4562242.0000,3
2026-01-15,20260115130500000,sh.600864,6.8700,6.8800,6.8600,6.8700,663513,4554500.0000,3
2026-01-15,20260115131000000,sh.600864,6.8700,6.8800,6.8600,6.8800,341000,2343842.0000,3
2026-01-15,20260115131500000,sh.600864,6.8700,6.8900,6.8600,6.8900,679200,4668907.0000,3
2026-01-15,20260115132000000,sh.600864,6.8900,6.8900,6.8800,6.8900,159900,1100462.0000,3
2026-01-15,20260115132500000,sh.600864,6.8900,6.8900,6.8800,6.8900,338900,2332236.0000,3
2026-01-15,20260115133000000,sh.600864,6.8900,6.9000,6.8800,6.9000,253300,1745864.0000,3
2026-01-15,20260115133500000,sh.600864,6.9000,6.9000,6.8800,6.8900,394500,2716745.0000,3
2026-01-15,20260115134000000,sh.600864,6.8900,6.8900,6.8700,6.8800,200700,1380873.0000,3
2026-01-15,20260115134500000,sh.600864,6.8800,6.8900,6.8700,6.8900,393100,2704543.0000,3
2026-01-15,20260115135000000,sh.600864,6.8900,6.9000,6.8800,6.8900,293500,2022163.0000,3
2026-01-15,20260115135500000,sh.600864,6.8900,6.9000,6.8900,6.9000,154000,1062093.0000,3
2026-01-15,20260115140000000,sh.600864,6.8900,6.9000,6.8800,6.8900,356000,2453034.0000,3
2026-01-15,20260115140500000,sh.600864,6.8900,6.8900,6.8800,6.8900,258800,1782215.0000,3
2026-01-15,20260115141000000,sh.600864,6.8900,6.8900,6.8700,6.8800,358500,2467312.0000,3
2026-01-15,20260115141500000,sh.600864,6.8800,6.8800,6.8700,6.8800,318800,2190709.0000,3
2026-01-15,20260115142000000,sh.600864,6.8800,6.8800,6.8600,6.8700,280300,1925287.0000,3
2026-01-15,20260115142500000,sh.600864,6.8700,6.8700,6.8600,6.8700,420700,2888706.0000,3
2026-01-15,20260115143000000,sh.600864,6.8700,6.8900,6.8600,6.8800,646800,4449797.0000,3
2026-01-15,20260115143500000,sh.600864,6.8800,6.8900,6.8700,6.8700,200800,1380529.0000,3
2026-01-15,20260115144000000,sh.600864,6.8700,6.8900,6.8700,6.8800,516100,3549681.0000,3
2026-01-15,20260115144500000,sh.600864,6.8700,6.8800,6.8700,6.8700,560000,3848586.0000,3
2026-01-15,20260115145000000,sh.600864,6.8800,6.8900,6.8700,6.8800,768000,5280870.0000,3
2026-01-15,20260115145500000,sh.600864,6.8900,6.8900,6.8800,6.8900,428300,2948892.0000,3
2026-01-15,20260115150000000,sh.600864,6.8800,6.9000,6.8800,6.8800,724700,4990119.0000,3
2026-01-16,20260116093500000,sh.600864,6.9400,6.9600,6.9200,6.9300,2410000,16724429.0000,3
2026-01-16,20260116094000000,sh.600864,6.9200,6.9300,6.9000,6.9200,1639700,11340729.0000,3
2026-01-16,20260116094500000,sh.600864,6.9200,6.9200,6.9100,6.9100,453600,3136101.0000,3
2026-01-16,20260116095000000,sh.600864,6.9100,6.9200,6.8900,6.9000,1099800,7589453.0000,3
2026-01-16,20260116095500000,sh.600864,6.8900,6.9100,6.8900,6.9000,814200,5617682.0000,3
2026-01-16,20260116100000000,sh.600864,6.9000,6.9100,6.8800,6.8800,880300,6065816.0000,3
2026-01-16,20260116100500000,sh.600864,6.8800,6.8900,6.8800,6.8900,685000,4715169.0000,3
2026-01-16,20260116101000000,sh.600864,6.8800,6.9100,6.8800,6.8900,1226700,8467488.0000,3
2026-01-16,20260116101500000,sh.600864,6.8900,6.9000,6.8800,6.9000,698600,4816768.0000,3
2026-01-16,20260116102000000,sh.600864,6.8900,6.9200,6.8900,6.9200,766000,5290630.0000,3
2026-01-16,20260116102500000,sh.600864,6.9200,6.9200,6.8800,6.8800,992700,6844227.0000,3
2026-01-16,20260116103000000,sh.600864,6.8800,6.8900,6.8700,6.8700,694800,4777931.0000,3
2026-01-16,20260116103500000,sh.600864,6.8700,6.8800,6.8600,6.8700,446200,3065862.0000,3
2026-01-16,20260116104000000,sh.600864,6.8700,6.8900,6.8700,6.8800,318100,2189378.0000,3
2026-01-16,20260116104500000,sh.600864,6.8800,6.9000,6.8800,6.8900,245900,1693952.0000,3
2026-01-16,20260116105000000,sh.600864,6.8900,6.8900,6.8800,6.8900,404400,2785114.0000,3
2026-01-16,20260116105500000,sh.600864,6.8800,6.8900,6.8700,6.8700,205500,1413617.0000,3
2026-01-16,20260116110000000,sh.600864,6.8700,6.8800,6.8700,6.8700,178200,1225244.0000,3
2026-01-16,20260116110500000,sh.600864,6.8700,6.9100,6.8700,6.8900,672600,4637864.0000,3
2026-01-16,20260116111000000,sh.600864,6.8900,6.9000,6.8800,6.8900,213800,1473571.0000,3
2026-01-16,20260116111500000,sh.600864,6.8800,6.8900,6.8700,6.8700,426500,2933722.0000,3
2026-01-16,20260116112000000,sh.600864,6.8700,6.8800,6.8700,6.8700,179400,1233041.0000,3
2026-01-16,20260116112500000,sh.600864,6.8700,6.8900,6.8700,6.8900,166300,1144913.0000,3
2026-01-16,20260116113000000,sh.600864,6.8900,6.9000,6.8700,6.8700,476800,3281990.0000,3
2026-01-16,20260116130500000,sh.600864,6.8700,6.8800,6.8700,6.8700,691900,4755865.0000,3
2026-01-16,20260116131000000,sh.600864,6.8700,6.8900,6.8700,6.8800,306000,2104102.0000,3
2026-01-16,20260116131500000,sh.600864,6.8800,6.8900,6.8800,6.8900,135000,929682.0000,3
2026-01-16,20260116132000000,sh.600864,6.8800,6.9000,6.8800,6.8900,238300,1641242.0000,3
2026-01-16,20260116132500000,sh.600864,6.8900,6.9100,6.8900,6.9000,280713,1936485.0000,3
2026-01-16,20260116133000000,sh.600864,6.9000,6.9200,6.9000,6.9000,789500,5456085.0000,3
2026-01-16,20260116133500000,sh.600864,6.9000,6.9200,6.9000,6.9100,204300,1411282.0000,3
2026-01-16,20260116134000000,sh.600864,6.9200,6.9300,6.9100,6.9200,703600,4869374.0000,3
2026-01-16,20260116134500000,sh.600864,6.9300,6.9300,6.9200,6.9200,274200,1898831.0000,3
2026-01-16,20260116135000000,sh.600864,6.9200,6.9300,6.9100,6.9200,308500,2134533.0000,3
2026-01-16,20260116135500000,sh.600864,6.9200,6.9200,6.9000,6.9000,250110,1727548.0000,3
2026-01-16,20260116140000000,sh.600864,6.9000,6.9100,6.9000,6.9000,149400,1031175.0000,3
2026-01-16,20260116140500000,sh.600864,6.9000,6.9100,6.8900,6.9000,325190,2242400.0000,3
2026-01-16,20260116141000000,sh.600864,6.8900,6.9100,6.8900,6.9000,242952,1676320.0000,3
2026-01-16,20260116141500000,sh.600864,6.9000,6.9000,6.8900,6.8900,902500,6214385.0000,3
2026-01-16,20260116142000000,sh.600864,6.9000,6.9000,6.8800,6.8900,373600,2572962.0000,3
2026-01-16,20260116142500000,sh.600864,6.8900,6.9000,6.8800,6.9000,309400,2134062.0000,3
2026-01-16,20260116143000000,sh.600864,6.8900,6.9000,6.8900,6.9000,131600,907407.0000,3
2026-01-16,20260116143500000,sh.600864,6.8900,6.9000,6.8900,6.8900,125700,866502.0000,3
2026-01-16,20260116144000000,sh.600864,6.8900,6.9000,6.8900,6.9000,487800,3363475.0000,3
2026-01-16,20260116144500000,sh.600864,6.8900,6.9000,6.8800,6.8900,584300,4025100.0000,3
2026-01-16,20260116145000000,sh.600864,6.8900,6.8900,6.8800,6.8900,426600,2937436.0000,3
2026-01-16,20260116145500000,sh.600864,6.8900,6.9000,6.8800,6.8900,1135433,7821458.0000,3
2026-01-16,20260116150000000,sh.600864,6.9000,6.9000,6.8900,6.9000,775900,5352378.0000,3
2026-01-19,20260119093500000,sh.600864,6.8900,6.8900,6.8600,6.8700,1383000,9509180.0000,3
2026-01-19,20260119094000000,sh.600864,6.8700,6.9000,6.8600,6.8800,1149300,7905172.0000,3
2026-01-19,20260119094500000,sh.600864,6.8900,6.9100,6.8900,6.9100,1364800,9407838.0000,3
2026-01-19,20260119095000000,sh.600864,6.9100,6.9100,6.8800,6.8800,892900,6149427.0000,3
2026-01-19,20260119095500000,sh.600864,6.8800,6.9100,6.8800,6.9100,1711900,11806549.0000,3
2026-01-19,20260119100000000,sh.600864,6.9100,6.9100,6.9000,6.9100,955300,6593860.0000,3
2026-01-19,20260119100500000,sh.600864,6.9100,6.9200,6.9000,6.9000,841300,5812883.0000,3
2026-01-19,20260119101000000,sh.600864,6.9100,6.9200,6.9000,6.9200,508400,3514118.0000,3
2026-01-19,20260119101500000,sh.600864,6.9100,6.9200,6.9000,6.9100,1025000,7083611.0000,3
2026-01-19,20260119102000000,sh.600864,6.9100,6.9200,6.9000,6.9100,385700,2665456.0000,3
2026-01-19,20260119102500000,sh.600864,6.9000,6.9100,6.9000,6.9000,378500,2613472.0000,3
2026-01-19,20260119103000000,sh.600864,6.9100,6.9200,6.9000,6.9100,581300,4017360.0000,3
2026-01-19,20260119103500000,sh.600864,6.9100,6.9100,6.8900,6.8900,556300,3838195.0000,3
2026-01-19,20260119104000000,sh.600864,6.8900,6.9100,6.8900,6.8900,322800,2225981.0000,3
2026-01-19,20260119104500000,sh.600864,6.9000,6.9000,6.8800,6.8900,473000,3257531.0000,3
2026-01-19,20260119105000000,sh.600864,6.8900,6.9000,6.8800,6.8900,103100,710628.0000,3
2026-01-19,20260119105500000,sh.600864,6.9000,6.9000,6.8900,6.8900,137900,950965.0000,3
2026-01-19,20260119110000000,sh.600864,6.8900,6.9000,6.8800,6.8900,296500,2042901.0000,3
2026-01-19,20260119110500000,sh.600864,6.8900,6.9000,6.8800,6.8900,124200,855689.0000,3
2026-01-19,20260119111000000,sh.600864,6.8900,6.9000,6.8700,6.8700,788900,5428991.0000,3
2026-01-19,20260119111500000,sh.600864,6.8800,6.8900,6.8800,6.8900,652800,4493028.0000,3
2026-01-19,20260119112000000,sh.600864,6.8800,6.9000,6.8800,6.8800,338800,2334043.0000,3
2026-01-19,20260119112500000,sh.600864,6.8800,6.8900,6.8800,6.8800,313500,2158158.0000,3
2026-01-19,20260119113000000,sh.600864,6.8800,6.8900,6.8700,6.8700,531800,3657274.0000,3
2026-01-19,20260119130500000,sh.600864,6.8800,6.8900,6.8700,6.8800,352661,2425068.0000,3
2026-01-19,20260119131000000,sh.600864,6.8800,6.8900,6.8700,6.8900,207900,1430818.0000,3
2026-01-19,20260119131500000,sh.600864,6.8800,6.9000,6.8800,6.9000,178100,1227543.0000,3
2026-01-19,20260119132000000,sh.600864,6.9000,6.9000,6.8900,6.8900,382100,2634958.0000,3
2026-01-19,20260119132500000,sh.600864,6.8900,6.9000,6.8900,6.9000,253100,1745279.0000,3
2026-01-19,20260119133000000,sh.600864,6.9000,6.9000,6.8900,6.9000,230900,1593002.0000,3
2026-01-19,20260119133500000,sh.600864,6.9000,6.9100,6.8900,6.8900,181300,1250656.0000,3
2026-01-19,20260119134000000,sh.600864,6.9000,6.9000,6.8900,6.8900,140800,970410.0000,3
2026-01-19,20260119134500000,sh.600864,6.8900,6.9000,6.8800,6.8800,466100,3210814.0000,3
2026-01-19,20260119135000000,sh.600864,6.8800,6.8900,6.8800,6.8900,223600,1539000.0000,3
2026-01-19,20260119135500000,sh.600864,6.8800,6.8900,6.8700,6.8800,488700,3360991.0000,3
2026-01-19,20260119140000000,sh.600864,6.8800,6.8900,6.8700,6.8700,410600,2821743.0000,3
2026-01-19,20260119140500000,sh.600864,6.8700,6.8900,6.8700,6.8800,203000,1396310.0000,3
2026-01-19,20260119141000000,sh.600864,6.8800,6.8900,6.8800,6.8900,140500,967594.0000,3
2026-01-19,20260119141500000,sh.600864,6.8900,6.9000,6.8800,6.9000,279800,1927246.0000,3
2026-01-19,20260119142000000,sh.600864,6.9000,6.9000,6.8900,6.9000,117800,812018.0000,3
2026-01-19,20260119142500000,sh.600864,6.8900,6.9000,6.8900,6.8900,243100,1675302.0000,3
2026-01-19,20260119143000000,sh.600864,6.8900,6.9000,6.8800,6.8900,379100,2612030.0000,3
2026-01-19,20260119143500000,sh.600864,6.8900,6.9000,6.8800,6.9000,259800,1790228.0000,3
2026-01-19,20260119144000000,sh.600864,6.9000,6.9000,6.8800,6.8900,387200,2665578.0000,3
2026-01-19,20260119144500000,sh.600864,6.8800,6.8900,6.8800,6.8900,241700,1664152.0000,3
2026-01-19,20260119145000000,sh.600864,6.8900,6.9000,6.8800,6.8900,727900,5014735.0000,3
2026-01-19,20260119145500000,sh.600864,6.8800,6.9000,6.8800,6.8900,1304900,8993102.0000,3
2026-01-19,20260119150000000,sh.600864,6.8900,6.9000,6.8900,6.9000,1508600,10405740.0000,3
2026-01-20,20260120093500000,sh.600864,6.8700,6.8700,6.8000,6.8200,6522300,44521324.0000,3
2026-01-20,20260120094000000,sh.600864,6.8200,6.8300,6.7500,6.7700,4543485,30876191.0000,3
2026-01-20,20260120094500000,sh.600864,6.7700,6.7800,6.7400,6.7600,3272215,22107233.0000,3
2026-01-20,20260120095000000,sh.600864,6.7600,6.8100,6.7600,6.8000,1868200,12676111.0000,3
2026-01-20,20260120095500000,sh.600864,6.7900,6.8000,6.7700,6.7700,1385199,9400284.0000,3
2026-01-20,20260120100000000,sh.600864,6.7800,6.7900,6.7600,6.7900,1587800,10754343.0000,3
2026-01-20,20260120100500000,sh.600864,6.7800,6.7900,6.7700,6.7800,653700,4432091.0000,3
2026-01-20,20260120101000000,sh.600864,6.7800,6.8200,6.7800,6.7900,1731461,11772082.0000,3
2026-01-20,20260120101500000,sh.600864,6.7900,6.8000,6.7700,6.7800,532438,3612438.0000,3
2026-01-20,20260120102000000,sh.600864,6.7700,6.7800,6.7600,6.7800,921262,6236126.0000,3
2026-01-20,20260120102500000,sh.600864,6.7800,6.7800,6.7500,6.7600,1367338,9250419.0000,3
2026-01-20,20260120103000000,sh.600864,6.7700,6.7700,6.7500,6.7600,905000,6115417.0000,3
2026-01-20,20260120103500000,sh.600864,6.7600,6.7900,6.7600,6.7700,803400,5443517.0000,3
2026-01-20,20260120104000000,sh.600864,6.7800,6.7800,6.7600,6.7700,434000,2938662.0000,3
2026-01-20,20260120104500000,sh.600864,6.7700,6.7800,6.7500,6.7600,983600,6652157.0000,3
2026-01-20,20260120105000000,sh.600864,6.7600,6.7700,6.7600,6.7700,309163,2090486.0000,3
2026-01-20,20260120105500000,sh.600864,6.7600,6.7700,6.7500,6.7600,778237,5260120.0000,3
2026-01-20,20260120110000000,sh.600864,6.7500,6.7600,6.7500,6.7500,954200,6441707.0000,3
2026-01-20,20260120110500000,sh.600864,6.7600,6.7600,6.7400,6.7400,1492800,10071248.0000,3
2026-01-20,20260120111000000,sh.600864,6.7500,6.7600,6.7400,6.7400,549100,3705837.0000,3
2026-01-20,20260120111500000,sh.600864,6.7500,6.7600,6.7400,6.7600,407800,2753304.0000,3
2026-01-20,20260120112000000,sh.600864,6.7500,6.7700,6.7500,6.7700,349463,2362389.0000,3
2026-01-20,20260120112500000,sh.600864,6.7700,6.7700,6.7600,6.7700,498500,3373460.0000,3
2026-01-20,20260120113000000,sh.600864,6.7600,6.7700,6.7500,6.7600,540937,3657720.0000,3
2026-01-20,20260120130500000,sh.600864,6.7600,6.7600,6.7400,6.7400,655600,4424738.0000,3
2026-01-20,20260120131000000,sh.600864,6.7500,6.7600,6.7400,6.7500,529300,3569656.0000,3
2026-01-20,20260120131500000,sh.600864,6.7500,6.7600,6.7400,6.7500,255700,1726488.0000,3
2026-01-20,20260120132000000,sh.600864,6.7600,6.7600,6.7400,6.7500,788500,5322217.0000,3
2026-01-20,20260120132500000,sh.600864,6.7500,6.7600,6.7400,6.7500,603500,4070461.0000,3
2026-01-20,20260120133000000,sh.600864,6.7500,6.7600,6.7400,6.7600,772000,5214830.0000,3
2026-01-20,20260120133500000,sh.600864,6.7500,6.7600,6.7500,6.7500,258900,1748266.0000,3
2026-01-20,20260120134000000,sh.600864,6.7500,6.7600,6.7400,6.7600,206300,1392576.0000,3
2026-01-20,20260120134500000,sh.600864,6.7500,6.7600,6.7500,6.7600,129600,875611.0000,3
2026-01-20,20260120135000000,sh.600864,6.7600,6.7700,6.7500,6.7700,446200,3015018.0000,3
2026-01-20,20260120135500000,sh.600864,6.7700,6.7900,6.7600,6.7600,1102300,7469917.0000,3
2026-01-20,20260120140000000,sh.600864,6.7600,6.7700,6.7600,6.7600,292800,1980037.0000,3
2026-01-20,20260120140500000,sh.600864,6.7700,6.7700,6.7500,6.7500,228900,1547496.0000,3
2026-01-20,20260120141000000,sh.600864,6.7500,6.7700,6.7500,6.7600,303300,2049981.0000,3
2026-01-20,20260120141500000,sh.600864,6.7700,6.7700,6.7500,6.7600,165100,1116345.0000,3
2026-01-20,20260120142000000,sh.600864,6.7700,6.7800,6.7600,6.7600,433600,2934384.0000,3
2026-01-20,20260120142500000,sh.600864,6.7600,6.7800,6.7600,6.7800,353200,2390703.0000,3
2026-01-20,20260120143000000,sh.600864,6.7800,6.7800,6.7600,6.7700,175800,1189904.0000,3
2026-01-20,20260120143500000,sh.600864,6.7700,6.7700,6.7600,6.7700,377700,2556847.0000,3
2026-01-20,20260120144000000,sh.600864,6.7700,6.7700,6.7600,6.7600,348700,2359703.0000,3
2026-01-20,20260120144500000,sh.600864,6.7600,6.7800,6.7600,6.7700,311700,2110051.0000,3
2026-01-20,20260120145000000,sh.600864,6.7700,6.7900,6.7600,6.7800,811100,5497973.0000,3
2026-01-20,20260120145500000,sh.600864,6.7900,6.7900,6.7800,6.7800,469600,3187589.0000,3
2026-01-20,20260120150000000,sh.600864,6.7900,6.7900,6.7800,6.7900,882100,5986487.0000,3
2026-01-21,20260121093500000,sh.600864,6.7600,6.7700,6.7300,6.7400,1213500,8187798.0000,3
2026-01-21,20260121094000000,sh.600864,6.7300,6.7700,6.7300,6.7600,981600,6620311.0000,3
2026-01-21,20260121094500000,sh.600864,6.7700,6.7700,6.7500,6.7600,618800,4184188.0000,3
2026-01-21,20260121095000000,sh.600864,6.7700,6.7700,6.7500,6.7500,459700,3107394.0000,3
2026-01-21,20260121095500000,sh.600864,6.7500,6.7600,6.7400,6.7400,432000,2915254.0000,3
2026-01-21,20260121100000000,sh.600864,6.7400,6.7600,6.7400,6.7500,786200,5305723.0000,3
2026-01-21,20260121100500000,sh.600864,6.7500,6.7700,6.7500,6.7600,547260,3699523.0000,3
2026-01-21,20260121101000000,sh.600864,6.7600,6.7700,6.7500,6.7600,324400,2192796.0000,3
2026-01-21,20260121101500000,sh.600864,6.7600,6.7800,6.7600,6.7600,570300,3859586.0000,3
2026-01-21,20260121102000000,sh.600864,6.7600,6.7700,6.7600,6.7700,388600,2628024.0000,3
2026-01-21,20260121102500000,sh.600864,6.7700,6.7700,6.7600,6.7700,165900,1122768.0000,3
2026-01-21,20260121103000000,sh.600864,6.7700,6.7800,6.7600,6.7700,939500,6360010.0000,3
2026-01-21,20260121103500000,sh.600864,6.7700,6.7800,6.7600,6.7700,435700,2947652.0000,3
2026-01-21,20260121104000000,sh.600864,6.7700,6.7700,6.7600,6.7600,439500,2971205.0000,3
2026-01-21,20260121104500000,sh.600864,6.7700,6.7700,6.7600,6.7700,211400,1429981.0000,3
2026-01-21,20260121105000000,sh.600864,6.7600,6.7700,6.7500,6.7500,615600,4160379.0000,3
2026-01-21,20260121105500000,sh.600864,6.7500,6.7600,6.7500,6.7500,339100,2289247.0000,3
2026-01-21,20260121110000000,sh.600864,6.7500,6.7600,6.7400,6.7600,521100,3517949.0000,3
2026-01-21,20260121110500000,sh.600864,6.7500,6.7600,6.7500,6.7600,415400,2805425.0000,3
2026-01-21,20260121111000000,sh.600864,6.7600,6.7600,6.7500,6.7500,263700,1780455.0000,3
2026-01-21,20260121111500000,sh.600864,6.7500,6.7600,6.7400,6.7500,436200,2944658.0000,3
2026-01-21,20260121112000000,sh.600864,6.7600,6.7600,6.7500,6.7600,287401,1940299.0000,3
2026-01-21,20260121112500000,sh.600864,6.7600,6.7600,6.7400,6.7400,672900,4541835.0000,3
2026-01-21,20260121113000000,sh.600864,6.7500,6.7600,6.7400,6.7400,630600,4251760.0000,3
2026-01-21,20260121130500000,sh.600864,6.7400,6.7500,6.7400,6.7500,433000,2920196.0000,3
2026-01-21,20260121131000000,sh.600864,6.7500,6.7500,6.7300,6.7300,790500,5328810.0000,3
2026-01-21,20260121131500000,sh.600864,6.7300,6.7400,6.7200,6.7300,1717000,11554369.0000,3
2026-01-21,20260121132000000,sh.600864,6.7200,6.7300,6.7100,6.7200,1152900,7746735.0000,3
2026-01-21,20260121132500000,sh.600864,6.7100,6.7300,6.7100,6.7300,593900,3989384.0000,3
2026-01-21,20260121133000000,sh.600864,6.7200,6.7200,6.7100,6.7100,721400,4844484.0000,3
2026-01-21,20260121133500000,sh.600864,6.7200,6.7200,6.7000,6.7000,1039600,6974466.0000,3
2026-01-21,20260121134000000,sh.600864,6.7000,6.7200,6.7000,6.7200,1014000,6803728.0000,3
2026-01-21,20260121134500000,sh.600864,6.7200,6.7300,6.7100,6.7200,226600,1522704.0000,3
2026-01-21,20260121135000000,sh.600864,6.7200,6.7300,6.7200,6.7300,142000,954867.0000,3
2026-01-21,20260121135500000,sh.600864,6.7300,6.7300,6.7200,6.7200,262400,1765215.0000,3
2026-01-21,20260121140000000,sh.600864,6.7200,6.7300,6.7200,6.7300,175400,1179705.0000,3
2026-01-21,20260121140500000,sh.600864,6.7300,6.7400,6.7200,6.7200,645500,4344179.0000,3
2026-01-21,20260121141000000,sh.600864,6.7200,6.7300,6.7200,6.7300,315200,2118546.0000,3
2026-01-21,20260121141500000,sh.600864,6.7200,6.7300,6.7200,6.7300,197300,1326863.0000,3
2026-01-21,20260121142000000,sh.600864,6.7300,6.7300,6.7100,6.7100,728000,4891953.0000,3
2026-01-21,20260121142500000,sh.600864,6.7200,6.7200,6.7000,6.7100,1269500,8516770.0000,3
2026-01-21,20260121143000000,sh.600864,6.7000,6.7100,6.6900,6.7000,1929700,12931549.0000,3
2026-01-21,20260121143500000,sh.600864,6.7000,6.7100,6.6900,6.6900,828100,5545493.0000,3
2026-01-21,20260121144000000,sh.600864,6.6900,6.7000,6.6900,6.6900,589500,3945759.0000,3
2026-01-21,20260121144500000,sh.600864,6.6900,6.7000,6.6800,6.6800,1770000,11831714.0000,3
2026-01-21,20260121145000000,sh.600864,6.6800,6.7000,6.6700,6.6900,1606400,10737360.0000,3
2026-01-21,20260121145500000,sh.600864,6.6900,6.7000,6.6900,6.7000,861900,5769285.0000,3
2026-01-21,20260121150000000,sh.600864,6.7000,6.7000,6.6900,6.7000,869300,5823043.0000,3
2026-01-22,20260122093500000,sh.600864,6.7200,6.7300,6.7100,6.7100,1970925,13250340.0000,3
2026-01-22,20260122094000000,sh.600864,6.7100,6.7300,6.7100,6.7300,807300,5423656.0000,3
2026-01-22,20260122094500000,sh.600864,6.7300,6.7300,6.7200,6.7300,239300,1608797.0000,3
2026-01-22,20260122095000000,sh.600864,6.7300,6.7300,6.7100,6.7200,554300,3724821.0000,3
2026-01-22,20260122095500000,sh.600864,6.7200,6.7400,6.7200,6.7300,1913000,12875865.0000,3
2026-01-22,20260122100000000,sh.600864,6.7300,6.7400,6.7200,6.7200,627600,4222591.0000,3
2026-01-22,20260122100500000,sh.600864,6.7200,6.7400,6.7200,6.7300,576200,3877529.0000,3
2026-01-22,20260122101000000,sh.600864,6.7300,6.7500,6.7200,6.7500,2469603,16648206.0000,3
2026-01-22,20260122101500000,sh.600864,6.7500,6.7500,6.7200,6.7300,1190000,8018926.0000,3
2026-01-22,20260122102000000,sh.600864,6.7200,6.7400,6.7200,6.7200,523000,3517282.0000,3
2026-01-22,20260122102500000,sh.600864,6.7200,6.7400,6.7200,6.7400,758800,5103936.0000,3
2026-01-22,20260122103000000,sh.600864,6.7300,6.7300,6.7200,6.7200,333800,2243892.0000,3
2026-01-22,20260122103500000,sh.600864,6.7200,6.7300,6.7100,6.7200,340700,2289369.0000,3
2026-01-22,20260122104000000,sh.600864,6.7200,6.7400,6.7200,6.7300,407500,2741266.0000,3
2026-01-22,20260122104500000,sh.600864,6.7400,6.7400,6.7200,6.7300,386900,2603819.0000,3
2026-01-22,20260122105000000,sh.600864,6.7300,6.7400,6.7200,6.7200,254500,1712313.0000,3
2026-01-22,20260122105500000,sh.600864,6.7200,6.7400,6.7200,6.7300,236000,1588198.0000,3
2026-01-22,20260122110000000,sh.600864,6.7300,6.7400,6.7200,6.7300,129200,869447.0000,3
2026-01-22,20260122110500000,sh.600864,6.7400,6.7400,6.7200,6.7300,191600,1289399.0000,3
2026-01-22,20260122111000000,sh.600864,6.7300,6.7400,6.7200,6.7300,169700,1142124.0000,3
2026-01-22,20260122111500000,sh.600864,6.7300,6.7300,6.7200,6.7200,257900,1733908.0000,3
2026-01-22,20260122112000000,sh.600864,6.7200,6.7200,6.7100,6.7200,481000,3230693.0000,3
2026-01-22,20260122112500000,sh.600864,6.7200,6.7200,6.7100,6.7100,309900,2080757.0000,3
2026-01-22,20260122113000000,sh.600864,6.7100,6.7200,6.7100,6.7200,183900,1235342.0000,3
2026-01-22,20260122130500000,sh.600864,6.7200,6.7200,6.7000,6.7100,875640,5874299.0000,3
2026-01-22,20260122131000000,sh.600864,6.7100,6.7200,6.7000,6.7200,163900,1099738.0000,3
2026-01-22,20260122131500000,sh.600864,6.7100,6.7200,6.7100,6.7100,46600,312701.0000,3
2026-01-22,20260122132000000,sh.600864,6.7100,6.7200,6.7100,6.7100,232100,1557909.0000,3
2026-01-22,20260122132500000,sh.600864,6.7100,6.7200,6.7000,6.7000,496000,3325773.0000,3
2026-01-22,20260122133000000,sh.600864,6.7100,6.7200,6.7000,6.7200,168200,1128404.0000,3
2026-01-22,20260122133500000,sh.600864,6.7000,6.7200,6.7000,6.7100,241600,1620960.0000,3
2026-01-22,20260122134000000,sh.600864,6.7100,6.7200,6.7100,6.7100,116600,782526.0000,3
2026-01-22,20260122134500000,sh.600864,6.7100,6.7200,6.7000,6.7100,605355,4058978.0000,3
2026-01-22,20260122135000000,sh.600864,6.7100,6.7100,6.7000,6.7000,213900,1433915.0000,3
2026-01-22,20260122135500000,sh.600864,6.7000,6.7100,6.7000,6.7000,129900,871312.0000,3
2026-01-22,20260122140000000,sh.600864,6.7000,6.7200,6.7000,6.7200,937300,6289715.0000,3
2026-01-22,20260122140500000,sh.600864,6.7200,6.7200,6.7100,6.7100,107600,722724.0000,3
2026-01-22,20260122141000000,sh.600864,6.7100,6.7200,6.7100,6.7200,117200,786696.0000,3
2026-01-22,20260122141500000,sh.600864,6.7100,6.7200,6.7000,6.7100,570400,3826779.0000,3
2026-01-22,20260122142000000,sh.600864,6.7100,6.7100,6.7000,6.7100,386700,2593273.0000,3
2026-01-22,20260122142500000,sh.600864,6.7100,6.7200,6.7000,6.7100,266100,1785490.0000,3
2026-01-22,20260122143000000,sh.600864,6.7100,6.7200,6.7100,6.7200,186400,1251010.0000,3
2026-01-22,20260122143500000,sh.600864,6.7200,6.7200,6.7100,6.7100,126166,846750.0000,3
2026-01-22,20260122144000000,sh.600864,6.7200,6.7200,6.7000,6.7000,506934,3400716.0000,3
2026-01-22,20260122144500000,sh.600864,6.7100,6.7200,6.7000,6.7100,316700,2125283.0000,3
2026-01-22,20260122145000000,sh.600864,6.7200,6.7200,6.7000,6.7200,785000,5266599.0000,3
2026-01-22,20260122145500000,sh.600864,6.7100,6.7200,6.7100,6.7200,268900,1805945.0000,3
2026-01-22,20260122150000000,sh.600864,6.7200,6.7200,6.7100,6.7200,755500,5075744.0000,3
2026-01-23,20260123093500000,sh.600864,6.7200,6.7500,6.7200,6.7500,1700600,11447646.0000,3
2026-01-23,20260123094000000,sh.600864,6.7400,6.7600,6.7300,6.7400,2396000,16161159.0000,3
2026-01-23,20260123094500000,sh.600864,6.7500,6.7500,6.7300,6.7400,1496900,10099520.0000,3
2026-01-23,20260123095000000,sh.600864,6.7500,6.7600,6.7500,6.7600,2052600,13858895.0000,3
2026-01-23,20260123095500000,sh.600864,6.7600,6.7600,6.7400,6.7400,1034100,6985569.0000,3
2026-01-23,20260123100000000,sh.600864,6.7500,6.7500,6.7400,6.7500,779700,5256609.0000,3
2026-01-23,20260123100500000,sh.600864,6.7500,6.7500,6.7400,6.7500,1685313,11370672.0000,3
2026-01-23,20260123101000000,sh.600864,6.7500,6.7600,6.7400,6.7500,939300,6340042.0000,3
2026-01-23,20260123101500000,sh.600864,6.7400,6.7500,6.7400,6.7400,979400,6603464.0000,3
2026-01-23,20260123102000000,sh.600864,6.7400,6.7500,6.7300,6.7300,1430800,9634262.0000,3
2026-01-23,20260123102500000,sh.600864,6.7300,6.7400,6.7200,6.7300,1561200,10496145.0000,3
2026-01-23,20260123103000000,sh.600864,6.7200,6.7300,6.7200,6.7200,390500,2625251.0000,3
2026-01-23,20260123103500000,sh.600864,6.7200,6.7300,6.7200,6.7300,308700,2075695.0000,3
2026-01-23,20260123104000000,sh.600864,6.7300,6.7300,6.7200,6.7300,246400,1657308.0000,3
2026-01-23,20260123104500000,sh.600864,6.7300,6.7400,6.7200,6.7300,393400,2647579.0000,3
2026-01-23,20260123105000000,sh.600864,6.7300,6.7400,6.7200,6.7300,581900,3916968.0000,3
2026-01-23,20260123105500000,sh.600864,6.7300,6.7400,6.7300,6.7400,191700,1290721.0000,3
2026-01-23,20260123110000000,sh.600864,6.7400,6.7400,6.7300,6.7300,78600,529504.0000,3
2026-01-23,20260123110500000,sh.600864,6.7400,6.7400,6.7300,6.7300,139500,939612.0000,3
2026-01-23,20260123111000000,sh.600864,6.7300,6.7400,6.7300,6.7400,442800,2982974.0000,3
2026-01-23,20260123111500000,sh.600864,6.7400,6.7400,6.7200,6.7300,1286800,8660010.0000,3
2026-01-23,20260123112000000,sh.600864,6.7300,6.7300,6.7200,6.7200,874100,5874375.0000,3
2026-01-23,20260123112500000,sh.600864,6.7200,6.7400,6.7200,6.7400,390700,2628042.0000,3
2026-01-23,20260123113000000,sh.600864,6.7400,6.7400,6.7300,6.7400,145100,977446.0000,3
2026-01-23,20260123130500000,sh.600864,6.7400,6.7400,6.7200,6.7300,1101300,7412323.0000,3
2026-01-23,20260123131000000,sh.600864,6.7300,6.7400,6.7200,6.7300,164700,1108647.0000,3
2026-01-23,20260123131500000,sh.600864,6.7300,6.7400,6.7300,6.7400,250100,1683747.0000,3
2026-01-23,20260123132000000,sh.600864,6.7400,6.7400,6.7300,6.7300,246600,1660170.0000,3
2026-01-23,20260123132500000,sh.600864,6.7300,6.7400,6.7200,6.7300,571700,3847323.0000,3
2026-01-23,20260123133000000,sh.600864,6.7200,6.7400,6.7200,6.7300,536600,3612543.0000,3
2026-01-23,20260123133500000,sh.600864,6.7300,6.7500,6.7300,6.7400,1409700,9499284.0000,3
2026-01-23,20260123134000000,sh.600864,6.7300,6.7400,6.7300,6.7400,265800,1790051.0000,3
2026-01-23,20260123134500000,sh.600864,6.7400,6.7400,6.7300,6.7400,375400,2526713.0000,3
2026-01-23,20260123135000000,sh.600864,6.7400,6.7400,6.7200,6.7300,438100,2947506.0000,3
2026-01-23,20260123135500000,sh.600864,6.7300,6.7400,6.7200,6.7400,524400,3530315.0000,3
2026-01-23,20260123140000000,sh.600864,6.7400,6.7400,6.7300,6.7300,138100,930021.0000,3
2026-01-23,20260123140500000,sh.600864,6.7400,6.7400,6.7300,6.7400,268000,1804314.0000,3
2026-01-23,20260123141000000,sh.600864,6.7400,6.7500,6.7300,6.7400,911700,6145376.0000,3
2026-01-23,20260123141500000,sh.600864,6.7400,6.7500,6.7300,6.7400,656000,4421898.0000,3
2026-01-23,20260123142000000,sh.600864,6.7400,6.7500,6.7400,6.7500,221000,1490063.0000,3
2026-01-23,20260123142500000,sh.600864,6.7500,6.7500,6.7400,6.7400,322600,2175396.0000,3
2026-01-23,20260123143000000,sh.600864,6.7400,6.7500,6.7400,6.7400,290200,1956257.0000,3
2026-01-23,20260123143500000,sh.600864,6.7400,6.7400,6.7300,6.7300,359300,2418885.0000,3
2026-01-23,20260123144000000,sh.600864,6.7300,6.7400,6.7200,6.7300,1335200,8981240.0000,3
2026-01-23,20260123144500000,sh.600864,6.7200,6.7400,6.7200,6.7300,543200,3655056.0000,3
2026-01-23,20260123145000000,sh.600864,6.7300,6.7400,6.7200,6.7200,843200,5673306.0000,3
2026-01-23,20260123145500000,sh.600864,6.7200,6.7400,6.7200,6.7400,779800,5244153.0000,3
2026-01-23,20260123150000000,sh.600864,6.7300,6.7400,6.7300,6.7300,688502,4634430.0000,3
2026-01-26,20260126093500000,sh.600864,6.7500,6.7500,6.7300,6.7400,1722800,11613987.0000,3
2026-01-26,20260126094000000,sh.600864,6.7300,6.7500,6.7200,6.7200,1542300,10389295.0000,3
2026-01-26,20260126094500000,sh.600864,6.7300,6.7400,6.7100,6.7200,1901600,12785747.0000,3
2026-01-26,20260126095000000,sh.600864,6.7100,6.7300,6.7000,6.7100,1750800,11746976.0000,3
2026-01-26,20260126095500000,sh.600864,6.7200,6.7300,6.6900,6.6900,1823800,12229542.0000,3
2026-01-26,20260126100000000,sh.600864,6.7000,6.7000,6.6900,6.6900,971500,6502211.0000,3
2026-01-26,20260126100500000,sh.600864,6.6900,6.7000,6.6800,6.6900,1868600,12494440.0000,3
2026-01-26,20260126101000000,sh.600864,6.6900,6.7200,6.6900,6.7200,1084500,7272924.0000,3
2026-01-26,20260126101500000,sh.600864,6.7200,6.7400,6.7000,6.7000,1684400,11326287.0000,3
2026-01-26,20260126102000000,sh.600864,6.7000,6.7400,6.6900,6.7200,2716700,18230085.0000,3
2026-01-26,20260126102500000,sh.600864,6.7200,6.7600,6.7200,6.7500,2685300,18115539.0000,3
2026-01-26,20260126103000000,sh.600864,6.7400,6.7700,6.7400,6.7500,2136900,14435270.0000,3
2026-01-26,20260126103500000,sh.600864,6.7500,6.7700,6.7300,6.7600,2692700,18177867.0000,3
2026-01-26,20260126104000000,sh.600864,6.7600,6.7800,6.7500,6.7600,2533200,17153050.0000,3
2026-01-26,20260126104500000,sh.600864,6.7600,6.7600,6.7400,6.7400,1214900,8201349.0000,3
2026-01-26,20260126105000000,sh.600864,6.7400,6.7500,6.7300,6.7400,721200,4857805.0000,3
2026-01-26,20260126105500000,sh.600864,6.7400,6.7500,6.7300,6.7500,141000,950815.0000,3
2026-01-26,20260126110000000,sh.600864,6.7500,6.7500,6.7200,6.7200,760500,5120915.0000,3
2026-01-26,20260126110500000,sh.600864,6.7200,6.7300,6.7100,6.7200,828100,5562545.0000,3
2026-01-26,20260126111000000,sh.600864,6.7200,6.7300,6.7100,6.7200,862300,5791132.0000,3
2026-01-26,20260126111500000,sh.600864,6.7100,6.7300,6.7100,6.7200,603200,4052719.0000,3
2026-01-26,20260126112000000,sh.600864,6.7200,6.7300,6.7100,6.7300,1061600,7131741.0000,3
2026-01-26,20260126112500000,sh.600864,6.7300,6.7300,6.7200,6.7300,265400,1785780.0000,3
2026-01-26,20260126113000000,sh.600864,6.7200,6.7300,6.7200,6.7200,169700,1141814.0000,3
2026-01-26,20260126130500000,sh.600864,6.7300,6.7300,6.7200,6.7300,153600,1033252.0000,3
2026-01-26,20260126131000000,sh.600864,6.7300,6.7300,6.7200,6.7300,240600,1618574.0000,3
2026-01-26,20260126131500000,sh.600864,6.7200,6.7200,6.7100,6.7100,971001,6520776.0000,3
2026-01-26,20260126132000000,sh.600864,6.7100,6.7200,6.7000,6.7100,418399,2807365.0000,3
2026-01-26,20260126132500000,sh.600864,6.7100,6.7100,6.7000,6.7000,157400,1055935.0000,3
2026-01-26,20260126133000000,sh.600864,6.7000,6.7100,6.6900,6.6900,981900,6577688.0000,3
2026-01-26,20260126133500000,sh.600864,6.7000,6.7000,6.6800,6.6800,958600,6411713.0000,3
2026-01-26,20260126134000000,sh.600864,6.6800,6.6900,6.6800,6.6900,916600,6124131.0000,3
2026-01-26,20260126134500000,sh.600864,6.6800,6.6900,6.6800,6.6900,612700,4095125.0000,3
2026-01-26,20260126135000000,sh.600864,6.6900,6.6900,6.6500,6.6700,4366700,29101636.0000,3
2026-01-26,20260126135500000,sh.600864,6.6700,6.6900,6.6600,6.6800,1995400,13300537.0000,3
2026-01-26,20260126140000000,sh.600864,6.6700,6.6800,6.6700,6.6800,276500,1845270.0000,3
2026-01-26,20260126140500000,sh.600864,6.6800,6.6800,6.6700,6.6800,248400,1657698.0000,3
2026-01-26,20260126141000000,sh.600864,6.6700,6.6800,6.6700,6.6800,220200,1469825.0000,3
2026-01-26,20260126141500000,sh.600864,6.6800,6.6900,6.6700,6.6900,256400,1713137.0000,3
2026-01-26,20260126142000000,sh.600864,6.6900,6.6900,6.6700,6.6800,491200,3281214.0000,3
2026-01-26,20260126142500000,sh.600864,6.6900,6.6900,6.6800,6.6900,134200,897361.0000,3
2026-01-26,20260126143000000,sh.600864,6.6800,6.7000,6.6800,6.6900,393400,2632814.0000,3
2026-01-26,20260126143500000,sh.600864,6.7000,6.7000,6.6900,6.6900,416700,2791318.0000,3
2026-01-26,20260126144000000,sh.600864,6.6900,6.7000,6.6900,6.7000,474700,3178088.0000,3
2026-01-26,20260126144500000,sh.600864,6.6900,6.7000,6.6800,6.6900,669200,4477481.0000,3
2026-01-26,20260126145000000,sh.600864,6.6900,6.7000,6.6900,6.6900,254500,1702956.0000,3
2026-01-26,20260126145500000,sh.600864,6.6900,6.7000,6.6800,6.7000,951500,6363668.0000,3
2026-01-26,20260126150000000,sh.600864,6.6800,6.7000,6.6800,6.6800,831900,5560224.0000,3
2026-01-27,20260127093500000,sh.600864,6.6800,6.6900,6.6400,6.6400,2297800,15316516.0000,3
2026-01-27,20260127094000000,sh.600864,6.6500,6.6500,6.6200,6.6200,2859100,18977783.0000,3
2026-01-27,20260127094500000,sh.600864,6.6200,6.6200,6.5500,6.5600,4733500,31197846.0000,3
2026-01-27,20260127095000000,sh.600864,6.5600,6.5700,6.5200,6.5400,2730800,17877746.0000,3
2026-01-27,20260127095500000,sh.600864,6.5400,6.5400,6.5100,6.5100,1807900,11799059.0000,3
2026-01-27,20260127100000000,sh.600864,6.5100,6.5100,6.4600,6.4700,3356700,21782501.0000,3
2026-01-27,20260127100500000,sh.600864,6.4700,6.5000,6.4600,6.5000,1765000,11423179.0000,3
2026-01-27,20260127101000000,sh.600864,6.5000,6.5000,6.4800,6.4900,888785,5771075.0000,3
2026-01-27,20260127101500000,sh.600864,6.4900,6.5200,6.4900,6.5100,875500,5697313.0000,3
2026-01-27,20260127102000000,sh.600864,6.5000,6.5100,6.4900,6.5000,806600,5241200.0000,3
2026-01-27,20260127102500000,sh.600864,6.5000,6.5200,6.5000,6.5100,490500,3193072.0000,3
2026-01-27,20260127103000000,sh.600864,6.5000,6.5000,6.4900,6.4900,615200,3996859.0000,3
2026-01-27,20260127103500000,sh.600864,6.4900,6.5100,6.4800,6.5000,447100,2902077.0000,3
2026-01-27,20260127104000000,sh.600864,6.5000,6.5400,6.5000,6.5300,401300,2617935.0000,3
2026-01-27,20260127104500000,sh.600864,6.5300,6.5400,6.5200,6.5300,374200,2443281.0000,3
2026-01-27,20260127105000000,sh.600864,6.5300,6.5300,6.5100,6.5100,292800,1908452.0000,3
2026-01-27,20260127105500000,sh.600864,6.5100,6.5200,6.5000,6.5000,606900,3950474.0000,3
2026-01-27,20260127110000000,sh.600864,6.5000,6.5300,6.5000,6.5300,300000,1953448.0000,3
2026-01-27,20260127110500000,sh.600864,6.5300,6.5400,6.5200,6.5200,393300,2566915.0000,3
2026-01-27,20260127111000000,sh.600864,6.5200,6.5400,6.5100,6.5400,273000,1781538.0000,3
2026-01-27,20260127111500000,sh.600864,6.5400,6.5400,6.5100,6.5100,261900,1708600.0000,3
2026-01-27,20260127112000000,sh.600864,6.5100,6.5200,6.5100,6.5200,98800,643473.0000,3
2026-01-27,20260127112500000,sh.600864,6.5200,6.5300,6.5100,6.5200,66200,431529.0000,3
2026-01-27,20260127113000000,sh.600864,6.5300,6.5300,6.5200,6.5200,162100,1057028.0000,3
2026-01-27,20260127130500000,sh.600864,6.5200,6.5300,6.5100,6.5300,571700,3728444.0000,3
2026-01-27,20260127131000000,sh.600864,6.5300,6.5300,6.5200,6.5300,115200,751690.0000,3
2026-01-27,20260127131500000,sh.600864,6.5300,6.5500,6.5300,6.5500,565200,3694538.0000,3
2026-01-27,20260127132000000,sh.600864,6.5500,6.5500,6.5400,6.5500,361000,2364269.0000,3
2026-01-27,20260127132500000,sh.600864,6.5500,6.5500,6.5400,6.5500,163400,1069305.0000,3
2026-01-27,20260127133000000,sh.600864,6.5500,6.5500,6.5400,6.5500,185700,1215952.0000,3
2026-01-27,20260127133500000,sh.600864,6.5400,6.5600,6.5400,6.5600,494100,3236359.0000,3
2026-01-27,20260127134000000,sh.600864,6.5600,6.5600,6.5400,6.5400,175400,1148655.0000,3
2026-01-27,20260127134500000,sh.600864,6.5400,6.5600,6.5400,6.5600,234700,1537506.0000,3
2026-01-27,20260127135000000,sh.600864,6.5600,6.5900,6.5500,6.5900,1029000,6763284.0000,3
2026-01-27,20260127135500000,sh.600864,6.5900,6.6000,6.5700,6.5700,584000,3846395.0000,3
2026-01-27,20260127140000000,sh.600864,6.5800,6.6000,6.5800,6.6000,395228,2605457.0000,3
2026-01-27,20260127140500000,sh.600864,6.5900,6.6100,6.5900,6.6000,853400,5633649.0000,3
2026-01-27,20260127141000000,sh.600864,6.6000,6.6100,6.5900,6.6000,354600,2340577.0000,3
2026-01-27,20260127141500000,sh.600864,6.6000,6.6000,6.5800,6.5800,433900,2858068.0000,3
2026-01-27,20260127142000000,sh.600864,6.5800,6.5900,6.5800,6.5800,186500,1227575.0000,3
2026-01-27,20260127142500000,sh.600864,6.5800,6.5900,6.5700,6.5900,368400,2424960.0000,3
2026-01-27,20260127143000000,sh.600864,6.5900,6.5900,6.5800,6.5800,304600,2005650.0000,3
2026-01-27,20260127143500000,sh.600864,6.5800,6.5900,6.5700,6.5700,499600,3287673.0000,3
2026-01-27,20260127144000000,sh.600864,6.5700,6.5800,6.5600,6.5700,303500,1992969.0000,3
2026-01-27,20260127144500000,sh.600864,6.5600,6.5800,6.5600,6.5800,507300,3332786.0000,3
2026-01-27,20260127145000000,sh.600864,6.5800,6.5800,6.5700,6.5800,308200,2026311.0000,3
2026-01-27,20260127145500000,sh.600864,6.5800,6.5800,6.5600,6.5700,630400,4141288.0000,3
2026-01-27,20260127150000000,sh.600864,6.5700,6.5800,6.5600,6.5600,517300,3395317.0000,3
2026-01-28,20260128093500000,sh.600864,6.5500,6.5700,6.5300,6.5600,1878985,12308812.0000,3
2026-01-28,20260128094000000,sh.600864,6.5700,6.6100,6.5600,6.5800,1766400,11649156.0000,3
2026-01-28,20260128094500000,sh.600864,6.5900,6.5900,6.5600,6.5600,738900,4852243.0000,3
2026-01-28,20260128095000000,sh.600864,6.5600,6.5900,6.5600,6.5800,938200,6170553.0000,3
2026-01-28,20260128095500000,sh.600864,6.5800,6.6000,6.5600,6.6000,1363500,8974700.0000,3
2026-01-28,20260128100000000,sh.600864,6.5900,6.6000,6.5700,6.5900,486800,3204262.0000,3
2026-01-28,20260128100500000,sh.600864,6.5900,6.5900,6.5700,6.5800,477700,3143712.0000,3
2026-01-28,20260128101000000,sh.600864,6.5700,6.5800,6.5600,6.5800,689400,4529584.0000,3
2026-01-28,20260128101500000,sh.600864,6.5800,6.5900,6.5600,6.5600,508700,3346317.0000,3
2026-01-28,20260128102000000,sh.600864,6.5600,6.5800,6.5600,6.5700,588500,3863548.0000,3
2026-01-28,20260128102500000,sh.600864,6.5700,6.5800,6.5700,6.5700,279900,1839372.0000,3
2026-01-28,20260128103000000,sh.600864,6.5800,6.5900,6.5700,6.5900,604900,3980097.0000,3
2026-01-28,20260128103500000,sh.600864,6.5900,6.6300,6.5800,6.6100,1867000,12332806.0000,3
2026-01-28,20260128104000000,sh.600864,6.6100,6.6200,6.6000,6.6000,253100,1673019.0000,3
2026-01-28,20260128104500000,sh.600864,6.6000,6.6200,6.6000,6.6100,586900,3882071.0000,3
2026-01-28,20260128105000000,sh.600864,6.6100,6.6200,6.6000,6.6100,581500,3845381.0000,3
2026-01-28,20260128105500000,sh.600864,6.6100,6.6200,6.6000,6.6100,267800,1770103.0000,3
2026-01-28,20260128110000000,sh.600864,6.6100,6.6100,6.6000,6.6000,174900,1155429.0000,3
2026-01-28,20260128110500000,sh.600864,6.6000,6.6100,6.6000,6.6000,333000,2198069.0000,3
2026-01-28,20260128111000000,sh.600864,6.6000,6.6100,6.5900,6.6000,222500,1468823.0000,3
2026-01-28,20260128111500000,sh.600864,6.6000,6.6200,6.6000,6.6100,422700,2793863.0000,3
2026-01-28,20260128112000000,sh.600864,6.6100,6.6200,6.6000,6.6100,225400,1489804.0000,3
2026-01-28,20260128112500000,sh.600864,6.6200,6.6200,6.6100,6.6100,110400,729823.0000,3
2026-01-28,20260128113000000,sh.600864,6.6100,6.6400,6.6100,6.6400,1255616,8320097.0000,3
2026-01-28,20260128130500000,sh.600864,6.6400,6.6400,6.6200,6.6200,580000,3846145.0000,3
2026-01-28,20260128131000000,sh.600864,6.6200,6.6400,6.6200,6.6300,399800,2650535.0000,3
2026-01-28,20260128131500000,sh.600864,6.6400,6.6500,6.6200,6.6200,1132486,7515787.0000,3
2026-01-28,20260128132000000,sh.600864,6.6200,6.6300,6.6200,6.6200,553200,3664298.0000,3
2026-01-28,20260128132500000,sh.600864,6.6200,6.6300,6.6100,6.6100,140200,927804.0000,3
2026-01-28,20260128133000000,sh.600864,6.6200,6.6300,6.6100,6.6200,256245,1695918.0000,3
2026-01-28,20260128133500000,sh.600864,6.6200,6.6300,6.6100,6.6200,210700,1394858.0000,3
2026-01-28,20260128134000000,sh.600864,6.6200,6.6300,6.6100,6.6200,230900,1528348.0000,3
2026-01-28,20260128134500000,sh.600864,6.6200,6.6300,6.6100,6.6100,360900,2387005.0000,3
2026-01-28,20260128135000000,sh.600864,6.6200,6.6200,6.6100,6.6200,174600,1154197.0000,3
2026-01-28,20260128135500000,sh.600864,6.6200,6.6200,6.6100,6.6100,220700,1458910.0000,3
2026-01-28,20260128140000000,sh.600864,6.6100,6.6200,6.6000,6.6200,267300,1767231.0000,3
2026-01-28,20260128140500000,sh.600864,6.6200,6.6200,6.6100,6.6100,141400,935135.0000,3
2026-01-28,20260128141000000,sh.600864,6.6100,6.6200,6.6100,6.6100,168300,1112890.0000,3
2026-01-28,20260128141500000,sh.600864,6.6100,6.6200,6.6100,6.6100,229400,1517090.0000,3
2026-01-28,20260128142000000,sh.600864,6.6200,6.6200,6.6000,6.6000,306500,2025795.0000,3
2026-01-28,20260128142500000,sh.600864,6.6000,6.6100,6.6000,6.6000,472601,3119353.0000,3
2026-01-28,20260128143000000,sh.600864,6.6000,6.6100,6.5900,6.6000,264799,1748038.0000,3
2026-01-28,20260128143500000,sh.600864,6.6100,6.6100,6.6000,6.6000,95200,628407.0000,3
2026-01-28,20260128144000000,sh.600864,6.6000,6.6200,6.5900,6.5900,770500,5086399.0000,3
2026-01-28,20260128144500000,sh.600864,6.5900,6.6000,6.5800,6.5800,516700,3403605.0000,3
2026-01-28,20260128145000000,sh.600864,6.5800,6.5900,6.5800,6.5800,340600,2242127.0000,3
2026-01-28,20260128145500000,sh.600864,6.5800,6.5900,6.5800,6.5800,559900,3686520.0000,3
2026-01-28,20260128150000000,sh.600864,6.5800,6.5900,6.5800,6.5900,573000,3774412.0000,3
2026-01-29,20260129093500000,sh.600864,6.5800,6.5900,6.4800,6.5000,2280800,14868009.0000,3
2026-01-29,20260129094000000,sh.600864,6.5000,6.5400,6.4700,6.5300,2810300,18256734.0000,3
2026-01-29,20260129094500000,sh.600864,6.5400,6.5400,6.5100,6.5300,1221700,7971919.0000,3
2026-01-29,20260129095000000,sh.600864,6.5300,6.5400,6.5200,6.5400,880000,5745084.0000,3
2026-01-29,20260129095500000,sh.600864,6.5400,6.5600,6.5300,6.5600,680000,4452471.0000,3
2026-01-29,20260129100000000,sh.600864,6.5600,6.5800,6.5500,6.5700,987200,6475724.0000,3
2026-01-29,20260129100500000,sh.600864,6.5700,6.5700,6.5600,6.5600,334700,2196855.0000,3
2026-01-29,20260129101000000,sh.600864,6.5500,6.5700,6.5500,6.5700,720000,4720830.0000,3
2026-01-29,20260129101500000,sh.600864,6.5700,6.5900,6.5700,6.5700,563900,3709675.0000,3
2026-01-29,20260129102000000,sh.600864,6.5800,6.5800,6.5400,6.5600,598500,3924723.0000,3
2026-01-29,20260129102500000,sh.600864,6.5400,6.5600,6.5400,6.5600,488700,3200747.0000,3
2026-01-29,20260129103000000,sh.600864,6.5600,6.5700,6.5400,6.5500,614400,4027369.0000,3
2026-01-29,20260129103500000,sh.600864,6.5500,6.5500,6.5300,6.5400,345200,2257293.0000,3
2026-01-29,20260129104000000,sh.600864,6.5400,6.5500,6.5300,6.5400,180000,1176862.0000,3
2026-01-29,20260129104500000,sh.600864,6.5400,6.5600,6.5300,6.5400,329100,2155371.0000,3
2026-01-29,20260129105000000,sh.600864,6.5600,6.5600,6.5400,6.5500,293900,1923948.0000,3
2026-01-29,20260129105500000,sh.600864,6.5400,6.5600,6.5400,6.5600,202400,1324814.0000,3
2026-01-29,20260129110000000,sh.600864,6.5600,6.5600,6.5500,6.5600,198900,1303716.0000,3
2026-01-29,20260129110500000,sh.600864,6.5600,6.5600,6.5500,6.5500,184100,1206359.0000,3
2026-01-29,20260129111000000,sh.600864,6.5500,6.5600,6.5400,6.5500,266000,1742372.0000,3
2026-01-29,20260129111500000,sh.600864,6.5500,6.5500,6.5400,6.5500,197100,1289681.0000,3
2026-01-29,20260129112000000,sh.600864,6.5500,6.5500,6.5400,6.5500,234400,1535013.0000,3
2026-01-29,20260129112500000,sh.600864,6.5500,6.5600,6.5400,6.5500,239500,1568323.0000,3
2026-01-29,20260129113000000,sh.600864,6.5500,6.5500,6.5400,6.5500,257900,1688314.0000,3
2026-01-29,20260129130500000,sh.600864,6.5500,6.5700,6.5400,6.5500,322800,2115382.0000,3
2026-01-29,20260129131000000,sh.600864,6.5500,6.5900,6.5500,6.5800,843800,5547699.0000,3
2026-01-29,20260129131500000,sh.600864,6.5800,6.5800,6.5600,6.5800,374856,2462759.0000,3
2026-01-29,20260129132000000,sh.600864,6.5800,6.5900,6.5600,6.5800,377700,2484249.0000,3
2026-01-29,20260129132500000,sh.600864,6.5700,6.5800,6.5600,6.5700,299000,1964596.0000,3
2026-01-29,20260129133000000,sh.600864,6.5600,6.5700,6.5500,6.5500,513100,3364469.0000,3
2026-01-29,20260129133500000,sh.600864,6.5600,6.5700,6.5500,6.5600,417300,2736422.0000,3
2026-01-29,20260129134000000,sh.600864,6.5600,6.6100,6.5600,6.6000,2181800,14389604.0000,3
2026-01-29,20260129134500000,sh.600864,6.6000,6.6100,6.5900,6.6000,1484200,9799762.0000,3
2026-01-29,20260129135000000,sh.600864,6.6000,6.6000,6.5600,6.5600,705100,4640640.0000,3
2026-01-29,20260129135500000,sh.600864,6.5700,6.5700,6.5500,6.5600,822300,5396746.0000,3
2026-01-29,20260129140000000,sh.600864,6.5600,6.5800,6.5500,6.5700,478900,3142737.0000,3
2026-01-29,20260129140500000,sh.600864,6.5700,6.6000,6.5600,6.5900,553600,3644217.0000,3
2026-01-29,20260129141000000,sh.600864,6.5900,6.6000,6.5800,6.5900,681500,4492402.0000,3
2026-01-29,20260129141500000,sh.600864,6.5900,6.5900,6.5700,6.5700,698600,4598203.0000,3
2026-01-29,20260129142000000,sh.600864,6.5700,6.6000,6.5700,6.6000,752900,4964134.0000,3
2026-01-29,20260129142500000,sh.600864,6.6000,6.6300,6.6000,6.6300,2040800,13515324.0000,3
2026-01-29,20260129143000000,sh.600864,6.6300,6.6500,6.6000,6.6000,1322300,8768361.0000,3
2026-01-29,20260129143500000,sh.600864,6.6000,6.6300,6.6000,6.6200,486200,3217530.0000,3
2026-01-29,20260129144000000,sh.600864,6.6200,6.6300,6.6100,6.6300,434600,2876991.0000,3
2026-01-29,20260129144500000,sh.600864,6.6200,6.6300,6.6200,6.6300,440800,2919453.0000,3
2026-01-29,20260129145000000,sh.600864,6.6300,6.6300,6.6100,6.6200,796000,5268045.0000,3
2026-01-29,20260129145500000,sh.600864,6.6200,6.6300,6.6100,6.6300,787200,5211074.0000,3
2026-01-29,20260129150000000,sh.600864,6.6300,6.6300,6.6200,6.6300,695300,4609233.0000,3
2026-01-30,20260130093500000,sh.600864,6.6000,6.6500,6.6000,6.6200,2765500,18314962.0000,3
2026-01-30,20260130094000000,sh.600864,6.6200,6.6300,6.5900,6.5900,1352000,8932205.0000,3
2026-01-30,20260130094500000,sh.600864,6.6000,6.6200,6.5900,6.6000,754100,4978901.0000,3
2026-01-30,20260130095000000,sh.600864,6.6100,6.6300,6.5900,6.6100,808000,5339372.0000,3
2026-01-30,20260130095500000,sh.600864,6.6000,6.6300,6.6000,6.6100,892200,5900798.0000,3
2026-01-30,20260130100000000,sh.600864,6.6000,6.6000,6.5800,6.5900,1112100,7333639.0000,3
2026-01-30,20260130100500000,sh.600864,6.5900,6.5900,6.5600,6.5800,1042000,6850681.0000,3
2026-01-30,20260130101000000,sh.600864,6.5900,6.6000,6.5700,6.5900,997100,6564072.0000,3
2026-01-30,20260130101500000,sh.600864,6.5800,6.5900,6.5700,6.5800,598400,3937890.0000,3
2026-01-30,20260130102000000,sh.600864,6.5800,6.5800,6.5600,6.5800,503000,3304603.0000,3
2026-01-30,20260130102500000,sh.600864,6.5700,6.5900,6.5700,6.5700,465400,3059784.0000,3
2026-01-30,20260130103000000,sh.600864,6.5800,6.6000,6.5800,6.5800,526400,3467254.0000,3
2026-01-30,20260130103500000,sh.600864,6.5800,6.5800,6.5300,6.5300,1642800,10772692.0000,3
2026-01-30,20260130104000000,sh.600864,6.5400,6.5900,6.5400,6.5900,853800,5608820.0000,3
2026-01-30,20260130104500000,sh.600864,6.5900,6.6000,6.5800,6.6000,702900,4634630.0000,3
2026-01-30,20260130105000000,sh.600864,6.5900,6.6000,6.5800,6.5900,226100,1489648.0000,3
2026-01-30,20260130105500000,sh.600864,6.5900,6.5900,6.5600,6.5600,284200,1868980.0000,3
2026-01-30,20260130110000000,sh.600864,6.5600,6.5600,6.5500,6.5500,316100,2072419.0000,3
2026-01-30,20260130110500000,sh.600864,6.5600,6.5700,6.5500,6.5500,315400,2069235.0000,3
2026-01-30,20260130111000000,sh.600864,6.5500,6.5600,6.5500,6.5500,194400,1274883.0000,3
2026-01-30,20260130111500000,sh.600864,6.5500,6.5700,6.5500,6.5700,369400,2421627.0000,3
2026-01-30,20260130112000000,sh.600864,6.5700,6.5700,6.5400,6.5400,488900,3203544.0000,3
2026-01-30,20260130112500000,sh.600864,6.5400,6.5500,6.5300,6.5500,486800,3183295.0000,3
2026-01-30,20260130113000000,sh.600864,6.5500,6.5500,6.5400,6.5500,162000,1060017.0000,3
2026-01-30,20260130130500000,sh.600864,6.5500,6.5700,6.5400,6.5700,215100,1410519.0000,3
2026-01-30,20260130131000000,sh.600864,6.5700,6.5700,6.5600,6.5700,192000,1260318.0000,3
2026-01-30,20260130131500000,sh.600864,6.5700,6.5800,6.5500,6.5800,413600,2714395.0000,3
2026-01-30,20260130132000000,sh.600864,6.5800,6.5800,6.5600,6.5700,628000,4118945.0000,3
2026-01-30,20260130132500000,sh.600864,6.5700,6.5700,6.5600,6.5600,160700,1055213.0000,3
2026-01-30,20260130133000000,sh.600864,6.5600,6.5700,6.5600,6.5600,84100,552020.0000,3
2026-01-30,20260130133500000,sh.600864,6.5700,6.5800,6.5500,6.5600,496900,3258897.0000,3
2026-01-30,20260130134000000,sh.600864,6.5600,6.6000,6.5500,6.5800,694400,4567276.0000,3
2026-01-30,20260130134500000,sh.600864,6.5800,6.5800,6.5700,6.5800,47500,312287.0000,3
2026-01-30,20260130135000000,sh.600864,6.5800,6.5800,6.5700,6.5800,221600,1456653.0000,3
2026-01-30,20260130135500000,sh.600864,6.5700,6.5900,6.5700,6.5800,254800,1675748.0000,3
2026-01-30,20260130140000000,sh.600864,6.5800,6.5800,6.5600,6.5600,220300,1448035.0000,3
2026-01-30,20260130140500000,sh.600864,6.5600,6.5700,6.5600,6.5700,100600,660780.0000,3
2026-01-30,20260130141000000,sh.600864,6.5700,6.5700,6.5600,6.5700,184800,1213940.0000,3
2026-01-30,20260130141500000,sh.600864,6.5700,6.5700,6.5500,6.5700,437500,2870065.0000,3
2026-01-30,20260130142000000,sh.600864,6.5700,6.5700,6.5500,6.5600,183600,1204146.0000,3
2026-01-30,20260130142500000,sh.600864,6.5600,6.5700,6.5500,6.5600,259700,1702084.0000,3
2026-01-30,20260130143000000,sh.600864,6.5600,6.5600,6.5400,6.5500,379800,2486313.0000,3
2026-01-30,20260130143500000,sh.600864,6.5400,6.5500,6.5400,6.5400,134300,879032.0000,3
2026-01-30,20260130144000000,sh.600864,6.5400,6.5500,6.5400,6.5500,315400,2065269.0000,3
2026-01-30,20260130144500000,sh.600864,6.5400,6.5600,6.5400,6.5500,353100,2313589.0000,3
2026-01-30,20260130145000000,sh.600864,6.5500,6.5600,6.5400,6.5400,558100,3654945.0000,3
2026-01-30,20260130145500000,sh.600864,6.5400,6.5500,6.5300,6.5500,1042986,6822259.0000,3
2026-01-30,20260130150000000,sh.600864,6.5500,6.5500,6.5300,6.5300,1255761,8202817.0000,3
2026-02-02,20260202093500000,sh.600864,6.5000,6.5700,6.5000,6.5500,1533600,10037139.0000,3
2026-02-02,20260202094000000,sh.600864,6.5500,6.5600,6.5300,6.5300,646800,4235649.0000,3
2026-02-02,20260202094500000,sh.600864,6.5400,6.5600,6.5400,6.5500,735300,4816582.0000,3
2026-02-02,20260202095000000,sh.600864,6.5500,6.5500,6.5300,6.5500,1003400,6561471.0000,3
2026-02-02,20260202095500000,sh.600864,6.5400,6.5500,6.5300,6.5400,394200,2577713.0000,3
2026-02-02,20260202100000000,sh.600864,6.5400,6.5600,6.5400,6.5500,657900,4310912.0000,3
2026-02-02,20260202100500000,sh.600864,6.5400,6.5600,6.5400,6.5600,1009100,6609918.0000,3
2026-02-02,20260202101000000,sh.600864,6.5600,6.5900,6.5600,6.5800,1945800,12787938.0000,3
2026-02-02,20260202101500000,sh.600864,6.5800,6.5800,6.5400,6.5400,842900,5527591.0000,3
2026-02-02,20260202102000000,sh.600864,6.5400,6.5600,6.5400,6.5500,272400,1783656.0000,3
2026-02-02,20260202102500000,sh.600864,6.5500,6.5600,6.5400,6.5600,142900,936094.0000,3
2026-02-02,20260202103000000,sh.600864,6.5600,6.5600,6.5500,6.5500,170200,1115160.0000,3
2026-02-02,20260202103500000,sh.600864,6.5500,6.5600,6.5400,6.5500,248600,1626457.0000,3
2026-02-02,20260202104000000,sh.600864,6.5400,6.5500,6.5400,6.5400,301900,1974725.0000,3
2026-02-02,20260202104500000,sh.600864,6.5400,6.5500,6.5400,6.5400,123300,806923.0000,3
2026-02-02,20260202105000000,sh.600864,6.5400,6.5500,6.5400,6.5500,117800,770676.0000,3
2026-02-02,20260202105500000,sh.600864,6.5500,6.5500,6.5400,6.5400,281500,1842208.0000,3
2026-02-02,20260202110000000,sh.600864,6.5400,6.5500,6.5200,6.5200,615100,4018852.0000,3
2026-02-02,20260202110500000,sh.600864,6.5200,6.5300,6.5200,6.5200,250700,1634911.0000,3
2026-02-02,20260202111000000,sh.600864,6.5200,6.5300,6.5100,6.5200,379900,2476795.0000,3
2026-02-02,20260202111500000,sh.600864,6.5200,6.5300,6.5200,6.5300,204700,1336183.0000,3
2026-02-02,20260202112000000,sh.600864,6.5300,6.5400,6.5300,6.5300,86400,564411.0000,3
2026-02-02,20260202112500000,sh.600864,6.5300,6.5400,6.5200,6.5300,215600,1407696.0000,3
2026-02-02,20260202113000000,sh.600864,6.5300,6.5300,6.5100,6.5100,214700,1399817.0000,3
2026-02-02,20260202130500000,sh.600864,6.5100,6.5200,6.5100,6.5200,306200,1994600.0000,3
2026-02-02,20260202131000000,sh.600864,6.5200,6.5200,6.5100,6.5200,153400,999489.0000,3
2026-02-02,20260202131500000,sh.600864,6.5100,6.5300,6.5100,6.5200,224900,1466585.0000,3
2026-02-02,20260202132000000,sh.600864,6.5200,6.5300,6.5100,6.5100,239100,1559917.0000,3
2026-02-02,20260202132500000,sh.600864,6.5100,6.5200,6.5100,6.5100,102132,665596.0000,3
2026-02-02,20260202133000000,sh.600864,6.5100,6.5200,6.5000,6.5100,491868,3202174.0000,3
2026-02-02,20260202133500000,sh.600864,6.5100,6.5200,6.5000,6.5000,274800,1788809.0000,3
2026-02-02,20260202134000000,sh.600864,6.5000,6.5100,6.4900,6.4900,771800,5017482.0000,3
2026-02-02,20260202134500000,sh.600864,6.4900,6.5100,6.4900,6.5000,553300,3595180.0000,3
2026-02-02,20260202135000000,sh.600864,6.5000,6.5000,6.4800,6.4800,690300,4477051.0000,3
2026-02-02,20260202135500000,sh.600864,6.4800,6.4900,6.4700,6.4800,737600,4778081.0000,3
2026-02-02,20260202140000000,sh.600864,6.4800,6.5100,6.4700,6.5000,307300,1994499.0000,3
2026-02-02,20260202140500000,sh.600864,6.5000,6.5200,6.5000,6.5100,246400,1603502.0000,3
2026-02-02,20260202141000000,sh.600864,6.5100,6.5100,6.4900,6.5000,253900,1650913.0000,3
2026-02-02,20260202141500000,sh.600864,6.4900,6.5100,6.4800,6.4900,261400,1695927.0000,3
2026-02-02,20260202142000000,sh.600864,6.4900,6.4900,6.4700,6.4700,385600,2497437.0000,3
2026-02-02,20260202142500000,sh.600864,6.4700,6.4800,6.4700,6.4700,295900,1915564.0000,3
2026-02-02,20260202143000000,sh.600864,6.4700,6.4800,6.4600,6.4600,794300,5136353.0000,3
2026-02-02,20260202143500000,sh.600864,6.4700,6.4700,6.4600,6.4700,292200,1889358.0000,3
2026-02-02,20260202144000000,sh.600864,6.4600,6.4700,6.4500,6.4600,598400,3863990.0000,3
2026-02-02,20260202144500000,sh.600864,6.4500,6.4600,6.4300,6.4300,751000,4842031.0000,3
2026-02-02,20260202145000000,sh.600864,6.4400,6.4500,6.4200,6.4200,1013500,6521969.0000,3
2026-02-02,20260202145500000,sh.600864,6.4200,6.4300,6.4200,6.4300,869000,5582068.0000,3
2026-02-02,20260202150000000,sh.600864,6.4300,6.4400,6.4200,6.4300,579900,3728182.0000,3
2026-02-03,20260203093500000,sh.600864,6.4500,6.4800,6.4500,6.4700,1557900,10068626.0000,3
2026-02-03,20260203094000000,sh.600864,6.4700,6.4800,6.4500,6.4500,846100,5470090.0000,3
2026-02-03,20260203094500000,sh.600864,6.4600,6.4700,6.4400,6.4600,803300,5183568.0000,3
2026-02-03,20260203095000000,sh.600864,6.4600,6.4600,6.4400,6.4500,388300,2504561.0000,3
2026-02-03,20260203095500000,sh.600864,6.4500,6.4500,6.4400,6.4400,321900,2074710.0000,3
2026-02-03,20260203100000000,sh.600864,6.4500,6.4600,6.4400,6.4600,1096298,7064306.0000,3
2026-02-03,20260203100500000,sh.600864,6.4600,6.4700,6.4400,6.4400,406500,2624587.0000,3
2026-02-03,20260203101000000,sh.600864,6.4500,6.4500,6.4400,6.4500,315300,2030689.0000,3
2026-02-03,20260203101500000,sh.600864,6.4400,6.4500,6.4200,6.4400,805900,5183296.0000,3
2026-02-03,20260203102000000,sh.600864,6.4400,6.4500,6.4300,6.4500,463400,2982515.0000,3
2026-02-03,20260203102500000,sh.600864,6.4500,6.4600,6.4400,6.4500,263800,1702357.0000,3
2026-02-03,20260203103000000,sh.600864,6.4500,6.4500,6.4200,6.4300,244100,1570633.0000,3
2026-02-03,20260203103500000,sh.600864,6.4200,6.4300,6.4100,6.4200,453600,2911101.0000,3
2026-02-03,20260203104000000,sh.600864,6.4100,6.4300,6.4100,6.4300,399500,2563874.0000,3
2026-02-03,20260203104500000,sh.600864,6.4300,6.4300,6.4100,6.4100,275400,1767279.0000,3
2026-02-03,20260203105000000,sh.600864,6.4100,6.4100,6.3900,6.4100,1291500,8256662.0000,3
2026-02-03,20260203105500000,sh.600864,6.4100,6.4100,6.3900,6.4000,300000,1919494.0000,3
2026-02-03,20260203110000000,sh.600864,6.4000,6.4200,6.4000,6.4200,194000,1244071.0000,3
2026-02-03,20260203110500000,sh.600864,6.4100,6.4300,6.4000,6.4100,276900,1775293.0000,3
2026-02-03,20260203111000000,sh.600864,6.4100,6.4200,6.4100,6.4100,145300,931681.0000,3
2026-02-03,20260203111500000,sh.600864,6.4100,6.4100,6.4000,6.4100,50300,322169.0000,3
2026-02-03,20260203112000000,sh.600864,6.4100,6.4300,6.4000,6.4300,131200,841784.0000,3
2026-02-03,20260203112500000,sh.600864,6.4300,6.4400,6.4200,6.4400,285200,1834177.0000,3
2026-02-03,20260203113000000,sh.600864,6.4400,6.4400,6.4200,6.4400,76900,494687.0000,3
2026-02-03,20260203130500000,sh.600864,6.4400,6.4500,6.4300,6.4300,385467,2482682.0000,3
2026-02-03,20260203131000000,sh.600864,6.4400,6.4400,6.4200,6.4200,585200,3764751.0000,3
2026-02-03,20260203131500000,sh.600864,6.4300,6.4300,6.4200,6.4300,97500,626787.0000,3
2026-02-03,20260203132000000,sh.600864,6.4300,6.4300,6.4200,6.4300,94500,607028.0000,3
2026-02-03,20260203132500000,sh.600864,6.4300,6.4300,6.4200,6.4300,94400,606931.0000,3
2026-02-03,20260203133000000,sh.600864,6.4300,6.4400,6.4300,6.4400,149200,959482.0000,3
2026-02-03,20260203133500000,sh.600864,6.4400,6.4500,6.4300,6.4500,461500,2971793.0000,3
2026-02-03,20260203134000000,sh.600864,6.4500,6.4600,6.4400,6.4400,677900,4369291.0000,3
2026-02-03,20260203134500000,sh.600864,6.4400,6.4600,6.4400,6.4600,388200,2504301.0000,3
2026-02-03,20260203135000000,sh.600864,6.4600,6.4700,6.4500,6.4700,503000,3249194.0000,3
2026-02-03,20260203135500000,sh.600864,6.4700,6.4700,6.4600,6.4600,747400,4833364.0000,3
2026-02-03,20260203140000000,sh.600864,6.4600,6.4600,6.4500,6.4600,103900,670735.0000,3
2026-02-03,20260203140500000,sh.600864,6.4600,6.4600,6.4400,6.4500,259300,1672042.0000,3
2026-02-03,20260203141000000,sh.600864,6.4500,6.4600,6.4400,6.4600,275100,1774757.0000,3
2026-02-03,20260203141500000,sh.600864,6.4600,6.4700,6.4500,6.4700,241400,1559511.0000,3
2026-02-03,20260203142000000,sh.600864,6.4600,6.4700,6.4500,6.4700,220500,1424993.0000,3
2026-02-03,20260203142500000,sh.600864,6.4700,6.4700,6.4600,6.4600,53800,347772.0000,3
2026-02-03,20260203143000000,sh.600864,6.4600,6.4700,6.4500,6.4700,325187,2101133.0000,3
2026-02-03,20260203143500000,sh.600864,6.4700,6.4700,6.4600,6.4700,86000,555942.0000,3
2026-02-03,20260203144000000,sh.600864,6.4700,6.4800,6.4600,6.4700,561700,3634952.0000,3
2026-02-03,20260203144500000,sh.600864,6.4800,6.4800,6.4600,6.4600,267000,1728054.0000,3
2026-02-03,20260203145000000,sh.600864,6.4600,6.4700,6.4600,6.4600,129800,839365.0000,3
2026-02-03,20260203145500000,sh.600864,6.4600,6.4800,6.4600,6.4800,842500,5454486.0000,3
2026-02-03,20260203150000000,sh.600864,6.4800,6.4800,6.4700,6.4800,587900,3809181.0000,3
2026-02-04,20260204093500000,sh.600864,6.4600,6.4700,6.4400,6.4700,1231100,7956434.0000,3
2026-02-04,20260204094000000,sh.600864,6.4700,6.4800,6.4600,6.4600,1378500,8914676.0000,3
2026-02-04,20260204094500000,sh.600864,6.4600,6.4800,6.4600,6.4700,1051200,6791165.0000,3
2026-02-04,20260204095000000,sh.600864,6.4700,6.4800,6.4500,6.4600,482500,3117678.0000,3
2026-02-04,20260204095500000,sh.600864,6.4600,6.4800,6.4600,6.4700,685700,4434471.0000,3
2026-02-04,20260204100000000,sh.600864,6.4700,6.5000,6.4700,6.4800,814800,5284575.0000,3
2026-02-04,20260204100500000,sh.600864,6.4800,6.5000,6.4800,6.4900,431500,2800033.0000,3
2026-02-04,20260204101000000,sh.600864,6.4900,6.5000,6.4900,6.4900,528700,3434237.0000,3
2026-02-04,20260204101500000,sh.600864,6.4900,6.5000,6.4700,6.4800,503600,3264779.0000,3
2026-02-04,20260204102000000,sh.600864,6.4800,6.4900,6.4700,6.4800,460900,2986974.0000,3
2026-02-04,20260204102500000,sh.600864,6.4800,6.5000,6.4800,6.4800,452100,2931611.0000,3
2026-02-04,20260204103000000,sh.600864,6.4800,6.4900,6.4800,6.4800,194200,1259551.0000,3
2026-02-04,20260204103500000,sh.600864,6.4800,6.5000,6.4800,6.4900,619300,4018452.0000,3
2026-02-04,20260204104000000,sh.600864,6.4900,6.5000,6.4800,6.4800,281300,1826066.0000,3
2026-02-04,20260204104500000,sh.600864,6.4800,6.5000,6.4800,6.4900,322800,2094975.0000,3
2026-02-04,20260204105000000,sh.600864,6.4900,6.5000,6.4800,6.4800,149200,968270.0000,3
2026-02-04,20260204105500000,sh.600864,6.4800,6.4900,6.4800,6.4800,87700,568845.0000,3
2026-02-04,20260204110000000,sh.600864,6.4800,6.4900,6.4800,6.4800,60100,389558.0000,3
2026-02-04,20260204110500000,sh.600864,6.4800,6.4900,6.4800,6.4800,136100,882112.0000,3
2026-02-04,20260204111000000,sh.600864,6.4800,6.4900,6.4800,6.4800,106800,692172.0000,3
2026-02-04,20260204111500000,sh.600864,6.4800,6.4900,6.4700,6.4700,240800,1560904.0000,3
2026-02-04,20260204112000000,sh.600864,6.4700,6.4800,6.4600,6.4600,355900,2302329.0000,3
2026-02-04,20260204112500000,sh.600864,6.4700,6.4800,6.4700,6.4700,217501,1407536.0000,3
2026-02-04,20260204113000000,sh.600864,6.4800,6.4800,6.4700,6.4700,118600,767863.0000,3
2026-02-04,20260204130500000,sh.600864,6.4700,6.4900,6.4700,6.4800,235400,1525981.0000,3
2026-02-04,20260204131000000,sh.600864,6.4800,6.4900,6.4800,6.4800,125700,814905.0000,3
2026-02-04,20260204131500000,sh.600864,6.4800,6.4900,6.4700,6.4700,916800,5939839.0000,3
2026-02-04,20260204132000000,sh.600864,6.4700,6.4900,6.4600,6.4800,295800,1915476.0000,3
2026-02-04,20260204132500000,sh.600864,6.4800,6.5100,6.4800,6.5100,1257200,8159505.0000,3
2026-02-04,20260204133000000,sh.600864,6.5100,6.5100,6.4900,6.5100,548100,3565703.0000,3
2026-02-04,20260204133500000,sh.600864,6.5100,6.5100,6.5000,6.5000,58900,383260.0000,3
2026-02-04,20260204134000000,sh.600864,6.5100,6.5100,6.4900,6.4900,371400,2414293.0000,3
2026-02-04,20260204134500000,sh.600864,6.4900,6.5100,6.4900,6.5000,552500,3588642.0000,3
2026-02-04,20260204135000000,sh.600864,6.5100,6.5200,6.5000,6.5100,524300,3413120.0000,3
2026-02-04,20260204135500000,sh.600864,6.5100,6.5200,6.5000,6.5100,265100,1725478.0000,3
2026-02-04,20260204140000000,sh.600864,6.5100,6.5100,6.5000,6.5000,466800,3036512.0000,3
2026-02-04,20260204140500000,sh.600864,6.5000,6.5200,6.5000,6.5200,95600,622532.0000,3
2026-02-04,20260204141000000,sh.600864,6.5100,6.5200,6.5100,6.5100,60000,390989.0000,3
2026-02-04,20260204141500000,sh.600864,6.5100,6.5600,6.5100,6.5500,2080500,13593736.0000,3
2026-02-04,20260204142000000,sh.600864,6.5600,6.5700,6.5500,6.5600,1802500,11831405.0000,3
2026-02-04,20260204142500000,sh.600864,6.5600,6.5600,6.5500,6.5600,511250,3350649.0000,3
2026-02-04,20260204143000000,sh.600864,6.5600,6.5600,6.5500,6.5500,286200,1876249.0000,3
2026-02-04,20260204143500000,sh.600864,6.5600,6.5600,6.5500,6.5600,469900,3081585.0000,3
2026-02-04,20260204144000000,sh.600864,6.5600,6.5700,6.5600,6.5700,765700,5027489.0000,3
2026-02-04,20260204144500000,sh.600864,6.5700,6.5800,6.5600,6.5700,927500,6093610.0000,3
2026-02-04,20260204145000000,sh.600864,6.5800,6.5800,6.5700,6.5800,1052500,6922024.0000,3
2026-02-04,20260204145500000,sh.600864,6.5700,6.5900,6.5700,6.5900,1192044,7842638.0000,3
2026-02-04,20260204150000000,sh.600864,6.5900,6.5900,6.5800,6.5800,1601815,10546872.0000,3
2026-02-05,20260205093500000,sh.600864,6.5700,6.5700,6.5500,6.5700,1277100,8382835.0000,3
2026-02-05,20260205094000000,sh.600864,6.5600,6.6300,6.5600,6.6100,1947976,12840858.0000,3
2026-02-05,20260205094500000,sh.600864,6.6100,6.6100,6.5900,6.6000,791500,5223499.0000,3
2026-02-05,20260205095000000,sh.600864,6.5900,6.5900,6.5800,6.5800,340700,2244367.0000,3
2026-02-05,20260205095500000,sh.600864,6.5800,6.5900,6.5700,6.5700,629100,4139490.0000,3
2026-02-05,20260205100000000,sh.600864,6.5700,6.6100,6.5700,6.6000,1611400,10621106.0000,3
2026-02-05,20260205100500000,sh.600864,6.5900,6.6000,6.5800,6.5900,932000,6147597.0000,3
2026-02-05,20260205101000000,sh.600864,6.5800,6.5900,6.5700,6.5800,402800,2650174.0000,3
2026-02-05,20260205101500000,sh.600864,6.5700,6.5800,6.5600,6.5700,430400,2828454.0000,3
2026-02-05,20260205102000000,sh.600864,6.5600,6.5700,6.5500,6.5600,820400,5381054.0000,3
2026-02-05,20260205102500000,sh.600864,6.5600,6.5800,6.5600,6.5600,342800,2250235.0000,3
2026-02-05,20260205103000000,sh.600864,6.5700,6.5700,6.5500,6.5600,317400,2081885.0000,3
2026-02-05,20260205103500000,sh.600864,6.5600,6.5700,6.5500,6.5700,247500,1623278.0000,3
2026-02-05,20260205104000000,sh.600864,6.5600,6.5700,6.5500,6.5500,221300,1451845.0000,3
2026-02-05,20260205104500000,sh.600864,6.5500,6.5600,6.5500,6.5600,98600,646177.0000,3
2026-02-05,20260205105000000,sh.600864,6.5600,6.5600,6.5400,6.5400,783400,5128390.0000,3
2026-02-05,20260205105500000,sh.600864,6.5400,6.5500,6.5200,6.5300,579800,3785645.0000,3
2026-02-05,20260205110000000,sh.600864,6.5200,6.5400,6.5200,6.5400,291525,1902875.0000,3
2026-02-05,20260205110500000,sh.600864,6.5400,6.5500,6.5300,6.5400,218900,1431239.0000,3
2026-02-05,20260205111000000,sh.600864,6.5400,6.5400,6.5300,6.5400,143900,940528.0000,3
2026-02-05,20260205111500000,sh.600864,6.5400,6.5500,6.5400,6.5400,220800,1445301.0000,3
2026-02-05,20260205112000000,sh.600864,6.5500,6.5600,6.5400,6.5600,245900,1610229.0000,3
2026-02-05,20260205112500000,sh.600864,6.5600,6.5600,6.5400,6.5600,235700,1544448.0000,3
2026-02-05,20260205113000000,sh.600864,6.5500,6.5600,6.5400,6.5500,164000,1074164.0000,3
2026-02-05,20260205130500000,sh.600864,6.5500,6.5500,6.5400,6.5500,167800,1098307.0000,3
2026-02-05,20260205131000000,sh.600864,6.5500,6.5500,6.5400,6.5400,47200,308798.0000,3
2026-02-05,20260205131500000,sh.600864,6.5400,6.5500,6.5300,6.5300,126200,825359.0000,3
2026-02-05,20260205132000000,sh.600864,6.5400,6.5800,6.5300,6.5800,463900,3041813.0000,3
2026-02-05,20260205132500000,sh.600864,6.5800,6.5900,6.5700,6.5800,821600,5410686.0000,3
2026-02-05,20260205133000000,sh.600864,6.5800,6.5900,6.5700,6.5900,313600,2064634.0000,3
2026-02-05,20260205133500000,sh.600864,6.5900,6.5900,6.5700,6.5800,325600,2141640.0000,3
2026-02-05,20260205134000000,sh.600864,6.5800,6.6100,6.5700,6.6100,1225500,8086570.0000,3
2026-02-05,20260205134500000,sh.600864,6.6100,6.6200,6.5900,6.6100,1097800,7254681.0000,3
2026-02-05,20260205135000000,sh.600864,6.6200,6.6300,6.6100,6.6200,1256700,8318257.0000,3
2026-02-05,20260205135500000,sh.600864,6.6200,6.6300,6.6100,6.6100,681800,4512521.0000,3
2026-02-05,20260205140000000,sh.600864,6.6200,6.6200,6.6000,6.6100,407900,2697956.0000,3
2026-02-05,20260205140500000,sh.600864,6.6100,6.6100,6.6000,6.6100,246900,1631360.0000,3
2026-02-05,20260205141000000,sh.600864,6.6100,6.6100,6.6000,6.6000,327200,2162004.0000,3
2026-02-05,20260205141500000,sh.600864,6.6100,6.6100,6.5900,6.6100,483800,3194126.0000,3
2026-02-05,20260205142000000,sh.600864,6.6100,6.6100,6.5900,6.6000,112400,741379.0000,3
2026-02-05,20260205142500000,sh.600864,6.6000,6.6000,6.5800,6.5800,466000,3070591.0000,3
2026-02-05,20260205143000000,sh.600864,6.5900,6.6000,6.5800,6.5900,198000,1304596.0000,3
2026-02-05,20260205143500000,sh.600864,6.5900,6.6000,6.5900,6.6000,232800,1536043.0000,3
2026-02-05,20260205144000000,sh.600864,6.6000,6.6000,6.5900,6.6000,242900,1601824.0000,3
2026-02-05,20260205144500000,sh.600864,6.6000,6.6000,6.5900,6.5900,487100,3210147.0000,3
2026-02-05,20260205145000000,sh.600864,6.5900,6.6000,6.5800,6.5900,531900,3506873.0000,3
2026-02-05,20260205145500000,sh.600864,6.5900,6.5900,6.5800,6.5800,658400,4334769.0000,3
2026-02-05,20260205150000000,sh.600864,6.5800,6.5900,6.5700,6.5700,522800,3440576.0000,3
2026-02-06,20260206093500000,sh.600864,6.5400,6.5800,6.5400,6.5700,1351600,8858155.0000,3
2026-02-06,20260206094000000,sh.600864,6.5600,6.5900,6.5600,6.5900,1183486,7787069.0000,3
2026-02-06,20260206094500000,sh.600864,6.5900,6.6000,6.5600,6.5700,852414,5607868.0000,3
2026-02-06,20260206095000000,sh.600864,6.5700,6.5900,6.5700,6.5800,479100,3152434.0000,3
2026-02-06,20260206095500000,sh.600864,6.5800,6.6100,6.5800,6.6000,600686,3959598.0000,3
2026-02-06,20260206100000000,sh.600864,6.6000,6.6400,6.6000,6.6300,1484600,9828944.0000,3
2026-02-06,20260206100500000,sh.600864,6.6200,6.6300,6.6100,6.6100,874200,5784890.0000,3
2026-02-06,20260206101000000,sh.600864,6.6200,6.6300,6.6000,6.6000,751100,4968301.0000,3
2026-02-06,20260206101500000,sh.600864,6.6100,6.6200,6.6000,6.6100,784100,5183298.0000,3
2026-02-06,20260206102000000,sh.600864,6.6100,6.6300,6.6000,6.6300,714900,4732032.0000,3
2026-02-06,20260206102500000,sh.600864,6.6300,6.6400,6.6200,6.6300,1879100,12462148.0000,3
2026-02-06,20260206103000000,sh.600864,6.6300,6.6400,6.6200,6.6300,656000,4349233.0000,3
2026-02-06,20260206103500000,sh.600864,6.6300,6.6400,6.6200,6.6400,825800,5477409.0000,3
2026-02-06,20260206104000000,sh.600864,6.6400,6.6400,6.6200,6.6300,439400,2913937.0000,3
2026-02-06,20260206104500000,sh.600864,6.6300,6.6300,6.6100,6.6300,356300,2359453.0000,3
2026-02-06,20260206105000000,sh.600864,6.6300,6.6300,6.6100,6.6100,105300,697511.0000,3
2026-02-06,20260206105500000,sh.600864,6.6100,6.6200,6.6100,6.6200,112200,742438.0000,3
2026-02-06,20260206110000000,sh.600864,6.6200,6.6200,6.6100,6.6100,279600,1849825.0000,3
2026-02-06,20260206110500000,sh.600864,6.6100,6.6200,6.6000,6.6000,294600,1947388.0000,3
2026-02-06,20260206111000000,sh.600864,6.6100,6.6200,6.6000,6.6100,163600,1081500.0000,3
2026-02-06,20260206111500000,sh.600864,6.6200,6.6200,6.6100,6.6100,265700,1756526.0000,3
2026-02-06,20260206112000000,sh.600864,6.6100,6.6200,6.6100,6.6100,158300,1046485.0000,3
2026-02-06,20260206112500000,sh.600864,6.6100,6.6200,6.6000,6.6000,58900,389215.0000,3
2026-02-06,20260206113000000,sh.600864,6.6000,6.6100,6.6000,6.6100,218000,1440830.0000,3
2026-02-06,20260206130500000,sh.600864,6.6100,6.6200,6.6000,6.6200,278500,1840807.0000,3
2026-02-06,20260206131000000,sh.600864,6.6200,6.6200,6.6100,6.6100,169100,1117832.0000,3
2026-02-06,20260206131500000,sh.600864,6.6100,6.6100,6.6000,6.6000,96300,635971.0000,3
2026-02-06,20260206132000000,sh.600864,6.6100,6.6100,6.6000,6.6000,38800,256323.0000,3
2026-02-06,20260206132500000,sh.600864,6.6100,6.6200,6.6000,6.6100,249100,1645874.0000,3
2026-02-06,20260206133000000,sh.600864,6.6100,6.6100,6.6000,6.6100,163300,1078452.0000,3
2026-02-06,20260206133500000,sh.600864,6.6100,6.6100,6.6000,6.6100,108900,718872.0000,3
2026-02-06,20260206134000000,sh.600864,6.6100,6.6100,6.6000,6.6100,34800,229830.0000,3
2026-02-06,20260206134500000,sh.600864,6.6100,6.6100,6.6000,6.6000,148000,977072.0000,3
2026-02-06,20260206135000000,sh.600864,6.6000,6.6100,6.5900,6.6000,245100,1617576.0000,3
2026-02-06,20260206135500000,sh.600864,6.6000,6.6000,6.5900,6.5900,85900,566524.0000,3
2026-02-06,20260206140000000,sh.600864,6.5900,6.6000,6.5900,6.5900,190700,1258322.0000,3
2026-02-06,20260206140500000,sh.600864,6.6000,6.6200,6.5900,6.6100,622300,4111918.0000,3
2026-02-06,20260206141000000,sh.600864,6.6100,6.6100,6.6000,6.6100,107000,707073.0000,3
2026-02-06,20260206141500000,sh.600864,6.6000,6.6100,6.5900,6.5900,397500,2623202.0000,3
2026-02-06,20260206142000000,sh.600864,6.5900,6.6000,6.5900,6.6000,116600,768652.0000,3
2026-02-06,20260206142500000,sh.600864,6.6000,6.6000,6.5900,6.5900,352800,2326165.0000,3
2026-02-06,20260206143000000,sh.600864,6.6000,6.6000,6.5800,6.5900,426700,2811868.0000,3
2026-02-06,20260206143500000,sh.600864,6.5800,6.6000,6.5800,6.5800,295500,1947524.0000,3
2026-02-06,20260206144000000,sh.600864,6.5800,6.5900,6.5800,6.5800,120900,795721.0000,3
2026-02-06,20260206144500000,sh.600864,6.5900,6.6000,6.5800,6.5900,1432700,9440637.0000,3
2026-02-06,20260206145000000,sh.600864,6.5900,6.5900,6.5800,6.5900,337700,2222915.0000,3
2026-02-06,20260206145500000,sh.600864,6.5800,6.5900,6.5800,6.5800,750300,4939474.0000,3
2026-02-06,20260206150000000,sh.600864,6.5800,6.5900,6.5800,6.5800,617900,4066722.0000,3
2026-02-09,20260209093500000,sh.600864,6.6000,6.6200,6.5900,6.6200,1988900,13137767.0000,3
2026-02-09,20260209094000000,sh.600864,6.6200,6.6200,6.5900,6.5900,1052200,6946655.0000,3
2026-02-09,20260209094500000,sh.600864,6.5900,6.6000,6.5800,6.6000,589900,3887211.0000,3
2026-02-09,20260209095000000,sh.600864,6.6000,6.6000,6.5900,6.6000,348700,2299551.0000,3
2026-02-09,20260209095500000,sh.600864,6.6000,6.6200,6.5900,6.6000,612600,4046814.0000,3
2026-02-09,20260209100000000,sh.600864,6.6100,6.6200,6.6000,6.6100,1091101,7214669.0000,3
2026-02-09,20260209100500000,sh.600864,6.6100,6.6200,6.6000,6.6100,349000,2306595.0000,3
2026-02-09,20260209101000000,sh.600864,6.6100,6.6200,6.6000,6.6200,487700,3227103.0000,3
2026-02-09,20260209101500000,sh.600864,6.6200,6.6200,6.6100,6.6200,579300,3831690.0000,3
2026-02-09,20260209102000000,sh.600864,6.6200,6.6200,6.6100,6.6100,553900,3662573.0000,3
2026-02-09,20260209102500000,sh.600864,6.6100,6.6200,6.6100,6.6200,195500,1293712.0000,3
2026-02-09,20260209103000000,sh.600864,6.6100,6.6200,6.6000,6.6000,634200,4192494.0000,3
2026-02-09,20260209103500000,sh.600864,6.6100,6.6100,6.6000,6.6000,385800,2549690.0000,3
2026-02-09,20260209104000000,sh.600864,6.6000,6.6200,6.6000,6.6100,480298,3174516.0000,3
2026-02-09,20260209104500000,sh.600864,6.6100,6.6200,6.6000,6.6000,153000,1011204.0000,3
2026-02-09,20260209105000000,sh.600864,6.6000,6.6100,6.6000,6.6100,173800,1147374.0000,3
2026-02-09,20260209105500000,sh.600864,6.6100,6.6100,6.5900,6.6000,889802,5871418.0000,3
2026-02-09,20260209110000000,sh.600864,6.6000,6.6000,6.5900,6.5900,196800,1298002.0000,3
2026-02-09,20260209110500000,sh.600864,6.5900,6.6000,6.5900,6.5900,181300,1195709.0000,3
2026-02-09,20260209111000000,sh.600864,6.5900,6.6000,6.5900,6.6000,150000,989504.0000,3
2026-02-09,20260209111500000,sh.600864,6.6000,6.6000,6.5900,6.6000,193000,1273606.0000,3
2026-02-09,20260209112000000,sh.600864,6.5900,6.6100,6.5900,6.6000,326700,2156190.0000,3
2026-02-09,20260209112500000,sh.600864,6.6000,6.6100,6.5900,6.6000,164573,1086394.0000,3
2026-02-09,20260209113000000,sh.600864,6.6100,6.6100,6.5900,6.6000,172727,1139881.0000,3
2026-02-09,20260209130500000,sh.600864,6.6000,6.6100,6.5900,6.6000,195401,1289162.0000,3
2026-02-09,20260209131000000,sh.600864,6.6000,6.6000,6.5900,6.5900,281700,1857309.0000,3
2026-02-09,20260209131500000,sh.600864,6.5900,6.6000,6.5900,6.5900,117800,776720.0000,3
2026-02-09,20260209132000000,sh.600864,6.5900,6.6000,6.5900,6.6000,158700,1046891.0000,3
2026-02-09,20260209132500000,sh.600864,6.5900,6.6000,6.5900,6.5900,440500,2903109.0000,3
2026-02-09,20260209133000000,sh.600864,6.5900,6.6000,6.5900,6.5900,84600,557877.0000,3
2026-02-09,20260209133500000,sh.600864,6.5900,6.6000,6.5900,6.6000,71900,473991.0000,3
2026-02-09,20260209134000000,sh.600864,6.6000,6.6100,6.5900,6.6100,536600,3540747.0000,3
2026-02-09,20260209134500000,sh.600864,6.6100,6.6100,6.5900,6.6000,836900,5523779.0000,3
2026-02-09,20260209135000000,sh.600864,6.6000,6.6100,6.5900,6.6000,661200,4364121.0000,3
2026-02-09,20260209135500000,sh.600864,6.6000,6.6000,6.5900,6.6000,55800,367978.0000,3
2026-02-09,20260209140000000,sh.600864,6.6000,6.6000,6.5900,6.6000,79000,521185.0000,3
2026-02-09,20260209140500000,sh.600864,6.5900,6.6000,6.5900,6.6000,85300,562725.0000,3
2026-02-09,20260209141000000,sh.600864,6.6000,6.6100,6.5900,6.6000,260800,1720471.0000,3
2026-02-09,20260209141500000,sh.600864,6.6000,6.6000,6.5900,6.6000,371700,2449858.0000,3
2026-02-09,20260209142000000,sh.600864,6.5800,6.5900,6.5800,6.5900,606099,3991388.0000,3
2026-02-09,20260209142500000,sh.600864,6.5800,6.5900,6.5800,6.5900,105000,691797.0000,3
2026-02-09,20260209143000000,sh.600864,6.5900,6.6000,6.5800,6.6000,554700,3655480.0000,3
2026-02-09,20260209143500000,sh.600864,6.6000,6.6000,6.5900,6.5900,235500,1552357.0000,3
2026-02-09,20260209144000000,sh.600864,6.5900,6.6000,6.5800,6.5900,307100,2024281.0000,3
2026-02-09,20260209144500000,sh.600864,6.5900,6.6000,6.5800,6.5900,299500,1974029.0000,3
2026-02-09,20260209145000000,sh.600864,6.6000,6.6000,6.5900,6.5900,877100,5785723.0000,3
2026-02-09,20260209145500000,sh.600864,6.5900,6.6100,6.5900,6.6000,586500,3871350.0000,3
2026-02-09,20260209150000000,sh.600864,6.6100,6.6100,6.6000,6.6000,370700,2447246.0000,3
2026-02-10,20260210093500000,sh.600864,6.6200,6.6300,6.5800,6.5900,1525500,10081156.0000,3
2026-02-10,20260210094000000,sh.600864,6.5900,6.6100,6.5900,6.6100,823600,5435855.0000,3
2026-02-10,20260210094500000,sh.600864,6.6100,6.6100,6.5900,6.6000,324300,2140081.0000,3
2026-02-10,20260210095000000,sh.600864,6.5900,6.6000,6.5900,6.6000,337000,2221472.0000,3
2026-02-10,20260210095500000,sh.600864,6.6000,6.6100,6.5900,6.6000,379600,2505628.0000,3
2026-02-10,20260210100000000,sh.600864,6.6000,6.6100,6.6000,6.6100,122000,805309.0000,3
2026-02-10,20260210100500000,sh.600864,6.6100,6.6100,6.6000,6.6100,194100,1281737.0000,3
2026-02-10,20260210101000000,sh.600864,6.6100,6.6100,6.5900,6.6000,264200,1743803.0000,3
2026-02-10,20260210101500000,sh.600864,6.6000,6.6000,6.5900,6.6000,228600,1507655.0000,3
2026-02-10,20260210102000000,sh.600864,6.6000,6.6000,6.5900,6.5900,489100,3224176.0000,3
2026-02-10,20260210102500000,sh.600864,6.5900,6.6000,6.5800,6.5900,237200,1563016.0000,3
2026-02-10,20260210103000000,sh.600864,6.5900,6.5900,6.5800,6.5900,229900,1514185.0000,3
2026-02-10,20260210103500000,sh.600864,6.5900,6.6000,6.5800,6.5900,249800,1646403.0000,3
2026-02-10,20260210104000000,sh.600864,6.5900,6.5900,6.5800,6.5900,198400,1306740.0000,3
2026-02-10,20260210104500000,sh.600864,6.5900,6.6000,6.5800,6.5900,248400,1635484.0000,3
2026-02-10,20260210105000000,sh.600864,6.5900,6.6000,6.5800,6.5900,87400,575769.0000,3
2026-02-10,20260210105500000,sh.600864,6.5900,6.6000,6.5800,6.5900,469910,3096954.0000,3
2026-02-10,20260210110000000,sh.600864,6.5900,6.6000,6.5900,6.6000,152200,1003226.0000,3
2026-02-10,20260210110500000,sh.600864,6.6000,6.6000,6.5800,6.5900,232300,1530959.0000,3
2026-02-10,20260210111000000,sh.600864,6.5900,6.5900,6.5800,6.5900,822490,5413828.0000,3
2026-02-10,20260210111500000,sh.600864,6.5900,6.5900,6.5800,6.5900,87900,578832.0000,3
2026-02-10,20260210112000000,sh.600864,6.5900,6.5900,6.5800,6.5800,222500,1465052.0000,3
2026-02-10,20260210112500000,sh.600864,6.5800,6.6000,6.5800,6.6000,296200,1954009.0000,3
2026-02-10,20260210113000000,sh.600864,6.6000,6.6000,6.5900,6.6000,140400,925916.0000,3
2026-02-10,20260210130500000,sh.600864,6.5900,6.6000,6.5900,6.6000,89300,589043.0000,3
2026-02-10,20260210131000000,sh.600864,6.6000,6.6000,6.5900,6.6000,217400,1433979.0000,3
2026-02-10,20260210131500000,sh.600864,6.6000,6.6100,6.5900,6.6100,278400,1837342.0000,3
2026-02-10,20260210132000000,sh.600864,6.6000,6.6100,6.5900,6.5900,349300,2305534.0000,3
2026-02-10,20260210132500000,sh.600864,6.5900,6.6100,6.5900,6.6000,191600,1265114.0000,3
2026-02-10,20260210133000000,sh.600864,6.6000,6.6100,6.5900,6.5900,382400,2524128.0000,3
2026-02-10,20260210133500000,sh.600864,6.5900,6.6000,6.5900,6.6000,77200,509115.0000,3
2026-02-10,20260210134000000,sh.600864,6.6000,6.6000,6.5900,6.5900,71100,468863.0000,3
2026-02-10,20260210134500000,sh.600864,6.5900,6.6000,6.5900,6.6000,392900,2589391.0000,3
2026-02-10,20260210135000000,sh.600864,6.5900,6.6000,6.5800,6.5800,349900,2306002.0000,3
2026-02-10,20260210135500000,sh.600864,6.5800,6.5900,6.5800,6.5900,32300,212696.0000,3
2026-02-10,20260210140000000,sh.600864,6.5900,6.5900,6.5800,6.5800,145909,960978.0000,3
2026-02-10,20260210140500000,sh.600864,6.5800,6.5900,6.5800,6.5800,463000,3050912.0000,3
2026-02-10,20260210141000000,sh.600864,6.5800,6.5900,6.5800,6.5900,217300,1429993.0000,3
2026-02-10,20260210141500000,sh.600864,6.5900,6.5900,6.5800,6.5900,46500,306058.0000,3
2026-02-10,20260210142000000,sh.600864,6.5900,6.5900,6.5700,6.5700,607191,3995184.0000,3
2026-02-10,20260210142500000,sh.600864,6.5700,6.5800,6.5700,6.5800,823400,5410014.0000,3
2026-02-10,20260210143000000,sh.600864,6.5800,6.5800,6.5700,6.5700,344400,2262994.0000,3
2026-02-10,20260210143500000,sh.600864,6.5700,6.5800,6.5600,6.5800,328700,2160019.0000,3
2026-02-10,20260210144000000,sh.600864,6.5700,6.5800,6.5700,6.5700,72400,475724.0000,3
2026-02-10,20260210144500000,sh.600864,6.5700,6.5800,6.5700,6.5700,120000,789032.0000,3
2026-02-10,20260210145000000,sh.600864,6.5700,6.5800,6.5700,6.5700,135900,893226.0000,3
2026-02-10,20260210145500000,sh.600864,6.5700,6.5900,6.5700,6.5900,825700,5432780.0000,3
2026-02-10,20260210150000000,sh.600864,6.5800,6.5900,6.5700,6.5700,668800,4397244.0000,3
2026-02-11,20260211093500000,sh.600864,6.5800,6.5900,6.5600,6.5800,760600,5001262.0000,3
2026-02-11,20260211094000000,sh.600864,6.5900,6.5900,6.5800,6.5900,417600,2750336.0000,3
2026-02-11,20260211094500000,sh.600864,6.5900,6.6000,6.5800,6.5900,401300,2643640.0000,3
2026-02-11,20260211095000000,sh.600864,6.5900,6.5900,6.5800,6.5900,230100,1515576.0000,3
2026-02-11,20260211095500000,sh.600864,6.5900,6.5900,6.5800,6.5800,150100,988082.0000,3
2026-02-11,20260211100000000,sh.600864,6.5800,6.5900,6.5800,6.5900,387700,2551596.0000,3
2026-02-11,20260211100500000,sh.600864,6.5800,6.5900,6.5800,6.5800,180200,1186053.0000,3
2026-02-11,20260211101000000,sh.600864,6.5800,6.5900,6.5800,6.5800,169600,1116507.0000,3
2026-02-11,20260211101500000,sh.600864,6.5900,6.5900,6.5700,6.5700,397700,2615608.0000,3
2026-02-11,20260211102000000,sh.600864,6.5700,6.5800,6.5700,6.5700,279700,1838996.0000,3
2026-02-11,20260211102500000,sh.600864,6.5700,6.5800,6.5700,6.5800,196000,1288897.0000,3
2026-02-11,20260211103000000,sh.600864,6.5700,6.5800,6.5700,6.5700,119000,781942.0000,3
2026-02-11,20260211103500000,sh.600864,6.5700,6.5900,6.5700,6.5900,986900,6497600.0000,3
2026-02-11,20260211104000000,sh.600864,6.5900,6.6000,6.5800,6.5900,227900,1501634.0000,3
2026-02-11,20260211104500000,sh.600864,6.5900,6.5900,6.5800,6.5800,72700,478621.0000,3
2026-02-11,20260211105000000,sh.600864,6.5800,6.5900,6.5800,6.5800,59500,391625.0000,3
2026-02-11,20260211105500000,sh.600864,6.5800,6.5900,6.5800,6.5900,101500,668014.0000,3
2026-02-11,20260211110000000,sh.600864,6.5900,6.5900,6.5800,6.5800,157400,1036854.0000,3
2026-02-11,20260211110500000,sh.600864,6.5800,6.5900,6.5800,6.5800,197800,1301894.0000,3
2026-02-11,20260211111000000,sh.600864,6.5800,6.5900,6.5800,6.5800,416600,2741401.0000,3
2026-02-11,20260211111500000,sh.600864,6.5800,6.5900,6.5700,6.5800,228100,1500967.0000,3
2026-02-11,20260211112000000,sh.600864,6.5800,6.6000,6.5700,6.5900,1202900,7932885.0000,3
2026-02-11,20260211112500000,sh.600864,6.5900,6.5900,6.5800,6.5900,71300,469645.0000,3
2026-02-11,20260211113000000,sh.600864,6.5900,6.6000,6.5800,6.5900,237700,1566042.0000,3
2026-02-11,20260211130500000,sh.600864,6.5900,6.6000,6.5800,6.5900,344200,2267052.0000,3
2026-02-11,20260211131000000,sh.600864,6.5900,6.6000,6.5900,6.6000,81300,536356.0000,3
2026-02-11,20260211131500000,sh.600864,6.6000,6.6000,6.5900,6.6000,99400,655155.0000,3
2026-02-11,20260211132000000,sh.600864,6.5900,6.5900,6.5800,6.5800,298400,1966367.0000,3
2026-02-11,20260211132500000,sh.600864,6.5800,6.5900,6.5800,6.5800,25700,169157.0000,3
2026-02-11,20260211133000000,sh.600864,6.5800,6.5900,6.5800,6.5900,36700,241494.0000,3
2026-02-11,20260211133500000,sh.600864,6.5900,6.5900,6.5800,6.5900,70700,465435.0000,3
2026-02-11,20260211134000000,sh.600864,6.5800,6.5900,6.5800,6.5900,93000,612352.0000,3
2026-02-11,20260211134500000,sh.600864,6.5900,6.5900,6.5800,6.5900,23700,155973.0000,3
2026-02-11,20260211135000000,sh.600864,6.5900,6.5900,6.5800,6.5800,34900,229953.0000,3
2026-02-11,20260211135500000,sh.600864,6.5800,6.5900,6.5800,6.5800,124500,819903.0000,3
2026-02-11,20260211140000000,sh.600864,6.5800,6.5900,6.5700,6.5900,263000,1730623.0000,3
2026-02-11,20260211140500000,sh.600864,6.5800,6.5900,6.5700,6.5800,138200,909323.0000,3
2026-02-11,20260211141000000,sh.600864,6.5800,6.5900,6.5700,6.5800,67300,442845.0000,3
2026-02-11,20260211141500000,sh.600864,6.5800,6.5800,6.5700,6.5700,129800,853897.0000,3
2026-02-11,20260211142000000,sh.600864,6.5800,6.5800,6.5700,6.5800,202700,1333739.0000,3
2026-02-11,20260211142500000,sh.600864,6.5800,6.5800,6.5700,6.5700,78800,518139.0000,3
2026-02-11,20260211143000000,sh.600864,6.5700,6.5800,6.5700,6.5700,654100,4298224.0000,3
2026-02-11,20260211143500000,sh.600864,6.5700,6.5700,6.5600,6.5700,83500,548343.0000,3
2026-02-11,20260211144000000,sh.600864,6.5700,6.5700,6.5600,6.5600,32400,212751.0000,3
2026-02-11,20260211144500000,sh.600864,6.5600,6.5700,6.5600,6.5600,157800,1035542.0000,3
2026-02-11,20260211145000000,sh.600864,6.5600,6.5700,6.5500,6.5600,909300,5965023.0000,3
2026-02-11,20260211145500000,sh.600864,6.5700,6.5700,6.5600,6.5700,376800,2473035.0000,3
2026-02-11,20260211150000000,sh.600864,6.5600,6.5700,6.5500,6.5500,668700,4382060.0000,3
2026-02-12,20260212093500000,sh.600864,6.5700,6.5700,6.5400,6.5500,889800,5829012.0000,3
2026-02-12,20260212094000000,sh.600864,6.5500,6.5600,6.5200,6.5400,785900,5137327.0000,3
2026-02-12,20260212094500000,sh.600864,6.5400,6.5400,6.5000,6.5100,1342300,8760179.0000,3
2026-02-12,20260212095000000,sh.600864,6.5000,6.5200,6.5000,6.5200,403500,2628716.0000,3
2026-02-12,20260212095500000,sh.600864,6.5100,6.5400,6.5100,6.5400,584600,3813743.0000,3
2026-02-12,20260212100000000,sh.600864,6.5300,6.5400,6.5200,6.5300,341500,2230367.0000,3
2026-02-12,20260212100500000,sh.600864,6.5300,6.5500,6.5200,6.5500,797100,5211638.0000,3
2026-02-12,20260212101000000,sh.600864,6.5500,6.5500,6.5400,6.5400,196000,1283136.0000,3
2026-02-12,20260212101500000,sh.600864,6.5500,6.5500,6.5400,6.5400,169600,1110463.0000,3
2026-02-12,20260212102000000,sh.600864,6.5400,6.5500,6.5400,6.5500,389400,2548517.0000,3
2026-02-12,20260212102500000,sh.600864,6.5500,6.5600,6.5500,6.5500,384000,2516950.0000,3
2026-02-12,20260212103000000,sh.600864,6.5500,6.5600,6.5400,6.5400,327500,2145064.0000,3
2026-02-12,20260212103500000,sh.600864,6.5400,6.5500,6.5400,6.5400,606885,3969399.0000,3
2026-02-12,20260212104000000,sh.600864,6.5400,6.5500,6.5400,6.5500,352500,2306704.0000,3
2026-02-12,20260212104500000,sh.600864,6.5500,6.5600,6.5400,6.5400,206400,1351789.0000,3
2026-02-12,20260212105000000,sh.600864,6.5400,6.5500,6.5300,6.5400,249300,1630452.0000,3
2026-02-12,20260212105500000,sh.600864,6.5400,6.5600,6.5400,6.5500,498700,3264354.0000,3
2026-02-12,20260212110000000,sh.600864,6.5500,6.5500,6.5400,6.5500,123600,808672.0000,3
2026-02-12,20260212110500000,sh.600864,6.5500,6.5500,6.5300,6.5300,147500,964355.0000,3
2026-02-12,20260212111000000,sh.600864,6.5300,6.5400,6.5300,6.5400,186460,1218165.0000,3
2026-02-12,20260212111500000,sh.600864,6.5400,6.5500,6.5300,6.5500,171600,1122671.0000,3
2026-02-12,20260212112000000,sh.600864,6.5500,6.5500,6.5400,6.5500,172700,1130120.0000,3
2026-02-12,20260212112500000,sh.600864,6.5400,6.5500,6.5300,6.5400,322500,2108119.0000,3
2026-02-12,20260212113000000,sh.600864,6.5400,6.5400,6.5300,6.5300,222300,1452354.0000,3
2026-02-12,20260212130500000,sh.600864,6.5300,6.5400,6.5300,6.5400,212400,1387661.0000,3
2026-02-12,20260212131000000,sh.600864,6.5300,6.5400,6.5300,6.5300,272200,1778885.0000,3
2026-02-12,20260212131500000,sh.600864,6.5300,6.5300,6.5200,6.5300,122200,797594.0000,3
2026-02-12,20260212132000000,sh.600864,6.5300,6.5300,6.5200,6.5300,122000,795668.0000,3
2026-02-12,20260212132500000,sh.600864,6.5200,6.5300,6.5200,6.5200,84000,548080.0000,3
2026-02-12,20260212133000000,sh.600864,6.5200,6.5300,6.5200,6.5200,131800,859787.0000,3
2026-02-12,20260212133500000,sh.600864,6.5300,6.5300,6.5200,6.5200,102700,669782.0000,3
2026-02-12,20260212134000000,sh.600864,6.5200,6.5300,6.5200,6.5300,337500,2201133.0000,3
2026-02-12,20260212134500000,sh.600864,6.5300,6.5300,6.5100,6.5200,610600,3981452.0000,3
2026-02-12,20260212135000000,sh.600864,6.5200,6.5300,6.5100,6.5300,278700,1817647.0000,3
2026-02-12,20260212135500000,sh.600864,6.5300,6.5300,6.5200,6.5200,228200,1488864.0000,3
2026-02-12,20260212140000000,sh.600864,6.5200,6.5300,6.5200,6.5300,199600,1302165.0000,3
2026-02-12,20260212140500000,sh.600864,6.5300,6.5300,6.5200,6.5300,229500,1497255.0000,3
2026-02-12,20260212141000000,sh.600864,6.5200,6.5300,6.5200,6.5300,210400,1372290.0000,3
2026-02-12,20260212141500000,sh.600864,6.5300,6.5300,6.5100,6.5200,235100,1533335.0000,3
2026-02-12,20260212142000000,sh.600864,6.5200,6.5200,6.5100,6.5200,334500,2178103.0000,3
2026-02-12,20260212142500000,sh.600864,6.5100,6.5300,6.5100,6.5200,296200,1931385.0000,3
2026-02-12,20260212143000000,sh.600864,6.5200,6.5300,6.5200,6.5300,140700,917705.0000,3
2026-02-12,20260212143500000,sh.600864,6.5300,6.5300,6.5100,6.5100,543700,3542233.0000,3
2026-02-12,20260212144000000,sh.600864,6.5200,6.5200,6.5100,6.5200,344829,2245417.0000,3
2026-02-12,20260212144500000,sh.600864,6.5100,6.5200,6.5000,6.5100,644571,4196330.0000,3
2026-02-12,20260212145000000,sh.600864,6.5100,6.5200,6.5000,6.5200,1400952,9116188.0000,3
2026-02-12,20260212145500000,sh.600864,6.5100,6.5200,6.5100,6.5200,443200,2886143.0000,3
2026-02-12,20260212150000000,sh.600864,6.5200,6.5300,6.5100,6.5100,835800,5444151.0000,3
2026-02-13,20260213093500000,sh.600864,6.5200,6.5300,6.5200,6.5200,826600,5393416.0000,3
2026-02-13,20260213094000000,sh.600864,6.5200,6.5400,6.5100,6.5300,579800,3783826.0000,3
2026-02-13,20260213094500000,sh.600864,6.5300,6.5400,6.5300,6.5400,491400,3211052.0000,3
2026-02-13,20260213095000000,sh.600864,6.5400,6.5500,6.5300,6.5400,372099,2434248.0000,3
2026-02-13,20260213095500000,sh.600864,6.5400,6.5500,6.5300,6.5400,158300,1035462.0000,3
2026-02-13,20260213100000000,sh.600864,6.5400,6.5500,6.5300,6.5400,151500,990227.0000,3
2026-02-13,20260213100500000,sh.600864,6.5400,6.5400,6.5300,6.5400,114900,751089.0000,3
2026-02-13,20260213101000000,sh.600864,6.5400,6.5400,6.5300,6.5300,592600,3871281.0000,3
2026-02-13,20260213101500000,sh.600864,6.5300,6.5400,6.5300,6.5300,78100,510074.0000,3
2026-02-13,20260213102000000,sh.600864,6.5300,6.5400,6.5300,6.5300,63900,417565.0000,3
2026-02-13,20260213102500000,sh.600864,6.5300,6.5400,6.5300,6.5300,108000,705431.0000,3
2026-02-13,20260213103000000,sh.600864,6.5300,6.5400,6.5200,6.5300,322300,2103081.0000,3
2026-02-13,20260213103500000,sh.600864,6.5300,6.5300,6.5200,6.5200,382053,2493047.0000,3
2026-02-13,20260213104000000,sh.600864,6.5200,6.5300,6.5200,6.5300,148900,972004.0000,3
2026-02-13,20260213104500000,sh.600864,6.5300,6.5300,6.5200,6.5200,91400,595983.0000,3
2026-02-13,20260213105000000,sh.600864,6.5200,6.5300,6.5200,6.5200,132100,861359.0000,3
2026-02-13,20260213105500000,sh.600864,6.5200,6.5300,6.5100,6.5100,254460,1659123.0000,3
2026-02-13,20260213110000000,sh.600864,6.5100,6.5200,6.5100,6.5100,344100,2240333.0000,3
2026-02-13,20260213110500000,sh.600864,6.5100,6.5200,6.5100,6.5100,88200,574234.0000,3
2026-02-13,20260213111000000,sh.600864,6.5100,6.5200,6.5100,6.5100,183800,1196568.0000,3
2026-02-13,20260213111500000,sh.600864,6.5100,6.5200,6.5000,6.5100,285100,1855640.0000,3
2026-02-13,20260213112000000,sh.600864,6.5100,6.5100,6.4900,6.4900,474200,3082109.0000,3
2026-02-13,20260213112500000,sh.600864,6.5000,6.5000,6.4900,6.5000,377500,2450399.0000,3
2026-02-13,20260213113000000,sh.600864,6.5000,6.5100,6.4900,6.4900,167900,1091267.0000,3
2026-02-13,20260213130500000,sh.600864,6.4900,6.5000,6.4900,6.4900,211600,1375141.0000,3
2026-02-13,20260213131000000,sh.600864,6.5000,6.5000,6.4900,6.4900,97900,636090.0000,3
2026-02-13,20260213131500000,sh.600864,6.4900,6.5000,6.4900,6.4900,45100,292943.0000,3
2026-02-13,20260213132000000,sh.600864,6.4900,6.5000,6.4900,6.5000,106500,692163.0000,3
2026-02-13,20260213132500000,sh.600864,6.5000,6.5100,6.4900,6.4900,161700,1050762.0000,3
2026-02-13,20260213133000000,sh.600864,6.4900,6.5100,6.4900,6.4900,157500,1023445.0000,3
2026-02-13,20260213133500000,sh.600864,6.5000,6.5000,6.4900,6.4900,84700,550240.0000,3
2026-02-13,20260213134000000,sh.600864,6.4900,6.5400,6.4900,6.5300,2005700,13073746.0000,3
2026-02-13,20260213134500000,sh.600864,6.5300,6.5300,6.5200,6.5200,68200,445146.0000,3
2026-02-13,20260213135000000,sh.600864,6.5300,6.5300,6.5100,6.5100,265900,1733790.0000,3
2026-02-13,20260213135500000,sh.600864,6.5200,6.5200,6.5000,6.5100,303900,1977373.0000,3
2026-02-13,20260213140000000,sh.600864,6.5100,6.5100,6.5000,6.5000,57700,375425.0000,3
2026-02-13,20260213140500000,sh.600864,6.5000,6.5100,6.5000,6.5000,183100,1190419.0000,3
2026-02-13,20260213141000000,sh.600864,6.5000,6.5000,6.4900,6.4900,291300,1892752.0000,3
2026-02-13,20260213141500000,sh.600864,6.4900,6.4900,6.4700,6.4700,751300,4872320.0000,3
2026-02-13,20260213142000000,sh.600864,6.4700,6.4900,6.4700,6.4800,237000,1535773.0000,3
2026-02-13,20260213142500000,sh.600864,6.4800,6.4800,6.4600,6.4700,702300,4541458.0000,3
2026-02-13,20260213143000000,sh.600864,6.4700,6.4800,6.4600,6.4700,367900,2379032.0000,3
2026-02-13,20260213143500000,sh.600864,6.4600,6.4800,6.4600,6.4800,199200,1289215.0000,3
2026-02-13,20260213144000000,sh.600864,6.4800,6.4800,6.4400,6.4400,1051200,6785915.0000,3
2026-02-13,20260213144500000,sh.600864,6.4400,6.4500,6.4300,6.4300,875100,5630361.0000,3
2026-02-13,20260213145000000,sh.600864,6.4300,6.4400,6.4200,6.4300,1000200,6429499.0000,3
2026-02-13,20260213145500000,sh.600864,6.4300,6.4400,6.4200,6.4300,736700,4738437.0000,3
2026-02-13,20260213150000000,sh.600864,6.4300,6.4300,6.4100,6.4100,1308300,8393903.0000,3
2026-02-24,20260224093500000,sh.600864,6.4600,6.4700,6.4200,6.4300,1241600,8000933.0000,3
2026-02-24,20260224094000000,sh.600864,6.4300,6.4400,6.4100,6.4400,958400,6154458.0000,3
2026-02-24,20260224094500000,sh.600864,6.4400,6.4500,6.4300,6.4300,404100,2600667.0000,3
2026-02-24,20260224095000000,sh.600864,6.4400,6.4500,6.4300,6.4500,406900,2622178.0000,3
2026-02-24,20260224095500000,sh.600864,6.4500,6.4500,6.4300,6.4500,712800,4591276.0000,3
2026-02-24,20260224100000000,sh.600864,6.4400,6.4400,6.4300,6.4400,325700,2096966.0000,3
2026-02-24,20260224100500000,sh.600864,6.4400,6.4500,6.4300,6.4300,197700,1272396.0000,3
2026-02-24,20260224101000000,sh.600864,6.4300,6.4400,6.4300,6.4400,115500,743311.0000,3
2026-02-24,20260224101500000,sh.600864,6.4300,6.4600,6.4300,6.4600,410700,2648313.0000,3
2026-02-24,20260224102000000,sh.600864,6.4600,6.4700,6.4500,6.4600,585900,3786697.0000,3
2026-02-24,20260224102500000,sh.600864,6.4700,6.4700,6.4500,6.4600,375000,2422627.0000,3
2026-02-24,20260224103000000,sh.600864,6.4600,6.4600,6.4500,6.4500,192900,1245653.0000,3
2026-02-24,20260224103500000,sh.600864,6.4500,6.4700,6.4500,6.4700,280600,1812399.0000,3
2026-02-24,20260224104000000,sh.600864,6.4700,6.4800,6.4600,6.4800,374800,2425840.0000,3
2026-02-24,20260224104500000,sh.600864,6.4800,6.4800,6.4600,6.4700,280400,1814586.0000,3
2026-02-24,20260224105000000,sh.600864,6.4600,6.4800,6.4600,6.4800,113700,735799.0000,3
2026-02-24,20260224105500000,sh.600864,6.4800,6.4800,6.4700,6.4800,76400,494753.0000,3
2026-02-24,20260224110000000,sh.600864,6.4800,6.4800,6.4700,6.4800,114800,743566.0000,3
2026-02-24,20260224110500000,sh.600864,6.4800,6.4900,6.4700,6.4800,358300,2321933.0000,3
2026-02-24,20260224111000000,sh.600864,6.4800,6.4900,6.4700,6.4800,139100,901373.0000,3
2026-02-24,20260224111500000,sh.600864,6.4800,6.4900,6.4700,6.4900,137900,893621.0000,3
2026-02-24,20260224112000000,sh.600864,6.4900,6.4900,6.4800,6.4800,125900,816090.0000,3
2026-02-24,20260224112500000,sh.600864,6.4800,6.4900,6.4800,6.4800,51100,331391.0000,3
2026-02-24,20260224113000000,sh.600864,6.4800,6.4900,6.4800,6.4800,109100,707094.0000,3
2026-02-24,20260224130500000,sh.600864,6.4800,6.4900,6.4800,6.4800,481600,3124344.0000,3
2026-02-24,20260224131000000,sh.600864,6.4800,6.4900,6.4800,6.4900,220600,1430421.0000,3
2026-02-24,20260224131500000,sh.600864,6.4800,6.4900,6.4800,6.4800,99500,645466.0000,3
2026-02-24,20260224132000000,sh.600864,6.4800,6.4800,6.4700,6.4700,341100,2210288.0000,3
2026-02-24,20260224132500000,sh.600864,6.4700,6.4900,6.4700,6.4700,304700,1974272.0000,3
2026-02-24,20260224133000000,sh.600864,6.4800,6.4900,6.4700,6.4800,318500,2063262.0000,3
2026-02-24,20260224133500000,sh.600864,6.4800,6.4900,6.4800,6.4800,85400,553627.0000,3
2026-02-24,20260224134000000,sh.600864,6.4800,6.4900,6.4800,6.4900,204700,1327773.0000,3
2026-02-24,20260224134500000,sh.600864,6.4900,6.4900,6.4800,6.4800,249200,1615446.0000,3
2026-02-24,20260224135000000,sh.600864,6.4800,6.4900,6.4800,6.4900,130100,843113.0000,3
2026-02-24,20260224135500000,sh.600864,6.4900,6.4900,6.4800,6.4800,91000,589743.0000,3
2026-02-24,20260224140000000,sh.600864,6.4800,6.4900,6.4800,6.4800,118600,768685.0000,3
2026-02-24,20260224140500000,sh.600864,6.4800,6.5000,6.4800,6.5000,664171,4309879.0000,3
2026-02-24,20260224141000000,sh.600864,6.5000,6.5000,6.4900,6.4900,126100,819065.0000,3
2026-02-24,20260224141500000,sh.600864,6.4900,6.5000,6.4800,6.4800,130700,848290.0000,3
2026-02-24,20260224142000000,sh.600864,6.4900,6.4900,6.4800,6.4800,142100,921734.0000,3
2026-02-24,20260224142500000,sh.600864,6.4800,6.5000,6.4800,6.4800,122100,792399.0000,3
2026-02-24,20260224143000000,sh.600864,6.4900,6.4900,6.4800,6.4800,96800,627827.0000,3
2026-02-24,20260224143500000,sh.600864,6.4800,6.4900,6.4800,6.4800,140700,911883.0000,3
2026-02-24,20260224144000000,sh.600864,6.4800,6.4900,6.4700,6.4700,537700,3483498.0000,3
2026-02-24,20260224144500000,sh.600864,6.4700,6.4800,6.4700,6.4800,208600,1350469.0000,3
2026-02-24,20260224145000000,sh.600864,6.4800,6.4900,6.4700,6.4800,294600,1909006.0000,3
2026-02-24,20260224145500000,sh.600864,6.4800,6.4900,6.4700,6.4700,326800,2117972.0000,3
2026-02-24,20260224150000000,sh.600864,6.4800,6.4900,6.4700,6.4700,755700,4891718.0000,3
2026-02-25,20260225093500000,sh.600864,6.4800,6.5400,6.4800,6.5400,1612300,10499369.0000,3
2026-02-25,20260225094000000,sh.600864,6.5400,6.5700,6.5300,6.5600,1445200,9464162.0000,3
2026-02-25,20260225094500000,sh.600864,6.5600,6.5800,6.5500,6.5800,1794400,11782321.0000,3
2026-02-25,20260225095000000,sh.600864,6.5700,6.6200,6.5700,6.6100,2773200,18299306.0000,3
2026-02-25,20260225095500000,sh.600864,6.6100,6.6200,6.6000,6.6100,1440300,9521412.0000,3
2026-02-25,20260225100000000,sh.600864,6.6100,6.6100,6.6000,6.6100,785000,5184317.0000,3
2026-02-25,20260225100500000,sh.600864,6.6100,6.6100,6.5900,6.6000,778600,5140565.0000,3
2026-02-25,20260225101000000,sh.600864,6.5900,6.6000,6.5900,6.5900,396700,2615830.0000,3
2026-02-25,20260225101500000,sh.600864,6.6000,6.6100,6.6000,6.6100,969300,6401241.0000,3
2026-02-25,20260225102000000,sh.600864,6.6100,6.6100,6.6000,6.6100,344800,2277708.0000,3
2026-02-25,20260225102500000,sh.600864,6.6100,6.6100,6.6000,6.6100,556100,3673769.0000,3
2026-02-25,20260225103000000,sh.600864,6.6100,6.6100,6.6000,6.6100,169000,1116814.0000,3
2026-02-25,20260225103500000,sh.600864,6.6100,6.6200,6.6000,6.6100,526900,3483080.0000,3
2026-02-25,20260225104000000,sh.600864,6.6100,6.6200,6.6100,6.6100,248500,1643437.0000,3
2026-02-25,20260225104500000,sh.600864,6.6200,6.6200,6.6100,6.6100,210400,1392227.0000,3
2026-02-25,20260225105000000,sh.600864,6.6100,6.6200,6.6100,6.6200,424800,2809505.0000,3
2026-02-25,20260225105500000,sh.600864,6.6200,6.6200,6.6100,6.6100,328000,2168472.0000,3
2026-02-25,20260225110000000,sh.600864,6.6200,6.6200,6.6100,6.6200,285200,1886360.0000,3
2026-02-25,20260225110500000,sh.600864,6.6200,6.6200,6.6100,6.6100,230200,1522161.0000,3
2026-02-25,20260225111000000,sh.600864,6.6100,6.6200,6.6100,6.6200,270200,1786874.0000,3
2026-02-25,20260225111500000,sh.600864,6.6200,6.6200,6.6100,6.6100,251400,1662991.0000,3
2026-02-25,20260225112000000,sh.600864,6.6100,6.6200,6.6100,6.6200,527300,3485911.0000,3
2026-02-25,20260225112500000,sh.600864,6.6100,6.6200,6.6000,6.6000,133700,883538.0000,3
2026-02-25,20260225113000000,sh.600864,6.6000,6.6300,6.6000,6.6200,1663000,11006331.0000,3
2026-02-25,20260225130500000,sh.600864,6.6200,6.6200,6.6100,6.6100,718300,4752306.0000,3
2026-02-25,20260225131000000,sh.600864,6.6100,6.6100,6.5900,6.6000,611800,4039326.0000,3
2026-02-25,20260225131500000,sh.600864,6.6000,6.6000,6.5800,6.5800,402300,2650636.0000,3
2026-02-25,20260225132000000,sh.600864,6.5800,6.5900,6.5800,6.5900,191200,1258371.0000,3
2026-02-25,20260225132500000,sh.600864,6.5800,6.5900,6.5800,6.5900,551200,3631823.0000,3
2026-02-25,20260225133000000,sh.600864,6.5900,6.5900,6.5800,6.5900,139100,915773.0000,3
2026-02-25,20260225133500000,sh.600864,6.5800,6.5900,6.5700,6.5700,386200,2540839.0000,3
2026-02-25,20260225134000000,sh.600864,6.5700,6.5700,6.5600,6.5700,410000,2693483.0000,3
2026-02-25,20260225134500000,sh.600864,6.5700,6.5800,6.5600,6.5700,310500,2040068.0000,3
2026-02-25,20260225135000000,sh.600864,6.5700,6.5800,6.5700,6.5700,286801,1884327.0000,3
2026-02-25,20260225135500000,sh.600864,6.5700,6.5800,6.5700,6.5800,67101,441165.0000,3
2026-02-25,20260225140000000,sh.600864,6.5800,6.5800,6.5600,6.5600,418098,2747257.0000,3
2026-02-25,20260225140500000,sh.600864,6.5600,6.5700,6.5600,6.5700,111300,730442.0000,3
2026-02-25,20260225141000000,sh.600864,6.5700,6.5700,6.5500,6.5500,626100,4106773.0000,3
2026-02-25,20260225141500000,sh.600864,6.5500,6.5600,6.5500,6.5500,282500,1850633.0000,3
2026-02-25,20260225142000000,sh.600864,6.5500,6.5600,6.5500,6.5600,97300,637843.0000,3
2026-02-25,20260225142500000,sh.600864,6.5600,6.5600,6.5500,6.5500,296800,1944739.0000,3
2026-02-25,20260225143000000,sh.600864,6.5500,6.5600,6.5400,6.5500,327600,2144893.0000,3
2026-02-25,20260225143500000,sh.600864,6.5500,6.5500,6.5400,6.5400,155700,1019296.0000,3
2026-02-25,20260225144000000,sh.600864,6.5400,6.5600,6.5400,6.5500,337800,2212260.0000,3
2026-02-25,20260225144500000,sh.600864,6.5600,6.5600,6.5500,6.5500,260200,1704651.0000,3
2026-02-25,20260225145000000,sh.600864,6.5500,6.5600,6.5400,6.5500,309100,2025498.0000,3
2026-02-25,20260225145500000,sh.600864,6.5500,6.5600,6.5400,6.5600,563000,3687653.0000,3
2026-02-25,20260225150000000,sh.600864,6.5500,6.5600,6.5500,6.5500,756500,4955937.0000,3
2026-02-26,20260226093500000,sh.600864,6.5500,6.5600,6.5300,6.5300,1249900,8176971.0000,3
2026-02-26,20260226094000000,sh.600864,6.5300,6.5700,6.5300,6.5500,1158600,7589911.0000,3
2026-02-26,20260226094500000,sh.600864,6.5500,6.5500,6.5400,6.5500,674800,4416907.0000,3
2026-02-26,20260226095000000,sh.600864,6.5400,6.5500,6.5400,6.5400,373400,2442938.0000,3
2026-02-26,20260226095500000,sh.600864,6.5400,6.5500,6.5300,6.5300,542800,3549993.0000,3
2026-02-26,20260226100000000,sh.600864,6.5400,6.5500,6.5300,6.5500,604300,3950709.0000,3
2026-02-26,20260226100500000,sh.600864,6.5500,6.5500,6.5300,6.5300,497300,3252450.0000,3
2026-02-26,20260226101000000,sh.600864,6.5300,6.5400,6.5300,6.5400,291100,1902270.0000,3
2026-02-26,20260226101500000,sh.600864,6.5400,6.5400,6.5200,6.5200,663300,4331637.0000,3
2026-02-26,20260226102000000,sh.600864,6.5200,6.5300,6.5200,6.5300,261600,1707278.0000,3
2026-02-26,20260226102500000,sh.600864,6.5300,6.5300,6.5200,6.5200,395300,2577947.0000,3
2026-02-26,20260226103000000,sh.600864,6.5200,6.5200,6.5000,6.5000,903300,5883062.0000,3
2026-02-26,20260226103500000,sh.600864,6.5000,6.5100,6.5000,6.5000,371200,2413777.0000,3
2026-02-26,20260226104000000,sh.600864,6.5000,6.5100,6.5000,6.5000,311400,2025043.0000,3
2026-02-26,20260226104500000,sh.600864,6.5000,6.5100,6.4900,6.5000,1088200,7071603.0000,3
2026-02-26,20260226105000000,sh.600864,6.5000,6.5100,6.5000,6.5000,350000,2276106.0000,3
2026-02-26,20260226105500000,sh.600864,6.5100,6.5100,6.5000,6.5000,230600,1499262.0000,3
2026-02-26,20260226110000000,sh.600864,6.5000,6.5100,6.4900,6.4900,470200,3056163.0000,3
2026-02-26,20260226110500000,sh.600864,6.4900,6.5100,6.4900,6.5000,231400,1504047.0000,3
2026-02-26,20260226111000000,sh.600864,6.5000,6.5100,6.5000,6.5100,130900,851383.0000,3
2026-02-26,20260226111500000,sh.600864,6.5100,6.5100,6.5000,6.5000,210000,1365670.0000,3
2026-02-26,20260226112000000,sh.600864,6.5000,6.5100,6.5000,6.5000,70700,459836.0000,3
2026-02-26,20260226112500000,sh.600864,6.5000,6.5100,6.5000,6.5000,188100,1223272.0000,3
2026-02-26,20260226113000000,sh.600864,6.5000,6.5200,6.5000,6.5200,632300,4116923.0000,3
2026-02-26,20260226130500000,sh.600864,6.5200,6.5200,6.5000,6.5100,369800,2408361.0000,3
2026-02-26,20260226131000000,sh.600864,6.5100,6.5200,6.5100,6.5100,135000,878947.0000,3
2026-02-26,20260226131500000,sh.600864,6.5100,6.5200,6.5000,6.5100,219600,1429583.0000,3
2026-02-26,20260226132000000,sh.600864,6.5100,6.5200,6.5100,6.5100,226500,1474622.0000,3
2026-02-26,20260226132500000,sh.600864,6.5100,6.5200,6.5000,6.5100,221900,1444167.0000,3
2026-02-26,20260226133000000,sh.600864,6.5100,6.5100,6.5000,6.5100,89800,584019.0000,3
2026-02-26,20260226133500000,sh.600864,6.5000,6.5100,6.5000,6.5100,154000,1001139.0000,3
2026-02-26,20260226134000000,sh.600864,6.5000,6.5100,6.5000,6.5000,331000,2154105.0000,3
2026-02-26,20260226134500000,sh.600864,6.5000,6.5100,6.5000,6.5000,83930,545938.0000,3
2026-02-26,20260226135000000,sh.600864,6.5100,6.5100,6.5000,6.5000,133900,871193.0000,3
2026-02-26,20260226135500000,sh.600864,6.5000,6.5100,6.4900,6.4900,515070,3348236.0000,3
2026-02-26,20260226140000000,sh.600864,6.4900,6.5000,6.4900,6.4900,160900,1044906.0000,3
2026-02-26,20260226140500000,sh.600864,6.4900,6.5000,6.4800,6.4900,587900,3816196.0000,3
2026-02-26,20260226141000000,sh.600864,6.4900,6.4900,6.4800,6.4800,183900,1193097.0000,3
2026-02-26,20260226141500000,sh.600864,6.4800,6.4900,6.4800,6.4900,210300,1364586.0000,3
2026-02-26,20260226142000000,sh.600864,6.4900,6.5000,6.4800,6.4900,192400,1248682.0000,3
2026-02-26,20260226142500000,sh.600864,6.4900,6.5000,6.4900,6.4900,181000,1174704.0000,3
2026-02-26,20260226143000000,sh.600864,6.4900,6.4900,6.4800,6.4900,269800,1750872.0000,3
2026-02-26,20260226143500000,sh.600864,6.4900,6.5000,6.4900,6.4900,352300,2286739.0000,3
2026-02-26,20260226144000000,sh.600864,6.4900,6.5000,6.4900,6.5000,78800,511659.0000,3
2026-02-26,20260226144500000,sh.600864,6.4900,6.5000,6.4900,6.4900,556000,3608906.0000,3
2026-02-26,20260226145000000,sh.600864,6.4900,6.5000,6.4900,6.4900,427200,2774558.0000,3
2026-02-26,20260226145500000,sh.600864,6.4900,6.5100,6.4900,6.5000,533500,3467603.0000,3
2026-02-26,20260226150000000,sh.600864,6.5000,6.5100,6.5000,6.5000,414200,2693250.0000,3
