date,time,code,open,high,low,close,volume,amount,adjustflag
2026-01-28,20260128093500000,sh.688785,310.0000,355.0000,310.0000,350.8000,2669181,876519679.0000,3
2026-01-28,20260128094000000,sh.688785,350.1100,352.0400,341.2500,351.0000,1061191,369881812.0000,3
2026-01-28,20260128094500000,sh.688785,351.0100,370.0000,351.0000,369.0700,581706,208524011.0000,3
2026-01-28,20260128095000000,sh.688785,369.9900,390.0000,360.0000,360.0000,398368,151648558.0000,3
2026-01-28,20260128095500000,sh.688785,360.0000,362.1000,349.9000,359.6400,398965,142426266.0000,3
2026-01-28,20260128100000000,sh.688785,360.0000,368.0000,359.5900,361.3600,176805,63890807.0000,3
2026-01-28,20260128100500000,sh.688785,361.3600,367.3500,358.0000,358.5600,228412,82375656.0000,3
2026-01-28,20260128101000000,sh.688785,358.3800,362.2300,358.0100,361.0000,166005,59600107.0000,3
2026-01-28,20260128101500000,sh.688785,361.0000,361.3000,357.0000,358.1300,141723,50923126.0000,3
2026-01-28,20260128102000000,sh.688785,358.1100,358.1300,346.8900,347.9900,207148,72675207.0000,3
2026-01-28,20260128102500000,sh.688785,347.9900,352.1100,347.0200,347.0200,104091,36333015.0000,3
2026-01-28,20260128103000000,sh.688785,347.0200,347.1100,340.0200,340.0200,93351,32201816.0000,3
2026-01-28,20260128103500000,sh.688785,340.0100,340.0100,333.8800,335.6400,214359,71955313.0000,3
2026-01-28,20260128104000000,sh.688785,335.5500,341.4100,334.9900,338.3000,105516,35494828.0000,3
2026-01-28,20260128104500000,sh.688785,338.0000,352.0000,338.0000,350.3500,121836,42172012.0000,3
2026-01-28,20260128105000000,sh.688785,350.3500,351.0000,339.7500,339.7500,66816,23143235.0000,3
2026-01-28,20260128105500000,sh.688785,339.7500,349.0000,338.0700,348.3900,68791,23493300.0000,3
2026-01-28,20260128110000000,sh.688785,348.3900,350.0000,340.2000,347.0400,57984,20091353.0000,3
2026-01-28,20260128110500000,sh.688785,346.7000,348.8000,340.6000,348.8000,50735,17487259.0000,3
2026-01-28,20260128111000000,sh.688785,348.8000,350.0000,344.8000,345.1600,95225,33244381.0000,3
2026-01-28,20260128111500000,sh.688785,345.1600,348.0000,341.0200,345.9600,102408,35462544.0000,3
2026-01-28,20260128112000000,sh.688785,345.0100,347.0000,340.4500,340.4500,79863,27425953.0000,3
2026-01-28,20260128112500000,sh.688785,340.4500,346.0000,340.4500,342.0000,56395,19277543.0000,3
2026-01-28,20260128113000000,sh.688785,341.0000,343.9600,341.0000,342.2300,73055,25045483.0000,3
2026-01-28,20260128130500000,sh.688785,343.7500,343.7500,340.0000,340.0000,82122,27974397.0000,3
2026-01-28,20260128131000000,sh.688785,340.0000,347.7700,340.0000,344.9200,67508,23216815.0000,3
2026-01-28,20260128131500000,sh.688785,343.7500,345.0000,335.5800,345.0000,131690,44615975.0000,3
2026-01-28,20260128132000000,sh.688785,344.9900,344.9900,338.0000,339.5000,64552,21995801.0000,3
2026-01-28,20260128132500000,sh.688785,339.5000,339.5600,336.0100,337.1000,83966,28314423.0000,3
2026-01-28,20260128133000000,sh.688785,336.3000,337.1600,336.1700,336.3700,62289,20954418.0000,3
2026-01-28,20260128133500000,sh.688785,336.3200,339.0000,336.3200,339.0000,70622,23801397.0000,3
2026-01-28,20260128134000000,sh.688785,339.0000,348.8800,339.0000,346.0800,110470,38050588.0000,3
2026-01-28,20260128134500000,sh.688785,346.7900,353.0000,346.6600,351.9900,120254,42085193.0000,3
2026-01-28,20260128135000000,sh.688785,351.9900,351.9900,346.0000,350.9000,65257,22842247.0000,3
2026-01-28,20260128135500000,sh.688785,350.9000,351.9000,350.1000,350.9900,78658,27601169.0000,3
2026-01-28,20260128140000000,sh.688785,350.8700,351.0000,350.7900,350.9700,34728,12186308.0000,3
2026-01-28,20260128140500000,sh.688785,350.8400,350.8400,344.7300,344.9200,70235,24336972.0000,3
2026-01-28,20260128141000000,sh.688785,344.9200,344.9700,340.0000,343.0000,46617,15996065.0000,3
2026-01-28,20260128141500000,sh.688785,343.0000,350.0000,343.0000,349.9900,85875,29736062.0000,3
2026-01-28,20260128142000000,sh.688785,349.9900,350.0000,345.5200,349.8000,87845,30637245.0000,3
2026-01-28,20260128142500000,sh.688785,349.8800,353.5000,349.8000,353.0000,191127,67110844.0000,3
2026-01-28,20260128143000000,sh.688785,353.0000,377.7700,352.8800,377.7700,145282,52171873.0000,3
2026-01-28,20260128143500000,sh.688785,378.0000,380.7500,370.0000,380.2300,198895,74968061.0000,3
2026-01-28,20260128144000000,sh.688785,380.0000,380.7500,377.0000,377.0100,150674,57065594.0000,3
2026-01-28,20260128144500000,sh.688785,377.0200,377.4900,360.0000,361.0000,103248,38415583.0000,3
2026-01-28,20260128145000000,sh.688785,360.0000,370.0000,359.0000,363.0000,102761,37397048.0000,3
2026-01-28,20260128145500000,sh.688785,364.0000,373.5000,363.5000,372.9900,115667,42684216.0000,3
2026-01-28,20260128150000000,sh.688785,373.0000,373.0000,370.0000,371.3000,97494,36192614.0000,3
2026-01-29,20260129093500000,sh.688785,359.0000,365.0000,351.1100,356.0000,767947,274883602.0000,3
2026-01-29,20260129094000000,sh.688785,356.0000,359.8000,340.0000,350.0500,395233,138036079.0000,3
2026-01-29,20260129094500000,sh.688785,352.0000,363.9800,351.9700,357.0000,223949,80215085.0000,3
2026-01-29,20260129095000000,sh.688785,357.0000,360.0400,346.1000,349.0000,230551,81827259.0000,3
2026-01-29,20260129095500000,sh.688785,349.0000,357.0000,346.9600,348.9300,150276,52535051.0000,3
2026-01-29,20260129100000000,sh.688785,347.0000,352.9800,346.9000,350.1500,102858,35955796.0000,3
2026-01-29,20260129100500000,sh.688785,351.0000,351.9700,348.0000,348.0100,82038,28675293.0000,3
2026-01-29,20260129101000000,sh.688785,348.8800,351.9600,347.0300,351.0000,60141,21069434.0000,3
2026-01-29,20260129101500000,sh.688785,351.0900,363.0000,351.0000,363.0000,133157,47747737.0000,3
2026-01-29,20260129102000000,sh.688785,364.0000,369.5800,363.0000,369.5800,162185,59324903.0000,3
2026-01-29,20260129102500000,sh.688785,369.6600,374.7800,365.0100,374.7800,142152,52541949.0000,3
2026-01-29,20260129103000000,sh.688785,374.7000,374.7000,369.6400,370.9800,127500,47463435.0000,3
2026-01-29,20260129103500000,sh.688785,370.9800,373.0000,369.7100,371.4900,74086,27496592.0000,3
2026-01-29,20260129104000000,sh.688785,371.4900,371.4900,363.0100,366.9800,89402,32717005.0000,3
2026-01-29,20260129104500000,sh.688785,366.9800,370.2800,365.0000,365.0200,52832,19447479.0000,3
2026-01-29,20260129105000000,sh.688785,365.0100,368.0000,364.1400,368.0000,111177,40596439.0000,3
2026-01-29,20260129105500000,sh.688785,368.0000,373.0000,365.0000,366.8000,64362,23782574.0000,3
2026-01-29,20260129110000000,sh.688785,366.8000,374.7700,366.8000,374.7700,90815,33758412.0000,3
2026-01-29,20260129110500000,sh.688785,374.9600,375.0000,371.0000,371.0100,102676,38335839.0000,3
2026-01-29,20260129111000000,sh.688785,371.0100,378.0200,371.0100,376.0000,72742,27323536.0000,3
2026-01-29,20260129111500000,sh.688785,375.9900,376.0000,373.1900,373.5000,50275,18849329.0000,3
2026-01-29,20260129112000000,sh.688785,373.5000,373.5000,371.0000,371.2000,37822,14062325.0000,3
2026-01-29,20260129112500000,sh.688785,371.2000,376.0000,371.1000,375.0000,47852,17877299.0000,3
2026-01-29,20260129113000000,sh.688785,372.7400,386.0000,372.7400,378.0000,134481,51177657.0000,3
2026-01-29,20260129130500000,sh.688785,381.0000,389.8000,381.0000,382.9900,188532,72731421.0000,3
2026-01-29,20260129131000000,sh.688785,382.0000,384.8500,379.0000,383.0000,114167,43423203.0000,3
2026-01-29,20260129131500000,sh.688785,383.2900,401.0000,383.2900,399.8800,258909,102861902.0000,3
2026-01-29,20260129132000000,sh.688785,399.0000,399.2500,390.0000,395.5200,100897,40149838.0000,3
2026-01-29,20260129132500000,sh.688785,395.5200,399.0000,394.9900,399.0000,89011,35296357.0000,3
2026-01-29,20260129133000000,sh.688785,399.6800,401.0000,399.0600,400.0100,137175,54887839.0000,3
2026-01-29,20260129133500000,sh.688785,400.8800,420.0000,400.0100,419.9900,152800,63054408.0000,3
2026-01-29,20260129134000000,sh.688785,416.0000,417.9900,408.8700,414.0100,100783,41661113.0000,3
2026-01-29,20260129134500000,sh.688785,414.0100,414.1100,400.9000,400.9000,99114,40469181.0000,3
2026-01-29,20260129135000000,sh.688785,400.9000,404.9900,396.2000,396.2000,35616,14230380.0000,3
2026-01-29,20260129135500000,sh.688785,396.2100,397.3700,388.7000,392.0000,56119,21995776.0000,3
2026-01-29,20260129140000000,sh.688785,392.0000,392.9900,381.1100,385.0300,81936,31730202.0000,3
2026-01-29,20260129140500000,sh.688785,385.0300,397.7900,385.0300,393.9900,34928,13793719.0000,3
2026-01-29,20260129141000000,sh.688785,393.9900,393.9900,382.0000,391.5000,31260,12068112.0000,3
2026-01-29,20260129141500000,sh.688785,391.7900,391.7900,385.5400,386.0200,9408,3648087.0000,3
2026-01-29,20260129142000000,sh.688785,386.0200,391.6000,386.0200,391.4900,19343,7516858.0000,3
2026-01-29,20260129142500000,sh.688785,391.4900,392.9900,390.0000,391.5000,26030,10197106.0000,3
2026-01-29,20260129143000000,sh.688785,391.5000,391.5000,381.5000,381.5000,49272,18994697.0000,3
2026-01-29,20260129143500000,sh.688785,381.1000,386.9000,378.0000,384.4900,52449,20047496.0000,3
2026-01-29,20260129144000000,sh.688785,384.4900,385.0000,378.9200,380.0000,52134,19894922.0000,3
2026-01-29,20260129144500000,sh.688785,380.0000,383.0000,378.0000,378.0000,73021,27767481.0000,3
2026-01-29,20260129145000000,sh.688785,377.9600,380.0000,374.6100,374.6100,107855,40686307.0000,3
2026-01-29,20260129145500000,sh.688785,374.6100,381.0000,373.0100,380.0000,74832,28240079.0000,3
2026-01-29,20260129150000000,sh.688785,379.9700,381.0000,379.9700,381.0000,61069,23242014.0000,3
2026-01-30,20260130093500000,sh.688785,365.2500,386.7800,365.0400,378.8900,341905,128793412.0000,3
2026-01-30,20260130094000000,sh.688785,379.0000,381.0000,365.0000,370.0100,225924,83703100.0000,3
2026-01-30,20260130094500000,sh.688785,370.5000,390.0100,370.5000,389.9900,214442,81716059.0000,3
2026-01-30,20260130095000000,sh.688785,388.9400,390.0000,383.0000,388.9000,203906,78849232.0000,3
2026-01-30,20260130095500000,sh.688785,387.9000,393.0000,383.0000,383.0000,169552,66060880.0000,3
2026-01-30,20260130100000000,sh.688785,382.6700,388.9000,382.2000,388.9000,95400,36844210.0000,3
2026-01-30,20260130100500000,sh.688785,388.8000,389.9900,383.5800,389.8800,81478,31496050.0000,3
2026-01-30,20260130101000000,sh.688785,389.8000,397.6800,386.1900,397.6800,158108,62076236.0000,3
2026-01-30,20260130101500000,sh.688785,397.6800,397.6800,390.0000,394.8000,115633,45748354.0000,3
2026-01-30,20260130102000000,sh.688785,394.8800,403.5300,393.1000,400.0000,226160,90183417.0000,3
2026-01-30,20260130102500000,sh.688785,398.9900,405.8800,395.8800,397.2300,148685,59652999.0000,3
2026-01-30,20260130103000000,sh.688785,397.2300,400.9800,388.0500,390.0500,143691,56749267.0000,3
2026-01-30,20260130103500000,sh.688785,390.0500,391.5000,385.0000,390.0000,82198,31879319.0000,3
2026-01-30,20260130104000000,sh.688785,390.0000,392.7000,381.1100,386.8000,102230,39590186.0000,3
2026-01-30,20260130104500000,sh.688785,386.8000,390.8700,385.0000,385.0000,74300,28912420.0000,3
2026-01-30,20260130105000000,sh.688785,387.0000,387.0000,382.3300,382.3300,44665,17164656.0000,3
2026-01-30,20260130105500000,sh.688785,382.3300,384.9800,377.0000,377.0000,96553,36748158.0000,3
2026-01-30,20260130110000000,sh.688785,377.0000,381.6200,375.6700,381.6200,34934,13181154.0000,3
2026-01-30,20260130110500000,sh.688785,381.6200,381.7800,377.8800,381.7800,18777,7150227.0000,3
2026-01-30,20260130111000000,sh.688785,381.7800,387.0900,381.0100,385.0000,29360,11303589.0000,3
2026-01-30,20260130111500000,sh.688785,384.4400,387.0900,383.9900,387.0900,34656,13365889.0000,3
2026-01-30,20260130112000000,sh.688785,387.0900,396.0300,386.9000,396.0000,73443,28758260.0000,3
2026-01-30,20260130112500000,sh.688785,395.9900,396.6000,393.0100,394.0000,39653,15674660.0000,3
2026-01-30,20260130113000000,sh.688785,395.0000,395.0000,387.0000,392.0000,30355,11840526.0000,3
2026-01-30,20260130130500000,sh.688785,392.7800,393.0000,383.0000,385.4000,44658,17369719.0000,3
2026-01-30,20260130131000000,sh.688785,385.4000,386.9400,376.0000,381.0000,83485,31695240.0000,3
2026-01-30,20260130131500000,sh.688785,381.0000,386.7000,381.0000,386.6600,34108,13072139.0000,3
2026-01-30,20260130132000000,sh.688785,386.6600,386.9800,381.2100,386.9800,41187,15809376.0000,3
2026-01-30,20260130132500000,sh.688785,386.9800,390.8900,381.7000,389.7000,46426,17958309.0000,3
2026-01-30,20260130133000000,sh.688785,389.7000,393.0000,389.0000,392.0000,37875,14815463.0000,3
2026-01-30,20260130133500000,sh.688785,392.0000,392.0000,389.0000,391.7700,22282,8717561.0000,3
2026-01-30,20260130134000000,sh.688785,391.7700,396.5900,389.0600,396.5900,56471,22179522.0000,3
2026-01-30,20260130134500000,sh.688785,396.5800,402.9800,394.0200,399.0000,100483,40038211.0000,3
2026-01-30,20260130135000000,sh.688785,398.9900,400.0000,394.6000,399.7300,63092,25107393.0000,3
2026-01-30,20260130135500000,sh.688785,399.7300,402.8000,391.0600,397.0000,96898,38693049.0000,3
2026-01-30,20260130140000000,sh.688785,397.0000,402.0800,394.2000,396.1100,88497,35444875.0000,3
2026-01-30,20260130140500000,sh.688785,396.1100,400.6100,396.1100,399.0000,45307,18105349.0000,3
2026-01-30,20260130141000000,sh.688785,399.0000,399.8900,394.1200,396.5700,32319,12813085.0000,3
2026-01-30,20260130141500000,sh.688785,396.5700,399.8900,394.8300,398.8000,33532,13375720.0000,3
2026-01-30,20260130142000000,sh.688785,398.8000,400.6000,396.5800,400.6000,35591,14203256.0000,3
2026-01-30,20260130142500000,sh.688785,400.6000,401.8000,399.9100,399.9100,43233,17313822.0000,3
2026-01-30,20260130143000000,sh.688785,399.9100,401.6800,399.9000,400.6400,44150,17675790.0000,3
2026-01-30,20260130143500000,sh.688785,400.6200,401.0000,396.5700,399.0000,37585,14959526.0000,3
2026-01-30,20260130144000000,sh.688785,399.5000,401.0000,396.8100,400.1600,46221,18481210.0000,3
2026-01-30,20260130144500000,sh.688785,400.1600,405.4000,399.0000,404.0000,94805,38139608.0000,3
2026-01-30,20260130145000000,sh.688785,403.1800,410.7000,402.0200,410.5500,144362,58721740.0000,3
2026-01-30,20260130145500000,sh.688785,409.0000,412.0000,408.6900,411.8000,96537,39611140.0000,3
2026-01-30,20260130150000000,sh.688785,411.8000,417.3400,410.0200,417.3400,152626,63207014.0000,3
2026-02-02,20260202093500000,sh.688785,400.0000,400.0000,385.0000,390.0000,340819,133709722.0000,3
2026-02-02,20260202094000000,sh.688785,392.0000,392.0000,380.1100,383.9800,225629,86641223.0000,3
2026-02-02,20260202094500000,sh.688785,383.9800,385.9000,375.3300,385.0800,182168,69232398.0000,3
2026-02-02,20260202095000000,sh.688785,385.0000,388.7700,381.0000,388.7700,76804,29527587.0000,3
2026-02-02,20260202095500000,sh.688785,388.7700,388.8000,381.6700,382.0000,76500,29630363.0000,3
2026-02-02,20260202100000000,sh.688785,381.7000,386.2100,381.7000,386.2100,42325,16301790.0000,3
2026-02-02,20260202100500000,sh.688785,386.2000,386.9800,381.5000,381.5000,49725,19063518.0000,3
2026-02-02,20260202101000000,sh.688785,381.2800,395.0000,381.2800,393.9000,170975,66420116.0000,3
2026-02-02,20260202101500000,sh.688785,393.0000,394.0000,389.0000,391.0400,86180,33798980.0000,3
2026-02-02,20260202102000000,sh.688785,389.0100,394.0000,386.0000,393.9300,44521,17434473.0000,3
2026-02-02,20260202102500000,sh.688785,393.9300,399.6400,392.9500,399.2700,115901,45959173.0000,3
2026-02-02,20260202103000000,sh.688785,399.2700,399.7000,393.0100,399.5000,79189,31498792.0000,3
2026-02-02,20260202103500000,sh.688785,399.5000,399.9000,396.3800,399.0000,31778,12683043.0000,3
2026-02-02,20260202104000000,sh.688785,399.0000,399.0100,396.4000,397.3300,16348,6509640.0000,3
2026-02-02,20260202104500000,sh.688785,397.3300,399.8800,397.3100,399.1100,14757,5887238.0000,3
2026-02-02,20260202105000000,sh.688785,399.0100,400.0000,399.0100,399.2500,91281,36505395.0000,3
2026-02-02,20260202105500000,sh.688785,399.1000,399.2500,397.6000,397.6000,13391,5344248.0000,3
2026-02-02,20260202110000000,sh.688785,397.6000,399.1300,390.6000,395.9600,27269,10754858.0000,3
2026-02-02,20260202110500000,sh.688785,395.9600,395.9600,390.0000,390.0500,27069,10604125.0000,3
2026-02-02,20260202111000000,sh.688785,390.0500,391.0000,384.0000,387.9800,25012,9689105.0000,3
2026-02-02,20260202111500000,sh.688785,387.9800,393.5000,385.9800,393.3000,32993,12910733.0000,3
2026-02-02,20260202112000000,sh.688785,393.3000,393.3000,389.0000,392.9000,24437,9553039.0000,3
2026-02-02,20260202112500000,sh.688785,392.9000,392.9000,389.0000,391.9800,12782,4992809.0000,3
2026-02-02,20260202113000000,sh.688785,389.0100,389.3200,385.0200,386.1100,23763,9186593.0000,3
2026-02-02,20260202130500000,sh.688785,386.1100,393.3000,385.0000,393.2800,56713,22059765.0000,3
2026-02-02,20260202131000000,sh.688785,393.0000,394.4000,391.0100,393.9800,21395,8416944.0000,3
2026-02-02,20260202131500000,sh.688785,393.9900,393.9900,391.0100,391.0100,11275,4433212.0000,3
2026-02-02,20260202132000000,sh.688785,392.0000,399.9900,391.0100,399.9900,114821,45564690.0000,3
2026-02-02,20260202132500000,sh.688785,399.9900,399.9900,395.0100,396.0000,15201,6019812.0000,3
2026-02-02,20260202133000000,sh.688785,396.0000,398.8500,391.0000,396.0000,18165,7162011.0000,3
2026-02-02,20260202133500000,sh.688785,396.8600,396.8600,392.0000,394.9400,10733,4226701.0000,3
2026-02-02,20260202134000000,sh.688785,394.9400,397.0000,394.0000,397.0000,8200,3247788.0000,3
2026-02-02,20260202134500000,sh.688785,396.9400,397.0000,395.0000,396.5000,6463,2560873.0000,3
2026-02-02,20260202135000000,sh.688785,396.5000,396.5000,392.5500,395.0000,12969,5113126.0000,3
2026-02-02,20260202135500000,sh.688785,395.8800,395.8800,392.5700,393.4000,4005,1575974.0000,3
2026-02-02,20260202140000000,sh.688785,393.4000,397.0000,392.6300,396.9700,12945,5121793.0000,3
2026-02-02,20260202140500000,sh.688785,397.0000,397.0000,393.0800,393.0800,20233,8007629.0000,3
2026-02-02,20260202141000000,sh.688785,393.0800,393.6000,392.6100,393.6000,6534,2568044.0000,3
2026-02-02,20260202141500000,sh.688785,393.6000,393.6000,386.6200,386.6200,41604,16284711.0000,3
2026-02-02,20260202142000000,sh.688785,387.0000,392.9400,385.0500,385.0500,30417,11763392.0000,3
2026-02-02,20260202142500000,sh.688785,385.0500,391.8800,382.0000,382.1500,50791,19474980.0000,3
2026-02-02,20260202143000000,sh.688785,382.5400,385.8800,382.1500,383.1000,29308,11237380.0000,3
2026-02-02,20260202143500000,sh.688785,383.1000,384.1100,382.7000,383.0400,34389,13178732.0000,3
2026-02-02,20260202144000000,sh.688785,384.0100,384.0100,382.1700,382.4300,72405,27723586.0000,3
2026-02-02,20260202144500000,sh.688785,382.2500,388.0000,382.2000,382.6000,74018,28412133.0000,3
2026-02-02,20260202145000000,sh.688785,382.8000,383.0100,378.2100,380.0000,84209,32017547.0000,3
2026-02-02,20260202145500000,sh.688785,380.0000,382.0000,377.0000,377.0000,96606,36613447.0000,3
2026-02-02,20260202150000000,sh.688785,376.8000,378.2000,375.0000,375.0000,99691,37507553.0000,3
2026-02-03,20260203093500000,sh.688785,385.0000,393.0000,381.0000,392.6600,418994,162846506.0000,3
2026-02-03,20260203094000000,sh.688785,390.8000,396.8700,390.8000,392.8000,240898,95033772.0000,3
2026-02-03,20260203094500000,sh.688785,394.9900,404.8700,394.9900,401.8000,254833,101931952.0000,3
2026-02-03,20260203095000000,sh.688785,401.8000,404.4800,398.0200,401.0600,126937,50932638.0000,3
2026-02-03,20260203095500000,sh.688785,401.1000,408.8000,401.1000,403.0000,191000,77385115.0000,3
2026-02-03,20260203100000000,sh.688785,403.0000,408.5900,402.5000,406.0600,138287,56154046.0000,3
2026-02-03,20260203100500000,sh.688785,406.0600,413.0000,405.0000,405.5000,116167,47421507.0000,3
2026-02-03,20260203101000000,sh.688785,405.0000,409.0000,403.5800,403.5800,121888,49546899.0000,3
2026-02-03,20260203101500000,sh.688785,403.5800,407.9900,398.7400,401.0000,150807,60586612.0000,3
2026-02-03,20260203102000000,sh.688785,401.0000,402.9000,391.0000,391.2100,137736,54470813.0000,3
2026-02-03,20260203102500000,sh.688785,395.0000,398.0100,391.0100,392.0000,87073,34377966.0000,3
2026-02-03,20260203103000000,sh.688785,392.0000,393.0000,391.0300,392.9800,85955,33679921.0000,3
2026-02-03,20260203103500000,sh.688785,392.9800,394.8400,391.0100,391.1600,76695,30089080.0000,3
2026-02-03,20260203104000000,sh.688785,391.1600,395.0000,391.1600,394.0000,71817,28237866.0000,3
2026-02-03,20260203104500000,sh.688785,394.0000,398.9200,392.4200,395.0200,88364,35115739.0000,3
2026-02-03,20260203105000000,sh.688785,395.0200,398.8000,393.0000,393.0000,45078,17905710.0000,3
2026-02-03,20260203105500000,sh.688785,393.0000,395.7000,392.0600,394.1100,44015,17368780.0000,3
2026-02-03,20260203110000000,sh.688785,394.1100,397.4900,393.0000,396.9000,14307,5654243.0000,3
2026-02-03,20260203110500000,sh.688785,396.9000,398.6000,396.9000,398.6000,19165,7620169.0000,3
2026-02-03,20260203111000000,sh.688785,398.6000,401.0000,398.5800,400.8600,25942,10371901.0000,3
2026-02-03,20260203111500000,sh.688785,400.9600,404.0000,400.8700,402.5000,32459,13063500.0000,3
2026-02-03,20260203112000000,sh.688785,402.5000,403.0000,397.0400,397.0400,22536,9058102.0000,3
2026-02-03,20260203112500000,sh.688785,397.0400,400.0000,395.2200,395.2200,36387,14487322.0000,3
2026-02-03,20260203113000000,sh.688785,395.2200,396.7600,391.5500,391.8800,45936,18095243.0000,3
2026-02-03,20260203130500000,sh.688785,391.8800,394.0000,382.5600,382.6500,106625,41368000.0000,3
2026-02-03,20260203131000000,sh.688785,382.6600,388.2800,381.6800,382.0100,98762,37822954.0000,3
2026-02-03,20260203131500000,sh.688785,382.0000,384.9800,379.0400,384.9800,45874,17514990.0000,3
2026-02-03,20260203132000000,sh.688785,385.0000,387.9900,384.9800,387.7300,19175,7396578.0000,3
2026-02-03,20260203132500000,sh.688785,387.7300,387.9900,384.9900,387.0000,18990,7339148.0000,3
2026-02-03,20260203133000000,sh.688785,387.0000,387.9500,384.9800,386.0100,14605,5647351.0000,3
2026-02-03,20260203133500000,sh.688785,386.0000,386.0600,382.8800,382.8900,22482,8635675.0000,3
2026-02-03,20260203134000000,sh.688785,382.8800,391.9000,382.1300,391.8300,61836,23896269.0000,3
2026-02-03,20260203134500000,sh.688785,391.9000,393.0000,385.0300,393.0000,41380,16139612.0000,3
2026-02-03,20260203135000000,sh.688785,393.0000,393.5800,388.0000,393.5700,28439,11167952.0000,3
2026-02-03,20260203135500000,sh.688785,393.5700,393.6800,390.0000,391.0200,28561,11211945.0000,3
2026-02-03,20260203140000000,sh.688785,391.0100,392.6000,388.8800,390.5500,12566,4897386.0000,3
2026-02-03,20260203140500000,sh.688785,390.5500,392.7800,388.0100,392.6100,32183,12550630.0000,3
2026-02-03,20260203141000000,sh.688785,392.6100,402.6800,392.6100,398.0000,64235,25572390.0000,3
2026-02-03,20260203141500000,sh.688785,398.0000,402.5000,396.3600,399.9000,47037,18837382.0000,3
2026-02-03,20260203142000000,sh.688785,399.9000,403.0000,399.2400,402.0000,44013,17647158.0000,3
2026-02-03,20260203142500000,sh.688785,402.0000,403.0000,399.3800,399.3900,22929,9217024.0000,3
2026-02-03,20260203143000000,sh.688785,399.3900,400.5800,398.0000,399.0900,35024,13970998.0000,3
2026-02-03,20260203143500000,sh.688785,399.0900,403.5000,399.0900,402.2200,46187,18595218.0000,3
2026-02-03,20260203144000000,sh.688785,402.2200,402.8800,400.6500,402.0800,48179,19370332.0000,3
2026-02-03,20260203144500000,sh.688785,402.0800,405.0000,402.0700,404.0000,52680,21258104.0000,3
2026-02-03,20260203145000000,sh.688785,404.0000,404.6200,400.5000,402.7700,53954,21805351.0000,3
2026-02-03,20260203145500000,sh.688785,402.5800,403.2900,398.0700,399.0200,48614,19458941.0000,3
2026-02-03,20260203150000000,sh.688785,398.5900,399.0400,396.1800,396.1800,75826,30130733.0000,3
2026-02-04,20260204093500000,sh.688785,388.0000,388.0000,370.0800,374.0000,367144,139161661.0000,3
2026-02-04,20260204094000000,sh.688785,373.0000,375.5700,368.0100,372.3500,215375,79898270.0000,3
2026-02-04,20260204094500000,sh.688785,372.1500,381.5700,372.1500,381.0000,130467,49127028.0000,3
2026-02-04,20260204095000000,sh.688785,380.0100,381.0000,367.5000,369.4700,176409,65712817.0000,3
2026-02-04,20260204095500000,sh.688785,369.8700,378.4900,369.8700,372.9300,38900,14550402.0000,3
2026-02-04,20260204100000000,sh.688785,372.0000,372.0000,363.0000,365.0000,164358,60235171.0000,3
2026-02-04,20260204100500000,sh.688785,364.6000,369.8000,363.9400,369.0000,57627,21036170.0000,3
2026-02-04,20260204101000000,sh.688785,366.0900,369.9900,365.0000,369.9800,46022,16911386.0000,3
2026-02-04,20260204101500000,sh.688785,369.9800,369.9900,366.0100,366.2900,46863,17264156.0000,3
2026-02-04,20260204102000000,sh.688785,366.2900,369.9000,366.2900,369.0000,15840,5839888.0000,3
2026-02-04,20260204102500000,sh.688785,369.0000,370.6600,366.8200,369.9300,38936,14340593.0000,3
2026-02-04,20260204103000000,sh.688785,369.9300,370.6400,365.8000,370.4900,43366,15922060.0000,3
2026-02-04,20260204103500000,sh.688785,370.4900,370.4900,363.9900,365.0000,57068,20856047.0000,3
2026-02-04,20260204104000000,sh.688785,365.0000,366.5200,364.0000,366.0000,34067,12423413.0000,3
2026-02-04,20260204104500000,sh.688785,366.0000,366.0000,352.8900,358.0000,139400,50031544.0000,3
2026-02-04,20260204105000000,sh.688785,358.0000,358.9800,352.8900,352.8900,109500,39020431.0000,3
2026-02-04,20260204105500000,sh.688785,353.0000,355.8500,353.0000,354.8200,140657,49865211.0000,3
2026-02-04,20260204110000000,sh.688785,354.3500,354.9900,349.0000,349.9800,143122,50283273.0000,3
2026-02-04,20260204110500000,sh.688785,348.0000,351.5900,347.0100,351.0000,99877,34881294.0000,3
2026-02-04,20260204111000000,sh.688785,351.0000,351.4700,349.0000,349.9900,49223,17246026.0000,3
2026-02-04,20260204111500000,sh.688785,349.9900,349.9900,346.0000,347.9800,68529,23805022.0000,3
2026-02-04,20260204112000000,sh.688785,347.9800,348.8800,345.9800,347.5000,69311,24062553.0000,3
2026-02-04,20260204112500000,sh.688785,347.0300,347.9900,347.0200,347.7100,27510,9561157.0000,3
2026-02-04,20260204113000000,sh.688785,347.7000,347.9900,346.5800,346.5800,15099,5244268.0000,3
2026-02-04,20260204130500000,sh.688785,346.0000,349.9800,341.0000,346.2500,171689,59328060.0000,3
2026-02-04,20260204131000000,sh.688785,346.2500,353.0000,346.2500,351.9800,43014,15072498.0000,3
2026-02-04,20260204131500000,sh.688785,351.9800,352.2400,348.3600,351.7900,24241,8497524.0000,3
2026-02-04,20260204132000000,sh.688785,350.2100,350.2700,347.9300,350.0000,51326,17914823.0000,3
2026-02-04,20260204132500000,sh.688785,350.0000,350.0700,341.8800,343.5000,59254,20553314.0000,3
2026-02-04,20260204133000000,sh.688785,344.9700,349.9900,342.0000,349.9900,50135,17234760.0000,3
2026-02-04,20260204133500000,sh.688785,349.9900,349.9900,343.0000,349.9800,31549,10883994.0000,3
2026-02-04,20260204134000000,sh.688785,349.9800,350.8100,348.9900,349.0200,36532,12781316.0000,3
2026-02-04,20260204134500000,sh.688785,349.0200,352.2300,347.4600,349.0000,41029,14349473.0000,3
2026-02-04,20260204135000000,sh.688785,349.0000,350.0800,347.0100,350.0800,14497,5048870.0000,3
2026-02-04,20260204135500000,sh.688785,350.0800,351.3800,347.1100,347.1100,39940,13903128.0000,3
2026-02-04,20260204140000000,sh.688785,347.0600,347.4100,345.9000,346.1000,14020,4855589.0000,3
2026-02-04,20260204140500000,sh.688785,345.9700,349.8400,345.6200,348.0000,26618,9246280.0000,3
2026-02-04,20260204141000000,sh.688785,348.0000,348.0000,344.8800,345.0000,12025,4158429.0000,3
2026-02-04,20260204141500000,sh.688785,345.0000,349.5000,345.0000,347.0100,17426,6051831.0000,3
2026-02-04,20260204142000000,sh.688785,347.0100,352.0000,347.0100,351.4700,25266,8832567.0000,3
2026-02-04,20260204142500000,sh.688785,351.4700,353.0000,349.8900,350.8100,69343,24432710.0000,3
2026-02-04,20260204143000000,sh.688785,350.8100,352.8200,350.0000,351.3900,36488,12830979.0000,3
2026-02-04,20260204143500000,sh.688785,351.3900,354.8900,351.3100,354.3700,51515,18178065.0000,3
2026-02-04,20260204144000000,sh.688785,354.3700,360.4900,352.7600,360.4900,105828,37536312.0000,3
2026-02-04,20260204144500000,sh.688785,360.0000,360.9700,354.2500,359.0000,63354,22740049.0000,3
2026-02-04,20260204145000000,sh.688785,359.0000,359.5900,355.0000,356.9800,35708,12765353.0000,3
2026-02-04,20260204145500000,sh.688785,356.0100,358.9700,355.6100,357.8900,54734,19527770.0000,3
2026-02-04,20260204150000000,sh.688785,357.8900,359.8200,357.8900,358.0000,40290,14442802.0000,3
2026-02-05,20260205093500000,sh.688785,340.0200,344.0000,335.0000,337.0000,208742,70445919.0000,3
2026-02-05,20260205094000000,sh.688785,337.0000,344.9800,337.0000,341.0000,152665,52154589.0000,3
2026-02-05,20260205094500000,sh.688785,340.9900,342.8000,338.0000,340.0200,96616,32852053.0000,3
2026-02-05,20260205095000000,sh.688785,339.5100,339.5100,335.1200,337.9900,79423,26734201.0000,3
2026-02-05,20260205095500000,sh.688785,336.2000,339.9700,335.1500,339.7000,52959,17884190.0000,3
2026-02-05,20260205100000000,sh.688785,339.7000,339.7000,333.9700,334.5900,68729,23052495.0000,3
2026-02-05,20260205100500000,sh.688785,335.2900,337.9000,333.6400,336.8800,50950,17052012.0000,3
2026-02-05,20260205101000000,sh.688785,337.4100,337.4100,333.9000,334.4900,79764,26759769.0000,3
2026-02-05,20260205101500000,sh.688785,334.4900,336.9800,333.6700,335.5000,40938,13720010.0000,3
2026-02-05,20260205102000000,sh.688785,335.5000,336.8000,331.3600,336.6800,75243,25130934.0000,3
2026-02-05,20260205102500000,sh.688785,336.8000,339.8000,335.1600,335.1600,37639,12709056.0000,3
2026-02-05,20260205103000000,sh.688785,337.5000,339.3900,333.9900,336.5700,44157,14899506.0000,3
2026-02-05,20260205103500000,sh.688785,336.5700,341.8600,336.5700,341.3000,61607,20974073.0000,3
2026-02-05,20260205104000000,sh.688785,341.3000,341.4000,336.4500,339.0000,34842,11798039.0000,3
2026-02-05,20260205104500000,sh.688785,339.8700,344.9700,339.8700,342.5100,61275,21022318.0000,3
2026-02-05,20260205105000000,sh.688785,342.5100,347.9900,342.0000,342.0000,40781,14087189.0000,3
2026-02-05,20260205105500000,sh.688785,342.0000,342.4700,340.7800,340.8000,35265,12053571.0000,3
2026-02-05,20260205110000000,sh.688785,340.7200,345.9900,340.3000,342.9500,28776,9875164.0000,3
2026-02-05,20260205110500000,sh.688785,342.8400,346.7800,341.2200,346.7000,81690,28125990.0000,3
2026-02-05,20260205111000000,sh.688785,346.7000,347.7300,343.0000,346.8400,39999,13844011.0000,3
2026-02-05,20260205111500000,sh.688785,346.9100,350.8000,344.0000,350.0000,84544,29413054.0000,3
2026-02-05,20260205112000000,sh.688785,350.0000,352.5100,344.0000,350.5200,101939,35661410.0000,3
2026-02-05,20260205112500000,sh.688785,351.2000,355.5800,347.8000,354.0000,77971,27506109.0000,3
2026-02-05,20260205113000000,sh.688785,354.0000,354.0000,349.9600,353.1500,15431,5435863.0000,3
2026-02-05,20260205130500000,sh.688785,353.1500,356.5000,351.1500,356.5000,56624,20074335.0000,3
2026-02-05,20260205131000000,sh.688785,356.5000,363.8800,355.8700,356.5000,149146,53671658.0000,3
2026-02-05,20260205131500000,sh.688785,356.3100,359.8800,353.1500,359.8800,37448,13347244.0000,3
2026-02-05,20260205132000000,sh.688785,359.8800,359.8900,355.3400,355.4300,28772,10297580.0000,3
2026-02-05,20260205132500000,sh.688785,355.4300,361.3200,355.0000,358.8900,48938,17557015.0000,3
2026-02-05,20260205133000000,sh.688785,358.8900,358.8900,355.9500,357.0000,18150,6480281.0000,3
2026-02-05,20260205133500000,sh.688785,358.0000,358.0000,354.9900,358.0000,16725,5955265.0000,3
2026-02-05,20260205134000000,sh.688785,357.9900,360.6100,357.9000,359.8500,33756,12123111.0000,3
2026-02-05,20260205134500000,sh.688785,359.8500,361.4000,359.7700,361.3800,40797,14699187.0000,3
2026-02-05,20260205135000000,sh.688785,361.3800,365.8200,360.8300,365.8200,73605,26780807.0000,3
2026-02-05,20260205135500000,sh.688785,365.8000,368.0000,365.0000,367.8000,59216,21712491.0000,3
2026-02-05,20260205140000000,sh.688785,367.8000,368.5400,367.0600,367.9400,45686,16807193.0000,3
2026-02-05,20260205140500000,sh.688785,367.9400,374.8700,367.0000,374.6900,107568,39841221.0000,3
2026-02-05,20260205141000000,sh.688785,374.9900,379.7000,374.9900,376.6600,103176,38892475.0000,3
2026-02-05,20260205141500000,sh.688785,376.6600,376.6600,370.1100,370.1100,45468,16932985.0000,3
2026-02-05,20260205142000000,sh.688785,370.1700,371.0000,367.0000,367.0400,54087,19950919.0000,3
2026-02-05,20260205142500000,sh.688785,367.0400,369.8800,366.2000,367.9900,28282,10402645.0000,3
2026-02-05,20260205143000000,sh.688785,367.9900,367.9900,364.1100,365.9900,23291,8513729.0000,3
2026-02-05,20260205143500000,sh.688785,365.9900,373.3600,365.9000,373.3600,41922,15489300.0000,3
2026-02-05,20260205144000000,sh.688785,373.3100,373.3100,366.0000,366.0000,32314,11978150.0000,3
2026-02-05,20260205144500000,sh.688785,366.0000,368.9700,366.0000,367.2800,18910,6960208.0000,3
2026-02-05,20260205145000000,sh.688785,368.0000,368.0000,365.0000,365.0000,15203,5575877.0000,3
2026-02-05,20260205145500000,sh.688785,365.0000,366.9300,365.0000,365.3400,62555,22876676.0000,3
2026-02-05,20260205150000000,sh.688785,366.0000,366.2100,365.0000,365.0000,28059,10253589.0000,3
2026-02-06,20260206093500000,sh.688785,354.0500,368.0000,354.0500,365.1400,175977,63633664.0000,3
2026-02-06,20260206094000000,sh.688785,365.1400,374.4900,363.0000,367.0000,120529,44513139.0000,3
2026-02-06,20260206094500000,sh.688785,367.7000,369.9400,360.2300,364.0300,93634,34266454.0000,3
2026-02-06,20260206095000000,sh.688785,364.0300,368.5000,361.6100,365.5900,36880,13493972.0000,3
2026-02-06,20260206095500000,sh.688785,365.5900,366.4800,361.6300,363.0000,31632,11502365.0000,3
2026-02-06,20260206100000000,sh.688785,363.0000,366.1400,362.1100,363.0000,17326,6305061.0000,3
2026-02-06,20260206100500000,sh.688785,363.0000,364.9700,360.0000,364.4100,26335,9525036.0000,3
2026-02-06,20260206101000000,sh.688785,364.4100,364.5000,361.0000,362.0500,14742,5336215.0000,3
2026-02-06,20260206101500000,sh.688785,361.4000,364.0000,360.0000,364.0000,26157,9453753.0000,3
2026-02-06,20260206102000000,sh.688785,364.0000,369.8800,363.8700,365.9900,32942,12055291.0000,3
2026-02-06,20260206102500000,sh.688785,365.9900,371.0000,365.1000,369.0000,22861,8411719.0000,3
2026-02-06,20260206103000000,sh.688785,369.0000,370.3100,367.0600,367.0600,15617,5762794.0000,3
2026-02-06,20260206103500000,sh.688785,367.0600,369.9900,367.0600,369.7900,14752,5441891.0000,3
2026-02-06,20260206104000000,sh.688785,369.7900,370.8900,368.6100,370.7900,17936,6641885.0000,3
2026-02-06,20260206104500000,sh.688785,370.7900,371.5800,369.0100,370.8400,21419,7945354.0000,3
2026-02-06,20260206105000000,sh.688785,370.8400,370.9600,369.0000,370.9600,13031,4823036.0000,3
2026-02-06,20260206105500000,sh.688785,370.9600,374.8700,369.0200,374.5500,40583,15125062.0000,3
2026-02-06,20260206110000000,sh.688785,374.5500,376.5200,372.0000,373.9900,61916,23191551.0000,3
2026-02-06,20260206110500000,sh.688785,373.9900,375.0100,372.7900,373.6800,20180,7537648.0000,3
2026-02-06,20260206111000000,sh.688785,373.6800,375.9900,373.6800,374.9000,15121,5672497.0000,3
2026-02-06,20260206111500000,sh.688785,374.9000,376.4800,373.6800,374.0000,21807,8174942.0000,3
2026-02-06,20260206112000000,sh.688785,374.0000,376.0000,373.9900,374.0300,15914,5966660.0000,3
2026-02-06,20260206112500000,sh.688785,374.0200,376.4800,373.6500,375.9500,48048,18016142.0000,3
2026-02-06,20260206113000000,sh.688785,375.9500,376.5200,374.0000,376.3000,27221,10221472.0000,3
2026-02-06,20260206130500000,sh.688785,376.4600,386.9900,376.4600,384.0300,139225,53258879.0000,3
2026-02-06,20260206131000000,sh.688785,385.0000,386.8000,383.0000,383.0000,59068,22756813.0000,3
2026-02-06,20260206131500000,sh.688785,383.0000,385.0700,381.6800,382.9900,34520,13219077.0000,3
2026-02-06,20260206132000000,sh.688785,382.9900,382.9900,380.7700,381.8200,31735,12115024.0000,3
2026-02-06,20260206132500000,sh.688785,381.8200,381.8200,379.9600,379.9600,21676,8250885.0000,3
2026-02-06,20260206133000000,sh.688785,379.9600,379.9600,370.0000,371.9700,66749,24978740.0000,3
2026-02-06,20260206133500000,sh.688785,371.9700,373.7900,370.2000,373.0000,37258,13848924.0000,3
2026-02-06,20260206134000000,sh.688785,373.0000,373.7600,371.2000,373.6600,25198,9403367.0000,3
2026-02-06,20260206134500000,sh.688785,373.6600,373.6600,370.9800,371.9000,17914,6665441.0000,3
2026-02-06,20260206135000000,sh.688785,371.9900,373.6300,370.2200,371.0000,37923,14108881.0000,3
2026-02-06,20260206135500000,sh.688785,371.0000,372.8300,368.7500,371.9800,45240,16768318.0000,3
2026-02-06,20260206140000000,sh.688785,371.9800,372.3600,369.9000,370.0000,30367,11270769.0000,3
2026-02-06,20260206140500000,sh.688785,370.0000,370.0000,367.5100,367.9900,27574,10159098.0000,3
2026-02-06,20260206141000000,sh.688785,367.9900,368.0000,366.0000,367.9900,12955,4755355.0000,3
2026-02-06,20260206141500000,sh.688785,367.9900,367.9900,365.0000,365.0000,37056,13552417.0000,3
2026-02-06,20260206142000000,sh.688785,365.0800,368.0000,365.0800,367.9900,21569,7915926.0000,3
2026-02-06,20260206142500000,sh.688785,367.9900,369.9400,367.4200,367.8700,8950,3295263.0000,3
2026-02-06,20260206143000000,sh.688785,367.8700,367.8700,366.7400,366.7400,6408,2350815.0000,3
2026-02-06,20260206143500000,sh.688785,366.7400,367.3900,365.0200,366.0000,14250,5216510.0000,3
2026-02-06,20260206144000000,sh.688785,366.0000,367.3700,366.0000,367.0100,21073,7725827.0000,3
2026-02-06,20260206144500000,sh.688785,367.0100,367.0100,365.0100,366.0100,16685,6106723.0000,3
2026-02-06,20260206145000000,sh.688785,366.0100,366.9300,364.2100,366.4900,31066,11360500.0000,3
2026-02-06,20260206145500000,sh.688785,366.4900,366.4900,364.0700,365.7900,39977,14607363.0000,3
2026-02-06,20260206150000000,sh.688785,365.7900,366.0400,363.7000,363.7000,35109,12786165.0000,3
2026-02-09,20260209093500000,sh.688785,369.8500,375.0000,363.7000,368.0700,138086,50934007.0000,3
2026-02-09,20260209094000000,sh.688785,368.0800,369.9900,364.5700,367.9800,39032,14303553.0000,3
2026-02-09,20260209094500000,sh.688785,367.6500,367.6500,364.6100,367.1300,35022,12800191.0000,3
2026-02-09,20260209095000000,sh.688785,367.1300,367.1300,360.1200,361.2900,72021,26206197.0000,3
2026-02-09,20260209095500000,sh.688785,361.2900,361.3100,355.9900,356.0500,62126,22316439.0000,3
2026-02-09,20260209100000000,sh.688785,356.0500,359.9800,351.0000,355.0100,148024,52702885.0000,3
2026-02-09,20260209100500000,sh.688785,354.3500,361.8100,350.9100,360.0000,101210,35802574.0000,3
2026-02-09,20260209101000000,sh.688785,360.0000,361.5000,356.4000,360.1100,31052,11133498.0000,3
2026-02-09,20260209101500000,sh.688785,360.1100,364.9800,358.3300,363.0000,39135,14164250.0000,3
2026-02-09,20260209102000000,sh.688785,363.0000,364.9000,362.8800,364.3900,17188,6249763.0000,3
2026-02-09,20260209102500000,sh.688785,364.3800,364.3800,361.0900,361.1600,16392,5943518.0000,3
2026-02-09,20260209103000000,sh.688785,361.1600,361.9900,360.0000,361.9900,21851,7888416.0000,3
2026-02-09,20260209103500000,sh.688785,361.9900,363.6800,360.1200,360.3000,16826,6082039.0000,3
2026-02-09,20260209104000000,sh.688785,360.3000,363.0000,360.0300,362.8800,9737,3516447.0000,3
2026-02-09,20260209104500000,sh.688785,362.8800,363.0000,360.2000,362.3600,21412,7757906.0000,3
2026-02-09,20260209105000000,sh.688785,362.3600,362.8900,360.5000,362.8900,2985,1080105.0000,3
2026-02-09,20260209105500000,sh.688785,362.8900,366.5000,362.8900,366.0000,20078,7318495.0000,3
2026-02-09,20260209110000000,sh.688785,366.0000,366.5000,363.0000,366.4900,17708,6470928.0000,3
2026-02-09,20260209110500000,sh.688785,366.4900,368.5000,365.7400,365.7400,15543,5705553.0000,3
2026-02-09,20260209111000000,sh.688785,365.7400,369.9600,365.0000,369.9300,21490,7901938.0000,3
2026-02-09,20260209111500000,sh.688785,369.9300,370.6800,367.0000,370.0000,29717,10962281.0000,3
2026-02-09,20260209112000000,sh.688785,370.9900,370.9900,362.0000,368.9400,27339,10004615.0000,3
2026-02-09,20260209112500000,sh.688785,368.9400,368.9400,364.1100,367.2000,8564,3127954.0000,3
2026-02-09,20260209113000000,sh.688785,367.2000,367.2000,363.0000,364.0200,5259,1912654.0000,3
2026-02-09,20260209130500000,sh.688785,364.0200,367.5600,360.8900,365.9000,15744,5721257.0000,3
2026-02-09,20260209131000000,sh.688785,365.9000,365.9000,360.6000,360.6000,10278,3727463.0000,3
2026-02-09,20260209131500000,sh.688785,361.0000,366.5400,360.6800,361.9200,9023,3275915.0000,3
2026-02-09,20260209132000000,sh.688785,361.9200,364.4800,361.0000,361.2800,10002,3619714.0000,3
2026-02-09,20260209132500000,sh.688785,361.2800,361.3300,360.5600,360.7200,20198,7290316.0000,3
2026-02-09,20260209133000000,sh.688785,360.7200,364.1500,360.2500,364.1500,16132,5827262.0000,3
2026-02-09,20260209133500000,sh.688785,364.1500,364.1500,361.0000,362.4100,8392,3038657.0000,3
2026-02-09,20260209134000000,sh.688785,362.4100,362.9900,362.4100,362.5200,4387,1590905.0000,3
2026-02-09,20260209134500000,sh.688785,362.5200,363.5800,362.5100,363.5800,8078,2929754.0000,3
2026-02-09,20260209135000000,sh.688785,363.5800,363.5800,356.0000,359.1000,46458,16740697.0000,3
2026-02-09,20260209135500000,sh.688785,359.1000,361.0000,359.1000,359.1100,10724,3856582.0000,3
2026-02-09,20260209140000000,sh.688785,359.1100,359.1500,357.0000,357.2200,22941,8204802.0000,3
2026-02-09,20260209140500000,sh.688785,357.2200,359.9900,357.2200,358.5400,12192,4365293.0000,3
2026-02-09,20260209141000000,sh.688785,358.5400,360.0000,357.5700,357.5700,49048,17609993.0000,3
2026-02-09,20260209141500000,sh.688785,357.5700,360.9900,357.0800,357.0800,11781,4223025.0000,3
2026-02-09,20260209142000000,sh.688785,359.9800,360.0000,356.0400,356.0400,28770,10282705.0000,3
2026-02-09,20260209142500000,sh.688785,356.0400,357.9800,353.7700,355.2000,31396,11169597.0000,3
2026-02-09,20260209143000000,sh.688785,355.1800,358.9800,355.1800,358.9800,51014,18179785.0000,3
2026-02-09,20260209143500000,sh.688785,358.9800,359.6900,355.3100,355.3100,15780,5633677.0000,3
2026-02-09,20260209144000000,sh.688785,355.2400,358.7600,354.2700,354.3500,42819,15236833.0000,3
2026-02-09,20260209144500000,sh.688785,354.3500,358.0000,354.1300,356.9900,62066,22070761.0000,3
2026-02-09,20260209145000000,sh.688785,356.9900,357.8500,354.3000,356.0100,32050,11409640.0000,3
2026-02-09,20260209145500000,sh.688785,356.0100,356.0100,355.0000,355.9800,38233,13587665.0000,3
2026-02-09,20260209150000000,sh.688785,355.9800,356.7800,354.0900,354.0900,39312,13946879.0000,3
2026-02-10,20260210093500000,sh.688785,352.8000,356.0900,351.0200,351.2100,58333,20572224.0000,3
2026-02-10,20260210094000000,sh.688785,351.2100,352.2600,347.7800,347.7800,59863,20922859.0000,3
2026-02-10,20260210094500000,sh.688785,347.7800,349.0000,345.0100,346.5000,82168,28489757.0000,3
2026-02-10,20260210095000000,sh.688785,346.5000,349.3200,345.0100,348.5100,42880,14892172.0000,3
2026-02-10,20260210095500000,sh.688785,348.5100,352.5200,348.5100,352.0000,31164,10919195.0000,3
2026-02-10,20260210100000000,sh.688785,353.5100,354.5600,352.0000,352.0000,25663,9066811.0000,3
2026-02-10,20260210100500000,sh.688785,352.0000,354.5000,347.2000,347.2000,45161,15851864.0000,3
2026-02-10,20260210101000000,sh.688785,347.2000,349.9500,347.2000,349.9100,12578,4381020.0000,3
2026-02-10,20260210101500000,sh.688785,348.5100,348.7600,345.6600,345.6600,38727,13441110.0000,3
2026-02-10,20260210102000000,sh.688785,345.0600,345.7100,343.0000,344.0000,69064,23771298.0000,3
2026-02-10,20260210102500000,sh.688785,343.9800,346.0000,343.9800,345.5800,28877,9954273.0000,3
2026-02-10,20260210103000000,sh.688785,345.5800,345.7300,343.2000,343.7000,37376,12864975.0000,3
2026-02-10,20260210103500000,sh.688785,343.7000,345.9800,341.7000,342.0200,75169,25744014.0000,3
2026-02-10,20260210104000000,sh.688785,342.0200,344.9200,340.9000,341.4000,32810,11201693.0000,3
2026-02-10,20260210104500000,sh.688785,341.7800,342.8800,341.4000,341.8800,24185,8272447.0000,3
2026-02-10,20260210105000000,sh.688785,341.5400,342.5000,340.0000,340.0800,29445,10033732.0000,3
2026-02-10,20260210105500000,sh.688785,340.1600,340.2100,338.1900,338.6500,90125,30597400.0000,3
2026-02-10,20260210110000000,sh.688785,338.5200,340.1600,338.5000,339.1500,24679,8375028.0000,3
2026-02-10,20260210110500000,sh.688785,339.1100,339.1100,337.0100,338.8600,38828,13132068.0000,3
2026-02-10,20260210111000000,sh.688785,338.8600,341.0000,338.0000,338.0100,12657,4298223.0000,3
2026-02-10,20260210111500000,sh.688785,338.0100,338.0300,335.1200,335.7000,62897,21165381.0000,3
2026-02-10,20260210112000000,sh.688785,335.7000,340.1500,335.7000,339.4100,18469,6232075.0000,3
2026-02-10,20260210112500000,sh.688785,339.4100,339.9300,336.6600,337.3300,17994,6091151.0000,3
2026-02-10,20260210113000000,sh.688785,337.3300,337.9300,335.4000,335.6300,50398,16935453.0000,3
2026-02-10,20260210130500000,sh.688785,335.6300,337.2400,335.6300,336.0000,20915,7025665.0000,3
2026-02-10,20260210131000000,sh.688785,336.0000,337.2200,333.8000,336.2000,39559,13256363.0000,3
2026-02-10,20260210131500000,sh.688785,336.2000,337.2100,332.1300,334.7000,70231,23497240.0000,3
2026-02-10,20260210132000000,sh.688785,334.7000,337.7600,332.5700,334.5000,172231,57529258.0000,3
2026-02-10,20260210132500000,sh.688785,334.5000,337.7400,333.9100,334.9000,67966,22760312.0000,3
2026-02-10,20260210133000000,sh.688785,335.0000,337.9200,332.8800,337.5900,56622,18903337.0000,3
2026-02-10,20260210133500000,sh.688785,337.5900,337.5900,332.5600,335.5600,44547,14841629.0000,3
2026-02-10,20260210134000000,sh.688785,335.5600,339.8000,333.6700,338.0000,65637,22198669.0000,3
2026-02-10,20260210134500000,sh.688785,338.0000,340.3000,335.1500,339.9700,66978,22730609.0000,3
2026-02-10,20260210135000000,sh.688785,340.2800,340.2900,338.0000,338.4400,41857,14196301.0000,3
2026-02-10,20260210135500000,sh.688785,338.4400,339.4000,338.0000,338.0000,28920,9789982.0000,3
2026-02-10,20260210140000000,sh.688785,338.0000,339.1800,338.0000,338.5700,14347,4850852.0000,3
2026-02-10,20260210140500000,sh.688785,338.5700,339.0400,338.0000,338.1300,20695,6999263.0000,3
2026-02-10,20260210141000000,sh.688785,338.1300,339.1000,334.0300,337.8300,40316,13572405.0000,3
2026-02-10,20260210141500000,sh.688785,337.8300,339.1400,336.0200,337.7800,15644,5282979.0000,3
2026-02-10,20260210142000000,sh.688785,337.7800,339.9900,336.0200,338.0400,25951,8790183.0000,3
2026-02-10,20260210142500000,sh.688785,338.0400,338.9200,337.0000,337.0700,8509,2872315.0000,3
2026-02-10,20260210143000000,sh.688785,337.0700,339.5000,336.0000,338.4700,59931,20178886.0000,3
2026-02-10,20260210143500000,sh.688785,338.4700,338.9800,334.3200,335.0100,76945,25854245.0000,3
2026-02-10,20260210144000000,sh.688785,335.0100,337.8900,333.0000,333.0000,60728,20287186.0000,3
2026-02-10,20260210144500000,sh.688785,338.2000,338.2000,333.5800,334.9900,59171,19824307.0000,3
2026-02-10,20260210145000000,sh.688785,334.9900,337.2000,333.0000,335.8700,67056,22417881.0000,3
2026-02-10,20260210145500000,sh.688785,335.8700,335.8700,333.6500,333.6800,36044,12046115.0000,3
2026-02-10,20260210150000000,sh.688785,334.0600,335.1000,334.0400,335.1000,23515,7875072.0000,3
2026-02-11,20260211093500000,sh.688785,333.0000,333.0000,325.5800,326.0900,99269,32596696.0000,3
2026-02-11,20260211094000000,sh.688785,326.0900,327.9800,322.3000,325.0000,66957,21738867.0000,3
2026-02-11,20260211094500000,sh.688785,325.0000,327.6800,325.0000,325.3400,35891,11709850.0000,3
2026-02-11,20260211095000000,sh.688785,325.3400,325.7700,323.0000,324.0000,56213,18208794.0000,3
2026-02-11,20260211095500000,sh.688785,324.0000,325.5000,322.4000,325.0000,48657,15763360.0000,3
2026-02-11,20260211100000000,sh.688785,324.6000,324.6000,320.0000,320.4900,84461,27203908.0000,3
2026-02-11,20260211100500000,sh.688785,320.4900,322.5800,318.1100,318.1400,67075,21510172.0000,3
2026-02-11,20260211101000000,sh.688785,318.1400,320.4700,318.1400,319.4600,72036,22988592.0000,3
2026-02-11,20260211101500000,sh.688785,319.2700,321.0000,319.0500,319.0500,56450,18071627.0000,3
2026-02-11,20260211102000000,sh.688785,319.0900,320.0000,317.2200,319.5000,97394,31034708.0000,3
2026-02-11,20260211102500000,sh.688785,319.5000,319.5000,318.2000,318.6400,34655,11044558.0000,3
2026-02-11,20260211103000000,sh.688785,318.6300,321.2100,318.3300,320.3000,51239,16373875.0000,3
2026-02-11,20260211103500000,sh.688785,320.2900,322.3800,319.9000,322.1900,38360,12320933.0000,3
2026-02-11,20260211104000000,sh.688785,322.1900,323.5300,320.0000,323.5000,37536,12072056.0000,3
2026-02-11,20260211104500000,sh.688785,323.5000,323.5000,320.5900,321.5000,31902,10270085.0000,3
2026-02-11,20260211105000000,sh.688785,321.5000,322.3400,319.7600,322.2600,16446,5268612.0000,3
2026-02-11,20260211105500000,sh.688785,322.2600,327.3700,320.6600,326.5700,36465,11839422.0000,3
2026-02-11,20260211110000000,sh.688785,326.5700,326.5700,325.0300,325.7000,28109,9162276.0000,3
2026-02-11,20260211110500000,sh.688785,325.7000,325.7000,323.0000,325.1300,22401,7279148.0000,3
2026-02-11,20260211111000000,sh.688785,325.1300,325.6000,323.9700,324.0400,13757,4458377.0000,3
2026-02-11,20260211111500000,sh.688785,324.0400,326.6000,324.0400,325.5400,16451,5357171.0000,3
2026-02-11,20260211112000000,sh.688785,325.5400,325.5400,323.1500,325.2200,8227,2662424.0000,3
2026-02-11,20260211112500000,sh.688785,325.2200,325.2300,323.2000,324.5200,11690,3792212.0000,3
2026-02-11,20260211113000000,sh.688785,324.5200,325.5400,324.5200,325.5000,5712,1856058.0000,3
2026-02-11,20260211130500000,sh.688785,325.5200,327.4100,324.3300,326.9400,36373,11856647.0000,3
2026-02-11,20260211131000000,sh.688785,326.9400,327.2000,326.1700,326.1700,3632,1186631.0000,3
2026-02-11,20260211131500000,sh.688785,326.1500,326.7700,324.3100,325.0000,8908,2902450.0000,3
2026-02-11,20260211132000000,sh.688785,324.9600,326.3800,324.9600,325.7300,4158,1354629.0000,3
2026-02-11,20260211132500000,sh.688785,325.3600,326.3800,324.4100,324.5000,5160,1677826.0000,3
2026-02-11,20260211133000000,sh.688785,324.5000,325.9800,324.4100,324.4100,8332,2706385.0000,3
2026-02-11,20260211133500000,sh.688785,324.4000,327.0000,324.2000,325.0000,13219,4309101.0000,3
2026-02-11,20260211134000000,sh.688785,325.0000,325.9000,323.3000,325.5700,10548,3421547.0000,3
2026-02-11,20260211134500000,sh.688785,325.5700,325.5700,323.0100,325.3100,11680,3796862.0000,3
2026-02-11,20260211135000000,sh.688785,325.3100,326.9900,325.3100,326.7200,37447,12199316.0000,3
2026-02-11,20260211135500000,sh.688785,325.5000,326.7000,325.5000,325.9700,3608,1176468.0000,3
2026-02-11,20260211140000000,sh.688785,325.9700,325.9700,324.9600,325.9400,3780,1229458.0000,3
2026-02-11,20260211140500000,sh.688785,325.9400,325.9400,324.9900,325.0000,10590,3442910.0000,3
2026-02-11,20260211141000000,sh.688785,325.0000,325.0000,324.0300,324.1100,5204,1688867.0000,3
2026-02-11,20260211141500000,sh.688785,324.1100,324.1300,323.2300,323.2500,3019,977965.0000,3
2026-02-11,20260211142000000,sh.688785,323.2500,323.9900,323.0300,323.0300,9430,3049109.0000,3
2026-02-11,20260211142500000,sh.688785,323.0300,323.4000,322.2800,323.0000,13447,4339796.0000,3
2026-02-11,20260211143000000,sh.688785,323.0000,323.0000,322.4200,322.4400,2878,928050.0000,3
2026-02-11,20260211143500000,sh.688785,322.4400,323.8800,322.2500,323.0000,13477,4348581.0000,3
2026-02-11,20260211144000000,sh.688785,323.3900,323.3900,321.0100,321.0100,13093,4221248.0000,3
2026-02-11,20260211144500000,sh.688785,321.5100,327.0000,321.0400,323.4300,51660,16753687.0000,3
2026-02-11,20260211145000000,sh.688785,323.4300,326.9000,323.3000,323.3000,36210,11755108.0000,3
2026-02-11,20260211145500000,sh.688785,323.3000,324.3300,322.2500,322.9900,17460,5639353.0000,3
2026-02-11,20260211150000000,sh.688785,322.3100,323.5300,322.3000,323.5300,22260,7188589.0000,3
2026-02-12,20260212093500000,sh.688785,325.3000,327.5000,322.1000,326.5400,67553,21965867.0000,3
2026-02-12,20260212094000000,sh.688785,326.5400,326.7900,324.6700,325.9100,32091,10463085.0000,3
2026-02-12,20260212094500000,sh.688785,325.9800,328.0400,325.0000,326.7400,52434,17127412.0000,3
2026-02-12,20260212095000000,sh.688785,326.7400,331.8800,324.6700,330.5000,78950,25914316.0000,3
2026-02-12,20260212095500000,sh.688785,331.0000,331.7700,328.2400,330.4700,38770,12818280.0000,3
2026-02-12,20260212100000000,sh.688785,330.4600,330.4600,326.0000,327.5300,26333,8625273.0000,3
2026-02-12,20260212100500000,sh.688785,327.5300,328.9700,325.9300,327.6900,23845,7793339.0000,3
2026-02-12,20260212101000000,sh.688785,326.9300,327.6900,324.5100,327.3800,22535,7343194.0000,3
2026-02-12,20260212101500000,sh.688785,327.3700,327.3700,323.5000,323.6600,24183,7846258.0000,3
2026-02-12,20260212102000000,sh.688785,323.5600,323.5600,320.0000,321.8800,40591,13054244.0000,3
2026-02-12,20260212102500000,sh.688785,321.8800,321.8800,319.8600,321.7000,42097,13473986.0000,3
2026-02-12,20260212103000000,sh.688785,323.0000,326.4000,321.0000,321.9000,46327,14973937.0000,3
2026-02-12,20260212103500000,sh.688785,321.9000,323.8000,321.9000,323.6000,16038,5178777.0000,3
2026-02-12,20260212104000000,sh.688785,323.6000,324.5800,321.9000,323.6800,14182,4588630.0000,3
2026-02-12,20260212104500000,sh.688785,323.6800,324.9900,323.0800,324.8400,5285,1712789.0000,3
2026-02-12,20260212105000000,sh.688785,324.8400,327.2000,323.9600,326.3600,26325,8586625.0000,3
2026-02-12,20260212105500000,sh.688785,326.3600,326.3700,323.9500,324.3100,4460,1448343.0000,3
2026-02-12,20260212110000000,sh.688785,324.3100,326.6100,324.3100,326.4500,9770,3185450.0000,3
2026-02-12,20260212110500000,sh.688785,326.4500,326.5900,325.0000,326.4000,8833,2881110.0000,3
2026-02-12,20260212111000000,sh.688785,326.4000,326.6000,326.0000,326.5500,5443,1776810.0000,3
2026-02-12,20260212111500000,sh.688785,326.5500,326.8000,325.0100,326.4500,13420,4381118.0000,3
2026-02-12,20260212112000000,sh.688785,326.4500,326.9900,325.0000,326.6000,14217,4638878.0000,3
2026-02-12,20260212112500000,sh.688785,326.6000,326.8600,325.6400,325.6400,14989,4895867.0000,3
2026-02-12,20260212113000000,sh.688785,326.9000,327.8000,324.3700,324.8500,13927,4543862.0000,3
2026-02-12,20260212130500000,sh.688785,324.8700,329.8600,324.8700,328.0100,29951,9796350.0000,3
2026-02-12,20260212131000000,sh.688785,328.0100,330.0000,326.5700,327.4800,32014,10514331.0000,3
2026-02-12,20260212131500000,sh.688785,327.4800,335.5800,327.0000,334.0000,89157,29521190.0000,3
2026-02-12,20260212132000000,sh.688785,334.6600,334.6600,328.2800,330.8000,49270,16321965.0000,3
2026-02-12,20260212132500000,sh.688785,330.8000,330.8000,324.8700,325.0400,50947,16665062.0000,3
2026-02-12,20260212133000000,sh.688785,325.0400,325.9000,322.8100,322.8100,46979,15233277.0000,3
2026-02-12,20260212133500000,sh.688785,323.0000,327.7800,323.0000,326.6100,33740,10969734.0000,3
2026-02-12,20260212134000000,sh.688785,327.5000,329.9500,325.0000,328.8000,32028,10502011.0000,3
2026-02-12,20260212134500000,sh.688785,328.8000,329.9400,327.2100,329.1500,16981,5587807.0000,3
2026-02-12,20260212135000000,sh.688785,329.1500,329.2800,327.1800,329.1600,14463,4753472.0000,3
2026-02-12,20260212135500000,sh.688785,329.1600,329.5000,328.0100,329.1500,6177,2032164.0000,3
2026-02-12,20260212140000000,sh.688785,329.1500,329.1500,327.8300,329.0300,19372,6367535.0000,3
2026-02-12,20260212140500000,sh.688785,329.0300,330.6600,327.6600,327.7800,34162,11266492.0000,3
2026-02-12,20260212141000000,sh.688785,327.7800,331.5000,327.7800,331.0000,15924,5264267.0000,3
2026-02-12,20260212141500000,sh.688785,331.0000,336.4900,331.0000,334.2100,183899,61577365.0000,3
2026-02-12,20260212142000000,sh.688785,334.2100,334.8200,332.6300,333.0100,17084,5694688.0000,3
2026-02-12,20260212142500000,sh.688785,333.0100,334.7600,332.0500,333.9900,30522,10180003.0000,3
2026-02-12,20260212143000000,sh.688785,333.9900,333.9900,332.7300,332.9100,8718,2904109.0000,3
2026-02-12,20260212143500000,sh.688785,332.9100,334.8600,332.0400,332.9200,34926,11630854.0000,3
2026-02-12,20260212144000000,sh.688785,334.0000,334.8500,332.8400,334.1100,11916,3982314.0000,3
2026-02-12,20260212144500000,sh.688785,334.0400,334.0400,333.0000,333.4000,9372,3122968.0000,3
2026-02-12,20260212145000000,sh.688785,333.2500,334.0000,333.0000,333.9000,17312,5773239.0000,3
2026-02-12,20260212145500000,sh.688785,333.0600,333.6700,332.8800,332.9900,15603,5196623.0000,3
2026-02-12,20260212150000000,sh.688785,332.9900,332.9900,332.3500,332.3500,26803,8910123.0000,3
2026-02-13,20260213093500000,sh.688785,329.8700,329.8700,325.0000,326.0100,90987,29718844.0000,3
2026-02-13,20260213094000000,sh.688785,326.8000,330.0100,325.5000,330.0100,50918,16679946.0000,3
2026-02-13,20260213094500000,sh.688785,330.0100,334.8800,327.5000,334.8800,59409,19727281.0000,3
2026-02-13,20260213095000000,sh.688785,335.0000,339.2200,334.7000,336.0000,63736,21464857.0000,3
2026-02-13,20260213095500000,sh.688785,335.5500,337.0000,334.1000,335.2000,16085,5400770.0000,3
2026-02-13,20260213100000000,sh.688785,335.2200,337.4200,334.7100,337.4200,17027,5715680.0000,3
2026-02-13,20260213100500000,sh.688785,337.8700,342.5000,337.0800,341.8000,94876,32301906.0000,3
2026-02-13,20260213101000000,sh.688785,343.9900,348.6500,341.8000,345.3100,167241,57897593.0000,3
2026-02-13,20260213101500000,sh.688785,346.0300,348.5400,343.5000,347.5200,55376,19233212.0000,3
2026-02-13,20260213102000000,sh.688785,346.9800,349.0000,345.8300,348.8400,40681,14144096.0000,3
2026-02-13,20260213102500000,sh.688785,349.0500,352.5000,346.0000,350.8800,68889,24106513.0000,3
2026-02-13,20260213103000000,sh.688785,351.0000,351.8700,347.3300,348.9900,30833,10788540.0000,3
2026-02-13,20260213103500000,sh.688785,348.0700,349.9800,345.2000,348.0000,31307,10889452.0000,3
2026-02-13,20260213104000000,sh.688785,348.0000,352.6000,345.2200,352.6000,58629,20497525.0000,3
2026-02-13,20260213104500000,sh.688785,352.6000,352.6000,345.0000,349.1500,29615,10298117.0000,3
2026-02-13,20260213105000000,sh.688785,349.1500,352.6000,349.1500,352.0000,49513,17405787.0000,3
2026-02-13,20260213105500000,sh.688785,352.0000,355.8700,351.0600,355.8700,79339,28057284.0000,3
2026-02-13,20260213110000000,sh.688785,355.8700,358.8000,352.0000,352.3700,86772,30983848.0000,3
2026-02-13,20260213110500000,sh.688785,352.3700,357.8000,351.4200,357.6000,38628,13707757.0000,3
2026-02-13,20260213111000000,sh.688785,357.6000,357.9500,354.7400,356.6600,54317,19328362.0000,3
2026-02-13,20260213111500000,sh.688785,356.6600,356.6600,352.0100,355.0000,33293,11821619.0000,3
2026-02-13,20260213112000000,sh.688785,355.0000,355.9700,352.6800,354.7600,41075,14574666.0000,3
2026-02-13,20260213112500000,sh.688785,354.7600,355.8700,353.0000,355.0000,44357,15736493.0000,3
2026-02-13,20260213113000000,sh.688785,355.0000,355.6000,353.2500,353.2500,31458,11164329.0000,3
2026-02-13,20260213130500000,sh.688785,353.2500,354.4500,350.6300,353.0100,27925,9847714.0000,3
2026-02-13,20260213131000000,sh.688785,353.0000,354.3900,350.6000,353.0000,24488,8645561.0000,3
2026-02-13,20260213131500000,sh.688785,353.9900,356.6600,353.9900,356.0000,27103,9624273.0000,3
2026-02-13,20260213132000000,sh.688785,356.0000,357.4800,355.0000,357.4800,8984,3197713.0000,3
2026-02-13,20260213132500000,sh.688785,357.4800,357.4800,354.1500,356.1400,28955,10280364.0000,3
2026-02-13,20260213133000000,sh.688785,356.1400,356.1400,355.0000,355.8900,6477,2300628.0000,3
2026-02-13,20260213133500000,sh.688785,355.8900,355.8900,354.9000,355.7700,14605,5185150.0000,3
2026-02-13,20260213134000000,sh.688785,355.7700,355.7700,353.0200,354.3800,8366,2956806.0000,3
2026-02-13,20260213134500000,sh.688785,354.3800,355.0500,353.0200,355.0500,11687,4147280.0000,3
2026-02-13,20260213135000000,sh.688785,355.0500,355.0500,352.0100,353.0000,8150,2876839.0000,3
2026-02-13,20260213135500000,sh.688785,353.0000,353.0000,350.1200,350.9300,15431,5424226.0000,3
2026-02-13,20260213140000000,sh.688785,350.9300,352.9000,350.9300,352.2200,3539,1246037.0000,3
2026-02-13,20260213140500000,sh.688785,352.2200,354.9800,352.2200,354.7900,8374,2961104.0000,3
2026-02-13,20260213141000000,sh.688785,354.7900,354.7900,352.2600,352.2600,7503,2652535.0000,3
2026-02-13,20260213141500000,sh.688785,352.2600,352.2600,350.2000,351.9800,5505,1934246.0000,3
2026-02-13,20260213142000000,sh.688785,351.9800,353.3300,351.9800,353.2500,11306,3984100.0000,3
2026-02-13,20260213142500000,sh.688785,353.2500,353.2500,352.2600,352.9100,2548,899207.0000,3
2026-02-13,20260213143000000,sh.688785,352.2700,352.8800,352.2700,352.3000,5822,2051297.0000,3
2026-02-13,20260213143500000,sh.688785,352.3000,352.8500,352.3000,352.7700,4440,1565674.0000,3
2026-02-13,20260213144000000,sh.688785,352.7700,352.8100,350.8400,351.9800,10905,3837171.0000,3
2026-02-13,20260213144500000,sh.688785,351.9800,351.9900,350.0000,350.2500,27894,9777330.0000,3
2026-02-13,20260213145000000,sh.688785,350.2500,350.9900,348.9900,349.5000,64182,22439025.0000,3
2026-02-13,20260213145500000,sh.688785,349.5000,350.8800,349.1800,349.1800,17984,6298028.0000,3
2026-02-13,20260213150000000,sh.688785,349.1800,350.4600,348.5000,348.5000,30300,10576922.0000,3
2026-02-24,20260224093500000,sh.688785,349.0000,356.0000,349.0000,355.9400,160540,56657746.0000,3
2026-02-24,20260224094000000,sh.688785,352.0100,352.0100,346.0100,347.0100,67444,23567025.0000,3
2026-02-24,20260224094500000,sh.688785,346.1800,347.0000,341.0000,342.6600,42915,14742262.0000,3
2026-02-24,20260224095000000,sh.688785,342.7000,347.7200,338.4000,339.3300,64906,22066705.0000,3
2026-02-24,20260224095500000,sh.688785,339.3300,344.9100,338.6200,340.2800,50113,17060189.0000,3
2026-02-24,20260224100000000,sh.688785,340.2600,344.9000,339.4300,340.7200,18969,6459866.0000,3
2026-02-24,20260224100500000,sh.688785,340.7200,345.4000,340.7200,344.3000,22202,7618505.0000,3
2026-02-24,20260224101000000,sh.688785,344.3000,345.4000,343.0100,345.2600,7314,2516078.0000,3
2026-02-24,20260224101500000,sh.688785,345.4000,349.5000,345.4000,347.0200,12708,4409434.0000,3
2026-02-24,20260224102000000,sh.688785,347.0200,348.9000,344.0800,346.6000,26087,9067092.0000,3
2026-02-24,20260224102500000,sh.688785,346.6000,348.8000,345.6000,347.8000,20463,7104906.0000,3
2026-02-24,20260224103000000,sh.688785,346.2500,348.3000,346.2500,348.3000,7811,2716105.0000,3
2026-02-24,20260224103500000,sh.688785,348.3000,348.3000,346.3200,347.5700,4826,1673427.0000,3
2026-02-24,20260224104000000,sh.688785,347.5200,349.5000,345.7800,346.1500,73912,25635653.0000,3
2026-02-24,20260224104500000,sh.688785,346.1800,348.5300,343.0000,343.2200,14327,4942001.0000,3
2026-02-24,20260224105000000,sh.688785,343.2200,344.2400,343.0200,343.2800,4024,1382133.0000,3
2026-02-24,20260224105500000,sh.688785,343.2800,348.2200,343.2800,345.1700,2925,1011380.0000,3
2026-02-24,20260224110000000,sh.688785,345.1700,345.4000,343.3000,344.1900,17781,6122822.0000,3
2026-02-24,20260224110500000,sh.688785,344.1900,344.2100,339.0400,340.8800,77102,26272263.0000,3
2026-02-24,20260224111000000,sh.688785,340.8800,342.9000,340.7700,341.1100,16934,5782595.0000,3
2026-02-24,20260224111500000,sh.688785,341.1100,344.9900,339.2700,342.3000,25905,8835848.0000,3
2026-02-24,20260224112000000,sh.688785,342.3000,344.8000,342.2800,343.2000,4359,1499714.0000,3
2026-02-24,20260224112500000,sh.688785,343.2000,344.7300,343.0000,343.1800,11288,3876567.0000,3
2026-02-24,20260224113000000,sh.688785,343.1800,343.1800,341.3100,342.0000,12071,4125214.0000,3
2026-02-24,20260224130500000,sh.688785,341.4500,341.4500,335.0000,338.8600,81487,27515691.0000,3
2026-02-24,20260224131000000,sh.688785,338.8600,341.3100,338.8600,339.0100,30698,10454927.0000,3
2026-02-24,20260224131500000,sh.688785,339.0100,340.0000,337.6600,337.8800,24209,8210543.0000,3
2026-02-24,20260224132000000,sh.688785,337.9200,337.9700,336.0100,336.5900,67714,22803881.0000,3
2026-02-24,20260224132500000,sh.688785,336.5900,339.0800,336.0100,338.5500,20854,7029921.0000,3
2026-02-24,20260224133000000,sh.688785,338.5500,338.9700,337.7600,338.3900,5558,1880658.0000,3
2026-02-24,20260224133500000,sh.688785,338.3900,338.5200,337.7600,338.5200,12889,4357066.0000,3
2026-02-24,20260224134000000,sh.688785,338.5200,341.1000,338.5200,339.9200,10442,3545302.0000,3
2026-02-24,20260224134500000,sh.688785,339.9200,340.1900,338.2700,339.9100,6681,2265124.0000,3
2026-02-24,20260224135000000,sh.688785,339.9100,339.9200,338.3100,338.3100,6905,2342428.0000,3
2026-02-24,20260224135500000,sh.688785,338.3100,338.8700,338.2500,338.8700,2626,888798.0000,3
2026-02-24,20260224140000000,sh.688785,338.8700,339.9900,338.3800,338.6800,3077,1042808.0000,3
2026-02-24,20260224140500000,sh.688785,338.6800,338.8600,338.0200,338.4200,5189,1755904.0000,3
2026-02-24,20260224141000000,sh.688785,338.4200,339.9000,338.0400,339.9000,3633,1230451.0000,3
2026-02-24,20260224141500000,sh.688785,338.7900,339.0100,338.0400,338.1100,4326,1464920.0000,3
2026-02-24,20260224142000000,sh.688785,338.1100,338.1100,337.0000,337.5100,3241,1093847.0000,3
2026-02-24,20260224142500000,sh.688785,337.5100,339.0000,337.5100,338.0000,3867,1307535.0000,3
2026-02-24,20260224143000000,sh.688785,338.0000,338.5000,337.6000,338.0000,6509,2200170.0000,3
2026-02-24,20260224143500000,sh.688785,338.0000,338.0000,337.2800,337.3000,9788,3304099.0000,3
2026-02-24,20260224144000000,sh.688785,337.3000,337.3800,337.0800,337.1000,7480,2522278.0000,3
2026-02-24,20260224144500000,sh.688785,337.1500,340.0000,337.1000,339.9000,18054,6107754.0000,3
2026-02-24,20260224145000000,sh.688785,339.9000,339.9000,337.5600,338.7600,9926,3356515.0000,3
2026-02-24,20260224145500000,sh.688785,338.7600,338.7600,338.0000,338.0800,9266,3133658.0000,3
2026-02-24,20260224150000000,sh.688785,338.1000,339.0100,338.0000,339.0100,13858,4690393.0000,3
2026-02-25,20260225093500000,sh.688785,342.0000,342.0000,333.5000,334.5400,42316,14205588.0000,3
2026-02-25,20260225094000000,sh.688785,334.5400,339.0000,334.0000,337.0000,23975,8079548.0000,3
2026-02-25,20260225094500000,sh.688785,337.0000,337.9500,334.1000,335.3200,36431,12213508.0000,3
2026-02-25,20260225095000000,sh.688785,335.3200,335.3200,331.7700,331.9900,35442,11817449.0000,3
2026-02-25,20260225095500000,sh.688785,331.9900,335.4600,331.7800,333.0000,19388,6448105.0000,3
2026-02-25,20260225100000000,sh.688785,332.9000,332.9000,328.8600,328.8600,83505,27638077.0000,3
2026-02-25,20260225100500000,sh.688785,328.8600,330.0000,327.7200,328.7000,52538,17256087.0000,3
2026-02-25,20260225101000000,sh.688785,328.7000,329.9000,326.6800,329.2100,62879,20656401.0000,3
2026-02-25,20260225101500000,sh.688785,329.2100,332.8300,328.5100,331.3100,19595,6488148.0000,3
2026-02-25,20260225102000000,sh.688785,331.3100,337.8800,331.3100,335.9900,41681,13988700.0000,3
2026-02-25,20260225102500000,sh.688785,335.9900,338.2500,335.0200,335.5900,24167,8140413.0000,3
2026-02-25,20260225103000000,sh.688785,335.5900,336.4600,334.8400,335.5700,7559,2537868.0000,3
2026-02-25,20260225103500000,sh.688785,335.5700,338.7900,334.8600,338.6100,21696,7321268.0000,3
2026-02-25,20260225104000000,sh.688785,338.7900,339.0000,337.4900,338.2400,9520,3222078.0000,3
2026-02-25,20260225104500000,sh.688785,338.2400,348.4900,337.4400,348.2800,129090,44632474.0000,3
2026-02-25,20260225105000000,sh.688785,348.3700,348.3700,345.0000,346.2600,71877,24952617.0000,3
2026-02-25,20260225105500000,sh.688785,346.2600,348.0000,346.2600,347.8900,39865,13853752.0000,3
2026-02-25,20260225110000000,sh.688785,348.0000,348.1500,346.0100,346.6600,23779,8251870.0000,3
2026-02-25,20260225110500000,sh.688785,347.3000,351.0000,347.3000,348.3900,68478,23933138.0000,3
2026-02-25,20260225111000000,sh.688785,348.4200,348.5000,343.0000,344.9200,20079,6952966.0000,3
2026-02-25,20260225111500000,sh.688785,344.9200,349.8000,344.2000,345.7500,22487,7774550.0000,3
2026-02-25,20260225112000000,sh.688785,345.7500,347.5500,345.0200,345.5400,10877,3760904.0000,3
2026-02-25,20260225112500000,sh.688785,345.5400,348.9800,345.5200,348.9800,23057,8019908.0000,3
2026-02-25,20260225113000000,sh.688785,349.0600,349.7800,348.1200,349.5600,18370,6417452.0000,3
2026-02-25,20260225130500000,sh.688785,349.5600,352.9800,346.9600,351.7900,56735,19886052.0000,3
2026-02-25,20260225131000000,sh.688785,351.7900,351.7900,348.6600,351.0600,34626,12130962.0000,3
2026-02-25,20260225131500000,sh.688785,351.0600,357.4900,351.0200,351.3500,64134,22730831.0000,3
2026-02-25,20260225132000000,sh.688785,351.3500,352.3000,349.5200,349.5200,11193,3923923.0000,3
2026-02-25,20260225132500000,sh.688785,349.5200,350.5200,349.5200,350.4800,10847,3796178.0000,3
2026-02-25,20260225133000000,sh.688785,350.3000,352.0000,350.2900,352.0000,14447,5075326.0000,3
2026-02-25,20260225133500000,sh.688785,352.0000,355.0000,352.0000,353.9700,21145,7468459.0000,3
2026-02-25,20260225134000000,sh.688785,353.9700,354.5600,350.5000,352.3900,11842,4181504.0000,3
2026-02-25,20260225134500000,sh.688785,352.3900,353.8600,350.7000,350.7000,16621,5857983.0000,3
2026-02-25,20260225135000000,sh.688785,350.7000,351.7900,350.6500,351.5000,3589,1260229.0000,3
2026-02-25,20260225135500000,sh.688785,351.5000,351.5000,350.7900,350.8600,8331,2923622.0000,3
2026-02-25,20260225140000000,sh.688785,351.0000,351.0000,350.0200,350.9700,16213,5684394.0000,3
2026-02-25,20260225140500000,sh.688785,350.9700,350.9800,348.9900,349.5800,22318,7807620.0000,3
2026-02-25,20260225141000000,sh.688785,349.4000,350.9800,349.4000,349.5700,18375,6433741.0000,3
2026-02-25,20260225141500000,sh.688785,349.5700,350.9800,349.0000,349.0000,8478,2964570.0000,3
2026-02-25,20260225142000000,sh.688785,349.0000,349.0000,348.0000,348.5000,8457,2947245.0000,3
2026-02-25,20260225142500000,sh.688785,348.5000,348.8000,347.0100,347.8500,16229,5646884.0000,3
2026-02-25,20260225143000000,sh.688785,347.8500,348.1700,345.2000,345.2000,19966,6915160.0000,3
2026-02-25,20260225143500000,sh.688785,345.2000,346.6900,345.2000,346.5800,14485,5012534.0000,3
2026-02-25,20260225144000000,sh.688785,346.5800,347.4200,345.7700,346.9900,15438,5352744.0000,3
2026-02-25,20260225144500000,sh.688785,346.9900,346.9900,345.7100,345.7100,14656,5074866.0000,3
2026-02-25,20260225145000000,sh.688785,345.8400,346.9900,345.6600,346.0900,22350,7739283.0000,3
2026-02-25,20260225145500000,sh.688785,346.0000,347.0000,345.8900,347.0000,19861,6880549.0000,3
2026-02-25,20260225150000000,sh.688785,347.0000,348.0000,346.5100,348.0000,14299,4972277.0000,3
2026-02-26,20260226093500000,sh.688785,346.2100,353.5000,337.0300,338.2600,156977,54295349.0000,3
2026-02-26,20260226094000000,sh.688785,338.2600,342.0000,331.5100,332.3200,175797,59127240.0000,3
2026-02-26,20260226094500000,sh.688785,332.1400,332.1400,327.2000,327.2000,127516,42149780.0000,3
2026-02-26,20260226095000000,sh.688785,327.0800,327.3600,323.0200,326.1600,191827,62371004.0000,3
2026-02-26,20260226095500000,sh.688785,326.3200,330.0600,325.0900,329.6000,35247,11552814.0000,3
2026-02-26,20260226100000000,sh.688785,328.6900,331.3100,328.6900,329.7900,21991,7260535.0000,3
2026-02-26,20260226100500000,sh.688785,329.7900,330.3900,328.6000,328.6000,12647,4168091.0000,3
2026-02-26,20260226101000000,sh.688785,328.6000,329.0700,327.1100,327.2700,22900,7507610.0000,3
2026-02-26,20260226101500000,sh.688785,327.2700,328.9700,325.0000,326.4800,38428,12544162.0000,3
2026-02-26,20260226102000000,sh.688785,326.5500,326.5500,323.5400,325.0000,77713,25222383.0000,3
2026-02-26,20260226102500000,sh.688785,325.0000,327.9200,324.3100,325.0000,62936,20456284.0000,3
2026-02-26,20260226103000000,sh.688785,325.0000,327.3500,324.1000,325.2300,38939,12648386.0000,3
2026-02-26,20260226103500000,sh.688785,325.2300,327.4200,325.0000,325.0000,26134,8520123.0000,3
2026-02-26,20260226104000000,sh.688785,325.0600,327.6900,324.0100,324.7900,93153,30239078.0000,3
2026-02-26,20260226104500000,sh.688785,324.7900,326.3100,324.0100,325.6600,149509,48521506.0000,3
2026-02-26,20260226105000000,sh.688785,326.2900,329.0700,325.6800,327.6900,24854,8154274.0000,3
2026-02-26,20260226105500000,sh.688785,327.6900,329.6500,327.6800,327.7000,15740,5174695.0000,3
2026-02-26,20260226110000000,sh.688785,327.7000,328.5200,326.0000,328.1700,9319,3055772.0000,3
2026-02-26,20260226110500000,sh.688785,328.1700,332.5200,328.1700,332.4000,31393,10399671.0000,3
2026-02-26,20260226111000000,sh.688785,332.4000,332.4000,330.8000,331.6800,5978,1980053.0000,3
2026-02-26,20260226111500000,sh.688785,331.7700,332.0000,330.7300,332.0000,14011,4642017.0000,3
2026-02-26,20260226112000000,sh.688785,332.0000,332.5300,330.2400,330.2400,27779,9198379.0000,3
2026-02-26,20260226112500000,sh.688785,330.2400,330.5100,330.0200,330.5100,5174,1709049.0000,3
2026-02-26,20260226113000000,sh.688785,330.5100,332.3300,330.1100,332.2000,7265,2407069.0000,3
2026-02-26,20260226130500000,sh.688785,331.8200,335.9000,331.0000,335.5000,73000,24347330.0000,3
2026-02-26,20260226131000000,sh.688785,335.4900,339.9700,334.1400,336.1200,62951,21258945.0000,3
2026-02-26,20260226131500000,sh.688785,336.5000,337.3200,334.0200,334.9900,29645,9967509.0000,3
2026-02-26,20260226132000000,sh.688785,334.9900,340.2900,334.0600,339.9900,49908,16855935.0000,3
2026-02-26,20260226132500000,sh.688785,338.5700,340.9800,337.0300,339.7900,48680,16488808.0000,3
2026-02-26,20260226133000000,sh.688785,339.0100,341.0000,338.0100,340.9700,46413,15793009.0000,3
2026-02-26,20260226133500000,sh.688785,340.9700,342.9900,337.0000,338.9900,64714,22030200.0000,3
2026-02-26,20260226134000000,sh.688785,338.9900,340.0000,338.0000,340.0000,20530,6956590.0000,3
2026-02-26,20260226134500000,sh.688785,340.0000,340.8400,337.5000,339.2000,9770,3315307.0000,3
2026-02-26,20260226135000000,sh.688785,339.2000,339.2000,337.7100,339.1000,5491,1858696.0000,3
2026-02-26,20260226135500000,sh.688785,339.1800,339.4200,338.3900,339.4000,10082,3418069.0000,3
2026-02-26,20260226140000000,sh.688785,339.4000,340.1500,338.4100,338.4200,15663,5318639.0000,3
2026-02-26,20260226140500000,sh.688785,338.4200,339.9200,337.5800,338.8800,19970,6769815.0000,3
2026-02-26,20260226141000000,sh.688785,340.0000,340.1000,338.0000,339.0000,19490,6618045.0000,3
2026-02-26,20260226141500000,sh.688785,339.7000,340.0900,339.7000,340.0600,8891,3022201.0000,3
2026-02-26,20260226142000000,sh.688785,340.0600,340.0900,339.0000,340.0600,14002,4759165.0000,3
2026-02-26,20260226142500000,sh.688785,340.0600,342.0000,340.0000,341.3000,15509,5295508.0000,3
2026-02-26,20260226143000000,sh.688785,341.6800,343.3600,341.6500,343.0000,21276,7286816.0000,3
2026-02-26,20260226143500000,sh.688785,343.0000,343.2600,341.4600,343.2600,27442,9395864.0000,3
2026-02-26,20260226144000000,sh.688785,343.2600,343.2600,340.0000,340.5000,43471,14881882.0000,3
2026-02-26,20260226144500000,sh.688785,340.5000,342.0000,339.0000,341.0000,21660,7369042.0000,3
2026-02-26,20260226145000000,sh.688785,341.0000,344.4000,341.0000,344.4000,48145,16541410.0000,3
2026-02-26,20260226145500000,sh.688785,344.4000,344.4000,342.0900,343.0500,28642,9834968.0000,3
2026-02-26,20260226150000000,sh.688785,343.3000,343.3000,340.1100,341.0000,18683,6386401.0000,3
