date,time,code,open,high,low,close,volume,amount,adjustflag
2025-02-27,20250227093500000,sh.601398,6.8600,6.8700,6.8000,6.8100,54541700,372285312.0000,3
2025-02-27,20250227094000000,sh.601398,6.8100,6.8300,6.7700,6.8000,48457300,329230840.0000,3
2025-02-27,20250227094500000,sh.601398,6.8000,6.8000,6.7900,6.8000,11669000,79299584.0000,3
2025-02-27,20250227095000000,sh.601398,6.7900,6.8200,6.7900,6.8200,10120300,68878336.0000,3
2025-02-27,20250227095500000,sh.601398,6.8200,6.8300,6.8100,6.8100,6498800,44304706.0000,3
2025-02-27,20250227100000000,sh.601398,6.8200,6.8200,6.8100,6.8100,4802000,32733246.0000,3
2025-02-27,20250227100500000,sh.601398,6.8100,6.8300,6.8100,6.8200,8792600,59979201.0000,3
2025-02-27,20250227101000000,sh.601398,6.8300,6.8400,6.8300,6.8400,7466900,51048389.0000,3
2025-02-27,20250227101500000,sh.601398,6.8400,6.8400,6.8300,6.8300,2613900,17871750.0000,3
2025-02-27,20250227102000000,sh.601398,6.8400,6.8500,6.8300,6.8400,6395800,43770484.0000,3
2025-02-27,20250227102500000,sh.601398,6.8400,6.8500,6.8300,6.8500,7395400,50584708.0000,3
2025-02-27,20250227103000000,sh.601398,6.8500,6.8500,6.8300,6.8400,3937200,26926728.0000,3
2025-02-27,20250227103500000,sh.601398,6.8400,6.8500,6.8300,6.8300,3096900,21175937.0000,3
2025-02-27,20250227104000000,sh.601398,6.8300,6.8300,6.8100,6.8300,10193300,69566591.0000,3
2025-02-27,20250227104500000,sh.601398,6.8200,6.8300,6.8200,6.8200,1984500,13540988.0000,3
2025-02-27,20250227105000000,sh.601398,6.8200,6.8300,6.8100,6.8200,3270700,22308476.0000,3
2025-02-27,20250227105500000,sh.601398,6.8200,6.8300,6.8200,6.8300,2987800,20391808.0000,3
2025-02-27,20250227110000000,sh.601398,6.8300,6.8300,6.8200,6.8200,3667100,25021058.0000,3
2025-02-27,20250227110500000,sh.601398,6.8200,6.8300,6.8200,6.8200,1917400,13087750.0000,3
2025-02-27,20250227111000000,sh.601398,6.8300,6.8600,6.8200,6.8500,20324900,139086324.0000,3
2025-02-27,20250227111500000,sh.601398,6.8500,6.9000,6.8500,6.8900,26337400,181190792.0000,3
2025-02-27,20250227112000000,sh.601398,6.8900,6.9000,6.8700,6.8800,11177300,76987136.0000,3
2025-02-27,20250227112500000,sh.601398,6.8900,6.8900,6.8800,6.8800,7315000,50387584.0000,3
2025-02-27,20250227113000000,sh.601398,6.8800,6.8900,6.8800,6.8800,3482200,23963008.0000,3
2025-02-27,20250227130500000,sh.601398,6.8800,6.9200,6.8800,6.9000,17755800,122502912.0000,3
2025-02-27,20250227131000000,sh.601398,6.9100,6.9200,6.9000,6.9100,6699700,46337152.0000,3
2025-02-27,20250227131500000,sh.601398,6.9200,6.9300,6.9100,6.9100,12685600,87783936.0000,3
2025-02-27,20250227132000000,sh.601398,6.9100,6.9200,6.9000,6.9100,5353800,36997504.0000,3
2025-02-27,20250227132500000,sh.601398,6.9000,6.9100,6.9000,6.9100,3541400,24448768.0000,3
2025-02-27,20250227133000000,sh.601398,6.9100,6.9200,6.9000,6.9100,5584500,38583552.0000,3
2025-02-27,20250227133500000,sh.601398,6.9100,6.9200,6.9100,6.9100,6695200,46322432.0000,3
2025-02-27,20250227134000000,sh.601398,6.9100,6.9200,6.9100,6.9100,10320600,71427072.0000,3
2025-02-27,20250227134500000,sh.601398,6.9200,6.9300,6.9200,6.9300,8549600,59233280.0000,3
2025-02-27,20250227135000000,sh.601398,6.9300,6.9500,6.9200,6.9400,20121100,139629056.0000,3
2025-02-27,20250227135500000,sh.601398,6.9400,6.9500,6.9300,6.9400,8659200,60063232.0000,3
2025-02-27,20250227140000000,sh.601398,6.9400,6.9400,6.9200,6.9200,3262100,22587392.0000,3
2025-02-27,20250227140500000,sh.601398,6.9200,6.9300,6.9100,6.9100,4510200,31211776.0000,3
2025-02-27,20250227141000000,sh.601398,6.9200,6.9300,6.9100,6.9300,5422300,37538304.0000,3
2025-02-27,20250227141500000,sh.601398,6.9200,6.9300,6.9100,6.9200,2767800,19149312.0000,3
2025-02-27,20250227142000000,sh.601398,6.9100,6.9200,6.9100,6.9200,2273500,15716864.0000,3
2025-02-27,20250227142500000,sh.601398,6.9200,6.9200,6.9100,6.9100,5763100,39865344.0000,3
2025-02-27,20250227143000000,sh.601398,6.9100,6.9200,6.9100,6.9100,4464000,30880768.0000,3
2025-02-27,20250227143500000,sh.601398,6.9200,6.9300,6.9100,6.9200,4198600,29061632.0000,3
2025-02-27,20250227144000000,sh.601398,6.9300,6.9300,6.9200,6.9200,2728300,18895616.0000,3
2025-02-27,20250227144500000,sh.601398,6.9200,6.9300,6.9200,6.9200,5147500,35638272.0000,3
2025-02-27,20250227145000000,sh.601398,6.9200,6.9300,6.9100,6.9200,6160700,42639104.0000,3
2025-02-27,20250227145500000,sh.601398,6.9200,6.9300,6.9200,6.9200,10108900,70009856.0000,3
2025-02-27,20250227150000000,sh.601398,6.9200,6.9300,6.9100,6.9300,8238500,57050112.0000,3
2025-02-28,20250228093500000,sh.601398,6.9000,6.9700,6.9000,6.9500,57010300,395629952.0000,3
2025-02-28,20250228094000000,sh.601398,6.9500,6.9800,6.9500,6.9800,21579500,150382112.0000,3
2025-02-28,20250228094500000,sh.601398,6.9800,6.9800,6.9500,6.9500,18409600,128291012.0000,3
2025-02-28,20250228095000000,sh.601398,6.9500,6.9600,6.9300,6.9400,18404000,127865150.0000,3
2025-02-28,20250228095500000,sh.601398,6.9400,6.9700,6.9400,6.9700,17476100,121645694.0000,3
2025-02-28,20250228100000000,sh.601398,6.9700,6.9700,6.9500,6.9500,7278600,50683260.0000,3
2025-02-28,20250228100500000,sh.601398,6.9500,6.9700,6.9500,6.9600,8686600,60464188.0000,3
2025-02-28,20250228101000000,sh.601398,6.9600,6.9600,6.9400,6.9400,9597100,66742410.0000,3
2025-02-28,20250228101500000,sh.601398,6.9400,6.9400,6.9200,6.9200,8863800,61452674.0000,3
2025-02-28,20250228102000000,sh.601398,6.9200,6.9300,6.9100,6.9100,6553200,45335930.0000,3
2025-02-28,20250228102500000,sh.601398,6.9100,6.9300,6.9100,6.9200,7970700,55143807.0000,3
2025-02-28,20250228103000000,sh.601398,6.9200,6.9300,6.9100,6.9200,3720700,25739779.0000,3
2025-02-28,20250228103500000,sh.601398,6.9200,6.9200,6.9100,6.9200,3002500,20759676.0000,3
2025-02-28,20250228104000000,sh.601398,6.9200,6.9200,6.9000,6.9000,7969100,55087998.0000,3
2025-02-28,20250228104500000,sh.601398,6.9000,6.9100,6.9000,6.9000,5633500,38882310.0000,3
2025-02-28,20250228105000000,sh.601398,6.9000,6.9200,6.9000,6.9100,8438800,58296708.0000,3
2025-02-28,20250228105500000,sh.601398,6.9100,6.9200,6.9100,6.9200,2605600,18013944.0000,3
2025-02-28,20250228110000000,sh.601398,6.9200,6.9200,6.9100,6.9200,3091100,21379720.0000,3
2025-02-28,20250228110500000,sh.601398,6.9200,6.9300,6.9200,6.9300,5858700,40553472.0000,3
2025-02-28,20250228111000000,sh.601398,6.9300,6.9300,6.9100,6.9100,2823500,19539328.0000,3
2025-02-28,20250228111500000,sh.601398,6.9100,6.9200,6.9000,6.9100,4965900,34296572.0000,3
2025-02-28,20250228112000000,sh.601398,6.9100,6.9100,6.8900,6.9000,8029300,55383808.0000,3
2025-02-28,20250228112500000,sh.601398,6.9000,6.9000,6.8900,6.9000,3095200,21339136.0000,3
2025-02-28,20250228113000000,sh.601398,6.9000,6.9200,6.8900,6.9100,6126300,42322560.0000,3
2025-02-28,20250228130500000,sh.601398,6.9200,6.9200,6.9100,6.9100,5146700,35591430.0000,3
2025-02-28,20250228131000000,sh.601398,6.9100,6.9400,6.9100,6.9400,7623400,52814463.0000,3
2025-02-28,20250228131500000,sh.601398,6.9400,6.9400,6.9200,6.9200,3605300,24996343.0000,3
2025-02-28,20250228132000000,sh.601398,6.9200,6.9400,6.9200,6.9300,3457200,23955334.0000,3
2025-02-28,20250228132500000,sh.601398,6.9300,6.9300,6.9100,6.9100,4181500,28932218.0000,3
2025-02-28,20250228133000000,sh.601398,6.9100,6.9200,6.9000,6.9100,6368900,44001418.0000,3
2025-02-28,20250228133500000,sh.601398,6.9100,6.9100,6.8900,6.9000,6629200,45723386.0000,3
2025-02-28,20250228134000000,sh.601398,6.9000,6.9100,6.8900,6.9000,2559800,17665280.0000,3
2025-02-28,20250228134500000,sh.601398,6.9000,6.9100,6.8900,6.8900,3309000,22832640.0000,3
2025-02-28,20250228135000000,sh.601398,6.8900,6.9000,6.8900,6.8900,2846800,19621376.0000,3
2025-02-28,20250228135500000,sh.601398,6.8900,6.9100,6.8900,6.9000,10225900,70579584.0000,3
2025-02-28,20250228140000000,sh.601398,6.9000,6.9100,6.9000,6.9100,3075800,21231616.0000,3
2025-02-28,20250228140500000,sh.601398,6.9100,6.9100,6.8900,6.9000,5700300,39288576.0000,3
2025-02-28,20250228141000000,sh.601398,6.9000,6.9000,6.8800,6.8800,6858900,47224832.0000,3
2025-02-28,20250228141500000,sh.601398,6.8800,6.8900,6.8800,6.8800,3403700,23426816.0000,3
2025-02-28,20250228142000000,sh.601398,6.8800,6.8900,6.8800,6.8800,3483200,23976192.0000,3
2025-02-28,20250228142500000,sh.601398,6.8800,6.9000,6.8800,6.8900,7882500,54292480.0000,3
2025-02-28,20250228143000000,sh.601398,6.8900,6.9000,6.8800,6.8900,3171500,21854208.0000,3
2025-02-28,20250228143500000,sh.601398,6.8900,6.9000,6.8800,6.8900,11665000,80318464.0000,3
2025-02-28,20250228144000000,sh.601398,6.8900,6.8900,6.8800,6.8900,5698700,39227904.0000,3
2025-02-28,20250228144500000,sh.601398,6.8900,6.9000,6.8800,6.8900,7634200,52590592.0000,3
2025-02-28,20250228145000000,sh.601398,6.8900,6.8900,6.8800,6.8800,8130000,55964672.0000,3
2025-02-28,20250228145500000,sh.601398,6.8800,6.8900,6.8700,6.8800,23049600,158590208.0000,3
2025-02-28,20250228150000000,sh.601398,6.8800,6.9000,6.8700,6.8700,40841600,280787968.0000,3
2025-03-03,20250303093500000,sh.601398,6.8700,6.8900,6.8300,6.8400,39302800,269497760.0000,3
2025-03-03,20250303094000000,sh.601398,6.8500,6.8600,6.8300,6.8500,18447300,126209568.0000,3
2025-03-03,20250303094500000,sh.601398,6.8400,6.8500,6.8100,6.8200,25029400,170790722.0000,3
2025-03-03,20250303095000000,sh.601398,6.8200,6.8200,6.7900,6.8000,31033700,211090550.0000,3
2025-03-03,20250303095500000,sh.601398,6.8100,6.8100,6.7800,6.8000,23675200,160763008.0000,3
2025-03-03,20250303100000000,sh.601398,6.8000,6.8300,6.7900,6.8300,9985100,67996425.0000,3
2025-03-03,20250303100500000,sh.601398,6.8200,6.8300,6.8000,6.8100,8602500,58547703.0000,3
2025-03-03,20250303101000000,sh.601398,6.8000,6.8200,6.8000,6.8100,11035700,75118214.0000,3
2025-03-03,20250303101500000,sh.601398,6.8100,6.8200,6.8000,6.8200,7424900,50560134.0000,3
2025-03-03,20250303102000000,sh.601398,6.8200,6.8200,6.8000,6.8100,5686100,38740604.0000,3
2025-03-03,20250303102500000,sh.601398,6.8100,6.8200,6.8000,6.8200,5002300,34070009.0000,3
2025-03-03,20250303103000000,sh.601398,6.8200,6.8200,6.8000,6.8100,8630500,58774023.0000,3
2025-03-03,20250303103500000,sh.601398,6.8000,6.8200,6.8000,6.8200,7792200,53053568.0000,3
2025-03-03,20250303104000000,sh.601398,6.8100,6.8200,6.8100,6.8100,5932900,40413694.0000,3
2025-03-03,20250303104500000,sh.601398,6.8100,6.8200,6.8000,6.8200,7928300,53992963.0000,3
2025-03-03,20250303105000000,sh.601398,6.8100,6.8200,6.8000,6.8200,3363900,22913787.0000,3
2025-03-03,20250303105500000,sh.601398,6.8200,6.8300,6.8100,6.8200,7372800,50280712.0000,3
2025-03-03,20250303110000000,sh.601398,6.8300,6.8300,6.8100,6.8100,4589800,31310966.0000,3
2025-03-03,20250303110500000,sh.601398,6.8100,6.8200,6.8000,6.8100,9718200,66183430.0000,3
2025-03-03,20250303111000000,sh.601398,6.8100,6.8100,6.8000,6.8100,2464100,16777212.0000,3
2025-03-03,20250303111500000,sh.601398,6.8100,6.8200,6.8000,6.8100,4417600,30082689.0000,3
2025-03-03,20250303112000000,sh.601398,6.8100,6.8200,6.8100,6.8100,1256200,8558459.0000,3
2025-03-03,20250303112500000,sh.601398,6.8100,6.8200,6.8100,6.8100,2080800,14181382.0000,3
2025-03-03,20250303113000000,sh.601398,6.8100,6.8200,6.8100,6.8200,3333900,22711936.0000,3
2025-03-03,20250303130500000,sh.601398,6.8100,6.8300,6.8100,6.8200,5648200,38522760.0000,3
2025-03-03,20250303131000000,sh.601398,6.8300,6.8300,6.8200,6.8200,2517700,17183742.0000,3
2025-03-03,20250303131500000,sh.601398,6.8300,6.8500,6.8300,6.8500,19600200,133953535.0000,3
2025-03-03,20250303132000000,sh.601398,6.8500,6.8600,6.8400,6.8500,6048800,41432573.0000,3
2025-03-03,20250303132500000,sh.601398,6.8600,6.8600,6.8500,6.8600,7452100,51118720.0000,3
2025-03-03,20250303133000000,sh.601398,6.8500,6.8600,6.8400,6.8500,6054200,41473152.0000,3
2025-03-03,20250303133500000,sh.601398,6.8600,6.8600,6.8400,6.8400,2594100,17754624.0000,3
2025-03-03,20250303134000000,sh.601398,6.8500,6.8500,6.8300,6.8400,3218300,22017528.0000,3
2025-03-03,20250303134500000,sh.601398,6.8500,6.8500,6.8300,6.8400,2030500,13886592.0000,3
2025-03-03,20250303135000000,sh.601398,6.8300,6.8500,6.8300,6.8500,3368000,23039240.0000,3
2025-03-03,20250303135500000,sh.601398,6.8500,6.8500,6.8300,6.8400,2558300,17484804.0000,3
2025-03-03,20250303140000000,sh.601398,6.8400,6.8400,6.8300,6.8300,3499500,23911932.0000,3
2025-03-03,20250303140500000,sh.601398,6.8300,6.8400,6.8300,6.8300,3954900,27030524.0000,3
2025-03-03,20250303141000000,sh.601398,6.8300,6.8400,6.8300,6.8300,4425400,30244092.0000,3
2025-03-03,20250303141500000,sh.601398,6.8300,6.8400,6.8300,6.8400,2207800,15084045.0000,3
2025-03-03,20250303142000000,sh.601398,6.8300,6.8400,6.8200,6.8200,5630900,38451447.0000,3
2025-03-03,20250303142500000,sh.601398,6.8200,6.8400,6.8200,6.8300,6801400,46462972.0000,3
2025-03-03,20250303143000000,sh.601398,6.8300,6.8400,6.8300,6.8400,4777000,32634888.0000,3
2025-03-03,20250303143500000,sh.601398,6.8400,6.8400,6.8200,6.8400,11576700,79052548.0000,3
2025-03-03,20250303144000000,sh.601398,6.8400,6.8400,6.8200,6.8300,4183000,28570112.0000,3
2025-03-03,20250303144500000,sh.601398,6.8300,6.8500,6.8200,6.8500,9213000,62992376.0000,3
2025-03-03,20250303145000000,sh.601398,6.8400,6.8500,6.8300,6.8400,7681700,52542460.0000,3
2025-03-03,20250303145500000,sh.601398,6.8400,6.8500,6.8400,6.8500,7068800,48399880.0000,3
2025-03-03,20250303150000000,sh.601398,6.8400,6.8600,6.8400,6.8500,10185200,69788928.0000,3
2025-03-04,20250304093500000,sh.601398,6.8200,6.8400,6.8000,6.8100,17635400,120279984.0000,3
2025-03-04,20250304094000000,sh.601398,6.8200,6.8300,6.8000,6.8200,13956300,95113312.0000,3
2025-03-04,20250304094500000,sh.601398,6.8100,6.8200,6.8000,6.8000,7888900,53739536.0000,3
2025-03-04,20250304095000000,sh.601398,6.8000,6.8100,6.7900,6.8000,22740700,154549472.0000,3
2025-03-04,20250304095500000,sh.601398,6.8000,6.8200,6.7900,6.8100,18087500,123043904.0000,3
2025-03-04,20250304100000000,sh.601398,6.8100,6.8200,6.8000,6.8100,5033900,34274944.0000,3
2025-03-04,20250304100500000,sh.601398,6.8100,6.8200,6.8000,6.8200,5849400,39841415.0000,3
2025-03-04,20250304101000000,sh.601398,6.8200,6.8300,6.8100,6.8100,10762300,73417152.0000,3
2025-03-04,20250304101500000,sh.601398,6.8100,6.8200,6.8000,6.8000,3586600,24421361.0000,3
2025-03-04,20250304102000000,sh.601398,6.8100,6.8100,6.8000,6.8100,3469400,23620556.0000,3
2025-03-04,20250304102500000,sh.601398,6.8100,6.8300,6.8000,6.8200,6117000,41708534.0000,3
2025-03-04,20250304103000000,sh.601398,6.8200,6.8300,6.8200,6.8200,2404200,16407622.0000,3
2025-03-04,20250304103500000,sh.601398,6.8300,6.8300,6.8100,6.8200,4442000,30310210.0000,3
2025-03-04,20250304104000000,sh.601398,6.8200,6.8200,6.8100,6.8200,3782800,25786875.0000,3
2025-03-04,20250304104500000,sh.601398,6.8200,6.8200,6.8100,6.8200,3579200,24388155.0000,3
2025-03-04,20250304105000000,sh.601398,6.8200,6.8200,6.8100,6.8200,2651100,18069068.0000,3
2025-03-04,20250304105500000,sh.601398,6.8200,6.8200,6.8000,6.8000,7258200,49434489.0000,3
2025-03-04,20250304110000000,sh.601398,6.8000,6.8200,6.8000,6.8100,3606000,24550405.0000,3
2025-03-04,20250304110500000,sh.601398,6.8100,6.8200,6.8000,6.8000,5389100,36696061.0000,3
2025-03-04,20250304111000000,sh.601398,6.8000,6.8200,6.8000,6.8100,4206600,28652925.0000,3
2025-03-04,20250304111500000,sh.601398,6.8100,6.8200,6.8100,6.8200,1715500,11691337.0000,3
2025-03-04,20250304112000000,sh.601398,6.8200,6.8200,6.8100,6.8200,1597200,10885301.0000,3
2025-03-04,20250304112500000,sh.601398,6.8100,6.8200,6.8100,6.8200,4799000,32687167.0000,3
2025-03-04,20250304113000000,sh.601398,6.8200,6.8200,6.8100,6.8200,1903000,12963085.0000,3
2025-03-04,20250304130500000,sh.601398,6.8200,6.8200,6.8000,6.8100,6009300,40930042.0000,3
2025-03-04,20250304131000000,sh.601398,6.8000,6.8100,6.8000,6.8100,2615800,17793784.0000,3
2025-03-04,20250304131500000,sh.601398,6.8000,6.8100,6.8000,6.8100,6699400,45608960.0000,3
2025-03-04,20250304132000000,sh.601398,6.8100,6.8200,6.8000,6.8100,2212700,15065225.0000,3
2025-03-04,20250304132500000,sh.601398,6.8100,6.8100,6.8000,6.8000,1531000,10417023.0000,3
2025-03-04,20250304133000000,sh.601398,6.8000,6.8100,6.8000,6.8000,4432800,30158458.0000,3
2025-03-04,20250304133500000,sh.601398,6.8000,6.8000,6.7900,6.7900,33413300,227088638.0000,3
2025-03-04,20250304134000000,sh.601398,6.7900,6.8000,6.7800,6.7900,8569200,58184840.0000,3
2025-03-04,20250304134500000,sh.601398,6.7900,6.8000,6.7900,6.8000,2370000,16100603.0000,3
2025-03-04,20250304135000000,sh.601398,6.8000,6.8000,6.7900,6.7900,3095700,21028869.0000,3
2025-03-04,20250304135500000,sh.601398,6.7900,6.8000,6.7800,6.7900,8000200,54318852.0000,3
2025-03-04,20250304140000000,sh.601398,6.7900,6.7900,6.7800,6.7900,5336100,36214394.0000,3
2025-03-04,20250304140500000,sh.601398,6.7900,6.7900,6.7800,6.7800,3158100,21423234.0000,3
2025-03-04,20250304141000000,sh.601398,6.7900,6.7900,6.7800,6.7800,4407800,29895417.0000,3
2025-03-04,20250304141500000,sh.601398,6.7900,6.7900,6.7800,6.7800,4051300,27483017.0000,3
2025-03-04,20250304142000000,sh.601398,6.7900,6.7900,6.7800,6.7900,6115400,41483774.0000,3
2025-03-04,20250304142500000,sh.601398,6.7800,6.7900,6.7800,6.7800,4378300,29702530.0000,3
2025-03-04,20250304143000000,sh.601398,6.7900,6.7900,6.7800,6.7900,6332600,42979585.0000,3
2025-03-04,20250304143500000,sh.601398,6.7800,6.7900,6.7800,6.7800,7878400,53429751.0000,3
2025-03-04,20250304144000000,sh.601398,6.7900,6.7900,6.7800,6.7900,6209400,42127614.0000,3
2025-03-04,20250304144500000,sh.601398,6.7900,6.7900,6.7800,6.7900,7258700,49236877.0000,3
2025-03-04,20250304145000000,sh.601398,6.7900,6.7900,6.7800,6.7900,16245000,110171771.0000,3
2025-03-04,20250304145500000,sh.601398,6.7800,6.7900,6.7800,6.7800,13984700,94871672.0000,3
2025-03-04,20250304150000000,sh.601398,6.7900,6.7900,6.7800,6.7800,17237000,116894730.0000,3
2025-03-05,20250305093500000,sh.601398,6.7700,6.7700,6.7400,6.7500,30074100,203196880.0000,3
2025-03-05,20250305094000000,sh.601398,6.7500,6.7800,6.7500,6.7700,14381500,97269408.0000,3
2025-03-05,20250305094500000,sh.601398,6.7700,6.8100,6.7700,6.8100,24597700,167211872.0000,3
2025-03-05,20250305095000000,sh.601398,6.8100,6.8200,6.8000,6.8100,19994200,136247682.0000,3
2025-03-05,20250305095500000,sh.601398,6.8100,6.8300,6.8000,6.8200,16356600,111481155.0000,3
2025-03-05,20250305100000000,sh.601398,6.8200,6.8300,6.8100,6.8200,16681700,113824571.0000,3
2025-03-05,20250305100500000,sh.601398,6.8200,6.8400,6.8200,6.8400,18899000,129076728.0000,3
2025-03-05,20250305101000000,sh.601398,6.8300,6.8400,6.8200,6.8200,6048800,41307978.0000,3
2025-03-05,20250305101500000,sh.601398,6.8200,6.8300,6.8200,6.8200,3059300,20880005.0000,3
2025-03-05,20250305102000000,sh.601398,6.8200,6.8500,6.8200,6.8500,22707200,155200509.0000,3
2025-03-05,20250305102500000,sh.601398,6.8500,6.8600,6.8400,6.8400,24286400,166350595.0000,3
2025-03-05,20250305103000000,sh.601398,6.8400,6.8600,6.8400,6.8600,11584900,79331447.0000,3
2025-03-05,20250305103500000,sh.601398,6.8600,6.8600,6.8400,6.8500,7776700,53283845.0000,3
2025-03-05,20250305104000000,sh.601398,6.8500,6.8600,6.8400,6.8400,4013700,27486209.0000,3
2025-03-05,20250305104500000,sh.601398,6.8500,6.8500,6.8400,6.8500,3365700,23034620.0000,3
2025-03-05,20250305105000000,sh.601398,6.8500,6.8500,6.8400,6.8400,5998800,41079160.0000,3
2025-03-05,20250305105500000,sh.601398,6.8400,6.8500,6.8300,6.8500,5547500,37957380.0000,3
2025-03-05,20250305110000000,sh.601398,6.8500,6.8500,6.8300,6.8400,2558400,17488007.0000,3
2025-03-05,20250305110500000,sh.601398,6.8400,6.8500,6.8300,6.8400,7243600,49565441.0000,3
2025-03-05,20250305111000000,sh.601398,6.8400,6.8600,6.8400,6.8500,11074700,75889153.0000,3
2025-03-05,20250305111500000,sh.601398,6.8600,6.8700,6.8500,6.8700,17654800,121124091.0000,3
2025-03-05,20250305112000000,sh.601398,6.8700,6.9000,6.8600,6.8800,41949100,288522752.0000,3
2025-03-05,20250305112500000,sh.601398,6.8800,6.9000,6.8800,6.9000,13691000,94344192.0000,3
2025-03-05,20250305113000000,sh.601398,6.9000,6.9000,6.8800,6.8900,10010700,69026304.0000,3
2025-03-05,20250305130500000,sh.601398,6.8900,6.9000,6.8600,6.8600,12312500,84793344.0000,3
2025-03-05,20250305131000000,sh.601398,6.8600,6.8800,6.8600,6.8700,5161900,35470848.0000,3
2025-03-05,20250305131500000,sh.601398,6.8700,6.8800,6.8700,6.8800,3222100,22148352.0000,3
2025-03-05,20250305132000000,sh.601398,6.8800,6.8800,6.8700,6.8700,2538500,17446912.0000,3
2025-03-05,20250305132500000,sh.601398,6.8700,6.8800,6.8600,6.8700,4432400,30437120.0000,3
2025-03-05,20250305133000000,sh.601398,6.8600,6.8800,6.8600,6.8700,5607900,38529792.0000,3
2025-03-05,20250305133500000,sh.601398,6.8700,6.8800,6.8600,6.8600,2987900,20525824.0000,3
2025-03-05,20250305134000000,sh.601398,6.8600,6.8700,6.8600,6.8600,2056900,14118656.0000,3
2025-03-05,20250305134500000,sh.601398,6.8600,6.8700,6.8600,6.8600,2950000,20247296.0000,3
2025-03-05,20250305135000000,sh.601398,6.8600,6.8700,6.8600,6.8600,3226700,22145024.0000,3
2025-03-05,20250305135500000,sh.601398,6.8600,6.8700,6.8600,6.8600,1291000,8859648.0000,3
2025-03-05,20250305140000000,sh.601398,6.8700,6.8700,6.8600,6.8600,2393600,16428544.0000,3
2025-03-05,20250305140500000,sh.601398,6.8600,6.8700,6.8600,6.8700,7111000,48793856.0000,3
2025-03-05,20250305141000000,sh.601398,6.8700,6.8800,6.8600,6.8700,9300600,63880960.0000,3
2025-03-05,20250305141500000,sh.601398,6.8700,6.8800,6.8600,6.8700,3410100,23429376.0000,3
2025-03-05,20250305142000000,sh.601398,6.8600,6.8700,6.8600,6.8700,3015000,20705536.0000,3
2025-03-05,20250305142500000,sh.601398,6.8700,6.8700,6.8600,6.8600,1995300,13701632.0000,3
2025-03-05,20250305143000000,sh.601398,6.8600,6.8700,6.8600,6.8700,2717900,18658560.0000,3
2025-03-05,20250305143500000,sh.601398,6.8700,6.8700,6.8600,6.8700,5136800,35256312.0000,3
2025-03-05,20250305144000000,sh.601398,6.8700,6.8800,6.8600,6.8800,11875800,81588488.0000,3
2025-03-05,20250305144500000,sh.601398,6.8800,6.8800,6.8700,6.8700,7084700,48707840.0000,3
2025-03-05,20250305145000000,sh.601398,6.8700,6.8800,6.8600,6.8600,4548900,31240964.0000,3
2025-03-05,20250305145500000,sh.601398,6.8600,6.8700,6.8600,6.8700,5959200,40908028.0000,3
2025-03-05,20250305150000000,sh.601398,6.8700,6.8700,6.8600,6.8700,13586800,93299200.0000,3
2025-03-06,20250306093500000,sh.601398,6.8500,6.8500,6.8000,6.8200,52228300,356435840.0000,3
2025-03-06,20250306094000000,sh.601398,6.8100,6.8400,6.8100,6.8400,12157600,82924224.0000,3
2025-03-06,20250306094500000,sh.601398,6.8300,6.8400,6.8000,6.8100,20257500,138076032.0000,3
2025-03-06,20250306095000000,sh.601398,6.8100,6.8100,6.7900,6.8000,35903000,244113016.0000,3
2025-03-06,20250306095500000,sh.601398,6.8000,6.8200,6.7900,6.8100,10017100,68100555.0000,3
2025-03-06,20250306100000000,sh.601398,6.8100,6.8200,6.8000,6.8200,5337600,36366657.0000,3
2025-03-06,20250306100500000,sh.601398,6.8200,6.8300,6.8100,6.8300,6734100,45920309.0000,3
2025-03-06,20250306101000000,sh.601398,6.8300,6.8300,6.8200,6.8300,7191800,49099968.0000,3
2025-03-06,20250306101500000,sh.601398,6.8200,6.8300,6.8200,6.8300,8370100,57104191.0000,3
2025-03-06,20250306102000000,sh.601398,6.8300,6.8400,6.8200,6.8400,6439600,43997196.0000,3
2025-03-06,20250306102500000,sh.601398,6.8400,6.8600,6.8300,6.8600,11501200,78701056.0000,3
2025-03-06,20250306103000000,sh.601398,6.8500,6.8600,6.8300,6.8400,5150100,35235320.0000,3
2025-03-06,20250306103500000,sh.601398,6.8400,6.8400,6.8200,6.8400,6520800,44540934.0000,3
2025-03-06,20250306104000000,sh.601398,6.8300,6.8400,6.8300,6.8400,3227400,22067454.0000,3
2025-03-06,20250306104500000,sh.601398,6.8400,6.8500,6.8400,6.8500,1327500,9085304.0000,3
2025-03-06,20250306105000000,sh.601398,6.8400,6.8500,6.8400,6.8400,954400,6531981.0000,3
2025-03-06,20250306105500000,sh.601398,6.8400,6.8500,6.8400,6.8400,2903400,19878647.0000,3
2025-03-06,20250306110000000,sh.601398,6.8500,6.8600,6.8400,6.8500,8550900,58579711.0000,3
2025-03-06,20250306110500000,sh.601398,6.8500,6.8500,6.8400,6.8500,1539200,10539389.0000,3
2025-03-06,20250306111000000,sh.601398,6.8500,6.8500,6.8400,6.8500,1932600,13231364.0000,3
2025-03-06,20250306111500000,sh.601398,6.8500,6.8500,6.8400,6.8500,2562700,17541632.0000,3
2025-03-06,20250306112000000,sh.601398,6.8500,6.8500,6.8400,6.8400,1523100,10427140.0000,3
2025-03-06,20250306112500000,sh.601398,6.8500,6.8500,6.8300,6.8400,5107000,34920964.0000,3
2025-03-06,20250306113000000,sh.601398,6.8300,6.8500,6.8300,6.8400,4129700,28269056.0000,3
2025-03-06,20250306130500000,sh.601398,6.8400,6.8400,6.8200,6.8300,11411000,77963776.0000,3
2025-03-06,20250306131000000,sh.601398,6.8300,6.8400,6.8300,6.8300,2368200,16178681.0000,3
2025-03-06,20250306131500000,sh.601398,6.8300,6.8400,6.8200,6.8200,4125000,28186494.0000,3
2025-03-06,20250306132000000,sh.601398,6.8200,6.8400,6.8200,6.8400,4614000,31513597.0000,3
2025-03-06,20250306132500000,sh.601398,6.8300,6.8400,6.8200,6.8200,7715000,52689281.0000,3
2025-03-06,20250306133000000,sh.601398,6.8200,6.8300,6.8200,6.8200,2110600,14406276.0000,3
2025-03-06,20250306133500000,sh.601398,6.8300,6.8300,6.8200,6.8300,2465100,16824195.0000,3
2025-03-06,20250306134000000,sh.601398,6.8200,6.8300,6.8200,6.8200,2151100,14677895.0000,3
2025-03-06,20250306134500000,sh.601398,6.8200,6.8300,6.8200,6.8300,5748700,39215601.0000,3
2025-03-06,20250306135000000,sh.601398,6.8200,6.8300,6.8200,6.8300,3900600,26611080.0000,3
2025-03-06,20250306135500000,sh.601398,6.8200,6.8300,6.8100,6.8200,10723000,73130244.0000,3
2025-03-06,20250306140000000,sh.601398,6.8200,6.8300,6.8200,6.8200,4131500,28184318.0000,3
2025-03-06,20250306140500000,sh.601398,6.8300,6.8300,6.8200,6.8300,6887100,47012598.0000,3
2025-03-06,20250306141000000,sh.601398,6.8200,6.8300,6.8100,6.8200,8514200,58070022.0000,3
2025-03-06,20250306141500000,sh.601398,6.8200,6.8300,6.8100,6.8200,5530700,37736200.0000,3
2025-03-06,20250306142000000,sh.601398,6.8200,6.8300,6.8200,6.8200,4747700,32398200.0000,3
2025-03-06,20250306142500000,sh.601398,6.8300,6.8300,6.8200,6.8300,14941000,102041602.0000,3
2025-03-06,20250306143000000,sh.601398,6.8200,6.8300,6.8200,6.8200,2762800,18859515.0000,3
2025-03-06,20250306143500000,sh.601398,6.8200,6.8300,6.8200,6.8300,3853300,26310921.0000,3
2025-03-06,20250306144000000,sh.601398,6.8200,6.8300,6.8200,6.8300,5305000,36204541.0000,3
2025-03-06,20250306144500000,sh.601398,6.8300,6.8300,6.8200,6.8300,4896900,33413379.0000,3
2025-03-06,20250306145000000,sh.601398,6.8200,6.8300,6.8200,6.8300,4853500,33139195.0000,3
2025-03-06,20250306145500000,sh.601398,6.8300,6.8300,6.8200,6.8300,10159200,69330687.0000,3
2025-03-06,20250306150000000,sh.601398,6.8300,6.8300,6.8200,6.8300,10239700,69907714.0000,3
2025-03-07,20250307093500000,sh.601398,6.8300,6.8400,6.8100,6.8300,16434700,112163224.0000,3
2025-03-07,20250307094000000,sh.601398,6.8200,6.8400,6.8100,6.8400,15057700,102764136.0000,3
2025-03-07,20250307094500000,sh.601398,6.8400,6.8500,6.8300,6.8400,12601000,86222656.0000,3
2025-03-07,20250307095000000,sh.601398,6.8400,6.8400,6.8300,6.8400,4767700,32592096.0000,3
2025-03-07,20250307095500000,sh.601398,6.8400,6.8500,6.8300,6.8400,5864200,40115392.0000,3
2025-03-07,20250307100000000,sh.601398,6.8400,6.8500,6.8300,6.8400,8737900,59796672.0000,3
2025-03-07,20250307100500000,sh.601398,6.8400,6.8500,6.8300,6.8300,5125100,35047296.0000,3
2025-03-07,20250307101000000,sh.601398,6.8400,6.8400,6.8100,6.8200,9610100,65578112.0000,3
2025-03-07,20250307101500000,sh.601398,6.8100,6.8300,6.8000,6.8000,11926300,81238944.0000,3
2025-03-07,20250307102000000,sh.601398,6.8100,6.8200,6.8000,6.8200,5487800,37374150.0000,3
2025-03-07,20250307102500000,sh.601398,6.8200,6.8200,6.8000,6.8100,5386800,36673906.0000,3
2025-03-07,20250307103000000,sh.601398,6.8000,6.8100,6.7900,6.8000,18893200,128458376.0000,3
2025-03-07,20250307103500000,sh.601398,6.8000,6.8000,6.7900,6.7900,6905600,46905346.0000,3
2025-03-07,20250307104000000,sh.601398,6.8000,6.8100,6.7900,6.8100,5683600,38650110.0000,3
2025-03-07,20250307104500000,sh.601398,6.8100,6.8100,6.7900,6.8100,4432800,30147128.0000,3
2025-03-07,20250307105000000,sh.601398,6.8100,6.8100,6.7900,6.8000,5182300,35240201.0000,3
2025-03-07,20250307105500000,sh.601398,6.7900,6.8000,6.7900,6.8000,1576400,10712439.0000,3
2025-03-07,20250307110000000,sh.601398,6.8000,6.8100,6.7900,6.8000,3516000,23904704.0000,3
2025-03-07,20250307110500000,sh.601398,6.8100,6.8100,6.7900,6.8000,1785200,12139912.0000,3
2025-03-07,20250307111000000,sh.601398,6.8000,6.8100,6.7900,6.8000,1703900,11581048.0000,3
2025-03-07,20250307111500000,sh.601398,6.7900,6.8000,6.7900,6.8000,2890100,19633920.0000,3
2025-03-07,20250307112000000,sh.601398,6.7900,6.8000,6.7900,6.7900,1650000,11210820.0000,3
2025-03-07,20250307112500000,sh.601398,6.7900,6.8000,6.7900,6.7900,2873100,19517828.0000,3
2025-03-07,20250307113000000,sh.601398,6.7900,6.8000,6.7900,6.8000,8015300,54491384.0000,3
2025-03-07,20250307130500000,sh.601398,6.8100,6.8100,6.7900,6.7900,7460700,50720642.0000,3
2025-03-07,20250307131000000,sh.601398,6.7900,6.8100,6.7900,6.8100,3124900,21258890.0000,3
2025-03-07,20250307131500000,sh.601398,6.8100,6.8100,6.8000,6.8100,2840900,19339651.0000,3
2025-03-07,20250307132000000,sh.601398,6.8100,6.8200,6.8000,6.8200,4076800,27770741.0000,3
2025-03-07,20250307132500000,sh.601398,6.8200,6.8200,6.8100,6.8100,1859400,12674054.0000,3
2025-03-07,20250307133000000,sh.601398,6.8100,6.8200,6.8100,6.8200,1292500,8808830.0000,3
2025-03-07,20250307133500000,sh.601398,6.8200,6.8200,6.8000,6.8100,4747200,32333057.0000,3
2025-03-07,20250307134000000,sh.601398,6.8100,6.8200,6.8100,6.8200,1500500,10225025.0000,3
2025-03-07,20250307134500000,sh.601398,6.8200,6.8200,6.8100,6.8100,4001000,27252986.0000,3
2025-03-07,20250307135000000,sh.601398,6.8100,6.8200,6.8000,6.8000,4090100,27835522.0000,3
2025-03-07,20250307135500000,sh.601398,6.8000,6.8100,6.8000,6.8000,6039400,41092866.0000,3
2025-03-07,20250307140000000,sh.601398,6.8100,6.8200,6.8000,6.8200,7704300,52445446.0000,3
2025-03-07,20250307140500000,sh.601398,6.8100,6.8200,6.8100,6.8100,3056200,20819453.0000,3
2025-03-07,20250307141000000,sh.601398,6.8100,6.8200,6.8000,6.8000,5758900,39214328.0000,3
2025-03-07,20250307141500000,sh.601398,6.8000,6.8200,6.8000,6.8200,4836600,32937987.0000,3
2025-03-07,20250307142000000,sh.601398,6.8200,6.8200,6.8000,6.8100,7371000,50223483.0000,3
2025-03-07,20250307142500000,sh.601398,6.8100,6.8200,6.8100,6.8200,4539300,30929407.0000,3
2025-03-07,20250307143000000,sh.601398,6.8100,6.8200,6.8000,6.8000,4441100,30245632.0000,3
2025-03-07,20250307143500000,sh.601398,6.8000,6.8100,6.8000,6.8100,13105100,89139842.0000,3
2025-03-07,20250307144000000,sh.601398,6.8100,6.8100,6.7900,6.8000,9426700,64065542.0000,3
2025-03-07,20250307144500000,sh.601398,6.7900,6.8000,6.7900,6.8000,9608300,65279486.0000,3
2025-03-07,20250307145000000,sh.601398,6.8000,6.8000,6.7900,6.8000,13635400,92624130.0000,3
2025-03-07,20250307145500000,sh.601398,6.8000,6.8100,6.7900,6.8000,19846700,134920961.0000,3
2025-03-07,20250307150000000,sh.601398,6.8000,6.8100,6.7900,6.8000,11955400,81304439.0000,3
2025-03-10,20250310093500000,sh.601398,6.7900,6.7900,6.7500,6.7800,30919200,209223744.0000,3
2025-03-10,20250310094000000,sh.601398,6.7800,6.7900,6.7700,6.7800,6362100,43129920.0000,3
2025-03-10,20250310094500000,sh.601398,6.7700,6.7800,6.7600,6.7600,6673500,45183680.0000,3
2025-03-10,20250310095000000,sh.601398,6.7600,6.7700,6.7600,6.7600,10012000,67692768.0000,3
2025-03-10,20250310095500000,sh.601398,6.7700,6.7700,6.7500,6.7500,19098700,128999456.0000,3
2025-03-10,20250310100000000,sh.601398,6.7500,6.7600,6.7400,6.7500,24785200,167338049.0000,3
2025-03-10,20250310100500000,sh.601398,6.7500,6.7500,6.7400,6.7400,7984800,53835333.0000,3
2025-03-10,20250310101000000,sh.601398,6.7400,6.7500,6.7400,6.7400,4513000,30435964.0000,3
2025-03-10,20250310101500000,sh.601398,6.7400,6.7500,6.7400,6.7500,5554700,37452795.0000,3
2025-03-10,20250310102000000,sh.601398,6.7500,6.7500,6.7300,6.7300,15574600,104968707.0000,3
2025-03-10,20250310102500000,sh.601398,6.7300,6.7400,6.7300,6.7300,8683000,58475971.0000,3
2025-03-10,20250310103000000,sh.601398,6.7300,6.7500,6.7300,6.7400,6063800,40862723.0000,3
2025-03-10,20250310103500000,sh.601398,6.7400,6.7500,6.7300,6.7300,4146500,27948160.0000,3
2025-03-10,20250310104000000,sh.601398,6.7300,6.7500,6.7300,6.7300,8761500,59045248.0000,3
2025-03-10,20250310104500000,sh.601398,6.7300,6.7400,6.7300,6.7400,3781100,25471611.0000,3
2025-03-10,20250310105000000,sh.601398,6.7400,6.7500,6.7300,6.7300,6701900,45159165.0000,3
2025-03-10,20250310105500000,sh.601398,6.7300,6.7400,6.7300,6.7300,3102000,20885754.0000,3
2025-03-10,20250310110000000,sh.601398,6.7300,6.7400,6.7300,6.7400,3348800,22553227.0000,3
2025-03-10,20250310110500000,sh.601398,6.7400,6.7400,6.7300,6.7400,2742100,18463101.0000,3
2025-03-10,20250310111000000,sh.601398,6.7400,6.7400,6.7300,6.7300,3020700,20337795.0000,3
2025-03-10,20250310111500000,sh.601398,6.7400,6.7400,6.7300,6.7400,7214600,48564222.0000,3
2025-03-10,20250310112000000,sh.601398,6.7400,6.7400,6.7300,6.7300,3230200,21748477.0000,3
2025-03-10,20250310112500000,sh.601398,6.7300,6.7400,6.7300,6.7400,3852500,25937146.0000,3
2025-03-10,20250310113000000,sh.601398,6.7300,6.7400,6.7300,6.7400,4727500,31829248.0000,3
2025-03-10,20250310130500000,sh.601398,6.7400,6.7400,6.7300,6.7300,3648900,24579847.0000,3
2025-03-10,20250310131000000,sh.601398,6.7300,6.7400,6.7300,6.7300,2010600,13539715.0000,3
2025-03-10,20250310131500000,sh.601398,6.7300,6.7400,6.7300,6.7400,2404700,16196346.0000,3
2025-03-10,20250310132000000,sh.601398,6.7300,6.7400,6.7300,6.7400,2337700,15739146.0000,3
2025-03-10,20250310132500000,sh.601398,6.7300,6.7400,6.7300,6.7300,2122500,14290174.0000,3
2025-03-10,20250310133000000,sh.601398,6.7300,6.7400,6.7300,6.7400,2521500,16977781.0000,3
2025-03-10,20250310133500000,sh.601398,6.7400,6.7400,6.7300,6.7400,2247900,15136773.0000,3
2025-03-10,20250310134000000,sh.601398,6.7300,6.7400,6.7300,6.7400,3393300,22843016.0000,3
2025-03-10,20250310134500000,sh.601398,6.7400,6.7400,6.7300,6.7300,3216500,21654900.0000,3
2025-03-10,20250310135000000,sh.601398,6.7300,6.7400,6.7300,6.7300,3984000,26821378.0000,3
2025-03-10,20250310135500000,sh.601398,6.7300,6.7400,6.7300,6.7400,2662500,17928712.0000,3
2025-03-10,20250310140000000,sh.601398,6.7400,6.7400,6.7200,6.7200,13253000,89194880.0000,3
2025-03-10,20250310140500000,sh.601398,6.7300,6.7400,6.7200,6.7400,5715700,38463231.0000,3
2025-03-10,20250310141000000,sh.601398,6.7300,6.7400,6.7300,6.7300,1687700,11363453.0000,3
2025-03-10,20250310141500000,sh.601398,6.7400,6.7400,6.7300,6.7400,1911900,12874492.0000,3
2025-03-10,20250310142000000,sh.601398,6.7300,6.7400,6.7300,6.7300,4545400,30600328.0000,3
2025-03-10,20250310142500000,sh.601398,6.7300,6.7500,6.7300,6.7500,12920800,87091960.0000,3
2025-03-10,20250310143000000,sh.601398,6.7400,6.7500,6.7400,6.7500,2337300,15760642.0000,3
2025-03-10,20250310143500000,sh.601398,6.7500,6.7500,6.7400,6.7500,11587100,78187396.0000,3
2025-03-10,20250310144000000,sh.601398,6.7500,6.7500,6.7400,6.7400,5738700,38706294.0000,3
2025-03-10,20250310144500000,sh.601398,6.7400,6.7500,6.7400,6.7400,4325500,29169932.0000,3
2025-03-10,20250310145000000,sh.601398,6.7400,6.7500,6.7300,6.7400,9073200,61148918.0000,3
2025-03-10,20250310145500000,sh.601398,6.7400,6.7500,6.7300,6.7500,10454200,70465290.0000,3
2025-03-10,20250310150000000,sh.601398,6.7500,6.7500,6.7400,6.7400,10811000,72885626.0000,3
2025-03-11,20250311093500000,sh.601398,6.7200,6.7600,6.7200,6.7600,19617800,132273000.0000,3
2025-03-11,20250311094000000,sh.601398,6.7600,6.7600,6.7400,6.7500,14668400,99069336.0000,3
2025-03-11,20250311094500000,sh.601398,6.7500,6.7600,6.7400,6.7400,8025500,54197568.0000,3
2025-03-11,20250311095000000,sh.601398,6.7500,6.7500,6.7300,6.7400,5675800,38253408.0000,3
2025-03-11,20250311095500000,sh.601398,6.7400,6.7400,6.7300,6.7300,2879100,19390144.0000,3
2025-03-11,20250311100000000,sh.601398,6.7300,6.7400,6.7300,6.7400,3686000,24820160.0000,3
2025-03-11,20250311100500000,sh.601398,6.7400,6.7400,6.7200,6.7200,9163900,61660416.0000,3
2025-03-11,20250311101000000,sh.601398,6.7200,6.7400,6.7200,6.7300,1937300,13044384.0000,3
2025-03-11,20250311101500000,sh.601398,6.7300,6.7500,6.7300,6.7500,6238200,42043712.0000,3
2025-03-11,20250311102000000,sh.601398,6.7400,6.7500,6.7300,6.7400,5186800,34952192.0000,3
2025-03-11,20250311102500000,sh.601398,6.7400,6.7400,6.7300,6.7400,4576800,30813593.0000,3
2025-03-11,20250311103000000,sh.601398,6.7300,6.7300,6.7200,6.7300,6068800,40831111.0000,3
2025-03-11,20250311103500000,sh.601398,6.7300,6.7400,6.7200,6.7400,5304900,35704192.0000,3
2025-03-11,20250311104000000,sh.601398,6.7400,6.7400,6.7300,6.7300,2328800,15682245.0000,3
2025-03-11,20250311104500000,sh.601398,6.7400,6.7500,6.7300,6.7400,5595800,37711545.0000,3
2025-03-11,20250311105000000,sh.601398,6.7400,6.7400,6.7300,6.7300,2443700,16460474.0000,3
2025-03-11,20250311105500000,sh.601398,6.7400,6.7400,6.7300,6.7300,2003100,13496142.0000,3
2025-03-11,20250311110000000,sh.601398,6.7400,6.7400,6.7300,6.7400,1822700,12281601.0000,3
2025-03-11,20250311110500000,sh.601398,6.7400,6.7500,6.7300,6.7400,3402300,22936570.0000,3
2025-03-11,20250311111000000,sh.601398,6.7400,6.7500,6.7300,6.7400,3395500,22878595.0000,3
2025-03-11,20250311111500000,sh.601398,6.7300,6.7400,6.7300,6.7400,3972200,26765186.0000,3
2025-03-11,20250311112000000,sh.601398,6.7300,6.7500,6.7300,6.7400,9949000,67122674.0000,3
2025-03-11,20250311112500000,sh.601398,6.7500,6.7600,6.7400,6.7500,6964000,47014144.0000,3
2025-03-11,20250311113000000,sh.601398,6.7600,6.7700,6.7600,6.7700,10750300,72701632.0000,3
2025-03-11,20250311130500000,sh.601398,6.7700,6.7700,6.7400,6.7400,12090800,81702976.0000,3
2025-03-11,20250311131000000,sh.601398,6.7400,6.7500,6.7400,6.7500,1687400,11386765.0000,3
2025-03-11,20250311131500000,sh.601398,6.7500,6.7600,6.7400,6.7600,3449200,23285619.0000,3
2025-03-11,20250311132000000,sh.601398,6.7500,6.7600,6.7400,6.7500,2467400,16650752.0000,3
2025-03-11,20250311132500000,sh.601398,6.7400,6.7500,6.7400,6.7500,2445100,16500098.0000,3
2025-03-11,20250311133000000,sh.601398,6.7500,6.7500,6.7400,6.7500,2111600,14245379.0000,3
2025-03-11,20250311133500000,sh.601398,6.7400,6.7500,6.7400,6.7500,2190700,14780667.0000,3
2025-03-11,20250311134000000,sh.601398,6.7500,6.7600,6.7400,6.7600,3453700,23314956.0000,3
2025-03-11,20250311134500000,sh.601398,6.7600,6.7600,6.7500,6.7500,4101000,27699956.0000,3
2025-03-11,20250311135000000,sh.601398,6.7500,6.7600,6.7500,6.7500,2588300,17480579.0000,3
2025-03-11,20250311135500000,sh.601398,6.7500,6.7600,6.7500,6.7500,2576400,17401482.0000,3
2025-03-11,20250311140000000,sh.601398,6.7500,6.7600,6.7500,6.7600,4388600,29657988.0000,3
2025-03-11,20250311140500000,sh.601398,6.7600,6.7700,6.7500,6.7700,6450600,43607036.0000,3
2025-03-11,20250311141000000,sh.601398,6.7700,6.7700,6.7500,6.7600,1988300,13438596.0000,3
2025-03-11,20250311141500000,sh.601398,6.7600,6.7600,6.7500,6.7600,2363900,15975032.0000,3
2025-03-11,20250311142000000,sh.601398,6.7600,6.7600,6.7500,6.7600,3176700,21464840.0000,3
2025-03-11,20250311142500000,sh.601398,6.7600,6.7600,6.7500,6.7600,3162000,21367540.0000,3
2025-03-11,20250311143000000,sh.601398,6.7500,6.7600,6.7500,6.7500,3770000,25470856.0000,3
2025-03-11,20250311143500000,sh.601398,6.7600,6.7600,6.7500,6.7500,4292300,28999680.0000,3
2025-03-11,20250311144000000,sh.601398,6.7600,6.7600,6.7500,6.7500,4520700,30540920.0000,3
2025-03-11,20250311144500000,sh.601398,6.7600,6.7600,6.7500,6.7600,6455300,43616904.0000,3
2025-03-11,20250311145000000,sh.601398,6.7600,6.7700,6.7500,6.7700,11477700,77619192.0000,3
2025-03-11,20250311145500000,sh.601398,6.7600,6.7700,6.7600,6.7700,13235000,89542152.0000,3
2025-03-11,20250311150000000,sh.601398,6.7600,6.7800,6.7600,6.7800,17949000,121585536.0000,3
2025-03-12,20250312093500000,sh.601398,6.7600,6.7600,6.7100,6.7100,40095200,269989760.0000,3
2025-03-12,20250312094000000,sh.601398,6.7200,6.7200,6.7100,6.7200,18359200,123262848.0000,3
2025-03-12,20250312094500000,sh.601398,6.7200,6.7300,6.7200,6.7200,10360400,69669408.0000,3
2025-03-12,20250312095000000,sh.601398,6.7300,6.7300,6.7200,6.7300,5901500,39687488.0000,3
2025-03-12,20250312095500000,sh.601398,6.7200,6.7400,6.7200,6.7300,6838600,46013344.0000,3
2025-03-12,20250312100000000,sh.601398,6.7300,6.7400,6.7200,6.7200,7001100,47089664.0000,3
2025-03-12,20250312100500000,sh.601398,6.7300,6.7300,6.7200,6.7300,4538300,30511616.0000,3
2025-03-12,20250312101000000,sh.601398,6.7200,6.7300,6.7200,6.7200,7654400,51473728.0000,3
2025-03-12,20250312101500000,sh.601398,6.7200,6.7300,6.7200,6.7300,7097900,47734272.0000,3
2025-03-12,20250312102000000,sh.601398,6.7200,6.7300,6.7100,6.7200,9894500,66480000.0000,3
2025-03-12,20250312102500000,sh.601398,6.7200,6.7300,6.7100,6.7200,6929700,46551744.0000,3
2025-03-12,20250312103000000,sh.601398,6.7200,6.7300,6.7100,6.7100,5669600,38088128.0000,3
2025-03-12,20250312103500000,sh.601398,6.7100,6.7200,6.7100,6.7100,3068700,20605369.0000,3
2025-03-12,20250312104000000,sh.601398,6.7200,6.7200,6.7100,6.7100,3309100,22214147.0000,3
2025-03-12,20250312104500000,sh.601398,6.7100,6.7200,6.7100,6.7100,3938900,26438277.0000,3
2025-03-12,20250312105000000,sh.601398,6.7100,6.7200,6.7100,6.7100,4871700,32707139.0000,3
2025-03-12,20250312105500000,sh.601398,6.7100,6.7200,6.7100,6.7200,3267200,21932733.0000,3
2025-03-12,20250312110000000,sh.601398,6.7100,6.7200,6.7100,6.7100,3878600,26030789.0000,3
2025-03-12,20250312110500000,sh.601398,6.7200,6.7200,6.7100,6.7200,4398400,29527994.0000,3
2025-03-12,20250312111000000,sh.601398,6.7100,6.7200,6.7100,6.7100,3626800,24349056.0000,3
2025-03-12,20250312111500000,sh.601398,6.7100,6.7200,6.7100,6.7100,3691700,24782341.0000,3
2025-03-12,20250312112000000,sh.601398,6.7200,6.7200,6.7100,6.7100,3199300,21476478.0000,3
2025-03-12,20250312112500000,sh.601398,6.7100,6.7200,6.7000,6.7100,23406700,157001341.0000,3
2025-03-12,20250312113000000,sh.601398,6.7000,6.7100,6.7000,6.7100,4287700,28741762.0000,3
2025-03-12,20250312130500000,sh.601398,6.7000,6.7100,6.7000,6.7000,5825100,39061502.0000,3
2025-03-12,20250312131000000,sh.601398,6.7000,6.7100,6.7000,6.7100,5641400,37830658.0000,3
2025-03-12,20250312131500000,sh.601398,6.7100,6.7200,6.7000,6.7200,4183700,28069893.0000,3
2025-03-12,20250312132000000,sh.601398,6.7100,6.7200,6.7100,6.7100,3333300,22377465.0000,3
2025-03-12,20250312132500000,sh.601398,6.7100,6.7200,6.7100,6.7100,4703000,31594235.0000,3
2025-03-12,20250312133000000,sh.601398,6.7200,6.7300,6.7100,6.7200,4030700,27084297.0000,3
2025-03-12,20250312133500000,sh.601398,6.7300,6.7300,6.7100,6.7300,3346400,22490620.0000,3
2025-03-12,20250312134000000,sh.601398,6.7200,6.7300,6.7200,6.7200,5756800,38719492.0000,3
2025-03-12,20250312134500000,sh.601398,6.7200,6.7300,6.7100,6.7100,3731900,25069947.0000,3
2025-03-12,20250312135000000,sh.601398,6.7200,6.7200,6.7100,6.7100,3559700,23908865.0000,3
2025-03-12,20250312135500000,sh.601398,6.7200,6.7200,6.7100,6.7200,1423900,9563776.0000,3
2025-03-12,20250312140000000,sh.601398,6.7200,6.7300,6.7100,6.7300,3583000,24081024.0000,3
2025-03-12,20250312140500000,sh.601398,6.7200,6.7400,6.7200,6.7300,12953500,87164282.0000,3
2025-03-12,20250312141000000,sh.601398,6.7300,6.7400,6.7300,6.7300,2307300,15534979.0000,3
2025-03-12,20250312141500000,sh.601398,6.7300,6.7400,6.7200,6.7200,4481100,30148739.0000,3
2025-03-12,20250312142000000,sh.601398,6.7200,6.7300,6.7200,6.7200,3046300,20480519.0000,3
2025-03-12,20250312142500000,sh.601398,6.7200,6.7300,6.7200,6.7200,10293400,69179513.0000,3
2025-03-12,20250312143000000,sh.601398,6.7200,6.7300,6.7100,6.7200,2683100,18024448.0000,3
2025-03-12,20250312143500000,sh.601398,6.7100,6.7200,6.7100,6.7200,3103100,20842620.0000,3
2025-03-12,20250312144000000,sh.601398,6.7200,6.7200,6.7100,6.7200,3455100,23210500.0000,3
2025-03-12,20250312144500000,sh.601398,6.7200,6.7200,6.7100,6.7200,3297600,22145792.0000,3
2025-03-12,20250312145000000,sh.601398,6.7200,6.7200,6.7100,6.7200,3602500,24195326.0000,3
2025-03-12,20250312145500000,sh.601398,6.7100,6.7300,6.7100,6.7200,13847100,93036424.0000,3
2025-03-12,20250312150000000,sh.601398,6.7300,6.7300,6.7200,6.7200,10299400,69232634.0000,3
2025-03-13,20250313093500000,sh.601398,6.7200,6.7200,6.7000,6.7200,12392100,83176560.0000,3
2025-03-13,20250313094000000,sh.601398,6.7200,6.7300,6.7000,6.7300,14345300,96388216.0000,3
2025-03-13,20250313094500000,sh.601398,6.7200,6.7400,6.7200,6.7200,8141500,54797776.0000,3
2025-03-13,20250313095000000,sh.601398,6.7200,6.7400,6.7200,6.7400,7006500,47152000.0000,3
2025-03-13,20250313095500000,sh.601398,6.7300,6.7600,6.7300,6.7600,20422900,137732480.0000,3
2025-03-13,20250313100000000,sh.601398,6.7600,6.7600,6.7400,6.7500,10551100,71216704.0000,3
2025-03-13,20250313100500000,sh.601398,6.7500,6.7600,6.7400,6.7600,11475900,77472059.0000,3
2025-03-13,20250313101000000,sh.601398,6.7600,6.7700,6.7500,6.7500,18189300,122977605.0000,3
2025-03-13,20250313101500000,sh.601398,6.7500,6.7600,6.7400,6.7600,5415600,36560897.0000,3
2025-03-13,20250313102000000,sh.601398,6.7600,6.7600,6.7500,6.7600,4246000,28690295.0000,3
2025-03-13,20250313102500000,sh.601398,6.7600,6.7700,6.7500,6.7700,5780500,39070406.0000,3
2025-03-13,20250313103000000,sh.601398,6.7700,6.7700,6.7500,6.7600,8968200,60634694.0000,3
2025-03-13,20250313103500000,sh.601398,6.7600,6.7600,6.7500,6.7600,2388400,16139444.0000,3
2025-03-13,20250313104000000,sh.601398,6.7600,6.7600,6.7500,6.7600,1606300,10850692.0000,3
2025-03-13,20250313104500000,sh.601398,6.7600,6.7600,6.7500,6.7600,2493700,16842172.0000,3
2025-03-13,20250313105000000,sh.601398,6.7600,6.7700,6.7500,6.7700,12957700,87623119.0000,3
2025-03-13,20250313105500000,sh.601398,6.7700,6.7700,6.7600,6.7600,3033700,20525234.0000,3
2025-03-13,20250313110000000,sh.601398,6.7700,6.7700,6.7600,6.7700,2461000,16649415.0000,3
2025-03-13,20250313110500000,sh.601398,6.7700,6.7700,6.7600,6.7600,4895800,33108358.0000,3
2025-03-13,20250313111000000,sh.601398,6.7600,6.7700,6.7500,6.7500,2847100,19243967.0000,3
2025-03-13,20250313111500000,sh.601398,6.7500,6.7600,6.7500,6.7600,3389800,22912371.0000,3
2025-03-13,20250313112000000,sh.601398,6.7600,6.7700,6.7500,6.7600,4256300,28771072.0000,3
2025-03-13,20250313112500000,sh.601398,6.7600,6.7700,6.7500,6.7600,1860000,12571660.0000,3
2025-03-13,20250313113000000,sh.601398,6.7600,6.7700,6.7500,6.7600,3205500,21666684.0000,3
2025-03-13,20250313130500000,sh.601398,6.7600,6.7600,6.7500,6.7500,3316500,22407558.0000,3
2025-03-13,20250313131000000,sh.601398,6.7500,6.7600,6.7400,6.7400,8244000,55637370.0000,3
2025-03-13,20250313131500000,sh.601398,6.7500,6.7500,6.7300,6.7400,6838300,46087295.0000,3
2025-03-13,20250313132000000,sh.601398,6.7400,6.7400,6.7300,6.7400,1336900,9006075.0000,3
2025-03-13,20250313132500000,sh.601398,6.7400,6.7400,6.7300,6.7400,2789300,18783238.0000,3
2025-03-13,20250313133000000,sh.601398,6.7300,6.7400,6.7300,6.7400,1761400,11858168.0000,3
2025-03-13,20250313133500000,sh.601398,6.7400,6.7400,6.7200,6.7300,5629400,37878920.0000,3
2025-03-13,20250313134000000,sh.601398,6.7200,6.7300,6.7200,6.7200,2465200,16577792.0000,3
2025-03-13,20250313134500000,sh.601398,6.7300,6.7300,6.7200,6.7300,2316500,15584637.0000,3
2025-03-13,20250313135000000,sh.601398,6.7300,6.7400,6.7200,6.7400,5855300,39405435.0000,3
2025-03-13,20250313135500000,sh.601398,6.7400,6.7400,6.7300,6.7400,2700100,18186241.0000,3
2025-03-13,20250313140000000,sh.601398,6.7400,6.7400,6.7200,6.7300,4620100,31090823.0000,3
2025-03-13,20250313140500000,sh.601398,6.7300,6.7300,6.7200,6.7300,1522200,10236794.0000,3
2025-03-13,20250313141000000,sh.601398,6.7200,6.7300,6.7200,6.7200,2888800,19426566.0000,3
2025-03-13,20250313141500000,sh.601398,6.7200,6.7300,6.7200,6.7300,3704900,24929152.0000,3
2025-03-13,20250313142000000,sh.601398,6.7300,6.7300,6.7200,6.7200,1536600,10332288.0000,3
2025-03-13,20250313142500000,sh.601398,6.7200,6.7300,6.7200,6.7300,1080600,7266816.0000,3
2025-03-13,20250313143000000,sh.601398,6.7200,6.7300,6.7200,6.7300,2418000,16269698.0000,3
2025-03-13,20250313143500000,sh.601398,6.7300,6.7400,6.7200,6.7300,3976200,26759810.0000,3
2025-03-13,20250313144000000,sh.601398,6.7400,6.7400,6.7200,6.7300,2991600,20129410.0000,3
2025-03-13,20250313144500000,sh.601398,6.7300,6.7400,6.7200,6.7300,2718100,18290943.0000,3
2025-03-13,20250313145000000,sh.601398,6.7300,6.7400,6.7200,6.7300,4933600,33211508.0000,3
2025-03-13,20250313145500000,sh.601398,6.7300,6.7300,6.7200,6.7300,4815800,32401925.0000,3
2025-03-13,20250313150000000,sh.601398,6.7300,6.7300,6.7200,6.7300,6563000,44157571.0000,3
2025-03-14,20250314093500000,sh.601398,6.7200,6.7600,6.7200,6.7500,16548700,111528080.0000,3
2025-03-14,20250314094000000,sh.601398,6.7500,6.7700,6.7400,6.7700,25350100,171462832.0000,3
2025-03-14,20250314094500000,sh.601398,6.7600,6.7900,6.7600,6.7700,27699100,187808032.0000,3
2025-03-14,20250314095000000,sh.601398,6.7800,6.7800,6.7700,6.7800,10728100,72666143.0000,3
2025-03-14,20250314095500000,sh.601398,6.7700,6.7800,6.7600,6.7700,8136200,55121537.0000,3
2025-03-14,20250314100000000,sh.601398,6.7800,6.7800,6.7700,6.7800,11842900,80264760.0000,3
2025-03-14,20250314100500000,sh.601398,6.7800,6.7900,6.7700,6.7800,10789000,73152329.0000,3
2025-03-14,20250314101000000,sh.601398,6.7800,6.7900,6.7800,6.7900,5878000,39895997.0000,3
2025-03-14,20250314101500000,sh.601398,6.7800,6.7900,6.7800,6.7800,5679900,38554503.0000,3
2025-03-14,20250314102000000,sh.601398,6.7900,6.7900,6.7700,6.7800,13440000,91130676.0000,3
2025-03-14,20250314102500000,sh.601398,6.7800,6.7900,6.7700,6.7800,12039700,81645323.0000,3
2025-03-14,20250314103000000,sh.601398,6.7900,6.8000,6.7800,6.8000,26556600,180282106.0000,3
2025-03-14,20250314103500000,sh.601398,6.8000,6.8000,6.7900,6.8000,16553700,112516986.0000,3
2025-03-14,20250314104000000,sh.601398,6.8000,6.8000,6.7900,6.8000,7829000,53216392.0000,3
2025-03-14,20250314104500000,sh.601398,6.8000,6.8100,6.7900,6.8000,17308500,117687544.0000,3
2025-03-14,20250314105000000,sh.601398,6.7900,6.8000,6.7900,6.8000,3765200,25596416.0000,3
2025-03-14,20250314105500000,sh.601398,6.8000,6.8100,6.7900,6.8000,7485200,50910861.0000,3
2025-03-14,20250314110000000,sh.601398,6.8100,6.8100,6.7900,6.8000,5832200,39658483.0000,3
2025-03-14,20250314110500000,sh.601398,6.8000,6.8100,6.7900,6.7900,4992200,33946880.0000,3
2025-03-14,20250314111000000,sh.601398,6.8000,6.8000,6.7900,6.8000,2632300,17890432.0000,3
2025-03-14,20250314111500000,sh.601398,6.8000,6.8100,6.7900,6.8100,16706700,113674886.0000,3
2025-03-14,20250314112000000,sh.601398,6.8000,6.8100,6.8000,6.8100,6607900,44981378.0000,3
2025-03-14,20250314112500000,sh.601398,6.8100,6.8100,6.7900,6.7900,5929000,40318200.0000,3
2025-03-14,20250314113000000,sh.601398,6.8000,6.8000,6.7900,6.8000,4421900,30057600.0000,3
2025-03-14,20250314130500000,sh.601398,6.8000,6.8100,6.7900,6.8000,11134900,75746048.0000,3
2025-03-14,20250314131000000,sh.601398,6.8100,6.8100,6.7800,6.7800,12750300,86562566.0000,3
2025-03-14,20250314131500000,sh.601398,6.7800,6.7900,6.7600,6.7700,11010200,74573574.0000,3
2025-03-14,20250314132000000,sh.601398,6.7700,6.7800,6.7600,6.7800,3319600,22482170.0000,3
2025-03-14,20250314132500000,sh.601398,6.7800,6.7800,6.7600,6.7600,4014500,27172358.0000,3
2025-03-14,20250314133000000,sh.601398,6.7600,6.7700,6.7600,6.7600,12418200,83962364.0000,3
2025-03-14,20250314133500000,sh.601398,6.7600,6.7600,6.7500,6.7600,7392600,49933052.0000,3
2025-03-14,20250314134000000,sh.601398,6.7500,6.7600,6.7500,6.7500,4102000,27705348.0000,3
2025-03-14,20250314134500000,sh.601398,6.7600,6.7600,6.7400,6.7500,12378100,83557632.0000,3
2025-03-14,20250314135000000,sh.601398,6.7600,6.7600,6.7500,6.7500,3651900,24669176.0000,3
2025-03-14,20250314135500000,sh.601398,6.7600,6.7600,6.7500,6.7500,10377700,70092296.0000,3
2025-03-14,20250314140000000,sh.601398,6.7500,6.7600,6.7500,6.7600,5622700,37966336.0000,3
2025-03-14,20250314140500000,sh.601398,6.7600,6.7600,6.7400,6.7500,5364200,36206336.0000,3
2025-03-14,20250314141000000,sh.601398,6.7500,6.7500,6.7400,6.7400,3621600,24437504.0000,3
2025-03-14,20250314141500000,sh.601398,6.7500,6.7500,6.7400,6.7500,3850900,25974016.0000,3
2025-03-14,20250314142000000,sh.601398,6.7500,6.7500,6.7400,6.7400,4129600,27845120.0000,3
2025-03-14,20250314142500000,sh.601398,6.7400,6.7500,6.7400,6.7400,4501200,30350592.0000,3
2025-03-14,20250314143000000,sh.601398,6.7400,6.7500,6.7400,6.7500,6039300,40732672.0000,3
2025-03-14,20250314143500000,sh.601398,6.7400,6.7500,6.7400,6.7500,7102300,47903232.0000,3
2025-03-14,20250314144000000,sh.601398,6.7500,6.7500,6.7400,6.7400,11972200,80766464.0000,3
2025-03-14,20250314144500000,sh.601398,6.7500,6.7500,6.7400,6.7500,12726600,85802240.0000,3
2025-03-14,20250314145000000,sh.601398,6.7400,6.7500,6.7300,6.7400,18592000,125254912.0000,3
2025-03-14,20250314145500000,sh.601398,6.7400,6.7400,6.7300,6.7400,22007000,148184576.0000,3
2025-03-14,20250314150000000,sh.601398,6.7400,6.7500,6.7300,6.7500,16322800,110021632.0000,3
2025-03-17,20250317093500000,sh.601398,6.7500,6.7700,6.7400,6.7500,37556900,253623856.0000,3
2025-03-17,20250317094000000,sh.601398,6.7600,6.7700,6.7400,6.7500,13617200,91985424.0000,3
2025-03-17,20250317094500000,sh.601398,6.7500,6.7800,6.7500,6.7700,18275400,123619840.0000,3
2025-03-17,20250317095000000,sh.601398,6.7700,6.7900,6.7700,6.7900,19193100,130195264.0000,3
2025-03-17,20250317095500000,sh.601398,6.7900,6.8000,6.7800,6.8000,24592700,167179261.0000,3
2025-03-17,20250317100000000,sh.601398,6.8000,6.8000,6.7900,6.7900,12569100,85391484.0000,3
2025-03-17,20250317100500000,sh.601398,6.7900,6.8100,6.7900,6.8000,17437300,118569155.0000,3
2025-03-17,20250317101000000,sh.601398,6.8100,6.8100,6.7900,6.7900,8881900,60403836.0000,3
2025-03-17,20250317101500000,sh.601398,6.8000,6.8000,6.7900,6.8000,3264700,22184461.0000,3
2025-03-17,20250317102000000,sh.601398,6.7900,6.8000,6.7900,6.7900,5614900,38137851.0000,3
2025-03-17,20250317102500000,sh.601398,6.7900,6.7900,6.7800,6.7800,6340200,43022330.0000,3
2025-03-17,20250317103000000,sh.601398,6.7900,6.8000,6.7800,6.7900,9272800,62944255.0000,3
2025-03-17,20250317103500000,sh.601398,6.7900,6.8000,6.7900,6.7900,2607300,17716746.0000,3
2025-03-17,20250317104000000,sh.601398,6.7900,6.8000,6.7900,6.8000,3375500,22939396.0000,3
2025-03-17,20250317104500000,sh.601398,6.7900,6.8000,6.7900,6.8000,3205800,21790705.0000,3
2025-03-17,20250317105000000,sh.601398,6.7900,6.8100,6.7900,6.8000,16533200,112432264.0000,3
2025-03-17,20250317105500000,sh.601398,6.8000,6.8100,6.7900,6.8100,3708100,25232391.0000,3
2025-03-17,20250317110000000,sh.601398,6.8100,6.8200,6.8000,6.8200,29109000,198336761.0000,3
2025-03-17,20250317110500000,sh.601398,6.8200,6.8300,6.8100,6.8200,9011800,61491194.0000,3
2025-03-17,20250317111000000,sh.601398,6.8200,6.8200,6.8100,6.8100,2719800,18537986.0000,3
2025-03-17,20250317111500000,sh.601398,6.8100,6.8200,6.8100,6.8100,2116900,14423166.0000,3
2025-03-17,20250317112000000,sh.601398,6.8100,6.8200,6.8000,6.8100,3631200,24731913.0000,3
2025-03-17,20250317112500000,sh.601398,6.8200,6.8200,6.8100,6.8200,2370100,16157561.0000,3
2025-03-17,20250317113000000,sh.601398,6.8100,6.8200,6.8100,6.8200,4212600,28721802.0000,3
2025-03-17,20250317130500000,sh.601398,6.8100,6.8200,6.8000,6.8100,6897200,46992373.0000,3
2025-03-17,20250317131000000,sh.601398,6.8100,6.8200,6.8100,6.8200,2216600,15112839.0000,3
2025-03-17,20250317131500000,sh.601398,6.8200,6.8200,6.8100,6.8100,5500100,37494143.0000,3
2025-03-17,20250317132000000,sh.601398,6.8100,6.8200,6.8100,6.8100,3422800,23324796.0000,3
2025-03-17,20250317132500000,sh.601398,6.8100,6.8200,6.8000,6.8100,3344500,22767492.0000,3
2025-03-17,20250317133000000,sh.601398,6.8000,6.8100,6.8000,6.8100,2407100,16375415.0000,3
2025-03-17,20250317133500000,sh.601398,6.8000,6.8100,6.8000,6.8000,1550800,10557832.0000,3
2025-03-17,20250317134000000,sh.601398,6.8000,6.8100,6.8000,6.8100,2482400,16903424.0000,3
2025-03-17,20250317134500000,sh.601398,6.8100,6.8100,6.8000,6.8000,2011600,13695352.0000,3
2025-03-17,20250317135000000,sh.601398,6.8100,6.8200,6.8100,6.8100,3549500,24183820.0000,3
2025-03-17,20250317135500000,sh.601398,6.8200,6.8200,6.8100,6.8100,1710100,11654004.0000,3
2025-03-17,20250317140000000,sh.601398,6.8100,6.8200,6.8000,6.8200,3336200,22725130.0000,3
2025-03-17,20250317140500000,sh.601398,6.8100,6.8200,6.8100,6.8200,10066200,68641413.0000,3
2025-03-17,20250317141000000,sh.601398,6.8200,6.8200,6.8100,6.8100,5172600,35235444.0000,3
2025-03-17,20250317141500000,sh.601398,6.8100,6.8200,6.8000,6.8100,1661500,11312901.0000,3
2025-03-17,20250317142000000,sh.601398,6.8100,6.8100,6.8000,6.8100,2077300,14140292.0000,3
2025-03-17,20250317142500000,sh.601398,6.8100,6.8100,6.8000,6.8100,2143700,14594818.0000,3
2025-03-17,20250317143000000,sh.601398,6.8000,6.8100,6.8000,6.8000,2446000,16646898.0000,3
2025-03-17,20250317143500000,sh.601398,6.8100,6.8100,6.8000,6.8000,7016900,47734536.0000,3
2025-03-17,20250317144000000,sh.601398,6.8000,6.8100,6.8000,6.8100,2381700,16214020.0000,3
2025-03-17,20250317144500000,sh.601398,6.8100,6.8100,6.8000,6.8100,5447700,37073913.0000,3
2025-03-17,20250317145000000,sh.601398,6.8000,6.8100,6.8000,6.8100,3754100,25553406.0000,3
2025-03-17,20250317145500000,sh.601398,6.8000,6.8100,6.8000,6.8100,9901600,67415551.0000,3
2025-03-17,20250317150000000,sh.601398,6.8000,6.8200,6.8000,6.8100,9134900,62209790.0000,3
2025-03-18,20250318093500000,sh.601398,6.8300,6.8300,6.7900,6.8000,26003300,177032912.0000,3
2025-03-18,20250318094000000,sh.601398,6.8000,6.8200,6.7900,6.7900,13086700,89079296.0000,3
2025-03-18,20250318094500000,sh.601398,6.7900,6.8000,6.7800,6.7900,13431200,91189360.0000,3
2025-03-18,20250318095000000,sh.601398,6.7900,6.8000,6.7900,6.7900,6617600,44960096.0000,3
2025-03-18,20250318095500000,sh.601398,6.7900,6.8000,6.7800,6.7800,12541100,85062272.0000,3
2025-03-18,20250318100000000,sh.601398,6.7800,6.7900,6.7700,6.7800,13255800,89831130.0000,3
2025-03-18,20250318100500000,sh.601398,6.7800,6.7900,6.7700,6.7900,13105900,88792714.0000,3
2025-03-18,20250318101000000,sh.601398,6.7900,6.8000,6.7800,6.7800,5809100,39434620.0000,3
2025-03-18,20250318101500000,sh.601398,6.7900,6.8100,6.7800,6.8100,8568500,58219003.0000,3
2025-03-18,20250318102000000,sh.601398,6.8100,6.8100,6.7900,6.8100,3345300,22752005.0000,3
2025-03-18,20250318102500000,sh.601398,6.8100,6.8200,6.8000,6.8200,5227200,35591040.0000,3
2025-03-18,20250318103000000,sh.601398,6.8100,6.8200,6.8000,6.8100,9242700,62940994.0000,3
2025-03-18,20250318103500000,sh.601398,6.8100,6.8300,6.8000,6.8200,9293400,63359038.0000,3
2025-03-18,20250318104000000,sh.601398,6.8200,6.8200,6.8100,6.8200,1553700,10592832.0000,3
2025-03-18,20250318104500000,sh.601398,6.8200,6.8200,6.8100,6.8200,3661600,24957372.0000,3
2025-03-18,20250318105000000,sh.601398,6.8200,6.8300,6.8100,6.8200,4001100,27288576.0000,3
2025-03-18,20250318105500000,sh.601398,6.8200,6.8200,6.8100,6.8200,1459500,9945988.0000,3
2025-03-18,20250318110000000,sh.601398,6.8200,6.8300,6.8100,6.8100,6698600,45682690.0000,3
2025-03-18,20250318110500000,sh.601398,6.8100,6.8200,6.8100,6.8100,2107900,14369782.0000,3
2025-03-18,20250318111000000,sh.601398,6.8100,6.8200,6.8100,6.8200,3038200,20709381.0000,3
2025-03-18,20250318111500000,sh.601398,6.8200,6.8200,6.8100,6.8200,957600,6527487.0000,3
2025-03-18,20250318112000000,sh.601398,6.8200,6.8200,6.8100,6.8200,1390600,9476614.0000,3
2025-03-18,20250318112500000,sh.601398,6.8100,6.8200,6.8000,6.8100,3427100,23338102.0000,3
2025-03-18,20250318113000000,sh.601398,6.8000,6.8100,6.8000,6.8100,1116600,7599751.0000,3
2025-03-18,20250318130500000,sh.601398,6.8100,6.8100,6.8000,6.8100,3321700,22601092.0000,3
2025-03-18,20250318131000000,sh.601398,6.8100,6.8100,6.8000,6.8100,1087100,7397247.0000,3
2025-03-18,20250318131500000,sh.601398,6.8100,6.8100,6.8000,6.8000,1647000,11207300.0000,3
2025-03-18,20250318132000000,sh.601398,6.8100,6.8100,6.8000,6.8000,2417700,16447354.0000,3
2025-03-18,20250318132500000,sh.601398,6.8000,6.8100,6.8000,6.8000,3517400,23930118.0000,3
2025-03-18,20250318133000000,sh.601398,6.8000,6.8100,6.8000,6.8100,2359100,16050170.0000,3
2025-03-18,20250318133500000,sh.601398,6.8100,6.8100,6.8000,6.8000,5313100,36130808.0000,3
2025-03-18,20250318134000000,sh.601398,6.8000,6.8100,6.8000,6.8100,1867700,12704512.0000,3
2025-03-18,20250318134500000,sh.601398,6.8100,6.8100,6.7900,6.8000,3176800,21591040.0000,3
2025-03-18,20250318135000000,sh.601398,6.8000,6.8100,6.7900,6.8000,2535200,17240456.0000,3
2025-03-18,20250318135500000,sh.601398,6.8000,6.8100,6.7900,6.8100,2889900,19652600.0000,3
2025-03-18,20250318140000000,sh.601398,6.8000,6.8100,6.8000,6.8100,1187800,8081921.0000,3
2025-03-18,20250318140500000,sh.601398,6.8100,6.8100,6.8000,6.8100,1502700,10224393.0000,3
2025-03-18,20250318141000000,sh.601398,6.8100,6.8100,6.8000,6.8000,1093100,7437948.0000,3
2025-03-18,20250318141500000,sh.601398,6.8000,6.8100,6.8000,6.8000,1340700,9122306.0000,3
2025-03-18,20250318142000000,sh.601398,6.8100,6.8100,6.8000,6.8100,1750700,11911168.0000,3
2025-03-18,20250318142500000,sh.601398,6.8100,6.8100,6.8000,6.8000,3110100,21173240.0000,3
2025-03-18,20250318143000000,sh.601398,6.8100,6.8100,6.8000,6.8100,1346100,9159947.0000,3
2025-03-18,20250318143500000,sh.601398,6.8100,6.8100,6.8000,6.8100,1920900,13071741.0000,3
2025-03-18,20250318144000000,sh.601398,6.8000,6.8100,6.8000,6.8000,2146800,14607353.0000,3
2025-03-18,20250318144500000,sh.601398,6.8000,6.8100,6.8000,6.8100,3720300,25309058.0000,3
2025-03-18,20250318145000000,sh.601398,6.8000,6.8100,6.8000,6.8100,4299400,29264386.0000,3
2025-03-18,20250318145500000,sh.601398,6.8100,6.8100,6.8000,6.8000,7021800,47787771.0000,3
2025-03-18,20250318150000000,sh.601398,6.8000,6.8100,6.8000,6.8000,7810700,53135630.0000,3
2025-03-19,20250319093500000,sh.601398,6.8100,6.8300,6.8100,6.8300,31142600,212496160.0000,3
2025-03-19,20250319094000000,sh.601398,6.8300,6.8300,6.8200,6.8200,6384100,43590528.0000,3
2025-03-19,20250319094500000,sh.601398,6.8300,6.8400,6.8200,6.8300,11208100,76567808.0000,3
2025-03-19,20250319095000000,sh.601398,6.8400,6.8600,6.8300,6.8500,30286900,207320800.0000,3
2025-03-19,20250319095500000,sh.601398,6.8400,6.8500,6.8300,6.8400,7011500,47974012.0000,3
2025-03-19,20250319100000000,sh.601398,6.8500,6.8500,6.8400,6.8400,3601600,24660544.0000,3
2025-03-19,20250319100500000,sh.601398,6.8500,6.8500,6.8400,6.8500,2213300,15149512.0000,3
2025-03-19,20250319101000000,sh.601398,6.8400,6.8500,6.8300,6.8300,6285900,42987132.0000,3
2025-03-19,20250319101500000,sh.601398,6.8400,6.8400,6.8300,6.8300,2700600,18456312.0000,3
2025-03-19,20250319102000000,sh.601398,6.8400,6.8400,6.8300,6.8400,2400200,16402636.0000,3
2025-03-19,20250319102500000,sh.601398,6.8400,6.8400,6.8300,6.8300,2894100,19775680.0000,3
2025-03-19,20250319103000000,sh.601398,6.8400,6.8400,6.8300,6.8400,3809500,26050808.0000,3
2025-03-19,20250319103500000,sh.601398,6.8400,6.8500,6.8300,6.8500,5858000,40074812.0000,3
2025-03-19,20250319104000000,sh.601398,6.8500,6.8500,6.8400,6.8500,1230400,8421828.0000,3
2025-03-19,20250319104500000,sh.601398,6.8400,6.8500,6.8300,6.8500,7304900,49965116.0000,3
2025-03-19,20250319105000000,sh.601398,6.8500,6.8500,6.8400,6.8500,2815600,19275712.0000,3
2025-03-19,20250319105500000,sh.601398,6.8500,6.8500,6.8400,6.8500,1318900,9025988.0000,3
2025-03-19,20250319110000000,sh.601398,6.8400,6.8500,6.8400,6.8400,4364800,29868988.0000,3
2025-03-19,20250319110500000,sh.601398,6.8500,6.8500,6.8300,6.8500,1843300,12612168.0000,3
2025-03-19,20250319111000000,sh.601398,6.8500,6.8500,6.8400,6.8400,1579600,10814136.0000,3
2025-03-19,20250319111500000,sh.601398,6.8500,6.8500,6.8400,6.8500,5153200,35296332.0000,3
2025-03-19,20250319112000000,sh.601398,6.8500,6.8600,6.8400,6.8500,10936500,74917187.0000,3
2025-03-19,20250319112500000,sh.601398,6.8500,6.8600,6.8500,6.8500,4446500,30483199.0000,3
2025-03-19,20250319113000000,sh.601398,6.8600,6.8600,6.8500,6.8500,2786700,19106676.0000,3
2025-03-19,20250319130500000,sh.601398,6.8600,6.8600,6.8500,6.8600,6816800,46718720.0000,3
2025-03-19,20250319131000000,sh.601398,6.8500,6.8700,6.8500,6.8700,20063200,137669128.0000,3
2025-03-19,20250319131500000,sh.601398,6.8700,6.8800,6.8600,6.8700,12121100,83289598.0000,3
2025-03-19,20250319132000000,sh.601398,6.8700,6.8800,6.8700,6.8800,5319400,36584704.0000,3
2025-03-19,20250319132500000,sh.601398,6.8800,6.8800,6.8600,6.8600,6671000,45840386.0000,3
2025-03-19,20250319133000000,sh.601398,6.8700,6.8700,6.8600,6.8700,2603600,17871360.0000,3
2025-03-19,20250319133500000,sh.601398,6.8600,6.8700,6.8500,6.8600,4746800,32567418.0000,3
2025-03-19,20250319134000000,sh.601398,6.8500,6.8600,6.8500,6.8500,1863800,12772230.0000,3
2025-03-19,20250319134500000,sh.601398,6.8500,6.8600,6.8500,6.8600,2621900,17980032.0000,3
2025-03-19,20250319135000000,sh.601398,6.8500,6.8700,6.8500,6.8700,5207100,35716228.0000,3
2025-03-19,20250319135500000,sh.601398,6.8700,6.8700,6.8600,6.8700,2474400,16985342.0000,3
2025-03-19,20250319140000000,sh.601398,6.8600,6.8700,6.8600,6.8700,1890100,12973570.0000,3
2025-03-19,20250319140500000,sh.601398,6.8700,6.8700,6.8600,6.8600,2021400,13876856.0000,3
2025-03-19,20250319141000000,sh.601398,6.8600,6.8700,6.8600,6.8700,4974200,34160646.0000,3
2025-03-19,20250319141500000,sh.601398,6.8700,6.8700,6.8600,6.8700,2518900,17290874.0000,3
2025-03-19,20250319142000000,sh.601398,6.8700,6.8700,6.8500,6.8600,7134100,48942212.0000,3
2025-03-19,20250319142500000,sh.601398,6.8600,6.8700,6.8600,6.8700,2186600,15009662.0000,3
2025-03-19,20250319143000000,sh.601398,6.8700,6.8700,6.8600,6.8600,4040800,27742598.0000,3
2025-03-19,20250319143500000,sh.601398,6.8600,6.8700,6.8600,6.8700,11619400,79779573.0000,3
2025-03-19,20250319144000000,sh.601398,6.8700,6.8700,6.8600,6.8700,3763300,25842689.0000,3
2025-03-19,20250319144500000,sh.601398,6.8700,6.8700,6.8600,6.8700,9980700,68523016.0000,3
2025-03-19,20250319145000000,sh.601398,6.8700,6.8700,6.8600,6.8700,7733200,53112951.0000,3
2025-03-19,20250319145500000,sh.601398,6.8700,6.8700,6.8600,6.8600,5819100,39958529.0000,3
2025-03-19,20250319150000000,sh.601398,6.8700,6.8700,6.8600,6.8700,9693900,66582918.0000,3
2025-03-20,20250320093500000,sh.601398,6.8700,6.9100,6.8700,6.9000,34125000,234994544.0000,3
2025-03-20,20250320094000000,sh.601398,6.9000,6.9200,6.8700,6.8700,22846600,157484848.0000,3
2025-03-20,20250320094500000,sh.601398,6.8700,6.8800,6.8400,6.8500,16640400,114084288.0000,3
2025-03-20,20250320095000000,sh.601398,6.8500,6.8500,6.8400,6.8500,7201700,49271264.0000,3
2025-03-20,20250320095500000,sh.601398,6.8500,6.8500,6.8300,6.8300,19825200,135580101.0000,3
2025-03-20,20250320100000000,sh.601398,6.8300,6.8400,6.8300,6.8400,13414400,91632379.0000,3
2025-03-20,20250320100500000,sh.601398,6.8300,6.8500,6.8200,6.8400,8613800,58885056.0000,3
2025-03-20,20250320101000000,sh.601398,6.8500,6.8500,6.8400,6.8400,2093600,14324547.0000,3
2025-03-20,20250320101500000,sh.601398,6.8400,6.8600,6.8300,6.8300,9382900,64257921.0000,3
2025-03-20,20250320102000000,sh.601398,6.8400,6.8400,6.8300,6.8400,2952300,20169780.0000,3
2025-03-20,20250320102500000,sh.601398,6.8400,6.8400,6.8300,6.8400,1730800,11827904.0000,3
2025-03-20,20250320103000000,sh.601398,6.8400,6.8400,6.8300,6.8300,9289400,63452810.0000,3
2025-03-20,20250320103500000,sh.601398,6.8200,6.8300,6.8200,6.8200,3734600,25489276.0000,3
2025-03-20,20250320104000000,sh.601398,6.8300,6.8500,6.8200,6.8300,11732900,80195066.0000,3
2025-03-20,20250320104500000,sh.601398,6.8400,6.8400,6.8200,6.8200,5988000,40900109.0000,3
2025-03-20,20250320105000000,sh.601398,6.8300,6.8300,6.8100,6.8200,19936700,135958006.0000,3
2025-03-20,20250320105500000,sh.601398,6.8200,6.8300,6.8200,6.8200,3753700,25604747.0000,3
2025-03-20,20250320110000000,sh.601398,6.8300,6.8300,6.8100,6.8200,5695000,38842236.0000,3
2025-03-20,20250320110500000,sh.601398,6.8100,6.8300,6.8100,6.8200,2700200,18414198.0000,3
2025-03-20,20250320111000000,sh.601398,6.8200,6.8300,6.8200,6.8300,1017000,6943499.0000,3
2025-03-20,20250320111500000,sh.601398,6.8200,6.8400,6.8200,6.8300,5122900,34991605.0000,3
2025-03-20,20250320112000000,sh.601398,6.8300,6.8400,6.8200,6.8300,1893300,12933378.0000,3
2025-03-20,20250320112500000,sh.601398,6.8300,6.8300,6.8200,6.8300,1344000,9174022.0000,3
2025-03-20,20250320113000000,sh.601398,6.8200,6.8300,6.8200,6.8200,1783800,12171911.0000,3
2025-03-20,20250320130500000,sh.601398,6.8200,6.8300,6.8200,6.8300,2995100,20445687.0000,3
2025-03-20,20250320131000000,sh.601398,6.8300,6.8400,6.8200,6.8300,3347100,22860165.0000,3
2025-03-20,20250320131500000,sh.601398,6.8300,6.8400,6.8300,6.8400,1238700,8467831.0000,3
2025-03-20,20250320132000000,sh.601398,6.8400,6.8400,6.8300,6.8400,1635200,11178374.0000,3
2025-03-20,20250320132500000,sh.601398,6.8400,6.8400,6.8300,6.8400,2206500,15088772.0000,3
2025-03-20,20250320133000000,sh.601398,6.8400,6.8400,6.8300,6.8400,2094500,14315892.0000,3
2025-03-20,20250320133500000,sh.601398,6.8400,6.8400,6.8300,6.8400,1131200,7732748.0000,3
2025-03-20,20250320134000000,sh.601398,6.8400,6.8400,6.8300,6.8400,2866300,19601528.0000,3
2025-03-20,20250320134500000,sh.601398,6.8400,6.8400,6.8300,6.8400,4749500,32477184.0000,3
2025-03-20,20250320135000000,sh.601398,6.8400,6.8400,6.8300,6.8400,2072500,14164736.0000,3
2025-03-20,20250320135500000,sh.601398,6.8300,6.8400,6.8300,6.8300,2654700,18146568.0000,3
2025-03-20,20250320140000000,sh.601398,6.8400,6.8400,6.8300,6.8400,4196200,28683773.0000,3
2025-03-20,20250320140500000,sh.601398,6.8400,6.8400,6.8300,6.8300,7688100,52530816.0000,3
2025-03-20,20250320141000000,sh.601398,6.8400,6.8400,6.8300,6.8300,2115800,14465535.0000,3
2025-03-20,20250320141500000,sh.601398,6.8300,6.8400,6.8300,6.8400,1556200,10636793.0000,3
2025-03-20,20250320142000000,sh.601398,6.8400,6.8400,6.8300,6.8400,6888400,47073537.0000,3
2025-03-20,20250320142500000,sh.601398,6.8400,6.8400,6.8300,6.8300,2467900,16869634.0000,3
2025-03-20,20250320143000000,sh.601398,6.8400,6.8400,6.8200,6.8200,3630400,24799496.0000,3
2025-03-20,20250320143500000,sh.601398,6.8300,6.8300,6.8200,6.8300,2438200,16643458.0000,3
2025-03-20,20250320144000000,sh.601398,6.8200,6.8300,6.8200,6.8200,2271800,15509108.0000,3
2025-03-20,20250320144500000,sh.601398,6.8200,6.8300,6.8200,6.8200,3397800,23191179.0000,3
2025-03-20,20250320145000000,sh.601398,6.8200,6.8300,6.8200,6.8300,8238100,56248056.0000,3
2025-03-20,20250320145500000,sh.601398,6.8300,6.8300,6.8200,6.8300,6901500,47110919.0000,3
2025-03-20,20250320150000000,sh.601398,6.8200,6.8400,6.8200,6.8400,9245300,63159928.0000,3
2025-03-21,20250321093500000,sh.601398,6.8200,6.8500,6.8200,6.8400,14522100,99245696.0000,3
2025-03-21,20250321094000000,sh.601398,6.8300,6.8400,6.8200,6.8200,8528200,58253712.0000,3
2025-03-21,20250321094500000,sh.601398,6.8200,6.8400,6.8200,6.8200,5126900,35008992.0000,3
2025-03-21,20250321095000000,sh.601398,6.8200,6.8300,6.8100,6.8200,7170100,48909840.0000,3
2025-03-21,20250321095500000,sh.601398,6.8200,6.8300,6.8100,6.8300,4680700,31915520.0000,3
2025-03-21,20250321100000000,sh.601398,6.8200,6.8300,6.8200,6.8300,2143900,14636576.0000,3
2025-03-21,20250321100500000,sh.601398,6.8200,6.8300,6.8200,6.8300,2494800,17028928.0000,3
2025-03-21,20250321101000000,sh.601398,6.8200,6.8300,6.8200,6.8200,1252000,8544288.0000,3
2025-03-21,20250321101500000,sh.601398,6.8200,6.8300,6.8100,6.8100,6578600,44864096.0000,3
2025-03-21,20250321102000000,sh.601398,6.8100,6.8200,6.8100,6.8100,1273100,8673184.0000,3
2025-03-21,20250321102500000,sh.601398,6.8100,6.8200,6.8100,6.8200,3310100,22564192.0000,3
2025-03-21,20250321103000000,sh.601398,6.8100,6.8300,6.8100,6.8200,3359600,22916128.0000,3
2025-03-21,20250321103500000,sh.601398,6.8200,6.8300,6.8100,6.8200,7909000,53912896.0000,3
2025-03-21,20250321104000000,sh.601398,6.8100,6.8200,6.8100,6.8100,2945100,20069696.0000,3
2025-03-21,20250321104500000,sh.601398,6.8100,6.8200,6.8100,6.8100,3623400,24682432.0000,3
2025-03-21,20250321105000000,sh.601398,6.8100,6.8200,6.8100,6.8200,3122200,21274976.0000,3
2025-03-21,20250321105500000,sh.601398,6.8100,6.8200,6.8000,6.8000,4933100,33595232.0000,3
2025-03-21,20250321110000000,sh.601398,6.8000,6.8100,6.8000,6.8100,3128500,21281984.0000,3
2025-03-21,20250321110500000,sh.601398,6.8000,6.8000,6.7800,6.7800,25326900,172078918.0000,3
2025-03-21,20250321111000000,sh.601398,6.7800,6.8000,6.7800,6.8000,5554900,37716089.0000,3
2025-03-21,20250321111500000,sh.601398,6.7900,6.8000,6.7900,6.7900,3889600,26413384.0000,3
2025-03-21,20250321112000000,sh.601398,6.7900,6.8000,6.7800,6.7900,9016100,61219377.0000,3
2025-03-21,20250321112500000,sh.601398,6.7900,6.7900,6.7800,6.7800,10644100,72185354.0000,3
2025-03-21,20250321113000000,sh.601398,6.7900,6.7900,6.7700,6.7700,10369600,70272182.0000,3
2025-03-21,20250321130500000,sh.601398,6.7700,6.7800,6.7700,6.7800,6927600,46951498.0000,3
2025-03-21,20250321131000000,sh.601398,6.7800,6.7900,6.7700,6.7800,3403900,23076224.0000,3
2025-03-21,20250321131500000,sh.601398,6.7800,6.7900,6.7700,6.7800,6435700,43626365.0000,3
2025-03-21,20250321132000000,sh.601398,6.7800,6.7800,6.7700,6.7800,2624700,17789576.0000,3
2025-03-21,20250321132500000,sh.601398,6.7800,6.7800,6.7700,6.7700,3579600,24260345.0000,3
2025-03-21,20250321133000000,sh.601398,6.7800,6.7800,6.7700,6.7800,5392700,36525702.0000,3
2025-03-21,20250321133500000,sh.601398,6.7800,6.7800,6.7700,6.7700,2262400,15329792.0000,3
2025-03-21,20250321134000000,sh.601398,6.7700,6.7800,6.7700,6.7700,7051100,47749365.0000,3
2025-03-21,20250321134500000,sh.601398,6.7800,6.7800,6.7700,6.7700,1820500,12333829.0000,3
2025-03-21,20250321135000000,sh.601398,6.7700,6.7800,6.7600,6.7700,10769500,72899964.0000,3
2025-03-21,20250321135500000,sh.601398,6.7600,6.7700,6.7600,6.7700,3144800,21272328.0000,3
2025-03-21,20250321140000000,sh.601398,6.7600,6.7700,6.7600,6.7700,4919200,33266296.0000,3
2025-03-21,20250321140500000,sh.601398,6.7700,6.7700,6.7500,6.7600,12989500,87801220.0000,3
2025-03-21,20250321141000000,sh.601398,6.7600,6.7700,6.7500,6.7600,7094300,47970943.0000,3
2025-03-21,20250321141500000,sh.601398,6.7600,6.7800,6.7600,6.7700,8037800,54419847.0000,3
2025-03-21,20250321142000000,sh.601398,6.7800,6.7800,6.7700,6.7800,6142700,41600121.0000,3
2025-03-21,20250321142500000,sh.601398,6.7800,6.7900,6.7700,6.7800,7707300,52274810.0000,3
2025-03-21,20250321143000000,sh.601398,6.7800,6.7900,6.7800,6.7900,4673700,31697663.0000,3
2025-03-21,20250321143500000,sh.601398,6.7800,6.8000,6.7800,6.7900,8233000,55896070.0000,3
2025-03-21,20250321144000000,sh.601398,6.7800,6.7900,6.7800,6.7800,3706300,25150212.0000,3
2025-03-21,20250321144500000,sh.601398,6.7800,6.7900,6.7800,6.7900,3023800,20514942.0000,3
2025-03-21,20250321145000000,sh.601398,6.7800,6.7900,6.7800,6.7800,9999200,67819012.0000,3
2025-03-21,20250321145500000,sh.601398,6.7800,6.7900,6.7700,6.7800,5676700,38483196.0000,3
2025-03-21,20250321150000000,sh.601398,6.7700,6.7800,6.7600,6.7600,22280500,150661504.0000,3
2025-03-24,20250324093500000,sh.601398,6.7600,6.8000,6.7600,6.7900,22205000,150636128.0000,3
2025-03-24,20250324094000000,sh.601398,6.7900,6.8100,6.7700,6.7900,16604500,112726160.0000,3
2025-03-24,20250324094500000,sh.601398,6.7800,6.7900,6.7700,6.7800,5781100,39188688.0000,3
2025-03-24,20250324095000000,sh.601398,6.7700,6.7800,6.7700,6.7700,6137500,41591840.0000,3
2025-03-24,20250324095500000,sh.601398,6.7800,6.7800,6.7700,6.7800,8237200,55809856.0000,3
2025-03-24,20250324100000000,sh.601398,6.7700,6.7800,6.7600,6.7700,3704500,25061664.0000,3
2025-03-24,20250324100500000,sh.601398,6.7600,6.7800,6.7600,6.7800,4432800,30029536.0000,3
2025-03-24,20250324101000000,sh.601398,6.7800,6.7900,6.7700,6.7900,3498600,23726976.0000,3
2025-03-24,20250324101500000,sh.601398,6.7800,6.7900,6.7800,6.7900,3034700,20599264.0000,3
2025-03-24,20250324102000000,sh.601398,6.7800,6.7900,6.7800,6.7900,2100000,14255008.0000,3
2025-03-24,20250324102500000,sh.601398,6.7800,6.7900,6.7800,6.7800,1712900,11625568.0000,3
2025-03-24,20250324103000000,sh.601398,6.7800,6.7900,6.7800,6.7800,3594900,24405060.0000,3
2025-03-24,20250324103500000,sh.601398,6.7800,6.8000,6.7800,6.7800,4198000,28508980.0000,3
2025-03-24,20250324104000000,sh.601398,6.7900,6.7900,6.7700,6.7800,7302900,49507264.0000,3
2025-03-24,20250324104500000,sh.601398,6.7800,6.7900,6.7700,6.7900,988800,6705612.0000,3
2025-03-24,20250324105000000,sh.601398,6.7900,6.7900,6.7800,6.7800,1324400,8986431.0000,3
2025-03-24,20250324105500000,sh.601398,6.7900,6.7900,6.7800,6.7800,1666800,11312321.0000,3
2025-03-24,20250324110000000,sh.601398,6.7900,6.7900,6.7800,6.7900,3468900,23546678.0000,3
2025-03-24,20250324110500000,sh.601398,6.7900,6.8000,6.7800,6.8000,2870300,19492550.0000,3
2025-03-24,20250324111000000,sh.601398,6.8000,6.8000,6.7900,6.8000,1846100,12545796.0000,3
2025-03-24,20250324111500000,sh.601398,6.8000,6.8000,6.7900,6.8000,4538500,30853372.0000,3
2025-03-24,20250324112000000,sh.601398,6.7900,6.8000,6.7900,6.8000,3723700,25313280.0000,3
2025-03-24,20250324112500000,sh.601398,6.8000,6.8100,6.7900,6.8000,9173600,62382080.0000,3
2025-03-24,20250324113000000,sh.601398,6.8000,6.8000,6.7900,6.8000,1945300,13217729.0000,3
2025-03-24,20250324130500000,sh.601398,6.7900,6.8200,6.7900,6.8100,22516900,153347704.0000,3
2025-03-24,20250324131000000,sh.601398,6.8100,6.8300,6.8100,6.8200,18828000,128457288.0000,3
2025-03-24,20250324131500000,sh.601398,6.8200,6.8200,6.8100,6.8200,3673500,25044859.0000,3
2025-03-24,20250324132000000,sh.601398,6.8200,6.8200,6.8100,6.8200,5262900,35889282.0000,3
2025-03-24,20250324132500000,sh.601398,6.8200,6.8200,6.8100,6.8100,3591600,24471420.0000,3
2025-03-24,20250324133000000,sh.601398,6.8200,6.8200,6.8100,6.8200,2475400,16863752.0000,3
2025-03-24,20250324133500000,sh.601398,6.8200,6.8200,6.8100,6.8100,2894600,19729278.0000,3
2025-03-24,20250324134000000,sh.601398,6.8200,6.8300,6.8100,6.8200,14020800,95672708.0000,3
2025-03-24,20250324134500000,sh.601398,6.8300,6.8400,6.8200,6.8400,12229800,83542647.0000,3
2025-03-24,20250324135000000,sh.601398,6.8300,6.8400,6.8200,6.8200,8401200,57389190.0000,3
2025-03-24,20250324135500000,sh.601398,6.8200,6.8400,6.8200,6.8400,6171500,42156033.0000,3
2025-03-24,20250324140000000,sh.601398,6.8400,6.8400,6.8300,6.8400,11746500,80336246.0000,3
2025-03-24,20250324140500000,sh.601398,6.8400,6.8500,6.8300,6.8500,7743900,52998664.0000,3
2025-03-24,20250324141000000,sh.601398,6.8500,6.8500,6.8300,6.8400,6470300,44262530.0000,3
2025-03-24,20250324141500000,sh.601398,6.8400,6.8400,6.8300,6.8300,4281500,29277054.0000,3
2025-03-24,20250324142000000,sh.601398,6.8300,6.8400,6.8300,6.8400,3168600,21659776.0000,3
2025-03-24,20250324142500000,sh.601398,6.8300,6.8400,6.8300,6.8400,3715700,25401350.0000,3
2025-03-24,20250324143000000,sh.601398,6.8400,6.8400,6.8300,6.8400,3351100,22912378.0000,3
2025-03-24,20250324143500000,sh.601398,6.8300,6.8400,6.8300,6.8400,3864900,26420864.0000,3
2025-03-24,20250324144000000,sh.601398,6.8400,6.8400,6.8300,6.8300,3753600,25661952.0000,3
2025-03-24,20250324144500000,sh.601398,6.8300,6.8400,6.8300,6.8300,5024500,34353408.0000,3
2025-03-24,20250324145000000,sh.601398,6.8300,6.8400,6.8300,6.8300,6217500,42508284.0000,3
2025-03-24,20250324145500000,sh.601398,6.8400,6.8400,6.8300,6.8300,11956900,81722628.0000,3
2025-03-24,20250324150000000,sh.601398,6.8300,6.8400,6.8200,6.8200,10588000,72285696.0000,3
2025-03-25,20250325093500000,sh.601398,6.8300,6.8600,6.8200,6.8500,35642300,244020304.0000,3
2025-03-25,20250325094000000,sh.601398,6.8500,6.8500,6.8200,6.8400,17334500,118462480.0000,3
2025-03-25,20250325094500000,sh.601398,6.8300,6.8500,6.8300,6.8400,6812700,46591872.0000,3
2025-03-25,20250325095000000,sh.601398,6.8400,6.8500,6.8300,6.8400,6602400,45147904.0000,3
2025-03-25,20250325095500000,sh.601398,6.8300,6.8400,6.8200,6.8400,4772000,32601984.0000,3
2025-03-25,20250325100000000,sh.601398,6.8400,6.8500,6.8300,6.8400,4679700,32033728.0000,3
2025-03-25,20250325100500000,sh.601398,6.8400,6.8500,6.8300,6.8400,3448200,23599392.0000,3
2025-03-25,20250325101000000,sh.601398,6.8500,6.8500,6.8400,6.8500,5810100,39790265.0000,3
2025-03-25,20250325101500000,sh.601398,6.8400,6.8600,6.8400,6.8600,8460800,57980423.0000,3
2025-03-25,20250325102000000,sh.601398,6.8600,6.8600,6.8500,6.8500,4402100,30180668.0000,3
2025-03-25,20250325102500000,sh.601398,6.8500,6.8600,6.8500,6.8600,3177700,21773824.0000,3
2025-03-25,20250325103000000,sh.601398,6.8600,6.8600,6.8500,6.8600,3266100,22396934.0000,3
2025-03-25,20250325103500000,sh.601398,6.8600,6.8600,6.8500,6.8500,1963600,13465404.0000,3
2025-03-25,20250325104000000,sh.601398,6.8600,6.8600,6.8500,6.8600,2905600,19923912.0000,3
2025-03-25,20250325104500000,sh.601398,6.8600,6.8600,6.8500,6.8500,4552900,31227894.0000,3
2025-03-25,20250325105000000,sh.601398,6.8600,6.8600,6.8500,6.8600,2855800,19584318.0000,3
2025-03-25,20250325105500000,sh.601398,6.8600,6.8600,6.8500,6.8600,4522500,30990082.0000,3
2025-03-25,20250325110000000,sh.601398,6.8500,6.8600,6.8500,6.8600,1999200,13708028.0000,3
2025-03-25,20250325110500000,sh.601398,6.8500,6.8600,6.8500,6.8600,1332100,9131782.0000,3
2025-03-25,20250325111000000,sh.601398,6.8600,6.8600,6.8500,6.8500,2077400,14242178.0000,3
2025-03-25,20250325111500000,sh.601398,6.8600,6.8600,6.8500,6.8500,1385100,9499012.0000,3
2025-03-25,20250325112000000,sh.601398,6.8600,6.8600,6.8500,6.8500,3011700,20654716.0000,3
2025-03-25,20250325112500000,sh.601398,6.8600,6.8600,6.8500,6.8600,2234900,15315717.0000,3
2025-03-25,20250325113000000,sh.601398,6.8500,6.8600,6.8500,6.8500,1080000,7403963.0000,3
2025-03-25,20250325130500000,sh.601398,6.8500,6.8600,6.8500,6.8500,5047700,34592451.0000,3
2025-03-25,20250325131000000,sh.601398,6.8500,6.8500,6.8400,6.8500,3128100,21424257.0000,3
2025-03-25,20250325131500000,sh.601398,6.8500,6.8500,6.8400,6.8500,2760600,18904826.0000,3
2025-03-25,20250325132000000,sh.601398,6.8500,6.8500,6.8400,6.8500,2504400,17150468.0000,3
2025-03-25,20250325132500000,sh.601398,6.8500,6.8600,6.8400,6.8500,2985800,20449922.0000,3
2025-03-25,20250325133000000,sh.601398,6.8500,6.8600,6.8400,6.8500,3091400,21182018.0000,3
2025-03-25,20250325133500000,sh.601398,6.8600,6.8600,6.8400,6.8500,5330200,36508340.0000,3
2025-03-25,20250325134000000,sh.601398,6.8500,6.8500,6.8300,6.8400,4061700,27785225.0000,3
2025-03-25,20250325134500000,sh.601398,6.8400,6.8400,6.8300,6.8400,2110700,14428789.0000,3
2025-03-25,20250325135000000,sh.601398,6.8400,6.8500,6.8300,6.8500,2500300,17106063.0000,3
2025-03-25,20250325135500000,sh.601398,6.8500,6.8500,6.8400,6.8400,2175900,14902001.0000,3
2025-03-25,20250325140000000,sh.601398,6.8400,6.8500,6.8400,6.8500,1611900,11035394.0000,3
2025-03-25,20250325140500000,sh.601398,6.8500,6.8500,6.8400,6.8500,1821100,12470667.0000,3
2025-03-25,20250325141000000,sh.601398,6.8500,6.8500,6.8400,6.8400,5940900,40668927.0000,3
2025-03-25,20250325141500000,sh.601398,6.8500,6.8600,6.8400,6.8500,4468000,30612480.0000,3
2025-03-25,20250325142000000,sh.601398,6.8500,6.8600,6.8500,6.8500,1545900,10599426.0000,3
2025-03-25,20250325142500000,sh.601398,6.8500,6.8600,6.8400,6.8400,4951700,33917046.0000,3
2025-03-25,20250325143000000,sh.601398,6.8500,6.8500,6.8400,6.8500,3201100,21917061.0000,3
2025-03-25,20250325143500000,sh.601398,6.8400,6.8600,6.8400,6.8500,4650700,31864055.0000,3
2025-03-25,20250325144000000,sh.601398,6.8600,6.8600,6.8500,6.8500,2053900,14079887.0000,3
2025-03-25,20250325144500000,sh.601398,6.8600,6.8600,6.8500,6.8600,8840800,60587253.0000,3
2025-03-25,20250325145000000,sh.601398,6.8600,6.8600,6.8500,6.8500,3551900,24354049.0000,3
2025-03-25,20250325145500000,sh.601398,6.8600,6.8600,6.8500,6.8500,7718100,52899335.0000,3
2025-03-25,20250325150000000,sh.601398,6.8500,6.8600,6.8400,6.8500,11423500,78252664.0000,3
2025-03-26,20250326093500000,sh.601398,6.8600,6.8600,6.8300,6.8600,24272900,166011440.0000,3
2025-03-26,20250326094000000,sh.601398,6.8500,6.8500,6.8300,6.8400,12111600,82867776.0000,3
2025-03-26,20250326094500000,sh.601398,6.8300,6.8500,6.8300,6.8300,12361100,84518544.0000,3
2025-03-26,20250326095000000,sh.601398,6.8400,6.8500,6.8200,6.8500,14663600,100247136.0000,3
2025-03-26,20250326095500000,sh.601398,6.8500,6.8700,6.8500,6.8700,10000900,68569920.0000,3
2025-03-26,20250326100000000,sh.601398,6.8700,6.8800,6.8600,6.8700,12853900,88344412.0000,3
2025-03-26,20250326100500000,sh.601398,6.8700,6.8700,6.8500,6.8500,6618500,45419145.0000,3
2025-03-26,20250326101000000,sh.601398,6.8600,6.8600,6.8400,6.8500,5370300,36784255.0000,3
2025-03-26,20250326101500000,sh.601398,6.8400,6.8600,6.8400,6.8500,4262800,29197945.0000,3
2025-03-26,20250326102000000,sh.601398,6.8400,6.8600,6.8400,6.8600,2571300,17613063.0000,3
2025-03-26,20250326102500000,sh.601398,6.8600,6.8600,6.8400,6.8500,2354200,16121091.0000,3
2025-03-26,20250326103000000,sh.601398,6.8400,6.8500,6.8400,6.8400,1875200,12838139.0000,3
2025-03-26,20250326103500000,sh.601398,6.8400,6.8500,6.8400,6.8400,4091300,27989751.0000,3
2025-03-26,20250326104000000,sh.601398,6.8500,6.8500,6.8400,6.8500,3550400,24287427.0000,3
2025-03-26,20250326104500000,sh.601398,6.8500,6.8500,6.8400,6.8400,1471100,10064513.0000,3
2025-03-26,20250326105000000,sh.601398,6.8500,6.8500,6.8400,6.8400,1506200,10309883.0000,3
2025-03-26,20250326105500000,sh.601398,6.8500,6.8500,6.8300,6.8400,2179000,14903561.0000,3
2025-03-26,20250326110000000,sh.601398,6.8300,6.8500,6.8300,6.8400,2488000,17018679.0000,3
2025-03-26,20250326110500000,sh.601398,6.8400,6.8500,6.8300,6.8400,1387400,9493128.0000,3
2025-03-26,20250326111000000,sh.601398,6.8400,6.8500,6.8300,6.8500,1737100,11884356.0000,3
2025-03-26,20250326111500000,sh.601398,6.8400,6.8500,6.8300,6.8300,2060100,14090871.0000,3
2025-03-26,20250326112000000,sh.601398,6.8400,6.8400,6.8300,6.8400,889700,6082689.0000,3
2025-03-26,20250326112500000,sh.601398,6.8400,6.8400,6.8200,6.8300,12097900,82625029.0000,3
2025-03-26,20250326113000000,sh.601398,6.8200,6.8300,6.8200,6.8200,1809000,12342596.0000,3
2025-03-26,20250326130500000,sh.601398,6.8300,6.8300,6.8100,6.8300,14925600,101787767.0000,3
2025-03-26,20250326131000000,sh.601398,6.8300,6.8400,6.8200,6.8400,5981900,40856971.0000,3
2025-03-26,20250326131500000,sh.601398,6.8400,6.8400,6.8200,6.8300,3183300,21741809.0000,3
2025-03-26,20250326132000000,sh.601398,6.8300,6.8300,6.8200,6.8300,767800,5240705.0000,3
2025-03-26,20250326132500000,sh.601398,6.8300,6.8300,6.8200,6.8300,3472500,23696777.0000,3
2025-03-26,20250326133000000,sh.601398,6.8300,6.8300,6.8200,6.8200,1104500,7539062.0000,3
2025-03-26,20250326133500000,sh.601398,6.8300,6.8400,6.8200,6.8300,4977700,33993102.0000,3
2025-03-26,20250326134000000,sh.601398,6.8400,6.8400,6.8300,6.8300,1390900,9505522.0000,3
2025-03-26,20250326134500000,sh.601398,6.8400,6.8400,6.8300,6.8300,3711500,25358478.0000,3
2025-03-26,20250326135000000,sh.601398,6.8400,6.8400,6.8200,6.8300,2141200,14626550.0000,3
2025-03-26,20250326135500000,sh.601398,6.8400,6.8400,6.8300,6.8400,1923000,13146245.0000,3
2025-03-26,20250326140000000,sh.601398,6.8300,6.8400,6.8300,6.8400,1539400,10526715.0000,3
2025-03-26,20250326140500000,sh.601398,6.8400,6.8400,6.8300,6.8400,2620200,17919484.0000,3
2025-03-26,20250326141000000,sh.601398,6.8400,6.8500,6.8300,6.8400,4295200,29393412.0000,3
2025-03-26,20250326141500000,sh.601398,6.8500,6.8500,6.8400,6.8500,2399200,16425603.0000,3
2025-03-26,20250326142000000,sh.601398,6.8500,6.8500,6.8400,6.8500,1041000,7125637.0000,3
2025-03-26,20250326142500000,sh.601398,6.8400,6.8500,6.8400,6.8400,3315400,22683648.0000,3
2025-03-26,20250326143000000,sh.601398,6.8400,6.8500,6.8300,6.8400,1658000,11345270.0000,3
2025-03-26,20250326143500000,sh.601398,6.8400,6.8400,6.8300,6.8400,2487300,16998654.0000,3
2025-03-26,20250326144000000,sh.601398,6.8300,6.8400,6.8300,6.8400,2271200,15528712.0000,3
2025-03-26,20250326144500000,sh.601398,6.8400,6.8400,6.8300,6.8400,1989900,13603203.0000,3
2025-03-26,20250326145000000,sh.601398,6.8400,6.8400,6.8300,6.8300,3948300,26976762.0000,3
2025-03-26,20250326145500000,sh.601398,6.8400,6.8400,6.8200,6.8300,10930400,74648327.0000,3
2025-03-26,20250326150000000,sh.601398,6.8200,6.8300,6.8200,6.8300,7121200,48618499.0000,3
2025-03-27,20250327093500000,sh.601398,6.8200,6.8700,6.8200,6.8600,31311700,214502016.0000,3
2025-03-27,20250327094000000,sh.601398,6.8600,6.8700,6.8400,6.8600,24418300,167443456.0000,3
2025-03-27,20250327094500000,sh.601398,6.8600,6.8600,6.8500,6.8600,6225300,42690592.0000,3
2025-03-27,20250327095000000,sh.601398,6.8600,6.8700,6.8600,6.8700,10053200,68999360.0000,3
2025-03-27,20250327095500000,sh.601398,6.8700,6.8900,6.8600,6.8700,41129300,282784096.0000,3
2025-03-27,20250327100000000,sh.601398,6.8800,6.8800,6.8700,6.8700,5565600,38275704.0000,3
2025-03-27,20250327100500000,sh.601398,6.8700,6.8800,6.8600,6.8800,12204900,83832007.0000,3
2025-03-27,20250327101000000,sh.601398,6.8800,6.8800,6.8700,6.8700,3643600,25049729.0000,3
2025-03-27,20250327101500000,sh.601398,6.8700,6.8800,6.8500,6.8600,6478100,44470277.0000,3
2025-03-27,20250327102000000,sh.601398,6.8500,6.8600,6.8500,6.8600,2742300,18799993.0000,3
2025-03-27,20250327102500000,sh.601398,6.8600,6.8700,6.8500,6.8600,3129600,21468540.0000,3
2025-03-27,20250327103000000,sh.601398,6.8600,6.8700,6.8600,6.8700,3869100,26568452.0000,3
2025-03-27,20250327103500000,sh.601398,6.8700,6.8800,6.8600,6.8700,4254100,29226746.0000,3
2025-03-27,20250327104000000,sh.601398,6.8700,6.8800,6.8700,6.8700,3497300,24037768.0000,3
2025-03-27,20250327104500000,sh.601398,6.8700,6.8800,6.8600,6.8700,2757500,18949888.0000,3
2025-03-27,20250327105000000,sh.601398,6.8800,6.8800,6.8600,6.8700,5983200,41109255.0000,3
2025-03-27,20250327105500000,sh.601398,6.8800,6.8800,6.8700,6.8800,3857300,26517376.0000,3
2025-03-27,20250327110000000,sh.601398,6.8700,6.8800,6.8600,6.8600,1258400,8643581.0000,3
2025-03-27,20250327110500000,sh.601398,6.8700,6.8700,6.8600,6.8600,1238500,8500735.0000,3
2025-03-27,20250327111000000,sh.601398,6.8600,6.8700,6.8600,6.8700,1483900,10187385.0000,3
2025-03-27,20250327111500000,sh.601398,6.8700,6.8700,6.8600,6.8700,1331600,9142780.0000,3
2025-03-27,20250327112000000,sh.601398,6.8600,6.8700,6.8600,6.8700,6274600,43096716.0000,3
2025-03-27,20250327112500000,sh.601398,6.8700,6.8800,6.8600,6.8700,1591300,10934132.0000,3
2025-03-27,20250327113000000,sh.601398,6.8700,6.8700,6.8600,6.8600,1326100,9102092.0000,3
2025-03-27,20250327130500000,sh.601398,6.8600,6.8700,6.8600,6.8700,2834300,19463158.0000,3
2025-03-27,20250327131000000,sh.601398,6.8600,6.8700,6.8600,6.8700,2255300,15489798.0000,3
2025-03-27,20250327131500000,sh.601398,6.8700,6.8700,6.8600,6.8700,2513200,17251590.0000,3
2025-03-27,20250327132000000,sh.601398,6.8600,6.8800,6.8600,6.8800,4447300,30550784.0000,3
2025-03-27,20250327132500000,sh.601398,6.8700,6.8800,6.8600,6.8700,3442600,23653121.0000,3
2025-03-27,20250327133000000,sh.601398,6.8600,6.8800,6.8600,6.8600,4148600,28509438.0000,3
2025-03-27,20250327133500000,sh.601398,6.8700,6.8800,6.8700,6.8800,1782000,12247547.0000,3
2025-03-27,20250327134000000,sh.601398,6.8700,6.8800,6.8700,6.8700,2346800,16131973.0000,3
2025-03-27,20250327134500000,sh.601398,6.8800,6.8800,6.8700,6.8700,1269600,8727035.0000,3
2025-03-27,20250327135000000,sh.601398,6.8700,6.8800,6.8700,6.8700,1757500,12085120.0000,3
2025-03-27,20250327135500000,sh.601398,6.8700,6.8800,6.8700,6.8700,1624600,11165954.0000,3
2025-03-27,20250327140000000,sh.601398,6.8700,6.8800,6.8600,6.8700,1517300,10419835.0000,3
2025-03-27,20250327140500000,sh.601398,6.8700,6.8800,6.8600,6.8800,4503100,30935555.0000,3
2025-03-27,20250327141000000,sh.601398,6.8800,6.8800,6.8700,6.8800,2054400,14128511.0000,3
2025-03-27,20250327141500000,sh.601398,6.8700,6.8800,6.8700,6.8700,3075000,21139206.0000,3
2025-03-27,20250327142000000,sh.601398,6.8700,6.8800,6.8700,6.8700,1972600,13560947.0000,3
2025-03-27,20250327142500000,sh.601398,6.8800,6.8800,6.8700,6.8800,1613400,11092232.0000,3
2025-03-27,20250327143000000,sh.601398,6.8700,6.8800,6.8700,6.8800,1470400,10109828.0000,3
2025-03-27,20250327143500000,sh.601398,6.8800,6.8800,6.8700,6.8800,2502200,17198076.0000,3
2025-03-27,20250327144000000,sh.601398,6.8800,6.8800,6.8600,6.8700,5989100,41150849.0000,3
2025-03-27,20250327144500000,sh.601398,6.8600,6.8800,6.8600,6.8700,5324400,36571519.0000,3
2025-03-27,20250327145000000,sh.601398,6.8600,6.8700,6.8600,6.8600,2206800,15153400.0000,3
2025-03-27,20250327145500000,sh.601398,6.8600,6.8700,6.8600,6.8600,3943200,27078018.0000,3
2025-03-27,20250327150000000,sh.601398,6.8700,6.8700,6.8600,6.8700,7809300,53638145.0000,3
2025-03-28,20250328093500000,sh.601398,6.8600,6.8800,6.8400,6.8400,22860700,156609360.0000,3
2025-03-28,20250328094000000,sh.601398,6.8400,6.8600,6.8300,6.8500,13495400,92325856.0000,3
2025-03-28,20250328094500000,sh.601398,6.8500,6.8500,6.8400,6.8500,6978700,47752240.0000,3
2025-03-28,20250328095000000,sh.601398,6.8400,6.8500,6.8300,6.8400,7003500,47907264.0000,3
2025-03-28,20250328095500000,sh.601398,6.8400,6.8500,6.8300,6.8500,2807100,19200672.0000,3
2025-03-28,20250328100000000,sh.601398,6.8400,6.8400,6.8300,6.8300,3584700,24513472.0000,3
2025-03-28,20250328100500000,sh.601398,6.8400,6.8400,6.8300,6.8400,2569800,17564608.0000,3
2025-03-28,20250328101000000,sh.601398,6.8300,6.8400,6.8300,6.8400,5458900,37329088.0000,3
2025-03-28,20250328101500000,sh.601398,6.8400,6.8500,6.8300,6.8500,1639000,11212608.0000,3
2025-03-28,20250328102000000,sh.601398,6.8400,6.8500,6.8400,6.8400,1732500,11857696.0000,3
2025-03-28,20250328102500000,sh.601398,6.8500,6.8500,6.8400,6.8400,1716300,11746304.0000,3
2025-03-28,20250328103000000,sh.601398,6.8500,6.8500,6.8400,6.8500,6631300,45398496.0000,3
2025-03-28,20250328103500000,sh.601398,6.8500,6.8500,6.8400,6.8500,3812300,26086588.0000,3
2025-03-28,20250328104000000,sh.601398,6.8500,6.8500,6.8400,6.8500,6250300,42767036.0000,3
2025-03-28,20250328104500000,sh.601398,6.8400,6.8500,6.8400,6.8500,2377400,16274120.0000,3
2025-03-28,20250328105000000,sh.601398,6.8500,6.8500,6.8400,6.8500,1354900,9276216.0000,3
2025-03-28,20250328105500000,sh.601398,6.8500,6.8600,6.8400,6.8500,6921400,47405382.0000,3
2025-03-28,20250328110000000,sh.601398,6.8400,6.8600,6.8400,6.8500,2177600,14913158.0000,3
2025-03-28,20250328110500000,sh.601398,6.8500,6.8500,6.8400,6.8500,1275800,8732541.0000,3
2025-03-28,20250328111000000,sh.601398,6.8500,6.8600,6.8400,6.8600,5604900,38393595.0000,3
2025-03-28,20250328111500000,sh.601398,6.8600,6.8600,6.8500,6.8600,1014200,6950987.0000,3
2025-03-28,20250328112000000,sh.601398,6.8500,6.8600,6.8400,6.8400,2718600,18620662.0000,3
2025-03-28,20250328112500000,sh.601398,6.8400,6.8500,6.8400,6.8500,2450500,16765051.0000,3
2025-03-28,20250328113000000,sh.601398,6.8400,6.8500,6.8300,6.8300,6901100,47201741.0000,3
2025-03-28,20250328130500000,sh.601398,6.8300,6.8400,6.8300,6.8400,2646600,18090871.0000,3
2025-03-28,20250328131000000,sh.601398,6.8400,6.8400,6.8300,6.8300,2824800,19312252.0000,3
2025-03-28,20250328131500000,sh.601398,6.8400,6.8500,6.8300,6.8500,2103900,14396994.0000,3
2025-03-28,20250328132000000,sh.601398,6.8500,6.8500,6.8400,6.8500,2049300,14024582.0000,3
2025-03-28,20250328132500000,sh.601398,6.8500,6.8500,6.8400,6.8500,3092100,21165698.0000,3
2025-03-28,20250328133000000,sh.601398,6.8500,6.8500,6.8400,6.8400,3722000,25483459.0000,3
2025-03-28,20250328133500000,sh.601398,6.8500,6.8600,6.8400,6.8500,5813300,39827192.0000,3
2025-03-28,20250328134000000,sh.601398,6.8500,6.8500,6.8400,6.8500,1534000,10504062.0000,3
2025-03-28,20250328134500000,sh.601398,6.8500,6.8600,6.8400,6.8600,9157000,62736257.0000,3
2025-03-28,20250328135000000,sh.601398,6.8600,6.8600,6.8500,6.8500,3263200,22380868.0000,3
2025-03-28,20250328135500000,sh.601398,6.8600,6.8600,6.8500,6.8500,3974800,27257656.0000,3
2025-03-28,20250328140000000,sh.601398,6.8600,6.8600,6.8500,6.8500,1697500,11636878.0000,3
2025-03-28,20250328140500000,sh.601398,6.8600,6.8700,6.8500,6.8700,4872100,33435514.0000,3
2025-03-28,20250328141000000,sh.601398,6.8700,6.8700,6.8600,6.8700,2607300,17900801.0000,3
2025-03-28,20250328141500000,sh.601398,6.8600,6.8700,6.8600,6.8600,5093500,34953089.0000,3
2025-03-28,20250328142000000,sh.601398,6.8700,6.8700,6.8600,6.8700,3523000,24177283.0000,3
2025-03-28,20250328142500000,sh.601398,6.8700,6.8700,6.8600,6.8600,2125100,14587391.0000,3
2025-03-28,20250328143000000,sh.601398,6.8700,6.8700,6.8600,6.8600,1382300,9489398.0000,3
2025-03-28,20250328143500000,sh.601398,6.8600,6.8700,6.8600,6.8700,1775700,12190857.0000,3
2025-03-28,20250328144000000,sh.601398,6.8700,6.8700,6.8600,6.8700,9014600,61890679.0000,3
2025-03-28,20250328144500000,sh.601398,6.8700,6.8700,6.8600,6.8700,3336400,22911875.0000,3
2025-03-28,20250328145000000,sh.601398,6.8700,6.8700,6.8600,6.8700,7565000,51962878.0000,3
2025-03-28,20250328145500000,sh.601398,6.8600,6.8700,6.8600,6.8700,3971500,27274634.0000,3
2025-03-28,20250328150000000,sh.601398,6.8700,6.8800,6.8600,6.8800,6356200,43690871.0000,3
2025-03-31,20250331093500000,sh.601398,6.8800,6.8900,6.8000,6.8300,61054200,417617696.0000,3
2025-03-31,20250331094000000,sh.601398,6.8300,6.8400,6.8100,6.8300,20129300,137449760.0000,3
2025-03-31,20250331094500000,sh.601398,6.8200,6.8400,6.8200,6.8400,9575000,65403711.0000,3
2025-03-31,20250331095000000,sh.601398,6.8300,6.8500,6.8300,6.8500,8846300,60514746.0000,3
2025-03-31,20250331095500000,sh.601398,6.8400,6.8800,6.8400,6.8800,12218200,83849991.0000,3
2025-03-31,20250331100000000,sh.601398,6.8800,6.9100,6.8800,6.9000,22770100,156989438.0000,3
2025-03-31,20250331100500000,sh.601398,6.9100,6.9300,6.9000,6.9200,19121900,132220482.0000,3
2025-03-31,20250331101000000,sh.601398,6.9300,6.9300,6.9000,6.9200,12098200,83644416.0000,3
2025-03-31,20250331101500000,sh.601398,6.9100,6.9400,6.9100,6.9400,21812800,151113984.0000,3
2025-03-31,20250331102000000,sh.601398,6.9300,6.9400,6.9200,6.9300,14246000,98731264.0000,3
2025-03-31,20250331102500000,sh.601398,6.9300,6.9400,6.9200,6.9200,8851700,61368960.0000,3
2025-03-31,20250331103000000,sh.601398,6.9200,6.9300,6.9100,6.9100,6758300,46745216.0000,3
2025-03-31,20250331103500000,sh.601398,6.9100,6.9300,6.9000,6.9300,8058900,55740416.0000,3
2025-03-31,20250331104000000,sh.601398,6.9300,6.9400,6.9200,6.9200,9141000,63339392.0000,3
2025-03-31,20250331104500000,sh.601398,6.9200,6.9300,6.9100,6.9100,7109400,49204992.0000,3
2025-03-31,20250331105000000,sh.601398,6.9200,6.9200,6.9100,6.9200,4788300,33125127.0000,3
2025-03-31,20250331105500000,sh.601398,6.9200,6.9300,6.9100,6.9300,8909000,61644025.0000,3
2025-03-31,20250331110000000,sh.601398,6.9200,6.9300,6.9100,6.9200,2656100,18374528.0000,3
2025-03-31,20250331110500000,sh.601398,6.9200,6.9200,6.8900,6.9000,12134200,83742854.0000,3
2025-03-31,20250331111000000,sh.601398,6.9000,6.9100,6.8900,6.8900,5985400,41270911.0000,3
2025-03-31,20250331111500000,sh.601398,6.8900,6.9000,6.8800,6.8800,3234300,22277371.0000,3
2025-03-31,20250331112000000,sh.601398,6.8800,6.9000,6.8800,6.9000,4730900,32600057.0000,3
2025-03-31,20250331112500000,sh.601398,6.9000,6.9100,6.8900,6.9000,4713300,32532865.0000,3
2025-03-31,20250331113000000,sh.601398,6.9000,6.9000,6.8800,6.8900,4166000,28706310.0000,3
2025-03-31,20250331130500000,sh.601398,6.8900,6.9000,6.8800,6.8900,9043800,62281980.0000,3
2025-03-31,20250331131000000,sh.601398,6.8900,6.9100,6.8900,6.9000,5306400,36626057.0000,3
2025-03-31,20250331131500000,sh.601398,6.9000,6.9100,6.8900,6.9100,3419300,23595253.0000,3
2025-03-31,20250331132000000,sh.601398,6.9000,6.9100,6.8900,6.9100,2659700,18358405.0000,3
2025-03-31,20250331132500000,sh.601398,6.9000,6.9100,6.8900,6.9000,2989500,20627199.0000,3
2025-03-31,20250331133000000,sh.601398,6.9000,6.9000,6.8900,6.9000,2310200,15934460.0000,3
2025-03-31,20250331133500000,sh.601398,6.9000,6.9000,6.8800,6.8900,6237400,42985991.0000,3
2025-03-31,20250331134000000,sh.601398,6.8900,6.9000,6.8800,6.8900,2484800,17120773.0000,3
2025-03-31,20250331134500000,sh.601398,6.9000,6.9000,6.8900,6.9000,1531500,10561278.0000,3
2025-03-31,20250331135000000,sh.601398,6.9000,6.9100,6.8900,6.9000,5568800,38420988.0000,3
2025-03-31,20250331135500000,sh.601398,6.9000,6.9100,6.9000,6.9000,2672600,18449145.0000,3
2025-03-31,20250331140000000,sh.601398,6.9000,6.9100,6.9000,6.9100,2336700,16133635.0000,3
2025-03-31,20250331140500000,sh.601398,6.9100,6.9100,6.8900,6.8900,5450300,37602300.0000,3
2025-03-31,20250331141000000,sh.601398,6.8900,6.9000,6.8900,6.8900,3706000,25549062.0000,3
2025-03-31,20250331141500000,sh.601398,6.9000,6.9000,6.8800,6.9000,6538800,45055232.0000,3
2025-03-31,20250331142000000,sh.601398,6.9000,6.9000,6.8800,6.9000,3698900,25501444.0000,3
2025-03-31,20250331142500000,sh.601398,6.8900,6.9000,6.8900,6.9000,4957500,34184702.0000,3
2025-03-31,20250331143000000,sh.601398,6.8900,6.9000,6.8900,6.8900,4333900,29872902.0000,3
2025-03-31,20250331143500000,sh.601398,6.8900,6.9000,6.8900,6.9000,2785300,19206900.0000,3
2025-03-31,20250331144000000,sh.601398,6.8900,6.9000,6.8900,6.8900,3418500,23576322.0000,3
2025-03-31,20250331144500000,sh.601398,6.9000,6.9000,6.8900,6.8900,4154400,28652798.0000,3
2025-03-31,20250331145000000,sh.601398,6.8900,6.9000,6.8900,6.8900,4994300,34438399.0000,3
2025-03-31,20250331145500000,sh.601398,6.9000,6.9000,6.8900,6.9000,12267600,84600837.0000,3
2025-03-31,20250331150000000,sh.601398,6.8900,6.9000,6.8900,6.8900,11158800,76916484.0000,3
2025-04-01,20250401093500000,sh.601398,6.8700,6.8700,6.8200,6.8300,50168000,343748768.0000,3
2025-04-01,20250401094000000,sh.601398,6.8400,6.8500,6.8300,6.8500,13812500,94552192.0000,3
2025-04-01,20250401094500000,sh.601398,6.8400,6.8600,6.8400,6.8500,10330100,70760096.0000,3
2025-04-01,20250401095000000,sh.601398,6.8500,6.8600,6.8400,6.8400,11464900,78573568.0000,3
2025-04-01,20250401095500000,sh.601398,6.8400,6.8500,6.8300,6.8300,10579200,72368056.0000,3
2025-04-01,20250401100000000,sh.601398,6.8400,6.8400,6.8200,6.8300,19497500,133165130.0000,3
2025-04-01,20250401100500000,sh.601398,6.8200,6.8300,6.8100,6.8200,36947800,251847616.0000,3
2025-04-01,20250401101000000,sh.601398,6.8100,6.8200,6.8000,6.8000,20020200,136317822.0000,3
2025-04-01,20250401101500000,sh.601398,6.8100,6.8100,6.7800,6.8000,42330600,287601660.0000,3
2025-04-01,20250401102000000,sh.601398,6.8000,6.8000,6.7900,6.8000,10257600,69705468.0000,3
2025-04-01,20250401102500000,sh.601398,6.8000,6.8000,6.7900,6.8000,11852500,80544518.0000,3
2025-04-01,20250401103000000,sh.601398,6.8000,6.8000,6.7900,6.7900,9338600,63460868.0000,3
2025-04-01,20250401103500000,sh.601398,6.8000,6.8100,6.7900,6.7900,7988500,54296702.0000,3
2025-04-01,20250401104000000,sh.601398,6.7900,6.8000,6.7800,6.7900,12955000,87954949.0000,3
2025-04-01,20250401104500000,sh.601398,6.7900,6.8000,6.7800,6.8000,6222200,42248826.0000,3
2025-04-01,20250401105000000,sh.601398,6.7900,6.8000,6.7900,6.8000,3457000,23493625.0000,3
2025-04-01,20250401105500000,sh.601398,6.8000,6.8000,6.7900,6.8000,5425000,36882440.0000,3
2025-04-01,20250401110000000,sh.601398,6.8000,6.8000,6.7900,6.7900,3274800,22257022.0000,3
2025-04-01,20250401110500000,sh.601398,6.7900,6.8000,6.7900,6.8000,3162900,21485065.0000,3
2025-04-01,20250401111000000,sh.601398,6.7900,6.8000,6.7900,6.8000,2557700,17379321.0000,3
2025-04-01,20250401111500000,sh.601398,6.8000,6.8000,6.7900,6.7900,2453500,16670200.0000,3
2025-04-01,20250401112000000,sh.601398,6.8000,6.8000,6.7900,6.7900,2020200,13726348.0000,3
2025-04-01,20250401112500000,sh.601398,6.7900,6.8000,6.7900,6.8000,6397200,43444346.0000,3
2025-04-01,20250401113000000,sh.601398,6.8000,6.8000,6.7900,6.8000,4956800,33667586.0000,3
2025-04-01,20250401130500000,sh.601398,6.8000,6.8000,6.7800,6.7900,14656500,99519104.0000,3
2025-04-01,20250401131000000,sh.601398,6.7900,6.7900,6.7800,6.7900,6036200,40944639.0000,3
2025-04-01,20250401131500000,sh.601398,6.7900,6.7900,6.7800,6.7800,6333700,42957307.0000,3
2025-04-01,20250401132000000,sh.601398,6.7900,6.7900,6.7800,6.7800,4157200,28207622.0000,3
2025-04-01,20250401132500000,sh.601398,6.7900,6.7900,6.7800,6.7800,2979200,20214017.0000,3
2025-04-01,20250401133000000,sh.601398,6.7800,6.7900,6.7800,6.7900,3148000,21355778.0000,3
2025-04-01,20250401133500000,sh.601398,6.7900,6.7900,6.7800,6.7900,3690400,25037565.0000,3
2025-04-01,20250401134000000,sh.601398,6.7900,6.7900,6.7800,6.7900,2741300,18603007.0000,3
2025-04-01,20250401134500000,sh.601398,6.7900,6.7900,6.7800,6.7800,3939100,26723070.0000,3
2025-04-01,20250401135000000,sh.601398,6.7800,6.7900,6.7800,6.7900,4910300,33331457.0000,3
2025-04-01,20250401135500000,sh.601398,6.7900,6.7900,6.7800,6.7900,4084800,27723265.0000,3
2025-04-01,20250401140000000,sh.601398,6.7800,6.8000,6.7800,6.8000,4273700,29016569.0000,3
2025-04-01,20250401140500000,sh.601398,6.8000,6.8000,6.7900,6.8000,3104900,21091843.0000,3
2025-04-01,20250401141000000,sh.601398,6.7900,6.8000,6.7900,6.8000,4774700,32460034.0000,3
2025-04-01,20250401141500000,sh.601398,6.8000,6.8000,6.7900,6.8000,2422700,16460283.0000,3
2025-04-01,20250401142000000,sh.601398,6.7900,6.8000,6.7900,6.8000,2825600,19204352.0000,3
2025-04-01,20250401142500000,sh.601398,6.7900,6.8000,6.7900,6.8000,2331000,15843840.0000,3
2025-04-01,20250401143000000,sh.601398,6.7900,6.8000,6.7900,6.7900,3455700,23483904.0000,3
2025-04-01,20250401143500000,sh.601398,6.8000,6.8000,6.7900,6.8000,6589500,44768520.0000,3
2025-04-01,20250401144000000,sh.601398,6.8000,6.8000,6.7900,6.7900,2956500,20089600.0000,3
2025-04-01,20250401144500000,sh.601398,6.7900,6.8000,6.7900,6.8000,4005400,27218427.0000,3
2025-04-01,20250401145000000,sh.601398,6.7900,6.8000,6.7900,6.7900,5207000,35380229.0000,3
2025-04-01,20250401145500000,sh.601398,6.8000,6.8000,6.7900,6.7900,10677700,72562432.0000,3
2025-04-01,20250401150000000,sh.601398,6.8000,6.8100,6.7900,6.8000,11657700,79253496.0000,3
2025-04-02,20250402093500000,sh.601398,6.7900,6.8200,6.7900,6.8100,23690900,161195184.0000,3
2025-04-02,20250402094000000,sh.601398,6.8100,6.8200,6.8000,6.8200,12208400,83132592.0000,3
2025-04-02,20250402094500000,sh.601398,6.8100,6.8200,6.7800,6.7900,11090100,75383552.0000,3
2025-04-02,20250402095000000,sh.601398,6.8000,6.8200,6.7900,6.8100,11902200,81032608.0000,3
2025-04-02,20250402095500000,sh.601398,6.8200,6.8200,6.8000,6.8100,4600600,31318272.0000,3
2025-04-02,20250402100000000,sh.601398,6.8100,6.8100,6.8000,6.8100,1739000,11836352.0000,3
2025-04-02,20250402100500000,sh.601398,6.8100,6.8100,6.7900,6.8000,7039900,47877952.0000,3
2025-04-02,20250402101000000,sh.601398,6.7900,6.8000,6.7900,6.8000,3000800,20395136.0000,3
2025-04-02,20250402101500000,sh.601398,6.7900,6.8100,6.7900,6.8100,5003700,34029376.0000,3
2025-04-02,20250402102000000,sh.601398,6.8100,6.8100,6.8000,6.8000,4568100,31096773.0000,3
2025-04-02,20250402102500000,sh.601398,6.8100,6.8100,6.8000,6.8000,1788400,12173491.0000,3
2025-04-02,20250402103000000,sh.601398,6.8100,6.8100,6.8000,6.8000,3460400,23546888.0000,3
2025-04-02,20250402103500000,sh.601398,6.8000,6.8100,6.8000,6.8000,2529700,17221183.0000,3
2025-04-02,20250402104000000,sh.601398,6.8100,6.8100,6.8000,6.8100,1929100,13126331.0000,3
2025-04-02,20250402104500000,sh.601398,6.8000,6.8200,6.8000,6.8200,15084400,102720772.0000,3
2025-04-02,20250402105000000,sh.601398,6.8200,6.8200,6.8000,6.8100,6420000,43724354.0000,3
2025-04-02,20250402105500000,sh.601398,6.8100,6.8200,6.8000,6.8200,2649500,18041722.0000,3
2025-04-02,20250402110000000,sh.601398,6.8200,6.8200,6.8000,6.8100,2062200,14044479.0000,3
2025-04-02,20250402110500000,sh.601398,6.8000,6.8100,6.8000,6.8000,1017900,6929352.0000,3
2025-04-02,20250402111000000,sh.601398,6.8000,6.8200,6.8000,6.8200,3536200,24085761.0000,3
2025-04-02,20250402111500000,sh.601398,6.8200,6.8200,6.8100,6.8200,922400,6287416.0000,3
2025-04-02,20250402112000000,sh.601398,6.8100,6.8300,6.8100,6.8300,21129300,144163265.0000,3
2025-04-02,20250402112500000,sh.601398,6.8300,6.8400,6.8300,6.8300,8017800,54799617.0000,3
2025-04-02,20250402113000000,sh.601398,6.8400,6.8600,6.8300,6.8500,35256200,241393021.0000,3
2025-04-02,20250402130500000,sh.601398,6.8400,6.8500,6.8400,6.8400,11703600,80117760.0000,3
2025-04-02,20250402131000000,sh.601398,6.8400,6.8500,6.8300,6.8500,3076800,21047691.0000,3
2025-04-02,20250402131500000,sh.601398,6.8400,6.8500,6.8400,6.8400,4681100,32033408.0000,3
2025-04-02,20250402132000000,sh.601398,6.8500,6.8500,6.8400,6.8400,2526100,17280256.0000,3
2025-04-02,20250402132500000,sh.601398,6.8400,6.8500,6.8400,6.8500,1163300,7959160.0000,3
2025-04-02,20250402133000000,sh.601398,6.8400,6.8500,6.8400,6.8400,10866900,74426879.0000,3
2025-04-02,20250402133500000,sh.601398,6.8500,6.8600,6.8500,6.8500,9018400,61781891.0000,3
2025-04-02,20250402134000000,sh.601398,6.8500,6.8500,6.8400,6.8500,2779800,19028859.0000,3
2025-04-02,20250402134500000,sh.601398,6.8400,6.8500,6.8400,6.8400,3521000,24099328.0000,3
2025-04-02,20250402135000000,sh.601398,6.8400,6.8500,6.8400,6.8500,1528500,10465027.0000,3
2025-04-02,20250402135500000,sh.601398,6.8500,6.8500,6.8400,6.8400,1083200,7415556.0000,3
2025-04-02,20250402140000000,sh.601398,6.8500,6.8500,6.8400,6.8400,1476000,10103804.0000,3
2025-04-02,20250402140500000,sh.601398,6.8500,6.8500,6.8400,6.8400,3877700,26541192.0000,3
2025-04-02,20250402141000000,sh.601398,6.8400,6.8500,6.8400,6.8500,2321700,15888501.0000,3
2025-04-02,20250402141500000,sh.601398,6.8400,6.8500,6.8400,6.8400,6866300,47023616.0000,3
2025-04-02,20250402142000000,sh.601398,6.8500,6.8500,6.8400,6.8400,3170600,21708938.0000,3
2025-04-02,20250402142500000,sh.601398,6.8500,6.8500,6.8400,6.8500,3034100,20768891.0000,3
2025-04-02,20250402143000000,sh.601398,6.8500,6.8500,6.8400,6.8500,2520700,17257991.0000,3
2025-04-02,20250402143500000,sh.601398,6.8500,6.8500,6.8400,6.8400,2871200,19653875.0000,3
2025-04-02,20250402144000000,sh.601398,6.8400,6.8500,6.8400,6.8400,8779600,60060035.0000,3
2025-04-02,20250402144500000,sh.601398,6.8400,6.8500,6.8300,6.8300,9124500,62421516.0000,3
2025-04-02,20250402145000000,sh.601398,6.8400,6.8500,6.8400,6.8500,6428400,44001149.0000,3
2025-04-02,20250402145500000,sh.601398,6.8400,6.8500,6.8400,6.8500,6289400,43061364.0000,3
2025-04-02,20250402150000000,sh.601398,6.8500,6.8500,6.8400,6.8500,10462300,71651980.0000,3
2025-04-03,20250403093500000,sh.601398,6.8200,6.8500,6.8200,6.8400,36273000,247985312.0000,3
2025-04-03,20250403094000000,sh.601398,6.8300,6.8600,6.8200,6.8300,14654000,100264064.0000,3
2025-04-03,20250403094500000,sh.601398,6.8300,6.8400,6.8200,6.8300,10392400,70959840.0000,3
2025-04-03,20250403095000000,sh.601398,6.8400,6.8400,6.8200,6.8300,6640800,45370688.0000,3
2025-04-03,20250403095500000,sh.601398,6.8200,6.8600,6.8200,6.8500,14852800,101634752.0000,3
2025-04-03,20250403100000000,sh.601398,6.8500,6.8600,6.8400,6.8600,4661600,31926146.0000,3
2025-04-03,20250403100500000,sh.601398,6.8500,6.8700,6.8500,6.8600,12465800,85505270.0000,3
2025-04-03,20250403101000000,sh.601398,6.8600,6.8600,6.8500,6.8600,3481500,23876100.0000,3
2025-04-03,20250403101500000,sh.601398,6.8600,6.8600,6.8400,6.8500,4346200,29774148.0000,3
2025-04-03,20250403102000000,sh.601398,6.8400,6.8700,6.8400,6.8600,8039100,55134916.0000,3
2025-04-03,20250403102500000,sh.601398,6.8600,6.8700,6.8600,6.8600,3788200,26014338.0000,3
2025-04-03,20250403103000000,sh.601398,6.8600,6.8700,6.8600,6.8700,7127100,48955378.0000,3
2025-04-03,20250403103500000,sh.601398,6.8700,6.8800,6.8600,6.8800,8822400,60618697.0000,3
2025-04-03,20250403104000000,sh.601398,6.8700,6.8800,6.8600,6.8700,4968600,34139453.0000,3
2025-04-03,20250403104500000,sh.601398,6.8700,6.8700,6.8600,6.8700,2296100,15764097.0000,3
2025-04-03,20250403105000000,sh.601398,6.8700,6.8800,6.8600,6.8700,5908000,40586821.0000,3
2025-04-03,20250403105500000,sh.601398,6.8700,6.8800,6.8600,6.8800,1616700,11109818.0000,3
2025-04-03,20250403110000000,sh.601398,6.8800,6.8800,6.8700,6.8800,2260600,15545602.0000,3
2025-04-03,20250403110500000,sh.601398,6.8800,6.8800,6.8700,6.8800,3312200,22782656.0000,3
2025-04-03,20250403111000000,sh.601398,6.8800,6.8800,6.8700,6.8800,1450500,9973697.0000,3
2025-04-03,20250403111500000,sh.601398,6.8800,6.8800,6.8700,6.8800,6703700,46116095.0000,3
2025-04-03,20250403112000000,sh.601398,6.8800,6.8800,6.8700,6.8800,1620400,11139320.0000,3
2025-04-03,20250403112500000,sh.601398,6.8800,6.8800,6.8700,6.8700,3774100,25945608.0000,3
2025-04-03,20250403113000000,sh.601398,6.8700,6.8800,6.8600,6.8600,6317700,43390214.0000,3
2025-04-03,20250403130500000,sh.601398,6.8700,6.8900,6.8600,6.8900,21160500,145555967.0000,3
2025-04-03,20250403131000000,sh.601398,6.8900,6.8900,6.8800,6.8900,12599400,86803451.0000,3
2025-04-03,20250403131500000,sh.601398,6.8900,6.9000,6.8800,6.8900,8324200,57374846.0000,3
2025-04-03,20250403132000000,sh.601398,6.8900,6.8900,6.8700,6.8900,6942500,47775106.0000,3
2025-04-03,20250403132500000,sh.601398,6.8900,6.8900,6.8700,6.8800,1940800,13357056.0000,3
2025-04-03,20250403133000000,sh.601398,6.8800,6.8900,6.8700,6.8800,4262300,29324544.0000,3
2025-04-03,20250403133500000,sh.601398,6.8800,6.8900,6.8700,6.8800,3339600,22978688.0000,3
2025-04-03,20250403134000000,sh.601398,6.8800,6.8900,6.8700,6.8800,1810700,12454912.0000,3
2025-04-03,20250403134500000,sh.601398,6.8800,6.8900,6.8700,6.8900,3371200,23196928.0000,3
2025-04-03,20250403135000000,sh.601398,6.8900,6.8900,6.8700,6.8800,3586100,24675584.0000,3
2025-04-03,20250403135500000,sh.601398,6.8800,6.8900,6.8700,6.8900,1670800,11500672.0000,3
2025-04-03,20250403140000000,sh.601398,6.8900,6.8900,6.8800,6.8900,3480500,23956480.0000,3
2025-04-03,20250403140500000,sh.601398,6.8900,6.8900,6.8800,6.8900,6123700,42184060.0000,3
2025-04-03,20250403141000000,sh.601398,6.8800,6.8900,6.8800,6.8900,1681600,11579146.0000,3
2025-04-03,20250403141500000,sh.601398,6.8900,6.8900,6.8800,6.8800,1860000,12805375.0000,3
2025-04-03,20250403142000000,sh.601398,6.8800,6.8900,6.8800,6.8900,2695200,18559995.0000,3
2025-04-03,20250403142500000,sh.601398,6.8900,6.8900,6.8800,6.8900,2392100,16466684.0000,3
2025-04-03,20250403143000000,sh.601398,6.8800,6.8900,6.8800,6.8900,2231300,15361791.0000,3
2025-04-03,20250403143500000,sh.601398,6.8800,6.8900,6.8800,6.8900,10031500,69102595.0000,3
2025-04-03,20250403144000000,sh.601398,6.8900,6.8900,6.8800,6.8900,4392900,30258299.0000,3
2025-04-03,20250403144500000,sh.601398,6.8900,6.8900,6.8800,6.8800,3283400,22610055.0000,3
2025-04-03,20250403145000000,sh.601398,6.8800,6.8900,6.8800,6.8900,6271900,43172352.0000,3
2025-04-03,20250403145500000,sh.601398,6.8900,6.8900,6.8800,6.8900,6619100,45574009.0000,3
2025-04-03,20250403150000000,sh.601398,6.8900,6.8900,6.8800,6.8900,10312300,71033223.0000,3
2025-04-07,20250407093500000,sh.601398,6.8000,6.8100,6.7400,6.7900,78635300,533525504.0000,3
2025-04-07,20250407094000000,sh.601398,6.7800,6.8000,6.7100,6.7100,49260000,332969859.0000,3
2025-04-07,20250407094500000,sh.601398,6.7200,6.7400,6.7100,6.7400,35030500,235533821.0000,3
2025-04-07,20250407095000000,sh.601398,6.7400,6.7400,6.6400,6.6600,50391400,337022464.0000,3
2025-04-07,20250407095500000,sh.601398,6.6600,6.7000,6.6000,6.7000,42588600,282660224.0000,3
2025-04-07,20250407100000000,sh.601398,6.7000,6.7400,6.6900,6.7400,21828800,146602748.0000,3
2025-04-07,20250407100500000,sh.601398,6.7400,6.7800,6.7400,6.7500,25158200,170043268.0000,3
2025-04-07,20250407101000000,sh.601398,6.7600,6.7700,6.7300,6.7500,16388400,110682500.0000,3
2025-04-07,20250407101500000,sh.601398,6.7500,6.7600,6.7200,6.7500,14308100,96469244.0000,3
2025-04-07,20250407102000000,sh.601398,6.7400,6.7500,6.7200,6.7200,13281700,89395714.0000,3
2025-04-07,20250407102500000,sh.601398,6.7200,6.7400,6.7100,6.7300,10761600,72343813.0000,3
2025-04-07,20250407103000000,sh.601398,6.7200,6.7300,6.6900,6.6900,20536100,137759729.0000,3
2025-04-07,20250407103500000,sh.601398,6.7000,6.7000,6.6800,6.6900,12340500,82463752.0000,3
2025-04-07,20250407104000000,sh.601398,6.6900,6.7100,6.6700,6.7000,10838900,72441337.0000,3
2025-04-07,20250407104500000,sh.601398,6.7100,6.7200,6.6900,6.7200,10165200,68195591.0000,3
2025-04-07,20250407105000000,sh.601398,6.7200,6.7400,6.7100,6.7400,6826900,45951750.0000,3
2025-04-07,20250407105500000,sh.601398,6.7400,6.7400,6.7100,6.7200,6018700,40494842.0000,3
2025-04-07,20250407110000000,sh.601398,6.7200,6.7200,6.7000,6.7000,5146900,34523899.0000,3
2025-04-07,20250407110500000,sh.601398,6.7100,6.7200,6.7000,6.7100,6614600,44371715.0000,3
2025-04-07,20250407111000000,sh.601398,6.7200,6.7300,6.7100,6.7200,4308000,28937221.0000,3
2025-04-07,20250407111500000,sh.601398,6.7200,6.7200,6.6900,6.7000,9217400,61772538.0000,3
2025-04-07,20250407112000000,sh.601398,6.7000,6.7200,6.6900,6.7100,8985000,60220937.0000,3
2025-04-07,20250407112500000,sh.601398,6.7000,6.7000,6.6800,6.6800,7374100,49329146.0000,3
2025-04-07,20250407113000000,sh.601398,6.6900,6.7100,6.6800,6.7000,5209800,34845952.0000,3
2025-04-07,20250407130500000,sh.601398,6.7000,6.7200,6.6800,6.7100,13606700,91197693.0000,3
2025-04-07,20250407131000000,sh.601398,6.7100,6.7200,6.6900,6.7000,9202500,61689091.0000,3
2025-04-07,20250407131500000,sh.601398,6.6900,6.7100,6.6800,6.7100,12460700,83410944.0000,3
2025-04-07,20250407132000000,sh.601398,6.7000,6.7500,6.7000,6.7500,12601300,84715520.0000,3
2025-04-07,20250407132500000,sh.601398,6.7500,6.7800,6.7500,6.7700,17638500,119322624.0000,3
2025-04-07,20250407133000000,sh.601398,6.7700,6.7900,6.7600,6.7700,14447200,97859072.0000,3
2025-04-07,20250407133500000,sh.601398,6.7600,6.7900,6.7500,6.7700,12054000,81648640.0000,3
2025-04-07,20250407134000000,sh.601398,6.7700,6.7800,6.7500,6.7700,10884300,73655808.0000,3
2025-04-07,20250407134500000,sh.601398,6.7800,6.7800,6.7300,6.7400,10088300,68039422.0000,3
2025-04-07,20250407135000000,sh.601398,6.7300,6.7600,6.7200,6.7500,13294500,89588482.0000,3
2025-04-07,20250407135500000,sh.601398,6.7500,6.7700,6.7200,6.7700,12881000,86808064.0000,3
2025-04-07,20250407140000000,sh.601398,6.7700,6.7700,6.7100,6.7300,15298800,103053824.0000,3
2025-04-07,20250407140500000,sh.601398,6.7400,6.7400,6.6900,6.7000,13231800,88775680.0000,3
2025-04-07,20250407141000000,sh.601398,6.6900,6.7000,6.6600,6.6700,20748000,138545152.0000,3
2025-04-07,20250407141500000,sh.601398,6.6700,6.6700,6.6300,6.6300,20533100,136510976.0000,3
2025-04-07,20250407142000000,sh.601398,6.6300,6.6300,6.6000,6.6200,29720000,196503040.0000,3
2025-04-07,20250407142500000,sh.601398,6.6300,6.6500,6.6100,6.6400,18866400,124933632.0000,3
2025-04-07,20250407143000000,sh.601398,6.6500,6.6600,6.6400,6.6400,8660200,57598976.0000,3
2025-04-07,20250407143500000,sh.601398,6.6500,6.6800,6.6100,6.6800,12501300,82994176.0000,3
2025-04-07,20250407144000000,sh.601398,6.6800,6.6900,6.6600,6.6600,11214700,74875904.0000,3
2025-04-07,20250407144500000,sh.601398,6.6600,6.7100,6.6500,6.6700,16626800,111049728.0000,3
2025-04-07,20250407145000000,sh.601398,6.6800,6.6900,6.6600,6.6600,13018700,86891008.0000,3
2025-04-07,20250407145500000,sh.601398,6.6700,6.7800,6.6500,6.7700,31684200,212960256.0000,3
2025-04-07,20250407150000000,sh.601398,6.7800,6.8000,6.7600,6.7600,26679000,180853760.0000,3
2025-04-08,20250408093500000,sh.601398,6.7000,6.7400,6.6900,6.6900,44882400,301233184.0000,3
2025-04-08,20250408094000000,sh.601398,6.6900,6.7300,6.6800,6.7200,36802300,246902757.0000,3
2025-04-08,20250408094500000,sh.601398,6.7200,6.7300,6.7000,6.7200,27422900,184150530.0000,3
2025-04-08,20250408095000000,sh.601398,6.7100,6.7400,6.6800,6.7400,39710200,266361524.0000,3
2025-04-08,20250408095500000,sh.601398,6.7400,6.7500,6.7100,6.7400,26389400,177658695.0000,3
2025-04-08,20250408100000000,sh.601398,6.7400,6.7900,6.7300,6.7700,33296200,225367166.0000,3
2025-04-08,20250408100500000,sh.601398,6.7700,6.7800,6.7600,6.7700,17076500,115641728.0000,3
2025-04-08,20250408101000000,sh.601398,6.7800,6.8000,6.7700,6.7700,22328800,151459840.0000,3
2025-04-08,20250408101500000,sh.601398,6.7700,6.7900,6.7600,6.7700,11653200,78925568.0000,3
2025-04-08,20250408102000000,sh.601398,6.7600,6.7900,6.7600,6.7800,12228600,82865920.0000,3
2025-04-08,20250408102500000,sh.601398,6.7800,6.7900,6.7700,6.7900,19054900,129290240.0000,3
2025-04-08,20250408103000000,sh.601398,6.7900,6.8000,6.7700,6.7900,13527100,91876352.0000,3
2025-04-08,20250408103500000,sh.601398,6.7900,6.8000,6.7700,6.8000,11213000,76084992.0000,3
2025-04-08,20250408104000000,sh.601398,6.8000,6.8100,6.7800,6.7900,18641800,126711040.0000,3
2025-04-08,20250408104500000,sh.601398,6.7900,6.8000,6.7700,6.7800,6867500,46568704.0000,3
2025-04-08,20250408105000000,sh.601398,6.7800,6.7800,6.7600,6.7800,6815400,46159879.0000,3
2025-04-08,20250408105500000,sh.601398,6.7800,6.7800,6.7600,6.7600,6040800,40897781.0000,3
2025-04-08,20250408110000000,sh.601398,6.7600,6.7700,6.7500,6.7600,12212900,82536200.0000,3
2025-04-08,20250408110500000,sh.601398,6.7700,6.7700,6.7500,6.7600,8339200,56401912.0000,3
2025-04-08,20250408111000000,sh.601398,6.7500,6.7700,6.7500,6.7600,5054100,34160380.0000,3
2025-04-08,20250408111500000,sh.601398,6.7500,6.7700,6.7500,6.7700,7043300,47606016.0000,3
2025-04-08,20250408112000000,sh.601398,6.7600,6.7900,6.7600,6.7700,6976200,47288584.0000,3
2025-04-08,20250408112500000,sh.601398,6.7700,6.7900,6.7700,6.7900,4781500,32443904.0000,3
2025-04-08,20250408113000000,sh.601398,6.7900,6.8000,6.7800,6.7800,6389300,43365120.0000,3
2025-04-08,20250408130500000,sh.601398,6.7900,6.7900,6.7600,6.7600,14819600,100353026.0000,3
2025-04-08,20250408131000000,sh.601398,6.7600,6.7900,6.7600,6.7800,9404600,63735297.0000,3
2025-04-08,20250408131500000,sh.601398,6.7900,6.8000,6.7700,6.7900,14415500,97892093.0000,3
2025-04-08,20250408132000000,sh.601398,6.7900,6.8000,6.7800,6.7800,9790000,66471424.0000,3
2025-04-08,20250408132500000,sh.601398,6.7800,6.8000,6.7800,6.7900,7525500,51093504.0000,3
2025-04-08,20250408133000000,sh.601398,6.7800,6.7900,6.7800,6.7900,9534700,64722432.0000,3
2025-04-08,20250408133500000,sh.601398,6.7800,6.8000,6.7800,6.7900,23665900,160800256.0000,3
2025-04-08,20250408134000000,sh.601398,6.7900,6.8100,6.7800,6.7900,9965400,67736064.0000,3
2025-04-08,20250408134500000,sh.601398,6.8000,6.8000,6.7900,6.8000,7826800,53202688.0000,3
2025-04-08,20250408135000000,sh.601398,6.8000,6.8100,6.7900,6.8100,12588100,85631488.0000,3
2025-04-08,20250408135500000,sh.601398,6.8100,6.8100,6.7800,6.8000,9462600,64312576.0000,3
2025-04-08,20250408140000000,sh.601398,6.7900,6.8100,6.7900,6.7900,9755100,66306560.0000,3
2025-04-08,20250408140500000,sh.601398,6.7900,6.8100,6.7900,6.8000,5653800,38432000.0000,3
2025-04-08,20250408141000000,sh.601398,6.7900,6.8000,6.7800,6.7800,3821900,25943040.0000,3
2025-04-08,20250408141500000,sh.601398,6.7900,6.7900,6.7800,6.7800,6623000,44941056.0000,3
2025-04-08,20250408142000000,sh.601398,6.7900,6.8000,6.7800,6.7800,5058200,34328576.0000,3
2025-04-08,20250408142500000,sh.601398,6.7900,6.8000,6.7800,6.8000,7539400,51222016.0000,3
2025-04-08,20250408143000000,sh.601398,6.8000,6.8000,6.7900,6.7900,8099000,55044096.0000,3
2025-04-08,20250408143500000,sh.601398,6.8000,6.8100,6.7900,6.8000,9695700,65903616.0000,3
2025-04-08,20250408144000000,sh.601398,6.8000,6.8100,6.7900,6.8000,11513700,78341120.0000,3
2025-04-08,20250408144500000,sh.601398,6.8100,6.8200,6.8000,6.8200,18229700,124202240.0000,3
2025-04-08,20250408145000000,sh.601398,6.8200,6.8300,6.8100,6.8300,17436700,118949632.0000,3
2025-04-08,20250408145500000,sh.601398,6.8300,6.8400,6.8100,6.8300,17670800,120617472.0000,3
2025-04-08,20250408150000000,sh.601398,6.8200,6.8300,6.8100,6.8200,16424600,112026112.0000,3
2025-04-09,20250409093500000,sh.601398,6.7900,6.8600,6.7900,6.8600,53029900,361826336.0000,3
2025-04-09,20250409094000000,sh.601398,6.8500,6.8700,6.8400,6.8600,36023900,247037280.0000,3
2025-04-09,20250409094500000,sh.601398,6.8500,6.8900,6.8500,6.8700,40408200,277694019.0000,3
2025-04-09,20250409095000000,sh.601398,6.8700,6.8700,6.8100,6.8200,24574000,168028543.0000,3
2025-04-09,20250409095500000,sh.601398,6.8200,6.8200,6.7800,6.8000,32430500,220543294.0000,3
2025-04-09,20250409100000000,sh.601398,6.7900,6.8000,6.7500,6.7600,29856500,202145792.0000,3
2025-04-09,20250409100500000,sh.601398,6.7600,6.7800,6.7600,6.7600,21962600,148585088.0000,3
2025-04-09,20250409101000000,sh.601398,6.7700,6.7800,6.7500,6.7700,17139200,115886080.0000,3
2025-04-09,20250409101500000,sh.601398,6.7800,6.7800,6.7500,6.7700,23168600,156529792.0000,3
2025-04-09,20250409102000000,sh.601398,6.7700,6.7800,6.7500,6.7600,14220200,96180224.0000,3
2025-04-09,20250409102500000,sh.601398,6.7600,6.7700,6.7500,6.7600,12061200,81541632.0000,3
2025-04-09,20250409103000000,sh.601398,6.7700,6.7800,6.7600,6.7700,9318900,63065216.0000,3
2025-04-09,20250409103500000,sh.601398,6.7600,6.7700,6.7500,6.7600,10854500,73344000.0000,3
2025-04-09,20250409104000000,sh.601398,6.7600,6.7700,6.7500,6.7500,9930200,67069696.0000,3
2025-04-09,20250409104500000,sh.601398,6.7500,6.7600,6.7400,6.7500,7552900,50978560.0000,3
2025-04-09,20250409105000000,sh.601398,6.7600,6.7700,6.7500,6.7700,9145000,61817856.0000,3
2025-04-09,20250409105500000,sh.601398,6.7600,6.7700,6.7500,6.7600,7144600,48315648.0000,3
2025-04-09,20250409110000000,sh.601398,6.7700,6.7800,6.7600,6.7700,6431300,43527936.0000,3
2025-04-09,20250409110500000,sh.601398,6.7700,6.7700,6.7500,6.7500,7807800,52771072.0000,3
2025-04-09,20250409111000000,sh.601398,6.7600,6.7600,6.7400,6.7500,10613000,71628288.0000,3
2025-04-09,20250409111500000,sh.601398,6.7500,6.7500,6.7400,6.7500,6035700,40701696.0000,3
2025-04-09,20250409112000000,sh.601398,6.7500,6.7600,6.7400,6.7600,6790600,45833728.0000,3
2025-04-09,20250409112500000,sh.601398,6.7600,6.7700,6.7500,6.7600,7213100,48743168.0000,3
2025-04-09,20250409113000000,sh.601398,6.7700,6.7900,6.7700,6.7800,7421800,50306812.0000,3
2025-04-09,20250409130500000,sh.601398,6.7800,6.7800,6.7500,6.7600,11962200,80923140.0000,3
2025-04-09,20250409131000000,sh.601398,6.7700,6.7700,6.7500,6.7500,3375900,22809344.0000,3
2025-04-09,20250409131500000,sh.601398,6.7500,6.7700,6.7500,6.7700,5684200,38425856.0000,3
2025-04-09,20250409132000000,sh.601398,6.7600,6.7800,6.7600,6.7800,4358500,29503490.0000,3
2025-04-09,20250409132500000,sh.601398,6.7700,6.7800,6.7700,6.7700,3457600,23408894.0000,3
2025-04-09,20250409133000000,sh.601398,6.7700,6.7700,6.7600,6.7600,3653300,24709376.0000,3
2025-04-09,20250409133500000,sh.601398,6.7600,6.7700,6.7500,6.7600,3852900,26047744.0000,3
2025-04-09,20250409134000000,sh.601398,6.7600,6.7700,6.7600,6.7600,2483300,16794368.0000,3
2025-04-09,20250409134500000,sh.601398,6.7700,6.7800,6.7600,6.7600,6298900,42617088.0000,3
2025-04-09,20250409135000000,sh.601398,6.7700,6.7800,6.7600,6.7800,4439200,30068224.0000,3
2025-04-09,20250409135500000,sh.601398,6.7700,6.7900,6.7700,6.7800,5518000,37389564.0000,3
2025-04-09,20250409140000000,sh.601398,6.7900,6.7900,6.7700,6.7700,3376900,22890756.0000,3
2025-04-09,20250409140500000,sh.601398,6.7700,6.7800,6.7700,6.7800,3024600,20490492.0000,3
2025-04-09,20250409141000000,sh.601398,6.7800,6.7900,6.7700,6.7800,7105300,48177928.0000,3
2025-04-09,20250409141500000,sh.601398,6.7800,6.8000,6.7700,6.8000,6559100,44516345.0000,3
2025-04-09,20250409142000000,sh.601398,6.8000,6.8000,6.7800,6.7900,7756400,52660744.0000,3
2025-04-09,20250409142500000,sh.601398,6.7900,6.7900,6.7600,6.7700,7572000,51268091.0000,3
2025-04-09,20250409143000000,sh.601398,6.7600,6.7800,6.7600,6.7800,4035800,27312638.0000,3
2025-04-09,20250409143500000,sh.601398,6.7700,6.7800,6.7700,6.7800,5503000,37278724.0000,3
2025-04-09,20250409144000000,sh.601398,6.7800,6.7900,6.7700,6.7800,5387400,36511232.0000,3
2025-04-09,20250409144500000,sh.601398,6.7800,6.7800,6.7700,6.7800,8376200,56719870.0000,3
2025-04-09,20250409145000000,sh.601398,6.7700,6.7800,6.7700,6.7700,8872200,60091392.0000,3
2025-04-09,20250409145500000,sh.601398,6.7800,6.7800,6.7700,6.7800,10060900,68141056.0000,3
2025-04-09,20250409150000000,sh.601398,6.7800,6.8000,6.7600,6.8000,22320800,151566590.0000,3
2025-04-10,20250410093500000,sh.601398,6.8000,6.8000,6.7400,6.7500,38699100,261703840.0000,3
2025-04-10,20250410094000000,sh.601398,6.7600,6.7700,6.7500,6.7600,22826500,154285696.0000,3
2025-04-10,20250410094500000,sh.601398,6.7600,6.7700,6.7500,6.7600,14477500,97880256.0000,3
2025-04-10,20250410095000000,sh.601398,6.7600,6.7700,6.7500,6.7500,12304900,83129560.0000,3
2025-04-10,20250410095500000,sh.601398,6.7600,6.7600,6.7500,6.7600,12650100,85433794.0000,3
2025-04-10,20250410100000000,sh.601398,6.7500,6.7700,6.7500,6.7700,10179000,68795787.0000,3
2025-04-10,20250410100500000,sh.601398,6.7600,6.7700,6.7600,6.7600,10312900,69733110.0000,3
2025-04-10,20250410101000000,sh.601398,6.7600,6.7800,6.7500,6.7800,11228800,75989388.0000,3
2025-04-10,20250410101500000,sh.601398,6.7800,6.7800,6.7700,6.7800,7604000,51502705.0000,3
2025-04-10,20250410102000000,sh.601398,6.7700,6.7800,6.7600,6.7700,8162600,55236813.0000,3
2025-04-10,20250410102500000,sh.601398,6.7700,6.7700,6.7600,6.7700,5919000,40025403.0000,3
2025-04-10,20250410103000000,sh.601398,6.7600,6.7700,6.7500,6.7600,6138900,41496064.0000,3
2025-04-10,20250410103500000,sh.601398,6.7600,6.7700,6.7500,6.7600,7539200,50986620.0000,3
2025-04-10,20250410104000000,sh.601398,6.7700,6.7800,6.7600,6.7800,5507700,37283718.0000,3
2025-04-10,20250410104500000,sh.601398,6.7700,6.7800,6.7600,6.7700,2997200,20286466.0000,3
2025-04-10,20250410105000000,sh.601398,6.7700,6.7700,6.7600,6.7700,4623600,31269756.0000,3
2025-04-10,20250410105500000,sh.601398,6.7600,6.7700,6.7500,6.7500,6679100,45141504.0000,3
2025-04-10,20250410110000000,sh.601398,6.7500,6.7600,6.7500,6.7600,5629400,38007168.0000,3
2025-04-10,20250410110500000,sh.601398,6.7600,6.7600,6.7500,6.7600,3567900,24092162.0000,3
2025-04-10,20250410111000000,sh.601398,6.7500,6.7600,6.7300,6.7500,39989600,269708924.0000,3
2025-04-10,20250410111500000,sh.601398,6.7500,6.7500,6.7300,6.7500,6758100,45540226.0000,3
2025-04-10,20250410112000000,sh.601398,6.7500,6.7500,6.7400,6.7500,9095100,61320964.0000,3
2025-04-10,20250410112500000,sh.601398,6.7500,6.7500,6.7300,6.7500,4770200,32141432.0000,3
2025-04-10,20250410113000000,sh.601398,6.7500,6.7500,6.7400,6.7500,4034000,27205514.0000,3
2025-04-10,20250410130500000,sh.601398,6.7500,6.7600,6.7300,6.7400,7356200,49586816.0000,3
2025-04-10,20250410131000000,sh.601398,6.7400,6.7400,6.7300,6.7400,4603000,31000189.0000,3
2025-04-10,20250410131500000,sh.601398,6.7400,6.7500,6.7300,6.7400,3673400,24764548.0000,3
2025-04-10,20250410132000000,sh.601398,6.7400,6.7500,6.7400,6.7500,3657900,24662141.0000,3
2025-04-10,20250410132500000,sh.601398,6.7400,6.7500,6.7300,6.7500,5212500,35128579.0000,3
2025-04-10,20250410133000000,sh.601398,6.7400,6.7500,6.7400,6.7500,4408300,29725817.0000,3
2025-04-10,20250410133500000,sh.601398,6.7500,6.7500,6.7400,6.7400,5234500,35304060.0000,3
2025-04-10,20250410134000000,sh.601398,6.7500,6.7600,6.7400,6.7600,7486900,50534793.0000,3
2025-04-10,20250410134500000,sh.601398,6.7500,6.7600,6.7400,6.7500,4384000,29587198.0000,3
2025-04-10,20250410135000000,sh.601398,6.7500,6.7500,6.7400,6.7500,3095600,20874496.0000,3
2025-04-10,20250410135500000,sh.601398,6.7500,6.7600,6.7400,6.7500,7166200,48358521.0000,3
2025-04-10,20250410140000000,sh.601398,6.7500,6.7500,6.7400,6.7400,4192900,28278270.0000,3
2025-04-10,20250410140500000,sh.601398,6.7500,6.7500,6.7400,6.7500,6084500,41030412.0000,3
2025-04-10,20250410141000000,sh.601398,6.7500,6.7600,6.7500,6.7500,4565300,30833654.0000,3
2025-04-10,20250410141500000,sh.601398,6.7600,6.7600,6.7500,6.7600,4816500,32528384.0000,3
2025-04-10,20250410142000000,sh.601398,6.7600,6.7600,6.7500,6.7600,2667000,18018044.0000,3
2025-04-10,20250410142500000,sh.601398,6.7600,6.7600,6.7500,6.7600,3988200,26933764.0000,3
2025-04-10,20250410143000000,sh.601398,6.7500,6.7600,6.7500,6.7600,2776600,18754818.0000,3
2025-04-10,20250410143500000,sh.601398,6.7600,6.7600,6.7500,6.7600,5532700,37366012.0000,3
2025-04-10,20250410144000000,sh.601398,6.7500,6.7600,6.7400,6.7500,8036300,54240771.0000,3
2025-04-10,20250410144500000,sh.601398,6.7500,6.7600,6.7400,6.7600,5441000,36745735.0000,3
2025-04-10,20250410145000000,sh.601398,6.7500,6.7600,6.7500,6.7600,7533400,50884610.0000,3
2025-04-10,20250410145500000,sh.601398,6.7600,6.7600,6.7500,6.7600,12010500,81126390.0000,3
2025-04-10,20250410150000000,sh.601398,6.7500,6.7600,6.7500,6.7500,15719700,106134780.0000,3
2025-04-11,20250411093500000,sh.601398,6.7600,6.7600,6.7400,6.7600,19951300,134725136.0000,3
2025-04-11,20250411094000000,sh.601398,6.7600,6.7600,6.7400,6.7500,14044700,94864368.0000,3
2025-04-11,20250411094500000,sh.601398,6.7500,6.7600,6.7400,6.7400,9557300,64489024.0000,3
2025-04-11,20250411095000000,sh.601398,6.7500,6.7500,6.7300,6.7400,9400600,63339872.0000,3
2025-04-11,20250411095500000,sh.601398,6.7400,6.7400,6.7200,6.7300,14902700,100274048.0000,3
2025-04-11,20250411100000000,sh.601398,6.7300,6.7400,6.7200,6.7200,6170500,41494080.0000,3
2025-04-11,20250411100500000,sh.601398,6.7200,6.7400,6.7200,6.7300,8446400,56832856.0000,3
2025-04-11,20250411101000000,sh.601398,6.7300,6.7400,6.7200,6.7300,8538700,57437896.0000,3
2025-04-11,20250411101500000,sh.601398,6.7200,6.7300,6.7200,6.7200,2494400,16772359.0000,3
2025-04-11,20250411102000000,sh.601398,6.7200,6.7300,6.7200,6.7300,2577100,17334138.0000,3
2025-04-11,20250411102500000,sh.601398,6.7300,6.7400,6.7300,6.7400,4728300,31828159.0000,3
2025-04-11,20250411103000000,sh.601398,6.7400,6.7500,6.7300,6.7400,13519500,91199107.0000,3
2025-04-11,20250411103500000,sh.601398,6.7400,6.7500,6.7400,6.7400,3884100,26187585.0000,3
2025-04-11,20250411104000000,sh.601398,6.7400,6.7500,6.7300,6.7400,5016700,33815540.0000,3
2025-04-11,20250411104500000,sh.601398,6.7400,6.7500,6.7400,6.7500,2274600,15333956.0000,3
2025-04-11,20250411105000000,sh.601398,6.7400,6.7500,6.7300,6.7400,1832000,12334854.0000,3
2025-04-11,20250411105500000,sh.601398,6.7400,6.7400,6.7300,6.7300,1651800,11125560.0000,3
2025-04-11,20250411110000000,sh.601398,6.7300,6.7500,6.7300,6.7500,2222500,14980292.0000,3
2025-04-11,20250411110500000,sh.601398,6.7500,6.7500,6.7300,6.7500,1854300,12501318.0000,3
2025-04-11,20250411111000000,sh.601398,6.7400,6.7500,6.7300,6.7400,2536500,17085492.0000,3
2025-04-11,20250411111500000,sh.601398,6.7300,6.7400,6.7300,6.7400,1961200,13206087.0000,3
2025-04-11,20250411112000000,sh.601398,6.7400,6.7400,6.7300,6.7300,1624300,10938248.0000,3
2025-04-11,20250411112500000,sh.601398,6.7300,6.7500,6.7300,6.7400,12865000,86797053.0000,3
2025-04-11,20250411113000000,sh.601398,6.7500,6.7600,6.7400,6.7500,5131400,34646455.0000,3
2025-04-11,20250411130500000,sh.601398,6.7600,6.7600,6.7300,6.7400,11211900,75603903.0000,3
2025-04-11,20250411131000000,sh.601398,6.7400,6.7500,6.7300,6.7300,3299000,22227083.0000,3
2025-04-11,20250411131500000,sh.601398,6.7300,6.7500,6.7300,6.7500,4037400,27209341.0000,3
2025-04-11,20250411132000000,sh.601398,6.7400,6.7500,6.7300,6.7500,2248100,15152251.0000,3
2025-04-11,20250411132500000,sh.601398,6.7400,6.7500,6.7400,6.7500,9591600,64737019.0000,3
2025-04-11,20250411133000000,sh.601398,6.7500,6.7600,6.7500,6.7600,4594600,31030536.0000,3
2025-04-11,20250411133500000,sh.601398,6.7500,6.7600,6.7500,6.7500,9785900,66104324.0000,3
2025-04-11,20250411134000000,sh.601398,6.7500,6.7600,6.7500,6.7500,2551100,17222656.0000,3
2025-04-11,20250411134500000,sh.601398,6.7600,6.7700,6.7500,6.7700,12512200,84583547.0000,3
2025-04-11,20250411135000000,sh.601398,6.7700,6.7700,6.7600,6.7600,5294400,35795837.0000,3
2025-04-11,20250411135500000,sh.601398,6.7600,6.7700,6.7500,6.7600,7643500,51643521.0000,3
2025-04-11,20250411140000000,sh.601398,6.7500,6.7700,6.7500,6.7700,6264100,42345607.0000,3
2025-04-11,20250411140500000,sh.601398,6.7700,6.7700,6.7600,6.7700,4236800,28672500.0000,3
2025-04-11,20250411141000000,sh.601398,6.7600,6.7700,6.7600,6.7700,4656000,31513352.0000,3
2025-04-11,20250411141500000,sh.601398,6.7700,6.7800,6.7700,6.7700,19419100,131495420.0000,3
2025-04-11,20250411142000000,sh.601398,6.7700,6.7800,6.7700,6.7700,3104600,21034247.0000,3
2025-04-11,20250411142500000,sh.601398,6.7800,6.7800,6.7700,6.7800,2604400,17638272.0000,3
2025-04-11,20250411143000000,sh.601398,6.7800,6.7800,6.7600,6.7700,7462900,50535296.0000,3
2025-04-11,20250411143500000,sh.601398,6.7700,6.7700,6.7600,6.7700,2917500,19742202.0000,3
2025-04-11,20250411144000000,sh.601398,6.7700,6.7700,6.7600,6.7600,1747500,11823747.0000,3
2025-04-11,20250411144500000,sh.601398,6.7600,6.7800,6.7600,6.7800,7684800,52036224.0000,3
2025-04-11,20250411145000000,sh.601398,6.7800,6.7800,6.7700,6.7800,5192300,35189250.0000,3
2025-04-11,20250411145500000,sh.601398,6.7700,6.7900,6.7700,6.7800,30285100,205425406.0000,3
2025-04-11,20250411150000000,sh.601398,6.7800,6.8000,6.7800,6.8000,22023800,149697536.0000,3
2025-04-14,20250414093500000,sh.601398,6.7800,6.8000,6.7700,6.7800,45903900,311460512.0000,3
2025-04-14,20250414094000000,sh.601398,6.7700,6.8100,6.7700,6.8100,22808300,155035840.0000,3
2025-04-14,20250414094500000,sh.601398,6.8100,6.8200,6.8000,6.8200,17791900,121287460.0000,3
2025-04-14,20250414095000000,sh.601398,6.8200,6.8300,6.8100,6.8200,10959500,74765822.0000,3
2025-04-14,20250414095500000,sh.601398,6.8200,6.8400,6.8100,6.8400,18825300,128497280.0000,3
2025-04-14,20250414100000000,sh.601398,6.8300,6.8400,6.8200,6.8400,12045200,82323392.0000,3
2025-04-14,20250414100500000,sh.601398,6.8400,6.8600,6.8300,6.8500,28697500,196477177.0000,3
2025-04-14,20250414101000000,sh.601398,6.8400,6.8500,6.8400,6.8400,5808200,39761604.0000,3
2025-04-14,20250414101500000,sh.601398,6.8400,6.8500,6.8300,6.8400,7210300,49300101.0000,3
2025-04-14,20250414102000000,sh.601398,6.8400,6.8500,6.8300,6.8400,7232200,49435648.0000,3
2025-04-14,20250414102500000,sh.601398,6.8400,6.8400,6.8300,6.8400,3266300,22325236.0000,3
2025-04-14,20250414103000000,sh.601398,6.8300,6.8400,6.8300,6.8400,3523900,24083584.0000,3
2025-04-14,20250414103500000,sh.601398,6.8400,6.8400,6.8200,6.8400,13492300,92145545.0000,3
2025-04-14,20250414104000000,sh.601398,6.8300,6.8400,6.8200,6.8400,3233600,22085763.0000,3
2025-04-14,20250414104500000,sh.601398,6.8300,6.8400,6.8300,6.8400,1645100,11243776.0000,3
2025-04-14,20250414105000000,sh.601398,6.8300,6.8400,6.8300,6.8400,4883000,33381373.0000,3
2025-04-14,20250414105500000,sh.601398,6.8400,6.8500,6.8400,6.8400,6210000,42484727.0000,3
2025-04-14,20250414110000000,sh.601398,6.8400,6.8500,6.8400,6.8500,2643000,18086284.0000,3
2025-04-14,20250414110500000,sh.601398,6.8400,6.8500,6.8300,6.8400,5539900,37880312.0000,3
2025-04-14,20250414111000000,sh.601398,6.8400,6.8400,6.8300,6.8400,5330600,36438396.0000,3
2025-04-14,20250414111500000,sh.601398,6.8400,6.8400,6.8300,6.8400,2954600,20187910.0000,3
2025-04-14,20250414112000000,sh.601398,6.8300,6.8400,6.8300,6.8300,3638500,24865410.0000,3
2025-04-14,20250414112500000,sh.601398,6.8300,6.8400,6.8300,6.8300,4867400,33267067.0000,3
2025-04-14,20250414113000000,sh.601398,6.8400,6.8500,6.8300,6.8400,2917700,19945477.0000,3
2025-04-14,20250414130500000,sh.601398,6.8400,6.8600,6.8300,6.8600,33245200,227820672.0000,3
2025-04-14,20250414131000000,sh.601398,6.8500,6.8600,6.8500,6.8500,4742700,32488953.0000,3
2025-04-14,20250414131500000,sh.601398,6.8500,6.8700,6.8500,6.8600,10000200,68601097.0000,3
2025-04-14,20250414132000000,sh.601398,6.8600,6.8700,6.8600,6.8700,13956600,95874302.0000,3
2025-04-14,20250414132500000,sh.601398,6.8800,6.8900,6.8700,6.8800,22657900,155924480.0000,3
2025-04-14,20250414133000000,sh.601398,6.8800,6.8900,6.8700,6.8800,7079600,48741888.0000,3
2025-04-14,20250414133500000,sh.601398,6.8800,6.9000,6.8800,6.9000,23722700,163520512.0000,3
2025-04-14,20250414134000000,sh.601398,6.8900,6.9000,6.8900,6.8900,4343400,29933824.0000,3
2025-04-14,20250414134500000,sh.601398,6.8900,6.9000,6.8900,6.8900,6029300,41574656.0000,3
2025-04-14,20250414135000000,sh.601398,6.8900,6.9000,6.8800,6.8800,3797900,26167808.0000,3
2025-04-14,20250414135500000,sh.601398,6.8900,6.8900,6.8800,6.8800,2144400,14759680.0000,3
2025-04-14,20250414140000000,sh.601398,6.8900,6.8900,6.8800,6.8800,3509500,24160512.0000,3
2025-04-14,20250414140500000,sh.601398,6.8900,6.8900,6.8800,6.8900,3626500,24957952.0000,3
2025-04-14,20250414141000000,sh.601398,6.8900,6.8900,6.8700,6.8700,5085700,34977792.0000,3
2025-04-14,20250414141500000,sh.601398,6.8800,6.8800,6.8700,6.8800,4483300,30835456.0000,3
2025-04-14,20250414142000000,sh.601398,6.8700,6.8800,6.8700,6.8800,5833200,40095232.0000,3
2025-04-14,20250414142500000,sh.601398,6.8800,6.8800,6.8700,6.8700,1827800,12564224.0000,3
2025-04-14,20250414143000000,sh.601398,6.8800,6.8800,6.8700,6.8700,2200300,15128320.0000,3
2025-04-14,20250414143500000,sh.601398,6.8800,6.8800,6.8700,6.8700,1375200,9452288.0000,3
2025-04-14,20250414144000000,sh.601398,6.8800,6.8800,6.8600,6.8600,9491100,65195006.0000,3
2025-04-14,20250414144500000,sh.601398,6.8700,6.8700,6.8600,6.8700,5633600,38675458.0000,3
2025-04-14,20250414145000000,sh.601398,6.8600,6.8700,6.8600,6.8600,3764900,25838084.0000,3
2025-04-14,20250414145500000,sh.601398,6.8700,6.8700,6.8600,6.8700,8136500,55842044.0000,3
2025-04-14,20250414150000000,sh.601398,6.8600,6.8700,6.8600,6.8700,11288500,77515520.0000,3
2025-04-15,20250415093500000,sh.601398,6.8700,6.9000,6.8700,6.8800,25945500,178588064.0000,3
2025-04-15,20250415094000000,sh.601398,6.8900,6.9100,6.8800,6.9100,19951500,137678048.0000,3
2025-04-15,20250415094500000,sh.601398,6.9100,6.9300,6.9000,6.9300,17729900,122666336.0000,3
2025-04-15,20250415095000000,sh.601398,6.9200,6.9400,6.9100,6.9100,23448000,162481700.0000,3
2025-04-15,20250415095500000,sh.601398,6.9100,6.9200,6.9000,6.9000,8459400,58428282.0000,3
2025-04-15,20250415100000000,sh.601398,6.9000,6.9100,6.8900,6.8900,8496600,58604542.0000,3
2025-04-15,20250415100500000,sh.601398,6.9000,6.9200,6.8900,6.9200,7088200,48968320.0000,3
2025-04-15,20250415101000000,sh.601398,6.9100,6.9200,6.9100,6.9200,6610200,45719039.0000,3
2025-04-15,20250415101500000,sh.601398,6.9200,6.9200,6.9100,6.9100,3135800,21679102.0000,3
2025-04-15,20250415102000000,sh.601398,6.9100,6.9300,6.9100,6.9200,8975100,62096587.0000,3
2025-04-15,20250415102500000,sh.601398,6.9300,6.9300,6.9200,6.9200,13470800,93330558.0000,3
2025-04-15,20250415103000000,sh.601398,6.9200,6.9300,6.9200,6.9300,2935400,20320318.0000,3
2025-04-15,20250415103500000,sh.601398,6.9200,6.9300,6.9100,6.9100,5613600,38843908.0000,3
2025-04-15,20250415104000000,sh.601398,6.9100,6.9200,6.9100,6.9100,1468900,10158580.0000,3
2025-04-15,20250415104500000,sh.601398,6.9200,6.9200,6.9100,6.9200,3391300,23461512.0000,3
2025-04-15,20250415105000000,sh.601398,6.9200,6.9300,6.9100,6.9300,2090200,14465540.0000,3
2025-04-15,20250415105500000,sh.601398,6.9200,6.9300,6.9100,6.9200,5566500,38533632.0000,3
2025-04-15,20250415110000000,sh.601398,6.9300,6.9300,6.9200,6.9200,5653100,39157376.0000,3
2025-04-15,20250415110500000,sh.601398,6.9300,6.9400,6.9200,6.9300,14214300,98506106.0000,3
2025-04-15,20250415111000000,sh.601398,6.9300,6.9400,6.9200,6.9300,5060100,35064580.0000,3
2025-04-15,20250415111500000,sh.601398,6.9400,6.9400,6.9300,6.9300,2610900,18101628.0000,3
2025-04-15,20250415112000000,sh.601398,6.9400,6.9400,6.9300,6.9300,1779300,12336392.0000,3
2025-04-15,20250415112500000,sh.601398,6.9400,6.9400,6.9300,6.9400,11505800,79838336.0000,3
2025-04-15,20250415113000000,sh.601398,6.9400,6.9600,6.9300,6.9600,37250400,258816503.0000,3
2025-04-15,20250415130500000,sh.601398,6.9500,6.9700,6.9500,6.9500,18826200,131002243.0000,3
2025-04-15,20250415131000000,sh.601398,6.9500,6.9600,6.9500,6.9500,2710300,18849276.0000,3
2025-04-15,20250415131500000,sh.601398,6.9500,6.9600,6.9500,6.9600,4192900,29165055.0000,3
2025-04-15,20250415132000000,sh.601398,6.9600,6.9600,6.9500,6.9500,8676300,60371845.0000,3
2025-04-15,20250415132500000,sh.601398,6.9500,6.9600,6.9500,6.9500,2529300,17589892.0000,3
2025-04-15,20250415133000000,sh.601398,6.9500,6.9600,6.9500,6.9600,3804300,26449533.0000,3
2025-04-15,20250415133500000,sh.601398,6.9500,6.9600,6.9500,6.9500,2740600,19064187.0000,3
2025-04-15,20250415134000000,sh.601398,6.9500,6.9600,6.9400,6.9400,4714500,32768265.0000,3
2025-04-15,20250415134500000,sh.601398,6.9400,6.9500,6.9400,6.9500,2159700,14998015.0000,3
2025-04-15,20250415135000000,sh.601398,6.9400,6.9500,6.9400,6.9400,4225300,29346552.0000,3
2025-04-15,20250415135500000,sh.601398,6.9500,6.9500,6.9400,6.9400,3897500,27061642.0000,3
2025-04-15,20250415140000000,sh.601398,6.9500,6.9500,6.9400,6.9500,4486700,31143798.0000,3
2025-04-15,20250415140500000,sh.601398,6.9400,6.9500,6.9400,6.9400,2874500,19957764.0000,3
2025-04-15,20250415141000000,sh.601398,6.9500,6.9500,6.9400,6.9400,2774500,19267204.0000,3
2025-04-15,20250415141500000,sh.601398,6.9400,6.9500,6.9400,6.9500,2195500,15242744.0000,3
2025-04-15,20250415142000000,sh.601398,6.9400,6.9500,6.9400,6.9500,3139100,21792766.0000,3
2025-04-15,20250415142500000,sh.601398,6.9500,6.9500,6.9400,6.9400,4030600,27979788.0000,3
2025-04-15,20250415143000000,sh.601398,6.9500,6.9500,6.9400,6.9500,4966400,34480370.0000,3
2025-04-15,20250415143500000,sh.601398,6.9500,6.9500,6.9400,6.9500,4168500,28949773.0000,3
2025-04-15,20250415144000000,sh.601398,6.9500,6.9500,6.9400,6.9400,3650700,25360638.0000,3
2025-04-15,20250415144500000,sh.601398,6.9500,6.9500,6.9400,6.9500,8445900,58684668.0000,3
2025-04-15,20250415145000000,sh.601398,6.9400,6.9500,6.9400,6.9400,8451500,58716931.0000,3
2025-04-15,20250415145500000,sh.601398,6.9500,6.9600,6.9400,6.9500,19362100,134611958.0000,3
2025-04-15,20250415150000000,sh.601398,6.9500,6.9600,6.9400,6.9600,14705300,102298891.0000,3
2025-04-16,20250416093500000,sh.601398,6.9600,7.0000,6.9600,6.9600,31265700,218190848.0000,3
2025-04-16,20250416094000000,sh.601398,6.9700,6.9900,6.9700,6.9800,15001400,104652000.0000,3
2025-04-16,20250416094500000,sh.601398,6.9700,6.9800,6.9700,6.9700,7880400,54962176.0000,3
2025-04-16,20250416095000000,sh.601398,6.9700,6.9800,6.9400,6.9500,22840000,159059744.0000,3
2025-04-16,20250416095500000,sh.601398,6.9400,6.9600,6.9300,6.9400,14694400,101957496.0000,3
2025-04-16,20250416100000000,sh.601398,6.9500,6.9600,6.9400,6.9500,7548300,52415817.0000,3
2025-04-16,20250416100500000,sh.601398,6.9600,6.9600,6.9500,6.9500,4386500,30506367.0000,3
2025-04-16,20250416101000000,sh.601398,6.9500,6.9600,6.9400,6.9400,7437500,51690168.0000,3
2025-04-16,20250416101500000,sh.601398,6.9400,6.9600,6.9400,6.9500,3239900,22532615.0000,3
2025-04-16,20250416102000000,sh.601398,6.9600,6.9700,6.9500,6.9700,5175100,36025990.0000,3
2025-04-16,20250416102500000,sh.601398,6.9600,6.9700,6.9500,6.9500,5441600,37886779.0000,3
2025-04-16,20250416103000000,sh.601398,6.9500,6.9700,6.9500,6.9600,5736000,39919744.0000,3
2025-04-16,20250416103500000,sh.601398,6.9700,6.9800,6.9600,6.9800,6743700,47003576.0000,3
2025-04-16,20250416104000000,sh.601398,6.9800,6.9800,6.9700,6.9700,4624800,32269711.0000,3
2025-04-16,20250416104500000,sh.601398,6.9700,6.9900,6.9700,6.9800,11401400,79652794.0000,3
2025-04-16,20250416105000000,sh.601398,6.9800,7.0000,6.9800,6.9800,6715800,46936000.0000,3
2025-04-16,20250416105500000,sh.601398,6.9900,7.0000,6.9800,6.9900,7695100,53786497.0000,3
2025-04-16,20250416110000000,sh.601398,7.0000,7.0100,6.9900,7.0000,23785000,166508420.0000,3
2025-04-16,20250416110500000,sh.601398,7.0100,7.0200,7.0000,7.0000,17752300,124474614.0000,3
2025-04-16,20250416111000000,sh.601398,7.0100,7.0200,7.0000,7.0200,4517600,31689986.0000,3
2025-04-16,20250416111500000,sh.601398,7.0200,7.0200,7.0100,7.0100,6528600,45811202.0000,3
2025-04-16,20250416112000000,sh.601398,7.0100,7.0200,7.0000,7.0100,6225500,43627136.0000,3
2025-04-16,20250416112500000,sh.601398,7.0100,7.0400,7.0000,7.0300,21145700,148569088.0000,3
2025-04-16,20250416113000000,sh.601398,7.0400,7.0400,7.0200,7.0200,7994600,56218240.0000,3
2025-04-16,20250416130500000,sh.601398,7.0200,7.0300,7.0000,7.0100,12843300,90097158.0000,3
2025-04-16,20250416131000000,sh.601398,7.0100,7.0200,7.0000,7.0100,3831500,26864510.0000,3
2025-04-16,20250416131500000,sh.601398,7.0100,7.0100,6.9900,7.0100,5656800,39597816.0000,3
2025-04-16,20250416132000000,sh.601398,7.0100,7.0100,7.0000,7.0000,3034100,21258760.0000,3
2025-04-16,20250416132500000,sh.601398,7.0100,7.0200,7.0000,7.0100,4148900,29085564.0000,3
2025-04-16,20250416133000000,sh.601398,7.0200,7.0200,7.0000,7.0000,3111100,21807621.0000,3
2025-04-16,20250416133500000,sh.601398,7.0100,7.0200,7.0000,7.0200,3144600,22032642.0000,3
2025-04-16,20250416134000000,sh.601398,7.0100,7.0200,7.0000,7.0200,3245200,22753789.0000,3
2025-04-16,20250416134500000,sh.601398,7.0100,7.0200,7.0000,7.0100,3494600,24502907.0000,3
2025-04-16,20250416135000000,sh.601398,7.0100,7.0100,7.0000,7.0000,2671200,18712711.0000,3
2025-04-16,20250416135500000,sh.601398,7.0000,7.0100,7.0000,7.0100,3978400,27870452.0000,3
2025-04-16,20250416140000000,sh.601398,7.0000,7.0200,7.0000,7.0100,3403400,23862528.0000,3
2025-04-16,20250416140500000,sh.601398,7.0200,7.0200,7.0100,7.0100,1739800,12200717.0000,3
2025-04-16,20250416141000000,sh.601398,7.0100,7.0200,7.0000,7.0000,2596600,18198014.0000,3
2025-04-16,20250416141500000,sh.601398,7.0100,7.0200,7.0000,7.0100,3478700,24387571.0000,3
2025-04-16,20250416142000000,sh.601398,7.0100,7.0200,7.0100,7.0100,1806100,12670730.0000,3
2025-04-16,20250416142500000,sh.601398,7.0100,7.0200,7.0100,7.0100,1950300,13681924.0000,3
2025-04-16,20250416143000000,sh.601398,7.0100,7.0200,7.0100,7.0200,1780100,12487681.0000,3
2025-04-16,20250416143500000,sh.601398,7.0200,7.0300,7.0100,7.0300,9706100,68137726.0000,3
2025-04-16,20250416144000000,sh.601398,7.0300,7.0300,7.0100,7.0200,3596900,25252860.0000,3
2025-04-16,20250416144500000,sh.601398,7.0200,7.0300,7.0100,7.0300,6920800,48608767.0000,3
2025-04-16,20250416145000000,sh.601398,7.0300,7.0400,7.0200,7.0400,17554900,123389184.0000,3
2025-04-16,20250416145500000,sh.601398,7.0400,7.0500,7.0300,7.0500,35301300,248614912.0000,3
2025-04-16,20250416150000000,sh.601398,7.0500,7.0600,7.0400,7.0600,18468600,130266368.0000,3
2025-04-17,20250417093500000,sh.601398,7.0500,7.0700,7.0100,7.0200,33177800,233285696.0000,3
2025-04-17,20250417094000000,sh.601398,7.0200,7.0300,7.0000,7.0000,12114000,84906080.0000,3
2025-04-17,20250417094500000,sh.601398,7.0100,7.0100,6.9900,7.0100,9479900,66357600.0000,3
2025-04-17,20250417095000000,sh.601398,7.0100,7.0100,6.9600,6.9600,25534100,178178688.0000,3
2025-04-17,20250417095500000,sh.601398,6.9700,6.9800,6.9600,6.9700,12373400,86190264.0000,3
2025-04-17,20250417100000000,sh.601398,6.9700,6.9800,6.9600,6.9800,7798500,54329993.0000,3
2025-04-17,20250417100500000,sh.601398,6.9800,7.0000,6.9700,7.0000,6108000,42706810.0000,3
2025-04-17,20250417101000000,sh.601398,7.0000,7.0100,6.9900,7.0000,5734000,40109445.0000,3
2025-04-17,20250417101500000,sh.601398,7.0000,7.0200,7.0000,7.0200,3950700,27702718.0000,3
2025-04-17,20250417102000000,sh.601398,7.0100,7.0200,7.0100,7.0200,4695500,32958078.0000,3
2025-04-17,20250417102500000,sh.601398,7.0200,7.0300,7.0100,7.0300,4231200,29687172.0000,3
2025-04-17,20250417103000000,sh.601398,7.0300,7.0300,7.0100,7.0100,4485600,31492420.0000,3
2025-04-17,20250417103500000,sh.601398,7.0200,7.0300,7.0100,7.0300,3143800,22062196.0000,3
2025-04-17,20250417104000000,sh.601398,7.0300,7.0500,7.0200,7.0400,8039900,56560968.0000,3
2025-04-17,20250417104500000,sh.601398,7.0300,7.0400,7.0100,7.0100,5923700,41605304.0000,3
2025-04-17,20250417105000000,sh.601398,7.0200,7.0200,7.0100,7.0100,1158800,8129930.0000,3
2025-04-17,20250417105500000,sh.601398,7.0100,7.0300,7.0100,7.0200,1501800,10540862.0000,3
2025-04-17,20250417110000000,sh.601398,7.0200,7.0300,7.0100,7.0200,1646200,11555974.0000,3
2025-04-17,20250417110500000,sh.601398,7.0200,7.0200,7.0100,7.0100,1704700,11955320.0000,3
2025-04-17,20250417111000000,sh.601398,7.0200,7.0200,7.0000,7.0100,5302300,37166854.0000,3
2025-04-17,20250417111500000,sh.601398,7.0100,7.0200,7.0100,7.0200,1203100,8437755.0000,3
2025-04-17,20250417112000000,sh.601398,7.0100,7.0200,7.0000,7.0100,1913200,13411078.0000,3
2025-04-17,20250417112500000,sh.601398,7.0100,7.0100,7.0000,7.0000,944900,6617851.0000,3
2025-04-17,20250417113000000,sh.601398,7.0100,7.0200,7.0000,7.0100,4675900,32781955.0000,3
2025-04-17,20250417130500000,sh.601398,7.0100,7.0100,6.9900,7.0100,10516000,73628539.0000,3
2025-04-17,20250417131000000,sh.601398,7.0000,7.0200,7.0000,7.0100,1647700,11559303.0000,3
2025-04-17,20250417131500000,sh.601398,7.0200,7.0300,7.0100,7.0300,5710700,40079999.0000,3
2025-04-17,20250417132000000,sh.601398,7.0300,7.0300,7.0200,7.0300,1595300,11208694.0000,3
2025-04-17,20250417132500000,sh.601398,7.0300,7.0300,7.0200,7.0200,3102600,21803018.0000,3
2025-04-17,20250417133000000,sh.601398,7.0200,7.0300,7.0200,7.0200,2417200,16971905.0000,3
2025-04-17,20250417133500000,sh.601398,7.0300,7.0300,7.0200,7.0200,1341300,9422455.0000,3
2025-04-17,20250417134000000,sh.601398,7.0300,7.0300,7.0200,7.0300,4210700,29591428.0000,3
2025-04-17,20250417134500000,sh.601398,7.0300,7.0300,7.0200,7.0300,2107200,14809860.0000,3
2025-04-17,20250417135000000,sh.601398,7.0300,7.0400,7.0200,7.0400,1901200,13374844.0000,3
2025-04-17,20250417135500000,sh.601398,7.0300,7.0500,7.0300,7.0300,4746600,33414393.0000,3
2025-04-17,20250417140000000,sh.601398,7.0300,7.0400,7.0300,7.0300,2202300,15491591.0000,3
2025-04-17,20250417140500000,sh.601398,7.0400,7.0400,7.0300,7.0300,1429700,10055808.0000,3
2025-04-17,20250417141000000,sh.601398,7.0400,7.0400,7.0300,7.0300,3767100,26502400.0000,3
2025-04-17,20250417141500000,sh.601398,7.0300,7.0500,7.0300,7.0500,5883500,41416576.0000,3
2025-04-17,20250417142000000,sh.601398,7.0500,7.0500,7.0400,7.0400,3606300,25415808.0000,3
2025-04-17,20250417142500000,sh.601398,7.0500,7.0500,7.0400,7.0400,3179000,22407424.0000,3
2025-04-17,20250417143000000,sh.601398,7.0400,7.0500,7.0400,7.0400,3468800,24436352.0000,3
2025-04-17,20250417143500000,sh.601398,7.0400,7.0500,7.0400,7.0500,2741800,19315200.0000,3
2025-04-17,20250417144000000,sh.601398,7.0500,7.0500,7.0400,7.0500,3169400,22338560.0000,3
2025-04-17,20250417144500000,sh.601398,7.0500,7.0500,7.0400,7.0400,2384400,16798592.0000,3
2025-04-17,20250417145000000,sh.601398,7.0500,7.0600,7.0400,7.0500,8417500,59349888.0000,3
2025-04-17,20250417145500000,sh.601398,7.0600,7.0600,7.0400,7.0600,7399200,52188288.0000,3
2025-04-17,20250417150000000,sh.601398,7.0600,7.0600,7.0500,7.0500,10132300,71470464.0000,3
2025-04-18,20250418093500000,sh.601398,7.0400,7.0900,7.0400,7.0700,34825100,245943808.0000,3
2025-04-18,20250418094000000,sh.601398,7.0700,7.1000,7.0700,7.0800,27842400,197446112.0000,3
2025-04-18,20250418094500000,sh.601398,7.0900,7.1000,7.0800,7.0900,11703600,83013184.0000,3
2025-04-18,20250418095000000,sh.601398,7.1000,7.1100,7.0900,7.1100,9166300,65076708.0000,3
2025-04-18,20250418095500000,sh.601398,7.1000,7.1200,7.1000,7.1200,9017100,64124540.0000,3
2025-04-18,20250418100000000,sh.601398,7.1100,7.1200,7.1100,7.1100,8115300,57763585.0000,3
2025-04-18,20250418100500000,sh.601398,7.1200,7.1400,7.1200,7.1200,20966800,149478145.0000,3
2025-04-18,20250418101000000,sh.601398,7.1300,7.1300,7.1100,7.1300,5555300,39550141.0000,3
2025-04-18,20250418101500000,sh.601398,7.1200,7.1300,7.1200,7.1200,5654700,40288324.0000,3
2025-04-18,20250418102000000,sh.601398,7.1200,7.1400,7.1200,7.1300,8126800,57938174.0000,3
2025-04-18,20250418102500000,sh.601398,7.1300,7.1400,7.1300,7.1400,7008400,50026239.0000,3
2025-04-18,20250418103000000,sh.601398,7.1400,7.1400,7.1300,7.1300,9291200,66319230.0000,3
2025-04-18,20250418103500000,sh.601398,7.1400,7.1500,7.1300,7.1400,8108700,57918851.0000,3
2025-04-18,20250418104000000,sh.601398,7.1500,7.1500,7.1400,7.1500,9880600,70607877.0000,3
2025-04-18,20250418104500000,sh.601398,7.1500,7.1500,7.1400,7.1400,6657600,47547382.0000,3
2025-04-18,20250418105000000,sh.601398,7.1400,7.1500,7.1300,7.1500,3212600,22946183.0000,3
2025-04-18,20250418105500000,sh.601398,7.1400,7.1500,7.1400,7.1500,8887400,63530628.0000,3
2025-04-18,20250418110000000,sh.601398,7.1500,7.1600,7.1500,7.1600,16494100,118024825.0000,3
2025-04-18,20250418110500000,sh.601398,7.1500,7.1700,7.1500,7.1600,6060100,43388672.0000,3
2025-04-18,20250418111000000,sh.601398,7.1600,7.1600,7.1500,7.1600,2467200,17655296.0000,3
2025-04-18,20250418111500000,sh.601398,7.1600,7.1600,7.1500,7.1500,3966300,28382080.0000,3
2025-04-18,20250418112000000,sh.601398,7.1600,7.1600,7.1300,7.1300,4727000,33763452.0000,3
2025-04-18,20250418112500000,sh.601398,7.1300,7.1500,7.1300,7.1400,4494800,32107784.0000,3
2025-04-18,20250418113000000,sh.601398,7.1400,7.1500,7.1400,7.1500,3181500,22739316.0000,3
2025-04-18,20250418130500000,sh.601398,7.1500,7.1500,7.1400,7.1500,6817900,48719884.0000,3
2025-04-18,20250418131000000,sh.601398,7.1500,7.1500,7.1300,7.1400,3889300,27762040.0000,3
2025-04-18,20250418131500000,sh.601398,7.1300,7.1400,7.1300,7.1300,1809800,12912510.0000,3
2025-04-18,20250418132000000,sh.601398,7.1400,7.1500,7.1300,7.1400,6937900,49518475.0000,3
2025-04-18,20250418132500000,sh.601398,7.1500,7.1500,7.1300,7.1500,2962000,21150965.0000,3
2025-04-18,20250418133000000,sh.601398,7.1500,7.1500,7.1400,7.1500,1284300,9178381.0000,3
2025-04-18,20250418133500000,sh.601398,7.1500,7.1500,7.1300,7.1300,2618600,18702584.0000,3
2025-04-18,20250418134000000,sh.601398,7.1300,7.1400,7.1300,7.1400,2371000,16917373.0000,3
2025-04-18,20250418134500000,sh.601398,7.1300,7.1400,7.1200,7.1300,2696300,19222794.0000,3
2025-04-18,20250418135000000,sh.601398,7.1300,7.1300,7.1200,7.1200,1841300,13121911.0000,3
2025-04-18,20250418135500000,sh.601398,7.1300,7.1300,7.1100,7.1100,8021000,57105417.0000,3
2025-04-18,20250418140000000,sh.601398,7.1200,7.1200,7.1100,7.1200,4432700,31527410.0000,3
2025-04-18,20250418140500000,sh.601398,7.1100,7.1200,7.1000,7.1100,4965500,35284363.0000,3
2025-04-18,20250418141000000,sh.601398,7.1100,7.1100,7.1000,7.1100,2960900,21038461.0000,3
2025-04-18,20250418141500000,sh.601398,7.1000,7.1200,7.1000,7.1200,5630900,40021893.0000,3
2025-04-18,20250418142000000,sh.601398,7.1100,7.1200,7.1100,7.1100,2553900,18163841.0000,3
2025-04-18,20250418142500000,sh.601398,7.1200,7.1200,7.1000,7.1100,2995900,21305202.0000,3
2025-04-18,20250418143000000,sh.601398,7.1100,7.1200,7.1000,7.1100,3351200,23828356.0000,3
2025-04-18,20250418143500000,sh.601398,7.1100,7.1200,7.1000,7.1200,2841300,20217092.0000,3
2025-04-18,20250418144000000,sh.601398,7.1200,7.1200,7.1100,7.1100,2542200,18089976.0000,3
2025-04-18,20250418144500000,sh.601398,7.1200,7.1200,7.1100,7.1200,7803200,55531784.0000,3
2025-04-18,20250418145000000,sh.601398,7.1200,7.1500,7.1100,7.1500,17657700,125958911.0000,3
2025-04-18,20250418145500000,sh.601398,7.1500,7.1500,7.1300,7.1400,22217100,158643203.0000,3
2025-04-18,20250418150000000,sh.601398,7.1400,7.1600,7.1400,7.1400,31821700,227331832.0000,3
2025-04-21,20250421093500000,sh.601398,7.1300,7.2100,7.1300,7.2000,37766200,270708928.0000,3
2025-04-21,20250421094000000,sh.601398,7.1900,7.2000,7.1800,7.2000,11834900,85101024.0000,3
2025-04-21,20250421094500000,sh.601398,7.1900,7.2300,7.1900,7.2300,18028700,130088480.0000,3
2025-04-21,20250421095000000,sh.601398,7.2300,7.2300,7.2100,7.2200,12419100,89665088.0000,3
2025-04-21,20250421095500000,sh.601398,7.2200,7.2300,7.2100,7.2200,8108800,58556038.0000,3
2025-04-21,20250421100000000,sh.601398,7.2100,7.2300,7.2100,7.2200,4048300,29232956.0000,3
2025-04-21,20250421100500000,sh.601398,7.2200,7.2500,7.2200,7.2400,12652300,91525046.0000,3
2025-04-21,20250421101000000,sh.601398,7.2400,7.2500,7.2400,7.2500,5149000,37312644.0000,3
2025-04-21,20250421101500000,sh.601398,7.2500,7.2500,7.2100,7.2200,10231500,73992195.0000,3
2025-04-21,20250421102000000,sh.601398,7.2200,7.2200,7.1900,7.2000,11348800,81736455.0000,3
2025-04-21,20250421102500000,sh.601398,7.2000,7.2000,7.1600,7.1700,12419000,89166962.0000,3
2025-04-21,20250421103000000,sh.601398,7.1700,7.1700,7.1400,7.1400,13087000,93638273.0000,3
2025-04-21,20250421103500000,sh.601398,7.1500,7.1500,7.1100,7.1300,20031200,142679175.0000,3
2025-04-21,20250421104000000,sh.601398,7.1400,7.1400,7.1300,7.1300,4671200,33321088.0000,3
2025-04-21,20250421104500000,sh.601398,7.1300,7.1300,7.1100,7.1100,5829200,41505536.0000,3
2025-04-21,20250421105000000,sh.601398,7.1200,7.1200,7.1100,7.1200,2776200,19756672.0000,3
2025-04-21,20250421105500000,sh.601398,7.1200,7.1200,7.1000,7.1100,10078900,71637760.0000,3
2025-04-21,20250421110000000,sh.601398,7.1100,7.1100,7.1000,7.1100,5004600,35542400.0000,3
2025-04-21,20250421110500000,sh.601398,7.1000,7.1100,7.0900,7.1000,8005100,56816128.0000,3
2025-04-21,20250421111000000,sh.601398,7.1000,7.1100,7.0900,7.0900,5776200,40996352.0000,3
2025-04-21,20250421111500000,sh.601398,7.0900,7.1000,7.0900,7.1000,1184300,8404736.0000,3
2025-04-21,20250421112000000,sh.601398,7.0900,7.1000,7.0900,7.0900,2496600,17713536.0000,3
2025-04-21,20250421112500000,sh.601398,7.1000,7.1000,7.0900,7.1000,4288600,30415488.0000,3
2025-04-21,20250421113000000,sh.601398,7.1000,7.1000,7.0800,7.0900,5100200,36157952.0000,3
2025-04-21,20250421130500000,sh.601398,7.0800,7.0900,7.0700,7.0800,9425500,66755072.0000,3
2025-04-21,20250421131000000,sh.601398,7.0700,7.0900,7.0700,7.0800,3406600,24125952.0000,3
2025-04-21,20250421131500000,sh.601398,7.0800,7.0800,7.0700,7.0700,3554500,25158656.0000,3
2025-04-21,20250421132000000,sh.601398,7.0800,7.0800,7.0700,7.0700,3082500,21801728.0000,3
2025-04-21,20250421132500000,sh.601398,7.0700,7.0800,7.0700,7.0700,4533600,32069888.0000,3
2025-04-21,20250421133000000,sh.601398,7.0800,7.0800,7.0700,7.0700,3600900,25469952.0000,3
2025-04-21,20250421133500000,sh.601398,7.0700,7.0800,7.0700,7.0800,2852300,20176640.0000,3
2025-04-21,20250421134000000,sh.601398,7.0800,7.0800,7.0700,7.0800,2248700,15910528.0000,3
2025-04-21,20250421134500000,sh.601398,7.0800,7.0800,7.0600,7.0600,6204700,43850752.0000,3
2025-04-21,20250421135000000,sh.601398,7.0600,7.0700,7.0600,7.0700,3154100,22289280.0000,3
2025-04-21,20250421135500000,sh.601398,7.0600,7.0700,7.0600,7.0700,9151000,64620544.0000,3
2025-04-21,20250421140000000,sh.601398,7.0600,7.0700,7.0600,7.0700,3134500,22149760.0000,3
2025-04-21,20250421140500000,sh.601398,7.0700,7.0700,7.0600,7.0700,4159400,29373184.0000,3
2025-04-21,20250421141000000,sh.601398,7.0700,7.0700,7.0500,7.0600,9931000,70115712.0000,3
2025-04-21,20250421141500000,sh.601398,7.0700,7.0700,7.0600,7.0700,3114200,21991168.0000,3
2025-04-21,20250421142000000,sh.601398,7.0700,7.0700,7.0600,7.0700,2370600,16743936.0000,3
2025-04-21,20250421142500000,sh.601398,7.0600,7.0700,7.0600,7.0600,3238400,22872320.0000,3
2025-04-21,20250421143000000,sh.601398,7.0700,7.0700,7.0600,7.0600,2566000,18125056.0000,3
2025-04-21,20250421143500000,sh.601398,7.0600,7.0700,7.0500,7.0600,10674800,75369984.0000,3
2025-04-21,20250421144000000,sh.601398,7.0600,7.0700,7.0500,7.0700,9307900,65716480.0000,3
2025-04-21,20250421144500000,sh.601398,7.0600,7.0700,7.0600,7.0700,9134200,64545792.0000,3
2025-04-21,20250421145000000,sh.601398,7.0600,7.0700,7.0600,7.0700,7486100,52872960.0000,3
2025-04-21,20250421145500000,sh.601398,7.0600,7.0700,7.0600,7.0700,12169700,85940224.0000,3
2025-04-21,20250421150000000,sh.601398,7.0600,7.0700,7.0500,7.0500,13461300,94973440.0000,3
2025-04-22,20250422093500000,sh.601398,7.0500,7.1000,7.0500,7.0800,28512200,201550368.0000,3
2025-04-22,20250422094000000,sh.601398,7.0800,7.1000,7.0700,7.0900,23817400,168851840.0000,3
2025-04-22,20250422094500000,sh.601398,7.0900,7.1000,7.0700,7.0800,10396500,73654336.0000,3
2025-04-22,20250422095000000,sh.601398,7.0800,7.1100,7.0800,7.1100,12625400,89626400.0000,3
2025-04-22,20250422095500000,sh.601398,7.1100,7.1200,7.1000,7.1200,9458500,67255672.0000,3
2025-04-22,20250422100000000,sh.601398,7.1200,7.1300,7.1100,7.1200,13250500,94381643.0000,3
2025-04-22,20250422100500000,sh.601398,7.1200,7.1300,7.1000,7.1200,9586400,68206145.0000,3
2025-04-22,20250422101000000,sh.601398,7.1100,7.1300,7.1100,7.1200,10922900,77803257.0000,3
2025-04-22,20250422101500000,sh.601398,7.1300,7.1300,7.1100,7.1200,4688100,33352514.0000,3
2025-04-22,20250422102000000,sh.601398,7.1100,7.1200,7.1000,7.1000,4485900,31868924.0000,3
2025-04-22,20250422102500000,sh.601398,7.1000,7.1100,7.0900,7.1000,5448200,38675974.0000,3
2025-04-22,20250422103000000,sh.601398,7.1000,7.1100,7.1000,7.1000,2178900,15476095.0000,3
2025-04-22,20250422103500000,sh.601398,7.1100,7.1200,7.1000,7.1100,5329200,37905222.0000,3
2025-04-22,20250422104000000,sh.601398,7.1200,7.1200,7.1000,7.1200,3195700,22731890.0000,3
2025-04-22,20250422104500000,sh.601398,7.1200,7.1300,7.1100,7.1300,8650300,61627400.0000,3
2025-04-22,20250422105000000,sh.601398,7.1200,7.1300,7.1200,7.1300,1770600,12615802.0000,3
2025-04-22,20250422105500000,sh.601398,7.1300,7.1400,7.1200,7.1400,8044500,57357832.0000,3
2025-04-22,20250422110000000,sh.601398,7.1300,7.1400,7.1300,7.1300,6057800,43196290.0000,3
2025-04-22,20250422110500000,sh.601398,7.1300,7.1500,7.1300,7.1400,10208500,72909566.0000,3
2025-04-22,20250422111000000,sh.601398,7.1500,7.1600,7.1400,7.1500,13166600,94146558.0000,3
2025-04-22,20250422111500000,sh.601398,7.1500,7.1600,7.1500,7.1600,9637900,68974977.0000,3
2025-04-22,20250422112000000,sh.601398,7.1500,7.1600,7.1500,7.1500,4040100,28922111.0000,3
2025-04-22,20250422112500000,sh.601398,7.1600,7.1600,7.1400,7.1600,6132500,43864320.0000,3
2025-04-22,20250422113000000,sh.601398,7.1600,7.1600,7.1400,7.1400,1995200,14260604.0000,3
2025-04-22,20250422130500000,sh.601398,7.1400,7.1500,7.1300,7.1300,7828100,55895562.0000,3
2025-04-22,20250422131000000,sh.601398,7.1400,7.1500,7.1200,7.1400,4869100,34734209.0000,3
2025-04-22,20250422131500000,sh.601398,7.1400,7.1500,7.1400,7.1400,1811700,12939261.0000,3
2025-04-22,20250422132000000,sh.601398,7.1400,7.1500,7.1400,7.1400,1364200,9742068.0000,3
2025-04-22,20250422132500000,sh.601398,7.1400,7.1500,7.1400,7.1500,1657900,11844111.0000,3
2025-04-22,20250422133000000,sh.601398,7.1500,7.1500,7.1400,7.1400,2287200,16339705.0000,3
2025-04-22,20250422133500000,sh.601398,7.1400,7.1500,7.1200,7.1300,5300700,37822598.0000,3
2025-04-22,20250422134000000,sh.601398,7.1300,7.1300,7.1200,7.1200,2086000,14869370.0000,3
2025-04-22,20250422134500000,sh.601398,7.1300,7.1300,7.1200,7.1200,1370000,9759736.0000,3
2025-04-22,20250422135000000,sh.601398,7.1200,7.1300,7.1200,7.1300,2718200,19359756.0000,3
2025-04-22,20250422135500000,sh.601398,7.1300,7.1400,7.1200,7.1400,5957700,42483965.0000,3
2025-04-22,20250422140000000,sh.601398,7.1300,7.1500,7.1300,7.1400,3239600,23126397.0000,3
2025-04-22,20250422140500000,sh.601398,7.1400,7.1500,7.1400,7.1400,3490000,24920314.0000,3
2025-04-22,20250422141000000,sh.601398,7.1400,7.1500,7.1300,7.1400,1824200,13027074.0000,3
2025-04-22,20250422141500000,sh.601398,7.1500,7.1500,7.1300,7.1300,1501900,10719884.0000,3
2025-04-22,20250422142000000,sh.601398,7.1400,7.1400,7.1300,7.1400,1296800,9250036.0000,3
2025-04-22,20250422142500000,sh.601398,7.1400,7.1400,7.1300,7.1400,1744100,12446860.0000,3
2025-04-22,20250422143000000,sh.601398,7.1400,7.1400,7.1300,7.1400,5089000,36327546.0000,3
2025-04-22,20250422143500000,sh.601398,7.1400,7.1400,7.1300,7.1400,3381900,24131455.0000,3
2025-04-22,20250422144000000,sh.601398,7.1300,7.1400,7.1300,7.1400,4771700,34064775.0000,3
2025-04-22,20250422144500000,sh.601398,7.1400,7.1500,7.1400,7.1400,2589800,18496762.0000,3
2025-04-22,20250422145000000,sh.601398,7.1400,7.1500,7.1400,7.1500,3262100,23312768.0000,3
2025-04-22,20250422145500000,sh.601398,7.1400,7.1500,7.1400,7.1400,7413600,52979840.0000,3
2025-04-22,20250422150000000,sh.601398,7.1500,7.1500,7.1400,7.1500,9331800,66701830.0000,3
2025-04-23,20250423093500000,sh.601398,7.1400,7.1400,7.0800,7.0900,37743800,268485568.0000,3
2025-04-23,20250423094000000,sh.601398,7.0900,7.1100,7.0800,7.0800,22506400,159625728.0000,3
2025-04-23,20250423094500000,sh.601398,7.0900,7.0900,7.0700,7.0800,22978300,162637630.0000,3
2025-04-23,20250423095000000,sh.601398,7.0900,7.1100,7.0800,7.1100,8165900,57967622.0000,3
2025-04-23,20250423095500000,sh.601398,7.1100,7.1100,7.1000,7.1000,2491300,17698811.0000,3
2025-04-23,20250423100000000,sh.601398,7.1100,7.1100,7.0900,7.1000,4032200,28632066.0000,3
2025-04-23,20250423100500000,sh.601398,7.1000,7.1100,7.0900,7.1100,3794900,26932217.0000,3
2025-04-23,20250423101000000,sh.601398,7.1100,7.1200,7.1000,7.1200,3538200,25163775.0000,3
2025-04-23,20250423101500000,sh.601398,7.1200,7.1400,7.1100,7.1300,8425400,60073928.0000,3
2025-04-23,20250423102000000,sh.601398,7.1400,7.1500,7.1300,7.1500,4787700,34218552.0000,3
2025-04-23,20250423102500000,sh.601398,7.1500,7.1600,7.1500,7.1600,4225700,30236034.0000,3
2025-04-23,20250423103000000,sh.601398,7.1600,7.1600,7.1400,7.1400,3824700,27331468.0000,3
2025-04-23,20250423103500000,sh.601398,7.1500,7.1600,7.1200,7.1300,6232400,44492729.0000,3
2025-04-23,20250423104000000,sh.601398,7.1400,7.1600,7.1200,7.1500,5079700,36271800.0000,3
2025-04-23,20250423104500000,sh.601398,7.1500,7.1600,7.1400,7.1400,5203200,37200129.0000,3
2025-04-23,20250423105000000,sh.601398,7.1400,7.1500,7.1300,7.1400,3204900,22882247.0000,3
2025-04-23,20250423105500000,sh.601398,7.1400,7.1600,7.1400,7.1500,3286600,23493824.0000,3
2025-04-23,20250423110000000,sh.601398,7.1500,7.1600,7.1400,7.1600,1854800,13262330.0000,3
2025-04-23,20250423110500000,sh.601398,7.1600,7.1700,7.1500,7.1700,6460600,46258438.0000,3
2025-04-23,20250423111000000,sh.601398,7.1700,7.1700,7.1400,7.1500,4370100,31266179.0000,3
2025-04-23,20250423111500000,sh.601398,7.1400,7.1500,7.1300,7.1400,3019000,21552631.0000,3
2025-04-23,20250423112000000,sh.601398,7.1400,7.1500,7.1400,7.1500,1232700,8808198.0000,3
2025-04-23,20250423112500000,sh.601398,7.1400,7.1500,7.1400,7.1400,948900,6778369.0000,3
2025-04-23,20250423113000000,sh.601398,7.1400,7.1500,7.1400,7.1400,1424000,10171767.0000,3
2025-04-23,20250423130500000,sh.601398,7.1400,7.1500,7.1000,7.1000,14190000,101062024.0000,3
2025-04-23,20250423131000000,sh.601398,7.1100,7.1200,7.1000,7.1100,5011300,35624824.0000,3
2025-04-23,20250423131500000,sh.601398,7.1100,7.1100,7.1000,7.1000,3583500,25464328.0000,3
2025-04-23,20250423132000000,sh.601398,7.1100,7.1100,7.1000,7.1100,2759500,19612156.0000,3
2025-04-23,20250423132500000,sh.601398,7.1100,7.1100,7.1000,7.1100,2715100,19300354.0000,3
2025-04-23,20250423133000000,sh.601398,7.1100,7.1200,7.1000,7.1200,2192900,15601282.0000,3
2025-04-23,20250423133500000,sh.601398,7.1200,7.1300,7.1100,7.1300,2375900,16916096.0000,3
2025-04-23,20250423134000000,sh.601398,7.1200,7.1300,7.1200,7.1300,1895900,13502203.0000,3
2025-04-23,20250423134500000,sh.601398,7.1200,7.1300,7.1200,7.1200,1639800,11679879.0000,3
2025-04-23,20250423135000000,sh.601398,7.1200,7.1400,7.1200,7.1300,2695600,19219201.0000,3
2025-04-23,20250423135500000,sh.601398,7.1400,7.1400,7.1200,7.1300,2572000,18336631.0000,3
2025-04-23,20250423140000000,sh.601398,7.1300,7.1300,7.1200,7.1200,968500,6902918.0000,3
2025-04-23,20250423140500000,sh.601398,7.1300,7.1300,7.1200,7.1200,2028400,14446584.0000,3
2025-04-23,20250423141000000,sh.601398,7.1200,7.1300,7.1100,7.1200,3514500,25024264.0000,3
2025-04-23,20250423141500000,sh.601398,7.1200,7.1300,7.1100,7.1100,3047000,21689728.0000,3
2025-04-23,20250423142000000,sh.601398,7.1100,7.1300,7.1100,7.1300,1547900,11018880.0000,3
2025-04-23,20250423142500000,sh.601398,7.1200,7.1300,7.1200,7.1200,907600,6466305.0000,3
2025-04-23,20250423143000000,sh.601398,7.1200,7.1300,7.1200,7.1200,2818900,20076160.0000,3
2025-04-23,20250423143500000,sh.601398,7.1300,7.1300,7.1100,7.1100,2268100,16148343.0000,3
2025-04-23,20250423144000000,sh.601398,7.1100,7.1200,7.1100,7.1100,3105900,22095758.0000,3
2025-04-23,20250423144500000,sh.601398,7.1200,7.1200,7.1100,7.1100,4954800,35246718.0000,3
2025-04-23,20250423145000000,sh.601398,7.1100,7.1200,7.1000,7.1100,9300800,66123260.0000,3
2025-04-23,20250423145500000,sh.601398,7.1100,7.1200,7.1000,7.1100,5720900,40670330.0000,3
2025-04-23,20250423150000000,sh.601398,7.1100,7.1200,7.1000,7.1100,6331100,45010570.0000,3
2025-04-24,20250424093500000,sh.601398,7.0900,7.1500,7.0900,7.1400,23085800,164565120.0000,3
2025-04-24,20250424094000000,sh.601398,7.1300,7.1600,7.1300,7.1500,15281000,109216320.0000,3
2025-04-24,20250424094500000,sh.601398,7.1400,7.1500,7.1400,7.1400,5761500,41177760.0000,3
2025-04-24,20250424095000000,sh.601398,7.1500,7.1600,7.1400,7.1500,12826300,91699264.0000,3
2025-04-24,20250424095500000,sh.601398,7.1500,7.1600,7.1400,7.1600,4806700,34385408.0000,3
2025-04-24,20250424100000000,sh.601398,7.1500,7.1900,7.1500,7.1800,24532000,175906147.0000,3
2025-04-24,20250424100500000,sh.601398,7.1700,7.1800,7.1700,7.1700,2874300,20626935.0000,3
2025-04-24,20250424101000000,sh.601398,7.1700,7.1800,7.1700,7.1800,3556200,25514636.0000,3
2025-04-24,20250424101500000,sh.601398,7.1800,7.1900,7.1700,7.1800,8343700,59919420.0000,3
2025-04-24,20250424102000000,sh.601398,7.1800,7.2000,7.1800,7.2000,12592500,90588478.0000,3
2025-04-24,20250424102500000,sh.601398,7.2000,7.2100,7.1900,7.2100,11328700,81583615.0000,3
2025-04-24,20250424103000000,sh.601398,7.2100,7.2100,7.1900,7.2000,5015000,36112769.0000,3
2025-04-24,20250424103500000,sh.601398,7.1900,7.2000,7.1800,7.1900,4216000,30320699.0000,3
2025-04-24,20250424104000000,sh.601398,7.2000,7.2000,7.1800,7.2000,2641600,18988808.0000,3
2025-04-24,20250424104500000,sh.601398,7.1900,7.2200,7.1900,7.2100,13788100,99359285.0000,3
2025-04-24,20250424105000000,sh.601398,7.2200,7.2200,7.2100,7.2100,4548600,32800512.0000,3
2025-04-24,20250424105500000,sh.601398,7.2100,7.2200,7.2100,7.2200,3051300,22016000.0000,3
2025-04-24,20250424110000000,sh.601398,7.2100,7.2200,7.2000,7.2100,4763600,34351886.0000,3
2025-04-24,20250424110500000,sh.601398,7.2000,7.2100,7.2000,7.2000,2796600,20153724.0000,3
2025-04-24,20250424111000000,sh.601398,7.2000,7.2200,7.2000,7.2100,8566900,61784574.0000,3
2025-04-24,20250424111500000,sh.601398,7.2200,7.2300,7.2100,7.2200,19146800,138337920.0000,3
2025-04-24,20250424112000000,sh.601398,7.2200,7.2300,7.2200,7.2300,3597800,25991042.0000,3
2025-04-24,20250424112500000,sh.601398,7.2200,7.2300,7.2200,7.2300,4534900,32765438.0000,3
2025-04-24,20250424113000000,sh.601398,7.2200,7.2400,7.2200,7.2400,7638000,55239680.0000,3
2025-04-24,20250424130500000,sh.601398,7.2400,7.2600,7.2300,7.2600,26707100,193484416.0000,3
2025-04-24,20250424131000000,sh.601398,7.2600,7.2800,7.2500,7.2700,14698300,106829568.0000,3
2025-04-24,20250424131500000,sh.601398,7.2700,7.2800,7.2500,7.2500,10085200,73365504.0000,3
2025-04-24,20250424132000000,sh.601398,7.2600,7.2700,7.2500,7.2500,5528600,40117120.0000,3
2025-04-24,20250424132500000,sh.601398,7.2600,7.2600,7.2500,7.2500,3933500,28534400.0000,3
2025-04-24,20250424133000000,sh.601398,7.2600,7.2700,7.2500,7.2600,5170000,37520640.0000,3
2025-04-24,20250424133500000,sh.601398,7.2600,7.2600,7.2400,7.2500,3453400,25028864.0000,3
2025-04-24,20250424134000000,sh.601398,7.2400,7.2500,7.2400,7.2400,8975200,64966912.0000,3
2025-04-24,20250424134500000,sh.601398,7.2400,7.2600,7.2300,7.2600,7203400,52187392.0000,3
2025-04-24,20250424135000000,sh.601398,7.2600,7.2600,7.2500,7.2500,3101000,22501888.0000,3
2025-04-24,20250424135500000,sh.601398,7.2500,7.2600,7.2500,7.2600,2554700,18529024.0000,3
2025-04-24,20250424140000000,sh.601398,7.2600,7.2600,7.2400,7.2500,1723700,12493056.0000,3
2025-04-24,20250424140500000,sh.601398,7.2500,7.2500,7.2300,7.2300,13782700,99749884.0000,3
2025-04-24,20250424141000000,sh.601398,7.2400,7.2400,7.2300,7.2400,3912900,28316164.0000,3
2025-04-24,20250424141500000,sh.601398,7.2400,7.2500,7.2400,7.2500,2395500,17359360.0000,3
2025-04-24,20250424142000000,sh.601398,7.2500,7.2500,7.2400,7.2500,2169900,15722496.0000,3
2025-04-24,20250424142500000,sh.601398,7.2400,7.2500,7.2400,7.2400,2886100,20908032.0000,3
2025-04-24,20250424143000000,sh.601398,7.2400,7.2500,7.2400,7.2400,2086000,15112704.0000,3
2025-04-24,20250424143500000,sh.601398,7.2500,7.2500,7.2400,7.2400,2292700,16608512.0000,3
2025-04-24,20250424144000000,sh.601398,7.2400,7.2500,7.2300,7.2500,4251400,30784512.0000,3
2025-04-24,20250424144500000,sh.601398,7.2500,7.2500,7.2300,7.2400,3279900,23738624.0000,3
2025-04-24,20250424145000000,sh.601398,7.2400,7.2400,7.2300,7.2300,3836700,27767808.0000,3
2025-04-24,20250424145500000,sh.601398,7.2400,7.2400,7.2300,7.2400,7224300,52256768.0000,3
2025-04-24,20250424150000000,sh.601398,7.2300,7.2400,7.2300,7.2400,7064800,51133952.0000,3
2025-04-25,20250425093500000,sh.601398,7.2500,7.3000,7.2200,7.2400,35803100,260464240.0000,3
2025-04-25,20250425094000000,sh.601398,7.2300,7.2600,7.2200,7.2500,12301400,89055504.0000,3
2025-04-25,20250425094500000,sh.601398,7.2600,7.2700,7.2400,7.2500,11234700,81466464.0000,3
2025-04-25,20250425095000000,sh.601398,7.2500,7.2700,7.2400,7.2600,4056900,29432256.0000,3
2025-04-25,20250425095500000,sh.601398,7.2700,7.2800,7.2600,7.2700,4583900,33342464.0000,3
2025-04-25,20250425100000000,sh.601398,7.2700,7.2800,7.2400,7.2400,10919100,79256986.0000,3
2025-04-25,20250425100500000,sh.601398,7.2400,7.2400,7.2200,7.2300,6384000,46133068.0000,3
2025-04-25,20250425101000000,sh.601398,7.2200,7.2200,7.2000,7.2100,8148100,58765430.0000,3
2025-04-25,20250425101500000,sh.601398,7.2000,7.2300,7.2000,7.2100,4740100,34217534.0000,3
2025-04-25,20250425102000000,sh.601398,7.2200,7.2200,7.2100,7.2100,2503700,18070216.0000,3
2025-04-25,20250425102500000,sh.601398,7.2200,7.2300,7.2100,7.2100,1998400,14421818.0000,3
2025-04-25,20250425103000000,sh.601398,7.2200,7.2200,7.2100,7.2100,1106100,7984198.0000,3
2025-04-25,20250425103500000,sh.601398,7.2200,7.2300,7.2100,7.2200,2095300,15132218.0000,3
2025-04-25,20250425104000000,sh.601398,7.2300,7.2300,7.2100,7.2200,4620200,33358921.0000,3
2025-04-25,20250425104500000,sh.601398,7.2200,7.2200,7.2000,7.2000,8915400,64272002.0000,3
2025-04-25,20250425105000000,sh.601398,7.2100,7.2100,7.1900,7.2000,15229800,109655411.0000,3
2025-04-25,20250425105500000,sh.601398,7.2000,7.2200,7.2000,7.2000,2072000,14938377.0000,3
2025-04-25,20250425110000000,sh.601398,7.2100,7.2100,7.1900,7.1900,3698900,26623554.0000,3
2025-04-25,20250425110500000,sh.601398,7.1900,7.2000,7.1800,7.1800,8239700,59225787.0000,3
2025-04-25,20250425111000000,sh.601398,7.1800,7.1900,7.1800,7.1900,3260700,23424128.0000,3
2025-04-25,20250425111500000,sh.601398,7.1800,7.1900,7.1700,7.1800,5535800,39762685.0000,3
2025-04-25,20250425112000000,sh.601398,7.1900,7.1900,7.1800,7.1800,1491300,10711419.0000,3
2025-04-25,20250425112500000,sh.601398,7.1800,7.1900,7.1800,7.1800,3921300,28164239.0000,3
2025-04-25,20250425113000000,sh.601398,7.1900,7.1900,7.1800,7.1900,1268000,9107199.0000,3
2025-04-25,20250425130500000,sh.601398,7.1800,7.2000,7.1800,7.1900,4579700,32920818.0000,3
2025-04-25,20250425131000000,sh.601398,7.1900,7.2200,7.1900,7.2100,3850700,27727374.0000,3
2025-04-25,20250425131500000,sh.601398,7.2100,7.2100,7.2000,7.2000,1269200,9147129.0000,3
2025-04-25,20250425132000000,sh.601398,7.2100,7.2100,7.1900,7.1900,2231700,16067329.0000,3
2025-04-25,20250425132500000,sh.601398,7.1900,7.2000,7.1900,7.2000,517500,3724416.0000,3
2025-04-25,20250425133000000,sh.601398,7.2000,7.2000,7.1900,7.1900,2137900,15377272.0000,3
2025-04-25,20250425133500000,sh.601398,7.2000,7.2000,7.1900,7.2000,1261000,9069192.0000,3
2025-04-25,20250425134000000,sh.601398,7.2000,7.2000,7.1900,7.1900,830400,5973240.0000,3
2025-04-25,20250425134500000,sh.601398,7.1900,7.2000,7.1900,7.1900,1866300,13434376.0000,3
2025-04-25,20250425135000000,sh.601398,7.2000,7.2000,7.1900,7.1900,1709300,12304768.0000,3
2025-04-25,20250425135500000,sh.601398,7.1900,7.2000,7.1900,7.2000,1821900,13104510.0000,3
2025-04-25,20250425140000000,sh.601398,7.2000,7.2000,7.1900,7.2000,3710000,26679170.0000,3
2025-04-25,20250425140500000,sh.601398,7.1900,7.2000,7.1900,7.2000,1842300,13249280.0000,3
2025-04-25,20250425141000000,sh.601398,7.2000,7.2000,7.1900,7.1900,1941200,13962240.0000,3
2025-04-25,20250425141500000,sh.601398,7.1900,7.2000,7.1900,7.2000,1155300,8311687.0000,3
2025-04-25,20250425142000000,sh.601398,7.1900,7.2100,7.1900,7.2100,5223400,37630072.0000,3
2025-04-25,20250425142500000,sh.601398,7.2100,7.2200,7.2100,7.2100,2545700,18367368.0000,3
2025-04-25,20250425143000000,sh.601398,7.2100,7.2200,7.2100,7.2200,2591100,18705397.0000,3
2025-04-25,20250425143500000,sh.601398,7.2200,7.2200,7.2100,7.2200,1520700,10973194.0000,3
2025-04-25,20250425144000000,sh.601398,7.2200,7.2300,7.2100,7.2300,2488600,17982712.0000,3
2025-04-25,20250425144500000,sh.601398,7.2300,7.2300,7.2200,7.2200,4022900,29075198.0000,3
2025-04-25,20250425145000000,sh.601398,7.2300,7.2300,7.2200,7.2300,2728700,19715978.0000,3
2025-04-25,20250425145500000,sh.601398,7.2200,7.2300,7.2200,7.2300,6459800,46678271.0000,3
2025-04-25,20250425150000000,sh.601398,7.2300,7.2300,7.2100,7.2100,9149200,66014080.0000,3
2025-04-28,20250428093500000,sh.601398,7.2200,7.2700,7.2200,7.2600,21637800,156864800.0000,3
2025-04-28,20250428094000000,sh.601398,7.2600,7.2700,7.2300,7.2500,8631200,62608128.0000,3
2025-04-28,20250428094500000,sh.601398,7.2400,7.2700,7.2300,7.2700,10240500,74227232.0000,3
2025-04-28,20250428095000000,sh.601398,7.2600,7.2900,7.2600,7.2700,15650200,113931744.0000,3
2025-04-28,20250428095500000,sh.601398,7.2700,7.3000,7.2700,7.2900,13505300,98426464.0000,3
2025-04-28,20250428100000000,sh.601398,7.2900,7.3000,7.2800,7.2800,11213900,81786297.0000,3
2025-04-28,20250428100500000,sh.601398,7.2800,7.3100,7.2800,7.3100,15012900,109584513.0000,3
2025-04-28,20250428101000000,sh.601398,7.3100,7.3200,7.3000,7.3100,13986900,102250827.0000,3
2025-04-28,20250428101500000,sh.601398,7.3200,7.3300,7.3100,7.3300,12030500,88105459.0000,3
2025-04-28,20250428102000000,sh.601398,7.3300,7.3400,7.3200,7.3400,6387100,46826952.0000,3
2025-04-28,20250428102500000,sh.601398,7.3300,7.3400,7.3100,7.3100,11135000,81554938.0000,3
2025-04-28,20250428103000000,sh.601398,7.3200,7.3200,7.2900,7.2900,7998000,58395588.0000,3
2025-04-28,20250428103500000,sh.601398,7.2900,7.3000,7.2800,7.2900,5286300,38530686.0000,3
2025-04-28,20250428104000000,sh.601398,7.2800,7.3000,7.2800,7.3000,4374500,31906431.0000,3
2025-04-28,20250428104500000,sh.601398,7.3000,7.3000,7.2900,7.3000,2966100,21632265.0000,3
2025-04-28,20250428105000000,sh.601398,7.2900,7.3000,7.2800,7.2900,3270200,23843970.0000,3
2025-04-28,20250428105500000,sh.601398,7.2900,7.3000,7.2800,7.2900,2620200,19097979.0000,3
2025-04-28,20250428110000000,sh.601398,7.2900,7.2900,7.2800,7.2800,4499700,32776451.0000,3
2025-04-28,20250428110500000,sh.601398,7.2800,7.3000,7.2800,7.2900,4719200,34398978.0000,3
2025-04-28,20250428111000000,sh.601398,7.2900,7.2900,7.2800,7.2900,3091400,22519931.0000,3
2025-04-28,20250428111500000,sh.601398,7.2900,7.3000,7.2800,7.3000,4134100,30140667.0000,3
2025-04-28,20250428112000000,sh.601398,7.2900,7.3000,7.2900,7.2900,3940200,28738300.0000,3
2025-04-28,20250428112500000,sh.601398,7.2900,7.3000,7.2800,7.2800,5816400,42388866.0000,3
2025-04-28,20250428113000000,sh.601398,7.2800,7.2900,7.2800,7.2900,3161400,23028358.0000,3
2025-04-28,20250428130500000,sh.601398,7.2900,7.3000,7.2800,7.2800,5868200,42768514.0000,3
2025-04-28,20250428131000000,sh.601398,7.2900,7.3100,7.2900,7.3000,8664100,63240954.0000,3
2025-04-28,20250428131500000,sh.601398,7.3000,7.3000,7.2800,7.3000,2723200,19858048.0000,3
2025-04-28,20250428132000000,sh.601398,7.3000,7.3000,7.2800,7.2900,2039100,14857477.0000,3
2025-04-28,20250428132500000,sh.601398,7.2900,7.3000,7.2900,7.2900,3158500,23037185.0000,3
2025-04-28,20250428133000000,sh.601398,7.2900,7.3000,7.2900,7.3000,4582300,33446011.0000,3
2025-04-28,20250428133500000,sh.601398,7.2900,7.3100,7.2900,7.3000,2764600,20182399.0000,3
2025-04-28,20250428134000000,sh.601398,7.3000,7.3100,7.3000,7.3100,2167100,15837063.0000,3
2025-04-28,20250428134500000,sh.601398,7.3100,7.3100,7.3000,7.3000,3902300,28524152.0000,3
2025-04-28,20250428135000000,sh.601398,7.3100,7.3100,7.3000,7.3100,3601300,26294028.0000,3
2025-04-28,20250428135500000,sh.601398,7.3100,7.3100,7.3000,7.3000,1458800,10654075.0000,3
2025-04-28,20250428140000000,sh.601398,7.3100,7.3100,7.3000,7.3100,3652500,26694646.0000,3
2025-04-28,20250428140500000,sh.601398,7.3100,7.3200,7.3100,7.3200,2787600,20387969.0000,3
2025-04-28,20250428141000000,sh.601398,7.3200,7.3200,7.3000,7.3100,3230800,23623810.0000,3
2025-04-28,20250428141500000,sh.601398,7.3000,7.3100,7.3000,7.3000,1263300,9230207.0000,3
2025-04-28,20250428142000000,sh.601398,7.3100,7.3100,7.3000,7.3100,2460800,17982591.0000,3
2025-04-28,20250428142500000,sh.601398,7.3100,7.3100,7.2900,7.2900,5228600,38174084.0000,3
2025-04-28,20250428143000000,sh.601398,7.3000,7.3000,7.2900,7.3000,1539700,11229700.0000,3
2025-04-28,20250428143500000,sh.601398,7.3000,7.3000,7.2900,7.3000,1704600,12434173.0000,3
2025-04-28,20250428144000000,sh.601398,7.3000,7.3000,7.2900,7.3000,1844300,13454985.0000,3
2025-04-28,20250428144500000,sh.601398,7.3000,7.3000,7.2900,7.3000,1777100,12967549.0000,3
2025-04-28,20250428145000000,sh.601398,7.3000,7.3100,7.2900,7.3000,7596900,55462659.0000,3
2025-04-28,20250428145500000,sh.601398,7.3100,7.3100,7.2900,7.2900,7612300,55556721.0000,3
2025-04-28,20250428150000000,sh.601398,7.3000,7.3000,7.2900,7.2900,8438900,61551108.0000,3
2025-04-29,20250429093500000,sh.601398,7.3000,7.3100,7.2700,7.2800,17087500,124611216.0000,3
2025-04-29,20250429094000000,sh.601398,7.2700,7.2900,7.2600,7.2800,9598100,69788144.0000,3
2025-04-29,20250429094500000,sh.601398,7.2800,7.2900,7.2600,7.2600,6719400,48864912.0000,3
2025-04-29,20250429095000000,sh.601398,7.2500,7.2900,7.2500,7.2900,10591400,76936048.0000,3
2025-04-29,20250429095500000,sh.601398,7.2900,7.3000,7.2900,7.2900,4047800,29524128.0000,3
2025-04-29,20250429100000000,sh.601398,7.2900,7.3200,7.2900,7.3200,5867500,42857888.0000,3
2025-04-29,20250429100500000,sh.601398,7.3200,7.3300,7.3000,7.3100,9458900,69149632.0000,3
2025-04-29,20250429101000000,sh.601398,7.3100,7.3100,7.2900,7.2900,2544500,18578784.0000,3
2025-04-29,20250429101500000,sh.601398,7.3000,7.3000,7.2700,7.2700,7306600,53250528.0000,3
2025-04-29,20250429102000000,sh.601398,7.2700,7.2800,7.2500,7.2600,7582000,55078974.0000,3
2025-04-29,20250429102500000,sh.601398,7.2600,7.2700,7.2500,7.2600,4045200,29352832.0000,3
2025-04-29,20250429103000000,sh.601398,7.2600,7.2700,7.2500,7.2500,4287500,31117698.0000,3
2025-04-29,20250429103500000,sh.601398,7.2600,7.2600,7.2500,7.2500,5093600,36938498.0000,3
2025-04-29,20250429104000000,sh.601398,7.2500,7.2600,7.2400,7.2500,10160000,73662204.0000,3
2025-04-29,20250429104500000,sh.601398,7.2600,7.2600,7.2500,7.2600,2039300,14792201.0000,3
2025-04-29,20250429105000000,sh.601398,7.2600,7.2600,7.2500,7.2500,1979900,14368627.0000,3
2025-04-29,20250429105500000,sh.601398,7.2600,7.2600,7.2500,7.2500,1893800,13737346.0000,3
2025-04-29,20250429110000000,sh.601398,7.2600,7.2700,7.2500,7.2600,1601400,11628994.0000,3
2025-04-29,20250429110500000,sh.601398,7.2700,7.2700,7.2500,7.2600,3473300,25217341.0000,3
2025-04-29,20250429111000000,sh.601398,7.2700,7.2700,7.2600,7.2700,1439100,10448907.0000,3
2025-04-29,20250429111500000,sh.601398,7.2700,7.2800,7.2600,7.2700,2578200,18744512.0000,3
2025-04-29,20250429112000000,sh.601398,7.2700,7.2900,7.2600,7.2800,5067800,36867260.0000,3
2025-04-29,20250429112500000,sh.601398,7.2800,7.2900,7.2700,7.2700,2823000,20542455.0000,3
2025-04-29,20250429113000000,sh.601398,7.2700,7.2800,7.2600,7.2600,2426200,17625665.0000,3
2025-04-29,20250429130500000,sh.601398,7.2600,7.2700,7.2500,7.2500,3654700,26542084.0000,3
2025-04-29,20250429131000000,sh.601398,7.2500,7.2700,7.2500,7.2600,3616300,26254276.0000,3
2025-04-29,20250429131500000,sh.601398,7.2700,7.2700,7.2600,7.2700,2774700,20158273.0000,3
2025-04-29,20250429132000000,sh.601398,7.2600,7.2700,7.2500,7.2600,4004800,29074619.0000,3
2025-04-29,20250429132500000,sh.601398,7.2600,7.2700,7.2500,7.2600,3623300,26310139.0000,3
2025-04-29,20250429133000000,sh.601398,7.2600,7.2700,7.2500,7.2600,2459600,17861515.0000,3
2025-04-29,20250429133500000,sh.601398,7.2500,7.2600,7.2500,7.2600,3042600,22078710.0000,3
2025-04-29,20250429134000000,sh.601398,7.2600,7.2700,7.2600,7.2600,2783100,20221316.0000,3
2025-04-29,20250429134500000,sh.601398,7.2700,7.2800,7.2600,7.2800,4661300,33904762.0000,3
2025-04-29,20250429135000000,sh.601398,7.2800,7.2800,7.2700,7.2800,1525500,11100936.0000,3
2025-04-29,20250429135500000,sh.601398,7.2800,7.2800,7.2700,7.2800,1203100,8755832.0000,3
2025-04-29,20250429140000000,sh.601398,7.2700,7.2800,7.2600,7.2700,2543000,18486536.0000,3
2025-04-29,20250429140500000,sh.601398,7.2700,7.2700,7.2600,7.2700,1782100,12949378.0000,3
2025-04-29,20250429141000000,sh.601398,7.2700,7.2700,7.2600,7.2700,2365500,17193590.0000,3
2025-04-29,20250429141500000,sh.601398,7.2700,7.2700,7.2600,7.2600,1190300,8648962.0000,3
2025-04-29,20250429142000000,sh.601398,7.2700,7.2700,7.2600,7.2700,2780300,20210944.0000,3
2025-04-29,20250429142500000,sh.601398,7.2700,7.2700,7.2600,7.2700,966100,7020290.0000,3
2025-04-29,20250429143000000,sh.601398,7.2700,7.2700,7.2600,7.2600,3283600,23855870.0000,3
2025-04-29,20250429143500000,sh.601398,7.2600,7.2700,7.2600,7.2700,2848500,20703742.0000,3
2025-04-29,20250429144000000,sh.601398,7.2600,7.2800,7.2600,7.2700,3632500,26402826.0000,3
2025-04-29,20250429144500000,sh.601398,7.2700,7.2800,7.2700,7.2800,3034400,22078974.0000,3
2025-04-29,20250429145000000,sh.601398,7.2700,7.2800,7.2600,7.2700,8700800,63252740.0000,3
2025-04-29,20250429145500000,sh.601398,7.2600,7.2800,7.2600,7.2700,7315700,53171455.0000,3
2025-04-29,20250429150000000,sh.601398,7.2600,7.2700,7.2600,7.2700,14470000,105184245.0000,3
2025-04-30,20250430093500000,sh.601398,7.2200,7.2300,7.1300,7.1400,62451200,447871552.0000,3
2025-04-30,20250430094000000,sh.601398,7.1400,7.1400,7.0900,7.0900,45147900,321036480.0000,3
2025-04-30,20250430094500000,sh.601398,7.0900,7.1300,7.0600,7.1200,29573600,209692482.0000,3
2025-04-30,20250430095000000,sh.601398,7.1300,7.1300,7.1000,7.1100,15687400,111650742.0000,3
2025-04-30,20250430095500000,sh.601398,7.1100,7.1100,7.0800,7.0900,19890800,141056142.0000,3
2025-04-30,20250430100000000,sh.601398,7.0900,7.0900,7.0600,7.0600,21817800,154375802.0000,3
2025-04-30,20250430100500000,sh.601398,7.0700,7.0700,7.0500,7.0600,31327700,221147264.0000,3
2025-04-30,20250430101000000,sh.601398,7.0700,7.0700,7.0400,7.0500,23890900,168370304.0000,3
2025-04-30,20250430101500000,sh.601398,7.0500,7.0600,7.0400,7.0500,18433800,129957248.0000,3
2025-04-30,20250430102000000,sh.601398,7.0500,7.0500,7.0400,7.0500,6197800,43674880.0000,3
2025-04-30,20250430102500000,sh.601398,7.0500,7.0500,7.0400,7.0500,8943000,63014400.0000,3
2025-04-30,20250430103000000,sh.601398,7.0500,7.0600,7.0400,7.0500,10731600,75679232.0000,3
2025-04-30,20250430103500000,sh.601398,7.0500,7.0500,7.0400,7.0500,8660100,61022592.0000,3
2025-04-30,20250430104000000,sh.601398,7.0400,7.0500,7.0400,7.0500,4876400,34369536.0000,3
2025-04-30,20250430104500000,sh.601398,7.0500,7.0500,7.0400,7.0400,13126500,92432128.0000,3
2025-04-30,20250430105000000,sh.601398,7.0500,7.0500,7.0300,7.0400,13479700,94855424.0000,3
2025-04-30,20250430105500000,sh.601398,7.0300,7.0300,7.0200,7.0200,21056200,147978496.0000,3
2025-04-30,20250430110000000,sh.601398,7.0200,7.0300,7.0100,7.0200,11982200,84105472.0000,3
2025-04-30,20250430110500000,sh.601398,7.0200,7.0200,7.0000,7.0000,19730800,138323968.0000,3
2025-04-30,20250430111000000,sh.601398,7.0000,7.0100,6.9800,7.0100,37338300,261149184.0000,3
2025-04-30,20250430111500000,sh.601398,7.0000,7.0200,7.0000,7.0100,9517400,66680064.0000,3
2025-04-30,20250430112000000,sh.601398,7.0000,7.0100,7.0000,7.0100,6690900,46872576.0000,3
2025-04-30,20250430112500000,sh.601398,7.0000,7.0100,6.9900,6.9900,5486500,38385920.0000,3
2025-04-30,20250430113000000,sh.601398,7.0000,7.0100,6.9900,7.0100,7754600,54269184.0000,3
2025-04-30,20250430130500000,sh.601398,7.0100,7.0300,7.0000,7.0200,13862700,97169152.0000,3
2025-04-30,20250430131000000,sh.601398,7.0200,7.0200,7.0000,7.0100,5104700,35791872.0000,3
2025-04-30,20250430131500000,sh.601398,7.0100,7.0200,7.0000,7.0100,6616500,46361856.0000,3
2025-04-30,20250430132000000,sh.601398,7.0100,7.0200,7.0100,7.0200,3987700,27978496.0000,3
2025-04-30,20250430132500000,sh.601398,7.0200,7.0200,7.0000,7.0100,9856800,69103616.0000,3
2025-04-30,20250430133000000,sh.601398,7.0000,7.0100,7.0000,7.0000,4723100,33088256.0000,3
2025-04-30,20250430133500000,sh.601398,7.0100,7.0100,7.0000,7.0000,5048600,35365120.0000,3
2025-04-30,20250430134000000,sh.601398,7.0100,7.0200,7.0000,7.0000,5865900,41103360.0000,3
2025-04-30,20250430134500000,sh.601398,7.0100,7.0100,7.0000,7.0000,4241100,29710080.0000,3
2025-04-30,20250430135000000,sh.601398,7.0100,7.0100,7.0000,7.0100,3911200,27394816.0000,3
2025-04-30,20250430135500000,sh.601398,7.0000,7.0100,7.0000,7.0000,9011100,63094016.0000,3
2025-04-30,20250430140000000,sh.601398,7.0100,7.0100,7.0000,7.0100,6025700,42189056.0000,3
2025-04-30,20250430140500000,sh.601398,7.0000,7.0100,7.0000,7.0000,6322600,44283904.0000,3
2025-04-30,20250430141000000,sh.601398,7.0100,7.0100,7.0000,7.0000,5320100,37255680.0000,3
2025-04-30,20250430141500000,sh.601398,7.0100,7.0100,7.0000,7.0000,4010300,28090624.0000,3
2025-04-30,20250430142000000,sh.601398,7.0100,7.0100,7.0000,7.0000,8310500,58234624.0000,3
2025-04-30,20250430142500000,sh.601398,7.0000,7.0100,7.0000,7.0000,4866600,34083840.0000,3
2025-04-30,20250430143000000,sh.601398,7.0000,7.0100,6.9900,7.0000,13306900,93161472.0000,3
2025-04-30,20250430143500000,sh.601398,7.0000,7.0100,6.9900,7.0000,7940500,55569408.0000,3
2025-04-30,20250430144000000,sh.601398,7.0000,7.0100,7.0000,7.0000,7236400,50665472.0000,3
2025-04-30,20250430144500000,sh.601398,7.0000,7.0100,6.9900,7.0000,8600400,60201472.0000,3
2025-04-30,20250430145000000,sh.601398,7.0000,7.0100,7.0000,7.0100,13553800,94962688.0000,3
2025-04-30,20250430145500000,sh.601398,7.0100,7.0100,7.0000,7.0100,17696100,123918848.0000,3
2025-04-30,20250430150000000,sh.601398,7.0000,7.0100,7.0000,7.0100,15784700,110601216.0000,3
2025-05-06,20250506093500000,sh.601398,7.0100,7.0100,6.9500,6.9700,48219700,336271936.0000,3
2025-05-06,20250506094000000,sh.601398,6.9700,6.9800,6.9500,6.9500,21393300,148876288.0000,3
2025-05-06,20250506094500000,sh.601398,6.9600,6.9600,6.9300,6.9300,23289900,161665599.0000,3
2025-05-06,20250506095000000,sh.601398,6.9300,6.9400,6.9300,6.9400,14909200,103393032.0000,3
2025-05-06,20250506095500000,sh.601398,6.9400,6.9600,6.9400,6.9600,6973200,48453942.0000,3
2025-05-06,20250506100000000,sh.601398,6.9600,6.9800,6.9600,6.9700,13757200,95847235.0000,3
2025-05-06,20250506100500000,sh.601398,6.9700,6.9700,6.9500,6.9500,8716000,60637244.0000,3
2025-05-06,20250506101000000,sh.601398,6.9600,6.9600,6.9400,6.9500,8712900,60566912.0000,3
2025-05-06,20250506101500000,sh.601398,6.9500,6.9600,6.9500,6.9500,5785600,40229372.0000,3
2025-05-06,20250506102000000,sh.601398,6.9600,6.9600,6.9500,6.9600,4513600,31392448.0000,3
2025-05-06,20250506102500000,sh.601398,6.9600,6.9600,6.9400,6.9400,8164400,56755080.0000,3
2025-05-06,20250506103000000,sh.601398,6.9400,7.0000,6.9400,6.9900,15085400,105230596.0000,3
2025-05-06,20250506103500000,sh.601398,7.0000,7.0000,6.9800,6.9900,7116200,49757942.0000,3
2025-05-06,20250506104000000,sh.601398,6.9900,6.9900,6.9700,6.9700,6018000,41990409.0000,3
2025-05-06,20250506104500000,sh.601398,6.9700,6.9800,6.9600,6.9700,3482000,24266237.0000,3
2025-05-06,20250506105000000,sh.601398,6.9600,6.9800,6.9600,6.9800,5599900,39033339.0000,3
2025-05-06,20250506105500000,sh.601398,6.9800,6.9800,6.9700,6.9800,2324500,16215041.0000,3
2025-05-06,20250506110000000,sh.601398,6.9700,6.9700,6.9600,6.9600,3017200,21016326.0000,3
2025-05-06,20250506110500000,sh.601398,6.9700,6.9700,6.9600,6.9700,4264300,29687926.0000,3
2025-05-06,20250506111000000,sh.601398,6.9600,6.9700,6.9500,6.9600,7955900,55370496.0000,3
2025-05-06,20250506111500000,sh.601398,6.9700,6.9700,6.9600,6.9700,1473800,10265351.0000,3
2025-05-06,20250506112000000,sh.601398,6.9700,6.9700,6.9600,6.9700,1496300,10423174.0000,3
2025-05-06,20250506112500000,sh.601398,6.9700,6.9700,6.9600,6.9700,2563300,17854323.0000,3
2025-05-06,20250506113000000,sh.601398,6.9700,6.9800,6.9600,6.9800,8173200,57002883.0000,3
2025-05-06,20250506130500000,sh.601398,6.9800,7.0000,6.9700,6.9900,11737100,82026759.0000,3
2025-05-06,20250506131000000,sh.601398,7.0000,7.0000,6.9800,6.9900,4051000,28319863.0000,3
2025-05-06,20250506131500000,sh.601398,6.9900,7.0000,6.9800,6.9900,6680900,46674693.0000,3
2025-05-06,20250506132000000,sh.601398,6.9900,7.0000,6.9800,7.0000,4537400,31740546.0000,3
2025-05-06,20250506132500000,sh.601398,6.9900,7.0000,6.9800,6.9900,6411700,44807422.0000,3
2025-05-06,20250506133000000,sh.601398,6.9900,6.9900,6.9800,6.9800,4239500,29599489.0000,3
2025-05-06,20250506133500000,sh.601398,6.9800,6.9900,6.9700,6.9800,4580500,31974778.0000,3
2025-05-06,20250506134000000,sh.601398,6.9900,6.9900,6.9800,6.9900,1942600,13570689.0000,3
2025-05-06,20250506134500000,sh.601398,6.9900,7.0000,6.9800,7.0000,4500600,31473286.0000,3
2025-05-06,20250506135000000,sh.601398,7.0000,7.0000,6.9800,6.9900,4082100,28534658.0000,3
2025-05-06,20250506135500000,sh.601398,6.9900,6.9900,6.9800,6.9900,2230800,15575813.0000,3
2025-05-06,20250506140000000,sh.601398,6.9900,6.9900,6.9800,6.9900,2534000,17692925.0000,3
2025-05-06,20250506140500000,sh.601398,6.9800,6.9900,6.9800,6.9800,2476400,17297014.0000,3
2025-05-06,20250506141000000,sh.601398,6.9800,6.9900,6.9800,6.9800,2877400,20101764.0000,3
2025-05-06,20250506141500000,sh.601398,6.9900,6.9900,6.9800,6.9900,2235400,15613960.0000,3
2025-05-06,20250506142000000,sh.601398,6.9800,6.9900,6.9800,6.9800,5130300,35817216.0000,3
2025-05-06,20250506142500000,sh.601398,6.9800,6.9900,6.9800,6.9900,2893900,20212600.0000,3
2025-05-06,20250506143000000,sh.601398,6.9900,6.9900,6.9800,6.9900,4553000,31787902.0000,3
2025-05-06,20250506143500000,sh.601398,6.9800,6.9900,6.9700,6.9800,5869000,40950788.0000,3
2025-05-06,20250506144000000,sh.601398,6.9800,6.9800,6.9700,6.9700,5223600,36429562.0000,3
2025-05-06,20250506144500000,sh.601398,6.9800,6.9800,6.9700,6.9700,8925100,62239749.0000,3
2025-05-06,20250506145000000,sh.601398,6.9800,6.9800,6.9700,6.9800,10950100,76337925.0000,3
2025-05-06,20250506145500000,sh.601398,6.9700,6.9800,6.9700,6.9800,13107100,91406592.0000,3
2025-05-06,20250506150000000,sh.601398,6.9700,6.9800,6.9700,6.9800,11599600,80939252.0000,3
2025-05-07,20250507093500000,sh.601398,7.0100,7.0300,6.9700,6.9700,40637600,284532928.0000,3
2025-05-07,20250507094000000,sh.601398,6.9700,7.0100,6.9700,7.0100,14398300,100710112.0000,3
2025-05-07,20250507094500000,sh.601398,7.0100,7.0200,7.0000,7.0100,18215300,127654528.0000,3
2025-05-07,20250507095000000,sh.601398,7.0100,7.0400,7.0100,7.0400,26586900,186810212.0000,3
2025-05-07,20250507095500000,sh.601398,7.0400,7.0500,7.0300,7.0400,18813700,132464380.0000,3
2025-05-07,20250507100000000,sh.601398,7.0400,7.0500,7.0300,7.0400,10985400,77342910.0000,3
2025-05-07,20250507100500000,sh.601398,7.0300,7.0500,7.0300,7.0500,11663000,82130242.0000,3
2025-05-07,20250507101000000,sh.601398,7.0500,7.0600,7.0400,7.0600,15321000,108026746.0000,3
2025-05-07,20250507101500000,sh.601398,7.0600,7.0700,7.0600,7.0700,14194300,100265342.0000,3
2025-05-07,20250507102000000,sh.601398,7.0700,7.0800,7.0600,7.0700,10085100,71298698.0000,3
2025-05-07,20250507102500000,sh.601398,7.0700,7.0800,7.0700,7.0800,8398600,59409150.0000,3
2025-05-07,20250507103000000,sh.601398,7.0800,7.0900,7.0700,7.0800,14190300,100470400.0000,3
2025-05-07,20250507103500000,sh.601398,7.0800,7.1000,7.0800,7.0900,16358600,115968384.0000,3
2025-05-07,20250507104000000,sh.601398,7.0900,7.1100,7.0900,7.1000,15099300,107180160.0000,3
2025-05-07,20250507104500000,sh.601398,7.1000,7.1100,7.0900,7.0900,5808100,41257728.0000,3
2025-05-07,20250507105000000,sh.601398,7.0900,7.1000,7.0800,7.0900,10227000,72482688.0000,3
2025-05-07,20250507105500000,sh.601398,7.1000,7.1000,7.0800,7.0900,2347900,16640384.0000,3
2025-05-07,20250507110000000,sh.601398,7.0800,7.0900,7.0800,7.0800,2209800,15657984.0000,3
2025-05-07,20250507110500000,sh.601398,7.0800,7.0900,7.0800,7.0800,3599800,25504512.0000,3
2025-05-07,20250507111000000,sh.601398,7.0800,7.0900,7.0800,7.0800,2493100,17664000.0000,3
2025-05-07,20250507111500000,sh.601398,7.0800,7.0900,7.0700,7.0700,3782000,26768384.0000,3
2025-05-07,20250507112000000,sh.601398,7.0800,7.0800,7.0700,7.0800,3744200,26487160.0000,3
2025-05-07,20250507112500000,sh.601398,7.0800,7.0800,7.0700,7.0800,7046800,49871242.0000,3
2025-05-07,20250507113000000,sh.601398,7.0700,7.0900,7.0700,7.0800,3403400,24104318.0000,3
2025-05-07,20250507130500000,sh.601398,7.0900,7.0900,7.0600,7.0800,9803500,69374208.0000,3
2025-05-07,20250507131000000,sh.601398,7.0800,7.0900,7.0700,7.0900,7554700,53521408.0000,3
2025-05-07,20250507131500000,sh.601398,7.0900,7.1000,7.0800,7.0800,4183300,29652608.0000,3
2025-05-07,20250507132000000,sh.601398,7.0800,7.1000,7.0800,7.0900,4566500,32375168.0000,3
2025-05-07,20250507132500000,sh.601398,7.0900,7.1000,7.0900,7.0900,3138800,22264064.0000,3
2025-05-07,20250507133000000,sh.601398,7.1000,7.1000,7.0800,7.0900,2332100,16537600.0000,3
2025-05-07,20250507133500000,sh.601398,7.0900,7.1000,7.0900,7.0900,8875700,63005184.0000,3
2025-05-07,20250507134000000,sh.601398,7.1000,7.1100,7.0900,7.1000,12037500,85457664.0000,3
2025-05-07,20250507134500000,sh.601398,7.1000,7.1000,7.0900,7.0900,2399300,17022976.0000,3
2025-05-07,20250507135000000,sh.601398,7.1000,7.1000,7.0900,7.1000,3479500,24695808.0000,3
2025-05-07,20250507135500000,sh.601398,7.1000,7.1100,7.0900,7.1000,9165800,65077248.0000,3
2025-05-07,20250507140000000,sh.601398,7.1000,7.1000,7.0900,7.1000,1887100,13388800.0000,3
2025-05-07,20250507140500000,sh.601398,7.0900,7.1000,7.0900,7.1000,3307500,23467264.0000,3
2025-05-07,20250507141000000,sh.601398,7.1000,7.1000,7.0900,7.1000,4449400,31571200.0000,3
2025-05-07,20250507141500000,sh.601398,7.0900,7.1000,7.0900,7.1000,3354100,23786752.0000,3
2025-05-07,20250507142000000,sh.601398,7.0900,7.1000,7.0900,7.0900,3870200,27444736.0000,3
2025-05-07,20250507142500000,sh.601398,7.0900,7.1000,7.0800,7.0900,3044100,21580288.0000,3
2025-05-07,20250507143000000,sh.601398,7.0900,7.0900,7.0800,7.0900,5842900,41413376.0000,3
2025-05-07,20250507143500000,sh.601398,7.0900,7.1000,7.0900,7.0900,4013800,28471040.0000,3
2025-05-07,20250507144000000,sh.601398,7.1000,7.1000,7.0900,7.0900,4955600,35159552.0000,3
2025-05-07,20250507144500000,sh.601398,7.0900,7.1000,7.0900,7.0900,11285100,80047872.0000,3
2025-05-07,20250507145000000,sh.601398,7.0900,7.1000,7.0800,7.1000,7539000,53457664.0000,3
2025-05-07,20250507145500000,sh.601398,7.1000,7.1100,7.0900,7.0900,14620700,103787520.0000,3
2025-05-07,20250507150000000,sh.601398,7.1100,7.1100,7.1000,7.1100,18329900,130300160.0000,3
2025-05-08,20250508093500000,sh.601398,7.0900,7.1500,7.0900,7.1400,31908700,227213200.0000,3
2025-05-08,20250508094000000,sh.601398,7.1400,7.1700,7.1400,7.1500,23247600,166394000.0000,3
2025-05-08,20250508094500000,sh.601398,7.1500,7.1600,7.1100,7.1100,17862100,127504736.0000,3
2025-05-08,20250508095000000,sh.601398,7.1100,7.1200,7.0800,7.1000,18787200,133322172.0000,3
2025-05-08,20250508095500000,sh.601398,7.0900,7.1000,7.0900,7.0900,4779300,33910986.0000,3
2025-05-08,20250508100000000,sh.601398,7.0900,7.1100,7.0900,7.1100,8993100,63843322.0000,3
2025-05-08,20250508100500000,sh.601398,7.1200,7.1200,7.0900,7.1000,10976600,77921917.0000,3
2025-05-08,20250508101000000,sh.601398,7.1000,7.1000,7.0900,7.0900,8469500,60073535.0000,3
2025-05-08,20250508101500000,sh.601398,7.1000,7.1000,7.0800,7.0900,3376400,23924672.0000,3
2025-05-08,20250508102000000,sh.601398,7.0900,7.1000,7.0800,7.1000,3917800,27775686.0000,3
2025-05-08,20250508102500000,sh.601398,7.1000,7.1000,7.0800,7.0900,4161500,29507904.0000,3
2025-05-08,20250508103000000,sh.601398,7.0900,7.1000,7.0800,7.1000,3698300,26223749.0000,3
2025-05-08,20250508103500000,sh.601398,7.1000,7.1000,7.0900,7.0900,2427200,17219071.0000,3
2025-05-08,20250508104000000,sh.601398,7.1000,7.1000,7.0900,7.0900,1864000,13222516.0000,3
2025-05-08,20250508104500000,sh.601398,7.1000,7.1100,7.0900,7.1100,8734000,62037896.0000,3
2025-05-08,20250508105000000,sh.601398,7.1000,7.1100,7.1000,7.1000,1513600,10758015.0000,3
2025-05-08,20250508105500000,sh.601398,7.1000,7.1100,7.0900,7.0900,4064400,28859901.0000,3
2025-05-08,20250508110000000,sh.601398,7.1000,7.1100,7.0900,7.1000,4719000,33500158.0000,3
2025-05-08,20250508110500000,sh.601398,7.1000,7.1100,7.0900,7.1000,3871800,27501569.0000,3
2025-05-08,20250508111000000,sh.601398,7.1100,7.1100,7.0900,7.1000,2192800,15568389.0000,3
2025-05-08,20250508111500000,sh.601398,7.1100,7.1100,7.0900,7.1000,1640100,11649154.0000,3
2025-05-08,20250508112000000,sh.601398,7.1100,7.1100,7.1000,7.1000,2108900,14985727.0000,3
2025-05-08,20250508112500000,sh.601398,7.1000,7.1100,7.1000,7.1000,2711300,19255289.0000,3
2025-05-08,20250508113000000,sh.601398,7.1000,7.1100,7.0900,7.0900,2449500,17392382.0000,3
2025-05-08,20250508130500000,sh.601398,7.0900,7.1100,7.0900,7.1100,2485500,17644812.0000,3
2025-05-08,20250508131000000,sh.601398,7.1100,7.1100,7.1000,7.1000,2260300,16061942.0000,3
2025-05-08,20250508131500000,sh.601398,7.1000,7.1100,7.1000,7.1000,1250100,8881662.0000,3
2025-05-08,20250508132000000,sh.601398,7.1100,7.1100,7.0900,7.0900,2992500,21243649.0000,3
2025-05-08,20250508132500000,sh.601398,7.1000,7.1000,7.0900,7.1000,1528800,10847873.0000,3
2025-05-08,20250508133000000,sh.601398,7.1000,7.1000,7.0900,7.0900,1631800,11575808.0000,3
2025-05-08,20250508133500000,sh.601398,7.1000,7.1000,7.0900,7.0900,2258200,16021762.0000,3
2025-05-08,20250508134000000,sh.601398,7.0900,7.1000,7.0900,7.0900,2299800,16317954.0000,3
2025-05-08,20250508134500000,sh.601398,7.0900,7.1000,7.0900,7.0900,2946800,20899074.0000,3
2025-05-08,20250508135000000,sh.601398,7.1000,7.1000,7.0900,7.1000,1807500,12822401.0000,3
2025-05-08,20250508135500000,sh.601398,7.1000,7.1000,7.0900,7.1000,4209700,29849975.0000,3
2025-05-08,20250508140000000,sh.601398,7.1000,7.1000,7.0900,7.1000,1916200,13598090.0000,3
2025-05-08,20250508140500000,sh.601398,7.1000,7.1000,7.0900,7.0900,2653900,18827385.0000,3
2025-05-08,20250508141000000,sh.601398,7.0900,7.1000,7.0900,7.0900,8644800,61363965.0000,3
2025-05-08,20250508141500000,sh.601398,7.1000,7.1100,7.0900,7.1000,5351100,38019464.0000,3
2025-05-08,20250508142000000,sh.601398,7.1000,7.1100,7.1000,7.1000,6345700,45092348.0000,3
2025-05-08,20250508142500000,sh.601398,7.1100,7.1100,7.1000,7.1000,4211000,29933054.0000,3
2025-05-08,20250508143000000,sh.601398,7.1100,7.1200,7.1000,7.1200,7242600,51526794.0000,3
2025-05-08,20250508143500000,sh.601398,7.1200,7.1300,7.1100,7.1300,10972300,78100979.0000,3
2025-05-08,20250508144000000,sh.601398,7.1200,7.1200,7.1100,7.1100,4782600,34035967.0000,3
2025-05-08,20250508144500000,sh.601398,7.1100,7.1200,7.1100,7.1200,3551200,25259139.0000,3
2025-05-08,20250508145000000,sh.601398,7.1200,7.1200,7.1100,7.1100,6630700,47156733.0000,3
2025-05-08,20250508145500000,sh.601398,7.1100,7.1200,7.1000,7.1100,7751500,55088518.0000,3
2025-05-08,20250508150000000,sh.601398,7.1000,7.1100,7.1000,7.1100,9512800,67595131.0000,3
2025-05-09,20250509093500000,sh.601398,7.1000,7.1500,7.1000,7.1400,25976300,185143952.0000,3
2025-05-09,20250509094000000,sh.601398,7.1400,7.1600,7.1300,7.1500,20284900,144970832.0000,3
2025-05-09,20250509094500000,sh.601398,7.1400,7.1500,7.1400,7.1400,8026800,57355264.0000,3
2025-05-09,20250509095000000,sh.601398,7.1500,7.1500,7.1400,7.1400,7721100,55188768.0000,3
2025-05-09,20250509095500000,sh.601398,7.1400,7.1600,7.1400,7.1600,10585000,75694240.0000,3
2025-05-09,20250509100000000,sh.601398,7.1500,7.1600,7.1500,7.1600,6294400,45050207.0000,3
2025-05-09,20250509100500000,sh.601398,7.1500,7.1600,7.1400,7.1500,8205700,58686137.0000,3
2025-05-09,20250509101000000,sh.601398,7.1500,7.1600,7.1400,7.1500,6052400,43284236.0000,3
2025-05-09,20250509101500000,sh.601398,7.1600,7.1600,7.1400,7.1400,4451200,31823808.0000,3
2025-05-09,20250509102000000,sh.601398,7.1400,7.1500,7.1400,7.1400,3765100,26903488.0000,3
2025-05-09,20250509102500000,sh.601398,7.1500,7.1500,7.1400,7.1500,3063000,21892408.0000,3
2025-05-09,20250509103000000,sh.601398,7.1500,7.1600,7.1400,7.1500,6583700,47093628.0000,3
2025-05-09,20250509103500000,sh.601398,7.1500,7.1700,7.1500,7.1500,18631000,133401728.0000,3
2025-05-09,20250509104000000,sh.601398,7.1500,7.1600,7.1400,7.1400,8339600,59612034.0000,3
2025-05-09,20250509104500000,sh.601398,7.1500,7.1600,7.1400,7.1600,3294400,23556864.0000,3
2025-05-09,20250509105000000,sh.601398,7.1500,7.1600,7.1500,7.1500,2985900,21372030.0000,3
2025-05-09,20250509105500000,sh.601398,7.1600,7.1700,7.1500,7.1700,6053300,43366409.0000,3
2025-05-09,20250509110000000,sh.601398,7.1700,7.1800,7.1600,7.1700,9728100,69742203.0000,3
2025-05-09,20250509110500000,sh.601398,7.1800,7.2000,7.1700,7.2000,25290800,181810566.0000,3
2025-05-09,20250509111000000,sh.601398,7.2000,7.2300,7.1900,7.2100,27782200,200342910.0000,3
2025-05-09,20250509111500000,sh.601398,7.2100,7.2200,7.2000,7.2100,4265900,30750208.0000,3
2025-05-09,20250509112000000,sh.601398,7.2000,7.2100,7.2000,7.2000,3989400,28733184.0000,3
2025-05-09,20250509112500000,sh.601398,7.2000,7.2100,7.2000,7.2100,2525200,18194304.0000,3
2025-05-09,20250509113000000,sh.601398,7.2000,7.2000,7.1900,7.2000,3893500,28018047.0000,3
2025-05-09,20250509130500000,sh.601398,7.1900,7.2100,7.1800,7.1900,6924200,49817476.0000,3
2025-05-09,20250509131000000,sh.601398,7.1800,7.1900,7.1800,7.1900,1170600,8411005.0000,3
2025-05-09,20250509131500000,sh.601398,7.1900,7.1900,7.1700,7.1800,4039900,29013766.0000,3
2025-05-09,20250509132000000,sh.601398,7.1700,7.1900,7.1700,7.1900,3399800,24406528.0000,3
2025-05-09,20250509132500000,sh.601398,7.1900,7.1900,7.1800,7.1900,1578300,11338108.0000,3
2025-05-09,20250509133000000,sh.601398,7.1900,7.1900,7.1700,7.1800,5117400,36748406.0000,3
2025-05-09,20250509133500000,sh.601398,7.1800,7.1900,7.1700,7.1800,3290200,23626122.0000,3
2025-05-09,20250509134000000,sh.601398,7.1800,7.1900,7.1800,7.1800,1025000,7362422.0000,3
2025-05-09,20250509134500000,sh.601398,7.1900,7.1900,7.1800,7.1900,1353700,9726592.0000,3
2025-05-09,20250509135000000,sh.601398,7.1800,7.1900,7.1800,7.1800,2376800,17068040.0000,3
2025-05-09,20250509135500000,sh.601398,7.1800,7.1900,7.1800,7.1800,1560700,11215228.0000,3
2025-05-09,20250509140000000,sh.601398,7.1800,7.1900,7.1700,7.1800,2566700,18424327.0000,3
2025-05-09,20250509140500000,sh.601398,7.1700,7.1800,7.1700,7.1700,4218900,30256900.0000,3
2025-05-09,20250509141000000,sh.601398,7.1700,7.1800,7.1700,7.1800,2478400,17778803.0000,3
2025-05-09,20250509141500000,sh.601398,7.1700,7.1800,7.1700,7.1700,4547800,32632204.0000,3
2025-05-09,20250509142000000,sh.601398,7.1700,7.1800,7.1700,7.1700,1769000,12686079.0000,3
2025-05-09,20250509142500000,sh.601398,7.1700,7.1800,7.1600,7.1700,1815700,13017846.0000,3
2025-05-09,20250509143000000,sh.601398,7.1600,7.1700,7.1600,7.1700,1792200,12842121.0000,3
2025-05-09,20250509143500000,sh.601398,7.1600,7.1800,7.1600,7.1800,8159200,58510970.0000,3
2025-05-09,20250509144000000,sh.601398,7.1800,7.1800,7.1700,7.1800,1904300,13667194.0000,3
2025-05-09,20250509144500000,sh.601398,7.1700,7.1800,7.1700,7.1800,3070700,22031498.0000,3
2025-05-09,20250509145000000,sh.601398,7.1700,7.1800,7.1700,7.1800,3441900,24697598.0000,3
2025-05-09,20250509145500000,sh.601398,7.1700,7.1800,7.1700,7.1800,6376200,45742585.0000,3
2025-05-09,20250509150000000,sh.601398,7.1700,7.1800,7.1600,7.1700,10426300,74759943.0000,3
2025-05-12,20250512093500000,sh.601398,7.1500,7.1700,7.1100,7.1500,31909400,227645888.0000,3
2025-05-12,20250512094000000,sh.601398,7.1500,7.1600,7.1300,7.1500,13685900,97742592.0000,3
2025-05-12,20250512094500000,sh.601398,7.1500,7.1800,7.1500,7.1700,10096200,72283040.0000,3
2025-05-12,20250512095000000,sh.601398,7.1700,7.1700,7.1400,7.1600,8578600,61361056.0000,3
2025-05-12,20250512095500000,sh.601398,7.1700,7.1700,7.1500,7.1600,5167400,36995968.0000,3
2025-05-12,20250512100000000,sh.601398,7.1600,7.1700,7.1500,7.1700,7701400,55159681.0000,3
2025-05-12,20250512100500000,sh.601398,7.1700,7.1800,7.1600,7.1800,7441700,53360381.0000,3
2025-05-12,20250512101000000,sh.601398,7.1800,7.1800,7.1600,7.1600,9534800,68371396.0000,3
2025-05-12,20250512101500000,sh.601398,7.1600,7.1800,7.1600,7.1700,6431500,46113336.0000,3
2025-05-12,20250512102000000,sh.601398,7.1700,7.1800,7.1700,7.1800,5820000,41762814.0000,3
2025-05-12,20250512102500000,sh.601398,7.1800,7.1800,7.1300,7.1500,19922100,142422920.0000,3
2025-05-12,20250512103000000,sh.601398,7.1500,7.1600,7.1400,7.1500,5878300,42009656.0000,3
2025-05-12,20250512103500000,sh.601398,7.1500,7.1600,7.1400,7.1500,6381000,45611144.0000,3
2025-05-12,20250512104000000,sh.601398,7.1500,7.1500,7.1400,7.1400,5069600,36209857.0000,3
2025-05-12,20250512104500000,sh.601398,7.1400,7.1400,7.1300,7.1400,2400700,17132667.0000,3
2025-05-12,20250512105000000,sh.601398,7.1400,7.1500,7.1300,7.1400,4050400,28919046.0000,3
2025-05-12,20250512105500000,sh.601398,7.1400,7.1500,7.1300,7.1300,2185900,15599610.0000,3
2025-05-12,20250512110000000,sh.601398,7.1400,7.1400,7.1300,7.1400,2833100,20217738.0000,3
2025-05-12,20250512110500000,sh.601398,7.1400,7.1400,7.1300,7.1400,1418000,10117106.0000,3
2025-05-12,20250512111000000,sh.601398,7.1400,7.1400,7.1300,7.1400,770800,5498882.0000,3
2025-05-12,20250512111500000,sh.601398,7.1300,7.1400,7.1200,7.1300,10345500,73758345.0000,3
2025-05-12,20250512112000000,sh.601398,7.1200,7.1300,7.1200,7.1300,2161600,15398013.0000,3
2025-05-12,20250512112500000,sh.601398,7.1300,7.1300,7.1200,7.1200,1683800,11995640.0000,3
2025-05-12,20250512113000000,sh.601398,7.1200,7.1300,7.1200,7.1200,2503600,17830024.0000,3
2025-05-12,20250512130500000,sh.601398,7.1200,7.1400,7.1200,7.1400,10272900,73230456.0000,3
2025-05-12,20250512131000000,sh.601398,7.1300,7.1500,7.1300,7.1400,3284900,23459596.0000,3
2025-05-12,20250512131500000,sh.601398,7.1500,7.1500,7.1300,7.1400,2126300,15182593.0000,3
2025-05-12,20250512132000000,sh.601398,7.1400,7.1500,7.1300,7.1400,2178700,15555579.0000,3
2025-05-12,20250512132500000,sh.601398,7.1400,7.1500,7.1400,7.1400,1632800,11659898.0000,3
2025-05-12,20250512133000000,sh.601398,7.1500,7.1500,7.1400,7.1400,1948000,13924742.0000,3
2025-05-12,20250512133500000,sh.601398,7.1500,7.1600,7.1500,7.1600,3812500,27273722.0000,3
2025-05-12,20250512134000000,sh.601398,7.1600,7.1600,7.1500,7.1600,2774300,19856514.0000,3
2025-05-12,20250512134500000,sh.601398,7.1500,7.1600,7.1500,7.1600,1912300,13683460.0000,3
2025-05-12,20250512135000000,sh.601398,7.1600,7.1600,7.1500,7.1500,1336600,9567492.0000,3
2025-05-12,20250512135500000,sh.601398,7.1600,7.1600,7.1500,7.1600,1828900,13085300.0000,3
2025-05-12,20250512140000000,sh.601398,7.1600,7.1600,7.1500,7.1500,1798200,12869133.0000,3
2025-05-12,20250512140500000,sh.601398,7.1600,7.1700,7.1500,7.1600,3743600,26805107.0000,3
2025-05-12,20250512141000000,sh.601398,7.1500,7.1600,7.1500,7.1600,3011800,21555072.0000,3
2025-05-12,20250512141500000,sh.601398,7.1600,7.1600,7.1500,7.1600,3560800,25489153.0000,3
2025-05-12,20250512142000000,sh.601398,7.1600,7.1700,7.1500,7.1600,5506700,39430401.0000,3
2025-05-12,20250512142500000,sh.601398,7.1600,7.1700,7.1500,7.1600,2795900,20012168.0000,3
2025-05-12,20250512143000000,sh.601398,7.1600,7.1700,7.1500,7.1700,5078300,36357498.0000,3
2025-05-12,20250512143500000,sh.601398,7.1600,7.1700,7.1500,7.1600,2783700,19927804.0000,3
2025-05-12,20250512144000000,sh.601398,7.1600,7.1600,7.1500,7.1600,2622900,18774790.0000,3
2025-05-12,20250512144500000,sh.601398,7.1600,7.1600,7.1500,7.1600,6158300,44055174.0000,3
2025-05-12,20250512145000000,sh.601398,7.1500,7.1600,7.1500,7.1600,8490200,60761722.0000,3
2025-05-12,20250512145500000,sh.601398,7.1500,7.1600,7.1500,7.1600,9541700,68300026.0000,3
2025-05-12,20250512150000000,sh.601398,7.1600,7.1700,7.1500,7.1600,8105400,58017548.0000,3
2025-05-13,20250513093500000,sh.601398,7.1600,7.1700,7.1200,7.1700,23796600,170001136.0000,3
2025-05-13,20250513094000000,sh.601398,7.1600,7.1700,7.1400,7.1400,6537600,46757232.0000,3
2025-05-13,20250513094500000,sh.601398,7.1400,7.1500,7.1300,7.1400,6782900,48426128.0000,3
2025-05-13,20250513095000000,sh.601398,7.1400,7.1600,7.1300,7.1500,7160000,51136336.0000,3
2025-05-13,20250513095500000,sh.601398,7.1500,7.1800,7.1500,7.1800,14522000,104118112.0000,3
2025-05-13,20250513100000000,sh.601398,7.1700,7.2000,7.1700,7.2000,12318400,88504224.0000,3
2025-05-13,20250513100500000,sh.601398,7.1900,7.2100,7.1900,7.2000,14401600,103700348.0000,3
2025-05-13,20250513101000000,sh.601398,7.1900,7.2200,7.1900,7.2200,9486300,68378952.0000,3
2025-05-13,20250513101500000,sh.601398,7.2100,7.2200,7.2000,7.2000,9950500,71720701.0000,3
2025-05-13,20250513102000000,sh.601398,7.2000,7.2200,7.2000,7.2100,7207700,51961405.0000,3
2025-05-13,20250513102500000,sh.601398,7.2000,7.2200,7.2000,7.2100,8302500,59901251.0000,3
2025-05-13,20250513103000000,sh.601398,7.2200,7.2400,7.2100,7.2300,18338000,132566332.0000,3
2025-05-13,20250513103500000,sh.601398,7.2400,7.2500,7.2300,7.2400,14787700,107075907.0000,3
2025-05-13,20250513104000000,sh.601398,7.2400,7.2400,7.2200,7.2200,5055400,36552956.0000,3
2025-05-13,20250513104500000,sh.601398,7.2200,7.2400,7.2200,7.2400,5126800,37053186.0000,3
2025-05-13,20250513105000000,sh.601398,7.2300,7.2500,7.2300,7.2400,13041400,94474754.0000,3
2025-05-13,20250513105500000,sh.601398,7.2500,7.2500,7.2300,7.2300,5815100,42126592.0000,3
2025-05-13,20250513110000000,sh.601398,7.2300,7.2400,7.2300,7.2300,2940400,21262712.0000,3
2025-05-13,20250513110500000,sh.601398,7.2400,7.2400,7.2300,7.2400,6761100,48942220.0000,3
2025-05-13,20250513111000000,sh.601398,7.2300,7.2500,7.2300,7.2400,5864000,42494848.0000,3
2025-05-13,20250513111500000,sh.601398,7.2400,7.2500,7.2400,7.2400,2234000,16178804.0000,3
2025-05-13,20250513112000000,sh.601398,7.2400,7.2500,7.2300,7.2400,4494800,32524032.0000,3
2025-05-13,20250513112500000,sh.601398,7.2300,7.2500,7.2300,7.2400,4014800,29070860.0000,3
2025-05-13,20250513113000000,sh.601398,7.2300,7.2400,7.2300,7.2400,1178300,8523133.0000,3
2025-05-13,20250513130500000,sh.601398,7.2400,7.2400,7.2200,7.2200,5066900,36648315.0000,3
2025-05-13,20250513131000000,sh.601398,7.2200,7.2300,7.2200,7.2200,1566300,11312384.0000,3
2025-05-13,20250513131500000,sh.601398,7.2200,7.2300,7.2200,7.2300,1965600,14205962.0000,3
2025-05-13,20250513132000000,sh.601398,7.2200,7.2300,7.2200,7.2200,1253600,9053691.0000,3
2025-05-13,20250513132500000,sh.601398,7.2200,7.2300,7.2200,7.2300,2514800,18165240.0000,3
2025-05-13,20250513133000000,sh.601398,7.2200,7.2300,7.2200,7.2200,1854600,13397387.0000,3
2025-05-13,20250513133500000,sh.601398,7.2300,7.2300,7.2200,7.2200,1466900,10594560.0000,3
2025-05-13,20250513134000000,sh.601398,7.2200,7.2300,7.2100,7.2100,2371600,17121665.0000,3
2025-05-13,20250513134500000,sh.601398,7.2100,7.2200,7.2100,7.2200,871300,6285313.0000,3
2025-05-13,20250513135000000,sh.601398,7.2200,7.2200,7.2100,7.2200,2940700,21225851.0000,3
2025-05-13,20250513135500000,sh.601398,7.2200,7.2200,7.2100,7.2200,1473100,10632577.0000,3
2025-05-13,20250513140000000,sh.601398,7.2100,7.2200,7.2100,7.2100,1172800,8462334.0000,3
2025-05-13,20250513140500000,sh.601398,7.2100,7.2300,7.2100,7.2200,5759300,41583354.0000,3
2025-05-13,20250513141000000,sh.601398,7.2200,7.2300,7.2200,7.2200,1499200,10828289.0000,3
2025-05-13,20250513141500000,sh.601398,7.2200,7.2300,7.2200,7.2300,845800,6111485.0000,3
2025-05-13,20250513142000000,sh.601398,7.2200,7.2300,7.2200,7.2200,1147300,8288650.0000,3
2025-05-13,20250513142500000,sh.601398,7.2300,7.2300,7.2200,7.2300,1545400,11164792.0000,3
2025-05-13,20250513143000000,sh.601398,7.2200,7.2300,7.2200,7.2200,2146300,15504131.0000,3
2025-05-13,20250513143500000,sh.601398,7.2300,7.2300,7.2200,7.2200,2630300,18999549.0000,3
2025-05-13,20250513144000000,sh.601398,7.2200,7.2300,7.2200,7.2200,1701300,12292360.0000,3
2025-05-13,20250513144500000,sh.601398,7.2200,7.2300,7.2200,7.2300,3439300,24851842.0000,3
2025-05-13,20250513145000000,sh.601398,7.2200,7.2300,7.2200,7.2200,3383900,24452859.0000,3
2025-05-13,20250513145500000,sh.601398,7.2200,7.2300,7.2200,7.2300,9096900,65722887.0000,3
2025-05-13,20250513150000000,sh.601398,7.2300,7.2300,7.2200,7.2300,8914800,64429171.0000,3
2025-05-14,20250514093500000,sh.601398,7.2300,7.2500,7.2200,7.2300,23937400,173192736.0000,3
2025-05-14,20250514094000000,sh.601398,7.2200,7.2400,7.2100,7.2100,11419000,82548192.0000,3
2025-05-14,20250514094500000,sh.601398,7.2100,7.2300,7.2000,7.2100,11125700,80235456.0000,3
2025-05-14,20250514095000000,sh.601398,7.2100,7.2200,7.2000,7.2200,9800100,70617152.0000,3
2025-05-14,20250514095500000,sh.601398,7.2200,7.2200,7.2000,7.2000,5845300,42117664.0000,3
2025-05-14,20250514100000000,sh.601398,7.2100,7.2100,7.2000,7.2000,3020300,21755904.0000,3
2025-05-14,20250514100500000,sh.601398,7.2000,7.2200,7.2000,7.2200,6694700,48273344.0000,3
2025-05-14,20250514101000000,sh.601398,7.2200,7.2300,7.2100,7.2300,7227200,52177826.0000,3
2025-05-14,20250514101500000,sh.601398,7.2200,7.2400,7.2200,7.2400,2929600,21186038.0000,3
2025-05-14,20250514102000000,sh.601398,7.2400,7.2400,7.2200,7.2300,5647900,40811912.0000,3
2025-05-14,20250514102500000,sh.601398,7.2200,7.2300,7.2200,7.2300,1830400,13220098.0000,3
2025-05-14,20250514103000000,sh.601398,7.2200,7.2300,7.2200,7.2300,2356600,17034305.0000,3
2025-05-14,20250514103500000,sh.601398,7.2200,7.2400,7.2200,7.2400,2585900,18699457.0000,3
2025-05-14,20250514104000000,sh.601398,7.2300,7.2400,7.2300,7.2300,3180900,23004340.0000,3
2025-05-14,20250514104500000,sh.601398,7.2300,7.2400,7.2200,7.2200,1137900,8226124.0000,3
2025-05-14,20250514105000000,sh.601398,7.2200,7.2400,7.2200,7.2300,1479500,10700984.0000,3
2025-05-14,20250514105500000,sh.601398,7.2400,7.2400,7.2300,7.2400,1302000,9423300.0000,3
2025-05-14,20250514110000000,sh.601398,7.2400,7.2400,7.2300,7.2300,2775400,20090496.0000,3
2025-05-14,20250514110500000,sh.601398,7.2400,7.2500,7.2300,7.2400,5347400,38740356.0000,3
2025-05-14,20250514111000000,sh.601398,7.2400,7.2600,7.2400,7.2600,8607600,62433211.0000,3
2025-05-14,20250514111500000,sh.601398,7.2500,7.2600,7.2500,7.2600,5322700,38618171.0000,3
2025-05-14,20250514112000000,sh.601398,7.2500,7.2700,7.2500,7.2700,5507100,39988542.0000,3
2025-05-14,20250514112500000,sh.601398,7.2700,7.2700,7.2600,7.2700,2908900,21141185.0000,3
2025-05-14,20250514113000000,sh.601398,7.2700,7.2700,7.2600,7.2700,2089100,15179079.0000,3
2025-05-14,20250514130500000,sh.601398,7.2600,7.2800,7.2600,7.2700,7346900,53422656.0000,3
2025-05-14,20250514131000000,sh.601398,7.2800,7.2800,7.2600,7.2600,8809600,64081402.0000,3
2025-05-14,20250514131500000,sh.601398,7.2700,7.2700,7.2500,7.2600,8238800,59822464.0000,3
2025-05-14,20250514132000000,sh.601398,7.2500,7.2700,7.2500,7.2600,9186900,66653318.0000,3
2025-05-14,20250514132500000,sh.601398,7.2700,7.2800,7.2600,7.2800,6178000,44904576.0000,3
2025-05-14,20250514133000000,sh.601398,7.2800,7.2800,7.2600,7.2600,4923300,35778425.0000,3
2025-05-14,20250514133500000,sh.601398,7.2600,7.2700,7.2500,7.2700,4285600,31111683.0000,3
2025-05-14,20250514134000000,sh.601398,7.2700,7.2700,7.2500,7.2600,9095200,66066558.0000,3
2025-05-14,20250514134500000,sh.601398,7.2500,7.2600,7.2300,7.2400,18587200,134600710.0000,3
2025-05-14,20250514135000000,sh.601398,7.2400,7.2400,7.2100,7.2200,11828100,85405824.0000,3
2025-05-14,20250514135500000,sh.601398,7.2200,7.2400,7.2100,7.2300,6658800,48113664.0000,3
2025-05-14,20250514140000000,sh.601398,7.2300,7.2400,7.2300,7.2400,2841400,20550651.0000,3
2025-05-14,20250514140500000,sh.601398,7.2400,7.2400,7.2200,7.2300,4713000,34076805.0000,3
2025-05-14,20250514141000000,sh.601398,7.2300,7.2400,7.2200,7.2300,3110800,22486015.0000,3
2025-05-14,20250514141500000,sh.601398,7.2300,7.2300,7.2200,7.2300,2209000,15960704.0000,3
2025-05-14,20250514142000000,sh.601398,7.2300,7.2300,7.2200,7.2300,2745900,19841657.0000,3
2025-05-14,20250514142500000,sh.601398,7.2200,7.2300,7.2200,7.2300,3588500,25921933.0000,3
2025-05-14,20250514143000000,sh.601398,7.2300,7.2300,7.2200,7.2200,2362700,17070210.0000,3
2025-05-14,20250514143500000,sh.601398,7.2300,7.2300,7.2200,7.2200,2739800,19792765.0000,3
2025-05-14,20250514144000000,sh.601398,7.2200,7.2300,7.2200,7.2200,5661600,40904954.0000,3
2025-05-14,20250514144500000,sh.601398,7.2300,7.2400,7.2200,7.2300,9427900,68173828.0000,3
2025-05-14,20250514145000000,sh.601398,7.2300,7.2500,7.2300,7.2300,6235600,45137270.0000,3
2025-05-14,20250514145500000,sh.601398,7.2400,7.2400,7.2300,7.2300,4838000,34996104.0000,3
2025-05-14,20250514150000000,sh.601398,7.2300,7.2400,7.2300,7.2300,7178500,51919228.0000,3
2025-05-15,20250515093500000,sh.601398,7.2300,7.2700,7.2300,7.2500,30252800,219262528.0000,3
2025-05-15,20250515094000000,sh.601398,7.2500,7.2700,7.2500,7.2600,15299200,111046176.0000,3
2025-05-15,20250515094500000,sh.601398,7.2600,7.2900,7.2600,7.2900,14315400,104147712.0000,3
2025-05-15,20250515095000000,sh.601398,7.2900,7.2900,7.2700,7.2800,8625600,62779904.0000,3
2025-05-15,20250515095500000,sh.601398,7.2800,7.2800,7.2600,7.2700,8081100,58735584.0000,3
2025-05-15,20250515100000000,sh.601398,7.2700,7.2900,7.2600,7.2800,14443400,105088443.0000,3
2025-05-15,20250515100500000,sh.601398,7.2700,7.2800,7.2500,7.2600,4918800,35729277.0000,3
2025-05-15,20250515101000000,sh.601398,7.2700,7.2700,7.2300,7.2500,12003200,86961356.0000,3
2025-05-15,20250515101500000,sh.601398,7.2500,7.2500,7.2300,7.2300,5009000,36252288.0000,3
2025-05-15,20250515102000000,sh.601398,7.2300,7.2300,7.2200,7.2300,8611600,62234878.0000,3
2025-05-15,20250515102500000,sh.601398,7.2200,7.2500,7.2200,7.2500,4990500,36097082.0000,3
2025-05-15,20250515103000000,sh.601398,7.2500,7.2500,7.2300,7.2400,2413900,17479676.0000,3
2025-05-15,20250515103500000,sh.601398,7.2300,7.2400,7.2200,7.2200,6307600,45606276.0000,3
2025-05-15,20250515104000000,sh.601398,7.2300,7.2400,7.2200,7.2400,3964900,28663103.0000,3
2025-05-15,20250515104500000,sh.601398,7.2300,7.2500,7.2300,7.2400,7468500,54080519.0000,3
2025-05-15,20250515105000000,sh.601398,7.2500,7.2500,7.2400,7.2400,2155200,15624247.0000,3
2025-05-15,20250515105500000,sh.601398,7.2500,7.2600,7.2400,7.2500,3853100,27942531.0000,3
2025-05-15,20250515110000000,sh.601398,7.2500,7.2500,7.2300,7.2400,3707400,26851339.0000,3
2025-05-15,20250515110500000,sh.601398,7.2400,7.2400,7.2300,7.2300,1571700,11373809.0000,3
2025-05-15,20250515111000000,sh.601398,7.2300,7.2500,7.2300,7.2500,3788400,27444492.0000,3
2025-05-15,20250515111500000,sh.601398,7.2500,7.2600,7.2500,7.2600,2292200,16629122.0000,3
2025-05-15,20250515112000000,sh.601398,7.2500,7.2600,7.2500,7.2600,2991900,21700601.0000,3
2025-05-15,20250515112500000,sh.601398,7.2600,7.2700,7.2500,7.2700,4931500,35792637.0000,3
2025-05-15,20250515113000000,sh.601398,7.2600,7.2700,7.2500,7.2600,2564200,18612860.0000,3
2025-05-15,20250515130500000,sh.601398,7.2600,7.2600,7.2400,7.2500,3798100,27543939.0000,3
2025-05-15,20250515131000000,sh.601398,7.2600,7.2600,7.2500,7.2600,1264100,9169283.0000,3
2025-05-15,20250515131500000,sh.601398,7.2600,7.2600,7.2500,7.2500,2621100,19021567.0000,3
2025-05-15,20250515132000000,sh.601398,7.2500,7.2600,7.2500,7.2600,1039900,7547387.0000,3
2025-05-15,20250515132500000,sh.601398,7.2500,7.2600,7.2500,7.2600,1536000,11147016.0000,3
2025-05-15,20250515133000000,sh.601398,7.2600,7.2600,7.2500,7.2500,2917500,21162878.0000,3
2025-05-15,20250515133500000,sh.601398,7.2600,7.2600,7.2400,7.2400,3236900,23466503.0000,3
2025-05-15,20250515134000000,sh.601398,7.2400,7.2600,7.2400,7.2500,3257100,23616248.0000,3
2025-05-15,20250515134500000,sh.601398,7.2500,7.2600,7.2500,7.2500,1469800,10664969.0000,3
2025-05-15,20250515135000000,sh.601398,7.2500,7.2600,7.2500,7.2500,2201200,15978361.0000,3
2025-05-15,20250515135500000,sh.601398,7.2600,7.2700,7.2500,7.2700,5679300,41242888.0000,3
2025-05-15,20250515140000000,sh.601398,7.2700,7.2700,7.2600,7.2600,2098500,15247615.0000,3
2025-05-15,20250515140500000,sh.601398,7.2600,7.2700,7.2600,7.2700,4167400,30281848.0000,3
2025-05-15,20250515141000000,sh.601398,7.2700,7.2700,7.2600,7.2700,4119500,29945466.0000,3
2025-05-15,20250515141500000,sh.601398,7.2700,7.2700,7.2600,7.2600,1990400,14459533.0000,3
2025-05-15,20250515142000000,sh.601398,7.2700,7.2700,7.2600,7.2700,2106300,15307259.0000,3
2025-05-15,20250515142500000,sh.601398,7.2700,7.2700,7.2600,7.2600,5280300,38378499.0000,3
2025-05-15,20250515143000000,sh.601398,7.2700,7.2800,7.2700,7.2700,5759800,41902462.0000,3
2025-05-15,20250515143500000,sh.601398,7.2700,7.2800,7.2700,7.2800,2903200,21126519.0000,3
2025-05-15,20250515144000000,sh.601398,7.2800,7.2800,7.2600,7.2600,9950300,72343810.0000,3
2025-05-15,20250515144500000,sh.601398,7.2600,7.2700,7.2500,7.2600,6306000,45782152.0000,3
2025-05-15,20250515145000000,sh.601398,7.2500,7.2600,7.2500,7.2600,2945700,21372675.0000,3
2025-05-15,20250515145500000,sh.601398,7.2600,7.2600,7.2500,7.2500,5828300,42297600.0000,3
2025-05-15,20250515150000000,sh.601398,7.2600,7.2700,7.2500,7.2700,13224300,96076279.0000,3
2025-05-16,20250516093500000,sh.601398,7.2600,7.2900,7.2500,7.2500,20895000,151975776.0000,3
2025-05-16,20250516094000000,sh.601398,7.2600,7.2600,7.2200,7.2200,13635900,98708416.0000,3
2025-05-16,20250516094500000,sh.601398,7.2200,7.2300,7.2000,7.2200,18047300,130143712.0000,3
2025-05-16,20250516095000000,sh.601398,7.2200,7.2200,7.1800,7.1800,20136200,144945888.0000,3
2025-05-16,20250516095500000,sh.601398,7.1900,7.2000,7.1700,7.1800,17961500,129005400.0000,3
2025-05-16,20250516100000000,sh.601398,7.1800,7.2000,7.1600,7.2000,18054600,129552268.0000,3
2025-05-16,20250516100500000,sh.601398,7.1900,7.2000,7.1800,7.1800,6775000,48694845.0000,3
2025-05-16,20250516101000000,sh.601398,7.1900,7.1900,7.1800,7.1800,5828800,41901830.0000,3
2025-05-16,20250516101500000,sh.601398,7.2000,7.2000,7.1800,7.1800,3927600,28222578.0000,3
2025-05-16,20250516102000000,sh.601398,7.1900,7.1900,7.1700,7.1800,7220600,51845702.0000,3
2025-05-16,20250516102500000,sh.601398,7.1800,7.1800,7.1700,7.1800,10245000,73482696.0000,3
2025-05-16,20250516103000000,sh.601398,7.1700,7.1800,7.1400,7.1500,28112200,201203837.0000,3
2025-05-16,20250516103500000,sh.601398,7.1400,7.1500,7.1300,7.1400,17263900,123182460.0000,3
2025-05-16,20250516104000000,sh.601398,7.1500,7.1500,7.1300,7.1500,6711000,47934719.0000,3
2025-05-16,20250516104500000,sh.601398,7.1500,7.1500,7.1300,7.1400,6508800,46457985.0000,3
2025-05-16,20250516105000000,sh.601398,7.1400,7.1500,7.1300,7.1400,8775600,62645376.0000,3
2025-05-16,20250516105500000,sh.601398,7.1400,7.1500,7.1300,7.1400,6321300,45124992.0000,3
2025-05-16,20250516110000000,sh.601398,7.1400,7.1500,7.1300,7.1400,3168500,22630404.0000,3
2025-05-16,20250516110500000,sh.601398,7.1500,7.1600,7.1400,7.1500,5730700,40955892.0000,3
2025-05-16,20250516111000000,sh.601398,7.1500,7.1600,7.1500,7.1500,3373600,24139016.0000,3
2025-05-16,20250516111500000,sh.601398,7.1600,7.1600,7.1500,7.1600,2573100,18408448.0000,3
2025-05-16,20250516112000000,sh.601398,7.1500,7.1600,7.1400,7.1500,4325600,30940284.0000,3
2025-05-16,20250516112500000,sh.601398,7.1400,7.1500,7.1400,7.1500,3154600,22539273.0000,3
2025-05-16,20250516113000000,sh.601398,7.1400,7.1500,7.1400,7.1400,6203200,44302848.0000,3
2025-05-16,20250516130500000,sh.601398,7.1500,7.1500,7.1300,7.1400,6564000,46888820.0000,3
2025-05-16,20250516131000000,sh.601398,7.1500,7.1600,7.1400,7.1500,2968600,21213447.0000,3
2025-05-16,20250516131500000,sh.601398,7.1500,7.1500,7.1400,7.1400,2347900,16782969.0000,3
2025-05-16,20250516132000000,sh.601398,7.1400,7.1500,7.1400,7.1500,3330500,23796227.0000,3
2025-05-16,20250516132500000,sh.601398,7.1500,7.1500,7.1400,7.1400,2865800,20477959.0000,3
2025-05-16,20250516133000000,sh.601398,7.1400,7.1500,7.1300,7.1400,8914900,63649533.0000,3
2025-05-16,20250516133500000,sh.601398,7.1400,7.1500,7.1300,7.1400,2939000,20987904.0000,3
2025-05-16,20250516134000000,sh.601398,7.1400,7.1500,7.1400,7.1400,3604800,25766008.0000,3
2025-05-16,20250516134500000,sh.601398,7.1400,7.1500,7.1400,7.1500,2316500,16556558.0000,3
2025-05-16,20250516135000000,sh.601398,7.1500,7.1700,7.1400,7.1700,4788900,34282873.0000,3
2025-05-16,20250516135500000,sh.601398,7.1700,7.1700,7.1600,7.1700,3640100,26087036.0000,3
2025-05-16,20250516140000000,sh.601398,7.1600,7.1700,7.1600,7.1700,3644900,26111613.0000,3
2025-05-16,20250516140500000,sh.601398,7.1600,7.1600,7.1500,7.1600,4271300,30576004.0000,3
2025-05-16,20250516141000000,sh.601398,7.1600,7.1700,7.1500,7.1600,2603800,18632706.0000,3
2025-05-16,20250516141500000,sh.601398,7.1600,7.1600,7.1500,7.1600,4101000,29340418.0000,3
2025-05-16,20250516142000000,sh.601398,7.1600,7.1700,7.1500,7.1600,3711300,26567418.0000,3
2025-05-16,20250516142500000,sh.601398,7.1600,7.1600,7.1500,7.1600,2408800,17239806.0000,3
2025-05-16,20250516143000000,sh.601398,7.1600,7.1600,7.1500,7.1600,4329600,30972672.0000,3
2025-05-16,20250516143500000,sh.601398,7.1500,7.1600,7.1400,7.1400,9652900,69006848.0000,3
2025-05-16,20250516144000000,sh.601398,7.1500,7.1500,7.1400,7.1500,8204500,58635010.0000,3
2025-05-16,20250516144500000,sh.601398,7.1400,7.1500,7.1400,7.1500,11358100,81126401.0000,3
2025-05-16,20250516145000000,sh.601398,7.1400,7.1500,7.1300,7.1400,14583200,104106757.0000,3
2025-05-16,20250516145500000,sh.601398,7.1300,7.1500,7.1300,7.1400,12583600,89859328.0000,3
2025-05-16,20250516150000000,sh.601398,7.1500,7.1600,7.1400,7.1600,22830500,163396864.0000,3
2025-05-19,20250519093500000,sh.601398,7.1600,7.1900,7.1400,7.1600,24202100,173461840.0000,3
2025-05-19,20250519094000000,sh.601398,7.1700,7.1900,7.1600,7.1800,11763200,84446256.0000,3
2025-05-19,20250519094500000,sh.601398,7.1800,7.2000,7.1800,7.1800,13496700,97047712.0000,3
2025-05-19,20250519095000000,sh.601398,7.1800,7.2000,7.1800,7.2000,7763500,55827712.0000,3
2025-05-19,20250519095500000,sh.601398,7.2000,7.2000,7.1700,7.1900,9931300,71352352.0000,3
2025-05-19,20250519100000000,sh.601398,7.1900,7.1900,7.1700,7.1800,3634100,26091872.0000,3
2025-05-19,20250519100500000,sh.601398,7.1800,7.1800,7.1600,7.1700,6008100,43076704.0000,3
2025-05-19,20250519101000000,sh.601398,7.1700,7.1800,7.1600,7.1800,4830800,34642809.0000,3
2025-05-19,20250519101500000,sh.601398,7.1700,7.1800,7.1700,7.1700,3867900,27751423.0000,3
2025-05-19,20250519102000000,sh.601398,7.1700,7.1800,7.1600,7.1600,2926400,20986062.0000,3
2025-05-19,20250519102500000,sh.601398,7.1600,7.1700,7.1500,7.1600,10483900,75037568.0000,3
2025-05-19,20250519103000000,sh.601398,7.1500,7.1600,7.1500,7.1500,3558500,25451379.0000,3
2025-05-19,20250519103500000,sh.601398,7.1600,7.1600,7.1500,7.1500,3287800,23517119.0000,3
2025-05-19,20250519104000000,sh.601398,7.1500,7.1600,7.1500,7.1600,1901100,13602052.0000,3
2025-05-19,20250519104500000,sh.601398,7.1500,7.1600,7.1500,7.1500,1268700,9075907.0000,3
2025-05-19,20250519105000000,sh.601398,7.1500,7.1600,7.1500,7.1500,1834200,13120382.0000,3
2025-05-19,20250519105500000,sh.601398,7.1500,7.1600,7.1400,7.1400,3940800,28172797.0000,3
2025-05-19,20250519110000000,sh.601398,7.1400,7.1500,7.1400,7.1400,2124400,15173887.0000,3
2025-05-19,20250519110500000,sh.601398,7.1400,7.1600,7.1400,7.1600,3735800,26715843.0000,3
2025-05-19,20250519111000000,sh.601398,7.1600,7.1600,7.1500,7.1500,1579900,11303754.0000,3
2025-05-19,20250519111500000,sh.601398,7.1600,7.1600,7.1400,7.1400,3288600,23513909.0000,3
2025-05-19,20250519112000000,sh.601398,7.1500,7.1500,7.1400,7.1400,2203000,15745863.0000,3
2025-05-19,20250519112500000,sh.601398,7.1400,7.1500,7.1400,7.1500,1376400,9832768.0000,3
2025-05-19,20250519113000000,sh.601398,7.1400,7.1500,7.1400,7.1400,1639300,11712703.0000,3
2025-05-19,20250519130500000,sh.601398,7.1400,7.1600,7.1400,7.1600,3261300,23315777.0000,3
2025-05-19,20250519131000000,sh.601398,7.1600,7.1600,7.1500,7.1500,2711900,19394552.0000,3
2025-05-19,20250519131500000,sh.601398,7.1500,7.1600,7.1500,7.1600,1610300,11517962.0000,3
2025-05-19,20250519132000000,sh.601398,7.1500,7.1600,7.1500,7.1600,1568300,11220341.0000,3
2025-05-19,20250519132500000,sh.601398,7.1500,7.1500,7.1400,7.1500,5253800,37556677.0000,3
2025-05-19,20250519133000000,sh.601398,7.1500,7.1500,7.1400,7.1400,2318800,16567227.0000,3
2025-05-19,20250519133500000,sh.601398,7.1400,7.1500,7.1400,7.1500,1349000,9636679.0000,3
2025-05-19,20250519134000000,sh.601398,7.1400,7.1500,7.1400,7.1400,1954000,13961914.0000,3
2025-05-19,20250519134500000,sh.601398,7.1500,7.1500,7.1400,7.1400,2843400,20309636.0000,3
2025-05-19,20250519135000000,sh.601398,7.1500,7.1500,7.1400,7.1400,1965300,14042632.0000,3
2025-05-19,20250519135500000,sh.601398,7.1400,7.1500,7.1400,7.1400,3449700,24635898.0000,3
2025-05-19,20250519140000000,sh.601398,7.1400,7.1400,7.1200,7.1200,18989100,135466619.0000,3
2025-05-19,20250519140500000,sh.601398,7.1200,7.1400,7.1200,7.1300,9303800,66312446.0000,3
2025-05-19,20250519141000000,sh.601398,7.1300,7.1400,7.1300,7.1400,1962400,13996813.0000,3
2025-05-19,20250519141500000,sh.601398,7.1400,7.1400,7.1300,7.1300,2386700,17025152.0000,3
2025-05-19,20250519142000000,sh.601398,7.1400,7.1400,7.1300,7.1400,1722800,12292609.0000,3
2025-05-19,20250519142500000,sh.601398,7.1400,7.1400,7.1200,7.1300,7824000,55786486.0000,3
2025-05-19,20250519143000000,sh.601398,7.1300,7.1300,7.1200,7.1200,2226700,15867395.0000,3
2025-05-19,20250519143500000,sh.601398,7.1300,7.1300,7.1200,7.1200,5318300,37878144.0000,3
2025-05-19,20250519144000000,sh.601398,7.1200,7.1300,7.1200,7.1200,3524800,25111294.0000,3
2025-05-19,20250519144500000,sh.601398,7.1300,7.1300,7.1200,7.1300,7487900,53326843.0000,3
2025-05-19,20250519145000000,sh.601398,7.1200,7.1300,7.1200,7.1200,16654400,118595839.0000,3
2025-05-19,20250519145500000,sh.601398,7.1100,7.1200,7.1100,7.1200,10744000,76440064.0000,3
2025-05-19,20250519150000000,sh.601398,7.1100,7.1200,7.1100,7.1200,9591700,68258312.0000,3
2025-05-20,20250520093500000,sh.601398,7.1400,7.1600,7.1400,7.1600,16210200,115857664.0000,3
2025-05-20,20250520094000000,sh.601398,7.1600,7.1600,7.1300,7.1400,14180500,101315792.0000,3
2025-05-20,20250520094500000,sh.601398,7.1500,7.1500,7.1300,7.1500,6681000,47712672.0000,3
2025-05-20,20250520095000000,sh.601398,7.1400,7.1500,7.1300,7.1400,3862100,27567056.0000,3
2025-05-20,20250520095500000,sh.601398,7.1400,7.1400,7.1300,7.1300,2505400,17877728.0000,3
2025-05-20,20250520100000000,sh.601398,7.1400,7.1400,7.1200,7.1300,8695200,61976288.0000,3
2025-05-20,20250520100500000,sh.601398,7.1300,7.1300,7.1100,7.1300,11129500,79244416.0000,3
2025-05-20,20250520101000000,sh.601398,7.1300,7.1300,7.1100,7.1200,5033000,35841568.0000,3
2025-05-20,20250520101500000,sh.601398,7.1200,7.1200,7.1100,7.1100,1478300,10518304.0000,3
2025-05-20,20250520102000000,sh.601398,7.1100,7.1200,7.1000,7.1100,11891500,84546048.0000,3
2025-05-20,20250520102500000,sh.601398,7.1100,7.1100,7.1000,7.1000,2035200,14459964.0000,3
2025-05-20,20250520103000000,sh.601398,7.1100,7.1100,7.1000,7.1100,1818200,12919554.0000,3
2025-05-20,20250520103500000,sh.601398,7.1000,7.1100,7.1000,7.1000,4375400,31085445.0000,3
2025-05-20,20250520104000000,sh.601398,7.1100,7.1200,7.1000,7.1100,3626200,25786114.0000,3
2025-05-20,20250520104500000,sh.601398,7.1100,7.1200,7.1000,7.1100,4515000,32096891.0000,3
2025-05-20,20250520105000000,sh.601398,7.1100,7.1200,7.1000,7.1100,2456400,17457735.0000,3
2025-05-20,20250520105500000,sh.601398,7.1100,7.1200,7.1100,7.1200,1764700,12549300.0000,3
2025-05-20,20250520110000000,sh.601398,7.1200,7.1200,7.1100,7.1200,1122900,7986699.0000,3
2025-05-20,20250520110500000,sh.601398,7.1200,7.1200,7.1100,7.1200,1283900,9136256.0000,3
2025-05-20,20250520111000000,sh.601398,7.1200,7.1200,7.1100,7.1100,5766900,41033083.0000,3
2025-05-20,20250520111500000,sh.601398,7.1200,7.1200,7.1100,7.1100,2243900,15972856.0000,3
2025-05-20,20250520112000000,sh.601398,7.1100,7.1300,7.1100,7.1200,7244100,51593549.0000,3
2025-05-20,20250520112500000,sh.601398,7.1300,7.1300,7.1200,7.1300,1277600,9105920.0000,3
2025-05-20,20250520113000000,sh.601398,7.1200,7.1300,7.1200,7.1200,1292300,9209147.0000,3
2025-05-20,20250520130500000,sh.601398,7.1200,7.1300,7.1100,7.1200,7031800,50056831.0000,3
2025-05-20,20250520131000000,sh.601398,7.1200,7.1300,7.1200,7.1300,2288500,16303224.0000,3
2025-05-20,20250520131500000,sh.601398,7.1200,7.1400,7.1200,7.1400,4298500,30654465.0000,3
2025-05-20,20250520132000000,sh.601398,7.1400,7.1500,7.1300,7.1400,8104200,57864385.0000,3
2025-05-20,20250520132500000,sh.601398,7.1400,7.1400,7.1300,7.1300,405900,2896390.0000,3
2025-05-20,20250520133000000,sh.601398,7.1300,7.1400,7.1300,7.1300,832100,5935617.0000,3
2025-05-20,20250520133500000,sh.601398,7.1400,7.1400,7.1300,7.1400,2616600,18678720.0000,3
2025-05-20,20250520134000000,sh.601398,7.1300,7.1400,7.1300,7.1400,1299800,9275897.0000,3
2025-05-20,20250520134500000,sh.601398,7.1400,7.1400,7.1300,7.1400,4909500,35038858.0000,3
2025-05-20,20250520135000000,sh.601398,7.1400,7.1400,7.1300,7.1400,2469100,17626882.0000,3
2025-05-20,20250520135500000,sh.601398,7.1400,7.1400,7.1300,7.1300,863300,6160242.0000,3
2025-05-20,20250520140000000,sh.601398,7.1400,7.1400,7.1300,7.1300,1753900,12518158.0000,3
2025-05-20,20250520140500000,sh.601398,7.1300,7.1400,7.1300,7.1300,3416100,24361591.0000,3
2025-05-20,20250520141000000,sh.601398,7.1300,7.1400,7.1300,7.1400,838600,5981449.0000,3
2025-05-20,20250520141500000,sh.601398,7.1300,7.1400,7.1300,7.1300,2613200,18652276.0000,3
2025-05-20,20250520142000000,sh.601398,7.1300,7.1400,7.1300,7.1300,3556400,25361804.0000,3
2025-05-20,20250520142500000,sh.601398,7.1300,7.1400,7.1200,7.1300,3496900,24928889.0000,3
2025-05-20,20250520143000000,sh.601398,7.1300,7.1300,7.1200,7.1200,2121800,15121017.0000,3
2025-05-20,20250520143500000,sh.601398,7.1300,7.1300,7.1200,7.1300,1907800,13596549.0000,3
2025-05-20,20250520144000000,sh.601398,7.1200,7.1300,7.1200,7.1200,2045900,14579845.0000,3
2025-05-20,20250520144500000,sh.601398,7.1300,7.1300,7.1200,7.1200,3518600,25080572.0000,3
2025-05-20,20250520145000000,sh.601398,7.1300,7.1400,7.1200,7.1300,4374100,31180167.0000,3
2025-05-20,20250520145500000,sh.601398,7.1300,7.1300,7.1200,7.1300,4774200,34027763.0000,3
2025-05-20,20250520150000000,sh.601398,7.1400,7.1400,7.1200,7.1300,5665000,40389376.0000,3
2025-05-21,20250521093500000,sh.601398,7.1300,7.1500,7.1300,7.1500,11725300,83708608.0000,3
2025-05-21,20250521094000000,sh.601398,7.1500,7.1500,7.1100,7.1300,11771800,83902592.0000,3
2025-05-21,20250521094500000,sh.601398,7.1300,7.1300,7.1200,7.1300,7038500,50147504.0000,3
2025-05-21,20250521095000000,sh.601398,7.1300,7.1400,7.1200,7.1300,3795400,27063536.0000,3
2025-05-21,20250521095500000,sh.601398,7.1300,7.1500,7.1300,7.1500,7587100,54171264.0000,3
2025-05-21,20250521100000000,sh.601398,7.1400,7.1600,7.1400,7.1500,13534300,96775072.0000,3
2025-05-21,20250521100500000,sh.601398,7.1500,7.1600,7.1500,7.1600,8077600,57809280.0000,3
2025-05-21,20250521101000000,sh.601398,7.1600,7.1600,7.1400,7.1600,5742400,41065408.0000,3
2025-05-21,20250521101500000,sh.601398,7.1600,7.1600,7.1500,7.1500,2416700,17296224.0000,3
2025-05-21,20250521102000000,sh.601398,7.1600,7.1600,7.1500,7.1500,4599500,32917152.0000,3
2025-05-21,20250521102500000,sh.601398,7.1600,7.1700,7.1500,7.1700,12241900,87660544.0000,3
2025-05-21,20250521103000000,sh.601398,7.1700,7.1800,7.1600,7.1800,9158800,65677380.0000,3
2025-05-21,20250521103500000,sh.601398,7.1800,7.1900,7.1600,7.1800,23788900,170697208.0000,3
2025-05-21,20250521104000000,sh.601398,7.1800,7.1900,7.1800,7.1900,6954300,49989760.0000,3
2025-05-21,20250521104500000,sh.601398,7.1800,7.1900,7.1800,7.1900,6311400,45362110.0000,3
2025-05-21,20250521105000000,sh.601398,7.1800,7.1900,7.1700,7.1800,4767400,34238788.0000,3
2025-05-21,20250521105500000,sh.601398,7.1700,7.1800,7.1700,7.1800,2047000,14692869.0000,3
2025-05-21,20250521110000000,sh.601398,7.1700,7.1800,7.1700,7.1800,2849400,20444729.0000,3
2025-05-21,20250521110500000,sh.601398,7.1800,7.1800,7.1700,7.1800,2313700,16606084.0000,3
2025-05-21,20250521111000000,sh.601398,7.1800,7.1800,7.1600,7.1700,6065100,43490880.0000,3
2025-05-21,20250521111500000,sh.601398,7.1600,7.1700,7.1600,7.1600,5056900,36220164.0000,3
2025-05-21,20250521112000000,sh.601398,7.1600,7.1700,7.1600,7.1600,1749800,12531580.0000,3
2025-05-21,20250521112500000,sh.601398,7.1700,7.1700,7.1600,7.1700,1368900,9807997.0000,3
2025-05-21,20250521113000000,sh.601398,7.1700,7.1700,7.1600,7.1700,2812700,20146695.0000,3
2025-05-21,20250521130500000,sh.601398,7.1700,7.1700,7.1500,7.1500,4183600,29950329.0000,3
2025-05-21,20250521131000000,sh.601398,7.1600,7.1600,7.1500,7.1600,2407000,17227523.0000,3
2025-05-21,20250521131500000,sh.601398,7.1500,7.1600,7.1500,7.1600,2129600,15242491.0000,3
2025-05-21,20250521132000000,sh.601398,7.1600,7.1600,7.1500,7.1600,2881500,20619017.0000,3
2025-05-21,20250521132500000,sh.601398,7.1600,7.1600,7.1500,7.1600,2089700,14953088.0000,3
2025-05-21,20250521133000000,sh.601398,7.1600,7.1600,7.1400,7.1400,7256000,51887232.0000,3
2025-05-21,20250521133500000,sh.601398,7.1400,7.1500,7.1400,7.1400,2615300,18680437.0000,3
2025-05-21,20250521134000000,sh.601398,7.1500,7.1500,7.1400,7.1500,1715900,12259081.0000,3
2025-05-21,20250521134500000,sh.601398,7.1500,7.1500,7.1400,7.1500,2143400,15313784.0000,3
2025-05-21,20250521135000000,sh.601398,7.1500,7.1500,7.1400,7.1500,2375600,16974206.0000,3
2025-05-21,20250521135500000,sh.601398,7.1500,7.1500,7.1400,7.1500,2670800,19081732.0000,3
2025-05-21,20250521140000000,sh.601398,7.1500,7.1500,7.1300,7.1400,7850500,56061184.0000,3
2025-05-21,20250521140500000,sh.601398,7.1300,7.1400,7.1300,7.1400,2079200,14833794.0000,3
2025-05-21,20250521141000000,sh.601398,7.1300,7.1400,7.1300,7.1400,2597800,18533380.0000,3
2025-05-21,20250521141500000,sh.601398,7.1300,7.1400,7.1300,7.1400,2576300,18381174.0000,3
2025-05-21,20250521142000000,sh.601398,7.1400,7.1400,7.1300,7.1400,4501500,32126214.0000,3
2025-05-21,20250521142500000,sh.601398,7.1400,7.1500,7.1300,7.1500,3919900,27988864.0000,3
2025-05-21,20250521143000000,sh.601398,7.1400,7.1500,7.1400,7.1500,2600000,18571386.0000,3
2025-05-21,20250521143500000,sh.601398,7.1500,7.1500,7.1400,7.1400,5236800,37401357.0000,3
2025-05-21,20250521144000000,sh.601398,7.1400,7.1500,7.1400,7.1500,2524400,18033407.0000,3
2025-05-21,20250521144500000,sh.601398,7.1400,7.1500,7.1400,7.1500,4296700,30698100.0000,3
2025-05-21,20250521145000000,sh.601398,7.1500,7.1500,7.1400,7.1400,5437400,38857602.0000,3
2025-05-21,20250521145500000,sh.601398,7.1500,7.1500,7.1400,7.1500,7021500,50156034.0000,3
2025-05-21,20250521150000000,sh.601398,7.1400,7.1500,7.1400,7.1400,7186100,51320190.0000,3
2025-05-22,20250522093500000,sh.601398,7.1500,7.1600,7.1200,7.1200,18742500,133804040.0000,3
2025-05-22,20250522094000000,sh.601398,7.1300,7.1300,7.1100,7.1200,17351300,123428376.0000,3
2025-05-22,20250522094500000,sh.601398,7.1100,7.1200,7.1100,7.1200,5751000,40916224.0000,3
2025-05-22,20250522095000000,sh.601398,7.1200,7.1200,7.1000,7.1100,16536600,117578048.0000,3
2025-05-22,20250522095500000,sh.601398,7.1200,7.1200,7.1100,7.1200,2599800,18493760.0000,3
2025-05-22,20250522100000000,sh.601398,7.1100,7.1200,7.1100,7.1100,4304600,30616832.0000,3
2025-05-22,20250522100500000,sh.601398,7.1100,7.1200,7.1100,7.1200,1323400,9415392.0000,3
2025-05-22,20250522101000000,sh.601398,7.1200,7.1200,7.1100,7.1200,5535800,39366656.0000,3
2025-05-22,20250522101500000,sh.601398,7.1200,7.1300,7.1100,7.1200,7559400,53806336.0000,3
2025-05-22,20250522102000000,sh.601398,7.1300,7.1300,7.1100,7.1200,4950900,35246648.0000,3
2025-05-22,20250522102500000,sh.601398,7.1200,7.1400,7.1100,7.1400,8776300,62502410.0000,3
2025-05-22,20250522103000000,sh.601398,7.1300,7.1400,7.1300,7.1300,1305600,9317502.0000,3
2025-05-22,20250522103500000,sh.601398,7.1400,7.1400,7.1200,7.1200,9475200,67580860.0000,3
2025-05-22,20250522104000000,sh.601398,7.1200,7.1300,7.1200,7.1300,2072100,14767492.0000,3
2025-05-22,20250522104500000,sh.601398,7.1200,7.1300,7.1200,7.1300,2611800,18606976.0000,3
2025-05-22,20250522105000000,sh.601398,7.1200,7.1300,7.1200,7.1300,1926500,13726333.0000,3
2025-05-22,20250522105500000,sh.601398,7.1300,7.1300,7.1200,7.1300,2615400,18634624.0000,3
2025-05-22,20250522110000000,sh.601398,7.1300,7.1300,7.1200,7.1200,2840100,20236802.0000,3
2025-05-22,20250522110500000,sh.601398,7.1300,7.1500,7.1200,7.1400,18077800,128971133.0000,3
2025-05-22,20250522111000000,sh.601398,7.1400,7.1600,7.1400,7.1600,12074900,86318532.0000,3
2025-05-22,20250522111500000,sh.601398,7.1500,7.1600,7.1400,7.1500,4898800,35009730.0000,3
2025-05-22,20250522112000000,sh.601398,7.1400,7.1500,7.1400,7.1500,4663300,33330808.0000,3
2025-05-22,20250522112500000,sh.601398,7.1500,7.1500,7.1400,7.1500,2384400,17036672.0000,3
2025-05-22,20250522113000000,sh.601398,7.1400,7.1400,7.1300,7.1400,10922700,77948934.0000,3
2025-05-22,20250522130500000,sh.601398,7.1400,7.1400,7.1200,7.1400,7379200,52623869.0000,3
2025-05-22,20250522131000000,sh.601398,7.1300,7.1500,7.1300,7.1400,4900600,34979847.0000,3
2025-05-22,20250522131500000,sh.601398,7.1400,7.1500,7.1400,7.1400,1192100,8515188.0000,3
2025-05-22,20250522132000000,sh.601398,7.1400,7.1500,7.1300,7.1300,6294600,44896143.0000,3
2025-05-22,20250522132500000,sh.601398,7.1400,7.1400,7.1300,7.1400,1657400,11825395.0000,3
2025-05-22,20250522133000000,sh.601398,7.1300,7.1400,7.1300,7.1400,4878100,34785918.0000,3
2025-05-22,20250522133500000,sh.601398,7.1300,7.1400,7.1300,7.1400,2085700,14879625.0000,3
2025-05-22,20250522134000000,sh.601398,7.1400,7.1400,7.1300,7.1300,1539700,10983939.0000,3
2025-05-22,20250522134500000,sh.601398,7.1300,7.1400,7.1300,7.1300,1578600,11262712.0000,3
2025-05-22,20250522135000000,sh.601398,7.1300,7.1400,7.1300,7.1400,1554800,11090428.0000,3
2025-05-22,20250522135500000,sh.601398,7.1300,7.1400,7.1300,7.1300,1410200,10060556.0000,3
2025-05-22,20250522140000000,sh.601398,7.1300,7.1400,7.1300,7.1400,2779000,19828212.0000,3
2025-05-22,20250522140500000,sh.601398,7.1400,7.1400,7.1300,7.1300,7753900,55313792.0000,3
2025-05-22,20250522141000000,sh.601398,7.1300,7.1400,7.1200,7.1300,7467100,53242754.0000,3
2025-05-22,20250522141500000,sh.601398,7.1300,7.1300,7.1200,7.1300,4001400,28512254.0000,3
2025-05-22,20250522142000000,sh.601398,7.1200,7.1300,7.1200,7.1200,7080400,50427528.0000,3
2025-05-22,20250522142500000,sh.601398,7.1200,7.1300,7.1200,7.1300,3864100,27523704.0000,3
2025-05-22,20250522143000000,sh.601398,7.1200,7.1300,7.1200,7.1200,11556600,82286976.0000,3
2025-05-22,20250522143500000,sh.601398,7.1200,7.1200,7.1100,7.1200,4638500,33015937.0000,3
2025-05-22,20250522144000000,sh.601398,7.1200,7.1300,7.1100,7.1300,9985400,71097599.0000,3
2025-05-22,20250522144500000,sh.601398,7.1300,7.1300,7.1200,7.1200,4614200,32873984.0000,3
2025-05-22,20250522145000000,sh.601398,7.1300,7.1300,7.1200,7.1200,4311700,30721415.0000,3
2025-05-22,20250522145500000,sh.601398,7.1300,7.1300,7.1100,7.1200,12475100,88810873.0000,3
2025-05-22,20250522150000000,sh.601398,7.1200,7.1300,7.1100,7.1200,9777300,69605768.0000,3
2025-05-23,20250523093500000,sh.601398,7.1200,7.1400,7.1000,7.1100,26619800,189605152.0000,3
2025-05-23,20250523094000000,sh.601398,7.1100,7.1300,7.1000,7.1200,13062700,92930688.0000,3
2025-05-23,20250523094500000,sh.601398,7.1200,7.1300,7.1000,7.1100,9252100,65792128.0000,3
2025-05-23,20250523095000000,sh.601398,7.1200,7.1200,7.1100,7.1200,3701600,26344576.0000,3
2025-05-23,20250523095500000,sh.601398,7.1200,7.1200,7.1100,7.1200,5198300,37001664.0000,3
2025-05-23,20250523100000000,sh.601398,7.1100,7.1300,7.1100,7.1300,6243500,44449824.0000,3
2025-05-23,20250523100500000,sh.601398,7.1200,7.1400,7.1200,7.1300,10323800,73621120.0000,3
2025-05-23,20250523101000000,sh.601398,7.1200,7.1400,7.1200,7.1300,2629000,18745283.0000,3
2025-05-23,20250523101500000,sh.601398,7.1200,7.1400,7.1200,7.1200,4132300,29462267.0000,3
2025-05-23,20250523102000000,sh.601398,7.1300,7.1300,7.1100,7.1100,7649500,54458746.0000,3
2025-05-23,20250523102500000,sh.601398,7.1100,7.1200,7.1000,7.1100,25954400,184375498.0000,3
2025-05-23,20250523103000000,sh.601398,7.1100,7.1100,7.0900,7.1100,14700400,104364740.0000,3
2025-05-23,20250523103500000,sh.601398,7.1000,7.1100,7.0900,7.1000,6286700,44634678.0000,3
2025-05-23,20250523104000000,sh.601398,7.1000,7.1100,7.0900,7.1000,6021900,42763646.0000,3
2025-05-23,20250523104500000,sh.601398,7.1000,7.1100,7.1000,7.1100,3446500,24489414.0000,3
2025-05-23,20250523105000000,sh.601398,7.1000,7.1000,7.0900,7.1000,4811100,34154750.0000,3
2025-05-23,20250523105500000,sh.601398,7.1000,7.1100,7.1000,7.1000,2008500,14265730.0000,3
2025-05-23,20250523110000000,sh.601398,7.1000,7.1100,7.1000,7.1100,1473600,10469766.0000,3
2025-05-23,20250523110500000,sh.601398,7.1000,7.1100,7.0900,7.0900,5592400,39702016.0000,3
2025-05-23,20250523111000000,sh.601398,7.1000,7.1000,7.0900,7.1000,3246800,23044094.0000,3
2025-05-23,20250523111500000,sh.601398,7.1000,7.1100,7.0900,7.1100,2920700,20737781.0000,3
2025-05-23,20250523112000000,sh.601398,7.1100,7.1100,7.1000,7.1000,1401700,9959685.0000,3
2025-05-23,20250523112500000,sh.601398,7.1100,7.1100,7.1000,7.1100,1603900,11394558.0000,3
2025-05-23,20250523113000000,sh.601398,7.1100,7.1100,7.1000,7.1000,1606000,11408512.0000,3
2025-05-23,20250523130500000,sh.601398,7.1000,7.1100,7.0900,7.1000,6005200,42627972.0000,3
2025-05-23,20250523131000000,sh.601398,7.0900,7.1000,7.0900,7.1000,1896000,13452670.0000,3
2025-05-23,20250523131500000,sh.601398,7.0900,7.1000,7.0900,7.1000,4600800,32656132.0000,3
2025-05-23,20250523132000000,sh.601398,7.1000,7.1100,7.0900,7.1000,1703400,12091388.0000,3
2025-05-23,20250523132500000,sh.601398,7.1000,7.1000,7.0900,7.1000,3133100,22238340.0000,3
2025-05-23,20250523133000000,sh.601398,7.1000,7.1100,7.0900,7.1000,4442000,31536118.0000,3
2025-05-23,20250523133500000,sh.601398,7.1000,7.1000,7.0900,7.1000,2452200,17400320.0000,3
2025-05-23,20250523134000000,sh.601398,7.1000,7.1000,7.0900,7.1000,1652100,11727878.0000,3
2025-05-23,20250523134500000,sh.601398,7.1000,7.1100,7.0900,7.0900,2630600,18674302.0000,3
2025-05-23,20250523135000000,sh.601398,7.0900,7.1000,7.0900,7.1000,1766000,12528636.0000,3
2025-05-23,20250523135500000,sh.601398,7.0900,7.1000,7.0900,7.1000,3940900,27966852.0000,3
2025-05-23,20250523140000000,sh.601398,7.1000,7.1000,7.0900,7.0900,4242500,30109182.0000,3
2025-05-23,20250523140500000,sh.601398,7.1000,7.1000,7.0900,7.0900,6202200,43987843.0000,3
2025-05-23,20250523141000000,sh.601398,7.1000,7.1000,7.0900,7.0900,12366500,87691521.0000,3
2025-05-23,20250523141500000,sh.601398,7.0900,7.1000,7.0800,7.0900,18945000,134263550.0000,3
2025-05-23,20250523142000000,sh.601398,7.0800,7.0900,7.0800,7.0900,13952500,98794501.0000,3
2025-05-23,20250523142500000,sh.601398,7.0800,7.0900,7.0700,7.0800,8924300,63202819.0000,3
2025-05-23,20250523143000000,sh.601398,7.0800,7.0800,7.0700,7.0800,6256200,44279932.0000,3
2025-05-23,20250523143500000,sh.601398,7.0700,7.0800,7.0700,7.0800,5321300,37638912.0000,3
2025-05-23,20250523144000000,sh.601398,7.0700,7.0800,7.0700,7.0800,3742600,26479360.0000,3
2025-05-23,20250523144500000,sh.601398,7.0800,7.0900,7.0700,7.0900,9604100,67999873.0000,3
2025-05-23,20250523145000000,sh.601398,7.0800,7.0900,7.0800,7.0900,3405500,24123516.0000,3
2025-05-23,20250523145500000,sh.601398,7.0800,7.0900,7.0800,7.0900,9049200,64106505.0000,3
2025-05-23,20250523150000000,sh.601398,7.0800,7.0800,7.0700,7.0800,10795600,76420338.0000,3
2025-05-26,20250526093500000,sh.601398,7.0800,7.0900,7.0600,7.0700,27732100,196259696.0000,3
2025-05-26,20250526094000000,sh.601398,7.0700,7.1000,7.0600,7.0900,21422700,151531056.0000,3
2025-05-26,20250526094500000,sh.601398,7.1000,7.1000,7.0800,7.0800,3644600,25834944.0000,3
2025-05-26,20250526095000000,sh.601398,7.0800,7.1000,7.0700,7.1000,8420300,59660512.0000,3
2025-05-26,20250526095500000,sh.601398,7.1000,7.1000,7.0800,7.0900,4283100,30370560.0000,3
2025-05-26,20250526100000000,sh.601398,7.0900,7.1000,7.0900,7.1000,2749900,19508672.0000,3
2025-05-26,20250526100500000,sh.601398,7.0900,7.1000,7.0800,7.0900,9791900,69439740.0000,3
2025-05-26,20250526101000000,sh.601398,7.1000,7.1000,7.0900,7.0900,1774100,12584331.0000,3
2025-05-26,20250526101500000,sh.601398,7.0900,7.1000,7.0900,7.0900,2701900,19163773.0000,3
2025-05-26,20250526102000000,sh.601398,7.1000,7.1000,7.0900,7.0900,3188500,22612355.0000,3
2025-05-26,20250526102500000,sh.601398,7.1000,7.1000,7.0800,7.0900,2625000,18604285.0000,3
2025-05-26,20250526103000000,sh.601398,7.0900,7.0900,7.0800,7.0800,2666900,18898104.0000,3
2025-05-26,20250526103500000,sh.601398,7.0900,7.0900,7.0800,7.0900,3325100,23564738.0000,3
2025-05-26,20250526104000000,sh.601398,7.0900,7.0900,7.0700,7.0800,10186900,72119302.0000,3
2025-05-26,20250526104500000,sh.601398,7.0800,7.0800,7.0700,7.0800,2196800,15545332.0000,3
2025-05-26,20250526105000000,sh.601398,7.0700,7.0800,7.0700,7.0700,2657900,18806210.0000,3
2025-05-26,20250526105500000,sh.601398,7.0700,7.0800,7.0600,7.0700,8509700,60163651.0000,3
2025-05-26,20250526110000000,sh.601398,7.0700,7.0800,7.0600,7.0700,5899000,41715583.0000,3
2025-05-26,20250526110500000,sh.601398,7.0800,7.0800,7.0600,7.0600,4200600,29700038.0000,3
2025-05-26,20250526111000000,sh.601398,7.0700,7.0800,7.0700,7.0700,3573500,25271236.0000,3
2025-05-26,20250526111500000,sh.601398,7.0700,7.0800,7.0600,7.0700,2624500,18555006.0000,3
2025-05-26,20250526112000000,sh.601398,7.0600,7.0700,7.0600,7.0600,4634500,32729216.0000,3
2025-05-26,20250526112500000,sh.601398,7.0600,7.0700,7.0500,7.0500,11806600,83345469.0000,3
2025-05-26,20250526113000000,sh.601398,7.0600,7.0600,7.0500,7.0500,3679300,25944384.0000,3
2025-05-26,20250526130500000,sh.601398,7.0600,7.0700,7.0500,7.0700,5801600,40945793.0000,3
2025-05-26,20250526131000000,sh.601398,7.0700,7.0700,7.0500,7.0500,4213100,29736704.0000,3
2025-05-26,20250526131500000,sh.601398,7.0600,7.0600,7.0500,7.0500,3809200,26878328.0000,3
2025-05-26,20250526132000000,sh.601398,7.0500,7.0600,7.0500,7.0600,1607000,11338366.0000,3
2025-05-26,20250526132500000,sh.601398,7.0600,7.0600,7.0500,7.0600,1985200,14005258.0000,3
2025-05-26,20250526133000000,sh.601398,7.0600,7.0600,7.0500,7.0500,4908100,34635510.0000,3
2025-05-26,20250526133500000,sh.601398,7.0500,7.0600,7.0500,7.0600,2306200,16274564.0000,3
2025-05-26,20250526134000000,sh.601398,7.0500,7.0600,7.0500,7.0500,3457700,24407934.0000,3
2025-05-26,20250526134500000,sh.601398,7.0600,7.0600,7.0500,7.0500,5003700,35282942.0000,3
2025-05-26,20250526135000000,sh.601398,7.0500,7.0600,7.0400,7.0500,10044200,70812162.0000,3
2025-05-26,20250526135500000,sh.601398,7.0400,7.0500,7.0400,7.0400,2767300,19493901.0000,3
2025-05-26,20250526140000000,sh.601398,7.0500,7.0500,7.0400,7.0400,3458900,24367353.0000,3
2025-05-26,20250526140500000,sh.601398,7.0500,7.0500,7.0300,7.0400,12385600,87194881.0000,3
2025-05-26,20250526141000000,sh.601398,7.0400,7.0500,7.0300,7.0400,4614200,32478591.0000,3
2025-05-26,20250526141500000,sh.601398,7.0400,7.0400,7.0300,7.0300,5098300,35854848.0000,3
2025-05-26,20250526142000000,sh.601398,7.0300,7.0400,7.0300,7.0300,6503500,45746944.0000,3
2025-05-26,20250526142500000,sh.601398,7.0300,7.0400,7.0300,7.0400,3975800,27972224.0000,3
2025-05-26,20250526143000000,sh.601398,7.0400,7.0400,7.0300,7.0300,6141100,43185152.0000,3
2025-05-26,20250526143500000,sh.601398,7.0300,7.0400,7.0300,7.0300,4611700,32434816.0000,3
2025-05-26,20250526144000000,sh.601398,7.0300,7.0400,7.0300,7.0400,3870400,27225600.0000,3
2025-05-26,20250526144500000,sh.601398,7.0400,7.0400,7.0300,7.0400,5513400,38789632.0000,3
2025-05-26,20250526145000000,sh.601398,7.0400,7.0400,7.0300,7.0300,8067200,56743680.0000,3
2025-05-26,20250526145500000,sh.601398,7.0300,7.0500,7.0300,7.0400,11663000,82079879.0000,3
2025-05-26,20250526150000000,sh.601398,7.0400,7.0500,7.0400,7.0500,11543200,81349888.0000,3
2025-05-27,20250527093500000,sh.601398,7.0500,7.0700,7.0500,7.0700,10049800,70953088.0000,3
2025-05-27,20250527094000000,sh.601398,7.0600,7.0800,7.0600,7.0700,12969400,91708864.0000,3
2025-05-27,20250527094500000,sh.601398,7.0700,7.0800,7.0600,7.0700,13181100,93257072.0000,3
2025-05-27,20250527095000000,sh.601398,7.0800,7.0900,7.0800,7.0900,8406800,59576912.0000,3
2025-05-27,20250527095500000,sh.601398,7.0900,7.0900,7.0700,7.0700,8256200,58459904.0000,3
2025-05-27,20250527100000000,sh.601398,7.0800,7.0900,7.0700,7.0900,6849000,48485504.0000,3
2025-05-27,20250527100500000,sh.601398,7.0800,7.0900,7.0700,7.0800,4326800,30632384.0000,3
2025-05-27,20250527101000000,sh.601398,7.0800,7.0900,7.0700,7.0900,2795800,19797728.0000,3
2025-05-27,20250527101500000,sh.601398,7.0800,7.0900,7.0800,7.0900,3010600,21327296.0000,3
2025-05-27,20250527102000000,sh.601398,7.0900,7.0900,7.0800,7.0800,3049400,21597664.0000,3
2025-05-27,20250527102500000,sh.601398,7.0900,7.0900,7.0700,7.0800,2226800,15763168.0000,3
2025-05-27,20250527103000000,sh.601398,7.0800,7.0800,7.0700,7.0700,1346600,9527328.0000,3
2025-05-27,20250527103500000,sh.601398,7.0800,7.0800,7.0700,7.0700,7244300,51281914.0000,3
2025-05-27,20250527104000000,sh.601398,7.0700,7.0800,7.0700,7.0700,1288100,9117374.0000,3
2025-05-27,20250527104500000,sh.601398,7.0800,7.0900,7.0700,7.0800,4103700,29056972.0000,3
2025-05-27,20250527105000000,sh.601398,7.0800,7.0900,7.0800,7.0800,2076700,14708416.0000,3
2025-05-27,20250527105500000,sh.601398,7.0800,7.0900,7.0700,7.0800,1790700,12681080.0000,3
2025-05-27,20250527110000000,sh.601398,7.0800,7.0800,7.0700,7.0800,850700,6019520.0000,3
2025-05-27,20250527110500000,sh.601398,7.0800,7.0800,7.0700,7.0800,1942800,13748800.0000,3
2025-05-27,20250527111000000,sh.601398,7.0800,7.0800,7.0600,7.0600,9603600,67894088.0000,3
2025-05-27,20250527111500000,sh.601398,7.0700,7.0700,7.0600,7.0700,2681800,18957505.0000,3
2025-05-27,20250527112000000,sh.601398,7.0600,7.0800,7.0600,7.0700,671900,4753915.0000,3
2025-05-27,20250527112500000,sh.601398,7.0700,7.0800,7.0600,7.0600,1817100,12848444.0000,3
2025-05-27,20250527113000000,sh.601398,7.0700,7.0700,7.0600,7.0600,4259900,30078347.0000,3
2025-05-27,20250527130500000,sh.601398,7.0600,7.0700,7.0600,7.0700,2385700,16861879.0000,3
2025-05-27,20250527131000000,sh.601398,7.0700,7.0700,7.0600,7.0700,2533400,17904578.0000,3
2025-05-27,20250527131500000,sh.601398,7.0700,7.0700,7.0600,7.0700,2712200,19168070.0000,3
2025-05-27,20250527132000000,sh.601398,7.0700,7.0700,7.0600,7.0700,2500800,17676672.0000,3
2025-05-27,20250527132500000,sh.601398,7.0700,7.0700,7.0600,7.0700,812300,5737790.0000,3
2025-05-27,20250527133000000,sh.601398,7.0600,7.0700,7.0600,7.0600,1026600,7250422.0000,3
2025-05-27,20250527133500000,sh.601398,7.0600,7.0700,7.0600,7.0700,670400,4736778.0000,3
2025-05-27,20250527134000000,sh.601398,7.0700,7.0700,7.0600,7.0600,1174400,8295292.0000,3
2025-05-27,20250527134500000,sh.601398,7.0700,7.0700,7.0600,7.0600,5211800,36845061.0000,3
2025-05-27,20250527135000000,sh.601398,7.0700,7.0700,7.0600,7.0600,1938300,13690626.0000,3
2025-05-27,20250527135500000,sh.601398,7.0600,7.0700,7.0600,7.0700,1694700,11968820.0000,3
2025-05-27,20250527140000000,sh.601398,7.0700,7.0700,7.0600,7.0600,1689800,11935168.0000,3
2025-05-27,20250527140500000,sh.601398,7.0600,7.0700,7.0600,7.0700,6479800,45749571.0000,3
2025-05-27,20250527141000000,sh.601398,7.0600,7.0700,7.0600,7.0700,2670400,18868034.0000,3
2025-05-27,20250527141500000,sh.601398,7.0700,7.0700,7.0600,7.0600,2249700,15899903.0000,3
2025-05-27,20250527142000000,sh.601398,7.0700,7.0700,7.0600,7.0600,2667700,18851331.0000,3
2025-05-27,20250527142500000,sh.601398,7.0600,7.0700,7.0600,7.0700,2031400,14357372.0000,3
2025-05-27,20250527143000000,sh.601398,7.0600,7.0700,7.0600,7.0700,1244700,8790664.0000,3
2025-05-27,20250527143500000,sh.601398,7.0600,7.0700,7.0600,7.0600,1513300,10689151.0000,3
2025-05-27,20250527144000000,sh.601398,7.0600,7.0700,7.0600,7.0600,2030300,14340732.0000,3
2025-05-27,20250527144500000,sh.601398,7.0600,7.0700,7.0600,7.0600,2166500,15305212.0000,3
2025-05-27,20250527145000000,sh.601398,7.0600,7.0700,7.0600,7.0700,4043200,28568706.0000,3
2025-05-27,20250527145500000,sh.601398,7.0700,7.0700,7.0600,7.0600,7204700,50916860.0000,3
2025-05-27,20250527150000000,sh.601398,7.0600,7.0800,7.0600,7.0600,9068400,64051839.0000,3
2025-05-28,20250528093500000,sh.601398,7.0600,7.0700,7.0400,7.0600,10490300,74013344.0000,3
2025-05-28,20250528094000000,sh.601398,7.0500,7.0700,7.0500,7.0600,3967000,28008384.0000,3
2025-05-28,20250528094500000,sh.601398,7.0700,7.0800,7.0600,7.0700,6791800,48018976.0000,3
2025-05-28,20250528095000000,sh.601398,7.0600,7.0700,7.0600,7.0600,2307300,16305984.0000,3
2025-05-28,20250528095500000,sh.601398,7.0700,7.0700,7.0500,7.0500,5673400,40064560.0000,3
2025-05-28,20250528100000000,sh.601398,7.0500,7.0600,7.0400,7.0500,7886700,55590400.0000,3
2025-05-28,20250528100500000,sh.601398,7.0400,7.0500,7.0400,7.0400,10102900,71133712.0000,3
2025-05-28,20250528101000000,sh.601398,7.0400,7.0500,7.0300,7.0400,6809100,47918208.0000,3
2025-05-28,20250528101500000,sh.601398,7.0400,7.0500,7.0400,7.0400,2442500,17197952.0000,3
2025-05-28,20250528102000000,sh.601398,7.0500,7.0500,7.0300,7.0300,2831900,19928192.0000,3
2025-05-28,20250528102500000,sh.601398,7.0300,7.0400,7.0300,7.0300,3051300,21455264.0000,3
2025-05-28,20250528103000000,sh.601398,7.0300,7.0300,7.0200,7.0300,9994800,70237504.0000,3
2025-05-28,20250528103500000,sh.601398,7.0300,7.0400,7.0200,7.0400,4348600,30573280.0000,3
2025-05-28,20250528104000000,sh.601398,7.0400,7.0400,7.0300,7.0400,2378000,16726465.0000,3
2025-05-28,20250528104500000,sh.601398,7.0300,7.0400,7.0300,7.0400,6589500,46343999.0000,3
2025-05-28,20250528105000000,sh.601398,7.0400,7.0400,7.0300,7.0300,2529600,17787328.0000,3
2025-05-28,20250528105500000,sh.601398,7.0400,7.0400,7.0300,7.0400,1601200,11260224.0000,3
2025-05-28,20250528110000000,sh.601398,7.0400,7.0400,7.0300,7.0400,1682400,11829958.0000,3
2025-05-28,20250528110500000,sh.601398,7.0400,7.0400,7.0300,7.0400,2447600,17213172.0000,3
2025-05-28,20250528111000000,sh.601398,7.0300,7.0400,7.0300,7.0300,2336500,16427648.0000,3
2025-05-28,20250528111500000,sh.601398,7.0400,7.0400,7.0300,7.0300,1383200,9726020.0000,3
2025-05-28,20250528112000000,sh.601398,7.0300,7.0400,7.0300,7.0300,1573400,11062920.0000,3
2025-05-28,20250528112500000,sh.601398,7.0300,7.0400,7.0300,7.0400,1805200,12693172.0000,3
2025-05-28,20250528113000000,sh.601398,7.0300,7.0400,7.0200,7.0400,1562800,10987711.0000,3
2025-05-28,20250528130500000,sh.601398,7.0400,7.0400,7.0300,7.0400,6896200,48521927.0000,3
2025-05-28,20250528131000000,sh.601398,7.0400,7.0500,7.0300,7.0400,3192400,22469504.0000,3
2025-05-28,20250528131500000,sh.601398,7.0500,7.0500,7.0300,7.0300,2118400,14909952.0000,3
2025-05-28,20250528132000000,sh.601398,7.0300,7.0400,7.0300,7.0300,838600,5898299.0000,3
2025-05-28,20250528132500000,sh.601398,7.0300,7.0400,7.0300,7.0300,1521100,10697925.0000,3
2025-05-28,20250528133000000,sh.601398,7.0400,7.0400,7.0300,7.0300,2119300,14905920.0000,3
2025-05-28,20250528133500000,sh.601398,7.0300,7.0500,7.0300,7.0400,4907200,34535872.0000,3
2025-05-28,20250528134000000,sh.601398,7.0400,7.0400,7.0300,7.0400,1945500,13683192.0000,3
2025-05-28,20250528134500000,sh.601398,7.0300,7.0400,7.0300,7.0400,1178600,8288771.0000,3
2025-05-28,20250528135000000,sh.601398,7.0400,7.0400,7.0300,7.0400,1576300,11087107.0000,3
2025-05-28,20250528135500000,sh.601398,7.0300,7.0400,7.0300,7.0400,1634800,11496775.0000,3
2025-05-28,20250528140000000,sh.601398,7.0300,7.0400,7.0300,7.0300,1820400,12804731.0000,3
2025-05-28,20250528140500000,sh.601398,7.0300,7.0400,7.0300,7.0300,1800200,12661248.0000,3
2025-05-28,20250528141000000,sh.601398,7.0300,7.0500,7.0300,7.0400,12499900,87964934.0000,3
2025-05-28,20250528141500000,sh.601398,7.0400,7.0500,7.0300,7.0400,1909400,13439098.0000,3
2025-05-28,20250528142000000,sh.601398,7.0400,7.0400,7.0300,7.0400,2269500,15966656.0000,3
2025-05-28,20250528142500000,sh.601398,7.0300,7.0500,7.0300,7.0500,2158000,15190528.0000,3
2025-05-28,20250528143000000,sh.601398,7.0400,7.0500,7.0300,7.0400,1686200,11872384.0000,3
2025-05-28,20250528143500000,sh.601398,7.0400,7.0500,7.0400,7.0500,2054800,14478970.0000,3
2025-05-28,20250528144000000,sh.601398,7.0400,7.0500,7.0400,7.0500,869800,6128262.0000,3
2025-05-28,20250528144500000,sh.601398,7.0400,7.0500,7.0400,7.0400,1508400,10623736.0000,3
2025-05-28,20250528145000000,sh.601398,7.0500,7.0500,7.0400,7.0400,2340400,16491914.0000,3
2025-05-28,20250528145500000,sh.601398,7.0400,7.0500,7.0400,7.0500,3740700,26347262.0000,3
2025-05-28,20250528150000000,sh.601398,7.0400,7.0500,7.0400,7.0500,5844400,41183744.0000,3
2025-05-29,20250529093500000,sh.601398,7.0500,7.0600,7.0300,7.0400,13730100,96761072.0000,3
2025-05-29,20250529094000000,sh.601398,7.0300,7.0400,7.0200,7.0400,8519800,59883824.0000,3
2025-05-29,20250529094500000,sh.601398,7.0300,7.0400,7.0200,7.0300,5273000,37070624.0000,3
2025-05-29,20250529095000000,sh.601398,7.0200,7.0300,7.0200,7.0200,8718400,61240384.0000,3
2025-05-29,20250529095500000,sh.601398,7.0200,7.0300,7.0200,7.0200,9609800,67490336.0000,3
2025-05-29,20250529100000000,sh.601398,7.0200,7.0300,7.0200,7.0300,5680900,39911328.0000,3
2025-05-29,20250529100500000,sh.601398,7.0200,7.0400,7.0200,7.0400,5441000,38241888.0000,3
2025-05-29,20250529101000000,sh.601398,7.0400,7.0400,7.0200,7.0400,6462700,45443424.0000,3
2025-05-29,20250529101500000,sh.601398,7.0400,7.0400,7.0300,7.0300,1664400,11708832.0000,3
2025-05-29,20250529102000000,sh.601398,7.0400,7.0400,7.0200,7.0400,4582400,32217280.0000,3
2025-05-29,20250529102500000,sh.601398,7.0400,7.0400,7.0200,7.0300,6126900,43080544.0000,3
2025-05-29,20250529103000000,sh.601398,7.0200,7.0300,7.0200,7.0300,2473300,17380294.0000,3
2025-05-29,20250529103500000,sh.601398,7.0200,7.0400,7.0200,7.0300,2384800,16765558.0000,3
2025-05-29,20250529104000000,sh.601398,7.0400,7.0400,7.0300,7.0400,2366900,16650372.0000,3
2025-05-29,20250529104500000,sh.601398,7.0400,7.0400,7.0300,7.0400,3769600,26523584.0000,3
2025-05-29,20250529105000000,sh.601398,7.0400,7.0400,7.0300,7.0400,6206100,43668282.0000,3
2025-05-29,20250529105500000,sh.601398,7.0400,7.0400,7.0300,7.0400,3929000,27639494.0000,3
2025-05-29,20250529110000000,sh.601398,7.0400,7.0400,7.0300,7.0300,1079600,7597376.0000,3
2025-05-29,20250529110500000,sh.601398,7.0400,7.0400,7.0300,7.0400,4239800,29844480.0000,3
2025-05-29,20250529111000000,sh.601398,7.0400,7.0400,7.0300,7.0400,1631900,11483904.0000,3
2025-05-29,20250529111500000,sh.601398,7.0300,7.0400,7.0300,7.0300,3315300,23334656.0000,3
2025-05-29,20250529112000000,sh.601398,7.0300,7.0400,7.0300,7.0300,2163200,15223936.0000,3
2025-05-29,20250529112500000,sh.601398,7.0400,7.0500,7.0300,7.0400,2962000,20855296.0000,3
2025-05-29,20250529113000000,sh.601398,7.0500,7.0500,7.0400,7.0500,2159300,15219068.0000,3
2025-05-29,20250529130500000,sh.601398,7.0400,7.0500,7.0400,7.0400,3304300,23273092.0000,3
2025-05-29,20250529131000000,sh.601398,7.0500,7.0500,7.0400,7.0500,1439100,10138945.0000,3
2025-05-29,20250529131500000,sh.601398,7.0500,7.0500,7.0400,7.0400,1367900,9636927.0000,3
2025-05-29,20250529132000000,sh.601398,7.0400,7.0500,7.0400,7.0500,1353400,9537664.0000,3
2025-05-29,20250529132500000,sh.601398,7.0400,7.0500,7.0400,7.0400,1308000,9212793.0000,3
2025-05-29,20250529133000000,sh.601398,7.0500,7.0500,7.0400,7.0500,2245300,15810053.0000,3
2025-05-29,20250529133500000,sh.601398,7.0400,7.0500,7.0400,7.0400,5431700,38241541.0000,3
2025-05-29,20250529134000000,sh.601398,7.0300,7.0400,7.0300,7.0300,1087100,7648696.0000,3
2025-05-29,20250529134500000,sh.601398,7.0400,7.0400,7.0300,7.0400,4089900,28788805.0000,3
2025-05-29,20250529135000000,sh.601398,7.0400,7.0500,7.0300,7.0300,2702000,19027648.0000,3
2025-05-29,20250529135500000,sh.601398,7.0300,7.0400,7.0300,7.0400,3603500,25347584.0000,3
2025-05-29,20250529140000000,sh.601398,7.0400,7.0500,7.0300,7.0400,1878600,13223616.0000,3
2025-05-29,20250529140500000,sh.601398,7.0500,7.0500,7.0300,7.0400,2101500,14788090.0000,3
2025-05-29,20250529141000000,sh.601398,7.0400,7.0400,7.0300,7.0400,1142200,8036422.0000,3
2025-05-29,20250529141500000,sh.601398,7.0300,7.0400,7.0300,7.0400,1781700,12533056.0000,3
2025-05-29,20250529142000000,sh.601398,7.0300,7.0400,7.0300,7.0400,2113400,14861440.0000,3
2025-05-29,20250529142500000,sh.601398,7.0400,7.0400,7.0300,7.0400,2470900,17384701.0000,3
2025-05-29,20250529143000000,sh.601398,7.0400,7.0400,7.0300,7.0300,1644500,11567877.0000,3
2025-05-29,20250529143500000,sh.601398,7.0400,7.0400,7.0300,7.0300,2942500,20695294.0000,3
2025-05-29,20250529144000000,sh.601398,7.0400,7.0400,7.0300,7.0400,4657800,32766976.0000,3
2025-05-29,20250529144500000,sh.601398,7.0300,7.0400,7.0300,7.0400,3838000,26993792.0000,3
2025-05-29,20250529145000000,sh.601398,7.0300,7.0400,7.0300,7.0300,6188100,43513856.0000,3
2025-05-29,20250529145500000,sh.601398,7.0300,7.0400,7.0300,7.0400,12185500,85743616.0000,3
2025-05-29,20250529150000000,sh.601398,7.0400,7.0500,7.0300,7.0400,8102800,57039872.0000,3
2025-05-30,20250530093500000,sh.601398,7.0500,7.0600,7.0400,7.0600,13090800,92281016.0000,3
2025-05-30,20250530094000000,sh.601398,7.0600,7.0600,7.0500,7.0600,10046100,70876376.0000,3
2025-05-30,20250530094500000,sh.601398,7.0600,7.0700,7.0500,7.0600,11867000,83771600.0000,3
2025-05-30,20250530095000000,sh.601398,7.0700,7.0700,7.0500,7.0600,6957500,49115008.0000,3
2025-05-30,20250530095500000,sh.601398,7.0600,7.0600,7.0500,7.0600,2991400,21105088.0000,3
2025-05-30,20250530100000000,sh.601398,7.0600,7.0600,7.0300,7.0300,12342500,86955712.0000,3
2025-05-30,20250530100500000,sh.601398,7.0300,7.0400,7.0300,7.0300,5893900,41459808.0000,3
2025-05-30,20250530101000000,sh.601398,7.0400,7.0400,7.0300,7.0300,3952100,27794048.0000,3
2025-05-30,20250530101500000,sh.601398,7.0300,7.0400,7.0300,7.0400,3265200,22963072.0000,3
2025-05-30,20250530102000000,sh.601398,7.0400,7.0400,7.0300,7.0400,2941300,20684960.0000,3
2025-05-30,20250530102500000,sh.601398,7.0400,7.0400,7.0300,7.0300,2649500,18632352.0000,3
2025-05-30,20250530103000000,sh.601398,7.0300,7.0400,7.0300,7.0400,3601600,25334144.0000,3
2025-05-30,20250530103500000,sh.601398,7.0300,7.0400,7.0200,7.0200,5012800,35230598.0000,3
2025-05-30,20250530104000000,sh.601398,7.0200,7.0300,7.0200,7.0200,2427900,17056886.0000,3
2025-05-30,20250530104500000,sh.601398,7.0300,7.0400,7.0200,7.0300,7641300,53730500.0000,3
2025-05-30,20250530105000000,sh.601398,7.0400,7.0500,7.0300,7.0500,5016500,35331456.0000,3
2025-05-30,20250530105500000,sh.601398,7.0500,7.0600,7.0400,7.0500,7345000,51798272.0000,3
2025-05-30,20250530110000000,sh.601398,7.0500,7.0800,7.0500,7.0800,25533800,180437120.0000,3
2025-05-30,20250530110500000,sh.601398,7.0800,7.0900,7.0700,7.0800,19281300,136559235.0000,3
2025-05-30,20250530111000000,sh.601398,7.0800,7.0900,7.0700,7.0800,7011300,49645369.0000,3
2025-05-30,20250530111500000,sh.601398,7.0800,7.0900,7.0700,7.0900,6634000,46997384.0000,3
2025-05-30,20250530112000000,sh.601398,7.0800,7.0900,7.0800,7.0800,4542000,32174720.0000,3
2025-05-30,20250530112500000,sh.601398,7.0900,7.0900,7.0800,7.0900,3949600,27989748.0000,3
2025-05-30,20250530113000000,sh.601398,7.0800,7.1000,7.0800,7.0900,14639100,103823886.0000,3
2025-05-30,20250530130500000,sh.601398,7.1000,7.1000,7.0800,7.1000,6826500,48415869.0000,3
2025-05-30,20250530131000000,sh.601398,7.0900,7.1000,7.0900,7.1000,1862300,13212540.0000,3
2025-05-30,20250530131500000,sh.601398,7.1000,7.1000,7.0800,7.0900,4058500,28780156.0000,3
2025-05-30,20250530132000000,sh.601398,7.0900,7.0900,7.0800,7.0900,3621300,25655940.0000,3
2025-05-30,20250530132500000,sh.601398,7.0800,7.1000,7.0800,7.1000,7781600,55197051.0000,3
2025-05-30,20250530133000000,sh.601398,7.0900,7.1000,7.0900,7.1000,2461200,17466110.0000,3
2025-05-30,20250530133500000,sh.601398,7.0900,7.1100,7.0900,7.1000,17649400,125335048.0000,3
2025-05-30,20250530134000000,sh.601398,7.1000,7.1100,7.1000,7.1000,3152300,22386940.0000,3
2025-05-30,20250530134500000,sh.601398,7.1100,7.1100,7.1000,7.1100,4089500,29060100.0000,3
2025-05-30,20250530135000000,sh.601398,7.1000,7.1100,7.1000,7.1000,8427800,59880960.0000,3
2025-05-30,20250530135500000,sh.601398,7.1100,7.1200,7.1000,7.1000,11231800,79856256.0000,3
2025-05-30,20250530140000000,sh.601398,7.1000,7.1100,7.1000,7.1000,2550800,18128262.0000,3
2025-05-30,20250530140500000,sh.601398,7.1000,7.1100,7.1000,7.1100,2885500,20509178.0000,3
2025-05-30,20250530141000000,sh.601398,7.1000,7.1100,7.1000,7.1000,2357800,16750084.0000,3
2025-05-30,20250530141500000,sh.601398,7.1100,7.1100,7.1000,7.1100,5639800,40052092.0000,3
2025-05-30,20250530142000000,sh.601398,7.1100,7.1100,7.1000,7.1000,1420200,10088960.0000,3
2025-05-30,20250530142500000,sh.601398,7.1100,7.1100,7.0900,7.1000,5124300,36388742.0000,3
2025-05-30,20250530143000000,sh.601398,7.0900,7.1000,7.0900,7.1000,1382500,9812342.0000,3
2025-05-30,20250530143500000,sh.601398,7.1000,7.1000,7.0900,7.1000,3074900,21822598.0000,3
2025-05-30,20250530144000000,sh.601398,7.0900,7.1000,7.0900,7.1000,3347300,23748347.0000,3
2025-05-30,20250530144500000,sh.601398,7.1000,7.1000,7.0900,7.1000,6697400,47520001.0000,3
2025-05-30,20250530145000000,sh.601398,7.1000,7.1100,7.0900,7.0900,6966500,49456392.0000,3
2025-05-30,20250530145500000,sh.601398,7.0900,7.1000,7.0900,7.0900,9144300,64866292.0000,3
2025-05-30,20250530150000000,sh.601398,7.1000,7.1000,7.0700,7.0700,36366200,257288460.0000,3
2025-06-03,20250603093500000,sh.601398,7.0500,7.0700,7.0400,7.0600,24238400,170949632.0000,3
2025-06-03,20250603094000000,sh.601398,7.0600,7.0700,7.0400,7.0600,9633500,67982656.0000,3
2025-06-03,20250603094500000,sh.601398,7.0700,7.0700,7.0500,7.0600,5202200,36743936.0000,3
2025-06-03,20250603095000000,sh.601398,7.0600,7.0800,7.0600,7.0700,9699600,68560192.0000,3
2025-06-03,20250603095500000,sh.601398,7.0800,7.0900,7.0700,7.0900,5077100,35952512.0000,3
2025-06-03,20250603100000000,sh.601398,7.0900,7.0900,7.0800,7.0900,4153400,29437152.0000,3
2025-06-03,20250603100500000,sh.601398,7.0800,7.0900,7.0600,7.0700,9516500,67324896.0000,3
2025-06-03,20250603101000000,sh.601398,7.0700,7.0700,7.0600,7.0600,5191800,36698880.0000,3
2025-06-03,20250603101500000,sh.601398,7.0700,7.0800,7.0600,7.0800,4534500,32081088.0000,3
2025-06-03,20250603102000000,sh.601398,7.0800,7.0800,7.0700,7.0800,3675600,26013432.0000,3
2025-06-03,20250603102500000,sh.601398,7.0700,7.0800,7.0700,7.0700,4397600,31122436.0000,3
2025-06-03,20250603103000000,sh.601398,7.0800,7.0900,7.0700,7.0800,8434200,59765640.0000,3
2025-06-03,20250603103500000,sh.601398,7.0900,7.1000,7.0800,7.1000,6554600,46516596.0000,3
2025-06-03,20250603104000000,sh.601398,7.1000,7.1100,7.0900,7.1100,10706200,76061573.0000,3
2025-06-03,20250603104500000,sh.601398,7.1100,7.1200,7.1100,7.1100,13885100,98798657.0000,3
2025-06-03,20250603105000000,sh.601398,7.1200,7.1300,7.1200,7.1300,16039300,114270018.0000,3
2025-06-03,20250603105500000,sh.601398,7.1300,7.1300,7.1100,7.1100,8565500,61029063.0000,3
2025-06-03,20250603110000000,sh.601398,7.1200,7.1200,7.1100,7.1200,3120900,22211258.0000,3
2025-06-03,20250603110500000,sh.601398,7.1200,7.1300,7.1100,7.1300,8803200,62690295.0000,3
2025-06-03,20250603111000000,sh.601398,7.1300,7.1300,7.1200,7.1200,3478600,24783368.0000,3
2025-06-03,20250603111500000,sh.601398,7.1200,7.1300,7.1200,7.1200,3881500,27652091.0000,3
2025-06-03,20250603112000000,sh.601398,7.1200,7.1300,7.1100,7.1100,3947300,28092925.0000,3
2025-06-03,20250603112500000,sh.601398,7.1200,7.1300,7.1100,7.1300,3626000,25821186.0000,3
2025-06-03,20250603113000000,sh.601398,7.1300,7.1300,7.1100,7.1200,3378700,24062846.0000,3
2025-06-03,20250603130500000,sh.601398,7.1200,7.1200,7.1000,7.1200,8498400,60464768.0000,3
2025-06-03,20250603131000000,sh.601398,7.1100,7.1200,7.1000,7.1000,3471200,24675842.0000,3
2025-06-03,20250603131500000,sh.601398,7.1100,7.1100,7.0900,7.1000,9396100,66709768.0000,3
2025-06-03,20250603132000000,sh.601398,7.0900,7.1000,7.0900,7.1000,2140400,15185920.0000,3
2025-06-03,20250603132500000,sh.601398,7.0900,7.1100,7.0900,7.1000,3468900,24630398.0000,3
2025-06-03,20250603133000000,sh.601398,7.1000,7.1100,7.0900,7.0900,3276000,23260152.0000,3
2025-06-03,20250603133500000,sh.601398,7.0900,7.1100,7.0900,7.1000,3224000,22885252.0000,3
2025-06-03,20250603134000000,sh.601398,7.1000,7.1100,7.1000,7.1100,1653600,11749887.0000,3
2025-06-03,20250603134500000,sh.601398,7.1100,7.1100,7.0900,7.1100,3183600,22608255.0000,3
2025-06-03,20250603135000000,sh.601398,7.1000,7.1100,7.0900,7.1000,3455000,24542590.0000,3
2025-06-03,20250603135500000,sh.601398,7.1100,7.1100,7.1000,7.1100,2397100,17030019.0000,3
2025-06-03,20250603140000000,sh.601398,7.1000,7.1100,7.1000,7.1000,2658600,18891018.0000,3
2025-06-03,20250603140500000,sh.601398,7.1100,7.1200,7.1000,7.1200,3937200,27988347.0000,3
2025-06-03,20250603141000000,sh.601398,7.1200,7.1200,7.1000,7.1100,2364400,16808196.0000,3
2025-06-03,20250603141500000,sh.601398,7.1000,7.1100,7.1000,7.1000,2055100,14601974.0000,3
2025-06-03,20250603142000000,sh.601398,7.1100,7.1100,7.1000,7.1100,2079400,14774918.0000,3
2025-06-03,20250603142500000,sh.601398,7.1100,7.1100,7.1000,7.1100,2017800,14341496.0000,3
2025-06-03,20250603143000000,sh.601398,7.1100,7.1100,7.1000,7.1000,2053000,14586246.0000,3
2025-06-03,20250603143500000,sh.601398,7.1100,7.1100,7.1000,7.1000,2328500,16544509.0000,3
2025-06-03,20250603144000000,sh.601398,7.1000,7.1100,7.1000,7.1100,3338100,23710339.0000,3
2025-06-03,20250603144500000,sh.601398,7.1100,7.1100,7.1000,7.1000,5937000,42179719.0000,3
2025-06-03,20250603145000000,sh.601398,7.1100,7.1100,7.1000,7.1100,5497500,39045757.0000,3
2025-06-03,20250603145500000,sh.601398,7.1000,7.1100,7.1000,7.1100,6870000,48801792.0000,3
2025-06-03,20250603150000000,sh.601398,7.1100,7.1100,7.1000,7.1100,7769600,55231864.0000,3
2025-06-04,20250604093500000,sh.601398,7.1100,7.1200,7.1000,7.1000,13079300,92941712.0000,3
2025-06-04,20250604094000000,sh.601398,7.1000,7.1100,7.0900,7.1100,6709500,47612816.0000,3
2025-06-04,20250604094500000,sh.601398,7.1100,7.1100,7.0900,7.1100,4553800,32339552.0000,3
2025-06-04,20250604095000000,sh.601398,7.1000,7.1100,7.1000,7.1100,7536800,53556480.0000,3
2025-06-04,20250604095500000,sh.601398,7.1100,7.1100,7.0800,7.0800,15986800,113363360.0000,3
2025-06-04,20250604100000000,sh.601398,7.0800,7.0900,7.0800,7.0900,6712300,47534304.0000,3
2025-06-04,20250604100500000,sh.601398,7.0900,7.0900,7.0800,7.0900,4554200,32254976.0000,3
2025-06-04,20250604101000000,sh.601398,7.0800,7.0900,7.0800,7.0900,2852800,20204864.0000,3
2025-06-04,20250604101500000,sh.601398,7.0900,7.0900,7.0700,7.0800,10866200,76928192.0000,3
2025-06-04,20250604102000000,sh.601398,7.0800,7.0900,7.0800,7.0800,3809600,26972612.0000,3
2025-06-04,20250604102500000,sh.601398,7.0900,7.0900,7.0700,7.0800,5441900,38518714.0000,3
2025-06-04,20250604103000000,sh.601398,7.0700,7.0800,7.0600,7.0700,16780900,118630714.0000,3
2025-06-04,20250604103500000,sh.601398,7.0600,7.0800,7.0600,7.0800,6623500,46805824.0000,3
2025-06-04,20250604104000000,sh.601398,7.0800,7.0900,7.0700,7.0800,3942700,27910856.0000,3
2025-06-04,20250604104500000,sh.601398,7.0800,7.0900,7.0700,7.0900,2054700,14550268.0000,3
2025-06-04,20250604105000000,sh.601398,7.0800,7.0900,7.0700,7.0800,2983000,21115593.0000,3
2025-06-04,20250604105500000,sh.601398,7.0700,7.0900,7.0700,7.0800,2392800,16936951.0000,3
2025-06-04,20250604110000000,sh.601398,7.0900,7.0900,7.0700,7.0800,2025100,14326283.0000,3
2025-06-04,20250604110500000,sh.601398,7.0800,7.0800,7.0700,7.0700,3233300,22869105.0000,3
2025-06-04,20250604111000000,sh.601398,7.0800,7.0800,7.0700,7.0700,3638400,25739336.0000,3
2025-06-04,20250604111500000,sh.601398,7.0700,7.0800,7.0700,7.0700,2184400,15455299.0000,3
2025-06-04,20250604112000000,sh.601398,7.0800,7.0900,7.0700,7.0900,2605600,18445173.0000,3
2025-06-04,20250604112500000,sh.601398,7.0800,7.0900,7.0700,7.0800,3683800,26075212.0000,3
2025-06-04,20250604113000000,sh.601398,7.0800,7.0900,7.0700,7.0800,2113000,14961783.0000,3
2025-06-04,20250604130500000,sh.601398,7.0800,7.0900,7.0700,7.0900,4150900,29379265.0000,3
2025-06-04,20250604131000000,sh.601398,7.0800,7.0900,7.0800,7.0900,1509300,10693579.0000,3
2025-06-04,20250604131500000,sh.601398,7.0900,7.0900,7.0800,7.0800,1886400,13366707.0000,3
2025-06-04,20250604132000000,sh.601398,7.0900,7.0900,7.0800,7.0800,2587300,18331142.0000,3
2025-06-04,20250604132500000,sh.601398,7.0900,7.0900,7.0800,7.0900,2707200,19181636.0000,3
2025-06-04,20250604133000000,sh.601398,7.0900,7.0900,7.0800,7.0900,1774500,12573684.0000,3
2025-06-04,20250604133500000,sh.601398,7.0900,7.0900,7.0800,7.0900,1884800,13350664.0000,3
2025-06-04,20250604134000000,sh.601398,7.0800,7.0900,7.0800,7.0900,3224000,22850436.0000,3
2025-06-04,20250604134500000,sh.601398,7.0900,7.0900,7.0800,7.0800,3853300,27316476.0000,3
2025-06-04,20250604135000000,sh.601398,7.0900,7.0900,7.0800,7.0800,2828600,20047236.0000,3
2025-06-04,20250604135500000,sh.601398,7.0900,7.1000,7.0800,7.0900,2915800,20674804.0000,3
2025-06-04,20250604140000000,sh.601398,7.0900,7.1000,7.0900,7.1000,1978900,14041998.0000,3
2025-06-04,20250604140500000,sh.601398,7.1000,7.1000,7.0800,7.0900,3058300,21683066.0000,3
2025-06-04,20250604141000000,sh.601398,7.0900,7.0900,7.0800,7.0900,2390700,16941440.0000,3
2025-06-04,20250604141500000,sh.601398,7.0900,7.0900,7.0800,7.0900,2480800,17582332.0000,3
2025-06-04,20250604142000000,sh.601398,7.0800,7.0900,7.0800,7.0900,2385700,16908038.0000,3
2025-06-04,20250604142500000,sh.601398,7.0900,7.1000,7.0800,7.0800,5384700,38188534.0000,3
2025-06-04,20250604143000000,sh.601398,7.0900,7.1000,7.0800,7.0800,3456200,24486787.0000,3
2025-06-04,20250604143500000,sh.601398,7.0900,7.0900,7.0800,7.0900,1656900,11738636.0000,3
2025-06-04,20250604144000000,sh.601398,7.0900,7.0900,7.0800,7.0800,1971500,13963131.0000,3
2025-06-04,20250604144500000,sh.601398,7.0800,7.0900,7.0800,7.0800,3843300,27233660.0000,3
2025-06-04,20250604145000000,sh.601398,7.0900,7.0900,7.0800,7.0900,3360100,23813129.0000,3
2025-06-04,20250604145500000,sh.601398,7.0900,7.0900,7.0800,7.0900,4695600,33268221.0000,3
2025-06-04,20250604150000000,sh.601398,7.0900,7.1000,7.0800,7.0800,9542800,67596276.0000,3
2025-06-05,20250605093500000,sh.601398,7.0800,7.1000,7.0800,7.0800,8790100,62279748.0000,3
2025-06-05,20250605094000000,sh.601398,7.0800,7.1000,7.0800,7.1000,8174600,57948652.0000,3
2025-06-05,20250605094500000,sh.601398,7.1000,7.1000,7.0800,7.0800,5888000,41749072.0000,3
2025-06-05,20250605095000000,sh.601398,7.0900,7.0900,7.0700,7.0700,10903700,77198304.0000,3
2025-06-05,20250605095500000,sh.601398,7.0800,7.0800,7.0700,7.0700,11830500,83691040.0000,3
2025-06-05,20250605100000000,sh.601398,7.0800,7.0900,7.0700,7.0800,9050800,64046144.0000,3
2025-06-05,20250605100500000,sh.601398,7.0800,7.0900,7.0800,7.0900,2447500,17333728.0000,3
2025-06-05,20250605101000000,sh.601398,7.0900,7.0900,7.0800,7.0800,1622800,11492864.0000,3
2025-06-05,20250605101500000,sh.601398,7.0800,7.0900,7.0700,7.0900,7411300,52471264.0000,3
2025-06-05,20250605102000000,sh.601398,7.0800,7.0900,7.0700,7.0800,3211300,22733056.0000,3
2025-06-05,20250605102500000,sh.601398,7.0800,7.0900,7.0800,7.0800,1549300,10971840.0000,3
2025-06-05,20250605103000000,sh.601398,7.0800,7.0900,7.0800,7.0800,2754700,19510848.0000,3
2025-06-05,20250605103500000,sh.601398,7.0800,7.0900,7.0800,7.0800,2489200,17628928.0000,3
2025-06-05,20250605104000000,sh.601398,7.0800,7.0900,7.0800,7.0900,2121000,15022468.0000,3
2025-06-05,20250605104500000,sh.601398,7.0800,7.0900,7.0800,7.0800,1256900,8903416.0000,3
2025-06-05,20250605105000000,sh.601398,7.0900,7.0900,7.0800,7.0800,1519100,10761160.0000,3
2025-06-05,20250605105500000,sh.601398,7.0900,7.0900,7.0800,7.0800,1352100,9578872.0000,3
2025-06-05,20250605110000000,sh.601398,7.0800,7.0900,7.0800,7.0800,1707200,12095036.0000,3
2025-06-05,20250605110500000,sh.601398,7.0800,7.1100,7.0800,7.1000,28689100,203549381.0000,3
2025-06-05,20250605111000000,sh.601398,7.1000,7.1200,7.1000,7.1100,10073800,71628288.0000,3
2025-06-05,20250605111500000,sh.601398,7.1100,7.1200,7.1000,7.1000,5503000,39115331.0000,3
2025-06-05,20250605112000000,sh.601398,7.1000,7.1100,7.0900,7.0900,3147600,22337091.0000,3
2025-06-05,20250605112500000,sh.601398,7.1000,7.1000,7.0900,7.0900,1009700,7163966.0000,3
2025-06-05,20250605113000000,sh.601398,7.1000,7.1000,7.0900,7.0900,2441100,17314873.0000,3
2025-06-05,20250605130500000,sh.601398,7.1000,7.1000,7.0900,7.0900,5277600,37429577.0000,3
2025-06-05,20250605131000000,sh.601398,7.0900,7.1000,7.0800,7.0800,4990600,35364733.0000,3
2025-06-05,20250605131500000,sh.601398,7.0900,7.0900,7.0800,7.0900,2522700,17871424.0000,3
2025-06-05,20250605132000000,sh.601398,7.0800,7.0900,7.0800,7.0800,2176200,15413120.0000,3
2025-06-05,20250605132500000,sh.601398,7.0800,7.0900,7.0800,7.0900,3029600,21458624.0000,3
2025-06-05,20250605133000000,sh.601398,7.0800,7.0900,7.0800,7.0900,4452600,31532156.0000,3
2025-06-05,20250605133500000,sh.601398,7.0800,7.0900,7.0800,7.0800,2785700,19729668.0000,3
2025-06-05,20250605134000000,sh.601398,7.0800,7.0900,7.0800,7.0800,3414100,24180728.0000,3
2025-06-05,20250605134500000,sh.601398,7.0800,7.0900,7.0800,7.0800,2469400,17493128.0000,3
2025-06-05,20250605135000000,sh.601398,7.0900,7.0900,7.0800,7.0800,2450000,17354368.0000,3
2025-06-05,20250605135500000,sh.601398,7.0800,7.0900,7.0800,7.0800,2994800,21211140.0000,3
2025-06-05,20250605140000000,sh.601398,7.0900,7.0900,7.0800,7.0800,3481800,24664956.0000,3
2025-06-05,20250605140500000,sh.601398,7.0800,7.0900,7.0800,7.0800,4991600,35379324.0000,3
2025-06-05,20250605141000000,sh.601398,7.0800,7.0900,7.0800,7.0900,2298800,16291197.0000,3
2025-06-05,20250605141500000,sh.601398,7.0800,7.0900,7.0800,7.0900,2366500,16766339.0000,3
2025-06-05,20250605142000000,sh.601398,7.0800,7.0900,7.0800,7.0900,2002900,14192515.0000,3
2025-06-05,20250605142500000,sh.601398,7.0900,7.0900,7.0800,7.0900,2176800,15423869.0000,3
2025-06-05,20250605143000000,sh.601398,7.0900,7.0900,7.0800,7.0900,5258800,37268864.0000,3
2025-06-05,20250605143500000,sh.601398,7.0900,7.0900,7.0800,7.0800,4990100,35372425.0000,3
2025-06-05,20250605144000000,sh.601398,7.0800,7.0900,7.0800,7.0900,4338600,30751988.0000,3
2025-06-05,20250605144500000,sh.601398,7.0900,7.1000,7.0900,7.1000,7170000,50846721.0000,3
2025-06-05,20250605145000000,sh.601398,7.0900,7.1000,7.0800,7.0900,4172200,29560842.0000,3
2025-06-05,20250605145500000,sh.601398,7.0900,7.0900,7.0800,7.0800,4642700,32898293.0000,3
2025-06-05,20250605150000000,sh.601398,7.0900,7.0900,7.0800,7.0900,6175700,43770883.0000,3
2025-06-06,20250606093500000,sh.601398,7.1000,7.1100,7.0900,7.0900,15896300,112876696.0000,3
2025-06-06,20250606094000000,sh.601398,7.0900,7.1100,7.0900,7.1000,8870600,62984072.0000,3
2025-06-06,20250606094500000,sh.601398,7.1000,7.1100,7.1000,7.1000,6109900,43418704.0000,3
2025-06-06,20250606095000000,sh.601398,7.1000,7.1200,7.1000,7.1100,11336000,80576400.0000,3
2025-06-06,20250606095500000,sh.601398,7.1000,7.1100,7.0900,7.0900,7304500,51859744.0000,3
2025-06-06,20250606100000000,sh.601398,7.0900,7.1000,7.0800,7.0800,11292100,80055328.0000,3
2025-06-06,20250606100500000,sh.601398,7.0800,7.0900,7.0800,7.0800,3395100,24045504.0000,3
2025-06-06,20250606101000000,sh.601398,7.0800,7.0900,7.0800,7.0800,3486800,24696768.0000,3
2025-06-06,20250606101500000,sh.601398,7.0800,7.0900,7.0700,7.0700,9068500,64185728.0000,3
2025-06-06,20250606102000000,sh.601398,7.0800,7.0800,7.0700,7.0700,2549700,18034424.0000,3
2025-06-06,20250606102500000,sh.601398,7.0700,7.0900,7.0700,7.0800,3884500,27504908.0000,3
2025-06-06,20250606103000000,sh.601398,7.0800,7.0900,7.0800,7.0800,2102300,14886588.0000,3
2025-06-06,20250606103500000,sh.601398,7.0800,7.0900,7.0800,7.0800,1784700,12638912.0000,3
2025-06-06,20250606104000000,sh.601398,7.0800,7.0900,7.0800,7.0900,2581400,18280639.0000,3
2025-06-06,20250606104500000,sh.601398,7.0900,7.0900,7.0800,7.0900,1058300,7495937.0000,3
2025-06-06,20250606105000000,sh.601398,7.0800,7.0900,7.0800,7.0800,1302100,9222276.0000,3
2025-06-06,20250606105500000,sh.601398,7.0800,7.0900,7.0800,7.0900,1574400,11154428.0000,3
2025-06-06,20250606110000000,sh.601398,7.0800,7.0900,7.0800,7.0900,1334000,9449853.0000,3
2025-06-06,20250606110500000,sh.601398,7.0900,7.0900,7.0800,7.0800,1626700,11523783.0000,3
2025-06-06,20250606111000000,sh.601398,7.0900,7.0900,7.0800,7.0800,1654500,11724729.0000,3
2025-06-06,20250606111500000,sh.601398,7.0900,7.0900,7.0800,7.0900,1008100,7139971.0000,3
2025-06-06,20250606112000000,sh.601398,7.0800,7.0900,7.0800,7.0800,1212000,8584444.0000,3
2025-06-06,20250606112500000,sh.601398,7.0800,7.0900,7.0700,7.0700,7070900,50058376.0000,3
2025-06-06,20250606113000000,sh.601398,7.0700,7.0800,7.0700,7.0800,2667700,18878972.0000,3
2025-06-06,20250606130500000,sh.601398,7.0800,7.0900,7.0800,7.0800,3439200,24349505.0000,3
2025-06-06,20250606131000000,sh.601398,7.0800,7.0900,7.0800,7.0800,1103900,7818173.0000,3
2025-06-06,20250606131500000,sh.601398,7.0800,7.0900,7.0800,7.0800,1793600,12703226.0000,3
2025-06-06,20250606132000000,sh.601398,7.0800,7.0900,7.0800,7.0800,2328800,16495496.0000,3
2025-06-06,20250606132500000,sh.601398,7.0800,7.0900,7.0800,7.0800,1837000,13008440.0000,3
2025-06-06,20250606133000000,sh.601398,7.0800,7.0900,7.0800,7.0900,2153800,15251008.0000,3
2025-06-06,20250606133500000,sh.601398,7.0800,7.0900,7.0800,7.0900,1653300,11708552.0000,3
2025-06-06,20250606134000000,sh.601398,7.0900,7.0900,7.0800,7.0900,1241400,8790780.0000,3
2025-06-06,20250606134500000,sh.601398,7.0800,7.0900,7.0800,7.0800,8872600,62894855.0000,3
2025-06-06,20250606135000000,sh.601398,7.0900,7.1000,7.0800,7.1000,5406400,38344067.0000,3
2025-06-06,20250606135500000,sh.601398,7.1000,7.1000,7.0900,7.1000,1246300,8845812.0000,3
2025-06-06,20250606140000000,sh.601398,7.1000,7.1100,7.0900,7.1000,13110700,93113350.0000,3
2025-06-06,20250606140500000,sh.601398,7.1000,7.1100,7.0900,7.1000,4088100,29029374.0000,3
2025-06-06,20250606141000000,sh.601398,7.1000,7.1000,7.0900,7.1000,626700,4447491.0000,3
2025-06-06,20250606141500000,sh.601398,7.0900,7.1000,7.0900,7.0900,822200,5834881.0000,3
2025-06-06,20250606142000000,sh.601398,7.0900,7.1000,7.0900,7.0900,1280400,9085942.0000,3
2025-06-06,20250606142500000,sh.601398,7.1000,7.1000,7.0900,7.1000,1568400,11129487.0000,3
2025-06-06,20250606143000000,sh.601398,7.0900,7.1000,7.0900,7.0900,2273700,16130289.0000,3
2025-06-06,20250606143500000,sh.601398,7.1000,7.1000,7.0900,7.1000,1399100,9928576.0000,3
2025-06-06,20250606144000000,sh.601398,7.1000,7.1000,7.0900,7.1000,1377000,9770884.0000,3
2025-06-06,20250606144500000,sh.601398,7.0900,7.1000,7.0900,7.1000,2366700,16791810.0000,3
2025-06-06,20250606145000000,sh.601398,7.0900,7.1000,7.0900,7.0900,2868600,20355331.0000,3
2025-06-06,20250606145500000,sh.601398,7.1000,7.1000,7.0900,7.0900,4561600,32369021.0000,3
2025-06-06,20250606150000000,sh.601398,7.1000,7.1000,7.0900,7.1000,9439400,67008646.0000,3
2025-06-09,20250609093500000,sh.601398,7.1000,7.1100,7.0800,7.0800,20156700,142963312.0000,3
2025-06-09,20250609094000000,sh.601398,7.0900,7.1000,7.0800,7.0900,12744700,90335264.0000,3
2025-06-09,20250609094500000,sh.601398,7.0800,7.1000,7.0800,7.0900,6789400,48119760.0000,3
2025-06-09,20250609095000000,sh.601398,7.0900,7.0900,7.0800,7.0900,8556900,60647360.0000,3
2025-06-09,20250609095500000,sh.601398,7.0900,7.1000,7.0800,7.1000,6556300,46500896.0000,3
2025-06-09,20250609100000000,sh.601398,7.1000,7.1000,7.0800,7.0900,5505300,39032864.0000,3
2025-06-09,20250609100500000,sh.601398,7.0900,7.0900,7.0700,7.0700,27711300,196154844.0000,3
2025-06-09,20250609101000000,sh.601398,7.0700,7.0800,7.0500,7.0600,29703400,209823688.0000,3
2025-06-09,20250609101500000,sh.601398,7.0600,7.0700,7.0400,7.0600,23026000,162416128.0000,3
2025-06-09,20250609102000000,sh.601398,7.0600,7.0800,7.0600,7.0700,11806000,83484159.0000,3
2025-06-09,20250609102500000,sh.601398,7.0700,7.0800,7.0600,7.0700,3512400,24838778.0000,3
2025-06-09,20250609103000000,sh.601398,7.0700,7.0800,7.0600,7.0700,1903900,13456135.0000,3
2025-06-09,20250609103500000,sh.601398,7.0700,7.0800,7.0600,7.0700,2685500,18980992.0000,3
2025-06-09,20250609104000000,sh.601398,7.0700,7.0700,7.0600,7.0600,1783300,12597374.0000,3
2025-06-09,20250609104500000,sh.601398,7.0700,7.0700,7.0600,7.0600,2444500,17264642.0000,3
2025-06-09,20250609105000000,sh.601398,7.0600,7.0700,7.0600,7.0600,2678800,18916090.0000,3
2025-06-09,20250609105500000,sh.601398,7.0700,7.0700,7.0600,7.0600,2747900,19404804.0000,3
2025-06-09,20250609110000000,sh.601398,7.0600,7.0700,7.0600,7.0700,2384000,16841086.0000,3
2025-06-09,20250609110500000,sh.601398,7.0600,7.0700,7.0600,7.0600,4084500,28840455.0000,3
2025-06-09,20250609111000000,sh.601398,7.0700,7.0700,7.0500,7.0600,6243600,44068219.0000,3
2025-06-09,20250609111500000,sh.601398,7.0600,7.0600,7.0500,7.0600,2924700,20628344.0000,3
2025-06-09,20250609112000000,sh.601398,7.0500,7.0600,7.0500,7.0500,4569800,32221704.0000,3
2025-06-09,20250609112500000,sh.601398,7.0600,7.0600,7.0500,7.0600,2364900,16681466.0000,3
2025-06-09,20250609113000000,sh.601398,7.0600,7.0600,7.0500,7.0600,7245500,51104637.0000,3
2025-06-09,20250609130500000,sh.601398,7.0600,7.0600,7.0500,7.0600,13314400,93890311.0000,3
2025-06-09,20250609131000000,sh.601398,7.0500,7.0600,7.0500,7.0600,2388900,16848383.0000,3
2025-06-09,20250609131500000,sh.601398,7.0600,7.0600,7.0500,7.0500,1371300,9672957.0000,3
2025-06-09,20250609132000000,sh.601398,7.0600,7.0700,7.0500,7.0600,7131100,50347142.0000,3
2025-06-09,20250609132500000,sh.601398,7.0600,7.0700,7.0600,7.0600,898100,6343428.0000,3
2025-06-09,20250609133000000,sh.601398,7.0600,7.0700,7.0600,7.0600,1145000,8087924.0000,3
2025-06-09,20250609133500000,sh.601398,7.0600,7.0700,7.0600,7.0700,4135600,29230858.0000,3
2025-06-09,20250609134000000,sh.601398,7.0600,7.0700,7.0600,7.0600,1945400,13746036.0000,3
2025-06-09,20250609134500000,sh.601398,7.0600,7.0700,7.0600,7.0600,2019800,14273677.0000,3
2025-06-09,20250609135000000,sh.601398,7.0600,7.0700,7.0600,7.0600,1536100,10846581.0000,3
2025-06-09,20250609135500000,sh.601398,7.0700,7.0800,7.0600,7.0800,11924100,84365694.0000,3
2025-06-09,20250609140000000,sh.601398,7.0800,7.0800,7.0700,7.0700,2003900,14173696.0000,3
2025-06-09,20250609140500000,sh.601398,7.0700,7.0800,7.0700,7.0800,4514100,31922440.0000,3
2025-06-09,20250609141000000,sh.601398,7.0800,7.0800,7.0700,7.0700,2490900,17613952.0000,3
2025-06-09,20250609141500000,sh.601398,7.0700,7.0800,7.0700,7.0700,1071300,7579000.0000,3
2025-06-09,20250609142000000,sh.601398,7.0700,7.0800,7.0700,7.0800,7852300,55519104.0000,3
2025-06-09,20250609142500000,sh.601398,7.0700,7.0800,7.0600,7.0700,3332300,23560587.0000,3
2025-06-09,20250609143000000,sh.601398,7.0800,7.0800,7.0700,7.0800,1325000,9374712.0000,3
2025-06-09,20250609143500000,sh.601398,7.0800,7.0800,7.0700,7.0800,3180700,22491649.0000,3
2025-06-09,20250609144000000,sh.601398,7.0700,7.0800,7.0700,7.0700,2731800,19321481.0000,3
2025-06-09,20250609144500000,sh.601398,7.0700,7.0800,7.0700,7.0800,1920100,13581183.0000,3
2025-06-09,20250609145000000,sh.601398,7.0700,7.0800,7.0700,7.0800,2934500,20760952.0000,3
2025-06-09,20250609145500000,sh.601398,7.0800,7.0800,7.0700,7.0700,5996800,42436612.0000,3
2025-06-09,20250609150000000,sh.601398,7.0700,7.0800,7.0700,7.0800,4075700,28847608.0000,3
2025-06-10,20250610093500000,sh.601398,7.0800,7.1100,7.0700,7.1000,30512100,216459696.0000,3
2025-06-10,20250610094000000,sh.601398,7.1000,7.1200,7.0900,7.1100,27132600,192877040.0000,3
2025-06-10,20250610094500000,sh.601398,7.1000,7.1100,7.1000,7.1100,9714600,69056704.0000,3
2025-06-10,20250610095000000,sh.601398,7.1000,7.1400,7.1000,7.1400,51553200,367351584.0000,3
2025-06-10,20250610095500000,sh.601398,7.1300,7.1600,7.1300,7.1500,32192400,230205056.0000,3
2025-06-10,20250610100000000,sh.601398,7.1600,7.1600,7.1400,7.1500,11458000,81915768.0000,3
2025-06-10,20250610100500000,sh.601398,7.1400,7.1700,7.1400,7.1700,31269000,223860480.0000,3
2025-06-10,20250610101000000,sh.601398,7.1600,7.1800,7.1600,7.1600,14205200,101851910.0000,3
2025-06-10,20250610101500000,sh.601398,7.1700,7.1900,7.1700,7.1800,23212400,166663682.0000,3
2025-06-10,20250610102000000,sh.601398,7.1900,7.1900,7.1800,7.1800,7495900,53850368.0000,3
2025-06-10,20250610102500000,sh.601398,7.1800,7.1900,7.1700,7.1700,12398800,89073664.0000,3
2025-06-10,20250610103000000,sh.601398,7.1700,7.1800,7.1600,7.1700,7841300,56182656.0000,3
2025-06-10,20250610103500000,sh.601398,7.1700,7.1700,7.1500,7.1600,5586600,40009600.0000,3
2025-06-10,20250610104000000,sh.601398,7.1600,7.1600,7.1500,7.1500,3072200,21979512.0000,3
2025-06-10,20250610104500000,sh.601398,7.1500,7.1700,7.1500,7.1700,4175200,29901192.0000,3
2025-06-10,20250610105000000,sh.601398,7.1700,7.1700,7.1600,7.1600,2648700,18968452.0000,3
2025-06-10,20250610105500000,sh.601398,7.1600,7.1700,7.1500,7.1600,2665600,19080054.0000,3
2025-06-10,20250610110000000,sh.601398,7.1500,7.1600,7.1500,7.1600,1888900,13517834.0000,3
2025-06-10,20250610110500000,sh.601398,7.1600,7.1600,7.1500,7.1600,1201700,8595970.0000,3
2025-06-10,20250610111000000,sh.601398,7.1500,7.1600,7.1400,7.1400,8872300,63430143.0000,3
2025-06-10,20250610111500000,sh.601398,7.1400,7.1500,7.1400,7.1500,1672800,11952243.0000,3
2025-06-10,20250610112000000,sh.601398,7.1400,7.1500,7.1400,7.1400,2209600,15786244.0000,3
2025-06-10,20250610112500000,sh.601398,7.1500,7.1500,7.1400,7.1500,2873200,20527875.0000,3
2025-06-10,20250610113000000,sh.601398,7.1500,7.1500,7.1400,7.1500,2561700,18302201.0000,3
2025-06-10,20250610130500000,sh.601398,7.1500,7.1500,7.1400,7.1400,4004100,28616974.0000,3
2025-06-10,20250610131000000,sh.601398,7.1400,7.1500,7.1300,7.1400,6170300,44056318.0000,3
2025-06-10,20250610131500000,sh.601398,7.1300,7.1400,7.1200,7.1300,8403400,59910392.0000,3
2025-06-10,20250610132000000,sh.601398,7.1200,7.1300,7.1100,7.1100,12167600,86585092.0000,3
2025-06-10,20250610132500000,sh.601398,7.1100,7.1200,7.1000,7.1100,10785100,76655104.0000,3
2025-06-10,20250610133000000,sh.601398,7.1200,7.1200,7.1000,7.1100,5979600,42505984.0000,3
2025-06-10,20250610133500000,sh.601398,7.1100,7.1100,7.1000,7.1100,5433500,38619904.0000,3
2025-06-10,20250610134000000,sh.601398,7.1100,7.1200,7.1000,7.1100,4007700,28511232.0000,3
2025-06-10,20250610134500000,sh.601398,7.1200,7.1300,7.1100,7.1200,4792200,34118648.0000,3
2025-06-10,20250610135000000,sh.601398,7.1200,7.1300,7.1100,7.1200,2724200,19400192.0000,3
2025-06-10,20250610135500000,sh.601398,7.1200,7.1300,7.1100,7.1200,2690900,19156992.0000,3
2025-06-10,20250610140000000,sh.601398,7.1200,7.1200,7.1100,7.1200,937500,6671880.0000,3
2025-06-10,20250610140500000,sh.601398,7.1200,7.1200,7.1100,7.1100,4415500,31409408.0000,3
2025-06-10,20250610141000000,sh.601398,7.1100,7.1200,7.1100,7.1100,828000,5892096.0000,3
2025-06-10,20250610141500000,sh.601398,7.1200,7.1200,7.1100,7.1200,1226600,8729600.0000,3
2025-06-10,20250610142000000,sh.601398,7.1200,7.1200,7.1100,7.1200,1506900,10725376.0000,3
2025-06-10,20250610142500000,sh.601398,7.1100,7.1200,7.1100,7.1200,1254900,8930048.0000,3
2025-06-10,20250610143000000,sh.601398,7.1100,7.1200,7.1100,7.1200,3913900,27832320.0000,3
2025-06-10,20250610143500000,sh.601398,7.1100,7.1200,7.1000,7.1000,10146100,72119552.0000,3
2025-06-10,20250610144000000,sh.601398,7.1100,7.1100,7.1000,7.1000,1988700,14134272.0000,3
2025-06-10,20250610144500000,sh.601398,7.1000,7.1100,7.1000,7.1100,2681600,19053056.0000,3
2025-06-10,20250610145000000,sh.601398,7.1100,7.1100,7.1000,7.1100,4548900,32334080.0000,3
2025-06-10,20250610145500000,sh.601398,7.1100,7.1100,7.1000,7.1000,6823500,48486912.0000,3
2025-06-10,20250610150000000,sh.601398,7.1000,7.1200,7.1000,7.1000,10287500,73083904.0000,3
2025-06-11,20250611093500000,sh.601398,7.1000,7.1200,7.0900,7.1100,20383400,144865776.0000,3
2025-06-11,20250611094000000,sh.601398,7.1200,7.1300,7.1100,7.1300,12668400,90221552.0000,3
2025-06-11,20250611094500000,sh.601398,7.1200,7.1400,7.1200,7.1300,18483400,131746304.0000,3
2025-06-11,20250611095000000,sh.601398,7.1400,7.1400,7.1200,7.1300,7540400,53792192.0000,3
2025-06-11,20250611095500000,sh.601398,7.1300,7.1400,7.1200,7.1400,8456000,60283872.0000,3
2025-06-11,20250611100000000,sh.601398,7.1300,7.1400,7.1300,7.1400,5173600,36931200.0000,3
2025-06-11,20250611100500000,sh.601398,7.1400,7.1400,7.1300,7.1300,5703600,40707462.0000,3
2025-06-11,20250611101000000,sh.601398,7.1400,7.1500,7.1400,7.1500,8513100,60796212.0000,3
2025-06-11,20250611101500000,sh.601398,7.1500,7.1500,7.1400,7.1500,4840200,34565004.0000,3
2025-06-11,20250611102000000,sh.601398,7.1400,7.1500,7.1300,7.1400,3374000,24080577.0000,3
2025-06-11,20250611102500000,sh.601398,7.1400,7.1400,7.1200,7.1300,8005700,57084791.0000,3
2025-06-11,20250611103000000,sh.601398,7.1200,7.1300,7.1200,7.1300,1962800,13988602.0000,3
2025-06-11,20250611103500000,sh.601398,7.1200,7.1300,7.1200,7.1200,3761100,26809288.0000,3
2025-06-11,20250611104000000,sh.601398,7.1300,7.1300,7.1200,7.1200,1420800,10123706.0000,3
2025-06-11,20250611104500000,sh.601398,7.1300,7.1300,7.1200,7.1300,1697300,12089536.0000,3
2025-06-11,20250611105000000,sh.601398,7.1200,7.1200,7.1100,7.1100,10131400,72099206.0000,3
2025-06-11,20250611105500000,sh.601398,7.1100,7.1200,7.1100,7.1100,1516100,10787136.0000,3
2025-06-11,20250611110000000,sh.601398,7.1200,7.1200,7.1100,7.1100,4905600,34923067.0000,3
2025-06-11,20250611110500000,sh.601398,7.1200,7.1200,7.1100,7.1100,1578700,11232317.0000,3
2025-06-11,20250611111000000,sh.601398,7.1200,7.1200,7.1100,7.1200,1610200,11456462.0000,3
2025-06-11,20250611111500000,sh.601398,7.1200,7.1200,7.1000,7.1100,9332800,66352826.0000,3
2025-06-11,20250611112000000,sh.601398,7.1000,7.1100,7.1000,7.1100,3272400,23240316.0000,3
2025-06-11,20250611112500000,sh.601398,7.1100,7.1200,7.1000,7.1100,2692800,19143240.0000,3
2025-06-11,20250611113000000,sh.601398,7.1100,7.1200,7.1000,7.1000,4158900,29545268.0000,3
2025-06-11,20250611130500000,sh.601398,7.1100,7.1200,7.1000,7.1200,2728800,19397384.0000,3
2025-06-11,20250611131000000,sh.601398,7.1200,7.1200,7.1100,7.1100,2467200,17555193.0000,3
2025-06-11,20250611131500000,sh.601398,7.1200,7.1200,7.1100,7.1100,2515100,17899014.0000,3
2025-06-11,20250611132000000,sh.601398,7.1100,7.1200,7.1100,7.1200,2579900,18354173.0000,3
2025-06-11,20250611132500000,sh.601398,7.1100,7.1200,7.1100,7.1200,1546400,11001476.0000,3
2025-06-11,20250611133000000,sh.601398,7.1100,7.1200,7.1100,7.1200,1770900,12598779.0000,3
2025-06-11,20250611133500000,sh.601398,7.1200,7.1200,7.1100,7.1200,1763800,12551040.0000,3
2025-06-11,20250611134000000,sh.601398,7.1100,7.1200,7.1100,7.1200,2135600,15192061.0000,3
2025-06-11,20250611134500000,sh.601398,7.1200,7.1200,7.1100,7.1100,1672400,11899520.0000,3
2025-06-11,20250611135000000,sh.601398,7.1200,7.1200,7.1100,7.1100,1363400,9701511.0000,3
2025-06-11,20250611135500000,sh.601398,7.1100,7.1200,7.1100,7.1200,2542900,18097529.0000,3
2025-06-11,20250611140000000,sh.601398,7.1200,7.1200,7.1100,7.1200,1965800,13985928.0000,3
2025-06-11,20250611140500000,sh.601398,7.1200,7.1200,7.1100,7.1100,2762200,19654136.0000,3
2025-06-11,20250611141000000,sh.601398,7.1200,7.1200,7.1100,7.1200,2378000,16923904.0000,3
2025-06-11,20250611141500000,sh.601398,7.1100,7.1200,7.1100,7.1100,2988200,21266438.0000,3
2025-06-11,20250611142000000,sh.601398,7.1200,7.1200,7.1100,7.1200,3122400,22218503.0000,3
2025-06-11,20250611142500000,sh.601398,7.1200,7.1200,7.1100,7.1100,4233800,30116347.0000,3
2025-06-11,20250611143000000,sh.601398,7.1100,7.1200,7.1100,7.1100,2591200,18429564.0000,3
2025-06-11,20250611143500000,sh.601398,7.1200,7.1200,7.1100,7.1200,1782000,12677628.0000,3
2025-06-11,20250611144000000,sh.601398,7.1100,7.1200,7.1100,7.1100,3825300,27223181.0000,3
2025-06-11,20250611144500000,sh.601398,7.1100,7.1200,7.1100,7.1200,4412500,31383283.0000,3
2025-06-11,20250611145000000,sh.601398,7.1100,7.1200,7.1100,7.1100,4427200,31502984.0000,3
2025-06-11,20250611145500000,sh.601398,7.1100,7.1200,7.1100,7.1100,5668000,40330496.0000,3
2025-06-11,20250611150000000,sh.601398,7.1100,7.1300,7.1100,7.1200,10347700,73663352.0000,3
2025-06-12,20250612093500000,sh.601398,7.1200,7.1300,7.1000,7.1100,14468800,102965232.0000,3
2025-06-12,20250612094000000,sh.601398,7.1100,7.1200,7.0900,7.1100,12866700,91377856.0000,3
2025-06-12,20250612094500000,sh.601398,7.1000,7.1100,7.0900,7.1100,11445100,81247152.0000,3
2025-06-12,20250612095000000,sh.601398,7.1000,7.1100,7.1000,7.1100,3498100,24846784.0000,3
2025-06-12,20250612095500000,sh.601398,7.1000,7.1200,7.1000,7.1200,12959300,92198592.0000,3
2025-06-12,20250612100000000,sh.601398,7.1200,7.1200,7.1100,7.1200,2527800,17986816.0000,3
2025-06-12,20250612100500000,sh.601398,7.1100,7.1300,7.1100,7.1200,6083100,43302144.0000,3
2025-06-12,20250612101000000,sh.601398,7.1200,7.1300,7.1100,7.1100,3797200,27035584.0000,3
2025-06-12,20250612101500000,sh.601398,7.1200,7.1200,7.1100,7.1100,1891900,13460960.0000,3
2025-06-12,20250612102000000,sh.601398,7.1200,7.1200,7.1100,7.1100,4715200,33527680.0000,3
2025-06-12,20250612102500000,sh.601398,7.1200,7.1200,7.1100,7.1100,1229300,8745088.0000,3
2025-06-12,20250612103000000,sh.601398,7.1100,7.1200,7.1100,7.1100,2162100,15380282.0000,3
2025-06-12,20250612103500000,sh.601398,7.1100,7.1200,7.1100,7.1100,2921900,20776775.0000,3
2025-06-12,20250612104000000,sh.601398,7.1200,7.1200,7.1000,7.1100,7785100,55329399.0000,3
2025-06-12,20250612104500000,sh.601398,7.1100,7.1100,7.1000,7.1000,2868100,20368707.0000,3
2025-06-12,20250612105000000,sh.601398,7.1000,7.1100,7.1000,7.1000,2422200,17206023.0000,3
2025-06-12,20250612105500000,sh.601398,7.1100,7.1100,7.1000,7.1100,4566600,32455102.0000,3
2025-06-12,20250612110000000,sh.601398,7.1100,7.1200,7.1100,7.1100,3412700,24267576.0000,3
2025-06-12,20250612110500000,sh.601398,7.1100,7.1200,7.1000,7.1100,3070800,21827852.0000,3
2025-06-12,20250612111000000,sh.601398,7.1100,7.1100,7.1000,7.1000,1963500,13949048.0000,3
2025-06-12,20250612111500000,sh.601398,7.1100,7.1100,7.1000,7.1100,1038300,7373765.0000,3
2025-06-12,20250612112000000,sh.601398,7.1000,7.1100,7.1000,7.1000,1475800,10483071.0000,3
2025-06-12,20250612112500000,sh.601398,7.1000,7.1100,7.1000,7.1000,1021200,7256963.0000,3
2025-06-12,20250612113000000,sh.601398,7.1100,7.1200,7.1000,7.1100,6140700,43660667.0000,3
2025-06-12,20250612130500000,sh.601398,7.1100,7.1200,7.1000,7.1100,4994600,35494985.0000,3
2025-06-12,20250612131000000,sh.601398,7.1100,7.1200,7.1000,7.1100,4648100,33033214.0000,3
2025-06-12,20250612131500000,sh.601398,7.1100,7.1100,7.1000,7.1100,1168700,8300540.0000,3
2025-06-12,20250612132000000,sh.601398,7.1100,7.1100,7.1000,7.1000,2336300,16591103.0000,3
2025-06-12,20250612132500000,sh.601398,7.1100,7.1100,7.0900,7.1000,23564600,167286332.0000,3
2025-06-12,20250612133000000,sh.601398,7.0900,7.1000,7.0900,7.0900,2831400,20086918.0000,3
2025-06-12,20250612133500000,sh.601398,7.0900,7.1000,7.0900,7.0900,1710300,12136194.0000,3
2025-06-12,20250612134000000,sh.601398,7.0900,7.1000,7.0900,7.0900,1136700,8066042.0000,3
2025-06-12,20250612134500000,sh.601398,7.1000,7.1000,7.0900,7.0900,3496100,24813060.0000,3
2025-06-12,20250612135000000,sh.601398,7.0900,7.1100,7.0900,7.1000,13898300,98731778.0000,3
2025-06-12,20250612135500000,sh.601398,7.1100,7.1200,7.1100,7.1200,2278500,16210041.0000,3
2025-06-12,20250612140000000,sh.601398,7.1100,7.1200,7.1100,7.1200,6614800,47093501.0000,3
2025-06-12,20250612140500000,sh.601398,7.1100,7.1200,7.1100,7.1200,4413800,31423486.0000,3
2025-06-12,20250612141000000,sh.601398,7.1200,7.1200,7.1100,7.1100,1777400,12643712.0000,3
2025-06-12,20250612141500000,sh.601398,7.1200,7.1200,7.1100,7.1100,962400,6846592.0000,3
2025-06-12,20250612142000000,sh.601398,7.1100,7.1200,7.1100,7.1100,1258500,8955535.0000,3
2025-06-12,20250612142500000,sh.601398,7.1200,7.1200,7.1100,7.1100,1749600,12451451.0000,3
2025-06-12,20250612143000000,sh.601398,7.1200,7.1200,7.1100,7.1100,1095300,7792374.0000,3
2025-06-12,20250612143500000,sh.601398,7.1200,7.1200,7.1100,7.1100,1527000,10867081.0000,3
2025-06-12,20250612144000000,sh.601398,7.1100,7.1200,7.1100,7.1100,1958700,13937536.0000,3
2025-06-12,20250612144500000,sh.601398,7.1200,7.1200,7.1100,7.1200,2403700,17108479.0000,3
2025-06-12,20250612145000000,sh.601398,7.1100,7.1200,7.1100,7.1200,3636100,25872505.0000,3
2025-06-12,20250612145500000,sh.601398,7.1200,7.1200,7.1000,7.1000,20234400,143841795.0000,3
2025-06-12,20250612150000000,sh.601398,7.1000,7.1100,7.1000,7.1100,5806800,41280126.0000,3
2025-06-13,20250613093500000,sh.601398,7.1100,7.1300,7.1000,7.1200,27530800,195910096.0000,3
2025-06-13,20250613094000000,sh.601398,7.1200,7.1200,7.1100,7.1200,2947400,20967632.0000,3
2025-06-13,20250613094500000,sh.601398,7.1200,7.1200,7.1100,7.1200,3421800,24347760.0000,3
2025-06-13,20250613095000000,sh.601398,7.1100,7.1200,7.1000,7.1100,12732900,90521840.0000,3
2025-06-13,20250613095500000,sh.601398,7.1100,7.1200,7.1100,7.1200,3388000,24110816.0000,3
2025-06-13,20250613100000000,sh.601398,7.1100,7.1300,7.1100,7.1200,13013900,92678688.0000,3
2025-06-13,20250613100500000,sh.601398,7.1200,7.1200,7.1100,7.1100,3777100,26878752.0000,3
2025-06-13,20250613101000000,sh.601398,7.1100,7.1200,7.1000,7.1000,13422900,95389538.0000,3
2025-06-13,20250613101500000,sh.601398,7.1100,7.1200,7.1000,7.1000,4876800,34669692.0000,3
2025-06-13,20250613102000000,sh.601398,7.1100,7.1200,7.1000,7.1200,3127800,22228873.0000,3
2025-06-13,20250613102500000,sh.601398,7.1100,7.1200,7.1100,7.1100,1695400,12057338.0000,3
2025-06-13,20250613103000000,sh.601398,7.1100,7.1100,7.1000,7.1100,4342300,30849595.0000,3
2025-06-13,20250613103500000,sh.601398,7.1000,7.1100,7.1000,7.1000,3768800,26771132.0000,3
2025-06-13,20250613104000000,sh.601398,7.1000,7.1100,7.0900,7.1000,17331900,123021578.0000,3
2025-06-13,20250613104500000,sh.601398,7.1000,7.1100,7.0900,7.1000,4086500,29014780.0000,3
2025-06-13,20250613105000000,sh.601398,7.1000,7.1100,7.1000,7.1000,6671300,47378632.0000,3
2025-06-13,20250613105500000,sh.601398,7.1000,7.1000,7.0900,7.1000,2479100,17593914.0000,3
2025-06-13,20250613110000000,sh.601398,7.1000,7.1000,7.0800,7.0800,17224500,122100295.0000,3
2025-06-13,20250613110500000,sh.601398,7.0800,7.0900,7.0800,7.0800,4077100,28879421.0000,3
2025-06-13,20250613111000000,sh.601398,7.0800,7.0900,7.0800,7.0900,9303400,65884674.0000,3
2025-06-13,20250613111500000,sh.601398,7.0800,7.0900,7.0800,7.0900,2286700,16196594.0000,3
2025-06-13,20250613112000000,sh.601398,7.0900,7.0900,7.0800,7.0800,2774000,19651976.0000,3
2025-06-13,20250613112500000,sh.601398,7.0900,7.0900,7.0800,7.0900,2914100,20647556.0000,3
2025-06-13,20250613113000000,sh.601398,7.0900,7.1000,7.0800,7.0900,6597800,46766582.0000,3
2025-06-13,20250613130500000,sh.601398,7.1000,7.1000,7.0800,7.0900,4592100,32546177.0000,3
2025-06-13,20250613131000000,sh.601398,7.0800,7.1000,7.0800,7.0900,2745100,19460477.0000,3
2025-06-13,20250613131500000,sh.601398,7.1000,7.1000,7.0900,7.0900,1859700,13187842.0000,3
2025-06-13,20250613132000000,sh.601398,7.0900,7.1000,7.0800,7.0900,3447700,24442118.0000,3
2025-06-13,20250613132500000,sh.601398,7.0900,7.0900,7.0800,7.0900,1868900,13238520.0000,3
2025-06-13,20250613133000000,sh.601398,7.0900,7.0900,7.0800,7.0900,3094000,21923341.0000,3
2025-06-13,20250613133500000,sh.601398,7.0800,7.0900,7.0800,7.0900,4238700,30041593.0000,3
2025-06-13,20250613134000000,sh.601398,7.0800,7.0900,7.0800,7.0800,2076500,14709630.0000,3
2025-06-13,20250613134500000,sh.601398,7.0900,7.0900,7.0800,7.0800,3701400,26215296.0000,3
2025-06-13,20250613135000000,sh.601398,7.0900,7.0900,7.0800,7.0800,2701000,19133440.0000,3
2025-06-13,20250613135500000,sh.601398,7.0800,7.0900,7.0800,7.0800,2868300,20323585.0000,3
2025-06-13,20250613140000000,sh.601398,7.0900,7.0900,7.0800,7.0800,3043900,21564039.0000,3
2025-06-13,20250613140500000,sh.601398,7.0800,7.0900,7.0800,7.0900,4907200,34781693.0000,3
2025-06-13,20250613141000000,sh.601398,7.0900,7.0900,7.0800,7.0900,2892200,20493179.0000,3
2025-06-13,20250613141500000,sh.601398,7.0800,7.0900,7.0800,7.0900,2846300,20163580.0000,3
2025-06-13,20250613142000000,sh.601398,7.0800,7.0900,7.0800,7.0800,2107600,14929664.0000,3
2025-06-13,20250613142500000,sh.601398,7.0800,7.0900,7.0800,7.0900,3107800,22020620.0000,3
2025-06-13,20250613143000000,sh.601398,7.0800,7.0900,7.0800,7.0800,3889300,27558272.0000,3
2025-06-13,20250613143500000,sh.601398,7.0800,7.0900,7.0800,7.0900,3342300,23687804.0000,3
2025-06-13,20250613144000000,sh.601398,7.0800,7.0900,7.0800,7.0800,3278400,23239555.0000,3
2025-06-13,20250613144500000,sh.601398,7.0900,7.0900,7.0800,7.0800,3915100,27733497.0000,3
2025-06-13,20250613145000000,sh.601398,7.0800,7.0900,7.0800,7.0800,10209000,72303870.0000,3
2025-06-13,20250613145500000,sh.601398,7.0800,7.0900,7.0800,7.0800,16671100,118071299.0000,3
2025-06-13,20250613150000000,sh.601398,7.0900,7.0900,7.0800,7.0900,13698900,97104391.0000,3
2025-06-16,20250616093500000,sh.601398,7.0800,7.0800,7.0200,7.0500,37961000,267557120.0000,3
2025-06-16,20250616094000000,sh.601398,7.0500,7.0600,7.0300,7.0500,15100100,106384704.0000,3
2025-06-16,20250616094500000,sh.601398,7.0500,7.0500,7.0300,7.0400,12657900,89118560.0000,3
2025-06-16,20250616095000000,sh.601398,7.0500,7.0500,7.0300,7.0300,7542300,53075968.0000,3
2025-06-16,20250616095500000,sh.601398,7.0400,7.0500,7.0300,7.0400,5174200,36441821.0000,3
2025-06-16,20250616100000000,sh.601398,7.0400,7.0500,7.0400,7.0400,3436000,24206467.0000,3
2025-06-16,20250616100500000,sh.601398,7.0400,7.0600,7.0400,7.0500,7639500,53852928.0000,3
2025-06-16,20250616101000000,sh.601398,7.0500,7.0700,7.0400,7.0600,9350800,66001730.0000,3
2025-06-16,20250616101500000,sh.601398,7.0600,7.0700,7.0500,7.0500,5545900,39136310.0000,3
2025-06-16,20250616102000000,sh.601398,7.0500,7.0600,7.0500,7.0500,2822300,19916810.0000,3
2025-06-16,20250616102500000,sh.601398,7.0600,7.0600,7.0500,7.0500,1830200,12908668.0000,3
2025-06-16,20250616103000000,sh.601398,7.0600,7.0700,7.0500,7.0600,6016600,42488962.0000,3
2025-06-16,20250616103500000,sh.601398,7.0700,7.0700,7.0500,7.0600,3701600,26136254.0000,3
2025-06-16,20250616104000000,sh.601398,7.0600,7.0700,7.0600,7.0600,2588700,18284355.0000,3
2025-06-16,20250616104500000,sh.601398,7.0700,7.0700,7.0500,7.0600,3218700,22708291.0000,3
2025-06-16,20250616105000000,sh.601398,7.0600,7.0800,7.0500,7.0700,6937500,49031871.0000,3
2025-06-16,20250616105500000,sh.601398,7.0800,7.0800,7.0700,7.0800,682100,4825405.0000,3
2025-06-16,20250616110000000,sh.601398,7.0800,7.0800,7.0700,7.0700,943800,6676090.0000,3
2025-06-16,20250616110500000,sh.601398,7.0700,7.0800,7.0700,7.0700,3919000,27711686.0000,3
2025-06-16,20250616111000000,sh.601398,7.0800,7.0900,7.0700,7.0900,11642300,82485508.0000,3
2025-06-16,20250616111500000,sh.601398,7.0800,7.1000,7.0800,7.0800,3263900,23139841.0000,3
2025-06-16,20250616112000000,sh.601398,7.0900,7.1000,7.0800,7.0900,2228300,15798781.0000,3
2025-06-16,20250616112500000,sh.601398,7.0900,7.1000,7.0900,7.0900,1331400,9443589.0000,3
2025-06-16,20250616113000000,sh.601398,7.0900,7.1000,7.0800,7.0900,2902500,20587121.0000,3
2025-06-16,20250616130500000,sh.601398,7.0900,7.1000,7.0800,7.1000,2300700,16318210.0000,3
2025-06-16,20250616131000000,sh.601398,7.0900,7.1000,7.0900,7.1000,1168700,8294024.0000,3
2025-06-16,20250616131500000,sh.601398,7.0900,7.1000,7.0900,7.0900,1700100,12057602.0000,3
2025-06-16,20250616132000000,sh.601398,7.0900,7.1000,7.0900,7.1000,1891700,13419509.0000,3
2025-06-16,20250616132500000,sh.601398,7.1000,7.1000,7.0900,7.0900,913000,6476034.0000,3
2025-06-16,20250616133000000,sh.601398,7.0900,7.1000,7.0900,7.0900,2037400,14452872.0000,3
2025-06-16,20250616133500000,sh.601398,7.0900,7.1000,7.0900,7.0900,2568800,18216321.0000,3
2025-06-16,20250616134000000,sh.601398,7.0900,7.1000,7.0900,7.0900,8176800,58041978.0000,3
2025-06-16,20250616134500000,sh.601398,7.1000,7.1100,7.1000,7.1000,5568900,39546366.0000,3
2025-06-16,20250616135000000,sh.601398,7.1000,7.1100,7.0900,7.1000,3699600,26279680.0000,3
2025-06-16,20250616135500000,sh.601398,7.1000,7.1100,7.1000,7.1100,1711600,12157320.0000,3
2025-06-16,20250616140000000,sh.601398,7.1000,7.1100,7.1000,7.1000,3682100,26166526.0000,3
2025-06-16,20250616140500000,sh.601398,7.1100,7.1100,7.1000,7.1100,3127400,22231550.0000,3
2025-06-16,20250616141000000,sh.601398,7.1000,7.1200,7.1000,7.1100,10369800,73742720.0000,3
2025-06-16,20250616141500000,sh.601398,7.1200,7.1400,7.1100,7.1400,21785900,155208064.0000,3
2025-06-16,20250616142000000,sh.601398,7.1300,7.1400,7.1200,7.1200,4996800,35624192.0000,3
2025-06-16,20250616142500000,sh.601398,7.1200,7.1300,7.1200,7.1200,5041800,35941888.0000,3
2025-06-16,20250616143000000,sh.601398,7.1200,7.1400,7.1200,7.1400,7154600,51020416.0000,3
2025-06-16,20250616143500000,sh.601398,7.1300,7.1400,7.1300,7.1300,3460600,24696192.0000,3
2025-06-16,20250616144000000,sh.601398,7.1300,7.1400,7.1300,7.1400,3213200,22926336.0000,3
2025-06-16,20250616144500000,sh.601398,7.1300,7.1400,7.1300,7.1300,7483200,53391872.0000,3
2025-06-16,20250616145000000,sh.601398,7.1300,7.1400,7.1300,7.1300,4229300,30176384.0000,3
2025-06-16,20250616145500000,sh.601398,7.1400,7.1400,7.1300,7.1400,6979200,49809280.0000,3
2025-06-16,20250616150000000,sh.601398,7.1400,7.1400,7.1300,7.1400,6906100,49299712.0000,3
2025-06-17,20250617093500000,sh.601398,7.1300,7.1600,7.1300,7.1600,26876000,192041248.0000,3
2025-06-17,20250617094000000,sh.601398,7.1600,7.1700,7.1500,7.1700,18255600,130754272.0000,3
2025-06-17,20250617094500000,sh.601398,7.1600,7.1700,7.1400,7.1500,14636400,104771136.0000,3
2025-06-17,20250617095000000,sh.601398,7.1600,7.1600,7.1500,7.1500,5293500,37885952.0000,3
2025-06-17,20250617095500000,sh.601398,7.1600,7.1600,7.1300,7.1500,9098600,64980544.0000,3
2025-06-17,20250617100000000,sh.601398,7.1400,7.1600,7.1400,7.1600,7824400,55939714.0000,3
2025-06-17,20250617100500000,sh.601398,7.1500,7.1600,7.1400,7.1400,2767500,19785466.0000,3
2025-06-17,20250617101000000,sh.601398,7.1400,7.1500,7.1300,7.1400,4405600,31452420.0000,3
2025-06-17,20250617101500000,sh.601398,7.1300,7.1600,7.1300,7.1600,5772100,41262850.0000,3
2025-06-17,20250617102000000,sh.601398,7.1600,7.1600,7.1500,7.1600,2290100,16377733.0000,3
2025-06-17,20250617102500000,sh.601398,7.1600,7.1600,7.1500,7.1600,2671500,19120244.0000,3
2025-06-17,20250617103000000,sh.601398,7.1600,7.1600,7.1400,7.1500,4719500,33738251.0000,3
2025-06-17,20250617103500000,sh.601398,7.1500,7.1500,7.1400,7.1500,5007600,35782653.0000,3
2025-06-17,20250617104000000,sh.601398,7.1400,7.1600,7.1400,7.1500,4818600,34447807.0000,3
2025-06-17,20250617104500000,sh.601398,7.1500,7.1600,7.1500,7.1500,2741900,19612733.0000,3
2025-06-17,20250617105000000,sh.601398,7.1500,7.1600,7.1500,7.1600,1473400,10537349.0000,3
2025-06-17,20250617105500000,sh.601398,7.1600,7.1600,7.1400,7.1400,1866000,13343868.0000,3
2025-06-17,20250617110000000,sh.601398,7.1500,7.1500,7.1400,7.1500,1579200,11290245.0000,3
2025-06-17,20250617110500000,sh.601398,7.1500,7.1500,7.1400,7.1500,2032300,14528248.0000,3
2025-06-17,20250617111000000,sh.601398,7.1400,7.1500,7.1400,7.1500,911000,6508745.0000,3
2025-06-17,20250617111500000,sh.601398,7.1500,7.1500,7.1400,7.1500,875400,6255031.0000,3
2025-06-17,20250617112000000,sh.601398,7.1400,7.1500,7.1400,7.1500,1107900,7918267.0000,3
2025-06-17,20250617112500000,sh.601398,7.1500,7.1500,7.1400,7.1500,1854800,13259840.0000,3
2025-06-17,20250617113000000,sh.601398,7.1500,7.1500,7.1400,7.1500,1376600,9840512.0000,3
2025-06-17,20250617130500000,sh.601398,7.1500,7.1600,7.1400,7.1500,4522500,32335496.0000,3
2025-06-17,20250617131000000,sh.601398,7.1500,7.1600,7.1400,7.1500,2223500,15901051.0000,3
2025-06-17,20250617131500000,sh.601398,7.1600,7.1600,7.1500,7.1600,13735000,98334719.0000,3
2025-06-17,20250617132000000,sh.601398,7.1600,7.1700,7.1600,7.1700,7330200,52505214.0000,3
2025-06-17,20250617132500000,sh.601398,7.1700,7.1700,7.1600,7.1600,3017500,21614855.0000,3
2025-06-17,20250617133000000,sh.601398,7.1600,7.1700,7.1600,7.1600,3260100,23358842.0000,3
2025-06-17,20250617133500000,sh.601398,7.1600,7.1700,7.1600,7.1600,3321100,23785983.0000,3
2025-06-17,20250617134000000,sh.601398,7.1600,7.1700,7.1600,7.1700,3976100,28501252.0000,3
2025-06-17,20250617134500000,sh.601398,7.1700,7.1700,7.1600,7.1700,3603700,25833344.0000,3
2025-06-17,20250617135000000,sh.601398,7.1600,7.1700,7.1600,7.1700,2716600,19472136.0000,3
2025-06-17,20250617135500000,sh.601398,7.1600,7.1700,7.1600,7.1600,2952200,21158273.0000,3
2025-06-17,20250617140000000,sh.601398,7.1700,7.1700,7.1600,7.1600,4561300,32693371.0000,3
2025-06-17,20250617140500000,sh.601398,7.1600,7.1700,7.1600,7.1700,2738800,19620608.0000,3
2025-06-17,20250617141000000,sh.601398,7.1700,7.1700,7.1600,7.1600,2738900,19620603.0000,3
2025-06-17,20250617141500000,sh.601398,7.1600,7.1700,7.1600,7.1700,3059600,21927305.0000,3
2025-06-17,20250617142000000,sh.601398,7.1700,7.1700,7.1600,7.1700,3739800,26785793.0000,3
2025-06-17,20250617142500000,sh.601398,7.1600,7.1700,7.1600,7.1600,1880300,13472123.0000,3
2025-06-17,20250617143000000,sh.601398,7.1600,7.1700,7.1600,7.1700,1570500,11252347.0000,3
2025-06-17,20250617143500000,sh.601398,7.1700,7.1700,7.1600,7.1600,3514500,25179901.0000,3
2025-06-17,20250617144000000,sh.601398,7.1600,7.1700,7.1600,7.1700,2695700,19313673.0000,3
2025-06-17,20250617144500000,sh.601398,7.1600,7.1700,7.1600,7.1700,3115000,22323703.0000,3
2025-06-17,20250617145000000,sh.601398,7.1600,7.1700,7.1600,7.1700,2953600,21164555.0000,3
2025-06-17,20250617145500000,sh.601398,7.1700,7.1700,7.1600,7.1600,6323800,45319929.0000,3
2025-06-17,20250617150000000,sh.601398,7.1700,7.1700,7.1600,7.1700,8132500,58295804.0000,3
2025-06-18,20250618093500000,sh.601398,7.1700,7.2000,7.1700,7.1900,21893700,157335664.0000,3
2025-06-18,20250618094000000,sh.601398,7.2000,7.2100,7.1900,7.2100,29732800,214036880.0000,3
2025-06-18,20250618094500000,sh.601398,7.2100,7.2400,7.2100,7.2300,30818200,222636985.0000,3
2025-06-18,20250618095000000,sh.601398,7.2300,7.2300,7.2200,7.2200,9848000,71146049.0000,3
2025-06-18,20250618095500000,sh.601398,7.2200,7.2300,7.2100,7.2300,8561400,61790147.0000,3
2025-06-18,20250618100000000,sh.601398,7.2200,7.2300,7.2100,7.2200,4579000,33069695.0000,3
2025-06-18,20250618100500000,sh.601398,7.2200,7.2200,7.2100,7.2200,5069400,36582278.0000,3
2025-06-18,20250618101000000,sh.601398,7.2200,7.2200,7.2100,7.2200,5424700,39155960.0000,3
2025-06-18,20250618101500000,sh.601398,7.2100,7.2200,7.2000,7.2000,7873500,56738241.0000,3
2025-06-18,20250618102000000,sh.601398,7.2000,7.2000,7.1900,7.2000,3347800,24089989.0000,3
2025-06-18,20250618102500000,sh.601398,7.2000,7.2100,7.1900,7.2000,6862100,49393664.0000,3
2025-06-18,20250618103000000,sh.601398,7.1900,7.2100,7.1900,7.2000,4444400,31993344.0000,3
2025-06-18,20250618103500000,sh.601398,7.1900,7.2200,7.1900,7.2200,5309600,38292025.0000,3
2025-06-18,20250618104000000,sh.601398,7.2100,7.2200,7.2100,7.2200,2723800,19648515.0000,3
2025-06-18,20250618104500000,sh.601398,7.2100,7.2300,7.2100,7.2300,8359700,60366152.0000,3
2025-06-18,20250618105000000,sh.601398,7.2200,7.2400,7.2200,7.2400,15674000,113343360.0000,3
2025-06-18,20250618105500000,sh.601398,7.2300,7.2400,7.2300,7.2400,8501300,61528820.0000,3
2025-06-18,20250618110000000,sh.601398,7.2400,7.2400,7.2200,7.2300,7610500,55040515.0000,3
2025-06-18,20250618110500000,sh.601398,7.2200,7.2400,7.2100,7.2100,5028100,36306050.0000,3
2025-06-18,20250618111000000,sh.601398,7.2200,7.2200,7.2100,7.2200,3206200,23131776.0000,3
2025-06-18,20250618111500000,sh.601398,7.2100,7.2300,7.2100,7.2200,3749600,27084673.0000,3
2025-06-18,20250618112000000,sh.601398,7.2300,7.2300,7.2200,7.2200,1732200,12514176.0000,3
2025-06-18,20250618112500000,sh.601398,7.2300,7.2300,7.2200,7.2300,1978800,14296954.0000,3
2025-06-18,20250618113000000,sh.601398,7.2300,7.2400,7.2200,7.2200,8020300,57988997.0000,3
2025-06-18,20250618130500000,sh.601398,7.2200,7.2400,7.2200,7.2400,8200600,59293441.0000,3
2025-06-18,20250618131000000,sh.601398,7.2400,7.2400,7.2300,7.2300,3493500,25270526.0000,3
2025-06-18,20250618131500000,sh.601398,7.2400,7.2500,7.2300,7.2400,18682100,135283580.0000,3
2025-06-18,20250618132000000,sh.601398,7.2400,7.2500,7.2400,7.2400,3653800,26478980.0000,3
2025-06-18,20250618132500000,sh.601398,7.2500,7.2500,7.2400,7.2500,4194600,30385661.0000,3
2025-06-18,20250618133000000,sh.601398,7.2400,7.2500,7.2400,7.2500,2612200,18924927.0000,3
2025-06-18,20250618133500000,sh.601398,7.2400,7.2500,7.2400,7.2400,6092200,44120580.0000,3
2025-06-18,20250618134000000,sh.601398,7.2500,7.2500,7.2400,7.2400,2312500,16747776.0000,3
2025-06-18,20250618134500000,sh.601398,7.2400,7.2500,7.2400,7.2400,3381700,24491652.0000,3
2025-06-18,20250618135000000,sh.601398,7.2400,7.2500,7.2400,7.2400,1868300,13533948.0000,3
2025-06-18,20250618135500000,sh.601398,7.2400,7.2500,7.2300,7.2400,5125100,37107324.0000,3
2025-06-18,20250618140000000,sh.601398,7.2400,7.2500,7.2300,7.2500,2428000,17585166.0000,3
2025-06-18,20250618140500000,sh.601398,7.2300,7.2400,7.2300,7.2300,7189700,52019058.0000,3
2025-06-18,20250618141000000,sh.601398,7.2400,7.2400,7.2300,7.2300,2514000,18181124.0000,3
2025-06-18,20250618141500000,sh.601398,7.2300,7.2400,7.2300,7.2400,2314600,16744840.0000,3
2025-06-18,20250618142000000,sh.601398,7.2300,7.2400,7.2300,7.2400,2455600,17758196.0000,3
2025-06-18,20250618142500000,sh.601398,7.2300,7.2400,7.2200,7.2300,4104800,29671425.0000,3
2025-06-18,20250618143000000,sh.601398,7.2300,7.2400,7.2300,7.2300,3134800,22688643.0000,3
2025-06-18,20250618143500000,sh.601398,7.2300,7.2500,7.2300,7.2500,7226100,52315392.0000,3
2025-06-18,20250618144000000,sh.601398,7.2400,7.2500,7.2400,7.2400,2555700,18519556.0000,3
2025-06-18,20250618144500000,sh.601398,7.2500,7.2500,7.2400,7.2500,6209900,44994044.0000,3
2025-06-18,20250618145000000,sh.601398,7.2400,7.2500,7.2400,7.2500,6711900,48621320.0000,3
2025-06-18,20250618145500000,sh.601398,7.2400,7.2500,7.2400,7.2500,7923600,57412084.0000,3
2025-06-18,20250618150000000,sh.601398,7.2400,7.2500,7.2400,7.2500,7397900,53622024.0000,3
2025-06-19,20250619093500000,sh.601398,7.2400,7.2700,7.2100,7.2200,23959500,173397488.0000,3
2025-06-19,20250619094000000,sh.601398,7.2200,7.2400,7.2100,7.2300,12467600,90030096.0000,3
2025-06-19,20250619094500000,sh.601398,7.2300,7.2300,7.2100,7.2200,6546500,47266464.0000,3
2025-06-19,20250619095000000,sh.601398,7.2200,7.2200,7.2000,7.2000,6722300,48469856.0000,3
2025-06-19,20250619095500000,sh.601398,7.2100,7.2200,7.2000,7.2200,5821200,41964160.0000,3
2025-06-19,20250619100000000,sh.601398,7.2200,7.2300,7.2100,7.2200,4130700,29814720.0000,3
2025-06-19,20250619100500000,sh.601398,7.2300,7.2400,7.2200,7.2300,5699900,41224320.0000,3
2025-06-19,20250619101000000,sh.601398,7.2400,7.2400,7.2300,7.2300,3395700,24569888.0000,3
2025-06-19,20250619101500000,sh.601398,7.2300,7.2600,7.2300,7.2500,9169200,66464800.0000,3
2025-06-19,20250619102000000,sh.601398,7.2500,7.2600,7.2500,7.2500,4947700,35878520.0000,3
2025-06-19,20250619102500000,sh.601398,7.2600,7.2600,7.2400,7.2600,2242400,16262342.0000,3
2025-06-19,20250619103000000,sh.601398,7.2500,7.2600,7.2500,7.2500,2513500,18232137.0000,3
2025-06-19,20250619103500000,sh.601398,7.2500,7.2600,7.2400,7.2500,2174500,15762557.0000,3
2025-06-19,20250619104000000,sh.601398,7.2400,7.2500,7.2400,7.2400,3604500,26105780.0000,3
2025-06-19,20250619104500000,sh.601398,7.2400,7.2600,7.2400,7.2600,6520400,47277896.0000,3
2025-06-19,20250619105000000,sh.601398,7.2500,7.2700,7.2500,7.2600,8275100,60089090.0000,3
2025-06-19,20250619105500000,sh.601398,7.2700,7.2800,7.2600,7.2700,10139400,73737854.0000,3
2025-06-19,20250619110000000,sh.601398,7.2700,7.2800,7.2700,7.2700,2638700,19196800.0000,3
2025-06-19,20250619110500000,sh.601398,7.2700,7.2800,7.2600,7.2800,7096100,51577599.0000,3
2025-06-19,20250619111000000,sh.601398,7.2700,7.2800,7.2700,7.2700,2058300,14977337.0000,3
2025-06-19,20250619111500000,sh.601398,7.2800,7.2800,7.2700,7.2800,1916800,13945096.0000,3
2025-06-19,20250619112000000,sh.601398,7.2800,7.2800,7.2700,7.2700,9119000,66376632.0000,3
2025-06-19,20250619112500000,sh.601398,7.2800,7.2800,7.2600,7.2700,6600700,48005708.0000,3
2025-06-19,20250619113000000,sh.601398,7.2700,7.2700,7.2500,7.2600,4636600,33663156.0000,3
2025-06-19,20250619130500000,sh.601398,7.2600,7.2700,7.2500,7.2600,7286600,52908047.0000,3
2025-06-19,20250619131000000,sh.601398,7.2500,7.2600,7.2400,7.2400,3784700,27429113.0000,3
2025-06-19,20250619131500000,sh.601398,7.2400,7.2600,7.2400,7.2600,9819400,71216899.0000,3
2025-06-19,20250619132000000,sh.601398,7.2700,7.2800,7.2600,7.2800,15234000,110839292.0000,3
2025-06-19,20250619132500000,sh.601398,7.2800,7.2900,7.2700,7.2800,2751700,20023929.0000,3
2025-06-19,20250619133000000,sh.601398,7.2800,7.2800,7.2700,7.2800,3148700,22910216.0000,3
2025-06-19,20250619133500000,sh.601398,7.2700,7.2800,7.2700,7.2700,2364100,17203200.0000,3
2025-06-19,20250619134000000,sh.601398,7.2800,7.2900,7.2700,7.2800,6001400,43695360.0000,3
2025-06-19,20250619134500000,sh.601398,7.2800,7.2900,7.2800,7.2800,1656400,12066437.0000,3
2025-06-19,20250619135000000,sh.601398,7.2800,7.2900,7.2800,7.2900,3143300,22891513.0000,3
2025-06-19,20250619135500000,sh.601398,7.2800,7.2900,7.2700,7.2700,2836700,20644098.0000,3
2025-06-19,20250619140000000,sh.601398,7.2800,7.2900,7.2700,7.2800,4505300,32808312.0000,3
2025-06-19,20250619140500000,sh.601398,7.2700,7.2900,7.2700,7.2900,3608800,26279680.0000,3
2025-06-19,20250619141000000,sh.601398,7.2900,7.2900,7.2800,7.2900,2113800,15398408.0000,3
2025-06-19,20250619141500000,sh.601398,7.2800,7.2900,7.2800,7.2800,2729400,19876608.0000,3
2025-06-19,20250619142000000,sh.601398,7.2800,7.2900,7.2700,7.2800,4670100,33997184.0000,3
2025-06-19,20250619142500000,sh.601398,7.2800,7.2900,7.2800,7.2800,2815500,20509944.0000,3
2025-06-19,20250619143000000,sh.601398,7.2900,7.2900,7.2800,7.2800,3301100,24050445.0000,3
2025-06-19,20250619143500000,sh.601398,7.2800,7.2900,7.2800,7.2800,5389000,39248759.0000,3
2025-06-19,20250619144000000,sh.601398,7.2800,7.2800,7.2700,7.2700,4888600,35567996.0000,3
2025-06-19,20250619144500000,sh.601398,7.2800,7.2900,7.2700,7.2900,13329100,97084680.0000,3
2025-06-19,20250619145000000,sh.601398,7.2900,7.2900,7.2800,7.2800,8158000,59454588.0000,3
2025-06-19,20250619145500000,sh.601398,7.2800,7.3000,7.2800,7.2900,11995100,87431684.0000,3
2025-06-19,20250619150000000,sh.601398,7.2900,7.3000,7.2800,7.3000,6250900,45615232.0000,3
2025-06-20,20250620093500000,sh.601398,7.2900,7.3200,7.2800,7.3000,19804800,144481968.0000,3
2025-06-20,20250620094000000,sh.601398,7.2900,7.3000,7.2800,7.3000,9042500,65906672.0000,3
2025-06-20,20250620094500000,sh.601398,7.3000,7.3200,7.2900,7.3200,10329900,75470176.0000,3
2025-06-20,20250620095000000,sh.601398,7.3200,7.3200,7.2900,7.3000,8564200,62536128.0000,3
2025-06-20,20250620095500000,sh.601398,7.3000,7.3100,7.2900,7.3100,3936200,28734688.0000,3
2025-06-20,20250620100000000,sh.601398,7.3000,7.3200,7.3000,7.3100,6389200,46692672.0000,3
2025-06-20,20250620100500000,sh.601398,7.3100,7.3200,7.3000,7.3000,3114300,22758816.0000,3
2025-06-20,20250620101000000,sh.601398,7.3100,7.3100,7.2800,7.2900,8648800,63065120.0000,3
2025-06-20,20250620101500000,sh.601398,7.3000,7.3000,7.2900,7.2900,4212500,30740192.0000,3
2025-06-20,20250620102000000,sh.601398,7.2900,7.3000,7.2900,7.2900,2692700,19646470.0000,3
2025-06-20,20250620102500000,sh.601398,7.3000,7.3000,7.2900,7.2900,2010900,14671228.0000,3
2025-06-20,20250620103000000,sh.601398,7.2900,7.3000,7.2800,7.3000,4520100,32972930.0000,3
2025-06-20,20250620103500000,sh.601398,7.3000,7.3100,7.2900,7.3100,5140900,37543735.0000,3
2025-06-20,20250620104000000,sh.601398,7.3100,7.3200,7.3000,7.3100,7382200,53963455.0000,3
2025-06-20,20250620104500000,sh.601398,7.3100,7.3200,7.3100,7.3100,3960000,28973442.0000,3
2025-06-20,20250620105000000,sh.601398,7.3200,7.3300,7.3100,7.3200,12228000,89512008.0000,3
2025-06-20,20250620105500000,sh.601398,7.3300,7.3300,7.3200,7.3200,4231200,30994616.0000,3
2025-06-20,20250620110000000,sh.601398,7.3200,7.3300,7.3100,7.3300,4360400,31921088.0000,3
2025-06-20,20250620110500000,sh.601398,7.3300,7.3300,7.3200,7.3300,1631000,11947332.0000,3
2025-06-20,20250620111000000,sh.601398,7.3300,7.3300,7.3200,7.3200,2168500,15886842.0000,3
2025-06-20,20250620111500000,sh.601398,7.3300,7.3300,7.3200,7.3300,1645500,12055238.0000,3
2025-06-20,20250620112000000,sh.601398,7.3300,7.3300,7.3200,7.3300,6115600,44821372.0000,3
2025-06-20,20250620112500000,sh.601398,7.3300,7.3300,7.3200,7.3300,3168100,23214788.0000,3
2025-06-20,20250620113000000,sh.601398,7.3300,7.3400,7.3200,7.3300,5394700,39545021.0000,3
2025-06-20,20250620130500000,sh.601398,7.3300,7.3500,7.3300,7.3500,17781400,130517949.0000,3
2025-06-20,20250620131000000,sh.601398,7.3400,7.3500,7.3400,7.3500,2995500,21994501.0000,3
2025-06-20,20250620131500000,sh.601398,7.3500,7.3500,7.3400,7.3400,4318800,31719297.0000,3
2025-06-20,20250620132000000,sh.601398,7.3500,7.3600,7.3400,7.3600,20935700,153934464.0000,3
2025-06-20,20250620132500000,sh.601398,7.3600,7.3700,7.3500,7.3600,9625200,70902272.0000,3
2025-06-20,20250620133000000,sh.601398,7.3600,7.3800,7.3600,7.3700,7122800,52488064.0000,3
2025-06-20,20250620133500000,sh.601398,7.3600,7.3700,7.3600,7.3600,3287000,24208384.0000,3
2025-06-20,20250620134000000,sh.601398,7.3700,7.3700,7.3600,7.3700,3957700,29153024.0000,3
2025-06-20,20250620134500000,sh.601398,7.3600,7.3700,7.3600,7.3700,3661300,26968064.0000,3
2025-06-20,20250620135000000,sh.601398,7.3600,7.3700,7.3600,7.3700,4156900,30627968.0000,3
2025-06-20,20250620135500000,sh.601398,7.3700,7.3700,7.3600,7.3700,3956100,29146368.0000,3
2025-06-20,20250620140000000,sh.601398,7.3700,7.3700,7.3600,7.3600,3793900,27938816.0000,3
2025-06-20,20250620140500000,sh.601398,7.3700,7.3700,7.3500,7.3500,8198800,60350976.0000,3
2025-06-20,20250620141000000,sh.601398,7.3600,7.3600,7.3500,7.3500,1797000,13215616.0000,3
2025-06-20,20250620141500000,sh.601398,7.3600,7.3600,7.3400,7.3400,7166300,52637828.0000,3
2025-06-20,20250620142000000,sh.601398,7.3500,7.3500,7.3400,7.3400,3962900,29109375.0000,3
2025-06-20,20250620142500000,sh.601398,7.3500,7.3600,7.3400,7.3600,6366900,46825469.0000,3
2025-06-20,20250620143000000,sh.601398,7.3500,7.3600,7.3500,7.3600,4676900,34405760.0000,3
2025-06-20,20250620143500000,sh.601398,7.3600,7.3600,7.3500,7.3600,6234500,45865090.0000,3
2025-06-20,20250620144000000,sh.601398,7.3600,7.3600,7.3500,7.3500,4680300,34424702.0000,3
2025-06-20,20250620144500000,sh.601398,7.3500,7.3600,7.3500,7.3500,3046900,22408704.0000,3
2025-06-20,20250620145000000,sh.601398,7.3500,7.3700,7.3500,7.3600,9207100,67754752.0000,3
2025-06-20,20250620145500000,sh.601398,7.3600,7.3700,7.3500,7.3500,5894400,43366660.0000,3
2025-06-20,20250620150000000,sh.601398,7.3600,7.3700,7.3500,7.3700,23176300,170764668.0000,3
2025-06-23,20250623093500000,sh.601398,7.3600,7.3900,7.3400,7.3600,25590900,188399440.0000,3
2025-06-23,20250623094000000,sh.601398,7.3600,7.4100,7.3600,7.4100,17950700,132642736.0000,3
2025-06-23,20250623094500000,sh.601398,7.4100,7.4100,7.4000,7.4100,10510900,77848896.0000,3
2025-06-23,20250623095000000,sh.601398,7.4000,7.4200,7.4000,7.4000,13527200,100290752.0000,3
2025-06-23,20250623095500000,sh.601398,7.4100,7.4200,7.3500,7.3600,18541600,136812288.0000,3
2025-06-23,20250623100000000,sh.601398,7.3500,7.3900,7.3300,7.3900,19511000,143477370.0000,3
2025-06-23,20250623100500000,sh.601398,7.3800,7.4000,7.3800,7.3800,9424700,69632966.0000,3
2025-06-23,20250623101000000,sh.601398,7.3800,7.4200,7.3800,7.4100,13383500,99051513.0000,3
2025-06-23,20250623101500000,sh.601398,7.4100,7.4200,7.4000,7.4200,7960300,58978244.0000,3
2025-06-23,20250623102000000,sh.601398,7.4100,7.4400,7.4100,7.4400,16302900,121048571.0000,3
2025-06-23,20250623102500000,sh.601398,7.4400,7.4400,7.4200,7.4300,9052800,67291912.0000,3
2025-06-23,20250623103000000,sh.601398,7.4300,7.4400,7.4200,7.4300,2900000,21556228.0000,3
2025-06-23,20250623103500000,sh.601398,7.4400,7.4500,7.4300,7.4400,6558700,48793716.0000,3
2025-06-23,20250623104000000,sh.601398,7.4400,7.4500,7.4300,7.4400,2360800,17565696.0000,3
2025-06-23,20250623104500000,sh.601398,7.4400,7.4500,7.4400,7.4400,6767700,50403720.0000,3
2025-06-23,20250623105000000,sh.601398,7.4400,7.4700,7.4400,7.4500,16328100,121737984.0000,3
2025-06-23,20250623105500000,sh.601398,7.4500,7.4700,7.4500,7.4600,2526400,18840704.0000,3
2025-06-23,20250623110000000,sh.601398,7.4600,7.4600,7.4500,7.4600,2678200,19967872.0000,3
2025-06-23,20250623110500000,sh.601398,7.4500,7.4700,7.4500,7.4600,3016200,22494080.0000,3
2025-06-23,20250623111000000,sh.601398,7.4600,7.4700,7.4500,7.4600,2937900,21918848.0000,3
2025-06-23,20250623111500000,sh.601398,7.4600,7.4700,7.4600,7.4600,3696500,27601280.0000,3
2025-06-23,20250623112000000,sh.601398,7.4700,7.4700,7.4600,7.4700,5296800,39559296.0000,3
2025-06-23,20250623112500000,sh.601398,7.4700,7.4800,7.4700,7.4700,4038500,30189056.0000,3
2025-06-23,20250623113000000,sh.601398,7.4800,7.4800,7.4700,7.4800,2421200,18099712.0000,3
2025-06-23,20250623130500000,sh.601398,7.4800,7.5000,7.4600,7.4800,18302400,136894336.0000,3
2025-06-23,20250623131000000,sh.601398,7.4800,7.5000,7.4800,7.4900,2922800,21904512.0000,3
2025-06-23,20250623131500000,sh.601398,7.5000,7.5000,7.4900,7.4900,4143000,31042816.0000,3
2025-06-23,20250623132000000,sh.601398,7.4800,7.4900,7.4800,7.4800,2685400,20097152.0000,3
2025-06-23,20250623132500000,sh.601398,7.4800,7.4900,7.4700,7.4800,2995500,22402048.0000,3
2025-06-23,20250623133000000,sh.601398,7.4800,7.5000,7.4700,7.5000,6775500,50725632.0000,3
2025-06-23,20250623133500000,sh.601398,7.4900,7.5000,7.4800,7.5000,2268500,16994688.0000,3
2025-06-23,20250623134000000,sh.601398,7.4900,7.5000,7.4800,7.4800,2546800,19073280.0000,3
2025-06-23,20250623134500000,sh.601398,7.4800,7.4900,7.4800,7.4900,2187300,16375296.0000,3
2025-06-23,20250623135000000,sh.601398,7.4900,7.5100,7.4800,7.5100,21501800,161286912.0000,3
2025-06-23,20250623135500000,sh.601398,7.5100,7.5200,7.5000,7.5100,3561000,26755072.0000,3
2025-06-23,20250623140000000,sh.601398,7.5200,7.5200,7.5000,7.5200,3069200,23054592.0000,3
2025-06-23,20250623140500000,sh.601398,7.5100,7.5300,7.5000,7.5300,9490900,71357440.0000,3
2025-06-23,20250623141000000,sh.601398,7.5200,7.5300,7.5100,7.5300,4659400,35055104.0000,3
2025-06-23,20250623141500000,sh.601398,7.5300,7.5400,7.5200,7.5300,5448400,41030912.0000,3
2025-06-23,20250623142000000,sh.601398,7.5400,7.5400,7.5300,7.5400,4066400,30647808.0000,3
2025-06-23,20250623142500000,sh.601398,7.5400,7.5400,7.5300,7.5300,4499600,33907456.0000,3
2025-06-23,20250623143000000,sh.601398,7.5400,7.5500,7.5300,7.5500,5968900,45011712.0000,3
2025-06-23,20250623143500000,sh.601398,7.5400,7.5600,7.5300,7.5300,16516400,124635648.0000,3
2025-06-23,20250623144000000,sh.601398,7.5300,7.5400,7.5200,7.5200,5679200,42770944.0000,3
2025-06-23,20250623144500000,sh.601398,7.5200,7.5300,7.5200,7.5200,4351400,32743424.0000,3
2025-06-23,20250623145000000,sh.601398,7.5300,7.5400,7.5200,7.5300,8415100,63353600.0000,3
2025-06-23,20250623145500000,sh.601398,7.5400,7.5400,7.5100,7.5200,14160000,106515200.0000,3
2025-06-23,20250623150000000,sh.601398,7.5200,7.5300,7.5100,7.5200,10239400,76965376.0000,3
2025-06-24,20250624093500000,sh.601398,7.5100,7.5500,7.5100,7.5300,39921300,300595392.0000,3
2025-06-24,20250624094000000,sh.601398,7.5300,7.5400,7.5000,7.5300,15568500,117101728.0000,3
2025-06-24,20250624094500000,sh.601398,7.5400,7.5500,7.5200,7.5200,12572400,94818976.0000,3
2025-06-24,20250624095000000,sh.601398,7.5200,7.5700,7.5200,7.5700,11532200,87149762.0000,3
2025-06-24,20250624095500000,sh.601398,7.5700,7.5900,7.5500,7.5600,12564000,95186742.0000,3
2025-06-24,20250624100000000,sh.601398,7.5600,7.5900,7.5600,7.5800,7983000,60463756.0000,3
2025-06-24,20250624100500000,sh.601398,7.5800,7.5900,7.5700,7.5900,9895300,75059331.0000,3
2025-06-24,20250624101000000,sh.601398,7.5800,7.6000,7.5600,7.5900,10264300,77834681.0000,3
2025-06-24,20250624101500000,sh.601398,7.5900,7.6300,7.5900,7.6200,17117300,130294528.0000,3
2025-06-24,20250624102000000,sh.601398,7.6100,7.6200,7.5800,7.5800,12848200,97620792.0000,3
2025-06-24,20250624102500000,sh.601398,7.5800,7.5800,7.5100,7.5200,21551300,162503564.0000,3
2025-06-24,20250624103000000,sh.601398,7.5200,7.5200,7.5000,7.5100,11759500,88335232.0000,3
2025-06-24,20250624103500000,sh.601398,7.5100,7.5400,7.5100,7.5300,10098100,75947637.0000,3
2025-06-24,20250624104000000,sh.601398,7.5300,7.5400,7.5200,7.5300,7754700,58378508.0000,3
2025-06-24,20250624104500000,sh.601398,7.5400,7.5500,7.5300,7.5400,6899800,52048253.0000,3
2025-06-24,20250624105000000,sh.601398,7.5500,7.5700,7.5400,7.5700,3834200,28978806.0000,3
2025-06-24,20250624105500000,sh.601398,7.5700,7.5900,7.5600,7.5900,5321000,40310274.0000,3
2025-06-24,20250624110000000,sh.601398,7.5900,7.6000,7.5800,7.5900,4298200,32613636.0000,3
2025-06-24,20250624110500000,sh.601398,7.5900,7.6100,7.5900,7.6100,7420400,56375177.0000,3
2025-06-24,20250624111000000,sh.601398,7.6100,7.6100,7.6000,7.6100,5341800,40620793.0000,3
2025-06-24,20250624111500000,sh.601398,7.6000,7.6200,7.6000,7.6200,3827700,29122432.0000,3
2025-06-24,20250624112000000,sh.601398,7.6200,7.6200,7.6100,7.6100,4114100,31332096.0000,3
2025-06-24,20250624112500000,sh.601398,7.6200,7.6300,7.6100,7.6100,4988400,37997824.0000,3
2025-06-24,20250624113000000,sh.601398,7.6100,7.6100,7.6000,7.6000,3127500,23778688.0000,3
2025-06-24,20250624130500000,sh.601398,7.6000,7.6200,7.5900,7.6100,7832600,59589120.0000,3
2025-06-24,20250624131000000,sh.601398,7.6000,7.6200,7.6000,7.6100,3817400,29044736.0000,3
2025-06-24,20250624131500000,sh.601398,7.6100,7.6200,7.6000,7.6200,6781200,51567872.0000,3
2025-06-24,20250624132000000,sh.601398,7.6100,7.6200,7.6000,7.6100,2359600,17960064.0000,3
2025-06-24,20250624132500000,sh.601398,7.6100,7.6100,7.6000,7.6100,3093600,23531136.0000,3
2025-06-24,20250624133000000,sh.601398,7.6100,7.6200,7.6000,7.6100,3910100,29752448.0000,3
2025-06-24,20250624133500000,sh.601398,7.6200,7.6200,7.6000,7.6100,2645300,20134272.0000,3
2025-06-24,20250624134000000,sh.601398,7.6100,7.6100,7.6000,7.6100,1483200,11282304.0000,3
2025-06-24,20250624134500000,sh.601398,7.6000,7.6200,7.6000,7.6200,3033700,23097472.0000,3
2025-06-24,20250624135000000,sh.601398,7.6200,7.6400,7.6100,7.6300,12481500,95168000.0000,3
2025-06-24,20250624135500000,sh.601398,7.6400,7.6400,7.6300,7.6400,5644300,43096576.0000,3
2025-06-24,20250624140000000,sh.601398,7.6400,7.6400,7.6200,7.6200,3790700,28931072.0000,3
2025-06-24,20250624140500000,sh.601398,7.6300,7.6300,7.6100,7.6200,3647200,27777280.0000,3
2025-06-24,20250624141000000,sh.601398,7.6200,7.6200,7.6100,7.6100,1558100,11863552.0000,3
2025-06-24,20250624141500000,sh.601398,7.6100,7.6200,7.6100,7.6100,3463600,26364672.0000,3
2025-06-24,20250624142000000,sh.601398,7.6100,7.6200,7.6100,7.6200,2692700,20496640.0000,3
2025-06-24,20250624142500000,sh.601398,7.6100,7.6200,7.6100,7.6100,2204900,16791040.0000,3
2025-06-24,20250624143000000,sh.601398,7.6100,7.6200,7.6100,7.6100,4982500,37946624.0000,3
2025-06-24,20250624143500000,sh.601398,7.6100,7.6200,7.6100,7.6100,6275900,47767040.0000,3
2025-06-24,20250624144000000,sh.601398,7.6200,7.6200,7.6000,7.6100,3894700,29638912.0000,3
2025-06-24,20250624144500000,sh.601398,7.6100,7.6200,7.6100,7.6100,2846200,21665024.0000,3
2025-06-24,20250624145000000,sh.601398,7.6100,7.6300,7.6100,7.6200,5670300,43212800.0000,3
2025-06-24,20250624145500000,sh.601398,7.6200,7.6300,7.6100,7.6200,5059900,38573568.0000,3
2025-06-24,20250624150000000,sh.601398,7.6100,7.6300,7.6100,7.6300,6247500,47649792.0000,3
2025-06-25,20250625093500000,sh.601398,7.6100,7.6500,7.6100,7.6500,24427800,186500192.0000,3
2025-06-25,20250625094000000,sh.601398,7.6400,7.6500,7.6200,7.6300,11917700,90976736.0000,3
2025-06-25,20250625094500000,sh.601398,7.6200,7.6400,7.6100,7.6200,11085300,84492800.0000,3
2025-06-25,20250625095000000,sh.601398,7.6200,7.6400,7.6200,7.6200,7487800,57127360.0000,3
2025-06-25,20250625095500000,sh.601398,7.6300,7.6300,7.5700,7.5700,21497200,163237894.0000,3
2025-06-25,20250625100000000,sh.601398,7.5700,7.5800,7.5500,7.5600,14529000,109885822.0000,3
2025-06-25,20250625100500000,sh.601398,7.5500,7.5600,7.5400,7.5400,11402400,86068865.0000,3
2025-06-25,20250625101000000,sh.601398,7.5500,7.5600,7.5300,7.5600,15595200,117601215.0000,3
2025-06-25,20250625101500000,sh.601398,7.5500,7.5800,7.5500,7.5800,10317100,78011322.0000,3
2025-06-25,20250625102000000,sh.601398,7.5800,7.6100,7.5800,7.6100,9814600,74535042.0000,3
2025-06-25,20250625102500000,sh.601398,7.6000,7.6300,7.6000,7.6200,10849300,82604542.0000,3
2025-06-25,20250625103000000,sh.601398,7.6100,7.6300,7.6100,7.6200,4917100,37465470.0000,3
2025-06-25,20250625103500000,sh.601398,7.6300,7.6400,7.6200,7.6400,7733600,59055744.0000,3
2025-06-25,20250625104000000,sh.601398,7.6400,7.6600,7.6400,7.6600,8786000,67239172.0000,3
2025-06-25,20250625104500000,sh.601398,7.6600,7.6800,7.6500,7.6700,6181400,47394432.0000,3
2025-06-25,20250625105000000,sh.601398,7.6700,7.6800,7.6600,7.6700,8999400,69047680.0000,3
2025-06-25,20250625105500000,sh.601398,7.6800,7.6900,7.6800,7.6900,6028900,46327552.0000,3
2025-06-25,20250625110000000,sh.601398,7.6900,7.6900,7.6800,7.6900,4532900,34833024.0000,3
2025-06-25,20250625110500000,sh.601398,7.6800,7.6900,7.6800,7.6900,5732200,44044032.0000,3
2025-06-25,20250625111000000,sh.601398,7.6900,7.6900,7.6600,7.6800,6701200,51425024.0000,3
2025-06-25,20250625111500000,sh.601398,7.6900,7.7000,7.6700,7.6700,6963600,53538432.0000,3
2025-06-25,20250625112000000,sh.601398,7.6800,7.6800,7.6500,7.6600,5412600,41483262.0000,3
2025-06-25,20250625112500000,sh.601398,7.6600,7.6600,7.6500,7.6600,1665900,12748166.0000,3
2025-06-25,20250625113000000,sh.601398,7.6500,7.6700,7.6500,7.6600,4135400,31683964.0000,3
2025-06-25,20250625130500000,sh.601398,7.6600,7.6700,7.6400,7.6600,8126300,62211717.0000,3
2025-06-25,20250625131000000,sh.601398,7.6500,7.6700,7.6500,7.6600,5192400,39807995.0000,3
2025-06-25,20250625131500000,sh.601398,7.6700,7.6800,7.6600,7.6800,3208700,24612992.0000,3
2025-06-25,20250625132000000,sh.601398,7.6800,7.6800,7.6700,7.6800,2537000,19468544.0000,3
2025-06-25,20250625132500000,sh.601398,7.6700,7.6800,7.6700,7.6800,1818600,13960192.0000,3
2025-06-25,20250625133000000,sh.601398,7.6700,7.6800,7.6700,7.6800,2140300,16430720.0000,3
2025-06-25,20250625133500000,sh.601398,7.6800,7.6800,7.6600,7.6800,4054400,31100672.0000,3
2025-06-25,20250625134000000,sh.601398,7.6700,7.6800,7.6600,7.6800,1734900,13308672.0000,3
2025-06-25,20250625134500000,sh.601398,7.6800,7.6800,7.6600,7.6700,2117900,16243328.0000,3
2025-06-25,20250625135000000,sh.601398,7.6600,7.6700,7.6600,7.6700,2655600,20361472.0000,3
2025-06-25,20250625135500000,sh.601398,7.6600,7.6900,7.6600,7.6700,8548600,65650048.0000,3
2025-06-25,20250625140000000,sh.601398,7.6800,7.6800,7.6700,7.6700,4627000,35515008.0000,3
2025-06-25,20250625140500000,sh.601398,7.6700,7.6900,7.6700,7.6800,5516300,42353664.0000,3
2025-06-25,20250625141000000,sh.601398,7.6800,7.6900,7.6700,7.6800,2974400,22857728.0000,3
2025-06-25,20250625141500000,sh.601398,7.6900,7.7000,7.6800,7.7000,6589400,50677504.0000,3
2025-06-25,20250625142000000,sh.601398,7.7000,7.7000,7.6800,7.7000,5437700,41839872.0000,3
2025-06-25,20250625142500000,sh.601398,7.7000,7.7100,7.6900,7.7000,13598700,104715776.0000,3
2025-06-25,20250625143000000,sh.601398,7.7000,7.7000,7.6800,7.7000,5226700,40199424.0000,3
2025-06-25,20250625143500000,sh.601398,7.7000,7.7000,7.6700,7.6800,5134400,39413248.0000,3
2025-06-25,20250625144000000,sh.601398,7.6700,7.7000,7.6700,7.6900,6040100,46392832.0000,3
2025-06-25,20250625144500000,sh.601398,7.6900,7.6900,7.6700,7.6800,3736400,28695808.0000,3
2025-06-25,20250625145000000,sh.601398,7.6800,7.6900,7.6600,7.6600,6189000,47504128.0000,3
2025-06-25,20250625145500000,sh.601398,7.6600,7.6900,7.6600,7.6800,8208300,62993152.0000,3
2025-06-25,20250625150000000,sh.601398,7.6700,7.6900,7.6700,7.6700,7418500,56920576.0000,3
2025-06-26,20250626093500000,sh.601398,7.6600,7.6900,7.6400,7.6400,22073300,169225648.0000,3
2025-06-26,20250626094000000,sh.601398,7.6500,7.6700,7.6500,7.6700,7551600,57835200.0000,3
2025-06-26,20250626094500000,sh.601398,7.6700,7.7000,7.6700,7.7000,12035500,92527504.0000,3
2025-06-26,20250626095000000,sh.601398,7.7000,7.7000,7.6700,7.7000,7448000,57269184.0000,3
2025-06-26,20250626095500000,sh.601398,7.6900,7.6900,7.6600,7.6800,10131600,77824512.0000,3
2025-06-26,20250626100000000,sh.601398,7.6700,7.6800,7.6500,7.6600,7840800,60079168.0000,3
2025-06-26,20250626100500000,sh.601398,7.6500,7.6500,7.6200,7.6300,14537300,110993916.0000,3
2025-06-26,20250626101000000,sh.601398,7.6300,7.6600,7.6300,7.6400,5870400,44884038.0000,3
2025-06-26,20250626101500000,sh.601398,7.6400,7.6600,7.6300,7.6500,8665700,66289986.0000,3
2025-06-26,20250626102000000,sh.601398,7.6500,7.6600,7.6400,7.6600,6670600,51029632.0000,3
2025-06-26,20250626102500000,sh.601398,7.6600,7.6800,7.6600,7.6800,6842900,52481281.0000,3
2025-06-26,20250626103000000,sh.601398,7.6800,7.7000,7.6700,7.6800,9574600,73620800.0000,3
2025-06-26,20250626103500000,sh.601398,7.6900,7.7100,7.6800,7.6900,12160300,93614528.0000,3
2025-06-26,20250626104000000,sh.601398,7.7000,7.7100,7.6900,7.7000,4171100,32115199.0000,3
2025-06-26,20250626104500000,sh.601398,7.7100,7.7200,7.7000,7.7100,7877000,60744312.0000,3
2025-06-26,20250626105000000,sh.601398,7.7200,7.7300,7.7100,7.7300,7023800,54228604.0000,3
2025-06-26,20250626105500000,sh.601398,7.7300,7.7300,7.7000,7.7000,4667600,36026766.0000,3
2025-06-26,20250626110000000,sh.601398,7.7000,7.7100,7.6900,7.7100,3006600,23155454.0000,3
2025-06-26,20250626110500000,sh.601398,7.7000,7.7200,7.7000,7.7200,1633800,12600824.0000,3
2025-06-26,20250626111000000,sh.601398,7.7100,7.7200,7.7100,7.7100,1657700,12785280.0000,3
2025-06-26,20250626111500000,sh.601398,7.7200,7.7200,7.7100,7.7100,995300,7681020.0000,3
2025-06-26,20250626112000000,sh.601398,7.7200,7.7200,7.7100,7.7200,2080200,16054148.0000,3
2025-06-26,20250626112500000,sh.601398,7.7200,7.7200,7.7100,7.7100,1968000,15179260.0000,3
2025-06-26,20250626113000000,sh.601398,7.7100,7.7200,7.7000,7.7100,1595000,12295810.0000,3
2025-06-26,20250626130500000,sh.601398,7.7100,7.7300,7.7000,7.7100,7330900,56550782.0000,3
2025-06-26,20250626131000000,sh.601398,7.7100,7.7200,7.7100,7.7100,4297900,33140353.0000,3
2025-06-26,20250626131500000,sh.601398,7.7100,7.7200,7.7000,7.7100,8410600,64862339.0000,3
2025-06-26,20250626132000000,sh.601398,7.7100,7.7300,7.7100,7.7200,8724100,67331196.0000,3
2025-06-26,20250626132500000,sh.601398,7.7300,7.7400,7.7200,7.7400,7584600,58591240.0000,3
2025-06-26,20250626133000000,sh.601398,7.7300,7.7400,7.7300,7.7400,6935900,53633408.0000,3
2025-06-26,20250626133500000,sh.601398,7.7300,7.7500,7.7200,7.7300,10965900,84834176.0000,3
2025-06-26,20250626134000000,sh.601398,7.7200,7.7400,7.7100,7.7300,7820600,60400896.0000,3
2025-06-26,20250626134500000,sh.601398,7.7400,7.7400,7.7100,7.7200,7518200,58046716.0000,3
2025-06-26,20250626135000000,sh.601398,7.7300,7.7300,7.7100,7.7200,4375900,33791624.0000,3
2025-06-26,20250626135500000,sh.601398,7.7200,7.7300,7.7100,7.7200,4377100,33768960.0000,3
2025-06-26,20250626140000000,sh.601398,7.7200,7.7300,7.7100,7.7100,3241800,25014912.0000,3
2025-06-26,20250626140500000,sh.601398,7.7200,7.7300,7.7100,7.7100,5185000,39999988.0000,3
2025-06-26,20250626141000000,sh.601398,7.7100,7.7300,7.7000,7.7200,3058500,23599750.0000,3
2025-06-26,20250626141500000,sh.601398,7.7200,7.7200,7.7100,7.7100,3832500,29582458.0000,3
2025-06-26,20250626142000000,sh.601398,7.7200,7.7300,7.7100,7.7100,2231600,17224712.0000,3
2025-06-26,20250626142500000,sh.601398,7.7200,7.7300,7.7100,7.7200,2799800,21609472.0000,3
2025-06-26,20250626143000000,sh.601398,7.7200,7.7300,7.7100,7.7100,3620100,27947008.0000,3
2025-06-26,20250626143500000,sh.601398,7.7100,7.7300,7.7100,7.7200,2446700,18885758.0000,3
2025-06-26,20250626144000000,sh.601398,7.7200,7.7300,7.7200,7.7300,3132200,24193922.0000,3
2025-06-26,20250626144500000,sh.601398,7.7200,7.7300,7.7200,7.7300,3724600,28769536.0000,3
2025-06-26,20250626145000000,sh.601398,7.7200,7.7300,7.7200,7.7300,3833200,29622272.0000,3
2025-06-26,20250626145500000,sh.601398,7.7200,7.7400,7.7200,7.7300,4278500,33067776.0000,3
2025-06-26,20250626150000000,sh.601398,7.7300,7.7300,7.7200,7.7200,5384100,41586944.0000,3
2025-06-27,20250627093500000,sh.601398,7.7200,7.7500,7.7000,7.7100,17584500,135802944.0000,3
2025-06-27,20250627094000000,sh.601398,7.7100,7.7400,7.7000,7.7300,9902100,76442320.0000,3
2025-06-27,20250627094500000,sh.601398,7.7200,7.7500,7.7200,7.7500,9091200,70383856.0000,3
2025-06-27,20250627095000000,sh.601398,7.7400,7.7500,7.7300,7.7500,7392400,57234560.0000,3
2025-06-27,20250627095500000,sh.601398,7.7500,7.7600,7.7100,7.7100,15548800,120147744.0000,3
2025-06-27,20250627100000000,sh.601398,7.7100,7.7200,7.6800,7.6800,14625500,112637024.0000,3
2025-06-27,20250627100500000,sh.601398,7.6800,7.6900,7.6700,7.6900,13304700,102170753.0000,3
2025-06-27,20250627101000000,sh.601398,7.6900,7.7100,7.6800,7.6900,6384600,49094717.0000,3
2025-06-27,20250627101500000,sh.601398,7.6800,7.6900,7.6400,7.6500,23431300,179350075.0000,3
2025-06-27,20250627102000000,sh.601398,7.6400,7.6500,7.6200,7.6500,15170300,115833863.0000,3
2025-06-27,20250627102500000,sh.601398,7.6400,7.6500,7.6100,7.6200,18899700,144042496.0000,3
2025-06-27,20250627103000000,sh.601398,7.6300,7.6400,7.6200,7.6300,7701600,58780924.0000,3
2025-06-27,20250627103500000,sh.601398,7.6200,7.6300,7.6100,7.6200,7534900,57406212.0000,3
2025-06-27,20250627104000000,sh.601398,7.6200,7.6200,7.5700,7.5800,20936200,159004416.0000,3
2025-06-27,20250627104500000,sh.601398,7.5700,7.5800,7.5500,7.5600,13441700,101687424.0000,3
2025-06-27,20250627105000000,sh.601398,7.5700,7.5900,7.5600,7.5800,8005100,60571520.0000,3
2025-06-27,20250627105500000,sh.601398,7.5700,7.6000,7.5700,7.6000,7338500,55628544.0000,3
2025-06-27,20250627110000000,sh.601398,7.6000,7.6000,7.5800,7.5900,6671900,50647424.0000,3
2025-06-27,20250627110500000,sh.601398,7.5900,7.5900,7.5700,7.5700,5020900,38060928.0000,3
2025-06-27,20250627111000000,sh.601398,7.5800,7.5800,7.5500,7.5600,10152200,76779008.0000,3
2025-06-27,20250627111500000,sh.601398,7.5600,7.5600,7.5400,7.5400,14238800,107502208.0000,3
2025-06-27,20250627112000000,sh.601398,7.5400,7.5600,7.5400,7.5600,6208800,46877696.0000,3
2025-06-27,20250627112500000,sh.601398,7.5600,7.5600,7.5200,7.5400,13083600,98643200.0000,3
2025-06-27,20250627113000000,sh.601398,7.5400,7.5600,7.5300,7.5500,10299100,77716096.0000,3
2025-06-27,20250627130500000,sh.601398,7.5400,7.5500,7.5200,7.5300,11123000,83799040.0000,3
2025-06-27,20250627131000000,sh.601398,7.5200,7.5300,7.5200,7.5300,6464000,48640256.0000,3
2025-06-27,20250627131500000,sh.601398,7.5200,7.5300,7.5000,7.5100,16160100,121390336.0000,3
2025-06-27,20250627132000000,sh.601398,7.5000,7.5200,7.4900,7.5200,18646000,139887360.0000,3
2025-06-27,20250627132500000,sh.601398,7.5200,7.5500,7.5200,7.5200,14035800,105704448.0000,3
2025-06-27,20250627133000000,sh.601398,7.5200,7.5400,7.5100,7.5400,5893600,44332800.0000,3
2025-06-27,20250627133500000,sh.601398,7.5400,7.5500,7.5300,7.5400,6673200,50333440.0000,3
2025-06-27,20250627134000000,sh.601398,7.5400,7.5400,7.5100,7.5100,5440400,40924160.0000,3
2025-06-27,20250627134500000,sh.601398,7.5100,7.5100,7.4800,7.5000,13708100,102730496.0000,3
2025-06-27,20250627135000000,sh.601398,7.4900,7.5000,7.4900,7.4900,7067900,52975872.0000,3
2025-06-27,20250627135500000,sh.601398,7.4900,7.5000,7.4800,7.4900,7499700,56169984.0000,3
2025-06-27,20250627140000000,sh.601398,7.5000,7.5100,7.4900,7.5100,8442300,63300608.0000,3
2025-06-27,20250627140500000,sh.601398,7.5000,7.5000,7.4800,7.4800,5721400,42879488.0000,3
2025-06-27,20250627141000000,sh.601398,7.4900,7.5100,7.4800,7.5100,4695300,35194880.0000,3
2025-06-27,20250627141500000,sh.601398,7.5000,7.5100,7.4900,7.5000,5116300,38349312.0000,3
2025-06-27,20250627142000000,sh.601398,7.5000,7.5000,7.4900,7.5000,3890200,29160448.0000,3
2025-06-27,20250627142500000,sh.601398,7.4900,7.5100,7.4900,7.5100,5607200,42048768.0000,3
2025-06-27,20250627143000000,sh.601398,7.5100,7.5100,7.4900,7.5100,4093700,30711808.0000,3
2025-06-27,20250627143500000,sh.601398,7.5000,7.5100,7.5000,7.5100,3919400,29410560.0000,3
2025-06-27,20250627144000000,sh.601398,7.5000,7.5100,7.5000,7.5000,5444600,40872704.0000,3
2025-06-27,20250627144500000,sh.601398,7.5100,7.5100,7.5000,7.5100,6106100,45812224.0000,3
2025-06-27,20250627145000000,sh.601398,7.5100,7.5100,7.4900,7.5100,10622700,79676928.0000,3
2025-06-27,20250627145500000,sh.601398,7.5100,7.5100,7.5000,7.5000,9378100,70363904.0000,3
2025-06-27,20250627150000000,sh.601398,7.5100,7.5100,7.5000,7.5000,14333600,107522304.0000,3
2025-06-30,20250630093500000,sh.601398,7.4800,7.5100,7.4300,7.5100,39960100,298558464.0000,3
2025-06-30,20250630094000000,sh.601398,7.5100,7.5300,7.5000,7.5200,11524300,86601216.0000,3
2025-06-30,20250630094500000,sh.601398,7.5200,7.5200,7.4900,7.5000,11592700,87008672.0000,3
2025-06-30,20250630095000000,sh.601398,7.5000,7.5100,7.4800,7.5000,8439100,63242752.0000,3
2025-06-30,20250630095500000,sh.601398,7.5000,7.5100,7.4900,7.5000,6441200,48330974.0000,3
2025-06-30,20250630100000000,sh.601398,7.5100,7.5300,7.5000,7.5000,9525100,71635196.0000,3
2025-06-30,20250630100500000,sh.601398,7.5100,7.5100,7.4800,7.5000,7387700,55356290.0000,3
2025-06-30,20250630101000000,sh.601398,7.5000,7.5200,7.4900,7.5100,4048600,30412164.0000,3
2025-06-30,20250630101500000,sh.601398,7.5200,7.5300,7.5000,7.5200,8448900,63508283.0000,3
2025-06-30,20250630102000000,sh.601398,7.5100,7.5200,7.4900,7.5100,5154500,38661437.0000,3
2025-06-30,20250630102500000,sh.601398,7.5100,7.5200,7.5000,7.5000,2929100,21998152.0000,3
2025-06-30,20250630103000000,sh.601398,7.5100,7.5200,7.5000,7.5100,3019000,22668480.0000,3
2025-06-30,20250630103500000,sh.601398,7.5100,7.5200,7.5000,7.5200,3086500,23181951.0000,3
2025-06-30,20250630104000000,sh.601398,7.5200,7.5200,7.5000,7.5200,3588400,26951240.0000,3
2025-06-30,20250630104500000,sh.601398,7.5200,7.5300,7.5100,7.5100,6599300,49627449.0000,3
2025-06-30,20250630105000000,sh.601398,7.5200,7.5200,7.5000,7.5200,3499700,26292800.0000,3
2025-06-30,20250630105500000,sh.601398,7.5200,7.5200,7.5100,7.5100,1775200,13342465.0000,3
2025-06-30,20250630110000000,sh.601398,7.5100,7.5300,7.5100,7.5300,2897700,21800383.0000,3
2025-06-30,20250630110500000,sh.601398,7.5200,7.5300,7.5000,7.5100,3986300,29962239.0000,3
2025-06-30,20250630111000000,sh.601398,7.5100,7.5200,7.5100,7.5200,1507300,11325313.0000,3
2025-06-30,20250630111500000,sh.601398,7.5200,7.5200,7.5000,7.5100,1979900,14867327.0000,3
2025-06-30,20250630112000000,sh.601398,7.5000,7.5200,7.5000,7.5100,1912400,14358265.0000,3
2025-06-30,20250630112500000,sh.601398,7.5100,7.5200,7.5000,7.5100,3539400,26582280.0000,3
2025-06-30,20250630113000000,sh.601398,7.5100,7.5300,7.5000,7.5300,7252000,54529797.0000,3
2025-06-30,20250630130500000,sh.601398,7.5200,7.5400,7.5200,7.5200,7984200,60118523.0000,3
2025-06-30,20250630131000000,sh.601398,7.5200,7.5500,7.5200,7.5500,6121300,46140667.0000,3
2025-06-30,20250630131500000,sh.601398,7.5500,7.5600,7.5400,7.5500,8009600,60472967.0000,3
2025-06-30,20250630132000000,sh.601398,7.5500,7.5600,7.5500,7.5500,3696700,27931392.0000,3
2025-06-30,20250630132500000,sh.601398,7.5600,7.5600,7.5500,7.5500,3956100,29881982.0000,3
2025-06-30,20250630133000000,sh.601398,7.5500,7.5600,7.5400,7.5600,2088000,15772544.0000,3
2025-06-30,20250630133500000,sh.601398,7.5600,7.5700,7.5500,7.5700,5847700,44200320.0000,3
2025-06-30,20250630134000000,sh.601398,7.5700,7.5700,7.5500,7.5600,6336200,47918336.0000,3
2025-06-30,20250630134500000,sh.601398,7.5600,7.5700,7.5500,7.5700,3778100,28557568.0000,3
2025-06-30,20250630135000000,sh.601398,7.5600,7.5800,7.5600,7.5800,6904700,52290432.0000,3
2025-06-30,20250630135500000,sh.601398,7.5700,7.6000,7.5700,7.5900,10476500,79476992.0000,3
2025-06-30,20250630140000000,sh.601398,7.5900,7.6000,7.5800,7.5900,4179300,31719296.0000,3
2025-06-30,20250630140500000,sh.601398,7.5900,7.6000,7.5800,7.5900,5923900,44985088.0000,3
2025-06-30,20250630141000000,sh.601398,7.5900,7.6100,7.5900,7.6000,7959000,60485760.0000,3
2025-06-30,20250630141500000,sh.601398,7.6000,7.6000,7.5900,7.5900,2615200,19866624.0000,3
2025-06-30,20250630142000000,sh.601398,7.5900,7.6000,7.5900,7.6000,4869200,37001344.0000,3
2025-06-30,20250630142500000,sh.601398,7.6000,7.6100,7.5900,7.6100,4782000,36356992.0000,3
2025-06-30,20250630143000000,sh.601398,7.6000,7.6100,7.6000,7.6000,4093200,31138560.0000,3
2025-06-30,20250630143500000,sh.601398,7.6100,7.6100,7.5900,7.5900,7407000,56319360.0000,3
2025-06-30,20250630144000000,sh.601398,7.6000,7.6000,7.5900,7.5900,4393600,33369216.0000,3
2025-06-30,20250630144500000,sh.601398,7.6000,7.6000,7.5900,7.6000,4610500,35014912.0000,3
2025-06-30,20250630145000000,sh.601398,7.6000,7.6000,7.5900,7.6000,4021500,30542080.0000,3
2025-06-30,20250630145500000,sh.601398,7.6000,7.6100,7.5900,7.6000,14292000,108652928.0000,3
2025-06-30,20250630150000000,sh.601398,7.6100,7.6100,7.5900,7.5900,11707300,88936704.0000,3
2025-07-01,20250701093500000,sh.601398,7.5900,7.6400,7.5900,7.6400,24038900,183177008.0000,3
2025-07-01,20250701094000000,sh.601398,7.6400,7.6900,7.6300,7.6600,24153300,185108720.0000,3
2025-07-01,20250701094500000,sh.601398,7.6600,7.6900,7.6600,7.6900,8750100,67141632.0000,3
2025-07-01,20250701095000000,sh.601398,7.6900,7.6900,7.6800,7.6900,8855000,68071168.0000,3
2025-07-01,20250701095500000,sh.601398,7.6900,7.7000,7.6800,7.7000,10052000,77330200.0000,3
2025-07-01,20250701100000000,sh.601398,7.7000,7.7000,7.6800,7.6900,6831000,52530632.0000,3
2025-07-01,20250701100500000,sh.601398,7.6800,7.7200,7.6800,7.7000,15353500,118238339.0000,3
2025-07-01,20250701101000000,sh.601398,7.7000,7.7100,7.6900,7.7000,4729400,36414337.0000,3
2025-07-01,20250701101500000,sh.601398,7.7000,7.7100,7.6800,7.6900,6155400,47362883.0000,3
2025-07-01,20250701102000000,sh.601398,7.6900,7.7000,7.6800,7.6900,3794900,29179385.0000,3
2025-07-01,20250701102500000,sh.601398,7.6900,7.7100,7.6800,7.7100,4840900,37267142.0000,3
2025-07-01,20250701103000000,sh.601398,7.7100,7.7200,7.7000,7.7200,7216100,55619122.0000,3
2025-07-01,20250701103500000,sh.601398,7.7200,7.7300,7.7100,7.7300,10140500,78300929.0000,3
2025-07-01,20250701104000000,sh.601398,7.7300,7.7300,7.7200,7.7200,4651100,35931523.0000,3
2025-07-01,20250701104500000,sh.601398,7.7200,7.7400,7.7200,7.7300,3726600,28805576.0000,3
2025-07-01,20250701105000000,sh.601398,7.7300,7.7300,7.7100,7.7200,3268800,25231352.0000,3
2025-07-01,20250701105500000,sh.601398,7.7200,7.7300,7.7100,7.7100,7491100,57853704.0000,3
2025-07-01,20250701110000000,sh.601398,7.7200,7.7200,7.7000,7.7200,4650900,35865091.0000,3
2025-07-01,20250701110500000,sh.601398,7.7200,7.7300,7.7100,7.7200,2313300,17854713.0000,3
2025-07-01,20250701111000000,sh.601398,7.7300,7.7300,7.7100,7.7300,6268600,48395392.0000,3
2025-07-01,20250701111500000,sh.601398,7.7300,7.7300,7.7100,7.7200,3766000,29082748.0000,3
2025-07-01,20250701112000000,sh.601398,7.7200,7.7200,7.7000,7.7100,5324800,41050751.0000,3
2025-07-01,20250701112500000,sh.601398,7.7100,7.7300,7.7100,7.7200,6573700,50754053.0000,3
2025-07-01,20250701113000000,sh.601398,7.7200,7.7300,7.7000,7.7000,6407400,49396737.0000,3
2025-07-01,20250701130500000,sh.601398,7.7100,7.7100,7.6900,7.6900,4764400,36672631.0000,3
2025-07-01,20250701131000000,sh.601398,7.6900,7.7000,7.6700,7.6900,5492900,42195587.0000,3
2025-07-01,20250701131500000,sh.601398,7.6800,7.6900,7.6700,7.6800,2088100,16029573.0000,3
2025-07-01,20250701132000000,sh.601398,7.6800,7.6800,7.6600,7.6600,3184400,24417274.0000,3
2025-07-01,20250701132500000,sh.601398,7.6600,7.6700,7.6600,7.6600,2571400,19702149.0000,3
2025-07-01,20250701133000000,sh.601398,7.6600,7.6700,7.6500,7.6600,2511000,19222273.0000,3
2025-07-01,20250701133500000,sh.601398,7.6500,7.6600,7.6500,7.6500,4459100,34120572.0000,3
2025-07-01,20250701134000000,sh.601398,7.6600,7.6600,7.6500,7.6600,2094800,16030852.0000,3
2025-07-01,20250701134500000,sh.601398,7.6500,7.6600,7.6500,7.6600,2288200,17511292.0000,3
2025-07-01,20250701135000000,sh.601398,7.6500,7.6600,7.6500,7.6500,1522300,11652612.0000,3
2025-07-01,20250701135500000,sh.601398,7.6600,7.6600,7.6500,7.6500,1292100,9890808.0000,3
2025-07-01,20250701140000000,sh.601398,7.6500,7.6700,7.6500,7.6600,6796500,52058248.0000,3
2025-07-01,20250701140500000,sh.601398,7.6700,7.6800,7.6600,7.6800,3006400,23058168.0000,3
2025-07-01,20250701141000000,sh.601398,7.6800,7.6800,7.6600,7.6700,2817600,21608974.0000,3
2025-07-01,20250701141500000,sh.601398,7.6700,7.6700,7.6600,7.6600,1223400,9380088.0000,3
2025-07-01,20250701142000000,sh.601398,7.6600,7.6800,7.6600,7.6800,2402500,18424072.0000,3
2025-07-01,20250701142500000,sh.601398,7.6700,7.6800,7.6700,7.6800,1047000,8035450.0000,3
2025-07-01,20250701143000000,sh.601398,7.6700,7.6800,7.6700,7.6800,1885300,14471546.0000,3
2025-07-01,20250701143500000,sh.601398,7.6700,7.6800,7.6600,7.6600,3762300,28864006.0000,3
2025-07-01,20250701144000000,sh.601398,7.6700,7.6700,7.6600,7.6700,2578300,19759614.0000,3
2025-07-01,20250701144500000,sh.601398,7.6600,7.6700,7.6600,7.6700,3513600,26933120.0000,3
2025-07-01,20250701145000000,sh.601398,7.6700,7.6700,7.6600,7.6700,4613400,35375739.0000,3
2025-07-01,20250701145500000,sh.601398,7.6700,7.6700,7.6600,7.6700,5775300,44270079.0000,3
2025-07-01,20250701150000000,sh.601398,7.6700,7.6700,7.6600,7.6600,7288300,55868674.0000,3
2025-07-02,20250702093500000,sh.601398,7.6800,7.7100,7.6800,7.7000,16619200,127860520.0000,3
2025-07-02,20250702094000000,sh.601398,7.7000,7.7000,7.6700,7.6700,12535400,96306840.0000,3
2025-07-02,20250702094500000,sh.601398,7.6700,7.6900,7.6600,7.6700,6629600,50893504.0000,3
2025-07-02,20250702095000000,sh.601398,7.6700,7.6800,7.6500,7.6700,8230500,63076288.0000,3
2025-07-02,20250702095500000,sh.601398,7.6700,7.6800,7.6600,7.6600,4018800,30822400.0000,3
2025-07-02,20250702100000000,sh.601398,7.6600,7.6800,7.6600,7.6700,3653100,28020416.0000,3
2025-07-02,20250702100500000,sh.601398,7.6700,7.6800,7.6600,7.6600,5258900,40337504.0000,3
2025-07-02,20250702101000000,sh.601398,7.6600,7.6800,7.6600,7.6700,1974400,15151136.0000,3
2025-07-02,20250702101500000,sh.601398,7.6700,7.6800,7.6600,7.6700,4330300,33211936.0000,3
2025-07-02,20250702102000000,sh.601398,7.6800,7.6900,7.6700,7.6900,7987000,61359584.0000,3
2025-07-02,20250702102500000,sh.601398,7.6900,7.7000,7.6800,7.6900,3582400,27544636.0000,3
2025-07-02,20250702103000000,sh.601398,7.6900,7.6900,7.6700,7.6800,3743900,28744316.0000,3
2025-07-02,20250702103500000,sh.601398,7.6800,7.6800,7.6700,7.6800,1308100,10040136.0000,3
2025-07-02,20250702104000000,sh.601398,7.6800,7.6800,7.6700,7.6800,2031200,15587520.0000,3
2025-07-02,20250702104500000,sh.601398,7.6800,7.6900,7.6700,7.6900,3611400,27732416.0000,3
2025-07-02,20250702105000000,sh.601398,7.6800,7.6900,7.6800,7.6900,1175900,9033344.0000,3
2025-07-02,20250702105500000,sh.601398,7.6800,7.6900,7.6800,7.6800,2379500,18284666.0000,3
2025-07-02,20250702110000000,sh.601398,7.6800,7.6900,7.6800,7.6800,2736600,21037574.0000,3
2025-07-02,20250702110500000,sh.601398,7.6800,7.6900,7.6800,7.6800,2534100,19480320.0000,3
2025-07-02,20250702111000000,sh.601398,7.6900,7.7000,7.6800,7.6900,3773300,29016637.0000,3
2025-07-02,20250702111500000,sh.601398,7.6900,7.7000,7.6800,7.6800,2094000,16107715.0000,3
2025-07-02,20250702112000000,sh.601398,7.6900,7.6900,7.6700,7.6800,4302200,33034496.0000,3
2025-07-02,20250702112500000,sh.601398,7.6800,7.6800,7.6700,7.6700,1116300,8569472.0000,3
2025-07-02,20250702113000000,sh.601398,7.6700,7.6800,7.6700,7.6700,4597000,35265343.0000,3
2025-07-02,20250702130500000,sh.601398,7.6800,7.6900,7.6600,7.6800,5883800,45155521.0000,3
2025-07-02,20250702131000000,sh.601398,7.6800,7.6900,7.6800,7.6800,692400,5321351.0000,3
2025-07-02,20250702131500000,sh.601398,7.6900,7.7000,7.6800,7.7000,5230000,40231164.0000,3
2025-07-02,20250702132000000,sh.601398,7.7000,7.7000,7.6800,7.6900,3421000,26309887.0000,3
2025-07-02,20250702132500000,sh.601398,7.6800,7.6900,7.6700,7.6900,5047500,38767038.0000,3
2025-07-02,20250702133000000,sh.601398,7.6800,7.6900,7.6800,7.6800,1329900,10216320.0000,3
2025-07-02,20250702133500000,sh.601398,7.6800,7.6900,7.6700,7.6800,3207400,24627584.0000,3
2025-07-02,20250702134000000,sh.601398,7.6900,7.6900,7.6700,7.6800,5905200,45374144.0000,3
2025-07-02,20250702134500000,sh.601398,7.6800,7.6900,7.6800,7.6900,2781100,21377529.0000,3
2025-07-02,20250702135000000,sh.601398,7.6900,7.6900,7.6800,7.6900,5434700,41787912.0000,3
2025-07-02,20250702135500000,sh.601398,7.6900,7.7000,7.6900,7.6900,2642300,20338304.0000,3
2025-07-02,20250702140000000,sh.601398,7.7000,7.7000,7.6900,7.7000,2626800,20216069.0000,3
2025-07-02,20250702140500000,sh.601398,7.6900,7.7100,7.6900,7.7000,5994400,46169979.0000,3
2025-07-02,20250702141000000,sh.601398,7.7100,7.7100,7.7000,7.7000,2892900,22294533.0000,3
2025-07-02,20250702141500000,sh.601398,7.7100,7.7100,7.7000,7.7000,2200300,16949622.0000,3
2025-07-02,20250702142000000,sh.601398,7.7100,7.7100,7.6900,7.7000,3265800,25145986.0000,3
2025-07-02,20250702142500000,sh.601398,7.7000,7.7000,7.6800,7.6900,5048300,38817416.0000,3
2025-07-02,20250702143000000,sh.601398,7.6900,7.6900,7.6800,7.6800,2068900,15901306.0000,3
2025-07-02,20250702143500000,sh.601398,7.6800,7.6900,7.6800,7.6900,1818000,13972352.0000,3
2025-07-02,20250702144000000,sh.601398,7.6800,7.6900,7.6800,7.6900,2307800,17733251.0000,3
2025-07-02,20250702144500000,sh.601398,7.6900,7.6900,7.6700,7.6700,10519400,80756088.0000,3
2025-07-02,20250702145000000,sh.601398,7.6700,7.6800,7.6700,7.6800,5172400,39680133.0000,3
2025-07-02,20250702145500000,sh.601398,7.6800,7.6800,7.6600,7.6600,5612500,43017726.0000,3
2025-07-02,20250702150000000,sh.601398,7.6600,7.6800,7.6600,7.6800,5503200,42224900.0000,3
2025-07-03,20250703093500000,sh.601398,7.6800,7.6900,7.6300,7.6700,24884500,190781168.0000,3
2025-07-03,20250703094000000,sh.601398,7.6700,7.6800,7.6300,7.6500,13472000,103065136.0000,3
2025-07-03,20250703094500000,sh.601398,7.6400,7.6800,7.6400,7.6700,9802000,75053728.0000,3
2025-07-03,20250703095000000,sh.601398,7.6700,7.7000,7.6700,7.7000,9237000,71012960.0000,3
2025-07-03,20250703095500000,sh.601398,7.7000,7.7100,7.6900,7.7100,10210600,78638912.0000,3
2025-07-03,20250703100000000,sh.601398,7.7100,7.7200,7.6900,7.7000,9998500,77056030.0000,3
2025-07-03,20250703100500000,sh.601398,7.7000,7.7000,7.6500,7.6500,10992300,84289666.0000,3
2025-07-03,20250703101000000,sh.601398,7.6500,7.6500,7.6100,7.6300,17030600,129904262.0000,3
2025-07-03,20250703101500000,sh.601398,7.6200,7.6300,7.6000,7.6100,10832700,82468282.0000,3
2025-07-03,20250703102000000,sh.601398,7.6100,7.6200,7.6000,7.6100,5171900,39367623.0000,3
2025-07-03,20250703102500000,sh.601398,7.6100,7.6400,7.6100,7.6300,3741300,28520639.0000,3
2025-07-03,20250703103000000,sh.601398,7.6300,7.6300,7.6200,7.6300,1781600,13585011.0000,3
2025-07-03,20250703103500000,sh.601398,7.6300,7.6400,7.6200,7.6300,2134600,16286080.0000,3
2025-07-03,20250703104000000,sh.601398,7.6400,7.6500,7.6200,7.6200,2156300,16460418.0000,3
2025-07-03,20250703104500000,sh.601398,7.6300,7.6300,7.6200,7.6200,2057000,15679039.0000,3
2025-07-03,20250703105000000,sh.601398,7.6200,7.6300,7.6200,7.6300,1841800,14041613.0000,3
2025-07-03,20250703105500000,sh.601398,7.6200,7.6300,7.6200,7.6300,2216800,16906489.0000,3
2025-07-03,20250703110000000,sh.601398,7.6200,7.6400,7.6200,7.6300,1807200,13784376.0000,3
2025-07-03,20250703110500000,sh.601398,7.6200,7.6500,7.6200,7.6400,2118500,16181576.0000,3
2025-07-03,20250703111000000,sh.601398,7.6500,7.6500,7.6300,7.6300,2314000,17683320.0000,3
2025-07-03,20250703111500000,sh.601398,7.6300,7.6500,7.6300,7.6400,2477900,18935948.0000,3
2025-07-03,20250703112000000,sh.601398,7.6400,7.6600,7.6400,7.6400,4570300,34952441.0000,3
2025-07-03,20250703112500000,sh.601398,7.6400,7.6500,7.6400,7.6400,1738600,13285893.0000,3
2025-07-03,20250703113000000,sh.601398,7.6400,7.6600,7.6400,7.6500,4607600,35227006.0000,3
2025-07-03,20250703130500000,sh.601398,7.6600,7.6700,7.6500,7.6500,3751500,28725885.0000,3
2025-07-03,20250703131000000,sh.601398,7.6500,7.6600,7.6400,7.6600,2058000,15741181.0000,3
2025-07-03,20250703131500000,sh.601398,7.6600,7.6700,7.6500,7.6600,3681200,28181124.0000,3
2025-07-03,20250703132000000,sh.601398,7.6600,7.6700,7.6600,7.6600,1207300,9250054.0000,3
2025-07-03,20250703132500000,sh.601398,7.6600,7.6700,7.6500,7.6500,1389700,10642563.0000,3
2025-07-03,20250703133000000,sh.601398,7.6600,7.6600,7.6500,7.6500,1223000,9364979.0000,3
2025-07-03,20250703133500000,sh.601398,7.6600,7.6700,7.6500,7.6500,2988700,22885120.0000,3
2025-07-03,20250703134000000,sh.601398,7.6500,7.6600,7.6500,7.6500,1755600,13437694.0000,3
2025-07-03,20250703134500000,sh.601398,7.6500,7.6700,7.6500,7.6700,3001100,22989322.0000,3
2025-07-03,20250703135000000,sh.601398,7.6600,7.6700,7.6500,7.6700,3945300,30232064.0000,3
2025-07-03,20250703135500000,sh.601398,7.6600,7.6600,7.6400,7.6500,2862700,21906426.0000,3
2025-07-03,20250703140000000,sh.601398,7.6400,7.6600,7.6400,7.6600,3000100,22952197.0000,3
2025-07-03,20250703140500000,sh.601398,7.6600,7.6600,7.6500,7.6500,1653300,12659321.0000,3
2025-07-03,20250703141000000,sh.601398,7.6600,7.6600,7.6400,7.6500,3108400,23787140.0000,3
2025-07-03,20250703141500000,sh.601398,7.6400,7.6600,7.6400,7.6500,2851300,21806076.0000,3
2025-07-03,20250703142000000,sh.601398,7.6600,7.6600,7.6400,7.6600,2280200,17447692.0000,3
2025-07-03,20250703142500000,sh.601398,7.6500,7.6600,7.6500,7.6600,1105000,8456704.0000,3
2025-07-03,20250703143000000,sh.601398,7.6600,7.6600,7.6500,7.6600,1569500,12016248.0000,3
2025-07-03,20250703143500000,sh.601398,7.6500,7.6600,7.6500,7.6600,5329800,40818952.0000,3
2025-07-03,20250703144000000,sh.601398,7.6600,7.6600,7.6500,7.6500,1359600,10407540.0000,3
2025-07-03,20250703144500000,sh.601398,7.6500,7.6600,7.6500,7.6600,1822700,13953406.0000,3
2025-07-03,20250703145000000,sh.601398,7.6500,7.6600,7.6400,7.6500,5531400,42319362.0000,3
2025-07-03,20250703145500000,sh.601398,7.6500,7.6600,7.6400,7.6500,5380300,41152895.0000,3
2025-07-03,20250703150000000,sh.601398,7.6600,7.6600,7.6400,7.6400,5602800,42833026.0000,3
2025-07-04,20250704093500000,sh.601398,7.6400,7.6600,7.6300,7.6600,16891400,129180896.0000,3
2025-07-04,20250704094000000,sh.601398,7.6500,7.6600,7.6300,7.6500,7884700,60244816.0000,3
2025-07-04,20250704094500000,sh.601398,7.6500,7.6600,7.6400,7.6500,7132700,54561872.0000,3
2025-07-04,20250704095000000,sh.601398,7.6500,7.6600,7.6400,7.6500,4684200,35828672.0000,3
2025-07-04,20250704095500000,sh.601398,7.6400,7.6700,7.6400,7.6700,8649700,66244192.0000,3
2025-07-04,20250704100000000,sh.601398,7.6600,7.6800,7.6600,7.6800,5528800,42416096.0000,3
2025-07-04,20250704100500000,sh.601398,7.6700,7.7000,7.6700,7.6800,11215200,86192864.0000,3
2025-07-04,20250704101000000,sh.601398,7.6900,7.7000,7.6900,7.6900,8560400,65889819.0000,3
2025-07-04,20250704101500000,sh.601398,7.7000,7.7100,7.6900,7.7000,13636300,105035453.0000,3
2025-07-04,20250704102000000,sh.601398,7.6900,7.7200,7.6800,7.7100,11710800,90193542.0000,3
2025-07-04,20250704102500000,sh.601398,7.7200,7.7200,7.7000,7.7000,3847200,29666180.0000,3
2025-07-04,20250704103000000,sh.601398,7.7000,7.7100,7.7000,7.7100,1853400,14280310.0000,3
2025-07-04,20250704103500000,sh.601398,7.7100,7.7100,7.7000,7.7100,4494800,34648846.0000,3
2025-07-04,20250704104000000,sh.601398,7.7000,7.7200,7.7000,7.7100,3626600,27970362.0000,3
2025-07-04,20250704104500000,sh.601398,7.7200,7.7400,7.7100,7.7400,12445500,96140161.0000,3
2025-07-04,20250704105000000,sh.601398,7.7400,7.7500,7.7300,7.7500,12593000,97445249.0000,3
2025-07-04,20250704105500000,sh.601398,7.7500,7.7500,7.7400,7.7500,5590100,43314038.0000,3
2025-07-04,20250704110000000,sh.601398,7.7400,7.7700,7.7400,7.7600,11777900,91363981.0000,3
2025-07-04,20250704110500000,sh.601398,7.7700,7.7700,7.7600,7.7600,5629900,43713019.0000,3
2025-07-04,20250704111000000,sh.601398,7.7700,7.7700,7.7500,7.7500,6226900,48331650.0000,3
2025-07-04,20250704111500000,sh.601398,7.7600,7.7800,7.7500,7.7700,8654800,67228286.0000,3
2025-07-04,20250704112000000,sh.601398,7.7700,7.7800,7.7600,7.7600,4525100,35152256.0000,3
2025-07-04,20250704112500000,sh.601398,7.7600,7.7700,7.7500,7.7600,4647400,36062080.0000,3
2025-07-04,20250704113000000,sh.601398,7.7600,7.7700,7.7500,7.7500,1581700,12279171.0000,3
2025-07-04,20250704130500000,sh.601398,7.7500,7.7600,7.7300,7.7500,8529000,66040708.0000,3
2025-07-04,20250704131000000,sh.601398,7.7500,7.7700,7.7400,7.7600,4339500,33664761.0000,3
2025-07-04,20250704131500000,sh.601398,7.7500,7.7800,7.7500,7.7800,7675000,59651968.0000,3
2025-07-04,20250704132000000,sh.601398,7.7800,7.7800,7.7600,7.7600,6813800,52972928.0000,3
2025-07-04,20250704132500000,sh.601398,7.7700,7.7800,7.7600,7.7700,4683700,36389632.0000,3
2025-07-04,20250704133000000,sh.601398,7.7600,7.7800,7.7500,7.7800,3750000,29123584.0000,3
2025-07-04,20250704133500000,sh.601398,7.7700,7.7800,7.7600,7.7600,4157200,32293632.0000,3
2025-07-04,20250704134000000,sh.601398,7.7700,7.7700,7.7600,7.7600,2810600,21824000.0000,3
2025-07-04,20250704134500000,sh.601398,7.7700,7.7700,7.7500,7.7600,2827400,21948288.0000,3
2025-07-04,20250704135000000,sh.601398,7.7600,7.7600,7.7500,7.7500,1551900,12032000.0000,3
2025-07-04,20250704135500000,sh.601398,7.7500,7.7600,7.7300,7.7300,3309100,25621894.0000,3
2025-07-04,20250704140000000,sh.601398,7.7300,7.7400,7.7300,7.7300,1815700,14042619.0000,3
2025-07-04,20250704140500000,sh.601398,7.7300,7.7300,7.7100,7.7200,7484600,57775491.0000,3
2025-07-04,20250704141000000,sh.601398,7.7100,7.7200,7.7000,7.7000,3808800,29349877.0000,3
2025-07-04,20250704141500000,sh.601398,7.7000,7.7200,7.7000,7.7200,2634900,20316165.0000,3
2025-07-04,20250704142000000,sh.601398,7.7200,7.7200,7.7100,7.7100,3175100,24486014.0000,3
2025-07-04,20250704142500000,sh.601398,7.7200,7.7200,7.7100,7.7100,2445000,18856070.0000,3
2025-07-04,20250704143000000,sh.601398,7.7100,7.7200,7.7000,7.7100,4185000,32276857.0000,3
2025-07-04,20250704143500000,sh.601398,7.7100,7.7200,7.7000,7.7200,2614500,20164741.0000,3
2025-07-04,20250704144000000,sh.601398,7.7200,7.7300,7.7100,7.7300,5720000,44180350.0000,3
2025-07-04,20250704144500000,sh.601398,7.7200,7.7400,7.7200,7.7300,4028700,31128578.0000,3
2025-07-04,20250704145000000,sh.601398,7.7300,7.7400,7.7200,7.7400,3114800,24087557.0000,3
2025-07-04,20250704145500000,sh.601398,7.7300,7.7400,7.7300,7.7300,7523200,58206463.0000,3
2025-07-04,20250704150000000,sh.601398,7.7300,7.7500,7.7300,7.7500,6671100,51660794.0000,3
2025-07-07,20250707093500000,sh.601398,7.7400,7.7500,7.7100,7.7200,20087000,155293936.0000,3
2025-07-07,20250707094000000,sh.601398,7.7300,7.7600,7.7300,7.7400,9401800,72778960.0000,3
2025-07-07,20250707094500000,sh.601398,7.7400,7.7400,7.7200,7.7300,5924600,45815648.0000,3
2025-07-07,20250707095000000,sh.601398,7.7300,7.7500,7.7200,7.7300,9022200,69772928.0000,3
2025-07-07,20250707095500000,sh.601398,7.7200,7.7600,7.7100,7.7600,12762000,98670560.0000,3
2025-07-07,20250707100000000,sh.601398,7.7500,7.7600,7.7300,7.7300,7693800,59602784.0000,3
2025-07-07,20250707100500000,sh.601398,7.7400,7.7500,7.7200,7.7300,5712600,44173848.0000,3
2025-07-07,20250707101000000,sh.601398,7.7200,7.7400,7.7200,7.7300,4108900,31766020.0000,3
2025-07-07,20250707101500000,sh.601398,7.7400,7.7500,7.7300,7.7500,6573700,50848641.0000,3
2025-07-07,20250707102000000,sh.601398,7.7500,7.7600,7.7400,7.7500,4533800,35140099.0000,3
2025-07-07,20250707102500000,sh.601398,7.7500,7.7600,7.7400,7.7400,3265400,25304324.0000,3
2025-07-07,20250707103000000,sh.601398,7.7400,7.7600,7.7400,7.7500,3841300,29751232.0000,3
2025-07-07,20250707103500000,sh.601398,7.7600,7.7600,7.7500,7.7600,1625800,12609729.0000,3
2025-07-07,20250707104000000,sh.601398,7.7600,7.7700,7.7500,7.7600,4729000,36701299.0000,3
2025-07-07,20250707104500000,sh.601398,7.7600,7.7700,7.7500,7.7500,1681600,13047744.0000,3
2025-07-07,20250707105000000,sh.601398,7.7600,7.7700,7.7500,7.7600,1280000,9932168.0000,3
2025-07-07,20250707105500000,sh.601398,7.7600,7.7600,7.7400,7.7500,4141300,32094277.0000,3
2025-07-07,20250707110000000,sh.601398,7.7400,7.7500,7.7200,7.7300,6744100,52133249.0000,3
2025-07-07,20250707110500000,sh.601398,7.7200,7.7300,7.7000,7.7200,11146700,85982578.0000,3
2025-07-07,20250707111000000,sh.601398,7.7200,7.7200,7.7100,7.7200,1925400,14855052.0000,3
2025-07-07,20250707111500000,sh.601398,7.7200,7.7300,7.7100,7.7200,2757000,21284216.0000,3
2025-07-07,20250707112000000,sh.601398,7.7200,7.7300,7.7100,7.7200,2281100,17605386.0000,3
2025-07-07,20250707112500000,sh.601398,7.7200,7.7200,7.7100,7.7100,2096300,16165889.0000,3
2025-07-07,20250707113000000,sh.601398,7.7200,7.7200,7.7100,7.7200,1919900,14810112.0000,3
2025-07-07,20250707130500000,sh.601398,7.7100,7.7400,7.7100,7.7300,3269600,25252147.0000,3
2025-07-07,20250707131000000,sh.601398,7.7300,7.7400,7.7200,7.7400,658600,5093836.0000,3
2025-07-07,20250707131500000,sh.601398,7.7300,7.7500,7.7300,7.7500,2698500,20887036.0000,3
2025-07-07,20250707132000000,sh.601398,7.7400,7.7500,7.7300,7.7400,1708700,13226748.0000,3
2025-07-07,20250707132500000,sh.601398,7.7300,7.7400,7.7200,7.7200,2550500,19720200.0000,3
2025-07-07,20250707133000000,sh.601398,7.7300,7.7300,7.7200,7.7200,2716300,20973690.0000,3
2025-07-07,20250707133500000,sh.601398,7.7200,7.7400,7.7200,7.7300,3538700,27352960.0000,3
2025-07-07,20250707134000000,sh.601398,7.7300,7.7400,7.7200,7.7300,4652800,35965698.0000,3
2025-07-07,20250707134500000,sh.601398,7.7300,7.7400,7.7200,7.7300,1991100,15393532.0000,3
2025-07-07,20250707135000000,sh.601398,7.7200,7.7400,7.7200,7.7300,949700,7344136.0000,3
2025-07-07,20250707135500000,sh.601398,7.7300,7.7400,7.7300,7.7400,1610700,12455538.0000,3
2025-07-07,20250707140000000,sh.601398,7.7400,7.7400,7.7300,7.7400,3346600,25900046.0000,3
2025-07-07,20250707140500000,sh.601398,7.7400,7.7500,7.7400,7.7400,1096300,8490872.0000,3
2025-07-07,20250707141000000,sh.601398,7.7400,7.7500,7.7400,7.7400,1197500,9278080.0000,3
2025-07-07,20250707141500000,sh.601398,7.7500,7.7500,7.7400,7.7500,2367700,18343035.0000,3
2025-07-07,20250707142000000,sh.601398,7.7500,7.7500,7.7400,7.7500,1900600,14720649.0000,3
2025-07-07,20250707142500000,sh.601398,7.7500,7.7500,7.7300,7.7400,3995700,30924792.0000,3
2025-07-07,20250707143000000,sh.601398,7.7400,7.7400,7.7300,7.7300,1612800,12471042.0000,3
2025-07-07,20250707143500000,sh.601398,7.7300,7.7400,7.7300,7.7300,2958300,22873739.0000,3
2025-07-07,20250707144000000,sh.601398,7.7400,7.7400,7.7300,7.7300,1627100,12589689.0000,3
2025-07-07,20250707144500000,sh.601398,7.7300,7.7400,7.7300,7.7300,1679100,12990072.0000,3
2025-07-07,20250707145000000,sh.601398,7.7300,7.7400,7.7300,7.7300,2626300,20320909.0000,3
2025-07-07,20250707145500000,sh.601398,7.7300,7.7400,7.7300,7.7300,3388500,26206456.0000,3
2025-07-07,20250707150000000,sh.601398,7.7400,7.7400,7.7300,7.7300,5486400,42418817.0000,3
2025-07-08,20250708093500000,sh.601398,7.7300,7.7600,7.7300,7.7500,16390900,126990160.0000,3
2025-07-08,20250708094000000,sh.601398,7.7500,7.7600,7.7400,7.7400,6210600,48111648.0000,3
2025-07-08,20250708094500000,sh.601398,7.7400,7.7500,7.7100,7.7300,11992700,92713024.0000,3
2025-07-08,20250708095000000,sh.601398,7.7300,7.7300,7.7100,7.7200,5414100,41785776.0000,3
2025-07-08,20250708095500000,sh.601398,7.7200,7.7400,7.7000,7.7400,14041300,108323136.0000,3
2025-07-08,20250708100000000,sh.601398,7.7300,7.7400,7.7200,7.7200,4376900,33846464.0000,3
2025-07-08,20250708100500000,sh.601398,7.7300,7.7300,7.7100,7.7300,5039200,38900800.0000,3
2025-07-08,20250708101000000,sh.601398,7.7300,7.7400,7.7200,7.7300,3894200,30081472.0000,3
2025-07-08,20250708101500000,sh.601398,7.7300,7.7500,7.7200,7.7400,9512800,73667238.0000,3
2025-07-08,20250708102000000,sh.601398,7.7400,7.7500,7.7300,7.7500,3547800,27461886.0000,3
2025-07-08,20250708102500000,sh.601398,7.7400,7.7600,7.7400,7.7600,4711600,36499446.0000,3
2025-07-08,20250708103000000,sh.601398,7.7500,7.7500,7.7400,7.7500,1980900,15343684.0000,3
2025-07-08,20250708103500000,sh.601398,7.7500,7.7500,7.7300,7.7300,3432600,26575430.0000,3
2025-07-08,20250708104000000,sh.601398,7.7300,7.7500,7.7300,7.7400,4414900,34197628.0000,3
2025-07-08,20250708104500000,sh.601398,7.7400,7.7400,7.7300,7.7400,3178700,24591996.0000,3
2025-07-08,20250708105000000,sh.601398,7.7300,7.7400,7.7300,7.7300,1492600,11547273.0000,3
2025-07-08,20250708105500000,sh.601398,7.7400,7.7400,7.7200,7.7300,3772800,29167607.0000,3
2025-07-08,20250708110000000,sh.601398,7.7400,7.7500,7.7300,7.7500,2777800,21494788.0000,3
2025-07-08,20250708110500000,sh.601398,7.7400,7.7700,7.7400,7.7500,14560200,112956671.0000,3
2025-07-08,20250708111000000,sh.601398,7.7600,7.7700,7.7500,7.7700,6032100,46822457.0000,3
2025-07-08,20250708111500000,sh.601398,7.7700,7.7800,7.7600,7.7600,7061500,54859074.0000,3
2025-07-08,20250708112000000,sh.601398,7.7700,7.7700,7.7500,7.7700,2317400,17983806.0000,3
2025-07-08,20250708112500000,sh.601398,7.7700,7.7700,7.7600,7.7700,1449900,11258048.0000,3
2025-07-08,20250708113000000,sh.601398,7.7600,7.7700,7.7600,7.7700,1230200,9554696.0000,3
2025-07-08,20250708130500000,sh.601398,7.7600,7.7800,7.7500,7.7600,4029100,31289219.0000,3
2025-07-08,20250708131000000,sh.601398,7.7700,7.7700,7.7600,7.7700,1690700,13132415.0000,3
2025-07-08,20250708131500000,sh.601398,7.7700,7.7800,7.7600,7.7800,1823100,14165116.0000,3
2025-07-08,20250708132000000,sh.601398,7.7800,7.7800,7.7700,7.7800,1791900,13930498.0000,3
2025-07-08,20250708132500000,sh.601398,7.7800,7.7800,7.7700,7.7700,1782100,13855494.0000,3
2025-07-08,20250708133000000,sh.601398,7.7700,7.7800,7.7600,7.7700,1864600,14484091.0000,3
2025-07-08,20250708133500000,sh.601398,7.7600,7.7700,7.7600,7.7700,1771200,13751935.0000,3
2025-07-08,20250708134000000,sh.601398,7.7700,7.7700,7.7500,7.7500,2204500,17107064.0000,3
2025-07-08,20250708134500000,sh.601398,7.7600,7.7700,7.7500,7.7600,2118400,16437644.0000,3
2025-07-08,20250708135000000,sh.601398,7.7700,7.7700,7.7600,7.7700,1341000,10415866.0000,3
2025-07-08,20250708135500000,sh.601398,7.7700,7.7700,7.7600,7.7600,1690900,13134210.0000,3
2025-07-08,20250708140000000,sh.601398,7.7700,7.7700,7.7600,7.7600,2782600,21604088.0000,3
2025-07-08,20250708140500000,sh.601398,7.7700,7.7700,7.7600,7.7600,3509100,27237512.0000,3
2025-07-08,20250708141000000,sh.601398,7.7600,7.7700,7.7500,7.7600,1934600,15015032.0000,3
2025-07-08,20250708141500000,sh.601398,7.7600,7.7600,7.7500,7.7500,1641700,12734592.0000,3
2025-07-08,20250708142000000,sh.601398,7.7600,7.7700,7.7500,7.7600,2507000,19455496.0000,3
2025-07-08,20250708142500000,sh.601398,7.7600,7.7700,7.7500,7.7600,2032700,15775224.0000,3
2025-07-08,20250708143000000,sh.601398,7.7500,7.7700,7.7500,7.7600,2303400,17872901.0000,3
2025-07-08,20250708143500000,sh.601398,7.7600,7.7700,7.7600,7.7600,2066000,16046343.0000,3
2025-07-08,20250708144000000,sh.601398,7.7600,7.7700,7.7600,7.7600,2311100,17942519.0000,3
2025-07-08,20250708144500000,sh.601398,7.7600,7.7700,7.7500,7.7600,4241100,32912389.0000,3
2025-07-08,20250708145000000,sh.601398,7.7700,7.7700,7.7500,7.7500,2248100,17439224.0000,3
2025-07-08,20250708145500000,sh.601398,7.7500,7.7600,7.7500,7.7600,4398100,34108687.0000,3
2025-07-08,20250708150000000,sh.601398,7.7600,7.7600,7.7500,7.7600,5425300,42086777.0000,3
2025-07-09,20250709093500000,sh.601398,7.7600,7.8500,7.7600,7.8400,27358200,213392128.0000,3
2025-07-09,20250709094000000,sh.601398,7.8400,7.8600,7.8200,7.8600,14779900,115906624.0000,3
2025-07-09,20250709094500000,sh.601398,7.8600,7.8700,7.7900,7.7900,17660600,138247360.0000,3
2025-07-09,20250709095000000,sh.601398,7.8000,7.8100,7.7900,7.8100,5617000,43819808.0000,3
2025-07-09,20250709095500000,sh.601398,7.8000,7.8100,7.7800,7.7800,6242100,48660634.0000,3
2025-07-09,20250709100000000,sh.601398,7.7800,7.8200,7.7800,7.8100,6116700,47754694.0000,3
2025-07-09,20250709100500000,sh.601398,7.8200,7.8300,7.8100,7.8300,3725300,29149180.0000,3
2025-07-09,20250709101000000,sh.601398,7.8200,7.8500,7.8200,7.8500,4458100,34935812.0000,3
2025-07-09,20250709101500000,sh.601398,7.8400,7.8500,7.8400,7.8400,3412900,26775296.0000,3
2025-07-09,20250709102000000,sh.601398,7.8400,7.8600,7.8400,7.8500,6072800,47677376.0000,3
2025-07-09,20250709102500000,sh.601398,7.8600,7.8700,7.8500,7.8700,6843100,53803142.0000,3
2025-07-09,20250709103000000,sh.601398,7.8700,7.8800,7.8600,7.8800,7101500,55891965.0000,3
2025-07-09,20250709103500000,sh.601398,7.8700,7.8900,7.8700,7.8800,9196500,72478658.0000,3
2025-07-09,20250709104000000,sh.601398,7.8800,7.8900,7.8600,7.8700,4097300,32263669.0000,3
2025-07-09,20250709104500000,sh.601398,7.8700,7.8800,7.8600,7.8700,3007300,23677960.0000,3
2025-07-09,20250709105000000,sh.601398,7.8700,7.8900,7.8700,7.8800,3270600,25775685.0000,3
2025-07-09,20250709105500000,sh.601398,7.8800,7.9100,7.8800,7.8900,9631300,76059705.0000,3
2025-07-09,20250709110000000,sh.601398,7.9000,7.9100,7.8900,7.9000,4298400,33958272.0000,3
2025-07-09,20250709110500000,sh.601398,7.9000,7.9200,7.8900,7.9100,7524200,59493888.0000,3
2025-07-09,20250709111000000,sh.601398,7.9100,7.9200,7.9000,7.9200,2726300,21561728.0000,3
2025-07-09,20250709111500000,sh.601398,7.9200,7.9200,7.9100,7.9100,4419000,34985088.0000,3
2025-07-09,20250709112000000,sh.601398,7.9100,7.9200,7.9000,7.9100,5530500,43746048.0000,3
2025-07-09,20250709112500000,sh.601398,7.9100,7.9300,7.9100,7.9200,4528000,35861120.0000,3
2025-07-09,20250709113000000,sh.601398,7.9300,7.9300,7.9000,7.9000,4435800,35108992.0000,3
2025-07-09,20250709130500000,sh.601398,7.9000,7.9200,7.8900,7.9100,9730200,76894848.0000,3
2025-07-09,20250709131000000,sh.601398,7.9100,7.9200,7.9100,7.9100,1706700,13506560.0000,3
2025-07-09,20250709131500000,sh.601398,7.9200,7.9200,7.9100,7.9200,3044900,24106624.0000,3
2025-07-09,20250709132000000,sh.601398,7.9100,7.9200,7.9100,7.9100,3238500,25626624.0000,3
2025-07-09,20250709132500000,sh.601398,7.9100,7.9300,7.9100,7.9200,4205800,33316480.0000,3
2025-07-09,20250709133000000,sh.601398,7.9200,7.9300,7.9100,7.9100,1704800,13495040.0000,3
2025-07-09,20250709133500000,sh.601398,7.9100,7.9200,7.9100,7.9100,1920600,15204864.0000,3
2025-07-09,20250709134000000,sh.601398,7.9100,7.9200,7.9100,7.9100,1836000,14531968.0000,3
2025-07-09,20250709134500000,sh.601398,7.9100,7.9200,7.9100,7.9200,2064500,16345600.0000,3
2025-07-09,20250709135000000,sh.601398,7.9200,7.9200,7.9100,7.9100,2299100,18202240.0000,3
2025-07-09,20250709135500000,sh.601398,7.9200,7.9200,7.9100,7.9100,3383800,26796416.0000,3
2025-07-09,20250709140000000,sh.601398,7.9100,7.9300,7.9100,7.9300,2739800,21698048.0000,3
2025-07-09,20250709140500000,sh.601398,7.9200,7.9200,7.9100,7.9100,4939000,39083904.0000,3
2025-07-09,20250709141000000,sh.601398,7.9100,7.9200,7.9000,7.9100,3571400,28225536.0000,3
2025-07-09,20250709141500000,sh.601398,7.9000,7.9100,7.9000,7.9100,3048800,24104448.0000,3
2025-07-09,20250709142000000,sh.601398,7.9100,7.9200,7.9000,7.9100,3810800,30155520.0000,3
2025-07-09,20250709142500000,sh.601398,7.9100,7.9200,7.9100,7.9100,2900600,22964096.0000,3
2025-07-09,20250709143000000,sh.601398,7.9200,7.9300,7.9100,7.9300,4433200,35104768.0000,3
2025-07-09,20250709143500000,sh.601398,7.9300,7.9300,7.9200,7.9200,10308600,81658880.0000,3
2025-07-09,20250709144000000,sh.601398,7.9200,7.9300,7.9000,7.9000,8133400,64363776.0000,3
2025-07-09,20250709144500000,sh.601398,7.9000,7.9000,7.8900,7.8900,6599800,52112774.0000,3
2025-07-09,20250709145000000,sh.601398,7.9000,7.9100,7.8900,7.9000,5001100,39526394.0000,3
2025-07-09,20250709145500000,sh.601398,7.9100,7.9200,7.8900,7.9000,11573900,91539200.0000,3
2025-07-09,20250709150000000,sh.601398,7.8900,7.9100,7.8500,7.8500,15578900,122420736.0000,3
2025-07-10,20250710093500000,sh.601398,7.8700,7.9200,7.8700,7.9000,24711300,195127328.0000,3
2025-07-10,20250710094000000,sh.601398,7.8900,7.9100,7.8900,7.9000,15364500,121387776.0000,3
2025-07-10,20250710094500000,sh.601398,7.8900,7.9100,7.8800,7.9000,12438300,98232512.0000,3
2025-07-10,20250710095000000,sh.601398,7.9100,7.9400,7.9000,7.9300,17934600,142138910.0000,3
2025-07-10,20250710095500000,sh.601398,7.9300,7.9400,7.9100,7.9400,13022300,103202812.0000,3
2025-07-10,20250710100000000,sh.601398,7.9400,7.9400,7.9200,7.9300,12190700,96711936.0000,3
2025-07-10,20250710100500000,sh.601398,7.9200,7.9700,7.9200,7.9600,12324500,97996874.0000,3
2025-07-10,20250710101000000,sh.601398,7.9600,7.9800,7.9500,7.9800,6870300,54754878.0000,3
2025-07-10,20250710101500000,sh.601398,7.9800,7.9800,7.9600,7.9700,13630300,108611522.0000,3
2025-07-10,20250710102000000,sh.601398,7.9700,7.9900,7.9700,7.9800,8224600,65633340.0000,3
2025-07-10,20250710102500000,sh.601398,7.9900,7.9900,7.9800,7.9900,9377800,74911104.0000,3
2025-07-10,20250710103000000,sh.601398,7.9900,8.0000,7.9800,8.0000,9417200,75250172.0000,3
2025-07-10,20250710103500000,sh.601398,8.0000,8.0300,7.9900,8.0300,18980600,152061060.0000,3
2025-07-10,20250710104000000,sh.601398,8.0300,8.0300,8.0000,8.0300,14356100,115123328.0000,3
2025-07-10,20250710104500000,sh.601398,8.0300,8.0500,8.0300,8.0500,9342800,75139328.0000,3
2025-07-10,20250710105000000,sh.601398,8.0400,8.0500,8.0200,8.0200,14745900,118451584.0000,3
2025-07-10,20250710105500000,sh.601398,8.0300,8.0500,8.0100,8.0400,12524800,100524288.0000,3
2025-07-10,20250710110000000,sh.601398,8.0500,8.0600,8.0300,8.0600,10504500,84523776.0000,3
2025-07-10,20250710110500000,sh.601398,8.0500,8.1000,8.0500,8.0900,11173700,90264320.0000,3
2025-07-10,20250710111000000,sh.601398,8.0800,8.1000,8.0700,8.0800,11526200,93165056.0000,3
2025-07-10,20250710111500000,sh.601398,8.0800,8.0800,8.0600,8.0800,11164700,90128256.0000,3
2025-07-10,20250710112000000,sh.601398,8.0800,8.1000,8.0700,8.1000,11472100,92826624.0000,3
2025-07-10,20250710112500000,sh.601398,8.0900,8.1000,8.0800,8.0900,8892400,71929600.0000,3
2025-07-10,20250710113000000,sh.601398,8.0800,8.0900,8.0600,8.0700,16047900,129503232.0000,3
2025-07-10,20250710130500000,sh.601398,8.0700,8.1300,8.0700,8.1100,19726000,159800320.0000,3
2025-07-10,20250710131000000,sh.601398,8.1100,8.1200,8.0900,8.1200,10154200,82284544.0000,3
2025-07-10,20250710131500000,sh.601398,8.1200,8.1300,8.1100,8.1100,8706900,70683904.0000,3
2025-07-10,20250710132000000,sh.601398,8.1200,8.1300,8.1000,8.1200,8780700,71272704.0000,3
2025-07-10,20250710132500000,sh.601398,8.1100,8.1300,8.1100,8.1200,5545400,45014272.0000,3
2025-07-10,20250710133000000,sh.601398,8.1300,8.1300,8.1100,8.1200,5475400,44465664.0000,3
2025-07-10,20250710133500000,sh.601398,8.1200,8.1300,8.1100,8.1200,5261400,42720256.0000,3
2025-07-10,20250710134000000,sh.601398,8.1200,8.1200,8.0900,8.0900,11682300,94714368.0000,3
2025-07-10,20250710134500000,sh.601398,8.1000,8.1000,8.0900,8.1000,5875800,47549184.0000,3
2025-07-10,20250710135000000,sh.601398,8.1000,8.1100,8.0900,8.1000,4564500,36970496.0000,3
2025-07-10,20250710135500000,sh.601398,8.1100,8.1100,8.1000,8.1100,7537700,61115136.0000,3
2025-07-10,20250710140000000,sh.601398,8.1100,8.1100,8.0900,8.1000,10510000,85100032.0000,3
2025-07-10,20250710140500000,sh.601398,8.1000,8.1100,8.0900,8.0900,6839900,55396352.0000,3
2025-07-10,20250710141000000,sh.601398,8.1000,8.1300,8.0900,8.1300,9175500,74464000.0000,3
2025-07-10,20250710141500000,sh.601398,8.1300,8.1300,8.1100,8.1300,7660500,62220800.0000,3
2025-07-10,20250710142000000,sh.601398,8.1300,8.1300,8.1000,8.1100,12223800,99190272.0000,3
2025-07-10,20250710142500000,sh.601398,8.1100,8.1200,8.1000,8.1100,10451900,84755200.0000,3
2025-07-10,20250710143000000,sh.601398,8.1100,8.1200,8.1000,8.1100,11941000,96796672.0000,3
2025-07-10,20250710143500000,sh.601398,8.1100,8.1100,8.0900,8.1000,11139600,90283776.0000,3
2025-07-10,20250710144000000,sh.601398,8.1000,8.1100,8.0900,8.1100,11733100,94985216.0000,3
2025-07-10,20250710144500000,sh.601398,8.1100,8.1200,8.1000,8.1000,19029500,154306560.0000,3
2025-07-10,20250710145000000,sh.601398,8.1100,8.1200,8.0900,8.1000,26863900,217654784.0000,3
2025-07-10,20250710145500000,sh.601398,8.1000,8.1100,8.0900,8.1100,18531300,150135296.0000,3
2025-07-10,20250710150000000,sh.601398,8.1100,8.1100,8.0800,8.0800,31398200,253902848.0000,3
2025-07-11,20250711093500000,sh.601398,8.1200,8.1600,8.0800,8.1200,45399600,368501248.0000,3
2025-07-11,20250711094000000,sh.601398,8.1100,8.1500,8.1100,8.1400,21997500,178882560.0000,3
2025-07-11,20250711094500000,sh.601398,8.1500,8.1700,8.1200,8.1300,24803700,202046720.0000,3
2025-07-11,20250711095000000,sh.601398,8.1300,8.1300,8.0900,8.0900,26689700,216430840.0000,3
2025-07-11,20250711095500000,sh.601398,8.0800,8.1800,8.0800,8.1700,29196300,237089408.0000,3
2025-07-11,20250711100000000,sh.601398,8.1800,8.2300,8.1600,8.2300,26932700,220598280.0000,3
2025-07-11,20250711100500000,sh.601398,8.2200,8.2800,8.2200,8.2600,20165700,166410112.0000,3
2025-07-11,20250711101000000,sh.601398,8.2700,8.2800,8.2600,8.2800,15190100,125654784.0000,3
2025-07-11,20250711101500000,sh.601398,8.2800,8.2900,8.2700,8.2900,13855300,114747136.0000,3
2025-07-11,20250711102000000,sh.601398,8.2900,8.3000,8.2200,8.2500,22822900,188352000.0000,3
2025-07-11,20250711102500000,sh.601398,8.2400,8.2700,8.2400,8.2400,19642300,162108160.0000,3
2025-07-11,20250711103000000,sh.601398,8.2400,8.2600,8.2100,8.2500,23701200,195119616.0000,3
2025-07-11,20250711103500000,sh.601398,8.2500,8.2900,8.2500,8.2800,11432300,94652672.0000,3
2025-07-11,20250711104000000,sh.601398,8.2900,8.3200,8.2800,8.3000,12604400,104634112.0000,3
2025-07-11,20250711104500000,sh.601398,8.3000,8.3200,8.2900,8.3200,8686200,72176384.0000,3
2025-07-11,20250711105000000,sh.601398,8.3200,8.3200,8.3000,8.3000,6577100,54649600.0000,3
2025-07-11,20250711105500000,sh.601398,8.3100,8.3100,8.2700,8.2900,11163200,92583936.0000,3
2025-07-11,20250711110000000,sh.601398,8.2900,8.3000,8.2700,8.2700,11568200,95886336.0000,3
2025-07-11,20250711110500000,sh.601398,8.2700,8.2900,8.2700,8.2900,9671700,80082688.0000,3
2025-07-11,20250711111000000,sh.601398,8.2800,8.3000,8.2800,8.3000,8663700,71855360.0000,3
2025-07-11,20250711111500000,sh.601398,8.3000,8.3200,8.2900,8.3100,6104400,50745600.0000,3
2025-07-11,20250711112000000,sh.601398,8.3200,8.3200,8.3100,8.3100,7688600,63961600.0000,3
2025-07-11,20250711112500000,sh.601398,8.3200,8.3300,8.2900,8.3300,13536900,112503040.0000,3
2025-07-11,20250711113000000,sh.601398,8.3300,8.3400,8.3200,8.3200,10213900,85069056.0000,3
2025-07-11,20250711130500000,sh.601398,8.3300,8.3500,8.3100,8.3300,20295700,169008896.0000,3
2025-07-11,20250711131000000,sh.601398,8.3300,8.3500,8.3300,8.3400,8859100,73921024.0000,3
2025-07-11,20250711131500000,sh.601398,8.3400,8.3500,8.3100,8.3100,19875900,165661696.0000,3
2025-07-11,20250711132000000,sh.601398,8.3100,8.3300,8.3000,8.3100,19724100,163987968.0000,3
2025-07-11,20250711132500000,sh.601398,8.3100,8.3100,8.2800,8.2800,26348300,218545152.0000,3
2025-07-11,20250711133000000,sh.601398,8.2800,8.3000,8.2800,8.2900,13020400,107932672.0000,3
2025-07-11,20250711133500000,sh.601398,8.2900,8.3000,8.2700,8.2800,17276100,143105280.0000,3
2025-07-11,20250711134000000,sh.601398,8.2800,8.2800,8.2100,8.2100,25289400,208682496.0000,3
2025-07-11,20250711134500000,sh.601398,8.2100,8.2500,8.2100,8.2400,17478000,143778813.0000,3
2025-07-11,20250711135000000,sh.601398,8.2400,8.2800,8.2400,8.2700,10575800,87349763.0000,3
2025-07-11,20250711135500000,sh.601398,8.2700,8.2700,8.2300,8.2300,13651600,112642048.0000,3
2025-07-11,20250711140000000,sh.601398,8.2300,8.2500,8.2100,8.2200,16638100,136905728.0000,3
2025-07-11,20250711140500000,sh.601398,8.2200,8.2200,8.2000,8.2100,19397300,159283200.0000,3
2025-07-11,20250711141000000,sh.601398,8.2100,8.2100,8.1700,8.2000,21711400,177833984.0000,3
2025-07-11,20250711141500000,sh.601398,8.2000,8.2200,8.1800,8.1900,19040600,156105216.0000,3
2025-07-11,20250711142000000,sh.601398,8.1900,8.2100,8.1800,8.1900,6995500,57336832.0000,3
2025-07-11,20250711142500000,sh.601398,8.1800,8.1800,8.1500,8.1500,19218400,156788736.0000,3
2025-07-11,20250711143000000,sh.601398,8.1600,8.1600,8.1300,8.1500,15745800,128178176.0000,3
2025-07-11,20250711143500000,sh.601398,8.1400,8.1500,8.1200,8.1200,13890200,112945664.0000,3
2025-07-11,20250711144000000,sh.601398,8.1200,8.1200,8.0900,8.0900,22773900,184644096.0000,3
2025-07-11,20250711144500000,sh.601398,8.0900,8.1000,8.0700,8.0800,33895900,273998336.0000,3
2025-07-11,20250711145000000,sh.601398,8.0800,8.0900,8.0700,8.0800,23214100,187552768.0000,3
2025-07-11,20250711145500000,sh.601398,8.0800,8.0900,8.0700,8.0800,25721900,207805952.0000,3
2025-07-11,20250711150000000,sh.601398,8.0800,8.0900,8.0100,8.0100,49650500,398379520.0000,3
2025-07-14,20250714093500000,sh.601398,7.9000,7.9800,7.8900,7.9500,72616300,576041471.0000,3
2025-07-14,20250714094000000,sh.601398,7.9600,7.9700,7.9000,7.9000,27259700,216531330.0000,3
2025-07-14,20250714094500000,sh.601398,7.9000,7.9300,7.8900,7.9000,21297000,168286973.0000,3
2025-07-14,20250714095000000,sh.601398,7.9000,7.9000,7.8600,7.8800,28189800,221913858.0000,3
2025-07-14,20250714095500000,sh.601398,7.8800,7.9000,7.8700,7.8900,12193700,96092539.0000,3
2025-07-14,20250714100000000,sh.601398,7.8900,7.9000,7.8800,7.8900,6635200,52337029.0000,3
2025-07-14,20250714100500000,sh.601398,7.9000,7.9200,7.8900,7.8900,9435700,74573185.0000,3
2025-07-14,20250714101000000,sh.601398,7.9000,7.9100,7.8900,7.9000,8207900,64822777.0000,3
2025-07-14,20250714101500000,sh.601398,7.9000,7.9100,7.8800,7.9100,8539400,67436550.0000,3
2025-07-14,20250714102000000,sh.601398,7.9100,7.9100,7.9000,7.9000,6290200,49703161.0000,3
2025-07-14,20250714102500000,sh.601398,7.9000,7.9300,7.9000,7.9100,12138200,96099328.0000,3
2025-07-14,20250714103000000,sh.601398,7.9200,7.9200,7.9100,7.9200,4246400,33606143.0000,3
2025-07-14,20250714103500000,sh.601398,7.9200,7.9400,7.9100,7.9200,8200200,65003020.0000,3
2025-07-14,20250714104000000,sh.601398,7.9300,7.9500,7.9200,7.9500,6364100,50511996.0000,3
2025-07-14,20250714104500000,sh.601398,7.9400,7.9500,7.9200,7.9300,5798700,45989496.0000,3
2025-07-14,20250714105000000,sh.601398,7.9400,7.9400,7.9300,7.9400,5835300,46288261.0000,3
2025-07-14,20250714105500000,sh.601398,7.9300,7.9400,7.9300,7.9300,3310400,26268547.0000,3
2025-07-14,20250714110000000,sh.601398,7.9300,7.9400,7.9300,7.9400,5027100,39887364.0000,3
2025-07-14,20250714110500000,sh.601398,7.9400,7.9500,7.9300,7.9300,7422900,58951804.0000,3
2025-07-14,20250714111000000,sh.601398,7.9400,7.9400,7.9200,7.9200,4931500,39096317.0000,3
2025-07-14,20250714111500000,sh.601398,7.9200,7.9300,7.9200,7.9200,2458000,19475971.0000,3
2025-07-14,20250714112000000,sh.601398,7.9300,7.9400,7.9200,7.9300,4136900,32804994.0000,3
2025-07-14,20250714112500000,sh.601398,7.9400,7.9400,7.9300,7.9300,4619600,36646400.0000,3
2025-07-14,20250714113000000,sh.601398,7.9300,7.9500,7.9200,7.9300,8338200,66169850.0000,3
2025-07-14,20250714130500000,sh.601398,7.9400,7.9600,7.9300,7.9400,12879400,102320390.0000,3
2025-07-14,20250714131000000,sh.601398,7.9400,7.9400,7.9100,7.9100,5993900,47479037.0000,3
2025-07-14,20250714131500000,sh.601398,7.9100,7.9200,7.9000,7.9200,7015900,55484932.0000,3
2025-07-14,20250714132000000,sh.601398,7.9100,7.9300,7.9000,7.9100,5906800,46734339.0000,3
2025-07-14,20250714132500000,sh.601398,7.9000,7.9100,7.8900,7.8900,8684700,68579578.0000,3
2025-07-14,20250714133000000,sh.601398,7.8900,7.8900,7.8700,7.8800,7738100,60974080.0000,3
2025-07-14,20250714133500000,sh.601398,7.8800,7.9000,7.8800,7.9000,4407700,34779898.0000,3
2025-07-14,20250714134000000,sh.601398,7.8900,7.9100,7.8900,7.8900,4025900,31793666.0000,3
2025-07-14,20250714134500000,sh.601398,7.9000,7.9000,7.8800,7.8800,3828100,30175748.0000,3
2025-07-14,20250714135000000,sh.601398,7.8900,7.8900,7.8800,7.8900,4560500,35945472.0000,3
2025-07-14,20250714135500000,sh.601398,7.8900,7.8900,7.8700,7.8700,3791100,29872384.0000,3
2025-07-14,20250714140000000,sh.601398,7.8800,7.8900,7.8700,7.8800,5613700,44226816.0000,3
2025-07-14,20250714140500000,sh.601398,7.8800,7.8900,7.8700,7.8800,3118300,24569600.0000,3
2025-07-14,20250714141000000,sh.601398,7.8800,7.8800,7.8700,7.8700,3486800,27450880.0000,3
2025-07-14,20250714141500000,sh.601398,7.8800,7.8800,7.8600,7.8700,8651200,68080384.0000,3
2025-07-14,20250714142000000,sh.601398,7.8600,7.8700,7.8600,7.8700,3354500,26379264.0000,3
2025-07-14,20250714142500000,sh.601398,7.8700,7.8700,7.8600,7.8700,4497000,35374848.0000,3
2025-07-14,20250714143000000,sh.601398,7.8700,7.8800,7.8700,7.8800,7014000,55226112.0000,3
2025-07-14,20250714143500000,sh.601398,7.8700,7.8800,7.8600,7.8600,6230300,49024256.0000,3
2025-07-14,20250714144000000,sh.601398,7.8700,7.8700,7.8500,7.8500,13260700,104196864.0000,3
2025-07-14,20250714144500000,sh.601398,7.8600,7.8600,7.8500,7.8500,11279700,88605952.0000,3
2025-07-14,20250714145000000,sh.601398,7.8600,7.8600,7.8400,7.8600,19677700,154479360.0000,3
2025-07-14,20250714145500000,sh.601398,7.8500,7.8600,7.8400,7.8500,16113600,126545664.0000,3
2025-07-14,20250714150000000,sh.601398,7.8400,7.8600,7.8400,7.8400,16071500,126043136.0000,3
2025-07-15,20250715093500000,sh.601398,7.8600,7.8700,7.8300,7.8300,20497200,161030336.0000,3
2025-07-15,20250715094000000,sh.601398,7.8400,7.8700,7.8300,7.8400,13437300,105437456.0000,3
2025-07-15,20250715094500000,sh.601398,7.8500,7.8800,7.8500,7.8700,10421800,81939472.0000,3
2025-07-15,20250715095000000,sh.601398,7.8800,7.8800,7.8500,7.8600,9180500,72162368.0000,3
2025-07-15,20250715095500000,sh.601398,7.8600,7.8800,7.8400,7.8700,13702500,107620352.0000,3
2025-07-15,20250715100000000,sh.601398,7.8700,7.8800,7.8500,7.8600,11874900,93363227.0000,3
2025-07-15,20250715100500000,sh.601398,7.8600,7.8700,7.8500,7.8500,6854300,53862077.0000,3
2025-07-15,20250715101000000,sh.601398,7.8600,7.8600,7.8500,7.8500,4955700,38932429.0000,3
2025-07-15,20250715101500000,sh.601398,7.8600,7.8600,7.8000,7.8100,16292200,127447667.0000,3
2025-07-15,20250715102000000,sh.601398,7.8100,7.8200,7.8000,7.8200,12587300,98270028.0000,3
2025-07-15,20250715102500000,sh.601398,7.8200,7.8500,7.8100,7.8400,5903200,46233534.0000,3
2025-07-15,20250715103000000,sh.601398,7.8500,7.8500,7.8300,7.8400,6236900,48909882.0000,3
2025-07-15,20250715103500000,sh.601398,7.8500,7.8600,7.8400,7.8500,4782300,37522564.0000,3
2025-07-15,20250715104000000,sh.601398,7.8500,7.8600,7.8400,7.8500,2530800,19872505.0000,3
2025-07-15,20250715104500000,sh.601398,7.8600,7.8600,7.8400,7.8500,5653500,44370047.0000,3
2025-07-15,20250715105000000,sh.601398,7.8400,7.8500,7.8300,7.8300,4895900,38388224.0000,3
2025-07-15,20250715105500000,sh.601398,7.8400,7.8400,7.8200,7.8300,5806700,45427342.0000,3
2025-07-15,20250715110000000,sh.601398,7.8300,7.8300,7.8100,7.8200,3173200,24807550.0000,3
2025-07-15,20250715110500000,sh.601398,7.8200,7.8200,7.8000,7.8000,7043000,54990200.0000,3
2025-07-15,20250715111000000,sh.601398,7.8100,7.8100,7.7800,7.7800,12167500,94881288.0000,3
2025-07-15,20250715111500000,sh.601398,7.7900,7.7900,7.7700,7.7700,12674200,98550268.0000,3
2025-07-15,20250715112000000,sh.601398,7.7700,7.7900,7.7600,7.7700,8664100,67363840.0000,3
2025-07-15,20250715112500000,sh.601398,7.7800,7.7900,7.7700,7.7900,4365400,33946368.0000,3
2025-07-15,20250715113000000,sh.601398,7.7900,7.7900,7.7800,7.7900,3226800,25113728.0000,3
2025-07-15,20250715130500000,sh.601398,7.7900,7.8100,7.7800,7.7800,10480400,81673728.0000,3
2025-07-15,20250715131000000,sh.601398,7.7800,7.7900,7.7700,7.7800,3902600,30337280.0000,3
2025-07-15,20250715131500000,sh.601398,7.7800,7.8100,7.7700,7.8000,9137300,71156608.0000,3
2025-07-15,20250715132000000,sh.601398,7.8000,7.8000,7.7800,7.7900,2680000,20876544.0000,3
2025-07-15,20250715132500000,sh.601398,7.7900,7.8000,7.7800,7.7900,4888700,38060414.0000,3
2025-07-15,20250715133000000,sh.601398,7.7900,7.8000,7.7800,7.8000,4708000,36670082.0000,3
2025-07-15,20250715133500000,sh.601398,7.7900,7.8000,7.7800,7.7800,3782200,29465848.0000,3
2025-07-15,20250715134000000,sh.601398,7.7900,7.7900,7.7800,7.7800,2897100,22558088.0000,3
2025-07-15,20250715134500000,sh.601398,7.7900,7.7900,7.7800,7.7800,1781400,13868160.0000,3
2025-07-15,20250715135000000,sh.601398,7.7900,7.8000,7.7800,7.8000,4896700,38123642.0000,3
2025-07-15,20250715135500000,sh.601398,7.8000,7.8000,7.7900,7.8000,1869100,14569854.0000,3
2025-07-15,20250715140000000,sh.601398,7.8000,7.8000,7.7900,7.8000,2180000,16992396.0000,3
2025-07-15,20250715140500000,sh.601398,7.8000,7.8000,7.7900,7.7900,3701200,28849020.0000,3
2025-07-15,20250715141000000,sh.601398,7.8000,7.8100,7.7900,7.8000,4471300,34861181.0000,3
2025-07-15,20250715141500000,sh.601398,7.8100,7.8100,7.8000,7.8100,2377200,18554502.0000,3
2025-07-15,20250715142000000,sh.601398,7.8100,7.8100,7.7900,7.7900,4995400,38959609.0000,3
2025-07-15,20250715142500000,sh.601398,7.8000,7.8000,7.7900,7.8000,1547700,12065284.0000,3
2025-07-15,20250715143000000,sh.601398,7.7900,7.8000,7.7900,7.7900,2657000,20715780.0000,3
2025-07-15,20250715143500000,sh.601398,7.8000,7.8000,7.7900,7.8000,2515300,19609080.0000,3
2025-07-15,20250715144000000,sh.601398,7.8000,7.8000,7.7900,7.7900,3732800,29105156.0000,3
2025-07-15,20250715144500000,sh.601398,7.8000,7.8000,7.7900,7.8000,4112000,32059652.0000,3
2025-07-15,20250715145000000,sh.601398,7.8000,7.8000,7.7900,7.8000,6996900,54521332.0000,3
2025-07-15,20250715145500000,sh.601398,7.8000,7.8000,7.7800,7.7900,10883800,84760588.0000,3
2025-07-15,20250715150000000,sh.601398,7.7800,7.8000,7.7800,7.8000,10566800,82374144.0000,3
2025-07-16,20250716093500000,sh.601398,7.7700,7.7800,7.7200,7.7500,31021500,240390080.0000,3
2025-07-16,20250716094000000,sh.601398,7.7400,7.7600,7.7100,7.7300,25975700,200730336.0000,3
2025-07-16,20250716094500000,sh.601398,7.7200,7.7500,7.7100,7.7100,12252200,94670624.0000,3
2025-07-16,20250716095000000,sh.601398,7.7100,7.7300,7.7000,7.7300,18033200,139062916.0000,3
2025-07-16,20250716095500000,sh.601398,7.7200,7.7400,7.7000,7.7300,11967200,92365697.0000,3
2025-07-16,20250716100000000,sh.601398,7.7300,7.7500,7.7200,7.7400,9568900,74000193.0000,3
2025-07-16,20250716100500000,sh.601398,7.7300,7.7400,7.7100,7.7200,7915600,61159418.0000,3
2025-07-16,20250716101000000,sh.601398,7.7100,7.7200,7.7000,7.7100,10030900,77327232.0000,3
2025-07-16,20250716101500000,sh.601398,7.7100,7.7200,7.7000,7.7100,5524900,42607044.0000,3
2025-07-16,20250716102000000,sh.601398,7.7100,7.7200,7.7000,7.7200,8161000,62915775.0000,3
2025-07-16,20250716102500000,sh.601398,7.7200,7.7300,7.7000,7.7300,8477100,65405177.0000,3
2025-07-16,20250716103000000,sh.601398,7.7300,7.7300,7.7100,7.7200,5387500,41598472.0000,3
2025-07-16,20250716103500000,sh.601398,7.7200,7.7200,7.7000,7.7100,7750000,59727618.0000,3
2025-07-16,20250716104000000,sh.601398,7.7000,7.7200,7.7000,7.7100,5994700,46227585.0000,3
2025-07-16,20250716104500000,sh.601398,7.7200,7.7200,7.7000,7.7000,5030200,38761211.0000,3
2025-07-16,20250716105000000,sh.601398,7.7000,7.7200,7.7000,7.7100,3578500,27577980.0000,3
2025-07-16,20250716105500000,sh.601398,7.7100,7.7200,7.7100,7.7100,3743000,28873987.0000,3
2025-07-16,20250716110000000,sh.601398,7.7100,7.7200,7.7000,7.7000,4216900,32505847.0000,3
2025-07-16,20250716110500000,sh.601398,7.7000,7.7100,7.7000,7.7000,2209800,17024394.0000,3
2025-07-16,20250716111000000,sh.601398,7.7000,7.7200,7.7000,7.7100,4206900,32447865.0000,3
2025-07-16,20250716111500000,sh.601398,7.7200,7.7400,7.7100,7.7200,7380800,57021057.0000,3
2025-07-16,20250716112000000,sh.601398,7.7300,7.7300,7.7200,7.7200,2023900,15637764.0000,3
2025-07-16,20250716112500000,sh.601398,7.7300,7.7300,7.7200,7.7200,2872300,22178945.0000,3
2025-07-16,20250716113000000,sh.601398,7.7200,7.7300,7.7100,7.7100,2586100,19965176.0000,3
2025-07-16,20250716130500000,sh.601398,7.7200,7.7300,7.7100,7.7100,8675100,66949375.0000,3
2025-07-16,20250716131000000,sh.601398,7.7100,7.7300,7.7100,7.7200,3693600,28514565.0000,3
2025-07-16,20250716131500000,sh.601398,7.7100,7.7400,7.7100,7.7400,7839900,60572923.0000,3
2025-07-16,20250716132000000,sh.601398,7.7300,7.7400,7.7300,7.7400,3885300,30046474.0000,3
2025-07-16,20250716132500000,sh.601398,7.7300,7.7400,7.7300,7.7400,2916900,22554360.0000,3
2025-07-16,20250716133000000,sh.601398,7.7300,7.7400,7.7200,7.7300,5898300,45581836.0000,3
2025-07-16,20250716133500000,sh.601398,7.7300,7.7400,7.7200,7.7300,4559700,35250418.0000,3
2025-07-16,20250716134000000,sh.601398,7.7400,7.7400,7.7300,7.7400,3508800,27150596.0000,3
2025-07-16,20250716134500000,sh.601398,7.7400,7.7400,7.7200,7.7400,3799100,29373317.0000,3
2025-07-16,20250716135000000,sh.601398,7.7300,7.7400,7.7200,7.7300,5338300,41220351.0000,3
2025-07-16,20250716135500000,sh.601398,7.7300,7.7300,7.7100,7.7200,2958100,22835077.0000,3
2025-07-16,20250716140000000,sh.601398,7.7100,7.7400,7.7100,7.7300,5635500,43560190.0000,3
2025-07-16,20250716140500000,sh.601398,7.7400,7.7400,7.7200,7.7300,2207400,17067905.0000,3
2025-07-16,20250716141000000,sh.601398,7.7300,7.7500,7.7200,7.7400,6489400,50210939.0000,3
2025-07-16,20250716141500000,sh.601398,7.7500,7.7700,7.7400,7.7500,9274800,71944961.0000,3
2025-07-16,20250716142000000,sh.601398,7.7600,7.7800,7.7500,7.7800,7622200,59242752.0000,3
2025-07-16,20250716142500000,sh.601398,7.7800,7.7800,7.7600,7.7600,5266800,40931072.0000,3
2025-07-16,20250716143000000,sh.601398,7.7700,7.7800,7.7600,7.7700,5460600,42420736.0000,3
2025-07-16,20250716143500000,sh.601398,7.7700,7.7800,7.7600,7.7700,3045600,23661568.0000,3
2025-07-16,20250716144000000,sh.601398,7.7600,7.7800,7.7600,7.7800,4181000,32497664.0000,3
2025-07-16,20250716144500000,sh.601398,7.7700,7.7900,7.7700,7.7800,7796800,60646400.0000,3
2025-07-16,20250716145000000,sh.601398,7.7800,7.8000,7.7800,7.8000,15989900,124585728.0000,3
2025-07-16,20250716145500000,sh.601398,7.8000,7.8000,7.7800,7.7900,9580400,74614784.0000,3
2025-07-16,20250716150000000,sh.601398,7.7900,7.8000,7.7800,7.8000,10966500,85495040.0000,3
2025-07-17,20250717093500000,sh.601398,7.7900,7.8100,7.7800,7.8000,19762900,154013072.0000,3
2025-07-17,20250717094000000,sh.601398,7.8000,7.8000,7.7600,7.7800,13564700,105486976.0000,3
2025-07-17,20250717094500000,sh.601398,7.7800,7.7900,7.7500,7.7600,10203800,79244560.0000,3
2025-07-17,20250717095000000,sh.601398,7.7600,7.7700,7.7400,7.7500,10038400,77782976.0000,3
2025-07-17,20250717095500000,sh.601398,7.7400,7.7600,7.7400,7.7500,6237800,48345120.0000,3
2025-07-17,20250717100000000,sh.601398,7.7600,7.7700,7.7300,7.7400,12549500,97210368.0000,3
2025-07-17,20250717100500000,sh.601398,7.7300,7.7400,7.7200,7.7300,10271600,79373698.0000,3
2025-07-17,20250717101000000,sh.601398,7.7200,7.7400,7.7200,7.7400,6118500,47282362.0000,3
2025-07-17,20250717101500000,sh.601398,7.7400,7.7500,7.7300,7.7500,6819700,52779584.0000,3
2025-07-17,20250717102000000,sh.601398,7.7400,7.7500,7.7300,7.7500,5951300,46048772.0000,3
2025-07-17,20250717102500000,sh.601398,7.7400,7.7500,7.7300,7.7400,3710400,28723066.0000,3
2025-07-17,20250717103000000,sh.601398,7.7400,7.7400,7.7200,7.7200,6771800,52358796.0000,3
2025-07-17,20250717103500000,sh.601398,7.7200,7.7300,7.7200,7.7300,7808400,60328562.0000,3
2025-07-17,20250717104000000,sh.601398,7.7300,7.7600,7.7300,7.7600,7330600,56766217.0000,3
2025-07-17,20250717104500000,sh.601398,7.7500,7.7500,7.7400,7.7400,2976600,23066497.0000,3
2025-07-17,20250717105000000,sh.601398,7.7400,7.7600,7.7400,7.7600,3693300,28623170.0000,3
2025-07-17,20250717105500000,sh.601398,7.7500,7.7700,7.7500,7.7700,4860500,37742267.0000,3
2025-07-17,20250717110000000,sh.601398,7.7700,7.7700,7.7500,7.7600,3171500,24617209.0000,3
2025-07-17,20250717110500000,sh.601398,7.7600,7.7700,7.7500,7.7600,2585700,20071810.0000,3
2025-07-17,20250717111000000,sh.601398,7.7700,7.7700,7.7500,7.7600,2317800,17986942.0000,3
2025-07-17,20250717111500000,sh.601398,7.7600,7.7700,7.7500,7.7500,1907900,14803848.0000,3
2025-07-17,20250717112000000,sh.601398,7.7600,7.7700,7.7500,7.7600,3748400,29097602.0000,3
2025-07-17,20250717112500000,sh.601398,7.7600,7.7700,7.7600,7.7600,1491800,11582582.0000,3
2025-07-17,20250717113000000,sh.601398,7.7700,7.7800,7.7600,7.7800,3363200,26132740.0000,3
2025-07-17,20250717130500000,sh.601398,7.7800,7.7800,7.7600,7.7600,4580000,35582986.0000,3
2025-07-17,20250717131000000,sh.601398,7.7600,7.7700,7.7600,7.7600,3482400,27025522.0000,3
2025-07-17,20250717131500000,sh.601398,7.7500,7.7600,7.7500,7.7500,3938600,30533766.0000,3
2025-07-17,20250717132000000,sh.601398,7.7500,7.7600,7.7400,7.7500,4331000,33576578.0000,3
2025-07-17,20250717132500000,sh.601398,7.7500,7.7600,7.7400,7.7400,2326900,18026117.0000,3
2025-07-17,20250717133000000,sh.601398,7.7500,7.7500,7.7400,7.7500,4658300,36071799.0000,3
2025-07-17,20250717133500000,sh.601398,7.7400,7.7500,7.7300,7.7500,4384800,33945730.0000,3
2025-07-17,20250717134000000,sh.601398,7.7500,7.7500,7.7400,7.7400,2830200,21917568.0000,3
2025-07-17,20250717134500000,sh.601398,7.7500,7.7500,7.7300,7.7300,3803500,29436162.0000,3
2025-07-17,20250717135000000,sh.601398,7.7400,7.7400,7.7300,7.7400,2364100,18285820.0000,3
2025-07-17,20250717135500000,sh.601398,7.7400,7.7500,7.7300,7.7500,7904800,61188992.0000,3
2025-07-17,20250717140000000,sh.601398,7.7500,7.7500,7.7400,7.7500,3471600,26900356.0000,3
2025-07-17,20250717140500000,sh.601398,7.7500,7.7600,7.7400,7.7500,4947400,38336764.0000,3
2025-07-17,20250717141000000,sh.601398,7.7500,7.7500,7.7400,7.7500,2636600,20426633.0000,3
2025-07-17,20250717141500000,sh.601398,7.7500,7.7500,7.7400,7.7500,2017400,15627773.0000,3
2025-07-17,20250717142000000,sh.601398,7.7500,7.7500,7.7400,7.7500,6159800,47689090.0000,3
2025-07-17,20250717142500000,sh.601398,7.7400,7.7500,7.7400,7.7500,4088900,31673460.0000,3
2025-07-17,20250717143000000,sh.601398,7.7500,7.7500,7.7400,7.7400,5191700,40201990.0000,3
2025-07-17,20250717143500000,sh.601398,7.7400,7.7500,7.7400,7.7500,3569000,27649658.0000,3
2025-07-17,20250717144000000,sh.601398,7.7500,7.7600,7.7400,7.7600,8062900,62491279.0000,3
2025-07-17,20250717144500000,sh.601398,7.7600,7.7600,7.7400,7.7500,8598100,66636026.0000,3
2025-07-17,20250717145000000,sh.601398,7.7400,7.7500,7.7400,7.7500,6571600,50898936.0000,3
2025-07-17,20250717145500000,sh.601398,7.7500,7.7600,7.7400,7.7600,11196800,86746498.0000,3
2025-07-17,20250717150000000,sh.601398,7.7500,7.7600,7.7400,7.7500,10949200,84829309.0000,3
2025-07-18,20250718093500000,sh.601398,7.7400,7.7600,7.7200,7.7200,17392800,134524000.0000,3
2025-07-18,20250718094000000,sh.601398,7.7300,7.7300,7.7000,7.7100,19197700,148020064.0000,3
2025-07-18,20250718094500000,sh.601398,7.7000,7.7300,7.7000,7.7300,11747900,90623904.0000,3
2025-07-18,20250718095000000,sh.601398,7.7300,7.7700,7.7300,7.7600,16094300,124714720.0000,3
2025-07-18,20250718095500000,sh.601398,7.7500,7.7700,7.7300,7.7700,10927400,84703424.0000,3
2025-07-18,20250718100000000,sh.601398,7.7700,7.7700,7.7600,7.7700,4716000,36630087.0000,3
2025-07-18,20250718100500000,sh.601398,7.7600,7.7700,7.7500,7.7600,9691400,75217977.0000,3
2025-07-18,20250718101000000,sh.601398,7.7600,7.7900,7.7500,7.7900,14292100,111082424.0000,3
2025-07-18,20250718101500000,sh.601398,7.7900,7.8000,7.7800,7.8000,10520500,81970632.0000,3
2025-07-18,20250718102000000,sh.601398,7.8000,7.8000,7.7800,7.7900,10528000,82010630.0000,3
2025-07-18,20250718102500000,sh.601398,7.8000,7.8100,7.7900,7.8100,13323600,103962999.0000,3
2025-07-18,20250718103000000,sh.601398,7.8000,7.8200,7.8000,7.8100,6327600,49414403.0000,3
2025-07-18,20250718103500000,sh.601398,7.8100,7.8100,7.7700,7.7900,8933900,69585538.0000,3
2025-07-18,20250718104000000,sh.601398,7.7800,7.8000,7.7800,7.7900,3271400,25484542.0000,3
2025-07-18,20250718104500000,sh.601398,7.7900,7.7900,7.7700,7.7800,2448700,19046142.0000,3
2025-07-18,20250718105000000,sh.601398,7.7700,7.7900,7.7700,7.7800,2406800,18723195.0000,3
2025-07-18,20250718105500000,sh.601398,7.7900,7.7900,7.7800,7.7800,2428800,18909567.0000,3
2025-07-18,20250718110000000,sh.601398,7.7900,7.7900,7.7800,7.7900,1701700,13251598.0000,3
2025-07-18,20250718110500000,sh.601398,7.7800,7.8000,7.7800,7.8000,5173300,40325106.0000,3
2025-07-18,20250718111000000,sh.601398,7.8000,7.8000,7.7900,7.7900,1466400,11432712.0000,3
2025-07-18,20250718111500000,sh.601398,7.8000,7.8100,7.7900,7.8000,5336600,41634816.0000,3
2025-07-18,20250718112000000,sh.601398,7.8000,7.8000,7.7800,7.7900,3284800,25596415.0000,3
2025-07-18,20250718112500000,sh.601398,7.7900,7.8000,7.7800,7.7900,1671300,13023609.0000,3
2025-07-18,20250718113000000,sh.601398,7.8000,7.8000,7.7700,7.7700,4861000,37835654.0000,3
2025-07-18,20250718130500000,sh.601398,7.7800,7.7800,7.7600,7.7700,5748000,44668162.0000,3
2025-07-18,20250718131000000,sh.601398,7.7800,7.7800,7.7700,7.7700,2556300,19871489.0000,3
2025-07-18,20250718131500000,sh.601398,7.7800,7.7800,7.7600,7.7800,2564200,19927671.0000,3
2025-07-18,20250718132000000,sh.601398,7.7700,7.7900,7.7700,7.7800,6214100,48362760.0000,3
2025-07-18,20250718132500000,sh.601398,7.7900,7.7900,7.7700,7.7700,2266200,17624830.0000,3
2025-07-18,20250718133000000,sh.601398,7.7700,7.7800,7.7700,7.7800,2086900,16222846.0000,3
2025-07-18,20250718133500000,sh.601398,7.7800,7.7800,7.7600,7.7700,2037400,15834364.0000,3
2025-07-18,20250718134000000,sh.601398,7.7700,7.7800,7.7700,7.7800,1786300,13888270.0000,3
2025-07-18,20250718134500000,sh.601398,7.7800,7.7800,7.7700,7.7700,1813700,14099965.0000,3
2025-07-18,20250718135000000,sh.601398,7.7800,7.7800,7.7700,7.7800,2684400,20873474.0000,3
2025-07-18,20250718135500000,sh.601398,7.7800,7.7900,7.7700,7.7800,3872200,30122491.0000,3
2025-07-18,20250718140000000,sh.601398,7.7700,7.7800,7.7700,7.7700,3700700,28781560.0000,3
2025-07-18,20250718140500000,sh.601398,7.7800,7.7800,7.7700,7.7800,2633700,20486021.0000,3
2025-07-18,20250718141000000,sh.601398,7.7800,7.7800,7.7700,7.7700,4717200,36665089.0000,3
2025-07-18,20250718141500000,sh.601398,7.7700,7.7700,7.7600,7.7600,1468400,11405306.0000,3
2025-07-18,20250718142000000,sh.601398,7.7600,7.7700,7.7600,7.7700,1408500,10937742.0000,3
2025-07-18,20250718142500000,sh.601398,7.7700,7.7700,7.7600,7.7700,1726200,13403130.0000,3
2025-07-18,20250718143000000,sh.601398,7.7600,7.7700,7.7600,7.7600,3758200,29170309.0000,3
2025-07-18,20250718143500000,sh.601398,7.7600,7.7700,7.7600,7.7600,2416200,18758899.0000,3
2025-07-18,20250718144000000,sh.601398,7.7700,7.7700,7.7600,7.7700,5154700,40043008.0000,3
2025-07-18,20250718144500000,sh.601398,7.7700,7.7800,7.7600,7.7700,4385600,34065928.0000,3
2025-07-18,20250718145000000,sh.601398,7.7800,7.7800,7.7600,7.7700,5987800,46536444.0000,3
2025-07-18,20250718145500000,sh.601398,7.7700,7.7800,7.7600,7.7800,5972800,46420357.0000,3
2025-07-18,20250718150000000,sh.601398,7.7800,7.7800,7.7700,7.7700,8081300,62812804.0000,3
2025-07-21,20250721093500000,sh.601398,7.7600,7.7700,7.7300,7.7600,17968800,139282080.0000,3
2025-07-21,20250721094000000,sh.601398,7.7600,7.7600,7.7400,7.7500,7967800,61758608.0000,3
2025-07-21,20250721094500000,sh.601398,7.7400,7.7500,7.7300,7.7400,9287900,71864976.0000,3
2025-07-21,20250721095000000,sh.601398,7.7300,7.7500,7.7200,7.7300,11571500,89467776.0000,3
2025-07-21,20250721095500000,sh.601398,7.7400,7.7500,7.7200,7.7200,9827400,75978688.0000,3
2025-07-21,20250721100000000,sh.601398,7.7300,7.7300,7.7000,7.7100,31846200,245497216.0000,3
2025-07-21,20250721100500000,sh.601398,7.7100,7.7100,7.6700,7.6800,30911100,237607936.0000,3
2025-07-21,20250721101000000,sh.601398,7.6800,7.7000,7.6800,7.6900,10836700,83275834.0000,3
2025-07-21,20250721101500000,sh.601398,7.6900,7.7100,7.6900,7.7100,6052800,46592716.0000,3
2025-07-21,20250721102000000,sh.601398,7.7000,7.7200,7.7000,7.7200,5471300,42177268.0000,3
2025-07-21,20250721102500000,sh.601398,7.7200,7.7200,7.7000,7.7000,4603300,35480972.0000,3
2025-07-21,20250721103000000,sh.601398,7.7000,7.7100,7.7000,7.7100,2542500,19581432.0000,3
2025-07-21,20250721103500000,sh.601398,7.7100,7.7100,7.6900,7.6900,3392700,26119940.0000,3
2025-07-21,20250721104000000,sh.601398,7.7000,7.7000,7.6900,7.7000,5137700,39516410.0000,3
2025-07-21,20250721104500000,sh.601398,7.6900,7.7000,7.6900,7.6900,3445900,26502920.0000,3
2025-07-21,20250721105000000,sh.601398,7.6900,7.7000,7.6900,7.7000,2006100,15431416.0000,3
2025-07-21,20250721105500000,sh.601398,7.6900,7.7000,7.6900,7.7000,4067800,31309958.0000,3
2025-07-21,20250721110000000,sh.601398,7.6900,7.7000,7.6900,7.7000,2158200,16606838.0000,3
2025-07-21,20250721110500000,sh.601398,7.6900,7.7100,7.6900,7.7000,4279600,32953733.0000,3
2025-07-21,20250721111000000,sh.601398,7.7100,7.7100,7.7000,7.7100,2260900,17414021.0000,3
2025-07-21,20250721111500000,sh.601398,7.7000,7.7100,7.6900,7.7000,4417400,34015872.0000,3
2025-07-21,20250721112000000,sh.601398,7.7000,7.7000,7.6900,7.6900,2781800,21404922.0000,3
2025-07-21,20250721112500000,sh.601398,7.7000,7.7000,7.6900,7.6900,3585900,27582589.0000,3
2025-07-21,20250721113000000,sh.601398,7.6900,7.7000,7.6900,7.7000,5321300,40922637.0000,3
2025-07-21,20250721130500000,sh.601398,7.7000,7.7000,7.6900,7.6900,4380500,33703546.0000,3
2025-07-21,20250721131000000,sh.601398,7.7000,7.7100,7.6900,7.7100,3858900,29721348.0000,3
2025-07-21,20250721131500000,sh.601398,7.7100,7.7100,7.7000,7.7100,1716200,13222780.0000,3
2025-07-21,20250721132000000,sh.601398,7.7100,7.7200,7.7000,7.7000,7301800,56305404.0000,3
2025-07-21,20250721132500000,sh.601398,7.7100,7.7100,7.7000,7.7000,1405100,10824575.0000,3
2025-07-21,20250721133000000,sh.601398,7.7000,7.7200,7.7000,7.7100,4626300,35674760.0000,3
2025-07-21,20250721133500000,sh.601398,7.7100,7.7200,7.7100,7.7100,1745500,13465730.0000,3
2025-07-21,20250721134000000,sh.601398,7.7100,7.7200,7.7000,7.7100,4265800,32894076.0000,3
2025-07-21,20250721134500000,sh.601398,7.7200,7.7200,7.7000,7.7100,4012100,30941439.0000,3
2025-07-21,20250721135000000,sh.601398,7.7200,7.7200,7.7000,7.7000,2596100,20012544.0000,3
2025-07-21,20250721135500000,sh.601398,7.7100,7.7100,7.7000,7.7000,2418500,18633989.0000,3
2025-07-21,20250721140000000,sh.601398,7.7100,7.7200,7.7000,7.7100,4246000,32738431.0000,3
2025-07-21,20250721140500000,sh.601398,7.7200,7.7200,7.7100,7.7200,4598100,35469695.0000,3
2025-07-21,20250721141000000,sh.601398,7.7200,7.7200,7.7100,7.7100,8321500,64173813.0000,3
2025-07-21,20250721141500000,sh.601398,7.7100,7.7200,7.7100,7.7200,4038100,31143044.0000,3
2025-07-21,20250721142000000,sh.601398,7.7200,7.7200,7.7000,7.7000,4206700,32426763.0000,3
2025-07-21,20250721142500000,sh.601398,7.7100,7.7100,7.7000,7.7000,4689600,36130678.0000,3
2025-07-21,20250721143000000,sh.601398,7.7100,7.7100,7.7000,7.7000,5214000,40156803.0000,3
2025-07-21,20250721143500000,sh.601398,7.7100,7.7100,7.6900,7.6900,6331900,48730488.0000,3
2025-07-21,20250721144000000,sh.601398,7.7000,7.7000,7.6900,7.7000,7678600,59069710.0000,3
2025-07-21,20250721144500000,sh.601398,7.7000,7.7000,7.6900,7.6900,8337600,64135420.0000,3
2025-07-21,20250721145000000,sh.601398,7.6900,7.7000,7.6900,7.7000,7357500,56591351.0000,3
2025-07-21,20250721145500000,sh.601398,7.7000,7.7000,7.6900,7.6900,6494200,49962755.0000,3
2025-07-21,20250721150000000,sh.601398,7.7000,7.7000,7.6900,7.7000,11963400,92078088.0000,3
2025-07-22,20250722093500000,sh.601398,7.6700,7.6800,7.6500,7.6700,27489100,210598160.0000,3
2025-07-22,20250722094000000,sh.601398,7.6700,7.6800,7.6500,7.6600,12212300,93574032.0000,3
2025-07-22,20250722094500000,sh.601398,7.6600,7.6700,7.6400,7.6400,15726700,120293472.0000,3
2025-07-22,20250722095000000,sh.601398,7.6500,7.6500,7.6100,7.6200,31836500,242819010.0000,3
2025-07-22,20250722095500000,sh.601398,7.6200,7.6200,7.6000,7.6200,18165700,138259259.0000,3
2025-07-22,20250722100000000,sh.601398,7.6100,7.6200,7.5700,7.5700,41501500,315130623.0000,3
2025-07-22,20250722100500000,sh.601398,7.5700,7.6100,7.5700,7.6100,18289800,138777099.0000,3
2025-07-22,20250722101000000,sh.601398,7.6100,7.6100,7.5800,7.5800,9470000,71910649.0000,3
2025-07-22,20250722101500000,sh.601398,7.5800,7.6000,7.5800,7.5900,9147100,69389702.0000,3
2025-07-22,20250722102000000,sh.601398,7.5900,7.6100,7.5800,7.6000,9453700,71804530.0000,3
2025-07-22,20250722102500000,sh.601398,7.6100,7.6100,7.5800,7.5900,7974300,60526732.0000,3
2025-07-22,20250722103000000,sh.601398,7.5900,7.5900,7.5800,7.5800,5258800,39882753.0000,3
2025-07-22,20250722103500000,sh.601398,7.5900,7.5900,7.5800,7.5800,6920100,52473587.0000,3
2025-07-22,20250722104000000,sh.601398,7.5800,7.6000,7.5800,7.6000,7060100,53589632.0000,3
2025-07-22,20250722104500000,sh.601398,7.5900,7.6000,7.5700,7.5700,8216400,62311553.0000,3
2025-07-22,20250722105000000,sh.601398,7.5700,7.5900,7.5700,7.5800,5507100,41719686.0000,3
2025-07-22,20250722105500000,sh.601398,7.5900,7.5900,7.5800,7.5800,4564600,34608893.0000,3
2025-07-22,20250722110000000,sh.601398,7.5900,7.5900,7.5700,7.5700,7302400,55316996.0000,3
2025-07-22,20250722110500000,sh.601398,7.5700,7.5800,7.5600,7.5600,13787500,104343424.0000,3
2025-07-22,20250722111000000,sh.601398,7.5700,7.5700,7.5600,7.5600,6434500,48665984.0000,3
2025-07-22,20250722111500000,sh.601398,7.5700,7.5700,7.5600,7.5600,4997400,37800064.0000,3
2025-07-22,20250722112000000,sh.601398,7.5700,7.5700,7.5600,7.5600,4329200,32750208.0000,3
2025-07-22,20250722112500000,sh.601398,7.5600,7.5800,7.5600,7.5800,4666800,35339012.0000,3
2025-07-22,20250722113000000,sh.601398,7.5800,7.5900,7.5700,7.5800,4170700,31610880.0000,3
2025-07-22,20250722130500000,sh.601398,7.5900,7.6000,7.5800,7.6000,12866500,97646836.0000,3
2025-07-22,20250722131000000,sh.601398,7.6000,7.6300,7.5900,7.6100,17847700,135848192.0000,3
2025-07-22,20250722131500000,sh.601398,7.6100,7.6200,7.5800,7.5800,10280100,78157066.0000,3
2025-07-22,20250722132000000,sh.601398,7.5800,7.5900,7.5800,7.5900,5287400,40092158.0000,3
2025-07-22,20250722132500000,sh.601398,7.5900,7.6000,7.5800,7.5900,5825600,44208632.0000,3
2025-07-22,20250722133000000,sh.601398,7.6000,7.6100,7.5900,7.6000,7300000,55462408.0000,3
2025-07-22,20250722133500000,sh.601398,7.5900,7.6100,7.5800,7.5900,6681300,50723590.0000,3
2025-07-22,20250722134000000,sh.601398,7.5900,7.6100,7.5800,7.6000,6413200,48724473.0000,3
2025-07-22,20250722134500000,sh.601398,7.6000,7.6000,7.5800,7.5900,4267400,32387585.0000,3
2025-07-22,20250722135000000,sh.601398,7.5900,7.5900,7.5800,7.5900,5095200,38652416.0000,3
2025-07-22,20250722135500000,sh.601398,7.5900,7.6000,7.5800,7.5900,5071200,38479104.0000,3
2025-07-22,20250722140000000,sh.601398,7.5800,7.5900,7.5700,7.5800,11300100,85604352.0000,3
2025-07-22,20250722140500000,sh.601398,7.5700,7.5800,7.5700,7.5700,4158900,31491328.0000,3
2025-07-22,20250722141000000,sh.601398,7.5700,7.5800,7.5700,7.5700,5659400,42860032.0000,3
2025-07-22,20250722141500000,sh.601398,7.5700,7.5900,7.5700,7.5900,5629400,42697472.0000,3
2025-07-22,20250722142000000,sh.601398,7.5900,7.6000,7.5800,7.5800,5785100,43886848.0000,3
2025-07-22,20250722142500000,sh.601398,7.5800,7.6000,7.5800,7.6000,4962900,37645573.0000,3
2025-07-22,20250722143000000,sh.601398,7.5900,7.6000,7.5800,7.6000,5977900,45379068.0000,3
2025-07-22,20250722143500000,sh.601398,7.5900,7.6100,7.5900,7.5900,11527500,87607551.0000,3
2025-07-22,20250722144000000,sh.601398,7.5900,7.6000,7.5800,7.5900,12182400,92406272.0000,3
2025-07-22,20250722144500000,sh.601398,7.5800,7.6000,7.5800,7.5900,8898600,67491577.0000,3
2025-07-22,20250722145000000,sh.601398,7.5900,7.6000,7.5800,7.5900,8850200,67151105.0000,3
2025-07-22,20250722145500000,sh.601398,7.5900,7.5900,7.5800,7.5900,11250000,85315590.0000,3
2025-07-22,20250722150000000,sh.601398,7.5900,7.6000,7.5800,7.6000,10234200,77725699.0000,3
2025-07-23,20250723093500000,sh.601398,7.5900,7.6300,7.5600,7.6200,52696100,400506176.0000,3
2025-07-23,20250723094000000,sh.601398,7.6200,7.6300,7.6000,7.6200,21729900,165593792.0000,3
2025-07-23,20250723094500000,sh.601398,7.6300,7.6400,7.6000,7.6100,19102300,145576510.0000,3
2025-07-23,20250723095000000,sh.601398,7.6100,7.6300,7.6000,7.6200,9363200,71292350.0000,3
2025-07-23,20250723095500000,sh.601398,7.6200,7.6200,7.5900,7.6000,13700800,104165895.0000,3
2025-07-23,20250723100000000,sh.601398,7.6000,7.6200,7.5900,7.6200,12560200,95460021.0000,3
2025-07-23,20250723100500000,sh.601398,7.6200,7.6200,7.6100,7.6200,6611400,50352896.0000,3
2025-07-23,20250723101000000,sh.601398,7.6200,7.6300,7.6100,7.6300,10213100,77807815.0000,3
2025-07-23,20250723101500000,sh.601398,7.6200,7.6300,7.6100,7.6200,6000700,45723259.0000,3
2025-07-23,20250723102000000,sh.601398,7.6200,7.6200,7.6000,7.6100,9353800,71153027.0000,3
2025-07-23,20250723102500000,sh.601398,7.6100,7.6200,7.6000,7.6100,5376000,40901255.0000,3
2025-07-23,20250723103000000,sh.601398,7.6200,7.6400,7.6100,7.6400,11097200,84624892.0000,3
2025-07-23,20250723103500000,sh.601398,7.6400,7.6600,7.6400,7.6600,21186300,162046720.0000,3
2025-07-23,20250723104000000,sh.601398,7.6500,7.6700,7.6500,7.6600,15872100,121565432.0000,3
2025-07-23,20250723104500000,sh.601398,7.6600,7.6800,7.6600,7.6700,9322400,71520648.0000,3
2025-07-23,20250723105000000,sh.601398,7.6700,7.6900,7.6700,7.6800,16585000,127410688.0000,3
2025-07-23,20250723105500000,sh.601398,7.6800,7.7000,7.6800,7.6900,14652100,112701312.0000,3
2025-07-23,20250723110000000,sh.601398,7.6900,7.7000,7.6900,7.7000,8782300,67576448.0000,3
2025-07-23,20250723110500000,sh.601398,7.6900,7.7000,7.6700,7.6700,7839800,60240896.0000,3
2025-07-23,20250723111000000,sh.601398,7.6800,7.7000,7.6700,7.7000,6657100,51156992.0000,3
2025-07-23,20250723111500000,sh.601398,7.7000,7.7100,7.6900,7.7000,12874200,99125888.0000,3
2025-07-23,20250723112000000,sh.601398,7.7000,7.7100,7.6900,7.7000,6064000,46689280.0000,3
2025-07-23,20250723112500000,sh.601398,7.6900,7.7200,7.6900,7.7200,12378100,95430656.0000,3
2025-07-23,20250723113000000,sh.601398,7.7200,7.7300,7.7100,7.7200,12665900,97812992.0000,3
2025-07-23,20250723130500000,sh.601398,7.7200,7.7300,7.7100,7.7300,17068100,131822848.0000,3
2025-07-23,20250723131000000,sh.601398,7.7200,7.7300,7.7000,7.7100,6643800,51232000.0000,3
2025-07-23,20250723131500000,sh.601398,7.7000,7.7100,7.6900,7.7100,7319900,56373504.0000,3
2025-07-23,20250723132000000,sh.601398,7.7000,7.7100,7.6900,7.6900,6760200,52057344.0000,3
2025-07-23,20250723132500000,sh.601398,7.7000,7.7000,7.6800,7.6800,9316300,71642880.0000,3
2025-07-23,20250723133000000,sh.601398,7.6900,7.7000,7.6800,7.7000,5179500,39832576.0000,3
2025-07-23,20250723133500000,sh.601398,7.7000,7.7000,7.6800,7.6800,5418400,41692928.0000,3
2025-07-23,20250723134000000,sh.601398,7.6900,7.6900,7.6700,7.6800,6998300,53753344.0000,3
2025-07-23,20250723134500000,sh.601398,7.6700,7.6800,7.6600,7.6600,8092400,62053122.0000,3
2025-07-23,20250723135000000,sh.601398,7.6700,7.6800,7.6600,7.6700,6191300,47465718.0000,3
2025-07-23,20250723135500000,sh.601398,7.6800,7.6800,7.6600,7.6600,4432900,33997069.0000,3
2025-07-23,20250723140000000,sh.601398,7.6600,7.6700,7.6500,7.6700,5697500,43654907.0000,3
2025-07-23,20250723140500000,sh.601398,7.6600,7.6800,7.6600,7.6800,5508500,42253828.0000,3
2025-07-23,20250723141000000,sh.601398,7.6800,7.6800,7.6600,7.6700,6238700,47870716.0000,3
2025-07-23,20250723141500000,sh.601398,7.6600,7.6700,7.6500,7.6600,5264800,40333060.0000,3
2025-07-23,20250723142000000,sh.601398,7.6600,7.6700,7.6500,7.6500,4174300,31957238.0000,3
2025-07-23,20250723142500000,sh.601398,7.6500,7.6600,7.6400,7.6500,8333200,63727885.0000,3
2025-07-23,20250723143000000,sh.601398,7.6500,7.6600,7.6400,7.6600,3225600,24693493.0000,3
2025-07-23,20250723143500000,sh.601398,7.6600,7.6700,7.6500,7.6600,6922300,52977923.0000,3
2025-07-23,20250723144000000,sh.601398,7.6600,7.6600,7.6400,7.6500,3753600,28696318.0000,3
2025-07-23,20250723144500000,sh.601398,7.6400,7.6500,7.6300,7.6500,8431700,64432135.0000,3
2025-07-23,20250723145000000,sh.601398,7.6400,7.6600,7.6400,7.6400,6042400,46228732.0000,3
2025-07-23,20250723145500000,sh.601398,7.6500,7.6700,7.6400,7.6600,8901300,68146432.0000,3
2025-07-23,20250723150000000,sh.601398,7.6700,7.6700,7.6500,7.6500,10506600,80413176.0000,3
2025-07-24,20250724093500000,sh.601398,7.6500,7.6600,7.6000,7.6100,31921200,243426128.0000,3
2025-07-24,20250724094000000,sh.601398,7.6000,7.6000,7.5700,7.5900,40100500,303955696.0000,3
2025-07-24,20250724094500000,sh.601398,7.5800,7.5900,7.5600,7.5800,17884700,135428998.0000,3
2025-07-24,20250724095000000,sh.601398,7.5700,7.5800,7.5500,7.5600,28326800,214170742.0000,3
2025-07-24,20250724095500000,sh.601398,7.5500,7.5700,7.5300,7.5400,32773400,247236796.0000,3
2025-07-24,20250724100000000,sh.601398,7.5400,7.5600,7.5400,7.5500,10761400,81219724.0000,3
2025-07-24,20250724100500000,sh.601398,7.5600,7.5700,7.5500,7.5600,7884800,59585539.0000,3
2025-07-24,20250724101000000,sh.601398,7.5600,7.5800,7.5600,7.5700,10841100,82048755.0000,3
2025-07-24,20250724101500000,sh.601398,7.5700,7.5800,7.5600,7.5800,3736700,28285952.0000,3
2025-07-24,20250724102000000,sh.601398,7.5800,7.5800,7.5700,7.5800,3836600,29072904.0000,3
2025-07-24,20250724102500000,sh.601398,7.5800,7.5900,7.5700,7.5800,3146400,23851518.0000,3
2025-07-24,20250724103000000,sh.601398,7.5800,7.5900,7.5700,7.5800,4690200,35547898.0000,3
2025-07-24,20250724103500000,sh.601398,7.5700,7.5800,7.5700,7.5800,4369900,33097470.0000,3
2025-07-24,20250724104000000,sh.601398,7.5700,7.5800,7.5700,7.5800,5337800,40420359.0000,3
2025-07-24,20250724104500000,sh.601398,7.5800,7.5900,7.5700,7.5900,4421400,33510536.0000,3
2025-07-24,20250724105000000,sh.601398,7.5800,7.6000,7.5700,7.6000,5594300,42435192.0000,3
2025-07-24,20250724105500000,sh.601398,7.6000,7.6000,7.5800,7.5900,5210100,39551360.0000,3
2025-07-24,20250724110000000,sh.601398,7.5900,7.6000,7.5800,7.5900,3942700,29928327.0000,3
2025-07-24,20250724110500000,sh.601398,7.5900,7.6000,7.5700,7.5800,4997700,37894139.0000,3
2025-07-24,20250724111000000,sh.601398,7.5700,7.5900,7.5700,7.5800,4236800,32107777.0000,3
2025-07-24,20250724111500000,sh.601398,7.5800,7.5900,7.5800,7.5800,1970600,14947199.0000,3
2025-07-24,20250724112000000,sh.601398,7.5900,7.5900,7.5700,7.5800,4718400,35768837.0000,3
2025-07-24,20250724112500000,sh.601398,7.5800,7.5800,7.5700,7.5700,2902200,21980658.0000,3
2025-07-24,20250724113000000,sh.601398,7.5700,7.5800,7.5600,7.5600,5462400,41341064.0000,3
2025-07-24,20250724130500000,sh.601398,7.5600,7.5800,7.5600,7.5600,10422600,78882945.0000,3
2025-07-24,20250724131000000,sh.601398,7.5600,7.5800,7.5600,7.5700,5383300,40744577.0000,3
2025-07-24,20250724131500000,sh.601398,7.5600,7.5700,7.5600,7.5700,3447500,26075002.0000,3
2025-07-24,20250724132000000,sh.601398,7.5700,7.5700,7.5600,7.5600,6456100,48818564.0000,3
2025-07-24,20250724132500000,sh.601398,7.5600,7.5700,7.5600,7.5600,4116700,31134840.0000,3
2025-07-24,20250724133000000,sh.601398,7.5600,7.5700,7.5600,7.5600,4472800,33821706.0000,3
2025-07-24,20250724133500000,sh.601398,7.5700,7.5800,7.5600,7.5700,6581900,49817598.0000,3
2025-07-24,20250724134000000,sh.601398,7.5700,7.5800,7.5700,7.5800,3557300,26957820.0000,3
2025-07-24,20250724134500000,sh.601398,7.5700,7.5800,7.5600,7.5700,7022300,53150977.0000,3
2025-07-24,20250724135000000,sh.601398,7.5700,7.5700,7.5500,7.5500,9142900,69092349.0000,3
2025-07-24,20250724135500000,sh.601398,7.5600,7.5600,7.5500,7.5600,6784800,51240458.0000,3
2025-07-24,20250724140000000,sh.601398,7.5600,7.5600,7.5400,7.5500,23442200,176889594.0000,3
2025-07-24,20250724140500000,sh.601398,7.5500,7.5600,7.5400,7.5500,6720300,50738431.0000,3
2025-07-24,20250724141000000,sh.601398,7.5500,7.5600,7.5400,7.5400,6455100,48728835.0000,3
2025-07-24,20250724141500000,sh.601398,7.5500,7.5500,7.5400,7.5500,5459000,41189624.0000,3
2025-07-24,20250724142000000,sh.601398,7.5400,7.5500,7.5400,7.5400,5302700,39996680.0000,3
2025-07-24,20250724142500000,sh.601398,7.5500,7.5500,7.5400,7.5500,6235800,47046145.0000,3
2025-07-24,20250724143000000,sh.601398,7.5500,7.5500,7.5400,7.5500,9985300,75320828.0000,3
2025-07-24,20250724143500000,sh.601398,7.5500,7.5500,7.5400,7.5500,10131100,76424966.0000,3
2025-07-24,20250724144000000,sh.601398,7.5500,7.5600,7.5400,7.5500,9738700,73504257.0000,3
2025-07-24,20250724144500000,sh.601398,7.5500,7.5600,7.5400,7.5500,14057900,106053628.0000,3
2025-07-24,20250724145000000,sh.601398,7.5500,7.5500,7.5400,7.5500,16370200,123467009.0000,3
2025-07-24,20250724145500000,sh.601398,7.5400,7.5500,7.5300,7.5400,15579500,117480447.0000,3
2025-07-24,20250724150000000,sh.601398,7.5400,7.5500,7.5400,7.5500,16460700,124212480.0000,3
2025-07-25,20250725093500000,sh.601398,7.5300,7.5700,7.5200,7.5700,27886100,210351600.0000,3
2025-07-25,20250725094000000,sh.601398,7.5700,7.5700,7.5400,7.5600,19221400,145277936.0000,3
2025-07-25,20250725094500000,sh.601398,7.5600,7.5800,7.5600,7.5800,12290500,93007072.0000,3
2025-07-25,20250725095000000,sh.601398,7.5700,7.5800,7.5600,7.5800,8917300,67494336.0000,3
2025-07-25,20250725095500000,sh.601398,7.5700,7.5800,7.5500,7.5500,15304200,115833156.0000,3
2025-07-25,20250725100000000,sh.601398,7.5500,7.5600,7.5400,7.5400,8124700,61348092.0000,3
2025-07-25,20250725100500000,sh.601398,7.5400,7.5700,7.5400,7.5600,13689100,103375680.0000,3
2025-07-25,20250725101000000,sh.601398,7.5700,7.5700,7.5400,7.5500,6200200,46838910.0000,3
2025-07-25,20250725101500000,sh.601398,7.5500,7.5700,7.5500,7.5700,4851800,36675334.0000,3
2025-07-25,20250725102000000,sh.601398,7.5600,7.5700,7.5500,7.5600,2580300,19499380.0000,3
2025-07-25,20250725102500000,sh.601398,7.5600,7.5600,7.5500,7.5500,2610800,19720770.0000,3
2025-07-25,20250725103000000,sh.601398,7.5600,7.5600,7.5500,7.5500,4835800,36518206.0000,3
2025-07-25,20250725103500000,sh.601398,7.5500,7.5600,7.5400,7.5500,4344900,32801352.0000,3
2025-07-25,20250725104000000,sh.601398,7.5500,7.5500,7.5400,7.5500,2987400,22528645.0000,3
2025-07-25,20250725104500000,sh.601398,7.5400,7.5500,7.5300,7.5400,4985000,37570879.0000,3
2025-07-25,20250725105000000,sh.601398,7.5300,7.5400,7.5300,7.5300,2359900,17777784.0000,3
2025-07-25,20250725105500000,sh.601398,7.5400,7.5500,7.5300,7.5500,4117200,31047686.0000,3
2025-07-25,20250725110000000,sh.601398,7.5500,7.5500,7.5400,7.5500,2314100,17454331.0000,3
2025-07-25,20250725110500000,sh.601398,7.5400,7.5500,7.5400,7.5400,2754500,20779011.0000,3
2025-07-25,20250725111000000,sh.601398,7.5400,7.5500,7.5300,7.5400,4635100,34952440.0000,3
2025-07-25,20250725111500000,sh.601398,7.5400,7.5400,7.5300,7.5400,1533200,11554176.0000,3
2025-07-25,20250725112000000,sh.601398,7.5300,7.5400,7.5300,7.5400,1570600,11836938.0000,3
2025-07-25,20250725112500000,sh.601398,7.5400,7.5400,7.5300,7.5400,1764600,13294075.0000,3
2025-07-25,20250725113000000,sh.601398,7.5400,7.5400,7.5300,7.5300,1680900,12665469.0000,3
2025-07-25,20250725130500000,sh.601398,7.5400,7.5400,7.5300,7.5400,4666100,35153154.0000,3
2025-07-25,20250725131000000,sh.601398,7.5400,7.5400,7.5200,7.5200,8291400,62420740.0000,3
2025-07-25,20250725131500000,sh.601398,7.5200,7.5400,7.5200,7.5400,2977900,22419590.0000,3
2025-07-25,20250725132000000,sh.601398,7.5400,7.5400,7.5300,7.5400,3775500,28434942.0000,3
2025-07-25,20250725132500000,sh.601398,7.5300,7.5300,7.5200,7.5200,4093700,30808054.0000,3
2025-07-25,20250725133000000,sh.601398,7.5300,7.5300,7.5200,7.5300,3505600,26390015.0000,3
2025-07-25,20250725133500000,sh.601398,7.5300,7.5300,7.5200,7.5200,2241400,16871047.0000,3
2025-07-25,20250725134000000,sh.601398,7.5300,7.5300,7.5200,7.5200,4555600,34267264.0000,3
2025-07-25,20250725134500000,sh.601398,7.5200,7.5300,7.5200,7.5300,3813200,28684672.0000,3
2025-07-25,20250725135000000,sh.601398,7.5300,7.5300,7.5100,7.5200,11280900,84833534.0000,3
2025-07-25,20250725135500000,sh.601398,7.5200,7.5200,7.5100,7.5100,4007500,30104326.0000,3
2025-07-25,20250725140000000,sh.601398,7.5100,7.5200,7.5100,7.5200,4561200,34264316.0000,3
2025-07-25,20250725140500000,sh.601398,7.5200,7.5200,7.5100,7.5200,3131600,23525888.0000,3
2025-07-25,20250725141000000,sh.601398,7.5200,7.5200,7.5000,7.5100,10092600,75794053.0000,3
2025-07-25,20250725141500000,sh.601398,7.5100,7.5100,7.5000,7.5100,4695900,35232897.0000,3
2025-07-25,20250725142000000,sh.601398,7.5100,7.5100,7.5000,7.5000,4144300,31090814.0000,3
2025-07-25,20250725142500000,sh.601398,7.5000,7.5100,7.4900,7.5000,26213000,196565628.0000,3
2025-07-25,20250725143000000,sh.601398,7.5000,7.5000,7.4900,7.5000,10235200,76686848.0000,3
2025-07-25,20250725143500000,sh.601398,7.4900,7.5000,7.4900,7.5000,4877800,36549632.0000,3
2025-07-25,20250725144000000,sh.601398,7.5000,7.5000,7.4800,7.4900,8406300,62959104.0000,3
2025-07-25,20250725144500000,sh.601398,7.4900,7.4900,7.4800,7.4800,8185300,61262592.0000,3
2025-07-25,20250725145000000,sh.601398,7.4800,7.5000,7.4800,7.4900,10502800,78645248.0000,3
2025-07-25,20250725145500000,sh.601398,7.4900,7.5000,7.4800,7.5000,9331800,69915136.0000,3
2025-07-25,20250725150000000,sh.601398,7.5000,7.5000,7.4900,7.4900,11745500,88003328.0000,3
2025-07-28,20250728093500000,sh.601398,7.4900,7.5100,7.4600,7.4900,28089100,210331104.0000,3
2025-07-28,20250728094000000,sh.601398,7.4900,7.5000,7.4800,7.5000,15954000,119534368.0000,3
2025-07-28,20250728094500000,sh.601398,7.5000,7.5100,7.4900,7.5000,10693200,80203520.0000,3
2025-07-28,20250728095000000,sh.601398,7.5000,7.5300,7.5000,7.5100,17846900,134113344.0000,3
2025-07-28,20250728095500000,sh.601398,7.5100,7.5300,7.5100,7.5100,7421000,55804609.0000,3
2025-07-28,20250728100000000,sh.601398,7.5100,7.5300,7.5100,7.5300,11773900,88633919.0000,3
2025-07-28,20250728100500000,sh.601398,7.5300,7.5400,7.5200,7.5300,10273800,77407812.0000,3
2025-07-28,20250728101000000,sh.601398,7.5300,7.5400,7.5200,7.5400,7250200,54580737.0000,3
2025-07-28,20250728101500000,sh.601398,7.5400,7.5400,7.5200,7.5300,7297100,54958144.0000,3
2025-07-28,20250728102000000,sh.601398,7.5200,7.5300,7.5200,7.5300,4343800,32702772.0000,3
2025-07-28,20250728102500000,sh.601398,7.5300,7.5300,7.5200,7.5300,3253900,24489855.0000,3
2025-07-28,20250728103000000,sh.601398,7.5300,7.5400,7.5200,7.5300,4261000,32097477.0000,3
2025-07-28,20250728103500000,sh.601398,7.5300,7.5400,7.5200,7.5200,4396500,33101885.0000,3
2025-07-28,20250728104000000,sh.601398,7.5300,7.5300,7.5200,7.5200,2266700,17058948.0000,3
2025-07-28,20250728104500000,sh.601398,7.5300,7.5300,7.5100,7.5200,7418000,55793155.0000,3
2025-07-28,20250728105000000,sh.601398,7.5200,7.5200,7.5100,7.5200,1701600,12786947.0000,3
2025-07-28,20250728105500000,sh.601398,7.5100,7.5200,7.5100,7.5200,3552700,26707452.0000,3
2025-07-28,20250728110000000,sh.601398,7.5100,7.5200,7.5100,7.5100,3053800,22948990.0000,3
2025-07-28,20250728110500000,sh.601398,7.5200,7.5200,7.5000,7.5100,4261600,31997438.0000,3
2025-07-28,20250728111000000,sh.601398,7.5000,7.5100,7.5000,7.5100,1883200,14130687.0000,3
2025-07-28,20250728111500000,sh.601398,7.5100,7.5100,7.5000,7.5000,1351500,10142859.0000,3
2025-07-28,20250728112000000,sh.601398,7.5000,7.5100,7.5000,7.5100,3995700,29977084.0000,3
2025-07-28,20250728112500000,sh.601398,7.5000,7.5100,7.4900,7.5000,6296700,47214210.0000,3
2025-07-28,20250728113000000,sh.601398,7.4900,7.5000,7.4800,7.4900,8198600,61382272.0000,3
2025-07-28,20250728130500000,sh.601398,7.4900,7.5000,7.4900,7.4900,5158400,38638711.0000,3
2025-07-28,20250728131000000,sh.601398,7.4900,7.5000,7.4900,7.5000,2995900,22451583.0000,3
2025-07-28,20250728131500000,sh.601398,7.4900,7.4900,7.4800,7.4900,3769000,28213514.0000,3
2025-07-28,20250728132000000,sh.601398,7.4800,7.4900,7.4800,7.4900,2917500,21831297.0000,3
2025-07-28,20250728132500000,sh.601398,7.4800,7.4900,7.4800,7.4900,2080800,15572467.0000,3
2025-07-28,20250728133000000,sh.601398,7.4800,7.4900,7.4800,7.4900,3029200,22670592.0000,3
2025-07-28,20250728133500000,sh.601398,7.4800,7.4900,7.4800,7.4800,3594800,26917898.0000,3
2025-07-28,20250728134000000,sh.601398,7.4900,7.4900,7.4800,7.4800,2116000,15839873.0000,3
2025-07-28,20250728134500000,sh.601398,7.4900,7.4900,7.4800,7.4900,2449300,18330877.0000,3
2025-07-28,20250728135000000,sh.601398,7.4800,7.4900,7.4800,7.4800,4118800,30815876.0000,3
2025-07-28,20250728135500000,sh.601398,7.4900,7.4900,7.4800,7.4800,3882000,29044468.0000,3
2025-07-28,20250728140000000,sh.601398,7.4900,7.4900,7.4800,7.4900,2923100,21874188.0000,3
2025-07-28,20250728140500000,sh.601398,7.4800,7.4900,7.4800,7.4800,2198200,16451064.0000,3
2025-07-28,20250728141000000,sh.601398,7.4900,7.4900,7.4800,7.4800,3749400,28051327.0000,3
2025-07-28,20250728141500000,sh.601398,7.4800,7.4900,7.4800,7.4800,4480400,33519873.0000,3
2025-07-28,20250728142000000,sh.601398,7.4800,7.4900,7.4800,7.4800,2583200,19328255.0000,3
2025-07-28,20250728142500000,sh.601398,7.4800,7.4900,7.4800,7.4900,2862100,21417866.0000,3
2025-07-28,20250728143000000,sh.601398,7.4900,7.4900,7.4800,7.4900,2423000,18133747.0000,3
2025-07-28,20250728143500000,sh.601398,7.4800,7.5000,7.4800,7.4900,6883500,51549325.0000,3
2025-07-28,20250728144000000,sh.601398,7.4800,7.5000,7.4800,7.5000,2310700,17311095.0000,3
2025-07-28,20250728144500000,sh.601398,7.4900,7.5000,7.4900,7.4900,2875400,21545352.0000,3
2025-07-28,20250728145000000,sh.601398,7.4900,7.5000,7.4900,7.5000,7135600,53481207.0000,3
2025-07-28,20250728145500000,sh.601398,7.5000,7.5000,7.4900,7.5000,9387800,70379273.0000,3
2025-07-28,20250728150000000,sh.601398,7.4900,7.5100,7.4900,7.4900,10664100,79899907.0000,3
2025-07-29,20250729093500000,sh.601398,7.4900,7.5100,7.4800,7.5100,18410000,137994288.0000,3
2025-07-29,20250729094000000,sh.601398,7.5000,7.5200,7.5000,7.5200,15200500,114162976.0000,3
2025-07-29,20250729094500000,sh.601398,7.5200,7.5200,7.5000,7.5100,8399100,63051472.0000,3
2025-07-29,20250729095000000,sh.601398,7.5100,7.5200,7.4900,7.5000,16740900,125686016.0000,3
2025-07-29,20250729095500000,sh.601398,7.5000,7.5000,7.4900,7.4900,5232600,39222816.0000,3
2025-07-29,20250729100000000,sh.601398,7.5000,7.5100,7.4900,7.5100,8770400,65766848.0000,3
2025-07-29,20250729100500000,sh.601398,7.5000,7.5100,7.4900,7.5100,5847900,43875456.0000,3
2025-07-29,20250729101000000,sh.601398,7.5100,7.5200,7.5000,7.5100,10020400,75267590.0000,3
2025-07-29,20250729101500000,sh.601398,7.5000,7.5100,7.4900,7.5000,5788500,43428411.0000,3
2025-07-29,20250729102000000,sh.601398,7.5000,7.5000,7.4900,7.5000,2397400,17968450.0000,3
2025-07-29,20250729102500000,sh.601398,7.5000,7.5000,7.4800,7.4800,9776600,73228922.0000,3
2025-07-29,20250729103000000,sh.601398,7.4900,7.4900,7.4800,7.4900,3751600,28077315.0000,3
2025-07-29,20250729103500000,sh.601398,7.4900,7.4900,7.4700,7.4700,10963000,81951488.0000,3
2025-07-29,20250729104000000,sh.601398,7.4700,7.4800,7.4700,7.4800,4952400,37000128.0000,3
2025-07-29,20250729104500000,sh.601398,7.4700,7.4800,7.4600,7.4600,3481600,25994374.0000,3
2025-07-29,20250729105000000,sh.601398,7.4600,7.4700,7.4600,7.4700,3001300,22399354.0000,3
2025-07-29,20250729105500000,sh.601398,7.4600,7.4800,7.4600,7.4800,3934600,29382789.0000,3
2025-07-29,20250729110000000,sh.601398,7.4700,7.4800,7.4600,7.4700,4033500,30130875.0000,3
2025-07-29,20250729110500000,sh.601398,7.4600,7.4700,7.4600,7.4600,2787500,20802177.0000,3
2025-07-29,20250729111000000,sh.601398,7.4600,7.4600,7.4500,7.4500,12943600,96521985.0000,3
2025-07-29,20250729111500000,sh.601398,7.4600,7.4700,7.4500,7.4600,3689100,27517443.0000,3
2025-07-29,20250729112000000,sh.601398,7.4600,7.4700,7.4500,7.4600,2331200,17384054.0000,3
2025-07-29,20250729112500000,sh.601398,7.4700,7.4700,7.4500,7.4600,3322700,24789503.0000,3
2025-07-29,20250729113000000,sh.601398,7.4600,7.4600,7.4500,7.4500,3561600,26536842.0000,3
2025-07-29,20250729130500000,sh.601398,7.4500,7.4600,7.4500,7.4500,5657000,42154114.0000,3
2025-07-29,20250729131000000,sh.601398,7.4500,7.4600,7.4400,7.4400,8798600,65535870.0000,3
2025-07-29,20250729131500000,sh.601398,7.4400,7.4500,7.4300,7.4400,8468900,63008500.0000,3
2025-07-29,20250729132000000,sh.601398,7.4400,7.4500,7.4400,7.4500,3618700,26937088.0000,3
2025-07-29,20250729132500000,sh.601398,7.4400,7.4500,7.4400,7.4500,4010000,29865091.0000,3
2025-07-29,20250729133000000,sh.601398,7.4500,7.4500,7.4400,7.4500,2294000,17075717.0000,3
2025-07-29,20250729133500000,sh.601398,7.4400,7.4500,7.4400,7.4400,3533900,26299259.0000,3
2025-07-29,20250729134000000,sh.601398,7.4400,7.4500,7.4300,7.4400,5586200,41548933.0000,3
2025-07-29,20250729134500000,sh.601398,7.4300,7.4400,7.4300,7.4400,2696400,20047488.0000,3
2025-07-29,20250729135000000,sh.601398,7.4300,7.4400,7.4300,7.4300,1951400,14509568.0000,3
2025-07-29,20250729135500000,sh.601398,7.4300,7.4500,7.4300,7.4400,2808600,20897537.0000,3
2025-07-29,20250729140000000,sh.601398,7.4400,7.4500,7.4400,7.4500,2126000,15828865.0000,3
2025-07-29,20250729140500000,sh.601398,7.4500,7.4600,7.4400,7.4600,5251100,39118846.0000,3
2025-07-29,20250729141000000,sh.601398,7.4600,7.4600,7.4400,7.4400,5210600,38819204.0000,3
2025-07-29,20250729141500000,sh.601398,7.4400,7.4500,7.4400,7.4400,3913700,29126017.0000,3
2025-07-29,20250729142000000,sh.601398,7.4400,7.4500,7.4400,7.4500,2258400,16812923.0000,3
2025-07-29,20250729142500000,sh.601398,7.4400,7.4500,7.4400,7.4400,3248500,24185088.0000,3
2025-07-29,20250729143000000,sh.601398,7.4400,7.4500,7.4400,7.4500,6249300,46519552.0000,3
2025-07-29,20250729143500000,sh.601398,7.4500,7.4500,7.4300,7.4400,5909600,43958272.0000,3
2025-07-29,20250729144000000,sh.601398,7.4300,7.4400,7.4300,7.4300,7360700,54720384.0000,3
2025-07-29,20250729144500000,sh.601398,7.4400,7.4500,7.4300,7.4400,5201300,38689280.0000,3
2025-07-29,20250729145000000,sh.601398,7.4400,7.4500,7.4300,7.4500,4637200,34493440.0000,3
2025-07-29,20250729145500000,sh.601398,7.4500,7.4500,7.4300,7.4400,9128600,67920896.0000,3
2025-07-29,20250729150000000,sh.601398,7.4300,7.4500,7.4300,7.4300,13015200,96735872.0000,3
2025-07-30,20250730093500000,sh.601398,7.4300,7.4400,7.4100,7.4300,25852200,191882352.0000,3
2025-07-30,20250730094000000,sh.601398,7.4300,7.4500,7.4300,7.4500,14974900,111367504.0000,3
2025-07-30,20250730094500000,sh.601398,7.4500,7.4500,7.4200,7.4400,12280400,91330752.0000,3
2025-07-30,20250730095000000,sh.601398,7.4500,7.4500,7.4400,7.4500,5582300,41557056.0000,3
2025-07-30,20250730095500000,sh.601398,7.4500,7.4700,7.4400,7.4700,17480500,130318653.0000,3
2025-07-30,20250730100000000,sh.601398,7.4700,7.4800,7.4600,7.4800,11683600,87268615.0000,3
2025-07-30,20250730100500000,sh.601398,7.4800,7.5000,7.4700,7.5000,20619500,154354681.0000,3
2025-07-30,20250730101000000,sh.601398,7.5000,7.5100,7.4900,7.5100,26063700,195513287.0000,3
2025-07-30,20250730101500000,sh.601398,7.5100,7.5200,7.5000,7.5100,17389600,130669500.0000,3
2025-07-30,20250730102000000,sh.601398,7.5200,7.5400,7.5100,7.5400,23997400,180653696.0000,3
2025-07-30,20250730102500000,sh.601398,7.5400,7.5500,7.5100,7.5200,19591700,147599230.0000,3
2025-07-30,20250730103000000,sh.601398,7.5200,7.5200,7.5000,7.5100,8077200,60665348.0000,3
2025-07-30,20250730103500000,sh.601398,7.5100,7.5200,7.5000,7.5200,7058300,53006206.0000,3
2025-07-30,20250730104000000,sh.601398,7.5200,7.5300,7.5100,7.5200,4361600,32792318.0000,3
2025-07-30,20250730104500000,sh.601398,7.5300,7.5400,7.5200,7.5300,7231500,54454786.0000,3
2025-07-30,20250730105000000,sh.601398,7.5300,7.5400,7.5200,7.5300,6159300,46395904.0000,3
2025-07-30,20250730105500000,sh.601398,7.5300,7.5400,7.5200,7.5200,5790300,43586688.0000,3
2025-07-30,20250730110000000,sh.601398,7.5300,7.5300,7.5100,7.5200,5273300,39666560.0000,3
2025-07-30,20250730110500000,sh.601398,7.5200,7.5200,7.5100,7.5100,2796200,21010689.0000,3
2025-07-30,20250730111000000,sh.601398,7.5100,7.5200,7.5100,7.5100,2947000,22137983.0000,3
2025-07-30,20250730111500000,sh.601398,7.5200,7.5200,7.5100,7.5200,1373100,10320775.0000,3
2025-07-30,20250730112000000,sh.601398,7.5100,7.5200,7.5100,7.5100,2484100,18672887.0000,3
2025-07-30,20250730112500000,sh.601398,7.5200,7.5200,7.5100,7.5100,2476600,18611970.0000,3
2025-07-30,20250730113000000,sh.601398,7.5200,7.5200,7.5100,7.5200,2326400,17483901.0000,3
2025-07-30,20250730130500000,sh.601398,7.5200,7.5200,7.5000,7.5200,8701300,65387267.0000,3
2025-07-30,20250730131000000,sh.601398,7.5200,7.5300,7.5100,7.5200,6251300,47028096.0000,3
2025-07-30,20250730131500000,sh.601398,7.5100,7.5200,7.5000,7.5200,5414300,40669435.0000,3
2025-07-30,20250730132000000,sh.601398,7.5100,7.5200,7.5000,7.5200,2353800,17681284.0000,3
2025-07-30,20250730132500000,sh.601398,7.5200,7.5200,7.5100,7.5200,2459500,18483329.0000,3
2025-07-30,20250730133000000,sh.601398,7.5100,7.5200,7.5100,7.5200,3645300,27399680.0000,3
2025-07-30,20250730133500000,sh.601398,7.5100,7.5200,7.5100,7.5200,2715900,20412032.0000,3
2025-07-30,20250730134000000,sh.601398,7.5200,7.5200,7.5000,7.5000,6264100,47049605.0000,3
2025-07-30,20250730134500000,sh.601398,7.5000,7.5200,7.5000,7.5000,3300200,24779257.0000,3
2025-07-30,20250730135000000,sh.601398,7.5000,7.5100,7.4900,7.4900,9118500,68384508.0000,3
2025-07-30,20250730135500000,sh.601398,7.4900,7.5000,7.4900,7.4900,2115500,15860748.0000,3
2025-07-30,20250730140000000,sh.601398,7.5000,7.5000,7.4900,7.4900,4077500,30559482.0000,3
2025-07-30,20250730140500000,sh.601398,7.4900,7.5000,7.4600,7.4700,16834600,125912839.0000,3
2025-07-30,20250730141000000,sh.601398,7.4700,7.4800,7.4600,7.4600,9563100,71432181.0000,3
2025-07-30,20250730141500000,sh.601398,7.4700,7.5000,7.4600,7.4800,7737500,57858812.0000,3
2025-07-30,20250730142000000,sh.601398,7.4900,7.5000,7.4800,7.4900,5347800,40084486.0000,3
2025-07-30,20250730142500000,sh.601398,7.4900,7.5000,7.4800,7.4800,4302200,32223482.0000,3
2025-07-30,20250730143000000,sh.601398,7.4900,7.5000,7.4800,7.4900,4218300,31621131.0000,3
2025-07-30,20250730143500000,sh.601398,7.5000,7.5000,7.4900,7.5000,1890800,14171901.0000,3
2025-07-30,20250730144000000,sh.601398,7.4900,7.5000,7.4900,7.4900,2474900,18547206.0000,3
2025-07-30,20250730144500000,sh.601398,7.5000,7.5000,7.4900,7.4900,4607200,34518785.0000,3
2025-07-30,20250730145000000,sh.601398,7.4900,7.5000,7.4900,7.4900,3919500,29372403.0000,3
2025-07-30,20250730145500000,sh.601398,7.5000,7.5000,7.4900,7.4900,7543100,56538110.0000,3
2025-07-30,20250730150000000,sh.601398,7.4900,7.5100,7.4900,7.4900,12000200,89917700.0000,3
2025-07-31,20250731093500000,sh.601398,7.4900,7.5100,7.4500,7.4600,25144100,188114096.0000,3
2025-07-31,20250731094000000,sh.601398,7.4600,7.4700,7.4400,7.4500,20290700,151191920.0000,3
2025-07-31,20250731094500000,sh.601398,7.4500,7.4500,7.4200,7.4500,21354200,158773504.0000,3
2025-07-31,20250731095000000,sh.601398,7.4500,7.4500,7.4200,7.4300,13873200,103072925.0000,3
2025-07-31,20250731095500000,sh.601398,7.4300,7.4500,7.4200,7.4500,9315100,69278139.0000,3
2025-07-31,20250731100000000,sh.601398,7.4500,7.4500,7.4200,7.4300,9088000,67556423.0000,3
2025-07-31,20250731100500000,sh.601398,7.4300,7.4300,7.4200,7.4300,7272600,54000260.0000,3
2025-07-31,20250731101000000,sh.601398,7.4300,7.4500,7.4200,7.4400,7038100,52316605.0000,3
2025-07-31,20250731101500000,sh.601398,7.4400,7.4700,7.4300,7.4600,8765900,65306880.0000,3
2025-07-31,20250731102000000,sh.601398,7.4700,7.4900,7.4600,7.4800,7221400,53970432.0000,3
2025-07-31,20250731102500000,sh.601398,7.4800,7.4900,7.4700,7.4700,8405500,62877312.0000,3
2025-07-31,20250731103000000,sh.601398,7.4700,7.4800,7.4600,7.4800,3587400,26802176.0000,3
2025-07-31,20250731103500000,sh.601398,7.4800,7.4900,7.4600,7.4800,6817800,50958840.0000,3
2025-07-31,20250731104000000,sh.601398,7.4800,7.5100,7.4800,7.5000,13390300,100383108.0000,3
2025-07-31,20250731104500000,sh.601398,7.5100,7.5100,7.4900,7.5000,8794100,65951368.0000,3
2025-07-31,20250731105000000,sh.601398,7.5000,7.5300,7.5000,7.5300,13763900,103430268.0000,3
2025-07-31,20250731105500000,sh.601398,7.5300,7.5400,7.5200,7.5400,13338100,100457216.0000,3
2025-07-31,20250731110000000,sh.601398,7.5300,7.5400,7.5300,7.5400,9972000,75151616.0000,3
2025-07-31,20250731110500000,sh.601398,7.5400,7.5500,7.5300,7.5400,11282300,85097216.0000,3
2025-07-31,20250731111000000,sh.601398,7.5400,7.5400,7.5300,7.5300,4010300,30226688.0000,3
2025-07-31,20250731111500000,sh.601398,7.5300,7.5400,7.5200,7.5200,7742800,58302208.0000,3
2025-07-31,20250731112000000,sh.601398,7.5300,7.5300,7.5200,7.5200,2815800,21192320.0000,3
2025-07-31,20250731112500000,sh.601398,7.5200,7.5200,7.5100,7.5200,3834300,28829568.0000,3
2025-07-31,20250731113000000,sh.601398,7.5200,7.5300,7.5100,7.5200,3573700,26865530.0000,3
2025-07-31,20250731130500000,sh.601398,7.5300,7.5400,7.5200,7.5300,13987600,105327494.0000,3
2025-07-31,20250731131000000,sh.601398,7.5300,7.5400,7.5100,7.5300,3555100,26743552.0000,3
2025-07-31,20250731131500000,sh.601398,7.5300,7.5300,7.5200,7.5200,3628300,27308800.0000,3
2025-07-31,20250731132000000,sh.601398,7.5300,7.5300,7.5100,7.5200,3617900,27199616.0000,3
2025-07-31,20250731132500000,sh.601398,7.5200,7.5200,7.5100,7.5100,2643600,19865984.0000,3
2025-07-31,20250731133000000,sh.601398,7.5200,7.5300,7.5100,7.5200,4392600,33026947.0000,3
2025-07-31,20250731133500000,sh.601398,7.5200,7.5300,7.5200,7.5300,4292800,32307837.0000,3
2025-07-31,20250731134000000,sh.601398,7.5300,7.5300,7.5200,7.5300,5187400,39040256.0000,3
2025-07-31,20250731134500000,sh.601398,7.5300,7.5400,7.5200,7.5300,8633000,65008384.0000,3
2025-07-31,20250731135000000,sh.601398,7.5300,7.5500,7.5300,7.5400,14907700,112422912.0000,3
2025-07-31,20250731135500000,sh.601398,7.5400,7.5600,7.5400,7.5500,23181400,175082496.0000,3
2025-07-31,20250731140000000,sh.601398,7.5600,7.5800,7.5500,7.5800,24668600,186784000.0000,3
2025-07-31,20250731140500000,sh.601398,7.5800,7.5900,7.5700,7.5700,12812400,97114112.0000,3
2025-07-31,20250731141000000,sh.601398,7.5800,7.5800,7.5600,7.5700,9504900,71945984.0000,3
2025-07-31,20250731141500000,sh.601398,7.5600,7.5700,7.5600,7.5700,4877500,36899840.0000,3
2025-07-31,20250731142000000,sh.601398,7.5700,7.5700,7.5600,7.5600,9109000,68889344.0000,3
2025-07-31,20250731142500000,sh.601398,7.5600,7.5700,7.5500,7.5600,5813600,43945984.0000,3
2025-07-31,20250731143000000,sh.601398,7.5600,7.5700,7.5400,7.5400,11573900,87440128.0000,3
2025-07-31,20250731143500000,sh.601398,7.5400,7.5600,7.5400,7.5500,5834000,44025088.0000,3
2025-07-31,20250731144000000,sh.601398,7.5500,7.5600,7.5400,7.5500,15031700,113484544.0000,3
2025-07-31,20250731144500000,sh.601398,7.5500,7.5600,7.5400,7.5400,13974700,105524992.0000,3
2025-07-31,20250731145000000,sh.601398,7.5500,7.5600,7.5400,7.5500,11986000,90524416.0000,3
2025-07-31,20250731145500000,sh.601398,7.5600,7.5600,7.5500,7.5600,11001300,83113216.0000,3
2025-07-31,20250731150000000,sh.601398,7.5600,7.5700,7.5600,7.5600,16063000,121480704.0000,3
2025-08-01,20250801093500000,sh.601398,7.5600,7.5900,7.5400,7.5800,37723700,285459168.0000,3
2025-08-01,20250801094000000,sh.601398,7.5800,7.6000,7.5600,7.5700,27672500,210032352.0000,3
2025-08-01,20250801094500000,sh.601398,7.5700,7.5700,7.5200,7.5400,21442600,161656389.0000,3
2025-08-01,20250801095000000,sh.601398,7.5400,7.5400,7.5100,7.5100,13081400,98437114.0000,3
2025-08-01,20250801095500000,sh.601398,7.5100,7.5200,7.4900,7.4900,22230800,166826049.0000,3
2025-08-01,20250801100000000,sh.601398,7.4900,7.5000,7.4800,7.4900,20338800,152262843.0000,3
2025-08-01,20250801100500000,sh.601398,7.4900,7.5200,7.4800,7.5100,11666300,87554949.0000,3
2025-08-01,20250801101000000,sh.601398,7.5100,7.5300,7.5100,7.5200,5253100,39502339.0000,3
2025-08-01,20250801101500000,sh.601398,7.5300,7.5300,7.5200,7.5300,4090200,30775929.0000,3
2025-08-01,20250801102000000,sh.601398,7.5300,7.5400,7.5200,7.5300,4997200,37614340.0000,3
2025-08-01,20250801102500000,sh.601398,7.5400,7.5400,7.5300,7.5300,3341400,25172356.0000,3
2025-08-01,20250801103000000,sh.601398,7.5300,7.5400,7.5200,7.5300,7007800,52757366.0000,3
2025-08-01,20250801103500000,sh.601398,7.5300,7.5400,7.5200,7.5400,3318900,24993286.0000,3
2025-08-01,20250801104000000,sh.601398,7.5300,7.5600,7.5300,7.5500,6704000,50588679.0000,3
2025-08-01,20250801104500000,sh.601398,7.5500,7.5700,7.5500,7.5700,6584700,49784061.0000,3
2025-08-01,20250801105000000,sh.601398,7.5600,7.5800,7.5500,7.5800,6449200,48820609.0000,3
2025-08-01,20250801105500000,sh.601398,7.5800,7.5900,7.5700,7.5900,7804800,59168891.0000,3
2025-08-01,20250801110000000,sh.601398,7.5900,7.6000,7.5800,7.5900,15053600,114315008.0000,3
2025-08-01,20250801110500000,sh.601398,7.6000,7.6200,7.5900,7.6100,22704500,172678528.0000,3
2025-08-01,20250801111000000,sh.601398,7.6000,7.6100,7.5900,7.6100,11787800,89608448.0000,3
2025-08-01,20250801111500000,sh.601398,7.6100,7.6200,7.6000,7.6200,8603500,65487488.0000,3
2025-08-01,20250801112000000,sh.601398,7.6100,7.6500,7.6100,7.6400,25868900,197469952.0000,3
2025-08-01,20250801112500000,sh.601398,7.6400,7.6400,7.6200,7.6300,6767600,51638784.0000,3
2025-08-01,20250801113000000,sh.601398,7.6300,7.6400,7.6100,7.6200,5387500,41089280.0000,3
2025-08-01,20250801130500000,sh.601398,7.6200,7.6400,7.6100,7.6300,13230400,100953600.0000,3
2025-08-01,20250801131000000,sh.601398,7.6400,7.6400,7.6200,7.6300,6939600,52950016.0000,3
2025-08-01,20250801131500000,sh.601398,7.6200,7.6300,7.6100,7.6200,4931800,37562368.0000,3
2025-08-01,20250801132000000,sh.601398,7.6100,7.6300,7.6100,7.6300,5967500,45494528.0000,3
2025-08-01,20250801132500000,sh.601398,7.6200,7.6400,7.6200,7.6400,8494100,64846848.0000,3
2025-08-01,20250801133000000,sh.601398,7.6300,7.6500,7.6300,7.6500,21352700,163231232.0000,3
2025-08-01,20250801133500000,sh.601398,7.6500,7.6700,7.6500,7.6600,21421800,164100096.0000,3
2025-08-01,20250801134000000,sh.601398,7.6600,7.6700,7.6500,7.6500,14339600,109818624.0000,3
2025-08-01,20250801134500000,sh.601398,7.6500,7.6600,7.6500,7.6500,6475500,49563648.0000,3
2025-08-01,20250801135000000,sh.601398,7.6400,7.6500,7.6400,7.6400,5784000,44208128.0000,3
2025-08-01,20250801135500000,sh.601398,7.6400,7.6500,7.6300,7.6400,6591100,50357504.0000,3
2025-08-01,20250801140000000,sh.601398,7.6400,7.6500,7.6300,7.6300,5418300,41396480.0000,3
2025-08-01,20250801140500000,sh.601398,7.6400,7.6400,7.6200,7.6200,9901100,75553024.0000,3
2025-08-01,20250801141000000,sh.601398,7.6300,7.6400,7.6200,7.6300,6518200,49732864.0000,3
2025-08-01,20250801141500000,sh.601398,7.6300,7.6400,7.6200,7.6300,3652000,27860992.0000,3
2025-08-01,20250801142000000,sh.601398,7.6400,7.6400,7.6200,7.6300,5318600,40575488.0000,3
2025-08-01,20250801142500000,sh.601398,7.6400,7.6400,7.6300,7.6400,6297000,48061952.0000,3
2025-08-01,20250801143000000,sh.601398,7.6300,7.6400,7.6200,7.6200,2560400,19526400.0000,3
2025-08-01,20250801143500000,sh.601398,7.6300,7.6300,7.6100,7.6200,9190700,70042880.0000,3
2025-08-01,20250801144000000,sh.601398,7.6200,7.6200,7.6100,7.6200,5185200,39489024.0000,3
2025-08-01,20250801144500000,sh.601398,7.6100,7.6300,7.6100,7.6200,7602200,57921536.0000,3
2025-08-01,20250801145000000,sh.601398,7.6200,7.6400,7.6200,7.6400,9332700,71188480.0000,3
2025-08-01,20250801145500000,sh.601398,7.6300,7.6400,7.6200,7.6300,9699300,74024448.0000,3
2025-08-01,20250801150000000,sh.601398,7.6300,7.6400,7.6200,7.6200,12505400,95361792.0000,3
2025-08-04,20250804093500000,sh.601398,7.6300,7.7100,7.6300,7.7100,58638800,449753664.0000,3
2025-08-04,20250804094000000,sh.601398,7.7100,7.7500,7.6900,7.7400,48498400,374435522.0000,3
2025-08-04,20250804094500000,sh.601398,7.7400,7.7700,7.7300,7.7400,46938100,364014205.0000,3
2025-08-04,20250804095000000,sh.601398,7.7500,7.7700,7.7400,7.7700,16605100,128764551.0000,3
2025-08-04,20250804095500000,sh.601398,7.7600,7.7700,7.7300,7.7300,19768200,153218170.0000,3
2025-08-04,20250804100000000,sh.601398,7.7400,7.7600,7.7300,7.7500,10611900,82221688.0000,3
2025-08-04,20250804100500000,sh.601398,7.7500,7.7600,7.7500,7.7500,9662200,74928900.0000,3
2025-08-04,20250804101000000,sh.601398,7.7500,7.7600,7.7300,7.7300,10222900,79158282.0000,3
2025-08-04,20250804101500000,sh.601398,7.7300,7.7400,7.7100,7.7200,8990200,69460338.0000,3
2025-08-04,20250804102000000,sh.601398,7.7200,7.7300,7.7000,7.7100,9891800,76276618.0000,3
2025-08-04,20250804102500000,sh.601398,7.7200,7.7300,7.7100,7.7200,5601900,43229177.0000,3
2025-08-04,20250804103000000,sh.601398,7.7200,7.7300,7.7200,7.7200,3797800,29343116.0000,3
2025-08-04,20250804103500000,sh.601398,7.7300,7.7300,7.7000,7.7100,9537500,73569273.0000,3
2025-08-04,20250804104000000,sh.601398,7.7100,7.7200,7.6900,7.6900,16950000,130462072.0000,3
2025-08-04,20250804104500000,sh.601398,7.7000,7.7100,7.6800,7.7100,9742000,74928141.0000,3
2025-08-04,20250804105000000,sh.601398,7.7100,7.7200,7.7000,7.7100,2799100,21578997.0000,3
2025-08-04,20250804105500000,sh.601398,7.7200,7.7200,7.7000,7.7000,3909600,30148617.0000,3
2025-08-04,20250804110000000,sh.601398,7.7000,7.7100,7.6900,7.7000,3211600,24734461.0000,3
2025-08-04,20250804110500000,sh.601398,7.7100,7.7200,7.7000,7.7200,2596300,20023811.0000,3
2025-08-04,20250804111000000,sh.601398,7.7100,7.7200,7.7100,7.7100,1813400,13991933.0000,3
2025-08-04,20250804111500000,sh.601398,7.7200,7.7300,7.7100,7.7100,3895500,30068984.0000,3
2025-08-04,20250804112000000,sh.601398,7.7200,7.7200,7.7100,7.7200,1629100,12572943.0000,3
2025-08-04,20250804112500000,sh.601398,7.7200,7.7200,7.7100,7.7200,1825900,14085629.0000,3
2025-08-04,20250804113000000,sh.601398,7.7100,7.7200,7.7100,7.7200,1519900,11728373.0000,3
2025-08-04,20250804130500000,sh.601398,7.7200,7.7200,7.6900,7.7100,9349700,72062987.0000,3
2025-08-04,20250804131000000,sh.601398,7.7000,7.7000,7.6900,7.6900,3475400,26751228.0000,3
2025-08-04,20250804131500000,sh.601398,7.7000,7.7000,7.6900,7.7000,3830800,29478138.0000,3
2025-08-04,20250804132000000,sh.601398,7.7000,7.7000,7.6800,7.6900,8881700,68294662.0000,3
2025-08-04,20250804132500000,sh.601398,7.6900,7.6900,7.6700,7.6700,11450100,87914240.0000,3
2025-08-04,20250804133000000,sh.601398,7.6700,7.6800,7.6700,7.6700,3602400,27636736.0000,3
2025-08-04,20250804133500000,sh.601398,7.6700,7.6800,7.6700,7.6700,2946800,22617344.0000,3
2025-08-04,20250804134000000,sh.601398,7.6700,7.6800,7.6700,7.6700,3580800,27472384.0000,3
2025-08-04,20250804134500000,sh.601398,7.6700,7.6800,7.6600,7.6700,4315000,33087488.0000,3
2025-08-04,20250804135000000,sh.601398,7.6800,7.6900,7.6700,7.6800,3893400,29903616.0000,3
2025-08-04,20250804135500000,sh.601398,7.6900,7.6900,7.6800,7.6900,2769500,21286400.0000,3
2025-08-04,20250804140000000,sh.601398,7.6900,7.6900,7.6700,7.6700,4254900,32680704.0000,3
2025-08-04,20250804140500000,sh.601398,7.6800,7.6800,7.6700,7.6800,2540900,19504640.0000,3
2025-08-04,20250804141000000,sh.601398,7.6800,7.6900,7.6700,7.6800,4288400,32931584.0000,3
2025-08-04,20250804141500000,sh.601398,7.6700,7.6900,7.6700,7.6900,3880400,29801728.0000,3
2025-08-04,20250804142000000,sh.601398,7.6800,7.6900,7.6700,7.6800,4138200,31778560.0000,3
2025-08-04,20250804142500000,sh.601398,7.6900,7.6900,7.6800,7.6900,2970900,22821888.0000,3
2025-08-04,20250804143000000,sh.601398,7.6800,7.6900,7.6700,7.6800,6999800,53723904.0000,3
2025-08-04,20250804143500000,sh.601398,7.6700,7.6800,7.6600,7.6700,7124500,54645760.0000,3
2025-08-04,20250804144000000,sh.601398,7.6700,7.6800,7.6600,7.6700,5543200,42511872.0000,3
2025-08-04,20250804144500000,sh.601398,7.6600,7.6700,7.6600,7.6700,7283800,55813632.0000,3
2025-08-04,20250804145000000,sh.601398,7.6600,7.6700,7.6600,7.6600,8675700,66483968.0000,3
2025-08-04,20250804145500000,sh.601398,7.6600,7.6700,7.6600,7.6700,13570300,103994112.0000,3
2025-08-04,20250804150000000,sh.601398,7.6600,7.6800,7.6600,7.6800,10251300,78680576.0000,3
2025-08-05,20250805093500000,sh.601398,7.6800,7.6800,7.6400,7.6600,27611500,211467728.0000,3
2025-08-05,20250805094000000,sh.601398,7.6600,7.6700,7.6400,7.6600,13841100,105916240.0000,3
2025-08-05,20250805094500000,sh.601398,7.6600,7.6900,7.6600,7.6800,10634200,81621376.0000,3
2025-08-05,20250805095000000,sh.601398,7.6800,7.6800,7.6600,7.6600,6313500,48422272.0000,3
2025-08-05,20250805095500000,sh.601398,7.6700,7.6800,7.6600,7.6700,5137000,39414176.0000,3
2025-08-05,20250805100000000,sh.601398,7.6800,7.6900,7.6700,7.6800,8757400,67258432.0000,3
2025-08-05,20250805100500000,sh.601398,7.6800,7.6900,7.6600,7.6600,8800200,67505664.0000,3
2025-08-05,20250805101000000,sh.601398,7.6600,7.6700,7.6500,7.6600,7673400,58756216.0000,3
2025-08-05,20250805101500000,sh.601398,7.6600,7.6700,7.6500,7.6500,4829500,36985156.0000,3
2025-08-05,20250805102000000,sh.601398,7.6500,7.6600,7.6500,7.6500,4959100,37954882.0000,3
2025-08-05,20250805102500000,sh.601398,7.6600,7.6900,7.6500,7.6800,14132200,108401089.0000,3
2025-08-05,20250805103000000,sh.601398,7.6800,7.6900,7.6800,7.6800,4415700,33920584.0000,3
2025-08-05,20250805103500000,sh.601398,7.6900,7.6900,7.6700,7.6900,5180200,39787449.0000,3
2025-08-05,20250805104000000,sh.601398,7.6800,7.6900,7.6800,7.6800,3695500,28392640.0000,3
2025-08-05,20250805104500000,sh.601398,7.6800,7.7000,7.6800,7.7000,18222700,140201856.0000,3
2025-08-05,20250805105000000,sh.601398,7.6900,7.7100,7.6900,7.7000,6322000,48679416.0000,3
2025-08-05,20250805105500000,sh.601398,7.7000,7.7000,7.6700,7.6800,8004400,61500806.0000,3
2025-08-05,20250805110000000,sh.601398,7.6700,7.6800,7.6700,7.6800,2328900,17869951.0000,3
2025-08-05,20250805110500000,sh.601398,7.6800,7.6900,7.6700,7.6900,4866200,37357057.0000,3
2025-08-05,20250805111000000,sh.601398,7.6800,7.6900,7.6800,7.6900,3580300,27511559.0000,3
2025-08-05,20250805111500000,sh.601398,7.6900,7.7000,7.6800,7.6900,5076600,39052287.0000,3
2025-08-05,20250805112000000,sh.601398,7.7000,7.7000,7.6900,7.7000,3769800,29007098.0000,3
2025-08-05,20250805112500000,sh.601398,7.6900,7.7000,7.6900,7.7000,3288800,25300358.0000,3
2025-08-05,20250805113000000,sh.601398,7.6900,7.7100,7.6900,7.7100,9249100,71198592.0000,3
2025-08-05,20250805130500000,sh.601398,7.7100,7.7300,7.7000,7.7200,12212200,94220540.0000,3
2025-08-05,20250805131000000,sh.601398,7.7200,7.7300,7.7200,7.7200,4923400,38037248.0000,3
2025-08-05,20250805131500000,sh.601398,7.7200,7.7400,7.7200,7.7300,8170700,63185024.0000,3
2025-08-05,20250805132000000,sh.601398,7.7400,7.7400,7.7200,7.7200,5063100,39121408.0000,3
2025-08-05,20250805132500000,sh.601398,7.7200,7.7400,7.7200,7.7300,6751000,52164736.0000,3
2025-08-05,20250805133000000,sh.601398,7.7400,7.7400,7.7200,7.7300,3566200,27570816.0000,3
2025-08-05,20250805133500000,sh.601398,7.7200,7.7300,7.7200,7.7200,3420800,26435072.0000,3
2025-08-05,20250805134000000,sh.601398,7.7200,7.7400,7.7200,7.7400,7019200,54286336.0000,3
2025-08-05,20250805134500000,sh.601398,7.7300,7.7400,7.7300,7.7400,2206800,17067904.0000,3
2025-08-05,20250805135000000,sh.601398,7.7300,7.7400,7.7300,7.7400,2727200,21092480.0000,3
2025-08-05,20250805135500000,sh.601398,7.7300,7.7400,7.7200,7.7200,4102600,31718144.0000,3
2025-08-05,20250805140000000,sh.601398,7.7200,7.7300,7.7200,7.7200,2139200,16525056.0000,3
2025-08-05,20250805140500000,sh.601398,7.7200,7.7300,7.7200,7.7300,3968200,30660224.0000,3
2025-08-05,20250805141000000,sh.601398,7.7300,7.7400,7.7200,7.7400,8750800,67674752.0000,3
2025-08-05,20250805141500000,sh.601398,7.7400,7.7500,7.7400,7.7500,11558400,89507328.0000,3
2025-08-05,20250805142000000,sh.601398,7.7500,7.7500,7.7400,7.7400,3519900,27262848.0000,3
2025-08-05,20250805142500000,sh.601398,7.7400,7.7500,7.7400,7.7500,3288000,25474304.0000,3
2025-08-05,20250805143000000,sh.601398,7.7500,7.7500,7.7400,7.7400,4657500,36084224.0000,3
2025-08-05,20250805143500000,sh.601398,7.7400,7.7500,7.7400,7.7400,3029200,23460864.0000,3
2025-08-05,20250805144000000,sh.601398,7.7500,7.7500,7.7400,7.7500,4168100,32280576.0000,3
2025-08-05,20250805144500000,sh.601398,7.7500,7.7600,7.7400,7.7600,17083700,132449024.0000,3
2025-08-05,20250805145000000,sh.601398,7.7500,7.7600,7.7500,7.7500,7807300,60534528.0000,3
2025-08-05,20250805145500000,sh.601398,7.7500,7.7600,7.7500,7.7500,11076800,85902336.0000,3
2025-08-05,20250805150000000,sh.601398,7.7500,7.7600,7.7500,7.7600,8418600,65299968.0000,3
2025-08-06,20250806093500000,sh.601398,7.7500,7.8000,7.7500,7.7800,29071400,226151184.0000,3
2025-08-06,20250806094000000,sh.601398,7.7900,7.8000,7.7700,7.7800,15574700,121276720.0000,3
2025-08-06,20250806094500000,sh.601398,7.7800,7.7800,7.7400,7.7600,13472700,104536384.0000,3
2025-08-06,20250806095000000,sh.601398,7.7600,7.7700,7.7300,7.7400,16782100,129903040.0000,3
2025-08-06,20250806095500000,sh.601398,7.7500,7.7700,7.7400,7.7400,8857100,68688576.0000,3
2025-08-06,20250806100000000,sh.601398,7.7500,7.7500,7.7300,7.7300,6477500,50141694.0000,3
2025-08-06,20250806100500000,sh.601398,7.7300,7.7400,7.7200,7.7200,8432000,65156474.0000,3
2025-08-06,20250806101000000,sh.601398,7.7300,7.7400,7.7100,7.7400,14918300,115177352.0000,3
2025-08-06,20250806101500000,sh.601398,7.7400,7.7500,7.7300,7.7500,4029900,31200709.0000,3
2025-08-06,20250806102000000,sh.601398,7.7400,7.7600,7.7400,7.7400,6446600,49932981.0000,3
2025-08-06,20250806102500000,sh.601398,7.7400,7.7500,7.7400,7.7400,2208400,17108296.0000,3
2025-08-06,20250806103000000,sh.601398,7.7500,7.7600,7.7400,7.7600,4124600,31980726.0000,3
2025-08-06,20250806103500000,sh.601398,7.7500,7.7800,7.7500,7.7700,7089300,55070154.0000,3
2025-08-06,20250806104000000,sh.601398,7.7800,7.7800,7.7600,7.7600,4528500,35187138.0000,3
2025-08-06,20250806104500000,sh.601398,7.7600,7.7700,7.7600,7.7700,1977600,15356155.0000,3
2025-08-06,20250806105000000,sh.601398,7.7700,7.7700,7.7500,7.7600,3597900,27916422.0000,3
2025-08-06,20250806105500000,sh.601398,7.7600,7.7600,7.7400,7.7500,4809200,37280386.0000,3
2025-08-06,20250806110000000,sh.601398,7.7500,7.7600,7.7500,7.7500,1936100,15009534.0000,3
2025-08-06,20250806110500000,sh.601398,7.7600,7.7600,7.7500,7.7500,2632500,20417276.0000,3
2025-08-06,20250806111000000,sh.601398,7.7500,7.7600,7.7300,7.7400,8601100,66593795.0000,3
2025-08-06,20250806111500000,sh.601398,7.7400,7.7400,7.7300,7.7400,2944900,22777214.0000,3
2025-08-06,20250806112000000,sh.601398,7.7400,7.7500,7.7300,7.7400,2965500,22945144.0000,3
2025-08-06,20250806112500000,sh.601398,7.7500,7.7500,7.7400,7.7400,7242600,56104583.0000,3
2025-08-06,20250806113000000,sh.601398,7.7400,7.7500,7.7300,7.7400,4349700,33669126.0000,3
2025-08-06,20250806130500000,sh.601398,7.7400,7.7500,7.7300,7.7500,7920700,61293947.0000,3
2025-08-06,20250806131000000,sh.601398,7.7400,7.7500,7.7300,7.7300,4173100,32276470.0000,3
2025-08-06,20250806131500000,sh.601398,7.7300,7.7400,7.7300,7.7300,3322700,25695753.0000,3
2025-08-06,20250806132000000,sh.601398,7.7300,7.7500,7.7300,7.7400,4707900,36446851.0000,3
2025-08-06,20250806132500000,sh.601398,7.7500,7.7500,7.7400,7.7500,2917300,22587767.0000,3
2025-08-06,20250806133000000,sh.601398,7.7400,7.7600,7.7400,7.7600,6425600,49790981.0000,3
2025-08-06,20250806133500000,sh.601398,7.7600,7.7600,7.7500,7.7600,3498600,27126264.0000,3
2025-08-06,20250806134000000,sh.601398,7.7600,7.7600,7.7500,7.7500,3593500,27857672.0000,3
2025-08-06,20250806134500000,sh.601398,7.7500,7.7600,7.7500,7.7600,2465500,19116288.0000,3
2025-08-06,20250806135000000,sh.601398,7.7600,7.7700,7.7500,7.7700,7567100,58736641.0000,3
2025-08-06,20250806135500000,sh.601398,7.7700,7.7700,7.7600,7.7700,3866700,30023676.0000,3
2025-08-06,20250806140000000,sh.601398,7.7700,7.7700,7.7600,7.7700,2953700,22938886.0000,3
2025-08-06,20250806140500000,sh.601398,7.7600,7.7700,7.7600,7.7700,2785900,21635189.0000,3
2025-08-06,20250806141000000,sh.601398,7.7600,7.7800,7.7600,7.7700,6820000,53001739.0000,3
2025-08-06,20250806141500000,sh.601398,7.7700,7.7800,7.7600,7.7700,5255100,40835965.0000,3
2025-08-06,20250806142000000,sh.601398,7.7600,7.7700,7.7600,7.7600,2917000,22648440.0000,3
2025-08-06,20250806142500000,sh.601398,7.7600,7.7700,7.7500,7.7500,3545700,27511688.0000,3
2025-08-06,20250806143000000,sh.601398,7.7600,7.7600,7.7500,7.7600,3544700,27494776.0000,3
2025-08-06,20250806143500000,sh.601398,7.7500,7.7600,7.7500,7.7500,3687400,28591872.0000,3
2025-08-06,20250806144000000,sh.601398,7.7600,7.7600,7.7500,7.7500,4120800,31944719.0000,3
2025-08-06,20250806144500000,sh.601398,7.7600,7.7600,7.7400,7.7500,4912600,38072445.0000,3
2025-08-06,20250806145000000,sh.601398,7.7500,7.7500,7.7400,7.7400,4414300,34193402.0000,3
2025-08-06,20250806145500000,sh.601398,7.7500,7.7500,7.7400,7.7500,10797600,83626495.0000,3
2025-08-06,20250806150000000,sh.601398,7.7400,7.7600,7.7400,7.7600,7493700,58112003.0000,3
2025-08-07,20250807093500000,sh.601398,7.7500,7.7600,7.7200,7.7400,25122200,194431088.0000,3
2025-08-07,20250807094000000,sh.601398,7.7400,7.7500,7.7100,7.7400,18604200,143636976.0000,3
2025-08-07,20250807094500000,sh.601398,7.7400,7.7700,7.7400,7.7600,16397500,127152992.0000,3
2025-08-07,20250807095000000,sh.601398,7.7700,7.8000,7.7600,7.8000,22690800,176558143.0000,3
2025-08-07,20250807095500000,sh.601398,7.8000,7.8000,7.7900,7.8000,22727500,177224776.0000,3
2025-08-07,20250807100000000,sh.601398,7.8100,7.8200,7.7900,7.7900,16117800,125896500.0000,3
2025-08-07,20250807100500000,sh.601398,7.8000,7.8300,7.7900,7.8200,25136700,196441477.0000,3
2025-08-07,20250807101000000,sh.601398,7.8300,7.8300,7.8100,7.8200,9578900,74938880.0000,3
2025-08-07,20250807101500000,sh.601398,7.8300,7.8500,7.8300,7.8400,23656400,185512832.0000,3
2025-08-07,20250807102000000,sh.601398,7.8500,7.8600,7.8400,7.8500,20589000,161633408.0000,3
2025-08-07,20250807102500000,sh.601398,7.8500,7.8700,7.8300,7.8300,12937000,101643520.0000,3
2025-08-07,20250807103000000,sh.601398,7.8300,7.8400,7.8200,7.8200,6898400,54017287.0000,3
2025-08-07,20250807103500000,sh.601398,7.8200,7.8300,7.8000,7.8200,6455900,50434551.0000,3
2025-08-07,20250807104000000,sh.601398,7.8200,7.8400,7.8100,7.8300,4995900,39086336.0000,3
2025-08-07,20250807104500000,sh.601398,7.8300,7.8400,7.8200,7.8300,4509500,35306618.0000,3
2025-08-07,20250807105000000,sh.601398,7.8300,7.8300,7.8100,7.8200,3871900,30254728.0000,3
2025-08-07,20250807105500000,sh.601398,7.8200,7.8200,7.8100,7.8200,1659300,12967804.0000,3
2025-08-07,20250807110000000,sh.601398,7.8200,7.8300,7.8100,7.8100,3619800,28302986.0000,3
2025-08-07,20250807110500000,sh.601398,7.8200,7.8200,7.8100,7.8200,3039800,23757176.0000,3
2025-08-07,20250807111000000,sh.601398,7.8200,7.8300,7.8100,7.8300,5414300,42328068.0000,3
2025-08-07,20250807111500000,sh.601398,7.8300,7.8300,7.8000,7.8100,5766200,45071614.0000,3
2025-08-07,20250807112000000,sh.601398,7.8000,7.8200,7.8000,7.8200,5161300,40289541.0000,3
2025-08-07,20250807112500000,sh.601398,7.8100,7.8200,7.8000,7.8100,3050100,23823987.0000,3
2025-08-07,20250807113000000,sh.601398,7.8100,7.8200,7.8000,7.8200,2788300,21779206.0000,3
2025-08-07,20250807130500000,sh.601398,7.8200,7.8300,7.8100,7.8300,6057900,47390592.0000,3
2025-08-07,20250807131000000,sh.601398,7.8300,7.8400,7.8300,7.8300,1916400,15020286.0000,3
2025-08-07,20250807131500000,sh.601398,7.8400,7.8500,7.8300,7.8300,5689800,44602884.0000,3
2025-08-07,20250807132000000,sh.601398,7.8300,7.8500,7.8300,7.8400,4202000,32942848.0000,3
2025-08-07,20250807132500000,sh.601398,7.8400,7.8500,7.8400,7.8500,2137800,16770816.0000,3
2025-08-07,20250807133000000,sh.601398,7.8400,7.8500,7.8300,7.8400,3336800,26164480.0000,3
2025-08-07,20250807133500000,sh.601398,7.8500,7.8500,7.8300,7.8300,2179900,17092098.0000,3
2025-08-07,20250807134000000,sh.601398,7.8400,7.8400,7.8300,7.8400,2219800,17397246.0000,3
2025-08-07,20250807134500000,sh.601398,7.8300,7.8400,7.8300,7.8400,3217400,25198848.0000,3
2025-08-07,20250807135000000,sh.601398,7.8300,7.8400,7.8300,7.8300,2305800,18059012.0000,3
2025-08-07,20250807135500000,sh.601398,7.8300,7.8400,7.8300,7.8300,2306600,18062589.0000,3
2025-08-07,20250807140000000,sh.601398,7.8300,7.8400,7.8200,7.8200,2446300,19153662.0000,3
2025-08-07,20250807140500000,sh.601398,7.8200,7.8400,7.8200,7.8400,3960100,31010306.0000,3
2025-08-07,20250807141000000,sh.601398,7.8300,7.8400,7.8200,7.8300,3092500,24219392.0000,3
2025-08-07,20250807141500000,sh.601398,7.8400,7.8400,7.8300,7.8300,3282700,25707523.0000,3
2025-08-07,20250807142000000,sh.601398,7.8300,7.8300,7.8200,7.8200,3877500,30348032.0000,3
2025-08-07,20250807142500000,sh.601398,7.8200,7.8400,7.8200,7.8300,3398600,26620924.0000,3
2025-08-07,20250807143000000,sh.601398,7.8400,7.8400,7.8300,7.8300,3342000,26190848.0000,3
2025-08-07,20250807143500000,sh.601398,7.8400,7.8500,7.8300,7.8500,7743200,60720641.0000,3
2025-08-07,20250807144000000,sh.601398,7.8500,7.8500,7.8400,7.8400,3628600,28475135.0000,3
2025-08-07,20250807144500000,sh.601398,7.8400,7.8500,7.8400,7.8500,3501900,27470336.0000,3
2025-08-07,20250807145000000,sh.601398,7.8500,7.8500,7.8400,7.8500,4908000,38511360.0000,3
2025-08-07,20250807145500000,sh.601398,7.8500,7.8500,7.8400,7.8400,9676700,75932928.0000,3
2025-08-07,20250807150000000,sh.601398,7.8500,7.8600,7.8400,7.8400,19761100,155026432.0000,3
2025-08-08,20250808093500000,sh.601398,7.8400,7.8700,7.8300,7.8700,17274000,135547424.0000,3
2025-08-08,20250808094000000,sh.601398,7.8700,7.8800,7.8300,7.8500,13845000,108671472.0000,3
2025-08-08,20250808094500000,sh.601398,7.8500,7.8600,7.8300,7.8400,8300200,65106640.0000,3
2025-08-08,20250808095000000,sh.601398,7.8300,7.8500,7.8300,7.8400,6467200,50686656.0000,3
2025-08-08,20250808095500000,sh.601398,7.8300,7.8400,7.8200,7.8400,6248800,48927392.0000,3
2025-08-08,20250808100000000,sh.601398,7.8400,7.8600,7.8300,7.8600,6653700,52200288.0000,3
2025-08-08,20250808100500000,sh.601398,7.8500,7.8700,7.8500,7.8600,7390900,58111136.0000,3
2025-08-08,20250808101000000,sh.601398,7.8600,7.8800,7.8600,7.8800,9643500,75937852.0000,3
2025-08-08,20250808101500000,sh.601398,7.8700,7.9000,7.8700,7.9000,11487700,90601865.0000,3
2025-08-08,20250808102000000,sh.601398,7.9000,7.9000,7.8800,7.8800,9789100,77227382.0000,3
2025-08-08,20250808102500000,sh.601398,7.8800,7.8900,7.8600,7.8600,3530500,27790791.0000,3
2025-08-08,20250808103000000,sh.601398,7.8600,7.8600,7.8500,7.8600,5849000,45951938.0000,3
2025-08-08,20250808103500000,sh.601398,7.8600,7.8600,7.8400,7.8600,4294200,33712832.0000,3
2025-08-08,20250808104000000,sh.601398,7.8600,7.8800,7.8500,7.8600,5417900,42591095.0000,3
2025-08-08,20250808104500000,sh.601398,7.8500,7.8600,7.8300,7.8400,8337600,65370181.0000,3
2025-08-08,20250808105000000,sh.601398,7.8400,7.8500,7.8300,7.8400,5175000,40567488.0000,3
2025-08-08,20250808105500000,sh.601398,7.8300,7.8500,7.8300,7.8500,2403400,18853376.0000,3
2025-08-08,20250808110000000,sh.601398,7.8500,7.8500,7.8300,7.8500,3709300,29084487.0000,3
2025-08-08,20250808110500000,sh.601398,7.8400,7.8500,7.8200,7.8200,10212400,79941631.0000,3
2025-08-08,20250808111000000,sh.601398,7.8200,7.8300,7.8200,7.8200,4769100,37288952.0000,3
2025-08-08,20250808111500000,sh.601398,7.8200,7.8300,7.8100,7.8200,2585300,20212352.0000,3
2025-08-08,20250808112000000,sh.601398,7.8200,7.8400,7.8200,7.8300,2861600,22413826.0000,3
2025-08-08,20250808112500000,sh.601398,7.8400,7.8400,7.8200,7.8300,3046000,23849342.0000,3
2025-08-08,20250808113000000,sh.601398,7.8400,7.8400,7.8200,7.8200,1464000,11458438.0000,3
2025-08-08,20250808130500000,sh.601398,7.8300,7.8300,7.8100,7.8200,6987000,54629630.0000,3
2025-08-08,20250808131000000,sh.601398,7.8300,7.8300,7.8100,7.8100,4862500,37985535.0000,3
2025-08-08,20250808131500000,sh.601398,7.8100,7.8200,7.8000,7.8100,4095000,31971963.0000,3
2025-08-08,20250808132000000,sh.601398,7.8100,7.8200,7.8100,7.8200,3083800,24100478.0000,3
2025-08-08,20250808132500000,sh.601398,7.8100,7.8200,7.8000,7.8000,3323900,25963911.0000,3
2025-08-08,20250808133000000,sh.601398,7.8100,7.8100,7.7900,7.8000,10263100,80020223.0000,3
2025-08-08,20250808133500000,sh.601398,7.7900,7.8000,7.7900,7.7900,5598200,43614976.0000,3
2025-08-08,20250808134000000,sh.601398,7.7900,7.8000,7.7900,7.7900,2160900,16836352.0000,3
2025-08-08,20250808134500000,sh.601398,7.7900,7.8000,7.7900,7.8000,2049700,15978492.0000,3
2025-08-08,20250808135000000,sh.601398,7.7900,7.8000,7.7900,7.8000,2474100,19284996.0000,3
2025-08-08,20250808135500000,sh.601398,7.8000,7.8000,7.7900,7.7900,3191900,24886784.0000,3
2025-08-08,20250808140000000,sh.601398,7.7900,7.8000,7.7800,7.7800,5485900,42731392.0000,3
2025-08-08,20250808140500000,sh.601398,7.7800,7.8000,7.7800,7.7900,3902200,30385920.0000,3
2025-08-08,20250808141000000,sh.601398,7.7900,7.8000,7.7900,7.7900,2479100,19316100.0000,3
2025-08-08,20250808141500000,sh.601398,7.7900,7.7900,7.7800,7.7800,9992200,77761276.0000,3
2025-08-08,20250808142000000,sh.601398,7.7800,7.7900,7.7800,7.7900,1970200,15331328.0000,3
2025-08-08,20250808142500000,sh.601398,7.7900,7.7900,7.7800,7.7800,2231300,17362688.0000,3
2025-08-08,20250808143000000,sh.601398,7.7800,7.7800,7.7700,7.7800,5868800,45647360.0000,3
2025-08-08,20250808143500000,sh.601398,7.7700,7.7900,7.7700,7.7900,4851900,37752832.0000,3
2025-08-08,20250808144000000,sh.601398,7.7800,7.7900,7.7800,7.7900,5951000,46349184.0000,3
2025-08-08,20250808144500000,sh.601398,7.7800,7.7900,7.7800,7.7800,3906800,30420992.0000,3
2025-08-08,20250808145000000,sh.601398,7.7900,7.7900,7.7800,7.7900,4901900,38155008.0000,3
2025-08-08,20250808145500000,sh.601398,7.7900,7.7900,7.7800,7.7800,5446900,42403840.0000,3
2025-08-08,20250808150000000,sh.601398,7.7800,7.7900,7.7800,7.7900,8092100,63012096.0000,3
2025-08-11,20250811093500000,sh.601398,7.7800,7.7900,7.7200,7.7300,29566300,229136512.0000,3
2025-08-11,20250811094000000,sh.601398,7.7400,7.7400,7.6800,7.6900,34734800,267594048.0000,3
2025-08-11,20250811094500000,sh.601398,7.6900,7.7200,7.6800,7.7100,20285200,156174148.0000,3
2025-08-11,20250811095000000,sh.601398,7.7100,7.7500,7.7100,7.7500,10340900,79913086.0000,3
2025-08-11,20250811095500000,sh.601398,7.7500,7.7500,7.7300,7.7500,6025700,46625923.0000,3
2025-08-11,20250811100000000,sh.601398,7.7400,7.7500,7.7100,7.7100,9911300,76558389.0000,3
2025-08-11,20250811100500000,sh.601398,7.7100,7.7200,7.6900,7.7100,13754400,105901131.0000,3
2025-08-11,20250811101000000,sh.601398,7.7100,7.7100,7.6900,7.7000,7103700,54692605.0000,3
2025-08-11,20250811101500000,sh.601398,7.6900,7.7000,7.6800,7.7000,11124100,85537413.0000,3
2025-08-11,20250811102000000,sh.601398,7.6900,7.7100,7.6900,7.7100,7118500,54834175.0000,3
2025-08-11,20250811102500000,sh.601398,7.7000,7.7300,7.7000,7.7300,6001400,46307070.0000,3
2025-08-11,20250811103000000,sh.601398,7.7300,7.7300,7.7100,7.7100,2352900,18164852.0000,3
2025-08-11,20250811103500000,sh.601398,7.7200,7.7300,7.7100,7.7200,3119700,24085892.0000,3
2025-08-11,20250811104000000,sh.601398,7.7300,7.7300,7.7100,7.7200,2322800,17933951.0000,3
2025-08-11,20250811104500000,sh.601398,7.7200,7.7300,7.7100,7.7100,5846500,45106941.0000,3
2025-08-11,20250811105000000,sh.601398,7.7100,7.7300,7.7100,7.7200,4151800,32034184.0000,3
2025-08-11,20250811105500000,sh.601398,7.7200,7.7300,7.7100,7.7200,4607000,35564165.0000,3
2025-08-11,20250811110000000,sh.601398,7.7300,7.7400,7.7200,7.7400,5650000,43670651.0000,3
2025-08-11,20250811110500000,sh.601398,7.7300,7.7500,7.7300,7.7400,5199300,40245380.0000,3
2025-08-11,20250811111000000,sh.601398,7.7500,7.7500,7.7300,7.7300,2835100,21929333.0000,3
2025-08-11,20250811111500000,sh.601398,7.7400,7.7500,7.7300,7.7400,4411900,34153097.0000,3
2025-08-11,20250811112000000,sh.601398,7.7300,7.7400,7.7300,7.7400,2106400,16290436.0000,3
2025-08-11,20250811112500000,sh.601398,7.7300,7.7500,7.7200,7.7500,7327100,56665460.0000,3
2025-08-11,20250811113000000,sh.601398,7.7500,7.7500,7.7400,7.7500,3083300,23872902.0000,3
2025-08-11,20250811130500000,sh.601398,7.7400,7.7500,7.7300,7.7400,8748800,67704956.0000,3
2025-08-11,20250811131000000,sh.601398,7.7400,7.7500,7.7300,7.7500,2226500,17233793.0000,3
2025-08-11,20250811131500000,sh.601398,7.7400,7.7500,7.7300,7.7300,4416700,34170748.0000,3
2025-08-11,20250811132000000,sh.601398,7.7400,7.7400,7.7300,7.7300,2206500,17065483.0000,3
2025-08-11,20250811132500000,sh.601398,7.7300,7.7400,7.7300,7.7300,5734200,44353912.0000,3
2025-08-11,20250811133000000,sh.601398,7.7400,7.7500,7.7300,7.7500,4272900,33075972.0000,3
2025-08-11,20250811133500000,sh.601398,7.7400,7.7500,7.7300,7.7400,3089900,23899130.0000,3
2025-08-11,20250811134000000,sh.601398,7.7400,7.7400,7.7200,7.7300,4141200,32016644.0000,3
2025-08-11,20250811134500000,sh.601398,7.7300,7.7300,7.7200,7.7200,3161600,24414726.0000,3
2025-08-11,20250811135000000,sh.601398,7.7200,7.7300,7.7200,7.7200,3506400,27073396.0000,3
2025-08-11,20250811135500000,sh.601398,7.7300,7.7300,7.7200,7.7300,4938000,38163592.0000,3
2025-08-11,20250811140000000,sh.601398,7.7200,7.7300,7.7200,7.7200,2977800,22995716.0000,3
2025-08-11,20250811140500000,sh.601398,7.7200,7.7300,7.7100,7.7200,4651800,35918208.0000,3
2025-08-11,20250811141000000,sh.601398,7.7200,7.7200,7.7000,7.7000,7875500,60703489.0000,3
2025-08-11,20250811141500000,sh.601398,7.7000,7.7100,7.7000,7.7000,6114100,47091068.0000,3
2025-08-11,20250811142000000,sh.601398,7.7000,7.7100,7.7000,7.7000,5319900,40968707.0000,3
2025-08-11,20250811142500000,sh.601398,7.7100,7.7100,7.7000,7.7100,4152600,31997439.0000,3
2025-08-11,20250811143000000,sh.601398,7.7100,7.7200,7.7000,7.7100,8166700,62974197.0000,3
2025-08-11,20250811143500000,sh.601398,7.7200,7.7200,7.7100,7.7100,4336400,33437195.0000,3
2025-08-11,20250811144000000,sh.601398,7.7100,7.7200,7.7000,7.7000,5862300,45183485.0000,3
2025-08-11,20250811144500000,sh.601398,7.7100,7.7100,7.7000,7.7000,6740300,51922684.0000,3
2025-08-11,20250811145000000,sh.601398,7.7100,7.7100,7.7000,7.7000,7208300,55546117.0000,3
2025-08-11,20250811145500000,sh.601398,7.7100,7.7100,7.7000,7.7100,9829800,75737341.0000,3
2025-08-11,20250811150000000,sh.601398,7.7100,7.7200,7.7000,7.7000,8180900,63019016.0000,3
2025-08-12,20250812093500000,sh.601398,7.6900,7.7400,7.6900,7.7400,19168600,147927904.0000,3
2025-08-12,20250812094000000,sh.601398,7.7400,7.7600,7.7300,7.7500,24324200,188389152.0000,3
2025-08-12,20250812094500000,sh.601398,7.7500,7.7600,7.7400,7.7400,11119700,86171104.0000,3
2025-08-12,20250812095000000,sh.601398,7.7400,7.7700,7.7400,7.7600,17801400,138123800.0000,3
2025-08-12,20250812095500000,sh.601398,7.7500,7.7600,7.7400,7.7600,5733200,44456457.0000,3
2025-08-12,20250812100000000,sh.601398,7.7500,7.7800,7.7500,7.7700,14984200,116384631.0000,3
2025-08-12,20250812100500000,sh.601398,7.7800,7.7900,7.7700,7.7900,12535700,97539982.0000,3
2025-08-12,20250812101000000,sh.601398,7.7900,7.8000,7.7800,7.7900,13876700,108140666.0000,3
2025-08-12,20250812101500000,sh.601398,7.7900,7.8000,7.7900,7.8000,11465000,89409340.0000,3
2025-08-12,20250812102000000,sh.601398,7.8000,7.8100,7.7900,7.8000,11549700,90122940.0000,3
2025-08-12,20250812102500000,sh.601398,7.7900,7.8000,7.7700,7.7900,7103300,55311874.0000,3
2025-08-12,20250812103000000,sh.601398,7.7900,7.7900,7.7800,7.7900,3642500,28357254.0000,3
2025-08-12,20250812103500000,sh.601398,7.7900,7.7900,7.7800,7.7800,6374400,49612408.0000,3
2025-08-12,20250812104000000,sh.601398,7.7900,7.8000,7.7800,7.7800,4558300,35512460.0000,3
2025-08-12,20250812104500000,sh.601398,7.7900,7.7900,7.7700,7.7700,5925300,46069506.0000,3
2025-08-12,20250812105000000,sh.601398,7.7600,7.7700,7.7600,7.7700,2781500,21591802.0000,3
2025-08-12,20250812105500000,sh.601398,7.7700,7.7800,7.7600,7.7700,3570900,27749249.0000,3
2025-08-12,20250812110000000,sh.601398,7.7700,7.7800,7.7600,7.7800,2487000,19324285.0000,3
2025-08-12,20250812110500000,sh.601398,7.7800,7.7800,7.7700,7.7800,1319300,10257018.0000,3
2025-08-12,20250812111000000,sh.601398,7.7800,7.7900,7.7700,7.7900,5538000,43109128.0000,3
2025-08-12,20250812111500000,sh.601398,7.7900,7.8100,7.7900,7.7900,16199100,126352900.0000,3
2025-08-12,20250812112000000,sh.601398,7.8000,7.8100,7.8000,7.8000,5933200,46306809.0000,3
2025-08-12,20250812112500000,sh.601398,7.8000,7.8100,7.7900,7.7900,3097900,24157440.0000,3
2025-08-12,20250812113000000,sh.601398,7.8000,7.8000,7.7900,7.7900,3033000,23651199.0000,3
2025-08-12,20250812130500000,sh.601398,7.7900,7.8100,7.7800,7.7800,6153500,47969159.0000,3
2025-08-12,20250812131000000,sh.601398,7.7900,7.7900,7.7600,7.7700,8183200,63617141.0000,3
2025-08-12,20250812131500000,sh.601398,7.7700,7.7800,7.7600,7.7700,3756300,29184774.0000,3
2025-08-12,20250812132000000,sh.601398,7.7800,7.7800,7.7600,7.7700,2898300,22515578.0000,3
2025-08-12,20250812132500000,sh.601398,7.7800,7.7800,7.7600,7.7600,2795500,21729421.0000,3
2025-08-12,20250812133000000,sh.601398,7.7700,7.7800,7.7600,7.7800,3003400,23337463.0000,3
2025-08-12,20250812133500000,sh.601398,7.7800,7.7800,7.7600,7.7800,3700500,28758783.0000,3
2025-08-12,20250812134000000,sh.601398,7.7700,7.7900,7.7700,7.7900,5298200,41221381.0000,3
2025-08-12,20250812134500000,sh.601398,7.7800,7.7900,7.7800,7.7800,2418500,18830714.0000,3
2025-08-12,20250812135000000,sh.601398,7.7800,7.7900,7.7700,7.7800,3007700,23402882.0000,3
2025-08-12,20250812135500000,sh.601398,7.7800,7.7900,7.7800,7.7800,1856800,14450050.0000,3
2025-08-12,20250812140000000,sh.601398,7.7900,7.7900,7.7800,7.7900,1426100,11098632.0000,3
2025-08-12,20250812140500000,sh.601398,7.7900,7.7900,7.7800,7.7800,4033400,31404022.0000,3
2025-08-12,20250812141000000,sh.601398,7.7900,7.7900,7.7700,7.7700,3843400,29901184.0000,3
2025-08-12,20250812141500000,sh.601398,7.7700,7.7800,7.7700,7.7700,3761800,29239690.0000,3
2025-08-12,20250812142000000,sh.601398,7.7700,7.7800,7.7700,7.7800,4699400,36517880.0000,3
2025-08-12,20250812142500000,sh.601398,7.7800,7.7800,7.7700,7.7700,2298800,17878020.0000,3
2025-08-12,20250812143000000,sh.601398,7.7700,7.7800,7.7700,7.7800,3539400,27516928.0000,3
2025-08-12,20250812143500000,sh.601398,7.7700,7.7800,7.7700,7.7800,2757300,21435908.0000,3
2025-08-12,20250812144000000,sh.601398,7.7700,7.7800,7.7700,7.7700,4401200,34203893.0000,3
2025-08-12,20250812144500000,sh.601398,7.7700,7.7800,7.7700,7.7800,3369300,26192129.0000,3
2025-08-12,20250812145000000,sh.601398,7.7800,7.7800,7.7700,7.7800,6287400,48881675.0000,3
2025-08-12,20250812145500000,sh.601398,7.7700,7.7800,7.7700,7.7800,9887300,76858357.0000,3
2025-08-12,20250812150000000,sh.601398,7.7700,7.7800,7.7600,7.7800,10899300,84708100.0000,3
2025-08-13,20250813093500000,sh.601398,7.7700,7.8200,7.7700,7.8100,14377500,112084768.0000,3
2025-08-13,20250813094000000,sh.601398,7.8100,7.8100,7.7600,7.7600,9149500,71233728.0000,3
2025-08-13,20250813094500000,sh.601398,7.7700,7.7800,7.7600,7.7700,6151200,47801648.0000,3
2025-08-13,20250813095000000,sh.601398,7.7700,7.7800,7.7600,7.7700,7650800,59419376.0000,3
2025-08-13,20250813095500000,sh.601398,7.7700,7.7900,7.7700,7.7700,6050300,47048384.0000,3
2025-08-13,20250813100000000,sh.601398,7.7800,7.7900,7.7700,7.7900,5528600,43026432.0000,3
2025-08-13,20250813100500000,sh.601398,7.7800,7.7900,7.7700,7.7700,5979100,46503072.0000,3
2025-08-13,20250813101000000,sh.601398,7.7700,7.7800,7.7500,7.7600,7707300,59812928.0000,3
2025-08-13,20250813101500000,sh.601398,7.7500,7.7600,7.7500,7.7500,4884600,37875680.0000,3
2025-08-13,20250813102000000,sh.601398,7.7600,7.7800,7.7500,7.7700,4658100,36170872.0000,3
2025-08-13,20250813102500000,sh.601398,7.7700,7.7900,7.7700,7.7800,6236100,48518663.0000,3
2025-08-13,20250813103000000,sh.601398,7.7800,7.8000,7.7800,7.8000,4802900,37422716.0000,3
2025-08-13,20250813103500000,sh.601398,7.8000,7.8000,7.7800,7.7800,2435700,18968076.0000,3
2025-08-13,20250813104000000,sh.601398,7.7800,7.7900,7.7700,7.7700,3483500,27093363.0000,3
2025-08-13,20250813104500000,sh.601398,7.7700,7.8000,7.7700,7.7900,4501900,35071234.0000,3
2025-08-13,20250813105000000,sh.601398,7.7900,7.8100,7.7900,7.8000,7344500,57298428.0000,3
2025-08-13,20250813105500000,sh.601398,7.8000,7.8100,7.7900,7.7900,3691100,28795139.0000,3
2025-08-13,20250813110000000,sh.601398,7.7900,7.8000,7.7900,7.7900,2226100,17349707.0000,3
2025-08-13,20250813110500000,sh.601398,7.7900,7.7900,7.7800,7.7800,3883800,30233782.0000,3
2025-08-13,20250813111000000,sh.601398,7.7800,7.7900,7.7800,7.7800,1890600,14720458.0000,3
2025-08-13,20250813111500000,sh.601398,7.7800,7.7900,7.7800,7.7800,4172500,32494452.0000,3
2025-08-13,20250813112000000,sh.601398,7.7900,7.7900,7.7700,7.7700,6327000,49229374.0000,3
2025-08-13,20250813112500000,sh.601398,7.7700,7.7800,7.7600,7.7600,9228900,71669441.0000,3
2025-08-13,20250813113000000,sh.601398,7.7600,7.7800,7.7600,7.7600,5135800,39882701.0000,3
2025-08-13,20250813130500000,sh.601398,7.7700,7.7700,7.7500,7.7500,5706300,44263668.0000,3
2025-08-13,20250813131000000,sh.601398,7.7600,7.7600,7.7300,7.7300,17420800,134901260.0000,3
2025-08-13,20250813131500000,sh.601398,7.7300,7.7400,7.7200,7.7300,10040000,77624948.0000,3
2025-08-13,20250813132000000,sh.601398,7.7400,7.7400,7.7200,7.7200,12963900,100115974.0000,3
2025-08-13,20250813132500000,sh.601398,7.7200,7.7200,7.7000,7.7100,13138500,101278592.0000,3
2025-08-13,20250813133000000,sh.601398,7.7100,7.7300,7.7100,7.7100,10444700,80575232.0000,3
2025-08-13,20250813133500000,sh.601398,7.7200,7.7200,7.7000,7.7000,13379400,103090944.0000,3
2025-08-13,20250813134000000,sh.601398,7.7100,7.7100,7.7000,7.7100,8053100,62039808.0000,3
2025-08-13,20250813134500000,sh.601398,7.7100,7.7200,7.7000,7.7200,5491800,42334208.0000,3
2025-08-13,20250813135000000,sh.601398,7.7200,7.7200,7.7100,7.7100,4053400,31267964.0000,3
2025-08-13,20250813135500000,sh.601398,7.7200,7.7200,7.7100,7.7100,4160800,32100100.0000,3
2025-08-13,20250813140000000,sh.601398,7.7100,7.7200,7.7000,7.7200,9561000,73699968.0000,3
2025-08-13,20250813140500000,sh.601398,7.7200,7.7200,7.7100,7.7200,5892700,45451644.0000,3
2025-08-13,20250813141000000,sh.601398,7.7200,7.7200,7.7100,7.7100,3935200,30356228.0000,3
2025-08-13,20250813141500000,sh.601398,7.7200,7.7200,7.7100,7.7100,4670700,36026880.0000,3
2025-08-13,20250813142000000,sh.601398,7.7200,7.7200,7.7100,7.7100,6029100,46502016.0000,3
2025-08-13,20250813142500000,sh.601398,7.7200,7.7200,7.7000,7.7100,7025300,54163452.0000,3
2025-08-13,20250813143000000,sh.601398,7.7100,7.7200,7.7000,7.7100,6672200,51439620.0000,3
2025-08-13,20250813143500000,sh.601398,7.7100,7.7200,7.7000,7.7100,7224900,55687424.0000,3
2025-08-13,20250813144000000,sh.601398,7.7100,7.7100,7.7000,7.7100,4240200,32678912.0000,3
2025-08-13,20250813144500000,sh.601398,7.7100,7.7100,7.7000,7.7000,6587800,50763008.0000,3
2025-08-13,20250813145000000,sh.601398,7.7000,7.7100,7.7000,7.7100,7839500,60408320.0000,3
2025-08-13,20250813145500000,sh.601398,7.7100,7.7100,7.7000,7.7100,11430900,88074496.0000,3
2025-08-13,20250813150000000,sh.601398,7.7100,7.7200,7.7000,7.7000,12560100,96785408.0000,3
2025-08-14,20250814093500000,sh.601398,7.7000,7.7200,7.6700,7.6900,24403700,187691088.0000,3
2025-08-14,20250814094000000,sh.601398,7.6900,7.7200,7.6900,7.7200,12616100,97308976.0000,3
2025-08-14,20250814094500000,sh.601398,7.7300,7.7400,7.7100,7.7300,10180600,78663840.0000,3
2025-08-14,20250814095000000,sh.601398,7.7200,7.7500,7.7200,7.7500,13676800,105842848.0000,3
2025-08-14,20250814095500000,sh.601398,7.7400,7.7400,7.7300,7.7300,5678200,43924224.0000,3
2025-08-14,20250814100000000,sh.601398,7.7300,7.7400,7.7200,7.7300,6120500,47316996.0000,3
2025-08-14,20250814100500000,sh.601398,7.7300,7.7400,7.7200,7.7300,6112500,47254595.0000,3
2025-08-14,20250814101000000,sh.601398,7.7200,7.7400,7.7200,7.7400,6273500,48511616.0000,3
2025-08-14,20250814101500000,sh.601398,7.7300,7.7400,7.7200,7.7200,4865900,37616381.0000,3
2025-08-14,20250814102000000,sh.601398,7.7200,7.7300,7.7100,7.7300,3797900,29316418.0000,3
2025-08-14,20250814102500000,sh.601398,7.7200,7.7300,7.7100,7.7300,3326900,25687102.0000,3
2025-08-14,20250814103000000,sh.601398,7.7200,7.7300,7.7100,7.7200,2113800,16324088.0000,3
2025-08-14,20250814103500000,sh.601398,7.7100,7.7200,7.7100,7.7200,2824600,21785856.0000,3
2025-08-14,20250814104000000,sh.601398,7.7100,7.7200,7.7000,7.7100,4919300,37928188.0000,3
2025-08-14,20250814104500000,sh.601398,7.7000,7.7100,7.7000,7.7100,5070000,39045638.0000,3
2025-08-14,20250814105000000,sh.601398,7.7000,7.7100,7.7000,7.7100,4715700,36329082.0000,3
2025-08-14,20250814105500000,sh.601398,7.7000,7.7300,7.7000,7.7300,7700500,59470604.0000,3
2025-08-14,20250814110000000,sh.601398,7.7200,7.7400,7.7200,7.7300,4763400,36830976.0000,3
2025-08-14,20250814110500000,sh.601398,7.7300,7.7500,7.7300,7.7500,13873400,107408629.0000,3
2025-08-14,20250814111000000,sh.601398,7.7400,7.7600,7.7400,7.7500,14990900,116192013.0000,3
2025-08-14,20250814111500000,sh.601398,7.7500,7.7600,7.7400,7.7500,2894700,22430336.0000,3
2025-08-14,20250814112000000,sh.601398,7.7500,7.7500,7.7300,7.7300,3151300,24388480.0000,3
2025-08-14,20250814112500000,sh.601398,7.7300,7.7400,7.7300,7.7300,1142100,8834172.0000,3
2025-08-14,20250814113000000,sh.601398,7.7300,7.7400,7.7300,7.7300,2541800,19660028.0000,3
2025-08-14,20250814130500000,sh.601398,7.7400,7.7400,7.7200,7.7300,7462900,57662850.0000,3
2025-08-14,20250814131000000,sh.601398,7.7400,7.7400,7.7100,7.7200,2677800,20676480.0000,3
2025-08-14,20250814131500000,sh.601398,7.7100,7.7300,7.7100,7.7200,2362700,18239620.0000,3
2025-08-14,20250814132000000,sh.601398,7.7200,7.7200,7.7100,7.7200,3827700,29526908.0000,3
2025-08-14,20250814132500000,sh.601398,7.7200,7.7200,7.7000,7.7100,4658500,35910653.0000,3
2025-08-14,20250814133000000,sh.601398,7.7100,7.7100,7.6900,7.6900,9244300,71170823.0000,3
2025-08-14,20250814133500000,sh.601398,7.7000,7.7000,7.6800,7.6900,7317100,56279170.0000,3
2025-08-14,20250814134000000,sh.601398,7.6800,7.7100,7.6800,7.7100,4287800,32997628.0000,3
2025-08-14,20250814134500000,sh.601398,7.7100,7.7200,7.7000,7.7200,4520400,34850558.0000,3
2025-08-14,20250814135000000,sh.601398,7.7200,7.7200,7.7000,7.7000,3165700,24405505.0000,3
2025-08-14,20250814135500000,sh.601398,7.7100,7.7100,7.6900,7.7000,3958300,30471800.0000,3
2025-08-14,20250814140000000,sh.601398,7.7000,7.7000,7.6900,7.7000,3105700,23896191.0000,3
2025-08-14,20250814140500000,sh.601398,7.7000,7.7100,7.6900,7.7100,4314900,33216014.0000,3
2025-08-14,20250814141000000,sh.601398,7.7100,7.7100,7.7000,7.7000,3458400,26642814.0000,3
2025-08-14,20250814141500000,sh.601398,7.7000,7.7100,7.7000,7.7000,2923900,22519421.0000,3
2025-08-14,20250814142000000,sh.601398,7.7100,7.7100,7.7000,7.7100,4438800,34209275.0000,3
2025-08-14,20250814142500000,sh.601398,7.7100,7.7100,7.7000,7.7100,2345400,18067838.0000,3
2025-08-14,20250814143000000,sh.601398,7.7100,7.7100,7.7000,7.7100,2875800,22155531.0000,3
2025-08-14,20250814143500000,sh.601398,7.7100,7.7100,7.7000,7.7100,8326000,64141683.0000,3
2025-08-14,20250814144000000,sh.601398,7.7100,7.7200,7.7000,7.7000,4456100,34352266.0000,3
2025-08-14,20250814144500000,sh.601398,7.7100,7.7100,7.7000,7.7100,3045700,23471613.0000,3
2025-08-14,20250814145000000,sh.601398,7.7000,7.7100,7.7000,7.7100,4295700,33084163.0000,3
2025-08-14,20250814145500000,sh.601398,7.7000,7.7100,7.6900,7.7000,9150100,70425086.0000,3
2025-08-14,20250814150000000,sh.601398,7.6900,7.7000,7.6900,7.6900,9513500,73182470.0000,3
2025-08-15,20250815093500000,sh.601398,7.7000,7.7100,7.6100,7.6200,38739200,296235456.0000,3
2025-08-15,20250815094000000,sh.601398,7.6100,7.6200,7.5600,7.5800,40496300,307280454.0000,3
2025-08-15,20250815094500000,sh.601398,7.5700,7.5800,7.5400,7.5600,45161700,341389944.0000,3
2025-08-15,20250815095000000,sh.601398,7.5500,7.5700,7.5400,7.5600,21838200,164913025.0000,3
2025-08-15,20250815095500000,sh.601398,7.5600,7.5600,7.5400,7.5600,24617100,185842687.0000,3
2025-08-15,20250815100000000,sh.601398,7.5500,7.5600,7.5400,7.5500,13570200,102443771.0000,3
2025-08-15,20250815100500000,sh.601398,7.5500,7.5500,7.5300,7.5400,15739600,118677511.0000,3
2025-08-15,20250815101000000,sh.601398,7.5400,7.5400,7.5200,7.5300,23364700,175928832.0000,3
2025-08-15,20250815101500000,sh.601398,7.5200,7.5300,7.5100,7.5300,30148600,226601472.0000,3
2025-08-15,20250815102000000,sh.601398,7.5300,7.5400,7.5100,7.5200,18771000,141117952.0000,3
2025-08-15,20250815102500000,sh.601398,7.5100,7.5200,7.4900,7.5000,46413300,347953408.0000,3
2025-08-15,20250815103000000,sh.601398,7.5000,7.5000,7.4800,7.4900,19037200,142620160.0000,3
2025-08-15,20250815103500000,sh.601398,7.4900,7.5100,7.4800,7.5100,13885900,104073216.0000,3
2025-08-15,20250815104000000,sh.601398,7.5100,7.5100,7.4900,7.4900,16041400,120271360.0000,3
2025-08-15,20250815104500000,sh.601398,7.4900,7.5000,7.4900,7.5000,13877300,104038400.0000,3
2025-08-15,20250815105000000,sh.601398,7.5000,7.5000,7.4900,7.4900,10762800,80675584.0000,3
2025-08-15,20250815105500000,sh.601398,7.4900,7.5000,7.4800,7.5000,10350400,77517824.0000,3
2025-08-15,20250815110000000,sh.601398,7.5000,7.5000,7.4900,7.5000,6353800,47639040.0000,3
2025-08-15,20250815110500000,sh.601398,7.4900,7.5000,7.4900,7.5000,6895700,51680512.0000,3
2025-08-15,20250815111000000,sh.601398,7.5000,7.5000,7.4900,7.5000,9625800,72169984.0000,3
2025-08-15,20250815111500000,sh.601398,7.5000,7.5000,7.4800,7.4900,13592400,101816320.0000,3
2025-08-15,20250815112000000,sh.601398,7.4900,7.5000,7.4800,7.4900,7595700,56885504.0000,3
2025-08-15,20250815112500000,sh.601398,7.4900,7.5000,7.4800,7.5000,8860000,66371584.0000,3
2025-08-15,20250815113000000,sh.601398,7.5000,7.5000,7.4900,7.5000,8036800,60227328.0000,3
2025-08-15,20250815130500000,sh.601398,7.4900,7.5100,7.4900,7.5100,17762400,133185280.0000,3
2025-08-15,20250815131000000,sh.601398,7.5100,7.5200,7.5000,7.5200,6800300,51096320.0000,3
2025-08-15,20250815131500000,sh.601398,7.5200,7.5200,7.5000,7.5000,8642800,64939776.0000,3
2025-08-15,20250815132000000,sh.601398,7.5100,7.5100,7.5000,7.5100,6911300,51888896.0000,3
2025-08-15,20250815132500000,sh.601398,7.5100,7.5300,7.5000,7.5300,6026600,45322502.0000,3
2025-08-15,20250815133000000,sh.601398,7.5300,7.5300,7.5200,7.5200,5425800,40847613.0000,3
2025-08-15,20250815133500000,sh.601398,7.5200,7.5400,7.5200,7.5400,6265400,47182070.0000,3
2025-08-15,20250815134000000,sh.601398,7.5400,7.5400,7.5300,7.5400,5620700,42348292.0000,3
2025-08-15,20250815134500000,sh.601398,7.5400,7.5400,7.5300,7.5300,4740400,35738877.0000,3
2025-08-15,20250815135000000,sh.601398,7.5400,7.5400,7.5300,7.5400,5944800,44810239.0000,3
2025-08-15,20250815135500000,sh.601398,7.5300,7.5400,7.5200,7.5200,12520600,94228747.0000,3
2025-08-15,20250815140000000,sh.601398,7.5300,7.5300,7.5200,7.5200,7588200,57085950.0000,3
2025-08-15,20250815140500000,sh.601398,7.5300,7.5400,7.5300,7.5400,5494200,41406462.0000,3
2025-08-15,20250815141000000,sh.601398,7.5400,7.5400,7.5300,7.5300,5963600,44915970.0000,3
2025-08-15,20250815141500000,sh.601398,7.5400,7.5500,7.5400,7.5500,5888400,44428030.0000,3
2025-08-15,20250815142000000,sh.601398,7.5400,7.5500,7.5400,7.5500,6113500,46116864.0000,3
2025-08-15,20250815142500000,sh.601398,7.5500,7.5500,7.5400,7.5500,6565300,49548288.0000,3
2025-08-15,20250815143000000,sh.601398,7.5400,7.5600,7.5400,7.5500,6085300,45933568.0000,3
2025-08-15,20250815143500000,sh.601398,7.5500,7.5600,7.5400,7.5400,4546800,34321926.0000,3
2025-08-15,20250815144000000,sh.601398,7.5500,7.5600,7.5400,7.5500,8727800,65909242.0000,3
2025-08-15,20250815144500000,sh.601398,7.5500,7.5600,7.5500,7.5600,5859100,44271104.0000,3
2025-08-15,20250815145000000,sh.601398,7.5500,7.5600,7.5500,7.5600,7490000,56612864.0000,3
2025-08-15,20250815145500000,sh.601398,7.5600,7.5600,7.5500,7.5600,10306500,77885952.0000,3
2025-08-15,20250815150000000,sh.601398,7.5600,7.5700,7.5500,7.5500,16940900,127943680.0000,3
2025-08-18,20250818093500000,sh.601398,7.5100,7.5200,7.4700,7.5200,42610400,319316992.0000,3
2025-08-18,20250818094000000,sh.601398,7.5200,7.5300,7.4900,7.5000,22092800,165780896.0000,3
2025-08-18,20250818094500000,sh.601398,7.5100,7.5200,7.5000,7.5200,15166800,113920548.0000,3
2025-08-18,20250818095000000,sh.601398,7.5100,7.5300,7.5000,7.5000,12049100,90505469.0000,3
2025-08-18,20250818095500000,sh.601398,7.5000,7.5100,7.4800,7.4800,15656300,117318911.0000,3
2025-08-18,20250818100000000,sh.601398,7.4800,7.4900,7.4800,7.4900,10005200,74863812.0000,3
2025-08-18,20250818100500000,sh.601398,7.4900,7.4900,7.4700,7.4700,14007900,104717568.0000,3
2025-08-18,20250818101000000,sh.601398,7.4700,7.4800,7.4700,7.4700,7017000,52449081.0000,3
2025-08-18,20250818101500000,sh.601398,7.4800,7.4800,7.4700,7.4700,9710600,72559419.0000,3
2025-08-18,20250818102000000,sh.601398,7.4700,7.4900,7.4700,7.4800,10277700,76875011.0000,3
2025-08-18,20250818102500000,sh.601398,7.4900,7.5000,7.4800,7.5000,9386200,70298237.0000,3
2025-08-18,20250818103000000,sh.601398,7.4900,7.5100,7.4900,7.5000,7488500,56144014.0000,3
2025-08-18,20250818103500000,sh.601398,7.5000,7.5100,7.4900,7.5000,4748100,35581818.0000,3
2025-08-18,20250818104000000,sh.601398,7.4900,7.5000,7.4900,7.5000,4029000,30190844.0000,3
2025-08-18,20250818104500000,sh.601398,7.5000,7.5100,7.4900,7.5100,8837100,66279174.0000,3
2025-08-18,20250818105000000,sh.601398,7.5000,7.5100,7.4900,7.5000,10093700,75715584.0000,3
2025-08-18,20250818105500000,sh.601398,7.5100,7.5100,7.4900,7.4900,5092100,38181120.0000,3
2025-08-18,20250818110000000,sh.601398,7.4900,7.5000,7.4900,7.5000,4630800,34699770.0000,3
2025-08-18,20250818110500000,sh.601398,7.5000,7.5100,7.4900,7.5000,9280100,69582471.0000,3
2025-08-18,20250818111000000,sh.601398,7.5000,7.5100,7.5000,7.5000,3659500,27464451.0000,3
2025-08-18,20250818111500000,sh.601398,7.5100,7.5100,7.5000,7.5100,3400700,25527804.0000,3
2025-08-18,20250818112000000,sh.601398,7.5100,7.5200,7.5100,7.5200,6917500,51972603.0000,3
2025-08-18,20250818112500000,sh.601398,7.5100,7.5200,7.5000,7.5100,6160700,46273155.0000,3
2025-08-18,20250818113000000,sh.601398,7.5200,7.5200,7.5000,7.5100,5910700,44412285.0000,3
2025-08-18,20250818130500000,sh.601398,7.5100,7.5200,7.5100,7.5200,10619400,79772675.0000,3
2025-08-18,20250818131000000,sh.601398,7.5100,7.5200,7.5000,7.5200,7704400,57850107.0000,3
2025-08-18,20250818131500000,sh.601398,7.5100,7.5200,7.5100,7.5100,5343100,40137093.0000,3
2025-08-18,20250818132000000,sh.601398,7.5100,7.5100,7.5000,7.5100,5676600,42597120.0000,3
2025-08-18,20250818132500000,sh.601398,7.5100,7.5100,7.5000,7.5100,8022000,60209148.0000,3
2025-08-18,20250818133000000,sh.601398,7.5000,7.5100,7.5000,7.5100,2967600,22268808.0000,3
2025-08-18,20250818133500000,sh.601398,7.5100,7.5100,7.5000,7.5000,5450500,40901627.0000,3
2025-08-18,20250818134000000,sh.601398,7.5100,7.5100,7.5000,7.5000,4244000,31839995.0000,3
2025-08-18,20250818134500000,sh.601398,7.5100,7.5100,7.5000,7.5000,3770800,28293638.0000,3
2025-08-18,20250818135000000,sh.601398,7.5000,7.5100,7.5000,7.5100,5091400,38211324.0000,3
2025-08-18,20250818135500000,sh.601398,7.5000,7.5100,7.5000,7.5000,3762900,28240388.0000,3
2025-08-18,20250818140000000,sh.601398,7.5100,7.5100,7.5000,7.5000,3606600,27071494.0000,3
2025-08-18,20250818140500000,sh.601398,7.5000,7.5100,7.5000,7.5100,6264800,46996736.0000,3
2025-08-18,20250818141000000,sh.601398,7.5000,7.5100,7.4900,7.5000,11426800,85697018.0000,3
2025-08-18,20250818141500000,sh.601398,7.5000,7.5000,7.4900,7.5000,3984400,29861120.0000,3
2025-08-18,20250818142000000,sh.601398,7.5000,7.5000,7.4900,7.4900,5949400,44602880.0000,3
2025-08-18,20250818142500000,sh.601398,7.4900,7.5100,7.4900,7.5000,6489500,48680696.0000,3
2025-08-18,20250818143000000,sh.601398,7.5000,7.5100,7.5000,7.5100,4997000,37507854.0000,3
2025-08-18,20250818143500000,sh.601398,7.5100,7.5200,7.5000,7.5200,6546400,49174266.0000,3
2025-08-18,20250818144000000,sh.601398,7.5200,7.5200,7.5100,7.5100,2689900,20219392.0000,3
2025-08-18,20250818144500000,sh.601398,7.5200,7.5200,7.5100,7.5200,8490300,63813627.0000,3
2025-08-18,20250818145000000,sh.601398,7.5200,7.5300,7.5100,7.5300,12130700,91207685.0000,3
2025-08-18,20250818145500000,sh.601398,7.5300,7.5300,7.5200,7.5200,12146800,91435008.0000,3
2025-08-18,20250818150000000,sh.601398,7.5200,7.5400,7.5200,7.5300,11633400,87585024.0000,3
2025-08-19,20250819093500000,sh.601398,7.5300,7.5600,7.5200,7.5400,24894100,187664896.0000,3
2025-08-19,20250819094000000,sh.601398,7.5400,7.5500,7.5200,7.5200,14679400,110631200.0000,3
2025-08-19,20250819094500000,sh.601398,7.5300,7.5500,7.5200,7.5400,10722800,80811648.0000,3
2025-08-19,20250819095000000,sh.601398,7.5500,7.5500,7.5200,7.5300,8756600,65956832.0000,3
2025-08-19,20250819095500000,sh.601398,7.5300,7.5400,7.5200,7.5400,10323600,77694048.0000,3
2025-08-19,20250819100000000,sh.601398,7.5300,7.5600,7.5300,7.5600,17168300,129626716.0000,3
2025-08-19,20250819100500000,sh.601398,7.5600,7.6000,7.5600,7.5900,33810400,256241220.0000,3
2025-08-19,20250819101000000,sh.601398,7.5800,7.6000,7.5600,7.5700,23459500,177971074.0000,3
2025-08-19,20250819101500000,sh.601398,7.5700,7.5900,7.5700,7.5800,6679100,50627200.0000,3
2025-08-19,20250819102000000,sh.601398,7.5800,7.6000,7.5700,7.5900,11385500,86397819.0000,3
2025-08-19,20250819102500000,sh.601398,7.5900,7.6000,7.5800,7.5900,5738300,43552773.0000,3
2025-08-19,20250819103000000,sh.601398,7.5900,7.5900,7.5700,7.5700,4976700,37703684.0000,3
2025-08-19,20250819103500000,sh.601398,7.5700,7.5800,7.5700,7.5700,2777400,21034230.0000,3
2025-08-19,20250819104000000,sh.601398,7.5700,7.5800,7.5600,7.5700,3865500,29267331.0000,3
2025-08-19,20250819104500000,sh.601398,7.5700,7.5700,7.5600,7.5600,1648300,12470144.0000,3
2025-08-19,20250819105000000,sh.601398,7.5700,7.5700,7.5600,7.5600,2196200,16612473.0000,3
2025-08-19,20250819105500000,sh.601398,7.5700,7.5700,7.5600,7.5600,1265400,9571075.0000,3
2025-08-19,20250819110000000,sh.601398,7.5700,7.5700,7.5600,7.5600,2511200,19001092.0000,3
2025-08-19,20250819110500000,sh.601398,7.5700,7.5700,7.5600,7.5600,1840800,13922685.0000,3
2025-08-19,20250819111000000,sh.601398,7.5600,7.5700,7.5600,7.5700,2171000,16425988.0000,3
2025-08-19,20250819111500000,sh.601398,7.5700,7.5700,7.5600,7.5600,2343900,17734528.0000,3
2025-08-19,20250819112000000,sh.601398,7.5600,7.5700,7.5600,7.5600,2920800,22100987.0000,3
2025-08-19,20250819112500000,sh.601398,7.5600,7.5700,7.5500,7.5600,7956700,60140669.0000,3
2025-08-19,20250819113000000,sh.601398,7.5600,7.5600,7.5500,7.5500,3192100,24113284.0000,3
2025-08-19,20250819130500000,sh.601398,7.5600,7.5800,7.5500,7.5800,13939900,105511177.0000,3
2025-08-19,20250819131000000,sh.601398,7.5700,7.5800,7.5700,7.5800,5298500,40151029.0000,3
2025-08-19,20250819131500000,sh.601398,7.5800,7.5900,7.5700,7.5700,5387100,40841088.0000,3
2025-08-19,20250819132000000,sh.601398,7.5700,7.5800,7.5700,7.5800,1841100,13949702.0000,3
2025-08-19,20250819132500000,sh.601398,7.5700,7.5800,7.5700,7.5700,7200200,54519168.0000,3
2025-08-19,20250819133000000,sh.601398,7.5700,7.5800,7.5600,7.5700,2655300,20100990.0000,3
2025-08-19,20250819133500000,sh.601398,7.5700,7.5900,7.5700,7.5800,5614000,42553478.0000,3
2025-08-19,20250819134000000,sh.601398,7.5800,7.5900,7.5700,7.5700,3984200,30196475.0000,3
2025-08-19,20250819134500000,sh.601398,7.5700,7.5900,7.5700,7.5800,4586300,34773512.0000,3
2025-08-19,20250819135000000,sh.601398,7.5800,7.5900,7.5700,7.5700,3759700,28498675.0000,3
2025-08-19,20250819135500000,sh.601398,7.5700,7.5800,7.5700,7.5800,1459400,11056256.0000,3
2025-08-19,20250819140000000,sh.601398,7.5700,7.5800,7.5600,7.5600,10394900,78669448.0000,3
2025-08-19,20250819140500000,sh.601398,7.5600,7.5700,7.5500,7.5700,6085900,46012674.0000,3
2025-08-19,20250819141000000,sh.601398,7.5700,7.5700,7.5600,7.5700,4024700,30458236.0000,3
2025-08-19,20250819141500000,sh.601398,7.5600,7.5700,7.5600,7.5700,3847800,29101304.0000,3
2025-08-19,20250819142000000,sh.601398,7.5600,7.5700,7.5600,7.5700,1636800,12380680.0000,3
2025-08-19,20250819142500000,sh.601398,7.5600,7.5700,7.5500,7.5600,8341500,63061764.0000,3
2025-08-19,20250819143000000,sh.601398,7.5500,7.5600,7.5500,7.5600,3307700,24989692.0000,3
2025-08-19,20250819143500000,sh.601398,7.5500,7.5700,7.5500,7.5600,2913900,22030852.0000,3
2025-08-19,20250819144000000,sh.601398,7.5600,7.5700,7.5600,7.5600,2991800,22635256.0000,3
2025-08-19,20250819144500000,sh.601398,7.5600,7.5700,7.5600,7.5700,5204600,39376893.0000,3
2025-08-19,20250819145000000,sh.601398,7.5600,7.5800,7.5600,7.5800,7111400,53836550.0000,3
2025-08-19,20250819145500000,sh.601398,7.5800,7.5800,7.5700,7.5700,8175700,61916161.0000,3
2025-08-19,20250819150000000,sh.601398,7.5700,7.5800,7.5700,7.5700,11478700,86908408.0000,3
2025-08-20,20250820093500000,sh.601398,7.5800,7.6000,7.5600,7.5900,26961100,204425632.0000,3
2025-08-20,20250820094000000,sh.601398,7.5900,7.6000,7.5600,7.5700,13976900,105919968.0000,3
2025-08-20,20250820094500000,sh.601398,7.5600,7.5800,7.5600,7.5700,13231300,100143552.0000,3
2025-08-20,20250820095000000,sh.601398,7.5700,7.5900,7.5700,7.5700,15076100,114359104.0000,3
2025-08-20,20250820095500000,sh.601398,7.5800,7.5900,7.5700,7.5800,5278700,40026751.0000,3
2025-08-20,20250820100000000,sh.601398,7.5900,7.5900,7.5700,7.5700,5245400,39754041.0000,3
2025-08-20,20250820100500000,sh.601398,7.5800,7.5900,7.5700,7.5800,10023800,76017035.0000,3
2025-08-20,20250820101000000,sh.601398,7.5900,7.6100,7.5800,7.6100,21939200,166710852.0000,3
2025-08-20,20250820101500000,sh.601398,7.6000,7.6200,7.6000,7.6100,10837700,82494841.0000,3
2025-08-20,20250820102000000,sh.601398,7.6200,7.6200,7.6000,7.6000,8962700,68240966.0000,3
2025-08-20,20250820102500000,sh.601398,7.6000,7.6100,7.6000,7.6000,1767600,13439871.0000,3
2025-08-20,20250820103000000,sh.601398,7.6100,7.6100,7.5800,7.6000,7880900,59853883.0000,3
2025-08-20,20250820103500000,sh.601398,7.6000,7.6000,7.5900,7.6000,3254500,24722296.0000,3
2025-08-20,20250820104000000,sh.601398,7.6000,7.6000,7.5800,7.5900,5431000,41211908.0000,3
2025-08-20,20250820104500000,sh.601398,7.5800,7.6000,7.5800,7.5900,4817600,36569596.0000,3
2025-08-20,20250820105000000,sh.601398,7.5900,7.5900,7.5800,7.5800,2611800,19812490.0000,3
2025-08-20,20250820105500000,sh.601398,7.5800,7.5900,7.5800,7.5800,2022900,15345272.0000,3
2025-08-20,20250820110000000,sh.601398,7.5900,7.6000,7.5800,7.6000,5734600,43529990.0000,3
2025-08-20,20250820110500000,sh.601398,7.5900,7.6000,7.5800,7.6000,2828100,21466881.0000,3
2025-08-20,20250820111000000,sh.601398,7.6000,7.6000,7.5900,7.5900,2137000,16228087.0000,3
2025-08-20,20250820111500000,sh.601398,7.6000,7.6000,7.5800,7.5900,1903800,14452107.0000,3
2025-08-20,20250820112000000,sh.601398,7.5900,7.5900,7.5800,7.5900,3608000,27365622.0000,3
2025-08-20,20250820112500000,sh.601398,7.5900,7.6000,7.5800,7.5900,2836700,21540742.0000,3
2025-08-20,20250820113000000,sh.601398,7.5900,7.6000,7.5800,7.5900,4312300,32725243.0000,3
2025-08-20,20250820130500000,sh.601398,7.5900,7.6000,7.5700,7.5800,8723600,66132864.0000,3
2025-08-20,20250820131000000,sh.601398,7.5800,7.5900,7.5700,7.5800,2469800,18735230.0000,3
2025-08-20,20250820131500000,sh.601398,7.5900,7.6000,7.5800,7.5900,7065500,53646344.0000,3
2025-08-20,20250820132000000,sh.601398,7.6000,7.6100,7.5900,7.6000,8866200,67405314.0000,3
2025-08-20,20250820132500000,sh.601398,7.6000,7.6200,7.6000,7.6000,13005500,98990591.0000,3
2025-08-20,20250820133000000,sh.601398,7.6100,7.6200,7.6100,7.6200,3747300,28533760.0000,3
2025-08-20,20250820133500000,sh.601398,7.6200,7.6200,7.6000,7.6100,4173300,31770883.0000,3
2025-08-20,20250820134000000,sh.601398,7.6100,7.6100,7.6000,7.6000,2652400,20170996.0000,3
2025-08-20,20250820134500000,sh.601398,7.6100,7.6100,7.5900,7.5900,6543500,49728904.0000,3
2025-08-20,20250820135000000,sh.601398,7.6000,7.6000,7.5900,7.6000,1327300,10081536.0000,3
2025-08-20,20250820135500000,sh.601398,7.6000,7.6000,7.5900,7.6000,1905300,14470018.0000,3
2025-08-20,20250820140000000,sh.601398,7.5900,7.6000,7.5800,7.5800,8852800,67167227.0000,3
2025-08-20,20250820140500000,sh.601398,7.5900,7.5900,7.5700,7.5800,8940800,67762437.0000,3
2025-08-20,20250820141000000,sh.601398,7.5800,7.5900,7.5700,7.5700,3972200,30095616.0000,3
2025-08-20,20250820141500000,sh.601398,7.5800,7.5800,7.5700,7.5800,4269600,32347641.0000,3
2025-08-20,20250820142000000,sh.601398,7.5800,7.5800,7.5700,7.5800,5241700,39697803.0000,3
2025-08-20,20250820142500000,sh.601398,7.5800,7.5800,7.5700,7.5800,2962900,22435584.0000,3
2025-08-20,20250820143000000,sh.601398,7.5700,7.5800,7.5700,7.5800,2755100,20869116.0000,3
2025-08-20,20250820143500000,sh.601398,7.5800,7.5800,7.5700,7.5800,10127100,76674679.0000,3
2025-08-20,20250820144000000,sh.601398,7.5800,7.5800,7.5600,7.5700,5537700,41920526.0000,3
2025-08-20,20250820144500000,sh.601398,7.5700,7.5800,7.5600,7.5700,6791700,51397625.0000,3
2025-08-20,20250820145000000,sh.601398,7.5700,7.5800,7.5600,7.5700,10583000,80116220.0000,3
2025-08-20,20250820145500000,sh.601398,7.5800,7.5800,7.5700,7.5700,7599200,57553916.0000,3
2025-08-20,20250820150000000,sh.601398,7.5800,7.5800,7.5700,7.5700,10724700,81211398.0000,3
2025-08-21,20250821093500000,sh.601398,7.5700,7.5700,7.5200,7.5400,25338600,190961312.0000,3
2025-08-21,20250821094000000,sh.601398,7.5300,7.5400,7.5100,7.5300,21332900,160474784.0000,3
2025-08-21,20250821094500000,sh.601398,7.5300,7.5600,7.5300,7.5500,9193300,69372160.0000,3
2025-08-21,20250821095000000,sh.601398,7.5600,7.5700,7.5500,7.5500,8633500,65231872.0000,3
2025-08-21,20250821095500000,sh.601398,7.5500,7.5800,7.5500,7.5800,12563100,95137351.0000,3
2025-08-21,20250821100000000,sh.601398,7.5800,7.6000,7.5700,7.5800,15286000,115968179.0000,3
2025-08-21,20250821100500000,sh.601398,7.5800,7.5900,7.5700,7.5900,4111400,31160832.0000,3
2025-08-21,20250821101000000,sh.601398,7.5800,7.5900,7.5700,7.5800,6360900,48232262.0000,3
2025-08-21,20250821101500000,sh.601398,7.5800,7.6100,7.5800,7.5900,30503700,231760954.0000,3
2025-08-21,20250821102000000,sh.601398,7.6000,7.6000,7.5900,7.6000,4132300,31385924.0000,3
2025-08-21,20250821102500000,sh.601398,7.5900,7.6000,7.5800,7.5900,5179700,39312128.0000,3
2025-08-21,20250821103000000,sh.601398,7.5900,7.6000,7.5900,7.6000,2088300,15859840.0000,3
2025-08-21,20250821103500000,sh.601398,7.6000,7.6000,7.5800,7.5900,3875800,29424378.0000,3
2025-08-21,20250821104000000,sh.601398,7.5900,7.6000,7.5800,7.5900,4447000,33749516.0000,3
2025-08-21,20250821104500000,sh.601398,7.5800,7.5900,7.5800,7.5800,1718700,13037187.0000,3
2025-08-21,20250821105000000,sh.601398,7.5800,7.5900,7.5700,7.5800,4402200,33370995.0000,3
2025-08-21,20250821105500000,sh.601398,7.5700,7.5800,7.5600,7.5600,6673700,50522888.0000,3
2025-08-21,20250821110000000,sh.601398,7.5600,7.5700,7.5600,7.5600,1710100,12935045.0000,3
2025-08-21,20250821110500000,sh.601398,7.5700,7.5700,7.5500,7.5500,5276300,39880825.0000,3
2025-08-21,20250821111000000,sh.601398,7.5600,7.5700,7.5500,7.5600,3144800,23768966.0000,3
2025-08-21,20250821111500000,sh.601398,7.5600,7.5700,7.5500,7.5600,3071600,23214718.0000,3
2025-08-21,20250821112000000,sh.601398,7.5600,7.5600,7.5500,7.5500,1780700,13450236.0000,3
2025-08-21,20250821112500000,sh.601398,7.5500,7.5700,7.5500,7.5600,4406700,33300600.0000,3
2025-08-21,20250821113000000,sh.601398,7.5700,7.5700,7.5600,7.5600,2108400,15949964.0000,3
2025-08-21,20250821130500000,sh.601398,7.5700,7.5700,7.5600,7.5700,5700400,43123192.0000,3
2025-08-21,20250821131000000,sh.601398,7.5600,7.5700,7.5600,7.5600,2064800,15625603.0000,3
2025-08-21,20250821131500000,sh.601398,7.5700,7.5800,7.5700,7.5800,2974100,22531973.0000,3
2025-08-21,20250821132000000,sh.601398,7.5700,7.5900,7.5700,7.5800,4103100,31098239.0000,3
2025-08-21,20250821132500000,sh.601398,7.5800,7.5800,7.5700,7.5700,1489200,11281911.0000,3
2025-08-21,20250821133000000,sh.601398,7.5700,7.5900,7.5700,7.5800,4543600,34443008.0000,3
2025-08-21,20250821133500000,sh.601398,7.5900,7.5900,7.5800,7.5800,2476200,18777480.0000,3
2025-08-21,20250821134000000,sh.601398,7.5900,7.5900,7.5800,7.5900,2970000,22533380.0000,3
2025-08-21,20250821134500000,sh.601398,7.5800,7.6000,7.5800,7.5900,12907600,98006514.0000,3
2025-08-21,20250821135000000,sh.601398,7.6000,7.6100,7.5900,7.5900,18500500,140619264.0000,3
2025-08-21,20250821135500000,sh.601398,7.6000,7.6000,7.5900,7.5900,3558700,27017472.0000,3
2025-08-21,20250821140000000,sh.601398,7.5900,7.6000,7.5800,7.5800,2781300,21109257.0000,3
2025-08-21,20250821140500000,sh.601398,7.5800,7.6000,7.5800,7.5900,2958300,22457476.0000,3
2025-08-21,20250821141000000,sh.601398,7.5900,7.6000,7.5800,7.6000,5067600,38494323.0000,3
2025-08-21,20250821141500000,sh.601398,7.6000,7.6100,7.5900,7.6100,14513200,110338184.0000,3
2025-08-21,20250821142000000,sh.601398,7.6100,7.6200,7.6000,7.6200,17723400,134923008.0000,3
2025-08-21,20250821142500000,sh.601398,7.6200,7.6200,7.6100,7.6100,4672000,35572224.0000,3
2025-08-21,20250821143000000,sh.601398,7.6100,7.6200,7.6000,7.6100,6454200,49104632.0000,3
2025-08-21,20250821143500000,sh.601398,7.6100,7.6100,7.6000,7.6000,5746100,43679240.0000,3
2025-08-21,20250821144000000,sh.601398,7.6000,7.6100,7.5900,7.6000,5018800,38141184.0000,3
2025-08-21,20250821144500000,sh.601398,7.6000,7.6000,7.5900,7.6000,6892500,52371968.0000,3
2025-08-21,20250821145000000,sh.601398,7.5900,7.6000,7.5900,7.6000,5748900,43662848.0000,3
2025-08-21,20250821145500000,sh.601398,7.5900,7.6000,7.5900,7.6000,8242800,62593280.0000,3
2025-08-21,20250821150000000,sh.601398,7.5900,7.6000,7.5900,7.6000,9855800,74875399.0000,3
2025-08-22,20250822093500000,sh.601398,7.6000,7.6000,7.5700,7.5700,21368600,162113968.0000,3
2025-08-22,20250822094000000,sh.601398,7.5800,7.5900,7.5700,7.5800,14724000,111545040.0000,3
2025-08-22,20250822094500000,sh.601398,7.5700,7.5800,7.5400,7.5500,31497000,237933792.0000,3
2025-08-22,20250822095000000,sh.601398,7.5500,7.5700,7.5400,7.5500,12908100,97461862.0000,3
2025-08-22,20250822095500000,sh.601398,7.5500,7.5600,7.5400,7.5600,9292900,70124854.0000,3
2025-08-22,20250822100000000,sh.601398,7.5500,7.5600,7.5400,7.5500,11022500,83251588.0000,3
2025-08-22,20250822100500000,sh.601398,7.5500,7.5600,7.5400,7.5400,8029100,60606969.0000,3
2025-08-22,20250822101000000,sh.601398,7.5500,7.5500,7.5300,7.5400,15996400,120567757.0000,3
2025-08-22,20250822101500000,sh.601398,7.5300,7.5400,7.5300,7.5300,5012600,37768372.0000,3
2025-08-22,20250822102000000,sh.601398,7.5300,7.5400,7.5300,7.5400,7542500,56817856.0000,3
2025-08-22,20250822102500000,sh.601398,7.5300,7.5400,7.5300,7.5400,9839600,74119754.0000,3
2025-08-22,20250822103000000,sh.601398,7.5400,7.5500,7.5300,7.5500,3681100,27766913.0000,3
2025-08-22,20250822103500000,sh.601398,7.5500,7.5500,7.5400,7.5400,3802300,28688123.0000,3
2025-08-22,20250822104000000,sh.601398,7.5400,7.5500,7.5400,7.5400,2608600,19683590.0000,3
2025-08-22,20250822104500000,sh.601398,7.5400,7.5500,7.5400,7.5400,3186300,24032123.0000,3
2025-08-22,20250822105000000,sh.601398,7.5400,7.5500,7.5400,7.5400,5933500,44752772.0000,3
2025-08-22,20250822105500000,sh.601398,7.5400,7.5500,7.5400,7.5500,2654800,20025715.0000,3
2025-08-22,20250822110000000,sh.601398,7.5400,7.5500,7.5400,7.5400,2687900,20276367.0000,3
2025-08-22,20250822110500000,sh.601398,7.5400,7.5500,7.5400,7.5500,3451800,26052989.0000,3
2025-08-22,20250822111000000,sh.601398,7.5400,7.5600,7.5400,7.5500,3118200,23544067.0000,3
2025-08-22,20250822111500000,sh.601398,7.5600,7.5700,7.5500,7.5700,4329400,32724597.0000,3
2025-08-22,20250822112000000,sh.601398,7.5700,7.5700,7.5600,7.5600,1867700,14131328.0000,3
2025-08-22,20250822112500000,sh.601398,7.5600,7.5800,7.5600,7.5800,4105400,31083010.0000,3
2025-08-22,20250822113000000,sh.601398,7.5700,7.5900,7.5700,7.5800,5415700,41046916.0000,3
2025-08-22,20250822130500000,sh.601398,7.5800,7.5900,7.5600,7.5700,6152900,46609404.0000,3
2025-08-22,20250822131000000,sh.601398,7.5700,7.5800,7.5600,7.5600,4098000,31019653.0000,3
2025-08-22,20250822131500000,sh.601398,7.5700,7.5700,7.5500,7.5600,5321600,40230017.0000,3
2025-08-22,20250822132000000,sh.601398,7.5600,7.5800,7.5500,7.5800,6669600,50438395.0000,3
2025-08-22,20250822132500000,sh.601398,7.5800,7.6000,7.5700,7.5900,10660600,80857471.0000,3
2025-08-22,20250822133000000,sh.601398,7.6000,7.6000,7.5900,7.6000,10593100,80490498.0000,3
2025-08-22,20250822133500000,sh.601398,7.6100,7.6100,7.5900,7.5900,12293200,93469056.0000,3
2025-08-22,20250822134000000,sh.601398,7.6000,7.6000,7.5900,7.6000,3817100,28996614.0000,3
2025-08-22,20250822134500000,sh.601398,7.6000,7.6100,7.5900,7.6000,7061600,53684090.0000,3
2025-08-22,20250822135000000,sh.601398,7.6100,7.6100,7.6000,7.6000,5688400,43265920.0000,3
2025-08-22,20250822135500000,sh.601398,7.6100,7.6100,7.6000,7.6000,7467900,56785280.0000,3
2025-08-22,20250822140000000,sh.601398,7.6100,7.6100,7.5900,7.6100,9935800,75553536.0000,3
2025-08-22,20250822140500000,sh.601398,7.6100,7.6100,7.6000,7.6100,13694800,104212992.0000,3
2025-08-22,20250822141000000,sh.601398,7.6100,7.6200,7.6000,7.6200,8040800,61178112.0000,3
2025-08-22,20250822141500000,sh.601398,7.6100,7.6200,7.6000,7.6100,4300500,32734976.0000,3
2025-08-22,20250822142000000,sh.601398,7.6100,7.6100,7.6000,7.6000,3445900,26210816.0000,3
2025-08-22,20250822142500000,sh.601398,7.6000,7.6100,7.6000,7.6100,3393900,25820672.0000,3
2025-08-22,20250822143000000,sh.601398,7.6000,7.6100,7.6000,7.6100,8576400,65258240.0000,3
2025-08-22,20250822143500000,sh.601398,7.6200,7.6200,7.6000,7.6200,6462300,49206784.0000,3
2025-08-22,20250822144000000,sh.601398,7.6200,7.6200,7.6100,7.6200,6333700,48223488.0000,3
2025-08-22,20250822144500000,sh.601398,7.6200,7.6200,7.6000,7.6200,6383300,48593152.0000,3
2025-08-22,20250822145000000,sh.601398,7.6200,7.6200,7.6100,7.6100,7770000,59180800.0000,3
2025-08-22,20250822145500000,sh.601398,7.6200,7.6200,7.6100,7.6200,13217100,100677376.0000,3
2025-08-22,20250822150000000,sh.601398,7.6200,7.6300,7.6100,7.6300,18318300,139664128.0000,3
2025-08-25,20250825093500000,sh.601398,7.6000,7.6000,7.5600,7.5800,37160800,281526400.0000,3
2025-08-25,20250825094000000,sh.601398,7.5800,7.6000,7.5600,7.6000,23019500,174469856.0000,3
2025-08-25,20250825094500000,sh.601398,7.6000,7.6000,7.5600,7.5800,19211000,145572320.0000,3
2025-08-25,20250825095000000,sh.601398,7.5700,7.5900,7.5700,7.5800,8062300,61100093.0000,3
2025-08-25,20250825095500000,sh.601398,7.5800,7.5900,7.5600,7.5700,10580500,80118271.0000,3
2025-08-25,20250825100000000,sh.601398,7.5700,7.5700,7.5600,7.5600,7243400,54790021.0000,3
2025-08-25,20250825100500000,sh.601398,7.5700,7.5700,7.5500,7.5600,28105900,212440827.0000,3
2025-08-25,20250825101000000,sh.601398,7.5700,7.5700,7.5600,7.5700,5583500,42238140.0000,3
2025-08-25,20250825101500000,sh.601398,7.5600,7.5700,7.5600,7.5600,11757900,88913484.0000,3
2025-08-25,20250825102000000,sh.601398,7.5700,7.5700,7.5500,7.5700,11951700,90331139.0000,3
2025-08-25,20250825102500000,sh.601398,7.5600,7.5800,7.5500,7.5700,20720500,156643313.0000,3
2025-08-25,20250825103000000,sh.601398,7.5600,7.5800,7.5600,7.5700,11609200,87851144.0000,3
2025-08-25,20250825103500000,sh.601398,7.5800,7.5800,7.5500,7.5700,14322200,108241540.0000,3
2025-08-25,20250825104000000,sh.601398,7.5700,7.5700,7.5500,7.5600,6696700,50631809.0000,3
2025-08-25,20250825104500000,sh.601398,7.5600,7.5700,7.5600,7.5600,4572300,34574455.0000,3
2025-08-25,20250825105000000,sh.601398,7.5700,7.5700,7.5600,7.5700,4184100,31656828.0000,3
2025-08-25,20250825105500000,sh.601398,7.5700,7.5700,7.5600,7.5700,5537200,41897996.0000,3
2025-08-25,20250825110000000,sh.601398,7.5600,7.5700,7.5600,7.5600,15531900,117441144.0000,3
2025-08-25,20250825110500000,sh.601398,7.5600,7.5800,7.5500,7.5800,14137700,106925062.0000,3
2025-08-25,20250825111000000,sh.601398,7.5800,7.5900,7.5700,7.5800,5899000,44708730.0000,3
2025-08-25,20250825111500000,sh.601398,7.5800,7.5900,7.5800,7.5900,5403900,41000458.0000,3
2025-08-25,20250825112000000,sh.601398,7.5900,7.5900,7.5800,7.5900,2106900,15979008.0000,3
2025-08-25,20250825112500000,sh.601398,7.5800,7.5900,7.5800,7.5800,8137500,61716214.0000,3
2025-08-25,20250825113000000,sh.601398,7.5800,7.5900,7.5700,7.5900,8773800,66540674.0000,3
2025-08-25,20250825130500000,sh.601398,7.5900,7.6000,7.5800,7.5900,4927000,37392640.0000,3
2025-08-25,20250825131000000,sh.601398,7.5900,7.6000,7.5800,7.6000,3850000,29233410.0000,3
2025-08-25,20250825131500000,sh.601398,7.5900,7.6100,7.5900,7.6000,12658100,96243712.0000,3
2025-08-25,20250825132000000,sh.601398,7.6000,7.6100,7.5900,7.5900,4142100,31473927.0000,3
2025-08-25,20250825132500000,sh.601398,7.6000,7.6000,7.5800,7.5800,4499200,34151679.0000,3
2025-08-25,20250825133000000,sh.601398,7.5900,7.5900,7.5800,7.5800,2312700,17544702.0000,3
2025-08-25,20250825133500000,sh.601398,7.5900,7.5900,7.5700,7.5700,4856700,36816380.0000,3
2025-08-25,20250825134000000,sh.601398,7.5800,7.5800,7.5700,7.5700,2244600,16999425.0000,3
2025-08-25,20250825134500000,sh.601398,7.5800,7.5800,7.5700,7.5800,2798100,21192446.0000,3
2025-08-25,20250825135000000,sh.601398,7.5800,7.5800,7.5700,7.5700,1696400,12850179.0000,3
2025-08-25,20250825135500000,sh.601398,7.5700,7.5800,7.5700,7.5800,2946400,22311416.0000,3
2025-08-25,20250825140000000,sh.601398,7.5700,7.5800,7.5700,7.5800,3336900,25275908.0000,3
2025-08-25,20250825140500000,sh.601398,7.5800,7.5800,7.5700,7.5800,2449200,18556922.0000,3
2025-08-25,20250825141000000,sh.601398,7.5700,7.5800,7.5700,7.5800,2534900,19201800.0000,3
2025-08-25,20250825141500000,sh.601398,7.5800,7.5800,7.5700,7.5800,3230000,24467710.0000,3
2025-08-25,20250825142000000,sh.601398,7.5700,7.5800,7.5700,7.5800,3722200,28191236.0000,3
2025-08-25,20250825142500000,sh.601398,7.5700,7.5800,7.5700,7.5800,6057800,45903614.0000,3
2025-08-25,20250825143000000,sh.601398,7.5800,7.5900,7.5700,7.5900,6276500,47576568.0000,3
2025-08-25,20250825143500000,sh.601398,7.5900,7.5900,7.5700,7.5700,4293400,32545036.0000,3
2025-08-25,20250825144000000,sh.601398,7.5800,7.5900,7.5700,7.5800,5358200,40605694.0000,3
2025-08-25,20250825144500000,sh.601398,7.5800,7.5900,7.5800,7.5900,6671500,50588420.0000,3
2025-08-25,20250825145000000,sh.601398,7.5900,7.5900,7.5800,7.5800,12798700,97106426.0000,3
2025-08-25,20250825145500000,sh.601398,7.5900,7.6000,7.5800,7.5900,10503900,79694588.0000,3
2025-08-25,20250825150000000,sh.601398,7.5800,7.5900,7.5800,7.5900,8685900,65921543.0000,3
2025-08-26,20250826093500000,sh.601398,7.5800,7.6200,7.5800,7.6100,30054300,228359216.0000,3
2025-08-26,20250826094000000,sh.601398,7.6100,7.6100,7.5900,7.5900,11656300,88589584.0000,3
2025-08-26,20250826094500000,sh.601398,7.5900,7.5900,7.5800,7.5900,10196800,77329280.0000,3
2025-08-26,20250826095000000,sh.601398,7.5900,7.5900,7.5600,7.5600,11351600,85930240.0000,3
2025-08-26,20250826095500000,sh.601398,7.5700,7.5700,7.5600,7.5700,9520900,72009607.0000,3
2025-08-26,20250826100000000,sh.601398,7.5600,7.5800,7.5600,7.5700,6773100,51257529.0000,3
2025-08-26,20250826100500000,sh.601398,7.5700,7.5900,7.5600,7.5700,8029500,60814330.0000,3
2025-08-26,20250826101000000,sh.601398,7.5700,7.5800,7.5600,7.5700,5169000,39114559.0000,3
2025-08-26,20250826101500000,sh.601398,7.5700,7.5800,7.5700,7.5700,2220000,16809292.0000,3
2025-08-26,20250826102000000,sh.601398,7.5700,7.5800,7.5600,7.5700,4890700,37018427.0000,3
2025-08-26,20250826102500000,sh.601398,7.5700,7.5800,7.5600,7.5600,2965900,22445568.0000,3
2025-08-26,20250826103000000,sh.601398,7.5700,7.5800,7.5600,7.5700,2500400,18924860.0000,3
2025-08-26,20250826103500000,sh.601398,7.5700,7.5800,7.5600,7.5600,3369100,25495047.0000,3
2025-08-26,20250826104000000,sh.601398,7.5700,7.5700,7.5600,7.5600,1267500,9590777.0000,3
2025-08-26,20250826104500000,sh.601398,7.5700,7.5800,7.5600,7.5700,5028600,38065414.0000,3
2025-08-26,20250826105000000,sh.601398,7.5700,7.5800,7.5700,7.5700,1722500,13048950.0000,3
2025-08-26,20250826105500000,sh.601398,7.5700,7.5800,7.5700,7.5800,2459500,18630914.0000,3
2025-08-26,20250826110000000,sh.601398,7.5800,7.5900,7.5700,7.5800,6222400,47164166.0000,3
2025-08-26,20250826110500000,sh.601398,7.5800,7.5800,7.5700,7.5800,1087600,8237956.0000,3
2025-08-26,20250826111000000,sh.601398,7.5800,7.5800,7.5600,7.5700,7615400,57653440.0000,3
2025-08-26,20250826111500000,sh.601398,7.5700,7.5700,7.5600,7.5700,1612000,12192185.0000,3
2025-08-26,20250826112000000,sh.601398,7.5700,7.5700,7.5600,7.5700,2607800,19726523.0000,3
2025-08-26,20250826112500000,sh.601398,7.5700,7.5700,7.5600,7.5700,5314700,40196933.0000,3
2025-08-26,20250826113000000,sh.601398,7.5600,7.5700,7.5600,7.5700,3740000,28307075.0000,3
2025-08-26,20250826130500000,sh.601398,7.5700,7.5700,7.5500,7.5600,23246500,175744004.0000,3
2025-08-26,20250826131000000,sh.601398,7.5600,7.5600,7.5500,7.5500,3117300,23560312.0000,3
2025-08-26,20250826131500000,sh.601398,7.5600,7.5700,7.5500,7.5600,3531700,26696067.0000,3
2025-08-26,20250826132000000,sh.601398,7.5600,7.5600,7.5500,7.5600,1528300,11549189.0000,3
2025-08-26,20250826132500000,sh.601398,7.5600,7.5600,7.5500,7.5500,1505400,11375992.0000,3
2025-08-26,20250826133000000,sh.601398,7.5600,7.5600,7.5500,7.5600,2293200,17329672.0000,3
2025-08-26,20250826133500000,sh.601398,7.5600,7.5600,7.5500,7.5600,1962600,14831092.0000,3
2025-08-26,20250826134000000,sh.601398,7.5500,7.5600,7.5500,7.5500,1549100,11701636.0000,3
2025-08-26,20250826134500000,sh.601398,7.5500,7.5600,7.5500,7.5600,3805600,28738044.0000,3
2025-08-26,20250826135000000,sh.601398,7.5600,7.5600,7.5400,7.5500,32038500,241848588.0000,3
2025-08-26,20250826135500000,sh.601398,7.5500,7.5500,7.5400,7.5500,4998400,37698424.0000,3
2025-08-26,20250826140000000,sh.601398,7.5500,7.5500,7.5400,7.5500,7441100,56170369.0000,3
2025-08-26,20250826140500000,sh.601398,7.5500,7.5600,7.5400,7.5500,3416400,25792639.0000,3
2025-08-26,20250826141000000,sh.601398,7.5500,7.5600,7.5500,7.5600,2035100,15374081.0000,3
2025-08-26,20250826141500000,sh.601398,7.5500,7.5600,7.5500,7.5600,1768000,13353353.0000,3
2025-08-26,20250826142000000,sh.601398,7.5500,7.5600,7.5500,7.5600,2056400,15538038.0000,3
2025-08-26,20250826142500000,sh.601398,7.5600,7.5600,7.5500,7.5600,2779400,20999680.0000,3
2025-08-26,20250826143000000,sh.601398,7.5600,7.5600,7.5500,7.5500,2244800,16960636.0000,3
2025-08-26,20250826143500000,sh.601398,7.5500,7.5600,7.5500,7.5500,5319600,40200076.0000,3
2025-08-26,20250826144000000,sh.601398,7.5500,7.5600,7.5500,7.5600,2781200,21007362.0000,3
2025-08-26,20250826144500000,sh.601398,7.5600,7.5600,7.5500,7.5500,5767300,43570550.0000,3
2025-08-26,20250826145000000,sh.601398,7.5500,7.5600,7.5400,7.5500,18302400,138180863.0000,3
2025-08-26,20250826145500000,sh.601398,7.5500,7.5600,7.5400,7.5500,7592000,57299463.0000,3
2025-08-26,20250826150000000,sh.601398,7.5500,7.5600,7.5500,7.5500,11376900,85906426.0000,3
2025-08-27,20250827093500000,sh.601398,7.5400,7.5400,7.5100,7.5200,30449900,229009920.0000,3
2025-08-27,20250827094000000,sh.601398,7.5100,7.5200,7.5100,7.5100,10476600,78713056.0000,3
2025-08-27,20250827094500000,sh.601398,7.5100,7.5200,7.5000,7.5100,22490000,168825088.0000,3
2025-08-27,20250827095000000,sh.601398,7.5100,7.5100,7.5000,7.5100,8249800,61906208.0000,3
2025-08-27,20250827095500000,sh.601398,7.5100,7.5300,7.5000,7.5200,14615500,109875328.0000,3
2025-08-27,20250827100000000,sh.601398,7.5200,7.5300,7.5100,7.5200,5718100,42977663.0000,3
2025-08-27,20250827100500000,sh.601398,7.5200,7.5200,7.5000,7.5100,7309800,54875065.0000,3
2025-08-27,20250827101000000,sh.601398,7.5000,7.5100,7.5000,7.5100,4872800,36569672.0000,3
2025-08-27,20250827101500000,sh.601398,7.5000,7.5100,7.5000,7.5000,12509800,93846917.0000,3
2025-08-27,20250827102000000,sh.601398,7.5100,7.5100,7.4900,7.5000,27717000,207783283.0000,3
2025-08-27,20250827102500000,sh.601398,7.5000,7.5000,7.4800,7.4800,24474500,183186176.0000,3
2025-08-27,20250827103000000,sh.601398,7.4800,7.4900,7.4700,7.4800,21111000,157883145.0000,3
2025-08-27,20250827103500000,sh.601398,7.4800,7.4900,7.4800,7.4800,5041500,37719673.0000,3
2025-08-27,20250827104000000,sh.601398,7.4800,7.4900,7.4700,7.4700,9490700,70953611.0000,3
2025-08-27,20250827104500000,sh.601398,7.4700,7.4800,7.4700,7.4700,3083700,23047283.0000,3
2025-08-27,20250827105000000,sh.601398,7.4800,7.4800,7.4700,7.4800,2923100,21850120.0000,3
2025-08-27,20250827105500000,sh.601398,7.4700,7.4800,7.4700,7.4700,8156300,60954501.0000,3
2025-08-27,20250827110000000,sh.601398,7.4700,7.4800,7.4700,7.4800,9630100,71961085.0000,3
2025-08-27,20250827110500000,sh.601398,7.4800,7.4800,7.4600,7.4600,11090900,82829054.0000,3
2025-08-27,20250827111000000,sh.601398,7.4700,7.4700,7.4600,7.4600,4699600,35094528.0000,3
2025-08-27,20250827111500000,sh.601398,7.4700,7.4700,7.4600,7.4600,5122800,38258685.0000,3
2025-08-27,20250827112000000,sh.601398,7.4600,7.4800,7.4600,7.4800,3615100,26995839.0000,3
2025-08-27,20250827112500000,sh.601398,7.4800,7.4800,7.4700,7.4800,2802000,20943621.0000,3
2025-08-27,20250827113000000,sh.601398,7.4800,7.4800,7.4700,7.4700,2449600,18311423.0000,3
2025-08-27,20250827130500000,sh.601398,7.4800,7.4800,7.4600,7.4800,13856600,103519999.0000,3
2025-08-27,20250827131000000,sh.601398,7.4700,7.4900,7.4700,7.4800,7972600,59633273.0000,3
2025-08-27,20250827131500000,sh.601398,7.4800,7.4800,7.4700,7.4800,3483700,26052356.0000,3
2025-08-27,20250827132000000,sh.601398,7.4800,7.4800,7.4700,7.4800,4648400,34746628.0000,3
2025-08-27,20250827132500000,sh.601398,7.4800,7.4800,7.4700,7.4800,8923800,66667010.0000,3
2025-08-27,20250827133000000,sh.601398,7.4800,7.4800,7.4600,7.4700,6897800,51528952.0000,3
2025-08-27,20250827133500000,sh.601398,7.4700,7.4800,7.4600,7.4600,4646400,34688006.0000,3
2025-08-27,20250827134000000,sh.601398,7.4600,7.4700,7.4600,7.4700,9219800,68801016.0000,3
2025-08-27,20250827134500000,sh.601398,7.4700,7.4700,7.4600,7.4600,6804800,50780424.0000,3
2025-08-27,20250827135000000,sh.601398,7.4700,7.4700,7.4500,7.4600,22673500,169147904.0000,3
2025-08-27,20250827135500000,sh.601398,7.4600,7.4600,7.4500,7.4600,5600200,41766144.0000,3
2025-08-27,20250827140000000,sh.601398,7.4500,7.4600,7.4500,7.4600,5214000,38880256.0000,3
2025-08-27,20250827140500000,sh.601398,7.4500,7.4600,7.4500,7.4600,9670400,72078336.0000,3
2025-08-27,20250827141000000,sh.601398,7.4600,7.4600,7.4500,7.4600,6214300,46325504.0000,3
2025-08-27,20250827141500000,sh.601398,7.4500,7.4600,7.4500,7.4500,4286500,31957760.0000,3
2025-08-27,20250827142000000,sh.601398,7.4600,7.4600,7.4500,7.4600,6993200,52126464.0000,3
2025-08-27,20250827142500000,sh.601398,7.4600,7.4600,7.4500,7.4600,6088100,45376256.0000,3
2025-08-27,20250827143000000,sh.601398,7.4600,7.4600,7.4400,7.4400,22666800,168882432.0000,3
2025-08-27,20250827143500000,sh.601398,7.4500,7.4500,7.4300,7.4400,19607300,145863680.0000,3
2025-08-27,20250827144000000,sh.601398,7.4400,7.4400,7.4300,7.4400,10123600,75252224.0000,3
2025-08-27,20250827144500000,sh.601398,7.4400,7.4400,7.4200,7.4200,15246100,113240832.0000,3
2025-08-27,20250827145000000,sh.601398,7.4200,7.4300,7.4100,7.4200,18951500,140601344.0000,3
2025-08-27,20250827145500000,sh.601398,7.4300,7.4300,7.4100,7.4200,17391400,129071872.0000,3
2025-08-27,20250827150000000,sh.601398,7.4100,7.4200,7.4100,7.4100,20443800,151520000.0000,3
2025-08-28,20250828093500000,sh.601398,7.4100,7.4200,7.3600,7.3800,43869200,323948800.0000,3
2025-08-28,20250828094000000,sh.601398,7.3800,7.3800,7.3500,7.3600,31445300,231519872.0000,3
2025-08-28,20250828094500000,sh.601398,7.3700,7.3700,7.3300,7.3300,38463700,282614392.0000,3
2025-08-28,20250828095000000,sh.601398,7.3400,7.3700,7.3300,7.3600,22298400,163599368.0000,3
2025-08-28,20250828095500000,sh.601398,7.3700,7.3800,7.3600,7.3800,11409700,84102278.0000,3
2025-08-28,20250828100000000,sh.601398,7.3800,7.3800,7.3600,7.3700,8065200,59432954.0000,3
2025-08-28,20250828100500000,sh.601398,7.3600,7.3700,7.3500,7.3700,11086900,81614720.0000,3
2025-08-28,20250828101000000,sh.601398,7.3600,7.3700,7.3600,7.3600,8047300,59281281.0000,3
2025-08-28,20250828101500000,sh.601398,7.3600,7.3700,7.3500,7.3600,5926600,43623295.0000,3
2025-08-28,20250828102000000,sh.601398,7.3600,7.3800,7.3600,7.3800,9972900,73491449.0000,3
2025-08-28,20250828102500000,sh.601398,7.3700,7.3800,7.3700,7.3800,8082200,59622657.0000,3
2025-08-28,20250828103000000,sh.601398,7.3700,7.4000,7.3700,7.3900,11713700,86514568.0000,3
2025-08-28,20250828103500000,sh.601398,7.3900,7.3900,7.3700,7.3700,3001600,22143487.0000,3
2025-08-28,20250828104000000,sh.601398,7.3800,7.3800,7.3700,7.3800,3232500,23839611.0000,3
2025-08-28,20250828104500000,sh.601398,7.3800,7.3800,7.3700,7.3800,3430400,25296138.0000,3
2025-08-28,20250828105000000,sh.601398,7.3700,7.3900,7.3700,7.3800,4721100,34838774.0000,3
2025-08-28,20250828105500000,sh.601398,7.3900,7.3900,7.3700,7.3800,4246900,31346824.0000,3
2025-08-28,20250828110000000,sh.601398,7.3800,7.4100,7.3800,7.4100,13730700,101525628.0000,3
2025-08-28,20250828110500000,sh.601398,7.4100,7.4200,7.4000,7.4100,11642500,86293760.0000,3
2025-08-28,20250828111000000,sh.601398,7.4000,7.4300,7.4000,7.4300,7669000,56855296.0000,3
2025-08-28,20250828111500000,sh.601398,7.4300,7.4400,7.4200,7.4300,11740900,87266560.0000,3
2025-08-28,20250828112000000,sh.601398,7.4300,7.4400,7.4200,7.4300,6816800,50629120.0000,3
2025-08-28,20250828112500000,sh.601398,7.4200,7.4300,7.4200,7.4200,7394800,54894720.0000,3
2025-08-28,20250828113000000,sh.601398,7.4200,7.4200,7.3900,7.4000,8365700,61980288.0000,3
2025-08-28,20250828130500000,sh.601398,7.4000,7.4100,7.3800,7.4000,6923700,51186680.0000,3
2025-08-28,20250828131000000,sh.601398,7.4000,7.4000,7.3900,7.3900,2249500,16631817.0000,3
2025-08-28,20250828131500000,sh.601398,7.4000,7.4000,7.3900,7.4000,3936500,29122295.0000,3
2025-08-28,20250828132000000,sh.601398,7.3900,7.4100,7.3900,7.4000,6381400,47224076.0000,3
2025-08-28,20250828132500000,sh.601398,7.4100,7.4200,7.4100,7.4200,11094900,82295292.0000,3
2025-08-28,20250828133000000,sh.601398,7.4100,7.4300,7.4100,7.4200,12959200,96147712.0000,3
2025-08-28,20250828133500000,sh.601398,7.4200,7.4200,7.3800,7.3900,10530700,77862648.0000,3
2025-08-28,20250828134000000,sh.601398,7.3900,7.3900,7.3700,7.3700,9838100,72536070.0000,3
2025-08-28,20250828134500000,sh.601398,7.3700,7.3800,7.3600,7.3700,7186300,52971516.0000,3
2025-08-28,20250828135000000,sh.601398,7.3700,7.3800,7.3700,7.3800,3119200,23002124.0000,3
2025-08-28,20250828135500000,sh.601398,7.3800,7.3800,7.3700,7.3800,4216900,31095546.0000,3
2025-08-28,20250828140000000,sh.601398,7.3700,7.3800,7.3700,7.3800,2865400,21128699.0000,3
2025-08-28,20250828140500000,sh.601398,7.3700,7.3800,7.3700,7.3700,4066700,29995785.0000,3
2025-08-28,20250828141000000,sh.601398,7.3800,7.3900,7.3700,7.3800,7079700,52252668.0000,3
2025-08-28,20250828141500000,sh.601398,7.3800,7.4000,7.3800,7.3800,10916200,80643584.0000,3
2025-08-28,20250828142000000,sh.601398,7.3700,7.3900,7.3700,7.3900,7283300,53771011.0000,3
2025-08-28,20250828142500000,sh.601398,7.3900,7.4000,7.3800,7.3900,2660500,19653625.0000,3
2025-08-28,20250828143000000,sh.601398,7.3800,7.3900,7.3700,7.3900,7444500,54946556.0000,3
2025-08-28,20250828143500000,sh.601398,7.3800,7.3900,7.3800,7.3900,2671800,19723010.0000,3
2025-08-28,20250828144000000,sh.601398,7.3800,7.3900,7.3700,7.3800,7139000,52679680.0000,3
2025-08-28,20250828144500000,sh.601398,7.3900,7.4000,7.3800,7.4000,8723700,64475907.0000,3
2025-08-28,20250828145000000,sh.601398,7.4000,7.4100,7.3900,7.4100,6438100,47641351.0000,3
2025-08-28,20250828145500000,sh.601398,7.4100,7.4200,7.4000,7.4100,6777600,50211068.0000,3
2025-08-28,20250828150000000,sh.601398,7.4100,7.4200,7.3800,7.3800,16592000,122580480.0000,3
2025-08-29,20250829093500000,sh.601398,7.3800,7.4700,7.3800,7.4600,56695100,421596320.0000,3
2025-08-29,20250829094000000,sh.601398,7.4700,7.5000,7.4500,7.4900,67194400,502784542.0000,3
2025-08-29,20250829094500000,sh.601398,7.4900,7.5200,7.4900,7.5000,44893400,336895937.0000,3
2025-08-29,20250829095000000,sh.601398,7.5000,7.5300,7.5000,7.5200,42387500,318600315.0000,3
2025-08-29,20250829095500000,sh.601398,7.5200,7.5200,7.5000,7.5200,15677700,117740414.0000,3
2025-08-29,20250829100000000,sh.601398,7.5100,7.5300,7.5100,7.5300,16135500,121341064.0000,3
2025-08-29,20250829100500000,sh.601398,7.5300,7.5300,7.5000,7.5000,18433800,138642048.0000,3
2025-08-29,20250829101000000,sh.601398,7.5000,7.5100,7.4900,7.5000,8025400,60199550.0000,3
2025-08-29,20250829101500000,sh.601398,7.5000,7.5100,7.4900,7.5100,5965500,44711684.0000,3
2025-08-29,20250829102000000,sh.601398,7.5100,7.5100,7.4900,7.5000,4979300,37350012.0000,3
2025-08-29,20250829102500000,sh.601398,7.4900,7.4900,7.4700,7.4800,9380000,70156423.0000,3
2025-08-29,20250829103000000,sh.601398,7.4700,7.4800,7.4500,7.4600,13656700,101851643.0000,3
2025-08-29,20250829103500000,sh.601398,7.4600,7.4600,7.4200,7.4300,16409100,122030848.0000,3
2025-08-29,20250829104000000,sh.601398,7.4300,7.4400,7.4100,7.4200,13884600,103028736.0000,3
2025-08-29,20250829104500000,sh.601398,7.4100,7.4200,7.4100,7.4100,8945600,66320640.0000,3
2025-08-29,20250829105000000,sh.601398,7.4200,7.4300,7.4100,7.4300,6792800,50425344.0000,3
2025-08-29,20250829105500000,sh.601398,7.4300,7.4300,7.4100,7.4100,5455000,40450304.0000,3
2025-08-29,20250829110000000,sh.601398,7.4200,7.4200,7.4100,7.4200,4125800,30595328.0000,3
2025-08-29,20250829110500000,sh.601398,7.4100,7.4200,7.4100,7.4100,2676800,19853312.0000,3
2025-08-29,20250829111000000,sh.601398,7.4200,7.4200,7.4000,7.4100,6659200,49336064.0000,3
2025-08-29,20250829111500000,sh.601398,7.4100,7.4200,7.4000,7.4100,3392200,25139712.0000,3
2025-08-29,20250829112000000,sh.601398,7.4200,7.4300,7.4000,7.4300,5121600,37961472.0000,3
2025-08-29,20250829112500000,sh.601398,7.4200,7.4300,7.4100,7.4100,3225800,23944192.0000,3
2025-08-29,20250829113000000,sh.601398,7.4200,7.4200,7.4000,7.4100,4782700,35442944.0000,3
2025-08-29,20250829130500000,sh.601398,7.4100,7.4100,7.3900,7.4100,16753800,123993088.0000,3
2025-08-29,20250829131000000,sh.601398,7.4100,7.4200,7.4000,7.4100,6726000,49849088.0000,3
2025-08-29,20250829131500000,sh.601398,7.4100,7.4100,7.4000,7.4000,3189200,23628032.0000,3
2025-08-29,20250829132000000,sh.601398,7.4000,7.4200,7.4000,7.4000,2811900,20834560.0000,3
2025-08-29,20250829132500000,sh.601398,7.4100,7.4200,7.4000,7.4100,4366700,32367872.0000,3
2025-08-29,20250829133000000,sh.601398,7.4000,7.4300,7.4000,7.4300,4169300,30914304.0000,3
2025-08-29,20250829133500000,sh.601398,7.4300,7.4400,7.4200,7.4400,4837400,35924736.0000,3
2025-08-29,20250829134000000,sh.601398,7.4400,7.4400,7.4200,7.4400,3857500,28659968.0000,3
2025-08-29,20250829134500000,sh.601398,7.4400,7.4400,7.4300,7.4400,2463400,18322944.0000,3
2025-08-29,20250829135000000,sh.601398,7.4400,7.4400,7.4300,7.4300,3051500,22691584.0000,3
2025-08-29,20250829135500000,sh.601398,7.4300,7.4400,7.4300,7.4400,2768100,20584448.0000,3
2025-08-29,20250829140000000,sh.601398,7.4400,7.4500,7.4300,7.4400,8082900,60143360.0000,3
2025-08-29,20250829140500000,sh.601398,7.4400,7.4500,7.4300,7.4400,4357700,32425472.0000,3
2025-08-29,20250829141000000,sh.601398,7.4400,7.4400,7.4200,7.4200,4449200,33059328.0000,3
2025-08-29,20250829141500000,sh.601398,7.4200,7.4300,7.4200,7.4300,3172100,23556864.0000,3
2025-08-29,20250829142000000,sh.601398,7.4300,7.4400,7.4200,7.4300,4381600,32551168.0000,3
2025-08-29,20250829142500000,sh.601398,7.4300,7.4400,7.4200,7.4400,2681200,19920384.0000,3
2025-08-29,20250829143000000,sh.601398,7.4400,7.4400,7.4300,7.4400,2765500,20559360.0000,3
2025-08-29,20250829143500000,sh.601398,7.4400,7.4400,7.4200,7.4200,6096700,45312768.0000,3
2025-08-29,20250829144000000,sh.601398,7.4200,7.4300,7.4200,7.4200,3837900,28499200.0000,3
2025-08-29,20250829144500000,sh.601398,7.4300,7.4300,7.4200,7.4200,4895800,36364800.0000,3
2025-08-29,20250829145000000,sh.601398,7.4200,7.4400,7.4200,7.4400,6812600,50642688.0000,3
2025-08-29,20250829145500000,sh.601398,7.4400,7.4400,7.4200,7.4300,16524300,122737408.0000,3
2025-08-29,20250829150000000,sh.601398,7.4200,7.4300,7.4200,7.4300,11667300,86652928.0000,3
2025-09-01,20250901093500000,sh.601398,7.4300,7.4300,7.3600,7.3700,39331700,290429248.0000,3
2025-09-01,20250901094000000,sh.601398,7.3700,7.4000,7.3600,7.3900,27715000,204569856.0000,3
2025-09-01,20250901094500000,sh.601398,7.3900,7.4300,7.3700,7.4300,24599300,181850368.0000,3
2025-09-01,20250901095000000,sh.601398,7.4200,7.4400,7.4100,7.4100,15144600,112453249.0000,3
2025-09-01,20250901095500000,sh.601398,7.4100,7.4400,7.4100,7.4100,13192400,97928697.0000,3
2025-09-01,20250901100000000,sh.601398,7.4100,7.4400,7.4100,7.4400,12465200,92593543.0000,3
2025-09-01,20250901100500000,sh.601398,7.4400,7.4500,7.4300,7.4400,15075500,112208959.0000,3
2025-09-01,20250901101000000,sh.601398,7.4500,7.4500,7.4100,7.4100,9478100,70411906.0000,3
2025-09-01,20250901101500000,sh.601398,7.4000,7.4200,7.4000,7.4100,5970200,44230520.0000,3
2025-09-01,20250901102000000,sh.601398,7.4100,7.4100,7.4000,7.4100,3885600,28764038.0000,3
2025-09-01,20250901102500000,sh.601398,7.4000,7.4100,7.3900,7.3900,9981200,73809656.0000,3
2025-09-01,20250901103000000,sh.601398,7.4000,7.4100,7.3900,7.4000,5803900,42948749.0000,3
2025-09-01,20250901103500000,sh.601398,7.3900,7.4200,7.3900,7.4200,3867700,28642551.0000,3
2025-09-01,20250901104000000,sh.601398,7.4100,7.4200,7.4000,7.4100,2639500,19556232.0000,3
2025-09-01,20250901104500000,sh.601398,7.4100,7.4200,7.4000,7.4100,4437400,32891898.0000,3
2025-09-01,20250901105000000,sh.601398,7.4100,7.4200,7.4000,7.4000,4333200,32111234.0000,3
2025-09-01,20250901105500000,sh.601398,7.4000,7.4200,7.4000,7.4200,9473500,70211710.0000,3
2025-09-01,20250901110000000,sh.601398,7.4200,7.4200,7.4100,7.4100,3073700,22793854.0000,3
2025-09-01,20250901110500000,sh.601398,7.4200,7.4200,7.3900,7.3900,6702400,49619716.0000,3
2025-09-01,20250901111000000,sh.601398,7.3900,7.4000,7.3800,7.3900,7234200,53455100.0000,3
2025-09-01,20250901111500000,sh.601398,7.3800,7.3900,7.3700,7.3700,11698700,86336776.0000,3
2025-09-01,20250901112000000,sh.601398,7.3800,7.3800,7.3700,7.3800,8149800,60104308.0000,3
2025-09-01,20250901112500000,sh.601398,7.3700,7.3800,7.3700,7.3800,6961500,51333252.0000,3
2025-09-01,20250901113000000,sh.601398,7.3700,7.3800,7.3600,7.3600,15380700,113336327.0000,3
2025-09-01,20250901130500000,sh.601398,7.3600,7.3900,7.3600,7.3900,9039300,66649855.0000,3
2025-09-01,20250901131000000,sh.601398,7.3900,7.3900,7.3700,7.3800,4710900,34768638.0000,3
2025-09-01,20250901131500000,sh.601398,7.3700,7.3800,7.3700,7.3700,3473500,25622404.0000,3
2025-09-01,20250901132000000,sh.601398,7.3800,7.3900,7.3700,7.3800,3502400,25840892.0000,3
2025-09-01,20250901132500000,sh.601398,7.3700,7.3800,7.3700,7.3800,4372900,32254716.0000,3
2025-09-01,20250901133000000,sh.601398,7.3800,7.3800,7.3700,7.3700,3791600,27964924.0000,3
2025-09-01,20250901133500000,sh.601398,7.3800,7.3800,7.3700,7.3700,8751500,64517638.0000,3
2025-09-01,20250901134000000,sh.601398,7.3700,7.3800,7.3700,7.3800,5433300,40055038.0000,3
2025-09-01,20250901134500000,sh.601398,7.3700,7.3800,7.3600,7.3600,5720200,42141707.0000,3
2025-09-01,20250901135000000,sh.601398,7.3700,7.3700,7.3600,7.3700,3594200,26479609.0000,3
2025-09-01,20250901135500000,sh.601398,7.3600,7.3700,7.3600,7.3700,2845000,20958208.0000,3
2025-09-01,20250901140000000,sh.601398,7.3700,7.3700,7.3600,7.3700,3794700,27954438.0000,3
2025-09-01,20250901140500000,sh.601398,7.3600,7.3700,7.3600,7.3600,5212500,38387450.0000,3
2025-09-01,20250901141000000,sh.601398,7.3700,7.3700,7.3600,7.3700,3663500,26981376.0000,3
2025-09-01,20250901141500000,sh.601398,7.3700,7.3700,7.3600,7.3600,5695000,41941504.0000,3
2025-09-01,20250901142000000,sh.601398,7.3700,7.3800,7.3600,7.3700,5012800,36941827.0000,3
2025-09-01,20250901142500000,sh.601398,7.3700,7.3800,7.3700,7.3800,3367200,24824060.0000,3
2025-09-01,20250901143000000,sh.601398,7.3700,7.3800,7.3700,7.3700,3679800,27134727.0000,3
2025-09-01,20250901143500000,sh.601398,7.3700,7.3800,7.3700,7.3700,2868400,21151998.0000,3
2025-09-01,20250901144000000,sh.601398,7.3700,7.3800,7.3700,7.3800,2645100,19505658.0000,3
2025-09-01,20250901144500000,sh.601398,7.3700,7.3800,7.3700,7.3700,4364100,32181500.0000,3
2025-09-01,20250901145000000,sh.601398,7.3700,7.3800,7.3700,7.3800,5288000,38997256.0000,3
2025-09-01,20250901145500000,sh.601398,7.3800,7.3800,7.3700,7.3800,6528500,48143611.0000,3
2025-09-01,20250901150000000,sh.601398,7.3700,7.3800,7.3700,7.3800,10594200,78157066.0000,3
2025-09-02,20250902093500000,sh.601398,7.3700,7.3900,7.3600,7.3700,23644100,174325520.0000,3
2025-09-02,20250902094000000,sh.601398,7.3600,7.3900,7.3600,7.3700,21138100,155880560.0000,3
2025-09-02,20250902094500000,sh.601398,7.3700,7.3800,7.3600,7.3800,12661600,93354624.0000,3
2025-09-02,20250902095000000,sh.601398,7.3700,7.4100,7.3700,7.3900,23926500,176829892.0000,3
2025-09-02,20250902095500000,sh.601398,7.3900,7.4000,7.3800,7.3900,14140000,104583040.0000,3
2025-09-02,20250902100000000,sh.601398,7.4000,7.4100,7.3900,7.4000,10692000,79121012.0000,3
2025-09-02,20250902100500000,sh.601398,7.4100,7.4200,7.3900,7.4100,17678000,130955200.0000,3
2025-09-02,20250902101000000,sh.601398,7.4100,7.4300,7.4000,7.4300,16430300,121877388.0000,3
2025-09-02,20250902101500000,sh.601398,7.4300,7.4400,7.4200,7.4200,20231300,150328062.0000,3
2025-09-02,20250902102000000,sh.601398,7.4200,7.4300,7.4200,7.4200,9747200,72378114.0000,3
2025-09-02,20250902102500000,sh.601398,7.4200,7.4300,7.4200,7.4300,4630100,34386166.0000,3
2025-09-02,20250902103000000,sh.601398,7.4300,7.4500,7.4200,7.4400,23949200,178102662.0000,3
2025-09-02,20250902103500000,sh.601398,7.4500,7.4600,7.4400,7.4500,22844600,170240256.0000,3
2025-09-02,20250902104000000,sh.601398,7.4600,7.4700,7.4500,7.4500,13237900,98773376.0000,3
2025-09-02,20250902104500000,sh.601398,7.4600,7.4600,7.4400,7.4400,7026100,52346368.0000,3
2025-09-02,20250902105000000,sh.601398,7.4500,7.4600,7.4400,7.4600,9292100,69221504.0000,3
2025-09-02,20250902105500000,sh.601398,7.4600,7.4700,7.4500,7.4700,15244300,113765760.0000,3
2025-09-02,20250902110000000,sh.601398,7.4700,7.4800,7.4500,7.4500,21188800,158158848.0000,3
2025-09-02,20250902110500000,sh.601398,7.4600,7.4700,7.4500,7.4600,16725500,124771328.0000,3
2025-09-02,20250902111000000,sh.601398,7.4500,7.4600,7.4500,7.4600,4155800,30985472.0000,3
2025-09-02,20250902111500000,sh.601398,7.4500,7.4600,7.4500,7.4500,4637200,34580992.0000,3
2025-09-02,20250902112000000,sh.601398,7.4600,7.4600,7.4500,7.4600,5079200,37871872.0000,3
2025-09-02,20250902112500000,sh.601398,7.4600,7.4700,7.4500,7.4700,7108900,53023488.0000,3
2025-09-02,20250902113000000,sh.601398,7.4700,7.5000,7.4600,7.5000,46760800,350110976.0000,3
2025-09-02,20250902130500000,sh.601398,7.5000,7.5300,7.4900,7.5200,55791000,418958592.0000,3
2025-09-02,20250902131000000,sh.601398,7.5300,7.5500,7.5300,7.5400,37855100,285425664.0000,3
2025-09-02,20250902131500000,sh.601398,7.5400,7.5400,7.5100,7.5100,16623300,125068288.0000,3
2025-09-02,20250902132000000,sh.601398,7.5200,7.5200,7.5000,7.5000,15809300,118753536.0000,3
2025-09-02,20250902132500000,sh.601398,7.5100,7.5100,7.5000,7.5000,10126200,75991040.0000,3
2025-09-02,20250902133000000,sh.601398,7.5000,7.5100,7.5000,7.5100,8731600,65529856.0000,3
2025-09-02,20250902133500000,sh.601398,7.5100,7.5100,7.4900,7.5000,9803600,73515520.0000,3
2025-09-02,20250902134000000,sh.601398,7.4900,7.5100,7.4900,7.5100,7647900,57376512.0000,3
2025-09-02,20250902134500000,sh.601398,7.5100,7.5200,7.5000,7.5100,8107700,60894976.0000,3
2025-09-02,20250902135000000,sh.601398,7.5100,7.5200,7.5000,7.5100,3681600,27643136.0000,3
2025-09-02,20250902135500000,sh.601398,7.5100,7.5200,7.5000,7.5100,5471200,41097728.0000,3
2025-09-02,20250902140000000,sh.601398,7.5200,7.5200,7.5100,7.5200,5133700,38595072.0000,3
2025-09-02,20250902140500000,sh.601398,7.5200,7.5300,7.5100,7.5300,10511000,79066368.0000,3
2025-09-02,20250902141000000,sh.601398,7.5300,7.5300,7.5200,7.5300,14985500,112798208.0000,3
2025-09-02,20250902141500000,sh.601398,7.5300,7.5600,7.5300,7.5500,53021200,400143360.0000,3
2025-09-02,20250902142000000,sh.601398,7.5500,7.5600,7.5400,7.5500,10982800,82927104.0000,3
2025-09-02,20250902142500000,sh.601398,7.5500,7.5600,7.5500,7.5500,13592300,102718976.0000,3
2025-09-02,20250902143000000,sh.601398,7.5500,7.5700,7.5500,7.5600,22232200,168092672.0000,3
2025-09-02,20250902143500000,sh.601398,7.5600,7.5700,7.5500,7.5600,19440200,146998272.0000,3
2025-09-02,20250902144000000,sh.601398,7.5600,7.5600,7.5500,7.5500,8724700,65933312.0000,3
2025-09-02,20250902144500000,sh.601398,7.5600,7.5600,7.5400,7.5500,12718400,96035840.0000,3
2025-09-02,20250902145000000,sh.601398,7.5500,7.5600,7.5500,7.5600,10716400,80985088.0000,3
2025-09-02,20250902145500000,sh.601398,7.5600,7.5700,7.5500,7.5600,17002000,128564736.0000,3
2025-09-02,20250902150000000,sh.601398,7.5700,7.5700,7.5600,7.5700,18186700,137634304.0000,3
2025-09-03,20250903093500000,sh.601398,7.5700,7.5700,7.5200,7.5400,39415100,297435328.0000,3
2025-09-03,20250903094000000,sh.601398,7.5300,7.5800,7.5200,7.5600,27176000,205446944.0000,3
2025-09-03,20250903094500000,sh.601398,7.5600,7.5600,7.5300,7.5500,22927100,172907936.0000,3
2025-09-03,20250903095000000,sh.601398,7.5500,7.5600,7.5200,7.5300,15885100,119693952.0000,3
2025-09-03,20250903095500000,sh.601398,7.5300,7.5700,7.5300,7.5600,14130400,106732100.0000,3
2025-09-03,20250903100000000,sh.601398,7.5600,7.5700,7.5400,7.5500,11297600,85360954.0000,3
2025-09-03,20250903100500000,sh.601398,7.5400,7.5600,7.5300,7.5300,5355700,40424002.0000,3
2025-09-03,20250903101000000,sh.601398,7.5400,7.5400,7.5200,7.5300,5236900,39432320.0000,3
2025-09-03,20250903101500000,sh.601398,7.5400,7.5500,7.5300,7.5300,7256900,54711996.0000,3
2025-09-03,20250903102000000,sh.601398,7.5300,7.5400,7.5300,7.5400,5693000,42874760.0000,3
2025-09-03,20250903102500000,sh.601398,7.5300,7.5300,7.5100,7.5100,9225500,69371260.0000,3
2025-09-03,20250903103000000,sh.601398,7.5200,7.5200,7.5100,7.5100,6862800,51561472.0000,3
2025-09-03,20250903103500000,sh.601398,7.5100,7.5300,7.5000,7.5000,13883100,104295168.0000,3
2025-09-03,20250903104000000,sh.601398,7.5000,7.5100,7.5000,7.5000,3867700,29019901.0000,3
2025-09-03,20250903104500000,sh.601398,7.5000,7.5200,7.4800,7.4800,23487400,176209155.0000,3
2025-09-03,20250903105000000,sh.601398,7.4800,7.5000,7.4700,7.5000,13418600,100396928.0000,3
2025-09-03,20250903105500000,sh.601398,7.4900,7.5000,7.4700,7.4800,7031000,52623232.0000,3
2025-09-03,20250903110000000,sh.601398,7.4700,7.4800,7.4600,7.4700,12326800,92003840.0000,3
2025-09-03,20250903110500000,sh.601398,7.4600,7.4700,7.4500,7.4600,7871300,58687488.0000,3
2025-09-03,20250903111000000,sh.601398,7.4600,7.4800,7.4500,7.4800,7502900,55993856.0000,3
2025-09-03,20250903111500000,sh.601398,7.4800,7.4800,7.4500,7.4700,5836000,43555584.0000,3
2025-09-03,20250903112000000,sh.601398,7.4700,7.4900,7.4600,7.4900,7150300,53448192.0000,3
2025-09-03,20250903112500000,sh.601398,7.4900,7.5200,7.4800,7.5100,12637900,94781953.0000,3
2025-09-03,20250903113000000,sh.601398,7.5000,7.5100,7.4800,7.4900,6229200,46669567.0000,3
2025-09-03,20250903130500000,sh.601398,7.4900,7.5000,7.4800,7.4900,14715500,110144256.0000,3
2025-09-03,20250903131000000,sh.601398,7.4900,7.5100,7.4800,7.5100,7140600,53512704.0000,3
2025-09-03,20250903131500000,sh.601398,7.5100,7.5100,7.4900,7.5000,2916600,21873146.0000,3
2025-09-03,20250903132000000,sh.601398,7.5000,7.5100,7.4900,7.4900,4656200,34910474.0000,3
2025-09-03,20250903132500000,sh.601398,7.5000,7.5000,7.4800,7.4900,5459700,40893948.0000,3
2025-09-03,20250903133000000,sh.601398,7.4900,7.5000,7.4800,7.4800,5498800,41178112.0000,3
2025-09-03,20250903133500000,sh.601398,7.4900,7.4900,7.4700,7.4700,4952900,37040384.0000,3
2025-09-03,20250903134000000,sh.601398,7.4800,7.4800,7.4700,7.4700,3456500,25842944.0000,3
2025-09-03,20250903134500000,sh.601398,7.4700,7.4800,7.4600,7.4800,5745400,42926080.0000,3
2025-09-03,20250903135000000,sh.601398,7.4700,7.4800,7.4600,7.4700,5782200,43179264.0000,3
2025-09-03,20250903135500000,sh.601398,7.4700,7.4800,7.4700,7.4700,4716400,35254528.0000,3
2025-09-03,20250903140000000,sh.601398,7.4700,7.4800,7.4600,7.4700,6902100,51567104.0000,3
2025-09-03,20250903140500000,sh.601398,7.4700,7.4800,7.4600,7.4700,7450800,55653632.0000,3
2025-09-03,20250903141000000,sh.601398,7.4700,7.4700,7.4400,7.4500,25669700,191311104.0000,3
2025-09-03,20250903141500000,sh.601398,7.4400,7.4500,7.4400,7.4400,5874100,43734528.0000,3
2025-09-03,20250903142000000,sh.601398,7.4500,7.4500,7.4400,7.4500,5965700,44417024.0000,3
2025-09-03,20250903142500000,sh.601398,7.4500,7.4500,7.4400,7.4400,3135500,23342336.0000,3
2025-09-03,20250903143000000,sh.601398,7.4500,7.4500,7.4400,7.4500,4236400,31539968.0000,3
2025-09-03,20250903143500000,sh.601398,7.4500,7.4500,7.4400,7.4500,6434600,47919104.0000,3
2025-09-03,20250903144000000,sh.601398,7.4500,7.4500,7.4300,7.4400,11953600,88932096.0000,3
2025-09-03,20250903144500000,sh.601398,7.4300,7.4500,7.4300,7.4400,11314500,84160768.0000,3
2025-09-03,20250903145000000,sh.601398,7.4400,7.4500,7.4300,7.4300,16589700,123340288.0000,3
2025-09-03,20250903145500000,sh.601398,7.4300,7.4400,7.4200,7.4400,15628600,116037376.0000,3
2025-09-03,20250903150000000,sh.601398,7.4300,7.4600,7.4300,7.4400,14076700,104755712.0000,3
2025-09-04,20250904093500000,sh.601398,7.4000,7.4100,7.3100,7.3200,78349300,576191936.0000,3
2025-09-04,20250904094000000,sh.601398,7.3200,7.3200,7.2900,7.2900,53379900,389822535.0000,3
2025-09-04,20250904094500000,sh.601398,7.3000,7.3300,7.2600,7.3300,43093500,313880945.0000,3
2025-09-04,20250904095000000,sh.601398,7.3300,7.3300,7.2900,7.3200,18859400,137682955.0000,3
2025-09-04,20250904095500000,sh.601398,7.3200,7.3300,7.3000,7.3200,14016700,102510713.0000,3
2025-09-04,20250904100000000,sh.601398,7.3200,7.3300,7.3000,7.3100,14036700,102712580.0000,3
2025-09-04,20250904100500000,sh.601398,7.3100,7.3500,7.3100,7.3400,17549900,128790914.0000,3
2025-09-04,20250904101000000,sh.601398,7.3400,7.3600,7.3400,7.3500,13058800,95976836.0000,3
2025-09-04,20250904101500000,sh.601398,7.3500,7.3700,7.3300,7.3700,17066300,125427839.0000,3
2025-09-04,20250904102000000,sh.601398,7.3700,7.3700,7.3500,7.3600,9527200,70102132.0000,3
2025-09-04,20250904102500000,sh.601398,7.3600,7.3700,7.3500,7.3600,4897700,36049159.0000,3
2025-09-04,20250904103000000,sh.601398,7.3700,7.4000,7.3600,7.4000,14006700,103408640.0000,3
2025-09-04,20250904103500000,sh.601398,7.4000,7.4300,7.3900,7.4200,13557600,100489216.0000,3
2025-09-04,20250904104000000,sh.601398,7.4200,7.4200,7.3800,7.3800,7565000,55956736.0000,3
2025-09-04,20250904104500000,sh.601398,7.3800,7.4200,7.3800,7.4100,8815800,65275392.0000,3
2025-09-04,20250904105000000,sh.601398,7.4100,7.4100,7.4000,7.4100,3560500,26368768.0000,3
2025-09-04,20250904105500000,sh.601398,7.4100,7.4200,7.3900,7.4000,15096500,111823104.0000,3
2025-09-04,20250904110000000,sh.601398,7.4000,7.4100,7.3800,7.3900,8808900,65166592.0000,3
2025-09-04,20250904110500000,sh.601398,7.3900,7.4200,7.3800,7.4000,14405600,106636288.0000,3
2025-09-04,20250904111000000,sh.601398,7.4000,7.4000,7.3800,7.3900,4362700,32248064.0000,3
2025-09-04,20250904111500000,sh.601398,7.3900,7.4000,7.3800,7.4000,5631500,41637120.0000,3
2025-09-04,20250904112000000,sh.601398,7.4000,7.4000,7.3800,7.4000,4943100,36530944.0000,3
2025-09-04,20250904112500000,sh.601398,7.3900,7.4100,7.3900,7.4000,4766100,35281408.0000,3
2025-09-04,20250904113000000,sh.601398,7.4000,7.4000,7.3700,7.3800,5173300,38195712.0000,3
2025-09-04,20250904130500000,sh.601398,7.3900,7.4400,7.3800,7.4400,25387200,188435712.0000,3
2025-09-04,20250904131000000,sh.601398,7.4400,7.4600,7.4300,7.4600,21192100,157927168.0000,3
2025-09-04,20250904131500000,sh.601398,7.4500,7.4800,7.4400,7.4600,19627100,146474496.0000,3
2025-09-04,20250904132000000,sh.601398,7.4600,7.4700,7.4500,7.4700,5587200,41683712.0000,3
2025-09-04,20250904132500000,sh.601398,7.4700,7.4800,7.4600,7.4700,5899700,44068864.0000,3
2025-09-04,20250904133000000,sh.601398,7.4700,7.4900,7.4700,7.4800,10552000,78900736.0000,3
2025-09-04,20250904133500000,sh.601398,7.4800,7.5000,7.4800,7.4900,9348900,69998592.0000,3
2025-09-04,20250904134000000,sh.601398,7.4900,7.5000,7.4800,7.4900,11339300,84976640.0000,3
2025-09-04,20250904134500000,sh.601398,7.4900,7.5000,7.4800,7.5000,9790100,73369856.0000,3
2025-09-04,20250904135000000,sh.601398,7.5000,7.5200,7.4900,7.5100,17976800,134989312.0000,3
2025-09-04,20250904135500000,sh.601398,7.5200,7.5400,7.5100,7.5300,19859300,149452800.0000,3
2025-09-04,20250904140000000,sh.601398,7.5300,7.5500,7.5300,7.5300,25017600,188669952.0000,3
2025-09-04,20250904140500000,sh.601398,7.5300,7.5300,7.5000,7.5000,12486000,93825792.0000,3
2025-09-04,20250904141000000,sh.601398,7.5100,7.5100,7.5000,7.5100,8398500,63027200.0000,3
2025-09-04,20250904141500000,sh.601398,7.5100,7.5200,7.5000,7.5100,13042900,98027520.0000,3
2025-09-04,20250904142000000,sh.601398,7.5100,7.5300,7.5100,7.5300,17054700,128382976.0000,3
2025-09-04,20250904142500000,sh.601398,7.5300,7.5400,7.5100,7.5200,22221600,167294464.0000,3
2025-09-04,20250904143000000,sh.601398,7.5300,7.5600,7.5300,7.5500,38955800,293841408.0000,3
2025-09-04,20250904143500000,sh.601398,7.5500,7.5600,7.5400,7.5600,30528500,230599168.0000,3
2025-09-04,20250904144000000,sh.601398,7.5600,7.5700,7.5600,7.5700,37720000,285403648.0000,3
2025-09-04,20250904144500000,sh.601398,7.5700,7.6000,7.5700,7.5800,53290800,404263424.0000,3
2025-09-04,20250904145000000,sh.601398,7.5800,7.5900,7.5600,7.5700,33054800,250465792.0000,3
2025-09-04,20250904145500000,sh.601398,7.5700,7.5700,7.5500,7.5600,19929300,150740480.0000,3
2025-09-04,20250904150000000,sh.601398,7.5600,7.5600,7.5300,7.5400,13217000,99737088.0000,3
2025-09-05,20250905093500000,sh.601398,7.5200,7.5300,7.4100,7.5200,66177100,495346976.0000,3
2025-09-05,20250905094000000,sh.601398,7.5200,7.5300,7.4900,7.4900,21503900,161576921.0000,3
2025-09-05,20250905094500000,sh.601398,7.5000,7.5000,7.4600,7.4600,16799600,125668362.0000,3
2025-09-05,20250905095000000,sh.601398,7.4700,7.4700,7.4200,7.4200,22256200,165535861.0000,3
2025-09-05,20250905095500000,sh.601398,7.4300,7.4700,7.4200,7.4500,17126600,127555712.0000,3
2025-09-05,20250905100000000,sh.601398,7.4500,7.4700,7.4400,7.4700,9057300,67524620.0000,3
2025-09-05,20250905100500000,sh.601398,7.4600,7.4800,7.4400,7.4800,9684600,72210166.0000,3
2025-09-05,20250905101000000,sh.601398,7.4700,7.4800,7.4500,7.4800,9207800,68719879.0000,3
2025-09-05,20250905101500000,sh.601398,7.4800,7.4900,7.4600,7.4700,7515700,56175615.0000,3
2025-09-05,20250905102000000,sh.601398,7.4600,7.4700,7.4600,7.4700,5072600,37864185.0000,3
2025-09-05,20250905102500000,sh.601398,7.4600,7.4800,7.4600,7.4800,4549900,33979391.0000,3
2025-09-05,20250905103000000,sh.601398,7.4700,7.4800,7.4500,7.4600,5594100,41740419.0000,3
2025-09-05,20250905103500000,sh.601398,7.4600,7.4700,7.4400,7.4600,12919100,96308875.0000,3
2025-09-05,20250905104000000,sh.601398,7.4600,7.4800,7.4600,7.4700,6879000,51384960.0000,3
2025-09-05,20250905104500000,sh.601398,7.4700,7.4800,7.4500,7.4700,11976900,89368955.0000,3
2025-09-05,20250905105000000,sh.601398,7.4600,7.4700,7.4500,7.4600,6077800,45322112.0000,3
2025-09-05,20250905105500000,sh.601398,7.4500,7.4800,7.4500,7.4700,8970300,66976380.0000,3
2025-09-05,20250905110000000,sh.601398,7.4700,7.4700,7.4600,7.4700,3900500,29116283.0000,3
2025-09-05,20250905110500000,sh.601398,7.4700,7.4700,7.4500,7.4500,6170600,46033546.0000,3
2025-09-05,20250905111000000,sh.601398,7.4500,7.4600,7.4500,7.4500,2462300,18360319.0000,3
2025-09-05,20250905111500000,sh.601398,7.4500,7.4600,7.4500,7.4500,3650400,27203581.0000,3
2025-09-05,20250905112000000,sh.601398,7.4500,7.4700,7.4500,7.4500,4798700,35790467.0000,3
2025-09-05,20250905112500000,sh.601398,7.4500,7.4700,7.4500,7.4600,9260700,69067267.0000,3
2025-09-05,20250905113000000,sh.601398,7.4600,7.4700,7.4500,7.4500,3100000,23122553.0000,3
2025-09-05,20250905130500000,sh.601398,7.4500,7.4600,7.4300,7.4500,18465200,137477887.0000,3
2025-09-05,20250905131000000,sh.601398,7.4500,7.4600,7.4500,7.4600,2372500,17685003.0000,3
2025-09-05,20250905131500000,sh.601398,7.4600,7.4600,7.4500,7.4500,3762200,28035327.0000,3
2025-09-05,20250905132000000,sh.601398,7.4500,7.4700,7.4500,7.4500,4567000,34056946.0000,3
2025-09-05,20250905132500000,sh.601398,7.4600,7.4600,7.4500,7.4600,1798300,13404418.0000,3
2025-09-05,20250905133000000,sh.601398,7.4600,7.4600,7.4400,7.4400,5645500,42053382.0000,3
2025-09-05,20250905133500000,sh.601398,7.4500,7.4500,7.4400,7.4500,4102400,30531328.0000,3
2025-09-05,20250905134000000,sh.601398,7.4400,7.4500,7.4300,7.4300,4185500,31141632.0000,3
2025-09-05,20250905134500000,sh.601398,7.4400,7.4500,7.4300,7.4500,3409300,25360896.0000,3
2025-09-05,20250905135000000,sh.601398,7.4500,7.4500,7.4400,7.4400,3735600,27797760.0000,3
2025-09-05,20250905135500000,sh.601398,7.4500,7.4500,7.4300,7.4300,4837000,35964416.0000,3
2025-09-05,20250905140000000,sh.601398,7.4300,7.4400,7.4300,7.4300,4775200,35499776.0000,3
2025-09-05,20250905140500000,sh.601398,7.4300,7.4400,7.4300,7.4400,5306500,39462656.0000,3
2025-09-05,20250905141000000,sh.601398,7.4300,7.4500,7.4300,7.4400,5108400,38006776.0000,3
2025-09-05,20250905141500000,sh.601398,7.4400,7.4500,7.4300,7.4500,3997800,29752334.0000,3
2025-09-05,20250905142000000,sh.601398,7.4400,7.4500,7.4400,7.4400,5404900,40230401.0000,3
2025-09-05,20250905142500000,sh.601398,7.4400,7.4500,7.4300,7.4500,6876600,51178483.0000,3
2025-09-05,20250905143000000,sh.601398,7.4500,7.4500,7.4400,7.4500,7031900,52337926.0000,3
2025-09-05,20250905143500000,sh.601398,7.4400,7.4500,7.4400,7.4400,5235800,38969088.0000,3
2025-09-05,20250905144000000,sh.601398,7.4400,7.4500,7.4400,7.4500,8586000,63946746.0000,3
2025-09-05,20250905144500000,sh.601398,7.4500,7.4600,7.4400,7.4400,6628900,49353474.0000,3
2025-09-05,20250905145000000,sh.601398,7.4400,7.4500,7.4300,7.4300,17235600,128264964.0000,3
2025-09-05,20250905145500000,sh.601398,7.4300,7.4400,7.4300,7.4300,16423300,122078208.0000,3
2025-09-05,20250905150000000,sh.601398,7.4300,7.4400,7.4300,7.4400,17506200,130190592.0000,3
2025-09-08,20250908093500000,sh.601398,7.4100,7.4300,7.3900,7.4200,28618200,211870416.0000,3
2025-09-08,20250908094000000,sh.601398,7.4100,7.4300,7.4000,7.4100,13058600,96821072.0000,3
2025-09-08,20250908094500000,sh.601398,7.4200,7.4400,7.4100,7.4200,15925000,118290944.0000,3
2025-09-08,20250908095000000,sh.601398,7.4100,7.4400,7.4100,7.4300,12926900,95936800.0000,3
2025-09-08,20250908095500000,sh.601398,7.4300,7.4300,7.4000,7.4100,9941000,73696192.0000,3
2025-09-08,20250908100000000,sh.601398,7.4100,7.4100,7.3800,7.3900,21616600,159832504.0000,3
2025-09-08,20250908100500000,sh.601398,7.3800,7.4000,7.3800,7.3900,10832400,80006732.0000,3
2025-09-08,20250908101000000,sh.601398,7.3900,7.3900,7.3700,7.3800,20160800,148805492.0000,3
2025-09-08,20250908101500000,sh.601398,7.3700,7.3900,7.3700,7.3900,8013700,59124932.0000,3
2025-09-08,20250908102000000,sh.601398,7.3800,7.4000,7.3800,7.4000,5470800,40401084.0000,3
2025-09-08,20250908102500000,sh.601398,7.4000,7.4000,7.3800,7.4000,6440900,47603712.0000,3
2025-09-08,20250908103000000,sh.601398,7.3900,7.4200,7.3900,7.4100,8097600,59998221.0000,3
2025-09-08,20250908103500000,sh.601398,7.4100,7.4300,7.4100,7.4200,6679700,49549057.0000,3
2025-09-08,20250908104000000,sh.601398,7.4200,7.4400,7.4200,7.4300,8409800,62476673.0000,3
2025-09-08,20250908104500000,sh.601398,7.4400,7.4400,7.4200,7.4200,7688600,57130233.0000,3
2025-09-08,20250908105000000,sh.601398,7.4300,7.4300,7.4200,7.4200,2929400,21740030.0000,3
2025-09-08,20250908105500000,sh.601398,7.4200,7.4300,7.4100,7.4300,3331900,24723966.0000,3
2025-09-08,20250908110000000,sh.601398,7.4200,7.4300,7.4000,7.4100,4651900,34488585.0000,3
2025-09-08,20250908110500000,sh.601398,7.4100,7.4200,7.4000,7.4100,3724500,27591546.0000,3
2025-09-08,20250908111000000,sh.601398,7.4200,7.4300,7.4100,7.4100,9923200,73626365.0000,3
2025-09-08,20250908111500000,sh.601398,7.4100,7.4100,7.4000,7.4000,3128800,23161984.0000,3
2025-09-08,20250908112000000,sh.601398,7.4100,7.4100,7.3900,7.4000,2814300,20824448.0000,3
2025-09-08,20250908112500000,sh.601398,7.4100,7.4100,7.3900,7.4000,2479200,18339580.0000,3
2025-09-08,20250908113000000,sh.601398,7.4000,7.4000,7.3900,7.3900,2207400,16318341.0000,3
2025-09-08,20250908130500000,sh.601398,7.4000,7.4100,7.3900,7.4000,3231500,23914376.0000,3
2025-09-08,20250908131000000,sh.601398,7.4100,7.4100,7.4000,7.4000,2483200,18383479.0000,3
2025-09-08,20250908131500000,sh.601398,7.4000,7.4100,7.3900,7.4000,4760700,35226876.0000,3
2025-09-08,20250908132000000,sh.601398,7.4000,7.4000,7.3900,7.3900,3348700,24752904.0000,3
2025-09-08,20250908132500000,sh.601398,7.3900,7.4000,7.3900,7.4000,2994100,22133624.0000,3
2025-09-08,20250908133000000,sh.601398,7.4000,7.4000,7.3900,7.3900,2617600,19349516.0000,3
2025-09-08,20250908133500000,sh.601398,7.4000,7.4000,7.3900,7.4000,3914500,28941562.0000,3
2025-09-08,20250908134000000,sh.601398,7.4000,7.4100,7.3900,7.4100,6860800,50766330.0000,3
2025-09-08,20250908134500000,sh.601398,7.4000,7.4100,7.4000,7.4000,2625900,19434509.0000,3
2025-09-08,20250908135000000,sh.601398,7.4100,7.4100,7.4000,7.4000,2443600,18089459.0000,3
2025-09-08,20250908135500000,sh.601398,7.4000,7.4200,7.4000,7.4200,6252200,46333455.0000,3
2025-09-08,20250908140000000,sh.601398,7.4200,7.4300,7.4100,7.4200,3167800,23512441.0000,3
2025-09-08,20250908140500000,sh.601398,7.4200,7.4300,7.4200,7.4200,1494600,11095548.0000,3
2025-09-08,20250908141000000,sh.601398,7.4300,7.4300,7.4100,7.4200,4054300,30076679.0000,3
2025-09-08,20250908141500000,sh.601398,7.4200,7.4300,7.4100,7.4100,10089100,74832003.0000,3
2025-09-08,20250908142000000,sh.601398,7.4100,7.4200,7.4100,7.4200,5374400,39844084.0000,3
2025-09-08,20250908142500000,sh.601398,7.4200,7.4200,7.4100,7.4200,5650400,41886981.0000,3
2025-09-08,20250908143000000,sh.601398,7.4200,7.4200,7.4000,7.4100,5592400,41436156.0000,3
2025-09-08,20250908143500000,sh.601398,7.4100,7.4200,7.4000,7.4200,4864500,36062465.0000,3
2025-09-08,20250908144000000,sh.601398,7.4100,7.4200,7.4000,7.4100,7143000,52927750.0000,3
2025-09-08,20250908144500000,sh.601398,7.4100,7.4100,7.4000,7.4100,5841500,43253249.0000,3
2025-09-08,20250908145000000,sh.601398,7.4100,7.4100,7.3900,7.3900,14929000,110450179.0000,3
2025-09-08,20250908145500000,sh.601398,7.4000,7.4000,7.3900,7.4000,9833900,72708086.0000,3
2025-09-08,20250908150000000,sh.601398,7.4000,7.4000,7.3900,7.4000,15637100,115561212.0000,3
2025-09-09,20250909093500000,sh.601398,7.3900,7.4500,7.3900,7.4300,28905400,214609824.0000,3
2025-09-09,20250909094000000,sh.601398,7.4300,7.4500,7.4300,7.4500,15714300,116911392.0000,3
2025-09-09,20250909094500000,sh.601398,7.4500,7.4500,7.4300,7.4400,8670400,64491008.0000,3
2025-09-09,20250909095000000,sh.601398,7.4300,7.4500,7.4300,7.4500,10154100,75573504.0000,3
2025-09-09,20250909095500000,sh.601398,7.4500,7.4600,7.4400,7.4500,26916300,200604860.0000,3
2025-09-09,20250909100000000,sh.601398,7.4500,7.4500,7.4400,7.4500,6826800,50809020.0000,3
2025-09-09,20250909100500000,sh.601398,7.4400,7.4400,7.4200,7.4300,5091100,37811597.0000,3
2025-09-09,20250909101000000,sh.601398,7.4200,7.4300,7.4000,7.4100,8874100,65775543.0000,3
2025-09-09,20250909101500000,sh.601398,7.4000,7.4100,7.3900,7.4000,8035900,59468028.0000,3
2025-09-09,20250909102000000,sh.601398,7.4000,7.4100,7.3900,7.4100,4861500,35961870.0000,3
2025-09-09,20250909102500000,sh.601398,7.4100,7.4100,7.4000,7.4100,4132000,30592694.0000,3
2025-09-09,20250909103000000,sh.601398,7.4000,7.4200,7.4000,7.4200,2646700,19608064.0000,3
2025-09-09,20250909103500000,sh.601398,7.4100,7.4200,7.4100,7.4200,2481500,18389834.0000,3
2025-09-09,20250909104000000,sh.601398,7.4200,7.4300,7.4100,7.4200,3485100,25860030.0000,3
2025-09-09,20250909104500000,sh.601398,7.4100,7.4200,7.4100,7.4200,1639300,12157750.0000,3
2025-09-09,20250909105000000,sh.601398,7.4200,7.4200,7.4000,7.4100,3839300,28449799.0000,3
2025-09-09,20250909105500000,sh.601398,7.4100,7.4200,7.4100,7.4200,1866000,13831551.0000,3
2025-09-09,20250909110000000,sh.601398,7.4200,7.4200,7.4000,7.4000,5849100,43338874.0000,3
2025-09-09,20250909110500000,sh.601398,7.4000,7.4200,7.4000,7.4100,3923100,29067138.0000,3
2025-09-09,20250909111000000,sh.601398,7.4100,7.4200,7.4100,7.4100,717200,5319682.0000,3
2025-09-09,20250909111500000,sh.601398,7.4200,7.4200,7.4100,7.4200,1966000,14576264.0000,3
2025-09-09,20250909112000000,sh.601398,7.4200,7.4200,7.4100,7.4100,2409600,17875320.0000,3
2025-09-09,20250909112500000,sh.601398,7.4200,7.4300,7.4200,7.4300,2017100,14973954.0000,3
2025-09-09,20250909113000000,sh.601398,7.4300,7.4300,7.4100,7.4200,2641700,19600890.0000,3
2025-09-09,20250909130500000,sh.601398,7.4200,7.4300,7.4100,7.4300,2882900,21389452.0000,3
2025-09-09,20250909131000000,sh.601398,7.4300,7.4300,7.4200,7.4300,2699500,20045439.0000,3
2025-09-09,20250909131500000,sh.601398,7.4300,7.4400,7.4200,7.4300,4606200,34232062.0000,3
2025-09-09,20250909132000000,sh.601398,7.4400,7.4400,7.4200,7.4200,5433100,40370175.0000,3
2025-09-09,20250909132500000,sh.601398,7.4300,7.4300,7.4200,7.4200,1873600,13911416.0000,3
2025-09-09,20250909133000000,sh.601398,7.4200,7.4300,7.4100,7.4200,3635400,26980234.0000,3
2025-09-09,20250909133500000,sh.601398,7.4200,7.4200,7.4100,7.4200,2445300,18132482.0000,3
2025-09-09,20250909134000000,sh.601398,7.4200,7.4200,7.4100,7.4100,3365800,24961402.0000,3
2025-09-09,20250909134500000,sh.601398,7.4200,7.4200,7.4100,7.4200,3175900,23543802.0000,3
2025-09-09,20250909135000000,sh.601398,7.4100,7.4200,7.4100,7.4100,3030300,22465670.0000,3
2025-09-09,20250909135500000,sh.601398,7.4100,7.4200,7.4100,7.4200,5279300,39153150.0000,3
2025-09-09,20250909140000000,sh.601398,7.4200,7.4300,7.4100,7.4300,4182300,31043717.0000,3
2025-09-09,20250909140500000,sh.601398,7.4200,7.4300,7.4100,7.4200,5301200,39339908.0000,3
2025-09-09,20250909141000000,sh.601398,7.4300,7.4300,7.4200,7.4200,4664700,34636915.0000,3
2025-09-09,20250909141500000,sh.601398,7.4200,7.4300,7.4200,7.4200,4006800,29742216.0000,3
2025-09-09,20250909142000000,sh.601398,7.4200,7.4300,7.4200,7.4300,10114000,75092476.0000,3
2025-09-09,20250909142500000,sh.601398,7.4300,7.4400,7.4200,7.4300,6117500,45469699.0000,3
2025-09-09,20250909143000000,sh.601398,7.4400,7.4400,7.4300,7.4300,4182000,31077501.0000,3
2025-09-09,20250909143500000,sh.601398,7.4400,7.4400,7.4200,7.4300,3008400,22334842.0000,3
2025-09-09,20250909144000000,sh.601398,7.4200,7.4400,7.4200,7.4400,6060600,45016204.0000,3
2025-09-09,20250909144500000,sh.601398,7.4300,7.4400,7.4200,7.4300,2621700,19482615.0000,3
2025-09-09,20250909145000000,sh.601398,7.4300,7.4400,7.4200,7.4300,4197000,31190027.0000,3
2025-09-09,20250909145500000,sh.601398,7.4300,7.4400,7.4200,7.4300,4239700,31500412.0000,3
2025-09-09,20250909150000000,sh.601398,7.4200,7.4400,7.4200,7.4300,5492600,40815991.0000,3
2025-09-10,20250910093500000,sh.601398,7.4400,7.4400,7.3900,7.4100,13459700,99700592.0000,3
2025-09-10,20250910094000000,sh.601398,7.4200,7.4200,7.3900,7.4000,7717100,57114864.0000,3
2025-09-10,20250910094500000,sh.601398,7.4000,7.4000,7.3800,7.3900,9542400,70540528.0000,3
2025-09-10,20250910095000000,sh.601398,7.3900,7.4000,7.3900,7.4000,3288200,24313888.0000,3
2025-09-10,20250910095500000,sh.601398,7.3900,7.4100,7.3900,7.4100,8365600,61886960.0000,3
2025-09-10,20250910100000000,sh.601398,7.4100,7.4100,7.4000,7.4100,4688400,34709216.0000,3
2025-09-10,20250910100500000,sh.601398,7.4100,7.4100,7.4000,7.4000,5231400,38717824.0000,3
2025-09-10,20250910101000000,sh.601398,7.4100,7.4300,7.4000,7.4300,9298900,68946688.0000,3
2025-09-10,20250910101500000,sh.601398,7.4300,7.4400,7.4200,7.4200,4837700,35940064.0000,3
2025-09-10,20250910102000000,sh.601398,7.4300,7.4300,7.4100,7.4300,3797100,28177088.0000,3
2025-09-10,20250910102500000,sh.601398,7.4200,7.4300,7.4100,7.4200,2496900,18528544.0000,3
2025-09-10,20250910103000000,sh.601398,7.4200,7.4300,7.4100,7.4200,1878700,13935492.0000,3
2025-09-10,20250910103500000,sh.601398,7.4200,7.4400,7.4200,7.4400,5076700,37717876.0000,3
2025-09-10,20250910104000000,sh.601398,7.4400,7.4500,7.4300,7.4500,7834100,58299650.0000,3
2025-09-10,20250910104500000,sh.601398,7.4400,7.4500,7.4300,7.4300,4125700,30698312.0000,3
2025-09-10,20250910105000000,sh.601398,7.4400,7.4400,7.4300,7.4400,1485500,11044290.0000,3
2025-09-10,20250910105500000,sh.601398,7.4300,7.4500,7.4300,7.4500,5819800,43300980.0000,3
2025-09-10,20250910110000000,sh.601398,7.4500,7.4700,7.4400,7.4400,27728200,206721487.0000,3
2025-09-10,20250910110500000,sh.601398,7.4400,7.4500,7.4400,7.4500,1745400,12996337.0000,3
2025-09-10,20250910111000000,sh.601398,7.4400,7.4600,7.4300,7.4600,5039400,37504262.0000,3
2025-09-10,20250910111500000,sh.601398,7.4500,7.4600,7.4400,7.4500,2372700,17675002.0000,3
2025-09-10,20250910112000000,sh.601398,7.4500,7.4600,7.4400,7.4500,5128800,38208512.0000,3
2025-09-10,20250910112500000,sh.601398,7.4500,7.4600,7.4300,7.4400,3923900,29219907.0000,3
2025-09-10,20250910113000000,sh.601398,7.4300,7.4500,7.4300,7.4400,5072400,37703165.0000,3
2025-09-10,20250910130500000,sh.601398,7.4300,7.4500,7.4300,7.4300,2508600,18657800.0000,3
2025-09-10,20250910131000000,sh.601398,7.4400,7.4400,7.4200,7.4300,2144100,15928184.0000,3
2025-09-10,20250910131500000,sh.601398,7.4300,7.4400,7.4200,7.4200,5818100,43222144.0000,3
2025-09-10,20250910132000000,sh.601398,7.4200,7.4500,7.4200,7.4500,4836000,35968904.0000,3
2025-09-10,20250910132500000,sh.601398,7.4500,7.4500,7.4300,7.4400,3245000,24116994.0000,3
2025-09-10,20250910133000000,sh.601398,7.4400,7.4400,7.4300,7.4400,4678300,34762358.0000,3
2025-09-10,20250910133500000,sh.601398,7.4300,7.4400,7.4300,7.4300,2736600,20345475.0000,3
2025-09-10,20250910134000000,sh.601398,7.4300,7.4600,7.4300,7.4600,8587900,63951619.0000,3
2025-09-10,20250910134500000,sh.601398,7.4500,7.4600,7.4500,7.4500,4301500,32055162.0000,3
2025-09-10,20250910135000000,sh.601398,7.4500,7.4600,7.4500,7.4600,2625600,19564291.0000,3
2025-09-10,20250910135500000,sh.601398,7.4600,7.4600,7.4500,7.4600,2611000,19454727.0000,3
2025-09-10,20250910140000000,sh.601398,7.4500,7.4600,7.4500,7.4600,3266900,24347646.0000,3
2025-09-10,20250910140500000,sh.601398,7.4600,7.4700,7.4500,7.4700,14678300,109498368.0000,3
2025-09-10,20250910141000000,sh.601398,7.4600,7.4700,7.4600,7.4700,9485100,70834426.0000,3
2025-09-10,20250910141500000,sh.601398,7.4700,7.4700,7.4600,7.4600,4660000,34778494.0000,3
2025-09-10,20250910142000000,sh.601398,7.4600,7.4700,7.4600,7.4700,9438600,70492160.0000,3
2025-09-10,20250910142500000,sh.601398,7.4600,7.4800,7.4600,7.4800,4595700,34347914.0000,3
2025-09-10,20250910143000000,sh.601398,7.4700,7.4800,7.4700,7.4800,6030200,45063167.0000,3
2025-09-10,20250910143500000,sh.601398,7.4800,7.4800,7.4700,7.4800,5371500,40141824.0000,3
2025-09-10,20250910144000000,sh.601398,7.4800,7.4800,7.4600,7.4700,7328600,54757119.0000,3
2025-09-10,20250910144500000,sh.601398,7.4700,7.4800,7.4700,7.4700,6133200,45843584.0000,3
2025-09-10,20250910145000000,sh.601398,7.4700,7.4800,7.4700,7.4700,5937200,44359422.0000,3
2025-09-10,20250910145500000,sh.601398,7.4700,7.4700,7.4600,7.4700,7172000,53524093.0000,3
2025-09-10,20250910150000000,sh.601398,7.4600,7.4700,7.4500,7.4700,10511300,78439174.0000,3
2025-09-11,20250911093500000,sh.601398,7.4600,7.5700,7.4600,7.5700,67346800,507199296.0000,3
2025-09-11,20250911094000000,sh.601398,7.5600,7.5800,7.5300,7.5300,36203400,273786426.0000,3
2025-09-11,20250911094500000,sh.601398,7.5300,7.5500,7.5100,7.5100,19510200,146824451.0000,3
2025-09-11,20250911095000000,sh.601398,7.5200,7.5300,7.5100,7.5200,8022500,60304707.0000,3
2025-09-11,20250911095500000,sh.601398,7.5200,7.5300,7.5000,7.5000,7735900,58135358.0000,3
2025-09-11,20250911100000000,sh.601398,7.5000,7.5100,7.4800,7.4900,13967600,104705414.0000,3
2025-09-11,20250911100500000,sh.601398,7.4800,7.5000,7.4700,7.5000,9330000,69824252.0000,3
2025-09-11,20250911101000000,sh.601398,7.5000,7.5000,7.4600,7.4600,11670800,87254144.0000,3
2025-09-11,20250911101500000,sh.601398,7.4700,7.4700,7.4500,7.4700,15318500,114236160.0000,3
2025-09-11,20250911102000000,sh.601398,7.4600,7.4700,7.4500,7.4600,9671300,72081280.0000,3
2025-09-11,20250911102500000,sh.601398,7.4600,7.4600,7.4500,7.4500,4679400,34879360.0000,3
2025-09-11,20250911103000000,sh.601398,7.4500,7.4600,7.4500,7.4500,14227800,106100224.0000,3
2025-09-11,20250911103500000,sh.601398,7.4500,7.4500,7.4400,7.4500,5005900,37273984.0000,3
2025-09-11,20250911104000000,sh.601398,7.4400,7.4500,7.4300,7.4400,6708200,49889152.0000,3
2025-09-11,20250911104500000,sh.601398,7.4300,7.4400,7.4300,7.4400,6797900,50515968.0000,3
2025-09-11,20250911105000000,sh.601398,7.4300,7.4400,7.4300,7.4300,3650400,27133824.0000,3
2025-09-11,20250911105500000,sh.601398,7.4300,7.4400,7.4300,7.4300,4883500,36316032.0000,3
2025-09-11,20250911110000000,sh.601398,7.4300,7.4500,7.4300,7.4500,8468600,62999680.0000,3
2025-09-11,20250911110500000,sh.601398,7.4400,7.4600,7.4400,7.4500,7406000,55148544.0000,3
2025-09-11,20250911111000000,sh.601398,7.4500,7.4500,7.4300,7.4300,9940400,73901952.0000,3
2025-09-11,20250911111500000,sh.601398,7.4300,7.4400,7.4200,7.4300,7183200,53343104.0000,3
2025-09-11,20250911112000000,sh.601398,7.4300,7.4300,7.4100,7.4200,11772900,87367296.0000,3
2025-09-11,20250911112500000,sh.601398,7.4200,7.4200,7.4100,7.4200,10221500,75765504.0000,3
2025-09-11,20250911113000000,sh.601398,7.4200,7.4300,7.4100,7.4200,9865100,73167616.0000,3
2025-09-11,20250911130500000,sh.601398,7.4200,7.4200,7.3900,7.4100,34354600,254354688.0000,3
2025-09-11,20250911131000000,sh.601398,7.4000,7.4100,7.4000,7.4100,7032900,52081664.0000,3
2025-09-11,20250911131500000,sh.601398,7.4100,7.4300,7.4100,7.4200,11897300,88254976.0000,3
2025-09-11,20250911132000000,sh.601398,7.4200,7.4400,7.4100,7.4400,15256800,113228800.0000,3
2025-09-11,20250911132500000,sh.601398,7.4300,7.4400,7.4200,7.4200,5326600,39573248.0000,3
2025-09-11,20250911133000000,sh.601398,7.4300,7.4400,7.4200,7.4300,5382700,40000512.0000,3
2025-09-11,20250911133500000,sh.601398,7.4400,7.4700,7.4300,7.4600,11677700,86970114.0000,3
2025-09-11,20250911134000000,sh.601398,7.4700,7.4800,7.4500,7.4700,8448900,63066878.0000,3
2025-09-11,20250911134500000,sh.601398,7.4700,7.4800,7.4600,7.4700,6213600,46402810.0000,3
2025-09-11,20250911135000000,sh.601398,7.4600,7.5000,7.4600,7.4700,13876100,103865098.0000,3
2025-09-11,20250911135500000,sh.601398,7.4800,7.4800,7.4600,7.4700,5233700,39081468.0000,3
2025-09-11,20250911140000000,sh.601398,7.4600,7.4700,7.4600,7.4700,3765100,28099324.0000,3
2025-09-11,20250911140500000,sh.601398,7.4700,7.4800,7.4600,7.4700,4851000,36245256.0000,3
2025-09-11,20250911141000000,sh.601398,7.4800,7.4900,7.4600,7.4900,7374800,55108352.0000,3
2025-09-11,20250911141500000,sh.601398,7.4900,7.4900,7.4700,7.4700,6859400,51276545.0000,3
2025-09-11,20250911142000000,sh.601398,7.4700,7.4800,7.4600,7.4700,9226000,68926203.0000,3
2025-09-11,20250911142500000,sh.601398,7.4600,7.4700,7.4500,7.4700,6625500,49429250.0000,3
2025-09-11,20250911143000000,sh.601398,7.4600,7.4800,7.4600,7.4800,7551300,56413946.0000,3
2025-09-11,20250911143500000,sh.601398,7.4800,7.5000,7.4700,7.5000,9856500,73796612.0000,3
2025-09-11,20250911144000000,sh.601398,7.4900,7.5000,7.4900,7.5000,6112600,45812480.0000,3
2025-09-11,20250911144500000,sh.601398,7.4900,7.5000,7.4900,7.4900,4376900,32809984.0000,3
2025-09-11,20250911145000000,sh.601398,7.4900,7.5000,7.4900,7.5000,12597000,94448896.0000,3
2025-09-11,20250911145500000,sh.601398,7.4900,7.5100,7.4900,7.5000,15770800,118285824.0000,3
2025-09-11,20250911150000000,sh.601398,7.5100,7.5200,7.5000,7.5100,12260300,92077056.0000,3
2025-09-12,20250912093500000,sh.601398,7.4900,7.5200,7.4800,7.4900,38633900,289756064.0000,3
2025-09-12,20250912094000000,sh.601398,7.4900,7.5000,7.4700,7.4800,17134100,128245792.0000,3
2025-09-12,20250912094500000,sh.601398,7.4800,7.4900,7.4500,7.4700,16056400,119887168.0000,3
2025-09-12,20250912095000000,sh.601398,7.4600,7.4800,7.4600,7.4700,6864200,51305535.0000,3
2025-09-12,20250912095500000,sh.601398,7.4700,7.5000,7.4700,7.4900,8832400,66125313.0000,3
2025-09-12,20250912100000000,sh.601398,7.4800,7.4900,7.4800,7.4900,4951800,37051192.0000,3
2025-09-12,20250912100500000,sh.601398,7.4800,7.4900,7.4700,7.4700,4213900,31518146.0000,3
2025-09-12,20250912101000000,sh.601398,7.4700,7.5000,7.4700,7.5000,9102300,68202571.0000,3
2025-09-12,20250912101500000,sh.601398,7.5100,7.5100,7.4900,7.5000,5652600,42405237.0000,3
2025-09-12,20250912102000000,sh.601398,7.5100,7.5200,7.5000,7.5100,11120300,83536710.0000,3
2025-09-12,20250912102500000,sh.601398,7.5100,7.5200,7.4900,7.5000,4425800,33204415.0000,3
2025-09-12,20250912103000000,sh.601398,7.4900,7.5100,7.4900,7.5100,3833100,28750973.0000,3
2025-09-12,20250912103500000,sh.601398,7.5000,7.5100,7.4900,7.4900,2104200,15775932.0000,3
2025-09-12,20250912104000000,sh.601398,7.4900,7.5100,7.4900,7.5000,3792100,28448590.0000,3
2025-09-12,20250912104500000,sh.601398,7.5000,7.5200,7.5000,7.5100,6992300,52530810.0000,3
2025-09-12,20250912105000000,sh.601398,7.5100,7.5300,7.5100,7.5300,12083700,90892416.0000,3
2025-09-12,20250912105500000,sh.601398,7.5300,7.5300,7.5200,7.5300,2941000,22138368.0000,3
2025-09-12,20250912110000000,sh.601398,7.5300,7.5300,7.5200,7.5200,3192600,24023296.0000,3
2025-09-12,20250912110500000,sh.601398,7.5200,7.5300,7.5100,7.5200,9661700,72662912.0000,3
2025-09-12,20250912111000000,sh.601398,7.5300,7.5400,7.5200,7.5300,12823000,96571896.0000,3
2025-09-12,20250912111500000,sh.601398,7.5300,7.5300,7.5100,7.5200,3143400,23643656.0000,3
2025-09-12,20250912112000000,sh.601398,7.5200,7.5300,7.5100,7.5200,4384400,32966272.0000,3
2025-09-12,20250912112500000,sh.601398,7.5200,7.5200,7.5100,7.5200,1150900,8651645.0000,3
2025-09-12,20250912113000000,sh.601398,7.5100,7.5200,7.5100,7.5100,1468900,11043459.0000,3
2025-09-12,20250912130500000,sh.601398,7.5200,7.5200,7.4900,7.5000,7074700,53088252.0000,3
2025-09-12,20250912131000000,sh.601398,7.5000,7.5000,7.4900,7.5000,2289700,17168255.0000,3
2025-09-12,20250912131500000,sh.601398,7.5000,7.5000,7.4900,7.4900,1590900,11923325.0000,3
2025-09-12,20250912132000000,sh.601398,7.4900,7.5000,7.4800,7.4800,5538900,41485312.0000,3
2025-09-12,20250912132500000,sh.601398,7.4900,7.5000,7.4800,7.5000,2830200,21187584.0000,3
2025-09-12,20250912133000000,sh.601398,7.5000,7.5000,7.4800,7.4900,3167500,23711241.0000,3
2025-09-12,20250912133500000,sh.601398,7.4800,7.4900,7.4700,7.4800,6610200,49437700.0000,3
2025-09-12,20250912134000000,sh.601398,7.4900,7.4900,7.4700,7.4800,2632200,19682423.0000,3
2025-09-12,20250912134500000,sh.601398,7.4700,7.4800,7.4700,7.4800,3861500,28860164.0000,3
2025-09-12,20250912135000000,sh.601398,7.4800,7.4800,7.4700,7.4800,6265000,46818052.0000,3
2025-09-12,20250912135500000,sh.601398,7.4800,7.4800,7.4700,7.4800,4064300,30385148.0000,3
2025-09-12,20250912140000000,sh.601398,7.4700,7.4800,7.4700,7.4800,2855700,21349884.0000,3
2025-09-12,20250912140500000,sh.601398,7.4700,7.4800,7.4700,7.4800,7824900,58480383.0000,3
2025-09-12,20250912141000000,sh.601398,7.4700,7.4800,7.4700,7.4800,2286600,17088765.0000,3
2025-09-12,20250912141500000,sh.601398,7.4800,7.4800,7.4600,7.4700,6404100,47853192.0000,3
2025-09-12,20250912142000000,sh.601398,7.4700,7.4800,7.4600,7.4700,2948100,22017278.0000,3
2025-09-12,20250912142500000,sh.601398,7.4700,7.4700,7.4600,7.4700,3082200,23015806.0000,3
2025-09-12,20250912143000000,sh.601398,7.4700,7.4800,7.4600,7.4700,3606900,26935811.0000,3
2025-09-12,20250912143500000,sh.601398,7.4700,7.4800,7.4600,7.4700,5201900,38839417.0000,3
2025-09-12,20250912144000000,sh.601398,7.4700,7.4800,7.4700,7.4700,2520700,18837378.0000,3
2025-09-12,20250912144500000,sh.601398,7.4700,7.4800,7.4600,7.4700,4864000,36339974.0000,3
2025-09-12,20250912145000000,sh.601398,7.4700,7.4700,7.4600,7.4600,4291700,32034560.0000,3
2025-09-12,20250912145500000,sh.601398,7.4700,7.4700,7.4600,7.4700,7150900,53382400.0000,3
2025-09-12,20250912150000000,sh.601398,7.4700,7.4800,7.4600,7.4800,5760700,43064059.0000,3
2025-09-15,20250915093500000,sh.601398,7.4500,7.4500,7.4100,7.4400,22952200,170530752.0000,3
2025-09-15,20250915094000000,sh.601398,7.4300,7.4400,7.4100,7.4100,13638600,101260384.0000,3
2025-09-15,20250915094500000,sh.601398,7.4100,7.4300,7.4100,7.4200,10335600,76697024.0000,3
2025-09-15,20250915095000000,sh.601398,7.4300,7.4300,7.4100,7.4200,15254800,113127424.0000,3
2025-09-15,20250915095500000,sh.601398,7.4100,7.4100,7.4000,7.4100,17416800,128978212.0000,3
2025-09-15,20250915100000000,sh.601398,7.4000,7.4200,7.4000,7.4100,9541300,70687676.0000,3
2025-09-15,20250915100500000,sh.601398,7.4200,7.4200,7.4000,7.4100,15278000,113142724.0000,3
2025-09-15,20250915101000000,sh.601398,7.4100,7.4100,7.4000,7.4100,13451900,99568636.0000,3
2025-09-15,20250915101500000,sh.601398,7.4000,7.4100,7.4000,7.4100,3889800,28802115.0000,3
2025-09-15,20250915102000000,sh.601398,7.4100,7.4200,7.4000,7.4000,8053400,59669941.0000,3
2025-09-15,20250915102500000,sh.601398,7.4100,7.4100,7.4000,7.4100,3466400,25671112.0000,3
2025-09-15,20250915103000000,sh.601398,7.4000,7.4200,7.4000,7.4200,5073300,37588934.0000,3
2025-09-15,20250915103500000,sh.601398,7.4200,7.4300,7.4100,7.4300,5251100,38955122.0000,3
2025-09-15,20250915104000000,sh.601398,7.4200,7.4300,7.4200,7.4300,4629900,34359054.0000,3
2025-09-15,20250915104500000,sh.601398,7.4300,7.4300,7.4200,7.4300,2202600,16353016.0000,3
2025-09-15,20250915105000000,sh.601398,7.4200,7.4400,7.4200,7.4300,6699800,49798778.0000,3
2025-09-15,20250915105500000,sh.601398,7.4400,7.4500,7.4300,7.4500,2937400,21847432.0000,3
2025-09-15,20250915110000000,sh.601398,7.4400,7.4500,7.4400,7.4400,1506500,11216889.0000,3
2025-09-15,20250915110500000,sh.601398,7.4500,7.4500,7.4400,7.4500,1546900,11515527.0000,3
2025-09-15,20250915111000000,sh.601398,7.4400,7.4600,7.4400,7.4500,8647900,64450305.0000,3
2025-09-15,20250915111500000,sh.601398,7.4500,7.4800,7.4500,7.4700,13523300,101014527.0000,3
2025-09-15,20250915112000000,sh.601398,7.4700,7.5100,7.4700,7.5100,21580800,161706112.0000,3
2025-09-15,20250915112500000,sh.601398,7.5000,7.5100,7.5000,7.5000,8101400,60778880.0000,3
2025-09-15,20250915113000000,sh.601398,7.5000,7.5100,7.4900,7.4900,4625700,34699776.0000,3
2025-09-15,20250915130500000,sh.601398,7.5000,7.5000,7.4600,7.4700,13947300,104308870.0000,3
2025-09-15,20250915131000000,sh.601398,7.4700,7.4700,7.4500,7.4600,2183400,16286580.0000,3
2025-09-15,20250915131500000,sh.601398,7.4500,7.4600,7.4500,7.4500,1595900,11896330.0000,3
2025-09-15,20250915132000000,sh.601398,7.4500,7.4600,7.4500,7.4500,2132100,15890173.0000,3
2025-09-15,20250915132500000,sh.601398,7.4500,7.4500,7.4400,7.4400,4810100,35822711.0000,3
2025-09-15,20250915133000000,sh.601398,7.4500,7.4500,7.4400,7.4500,2881800,21459847.0000,3
2025-09-15,20250915133500000,sh.601398,7.4400,7.4500,7.4400,7.4500,2413100,17959175.0000,3
2025-09-15,20250915134000000,sh.601398,7.4400,7.4500,7.4400,7.4500,1812700,13491706.0000,3
2025-09-15,20250915134500000,sh.601398,7.4400,7.4500,7.4400,7.4500,1248600,9293432.0000,3
2025-09-15,20250915135000000,sh.601398,7.4400,7.4500,7.4400,7.4500,2980100,22173319.0000,3
2025-09-15,20250915135500000,sh.601398,7.4400,7.4500,7.4300,7.4300,1966900,14635521.0000,3
2025-09-15,20250915140000000,sh.601398,7.4400,7.4400,7.4300,7.4400,2661700,19784312.0000,3
2025-09-15,20250915140500000,sh.601398,7.4400,7.4400,7.4300,7.4300,4153500,30869376.0000,3
2025-09-15,20250915141000000,sh.601398,7.4400,7.4400,7.4300,7.4300,3464000,25750280.0000,3
2025-09-15,20250915141500000,sh.601398,7.4300,7.4400,7.4200,7.4200,3784200,28102139.0000,3
2025-09-15,20250915142000000,sh.601398,7.4200,7.4300,7.4200,7.4300,2471600,18345347.0000,3
2025-09-15,20250915142500000,sh.601398,7.4200,7.4300,7.4100,7.4200,11211200,83152766.0000,3
2025-09-15,20250915143000000,sh.601398,7.4100,7.4200,7.4100,7.4200,5095700,37789954.0000,3
2025-09-15,20250915143500000,sh.601398,7.4300,7.4300,7.4200,7.4300,2693100,19991297.0000,3
2025-09-15,20250915144000000,sh.601398,7.4200,7.4300,7.4200,7.4200,3976700,29523972.0000,3
2025-09-15,20250915144500000,sh.601398,7.4200,7.4300,7.4200,7.4300,10346900,76835331.0000,3
2025-09-15,20250915145000000,sh.601398,7.4300,7.4300,7.4200,7.4200,5631500,41825534.0000,3
2025-09-15,20250915145500000,sh.601398,7.4300,7.4300,7.4200,7.4200,7296500,54186236.0000,3
2025-09-15,20250915150000000,sh.601398,7.4300,7.4300,7.4200,7.4300,9217900,68465157.0000,3
2025-09-16,20250916093500000,sh.601398,7.4100,7.4500,7.4100,7.4200,14836700,110323264.0000,3
2025-09-16,20250916094000000,sh.601398,7.4200,7.4400,7.4100,7.4200,7012800,52064928.0000,3
2025-09-16,20250916094500000,sh.601398,7.4100,7.4500,7.4100,7.4300,7710000,57301424.0000,3
2025-09-16,20250916095000000,sh.601398,7.4400,7.4400,7.4100,7.4200,8984500,66660592.0000,3
2025-09-16,20250916095500000,sh.601398,7.4200,7.4300,7.4100,7.4200,7581200,56242976.0000,3
2025-09-16,20250916100000000,sh.601398,7.4200,7.4400,7.4200,7.4300,5439600,40426560.0000,3
2025-09-16,20250916100500000,sh.601398,7.4300,7.4500,7.4300,7.4400,6060100,45112064.0000,3
2025-09-16,20250916101000000,sh.601398,7.4500,7.4500,7.4300,7.4400,4607200,34275552.0000,3
2025-09-16,20250916101500000,sh.601398,7.4400,7.4400,7.4300,7.4300,1783300,13260800.0000,3
2025-09-16,20250916102000000,sh.601398,7.4300,7.4400,7.4300,7.4400,2646100,19678368.0000,3
2025-09-16,20250916102500000,sh.601398,7.4300,7.4400,7.4300,7.4300,5264000,39134720.0000,3
2025-09-16,20250916103000000,sh.601398,7.4300,7.4500,7.4300,7.4500,9307800,69268280.0000,3
2025-09-16,20250916103500000,sh.601398,7.4400,7.4600,7.4400,7.4600,13572500,101151497.0000,3
2025-09-16,20250916104000000,sh.601398,7.4600,7.4800,7.4600,7.4700,18546700,138525495.0000,3
2025-09-16,20250916104500000,sh.601398,7.4700,7.4800,7.4600,7.4800,6626100,49494086.0000,3
2025-09-16,20250916105000000,sh.601398,7.4700,7.4900,7.4700,7.4800,19895800,148914883.0000,3
2025-09-16,20250916105500000,sh.601398,7.4900,7.4900,7.4800,7.4800,9165900,68611588.0000,3
2025-09-16,20250916110000000,sh.601398,7.4900,7.4900,7.4800,7.4800,8081500,60459123.0000,3
2025-09-16,20250916110500000,sh.601398,7.4800,7.4800,7.4600,7.4700,5956700,44507010.0000,3
2025-09-16,20250916111000000,sh.601398,7.4600,7.4700,7.4600,7.4700,1689600,12612616.0000,3
2025-09-16,20250916111500000,sh.601398,7.4700,7.4700,7.4600,7.4700,2201000,16425334.0000,3
2025-09-16,20250916112000000,sh.601398,7.4600,7.4700,7.4600,7.4700,6023100,44975629.0000,3
2025-09-16,20250916112500000,sh.601398,7.4700,7.4800,7.4600,7.4800,2270400,16963069.0000,3
2025-09-16,20250916113000000,sh.601398,7.4700,7.4800,7.4700,7.4700,3757500,28072187.0000,3
2025-09-16,20250916130500000,sh.601398,7.4800,7.4900,7.4700,7.4900,9683000,72429959.0000,3
2025-09-16,20250916131000000,sh.601398,7.4800,7.4900,7.4700,7.4700,3217800,24059896.0000,3
2025-09-16,20250916131500000,sh.601398,7.4800,7.4800,7.4600,7.4700,4242900,31697660.0000,3
2025-09-16,20250916132000000,sh.601398,7.4600,7.4700,7.4600,7.4600,2531500,18888845.0000,3
2025-09-16,20250916132500000,sh.601398,7.4700,7.4700,7.4600,7.4600,2113700,15772538.0000,3
2025-09-16,20250916133000000,sh.601398,7.4600,7.4700,7.4600,7.4700,4292800,32059905.0000,3
2025-09-16,20250916133500000,sh.601398,7.4700,7.4700,7.4600,7.4700,1435000,10711035.0000,3
2025-09-16,20250916134000000,sh.601398,7.4600,7.4700,7.4600,7.4700,1990700,14862342.0000,3
2025-09-16,20250916134500000,sh.601398,7.4600,7.4700,7.4500,7.4600,4600500,34321147.0000,3
2025-09-16,20250916135000000,sh.601398,7.4500,7.4600,7.4500,7.4500,2223800,16582398.0000,3
2025-09-16,20250916135500000,sh.601398,7.4600,7.4700,7.4500,7.4600,1935700,14436482.0000,3
2025-09-16,20250916140000000,sh.601398,7.4600,7.4600,7.4500,7.4600,1272700,9489155.0000,3
2025-09-16,20250916140500000,sh.601398,7.4600,7.4600,7.4400,7.4400,7443700,55440385.0000,3
2025-09-16,20250916141000000,sh.601398,7.4400,7.4500,7.4300,7.4400,4762300,35419141.0000,3
2025-09-16,20250916141500000,sh.601398,7.4400,7.4500,7.4300,7.4400,4317300,32111615.0000,3
2025-09-16,20250916142000000,sh.601398,7.4400,7.4500,7.4300,7.4300,3115900,23178868.0000,3
2025-09-16,20250916142500000,sh.601398,7.4400,7.4400,7.4300,7.4300,5344600,39725440.0000,3
2025-09-16,20250916143000000,sh.601398,7.4400,7.4400,7.4300,7.4300,2913000,21661958.0000,3
2025-09-16,20250916143500000,sh.601398,7.4400,7.4400,7.4300,7.4400,2229500,16580866.0000,3
2025-09-16,20250916144000000,sh.601398,7.4400,7.4400,7.4200,7.4300,12090400,89836804.0000,3
2025-09-16,20250916144500000,sh.601398,7.4300,7.4400,7.4200,7.4300,4446600,33033979.0000,3
2025-09-16,20250916145000000,sh.601398,7.4300,7.4400,7.4300,7.4300,5366300,39896577.0000,3
2025-09-16,20250916145500000,sh.601398,7.4300,7.4400,7.4300,7.4400,10659100,79264640.0000,3
2025-09-16,20250916150000000,sh.601398,7.4400,7.4500,7.4300,7.4500,8087800,60209784.0000,3
2025-09-17,20250917093500000,sh.601398,7.4200,7.4500,7.4200,7.4400,18110500,134543776.0000,3
2025-09-17,20250917094000000,sh.601398,7.4400,7.4500,7.4200,7.4300,11700900,86964304.0000,3
2025-09-17,20250917094500000,sh.601398,7.4300,7.4400,7.4200,7.4300,4859800,36099232.0000,3
2025-09-17,20250917095000000,sh.601398,7.4300,7.4300,7.4100,7.4100,12257200,90933936.0000,3
2025-09-17,20250917095500000,sh.601398,7.4200,7.4200,7.4000,7.4100,16337500,121010944.0000,3
2025-09-17,20250917100000000,sh.601398,7.4000,7.4200,7.4000,7.4200,8355900,61882208.0000,3
2025-09-17,20250917100500000,sh.601398,7.4200,7.4200,7.4000,7.4100,10114500,74938721.0000,3
2025-09-17,20250917101000000,sh.601398,7.4100,7.4200,7.4100,7.4100,2547500,18883708.0000,3
2025-09-17,20250917101500000,sh.601398,7.4100,7.4200,7.4100,7.4100,2497900,18514689.0000,3
2025-09-17,20250917102000000,sh.601398,7.4200,7.4200,7.4100,7.4100,2522800,18700732.0000,3
2025-09-17,20250917102500000,sh.601398,7.4100,7.4200,7.4100,7.4200,2654800,19693066.0000,3
2025-09-17,20250917103000000,sh.601398,7.4200,7.4300,7.4100,7.4200,4668000,34652986.0000,3
2025-09-17,20250917103500000,sh.601398,7.4300,7.4400,7.4200,7.4400,1994400,14827386.0000,3
2025-09-17,20250917104000000,sh.601398,7.4300,7.4400,7.4300,7.4400,4211600,31304773.0000,3
2025-09-17,20250917104500000,sh.601398,7.4300,7.4400,7.4200,7.4300,4689000,34829374.0000,3
2025-09-17,20250917105000000,sh.601398,7.4200,7.4300,7.4200,7.4300,1340800,9956999.0000,3
2025-09-17,20250917105500000,sh.601398,7.4300,7.4400,7.4200,7.4400,4587600,34099896.0000,3
2025-09-17,20250917110000000,sh.601398,7.4300,7.4400,7.4300,7.4400,3838000,28550529.0000,3
2025-09-17,20250917110500000,sh.601398,7.4400,7.4400,7.4200,7.4300,6316900,46930883.0000,3
2025-09-17,20250917111000000,sh.601398,7.4300,7.4300,7.4200,7.4200,3421500,25404284.0000,3
2025-09-17,20250917111500000,sh.601398,7.4300,7.4300,7.4200,7.4200,2521900,18727177.0000,3
2025-09-17,20250917112000000,sh.601398,7.4300,7.4400,7.4200,7.4400,3357500,24943797.0000,3
2025-09-17,20250917112500000,sh.601398,7.4400,7.4400,7.4300,7.4300,2772100,20618181.0000,3
2025-09-17,20250917113000000,sh.601398,7.4400,7.4500,7.4300,7.4400,4390700,32686011.0000,3
2025-09-17,20250917130500000,sh.601398,7.4500,7.4500,7.4300,7.4400,9112500,67795265.0000,3
2025-09-17,20250917131000000,sh.601398,7.4400,7.4500,7.4300,7.4500,2179800,16228238.0000,3
2025-09-17,20250917131500000,sh.601398,7.4500,7.4600,7.4400,7.4500,10784700,80343924.0000,3
2025-09-17,20250917132000000,sh.601398,7.4500,7.4500,7.4400,7.4500,1461800,10887563.0000,3
2025-09-17,20250917132500000,sh.601398,7.4400,7.4500,7.4300,7.4400,4905600,36501630.0000,3
2025-09-17,20250917133000000,sh.601398,7.4500,7.4500,7.4400,7.4500,2216400,16508660.0000,3
2025-09-17,20250917133500000,sh.601398,7.4500,7.4500,7.4400,7.4500,1313300,9779456.0000,3
2025-09-17,20250917134000000,sh.601398,7.4400,7.4500,7.4400,7.4500,1619200,12057736.0000,3
2025-09-17,20250917134500000,sh.601398,7.4500,7.4600,7.4400,7.4500,5365200,39969656.0000,3
2025-09-17,20250917135000000,sh.601398,7.4600,7.4600,7.4500,7.4500,2801800,20885900.0000,3
2025-09-17,20250917135500000,sh.601398,7.4500,7.4600,7.4400,7.4500,6398900,47683324.0000,3
2025-09-17,20250917140000000,sh.601398,7.4500,7.4500,7.4400,7.4500,2908600,21664376.0000,3
2025-09-17,20250917140500000,sh.601398,7.4500,7.4600,7.4400,7.4600,2282700,17011076.0000,3
2025-09-17,20250917141000000,sh.601398,7.4600,7.4600,7.4500,7.4500,1361400,10152324.0000,3
2025-09-17,20250917141500000,sh.601398,7.4600,7.4600,7.4500,7.4500,2081800,15519364.0000,3
2025-09-17,20250917142000000,sh.601398,7.4500,7.4600,7.4500,7.4500,2113000,15755007.0000,3
2025-09-17,20250917142500000,sh.601398,7.4500,7.4600,7.4400,7.4500,14680100,109368317.0000,3
2025-09-17,20250917143000000,sh.601398,7.4500,7.4600,7.4400,7.4500,4543400,33841537.0000,3
2025-09-17,20250917143500000,sh.601398,7.4500,7.4500,7.4400,7.4400,3081700,22942975.0000,3
2025-09-17,20250917144000000,sh.601398,7.4500,7.4500,7.4400,7.4400,2461300,18324610.0000,3
2025-09-17,20250917144500000,sh.601398,7.4500,7.4500,7.4400,7.4400,6387800,47581942.0000,3
2025-09-17,20250917145000000,sh.601398,7.4400,7.4500,7.4400,7.4500,2751700,20492936.0000,3
2025-09-17,20250917145500000,sh.601398,7.4500,7.4500,7.4400,7.4400,5213700,38829056.0000,3
2025-09-17,20250917150000000,sh.601398,7.4400,7.4600,7.4400,7.4600,9488500,70754808.0000,3
2025-09-18,20250918093500000,sh.601398,7.4500,7.4600,7.4400,7.4500,12111500,90215408.0000,3
2025-09-18,20250918094000000,sh.601398,7.4300,7.4500,7.4200,7.4500,8733200,64958128.0000,3
2025-09-18,20250918094500000,sh.601398,7.4500,7.4600,7.4400,7.4400,5751900,42825936.0000,3
2025-09-18,20250918095000000,sh.601398,7.4400,7.4500,7.4300,7.4400,4769600,35483424.0000,3
2025-09-18,20250918095500000,sh.601398,7.4400,7.4500,7.4300,7.4300,6226300,46290000.0000,3
2025-09-18,20250918100000000,sh.601398,7.4300,7.4400,7.4200,7.4300,4706500,34967168.0000,3
2025-09-18,20250918100500000,sh.601398,7.4300,7.4300,7.4200,7.4200,4532900,33669120.0000,3
2025-09-18,20250918101000000,sh.601398,7.4300,7.4400,7.4200,7.4400,4720900,35099808.0000,3
2025-09-18,20250918101500000,sh.601398,7.4400,7.4400,7.4200,7.4400,6123600,45508512.0000,3
2025-09-18,20250918102000000,sh.601398,7.4300,7.4400,7.4300,7.4300,5948100,44224768.0000,3
2025-09-18,20250918102500000,sh.601398,7.4400,7.4400,7.4100,7.4200,15569100,115536474.0000,3
2025-09-18,20250918103000000,sh.601398,7.4200,7.4200,7.4000,7.4100,22268500,164971134.0000,3
2025-09-18,20250918103500000,sh.601398,7.4000,7.4100,7.3900,7.4000,22551100,166851328.0000,3
2025-09-18,20250918104000000,sh.601398,7.4000,7.4100,7.3900,7.4000,7003100,51810944.0000,3
2025-09-18,20250918104500000,sh.601398,7.3900,7.4000,7.3800,7.3900,17889500,132229639.0000,3
2025-09-18,20250918105000000,sh.601398,7.3900,7.3900,7.3800,7.3900,7662000,56572295.0000,3
2025-09-18,20250918105500000,sh.601398,7.3900,7.3900,7.3700,7.3700,15420800,113793526.0000,3
2025-09-18,20250918110000000,sh.601398,7.3800,7.3900,7.3700,7.3800,7822100,57710470.0000,3
2025-09-18,20250918110500000,sh.601398,7.3900,7.3900,7.3700,7.3800,5429700,40063612.0000,3
2025-09-18,20250918111000000,sh.601398,7.3700,7.3800,7.3700,7.3700,6885500,50763906.0000,3
2025-09-18,20250918111500000,sh.601398,7.3800,7.3800,7.3700,7.3800,5820700,42952836.0000,3
2025-09-18,20250918112000000,sh.601398,7.3800,7.3900,7.3700,7.3800,3545000,26156152.0000,3
2025-09-18,20250918112500000,sh.601398,7.3900,7.3900,7.3800,7.3900,1690500,12484990.0000,3
2025-09-18,20250918113000000,sh.601398,7.3800,7.3900,7.3700,7.3700,8268800,61007106.0000,3
2025-09-18,20250918130500000,sh.601398,7.3800,7.3800,7.3500,7.3600,30375100,223738244.0000,3
2025-09-18,20250918131000000,sh.601398,7.3600,7.3700,7.3500,7.3700,8041300,59182976.0000,3
2025-09-18,20250918131500000,sh.601398,7.3700,7.3700,7.3500,7.3700,8676200,63870208.0000,3
2025-09-18,20250918132000000,sh.601398,7.3600,7.3800,7.3600,7.3700,4229800,31162488.0000,3
2025-09-18,20250918132500000,sh.601398,7.3800,7.3800,7.3600,7.3600,6174400,45509632.0000,3
2025-09-18,20250918133000000,sh.601398,7.3700,7.3700,7.3600,7.3700,7554000,55629320.0000,3
2025-09-18,20250918133500000,sh.601398,7.3600,7.3600,7.3500,7.3600,10542200,77533952.0000,3
2025-09-18,20250918134000000,sh.601398,7.3600,7.3600,7.3300,7.3400,25833100,189755136.0000,3
2025-09-18,20250918134500000,sh.601398,7.3400,7.3500,7.3300,7.3400,7076600,51935232.0000,3
2025-09-18,20250918135000000,sh.601398,7.3400,7.3400,7.3300,7.3400,5672200,41615104.0000,3
2025-09-18,20250918135500000,sh.601398,7.3300,7.3400,7.3300,7.3300,9808600,71939072.0000,3
2025-09-18,20250918140000000,sh.601398,7.3400,7.3400,7.3200,7.3200,16069000,117748736.0000,3
2025-09-18,20250918140500000,sh.601398,7.3200,7.3300,7.3200,7.3300,12210600,89410560.0000,3
2025-09-18,20250918141000000,sh.601398,7.3200,7.3300,7.3200,7.3200,13676500,100147968.0000,3
2025-09-18,20250918141500000,sh.601398,7.3200,7.3200,7.3000,7.3200,25449400,186069248.0000,3
2025-09-18,20250918142000000,sh.601398,7.3200,7.3200,7.3100,7.3100,9427000,68943872.0000,3
2025-09-18,20250918142500000,sh.601398,7.3100,7.3200,7.3100,7.3200,9747700,71283200.0000,3
2025-09-18,20250918143000000,sh.601398,7.3100,7.3200,7.3000,7.3200,20600900,150621184.0000,3
2025-09-18,20250918143500000,sh.601398,7.3200,7.3200,7.3100,7.3100,7081100,51792640.0000,3
2025-09-18,20250918144000000,sh.601398,7.3100,7.3200,7.3000,7.3000,12211500,89270784.0000,3
2025-09-18,20250918144500000,sh.601398,7.3100,7.3100,7.2900,7.3000,21412200,156299264.0000,3
2025-09-18,20250918145000000,sh.601398,7.2900,7.3000,7.2800,7.2800,17565900,128016640.0000,3
2025-09-18,20250918145500000,sh.601398,7.2900,7.3000,7.2800,7.2900,14437600,105296384.0000,3
2025-09-18,20250918150000000,sh.601398,7.3000,7.3000,7.2800,7.2900,14456900,105390080.0000,3
2025-09-19,20250919093500000,sh.601398,7.2800,7.2800,7.2000,7.2400,38745000,280449088.0000,3
2025-09-19,20250919094000000,sh.601398,7.2500,7.2600,7.2200,7.2500,23603200,170790400.0000,3
2025-09-19,20250919094500000,sh.601398,7.2400,7.2600,7.2300,7.2600,12542500,90924352.0000,3
2025-09-19,20250919095000000,sh.601398,7.2500,7.2600,7.2300,7.2300,11786000,85387200.0000,3
2025-09-19,20250919095500000,sh.601398,7.2400,7.2500,7.2300,7.2300,6141700,44438471.0000,3
2025-09-19,20250919100000000,sh.601398,7.2400,7.2400,7.2300,7.2300,4938500,35734645.0000,3
2025-09-19,20250919100500000,sh.601398,7.2300,7.2400,7.2000,7.2100,20789900,149994815.0000,3
2025-09-19,20250919101000000,sh.601398,7.2000,7.2100,7.1800,7.1800,24065000,173233222.0000,3
2025-09-19,20250919101500000,sh.601398,7.1800,7.1900,7.1500,7.1500,25480300,182603903.0000,3
2025-09-19,20250919102000000,sh.601398,7.1500,7.1600,7.1500,7.1500,19842900,141999360.0000,3
2025-09-19,20250919102500000,sh.601398,7.1600,7.1600,7.1500,7.1500,8288900,59322624.0000,3
2025-09-19,20250919103000000,sh.601398,7.1500,7.1600,7.1200,7.1200,26752500,191069440.0000,3
2025-09-19,20250919103500000,sh.601398,7.1300,7.1500,7.1200,7.1300,19833500,141427712.0000,3
2025-09-19,20250919104000000,sh.601398,7.1300,7.1400,7.1300,7.1300,9493900,67751296.0000,3
2025-09-19,20250919104500000,sh.601398,7.1400,7.1400,7.1300,7.1300,11799800,84171648.0000,3
2025-09-19,20250919105000000,sh.601398,7.1400,7.1500,7.1300,7.1400,10316200,73664512.0000,3
2025-09-19,20250919105500000,sh.601398,7.1400,7.1800,7.1400,7.1800,14660400,105066241.0000,3
2025-09-19,20250919110000000,sh.601398,7.1800,7.1800,7.1700,7.1700,5487800,39380343.0000,3
2025-09-19,20250919110500000,sh.601398,7.1800,7.1800,7.1700,7.1700,4681400,33584132.0000,3
2025-09-19,20250919111000000,sh.601398,7.1800,7.1900,7.1700,7.1700,5971200,42877181.0000,3
2025-09-19,20250919111500000,sh.601398,7.1700,7.1900,7.1600,7.1800,6374900,45718029.0000,3
2025-09-19,20250919112000000,sh.601398,7.1900,7.2000,7.1800,7.1900,6210500,44654846.0000,3
2025-09-19,20250919112500000,sh.601398,7.1900,7.2000,7.1800,7.1900,3747700,26959356.0000,3
2025-09-19,20250919113000000,sh.601398,7.2000,7.2200,7.1900,7.2200,10328600,74479352.0000,3
2025-09-19,20250919130500000,sh.601398,7.2200,7.2300,7.2100,7.2200,11079000,79980552.0000,3
2025-09-19,20250919131000000,sh.601398,7.2300,7.2300,7.1900,7.1900,6758400,48751360.0000,3
2025-09-19,20250919131500000,sh.601398,7.2000,7.2200,7.1900,7.2100,8112900,58458112.0000,3
2025-09-19,20250919132000000,sh.601398,7.2100,7.2300,7.2100,7.2100,5743500,41480192.0000,3
2025-09-19,20250919132500000,sh.601398,7.2100,7.2200,7.2000,7.2000,2432500,17531390.0000,3
2025-09-19,20250919133000000,sh.601398,7.2000,7.2200,7.2000,7.2200,6656500,47983618.0000,3
2025-09-19,20250919133500000,sh.601398,7.2200,7.2300,7.2100,7.2200,7181100,51854592.0000,3
2025-09-19,20250919134000000,sh.601398,7.2300,7.2400,7.2100,7.2400,7527200,54415360.0000,3
2025-09-19,20250919134500000,sh.601398,7.2400,7.2400,7.2300,7.2300,4652200,33649408.0000,3
2025-09-19,20250919135000000,sh.601398,7.2400,7.2400,7.2200,7.2300,5497400,39758592.0000,3
2025-09-19,20250919135500000,sh.601398,7.2400,7.2400,7.2200,7.2200,2878500,20813056.0000,3
2025-09-19,20250919140000000,sh.601398,7.2300,7.2500,7.2300,7.2400,7004800,50706432.0000,3
2025-09-19,20250919140500000,sh.601398,7.2400,7.2600,7.2400,7.2500,5399200,39142400.0000,3
2025-09-19,20250919141000000,sh.601398,7.2500,7.2600,7.2300,7.2300,6895900,49958144.0000,3
2025-09-19,20250919141500000,sh.601398,7.2300,7.2400,7.2300,7.2300,2145100,15516672.0000,3
2025-09-19,20250919142000000,sh.601398,7.2400,7.2400,7.2300,7.2300,2360600,17080064.0000,3
2025-09-19,20250919142500000,sh.601398,7.2400,7.2400,7.2300,7.2400,2613600,18909696.0000,3
2025-09-19,20250919143000000,sh.601398,7.2300,7.2400,7.2300,7.2300,4522000,32719616.0000,3
2025-09-19,20250919143500000,sh.601398,7.2400,7.2500,7.2300,7.2500,5857900,42403584.0000,3
2025-09-19,20250919144000000,sh.601398,7.2400,7.2500,7.2400,7.2500,2907000,21064192.0000,3
2025-09-19,20250919144500000,sh.601398,7.2500,7.2600,7.2400,7.2500,8241300,59729408.0000,3
2025-09-19,20250919145000000,sh.601398,7.2500,7.2600,7.2400,7.2500,6465800,46880000.0000,3
2025-09-19,20250919145500000,sh.601398,7.2500,7.2500,7.2400,7.2400,4543800,32914432.0000,3
2025-09-19,20250919150000000,sh.601398,7.2400,7.2500,7.2000,7.2000,21351300,153822208.0000,3
2025-09-22,20250922093500000,sh.601398,7.2000,7.2300,7.1600,7.2300,26875500,193214976.0000,3
2025-09-22,20250922094000000,sh.601398,7.2300,7.2300,7.1900,7.2000,10780600,77738592.0000,3
2025-09-22,20250922094500000,sh.601398,7.2000,7.2200,7.2000,7.2000,8425900,60734496.0000,3
2025-09-22,20250922095000000,sh.601398,7.2100,7.2500,7.2000,7.2400,13811800,99829120.0000,3
2025-09-22,20250922095500000,sh.601398,7.2500,7.2500,7.2300,7.2400,9643800,69820320.0000,3
2025-09-22,20250922100000000,sh.601398,7.2400,7.2400,7.2100,7.2200,4873600,35206592.0000,3
2025-09-22,20250922100500000,sh.601398,7.2200,7.2300,7.2100,7.2100,4303600,31073695.0000,3
2025-09-22,20250922101000000,sh.601398,7.2200,7.2200,7.2000,7.2200,5600000,40371201.0000,3
2025-09-22,20250922101500000,sh.601398,7.2100,7.2200,7.2000,7.2100,3447400,24847815.0000,3
2025-09-22,20250922102000000,sh.601398,7.2100,7.2200,7.2000,7.2200,6802700,49034809.0000,3
2025-09-22,20250922102500000,sh.601398,7.2100,7.2200,7.2000,7.2100,2075500,14966656.0000,3
2025-09-22,20250922103000000,sh.601398,7.2100,7.2100,7.2000,7.2100,2072900,14933308.0000,3
2025-09-22,20250922103500000,sh.601398,7.2100,7.2200,7.2000,7.2200,5167200,37247298.0000,3
2025-09-22,20250922104000000,sh.601398,7.2200,7.2200,7.1900,7.1900,3918700,28228354.0000,3
2025-09-22,20250922104500000,sh.601398,7.2000,7.2100,7.1900,7.2100,4583900,32981886.0000,3
2025-09-22,20250922105000000,sh.601398,7.2100,7.2100,7.1900,7.2000,2839400,20447106.0000,3
2025-09-22,20250922105500000,sh.601398,7.2000,7.2000,7.1900,7.1900,2250100,16189440.0000,3
2025-09-22,20250922110000000,sh.601398,7.1900,7.2000,7.1800,7.2000,3669400,26377728.0000,3
2025-09-22,20250922110500000,sh.601398,7.2000,7.2000,7.1800,7.2000,2952900,21237507.0000,3
2025-09-22,20250922111000000,sh.601398,7.2000,7.2000,7.1900,7.2000,2893300,20817469.0000,3
2025-09-22,20250922111500000,sh.601398,7.1900,7.2000,7.1900,7.2000,2344300,16863683.0000,3
2025-09-22,20250922112000000,sh.601398,7.2000,7.2000,7.1900,7.2000,2218400,15959157.0000,3
2025-09-22,20250922112500000,sh.601398,7.1900,7.2000,7.1900,7.1900,1755200,12623757.0000,3
2025-09-22,20250922113000000,sh.601398,7.2000,7.2100,7.1900,7.2100,4129200,29744699.0000,3
2025-09-22,20250922130500000,sh.601398,7.2100,7.2300,7.2100,7.2200,9060600,65390790.0000,3
2025-09-22,20250922131000000,sh.601398,7.2300,7.2300,7.2200,7.2300,3916500,28300280.0000,3
2025-09-22,20250922131500000,sh.601398,7.2300,7.2400,7.2300,7.2300,9260300,67010938.0000,3
2025-09-22,20250922132000000,sh.601398,7.2400,7.2400,7.2200,7.2300,5072800,36689664.0000,3
2025-09-22,20250922132500000,sh.601398,7.2300,7.2300,7.2100,7.2100,2679500,19349130.0000,3
2025-09-22,20250922133000000,sh.601398,7.2200,7.2200,7.2100,7.2100,2475800,17861116.0000,3
2025-09-22,20250922133500000,sh.601398,7.2100,7.2200,7.2100,7.2100,4436000,31994749.0000,3
2025-09-22,20250922134000000,sh.601398,7.2100,7.2200,7.2000,7.2000,3704200,26695429.0000,3
2025-09-22,20250922134500000,sh.601398,7.2100,7.2100,7.1900,7.2000,12249400,88146688.0000,3
2025-09-22,20250922135000000,sh.601398,7.1900,7.2000,7.1800,7.1900,3973800,28557824.0000,3
2025-09-22,20250922135500000,sh.601398,7.1900,7.2000,7.1800,7.1900,6644800,47748231.0000,3
2025-09-22,20250922140000000,sh.601398,7.1900,7.2000,7.1900,7.1900,3219100,23156466.0000,3
2025-09-22,20250922140500000,sh.601398,7.1900,7.2000,7.1800,7.2000,4323000,31088129.0000,3
2025-09-22,20250922141000000,sh.601398,7.1900,7.2000,7.1900,7.1900,3170900,22806412.0000,3
2025-09-22,20250922141500000,sh.601398,7.1900,7.2000,7.1800,7.1900,5427800,39022204.0000,3
2025-09-22,20250922142000000,sh.601398,7.1800,7.2000,7.1800,7.2000,3124700,22469893.0000,3
2025-09-22,20250922142500000,sh.601398,7.2000,7.2000,7.1800,7.2000,2959400,21279993.0000,3
2025-09-22,20250922143000000,sh.601398,7.1900,7.2000,7.1800,7.2000,4036100,29032440.0000,3
2025-09-22,20250922143500000,sh.601398,7.1900,7.2000,7.1900,7.1900,5151500,37066253.0000,3
2025-09-22,20250922144000000,sh.601398,7.1900,7.2000,7.1900,7.1900,5326700,38323835.0000,3
2025-09-22,20250922144500000,sh.601398,7.2000,7.2000,7.1800,7.1800,10815400,77732476.0000,3
2025-09-22,20250922145000000,sh.601398,7.1900,7.1900,7.1700,7.1800,8743100,62757246.0000,3
2025-09-22,20250922145500000,sh.601398,7.1700,7.1900,7.1700,7.1900,10025500,72009729.0000,3
2025-09-22,20250922150000000,sh.601398,7.1900,7.1900,7.1800,7.1800,7856900,56435465.0000,3
2025-09-23,20250923093500000,sh.601398,7.1600,7.1800,7.1300,7.1500,25603100,183120432.0000,3
2025-09-23,20250923094000000,sh.601398,7.1500,7.2100,7.1500,7.2100,17022200,122210800.0000,3
2025-09-23,20250923094500000,sh.601398,7.2100,7.2600,7.1900,7.2600,28974200,209513824.0000,3
2025-09-23,20250923095000000,sh.601398,7.2600,7.3100,7.2600,7.3100,46483900,338696312.0000,3
2025-09-23,20250923095500000,sh.601398,7.3100,7.3400,7.3100,7.3300,44643100,327121160.0000,3
2025-09-23,20250923100000000,sh.601398,7.3400,7.3400,7.3100,7.3100,29096800,213194240.0000,3
2025-09-23,20250923100500000,sh.601398,7.3200,7.3500,7.3100,7.3500,32626600,239419904.0000,3
2025-09-23,20250923101000000,sh.601398,7.3500,7.3600,7.3300,7.3400,21254300,156207616.0000,3
2025-09-23,20250923101500000,sh.601398,7.3400,7.3500,7.3200,7.3300,12802600,93856256.0000,3
2025-09-23,20250923102000000,sh.601398,7.3400,7.3700,7.3400,7.3600,25871900,190278656.0000,3
2025-09-23,20250923102500000,sh.601398,7.3700,7.3800,7.3500,7.3600,16390100,120750080.0000,3
2025-09-23,20250923103000000,sh.601398,7.3600,7.3700,7.3500,7.3600,10694400,78761728.0000,3
2025-09-23,20250923103500000,sh.601398,7.3700,7.3700,7.3400,7.3400,7089100,52109056.0000,3
2025-09-23,20250923104000000,sh.601398,7.3400,7.3700,7.3300,7.3600,14942300,109825792.0000,3
2025-09-23,20250923104500000,sh.601398,7.3600,7.3700,7.3600,7.3700,7324500,53940224.0000,3
2025-09-23,20250923105000000,sh.601398,7.3600,7.3800,7.3500,7.3700,17041900,125525248.0000,3
2025-09-23,20250923105500000,sh.601398,7.3700,7.3900,7.3700,7.3800,18088600,133480192.0000,3
2025-09-23,20250923110000000,sh.601398,7.3700,7.4000,7.3700,7.4000,35609300,263229440.0000,3
2025-09-23,20250923110500000,sh.601398,7.3900,7.3900,7.3700,7.3800,13833900,102146816.0000,3
2025-09-23,20250923111000000,sh.601398,7.3800,7.3900,7.3600,7.3800,5736100,42299648.0000,3
2025-09-23,20250923111500000,sh.601398,7.3800,7.3800,7.3600,7.3700,3124200,23029248.0000,3
2025-09-23,20250923112000000,sh.601398,7.3700,7.3800,7.3600,7.3700,3306200,24366336.0000,3
2025-09-23,20250923112500000,sh.601398,7.3700,7.3800,7.3600,7.3700,3853100,28407040.0000,3
2025-09-23,20250923113000000,sh.601398,7.3700,7.3900,7.3700,7.3900,8482800,62618368.0000,3
2025-09-23,20250923130500000,sh.601398,7.3900,7.3900,7.3700,7.3800,9962300,73543168.0000,3
2025-09-23,20250923131000000,sh.601398,7.3800,7.3900,7.3700,7.3800,6348800,46876416.0000,3
2025-09-23,20250923131500000,sh.601398,7.3900,7.3900,7.3600,7.3700,6619200,48815360.0000,3
2025-09-23,20250923132000000,sh.601398,7.3700,7.3900,7.3700,7.3700,4615000,34056960.0000,3
2025-09-23,20250923132500000,sh.601398,7.3800,7.3800,7.3600,7.3800,5717400,42165248.0000,3
2025-09-23,20250923133000000,sh.601398,7.3800,7.3800,7.3700,7.3800,4978600,36719616.0000,3
2025-09-23,20250923133500000,sh.601398,7.3700,7.3900,7.3700,7.3900,5671600,41882624.0000,3
2025-09-23,20250923134000000,sh.601398,7.3800,7.4000,7.3800,7.3900,8120100,59986944.0000,3
2025-09-23,20250923134500000,sh.601398,7.3900,7.4000,7.3900,7.3900,3788000,28014080.0000,3
2025-09-23,20250923135000000,sh.601398,7.3900,7.4000,7.3800,7.3900,9567600,70722304.0000,3
2025-09-23,20250923135500000,sh.601398,7.3900,7.4000,7.3800,7.3900,10531600,77826560.0000,3
2025-09-23,20250923140000000,sh.601398,7.3900,7.4000,7.3800,7.4000,5688600,42053888.0000,3
2025-09-23,20250923140500000,sh.601398,7.4000,7.4000,7.3900,7.4000,16597600,122816000.0000,3
2025-09-23,20250923141000000,sh.601398,7.4000,7.4100,7.3900,7.4000,4712000,34889216.0000,3
2025-09-23,20250923141500000,sh.601398,7.4100,7.4100,7.3900,7.4000,12094600,89550592.0000,3
2025-09-23,20250923142000000,sh.601398,7.4000,7.4000,7.3900,7.3900,3870500,28631808.0000,3
2025-09-23,20250923142500000,sh.601398,7.4000,7.4000,7.3900,7.3900,5162800,38190080.0000,3
2025-09-23,20250923143000000,sh.601398,7.4000,7.4000,7.3700,7.3800,11546800,85298688.0000,3
2025-09-23,20250923143500000,sh.601398,7.3800,7.3900,7.3700,7.3900,4900800,36185600.0000,3
2025-09-23,20250923144000000,sh.601398,7.3800,7.3900,7.3800,7.3800,3798300,28056064.0000,3
2025-09-23,20250923144500000,sh.601398,7.3900,7.3900,7.3800,7.3800,5728000,42312704.0000,3
2025-09-23,20250923145000000,sh.601398,7.3800,7.3900,7.3800,7.3900,9234900,68228096.0000,3
2025-09-23,20250923145500000,sh.601398,7.3800,7.4000,7.3800,7.4000,11125500,82252288.0000,3
2025-09-23,20250923150000000,sh.601398,7.3900,7.4000,7.3900,7.4000,8549800,63243264.0000,3
2025-09-24,20250924093500000,sh.601398,7.3900,7.4300,7.3700,7.4200,28559200,211583472.0000,3
2025-09-24,20250924094000000,sh.601398,7.4200,7.4400,7.3800,7.3900,30166400,223568816.0000,3
2025-09-24,20250924094500000,sh.601398,7.3700,7.4400,7.3700,7.4400,24379600,180652888.0000,3
2025-09-24,20250924095000000,sh.601398,7.4400,7.4900,7.4200,7.4900,41160100,307271688.0000,3
2025-09-24,20250924095500000,sh.601398,7.4900,7.5000,7.4700,7.5000,21384100,160105984.0000,3
2025-09-24,20250924100000000,sh.601398,7.5000,7.5200,7.4900,7.5000,32194100,241579136.0000,3
2025-09-24,20250924100500000,sh.601398,7.5000,7.5200,7.4900,7.5200,19795000,148680960.0000,3
2025-09-24,20250924101000000,sh.601398,7.5200,7.5300,7.5100,7.5200,13865300,104300928.0000,3
2025-09-24,20250924101500000,sh.601398,7.5300,7.5300,7.4900,7.5100,17705700,132902912.0000,3
2025-09-24,20250924102000000,sh.601398,7.5100,7.5300,7.4700,7.4700,18685800,140347904.0000,3
2025-09-24,20250924102500000,sh.601398,7.4800,7.4800,7.4500,7.4500,9922500,74118396.0000,3
2025-09-24,20250924103000000,sh.601398,7.4500,7.4500,7.4200,7.4300,13232000,98387972.0000,3
2025-09-24,20250924103500000,sh.601398,7.4300,7.4400,7.4100,7.4200,14948200,110985344.0000,3
2025-09-24,20250924104000000,sh.601398,7.4300,7.4400,7.4200,7.4300,8484900,63015808.0000,3
2025-09-24,20250924104500000,sh.601398,7.4300,7.4300,7.4100,7.4200,6832100,50691328.0000,3
2025-09-24,20250924105000000,sh.601398,7.4200,7.4200,7.4100,7.4200,4774700,35393280.0000,3
2025-09-24,20250924105500000,sh.601398,7.4100,7.4200,7.4000,7.4000,7121100,52765696.0000,3
2025-09-24,20250924110000000,sh.601398,7.4100,7.4200,7.4000,7.4100,6771200,50166016.0000,3
2025-09-24,20250924110500000,sh.601398,7.4000,7.4000,7.3900,7.4000,11418200,84444928.0000,3
2025-09-24,20250924111000000,sh.601398,7.4000,7.4100,7.3900,7.4000,7019600,51963904.0000,3
2025-09-24,20250924111500000,sh.601398,7.4100,7.4200,7.4000,7.4100,5284200,39168256.0000,3
2025-09-24,20250924112000000,sh.601398,7.4100,7.4200,7.4000,7.4200,4727800,35028736.0000,3
2025-09-24,20250924112500000,sh.601398,7.4200,7.4200,7.4000,7.4000,3721000,27558144.0000,3
2025-09-24,20250924113000000,sh.601398,7.4100,7.4100,7.3900,7.4000,3299300,24427520.0000,3
2025-09-24,20250924130500000,sh.601398,7.4000,7.4200,7.3900,7.4200,10907600,80721408.0000,3
2025-09-24,20250924131000000,sh.601398,7.4200,7.4500,7.4100,7.4400,9109400,67682046.0000,3
2025-09-24,20250924131500000,sh.601398,7.4400,7.4600,7.4300,7.4400,4231600,31512066.0000,3
2025-09-24,20250924132000000,sh.601398,7.4500,7.4600,7.4400,7.4400,3504900,26107135.0000,3
2025-09-24,20250924132500000,sh.601398,7.4500,7.4500,7.4300,7.4300,2943600,21907713.0000,3
2025-09-24,20250924133000000,sh.601398,7.4300,7.4500,7.4300,7.4400,2496900,18581504.0000,3
2025-09-24,20250924133500000,sh.601398,7.4500,7.4600,7.4400,7.4500,3365800,25083143.0000,3
2025-09-24,20250924134000000,sh.601398,7.4600,7.4600,7.4400,7.4500,4932700,36735733.0000,3
2025-09-24,20250924134500000,sh.601398,7.4500,7.4500,7.4300,7.4300,5928500,44131845.0000,3
2025-09-24,20250924135000000,sh.601398,7.4400,7.4500,7.4300,7.4500,8026100,59660279.0000,3
2025-09-24,20250924135500000,sh.601398,7.4500,7.4500,7.4300,7.4400,7155200,53253120.0000,3
2025-09-24,20250924140000000,sh.601398,7.4400,7.4600,7.4400,7.4600,4838900,36062217.0000,3
2025-09-24,20250924140500000,sh.601398,7.4600,7.4800,7.4600,7.4700,10509500,78439935.0000,3
2025-09-24,20250924141000000,sh.601398,7.4700,7.4700,7.4500,7.4500,3903300,29108476.0000,3
2025-09-24,20250924141500000,sh.601398,7.4500,7.4600,7.4500,7.4500,2574200,19188230.0000,3
2025-09-24,20250924142000000,sh.601398,7.4500,7.4600,7.4500,7.4500,2706200,20174328.0000,3
2025-09-24,20250924142500000,sh.601398,7.4600,7.4600,7.4400,7.4500,3102500,23116032.0000,3
2025-09-24,20250924143000000,sh.601398,7.4500,7.4700,7.4400,7.4500,8297300,61867276.0000,3
2025-09-24,20250924143500000,sh.601398,7.4500,7.4700,7.4500,7.4500,7189100,53606386.0000,3
2025-09-24,20250924144000000,sh.601398,7.4500,7.4700,7.4500,7.4600,7005800,52230148.0000,3
2025-09-24,20250924144500000,sh.601398,7.4600,7.4700,7.4500,7.4600,9103200,67883266.0000,3
2025-09-24,20250924145000000,sh.601398,7.4500,7.4700,7.4500,7.4700,6347900,47372808.0000,3
2025-09-24,20250924145500000,sh.601398,7.4700,7.4800,7.4600,7.4700,21391700,159845114.0000,3
2025-09-24,20250924150000000,sh.601398,7.4700,7.4800,7.4600,7.4700,9182900,68607488.0000,3
2025-09-25,20250925093500000,sh.601398,7.4400,7.4600,7.3800,7.3800,34728000,257221456.0000,3
2025-09-25,20250925094000000,sh.601398,7.3700,7.3900,7.3700,7.3800,26009100,191874032.0000,3
2025-09-25,20250925094500000,sh.601398,7.3700,7.4000,7.3600,7.3600,15011200,110654008.0000,3
2025-09-25,20250925095000000,sh.601398,7.3600,7.4000,7.3600,7.4000,7706300,56889284.0000,3
2025-09-25,20250925095500000,sh.601398,7.4100,7.4100,7.3700,7.3800,6373600,47131582.0000,3
2025-09-25,20250925100000000,sh.601398,7.3700,7.3800,7.3700,7.3800,5281000,38955018.0000,3
2025-09-25,20250925100500000,sh.601398,7.3800,7.3800,7.3600,7.3700,5502500,40560309.0000,3
2025-09-25,20250925101000000,sh.601398,7.3600,7.3700,7.3400,7.3500,20355300,149680707.0000,3
2025-09-25,20250925101500000,sh.601398,7.3500,7.3600,7.3400,7.3400,10310800,75706251.0000,3
2025-09-25,20250925102000000,sh.601398,7.3400,7.3400,7.3100,7.3300,19747200,144640895.0000,3
2025-09-25,20250925102500000,sh.601398,7.3300,7.3300,7.3100,7.3200,7826200,57278842.0000,3
2025-09-25,20250925103000000,sh.601398,7.3100,7.3300,7.3100,7.3300,7196600,52658560.0000,3
2025-09-25,20250925103500000,sh.601398,7.3300,7.3300,7.3100,7.3200,6850100,50125820.0000,3
2025-09-25,20250925104000000,sh.601398,7.3100,7.3300,7.3100,7.3200,6769100,49562884.0000,3
2025-09-25,20250925104500000,sh.601398,7.3200,7.3300,7.3100,7.3200,7467900,54666240.0000,3
2025-09-25,20250925105000000,sh.601398,7.3200,7.3200,7.3100,7.3200,2808300,20539520.0000,3
2025-09-25,20250925105500000,sh.601398,7.3200,7.3200,7.3100,7.3200,3712900,27160320.0000,3
2025-09-25,20250925110000000,sh.601398,7.3100,7.3300,7.3100,7.3300,9429900,68998144.0000,3
2025-09-25,20250925110500000,sh.601398,7.3300,7.3300,7.3200,7.3300,3747600,27448962.0000,3
2025-09-25,20250925111000000,sh.601398,7.3300,7.3300,7.3200,7.3300,3520600,25779578.0000,3
2025-09-25,20250925111500000,sh.601398,7.3300,7.3500,7.3200,7.3400,6266400,45962762.0000,3
2025-09-25,20250925112000000,sh.601398,7.3500,7.3500,7.3200,7.3300,4111700,30142076.0000,3
2025-09-25,20250925112500000,sh.601398,7.3300,7.3300,7.3200,7.3200,1751800,12833913.0000,3
2025-09-25,20250925113000000,sh.601398,7.3300,7.3300,7.3200,7.3300,2306600,16898316.0000,3
2025-09-25,20250925130500000,sh.601398,7.3300,7.3400,7.3100,7.3200,7904100,57857913.0000,3
2025-09-25,20250925131000000,sh.601398,7.3300,7.3300,7.3200,7.3200,2713100,19871868.0000,3
2025-09-25,20250925131500000,sh.601398,7.3300,7.3300,7.3200,7.3200,2708900,19842180.0000,3
2025-09-25,20250925132000000,sh.601398,7.3300,7.3300,7.3200,7.3300,2569700,18824060.0000,3
2025-09-25,20250925132500000,sh.601398,7.3300,7.3400,7.3200,7.3300,3156100,23124228.0000,3
2025-09-25,20250925133000000,sh.601398,7.3300,7.3400,7.3200,7.3200,4507500,33039738.0000,3
2025-09-25,20250925133500000,sh.601398,7.3300,7.3400,7.3200,7.3400,4617900,33842949.0000,3
2025-09-25,20250925134000000,sh.601398,7.3400,7.3600,7.3300,7.3500,5714000,41964291.0000,3
2025-09-25,20250925134500000,sh.601398,7.3600,7.3700,7.3400,7.3600,3975600,29248766.0000,3
2025-09-25,20250925135000000,sh.601398,7.3600,7.3700,7.3500,7.3600,4804000,35351296.0000,3
2025-09-25,20250925135500000,sh.601398,7.3600,7.3600,7.3400,7.3500,3240700,23830016.0000,3
2025-09-25,20250925140000000,sh.601398,7.3500,7.3600,7.3400,7.3600,2497200,18363390.0000,3
2025-09-25,20250925140500000,sh.601398,7.3500,7.3700,7.3500,7.3600,2732600,20111490.0000,3
2025-09-25,20250925141000000,sh.601398,7.3700,7.3700,7.3500,7.3700,2674500,19691130.0000,3
2025-09-25,20250925141500000,sh.601398,7.3600,7.3800,7.3600,7.3700,4015800,29602313.0000,3
2025-09-25,20250925142000000,sh.601398,7.3700,7.3800,7.3700,7.3800,3313200,24442114.0000,3
2025-09-25,20250925142500000,sh.601398,7.3800,7.3800,7.3600,7.3700,3548100,26148083.0000,3
2025-09-25,20250925143000000,sh.601398,7.3700,7.3700,7.3600,7.3600,2075900,15293184.0000,3
2025-09-25,20250925143500000,sh.601398,7.3700,7.3800,7.3600,7.3700,4842300,35689986.0000,3
2025-09-25,20250925144000000,sh.601398,7.3800,7.3900,7.3700,7.3800,4744300,35006476.0000,3
2025-09-25,20250925144500000,sh.601398,7.3800,7.3900,7.3800,7.3900,3268400,24141306.0000,3
2025-09-25,20250925145000000,sh.601398,7.3800,7.3900,7.3800,7.3800,4888700,36090112.0000,3
2025-09-25,20250925145500000,sh.601398,7.3800,7.3800,7.3700,7.3800,6603900,48721414.0000,3
2025-09-25,20250925150000000,sh.601398,7.3800,7.3800,7.3700,7.3800,7815600,57674497.0000,3
2025-09-26,20250926093500000,sh.601398,7.3500,7.3800,7.3300,7.3300,16252300,119429048.0000,3
2025-09-26,20250926094000000,sh.601398,7.3200,7.3400,7.3000,7.3200,20834700,152456360.0000,3
2025-09-26,20250926094500000,sh.601398,7.3200,7.3500,7.3200,7.3300,12080200,88561888.0000,3
2025-09-26,20250926095000000,sh.601398,7.3400,7.3500,7.3300,7.3500,6111800,44859520.0000,3
2025-09-26,20250926095500000,sh.601398,7.3500,7.3700,7.3400,7.3700,8063300,59320864.0000,3
2025-09-26,20250926100000000,sh.601398,7.3700,7.3700,7.3400,7.3400,9320600,68571040.0000,3
2025-09-26,20250926100500000,sh.601398,7.3400,7.3500,7.3300,7.3400,3559000,26134203.0000,3
2025-09-26,20250926101000000,sh.601398,7.3400,7.3500,7.3200,7.3200,5435100,39869701.0000,3
2025-09-26,20250926101500000,sh.601398,7.3300,7.3700,7.3300,7.3500,7436500,54652928.0000,3
2025-09-26,20250926102000000,sh.601398,7.3500,7.3600,7.3400,7.3500,4112900,30245312.0000,3
2025-09-26,20250926102500000,sh.601398,7.3500,7.3600,7.3400,7.3400,4687000,34436473.0000,3
2025-09-26,20250926103000000,sh.601398,7.3400,7.3600,7.3400,7.3600,3208100,23576713.0000,3
2025-09-26,20250926103500000,sh.601398,7.3600,7.3600,7.3500,7.3600,2201800,16187390.0000,3
2025-09-26,20250926104000000,sh.601398,7.3500,7.3700,7.3500,7.3700,3400800,25031680.0000,3
2025-09-26,20250926104500000,sh.601398,7.3700,7.3700,7.3500,7.3600,2224400,16373575.0000,3
2025-09-26,20250926105000000,sh.601398,7.3600,7.3600,7.3400,7.3500,2828000,20787768.0000,3
2025-09-26,20250926105500000,sh.601398,7.3500,7.3600,7.3400,7.3600,2203100,16190529.0000,3
2025-09-26,20250926110000000,sh.601398,7.3500,7.3600,7.3400,7.3500,1438700,10573824.0000,3
2025-09-26,20250926110500000,sh.601398,7.3500,7.3500,7.3400,7.3500,3420500,25109186.0000,3
2025-09-26,20250926111000000,sh.601398,7.3400,7.3600,7.3400,7.3400,3845900,28262590.0000,3
2025-09-26,20250926111500000,sh.601398,7.3500,7.3500,7.3400,7.3500,1118000,8213880.0000,3
2025-09-26,20250926112000000,sh.601398,7.3400,7.3600,7.3400,7.3600,1373000,10095747.0000,3
2025-09-26,20250926112500000,sh.601398,7.3600,7.3600,7.3500,7.3600,1583300,11646341.0000,3
2025-09-26,20250926113000000,sh.601398,7.3500,7.3700,7.3500,7.3600,2859900,21051136.0000,3
2025-09-26,20250926130500000,sh.601398,7.3700,7.3800,7.3600,7.3800,7825400,57689734.0000,3
2025-09-26,20250926131000000,sh.601398,7.3700,7.3800,7.3600,7.3700,3535200,26052602.0000,3
2025-09-26,20250926131500000,sh.601398,7.3700,7.3700,7.3600,7.3700,2200100,16202232.0000,3
2025-09-26,20250926132000000,sh.601398,7.3700,7.3700,7.3600,7.3700,1887300,13896456.0000,3
2025-09-26,20250926132500000,sh.601398,7.3600,7.3800,7.3600,7.3700,3892200,28687490.0000,3
2025-09-26,20250926133000000,sh.601398,7.3700,7.3800,7.3600,7.3700,2321300,17108477.0000,3
2025-09-26,20250926133500000,sh.601398,7.3700,7.3900,7.3700,7.3800,6610500,48783229.0000,3
2025-09-26,20250926134000000,sh.601398,7.3900,7.4000,7.3800,7.3900,7332700,54193928.0000,3
2025-09-26,20250926134500000,sh.601398,7.4000,7.4100,7.3900,7.4100,8998900,66626428.0000,3
2025-09-26,20250926135000000,sh.601398,7.4100,7.4100,7.3800,7.3900,6638300,49132288.0000,3
2025-09-26,20250926135500000,sh.601398,7.3800,7.3900,7.3800,7.3900,1663000,12280709.0000,3
2025-09-26,20250926140000000,sh.601398,7.3900,7.4000,7.3800,7.3900,3950700,29201153.0000,3
2025-09-26,20250926140500000,sh.601398,7.4000,7.4000,7.3900,7.4000,2419800,17897586.0000,3
2025-09-26,20250926141000000,sh.601398,7.3900,7.4100,7.3900,7.4000,6553900,48507532.0000,3
2025-09-26,20250926141500000,sh.601398,7.4000,7.4100,7.3900,7.4100,4065200,30081140.0000,3
2025-09-26,20250926142000000,sh.601398,7.4100,7.4100,7.3900,7.4000,3155500,23350796.0000,3
2025-09-26,20250926142500000,sh.601398,7.4000,7.4100,7.3900,7.4000,4011700,29687932.0000,3
2025-09-26,20250926143000000,sh.601398,7.3900,7.4100,7.3900,7.4000,7154700,52982016.0000,3
2025-09-26,20250926143500000,sh.601398,7.4000,7.4100,7.3900,7.4000,9146400,67726208.0000,3
2025-09-26,20250926144000000,sh.601398,7.4100,7.4200,7.4000,7.4200,10312900,76434432.0000,3
2025-09-26,20250926144500000,sh.601398,7.4100,7.4200,7.4100,7.4100,8183600,60710400.0000,3
2025-09-26,20250926145000000,sh.601398,7.4100,7.4200,7.4100,7.4200,10802900,80099200.0000,3
2025-09-26,20250926145500000,sh.601398,7.4200,7.4200,7.4100,7.4100,8997500,66741632.0000,3
2025-09-26,20250926150000000,sh.601398,7.4100,7.4300,7.4100,7.4100,12097200,89699968.0000,3
2025-09-29,20250929093500000,sh.601398,7.3800,7.3900,7.3200,7.3200,24169600,177675680.0000,3
2025-09-29,20250929094000000,sh.601398,7.3300,7.3300,7.3000,7.3100,20846200,152453248.0000,3
2025-09-29,20250929094500000,sh.601398,7.3200,7.3500,7.3100,7.3500,11912100,87230944.0000,3
2025-09-29,20250929095000000,sh.601398,7.3500,7.3600,7.3200,7.3400,9512500,69795136.0000,3
2025-09-29,20250929095500000,sh.601398,7.3300,7.3500,7.3200,7.3500,12802900,93832004.0000,3
2025-09-29,20250929100000000,sh.601398,7.3500,7.3600,7.3400,7.3400,5230700,38440834.0000,3
2025-09-29,20250929100500000,sh.601398,7.3400,7.3600,7.3300,7.3400,6881500,50537209.0000,3
2025-09-29,20250929101000000,sh.601398,7.3400,7.3500,7.3100,7.3100,8883000,65085699.0000,3
2025-09-29,20250929101500000,sh.601398,7.3200,7.3300,7.3100,7.3100,8407100,61497090.0000,3
2025-09-29,20250929102000000,sh.601398,7.3200,7.3200,7.3100,7.3100,4539700,33206525.0000,3
2025-09-29,20250929102500000,sh.601398,7.3200,7.3200,7.3000,7.3100,17246300,126046584.0000,3
2025-09-29,20250929103000000,sh.601398,7.3100,7.3100,7.2800,7.2900,23054000,168188927.0000,3
2025-09-29,20250929103500000,sh.601398,7.2900,7.2900,7.2600,7.2900,16161300,117610752.0000,3
2025-09-29,20250929104000000,sh.601398,7.2800,7.2900,7.2700,7.2800,6266900,45605248.0000,3
2025-09-29,20250929104500000,sh.601398,7.2900,7.2900,7.2800,7.2900,3896700,28377225.0000,3
2025-09-29,20250929105000000,sh.601398,7.2800,7.2900,7.2800,7.2800,4964800,36152188.0000,3
2025-09-29,20250929105500000,sh.601398,7.2800,7.2900,7.2700,7.2900,3838000,27942267.0000,3
2025-09-29,20250929110000000,sh.601398,7.2800,7.2900,7.2800,7.2800,4803600,34994952.0000,3
2025-09-29,20250929110500000,sh.601398,7.2800,7.2900,7.2700,7.2900,5253200,38246911.0000,3
2025-09-29,20250929111000000,sh.601398,7.2900,7.2900,7.2800,7.2800,4742200,34535165.0000,3
2025-09-29,20250929111500000,sh.601398,7.2900,7.3000,7.2800,7.3000,5608100,40878464.0000,3
2025-09-29,20250929112000000,sh.601398,7.3000,7.3100,7.2900,7.3100,8263900,60327940.0000,3
2025-09-29,20250929112500000,sh.601398,7.3100,7.3200,7.3000,7.3200,4411300,32252420.0000,3
2025-09-29,20250929113000000,sh.601398,7.3100,7.3200,7.2900,7.2900,4127700,30137206.0000,3
2025-09-29,20250929130500000,sh.601398,7.2900,7.3000,7.2900,7.2900,3796000,27683588.0000,3
2025-09-29,20250929131000000,sh.601398,7.2900,7.3000,7.2900,7.2900,4635000,33800062.0000,3
2025-09-29,20250929131500000,sh.601398,7.2900,7.3000,7.2800,7.2800,2108300,15369857.0000,3
2025-09-29,20250929132000000,sh.601398,7.2900,7.2900,7.2800,7.2800,3262400,23765126.0000,3
2025-09-29,20250929132500000,sh.601398,7.2800,7.3100,7.2800,7.3100,10565100,77046909.0000,3
2025-09-29,20250929133000000,sh.601398,7.3000,7.3200,7.3000,7.3200,3705300,27088896.0000,3
2025-09-29,20250929133500000,sh.601398,7.3200,7.3300,7.3200,7.3200,3674300,26915320.0000,3
2025-09-29,20250929134000000,sh.601398,7.3200,7.3500,7.3200,7.3500,7145200,52408199.0000,3
2025-09-29,20250929134500000,sh.601398,7.3500,7.3800,7.3400,7.3700,11279200,83029761.0000,3
2025-09-29,20250929135000000,sh.601398,7.3700,7.3900,7.3700,7.3900,11635400,85867136.0000,3
2025-09-29,20250929135500000,sh.601398,7.3800,7.4000,7.3800,7.4000,8090200,59794560.0000,3
2025-09-29,20250929140000000,sh.601398,7.4000,7.4000,7.3800,7.3900,11613400,85852672.0000,3
2025-09-29,20250929140500000,sh.601398,7.3900,7.4000,7.3800,7.3900,8002000,59136512.0000,3
2025-09-29,20250929141000000,sh.601398,7.4000,7.4000,7.3700,7.3700,11271100,83200512.0000,3
2025-09-29,20250929141500000,sh.601398,7.3700,7.3700,7.3400,7.3500,7015300,51606272.0000,3
2025-09-29,20250929142000000,sh.601398,7.3500,7.3600,7.3400,7.3400,3474100,25540352.0000,3
2025-09-29,20250929142500000,sh.601398,7.3500,7.3500,7.3300,7.3400,7227700,53051392.0000,3
2025-09-29,20250929143000000,sh.601398,7.3300,7.3500,7.3300,7.3400,7119700,52201469.0000,3
2025-09-29,20250929143500000,sh.601398,7.3400,7.3500,7.3300,7.3400,6901600,50654979.0000,3
2025-09-29,20250929144000000,sh.601398,7.3400,7.3400,7.3200,7.3200,10597200,77691644.0000,3
2025-09-29,20250929144500000,sh.601398,7.3300,7.3400,7.3200,7.3300,5532600,40550920.0000,3
2025-09-29,20250929145000000,sh.601398,7.3200,7.3400,7.3200,7.3400,9556000,70028020.0000,3
2025-09-29,20250929145500000,sh.601398,7.3300,7.3300,7.3200,7.3300,6788000,49737995.0000,3
2025-09-29,20250929150000000,sh.601398,7.3200,7.3500,7.3200,7.3300,14185500,103998973.0000,3
2025-09-30,20250930093500000,sh.601398,7.3100,7.3200,7.2800,7.2900,20555300,150038480.0000,3
2025-09-30,20250930094000000,sh.601398,7.2900,7.2900,7.2700,7.2700,16731200,121767088.0000,3
2025-09-30,20250930094500000,sh.601398,7.2700,7.2800,7.2700,7.2800,7103600,51675776.0000,3
2025-09-30,20250930095000000,sh.601398,7.2800,7.2800,7.2700,7.2700,5301800,38565056.0000,3
2025-09-30,20250930095500000,sh.601398,7.2700,7.2900,7.2700,7.2900,7535800,54866752.0000,3
2025-09-30,20250930100000000,sh.601398,7.2900,7.2900,7.2800,7.2900,2455900,17893024.0000,3
2025-09-30,20250930100500000,sh.601398,7.2900,7.3000,7.2800,7.2900,4951600,36093504.0000,3
2025-09-30,20250930101000000,sh.601398,7.2800,7.2900,7.2600,7.2900,18412800,133904484.0000,3
2025-09-30,20250930101500000,sh.601398,7.2800,7.2900,7.2700,7.2800,4384800,31931708.0000,3
2025-09-30,20250930102000000,sh.601398,7.2700,7.3000,7.2700,7.2900,7692900,56043775.0000,3
2025-09-30,20250930102500000,sh.601398,7.2900,7.2900,7.2700,7.2900,3825800,27854976.0000,3
2025-09-30,20250930103000000,sh.601398,7.2900,7.3100,7.2800,7.3000,7385200,53911041.0000,3
2025-09-30,20250930103500000,sh.601398,7.3000,7.3000,7.2800,7.2800,2568400,18722873.0000,3
2025-09-30,20250930104000000,sh.601398,7.2900,7.3000,7.2900,7.3000,3403000,24815885.0000,3
2025-09-30,20250930104500000,sh.601398,7.3000,7.3100,7.2900,7.3000,2248100,16417084.0000,3
2025-09-30,20250930105000000,sh.601398,7.3100,7.3200,7.3000,7.3200,2805700,20501955.0000,3
2025-09-30,20250930105500000,sh.601398,7.3100,7.3200,7.3000,7.3100,5262100,38462462.0000,3
2025-09-30,20250930110000000,sh.601398,7.3000,7.3100,7.2900,7.3000,3583400,26138171.0000,3
2025-09-30,20250930110500000,sh.601398,7.2900,7.3000,7.2900,7.3000,2403300,17540986.0000,3
2025-09-30,20250930111000000,sh.601398,7.2900,7.3000,7.2800,7.2800,2198000,16020175.0000,3
2025-09-30,20250930111500000,sh.601398,7.2800,7.2900,7.2800,7.2800,2300300,16758716.0000,3
2025-09-30,20250930112000000,sh.601398,7.2900,7.3000,7.2800,7.2900,2142500,15614720.0000,3
2025-09-30,20250930112500000,sh.601398,7.2900,7.3000,7.2900,7.2900,1592300,11618500.0000,3
2025-09-30,20250930113000000,sh.601398,7.3000,7.3200,7.2900,7.3100,5217800,38122808.0000,3
2025-09-30,20250930130500000,sh.601398,7.3000,7.3200,7.3000,7.3100,6532600,47734144.0000,3
2025-09-30,20250930131000000,sh.601398,7.3000,7.3100,7.2900,7.3100,4782000,34920575.0000,3
2025-09-30,20250930131500000,sh.601398,7.3000,7.3100,7.2900,7.3000,3936300,28742394.0000,3
2025-09-30,20250930132000000,sh.601398,7.3000,7.3100,7.3000,7.3000,2801100,20461068.0000,3
2025-09-30,20250930132500000,sh.601398,7.3100,7.3100,7.3000,7.3100,2687800,19634422.0000,3
2025-09-30,20250930133000000,sh.601398,7.3100,7.3200,7.3000,7.3100,3864200,28244100.0000,3
2025-09-30,20250930133500000,sh.601398,7.3100,7.3200,7.3100,7.3200,3965100,29009029.0000,3
2025-09-30,20250930134000000,sh.601398,7.3100,7.3300,7.3100,7.3200,5955900,43600888.0000,3
2025-09-30,20250930134500000,sh.601398,7.3100,7.3200,7.3100,7.3200,1556000,11383555.0000,3
2025-09-30,20250930135000000,sh.601398,7.3100,7.3200,7.3100,7.3200,1326200,9701249.0000,3
2025-09-30,20250930135500000,sh.601398,7.3100,7.3200,7.3100,7.3200,4634800,33892483.0000,3
2025-09-30,20250930140000000,sh.601398,7.3100,7.3200,7.3000,7.3100,4791900,35036291.0000,3
2025-09-30,20250930140500000,sh.601398,7.3000,7.3200,7.3000,7.3100,4092100,29902210.0000,3
2025-09-30,20250930141000000,sh.601398,7.3000,7.3100,7.3000,7.3000,1975300,14427768.0000,3
2025-09-30,20250930141500000,sh.601398,7.3000,7.3100,7.3000,7.3100,1976200,14435841.0000,3
2025-09-30,20250930142000000,sh.601398,7.3000,7.3100,7.3000,7.3000,4419900,32282500.0000,3
2025-09-30,20250930142500000,sh.601398,7.3000,7.3100,7.3000,7.3100,5165100,37711362.0000,3
2025-09-30,20250930143000000,sh.601398,7.3000,7.3100,7.2900,7.2900,4051100,29565056.0000,3
2025-09-30,20250930143500000,sh.601398,7.2900,7.3000,7.2900,7.3000,4844700,35349106.0000,3
2025-09-30,20250930144000000,sh.601398,7.2900,7.3000,7.2900,7.3000,3076700,22451468.0000,3
2025-09-30,20250930144500000,sh.601398,7.2900,7.3000,7.2900,7.3000,4229100,30857344.0000,3
2025-09-30,20250930145000000,sh.601398,7.2900,7.3100,7.2900,7.3000,4234200,30918134.0000,3
2025-09-30,20250930145500000,sh.601398,7.3000,7.3100,7.3000,7.3100,6119400,44698885.0000,3
2025-09-30,20250930150000000,sh.601398,7.3100,7.3100,7.3000,7.3000,11488300,83883775.0000,3
2025-10-09,20251009093500000,sh.601398,7.2500,7.2600,7.2100,7.2300,29298500,212016896.0000,3
2025-10-09,20251009094000000,sh.601398,7.2300,7.2300,7.2100,7.2100,19803300,142933408.0000,3
2025-10-09,20251009094500000,sh.601398,7.2100,7.2300,7.2000,7.2200,17311400,124800480.0000,3
2025-10-09,20251009095000000,sh.601398,7.2200,7.2500,7.2100,7.2100,12226800,88381062.0000,3
2025-10-09,20251009095500000,sh.601398,7.2200,7.2400,7.2100,7.2400,7174000,51796478.0000,3
2025-10-09,20251009100000000,sh.601398,7.2400,7.2500,7.2300,7.2400,8327600,60270979.0000,3
2025-10-09,20251009100500000,sh.601398,7.2300,7.2500,7.2300,7.2400,4748900,34367227.0000,3
2025-10-09,20251009101000000,sh.601398,7.2400,7.2500,7.2300,7.2400,5343600,38678395.0000,3
2025-10-09,20251009101500000,sh.601398,7.2400,7.2500,7.2300,7.2400,6767600,48995721.0000,3
2025-10-09,20251009102000000,sh.601398,7.2400,7.2500,7.2300,7.2500,4231300,30634429.0000,3
2025-10-09,20251009102500000,sh.601398,7.2500,7.2500,7.2200,7.2300,6040700,43665729.0000,3
2025-10-09,20251009103000000,sh.601398,7.2200,7.2300,7.2100,7.2200,8253300,59567681.0000,3
2025-10-09,20251009103500000,sh.601398,7.2200,7.2300,7.2100,7.2200,7772500,56106814.0000,3
2025-10-09,20251009104000000,sh.601398,7.2200,7.2300,7.2100,7.2300,9473700,68413433.0000,3
2025-10-09,20251009104500000,sh.601398,7.2200,7.2300,7.2200,7.2300,2149700,15529605.0000,3
2025-10-09,20251009105000000,sh.601398,7.2300,7.2400,7.2200,7.2400,5403400,39086071.0000,3
2025-10-09,20251009105500000,sh.601398,7.2400,7.2500,7.2300,7.2400,7038200,50976140.0000,3
2025-10-09,20251009110000000,sh.601398,7.2400,7.2600,7.2400,7.2600,7980100,57868276.0000,3
2025-10-09,20251009110500000,sh.601398,7.2500,7.2600,7.2500,7.2500,1692600,12280834.0000,3
2025-10-09,20251009111000000,sh.601398,7.2500,7.2700,7.2500,7.2700,9403400,68295424.0000,3
2025-10-09,20251009111500000,sh.601398,7.2600,7.2700,7.2500,7.2500,3040000,22072453.0000,3
2025-10-09,20251009112000000,sh.601398,7.2600,7.2700,7.2500,7.2600,2286000,16594049.0000,3
2025-10-09,20251009112500000,sh.601398,7.2700,7.2900,7.2600,7.2900,7398100,53827333.0000,3
2025-10-09,20251009113000000,sh.601398,7.2800,7.2900,7.2800,7.2800,3123100,22757883.0000,3
2025-10-09,20251009130500000,sh.601398,7.2800,7.3000,7.2700,7.2900,6852100,49920768.0000,3
2025-10-09,20251009131000000,sh.601398,7.2800,7.3000,7.2800,7.2800,4097500,29870848.0000,3
2025-10-09,20251009131500000,sh.601398,7.2900,7.3000,7.2800,7.2800,3167600,23090560.0000,3
2025-10-09,20251009132000000,sh.601398,7.2800,7.3000,7.2800,7.2900,4174900,30430976.0000,3
2025-10-09,20251009132500000,sh.601398,7.3000,7.3100,7.2900,7.3000,7014000,51192960.0000,3
2025-10-09,20251009133000000,sh.601398,7.3000,7.3100,7.2900,7.3000,2241300,16360320.0000,3
2025-10-09,20251009133500000,sh.601398,7.3000,7.3000,7.2800,7.2800,3204800,23369856.0000,3
2025-10-09,20251009134000000,sh.601398,7.2800,7.3000,7.2800,7.3000,2601200,18966656.0000,3
2025-10-09,20251009134500000,sh.601398,7.2900,7.3100,7.2900,7.3100,4675100,34126208.0000,3
2025-10-09,20251009135000000,sh.601398,7.3000,7.3100,7.3000,7.3000,2322400,16966656.0000,3
2025-10-09,20251009135500000,sh.601398,7.3100,7.3100,7.2900,7.3000,4642800,33897728.0000,3
2025-10-09,20251009140000000,sh.601398,7.3100,7.3100,7.3000,7.3100,1932900,14121600.0000,3
2025-10-09,20251009140500000,sh.601398,7.3000,7.3100,7.3000,7.3000,2533000,18503040.0000,3
2025-10-09,20251009141000000,sh.601398,7.3000,7.3100,7.2900,7.3000,5320500,38839296.0000,3
2025-10-09,20251009141500000,sh.601398,7.3000,7.3100,7.2900,7.2900,4765400,34790144.0000,3
2025-10-09,20251009142000000,sh.601398,7.2900,7.3000,7.2900,7.2900,2044200,14915328.0000,3
2025-10-09,20251009142500000,sh.601398,7.2900,7.3200,7.2900,7.3200,9247900,67584256.0000,3
2025-10-09,20251009143000000,sh.601398,7.3100,7.3200,7.3100,7.3200,2347500,17173760.0000,3
2025-10-09,20251009143500000,sh.601398,7.3200,7.3200,7.3000,7.3100,3126500,22858496.0000,3
2025-10-09,20251009144000000,sh.601398,7.3000,7.3100,7.3000,7.3100,2617600,19124992.0000,3
2025-10-09,20251009144500000,sh.601398,7.3000,7.3100,7.3000,7.3000,3287600,24013568.0000,3
2025-10-09,20251009145000000,sh.601398,7.3100,7.3100,7.2900,7.3100,7576200,55313920.0000,3
2025-10-09,20251009145500000,sh.601398,7.3000,7.3100,7.3000,7.3100,5042300,36829056.0000,3
2025-10-09,20251009150000000,sh.601398,7.3000,7.3100,7.3000,7.3100,6618000,48369280.0000,3
2025-10-10,20251010093500000,sh.601398,7.2900,7.3400,7.2900,7.3200,24520400,179444416.0000,3
2025-10-10,20251010094000000,sh.601398,7.3100,7.3400,7.3000,7.3100,14147800,103549760.0000,3
2025-10-10,20251010094500000,sh.601398,7.3000,7.3300,7.3000,7.3200,13256800,96974944.0000,3
2025-10-10,20251010095000000,sh.601398,7.3100,7.3500,7.3100,7.3400,20665900,151725248.0000,3
2025-10-10,20251010095500000,sh.601398,7.3400,7.3600,7.3300,7.3300,12764100,93750433.0000,3
2025-10-10,20251010100000000,sh.601398,7.3400,7.3400,7.3100,7.3100,5670500,41538500.0000,3
2025-10-10,20251010100500000,sh.601398,7.3100,7.3200,7.2900,7.3100,10667700,77912697.0000,3
2025-10-10,20251010101000000,sh.601398,7.3000,7.3100,7.2900,7.3000,5634700,41120509.0000,3
2025-10-10,20251010101500000,sh.601398,7.3000,7.3400,7.3000,7.3300,6786700,49724095.0000,3
2025-10-10,20251010102000000,sh.601398,7.3400,7.3500,7.3200,7.3400,12742200,93544268.0000,3
2025-10-10,20251010102500000,sh.601398,7.3300,7.3400,7.3100,7.3100,5432700,39749754.0000,3
2025-10-10,20251010103000000,sh.601398,7.3100,7.3200,7.3000,7.3100,3555500,25990908.0000,3
2025-10-10,20251010103500000,sh.601398,7.3000,7.3100,7.2900,7.3000,9421900,68771846.0000,3
2025-10-10,20251010104000000,sh.601398,7.3000,7.3100,7.2900,7.3000,3783000,27617540.0000,3
2025-10-10,20251010104500000,sh.601398,7.3100,7.3200,7.3000,7.3100,3705600,27091326.0000,3
2025-10-10,20251010105000000,sh.601398,7.3200,7.3300,7.3100,7.3200,3712300,27177596.0000,3
2025-10-10,20251010105500000,sh.601398,7.3200,7.3300,7.3100,7.3200,2624600,19206271.0000,3
2025-10-10,20251010110000000,sh.601398,7.3300,7.3300,7.3200,7.3200,1655500,12126600.0000,3
2025-10-10,20251010110500000,sh.601398,7.3300,7.3300,7.3200,7.3300,2904600,21285621.0000,3
2025-10-10,20251010111000000,sh.601398,7.3200,7.3300,7.3100,7.3100,1312700,9607172.0000,3
2025-10-10,20251010111500000,sh.601398,7.3200,7.3300,7.3200,7.3200,2424400,17750916.0000,3
2025-10-10,20251010112000000,sh.601398,7.3300,7.3400,7.3200,7.3300,6316300,46325748.0000,3
2025-10-10,20251010112500000,sh.601398,7.3400,7.3400,7.3200,7.3200,2171700,15912448.0000,3
2025-10-10,20251010113000000,sh.601398,7.3200,7.3300,7.3200,7.3300,1402100,10268160.0000,3
2025-10-10,20251010130500000,sh.601398,7.3200,7.3400,7.3200,7.3300,3949500,28956812.0000,3
2025-10-10,20251010131000000,sh.601398,7.3400,7.3500,7.3300,7.3400,4740100,34790780.0000,3
2025-10-10,20251010131500000,sh.601398,7.3400,7.3400,7.3200,7.3300,2256600,16543865.0000,3
2025-10-10,20251010132000000,sh.601398,7.3200,7.3300,7.3200,7.3300,2930400,21468415.0000,3
2025-10-10,20251010132500000,sh.601398,7.3300,7.3300,7.3200,7.3200,3751500,27464960.0000,3
2025-10-10,20251010133000000,sh.601398,7.3200,7.3300,7.3100,7.3200,2967800,21722637.0000,3
2025-10-10,20251010133500000,sh.601398,7.3100,7.3300,7.3100,7.3200,2336400,17103987.0000,3
2025-10-10,20251010134000000,sh.601398,7.3200,7.3300,7.3200,7.3200,2874800,21046665.0000,3
2025-10-10,20251010134500000,sh.601398,7.3200,7.3400,7.3200,7.3200,11141000,81675514.0000,3
2025-10-10,20251010135000000,sh.601398,7.3200,7.3300,7.3200,7.3200,2995300,21937797.0000,3
2025-10-10,20251010135500000,sh.601398,7.3300,7.3400,7.3200,7.3300,4394800,32207608.0000,3
2025-10-10,20251010140000000,sh.601398,7.3300,7.3400,7.3200,7.3200,2597100,19027724.0000,3
2025-10-10,20251010140500000,sh.601398,7.3300,7.3300,7.3100,7.3200,4551300,33313780.0000,3
2025-10-10,20251010141000000,sh.601398,7.3200,7.3300,7.3100,7.3200,5427700,39721862.0000,3
2025-10-10,20251010141500000,sh.601398,7.3200,7.3400,7.3100,7.3400,10067500,73752959.0000,3
2025-10-10,20251010142000000,sh.601398,7.3300,7.3400,7.3100,7.3200,7611500,55754887.0000,3
2025-10-10,20251010142500000,sh.601398,7.3300,7.3300,7.3100,7.3200,2943900,21549696.0000,3
2025-10-10,20251010143000000,sh.601398,7.3200,7.3300,7.3100,7.3200,3460700,25323136.0000,3
2025-10-10,20251010143500000,sh.601398,7.3200,7.3300,7.3100,7.3200,7524400,55104896.0000,3
2025-10-10,20251010144000000,sh.601398,7.3200,7.3300,7.3100,7.3200,6769300,49565688.0000,3
2025-10-10,20251010144500000,sh.601398,7.3200,7.3300,7.3200,7.3200,7041400,51584510.0000,3
2025-10-10,20251010145000000,sh.601398,7.3200,7.3300,7.3100,7.3200,9321400,68252164.0000,3
2025-10-10,20251010145500000,sh.601398,7.3200,7.3200,7.3100,7.3100,9981700,73003258.0000,3
2025-10-10,20251010150000000,sh.601398,7.3200,7.3200,7.3100,7.3100,5953900,43543304.0000,3
2025-10-13,20251013093500000,sh.601398,7.3200,7.3600,7.2900,7.2900,41917100,307397568.0000,3
2025-10-13,20251013094000000,sh.601398,7.3000,7.3100,7.2600,7.2700,21870600,159131616.0000,3
2025-10-13,20251013094500000,sh.601398,7.2600,7.2700,7.2400,7.2600,26210500,190163160.0000,3
2025-10-13,20251013095000000,sh.601398,7.2500,7.2600,7.2300,7.2400,18220200,132038403.0000,3
2025-10-13,20251013095500000,sh.601398,7.2500,7.3000,7.2300,7.2900,10417200,75682439.0000,3
2025-10-13,20251013100000000,sh.601398,7.2800,7.2900,7.2500,7.2700,6283100,45671613.0000,3
2025-10-13,20251013100500000,sh.601398,7.2700,7.2800,7.2500,7.2500,9106700,66130565.0000,3
2025-10-13,20251013101000000,sh.601398,7.2600,7.2700,7.2500,7.2500,7796700,56552955.0000,3
2025-10-13,20251013101500000,sh.601398,7.2500,7.2900,7.2500,7.2900,9514000,69167167.0000,3
2025-10-13,20251013102000000,sh.601398,7.2900,7.3000,7.2700,7.2700,5966000,43470594.0000,3
2025-10-13,20251013102500000,sh.601398,7.2800,7.2900,7.2600,7.2800,5927600,43136760.0000,3
2025-10-13,20251013103000000,sh.601398,7.2800,7.2900,7.2700,7.2700,4586800,33391112.0000,3
2025-10-13,20251013103500000,sh.601398,7.2800,7.2900,7.2600,7.2800,5644200,41043071.0000,3
2025-10-13,20251013104000000,sh.601398,7.2800,7.2900,7.2600,7.2700,4404500,32029699.0000,3
2025-10-13,20251013104500000,sh.601398,7.2600,7.2800,7.2600,7.2700,4859100,35327358.0000,3
2025-10-13,20251013105000000,sh.601398,7.2700,7.2900,7.2700,7.2800,4219200,30718072.0000,3
2025-10-13,20251013105500000,sh.601398,7.3000,7.3000,7.2800,7.2800,6284800,45791750.0000,3
2025-10-13,20251013110000000,sh.601398,7.2800,7.2800,7.2700,7.2700,5311700,38628615.0000,3
2025-10-13,20251013110500000,sh.601398,7.2800,7.2900,7.2600,7.2800,5807200,42238971.0000,3
2025-10-13,20251013111000000,sh.601398,7.2700,7.2900,7.2600,7.2900,5179900,37670657.0000,3
2025-10-13,20251013111500000,sh.601398,7.2900,7.3000,7.2800,7.2900,7694600,56138615.0000,3
2025-10-13,20251013112000000,sh.601398,7.2900,7.3000,7.2800,7.2900,3682000,26843144.0000,3
2025-10-13,20251013112500000,sh.601398,7.2900,7.3000,7.2800,7.2900,4968300,36213112.0000,3
2025-10-13,20251013113000000,sh.601398,7.2900,7.2900,7.2800,7.2800,3319000,24182145.0000,3
2025-10-13,20251013130500000,sh.601398,7.2800,7.2900,7.2700,7.2800,6050800,44053128.0000,3
2025-10-13,20251013131000000,sh.601398,7.2900,7.2900,7.2700,7.2800,3898400,28389623.0000,3
2025-10-13,20251013131500000,sh.601398,7.2800,7.3000,7.2800,7.2900,5743100,41872651.0000,3
2025-10-13,20251013132000000,sh.601398,7.2900,7.3000,7.2900,7.3000,4777500,34858229.0000,3
2025-10-13,20251013132500000,sh.601398,7.2900,7.3000,7.2800,7.2800,4672700,34078470.0000,3
2025-10-13,20251013133000000,sh.601398,7.2900,7.3000,7.2800,7.2800,4344500,31656826.0000,3
2025-10-13,20251013133500000,sh.601398,7.2800,7.3300,7.2800,7.3200,14535900,106287368.0000,3
2025-10-13,20251013134000000,sh.601398,7.3300,7.3400,7.3100,7.3100,10387400,76100480.0000,3
2025-10-13,20251013134500000,sh.601398,7.3200,7.3200,7.2900,7.3000,5814400,42460670.0000,3
2025-10-13,20251013135000000,sh.601398,7.2900,7.2900,7.2700,7.2800,10561300,76903170.0000,3
2025-10-13,20251013135500000,sh.601398,7.2800,7.2800,7.2700,7.2800,13859600,100798712.0000,3
2025-10-13,20251013140000000,sh.601398,7.2700,7.2800,7.2600,7.2700,4856000,35282436.0000,3
2025-10-13,20251013140500000,sh.601398,7.2700,7.2800,7.2600,7.2800,7443200,54101759.0000,3
2025-10-13,20251013141000000,sh.601398,7.2800,7.2900,7.2600,7.2800,8350300,60746499.0000,3
2025-10-13,20251013141500000,sh.601398,7.2800,7.2900,7.2700,7.2700,7945300,57828610.0000,3
2025-10-13,20251013142000000,sh.601398,7.2700,7.3000,7.2700,7.3000,7112400,51832578.0000,3
2025-10-13,20251013142500000,sh.601398,7.2900,7.3000,7.2900,7.2900,5872200,42840570.0000,3
2025-10-13,20251013143000000,sh.601398,7.2900,7.3000,7.2900,7.3000,5827800,42530304.0000,3
2025-10-13,20251013143500000,sh.601398,7.3000,7.3000,7.2800,7.2900,5170500,37705984.0000,3
2025-10-13,20251013144000000,sh.601398,7.2900,7.3000,7.2800,7.2900,4295900,31318017.0000,3
2025-10-13,20251013144500000,sh.601398,7.2900,7.2900,7.2800,7.2900,3347500,24394495.0000,3
2025-10-13,20251013145000000,sh.601398,7.2900,7.2900,7.2800,7.2900,5169700,37666310.0000,3
2025-10-13,20251013145500000,sh.601398,7.2900,7.2900,7.2700,7.2700,8771500,63843062.0000,3
2025-10-13,20251013150000000,sh.601398,7.2700,7.2800,7.2700,7.2700,7739700,56285958.0000,3
2025-10-14,20251014093500000,sh.601398,7.2600,7.2700,7.2400,7.2400,24848500,180229552.0000,3
2025-10-14,20251014094000000,sh.601398,7.2400,7.2400,7.2200,7.2400,22840900,165187088.0000,3
2025-10-14,20251014094500000,sh.601398,7.2400,7.2500,7.2300,7.2300,10432100,75482080.0000,3
2025-10-14,20251014095000000,sh.601398,7.2300,7.2500,7.2200,7.2400,16736900,121064160.0000,3
2025-10-14,20251014095500000,sh.601398,7.2500,7.2700,7.2400,7.2600,7285000,52853504.0000,3
2025-10-14,20251014100000000,sh.601398,7.2600,7.2900,7.2500,7.2700,10814100,78647288.0000,3
2025-10-14,20251014100500000,sh.601398,7.2800,7.3000,7.2700,7.2900,13006900,94838346.0000,3
2025-10-14,20251014101000000,sh.601398,7.3000,7.3300,7.2900,7.3300,22885200,167223478.0000,3
2025-10-14,20251014101500000,sh.601398,7.3200,7.3400,7.3100,7.3400,21745000,159425032.0000,3
2025-10-14,20251014102000000,sh.601398,7.3400,7.3500,7.3300,7.3400,16017700,117607040.0000,3
2025-10-14,20251014102500000,sh.601398,7.3500,7.3700,7.3400,7.3600,30951500,227645440.0000,3
2025-10-14,20251014103000000,sh.601398,7.3700,7.3900,7.3700,7.3800,23757300,175266432.0000,3
2025-10-14,20251014103500000,sh.601398,7.3800,7.4000,7.3700,7.3900,27947300,206396160.0000,3
2025-10-14,20251014104000000,sh.601398,7.3900,7.4100,7.3900,7.4000,18860800,139567360.0000,3
2025-10-14,20251014104500000,sh.601398,7.4000,7.4200,7.4000,7.4100,16888900,125118720.0000,3
2025-10-14,20251014105000000,sh.601398,7.4200,7.4400,7.4100,7.4300,25015600,185813120.0000,3
2025-10-14,20251014105500000,sh.601398,7.4300,7.4400,7.4100,7.4300,16969700,125967104.0000,3
2025-10-14,20251014110000000,sh.601398,7.4300,7.4300,7.4000,7.4100,6727600,49888000.0000,3
2025-10-14,20251014110500000,sh.601398,7.4100,7.4300,7.4000,7.4300,8488800,62970880.0000,3
2025-10-14,20251014111000000,sh.601398,7.4300,7.4300,7.4200,7.4300,13928500,103394560.0000,3
2025-10-14,20251014111500000,sh.601398,7.4300,7.4500,7.4200,7.4300,18150900,134982400.0000,3
2025-10-14,20251014112000000,sh.601398,7.4400,7.4500,7.4400,7.4500,9484300,70628608.0000,3
2025-10-14,20251014112500000,sh.601398,7.4500,7.4500,7.4300,7.4400,7787600,57946368.0000,3
2025-10-14,20251014113000000,sh.601398,7.4400,7.4500,7.4300,7.4400,9029000,67219456.0000,3
2025-10-14,20251014130500000,sh.601398,7.4500,7.4500,7.4200,7.4300,21900900,162870784.0000,3
2025-10-14,20251014131000000,sh.601398,7.4300,7.4500,7.4200,7.4500,13218000,98331136.0000,3
2025-10-14,20251014131500000,sh.601398,7.4500,7.4500,7.4300,7.4500,8031000,59752960.0000,3
2025-10-14,20251014132000000,sh.601398,7.4400,7.4500,7.4300,7.4300,6743300,50149632.0000,3
2025-10-14,20251014132500000,sh.601398,7.4400,7.4600,7.4300,7.4500,13821500,102929408.0000,3
2025-10-14,20251014133000000,sh.601398,7.4600,7.4600,7.4500,7.4600,11769000,87773696.0000,3
2025-10-14,20251014133500000,sh.601398,7.4600,7.4700,7.4600,7.4600,7090600,52930048.0000,3
2025-10-14,20251014134000000,sh.601398,7.4600,7.4700,7.4600,7.4700,10163700,75903488.0000,3
2025-10-14,20251014134500000,sh.601398,7.4700,7.4800,7.4600,7.4700,8732600,65225472.0000,3
2025-10-14,20251014135000000,sh.601398,7.4600,7.4700,7.4500,7.4600,6858500,51164416.0000,3
2025-10-14,20251014135500000,sh.601398,7.4500,7.4800,7.4500,7.4700,11540400,86161408.0000,3
2025-10-14,20251014140000000,sh.601398,7.4700,7.4800,7.4600,7.4600,7613600,56866048.0000,3
2025-10-14,20251014140500000,sh.601398,7.4600,7.4700,7.4500,7.4500,9219800,68764672.0000,3
2025-10-14,20251014141000000,sh.601398,7.4500,7.4700,7.4500,7.4600,4740000,35353088.0000,3
2025-10-14,20251014141500000,sh.601398,7.4600,7.4700,7.4500,7.4700,10137900,75626240.0000,3
2025-10-14,20251014142000000,sh.601398,7.4700,7.4800,7.4500,7.4700,16729200,124916736.0000,3
2025-10-14,20251014142500000,sh.601398,7.4700,7.4800,7.4600,7.4700,6774700,50591744.0000,3
2025-10-14,20251014143000000,sh.601398,7.4700,7.4800,7.4500,7.4700,13636500,101798912.0000,3
2025-10-14,20251014143500000,sh.601398,7.4700,7.4800,7.4600,7.4600,10605000,79220736.0000,3
2025-10-14,20251014144000000,sh.601398,7.4700,7.4700,7.4600,7.4700,8210600,61311488.0000,3
2025-10-14,20251014144500000,sh.601398,7.4700,7.4900,7.4600,7.4800,30946200,231386624.0000,3
2025-10-14,20251014145000000,sh.601398,7.4800,7.4900,7.4700,7.4800,23905400,178851840.0000,3
2025-10-14,20251014145500000,sh.601398,7.4800,7.4900,7.4700,7.4800,16248000,121595392.0000,3
2025-10-14,20251014150000000,sh.601398,7.4800,7.5000,7.4800,7.5000,14641600,109690368.0000,3
2025-10-15,20251015093500000,sh.601398,7.4700,7.5100,7.4600,7.4900,35879200,268639776.0000,3
2025-10-15,20251015094000000,sh.601398,7.4900,7.5300,7.4900,7.5300,24276600,182230592.0000,3
2025-10-15,20251015094500000,sh.601398,7.5300,7.5400,7.4600,7.4700,26169700,196582809.0000,3
2025-10-15,20251015095000000,sh.601398,7.4700,7.5200,7.4500,7.5200,15711500,117433475.0000,3
2025-10-15,20251015095500000,sh.601398,7.5100,7.5300,7.5000,7.5200,10049200,75515262.0000,3
2025-10-15,20251015100000000,sh.601398,7.5300,7.5300,7.5000,7.5000,8399300,63121417.0000,3
2025-10-15,20251015100500000,sh.601398,7.5100,7.5200,7.5000,7.5000,9077000,68132090.0000,3
2025-10-15,20251015101000000,sh.601398,7.5000,7.5000,7.4800,7.4800,10812500,80963707.0000,3
2025-10-15,20251015101500000,sh.601398,7.4800,7.4800,7.4500,7.4600,12439400,92814724.0000,3
2025-10-15,20251015102000000,sh.601398,7.4600,7.4700,7.4300,7.4600,22153700,164979204.0000,3
2025-10-15,20251015102500000,sh.601398,7.4600,7.4600,7.4300,7.4600,10733800,79935738.0000,3
2025-10-15,20251015103000000,sh.601398,7.4500,7.4600,7.4300,7.4400,22783100,169485958.0000,3
2025-10-15,20251015103500000,sh.601398,7.4400,7.4600,7.4300,7.4500,11018000,82019074.0000,3
2025-10-15,20251015104000000,sh.601398,7.4600,7.4900,7.4600,7.4800,6969900,52074751.0000,3
2025-10-15,20251015104500000,sh.601398,7.4900,7.5100,7.4800,7.5000,7014100,52567549.0000,3
2025-10-15,20251015105000000,sh.601398,7.5000,7.5200,7.4700,7.5000,10616900,79646460.0000,3
2025-10-15,20251015105500000,sh.601398,7.5000,7.5100,7.4900,7.4900,6202900,46530560.0000,3
2025-10-15,20251015110000000,sh.601398,7.5000,7.5100,7.4800,7.4800,6226500,46644606.0000,3
2025-10-15,20251015110500000,sh.601398,7.4900,7.5000,7.4800,7.4900,7259600,54365064.0000,3
2025-10-15,20251015111000000,sh.601398,7.4900,7.5000,7.4800,7.4900,6295800,47158911.0000,3
2025-10-15,20251015111500000,sh.601398,7.4800,7.4900,7.4800,7.4900,1094300,8189703.0000,3
2025-10-15,20251015112000000,sh.601398,7.4900,7.4900,7.4700,7.4700,5297400,39617278.0000,3
2025-10-15,20251015112500000,sh.601398,7.4600,7.4800,7.4600,7.4600,2423000,18085492.0000,3
2025-10-15,20251015113000000,sh.601398,7.4600,7.4700,7.4500,7.4500,4118600,30712576.0000,3
2025-10-15,20251015130500000,sh.601398,7.4600,7.4600,7.4500,7.4500,6866400,51172232.0000,3
2025-10-15,20251015131000000,sh.601398,7.4500,7.4600,7.4400,7.4600,6124500,45624064.0000,3
2025-10-15,20251015131500000,sh.601398,7.4600,7.4700,7.4500,7.4600,4342900,32396034.0000,3
2025-10-15,20251015132000000,sh.601398,7.4600,7.4600,7.4500,7.4500,3099700,23104258.0000,3
2025-10-15,20251015132500000,sh.601398,7.4500,7.4600,7.4400,7.4500,3957300,29478908.0000,3
2025-10-15,20251015133000000,sh.601398,7.4600,7.4700,7.4500,7.4600,4210400,31409664.0000,3
2025-10-15,20251015133500000,sh.601398,7.4600,7.4600,7.4400,7.4400,2930000,21827072.0000,3
2025-10-15,20251015134000000,sh.601398,7.4500,7.4500,7.4400,7.4400,5073900,37756672.0000,3
2025-10-15,20251015134500000,sh.601398,7.4400,7.4500,7.4400,7.4500,2871700,21374976.0000,3
2025-10-15,20251015135000000,sh.601398,7.4400,7.4500,7.4400,7.4400,2811000,20936448.0000,3
2025-10-15,20251015135500000,sh.601398,7.4500,7.4600,7.4400,7.4500,3303300,24609280.0000,3
2025-10-15,20251015140000000,sh.601398,7.4500,7.4600,7.4400,7.4400,6915100,51475200.0000,3
2025-10-15,20251015140500000,sh.601398,7.4500,7.4600,7.4400,7.4600,3727400,27773440.0000,3
2025-10-15,20251015141000000,sh.601398,7.4600,7.4600,7.4400,7.4500,5123700,38155776.0000,3
2025-10-15,20251015141500000,sh.601398,7.4500,7.4600,7.4400,7.4500,5152900,38394616.0000,3
2025-10-15,20251015142000000,sh.601398,7.4600,7.4600,7.4500,7.4600,2436700,18166274.0000,3
2025-10-15,20251015142500000,sh.601398,7.4600,7.4700,7.4500,7.4600,4609200,34387210.0000,3
2025-10-15,20251015143000000,sh.601398,7.4700,7.4800,7.4600,7.4800,5898700,44066808.0000,3
2025-10-15,20251015143500000,sh.601398,7.4800,7.4800,7.4600,7.4700,6408100,47883018.0000,3
2025-10-15,20251015144000000,sh.601398,7.4700,7.4700,7.4600,7.4700,4053100,30256126.0000,3
2025-10-15,20251015144500000,sh.601398,7.4600,7.4700,7.4600,7.4700,5685400,42455290.0000,3
2025-10-15,20251015145000000,sh.601398,7.4600,7.4700,7.4600,7.4700,10801700,80615682.0000,3
2025-10-15,20251015145500000,sh.601398,7.4600,7.4700,7.4600,7.4700,9016800,67286522.0000,3
2025-10-15,20251015150000000,sh.601398,7.4600,7.4700,7.4600,7.4600,9157400,68326142.0000,3
2025-10-16,20251016093500000,sh.601398,7.4300,7.5000,7.4300,7.4800,23827900,177993216.0000,3
2025-10-16,20251016094000000,sh.601398,7.4700,7.5000,7.4700,7.4900,18468100,138329472.0000,3
2025-10-16,20251016094500000,sh.601398,7.5000,7.5100,7.4900,7.5000,17175200,128852800.0000,3
2025-10-16,20251016095000000,sh.601398,7.5100,7.5400,7.5100,7.5400,20642700,155293179.0000,3
2025-10-16,20251016095500000,sh.601398,7.5400,7.5400,7.5100,7.5100,13683000,103038531.0000,3
2025-10-16,20251016100000000,sh.601398,7.5100,7.5300,7.5100,7.5200,12263300,92218754.0000,3
2025-10-16,20251016100500000,sh.601398,7.5200,7.5300,7.5000,7.5200,10551500,79296762.0000,3
2025-10-16,20251016101000000,sh.601398,7.5100,7.5400,7.5100,7.5400,10168100,76560324.0000,3
2025-10-16,20251016101500000,sh.601398,7.5400,7.5400,7.5000,7.5100,9517700,71605641.0000,3
2025-10-16,20251016102000000,sh.601398,7.5100,7.5200,7.4900,7.5100,11107400,83331253.0000,3
2025-10-16,20251016102500000,sh.601398,7.5000,7.5200,7.5000,7.5100,4510900,33872894.0000,3
2025-10-16,20251016103000000,sh.601398,7.5100,7.5300,7.5100,7.5200,6954700,52323213.0000,3
2025-10-16,20251016103500000,sh.601398,7.5300,7.5400,7.5200,7.5300,9371000,70573053.0000,3
2025-10-16,20251016104000000,sh.601398,7.5300,7.5500,7.5300,7.5400,14975400,112924928.0000,3
2025-10-16,20251016104500000,sh.601398,7.5500,7.5800,7.5400,7.5800,27240500,205855228.0000,3
2025-10-16,20251016105000000,sh.601398,7.5700,7.5900,7.5700,7.5900,15407800,116825472.0000,3
2025-10-16,20251016105500000,sh.601398,7.5900,7.5900,7.5600,7.5600,7362300,55776896.0000,3
2025-10-16,20251016110000000,sh.601398,7.5600,7.5700,7.5600,7.5700,2738500,20720256.0000,3
2025-10-16,20251016110500000,sh.601398,7.5700,7.5700,7.5600,7.5600,2629700,19889536.0000,3
2025-10-16,20251016111000000,sh.601398,7.5700,7.5700,7.5500,7.5600,3999500,30236160.0000,3
2025-10-16,20251016111500000,sh.601398,7.5600,7.5700,7.5500,7.5600,5762600,43567616.0000,3
2025-10-16,20251016112000000,sh.601398,7.5600,7.5600,7.5500,7.5500,2182100,16486265.0000,3
2025-10-16,20251016112500000,sh.601398,7.5600,7.5700,7.5500,7.5700,3670100,27763207.0000,3
2025-10-16,20251016113000000,sh.601398,7.5600,7.5700,7.5500,7.5500,8718700,65899136.0000,3
2025-10-16,20251016130500000,sh.601398,7.5500,7.5700,7.5400,7.5700,5897900,44552964.0000,3
2025-10-16,20251016131000000,sh.601398,7.5600,7.5700,7.5600,7.5600,4174700,31592700.0000,3
2025-10-16,20251016131500000,sh.601398,7.5600,7.5800,7.5600,7.5700,8727200,66094592.0000,3
2025-10-16,20251016132000000,sh.601398,7.5700,7.5800,7.5600,7.5700,5854300,44309496.0000,3
2025-10-16,20251016132500000,sh.601398,7.5700,7.5800,7.5600,7.5700,6445900,48799492.0000,3
2025-10-16,20251016133000000,sh.601398,7.5700,7.5700,7.5600,7.5600,4809100,36365576.0000,3
2025-10-16,20251016133500000,sh.601398,7.5700,7.5800,7.5600,7.5800,5722100,43320052.0000,3
2025-10-16,20251016134000000,sh.601398,7.5700,7.6000,7.5700,7.6000,21693900,164614152.0000,3
2025-10-16,20251016134500000,sh.601398,7.6000,7.6100,7.5900,7.6000,25764000,195867904.0000,3
2025-10-16,20251016135000000,sh.601398,7.6100,7.6200,7.6000,7.6200,12121200,92243200.0000,3
2025-10-16,20251016135500000,sh.601398,7.6200,7.6200,7.6000,7.6000,5946900,45272064.0000,3
2025-10-16,20251016140000000,sh.601398,7.6100,7.6200,7.6000,7.6200,6833200,52004352.0000,3
2025-10-16,20251016140500000,sh.601398,7.6200,7.6300,7.6100,7.6300,15174800,115642880.0000,3
2025-10-16,20251016141000000,sh.601398,7.6300,7.6500,7.6200,7.6400,17615500,134520576.0000,3
2025-10-16,20251016141500000,sh.601398,7.6300,7.6400,7.6300,7.6400,8976600,68566784.0000,3
2025-10-16,20251016142000000,sh.601398,7.6400,7.6400,7.6200,7.6300,5840500,44575488.0000,3
2025-10-16,20251016142500000,sh.601398,7.6300,7.6400,7.6200,7.6200,5587100,42619904.0000,3
2025-10-16,20251016143000000,sh.601398,7.6200,7.6300,7.6200,7.6300,5317500,40550144.0000,3
2025-10-16,20251016143500000,sh.601398,7.6300,7.6400,7.6200,7.6400,6035400,46054912.0000,3
2025-10-16,20251016144000000,sh.601398,7.6400,7.6400,7.6200,7.6200,8878900,67754496.0000,3
2025-10-16,20251016144500000,sh.601398,7.6200,7.6300,7.6100,7.6200,8534800,65033728.0000,3
2025-10-16,20251016145000000,sh.601398,7.6100,7.6300,7.6100,7.6300,9196800,70091776.0000,3
2025-10-16,20251016145500000,sh.601398,7.6300,7.6400,7.6200,7.6400,18264400,139432448.0000,3
2025-10-16,20251016150000000,sh.601398,7.6300,7.6400,7.6200,7.6300,9281900,70840064.0000,3
2025-10-17,20251017093500000,sh.601398,7.6300,7.6800,7.6200,7.6200,32653800,249691024.0000,3
2025-10-17,20251017094000000,sh.601398,7.6400,7.6600,7.6300,7.6600,15327000,117181360.0000,3
2025-10-17,20251017094500000,sh.601398,7.6600,7.7200,7.6500,7.7200,24456600,188027584.0000,3
2025-10-17,20251017095000000,sh.601398,7.7100,7.7200,7.6700,7.7000,18596300,143247802.0000,3
2025-10-17,20251017095500000,sh.601398,7.7000,7.7200,7.6700,7.7000,21071400,162184269.0000,3
2025-10-17,20251017100000000,sh.601398,7.7000,7.7200,7.6900,7.7000,17417600,134204145.0000,3
2025-10-17,20251017100500000,sh.601398,7.6900,7.7000,7.6800,7.6800,9077400,69802376.0000,3
2025-10-17,20251017101000000,sh.601398,7.6800,7.6900,7.6700,7.6700,10631100,81623929.0000,3
2025-10-17,20251017101500000,sh.601398,7.6700,7.6900,7.6600,7.6700,12713700,97553031.0000,3
2025-10-17,20251017102000000,sh.601398,7.6800,7.6800,7.6500,7.6500,7386300,56560766.0000,3
2025-10-17,20251017102500000,sh.601398,7.6500,7.6600,7.6400,7.6500,9503700,72684038.0000,3
2025-10-17,20251017103000000,sh.601398,7.6500,7.6600,7.6200,7.6600,15129700,115522300.0000,3
2025-10-17,20251017103500000,sh.601398,7.6600,7.6600,7.6400,7.6600,5126000,39219716.0000,3
2025-10-17,20251017104000000,sh.601398,7.6500,7.6600,7.6400,7.6600,3013500,23061123.0000,3
2025-10-17,20251017104500000,sh.601398,7.6600,7.6600,7.6300,7.6300,9013000,68868861.0000,3
2025-10-17,20251017105000000,sh.601398,7.6300,7.6600,7.6300,7.6500,4515700,34518900.0000,3
2025-10-17,20251017105500000,sh.601398,7.6600,7.6700,7.6500,7.6600,5137200,39347469.0000,3
2025-10-17,20251017110000000,sh.601398,7.6500,7.6600,7.6500,7.6600,1438500,11009781.0000,3
2025-10-17,20251017110500000,sh.601398,7.6600,7.6700,7.6500,7.6700,3876400,29702792.0000,3
2025-10-17,20251017111000000,sh.601398,7.6700,7.6800,7.6500,7.6800,4328700,33209470.0000,3
2025-10-17,20251017111500000,sh.601398,7.6700,7.6900,7.6700,7.6900,3594800,27598722.0000,3
2025-10-17,20251017112000000,sh.601398,7.6800,7.6800,7.6700,7.6700,6733500,51705847.0000,3
2025-10-17,20251017112500000,sh.601398,7.6800,7.6900,7.6700,7.6700,4702800,36129413.0000,3
2025-10-17,20251017113000000,sh.601398,7.6800,7.6800,7.6500,7.6500,3735400,28634373.0000,3
2025-10-17,20251017130500000,sh.601398,7.6500,7.6600,7.6400,7.6400,9461600,72362881.0000,3
2025-10-17,20251017131000000,sh.601398,7.6400,7.6500,7.6300,7.6300,3855800,29448952.0000,3
2025-10-17,20251017131500000,sh.601398,7.6400,7.6400,7.6300,7.6300,3943600,30114052.0000,3
2025-10-17,20251017132000000,sh.601398,7.6300,7.6400,7.6200,7.6300,7105300,54211712.0000,3
2025-10-17,20251017132500000,sh.601398,7.6200,7.6300,7.6100,7.6100,6819200,51927552.0000,3
2025-10-17,20251017133000000,sh.601398,7.6200,7.6200,7.6000,7.6000,4729600,35987456.0000,3
2025-10-17,20251017133500000,sh.601398,7.6000,7.6400,7.6000,7.6300,8526000,64989948.0000,3
2025-10-17,20251017134000000,sh.601398,7.6400,7.6400,7.6100,7.6200,9969400,76015620.0000,3
2025-10-17,20251017134500000,sh.601398,7.6200,7.6300,7.6100,7.6100,4361100,33218816.0000,3
2025-10-17,20251017135000000,sh.601398,7.6100,7.6200,7.6000,7.6100,3150500,23973888.0000,3
2025-10-17,20251017135500000,sh.601398,7.6100,7.6200,7.6100,7.6100,3389100,25802752.0000,3
2025-10-17,20251017140000000,sh.601398,7.6200,7.6200,7.6100,7.6200,3283300,24988928.0000,3
2025-10-17,20251017140500000,sh.601398,7.6100,7.6300,7.6000,7.6300,7354800,56001536.0000,3
2025-10-17,20251017141000000,sh.601398,7.6300,7.6400,7.6200,7.6300,5956600,45446400.0000,3
2025-10-17,20251017141500000,sh.601398,7.6300,7.6300,7.6100,7.6200,3067800,23369216.0000,3
2025-10-17,20251017142000000,sh.601398,7.6100,7.6200,7.6100,7.6100,4005800,30514944.0000,3
2025-10-17,20251017142500000,sh.601398,7.6200,7.6200,7.6000,7.6000,4750900,36127488.0000,3
2025-10-17,20251017143000000,sh.601398,7.6100,7.6100,7.5800,7.6000,11305400,85838592.0000,3
2025-10-17,20251017143500000,sh.601398,7.6000,7.6000,7.5800,7.5800,6430200,48796160.0000,3
2025-10-17,20251017144000000,sh.601398,7.5900,7.5900,7.5700,7.5900,7295000,55292672.0000,3
2025-10-17,20251017144500000,sh.601398,7.5900,7.6000,7.5800,7.6000,8198600,62236928.0000,3
2025-10-17,20251017145000000,sh.601398,7.6000,7.6100,7.5900,7.6000,11754100,89357824.0000,3
2025-10-17,20251017145500000,sh.601398,7.5900,7.6000,7.5800,7.5900,10590800,80374272.0000,3
2025-10-17,20251017150000000,sh.601398,7.5900,7.6200,7.5900,7.6200,10215600,77716480.0000,3
2025-10-20,20251020093500000,sh.601398,7.5900,7.5900,7.4900,7.5100,55114400,414844928.0000,3
2025-10-20,20251020094000000,sh.601398,7.5100,7.5400,7.5100,7.5200,22178300,166732928.0000,3
2025-10-20,20251020094500000,sh.601398,7.5200,7.5700,7.5200,7.5600,11359100,85685628.0000,3
2025-10-20,20251020095000000,sh.601398,7.5500,7.5800,7.5200,7.5300,13126600,99143104.0000,3
2025-10-20,20251020095500000,sh.601398,7.5400,7.5400,7.5100,7.5200,13512300,101674122.0000,3
2025-10-20,20251020100000000,sh.601398,7.5300,7.5300,7.4900,7.5000,20854400,156445110.0000,3
2025-10-20,20251020100500000,sh.601398,7.5000,7.5100,7.4700,7.5000,25667300,192208386.0000,3
2025-10-20,20251020101000000,sh.601398,7.5000,7.5100,7.4700,7.4800,16467300,123160826.0000,3
2025-10-20,20251020101500000,sh.601398,7.4700,7.5200,7.4700,7.5100,15962000,119514254.0000,3
2025-10-20,20251020102000000,sh.601398,7.5100,7.5400,7.5100,7.5400,10214400,76829434.0000,3
2025-10-20,20251020102500000,sh.601398,7.5400,7.5600,7.5300,7.5500,12395700,93529984.0000,3
2025-10-20,20251020103000000,sh.601398,7.5500,7.5600,7.5200,7.5300,7132700,53759743.0000,3
2025-10-20,20251020103500000,sh.601398,7.5300,7.5400,7.5200,7.5400,4068400,30622727.0000,3
2025-10-20,20251020104000000,sh.601398,7.5400,7.5600,7.5300,7.5600,8441800,63716986.0000,3
2025-10-20,20251020104500000,sh.601398,7.5600,7.5800,7.5600,7.5600,4563600,34541696.0000,3
2025-10-20,20251020105000000,sh.601398,7.5700,7.5800,7.5500,7.5600,9346700,70657921.0000,3
2025-10-20,20251020105500000,sh.601398,7.5500,7.5700,7.5500,7.5600,2399500,18138758.0000,3
2025-10-20,20251020110000000,sh.601398,7.5500,7.5700,7.5500,7.5700,4871500,36833401.0000,3
2025-10-20,20251020110500000,sh.601398,7.5700,7.5800,7.5600,7.5700,3774200,28570240.0000,3
2025-10-20,20251020111000000,sh.601398,7.5700,7.6000,7.5700,7.5800,8260400,62643712.0000,3
2025-10-20,20251020111500000,sh.601398,7.5900,7.5900,7.5700,7.5900,4135700,31350784.0000,3
2025-10-20,20251020112000000,sh.601398,7.5800,7.5900,7.5800,7.5900,1307100,9914496.0000,3
2025-10-20,20251020112500000,sh.601398,7.5800,7.5900,7.5800,7.5800,1997600,15150592.0000,3
2025-10-20,20251020113000000,sh.601398,7.5900,7.5900,7.5700,7.5700,3324000,25196032.0000,3
2025-10-20,20251020130500000,sh.601398,7.5700,7.6000,7.5700,7.5900,6271200,47558272.0000,3
2025-10-20,20251020131000000,sh.601398,7.6000,7.6100,7.5900,7.6000,5647700,42908928.0000,3
2025-10-20,20251020131500000,sh.601398,7.6100,7.6200,7.6000,7.6200,5051200,38449152.0000,3
2025-10-20,20251020132000000,sh.601398,7.6100,7.6400,7.6100,7.6400,9309500,71022336.0000,3
2025-10-20,20251020132500000,sh.601398,7.6300,7.6500,7.6300,7.6300,9293000,71049984.0000,3
2025-10-20,20251020133000000,sh.601398,7.6400,7.6500,7.6300,7.6400,4149000,31699200.0000,3
2025-10-20,20251020133500000,sh.601398,7.6400,7.6400,7.6200,7.6200,5382600,41054464.0000,3
2025-10-20,20251020134000000,sh.601398,7.6200,7.6300,7.6100,7.6100,2189100,16679168.0000,3
2025-10-20,20251020134500000,sh.601398,7.6200,7.6300,7.6100,7.6200,2497600,19041024.0000,3
2025-10-20,20251020135000000,sh.601398,7.6200,7.6400,7.6200,7.6400,3307100,25223680.0000,3
2025-10-20,20251020135500000,sh.601398,7.6400,7.6400,7.6200,7.6200,4819600,36773888.0000,3
2025-10-20,20251020140000000,sh.601398,7.6300,7.6300,7.6100,7.6200,3497700,26659072.0000,3
2025-10-20,20251020140500000,sh.601398,7.6200,7.6200,7.6100,7.6200,2413400,18373120.0000,3
2025-10-20,20251020141000000,sh.601398,7.6100,7.6300,7.6100,7.6200,2421600,18451968.0000,3
2025-10-20,20251020141500000,sh.601398,7.6300,7.6300,7.6100,7.6200,2691900,20513792.0000,3
2025-10-20,20251020142000000,sh.601398,7.6200,7.6200,7.6100,7.6100,3464900,26385920.0000,3
2025-10-20,20251020142500000,sh.601398,7.6100,7.6200,7.6000,7.6100,4536900,34526720.0000,3
2025-10-20,20251020143000000,sh.601398,7.6100,7.6100,7.6000,7.6000,2232000,16975360.0000,3
2025-10-20,20251020143500000,sh.601398,7.6100,7.6200,7.6000,7.6100,5109200,38876160.0000,3
2025-10-20,20251020144000000,sh.601398,7.6100,7.6200,7.6000,7.6100,3641100,27702528.0000,3
2025-10-20,20251020144500000,sh.601398,7.6100,7.6200,7.6000,7.6000,5429800,41317120.0000,3
2025-10-20,20251020145000000,sh.601398,7.6100,7.6200,7.6000,7.6100,4505500,34284800.0000,3
2025-10-20,20251020145500000,sh.601398,7.6100,7.6200,7.6100,7.6100,7191400,54751232.0000,3
2025-10-20,20251020150000000,sh.601398,7.6200,7.6200,7.6100,7.6100,6450600,49102848.0000,3
2025-10-21,20251021093500000,sh.601398,7.5800,7.6200,7.5800,7.6000,24020700,182404336.0000,3
2025-10-21,20251021094000000,sh.601398,7.6000,7.6300,7.6000,7.6300,17455500,132919056.0000,3
2025-10-21,20251021094500000,sh.601398,7.6300,7.6400,7.6100,7.6100,16109800,122882496.0000,3
2025-10-21,20251021095000000,sh.601398,7.6200,7.6300,7.5800,7.5800,10343500,78640224.0000,3
2025-10-21,20251021095500000,sh.601398,7.5800,7.6000,7.5800,7.5800,10870500,82464986.0000,3
2025-10-21,20251021100000000,sh.601398,7.5900,7.6200,7.5900,7.6100,5073500,38578566.0000,3
2025-10-21,20251021100500000,sh.601398,7.6000,7.6300,7.6000,7.6000,8938400,68065533.0000,3
2025-10-21,20251021101000000,sh.601398,7.6000,7.6000,7.5800,7.5900,7427800,56362761.0000,3
2025-10-21,20251021101500000,sh.601398,7.5900,7.5900,7.5800,7.5800,3503900,26587128.0000,3
2025-10-21,20251021102000000,sh.601398,7.5900,7.6100,7.5800,7.6000,3297400,25049794.0000,3
2025-10-21,20251021102500000,sh.601398,7.6000,7.6100,7.5900,7.6000,2243300,17042887.0000,3
2025-10-21,20251021103000000,sh.601398,7.6000,7.6000,7.5800,7.5800,9686300,73480059.0000,3
2025-10-21,20251021103500000,sh.601398,7.5700,7.5800,7.5600,7.5700,11069400,83815034.0000,3
2025-10-21,20251021104000000,sh.601398,7.5800,7.5800,7.5700,7.5800,6359600,48167494.0000,3
2025-10-21,20251021104500000,sh.601398,7.5700,7.5800,7.5500,7.5500,11363200,85933246.0000,3
2025-10-21,20251021105000000,sh.601398,7.5500,7.5600,7.5400,7.5600,13126200,99094776.0000,3
2025-10-21,20251021105500000,sh.601398,7.5500,7.5700,7.5500,7.5600,5793900,43804430.0000,3
2025-10-21,20251021110000000,sh.601398,7.5700,7.5800,7.5600,7.5700,4287300,32452466.0000,3
2025-10-21,20251021110500000,sh.601398,7.5800,7.5800,7.5700,7.5700,2761000,20920458.0000,3
2025-10-21,20251021111000000,sh.601398,7.5700,7.6000,7.5700,7.5900,5458900,41399670.0000,3
2025-10-21,20251021111500000,sh.601398,7.5900,7.6000,7.5800,7.6000,2055500,15597705.0000,3
2025-10-21,20251021112000000,sh.601398,7.5900,7.6000,7.5900,7.6000,1926400,14633599.0000,3
2025-10-21,20251021112500000,sh.601398,7.6000,7.6000,7.5900,7.5900,3454800,26245120.0000,3
2025-10-21,20251021113000000,sh.601398,7.5900,7.6100,7.5900,7.6000,5217800,39683201.0000,3
2025-10-21,20251021130500000,sh.601398,7.6000,7.6000,7.5800,7.5900,16233400,123252983.0000,3
2025-10-21,20251021131000000,sh.601398,7.6000,7.6000,7.5700,7.5800,3291500,24946822.0000,3
2025-10-21,20251021131500000,sh.601398,7.5800,7.5800,7.5600,7.5700,4207700,31853704.0000,3
2025-10-21,20251021132000000,sh.601398,7.5800,7.5800,7.5600,7.5800,4698200,35565940.0000,3
2025-10-21,20251021132500000,sh.601398,7.5800,7.5900,7.5700,7.5900,3795800,28764039.0000,3
2025-10-21,20251021133000000,sh.601398,7.5900,7.6000,7.5800,7.5900,4288700,32550019.0000,3
2025-10-21,20251021133500000,sh.601398,7.5900,7.6000,7.5700,7.5800,5552500,42104823.0000,3
2025-10-21,20251021134000000,sh.601398,7.5900,7.5900,7.5800,7.5900,3009400,22819333.0000,3
2025-10-21,20251021134500000,sh.601398,7.5900,7.6100,7.5800,7.6100,5546500,42131448.0000,3
2025-10-21,20251021135000000,sh.601398,7.6100,7.6100,7.6000,7.6000,5829000,44355202.0000,3
2025-10-21,20251021135500000,sh.601398,7.6100,7.6300,7.6000,7.6300,10320000,78625024.0000,3
2025-10-21,20251021140000000,sh.601398,7.6200,7.6400,7.6100,7.6300,10693900,81576838.0000,3
2025-10-21,20251021140500000,sh.601398,7.6300,7.6400,7.6300,7.6300,3126500,23874432.0000,3
2025-10-21,20251021141000000,sh.601398,7.6400,7.6400,7.6300,7.6300,6282100,47944960.0000,3
2025-10-21,20251021141500000,sh.601398,7.6400,7.6400,7.6300,7.6400,3502100,26728320.0000,3
2025-10-21,20251021142000000,sh.601398,7.6400,7.6400,7.6300,7.6300,3123800,23844480.0000,3
2025-10-21,20251021142500000,sh.601398,7.6400,7.6500,7.6300,7.6500,11532100,88129024.0000,3
2025-10-21,20251021143000000,sh.601398,7.6500,7.6500,7.6400,7.6400,3935200,30082560.0000,3
2025-10-21,20251021143500000,sh.601398,7.6400,7.6500,7.6300,7.6400,6137600,46902272.0000,3
2025-10-21,20251021144000000,sh.601398,7.6500,7.6500,7.6300,7.6400,3908100,29859072.0000,3
2025-10-21,20251021144500000,sh.601398,7.6400,7.6500,7.6300,7.6400,5664100,43265536.0000,3
2025-10-21,20251021145000000,sh.601398,7.6300,7.6400,7.6300,7.6300,6928200,52889344.0000,3
2025-10-21,20251021145500000,sh.601398,7.6400,7.6400,7.6300,7.6300,8674000,66228480.0000,3
2025-10-21,20251021150000000,sh.601398,7.6300,7.6400,7.6300,7.6400,11988900,91556096.0000,3
2025-10-22,20251022093500000,sh.601398,7.6300,7.6900,7.6200,7.6400,21121800,161658848.0000,3
2025-10-22,20251022094000000,sh.601398,7.6400,7.6800,7.6300,7.6700,8088800,61923424.0000,3
2025-10-22,20251022094500000,sh.601398,7.6700,7.7000,7.6700,7.7000,21322700,163937568.0000,3
2025-10-22,20251022095000000,sh.601398,7.6900,7.7200,7.6900,7.7100,20259000,156168224.0000,3
2025-10-22,20251022095500000,sh.601398,7.7100,7.7100,7.6800,7.6900,13356500,102763398.0000,3
2025-10-22,20251022100000000,sh.601398,7.6900,7.7000,7.6800,7.7000,7781800,59862206.0000,3
2025-10-22,20251022100500000,sh.601398,7.6900,7.7000,7.6800,7.6900,4232900,32554748.0000,3
2025-10-22,20251022101000000,sh.601398,7.6900,7.7000,7.6800,7.6900,3825200,29411900.0000,3
2025-10-22,20251022101500000,sh.601398,7.6800,7.7000,7.6700,7.6800,4917300,37799175.0000,3
2025-10-22,20251022102000000,sh.601398,7.6700,7.6800,7.6600,7.6700,4867900,37319099.0000,3
2025-10-22,20251022102500000,sh.601398,7.6700,7.6700,7.6600,7.6600,4080700,31284928.0000,3
2025-10-22,20251022103000000,sh.601398,7.6600,7.6700,7.6600,7.6700,2619300,20082697.0000,3
2025-10-22,20251022103500000,sh.601398,7.6700,7.6700,7.6600,7.6700,4477400,34303097.0000,3
2025-10-22,20251022104000000,sh.601398,7.6600,7.6700,7.6500,7.6600,2951700,22611578.0000,3
2025-10-22,20251022104500000,sh.601398,7.6600,7.6900,7.6600,7.6800,4617700,35440397.0000,3
2025-10-22,20251022105000000,sh.601398,7.6900,7.7000,7.6800,7.6900,4336400,33344313.0000,3
2025-10-22,20251022105500000,sh.601398,7.6900,7.7000,7.6800,7.6800,3474900,26709760.0000,3
2025-10-22,20251022110000000,sh.601398,7.6800,7.6900,7.6700,7.6800,4160600,31959488.0000,3
2025-10-22,20251022110500000,sh.601398,7.6900,7.6900,7.6800,7.6900,2186200,16796546.0000,3
2025-10-22,20251022111000000,sh.601398,7.6800,7.6900,7.6700,7.6900,3675200,28220414.0000,3
2025-10-22,20251022111500000,sh.601398,7.6900,7.6900,7.6800,7.6800,2161100,16606714.0000,3
2025-10-22,20251022112000000,sh.601398,7.6800,7.6900,7.6800,7.6800,2353200,18083718.0000,3
2025-10-22,20251022112500000,sh.601398,7.6800,7.6800,7.6400,7.6600,13132200,100557570.0000,3
2025-10-22,20251022113000000,sh.601398,7.6700,7.6800,7.6600,7.6800,2482500,19039620.0000,3
2025-10-22,20251022130500000,sh.601398,7.6800,7.6900,7.6500,7.6600,9183400,70405880.0000,3
2025-10-22,20251022131000000,sh.601398,7.6700,7.6800,7.6600,7.6800,2326000,17851906.0000,3
2025-10-22,20251022131500000,sh.601398,7.6800,7.6900,7.6600,7.6700,6055200,46482944.0000,3
2025-10-22,20251022132000000,sh.601398,7.6800,7.7000,7.6700,7.7000,7714300,59296892.0000,3
2025-10-22,20251022132500000,sh.601398,7.7000,7.7100,7.6900,7.7100,13172700,101455498.0000,3
2025-10-22,20251022133000000,sh.601398,7.7000,7.7100,7.6900,7.7100,4659200,35888634.0000,3
2025-10-22,20251022133500000,sh.601398,7.7100,7.7100,7.6900,7.7000,6600400,50841343.0000,3
2025-10-22,20251022134000000,sh.601398,7.7000,7.7000,7.6900,7.6900,5107400,39291782.0000,3
2025-10-22,20251022134500000,sh.601398,7.6900,7.7000,7.6900,7.7000,5362200,41278835.0000,3
2025-10-22,20251022135000000,sh.601398,7.7000,7.7000,7.6900,7.7000,2738300,21076741.0000,3
2025-10-22,20251022135500000,sh.601398,7.6900,7.7100,7.6900,7.7100,3395700,26156541.0000,3
2025-10-22,20251022140000000,sh.601398,7.7100,7.7100,7.7000,7.7100,3978900,30666888.0000,3
2025-10-22,20251022140500000,sh.601398,7.7100,7.7400,7.7000,7.7400,25934500,200227326.0000,3
2025-10-22,20251022141000000,sh.601398,7.7400,7.7600,7.7300,7.7500,20552900,159250560.0000,3
2025-10-22,20251022141500000,sh.601398,7.7600,7.7600,7.7400,7.7600,9316100,72261632.0000,3
2025-10-22,20251022142000000,sh.601398,7.7500,7.7800,7.7500,7.7800,9813400,76233728.0000,3
2025-10-22,20251022142500000,sh.601398,7.7700,7.7800,7.7600,7.7700,14166500,110084864.0000,3
2025-10-22,20251022143000000,sh.601398,7.7800,7.7800,7.7700,7.7800,6538200,50841344.0000,3
2025-10-22,20251022143500000,sh.601398,7.7800,7.7800,7.7600,7.7600,4640700,36052480.0000,3
2025-10-22,20251022144000000,sh.601398,7.7700,7.7800,7.7700,7.7800,6356500,49415936.0000,3
2025-10-22,20251022144500000,sh.601398,7.7800,7.7800,7.7700,7.7800,9034100,70265600.0000,3
2025-10-22,20251022145000000,sh.601398,7.7800,7.7900,7.7700,7.7800,16872000,131249152.0000,3
2025-10-22,20251022145500000,sh.601398,7.7700,7.7800,7.7600,7.7700,12380600,96178176.0000,3
2025-10-22,20251022150000000,sh.601398,7.7600,7.7700,7.7600,7.7600,9204400,71447808.0000,3
2025-10-23,20251023093500000,sh.601398,7.7600,7.8200,7.7600,7.8200,40890300,318611424.0000,3
2025-10-23,20251023094000000,sh.601398,7.8300,7.8500,7.8200,7.8500,28336800,221921632.0000,3
2025-10-23,20251023094500000,sh.601398,7.8400,7.8600,7.8300,7.8500,26814200,210446272.0000,3
2025-10-23,20251023095000000,sh.601398,7.8500,7.8600,7.8300,7.8500,14250500,111790847.0000,3
2025-10-23,20251023095500000,sh.601398,7.8500,7.8800,7.8500,7.8500,30247100,237980421.0000,3
2025-10-23,20251023100000000,sh.601398,7.8600,7.8700,7.8200,7.8200,13571900,106529015.0000,3
2025-10-23,20251023100500000,sh.601398,7.8100,7.8400,7.8100,7.8200,15556800,121718402.0000,3
2025-10-23,20251023101000000,sh.601398,7.8300,7.8600,7.8300,7.8400,11862500,93041411.0000,3
2025-10-23,20251023101500000,sh.601398,7.8400,7.8500,7.7800,7.7800,19794700,154545025.0000,3
2025-10-23,20251023102000000,sh.601398,7.7800,7.7900,7.7600,7.7800,12905200,100273023.0000,3
2025-10-23,20251023102500000,sh.601398,7.7800,7.7900,7.7500,7.7500,10219300,79392896.0000,3
2025-10-23,20251023103000000,sh.601398,7.7600,7.7700,7.7400,7.7500,9343000,72437888.0000,3
2025-10-23,20251023103500000,sh.601398,7.7500,7.7700,7.7200,7.7200,14621100,113189760.0000,3
2025-10-23,20251023104000000,sh.601398,7.7200,7.7300,7.7100,7.7200,8721300,67324800.0000,3
2025-10-23,20251023104500000,sh.601398,7.7200,7.7500,7.7200,7.7400,3700800,28620800.0000,3
2025-10-23,20251023105000000,sh.601398,7.7300,7.7600,7.7300,7.7400,3418300,26473472.0000,3
2025-10-23,20251023105500000,sh.601398,7.7400,7.7800,7.7400,7.7700,5006100,38859264.0000,3
2025-10-23,20251023110000000,sh.601398,7.7700,7.7800,7.7600,7.7800,5414100,42084476.0000,3
2025-10-23,20251023110500000,sh.601398,7.7800,7.8000,7.7700,7.7800,7905500,61575687.0000,3
2025-10-23,20251023111000000,sh.601398,7.7800,7.8000,7.7800,7.7900,5538200,43129599.0000,3
2025-10-23,20251023111500000,sh.601398,7.7900,7.7900,7.7700,7.7900,4025200,31324161.0000,3
2025-10-23,20251023112000000,sh.601398,7.7800,7.8000,7.7800,7.7800,4834000,37644545.0000,3
2025-10-23,20251023112500000,sh.601398,7.7800,7.7800,7.7500,7.7600,4692200,36450300.0000,3
2025-10-23,20251023113000000,sh.601398,7.7700,7.7900,7.7600,7.7800,4627700,36008961.0000,3
2025-10-23,20251023130500000,sh.601398,7.7800,7.7800,7.7500,7.7500,10656200,82752511.0000,3
2025-10-23,20251023131000000,sh.601398,7.7500,7.7700,7.7400,7.7600,3059600,23731456.0000,3
2025-10-23,20251023131500000,sh.601398,7.7600,7.7700,7.7600,7.7600,1259300,9776128.0000,3
2025-10-23,20251023132000000,sh.601398,7.7600,7.7800,7.7600,7.7800,3983000,30950400.0000,3
2025-10-23,20251023132500000,sh.601398,7.7800,7.7800,7.7700,7.7800,2254700,17531136.0000,3
2025-10-23,20251023133000000,sh.601398,7.7800,7.7800,7.7700,7.7700,1718800,13364996.0000,3
2025-10-23,20251023133500000,sh.601398,7.7700,7.7900,7.7700,7.7900,5561100,43265020.0000,3
2025-10-23,20251023134000000,sh.601398,7.7900,7.8000,7.7800,7.7900,5212300,40609024.0000,3
2025-10-23,20251023134500000,sh.601398,7.7900,7.7900,7.7800,7.7900,1810700,14098176.0000,3
2025-10-23,20251023135000000,sh.601398,7.7900,7.7900,7.7700,7.7700,3363400,26171132.0000,3
2025-10-23,20251023135500000,sh.601398,7.7800,7.8000,7.7700,7.7900,5499800,42832136.0000,3
2025-10-23,20251023140000000,sh.601398,7.7900,7.8000,7.7800,7.7900,2967500,23128569.0000,3
2025-10-23,20251023140500000,sh.601398,7.8000,7.8200,7.7900,7.8200,7891400,61615109.0000,3
2025-10-23,20251023141000000,sh.601398,7.8300,7.8400,7.8200,7.8300,9214100,72171518.0000,3
2025-10-23,20251023141500000,sh.601398,7.8200,7.8300,7.8100,7.8200,4174200,32618496.0000,3
2025-10-23,20251023142000000,sh.601398,7.8100,7.8300,7.8100,7.8300,4350700,34032644.0000,3
2025-10-23,20251023142500000,sh.601398,7.8300,7.8300,7.8100,7.8200,3919100,30645241.0000,3
2025-10-23,20251023143000000,sh.601398,7.8300,7.8300,7.8200,7.8300,6272300,49102083.0000,3
2025-10-23,20251023143500000,sh.601398,7.8300,7.8400,7.8200,7.8300,7344300,57538048.0000,3
2025-10-23,20251023144000000,sh.601398,7.8300,7.8500,7.8300,7.8300,7699400,60371200.0000,3
2025-10-23,20251023144500000,sh.601398,7.8300,7.8400,7.8300,7.8400,5001900,39182592.0000,3
2025-10-23,20251023145000000,sh.601398,7.8400,7.8400,7.8200,7.8300,9947200,77941248.0000,3
2025-10-23,20251023145500000,sh.601398,7.8300,7.8400,7.8200,7.8400,6692200,52396288.0000,3
2025-10-23,20251023150000000,sh.601398,7.8300,7.8400,7.8200,7.8400,6511400,51024376.0000,3
2025-10-24,20251024093500000,sh.601398,7.8000,7.8100,7.7700,7.8100,38004600,296056832.0000,3
2025-10-24,20251024094000000,sh.601398,7.8200,7.8300,7.7900,7.8000,21138000,165094400.0000,3
2025-10-24,20251024094500000,sh.601398,7.7900,7.8000,7.7600,7.8000,21758800,169215106.0000,3
2025-10-24,20251024095000000,sh.601398,7.7900,7.8300,7.7800,7.8100,14800800,115570747.0000,3
2025-10-24,20251024095500000,sh.601398,7.8100,7.8400,7.8100,7.8400,9083700,71085891.0000,3
2025-10-24,20251024100000000,sh.601398,7.8300,7.8400,7.7900,7.8100,8403700,65667974.0000,3
2025-10-24,20251024100500000,sh.601398,7.7900,7.8300,7.7900,7.8300,4751900,37131200.0000,3
2025-10-24,20251024101000000,sh.601398,7.8200,7.8300,7.8100,7.8200,6057500,47401020.0000,3
2025-10-24,20251024101500000,sh.601398,7.8200,7.8200,7.7900,7.7900,7405000,57801860.0000,3
2025-10-24,20251024102000000,sh.601398,7.8000,7.8100,7.7900,7.8000,7699500,60015226.0000,3
2025-10-24,20251024102500000,sh.601398,7.8000,7.8100,7.7800,7.7800,5873500,45777660.0000,3
2025-10-24,20251024103000000,sh.601398,7.7800,7.8200,7.7800,7.8100,6031500,47038721.0000,3
2025-10-24,20251024103500000,sh.601398,7.8100,7.8500,7.8100,7.8400,12188700,95461893.0000,3
2025-10-24,20251024104000000,sh.601398,7.8400,7.8600,7.8400,7.8600,9619200,75497854.0000,3
2025-10-24,20251024104500000,sh.601398,7.8500,7.8800,7.8500,7.8700,10062700,79155712.0000,3
2025-10-24,20251024105000000,sh.601398,7.8700,7.8900,7.8600,7.8600,9539100,75157504.0000,3
2025-10-24,20251024105500000,sh.601398,7.8600,7.8800,7.8600,7.8600,2540000,19987456.0000,3
2025-10-24,20251024110000000,sh.601398,7.8600,7.8600,7.8400,7.8500,4141900,32524800.0000,3
2025-10-24,20251024110500000,sh.601398,7.8500,7.8700,7.8400,7.8600,4320900,33944189.0000,3
2025-10-24,20251024111000000,sh.601398,7.8600,7.8700,7.8500,7.8500,1823800,14339459.0000,3
2025-10-24,20251024111500000,sh.601398,7.8600,7.8700,7.8500,7.8700,1896700,14904832.0000,3
2025-10-24,20251024112000000,sh.601398,7.8700,7.8700,7.8500,7.8600,3324600,26135936.0000,3
2025-10-24,20251024112500000,sh.601398,7.8600,7.8700,7.8500,7.8500,2177200,17108480.0000,3
2025-10-24,20251024113000000,sh.601398,7.8500,7.8600,7.8400,7.8400,3269700,25674368.0000,3
2025-10-24,20251024130500000,sh.601398,7.8500,7.8800,7.8400,7.8700,10604200,83328640.0000,3
2025-10-24,20251024131000000,sh.601398,7.8700,7.8800,7.8600,7.8800,3371800,26548224.0000,3
2025-10-24,20251024131500000,sh.601398,7.8700,7.8800,7.8600,7.8600,3729500,29335936.0000,3
2025-10-24,20251024132000000,sh.601398,7.8600,7.8700,7.8600,7.8600,1844700,14503296.0000,3
2025-10-24,20251024132500000,sh.601398,7.8700,7.8700,7.8600,7.8700,3237700,25461888.0000,3
2025-10-24,20251024133000000,sh.601398,7.8700,7.8800,7.8600,7.8700,8030100,63196672.0000,3
2025-10-24,20251024133500000,sh.601398,7.8800,7.8800,7.8700,7.8700,2618900,20621952.0000,3
2025-10-24,20251024134000000,sh.601398,7.8700,7.8800,7.8700,7.8700,2952600,23239296.0000,3
2025-10-24,20251024134500000,sh.601398,7.8700,7.8800,7.8700,7.8800,3612700,28448000.0000,3
2025-10-24,20251024135000000,sh.601398,7.8800,7.8800,7.8700,7.8700,2679300,21105920.0000,3
2025-10-24,20251024135500000,sh.601398,7.8700,7.8800,7.8700,7.8700,4091200,32228608.0000,3
2025-10-24,20251024140000000,sh.601398,7.8800,7.8800,7.8700,7.8800,3834100,30193664.0000,3
2025-10-24,20251024140500000,sh.601398,7.8700,7.8800,7.8700,7.8800,4252800,33481600.0000,3
2025-10-24,20251024141000000,sh.601398,7.8800,7.8800,7.8600,7.8700,3815800,30027648.0000,3
2025-10-24,20251024141500000,sh.601398,7.8700,7.8800,7.8600,7.8700,3132900,24658176.0000,3
2025-10-24,20251024142000000,sh.601398,7.8700,7.8800,7.8700,7.8700,5138400,40444160.0000,3
2025-10-24,20251024142500000,sh.601398,7.8800,7.8800,7.8700,7.8700,2332000,18356224.0000,3
2025-10-24,20251024143000000,sh.601398,7.8700,7.8800,7.8600,7.8600,4362000,34331648.0000,3
2025-10-24,20251024143500000,sh.601398,7.8700,7.8700,7.8500,7.8600,6564600,51581703.0000,3
2025-10-24,20251024144000000,sh.601398,7.8600,7.8700,7.8500,7.8500,6119400,48074238.0000,3
2025-10-24,20251024144500000,sh.601398,7.8500,7.8600,7.8400,7.8400,4474900,35108603.0000,3
2025-10-24,20251024145000000,sh.601398,7.8400,7.8500,7.8400,7.8400,6083200,47715584.0000,3
2025-10-24,20251024145500000,sh.601398,7.8400,7.8500,7.8400,7.8400,8176700,64159744.0000,3
2025-10-24,20251024150000000,sh.601398,7.8400,7.8500,7.8400,7.8400,5389800,42266366.0000,3
2025-10-27,20251027093500000,sh.601398,7.8000,7.8200,7.7500,7.7800,42529200,330760896.0000,3
2025-10-27,20251027094000000,sh.601398,7.7700,7.8000,7.7400,7.7500,21993700,170738944.0000,3
2025-10-27,20251027094500000,sh.601398,7.7400,7.7700,7.7400,7.7500,22232700,172401208.0000,3
2025-10-27,20251027095000000,sh.601398,7.7400,7.8200,7.7400,7.8200,18126700,140917709.0000,3
2025-10-27,20251027095500000,sh.601398,7.8100,7.8200,7.7900,7.8100,10756200,83991613.0000,3
2025-10-27,20251027100000000,sh.601398,7.8200,7.8300,7.8000,7.8300,15321300,119758210.0000,3
2025-10-27,20251027100500000,sh.601398,7.8300,7.8500,7.8300,7.8400,19945800,156413820.0000,3
2025-10-27,20251027101000000,sh.601398,7.8400,7.8600,7.8300,7.8600,8819700,69217408.0000,3
2025-10-27,20251027101500000,sh.601398,7.8600,7.8900,7.8500,7.8900,17877200,140692992.0000,3
2025-10-27,20251027102000000,sh.601398,7.8900,7.9300,7.8800,7.9300,25539300,201908736.0000,3
2025-10-27,20251027102500000,sh.601398,7.9300,7.9300,7.8900,7.8900,9565800,75739904.0000,3
2025-10-27,20251027103000000,sh.601398,7.8900,7.9000,7.8800,7.8900,5984800,47218688.0000,3
2025-10-27,20251027103500000,sh.601398,7.8900,7.9100,7.8700,7.8900,7051000,55610880.0000,3
2025-10-27,20251027104000000,sh.601398,7.8900,7.9100,7.8800,7.9000,4860700,38388224.0000,3
2025-10-27,20251027104500000,sh.601398,7.9000,7.9200,7.8900,7.9100,7164000,56649856.0000,3
2025-10-27,20251027105000000,sh.601398,7.9100,7.9200,7.9000,7.9000,5481000,43342208.0000,3
2025-10-27,20251027105500000,sh.601398,7.9000,7.9200,7.8900,7.9200,14425600,114178688.0000,3
2025-10-27,20251027110000000,sh.601398,7.9200,7.9300,7.9100,7.9200,15181100,120333568.0000,3
2025-10-27,20251027110500000,sh.601398,7.9200,7.9400,7.9100,7.9100,5861300,46456320.0000,3
2025-10-27,20251027111000000,sh.601398,7.9100,7.9100,7.9000,7.9100,1294300,10231552.0000,3
2025-10-27,20251027111500000,sh.601398,7.9100,7.9100,7.9000,7.9000,1438600,11373568.0000,3
2025-10-27,20251027112000000,sh.601398,7.9000,7.9200,7.9000,7.9000,3809700,30138880.0000,3
2025-10-27,20251027112500000,sh.601398,7.9100,7.9100,7.8900,7.8900,1966800,15536640.0000,3
2025-10-27,20251027113000000,sh.601398,7.8900,7.9000,7.8800,7.8900,2613700,20619776.0000,3
2025-10-27,20251027130500000,sh.601398,7.8900,7.9100,7.8800,7.8900,7809700,61641216.0000,3
2025-10-27,20251027131000000,sh.601398,7.9000,7.9100,7.8900,7.9000,3430300,27100928.0000,3
2025-10-27,20251027131500000,sh.601398,7.9000,7.9200,7.9000,7.9200,4104500,32449280.0000,3
2025-10-27,20251027132000000,sh.601398,7.9200,7.9200,7.9100,7.9100,2881200,22804224.0000,3
2025-10-27,20251027132500000,sh.601398,7.9100,7.9200,7.9000,7.9100,3519400,27833344.0000,3
2025-10-27,20251027133000000,sh.601398,7.9100,7.9200,7.9000,7.9100,1876200,14848000.0000,3
2025-10-27,20251027133500000,sh.601398,7.9200,7.9200,7.9000,7.9100,2286500,18088192.0000,3
2025-10-27,20251027134000000,sh.601398,7.9000,7.9300,7.9000,7.9300,8877600,70314496.0000,3
2025-10-27,20251027134500000,sh.601398,7.9300,7.9400,7.9200,7.9200,3697900,29309952.0000,3
2025-10-27,20251027135000000,sh.601398,7.9300,7.9300,7.9100,7.9100,3522800,27886080.0000,3
2025-10-27,20251027135500000,sh.601398,7.9100,7.9200,7.9000,7.9100,2201700,17404672.0000,3
2025-10-27,20251027140000000,sh.601398,7.9000,7.9100,7.9000,7.9000,2862200,22619136.0000,3
2025-10-27,20251027140500000,sh.601398,7.9000,7.9100,7.8900,7.9000,3239400,25586944.0000,3
2025-10-27,20251027141000000,sh.601398,7.8800,7.8900,7.8700,7.8800,3347100,26372352.0000,3
2025-10-27,20251027141500000,sh.601398,7.8800,7.8800,7.8600,7.8800,3746900,29491707.0000,3
2025-10-27,20251027142000000,sh.601398,7.8800,7.9000,7.8700,7.8900,4923400,38828293.0000,3
2025-10-27,20251027142500000,sh.601398,7.9000,7.9000,7.8800,7.9000,1967100,15528704.0000,3
2025-10-27,20251027143000000,sh.601398,7.9000,7.9000,7.8900,7.8900,3469100,27380992.0000,3
2025-10-27,20251027143500000,sh.601398,7.8900,7.9000,7.8800,7.8800,5237400,41303296.0000,3
2025-10-27,20251027144000000,sh.601398,7.8900,7.9000,7.8800,7.8900,4154200,32772096.0000,3
2025-10-27,20251027144500000,sh.601398,7.9000,7.9000,7.8900,7.8900,5346700,42191616.0000,3
2025-10-27,20251027145000000,sh.601398,7.9000,7.9000,7.8900,7.8900,4454800,35177472.0000,3
2025-10-27,20251027145500000,sh.601398,7.9000,7.9000,7.8900,7.8900,7558300,59684864.0000,3
2025-10-27,20251027150000000,sh.601398,7.9000,7.9100,7.8900,7.9100,7640100,60378368.0000,3
2025-10-28,20251028093500000,sh.601398,7.9000,7.9400,7.8900,7.9000,19305300,152860144.0000,3
2025-10-28,20251028094000000,sh.601398,7.9000,7.9200,7.8900,7.9100,11342200,89660032.0000,3
2025-10-28,20251028094500000,sh.601398,7.9100,7.9200,7.8900,7.9000,8606400,68027088.0000,3
2025-10-28,20251028095000000,sh.601398,7.9000,7.9300,7.9000,7.9300,9714100,76931680.0000,3
2025-10-28,20251028095500000,sh.601398,7.9400,7.9400,7.9100,7.9200,9351500,74139552.0000,3
2025-10-28,20251028100000000,sh.601398,7.9200,7.9300,7.8800,7.8900,11865900,93764544.0000,3
2025-10-28,20251028100500000,sh.601398,7.8800,7.8900,7.8600,7.8900,16780500,132038848.0000,3
2025-10-28,20251028101000000,sh.601398,7.8900,7.8900,7.8600,7.8900,7411800,58351556.0000,3
2025-10-28,20251028101500000,sh.601398,7.9000,7.9300,7.8800,7.9200,6518600,51551489.0000,3
2025-10-28,20251028102000000,sh.601398,7.9100,7.9400,7.9100,7.9300,9320400,73866240.0000,3
2025-10-28,20251028102500000,sh.601398,7.9300,7.9300,7.9100,7.9200,4542900,35978424.0000,3
2025-10-28,20251028103000000,sh.601398,7.9300,7.9300,7.9100,7.9200,4947400,39188296.0000,3
2025-10-28,20251028103500000,sh.601398,7.9200,7.9300,7.9100,7.9100,2458100,19465211.0000,3
2025-10-28,20251028104000000,sh.601398,7.9200,7.9200,7.8900,7.9000,3738000,29548672.0000,3
2025-10-28,20251028104500000,sh.601398,7.9000,7.9100,7.9000,7.9000,1270700,10048314.0000,3
2025-10-28,20251028105000000,sh.601398,7.9100,7.9200,7.9000,7.9200,2831800,22398914.0000,3
2025-10-28,20251028105500000,sh.601398,7.9200,7.9300,7.9100,7.9100,2354600,18649916.0000,3
2025-10-28,20251028110000000,sh.601398,7.9100,7.9400,7.9100,7.9400,4016500,31842752.0000,3
2025-10-28,20251028110500000,sh.601398,7.9400,7.9400,7.9200,7.9400,3966300,31458308.0000,3
2025-10-28,20251028111000000,sh.601398,7.9300,7.9500,7.9300,7.9500,6226000,49440260.0000,3
2025-10-28,20251028111500000,sh.601398,7.9500,7.9500,7.9400,7.9400,4325600,34347128.0000,3
2025-10-28,20251028112000000,sh.601398,7.9400,7.9700,7.9400,7.9600,17432400,138641418.0000,3
2025-10-28,20251028112500000,sh.601398,7.9700,7.9700,7.9500,7.9700,5045100,40163962.0000,3
2025-10-28,20251028113000000,sh.601398,7.9600,7.9700,7.9600,7.9600,3581900,28530564.0000,3
2025-10-28,20251028130500000,sh.601398,7.9700,7.9900,7.9500,7.9900,16939700,135098496.0000,3
2025-10-28,20251028131000000,sh.601398,7.9900,8.0000,7.9900,8.0000,12332500,98594944.0000,3
2025-10-28,20251028131500000,sh.601398,8.0000,8.0100,7.9900,8.0000,12774600,102206976.0000,3
2025-10-28,20251028132000000,sh.601398,8.0000,8.0200,7.9900,8.0000,11079300,88711936.0000,3
2025-10-28,20251028132500000,sh.601398,8.0000,8.0100,8.0000,8.0100,4580100,36659840.0000,3
2025-10-28,20251028133000000,sh.601398,8.0100,8.0100,7.9800,7.9800,7614900,60930304.0000,3
2025-10-28,20251028133500000,sh.601398,7.9900,8.0000,7.9800,7.9900,4598600,36735232.0000,3
2025-10-28,20251028134000000,sh.601398,8.0000,8.0000,7.9800,7.9800,5609500,44828928.0000,3
2025-10-28,20251028134500000,sh.601398,7.9900,8.0000,7.9700,7.9800,6393200,51061247.0000,3
2025-10-28,20251028135000000,sh.601398,7.9900,7.9900,7.9700,7.9800,3236200,25830401.0000,3
2025-10-28,20251028135500000,sh.601398,7.9900,7.9900,7.9800,7.9800,2577600,20589056.0000,3
2025-10-28,20251028140000000,sh.601398,7.9900,8.0000,7.9800,7.9900,7156700,57209856.0000,3
2025-10-28,20251028140500000,sh.601398,7.9800,8.0000,7.9800,7.9900,3567900,28521472.0000,3
2025-10-28,20251028141000000,sh.601398,8.0000,8.0000,7.9900,7.9900,5701300,45605632.0000,3
2025-10-28,20251028141500000,sh.601398,8.0000,8.0100,7.9900,8.0000,4488600,35913984.0000,3
2025-10-28,20251028142000000,sh.601398,8.0000,8.0000,7.9900,8.0000,5774900,46183936.0000,3
2025-10-28,20251028142500000,sh.601398,8.0000,8.0000,7.9900,7.9900,4212300,33689856.0000,3
2025-10-28,20251028143000000,sh.601398,7.9900,8.0000,7.9800,7.9900,6799400,54339328.0000,3
2025-10-28,20251028143500000,sh.601398,7.9900,7.9900,7.9800,7.9900,3612200,28839936.0000,3
2025-10-28,20251028144000000,sh.601398,7.9900,7.9900,7.9700,7.9700,3798000,30292741.0000,3
2025-10-28,20251028144500000,sh.601398,7.9700,7.9800,7.9600,7.9800,5032300,40104950.0000,3
2025-10-28,20251028145000000,sh.601398,7.9800,7.9800,7.9700,7.9700,5237100,41774334.0000,3
2025-10-28,20251028145500000,sh.601398,7.9800,7.9900,7.9700,7.9800,6247100,49836806.0000,3
2025-10-28,20251028150000000,sh.601398,7.9800,7.9900,7.9700,7.9900,5722800,45696769.0000,3
2025-10-29,20251029093500000,sh.601398,7.9800,7.9800,7.9200,7.9400,24064900,191173248.0000,3
2025-10-29,20251029094000000,sh.601398,7.9400,7.9400,7.8900,7.8900,22481400,177913408.0000,3
2025-10-29,20251029094500000,sh.601398,7.9000,7.9300,7.8900,7.9100,12607900,99765824.0000,3
2025-10-29,20251029095000000,sh.601398,7.9100,7.9200,7.8900,7.9100,12977800,102501182.0000,3
2025-10-29,20251029095500000,sh.601398,7.9000,7.9000,7.8700,7.8800,13847700,109140352.0000,3
2025-10-29,20251029100000000,sh.601398,7.8800,7.8900,7.8500,7.8900,15352200,120781574.0000,3
2025-10-29,20251029100500000,sh.601398,7.8900,7.9300,7.8800,7.9200,8142100,64380213.0000,3
2025-10-29,20251029101000000,sh.601398,7.9200,7.9400,7.9100,7.9300,4121100,32645133.0000,3
2025-10-29,20251029101500000,sh.601398,7.9400,7.9500,7.9300,7.9500,5524200,43854268.0000,3
2025-10-29,20251029102000000,sh.601398,7.9500,7.9700,7.9400,7.9600,6271100,49872452.0000,3
2025-10-29,20251029102500000,sh.601398,7.9600,7.9600,7.9500,7.9500,2502300,19901301.0000,3
2025-10-29,20251029103000000,sh.601398,7.9500,7.9600,7.9400,7.9500,2927800,23268357.0000,3
2025-10-29,20251029103500000,sh.601398,7.9400,7.9600,7.9400,7.9400,4854900,38599040.0000,3
2025-10-29,20251029104000000,sh.601398,7.9500,7.9600,7.9400,7.9600,5960200,47425272.0000,3
2025-10-29,20251029104500000,sh.601398,7.9600,7.9600,7.9300,7.9400,4510200,35823113.0000,3
2025-10-29,20251029105000000,sh.601398,7.9500,7.9500,7.9300,7.9500,2970800,23582457.0000,3
2025-10-29,20251029105500000,sh.601398,7.9500,7.9500,7.9300,7.9300,3451500,27413386.0000,3
2025-10-29,20251029110000000,sh.601398,7.9400,7.9400,7.9200,7.9300,3497000,27722740.0000,3
2025-10-29,20251029110500000,sh.601398,7.9300,7.9400,7.9200,7.9200,2248500,17823880.0000,3
2025-10-29,20251029111000000,sh.601398,7.9200,7.9300,7.9200,7.9200,1780800,14113152.0000,3
2025-10-29,20251029111500000,sh.601398,7.9300,7.9300,7.8900,7.8900,7416000,58641793.0000,3
2025-10-29,20251029112000000,sh.601398,7.8900,7.9100,7.8900,7.9000,4541300,35870713.0000,3
2025-10-29,20251029112500000,sh.601398,7.9100,7.9300,7.9100,7.9300,3477500,27540486.0000,3
2025-10-29,20251029113000000,sh.601398,7.9300,7.9300,7.9100,7.9200,2471100,19572600.0000,3
2025-10-29,20251029130500000,sh.601398,7.9200,7.9300,7.9000,7.9100,6163500,48779912.0000,3
2025-10-29,20251029131000000,sh.601398,7.9100,7.9100,7.9000,7.9100,2292600,18122104.0000,3
2025-10-29,20251029131500000,sh.601398,7.9100,7.9200,7.9000,7.9100,3359000,26586376.0000,3
2025-10-29,20251029132000000,sh.601398,7.9100,7.9200,7.8900,7.8900,6601900,52183160.0000,3
2025-10-29,20251029132500000,sh.601398,7.9000,7.9000,7.8900,7.8900,3606000,28463631.0000,3
2025-10-29,20251029133000000,sh.601398,7.8900,7.8900,7.8800,7.8800,6855400,54040573.0000,3
2025-10-29,20251029133500000,sh.601398,7.8800,7.8900,7.8700,7.8700,5429800,42753148.0000,3
2025-10-29,20251029134000000,sh.601398,7.8700,7.8800,7.8600,7.8700,8652200,68086912.0000,3
2025-10-29,20251029134500000,sh.601398,7.8800,7.8800,7.8600,7.8600,6103700,48009344.0000,3
2025-10-29,20251029135000000,sh.601398,7.8600,7.8700,7.8500,7.8500,11346700,89128320.0000,3
2025-10-29,20251029135500000,sh.601398,7.8600,7.8700,7.8500,7.8700,11245000,88352512.0000,3
2025-10-29,20251029140000000,sh.601398,7.8600,7.8700,7.8500,7.8600,9519900,74768384.0000,3
2025-10-29,20251029140500000,sh.601398,7.8600,7.8600,7.8400,7.8500,7290400,57197056.0000,3
2025-10-29,20251029141000000,sh.601398,7.8500,7.8500,7.8200,7.8300,9680000,75825664.0000,3
2025-10-29,20251029141500000,sh.601398,7.8200,7.8400,7.8200,7.8300,7857900,61516032.0000,3
2025-10-29,20251029142000000,sh.601398,7.8400,7.8400,7.8200,7.8300,8210800,64276224.0000,3
2025-10-29,20251029142500000,sh.601398,7.8300,7.8300,7.8200,7.8300,7653700,59868928.0000,3
2025-10-29,20251029143000000,sh.601398,7.8200,7.8300,7.8100,7.8300,7594000,59400704.0000,3
2025-10-29,20251029143500000,sh.601398,7.8300,7.8300,7.8200,7.8300,4008100,31356160.0000,3
2025-10-29,20251029144000000,sh.601398,7.8200,7.8400,7.8200,7.8300,10822100,84701440.0000,3
2025-10-29,20251029144500000,sh.601398,7.8300,7.8400,7.8200,7.8200,6740000,52735232.0000,3
2025-10-29,20251029145000000,sh.601398,7.8200,7.8300,7.8100,7.8200,9267700,72496128.0000,3
2025-10-29,20251029145500000,sh.601398,7.8200,7.8200,7.8000,7.8000,21090100,164739072.0000,3
2025-10-29,20251029150000000,sh.601398,7.8000,7.8300,7.8000,7.8300,8913600,69700096.0000,3
2025-10-30,20251030093500000,sh.601398,7.8300,7.8600,7.8100,7.8400,24818000,194667744.0000,3
2025-10-30,20251030094000000,sh.601398,7.8300,7.8300,7.7800,7.7900,17355100,135341024.0000,3
2025-10-30,20251030094500000,sh.601398,7.8000,7.8500,7.7900,7.8500,10008500,78293536.0000,3
2025-10-30,20251030095000000,sh.601398,7.8500,7.8900,7.8400,7.8900,18706900,147106720.0000,3
2025-10-30,20251030095500000,sh.601398,7.8800,7.8900,7.8500,7.8700,11447500,90054082.0000,3
2025-10-30,20251030100000000,sh.601398,7.8700,7.8700,7.8200,7.8200,7777100,61013568.0000,3
2025-10-30,20251030100500000,sh.601398,7.8400,7.8500,7.8300,7.8400,4171600,32709375.0000,3
2025-10-30,20251030101000000,sh.601398,7.8400,7.8600,7.8300,7.8500,3432300,26921343.0000,3
2025-10-30,20251030101500000,sh.601398,7.8500,7.8700,7.8400,7.8400,4332100,34029695.0000,3
2025-10-30,20251030102000000,sh.601398,7.8400,7.8900,7.8400,7.8800,12378300,97423878.0000,3
2025-10-30,20251030102500000,sh.601398,7.8800,7.8900,7.8600,7.8700,5642900,44433851.0000,3
2025-10-30,20251030103000000,sh.601398,7.8800,7.8800,7.8600,7.8700,3213900,25310144.0000,3
2025-10-30,20251030103500000,sh.601398,7.8700,7.8800,7.8600,7.8700,3445300,27114938.0000,3
2025-10-30,20251030104000000,sh.601398,7.8700,7.8700,7.8600,7.8700,4587700,36083530.0000,3
2025-10-30,20251030104500000,sh.601398,7.8700,7.9000,7.8600,7.9000,13134900,103581688.0000,3
2025-10-30,20251030105000000,sh.601398,7.9000,7.9000,7.8700,7.8900,6434000,50749692.0000,3
2025-10-30,20251030105500000,sh.601398,7.8900,7.8900,7.8600,7.8600,3123800,24601094.0000,3
2025-10-30,20251030110000000,sh.601398,7.8600,7.8700,7.8500,7.8500,2122600,16675588.0000,3
2025-10-30,20251030110500000,sh.601398,7.8500,7.8600,7.8500,7.8600,2068800,16250756.0000,3
2025-10-30,20251030111000000,sh.601398,7.8500,7.8600,7.8500,7.8600,950500,7467257.0000,3
2025-10-30,20251030111500000,sh.601398,7.8500,7.8600,7.8400,7.8500,3592000,28184321.0000,3
2025-10-30,20251030112000000,sh.601398,7.8400,7.8500,7.8400,7.8500,3006500,23572608.0000,3
2025-10-30,20251030112500000,sh.601398,7.8500,7.8500,7.8300,7.8400,2380100,18657286.0000,3
2025-10-30,20251030113000000,sh.601398,7.8500,7.8500,7.8400,7.8500,1055500,8280442.0000,3
2025-10-30,20251030130500000,sh.601398,7.8400,7.8500,7.8200,7.8400,10286500,80583547.0000,3
2025-10-30,20251030131000000,sh.601398,7.8300,7.8500,7.8200,7.8500,5061000,39670021.0000,3
2025-10-30,20251030131500000,sh.601398,7.8500,7.8600,7.8300,7.8300,5456400,42812928.0000,3
2025-10-30,20251030132000000,sh.601398,7.8400,7.8600,7.8300,7.8500,3977100,31208070.0000,3
2025-10-30,20251030132500000,sh.601398,7.8500,7.8700,7.8400,7.8500,4458800,35031166.0000,3
2025-10-30,20251030133000000,sh.601398,7.8500,7.8600,7.8400,7.8500,2617900,20555905.0000,3
2025-10-30,20251030133500000,sh.601398,7.8400,7.8600,7.8400,7.8600,1898200,14912129.0000,3
2025-10-30,20251030134000000,sh.601398,7.8600,7.8700,7.8600,7.8600,4282800,33686900.0000,3
2025-10-30,20251030134500000,sh.601398,7.8700,7.8700,7.8500,7.8500,4032300,31712000.0000,3
2025-10-30,20251030135000000,sh.601398,7.8500,7.8600,7.8500,7.8600,3671500,28845062.0000,3
2025-10-30,20251030135500000,sh.601398,7.8500,7.8600,7.8500,7.8500,2966200,23308152.0000,3
2025-10-30,20251030140000000,sh.601398,7.8500,7.8600,7.8400,7.8500,3281600,25758468.0000,3
2025-10-30,20251030140500000,sh.601398,7.8500,7.8500,7.8400,7.8400,1662800,13042564.0000,3
2025-10-30,20251030141000000,sh.601398,7.8500,7.8500,7.8400,7.8400,3167100,24836352.0000,3
2025-10-30,20251030141500000,sh.601398,7.8500,7.8500,7.8300,7.8400,5165300,40488832.0000,3
2025-10-30,20251030142000000,sh.601398,7.8300,7.8400,7.8300,7.8300,3976200,31139328.0000,3
2025-10-30,20251030142500000,sh.601398,7.8300,7.8300,7.8200,7.8300,3728100,29178364.0000,3
2025-10-30,20251030143000000,sh.601398,7.8200,7.8300,7.8200,7.8200,3760100,29409026.0000,3
2025-10-30,20251030143500000,sh.601398,7.8200,7.8300,7.8200,7.8200,4155800,32504968.0000,3
2025-10-30,20251030144000000,sh.601398,7.8100,7.8400,7.8100,7.8200,6680200,52278396.0000,3
2025-10-30,20251030144500000,sh.601398,7.8300,7.8300,7.8100,7.8200,3554500,27786238.0000,3
2025-10-30,20251030145000000,sh.601398,7.8100,7.8200,7.8100,7.8100,3341300,26108672.0000,3
2025-10-30,20251030145500000,sh.601398,7.8100,7.8200,7.8100,7.8100,8731100,68203398.0000,3
2025-10-30,20251030150000000,sh.601398,7.8100,7.8400,7.8000,7.8400,9617400,75303028.0000,3
2025-10-31,20251031093500000,sh.601398,7.8700,7.8700,7.8000,7.8200,24938200,195131296.0000,3
2025-10-31,20251031094000000,sh.601398,7.8200,7.8200,7.7300,7.7300,34357800,266704128.0000,3
2025-10-31,20251031094500000,sh.601398,7.7300,7.8000,7.7200,7.7800,20965700,162709084.0000,3
2025-10-31,20251031095000000,sh.601398,7.7900,7.8000,7.7300,7.7400,14742900,114490948.0000,3
2025-10-31,20251031095500000,sh.601398,7.7300,7.7400,7.7100,7.7100,20769700,160443334.0000,3
2025-10-31,20251031100000000,sh.601398,7.7200,7.7700,7.7000,7.7600,20126400,155422322.0000,3
2025-10-31,20251031100500000,sh.601398,7.7600,7.7600,7.7100,7.7200,8860800,68465294.0000,3
2025-10-31,20251031101000000,sh.601398,7.7100,7.7200,7.6900,7.7000,14159200,109055098.0000,3
2025-10-31,20251031101500000,sh.601398,7.7000,7.7100,7.6700,7.6800,19996200,153665792.0000,3
2025-10-31,20251031102000000,sh.601398,7.6900,7.7400,7.6900,7.7300,9919400,76407930.0000,3
2025-10-31,20251031102500000,sh.601398,7.7300,7.7500,7.7200,7.7500,8779900,67866118.0000,3
2025-10-31,20251031103000000,sh.601398,7.7400,7.7600,7.7100,7.7100,8048200,62313344.0000,3
2025-10-31,20251031103500000,sh.601398,7.7100,7.7200,7.7000,7.7200,6975600,53771520.0000,3
2025-10-31,20251031104000000,sh.601398,7.7200,7.7200,7.6900,7.7200,6433500,49589380.0000,3
2025-10-31,20251031104500000,sh.601398,7.7200,7.7400,7.7100,7.7300,3831600,29606653.0000,3
2025-10-31,20251031105000000,sh.601398,7.7300,7.7300,7.7100,7.7200,2012800,15533567.0000,3
2025-10-31,20251031105500000,sh.601398,7.7200,7.7300,7.7100,7.7200,2864200,22101244.0000,3
2025-10-31,20251031110000000,sh.601398,7.7200,7.7300,7.7100,7.7200,3663400,28268936.0000,3
2025-10-31,20251031110500000,sh.601398,7.7200,7.7300,7.7000,7.7200,3562600,27489013.0000,3
2025-10-31,20251031111000000,sh.601398,7.7200,7.7400,7.7100,7.7200,7157800,55307789.0000,3
2025-10-31,20251031111500000,sh.601398,7.7200,7.7300,7.7000,7.7300,4940600,38114942.0000,3
2025-10-31,20251031112000000,sh.601398,7.7200,7.7400,7.7200,7.7200,2260900,17470207.0000,3
2025-10-31,20251031112500000,sh.601398,7.7300,7.7400,7.7200,7.7300,3827200,29575797.0000,3
2025-10-31,20251031113000000,sh.601398,7.7300,7.7600,7.7200,7.7600,5427000,42034816.0000,3
2025-10-31,20251031130500000,sh.601398,7.7600,7.7600,7.7200,7.7300,6052500,46896013.0000,3
2025-10-31,20251031131000000,sh.601398,7.7200,7.7400,7.7200,7.7300,4450800,34402420.0000,3
2025-10-31,20251031131500000,sh.601398,7.7400,7.7500,7.7200,7.7400,4344700,33607941.0000,3
2025-10-31,20251031132000000,sh.601398,7.7500,7.7600,7.7300,7.7500,3697600,28643834.0000,3
2025-10-31,20251031132500000,sh.601398,7.7500,7.7600,7.7400,7.7600,2811700,21789704.0000,3
2025-10-31,20251031133000000,sh.601398,7.7500,7.7600,7.7400,7.7500,4122300,31952895.0000,3
2025-10-31,20251031133500000,sh.601398,7.7500,7.7800,7.7500,7.7800,6052000,46995969.0000,3
2025-10-31,20251031134000000,sh.601398,7.7800,7.7800,7.7600,7.7700,3812300,29628416.0000,3
2025-10-31,20251031134500000,sh.601398,7.7700,7.7800,7.7600,7.7800,4199800,32634624.0000,3
2025-10-31,20251031135000000,sh.601398,7.7800,7.7900,7.7700,7.7800,5038700,39194880.0000,3
2025-10-31,20251031135500000,sh.601398,7.7800,7.7900,7.7700,7.7800,5252400,40853248.0000,3
2025-10-31,20251031140000000,sh.601398,7.7700,7.7800,7.7700,7.7700,3947200,30688000.0000,3
2025-10-31,20251031140500000,sh.601398,7.7700,7.7700,7.7500,7.7600,5344300,41462008.0000,3
2025-10-31,20251031141000000,sh.601398,7.7600,7.7700,7.7500,7.7600,4380100,34015752.0000,3
2025-10-31,20251031141500000,sh.601398,7.7700,7.7800,7.7600,7.7800,3168500,24625408.0000,3
2025-10-31,20251031142000000,sh.601398,7.7800,7.7900,7.7700,7.7800,4481300,34876928.0000,3
2025-10-31,20251031142500000,sh.601398,7.7800,7.8000,7.7800,7.7900,5021900,39123968.0000,3
2025-10-31,20251031143000000,sh.601398,7.7900,7.8000,7.7900,7.8000,3232700,25188096.0000,3
2025-10-31,20251031143500000,sh.601398,7.8000,7.8000,7.7800,7.8000,3948200,30757888.0000,3
2025-10-31,20251031144000000,sh.601398,7.8000,7.8000,7.7900,7.7900,3086200,24060160.0000,3
2025-10-31,20251031144500000,sh.601398,7.7900,7.8000,7.7700,7.7800,5912900,46032128.0000,3
2025-10-31,20251031145000000,sh.601398,7.7800,7.7900,7.7800,7.7900,5543300,43152128.0000,3
2025-10-31,20251031145500000,sh.601398,7.7900,7.7900,7.7700,7.7800,5669900,44110336.0000,3
2025-10-31,20251031150000000,sh.601398,7.7800,7.7800,7.7700,7.7800,7132400,55471872.0000,3
2025-11-03,20251103093500000,sh.601398,7.7900,7.8500,7.7900,7.8500,35212600,275547360.0000,3
2025-11-03,20251103094000000,sh.601398,7.8600,7.8800,7.8500,7.8700,22505900,177029984.0000,3
2025-11-03,20251103094500000,sh.601398,7.8700,7.8800,7.8500,7.8700,11120700,87480896.0000,3
2025-11-03,20251103095000000,sh.601398,7.8800,7.8800,7.8200,7.8300,17055900,133868484.0000,3
2025-11-03,20251103095500000,sh.601398,7.8300,7.8600,7.8200,7.8500,7317100,57409987.0000,3
2025-11-03,20251103100000000,sh.601398,7.8500,7.8800,7.8400,7.8800,14426500,113372925.0000,3
2025-11-03,20251103100500000,sh.601398,7.8700,7.9000,7.8700,7.9000,16220800,127834110.0000,3
2025-11-03,20251103101000000,sh.601398,7.8900,7.9000,7.8700,7.8800,13864300,109441787.0000,3
2025-11-03,20251103101500000,sh.601398,7.8800,7.8800,7.8500,7.8800,7510500,59073407.0000,3
2025-11-03,20251103102000000,sh.601398,7.8700,7.8900,7.8700,7.8900,9599500,75670146.0000,3
2025-11-03,20251103102500000,sh.601398,7.8900,7.9000,7.8800,7.8900,7207700,56908288.0000,3
2025-11-03,20251103103000000,sh.601398,7.8900,7.9000,7.8900,7.9000,6796700,53644414.0000,3
2025-11-03,20251103103500000,sh.601398,7.8900,7.9000,7.8900,7.9000,3246200,25626248.0000,3
2025-11-03,20251103104000000,sh.601398,7.8900,7.9000,7.8800,7.8900,3881700,30630402.0000,3
2025-11-03,20251103104500000,sh.601398,7.8800,7.9300,7.8800,7.9300,15217000,120296447.0000,3
2025-11-03,20251103105000000,sh.601398,7.9200,7.9300,7.9000,7.9200,5772900,45705217.0000,3
2025-11-03,20251103105500000,sh.601398,7.9100,7.9100,7.8800,7.8900,4501500,35552638.0000,3
2025-11-03,20251103110000000,sh.601398,7.8900,7.9100,7.8800,7.9000,3419800,27009794.0000,3
2025-11-03,20251103110500000,sh.601398,7.9100,7.9200,7.9000,7.9000,9504900,75188218.0000,3
2025-11-03,20251103111000000,sh.601398,7.9000,7.9100,7.9000,7.9100,1706000,13488000.0000,3
2025-11-03,20251103111500000,sh.601398,7.9000,7.9200,7.9000,7.9200,2470500,19547520.0000,3
2025-11-03,20251103112000000,sh.601398,7.9200,7.9200,7.9100,7.9200,3980900,31522048.0000,3
2025-11-03,20251103112500000,sh.601398,7.9100,7.9200,7.9100,7.9200,3233100,25599488.0000,3
2025-11-03,20251103113000000,sh.601398,7.9100,7.9300,7.9100,7.9200,6443600,51066624.0000,3
2025-11-03,20251103130500000,sh.601398,7.9200,7.9400,7.9100,7.9100,10912600,86500096.0000,3
2025-11-03,20251103131000000,sh.601398,7.9100,7.9200,7.8800,7.8900,5053300,39903486.0000,3
2025-11-03,20251103131500000,sh.601398,7.8800,7.8900,7.8700,7.8800,5047800,39781890.0000,3
2025-11-03,20251103132000000,sh.601398,7.8900,7.8900,7.8800,7.8900,3138400,24749698.0000,3
2025-11-03,20251103132500000,sh.601398,7.8900,7.9100,7.8800,7.9000,4397900,34728834.0000,3
2025-11-03,20251103133000000,sh.601398,7.9000,7.9200,7.8900,7.9200,5670200,44873596.0000,3
2025-11-03,20251103133500000,sh.601398,7.9200,7.9300,7.9000,7.9100,5217100,41298304.0000,3
2025-11-03,20251103134000000,sh.601398,7.9100,7.9200,7.9000,7.9200,2264300,17908352.0000,3
2025-11-03,20251103134500000,sh.601398,7.9200,7.9300,7.9100,7.9200,4561100,36118784.0000,3
2025-11-03,20251103135000000,sh.601398,7.9200,7.9300,7.9100,7.9200,4485200,35509504.0000,3
2025-11-03,20251103135500000,sh.601398,7.9300,7.9300,7.9100,7.9200,3018300,23899904.0000,3
2025-11-03,20251103140000000,sh.601398,7.9200,7.9200,7.9000,7.9100,3023400,23900926.0000,3
2025-11-03,20251103140500000,sh.601398,7.9100,7.9100,7.9000,7.9100,1722400,13616137.0000,3
2025-11-03,20251103141000000,sh.601398,7.9100,7.9100,7.9000,7.9100,2112200,16698353.0000,3
2025-11-03,20251103141500000,sh.601398,7.9100,7.9100,7.9000,7.9000,3797600,30009862.0000,3
2025-11-03,20251103142000000,sh.601398,7.9000,7.9100,7.8900,7.9100,5442100,42990082.0000,3
2025-11-03,20251103142500000,sh.601398,7.9100,7.9100,7.8900,7.9000,4148900,32765180.0000,3
2025-11-03,20251103143000000,sh.601398,7.8900,7.9000,7.8900,7.9000,3535800,27910401.0000,3
2025-11-03,20251103143500000,sh.601398,7.9000,7.9100,7.8900,7.9000,5455700,43095041.0000,3
2025-11-03,20251103144000000,sh.601398,7.9000,7.9100,7.8900,7.9000,5128000,40510978.0000,3
2025-11-03,20251103144500000,sh.601398,7.9100,7.9100,7.8900,7.9100,3965900,31335417.0000,3
2025-11-03,20251103145000000,sh.601398,7.9000,7.9100,7.8900,7.8900,4519400,35708427.0000,3
2025-11-03,20251103145500000,sh.601398,7.8900,7.9000,7.8900,7.8900,6169900,48716289.0000,3
2025-11-03,20251103150000000,sh.601398,7.9000,7.9000,7.8900,7.9000,7069600,55842547.0000,3
2025-11-04,20251104093500000,sh.601398,7.8900,7.9400,7.8900,7.9300,15737700,124628192.0000,3
2025-11-04,20251104094000000,sh.601398,7.9400,7.9800,7.9300,7.9700,19883300,158309312.0000,3
2025-11-04,20251104094500000,sh.601398,7.9800,7.9800,7.9400,7.9600,10354300,82387008.0000,3
2025-11-04,20251104095000000,sh.601398,7.9600,7.9800,7.9400,7.9700,14616300,116484448.0000,3
2025-11-04,20251104095500000,sh.601398,7.9800,7.9900,7.9700,7.9800,10210800,81502266.0000,3
2025-11-04,20251104100000000,sh.601398,7.9900,8.0200,7.9800,8.0100,25148900,201247114.0000,3
2025-11-04,20251104100500000,sh.601398,8.0200,8.0600,8.0100,8.0400,26981100,216980540.0000,3
2025-11-04,20251104101000000,sh.601398,8.0400,8.0600,8.0300,8.0600,13668800,110015552.0000,3
2025-11-04,20251104101500000,sh.601398,8.0500,8.0800,8.0500,8.0700,16980400,136914936.0000,3
2025-11-04,20251104102000000,sh.601398,8.0700,8.0800,8.0600,8.0700,7753400,62557576.0000,3
2025-11-04,20251104102500000,sh.601398,8.0700,8.0800,8.0600,8.0700,10450000,84341760.0000,3
2025-11-04,20251104103000000,sh.601398,8.0700,8.0900,8.0600,8.0900,12266900,99128192.0000,3
2025-11-04,20251104103500000,sh.601398,8.0900,8.1000,8.0800,8.1000,9030600,73035136.0000,3
2025-11-04,20251104104000000,sh.601398,8.0900,8.1000,8.0700,8.0900,9688400,78326400.0000,3
2025-11-04,20251104104500000,sh.601398,8.0800,8.0900,8.0700,8.0800,6399400,51735680.0000,3
2025-11-04,20251104105000000,sh.601398,8.0700,8.0900,8.0700,8.0800,4295200,34686080.0000,3
2025-11-04,20251104105500000,sh.601398,8.0800,8.0800,8.0600,8.0700,3787700,30571136.0000,3
2025-11-04,20251104110000000,sh.601398,8.0700,8.0800,8.0600,8.0700,2105500,16997376.0000,3
2025-11-04,20251104110500000,sh.601398,8.0700,8.0900,8.0700,8.0700,5526800,44659968.0000,3
2025-11-04,20251104111000000,sh.601398,8.0700,8.0800,8.0600,8.0800,4428400,35736320.0000,3
2025-11-04,20251104111500000,sh.601398,8.0800,8.0800,8.0500,8.0800,5493600,44321536.0000,3
2025-11-04,20251104112000000,sh.601398,8.0800,8.0900,8.0700,8.0900,3322000,26839168.0000,3
2025-11-04,20251104112500000,sh.601398,8.0900,8.0900,8.0800,8.0800,4455300,36035968.0000,3
2025-11-04,20251104113000000,sh.601398,8.0800,8.1000,8.0800,8.1000,6171800,49925632.0000,3
2025-11-04,20251104130500000,sh.601398,8.0900,8.1300,8.0800,8.1300,39390700,319240192.0000,3
2025-11-04,20251104131000000,sh.601398,8.1200,8.1400,8.1100,8.1100,10268400,83435264.0000,3
2025-11-04,20251104131500000,sh.601398,8.1200,8.1200,8.1000,8.1000,5811900,47145728.0000,3
2025-11-04,20251104132000000,sh.601398,8.1000,8.1200,8.1000,8.1100,5329100,43198464.0000,3
2025-11-04,20251104132500000,sh.601398,8.1100,8.1200,8.0900,8.0900,10576500,85658624.0000,3
2025-11-04,20251104133000000,sh.601398,8.1000,8.1100,8.0900,8.1000,2954100,23933184.0000,3
2025-11-04,20251104133500000,sh.601398,8.1000,8.1100,8.1000,8.1100,2288600,18553088.0000,3
2025-11-04,20251104134000000,sh.601398,8.1100,8.1100,8.1000,8.1100,4394700,35604736.0000,3
2025-11-04,20251104134500000,sh.601398,8.1000,8.1100,8.0900,8.1000,2717000,22009856.0000,3
2025-11-04,20251104135000000,sh.601398,8.1000,8.1100,8.1000,8.1000,3485700,28248576.0000,3
2025-11-04,20251104135500000,sh.601398,8.1000,8.1100,8.0900,8.1000,4032700,32664576.0000,3
2025-11-04,20251104140000000,sh.601398,8.1000,8.1000,8.0800,8.0900,4191900,33921792.0000,3
2025-11-04,20251104140500000,sh.601398,8.0900,8.1000,8.0900,8.0900,2933500,23742720.0000,3
2025-11-04,20251104141000000,sh.601398,8.1000,8.1000,8.0900,8.1000,2649200,21444352.0000,3
2025-11-04,20251104141500000,sh.601398,8.0900,8.1000,8.0800,8.0900,5347100,43249920.0000,3
2025-11-04,20251104142000000,sh.601398,8.0900,8.1000,8.0800,8.0900,4965200,40166400.0000,3
2025-11-04,20251104142500000,sh.601398,8.0900,8.1100,8.0800,8.1000,16374300,132641024.0000,3
2025-11-04,20251104143000000,sh.601398,8.1000,8.1000,8.0800,8.0900,5967200,48284160.0000,3
2025-11-04,20251104143500000,sh.601398,8.0900,8.1000,8.0800,8.1000,5955300,48162304.0000,3
2025-11-04,20251104144000000,sh.601398,8.1000,8.1000,8.0900,8.1000,6114100,49501184.0000,3
2025-11-04,20251104144500000,sh.601398,8.0900,8.1000,8.0800,8.0900,8158500,66009600.0000,3
2025-11-04,20251104145000000,sh.601398,8.0900,8.1100,8.0900,8.1100,8277200,67043584.0000,3
2025-11-04,20251104145500000,sh.601398,8.1100,8.1200,8.1000,8.1200,14596500,118434816.0000,3
2025-11-04,20251104150000000,sh.601398,8.1200,8.1300,8.1100,8.1300,15561600,126408704.0000,3
2025-11-05,20251105093500000,sh.601398,8.1700,8.2000,8.0900,8.0900,69371800,566446592.0000,3
2025-11-05,20251105094000000,sh.601398,8.0900,8.1500,8.0900,8.1400,24694900,200595006.0000,3
2025-11-05,20251105094500000,sh.601398,8.1300,8.1500,8.1100,8.1300,13644400,110931898.0000,3
2025-11-05,20251105095000000,sh.601398,8.1300,8.1400,8.0900,8.1400,14314500,116210176.0000,3
2025-11-05,20251105095500000,sh.601398,8.1400,8.1500,8.1100,8.1300,10632600,86454412.0000,3
2025-11-05,20251105100000000,sh.601398,8.1400,8.1800,8.1300,8.1600,14105000,115142019.0000,3
2025-11-05,20251105100500000,sh.601398,8.1600,8.2100,8.1600,8.2100,14763000,120957433.0000,3
2025-11-05,20251105101000000,sh.601398,8.2100,8.2100,8.1700,8.1700,15379600,126047486.0000,3
2025-11-05,20251105101500000,sh.601398,8.1700,8.1800,8.1600,8.1700,6943600,56705282.0000,3
2025-11-05,20251105102000000,sh.601398,8.1600,8.1800,8.1300,8.1400,7230000,58945922.0000,3
2025-11-05,20251105102500000,sh.601398,8.1400,8.1600,8.1400,8.1500,4995600,40684022.0000,3
2025-11-05,20251105103000000,sh.601398,8.1500,8.1500,8.1300,8.1400,4238100,34484617.0000,3
2025-11-05,20251105103500000,sh.601398,8.1400,8.1800,8.1400,8.1700,7828300,63902207.0000,3
2025-11-05,20251105104000000,sh.601398,8.1700,8.1900,8.1600,8.1600,5459400,44638595.0000,3
2025-11-05,20251105104500000,sh.601398,8.1600,8.1800,8.1500,8.1700,4342000,35455478.0000,3
2025-11-05,20251105105000000,sh.601398,8.1800,8.1900,8.1700,8.1800,3549700,29041794.0000,3
2025-11-05,20251105105500000,sh.601398,8.1800,8.1900,8.1800,8.1900,2611200,21375753.0000,3
2025-11-05,20251105110000000,sh.601398,8.1900,8.2000,8.1800,8.1900,5615900,46011902.0000,3
2025-11-05,20251105110500000,sh.601398,8.1900,8.2000,8.1700,8.1800,4513500,36917374.0000,3
2025-11-05,20251105111000000,sh.601398,8.1700,8.1800,8.1500,8.1600,5273800,43062656.0000,3
2025-11-05,20251105111500000,sh.601398,8.1600,8.1700,8.1500,8.1600,6387100,52087934.0000,3
2025-11-05,20251105112000000,sh.601398,8.1600,8.1700,8.1500,8.1600,5833800,47584770.0000,3
2025-11-05,20251105112500000,sh.601398,8.1700,8.1900,8.1600,8.1800,5884000,48104199.0000,3
2025-11-05,20251105113000000,sh.601398,8.1900,8.1900,8.1700,8.1700,2974800,24326137.0000,3
2025-11-05,20251105130500000,sh.601398,8.1700,8.1900,8.1400,8.1600,10361200,84639872.0000,3
2025-11-05,20251105131000000,sh.601398,8.1600,8.1900,8.1500,8.1800,4816100,39371512.0000,3
2025-11-05,20251105131500000,sh.601398,8.1800,8.2000,8.1800,8.1800,4406600,36073486.0000,3
2025-11-05,20251105132000000,sh.601398,8.1800,8.1900,8.1600,8.1800,5453500,44586492.0000,3
2025-11-05,20251105132500000,sh.601398,8.1900,8.1900,8.1700,8.1800,6782100,55485694.0000,3
2025-11-05,20251105133000000,sh.601398,8.1800,8.1900,8.1700,8.1900,5065900,41454080.0000,3
2025-11-05,20251105133500000,sh.601398,8.1900,8.2000,8.1800,8.1900,6813100,55828224.0000,3
2025-11-05,20251105134000000,sh.601398,8.1900,8.2000,8.1800,8.1800,3780900,30960128.0000,3
2025-11-05,20251105134500000,sh.601398,8.1900,8.1900,8.1800,8.1800,2698600,22084864.0000,3
2025-11-05,20251105135000000,sh.601398,8.1800,8.1900,8.1800,8.1900,6209400,50809850.0000,3
2025-11-05,20251105135500000,sh.601398,8.1900,8.1900,8.1800,8.1800,3170700,25956614.0000,3
2025-11-05,20251105140000000,sh.601398,8.1900,8.1900,8.1700,8.1700,4564100,37344770.0000,3
2025-11-05,20251105140500000,sh.601398,8.1800,8.1900,8.1700,8.1900,3208600,26238968.0000,3
2025-11-05,20251105141000000,sh.601398,8.1800,8.1900,8.1800,8.1900,1679500,13748230.0000,3
2025-11-05,20251105141500000,sh.601398,8.1900,8.1900,8.1800,8.1900,3943200,32273152.0000,3
2025-11-05,20251105142000000,sh.601398,8.1800,8.1800,8.1700,8.1800,2866600,23441147.0000,3
2025-11-05,20251105142500000,sh.601398,8.1700,8.1800,8.1500,8.1500,5980900,48817672.0000,3
2025-11-05,20251105143000000,sh.601398,8.1600,8.1700,8.1500,8.1600,5756700,46948093.0000,3
2025-11-05,20251105143500000,sh.601398,8.1500,8.1600,8.1400,8.1400,5366000,43720194.0000,3
2025-11-05,20251105144000000,sh.601398,8.1500,8.1600,8.1400,8.1500,6536800,53270526.0000,3
2025-11-05,20251105144500000,sh.601398,8.1500,8.1600,8.1400,8.1500,7371800,60064760.0000,3
2025-11-05,20251105145000000,sh.601398,8.1500,8.1600,8.1400,8.1400,6027200,49095180.0000,3
2025-11-05,20251105145500000,sh.601398,8.1400,8.1500,8.1300,8.1300,10052400,81823740.0000,3
2025-11-05,20251105150000000,sh.601398,8.1300,8.1500,8.1300,8.1400,10655100,86724097.0000,3
2025-11-06,20251106093500000,sh.601398,8.1200,8.1300,8.0600,8.0700,40080600,324401472.0000,3
2025-11-06,20251106094000000,sh.601398,8.0800,8.1200,8.0700,8.1200,14291600,115602944.0000,3
2025-11-06,20251106094500000,sh.601398,8.1200,8.1400,8.1100,8.1400,13543900,110096832.0000,3
2025-11-06,20251106095000000,sh.601398,8.1500,8.1500,8.1100,8.1200,8181500,66552838.0000,3
2025-11-06,20251106095500000,sh.601398,8.1200,8.1300,8.1000,8.1100,9681400,78569334.0000,3
2025-11-06,20251106100000000,sh.601398,8.1200,8.1400,8.1100,8.1200,4796000,38970499.0000,3
2025-11-06,20251106100500000,sh.601398,8.1200,8.1400,8.1100,8.1200,5582800,45354941.0000,3
2025-11-06,20251106101000000,sh.601398,8.1200,8.1200,8.0900,8.0900,5409200,43851068.0000,3
2025-11-06,20251106101500000,sh.601398,8.0900,8.1200,8.0900,8.1100,4715900,38240704.0000,3
2025-11-06,20251106102000000,sh.601398,8.1100,8.1200,8.1000,8.1200,3440900,27911366.0000,3
2025-11-06,20251106102500000,sh.601398,8.1200,8.1200,8.0800,8.0800,11908900,96339130.0000,3
2025-11-06,20251106103000000,sh.601398,8.0800,8.1100,8.0700,8.1000,6747000,54609352.0000,3
2025-11-06,20251106103500000,sh.601398,8.1000,8.1200,8.0900,8.0900,6005700,48647938.0000,3
2025-11-06,20251106104000000,sh.601398,8.0900,8.1000,8.0800,8.0900,7710300,62374654.0000,3
2025-11-06,20251106104500000,sh.601398,8.0900,8.1000,8.0800,8.0800,10511500,84964352.0000,3
2025-11-06,20251106105000000,sh.601398,8.0900,8.0900,8.0800,8.0800,4048900,32730887.0000,3
2025-11-06,20251106105500000,sh.601398,8.0900,8.1000,8.0800,8.0800,5554800,44933243.0000,3
2025-11-06,20251106110000000,sh.601398,8.0900,8.1200,8.0900,8.1200,5957100,48275714.0000,3
2025-11-06,20251106110500000,sh.601398,8.1200,8.1200,8.0900,8.1000,3413500,27660800.0000,3
2025-11-06,20251106111000000,sh.601398,8.1000,8.1100,8.0900,8.1000,3702100,29996666.0000,3
2025-11-06,20251106111500000,sh.601398,8.1100,8.1200,8.1000,8.1100,2740600,22224648.0000,3
2025-11-06,20251106112000000,sh.601398,8.1200,8.1200,8.1100,8.1200,2544800,20645362.0000,3
2025-11-06,20251106112500000,sh.601398,8.1100,8.1200,8.1000,8.1000,2622600,21270152.0000,3
2025-11-06,20251106113000000,sh.601398,8.1100,8.1100,8.1000,8.1100,1917900,15544448.0000,3
2025-11-06,20251106130500000,sh.601398,8.1000,8.1200,8.0900,8.1200,9475400,76795768.0000,3
2025-11-06,20251106131000000,sh.601398,8.1200,8.1300,8.1100,8.1300,4505300,36584582.0000,3
2025-11-06,20251106131500000,sh.601398,8.1300,8.1300,8.1200,8.1300,3664400,29787260.0000,3
2025-11-06,20251106132000000,sh.601398,8.1300,8.1300,8.1100,8.1100,2766800,22461958.0000,3
2025-11-06,20251106132500000,sh.601398,8.1200,8.1200,8.1100,8.1200,1573700,12769656.0000,3
2025-11-06,20251106133000000,sh.601398,8.1200,8.1200,8.1000,8.1000,2655200,21539081.0000,3
2025-11-06,20251106133500000,sh.601398,8.1000,8.1100,8.1000,8.1000,1898400,15383807.0000,3
2025-11-06,20251106134000000,sh.601398,8.1100,8.1100,8.0900,8.0900,4922600,39860604.0000,3
2025-11-06,20251106134500000,sh.601398,8.1000,8.1000,8.0900,8.0900,2286600,18513800.0000,3
2025-11-06,20251106135000000,sh.601398,8.1000,8.1000,8.0900,8.1000,2319500,18779644.0000,3
2025-11-06,20251106135500000,sh.601398,8.1000,8.1000,8.0800,8.0800,9124100,73770116.0000,3
2025-11-06,20251106140000000,sh.601398,8.0800,8.0900,8.0700,8.0700,3944600,31861379.0000,3
2025-11-06,20251106140500000,sh.601398,8.0800,8.0800,8.0700,8.0800,9489500,76629489.0000,3
2025-11-06,20251106141000000,sh.601398,8.0800,8.0900,8.0700,8.0900,5602000,45268107.0000,3
2025-11-06,20251106141500000,sh.601398,8.0800,8.0900,8.0700,8.0800,5059100,40896900.0000,3
2025-11-06,20251106142000000,sh.601398,8.0900,8.1000,8.0800,8.0900,3827100,30968699.0000,3
2025-11-06,20251106142500000,sh.601398,8.0900,8.1000,8.0800,8.0800,1641000,13276284.0000,3
2025-11-06,20251106143000000,sh.601398,8.0900,8.0900,8.0800,8.0900,1611600,13031933.0000,3
2025-11-06,20251106143500000,sh.601398,8.0900,8.0900,8.0700,8.0800,8342900,67418373.0000,3
2025-11-06,20251106144000000,sh.601398,8.0800,8.0900,8.0700,8.0800,4150300,33527289.0000,3
2025-11-06,20251106144500000,sh.601398,8.0900,8.0900,8.0700,8.0700,4497100,36332295.0000,3
2025-11-06,20251106145000000,sh.601398,8.0800,8.0800,8.0700,8.0800,4636500,37446919.0000,3
2025-11-06,20251106145500000,sh.601398,8.0700,8.0800,8.0700,8.0800,6760800,54583545.0000,3
2025-11-06,20251106150000000,sh.601398,8.0800,8.0900,8.0700,8.0900,11111800,89795580.0000,3
2025-11-07,20251107093500000,sh.601398,8.0900,8.1500,8.0900,8.1400,21276100,172784240.0000,3
2025-11-07,20251107094000000,sh.601398,8.1400,8.1600,8.1100,8.1100,15724700,128047344.0000,3
2025-11-07,20251107094500000,sh.601398,8.1100,8.1200,8.0800,8.0900,11617500,94051904.0000,3
2025-11-07,20251107095000000,sh.601398,8.0800,8.0900,8.0600,8.0800,12793300,103273696.0000,3
2025-11-07,20251107095500000,sh.601398,8.0700,8.0800,8.0500,8.0500,11780000,94971840.0000,3
2025-11-07,20251107100000000,sh.601398,8.0600,8.0900,8.0500,8.0800,8282400,66850499.0000,3
2025-11-07,20251107100500000,sh.601398,8.0700,8.0800,8.0300,8.0500,16125100,129819704.0000,3
2025-11-07,20251107101000000,sh.601398,8.0500,8.0600,8.0300,8.0400,8725100,70166397.0000,3
2025-11-07,20251107101500000,sh.601398,8.0300,8.0400,8.0200,8.0400,6345000,50955200.0000,3
2025-11-07,20251107102000000,sh.601398,8.0300,8.0500,8.0300,8.0400,4210100,33848651.0000,3
2025-11-07,20251107102500000,sh.601398,8.0500,8.0700,8.0500,8.0500,3280200,26433731.0000,3
2025-11-07,20251107103000000,sh.601398,8.0500,8.0500,8.0400,8.0500,2343200,18854014.0000,3
2025-11-07,20251107103500000,sh.601398,8.0400,8.0500,8.0400,8.0400,3593100,28889536.0000,3
2025-11-07,20251107104000000,sh.601398,8.0500,8.0500,8.0300,8.0300,2744300,22061886.0000,3
2025-11-07,20251107104500000,sh.601398,8.0400,8.0400,8.0200,8.0200,7244800,58172546.0000,3
2025-11-07,20251107105000000,sh.601398,8.0200,8.0300,8.0200,8.0300,7766500,62296320.0000,3
2025-11-07,20251107105500000,sh.601398,8.0300,8.0400,8.0200,8.0300,6571700,52747254.0000,3
2025-11-07,20251107110000000,sh.601398,8.0400,8.0400,8.0300,8.0400,3144700,25265287.0000,3
2025-11-07,20251107110500000,sh.601398,8.0400,8.0400,8.0200,8.0200,5411200,43434372.0000,3
2025-11-07,20251107111000000,sh.601398,8.0300,8.0400,8.0200,8.0400,1648800,13246971.0000,3
2025-11-07,20251107111500000,sh.601398,8.0400,8.0400,8.0200,8.0200,4757000,38199424.0000,3
2025-11-07,20251107112000000,sh.601398,8.0300,8.0400,8.0200,8.0300,2324100,18663034.0000,3
2025-11-07,20251107112500000,sh.601398,8.0300,8.0400,8.0300,8.0300,1376900,11059721.0000,3
2025-11-07,20251107113000000,sh.601398,8.0400,8.0400,8.0300,8.0300,2607900,20956281.0000,3
2025-11-07,20251107130500000,sh.601398,8.0300,8.0600,8.0300,8.0600,8769100,70546950.0000,3
2025-11-07,20251107131000000,sh.601398,8.0600,8.0600,8.0400,8.0500,2156500,17350276.0000,3
2025-11-07,20251107131500000,sh.601398,8.0400,8.0500,8.0300,8.0400,1720800,13834998.0000,3
2025-11-07,20251107132000000,sh.601398,8.0300,8.0400,8.0200,8.0300,5385800,43255940.0000,3
2025-11-07,20251107132500000,sh.601398,8.0300,8.0500,8.0200,8.0400,7139600,57368184.0000,3
2025-11-07,20251107133000000,sh.601398,8.0400,8.0600,8.0400,8.0500,4621500,37210624.0000,3
2025-11-07,20251107133500000,sh.601398,8.0600,8.0600,8.0400,8.0500,3367900,27120521.0000,3
2025-11-07,20251107134000000,sh.601398,8.0500,8.0600,8.0500,8.0600,2235900,18008835.0000,3
2025-11-07,20251107134500000,sh.601398,8.0600,8.0800,8.0500,8.0800,6829300,55109628.0000,3
2025-11-07,20251107135000000,sh.601398,8.0800,8.0800,8.0600,8.0600,4366700,35230596.0000,3
2025-11-07,20251107135500000,sh.601398,8.0700,8.0800,8.0700,8.0800,3702400,29900532.0000,3
2025-11-07,20251107140000000,sh.601398,8.0800,8.0800,8.0700,8.0800,3432700,27718279.0000,3
2025-11-07,20251107140500000,sh.601398,8.0800,8.0900,8.0700,8.0900,4822200,38980997.0000,3
2025-11-07,20251107141000000,sh.601398,8.0900,8.0900,8.0700,8.0700,7033200,56818036.0000,3
2025-11-07,20251107141500000,sh.601398,8.0800,8.0800,8.0600,8.0700,4237600,34196480.0000,3
2025-11-07,20251107142000000,sh.601398,8.0700,8.0800,8.0600,8.0700,4564400,36835333.0000,3
2025-11-07,20251107142500000,sh.601398,8.0700,8.0700,8.0600,8.0600,3619800,29189631.0000,3
2025-11-07,20251107143000000,sh.601398,8.0600,8.0700,8.0600,8.0700,2752000,22197124.0000,3
2025-11-07,20251107143500000,sh.601398,8.0700,8.0700,8.0600,8.0700,2206300,17794945.0000,3
2025-11-07,20251107144000000,sh.601398,8.0700,8.0700,8.0600,8.0700,2651900,21392262.0000,3
2025-11-07,20251107144500000,sh.601398,8.0700,8.0700,8.0500,8.0500,5670000,45679993.0000,3
2025-11-07,20251107145000000,sh.601398,8.0500,8.0600,8.0400,8.0400,5837600,46992382.0000,3
2025-11-07,20251107145500000,sh.601398,8.0500,8.0600,8.0400,8.0400,5389200,43365882.0000,3
2025-11-07,20251107150000000,sh.601398,8.0500,8.0600,8.0400,8.0500,5955300,47926285.0000,3
2025-11-10,20251110093500000,sh.601398,8.0200,8.0300,7.9800,7.9900,20756300,166070512.0000,3
2025-11-10,20251110094000000,sh.601398,8.0000,8.0400,8.0000,8.0400,8541600,68477728.0000,3
2025-11-10,20251110094500000,sh.601398,8.0400,8.0500,8.0200,8.0300,7799300,62657936.0000,3
2025-11-10,20251110095000000,sh.601398,8.0200,8.0400,8.0100,8.0200,5223700,41925504.0000,3
2025-11-10,20251110095500000,sh.601398,8.0300,8.0300,8.0100,8.0200,5279200,42341376.0000,3
2025-11-10,20251110100000000,sh.601398,8.0100,8.0200,8.0000,8.0200,3247400,26004800.0000,3
2025-11-10,20251110100500000,sh.601398,8.0100,8.0400,8.0000,8.0400,5145600,41269024.0000,3
2025-11-10,20251110101000000,sh.601398,8.0400,8.0600,8.0300,8.0500,11985900,96487680.0000,3
2025-11-10,20251110101500000,sh.601398,8.0600,8.0700,8.0400,8.0400,8893900,71640198.0000,3
2025-11-10,20251110102000000,sh.601398,8.0400,8.0500,8.0400,8.0500,2996100,24105202.0000,3
2025-11-10,20251110102500000,sh.601398,8.0400,8.0600,8.0300,8.0300,4550000,36600516.0000,3
2025-11-10,20251110103000000,sh.601398,8.0400,8.0400,8.0200,8.0400,3500000,28104198.0000,3
2025-11-10,20251110103500000,sh.601398,8.0400,8.0500,8.0300,8.0400,1602800,12884790.0000,3
2025-11-10,20251110104000000,sh.601398,8.0500,8.0500,8.0300,8.0500,1502900,12084876.0000,3
2025-11-10,20251110104500000,sh.601398,8.0500,8.0500,8.0300,8.0300,1663900,13382776.0000,3
2025-11-10,20251110105000000,sh.601398,8.0400,8.0500,8.0300,8.0300,1809900,14551304.0000,3
2025-11-10,20251110105500000,sh.601398,8.0300,8.0400,8.0300,8.0400,3597600,28915316.0000,3
2025-11-10,20251110110000000,sh.601398,8.0400,8.0600,8.0300,8.0500,3996200,32165443.0000,3
2025-11-10,20251110110500000,sh.601398,8.0500,8.0600,8.0400,8.0600,2666100,21471554.0000,3
2025-11-10,20251110111000000,sh.601398,8.0500,8.0600,8.0500,8.0600,4491100,36189435.0000,3
2025-11-10,20251110111500000,sh.601398,8.0700,8.0700,8.0600,8.0600,2207400,17805705.0000,3
2025-11-10,20251110112000000,sh.601398,8.0600,8.0800,8.0600,8.0800,5021500,40530103.0000,3
2025-11-10,20251110112500000,sh.601398,8.0800,8.0800,8.0700,8.0800,2908900,23499016.0000,3
2025-11-10,20251110113000000,sh.601398,8.0800,8.0900,8.0700,8.0800,4247500,34326592.0000,3
2025-11-10,20251110130500000,sh.601398,8.0900,8.0900,8.0700,8.0800,6228700,50338808.0000,3
2025-11-10,20251110131000000,sh.601398,8.0800,8.0900,8.0700,8.0800,2862000,23127104.0000,3
2025-11-10,20251110131500000,sh.601398,8.0800,8.0900,8.0800,8.0900,1754900,14191808.0000,3
2025-11-10,20251110132000000,sh.601398,8.0800,8.0900,8.0700,8.0800,4936600,39897736.0000,3
2025-11-10,20251110132500000,sh.601398,8.0900,8.0900,8.0700,8.0700,3691900,29817080.0000,3
2025-11-10,20251110133000000,sh.601398,8.0700,8.0900,8.0700,8.0800,5046600,40750350.0000,3
2025-11-10,20251110133500000,sh.601398,8.0900,8.1000,8.0800,8.0900,4590600,37144568.0000,3
2025-11-10,20251110134000000,sh.601398,8.1000,8.1100,8.0900,8.1000,6294100,50986370.0000,3
2025-11-10,20251110134500000,sh.601398,8.1100,8.1200,8.1000,8.1200,9802800,79567232.0000,3
2025-11-10,20251110135000000,sh.601398,8.1100,8.1300,8.1100,8.1100,7666200,62243712.0000,3
2025-11-10,20251110135500000,sh.601398,8.1100,8.1200,8.1100,8.1200,1830500,14855808.0000,3
2025-11-10,20251110140000000,sh.601398,8.1200,8.1200,8.1100,8.1100,2506300,20334592.0000,3
2025-11-10,20251110140500000,sh.601398,8.1100,8.1200,8.1000,8.1100,4160700,33747712.0000,3
2025-11-10,20251110141000000,sh.601398,8.1100,8.1200,8.1000,8.1100,3120000,25304832.0000,3
2025-11-10,20251110141500000,sh.601398,8.1000,8.1200,8.1000,8.1100,2139900,17354752.0000,3
2025-11-10,20251110142000000,sh.601398,8.1000,8.1200,8.1000,8.1200,1543100,12514048.0000,3
2025-11-10,20251110142500000,sh.601398,8.1200,8.1200,8.1100,8.1100,4193300,34034304.0000,3
2025-11-10,20251110143000000,sh.601398,8.1200,8.1300,8.1100,8.1200,3303000,26824448.0000,3
2025-11-10,20251110143500000,sh.601398,8.1200,8.1300,8.1100,8.1200,3701100,30051200.0000,3
2025-11-10,20251110144000000,sh.601398,8.1100,8.1200,8.1100,8.1100,6413400,52032512.0000,3
2025-11-10,20251110144500000,sh.601398,8.1200,8.1200,8.1000,8.1100,2999400,24324480.0000,3
2025-11-10,20251110145000000,sh.601398,8.1100,8.1200,8.1000,8.1100,2939600,23839104.0000,3
2025-11-10,20251110145500000,sh.601398,8.1100,8.1100,8.1000,8.1100,3209500,26015868.0000,3
2025-11-10,20251110150000000,sh.601398,8.1000,8.1200,8.1000,8.1200,4722300,38316420.0000,3
2025-11-11,20251111093500000,sh.601398,8.1000,8.1100,8.0700,8.1000,12548500,101569832.0000,3
2025-11-11,20251111094000000,sh.601398,8.1000,8.1100,8.0800,8.1000,6193100,50139800.0000,3
2025-11-11,20251111094500000,sh.601398,8.1000,8.1200,8.1000,8.1100,4065500,32977840.0000,3
2025-11-11,20251111095000000,sh.601398,8.1200,8.1200,8.1100,8.1200,2782700,22577664.0000,3
2025-11-11,20251111095500000,sh.601398,8.1200,8.1200,8.1000,8.1200,5842700,47406144.0000,3
2025-11-11,20251111100000000,sh.601398,8.1200,8.1300,8.1100,8.1300,2693400,21872848.0000,3
2025-11-11,20251111100500000,sh.601398,8.1200,8.1300,8.1100,8.1200,4016800,32622816.0000,3
2025-11-11,20251111101000000,sh.601398,8.1200,8.1300,8.1100,8.1200,2579900,20948832.0000,3
2025-11-11,20251111101500000,sh.601398,8.1300,8.1600,8.1200,8.1500,11122100,90546560.0000,3
2025-11-11,20251111102000000,sh.601398,8.1600,8.1700,8.1500,8.1700,6425600,52439872.0000,3
2025-11-11,20251111102500000,sh.601398,8.1700,8.1700,8.1400,8.1400,6828000,55715744.0000,3
2025-11-11,20251111103000000,sh.601398,8.1400,8.1600,8.1400,8.1500,4577300,37297889.0000,3
2025-11-11,20251111103500000,sh.601398,8.1400,8.1500,8.1200,8.1200,4842300,39388287.0000,3
2025-11-11,20251111104000000,sh.601398,8.1200,8.1300,8.1200,8.1200,2610600,21218235.0000,3
2025-11-11,20251111104500000,sh.601398,8.1300,8.1300,8.1100,8.1100,3920000,31836677.0000,3
2025-11-11,20251111105000000,sh.601398,8.1200,8.1200,8.1000,8.1000,2847800,23096390.0000,3
2025-11-11,20251111105500000,sh.601398,8.1000,8.1100,8.0900,8.0900,4351000,35249908.0000,3
2025-11-11,20251111110000000,sh.601398,8.0900,8.1000,8.0900,8.0900,4210600,34069951.0000,3
2025-11-11,20251111110500000,sh.601398,8.0800,8.0900,8.0800,8.0900,5488100,44369351.0000,3
2025-11-11,20251111111000000,sh.601398,8.0800,8.1000,8.0800,8.1000,2651400,21452794.0000,3
2025-11-11,20251111111500000,sh.601398,8.1000,8.1100,8.0900,8.1000,3356900,27197196.0000,3
2025-11-11,20251111112000000,sh.601398,8.1000,8.1100,8.0900,8.1000,1533400,12422013.0000,3
2025-11-11,20251111112500000,sh.601398,8.1000,8.1100,8.1000,8.1000,2694300,21844735.0000,3
2025-11-11,20251111113000000,sh.601398,8.1100,8.1100,8.1000,8.1000,1726100,13987326.0000,3
2025-11-11,20251111130500000,sh.601398,8.1000,8.1100,8.0900,8.1100,4017300,32551234.0000,3
2025-11-11,20251111131000000,sh.601398,8.1000,8.1200,8.1000,8.1100,2474600,20067900.0000,3
2025-11-11,20251111131500000,sh.601398,8.1100,8.1200,8.1000,8.1200,1915100,15537030.0000,3
2025-11-11,20251111132000000,sh.601398,8.1200,8.1300,8.1100,8.1200,3897800,31652670.0000,3
2025-11-11,20251111132500000,sh.601398,8.1300,8.1300,8.1200,8.1200,1865500,15151360.0000,3
2025-11-11,20251111133000000,sh.601398,8.1200,8.1300,8.1100,8.1200,2736300,22233282.0000,3
2025-11-11,20251111133500000,sh.601398,8.1300,8.1300,8.1100,8.1300,3224600,26189628.0000,3
2025-11-11,20251111134000000,sh.601398,8.1300,8.1400,8.1200,8.1400,2506300,20376251.0000,3
2025-11-11,20251111134500000,sh.601398,8.1400,8.1400,8.1300,8.1300,1795700,14606726.0000,3
2025-11-11,20251111135000000,sh.601398,8.1300,8.1400,8.1100,8.1100,2614800,21235967.0000,3
2025-11-11,20251111135500000,sh.601398,8.1100,8.1300,8.1100,8.1200,1773300,14399495.0000,3
2025-11-11,20251111140000000,sh.601398,8.1200,8.1300,8.1100,8.1200,1501000,12189817.0000,3
2025-11-11,20251111140500000,sh.601398,8.1300,8.1500,8.1200,8.1400,5674200,46163584.0000,3
2025-11-11,20251111141000000,sh.601398,8.1400,8.1500,8.1300,8.1400,2409000,19610490.0000,3
2025-11-11,20251111141500000,sh.601398,8.1400,8.1500,8.1400,8.1500,1904300,15506950.0000,3
2025-11-11,20251111142000000,sh.601398,8.1500,8.1500,8.1400,8.1400,2275200,18534662.0000,3
2025-11-11,20251111142500000,sh.601398,8.1500,8.1500,8.1400,8.1400,2032000,16547187.0000,3
2025-11-11,20251111143000000,sh.601398,8.1400,8.1500,8.1300,8.1300,3350500,27265407.0000,3
2025-11-11,20251111143500000,sh.601398,8.1300,8.1400,8.1300,8.1400,3032500,24681222.0000,3
2025-11-11,20251111144000000,sh.601398,8.1400,8.1500,8.1300,8.1400,4276200,34832509.0000,3
2025-11-11,20251111144500000,sh.601398,8.1500,8.1600,8.1400,8.1500,8197300,66817157.0000,3
2025-11-11,20251111145000000,sh.601398,8.1500,8.1600,8.1400,8.1600,7260700,59172728.0000,3
2025-11-11,20251111145500000,sh.601398,8.1500,8.1500,8.1400,8.1500,5389700,43916675.0000,3
2025-11-11,20251111150000000,sh.601398,8.1400,8.1600,8.1400,8.1600,5708100,46555532.0000,3
2025-11-12,20251112093500000,sh.601398,8.1600,8.2100,8.1600,8.2100,28852400,236341488.0000,3
2025-11-12,20251112094000000,sh.601398,8.2100,8.2500,8.2100,8.2200,25502700,209931792.0000,3
2025-11-12,20251112094500000,sh.601398,8.2300,8.2300,8.1900,8.2200,13864600,113719418.0000,3
2025-11-12,20251112095000000,sh.601398,8.2300,8.2400,8.2100,8.2200,13896700,114354302.0000,3
2025-11-12,20251112095500000,sh.601398,8.2200,8.2500,8.2000,8.2500,12167000,100163598.0000,3
2025-11-12,20251112100000000,sh.601398,8.2500,8.2900,8.2400,8.2800,22009100,181919990.0000,3
2025-11-12,20251112100500000,sh.601398,8.2900,8.2900,8.2400,8.2500,8668500,71622844.0000,3
2025-11-12,20251112101000000,sh.601398,8.2500,8.2600,8.2400,8.2600,4771600,39380110.0000,3
2025-11-12,20251112101500000,sh.601398,8.2600,8.2700,8.2400,8.2500,11506900,95027135.0000,3
2025-11-12,20251112102000000,sh.601398,8.2600,8.2700,8.2400,8.2600,4732600,39062646.0000,3
2025-11-12,20251112102500000,sh.601398,8.2700,8.2800,8.2600,8.2700,3728700,30838533.0000,3
2025-11-12,20251112103000000,sh.601398,8.2800,8.2900,8.2700,8.2800,9592900,79413508.0000,3
2025-11-12,20251112103500000,sh.601398,8.2900,8.3200,8.2800,8.3200,25363200,210558332.0000,3
2025-11-12,20251112104000000,sh.601398,8.3100,8.3200,8.3000,8.3100,4880800,40561152.0000,3
2025-11-12,20251112104500000,sh.601398,8.3000,8.3100,8.2800,8.2900,5538000,45923201.0000,3
2025-11-12,20251112105000000,sh.601398,8.2800,8.3000,8.2800,8.2800,5749500,47655423.0000,3
2025-11-12,20251112105500000,sh.601398,8.2800,8.3100,8.2800,8.3000,4629400,38420347.0000,3
2025-11-12,20251112110000000,sh.601398,8.3100,8.3200,8.3000,8.3100,6252400,51967749.0000,3
2025-11-12,20251112110500000,sh.601398,8.3100,8.3200,8.3000,8.3100,8375600,69581440.0000,3
2025-11-12,20251112111000000,sh.601398,8.3000,8.3100,8.2900,8.3000,3322600,27562624.0000,3
2025-11-12,20251112111500000,sh.601398,8.2900,8.3000,8.2900,8.3000,4382200,36346752.0000,3
2025-11-12,20251112112000000,sh.601398,8.2900,8.3100,8.2900,8.3000,4176600,34667648.0000,3
2025-11-12,20251112112500000,sh.601398,8.2900,8.3100,8.2900,8.3000,2934600,24356352.0000,3
2025-11-12,20251112113000000,sh.601398,8.2900,8.3100,8.2800,8.2900,3526900,29248133.0000,3
2025-11-12,20251112130500000,sh.601398,8.2800,8.2900,8.2600,8.2800,5348600,44267906.0000,3
2025-11-12,20251112131000000,sh.601398,8.2700,8.2800,8.2500,8.2600,4696900,38814194.0000,3
2025-11-12,20251112131500000,sh.601398,8.2500,8.2600,8.2400,8.2600,4470200,36875786.0000,3
2025-11-12,20251112132000000,sh.601398,8.2500,8.2600,8.2500,8.2600,4750700,39207295.0000,3
2025-11-12,20251112132500000,sh.601398,8.2500,8.2600,8.2400,8.2400,4520100,37287294.0000,3
2025-11-12,20251112133000000,sh.601398,8.2500,8.2500,8.2200,8.2400,5737600,47230968.0000,3
2025-11-12,20251112133500000,sh.601398,8.2300,8.2400,8.2200,8.2300,5379100,44264968.0000,3
2025-11-12,20251112134000000,sh.601398,8.2200,8.2400,8.2200,8.2400,2378700,19579902.0000,3
2025-11-12,20251112134500000,sh.601398,8.2300,8.2400,8.2300,8.2400,2407300,19822598.0000,3
2025-11-12,20251112135000000,sh.601398,8.2300,8.2400,8.2100,8.2200,8786200,72230908.0000,3
2025-11-12,20251112135500000,sh.601398,8.2100,8.2200,8.2100,8.2200,5072400,41659904.0000,3
2025-11-12,20251112140000000,sh.601398,8.2100,8.2300,8.2100,8.2300,2575000,21162752.0000,3
2025-11-12,20251112140500000,sh.601398,8.2200,8.2400,8.2200,8.2400,2136000,17577208.0000,3
2025-11-12,20251112141000000,sh.601398,8.2400,8.2400,8.2300,8.2300,2935100,24171520.0000,3
2025-11-12,20251112141500000,sh.601398,8.2400,8.2400,8.2300,8.2400,4215300,34711043.0000,3
2025-11-12,20251112142000000,sh.601398,8.2400,8.2400,8.2300,8.2400,1904500,15690503.0000,3
2025-11-12,20251112142500000,sh.601398,8.2400,8.2500,8.2300,8.2300,1763000,14523638.0000,3
2025-11-12,20251112143000000,sh.601398,8.2300,8.2400,8.2200,8.2300,4209700,34637832.0000,3
2025-11-12,20251112143500000,sh.601398,8.2300,8.2300,8.2100,8.2300,4249400,34932219.0000,3
2025-11-12,20251112144000000,sh.601398,8.2200,8.2300,8.2100,8.2200,4188900,34415877.0000,3
2025-11-12,20251112144500000,sh.601398,8.2200,8.2300,8.2100,8.2300,6460400,53108480.0000,3
2025-11-12,20251112145000000,sh.601398,8.2200,8.2300,8.2200,8.2300,5072100,41721088.0000,3
2025-11-12,20251112145500000,sh.601398,8.2300,8.2300,8.2000,8.2000,18445300,151467520.0000,3
2025-11-12,20251112150000000,sh.601398,8.2000,8.2100,8.1900,8.1900,9161800,75080448.0000,3
2025-11-13,20251113093500000,sh.601398,8.2100,8.2300,8.2000,8.2200,20798700,170947104.0000,3
2025-11-13,20251113094000000,sh.601398,8.2100,8.2200,8.1900,8.2000,13307500,109089760.0000,3
2025-11-13,20251113094500000,sh.601398,8.2000,8.2100,8.1800,8.1900,9230800,75657920.0000,3
2025-11-13,20251113095000000,sh.601398,8.1900,8.2000,8.1600,8.1800,11466300,93720832.0000,3
2025-11-13,20251113095500000,sh.601398,8.1700,8.2000,8.1600,8.2000,10078000,82338112.0000,3
2025-11-13,20251113100000000,sh.601398,8.2000,8.2000,8.1800,8.1900,4569200,37433028.0000,3
2025-11-13,20251113100500000,sh.601398,8.1800,8.1900,8.1700,8.1800,5780800,47279683.0000,3
2025-11-13,20251113101000000,sh.601398,8.1800,8.1900,8.1600,8.1700,7227900,59048373.0000,3
2025-11-13,20251113101500000,sh.601398,8.1700,8.1700,8.1500,8.1600,6695000,54657732.0000,3
2025-11-13,20251113102000000,sh.601398,8.1600,8.1600,8.1400,8.1400,12177500,99188484.0000,3
2025-11-13,20251113102500000,sh.601398,8.1400,8.1600,8.1300,8.1500,12363900,100710390.0000,3
2025-11-13,20251113103000000,sh.601398,8.1400,8.1500,8.1300,8.1500,4624000,37645189.0000,3
2025-11-13,20251113103500000,sh.601398,8.1500,8.1600,8.1400,8.1500,2818500,22965369.0000,3
2025-11-13,20251113104000000,sh.601398,8.1400,8.1600,8.1400,8.1500,4945800,40292493.0000,3
2025-11-13,20251113104500000,sh.601398,8.1500,8.1600,8.1400,8.1400,3478900,28340211.0000,3
2025-11-13,20251113105000000,sh.601398,8.1500,8.1600,8.1400,8.1500,5680700,46308231.0000,3
2025-11-13,20251113105500000,sh.601398,8.1500,8.1600,8.1400,8.1400,5671400,46204804.0000,3
2025-11-13,20251113110000000,sh.601398,8.1400,8.1500,8.1300,8.1300,5123800,41704707.0000,3
2025-11-13,20251113110500000,sh.601398,8.1300,8.1400,8.1300,8.1300,6996900,56898297.0000,3
2025-11-13,20251113111000000,sh.601398,8.1300,8.1400,8.1200,8.1200,5710100,46410241.0000,3
2025-11-13,20251113111500000,sh.601398,8.1200,8.1300,8.1100,8.1200,9576000,77733116.0000,3
2025-11-13,20251113112000000,sh.601398,8.1200,8.1200,8.1000,8.1000,4975700,40336900.0000,3
2025-11-13,20251113112500000,sh.601398,8.1000,8.1100,8.0900,8.1100,14869800,120406912.0000,3
2025-11-13,20251113113000000,sh.601398,8.1100,8.1100,8.0900,8.0900,4473800,36220288.0000,3
2025-11-13,20251113130500000,sh.601398,8.0900,8.1300,8.0900,8.1200,10439800,84680960.0000,3
2025-11-13,20251113131000000,sh.601398,8.1300,8.1400,8.1200,8.1400,4463500,36279164.0000,3
2025-11-13,20251113131500000,sh.601398,8.1400,8.1500,8.1400,8.1500,2673100,21767808.0000,3
2025-11-13,20251113132000000,sh.601398,8.1500,8.1500,8.1300,8.1400,3274000,26647934.0000,3
2025-11-13,20251113132500000,sh.601398,8.1500,8.1700,8.1400,8.1500,3447900,28124810.0000,3
2025-11-13,20251113133000000,sh.601398,8.1500,8.1800,8.1500,8.1800,2701200,22067576.0000,3
2025-11-13,20251113133500000,sh.601398,8.1800,8.1900,8.1700,8.1900,5269800,43113603.0000,3
2025-11-13,20251113134000000,sh.601398,8.1800,8.2000,8.1800,8.2000,4689900,38422273.0000,3
2025-11-13,20251113134500000,sh.601398,8.2000,8.2100,8.1900,8.2100,3296300,27033216.0000,3
2025-11-13,20251113135000000,sh.601398,8.2100,8.2100,8.1900,8.1900,4513300,37019008.0000,3
2025-11-13,20251113135500000,sh.601398,8.2000,8.2000,8.1900,8.2000,2372000,19437063.0000,3
2025-11-13,20251113140000000,sh.601398,8.1900,8.2200,8.1900,8.2200,4088700,33554553.0000,3
2025-11-13,20251113140500000,sh.601398,8.2200,8.2200,8.2000,8.2100,5289700,43445504.0000,3
2025-11-13,20251113141000000,sh.601398,8.2100,8.2200,8.2000,8.2100,3204500,26306816.0000,3
2025-11-13,20251113141500000,sh.601398,8.2200,8.2200,8.2100,8.2200,3211300,26393856.0000,3
2025-11-13,20251113142000000,sh.601398,8.2200,8.2300,8.2100,8.2200,3104300,25516544.0000,3
2025-11-13,20251113142500000,sh.601398,8.2200,8.2200,8.2100,8.2100,1106400,9091840.0000,3
2025-11-13,20251113143000000,sh.601398,8.2200,8.2200,8.2100,8.2200,2198400,18064128.0000,3
2025-11-13,20251113143500000,sh.601398,8.2100,8.2200,8.2000,8.2000,4574500,37548160.0000,3
2025-11-13,20251113144000000,sh.601398,8.2100,8.2200,8.2000,8.2100,2512300,20623616.0000,3
2025-11-13,20251113144500000,sh.601398,8.2200,8.2200,8.2000,8.2100,2573000,21123072.0000,3
2025-11-13,20251113145000000,sh.601398,8.2000,8.2200,8.2000,8.2200,6271200,51493376.0000,3
2025-11-13,20251113145500000,sh.601398,8.2100,8.2200,8.2100,8.2200,6559900,53883648.0000,3
2025-11-13,20251113150000000,sh.601398,8.2200,8.2200,8.2100,8.2100,5661900,46502912.0000,3
2025-11-14,20251114093500000,sh.601398,8.2300,8.2800,8.2200,8.2800,27385800,226149808.0000,3
2025-11-14,20251114094000000,sh.601398,8.2800,8.2800,8.2500,8.2600,11944300,98748176.0000,3
2025-11-14,20251114094500000,sh.601398,8.2600,8.2900,8.2600,8.2600,13431100,111209920.0000,3
2025-11-14,20251114095000000,sh.601398,8.2700,8.2800,8.2500,8.2500,5753200,47541312.0000,3
2025-11-14,20251114095500000,sh.601398,8.2600,8.2800,8.2500,8.2700,5323400,43987136.0000,3
2025-11-14,20251114100000000,sh.601398,8.2700,8.3000,8.2700,8.2900,10963000,90849657.0000,3
2025-11-14,20251114100500000,sh.601398,8.2900,8.3000,8.2700,8.2800,6746100,55928511.0000,3
2025-11-14,20251114101000000,sh.601398,8.2800,8.3000,8.2700,8.3000,3704300,30695556.0000,3
2025-11-14,20251114101500000,sh.601398,8.2900,8.3000,8.2900,8.3000,5746400,47666301.0000,3
2025-11-14,20251114102000000,sh.601398,8.2900,8.3200,8.2900,8.3100,14558000,120947399.0000,3
2025-11-14,20251114102500000,sh.601398,8.3200,8.3200,8.3100,8.3100,2863200,23803962.0000,3
2025-11-14,20251114103000000,sh.601398,8.3200,8.3400,8.3100,8.3200,13120700,109265918.0000,3
2025-11-14,20251114103500000,sh.601398,8.3300,8.3400,8.3200,8.3400,5688700,47394763.0000,3
2025-11-14,20251114104000000,sh.601398,8.3300,8.3400,8.3300,8.3400,3262900,27199487.0000,3
2025-11-14,20251114104500000,sh.601398,8.3300,8.3500,8.3300,8.3400,7318300,61031684.0000,3
2025-11-14,20251114105000000,sh.601398,8.3400,8.3800,8.3400,8.3700,20824400,174091514.0000,3
2025-11-14,20251114105500000,sh.601398,8.3700,8.3800,8.3500,8.3500,5760900,48216064.0000,3
2025-11-14,20251114110000000,sh.601398,8.3500,8.3700,8.3500,8.3700,4417700,36923648.0000,3
2025-11-14,20251114110500000,sh.601398,8.3600,8.3700,8.3400,8.3500,4824300,40291448.0000,3
2025-11-14,20251114111000000,sh.601398,8.3500,8.3600,8.3400,8.3500,3319600,27716355.0000,3
2025-11-14,20251114111500000,sh.601398,8.3500,8.3600,8.3400,8.3500,4561700,38097150.0000,3
2025-11-14,20251114112000000,sh.601398,8.3500,8.3600,8.3500,8.3500,3038800,25388935.0000,3
2025-11-14,20251114112500000,sh.601398,8.3600,8.3600,8.3500,8.3600,2702800,22584576.0000,3
2025-11-14,20251114113000000,sh.601398,8.3600,8.3700,8.3400,8.3400,4667700,39016579.0000,3
2025-11-14,20251114130500000,sh.601398,8.3400,8.3500,8.3000,8.3200,9868100,82158334.0000,3
2025-11-14,20251114131000000,sh.601398,8.3100,8.3200,8.3000,8.3000,3532400,29337597.0000,3
2025-11-14,20251114131500000,sh.601398,8.3100,8.3300,8.3000,8.3200,3919500,32592382.0000,3
2025-11-14,20251114132000000,sh.601398,8.3300,8.3300,8.3000,8.3000,3187100,26502788.0000,3
2025-11-14,20251114132500000,sh.601398,8.3000,8.3200,8.3000,8.3000,2629300,21852795.0000,3
2025-11-14,20251114133000000,sh.601398,8.3100,8.3200,8.3000,8.3100,2294900,19077893.0000,3
2025-11-14,20251114133500000,sh.601398,8.3200,8.3300,8.3100,8.3200,2481900,20659971.0000,3
2025-11-14,20251114134000000,sh.601398,8.3300,8.3400,8.3200,8.3300,3052000,25413250.0000,3
2025-11-14,20251114134500000,sh.601398,8.3300,8.3400,8.3200,8.3300,2292800,19100286.0000,3
2025-11-14,20251114135000000,sh.601398,8.3400,8.3400,8.3200,8.3200,2829300,23554813.0000,3
2025-11-14,20251114135500000,sh.601398,8.3200,8.3300,8.3100,8.3100,4219400,35109120.0000,3
2025-11-14,20251114140000000,sh.601398,8.3100,8.3300,8.3100,8.3200,3191000,26542976.0000,3
2025-11-14,20251114140500000,sh.601398,8.3200,8.3200,8.3000,8.3100,3598700,29912323.0000,3
2025-11-14,20251114141000000,sh.601398,8.3100,8.3200,8.3000,8.3100,1538500,12779127.0000,3
2025-11-14,20251114141500000,sh.601398,8.3100,8.3100,8.3000,8.3100,2259400,18768512.0000,3
2025-11-14,20251114142000000,sh.601398,8.3100,8.3100,8.3000,8.3100,1619800,13456772.0000,3
2025-11-14,20251114142500000,sh.601398,8.3100,8.3100,8.2900,8.2900,4145700,34402682.0000,3
2025-11-14,20251114143000000,sh.601398,8.3000,8.3000,8.2800,8.2800,3156000,26166784.0000,3
2025-11-14,20251114143500000,sh.601398,8.2900,8.2900,8.2700,8.2700,5184500,42904968.0000,3
2025-11-14,20251114144000000,sh.601398,8.2700,8.2800,8.2700,8.2800,5757200,47653632.0000,3
2025-11-14,20251114144500000,sh.601398,8.2800,8.2900,8.2600,8.2700,7603700,62903040.0000,3
2025-11-14,20251114145000000,sh.601398,8.2600,8.2700,8.2500,8.2500,9803000,80948992.0000,3
2025-11-14,20251114145500000,sh.601398,8.2600,8.2600,8.2200,8.2400,16218000,133588480.0000,3
2025-11-14,20251114150000000,sh.601398,8.2400,8.2500,8.2200,8.2500,10025600,82584064.0000,3
2025-11-17,20251117093500000,sh.601398,8.2500,8.2500,8.1700,8.1800,26546000,218047392.0000,3
2025-11-17,20251117094000000,sh.601398,8.1800,8.1900,8.1500,8.1700,21400700,174725440.0000,3
2025-11-17,20251117094500000,sh.601398,8.1700,8.1700,8.1200,8.1400,22429000,182504672.0000,3
2025-11-17,20251117095000000,sh.601398,8.1400,8.1400,8.1100,8.1200,12612500,102431616.0000,3
2025-11-17,20251117095500000,sh.601398,8.1200,8.1400,8.1100,8.1300,9369100,76148923.0000,3
2025-11-17,20251117100000000,sh.601398,8.1300,8.1600,8.1300,8.1600,5437500,44295877.0000,3
2025-11-17,20251117100500000,sh.601398,8.1600,8.1900,8.1400,8.1800,7046400,57502080.0000,3
2025-11-17,20251117101000000,sh.601398,8.1900,8.2400,8.1900,8.2200,14251800,117156800.0000,3
2025-11-17,20251117101500000,sh.601398,8.2200,8.2300,8.2000,8.2100,4773400,39213375.0000,3
2025-11-17,20251117102000000,sh.601398,8.2200,8.2200,8.1900,8.2100,5536400,45424583.0000,3
2025-11-17,20251117102500000,sh.601398,8.2100,8.2100,8.1900,8.1900,3075800,25201150.0000,3
2025-11-17,20251117103000000,sh.601398,8.2000,8.2100,8.1900,8.2100,2075900,17015670.0000,3
2025-11-17,20251117103500000,sh.601398,8.2100,8.2300,8.2100,8.2100,3361700,27623166.0000,3
2025-11-17,20251117104000000,sh.601398,8.2000,8.2100,8.1800,8.1800,2495900,20446860.0000,3
2025-11-17,20251117104500000,sh.601398,8.1900,8.1900,8.1800,8.1800,1222300,10004086.0000,3
2025-11-17,20251117105000000,sh.601398,8.1900,8.2000,8.1700,8.1800,2310600,18903808.0000,3
2025-11-17,20251117105500000,sh.601398,8.1700,8.1800,8.1600,8.1700,2779000,22691341.0000,3
2025-11-17,20251117110000000,sh.601398,8.1700,8.1700,8.1600,8.1700,1782200,14548339.0000,3
2025-11-17,20251117110500000,sh.601398,8.1700,8.1700,8.1500,8.1600,2285100,18641803.0000,3
2025-11-17,20251117111000000,sh.601398,8.1600,8.1700,8.1500,8.1600,1914300,15622779.0000,3
2025-11-17,20251117111500000,sh.601398,8.1500,8.1700,8.1500,8.1700,3675900,30014848.0000,3
2025-11-17,20251117112000000,sh.601398,8.1700,8.1800,8.1600,8.1800,1694000,13842943.0000,3
2025-11-17,20251117112500000,sh.601398,8.1800,8.1900,8.1700,8.1800,1252500,10246523.0000,3
2025-11-17,20251117113000000,sh.601398,8.1900,8.2000,8.1700,8.1800,1807100,14791558.0000,3
2025-11-17,20251117130500000,sh.601398,8.1800,8.1900,8.1700,8.1700,4218800,34523009.0000,3
2025-11-17,20251117131000000,sh.601398,8.1700,8.1800,8.1700,8.1700,1121200,9166212.0000,3
2025-11-17,20251117131500000,sh.601398,8.1700,8.1900,8.1600,8.1700,3177100,25972213.0000,3
2025-11-17,20251117132000000,sh.601398,8.1700,8.1700,8.1600,8.1700,2732400,22301829.0000,3
2025-11-17,20251117132500000,sh.601398,8.1700,8.1800,8.1600,8.1700,2064500,16875013.0000,3
2025-11-17,20251117133000000,sh.601398,8.1700,8.1800,8.1600,8.1700,2479100,20268285.0000,3
2025-11-17,20251117133500000,sh.601398,8.1600,8.1700,8.1500,8.1600,3707700,30269951.0000,3
2025-11-17,20251117134000000,sh.601398,8.1600,8.1700,8.1500,8.1700,2316400,18915581.0000,3
2025-11-17,20251117134500000,sh.601398,8.1700,8.1800,8.1600,8.1700,2755500,22518916.0000,3
2025-11-17,20251117135000000,sh.601398,8.1800,8.1800,8.1600,8.1700,2064000,16862715.0000,3
2025-11-17,20251117135500000,sh.601398,8.1700,8.1900,8.1700,8.1900,3566300,29169535.0000,3
2025-11-17,20251117140000000,sh.601398,8.1700,8.1800,8.1600,8.1800,3284200,26848129.0000,3
2025-11-17,20251117140500000,sh.601398,8.1800,8.1800,8.1400,8.1500,9645300,78645504.0000,3
2025-11-17,20251117141000000,sh.601398,8.1500,8.1600,8.1400,8.1500,3305700,26923390.0000,3
2025-11-17,20251117141500000,sh.601398,8.1500,8.1500,8.1400,8.1400,2288900,18641280.0000,3
2025-11-17,20251117142000000,sh.601398,8.1500,8.1500,8.1300,8.1400,2085800,16982028.0000,3
2025-11-17,20251117142500000,sh.601398,8.1400,8.1400,8.1200,8.1300,6867700,55835890.0000,3
2025-11-17,20251117143000000,sh.601398,8.1300,8.1300,8.1200,8.1300,5519200,44838920.0000,3
2025-11-17,20251117143500000,sh.601398,8.1300,8.1500,8.1200,8.1400,7504300,61016448.0000,3
2025-11-17,20251117144000000,sh.601398,8.1500,8.1600,8.1400,8.1500,6053400,49328896.0000,3
2025-11-17,20251117144500000,sh.601398,8.1500,8.1500,8.1300,8.1400,4119700,33546887.0000,3
2025-11-17,20251117145000000,sh.601398,8.1500,8.1500,8.1400,8.1400,5643900,45979262.0000,3
2025-11-17,20251117145500000,sh.601398,8.1500,8.1700,8.1400,8.1500,5864500,47813627.0000,3
2025-11-17,20251117150000000,sh.601398,8.1600,8.1700,8.1500,8.1700,4756100,38825984.0000,3
2025-11-18,20251118093500000,sh.601398,8.1400,8.1600,8.1200,8.1400,11752600,95653376.0000,3
2025-11-18,20251118094000000,sh.601398,8.1600,8.1800,8.1400,8.1700,7397000,60332528.0000,3
2025-11-18,20251118094500000,sh.601398,8.1700,8.1700,8.1400,8.1500,3690200,30074816.0000,3
2025-11-18,20251118095000000,sh.601398,8.1400,8.1600,8.1300,8.1400,3935600,32060832.0000,3
2025-11-18,20251118095500000,sh.601398,8.1400,8.1400,8.1200,8.1200,4389600,35683168.0000,3
2025-11-18,20251118100000000,sh.601398,8.1200,8.1400,8.1100,8.1200,5963200,48449840.0000,3
2025-11-18,20251118100500000,sh.601398,8.1100,8.1400,8.1100,8.1400,5609600,45539200.0000,3
2025-11-18,20251118101000000,sh.601398,8.1400,8.1500,8.1200,8.1400,3139300,25534080.0000,3
2025-11-18,20251118101500000,sh.601398,8.1500,8.1700,8.1400,8.1500,8530600,69611520.0000,3
2025-11-18,20251118102000000,sh.601398,8.1600,8.1700,8.1400,8.1600,5388000,43935808.0000,3
2025-11-18,20251118102500000,sh.601398,8.1700,8.1700,8.1500,8.1500,1438600,11732128.0000,3
2025-11-18,20251118103000000,sh.601398,8.1600,8.1600,8.1400,8.1400,2540300,20699680.0000,3
2025-11-18,20251118103500000,sh.601398,8.1500,8.1600,8.1300,8.1600,4204200,34237088.0000,3
2025-11-18,20251118104000000,sh.601398,8.1500,8.1800,8.1500,8.1700,9099000,74328645.0000,3
2025-11-18,20251118104500000,sh.601398,8.1800,8.2100,8.1700,8.2100,8893600,72863672.0000,3
2025-11-18,20251118105000000,sh.601398,8.2000,8.2100,8.1900,8.2100,5034000,41294724.0000,3
2025-11-18,20251118105500000,sh.601398,8.2000,8.2100,8.1900,8.2000,3430700,28148933.0000,3
2025-11-18,20251118110000000,sh.601398,8.2000,8.2000,8.1800,8.1900,5252600,43022781.0000,3
2025-11-18,20251118110500000,sh.601398,8.2000,8.2000,8.1800,8.2000,1999800,16381181.0000,3
2025-11-18,20251118111000000,sh.601398,8.2000,8.2000,8.1800,8.1800,2914000,23869830.0000,3
2025-11-18,20251118111500000,sh.601398,8.1800,8.2000,8.1800,8.1900,1813600,14853874.0000,3
2025-11-18,20251118112000000,sh.601398,8.2000,8.2200,8.2000,8.2200,6596500,54149005.0000,3
2025-11-18,20251118112500000,sh.601398,8.2200,8.2200,8.2100,8.2100,1305600,10724669.0000,3
2025-11-18,20251118113000000,sh.601398,8.2100,8.2200,8.2000,8.2100,4690200,38527170.0000,3
2025-11-18,20251118130500000,sh.601398,8.2000,8.2100,8.1900,8.2000,5784700,47439420.0000,3
2025-11-18,20251118131000000,sh.601398,8.2100,8.2200,8.2000,8.2100,2371700,19478398.0000,3
2025-11-18,20251118131500000,sh.601398,8.2100,8.2200,8.1900,8.1900,4800000,39398593.0000,3
2025-11-18,20251118132000000,sh.601398,8.2000,8.2100,8.1900,8.2100,2903500,23800325.0000,3
2025-11-18,20251118132500000,sh.601398,8.2100,8.2100,8.2000,8.2000,2021700,16594426.0000,3
2025-11-18,20251118133000000,sh.601398,8.2000,8.2200,8.1800,8.1800,4330700,35501705.0000,3
2025-11-18,20251118133500000,sh.601398,8.1900,8.2000,8.1800,8.2000,2646700,21686909.0000,3
2025-11-18,20251118134000000,sh.601398,8.2000,8.2100,8.1900,8.2100,2679000,21965180.0000,3
2025-11-18,20251118134500000,sh.601398,8.2100,8.2500,8.2000,8.2400,13345300,109796864.0000,3
2025-11-18,20251118135000000,sh.601398,8.2500,8.2500,8.2300,8.2400,3388600,27921664.0000,3
2025-11-18,20251118135500000,sh.601398,8.2300,8.2400,8.2200,8.2200,3639800,29956736.0000,3
2025-11-18,20251118140000000,sh.601398,8.2200,8.2300,8.2100,8.2200,3289200,27032582.0000,3
2025-11-18,20251118140500000,sh.601398,8.2200,8.2200,8.2000,8.2100,3577400,29366525.0000,3
2025-11-18,20251118141000000,sh.601398,8.2000,8.2200,8.2000,8.2200,2496100,20495104.0000,3
2025-11-18,20251118141500000,sh.601398,8.2200,8.2200,8.2000,8.2100,3913900,32128258.0000,3
2025-11-18,20251118142000000,sh.601398,8.2000,8.2100,8.1900,8.2000,3857100,31635329.0000,3
2025-11-18,20251118142500000,sh.601398,8.2000,8.2000,8.1800,8.2000,4592800,37617273.0000,3
2025-11-18,20251118143000000,sh.601398,8.1900,8.2000,8.1800,8.1900,2833100,23203967.0000,3
2025-11-18,20251118143500000,sh.601398,8.1900,8.2000,8.1800,8.2000,4145500,33952510.0000,3
2025-11-18,20251118144000000,sh.601398,8.2000,8.2000,8.1800,8.1800,3904800,31991553.0000,3
2025-11-18,20251118144500000,sh.601398,8.1900,8.2000,8.1800,8.2000,3785300,31015294.0000,3
2025-11-18,20251118145000000,sh.601398,8.1900,8.2000,8.1900,8.1900,4621400,37875722.0000,3
2025-11-18,20251118145500000,sh.601398,8.1900,8.2000,8.1900,8.1900,5489500,44977269.0000,3
2025-11-18,20251118150000000,sh.601398,8.1900,8.2000,8.1900,8.2000,4169800,34183422.0000,3
2025-11-19,20251119093500000,sh.601398,8.2000,8.2200,8.1800,8.2000,13057800,107070320.0000,3
2025-11-19,20251119094000000,sh.601398,8.2000,8.2200,8.1900,8.2100,5712400,46872224.0000,3
2025-11-19,20251119094500000,sh.601398,8.2100,8.2200,8.2000,8.2000,3499800,28734240.0000,3
2025-11-19,20251119095000000,sh.601398,8.2000,8.2500,8.2000,8.2400,7120300,58595776.0000,3
2025-11-19,20251119095500000,sh.601398,8.2500,8.2500,8.2200,8.2300,3475200,28604528.0000,3
2025-11-19,20251119100000000,sh.601398,8.2300,8.2500,8.2200,8.2500,4788600,39426848.0000,3
2025-11-19,20251119100500000,sh.601398,8.2500,8.2700,8.2400,8.2700,11863500,97906656.0000,3
2025-11-19,20251119101000000,sh.601398,8.2700,8.2700,8.2500,8.2500,4427500,36566112.0000,3
2025-11-19,20251119101500000,sh.601398,8.2600,8.3000,8.2500,8.2900,14714800,121765120.0000,3
2025-11-19,20251119102000000,sh.601398,8.2900,8.3200,8.2800,8.2900,16281000,135170426.0000,3
2025-11-19,20251119102500000,sh.601398,8.2900,8.3200,8.2800,8.3200,7384400,61338886.0000,3
2025-11-19,20251119103000000,sh.601398,8.3200,8.3200,8.3100,8.3100,4510500,37499451.0000,3
2025-11-19,20251119103500000,sh.601398,8.3200,8.3200,8.2800,8.3000,5246300,43546882.0000,3
2025-11-19,20251119104000000,sh.601398,8.2900,8.3000,8.2900,8.2900,3486200,28923963.0000,3
2025-11-19,20251119104500000,sh.601398,8.3000,8.3000,8.2700,8.2800,4828000,40007564.0000,3
2025-11-19,20251119105000000,sh.601398,8.2700,8.2900,8.2700,8.2700,3100300,25662334.0000,3
2025-11-19,20251119105500000,sh.601398,8.2700,8.2900,8.2700,8.2700,3023200,25027962.0000,3
2025-11-19,20251119110000000,sh.601398,8.2800,8.3100,8.2800,8.3000,6356200,52737348.0000,3
2025-11-19,20251119110500000,sh.601398,8.3000,8.3100,8.2900,8.2900,4114900,34149434.0000,3
2025-11-19,20251119111000000,sh.601398,8.3000,8.3000,8.2900,8.2900,3459700,28713534.0000,3
2025-11-19,20251119111500000,sh.601398,8.3000,8.3000,8.2800,8.2800,4020400,33349252.0000,3
2025-11-19,20251119112000000,sh.601398,8.2800,8.3000,8.2800,8.2800,2441900,20231554.0000,3
2025-11-19,20251119112500000,sh.601398,8.2800,8.3000,8.2800,8.2900,2408100,19958920.0000,3
2025-11-19,20251119113000000,sh.601398,8.2900,8.2900,8.2700,8.2800,2788500,23087606.0000,3
2025-11-19,20251119130500000,sh.601398,8.2700,8.2900,8.2500,8.2800,5337700,44137864.0000,3
2025-11-19,20251119131000000,sh.601398,8.2900,8.2900,8.2700,8.2800,1278700,10591352.0000,3
2025-11-19,20251119131500000,sh.601398,8.2900,8.2900,8.2500,8.2500,3612500,29875594.0000,3
2025-11-19,20251119132000000,sh.601398,8.2600,8.2600,8.2500,8.2500,2654000,21902081.0000,3
2025-11-19,20251119132500000,sh.601398,8.2600,8.2600,8.2400,8.2400,4284000,35323638.0000,3
2025-11-19,20251119133000000,sh.601398,8.2400,8.2500,8.2300,8.2400,2440800,20107260.0000,3
2025-11-19,20251119133500000,sh.601398,8.2400,8.2400,8.2200,8.2200,4278500,35206791.0000,3
2025-11-19,20251119134000000,sh.601398,8.2300,8.2400,8.2200,8.2300,4444800,36559230.0000,3
2025-11-19,20251119134500000,sh.601398,8.2400,8.2400,8.2200,8.2200,3545200,29167230.0000,3
2025-11-19,20251119135000000,sh.601398,8.2300,8.2400,8.2200,8.2300,2758500,22706820.0000,3
2025-11-19,20251119135500000,sh.601398,8.2400,8.2400,8.2300,8.2400,3124700,25728262.0000,3
2025-11-19,20251119140000000,sh.601398,8.2400,8.2400,8.2300,8.2400,2325400,19144052.0000,3
2025-11-19,20251119140500000,sh.601398,8.2400,8.2600,8.2300,8.2600,3698000,30499208.0000,3
2025-11-19,20251119141000000,sh.601398,8.2600,8.2600,8.2500,8.2600,2421600,19999094.0000,3
2025-11-19,20251119141500000,sh.601398,8.2600,8.2600,8.2400,8.2600,2539400,20953096.0000,3
2025-11-19,20251119142000000,sh.601398,8.2600,8.2700,8.2400,8.2700,4377500,36139522.0000,3
2025-11-19,20251119142500000,sh.601398,8.2700,8.2700,8.2500,8.2600,1502400,12407926.0000,3
2025-11-19,20251119143000000,sh.601398,8.2600,8.2600,8.2400,8.2400,2631900,21707914.0000,3
2025-11-19,20251119143500000,sh.601398,8.2500,8.2500,8.2400,8.2500,3995800,32958967.0000,3
2025-11-19,20251119144000000,sh.601398,8.2500,8.2500,8.2300,8.2300,3787700,31203719.0000,3
2025-11-19,20251119144500000,sh.601398,8.2300,8.2400,8.2300,8.2300,2367800,19494776.0000,3
2025-11-19,20251119145000000,sh.601398,8.2300,8.2500,8.2300,8.2500,8681500,71531780.0000,3
2025-11-19,20251119145500000,sh.601398,8.2500,8.2500,8.2300,8.2400,8715900,71825276.0000,3
2025-11-19,20251119150000000,sh.601398,8.2300,8.2400,8.2300,8.2300,7514500,61869056.0000,3
2025-11-20,20251120093500000,sh.601398,8.2100,8.2300,8.1800,8.2200,19673900,161376080.0000,3
2025-11-20,20251120094000000,sh.601398,8.2300,8.2600,8.2300,8.2400,12660800,104348432.0000,3
2025-11-20,20251120094500000,sh.601398,8.2500,8.3500,8.2500,8.3400,31055900,258244512.0000,3
2025-11-20,20251120095000000,sh.601398,8.3500,8.3500,8.2600,8.2700,14260600,118407992.0000,3
2025-11-20,20251120095500000,sh.601398,8.2600,8.2700,8.2300,8.2400,8373600,69077448.0000,3
2025-11-20,20251120100000000,sh.601398,8.2400,8.2800,8.2400,8.2700,3965800,32770494.0000,3
2025-11-20,20251120100500000,sh.601398,8.2700,8.2900,8.2600,8.2700,3759400,31123328.0000,3
2025-11-20,20251120101000000,sh.601398,8.2700,8.3000,8.2600,8.3000,4574100,37876034.0000,3
2025-11-20,20251120101500000,sh.601398,8.3000,8.3200,8.2900,8.3200,8233700,68419512.0000,3
2025-11-20,20251120102000000,sh.601398,8.3200,8.3300,8.3000,8.3000,5742500,47723468.0000,3
2025-11-20,20251120102500000,sh.601398,8.3000,8.3500,8.3000,8.3500,17690900,147524736.0000,3
2025-11-20,20251120103000000,sh.601398,8.3500,8.3600,8.3300,8.3300,6916200,57735546.0000,3
2025-11-20,20251120103500000,sh.601398,8.3300,8.3600,8.3300,8.3400,9450700,78876034.0000,3
2025-11-20,20251120104000000,sh.601398,8.3400,8.3700,8.3400,8.3700,9114400,76183680.0000,3
2025-11-20,20251120104500000,sh.601398,8.3700,8.3700,8.3400,8.3600,6465200,54002944.0000,3
2025-11-20,20251120105000000,sh.601398,8.3600,8.3700,8.3500,8.3600,6812300,56990336.0000,3
2025-11-20,20251120105500000,sh.601398,8.3700,8.3800,8.3600,8.3700,8417300,70514176.0000,3
2025-11-20,20251120110000000,sh.601398,8.3800,8.3900,8.3500,8.3500,8590300,71956480.0000,3
2025-11-20,20251120110500000,sh.601398,8.3600,8.3800,8.3600,8.3600,5261800,44053120.0000,3
2025-11-20,20251120111000000,sh.601398,8.3600,8.4000,8.3600,8.4000,12487900,104701952.0000,3
2025-11-20,20251120111500000,sh.601398,8.3900,8.4000,8.3300,8.3500,8501800,71118982.0000,3
2025-11-20,20251120112000000,sh.601398,8.3500,8.3500,8.3200,8.3400,6388200,53214079.0000,3
2025-11-20,20251120112500000,sh.601398,8.3400,8.3400,8.3300,8.3400,7328500,61081212.0000,3
2025-11-20,20251120113000000,sh.601398,8.3300,8.3600,8.3300,8.3600,2724900,22745345.0000,3
2025-11-20,20251120130500000,sh.601398,8.3600,8.3600,8.3200,8.3200,9577700,79838594.0000,3
2025-11-20,20251120131000000,sh.601398,8.3200,8.3400,8.3100,8.3100,7593700,63191544.0000,3
2025-11-20,20251120131500000,sh.601398,8.3100,8.3100,8.3000,8.3100,2704900,22467594.0000,3
2025-11-20,20251120132000000,sh.601398,8.3100,8.3200,8.3000,8.3000,4518000,37547770.0000,3
2025-11-20,20251120132500000,sh.601398,8.3000,8.3100,8.2900,8.2900,5651300,46886150.0000,3
2025-11-20,20251120133000000,sh.601398,8.2900,8.2900,8.2700,8.2800,7109800,58875898.0000,3
2025-11-20,20251120133500000,sh.601398,8.2800,8.2900,8.2700,8.2700,3043400,25189888.0000,3
2025-11-20,20251120134000000,sh.601398,8.2700,8.2800,8.2600,8.2600,5263300,43499264.0000,3
2025-11-20,20251120134500000,sh.601398,8.2600,8.2700,8.2600,8.2700,2361500,19512832.0000,3
2025-11-20,20251120135000000,sh.601398,8.2600,8.2700,8.2500,8.2600,6692900,55301888.0000,3
2025-11-20,20251120135500000,sh.601398,8.2500,8.2600,8.2500,8.2500,5510900,45469696.0000,3
2025-11-20,20251120140000000,sh.601398,8.2500,8.2600,8.2500,8.2600,3499600,28892160.0000,3
2025-11-20,20251120140500000,sh.601398,8.2600,8.2700,8.2500,8.2700,3351700,27690752.0000,3
2025-11-20,20251120141000000,sh.601398,8.2600,8.2800,8.2600,8.2700,4311400,35646976.0000,3
2025-11-20,20251120141500000,sh.601398,8.2800,8.2800,8.2600,8.2600,2765400,22868992.0000,3
2025-11-20,20251120142000000,sh.601398,8.2600,8.2700,8.2600,8.2700,2068900,17101056.0000,3
2025-11-20,20251120142500000,sh.601398,8.2600,8.2700,8.2600,8.2700,3320300,27447296.0000,3
2025-11-20,20251120143000000,sh.601398,8.2700,8.2800,8.2600,8.2800,5393800,44601088.0000,3
2025-11-20,20251120143500000,sh.601398,8.2700,8.2800,8.2600,8.2700,6253700,51712512.0000,3
2025-11-20,20251120144000000,sh.601398,8.2800,8.2800,8.2700,8.2800,3583200,29644800.0000,3
2025-11-20,20251120144500000,sh.601398,8.2700,8.2800,8.2500,8.2500,12073100,99740416.0000,3
2025-11-20,20251120145000000,sh.601398,8.2500,8.2600,8.2400,8.2500,12348300,101818880.0000,3
2025-11-20,20251120145500000,sh.601398,8.2400,8.2500,8.2400,8.2400,6228600,51353344.0000,3
2025-11-20,20251120150000000,sh.601398,8.2400,8.2700,8.2400,8.2700,5811600,47984896.0000,3
2025-11-21,20251121093500000,sh.601398,8.2800,8.3500,8.2800,8.3000,35819400,297537920.0000,3
2025-11-21,20251121094000000,sh.601398,8.2900,8.3100,8.2400,8.2400,20623300,170776640.0000,3
2025-11-21,20251121094500000,sh.601398,8.2400,8.2800,8.2300,8.2800,12061300,99556476.0000,3
2025-11-21,20251121095000000,sh.601398,8.2900,8.3000,8.2800,8.2900,10466700,86781508.0000,3
2025-11-21,20251121095500000,sh.601398,8.2900,8.3400,8.2900,8.3100,13482200,112224388.0000,3
2025-11-21,20251121100000000,sh.601398,8.3200,8.3300,8.3000,8.3100,6625100,55102140.0000,3
2025-11-21,20251121100500000,sh.601398,8.3200,8.3200,8.3000,8.3200,9548700,79384640.0000,3
2025-11-21,20251121101000000,sh.601398,8.3200,8.3600,8.3200,8.3600,17730100,147913730.0000,3
2025-11-21,20251121101500000,sh.601398,8.3500,8.3600,8.3100,8.3200,11271400,93867518.0000,3
2025-11-21,20251121102000000,sh.601398,8.3200,8.3400,8.3100,8.3100,8915100,74200446.0000,3
2025-11-21,20251121102500000,sh.601398,8.3100,8.3300,8.3100,8.3200,6610400,54964604.0000,3
2025-11-21,20251121103000000,sh.601398,8.3200,8.3400,8.3100,8.3200,12183500,101474951.0000,3
2025-11-21,20251121103500000,sh.601398,8.3200,8.3200,8.2900,8.2900,7992900,66374009.0000,3
2025-11-21,20251121104000000,sh.601398,8.3000,8.3300,8.2900,8.3000,8473000,70407935.0000,3
2025-11-21,20251121104500000,sh.601398,8.2900,8.3000,8.2700,8.2700,6983200,57865737.0000,3
2025-11-21,20251121105000000,sh.601398,8.2700,8.2900,8.2600,8.2900,7364400,60922114.0000,3
2025-11-21,20251121105500000,sh.601398,8.2800,8.2900,8.2600,8.2700,8202300,67877876.0000,3
2025-11-21,20251121110000000,sh.601398,8.2700,8.2700,8.2600,8.2700,4257000,35197704.0000,3
2025-11-21,20251121110500000,sh.601398,8.2600,8.3000,8.2600,8.2800,7836000,64950906.0000,3
2025-11-21,20251121111000000,sh.601398,8.2900,8.2900,8.2700,8.2800,4133700,34229638.0000,3
2025-11-21,20251121111500000,sh.601398,8.2800,8.3000,8.2700,8.2900,6374700,52817412.0000,3
2025-11-21,20251121112000000,sh.601398,8.2900,8.2900,8.2700,8.2900,6726400,55714680.0000,3
2025-11-21,20251121112500000,sh.601398,8.2900,8.2900,8.2600,8.2600,10368900,85777028.0000,3
2025-11-21,20251121113000000,sh.601398,8.2600,8.2600,8.2300,8.2300,15879600,130903552.0000,3
2025-11-21,20251121130500000,sh.601398,8.2300,8.3100,8.2200,8.3000,22602800,186776064.0000,3
2025-11-21,20251121131000000,sh.601398,8.3000,8.3400,8.3000,8.3300,11221200,93389056.0000,3
2025-11-21,20251121131500000,sh.601398,8.3300,8.3500,8.3300,8.3500,8954100,74669568.0000,3
2025-11-21,20251121132000000,sh.601398,8.3500,8.3800,8.3300,8.3300,19445000,162564608.0000,3
2025-11-21,20251121132500000,sh.601398,8.3300,8.3400,8.2900,8.3000,7921700,65833725.0000,3
2025-11-21,20251121133000000,sh.601398,8.3100,8.3100,8.3000,8.3100,2253300,18707456.0000,3
2025-11-21,20251121133500000,sh.601398,8.3100,8.3200,8.2900,8.3100,3672400,30498047.0000,3
2025-11-21,20251121134000000,sh.601398,8.3200,8.3200,8.2800,8.2900,5538200,45976068.0000,3
2025-11-21,20251121134500000,sh.601398,8.2800,8.2900,8.2700,8.2800,4686400,38785024.0000,3
2025-11-21,20251121135000000,sh.601398,8.2800,8.2800,8.2600,8.2600,6064800,50121984.0000,3
2025-11-21,20251121135500000,sh.601398,8.2700,8.2700,8.2500,8.2700,5802800,47912960.0000,3
2025-11-21,20251121140000000,sh.601398,8.2700,8.2700,8.2500,8.2600,5760500,47572992.0000,3
2025-11-21,20251121140500000,sh.601398,8.2600,8.2800,8.2500,8.2800,4459000,36856832.0000,3
2025-11-21,20251121141000000,sh.601398,8.2800,8.2800,8.2600,8.2600,5056400,41803008.0000,3
2025-11-21,20251121141500000,sh.601398,8.2600,8.2700,8.2500,8.2700,3985000,32925952.0000,3
2025-11-21,20251121142000000,sh.601398,8.2600,8.2800,8.2600,8.2800,4955100,40988408.0000,3
2025-11-21,20251121142500000,sh.601398,8.2800,8.2800,8.2700,8.2700,4583700,37927176.0000,3
2025-11-21,20251121143000000,sh.601398,8.2700,8.2800,8.2500,8.2500,7260300,59976192.0000,3
2025-11-21,20251121143500000,sh.601398,8.2500,8.2600,8.2400,8.2500,8944900,73791488.0000,3
2025-11-21,20251121144000000,sh.601398,8.2500,8.2700,8.2500,8.2700,8541500,70560256.0000,3
2025-11-21,20251121144500000,sh.601398,8.2700,8.2800,8.2600,8.2600,19804500,163747840.0000,3
2025-11-21,20251121145000000,sh.601398,8.2600,8.2600,8.2300,8.2300,11355100,93649152.0000,3
2025-11-21,20251121145500000,sh.601398,8.2400,8.2500,8.2300,8.2300,11198900,92238336.0000,3
2025-11-21,20251121150000000,sh.601398,8.2300,8.2500,8.2300,8.2500,10447800,86148608.0000,3
2025-11-24,20251124093500000,sh.601398,8.2000,8.2400,8.1600,8.2100,35226000,288775552.0000,3
2025-11-24,20251124094000000,sh.601398,8.2100,8.2200,8.1800,8.2000,16551500,135797984.0000,3
2025-11-24,20251124094500000,sh.601398,8.1900,8.2000,8.1500,8.2000,26071000,213047075.0000,3
2025-11-24,20251124095000000,sh.601398,8.2000,8.2600,8.1900,8.2000,18402300,151385207.0000,3
2025-11-24,20251124095500000,sh.601398,8.2100,8.2300,8.1800,8.1800,10462300,85822590.0000,3
2025-11-24,20251124100000000,sh.601398,8.1900,8.1900,8.1500,8.1500,9668300,79000847.0000,3
2025-11-24,20251124100500000,sh.601398,8.1500,8.1600,8.1200,8.1400,23550700,191755133.0000,3
2025-11-24,20251124101000000,sh.601398,8.1300,8.1600,8.1300,8.1500,12491400,101742068.0000,3
2025-11-24,20251124101500000,sh.601398,8.1500,8.1800,8.1400,8.1700,6708900,54773762.0000,3
2025-11-24,20251124102000000,sh.601398,8.1700,8.1900,8.1700,8.1700,2873600,23502209.0000,3
2025-11-24,20251124102500000,sh.601398,8.1700,8.1900,8.1700,8.1900,3259300,26677889.0000,3
2025-11-24,20251124103000000,sh.601398,8.1800,8.1900,8.1600,8.1900,3835000,31354757.0000,3
2025-11-24,20251124103500000,sh.601398,8.1900,8.2100,8.1800,8.1900,3989600,32697725.0000,3
2025-11-24,20251124104000000,sh.601398,8.1900,8.2000,8.1700,8.1900,3694900,30247036.0000,3
2025-11-24,20251124104500000,sh.601398,8.1800,8.1900,8.1700,8.1800,1969500,16113160.0000,3
2025-11-24,20251124105000000,sh.601398,8.1700,8.1900,8.1600,8.1900,4793000,39169399.0000,3
2025-11-24,20251124105500000,sh.601398,8.1900,8.2100,8.1800,8.2000,3883300,31833609.0000,3
2025-11-24,20251124110000000,sh.601398,8.1900,8.2300,8.1900,8.2300,3978200,32682488.0000,3
2025-11-24,20251124110500000,sh.601398,8.2200,8.2400,8.2200,8.2400,3628200,29861382.0000,3
2025-11-24,20251124111000000,sh.601398,8.2400,8.2400,8.2100,8.2300,2586300,21276166.0000,3
2025-11-24,20251124111500000,sh.601398,8.2300,8.2400,8.2200,8.2400,3781300,31128698.0000,3
2025-11-24,20251124112000000,sh.601398,8.2300,8.2500,8.2300,8.2400,4705200,38785152.0000,3
2025-11-24,20251124112500000,sh.601398,8.2300,8.2600,8.2300,8.2600,4651300,38360832.0000,3
2025-11-24,20251124113000000,sh.601398,8.2500,8.2500,8.2300,8.2500,3571900,29450368.0000,3
2025-11-24,20251124130500000,sh.601398,8.2500,8.2600,8.2400,8.2400,4833400,39877248.0000,3
2025-11-24,20251124131000000,sh.601398,8.2500,8.2500,8.2300,8.2400,4829000,39802112.0000,3
2025-11-24,20251124131500000,sh.601398,8.2500,8.2600,8.2400,8.2500,3505300,28916480.0000,3
2025-11-24,20251124132000000,sh.601398,8.2400,8.2500,8.2300,8.2300,4689400,38634624.0000,3
2025-11-24,20251124132500000,sh.601398,8.2400,8.2400,8.2200,8.2400,3407400,28044544.0000,3
2025-11-24,20251124133000000,sh.601398,8.2300,8.2500,8.2300,8.2300,3536900,29134848.0000,3
2025-11-24,20251124133500000,sh.601398,8.2400,8.2500,8.2200,8.2400,4790800,39452292.0000,3
2025-11-24,20251124134000000,sh.601398,8.2400,8.2400,8.2100,8.2200,4740300,38982778.0000,3
2025-11-24,20251124134500000,sh.601398,8.2200,8.2300,8.2000,8.2000,5365500,44061314.0000,3
2025-11-24,20251124135000000,sh.601398,8.2000,8.2100,8.1800,8.1800,9074100,74312705.0000,3
2025-11-24,20251124135500000,sh.601398,8.1900,8.2000,8.1800,8.1900,6578100,53870847.0000,3
2025-11-24,20251124140000000,sh.601398,8.1800,8.2100,8.1800,8.2000,6367600,52210684.0000,3
2025-11-24,20251124140500000,sh.601398,8.2000,8.2200,8.1900,8.2200,4979200,40875774.0000,3
2025-11-24,20251124141000000,sh.601398,8.2200,8.2200,8.2000,8.2000,3384500,27772422.0000,3
2025-11-24,20251124141500000,sh.601398,8.2000,8.2300,8.2000,8.2200,3859600,31714310.0000,3
2025-11-24,20251124142000000,sh.601398,8.2200,8.2300,8.2100,8.2200,4210400,34611188.0000,3
2025-11-24,20251124142500000,sh.601398,8.2200,8.2200,8.2100,8.2100,3657200,30045440.0000,3
2025-11-24,20251124143000000,sh.601398,8.2100,8.2200,8.2000,8.2100,3555900,29183493.0000,3
2025-11-24,20251124143500000,sh.601398,8.2100,8.2200,8.2000,8.2000,5243700,43036165.0000,3
2025-11-24,20251124144000000,sh.601398,8.2000,8.2100,8.1900,8.1900,7624300,62506489.0000,3
2025-11-24,20251124144500000,sh.601398,8.2000,8.2000,8.1800,8.1900,6587000,53956871.0000,3
2025-11-24,20251124145000000,sh.601398,8.1900,8.2000,8.1800,8.1900,9127500,74725881.0000,3
2025-11-24,20251124145500000,sh.601398,8.1900,8.1900,8.1800,8.1800,8604900,70411776.0000,3
2025-11-24,20251124150000000,sh.601398,8.1700,8.2000,8.1700,8.2000,12034000,98555387.0000,3
2025-11-25,20251125093500000,sh.601398,8.1800,8.1900,8.1500,8.1700,11566200,94488664.0000,3
2025-11-25,20251125094000000,sh.601398,8.1800,8.1800,8.1400,8.1500,14069400,114744392.0000,3
2025-11-25,20251125094500000,sh.601398,8.1400,8.1600,8.1300,8.1500,12934100,105339296.0000,3
2025-11-25,20251125095000000,sh.601398,8.1600,8.2000,8.1500,8.1700,11085700,90630816.0000,3
2025-11-25,20251125095500000,sh.601398,8.1700,8.2000,8.1600,8.1700,6697000,54792608.0000,3
2025-11-25,20251125100000000,sh.601398,8.1600,8.1900,8.1500,8.1900,5148100,42051424.0000,3
2025-11-25,20251125100500000,sh.601398,8.1800,8.1800,8.1500,8.1600,5413700,44208800.0000,3
2025-11-25,20251125101000000,sh.601398,8.1500,8.1800,8.1400,8.1800,8705900,71018362.0000,3
2025-11-25,20251125101500000,sh.601398,8.1800,8.1900,8.1600,8.1900,6156500,50349765.0000,3
2025-11-25,20251125102000000,sh.601398,8.1800,8.1900,8.1700,8.1700,3722600,30472250.0000,3
2025-11-25,20251125102500000,sh.601398,8.1800,8.1900,8.1700,8.1900,4660900,38140941.0000,3
2025-11-25,20251125103000000,sh.601398,8.1900,8.1900,8.1800,8.1900,2171100,17770866.0000,3
2025-11-25,20251125103500000,sh.601398,8.1900,8.1900,8.1600,8.1900,7545300,61687055.0000,3
2025-11-25,20251125104000000,sh.601398,8.1900,8.2000,8.1800,8.1900,3734600,30594803.0000,3
2025-11-25,20251125104500000,sh.601398,8.1900,8.2200,8.1900,8.2100,8297300,68101448.0000,3
2025-11-25,20251125105000000,sh.601398,8.2200,8.2400,8.2200,8.2300,6405100,52724662.0000,3
2025-11-25,20251125105500000,sh.601398,8.2300,8.2600,8.2300,8.2600,12041200,99332616.0000,3
2025-11-25,20251125110000000,sh.601398,8.2600,8.2800,8.2500,8.2700,7237400,59833600.0000,3
2025-11-25,20251125110500000,sh.601398,8.2600,8.2900,8.2500,8.2800,14011500,115895040.0000,3
2025-11-25,20251125111000000,sh.601398,8.2900,8.3000,8.2600,8.2600,6812100,56413312.0000,3
2025-11-25,20251125111500000,sh.601398,8.2700,8.2700,8.2500,8.2500,2058400,17006720.0000,3
2025-11-25,20251125112000000,sh.601398,8.2600,8.2600,8.2400,8.2400,2148000,17726080.0000,3
2025-11-25,20251125112500000,sh.601398,8.2500,8.2600,8.2400,8.2600,4473000,36875008.0000,3
2025-11-25,20251125113000000,sh.601398,8.2600,8.2600,8.2500,8.2600,2124200,17539328.0000,3
2025-11-25,20251125130500000,sh.601398,8.2600,8.3000,8.2300,8.2900,17067400,141121408.0000,3
2025-11-25,20251125131000000,sh.601398,8.2900,8.3100,8.2900,8.2900,10559100,87637888.0000,3
2025-11-25,20251125131500000,sh.601398,8.2900,8.3000,8.2700,8.2900,3146300,26081792.0000,3
2025-11-25,20251125132000000,sh.601398,8.2900,8.3000,8.2800,8.2900,3693900,30618112.0000,3
2025-11-25,20251125132500000,sh.601398,8.2800,8.3000,8.2800,8.2800,2220100,18402304.0000,3
2025-11-25,20251125133000000,sh.601398,8.2900,8.3100,8.2900,8.3000,5725400,47515776.0000,3
2025-11-25,20251125133500000,sh.601398,8.3000,8.3000,8.2800,8.2900,2661500,22058880.0000,3
2025-11-25,20251125134000000,sh.601398,8.2900,8.3000,8.2800,8.3000,3369500,27947648.0000,3
2025-11-25,20251125134500000,sh.601398,8.3000,8.3100,8.2900,8.3000,3009100,24975744.0000,3
2025-11-25,20251125135000000,sh.601398,8.3000,8.3100,8.2900,8.2900,3987500,33097984.0000,3
2025-11-25,20251125135500000,sh.601398,8.2900,8.3100,8.2900,8.3000,7603400,63144448.0000,3
2025-11-25,20251125140000000,sh.601398,8.3100,8.3200,8.3000,8.3200,6624000,55041024.0000,3
2025-11-25,20251125140500000,sh.601398,8.3200,8.3200,8.3000,8.3100,4715800,39176704.0000,3
2025-11-25,20251125141000000,sh.601398,8.3100,8.3100,8.2900,8.3000,3517500,29190016.0000,3
2025-11-25,20251125141500000,sh.601398,8.3000,8.3100,8.2900,8.3000,3674800,30491008.0000,3
2025-11-25,20251125142000000,sh.601398,8.3100,8.3100,8.3000,8.3100,2535800,21052928.0000,3
2025-11-25,20251125142500000,sh.601398,8.3000,8.3100,8.3000,8.3000,6523200,54189696.0000,3
2025-11-25,20251125143000000,sh.601398,8.3000,8.3100,8.3000,8.3100,3731100,30986112.0000,3
2025-11-25,20251125143500000,sh.601398,8.3100,8.3100,8.2900,8.3000,7907300,65624064.0000,3
2025-11-25,20251125144000000,sh.601398,8.2900,8.3000,8.2800,8.2900,8630600,71535360.0000,3
2025-11-25,20251125144500000,sh.601398,8.2900,8.3000,8.2800,8.3000,4447500,36870144.0000,3
2025-11-25,20251125145000000,sh.601398,8.2900,8.3000,8.2800,8.2900,5975600,49523712.0000,3
2025-11-25,20251125145500000,sh.601398,8.2900,8.3000,8.2800,8.2900,6968700,57780992.0000,3
2025-11-25,20251125150000000,sh.601398,8.3000,8.3100,8.2900,8.3100,8028600,66674176.0000,3
2025-11-26,20251126093500000,sh.601398,8.3100,8.3800,8.3100,8.3200,22910600,190996608.0000,3
2025-11-26,20251126094000000,sh.601398,8.3300,8.3500,8.3000,8.3100,8677400,72228896.0000,3
2025-11-26,20251126094500000,sh.601398,8.3200,8.3200,8.2800,8.2800,5785400,47997184.0000,3
2025-11-26,20251126095000000,sh.601398,8.2900,8.2900,8.2400,8.2600,18907100,156242752.0000,3
2025-11-26,20251126095500000,sh.601398,8.2600,8.2600,8.2200,8.2200,16831800,138581917.0000,3
2025-11-26,20251126100000000,sh.601398,8.2200,8.2500,8.2000,8.2200,22811900,187417791.0000,3
2025-11-26,20251126100500000,sh.601398,8.2200,8.2400,8.2000,8.2400,12126000,99683076.0000,3
2025-11-26,20251126101000000,sh.601398,8.2300,8.2500,8.2200,8.2500,6900500,56797752.0000,3
2025-11-26,20251126101500000,sh.601398,8.2400,8.2500,8.2200,8.2200,4515900,37182464.0000,3
2025-11-26,20251126102000000,sh.601398,8.2200,8.2300,8.1900,8.1900,18844100,154633480.0000,3
2025-11-26,20251126102500000,sh.601398,8.1900,8.2100,8.1900,8.2000,7364300,60370944.0000,3
2025-11-26,20251126103000000,sh.601398,8.2000,8.2100,8.1900,8.2000,3932500,32248444.0000,3
2025-11-26,20251126103500000,sh.601398,8.2000,8.2400,8.2000,8.2300,3961800,32573958.0000,3
2025-11-26,20251126104000000,sh.601398,8.2200,8.2200,8.2000,8.2100,3275700,26884728.0000,3
2025-11-26,20251126104500000,sh.601398,8.2000,8.2100,8.1900,8.2100,7003400,57396998.0000,3
2025-11-26,20251126105000000,sh.601398,8.2000,8.2100,8.2000,8.2100,3646800,29906304.0000,3
2025-11-26,20251126105500000,sh.601398,8.2100,8.2100,8.1900,8.1900,3332900,27323904.0000,3
2025-11-26,20251126110000000,sh.601398,8.1900,8.2000,8.1800,8.1900,5175100,42385792.0000,3
2025-11-26,20251126110500000,sh.601398,8.1900,8.1900,8.1700,8.1700,10664600,87208704.0000,3
2025-11-26,20251126111000000,sh.601398,8.1700,8.1800,8.1600,8.1800,6613700,54052480.0000,3
2025-11-26,20251126111500000,sh.601398,8.1700,8.1800,8.1700,8.1800,5177400,42313472.0000,3
2025-11-26,20251126112000000,sh.601398,8.1600,8.1800,8.1600,8.1800,4552600,37197824.0000,3
2025-11-26,20251126112500000,sh.601398,8.1700,8.2000,8.1700,8.2000,2718900,22255736.0000,3
2025-11-26,20251126113000000,sh.601398,8.1800,8.1900,8.1700,8.1800,2962700,24227336.0000,3
2025-11-26,20251126130500000,sh.601398,8.1700,8.1900,8.1700,8.1700,6866100,56129280.0000,3
2025-11-26,20251126131000000,sh.601398,8.1800,8.1800,8.1600,8.1800,5274400,43104384.0000,3
2025-11-26,20251126131500000,sh.601398,8.1800,8.1900,8.1700,8.1900,5720600,46789376.0000,3
2025-11-26,20251126132000000,sh.601398,8.1900,8.2000,8.1800,8.1900,4955100,40573824.0000,3
2025-11-26,20251126132500000,sh.601398,8.2000,8.2000,8.1800,8.1900,3726200,30523648.0000,3
2025-11-26,20251126133000000,sh.601398,8.2000,8.2000,8.1800,8.1800,3701300,30319744.0000,3
2025-11-26,20251126133500000,sh.601398,8.1900,8.2000,8.1800,8.1800,4578300,37495296.0000,3
2025-11-26,20251126134000000,sh.601398,8.1800,8.1900,8.1700,8.1800,3755900,30728576.0000,3
2025-11-26,20251126134500000,sh.601398,8.1700,8.1800,8.1600,8.1800,4684600,38276864.0000,3
2025-11-26,20251126135000000,sh.601398,8.1700,8.2000,8.1700,8.1900,4669100,38199296.0000,3
2025-11-26,20251126135500000,sh.601398,8.2000,8.2000,8.1800,8.1900,2289600,18748160.0000,3
2025-11-26,20251126140000000,sh.601398,8.1800,8.2000,8.1800,8.1900,4367500,35756160.0000,3
2025-11-26,20251126140500000,sh.601398,8.1900,8.1900,8.1800,8.1800,2424300,19835392.0000,3
2025-11-26,20251126141000000,sh.601398,8.1800,8.1900,8.1700,8.1800,3380100,27648256.0000,3
2025-11-26,20251126141500000,sh.601398,8.1800,8.1900,8.1700,8.1800,2673600,21874175.0000,3
2025-11-26,20251126142000000,sh.601398,8.1800,8.1800,8.1700,8.1700,2583900,21125121.0000,3
2025-11-26,20251126142500000,sh.601398,8.1700,8.1800,8.1700,8.1700,6196800,50644736.0000,3
2025-11-26,20251126143000000,sh.601398,8.1700,8.1800,8.1600,8.1700,4452900,36372992.0000,3
2025-11-26,20251126143500000,sh.601398,8.1700,8.1800,8.1600,8.1700,6332400,51702272.0000,3
2025-11-26,20251126144000000,sh.601398,8.1700,8.1800,8.1600,8.1700,4128100,33725696.0000,3
2025-11-26,20251126144500000,sh.601398,8.1700,8.1800,8.1700,8.1800,3612600,29528320.0000,3
2025-11-26,20251126145000000,sh.601398,8.1800,8.1800,8.1600,8.1700,6081700,49697536.0000,3
2025-11-26,20251126145500000,sh.601398,8.1600,8.1700,8.1500,8.1500,13449000,109747968.0000,3
2025-11-26,20251126150000000,sh.601398,8.1500,8.1700,8.1500,8.1600,12444800,101550848.0000,3
2025-11-27,20251127093500000,sh.601398,8.1500,8.1500,8.0700,8.0700,36540500,295881184.0000,3
2025-11-27,20251127094000000,sh.601398,8.0700,8.1000,8.0600,8.0800,21584700,174250112.0000,3
2025-11-27,20251127094500000,sh.601398,8.0800,8.1300,8.0800,8.1100,15505100,125650268.0000,3
2025-11-27,20251127095000000,sh.601398,8.1100,8.1200,8.0800,8.0900,10666600,86379716.0000,3
2025-11-27,20251127095500000,sh.601398,8.1000,8.1400,8.0900,8.1300,6809400,55271678.0000,3
2025-11-27,20251127100000000,sh.601398,8.1300,8.1400,8.1200,8.1400,4740300,38543433.0000,3
2025-11-27,20251127100500000,sh.601398,8.1400,8.1500,8.1300,8.1400,6269900,51019449.0000,3
2025-11-27,20251127101000000,sh.601398,8.1400,8.1500,8.1300,8.1500,6123800,49822904.0000,3
2025-11-27,20251127101500000,sh.601398,8.1500,8.1600,8.1400,8.1400,4589800,37391310.0000,3
2025-11-27,20251127102000000,sh.601398,8.1400,8.1600,8.1400,8.1500,6898300,56231423.0000,3
2025-11-27,20251127102500000,sh.601398,8.1500,8.1600,8.1400,8.1600,6316300,51472120.0000,3
2025-11-27,20251127103000000,sh.601398,8.1600,8.1700,8.1400,8.1700,2550300,20798276.0000,3
2025-11-27,20251127103500000,sh.601398,8.1700,8.1700,8.1500,8.1600,3909000,31904193.0000,3
2025-11-27,20251127104000000,sh.601398,8.1600,8.1700,8.1400,8.1400,4008900,32698238.0000,3
2025-11-27,20251127104500000,sh.601398,8.1400,8.1600,8.1400,8.1600,1902700,15511040.0000,3
2025-11-27,20251127105000000,sh.601398,8.1500,8.1800,8.1500,8.1700,4351700,35540220.0000,3
2025-11-27,20251127105500000,sh.601398,8.1700,8.1700,8.1600,8.1700,1250800,10213892.0000,3
2025-11-27,20251127110000000,sh.601398,8.1700,8.1700,8.1600,8.1700,2657400,21699712.0000,3
2025-11-27,20251127110500000,sh.601398,8.1700,8.1800,8.1500,8.1600,3823600,31233408.0000,3
2025-11-27,20251127111000000,sh.601398,8.1500,8.1700,8.1500,8.1500,2344200,19128192.0000,3
2025-11-27,20251127111500000,sh.601398,8.1600,8.1700,8.1500,8.1700,1805200,14731776.0000,3
2025-11-27,20251127112000000,sh.601398,8.1700,8.1800,8.1600,8.1700,4422200,36130304.0000,3
2025-11-27,20251127112500000,sh.601398,8.1800,8.1800,8.1600,8.1700,2003000,16368640.0000,3
2025-11-27,20251127113000000,sh.601398,8.1700,8.1800,8.1700,8.1700,2013500,16461179.0000,3
2025-11-27,20251127130500000,sh.601398,8.1800,8.1900,8.1600,8.1800,5816600,47568389.0000,3
2025-11-27,20251127131000000,sh.601398,8.1700,8.1800,8.1600,8.1700,3207100,26222208.0000,3
2025-11-27,20251127131500000,sh.601398,8.1600,8.1600,8.1500,8.1600,2737700,22328448.0000,3
2025-11-27,20251127132000000,sh.601398,8.1600,8.1600,8.1500,8.1500,2471800,20148606.0000,3
2025-11-27,20251127132500000,sh.601398,8.1600,8.1700,8.1500,8.1700,2368800,19326717.0000,3
2025-11-27,20251127133000000,sh.601398,8.1600,8.1700,8.1600,8.1700,1922400,15691906.0000,3
2025-11-27,20251127133500000,sh.601398,8.1600,8.1600,8.1500,8.1600,2278000,18585859.0000,3
2025-11-27,20251127134000000,sh.601398,8.1600,8.1700,8.1500,8.1600,1873600,15288199.0000,3
2025-11-27,20251127134500000,sh.601398,8.1600,8.1700,8.1600,8.1700,2145400,17516025.0000,3
2025-11-27,20251127135000000,sh.601398,8.1700,8.1700,8.1500,8.1500,2465700,20109056.0000,3
2025-11-27,20251127135500000,sh.601398,8.1500,8.1600,8.1500,8.1500,3865900,31530116.0000,3
2025-11-27,20251127140000000,sh.601398,8.1500,8.1600,8.1500,8.1600,1438200,11729410.0000,3
2025-11-27,20251127140500000,sh.601398,8.1600,8.1700,8.1500,8.1600,2145400,17503738.0000,3
2025-11-27,20251127141000000,sh.601398,8.1600,8.1600,8.1500,8.1600,3691700,30087936.0000,3
2025-11-27,20251127141500000,sh.601398,8.1500,8.1600,8.1400,8.1400,1490500,12147836.0000,3
2025-11-27,20251127142000000,sh.601398,8.1500,8.1500,8.1300,8.1500,4030300,32809481.0000,3
2025-11-27,20251127142500000,sh.601398,8.1400,8.1500,8.1400,8.1500,1622800,13223029.0000,3
2025-11-27,20251127143000000,sh.601398,8.1600,8.1600,8.1500,8.1500,1153400,9405575.0000,3
2025-11-27,20251127143500000,sh.601398,8.1500,8.1600,8.1400,8.1600,2262400,18441222.0000,3
2025-11-27,20251127144000000,sh.601398,8.1500,8.1600,8.1400,8.1500,2118100,17266687.0000,3
2025-11-27,20251127144500000,sh.601398,8.1500,8.1500,8.1400,8.1500,2456900,20017779.0000,3
2025-11-27,20251127145000000,sh.601398,8.1500,8.1500,8.1400,8.1400,3997600,32560643.0000,3
2025-11-27,20251127145500000,sh.601398,8.1400,8.1500,8.1400,8.1500,7088000,57728768.0000,3
2025-11-27,20251127150000000,sh.601398,8.1500,8.1600,8.1400,8.1600,6676700,54457862.0000,3
2025-11-28,20251128093500000,sh.601398,8.1500,8.1600,8.1300,8.1500,9450100,76985544.0000,3
2025-11-28,20251128094000000,sh.601398,8.1600,8.1600,8.1300,8.1500,9386200,76445736.0000,3
2025-11-28,20251128094500000,sh.601398,8.1500,8.1700,8.1400,8.1400,7827800,63807344.0000,3
2025-11-28,20251128095000000,sh.601398,8.1500,8.1500,8.1300,8.1500,6902900,56177216.0000,3
2025-11-28,20251128095500000,sh.601398,8.1500,8.1500,8.1200,8.1300,3538500,28792288.0000,3
2025-11-28,20251128100000000,sh.601398,8.1200,8.1300,8.1100,8.1100,3624900,29438400.0000,3
2025-11-28,20251128100500000,sh.601398,8.1100,8.1400,8.1100,8.1300,4011700,32595072.0000,3
2025-11-28,20251128101000000,sh.601398,8.1300,8.1300,8.1200,8.1200,2544600,20674496.0000,3
2025-11-28,20251128101500000,sh.601398,8.1300,8.1300,8.1100,8.1300,5813300,47202560.0000,3
2025-11-28,20251128102000000,sh.601398,8.1200,8.1400,8.1200,8.1300,3483900,28317248.0000,3
2025-11-28,20251128102500000,sh.601398,8.1200,8.1400,8.1200,8.1400,2616900,21276128.0000,3
2025-11-28,20251128103000000,sh.601398,8.1300,8.1400,8.1100,8.1200,3587100,29127936.0000,3
2025-11-28,20251128103500000,sh.601398,8.1300,8.1300,8.1100,8.1300,2759600,22411776.0000,3
2025-11-28,20251128104000000,sh.601398,8.1300,8.1300,8.1100,8.1100,2961200,24037351.0000,3
2025-11-28,20251128104500000,sh.601398,8.1200,8.1200,8.1100,8.1100,1648300,13378172.0000,3
2025-11-28,20251128105000000,sh.601398,8.1200,8.1400,8.1200,8.1400,3490200,28370945.0000,3
2025-11-28,20251128105500000,sh.601398,8.1400,8.1500,8.1300,8.1300,3043900,24780032.0000,3
2025-11-28,20251128110000000,sh.601398,8.1300,8.1500,8.1300,8.1500,1935600,15753346.0000,3
2025-11-28,20251128110500000,sh.601398,8.1400,8.1500,8.1200,8.1300,2407200,19577406.0000,3
2025-11-28,20251128111000000,sh.601398,8.1300,8.1300,8.1100,8.1100,3435300,27888696.0000,3
2025-11-28,20251128111500000,sh.601398,8.1200,8.1200,8.1100,8.1200,2093000,16982987.0000,3
2025-11-28,20251128112000000,sh.601398,8.1200,8.1200,8.1100,8.1100,2471700,20053952.0000,3
2025-11-28,20251128112500000,sh.601398,8.1100,8.1200,8.1000,8.1100,3981500,32292541.0000,3
2025-11-28,20251128113000000,sh.601398,8.1100,8.1300,8.1100,8.1200,2951900,23969916.0000,3
2025-11-28,20251128130500000,sh.601398,8.1300,8.1300,8.1200,8.1200,3558100,28911362.0000,3
2025-11-28,20251128131000000,sh.601398,8.1200,8.1300,8.1200,8.1200,2556600,20779898.0000,3
2025-11-28,20251128131500000,sh.601398,8.1200,8.1300,8.1100,8.1200,4892700,39732416.0000,3
2025-11-28,20251128132000000,sh.601398,8.1300,8.1400,8.1200,8.1300,3910400,31776769.0000,3
2025-11-28,20251128132500000,sh.601398,8.1300,8.1300,8.1200,8.1200,2106600,17111291.0000,3
2025-11-28,20251128133000000,sh.601398,8.1200,8.1500,8.1200,8.1500,6316200,51388554.0000,3
2025-11-28,20251128133500000,sh.601398,8.1400,8.1500,8.1300,8.1300,1773800,14443076.0000,3
2025-11-28,20251128134000000,sh.601398,8.1400,8.1500,8.1300,8.1300,3213600,26158206.0000,3
2025-11-28,20251128134500000,sh.601398,8.1400,8.1400,8.1300,8.1300,962800,7831672.0000,3
2025-11-28,20251128135000000,sh.601398,8.1300,8.1500,8.1300,8.1300,1615300,13146877.0000,3
2025-11-28,20251128135500000,sh.601398,8.1300,8.1400,8.1200,8.1300,1613600,13123271.0000,3
2025-11-28,20251128140000000,sh.601398,8.1300,8.1400,8.1200,8.1400,2017300,16404345.0000,3
2025-11-28,20251128140500000,sh.601398,8.1300,8.1400,8.1200,8.1200,2038900,16574793.0000,3
2025-11-28,20251128141000000,sh.601398,8.1300,8.1400,8.1200,8.1300,2532700,20581250.0000,3
2025-11-28,20251128141500000,sh.601398,8.1200,8.1300,8.1200,8.1300,2575000,20918141.0000,3
2025-11-28,20251128142000000,sh.601398,8.1200,8.1300,8.1200,8.1300,2604800,21160835.0000,3
2025-11-28,20251128142500000,sh.601398,8.1300,8.1300,8.1100,8.1100,3317000,26931836.0000,3
2025-11-28,20251128143000000,sh.601398,8.1100,8.1200,8.1000,8.1100,8111000,65776128.0000,3
2025-11-28,20251128143500000,sh.601398,8.1100,8.1100,8.1000,8.1100,7628600,61821062.0000,3
2025-11-28,20251128144000000,sh.601398,8.1100,8.1100,8.0900,8.0900,9823200,79538678.0000,3
2025-11-28,20251128144500000,sh.601398,8.0900,8.1000,8.0900,8.1000,7552100,61121289.0000,3
2025-11-28,20251128145000000,sh.601398,8.1000,8.1100,8.0900,8.1000,10201900,82636545.0000,3
2025-11-28,20251128145500000,sh.601398,8.1100,8.1100,8.1000,8.1100,7723000,62586110.0000,3
2025-11-28,20251128150000000,sh.601398,8.1100,8.1100,8.1000,8.1100,13788100,111769856.0000,3
2025-12-01,20251201093500000,sh.601398,8.0500,8.0800,8.0300,8.0700,28723300,231208416.0000,3
2025-12-01,20251201094000000,sh.601398,8.0600,8.0900,8.0500,8.0600,10392000,83884544.0000,3
2025-12-01,20251201094500000,sh.601398,8.0500,8.0500,8.0400,8.0500,8290700,66697536.0000,3
2025-12-01,20251201095000000,sh.601398,8.0500,8.0600,8.0200,8.0500,16225500,130373888.0000,3
2025-12-01,20251201095500000,sh.601398,8.0600,8.0800,8.0400,8.0800,7431900,59912676.0000,3
2025-12-01,20251201100000000,sh.601398,8.0800,8.0900,8.0500,8.0600,10772500,87009853.0000,3
2025-12-01,20251201100500000,sh.601398,8.0500,8.0800,8.0500,8.0700,4388300,35401797.0000,3
2025-12-01,20251201101000000,sh.601398,8.0700,8.0900,8.0600,8.0700,4528800,36568882.0000,3
2025-12-01,20251201101500000,sh.601398,8.0700,8.0900,8.0600,8.0700,6970300,56286148.0000,3
2025-12-01,20251201102000000,sh.601398,8.0700,8.0800,8.0600,8.0600,5195300,41931648.0000,3
2025-12-01,20251201102500000,sh.601398,8.0700,8.0700,8.0500,8.0500,5521800,44468169.0000,3
2025-12-01,20251201103000000,sh.601398,8.0500,8.0700,8.0500,8.0600,6747400,54371649.0000,3
2025-12-01,20251201103500000,sh.601398,8.0600,8.0700,8.0500,8.0600,3043500,24526716.0000,3
2025-12-01,20251201104000000,sh.601398,8.0500,8.0700,8.0500,8.0600,4107900,33124992.0000,3
2025-12-01,20251201104500000,sh.601398,8.0700,8.0700,8.0500,8.0600,3198800,25785984.0000,3
2025-12-01,20251201105000000,sh.601398,8.0600,8.0800,8.0500,8.0500,3428700,27650946.0000,3
2025-12-01,20251201105500000,sh.601398,8.0600,8.0700,8.0500,8.0500,2306500,18583224.0000,3
2025-12-01,20251201110000000,sh.601398,8.0500,8.0600,8.0400,8.0500,6723200,54113728.0000,3
2025-12-01,20251201110500000,sh.601398,8.0400,8.0600,8.0400,8.0600,2128500,17136639.0000,3
2025-12-01,20251201111000000,sh.601398,8.0600,8.0600,8.0500,8.0600,1946500,15673477.0000,3
2025-12-01,20251201111500000,sh.601398,8.0600,8.0700,8.0500,8.0600,2960000,23854718.0000,3
2025-12-01,20251201112000000,sh.601398,8.0600,8.0600,8.0500,8.0600,1757700,14161408.0000,3
2025-12-01,20251201112500000,sh.601398,8.0500,8.0600,8.0400,8.0500,3484800,28052987.0000,3
2025-12-01,20251201113000000,sh.601398,8.0500,8.0600,8.0400,8.0500,3609800,29043078.0000,3
2025-12-01,20251201130500000,sh.601398,8.0500,8.0500,8.0300,8.0500,8720200,70138752.0000,3
2025-12-01,20251201131000000,sh.601398,8.0500,8.0500,8.0400,8.0500,2756100,22165633.0000,3
2025-12-01,20251201131500000,sh.601398,8.0500,8.0500,8.0300,8.0300,3728000,29964408.0000,3
2025-12-01,20251201132000000,sh.601398,8.0400,8.0500,8.0300,8.0500,3532700,28404096.0000,3
2025-12-01,20251201132500000,sh.601398,8.0400,8.0600,8.0400,8.0500,4498900,36196620.0000,3
2025-12-01,20251201133000000,sh.601398,8.0400,8.0500,8.0300,8.0300,3981800,32010868.0000,3
2025-12-01,20251201133500000,sh.601398,8.0400,8.0500,8.0300,8.0500,2176200,17498240.0000,3
2025-12-01,20251201134000000,sh.601398,8.0400,8.0600,8.0300,8.0500,5555700,44705679.0000,3
2025-12-01,20251201134500000,sh.601398,8.0500,8.0600,8.0400,8.0600,8064200,64920828.0000,3
2025-12-01,20251201135000000,sh.601398,8.0500,8.0800,8.0500,8.0700,4720100,38073473.0000,3
2025-12-01,20251201135500000,sh.601398,8.0700,8.0700,8.0600,8.0700,3511800,28318708.0000,3
2025-12-01,20251201140000000,sh.601398,8.0600,8.0900,8.0600,8.0900,6635300,53567492.0000,3
2025-12-01,20251201140500000,sh.601398,8.0800,8.0900,8.0700,8.0800,5758800,46563461.0000,3
2025-12-01,20251201141000000,sh.601398,8.0800,8.0800,8.0700,8.0700,3261500,26338295.0000,3
2025-12-01,20251201141500000,sh.601398,8.0800,8.0800,8.0700,8.0800,3483300,28123136.0000,3
2025-12-01,20251201142000000,sh.601398,8.0800,8.0800,8.0700,8.0800,4366400,35255432.0000,3
2025-12-01,20251201142500000,sh.601398,8.0800,8.1000,8.0800,8.0900,3890600,31475193.0000,3
2025-12-01,20251201143000000,sh.601398,8.1000,8.1000,8.0900,8.1000,4276700,34633223.0000,3
2025-12-01,20251201143500000,sh.601398,8.1000,8.1100,8.0900,8.1000,3297300,26707712.0000,3
2025-12-01,20251201144000000,sh.601398,8.0900,8.1000,8.0900,8.0900,2127800,17220224.0000,3
2025-12-01,20251201144500000,sh.601398,8.1000,8.1000,8.0800,8.0900,4065700,32891775.0000,3
2025-12-01,20251201145000000,sh.601398,8.0900,8.1000,8.0800,8.1000,4708200,38100097.0000,3
2025-12-01,20251201145500000,sh.601398,8.1000,8.1000,8.0800,8.0900,7054100,57048696.0000,3
2025-12-01,20251201150000000,sh.601398,8.1000,8.1000,8.0900,8.0900,7205800,58304264.0000,3
2025-12-02,20251202093500000,sh.601398,8.0900,8.1200,8.0900,8.1000,15809200,128103408.0000,3
2025-12-02,20251202094000000,sh.601398,8.0900,8.1000,8.0800,8.1000,14459600,116954448.0000,3
2025-12-02,20251202094500000,sh.601398,8.1000,8.1100,8.0800,8.0800,9127200,73908672.0000,3
2025-12-02,20251202095000000,sh.601398,8.0800,8.0900,8.0600,8.0700,9438700,76262432.0000,3
2025-12-02,20251202095500000,sh.601398,8.0800,8.0800,8.0600,8.0600,6918400,55840512.0000,3
2025-12-02,20251202100000000,sh.601398,8.0700,8.0900,8.0700,8.0700,4006300,32351264.0000,3
2025-12-02,20251202100500000,sh.601398,8.0700,8.0800,8.0600,8.0600,6776400,54683200.0000,3
2025-12-02,20251202101000000,sh.601398,8.0600,8.0800,8.0600,8.0600,4880500,39359810.0000,3
2025-12-02,20251202101500000,sh.601398,8.0600,8.0700,8.0500,8.0500,6356700,51220792.0000,3
2025-12-02,20251202102000000,sh.601398,8.0600,8.0600,8.0500,8.0600,5043200,40617099.0000,3
2025-12-02,20251202102500000,sh.601398,8.0600,8.0800,8.0600,8.0800,2757800,22253364.0000,3
2025-12-02,20251202103000000,sh.601398,8.0800,8.0800,8.0600,8.0700,3322200,26814274.0000,3
2025-12-02,20251202103500000,sh.601398,8.0700,8.0900,8.0600,8.0700,6510700,52586757.0000,3
2025-12-02,20251202104000000,sh.601398,8.0700,8.0700,8.0600,8.0700,1687900,13614980.0000,3
2025-12-02,20251202104500000,sh.601398,8.0700,8.0700,8.0500,8.0500,2759300,22247160.0000,3
2025-12-02,20251202105000000,sh.601398,8.0500,8.0700,8.0500,8.0600,2094000,16876925.0000,3
2025-12-02,20251202105500000,sh.601398,8.0600,8.0700,8.0500,8.0600,2850000,22955853.0000,3
2025-12-02,20251202110000000,sh.601398,8.0600,8.0600,8.0500,8.0500,1075200,8665140.0000,3
2025-12-02,20251202110500000,sh.601398,8.0600,8.0600,8.0500,8.0600,1781500,14349704.0000,3
2025-12-02,20251202111000000,sh.601398,8.0500,8.0600,8.0400,8.0500,4866500,39161022.0000,3
2025-12-02,20251202111500000,sh.601398,8.0400,8.0500,8.0300,8.0500,5566200,44757497.0000,3
2025-12-02,20251202112000000,sh.601398,8.0400,8.0500,8.0400,8.0400,2518400,20250507.0000,3
2025-12-02,20251202112500000,sh.601398,8.0400,8.0400,8.0300,8.0400,1915000,15392576.0000,3
2025-12-02,20251202113000000,sh.601398,8.0400,8.0400,8.0300,8.0400,3850500,30926977.0000,3
2025-12-02,20251202130500000,sh.601398,8.0400,8.0400,8.0200,8.0400,7262900,58337019.0000,3
2025-12-02,20251202131000000,sh.601398,8.0400,8.0600,8.0400,8.0600,4381500,35247364.0000,3
2025-12-02,20251202131500000,sh.601398,8.0600,8.0700,8.0500,8.0600,2829900,22811896.0000,3
2025-12-02,20251202132000000,sh.601398,8.0700,8.0900,8.0600,8.0700,8398600,67854724.0000,3
2025-12-02,20251202132500000,sh.601398,8.0800,8.0800,8.0700,8.0800,1247600,10073977.0000,3
2025-12-02,20251202133000000,sh.601398,8.0800,8.0800,8.0600,8.0600,3332700,26894341.0000,3
2025-12-02,20251202133500000,sh.601398,8.0600,8.0800,8.0600,8.0700,3578500,28875134.0000,3
2025-12-02,20251202134000000,sh.601398,8.0700,8.0700,8.0600,8.0700,2728400,22000640.0000,3
2025-12-02,20251202134500000,sh.601398,8.0700,8.0800,8.0600,8.0700,1826000,14743420.0000,3
2025-12-02,20251202135000000,sh.601398,8.0800,8.0900,8.0700,8.0700,5088400,41098248.0000,3
2025-12-02,20251202135500000,sh.601398,8.0800,8.0800,8.0700,8.0800,2807400,22663802.0000,3
2025-12-02,20251202140000000,sh.601398,8.0700,8.0800,8.0600,8.0700,3154500,25458566.0000,3
2025-12-02,20251202140500000,sh.601398,8.0800,8.0800,8.0700,8.0800,657100,5306364.0000,3
2025-12-02,20251202141000000,sh.601398,8.0700,8.0800,8.0600,8.0800,2926300,23614852.0000,3
2025-12-02,20251202141500000,sh.601398,8.0800,8.0800,8.0700,8.0800,1384000,11177860.0000,3
2025-12-02,20251202142000000,sh.601398,8.0800,8.0900,8.0700,8.0800,3473000,28059636.0000,3
2025-12-02,20251202142500000,sh.601398,8.0800,8.0900,8.0700,8.0800,2016700,16290442.0000,3
2025-12-02,20251202143000000,sh.601398,8.0800,8.0800,8.0700,8.0700,1219000,9844734.0000,3
2025-12-02,20251202143500000,sh.601398,8.0800,8.0900,8.0700,8.0800,3697100,29873024.0000,3
2025-12-02,20251202144000000,sh.601398,8.0800,8.0800,8.0700,8.0700,2193200,17717880.0000,3
2025-12-02,20251202144500000,sh.601398,8.0800,8.0900,8.0700,8.0800,4180100,33796992.0000,3
2025-12-02,20251202145000000,sh.601398,8.0900,8.0900,8.0800,8.0900,9425900,76201600.0000,3
2025-12-02,20251202145500000,sh.601398,8.0800,8.0900,8.0700,8.0800,6162400,49809544.0000,3
2025-12-02,20251202150000000,sh.601398,8.0800,8.0900,8.0700,8.0900,4176400,33770624.0000,3
2025-12-03,20251203093500000,sh.601398,8.0600,8.0900,8.0600,8.0900,8369900,67630688.0000,3
2025-12-03,20251203094000000,sh.601398,8.0900,8.1100,8.0900,8.1000,8691900,70406064.0000,3
2025-12-03,20251203094500000,sh.601398,8.1100,8.1400,8.1100,8.1200,21259300,172773552.0000,3
2025-12-03,20251203095000000,sh.601398,8.1300,8.1500,8.1100,8.1200,8616800,70096992.0000,3
2025-12-03,20251203095500000,sh.601398,8.1200,8.1200,8.0900,8.0900,6467700,52431488.0000,3
2025-12-03,20251203100000000,sh.601398,8.0900,8.1100,8.0900,8.1100,3224800,26127744.0000,3
2025-12-03,20251203100500000,sh.601398,8.1000,8.1100,8.0700,8.0900,9959300,80567840.0000,3
2025-12-03,20251203101000000,sh.601398,8.0800,8.1000,8.0800,8.0900,3980900,32211709.0000,3
2025-12-03,20251203101500000,sh.601398,8.0900,8.1100,8.0800,8.1100,3412900,27646533.0000,3
2025-12-03,20251203102000000,sh.601398,8.1100,8.1100,8.0900,8.1000,3253300,26360894.0000,3
2025-12-03,20251203102500000,sh.601398,8.1000,8.1100,8.1000,8.1100,1524900,12363450.0000,3
2025-12-03,20251203103000000,sh.601398,8.1000,8.1200,8.1000,8.1200,2075500,16840578.0000,3
2025-12-03,20251203103500000,sh.601398,8.1200,8.1300,8.1100,8.1200,7932600,64408128.0000,3
2025-12-03,20251203104000000,sh.601398,8.1100,8.1300,8.1100,8.1200,2901500,23551551.0000,3
2025-12-03,20251203104500000,sh.601398,8.1200,8.1300,8.1100,8.1100,3647700,29622718.0000,3
2025-12-03,20251203105000000,sh.601398,8.1100,8.1300,8.1100,8.1200,3685300,29928385.0000,3
2025-12-03,20251203105500000,sh.601398,8.1200,8.1300,8.1100,8.1300,1884500,15299210.0000,3
2025-12-03,20251203110000000,sh.601398,8.1300,8.1300,8.1100,8.1300,3563100,28935548.0000,3
2025-12-03,20251203110500000,sh.601398,8.1300,8.1300,8.0900,8.1000,5116400,41497343.0000,3
2025-12-03,20251203111000000,sh.601398,8.0900,8.1000,8.0800,8.0800,1934100,15646470.0000,3
2025-12-03,20251203111500000,sh.601398,8.0900,8.0900,8.0800,8.0900,1565000,12653043.0000,3
2025-12-03,20251203112000000,sh.601398,8.0900,8.0900,8.0800,8.0800,1588700,12847112.0000,3
2025-12-03,20251203112500000,sh.601398,8.0900,8.1000,8.0800,8.1000,2557300,20695940.0000,3
2025-12-03,20251203113000000,sh.601398,8.0900,8.1000,8.0800,8.0900,1394900,11279351.0000,3
2025-12-03,20251203130500000,sh.601398,8.0900,8.1000,8.0700,8.0800,8077800,65286274.0000,3
2025-12-03,20251203131000000,sh.601398,8.0700,8.0800,8.0700,8.0800,2284600,18452923.0000,3
2025-12-03,20251203131500000,sh.601398,8.0800,8.0900,8.0700,8.0900,5314300,42959936.0000,3
2025-12-03,20251203132000000,sh.601398,8.0800,8.0900,8.0700,8.0800,2009500,16235016.0000,3
2025-12-03,20251203132500000,sh.601398,8.0800,8.0800,8.0700,8.0800,1540600,12443256.0000,3
2025-12-03,20251203133000000,sh.601398,8.0800,8.0800,8.0700,8.0700,1280300,10342024.0000,3
2025-12-03,20251203133500000,sh.601398,8.0700,8.0800,8.0700,8.0800,1565000,12641152.0000,3
2025-12-03,20251203134000000,sh.601398,8.0800,8.0800,8.0600,8.0700,5383000,43441031.0000,3
2025-12-03,20251203134500000,sh.601398,8.0700,8.0700,8.0500,8.0600,6416500,51713143.0000,3
2025-12-03,20251203135000000,sh.601398,8.0600,8.0600,8.0500,8.0600,1037300,8357760.0000,3
2025-12-03,20251203135500000,sh.601398,8.0600,8.0600,8.0500,8.0500,1497600,12065282.0000,3
2025-12-03,20251203140000000,sh.601398,8.0500,8.0600,8.0400,8.0500,7179300,57789563.0000,3
2025-12-03,20251203140500000,sh.601398,8.0500,8.0500,8.0400,8.0400,1978400,15922953.0000,3
2025-12-03,20251203141000000,sh.601398,8.0500,8.0500,8.0300,8.0400,7538700,60626048.0000,3
2025-12-03,20251203141500000,sh.601398,8.0400,8.0500,8.0300,8.0500,1629600,13105020.0000,3
2025-12-03,20251203142000000,sh.601398,8.0500,8.0500,8.0300,8.0400,3288200,26434688.0000,3
2025-12-03,20251203142500000,sh.601398,8.0400,8.0900,8.0400,8.0600,12487500,100690686.0000,3
2025-12-03,20251203143000000,sh.601398,8.0600,8.0700,8.0500,8.0600,3072800,24755590.0000,3
2025-12-03,20251203143500000,sh.601398,8.0700,8.0800,8.0600,8.0800,4627300,37348860.0000,3
2025-12-03,20251203144000000,sh.601398,8.0800,8.0800,8.0600,8.0700,3999400,32288641.0000,3
2025-12-03,20251203144500000,sh.601398,8.0700,8.0700,8.0600,8.0700,4820300,38871043.0000,3
2025-12-03,20251203145000000,sh.601398,8.0600,8.0700,8.0500,8.0500,4687800,37785856.0000,3
2025-12-03,20251203145500000,sh.601398,8.0500,8.0700,8.0500,8.0700,5257300,42368764.0000,3
2025-12-03,20251203150000000,sh.601398,8.0600,8.0700,8.0500,8.0500,5677100,45735552.0000,3
2025-12-04,20251204093500000,sh.601398,8.0700,8.0800,8.0500,8.0600,9704200,78273032.0000,3
2025-12-04,20251204094000000,sh.601398,8.0600,8.0900,8.0600,8.0800,6684500,53971032.0000,3
2025-12-04,20251204094500000,sh.601398,8.0800,8.0800,8.0600,8.0700,3514800,28369440.0000,3
2025-12-04,20251204095000000,sh.601398,8.0700,8.0800,8.0600,8.0700,4095300,33035616.0000,3
2025-12-04,20251204095500000,sh.601398,8.0700,8.0800,8.0600,8.0700,3037600,24520368.0000,3
2025-12-04,20251204100000000,sh.601398,8.0700,8.0800,8.0500,8.0600,4063900,32775536.0000,3
2025-12-04,20251204100500000,sh.601398,8.0600,8.0700,8.0400,8.0500,7439300,59899616.0000,3
2025-12-04,20251204101000000,sh.601398,8.0500,8.0700,8.0500,8.0600,2439500,19656512.0000,3
2025-12-04,20251204101500000,sh.601398,8.0600,8.0800,8.0600,8.0700,4687100,37822720.0000,3
2025-12-04,20251204102000000,sh.601398,8.0700,8.0800,8.0500,8.0500,3041900,24520928.0000,3
2025-12-04,20251204102500000,sh.601398,8.0500,8.0500,8.0400,8.0500,4268100,34344064.0000,3
2025-12-04,20251204103000000,sh.601398,8.0500,8.0500,8.0400,8.0400,2704100,21746112.0000,3
2025-12-04,20251204103500000,sh.601398,8.0400,8.0500,8.0300,8.0400,2777500,22322784.0000,3
2025-12-04,20251204104000000,sh.601398,8.0400,8.0400,8.0300,8.0400,2499200,20081056.0000,3
2025-12-04,20251204104500000,sh.601398,8.0400,8.0400,8.0300,8.0300,2250500,18090144.0000,3
2025-12-04,20251204105000000,sh.601398,8.0300,8.0500,8.0300,8.0400,1949800,15676256.0000,3
2025-12-04,20251204105500000,sh.601398,8.0500,8.0600,8.0400,8.0500,3320300,26709184.0000,3
2025-12-04,20251204110000000,sh.601398,8.0600,8.0600,8.0500,8.0500,1917600,15449543.0000,3
2025-12-04,20251204110500000,sh.601398,8.0600,8.0600,8.0500,8.0600,2335400,18819125.0000,3
2025-12-04,20251204111000000,sh.601398,8.0600,8.0800,8.0600,8.0700,5182400,41815306.0000,3
2025-12-04,20251204111500000,sh.601398,8.0800,8.0800,8.0500,8.0600,2488900,20074996.0000,3
2025-12-04,20251204112000000,sh.601398,8.0600,8.0600,8.0400,8.0400,1923300,15485068.0000,3
2025-12-04,20251204112500000,sh.601398,8.0500,8.0500,8.0300,8.0500,3299100,26524918.0000,3
2025-12-04,20251204113000000,sh.601398,8.0400,8.0600,8.0400,8.0500,1491200,12001480.0000,3
2025-12-04,20251204130500000,sh.601398,8.0500,8.0600,8.0400,8.0500,4065500,32711616.0000,3
2025-12-04,20251204131000000,sh.601398,8.0400,8.0500,8.0400,8.0400,1265400,10179328.0000,3
2025-12-04,20251204131500000,sh.601398,8.0400,8.0500,8.0400,8.0400,857100,6894715.0000,3
2025-12-04,20251204132000000,sh.601398,8.0500,8.0500,8.0400,8.0400,1041800,8378181.0000,3
2025-12-04,20251204132500000,sh.601398,8.0500,8.0500,8.0300,8.0500,2177600,17507264.0000,3
2025-12-04,20251204133000000,sh.601398,8.0400,8.0500,8.0400,8.0400,776400,6248316.0000,3
2025-12-04,20251204133500000,sh.601398,8.0500,8.0500,8.0400,8.0500,2045200,16464124.0000,3
2025-12-04,20251204134000000,sh.601398,8.0400,8.0500,8.0400,8.0500,829000,6672002.0000,3
2025-12-04,20251204134500000,sh.601398,8.0500,8.0500,8.0400,8.0400,1072700,8630654.0000,3
2025-12-04,20251204135000000,sh.601398,8.0400,8.0500,8.0400,8.0400,3487700,28054208.0000,3
2025-12-04,20251204135500000,sh.601398,8.0500,8.0500,8.0400,8.0400,713800,5744263.0000,3
2025-12-04,20251204140000000,sh.601398,8.0400,8.0500,8.0400,8.0400,2172700,17473340.0000,3
2025-12-04,20251204140500000,sh.601398,8.0400,8.0400,8.0300,8.0400,1140400,9166785.0000,3
2025-12-04,20251204141000000,sh.601398,8.0400,8.0400,8.0300,8.0300,761300,6118848.0000,3
2025-12-04,20251204141500000,sh.601398,8.0400,8.0400,8.0200,8.0300,9312900,74783864.0000,3
2025-12-04,20251204142000000,sh.601398,8.0200,8.0300,8.0200,8.0200,2093700,16801412.0000,3
2025-12-04,20251204142500000,sh.601398,8.0300,8.0400,8.0200,8.0400,2744300,22039293.0000,3
2025-12-04,20251204143000000,sh.601398,8.0300,8.0400,8.0300,8.0300,1818200,14610691.0000,3
2025-12-04,20251204143500000,sh.601398,8.0400,8.0400,8.0300,8.0400,2018400,16224384.0000,3
2025-12-04,20251204144000000,sh.601398,8.0400,8.0400,8.0300,8.0300,2216900,17817732.0000,3
2025-12-04,20251204144500000,sh.601398,8.0300,8.0400,8.0300,8.0300,2605200,20932164.0000,3
2025-12-04,20251204145000000,sh.601398,8.0400,8.0400,8.0300,8.0300,3392700,27251776.0000,3
2025-12-04,20251204145500000,sh.601398,8.0300,8.0400,8.0200,8.0300,7626900,61258492.0000,3
2025-12-04,20251204150000000,sh.601398,8.0400,8.0500,8.0300,8.0500,5749900,46244996.0000,3
2025-12-05,20251205093500000,sh.601398,8.0400,8.0800,8.0400,8.0500,10030700,80829232.0000,3
2025-12-05,20251205094000000,sh.601398,8.0500,8.0800,8.0500,8.0700,9629200,77690128.0000,3
2025-12-05,20251205094500000,sh.601398,8.0800,8.1000,8.0700,8.0900,13927400,112595904.0000,3
2025-12-05,20251205095000000,sh.601398,8.0900,8.1000,8.0600,8.0700,3902300,31528480.0000,3
2025-12-05,20251205095500000,sh.601398,8.0700,8.0700,8.0300,8.0400,7123100,57328672.0000,3
2025-12-05,20251205100000000,sh.601398,8.0400,8.0500,8.0300,8.0400,5182900,41660448.0000,3
2025-12-05,20251205100500000,sh.601398,8.0400,8.0400,8.0200,8.0300,9316000,74775200.0000,3
2025-12-05,20251205101000000,sh.601398,8.0200,8.0300,8.0100,8.0300,10000500,80175680.0000,3
2025-12-05,20251205101500000,sh.601398,8.0200,8.0300,8.0100,8.0100,3494400,28025786.0000,3
2025-12-05,20251205102000000,sh.601398,8.0100,8.0200,8.0000,8.0100,7820100,62625406.0000,3
2025-12-05,20251205102500000,sh.601398,8.0100,8.0100,7.9800,7.9800,15057800,120400772.0000,3
2025-12-05,20251205103000000,sh.601398,7.9900,7.9900,7.9700,7.9800,6501000,51886405.0000,3
2025-12-05,20251205103500000,sh.601398,7.9800,7.9900,7.9700,7.9800,6000800,47897275.0000,3
2025-12-05,20251205104000000,sh.601398,7.9800,7.9800,7.9600,7.9700,6051700,48238855.0000,3
2025-12-05,20251205104500000,sh.601398,7.9700,7.9700,7.9500,7.9700,8719500,69408961.0000,3
2025-12-05,20251205105000000,sh.601398,7.9600,7.9800,7.9500,7.9600,5934400,47258172.0000,3
2025-12-05,20251205105500000,sh.601398,7.9700,7.9800,7.9600,7.9700,2821400,22489149.0000,3
2025-12-05,20251205110000000,sh.601398,7.9800,7.9800,7.9600,7.9700,1955100,15584957.0000,3
2025-12-05,20251205110500000,sh.601398,7.9700,8.0000,7.9600,7.9800,9394600,75001600.0000,3
2025-12-05,20251205111000000,sh.601398,7.9800,7.9800,7.9600,7.9700,2773700,22118399.0000,3
2025-12-05,20251205111500000,sh.601398,7.9600,7.9900,7.9600,7.9800,2286400,18239489.0000,3
2025-12-05,20251205112000000,sh.601398,7.9800,7.9900,7.9800,7.9900,1916700,15307008.0000,3
2025-12-05,20251205112500000,sh.601398,7.9800,7.9900,7.9700,7.9800,3411600,27228676.0000,3
2025-12-05,20251205113000000,sh.601398,7.9800,7.9900,7.9700,7.9800,1713900,13667326.0000,3
2025-12-05,20251205130500000,sh.601398,7.9700,8.0000,7.9700,7.9800,6446300,51429002.0000,3
2025-12-05,20251205131000000,sh.601398,7.9800,7.9900,7.9700,7.9800,2831500,22594299.0000,3
2025-12-05,20251205131500000,sh.601398,7.9800,7.9900,7.9700,7.9800,1907300,15225475.0000,3
2025-12-05,20251205132000000,sh.601398,7.9900,7.9900,7.9800,7.9800,1454000,11613044.0000,3
2025-12-05,20251205132500000,sh.601398,7.9900,7.9900,7.9700,7.9800,2306600,18413953.0000,3
2025-12-05,20251205133000000,sh.601398,7.9900,7.9900,7.9800,7.9800,1157200,9239040.0000,3
2025-12-05,20251205133500000,sh.601398,7.9800,8.0100,7.9800,7.9900,5050700,40385159.0000,3
2025-12-05,20251205134000000,sh.601398,7.9900,8.0000,7.9900,7.9900,1181900,9450752.0000,3
2025-12-05,20251205134500000,sh.601398,7.9900,8.0100,7.9900,8.0100,2610000,20884733.0000,3
2025-12-05,20251205135000000,sh.601398,8.0100,8.0200,8.0000,8.0000,4425400,35453822.0000,3
2025-12-05,20251205135500000,sh.601398,8.0100,8.0100,7.9900,8.0000,2861300,22893573.0000,3
2025-12-05,20251205140000000,sh.601398,8.0100,8.0300,8.0000,8.0100,6371800,51078656.0000,3
2025-12-05,20251205140500000,sh.601398,8.0200,8.0200,8.0000,8.0200,5050800,40466556.0000,3
2025-12-05,20251205141000000,sh.601398,8.0100,8.0200,8.0100,8.0200,2784100,22315264.0000,3
2025-12-05,20251205141500000,sh.601398,8.0200,8.0200,8.0100,8.0100,3864300,30961149.0000,3
2025-12-05,20251205142000000,sh.601398,8.0200,8.0200,8.0000,8.0100,1873600,15007623.0000,3
2025-12-05,20251205142500000,sh.601398,8.0100,8.0200,8.0000,8.0200,3061000,24530555.0000,3
2025-12-05,20251205143000000,sh.601398,8.0100,8.0200,8.0000,8.0100,3015200,24162053.0000,3
2025-12-05,20251205143500000,sh.601398,8.0100,8.0100,8.0000,8.0100,5827700,46638464.0000,3
2025-12-05,20251205144000000,sh.601398,8.0000,8.0100,7.9900,7.9900,3830600,30642944.0000,3
2025-12-05,20251205144500000,sh.601398,8.0000,8.0100,8.0000,8.0000,2262700,18115456.0000,3
2025-12-05,20251205145000000,sh.601398,8.0000,8.0100,8.0000,8.0000,4450400,35637632.0000,3
2025-12-05,20251205145500000,sh.601398,8.0000,8.0100,7.9900,8.0000,7997000,63965436.0000,3
2025-12-05,20251205150000000,sh.601398,8.0000,8.0000,7.9800,7.9900,8560700,68393732.0000,3
2025-12-08,20251208093500000,sh.601398,7.9900,8.0100,7.9700,7.9800,16217400,129553368.0000,3
2025-12-08,20251208094000000,sh.601398,7.9800,8.0000,7.9500,7.9900,13841300,110288968.0000,3
2025-12-08,20251208094500000,sh.601398,8.0000,8.0100,7.9900,8.0100,9210800,73716576.0000,3
2025-12-08,20251208095000000,sh.601398,8.0100,8.0100,7.9800,7.9900,7008500,56012384.0000,3
2025-12-08,20251208095500000,sh.601398,7.9900,8.0100,7.9800,8.0100,4877600,39004032.0000,3
2025-12-08,20251208100000000,sh.601398,8.0000,8.0100,8.0000,8.0100,6104700,48865344.0000,3
2025-12-08,20251208100500000,sh.601398,8.0100,8.0200,8.0000,8.0100,5464300,43778272.0000,3
2025-12-08,20251208101000000,sh.601398,8.0000,8.0100,7.9900,8.0000,3817500,30547424.0000,3
2025-12-08,20251208101500000,sh.601398,7.9900,8.0000,7.9700,7.9800,11731500,93643364.0000,3
2025-12-08,20251208102000000,sh.601398,7.9900,8.0000,7.9800,7.9900,7360800,58776316.0000,3
2025-12-08,20251208102500000,sh.601398,8.0000,8.0200,7.9900,8.0100,6817100,54567230.0000,3
2025-12-08,20251208103000000,sh.601398,8.0100,8.0400,8.0100,8.0300,8943900,71761091.0000,3
2025-12-08,20251208103500000,sh.601398,8.0300,8.0400,8.0200,8.0200,3836700,30804155.0000,3
2025-12-08,20251208104000000,sh.601398,8.0200,8.0300,8.0100,8.0300,2523600,20237958.0000,3
2025-12-08,20251208104500000,sh.601398,8.0200,8.0300,8.0200,8.0300,1554900,12476538.0000,3
2025-12-08,20251208105000000,sh.601398,8.0300,8.0300,8.0200,8.0300,2304600,18503307.0000,3
2025-12-08,20251208105500000,sh.601398,8.0300,8.0400,8.0200,8.0400,3503600,28143157.0000,3
2025-12-08,20251208110000000,sh.601398,8.0300,8.0400,8.0300,8.0300,3160700,25404163.0000,3
2025-12-08,20251208110500000,sh.601398,8.0300,8.0400,8.0200,8.0300,2836600,22773180.0000,3
2025-12-08,20251208111000000,sh.601398,8.0300,8.0400,8.0200,8.0200,1860700,14939916.0000,3
2025-12-08,20251208111500000,sh.601398,8.0300,8.0300,8.0100,8.0200,1903600,15265779.0000,3
2025-12-08,20251208112000000,sh.601398,8.0200,8.0300,8.0100,8.0200,1808400,14502851.0000,3
2025-12-08,20251208112500000,sh.601398,8.0200,8.0300,8.0100,8.0200,2010100,16126589.0000,3
2025-12-08,20251208113000000,sh.601398,8.0200,8.0300,8.0100,8.0200,2601600,20864268.0000,3
2025-12-08,20251208130500000,sh.601398,8.0100,8.0200,8.0000,8.0100,5095800,40826931.0000,3
2025-12-08,20251208131000000,sh.601398,8.0100,8.0200,8.0000,8.0000,2057000,16474510.0000,3
2025-12-08,20251208131500000,sh.601398,8.0100,8.0200,7.9900,7.9900,3855300,30850297.0000,3
2025-12-08,20251208132000000,sh.601398,8.0000,8.0100,7.9900,8.0000,1909900,15278464.0000,3
2025-12-08,20251208132500000,sh.601398,8.0000,8.0100,7.9900,8.0000,1691300,13530752.0000,3
2025-12-08,20251208133000000,sh.601398,7.9900,8.0000,7.9900,8.0000,2532300,20257152.0000,3
2025-12-08,20251208133500000,sh.601398,8.0000,8.0000,7.9900,8.0000,3218500,25745792.0000,3
2025-12-08,20251208134000000,sh.601398,8.0000,8.0100,7.9900,8.0100,2583000,20669184.0000,3
2025-12-08,20251208134500000,sh.601398,8.0100,8.0200,8.0000,8.0100,2439000,19544193.0000,3
2025-12-08,20251208135000000,sh.601398,8.0100,8.0300,8.0100,8.0300,2587000,20753273.0000,3
2025-12-08,20251208135500000,sh.601398,8.0300,8.0300,8.0200,8.0300,1599000,12836488.0000,3
2025-12-08,20251208140000000,sh.601398,8.0300,8.0300,8.0200,8.0300,1855100,14892540.0000,3
2025-12-08,20251208140500000,sh.601398,8.0200,8.0300,8.0100,8.0300,4283600,34369146.0000,3
2025-12-08,20251208141000000,sh.601398,8.0300,8.0300,8.0200,8.0300,1916400,15382144.0000,3
2025-12-08,20251208141500000,sh.601398,8.0200,8.0300,8.0200,8.0200,1779300,14280330.0000,3
2025-12-08,20251208142000000,sh.601398,8.0200,8.0300,8.0100,8.0100,3534000,28340854.0000,3
2025-12-08,20251208142500000,sh.601398,8.0100,8.0200,8.0100,8.0200,3421200,27419916.0000,3
2025-12-08,20251208143000000,sh.601398,8.0100,8.0200,8.0100,8.0200,2058300,16495486.0000,3
2025-12-08,20251208143500000,sh.601398,8.0100,8.0200,8.0000,8.0100,2981700,23881477.0000,3
2025-12-08,20251208144000000,sh.601398,8.0000,8.0100,8.0000,8.0100,2067000,16545147.0000,3
2025-12-08,20251208144500000,sh.601398,8.0100,8.0100,7.9900,8.0000,8795100,70353020.0000,3
2025-12-08,20251208145000000,sh.601398,8.0000,8.0000,7.9800,7.9900,8396900,67110914.0000,3
2025-12-08,20251208145500000,sh.601398,7.9900,7.9900,7.9800,7.9900,3747800,29927300.0000,3
2025-12-08,20251208150000000,sh.601398,7.9900,8.0000,7.9800,7.9900,7377000,58916483.0000,3
2025-12-09,20251209093500000,sh.601398,8.0100,8.0200,8.0000,8.0100,10988000,88015592.0000,3
2025-12-09,20251209094000000,sh.601398,8.0200,8.0200,7.9800,7.9900,8166100,65344824.0000,3
2025-12-09,20251209094500000,sh.601398,7.9900,8.0000,7.9800,8.0000,4335000,34647856.0000,3
2025-12-09,20251209095000000,sh.601398,8.0000,8.0000,7.9800,7.9800,5087500,40641648.0000,3
2025-12-09,20251209095500000,sh.601398,7.9900,8.0200,7.9800,8.0200,7153300,57218848.0000,3
2025-12-09,20251209100000000,sh.601398,8.0100,8.0300,8.0100,8.0300,7037100,56426464.0000,3
2025-12-09,20251209100500000,sh.601398,8.0300,8.0300,8.0000,8.0100,4077400,32667840.0000,3
2025-12-09,20251209101000000,sh.601398,8.0100,8.0200,8.0000,8.0000,3070000,24585568.0000,3
2025-12-09,20251209101500000,sh.601398,8.0000,8.0200,8.0000,8.0200,3579000,28679392.0000,3
2025-12-09,20251209102000000,sh.601398,8.0200,8.0400,8.0100,8.0400,15900600,127648320.0000,3
2025-12-09,20251209102500000,sh.601398,8.0300,8.0700,8.0300,8.0700,20585000,165680572.0000,3
2025-12-09,20251209103000000,sh.601398,8.0700,8.0800,8.0600,8.0700,10028900,80948032.0000,3
2025-12-09,20251209103500000,sh.601398,8.0700,8.0800,8.0600,8.0700,6795000,54852228.0000,3
2025-12-09,20251209104000000,sh.601398,8.0800,8.0800,8.0600,8.0700,3120300,25189766.0000,3
2025-12-09,20251209104500000,sh.601398,8.0700,8.0900,8.0700,8.0700,8370700,67629235.0000,3
2025-12-09,20251209105000000,sh.601398,8.0800,8.0800,8.0700,8.0800,3090800,24969992.0000,3
2025-12-09,20251209105500000,sh.601398,8.0800,8.1000,8.0800,8.1000,10751500,86953399.0000,3
2025-12-09,20251209110000000,sh.601398,8.0900,8.1000,8.0800,8.0900,6271400,50745740.0000,3
2025-12-09,20251209110500000,sh.601398,8.0900,8.1000,8.0800,8.0900,2748800,22239484.0000,3
2025-12-09,20251209111000000,sh.601398,8.0900,8.1000,8.0800,8.1000,3739000,30254977.0000,3
2025-12-09,20251209111500000,sh.601398,8.1000,8.1000,8.0800,8.0800,2830100,22901381.0000,3
2025-12-09,20251209112000000,sh.601398,8.0800,8.0900,8.0800,8.0900,2637400,21319034.0000,3
2025-12-09,20251209112500000,sh.601398,8.0900,8.0900,8.0700,8.0900,2395500,19356792.0000,3
2025-12-09,20251209113000000,sh.601398,8.0800,8.0900,8.0800,8.0900,1385800,11204608.0000,3
2025-12-09,20251209130500000,sh.601398,8.0900,8.1100,8.0900,8.1100,13441600,108875272.0000,3
2025-12-09,20251209131000000,sh.601398,8.1000,8.1300,8.1000,8.1300,7852600,63756672.0000,3
2025-12-09,20251209131500000,sh.601398,8.1300,8.1400,8.1300,8.1300,6589300,53614464.0000,3
2025-12-09,20251209132000000,sh.601398,8.1400,8.1500,8.1100,8.1300,5964800,48505600.0000,3
2025-12-09,20251209132500000,sh.601398,8.1300,8.1300,8.1100,8.1300,4396000,35709568.0000,3
2025-12-09,20251209133000000,sh.601398,8.1300,8.1300,8.1200,8.1300,1301500,10574208.0000,3
2025-12-09,20251209133500000,sh.601398,8.1200,8.1300,8.1200,8.1200,1809900,14707456.0000,3
2025-12-09,20251209134000000,sh.601398,8.1300,8.1300,8.1100,8.1200,4029100,32718208.0000,3
2025-12-09,20251209134500000,sh.601398,8.1300,8.1300,8.1100,8.1100,3343700,27146624.0000,3
2025-12-09,20251209135000000,sh.601398,8.1100,8.1200,8.0900,8.1000,8826900,71532024.0000,3
2025-12-09,20251209135500000,sh.601398,8.1000,8.1000,8.0900,8.0900,907300,7344009.0000,3
2025-12-09,20251209140000000,sh.601398,8.0900,8.1000,8.0900,8.0900,3141600,25438071.0000,3
2025-12-09,20251209140500000,sh.601398,8.1000,8.1000,8.0800,8.0900,7039900,56940416.0000,3
2025-12-09,20251209141000000,sh.601398,8.0900,8.0900,8.0700,8.0700,4182100,33791629.0000,3
2025-12-09,20251209141500000,sh.601398,8.0800,8.0900,8.0700,8.0900,2259600,18261491.0000,3
2025-12-09,20251209142000000,sh.601398,8.0800,8.1000,8.0800,8.1000,5534900,44776963.0000,3
2025-12-09,20251209142500000,sh.601398,8.0900,8.0900,8.0800,8.0900,3175000,25678727.0000,3
2025-12-09,20251209143000000,sh.601398,8.0800,8.0900,8.0800,8.0900,3619800,29268982.0000,3
2025-12-09,20251209143500000,sh.601398,8.0800,8.1000,8.0800,8.1000,2763900,22355469.0000,3
2025-12-09,20251209144000000,sh.601398,8.1000,8.1000,8.0900,8.0900,2139000,17317757.0000,3
2025-12-09,20251209144500000,sh.601398,8.0900,8.1000,8.0900,8.1000,1917000,15524605.0000,3
2025-12-09,20251209145000000,sh.601398,8.0900,8.1000,8.0900,8.1000,5610900,45400960.0000,3
2025-12-09,20251209145500000,sh.601398,8.0900,8.1000,8.0800,8.0900,3657100,29597192.0000,3
2025-12-09,20251209150000000,sh.601398,8.1000,8.1000,8.0900,8.1000,7842400,63507701.0000,3
2025-12-10,20251210093500000,sh.601398,8.0900,8.1100,8.0800,8.1000,13250500,107287608.0000,3
2025-12-10,20251210094000000,sh.601398,8.1100,8.1100,8.0700,8.0800,11695600,94605336.0000,3
2025-12-10,20251210094500000,sh.601398,8.0900,8.1000,8.0600,8.0600,11281700,91178352.0000,3
2025-12-10,20251210095000000,sh.601398,8.0700,8.0700,8.0500,8.0500,7330100,59081728.0000,3
2025-12-10,20251210095500000,sh.601398,8.0600,8.0700,8.0400,8.0400,11745600,94584608.0000,3
2025-12-10,20251210100000000,sh.601398,8.0500,8.0700,8.0500,8.0500,4486400,36157056.0000,3
2025-12-10,20251210100500000,sh.601398,8.0500,8.0700,8.0400,8.0700,5084800,40934016.0000,3
2025-12-10,20251210101000000,sh.601398,8.0600,8.0600,8.0400,8.0500,4892700,39390812.0000,3
2025-12-10,20251210101500000,sh.601398,8.0600,8.0600,8.0300,8.0300,7518400,60471740.0000,3
2025-12-10,20251210102000000,sh.601398,8.0400,8.0400,8.0200,8.0200,10099300,81036804.0000,3
2025-12-10,20251210102500000,sh.601398,8.0100,8.0200,8.0100,8.0100,5516700,44212606.0000,3
2025-12-10,20251210103000000,sh.601398,8.0200,8.0200,7.9900,8.0000,11831200,94662854.0000,3
2025-12-10,20251210103500000,sh.601398,7.9900,8.0000,7.9800,7.9800,10080500,80516224.0000,3
2025-12-10,20251210104000000,sh.601398,7.9800,7.9800,7.9600,7.9800,9343300,74477446.0000,3
2025-12-10,20251210104500000,sh.601398,7.9800,7.9800,7.9600,7.9600,8696000,69309498.0000,3
2025-12-10,20251210105000000,sh.601398,7.9700,7.9700,7.9500,7.9500,15123400,120285568.0000,3
2025-12-10,20251210105500000,sh.601398,7.9600,7.9700,7.9500,7.9700,3446700,27440128.0000,3
2025-12-10,20251210110000000,sh.601398,7.9700,7.9700,7.9500,7.9600,5350100,42575232.0000,3
2025-12-10,20251210110500000,sh.601398,7.9500,7.9600,7.9500,7.9500,3325700,26464640.0000,3
2025-12-10,20251210111000000,sh.601398,7.9500,7.9600,7.9500,7.9600,4014000,31939968.0000,3
2025-12-10,20251210111500000,sh.601398,7.9600,7.9700,7.9500,7.9700,5167600,41136896.0000,3
2025-12-10,20251210112000000,sh.601398,7.9600,7.9800,7.9600,7.9700,2613000,20823168.0000,3
2025-12-10,20251210112500000,sh.601398,7.9800,7.9800,7.9600,7.9800,3182900,25374464.0000,3
2025-12-10,20251210113000000,sh.601398,7.9800,7.9800,7.9700,7.9700,2796400,22291328.0000,3
2025-12-10,20251210130500000,sh.601398,7.9800,7.9800,7.9600,7.9700,4868100,38791168.0000,3
2025-12-10,20251210131000000,sh.601398,7.9600,7.9600,7.9500,7.9600,4602500,36622720.0000,3
2025-12-10,20251210131500000,sh.601398,7.9600,7.9700,7.9500,7.9700,2441900,19442944.0000,3
2025-12-10,20251210132000000,sh.601398,7.9600,7.9700,7.9500,7.9600,3071100,24447232.0000,3
2025-12-10,20251210132500000,sh.601398,7.9600,7.9700,7.9500,7.9600,1769700,14088320.0000,3
2025-12-10,20251210133000000,sh.601398,7.9700,7.9800,7.9700,7.9800,2806300,22382722.0000,3
2025-12-10,20251210133500000,sh.601398,7.9800,7.9900,7.9700,7.9800,3398300,27120119.0000,3
2025-12-10,20251210134000000,sh.601398,7.9900,7.9900,7.9700,7.9700,2799000,22339083.0000,3
2025-12-10,20251210134500000,sh.601398,7.9700,7.9800,7.9600,7.9600,3199600,25492732.0000,3
2025-12-10,20251210135000000,sh.601398,7.9700,7.9800,7.9600,7.9600,3867000,30803584.0000,3
2025-12-10,20251210135500000,sh.601398,7.9700,7.9700,7.9500,7.9600,2871800,22855936.0000,3
2025-12-10,20251210140000000,sh.601398,7.9500,7.9600,7.9500,7.9600,3350300,26646272.0000,3
2025-12-10,20251210140500000,sh.601398,7.9600,7.9600,7.9400,7.9400,11594100,92172544.0000,3
2025-12-10,20251210141000000,sh.601398,7.9500,7.9500,7.9300,7.9400,11053800,87761792.0000,3
2025-12-10,20251210141500000,sh.601398,7.9300,7.9400,7.9300,7.9400,4873600,38673408.0000,3
2025-12-10,20251210142000000,sh.601398,7.9300,7.9500,7.9300,7.9400,6332000,50268800.0000,3
2025-12-10,20251210142500000,sh.601398,7.9400,7.9400,7.9300,7.9300,5295800,42013696.0000,3
2025-12-10,20251210143000000,sh.601398,7.9400,7.9500,7.9300,7.9400,4908200,38967424.0000,3
2025-12-10,20251210143500000,sh.601398,7.9500,7.9500,7.9300,7.9400,6725400,53376128.0000,3
2025-12-10,20251210144000000,sh.601398,7.9400,7.9400,7.9200,7.9300,10173400,80663168.0000,3
2025-12-10,20251210144500000,sh.601398,7.9300,7.9300,7.9200,7.9300,7635900,60511488.0000,3
2025-12-10,20251210145000000,sh.601398,7.9300,7.9300,7.9200,7.9200,6619100,52450048.0000,3
2025-12-10,20251210145500000,sh.601398,7.9300,7.9400,7.9200,7.9300,8102600,64236544.0000,3
2025-12-10,20251210150000000,sh.601398,7.9200,7.9400,7.9200,7.9400,8185500,64956928.0000,3
2025-12-11,20251211093500000,sh.601398,7.9500,7.9600,7.9200,7.9400,13218600,104904200.0000,3
2025-12-11,20251211094000000,sh.601398,7.9400,7.9500,7.9200,7.9400,10237700,81222552.0000,3
2025-12-11,20251211094500000,sh.601398,7.9400,7.9500,7.9000,7.9200,12909700,102255488.0000,3
2025-12-11,20251211095000000,sh.601398,7.9100,7.9400,7.9000,7.9200,7335600,58104928.0000,3
2025-12-11,20251211095500000,sh.601398,7.9200,7.9500,7.9200,7.9500,7345200,58267200.0000,3
2025-12-11,20251211100000000,sh.601398,7.9500,7.9500,7.9300,7.9400,6006200,47690208.0000,3
2025-12-11,20251211100500000,sh.601398,7.9300,7.9500,7.9300,7.9300,4940300,39210496.0000,3
2025-12-11,20251211101000000,sh.601398,7.9300,7.9500,7.9300,7.9400,8760800,69548962.0000,3
2025-12-11,20251211101500000,sh.601398,7.9400,7.9400,7.9200,7.9400,5081900,40296446.0000,3
2025-12-11,20251211102000000,sh.601398,7.9300,7.9400,7.9300,7.9400,2271100,18015491.0000,3
2025-12-11,20251211102500000,sh.601398,7.9300,7.9400,7.9300,7.9300,2731100,21666109.0000,3
2025-12-11,20251211103000000,sh.601398,7.9400,7.9400,7.9200,7.9300,4834600,38335237.0000,3
2025-12-11,20251211103500000,sh.601398,7.9300,7.9400,7.9200,7.9400,3721500,29524346.0000,3
2025-12-11,20251211104000000,sh.601398,7.9300,7.9500,7.9300,7.9500,2551300,20261567.0000,3
2025-12-11,20251211104500000,sh.601398,7.9500,7.9500,7.9300,7.9400,2389900,18976511.0000,3
2025-12-11,20251211105000000,sh.601398,7.9300,7.9500,7.9300,7.9400,1916600,15213959.0000,3
2025-12-11,20251211105500000,sh.601398,7.9400,7.9400,7.9300,7.9400,1716300,13616061.0000,3
2025-12-11,20251211110000000,sh.601398,7.9400,7.9400,7.9300,7.9400,2273000,18044675.0000,3
2025-12-11,20251211110500000,sh.601398,7.9400,7.9400,7.9300,7.9400,1174400,9319354.0000,3
2025-12-11,20251211111000000,sh.601398,7.9300,7.9400,7.9200,7.9200,4096000,32479688.0000,3
2025-12-11,20251211111500000,sh.601398,7.9200,7.9300,7.9100,7.9100,4054900,32107389.0000,3
2025-12-11,20251211112000000,sh.601398,7.9100,7.9400,7.9100,7.9300,3060900,24251005.0000,3
2025-12-11,20251211112500000,sh.601398,7.9300,7.9500,7.9200,7.9400,3443400,27332736.0000,3
2025-12-11,20251211113000000,sh.601398,7.9500,7.9500,7.9400,7.9500,3260800,25915576.0000,3
2025-12-11,20251211130500000,sh.601398,7.9500,7.9600,7.9400,7.9500,4351000,34596428.0000,3
2025-12-11,20251211131000000,sh.601398,7.9500,7.9600,7.9500,7.9600,1966000,15639166.0000,3
2025-12-11,20251211131500000,sh.601398,7.9500,7.9600,7.9500,7.9600,3711800,29537918.0000,3
2025-12-11,20251211132000000,sh.601398,7.9700,7.9700,7.9500,7.9600,7552800,60130688.0000,3
2025-12-11,20251211132500000,sh.601398,7.9600,7.9700,7.9500,7.9600,2706100,21543680.0000,3
2025-12-11,20251211133000000,sh.601398,7.9600,7.9700,7.9500,7.9600,2158800,17180536.0000,3
2025-12-11,20251211133500000,sh.601398,7.9500,7.9600,7.9400,7.9500,4522200,35929600.0000,3
2025-12-11,20251211134000000,sh.601398,7.9400,7.9500,7.9300,7.9400,3283000,26064134.0000,3
2025-12-11,20251211134500000,sh.601398,7.9400,7.9500,7.9300,7.9300,2490000,19764608.0000,3
2025-12-11,20251211135000000,sh.601398,7.9400,7.9400,7.9300,7.9400,1915300,15198468.0000,3
2025-12-11,20251211135500000,sh.601398,7.9400,7.9500,7.9300,7.9400,2513500,19954949.0000,3
2025-12-11,20251211140000000,sh.601398,7.9400,7.9500,7.9300,7.9400,4904200,38931066.0000,3
2025-12-11,20251211140500000,sh.601398,7.9500,7.9500,7.9300,7.9400,3387000,26893701.0000,3
2025-12-11,20251211141000000,sh.601398,7.9400,7.9500,7.9300,7.9400,2409800,19135604.0000,3
2025-12-11,20251211141500000,sh.601398,7.9400,7.9600,7.9400,7.9500,3701200,29420422.0000,3
2025-12-11,20251211142000000,sh.601398,7.9600,7.9600,7.9400,7.9500,2399300,19068024.0000,3
2025-12-11,20251211142500000,sh.601398,7.9500,7.9600,7.9400,7.9500,4996500,39714183.0000,3
2025-12-11,20251211143000000,sh.601398,7.9500,7.9600,7.9400,7.9500,2873400,22834435.0000,3
2025-12-11,20251211143500000,sh.601398,7.9400,7.9500,7.9300,7.9400,6600500,52380162.0000,3
2025-12-11,20251211144000000,sh.601398,7.9400,7.9500,7.9300,7.9400,7591500,60271604.0000,3
2025-12-11,20251211144500000,sh.601398,7.9500,7.9500,7.9300,7.9500,15373000,122080642.0000,3
2025-12-11,20251211145000000,sh.601398,7.9500,7.9500,7.9300,7.9300,6235500,49508352.0000,3
2025-12-11,20251211145500000,sh.601398,7.9400,7.9700,7.9300,7.9600,16312400,129779714.0000,3
2025-12-11,20251211150000000,sh.601398,7.9700,8.0000,7.9500,8.0000,28889400,230694024.0000,3
2025-12-12,20251212093500000,sh.601398,7.9700,7.9800,7.9300,7.9400,26532600,211130832.0000,3
2025-12-12,20251212094000000,sh.601398,7.9400,7.9500,7.9100,7.9300,19913300,157788336.0000,3
2025-12-12,20251212094500000,sh.601398,7.9400,7.9400,7.8800,7.8800,23349300,184543424.0000,3
2025-12-12,20251212095000000,sh.601398,7.8800,7.9000,7.8800,7.8900,11980800,94484348.0000,3
2025-12-12,20251212095500000,sh.601398,7.9000,7.9100,7.8800,7.8900,12292800,97069954.0000,3
2025-12-12,20251212100000000,sh.601398,7.8900,7.9100,7.8800,7.9100,10178800,80385990.0000,3
2025-12-12,20251212100500000,sh.601398,7.9100,7.9100,7.8600,7.8700,18028400,142157434.0000,3
2025-12-12,20251212101000000,sh.601398,7.8700,7.8800,7.8600,7.8800,12332800,97026690.0000,3
2025-12-12,20251212101500000,sh.601398,7.8800,7.8800,7.8600,7.8700,9086200,71486978.0000,3
2025-12-12,20251212102000000,sh.601398,7.8700,7.8700,7.8400,7.8500,19697100,154712696.0000,3
2025-12-12,20251212102500000,sh.601398,7.8600,7.8700,7.8500,7.8700,7900100,62070406.0000,3
2025-12-12,20251212103000000,sh.601398,7.8700,7.8700,7.8500,7.8600,7259100,57061368.0000,3
2025-12-12,20251212103500000,sh.601398,7.8600,7.8900,7.8500,7.8700,6477900,50961932.0000,3
2025-12-12,20251212104000000,sh.601398,7.8800,7.8800,7.8400,7.8500,12358100,97080956.0000,3
2025-12-12,20251212104500000,sh.601398,7.8600,7.8600,7.8400,7.8400,7553500,59302786.0000,3
2025-12-12,20251212105000000,sh.601398,7.8400,7.8700,7.8400,7.8700,8214000,64550140.0000,3
2025-12-12,20251212105500000,sh.601398,7.8700,7.8900,7.8500,7.8900,8910000,70112774.0000,3
2025-12-12,20251212110000000,sh.601398,7.8800,7.8900,7.8700,7.8900,5148400,40578304.0000,3
2025-12-12,20251212110500000,sh.601398,7.8800,7.8900,7.8700,7.8900,7258600,57204340.0000,3
2025-12-12,20251212111000000,sh.601398,7.8800,7.9000,7.8700,7.8900,6558000,51724170.0000,3
2025-12-12,20251212111500000,sh.601398,7.9000,7.9100,7.8900,7.9100,5317400,42008704.0000,3
2025-12-12,20251212112000000,sh.601398,7.9000,7.9100,7.8900,7.9000,5563500,43947002.0000,3
2025-12-12,20251212112500000,sh.601398,7.9000,7.9100,7.8900,7.9000,5277800,41682184.0000,3
2025-12-12,20251212113000000,sh.601398,7.9000,7.9200,7.8900,7.9100,4617900,36486137.0000,3
2025-12-12,20251212130500000,sh.601398,7.9200,7.9600,7.9100,7.9600,12824600,101733507.0000,3
2025-12-12,20251212131000000,sh.601398,7.9500,7.9600,7.9200,7.9200,7451500,59176704.0000,3
2025-12-12,20251212131500000,sh.601398,7.9300,7.9400,7.9100,7.9400,7358500,58295544.0000,3
2025-12-12,20251212132000000,sh.601398,7.9300,7.9400,7.9200,7.9300,7120500,56462600.0000,3
2025-12-12,20251212132500000,sh.601398,7.9300,7.9500,7.9300,7.9400,6054600,48083968.0000,3
2025-12-12,20251212133000000,sh.601398,7.9400,7.9600,7.9400,7.9600,9094400,72332288.0000,3
2025-12-12,20251212133500000,sh.601398,7.9500,7.9600,7.9300,7.9400,10131100,80496384.0000,3
2025-12-12,20251212134000000,sh.601398,7.9400,7.9600,7.9300,7.9300,9116500,72448000.0000,3
2025-12-12,20251212134500000,sh.601398,7.9300,7.9400,7.9200,7.9200,8099800,64224256.0000,3
2025-12-12,20251212135000000,sh.601398,7.9200,7.9400,7.9200,7.9400,9793800,77611520.0000,3
2025-12-12,20251212135500000,sh.601398,7.9400,7.9400,7.9300,7.9300,7287300,57808128.0000,3
2025-12-12,20251212140000000,sh.601398,7.9300,7.9500,7.9300,7.9500,8595100,68227584.0000,3
2025-12-12,20251212140500000,sh.601398,7.9400,7.9500,7.9200,7.9400,11250900,89214976.0000,3
2025-12-12,20251212141000000,sh.601398,7.9300,7.9400,7.9300,7.9300,5952500,47214848.0000,3
2025-12-12,20251212141500000,sh.601398,7.9400,7.9400,7.9200,7.9200,8120500,64399616.0000,3
2025-12-12,20251212142000000,sh.601398,7.9200,7.9300,7.9200,7.9300,7399700,58629888.0000,3
2025-12-12,20251212142500000,sh.601398,7.9300,7.9500,7.9200,7.9500,8263100,65573888.0000,3
2025-12-12,20251212143000000,sh.601398,7.9400,7.9500,7.9200,7.9400,9212100,73094144.0000,3
2025-12-12,20251212143500000,sh.601398,7.9300,7.9500,7.9300,7.9500,12249400,97232640.0000,3
2025-12-12,20251212144000000,sh.601398,7.9400,7.9500,7.9300,7.9400,12018000,95398656.0000,3
2025-12-12,20251212144500000,sh.601398,7.9500,7.9500,7.9200,7.9300,11776500,93426176.0000,3
2025-12-12,20251212145000000,sh.601398,7.9400,7.9400,7.9300,7.9300,14165900,112358144.0000,3
2025-12-12,20251212145500000,sh.601398,7.9300,7.9500,7.9300,7.9500,14897900,118334464.0000,3
2025-12-12,20251212150000000,sh.601398,7.9500,7.9700,7.9400,7.9700,39069900,311243008.0000,3
2025-12-15,20251215093500000,sh.601398,7.8200,7.8200,7.7800,7.8000,28642600,223561696.0000,3
2025-12-15,20251215094000000,sh.601398,7.8100,7.8400,7.8100,7.8400,18085700,141581632.0000,3
2025-12-15,20251215094500000,sh.601398,7.8300,7.8500,7.8200,7.8400,16119500,126237408.0000,3
2025-12-15,20251215095000000,sh.601398,7.8400,7.8400,7.8200,7.8300,6506900,50944192.0000,3
2025-12-15,20251215095500000,sh.601398,7.8300,7.8300,7.7900,7.8000,10373200,80963965.0000,3
2025-12-15,20251215100000000,sh.601398,7.7900,7.8100,7.7900,7.8000,8609100,67101700.0000,3
2025-12-15,20251215100500000,sh.601398,7.7900,7.8100,7.7900,7.8000,7573500,59072197.0000,3
2025-12-15,20251215101000000,sh.601398,7.8100,7.8200,7.7900,7.7900,9160700,71484981.0000,3
2025-12-15,20251215101500000,sh.601398,7.8000,7.8000,7.7900,7.8000,3358400,26175689.0000,3
2025-12-15,20251215102000000,sh.601398,7.8000,7.8100,7.7900,7.8000,9545400,74445953.0000,3
2025-12-15,20251215102500000,sh.601398,7.8000,7.8100,7.7900,7.8000,4518400,35245878.0000,3
2025-12-15,20251215103000000,sh.601398,7.8000,7.8100,7.7900,7.8100,3096800,24166985.0000,3
2025-12-15,20251215103500000,sh.601398,7.8100,7.8200,7.8000,7.8200,4005600,31288575.0000,3
2025-12-15,20251215104000000,sh.601398,7.8200,7.8300,7.8000,7.8300,6310300,49331261.0000,3
2025-12-15,20251215104500000,sh.601398,7.8300,7.8400,7.8200,7.8200,4331700,33907518.0000,3
2025-12-15,20251215105000000,sh.601398,7.8300,7.8400,7.8200,7.8300,3037700,23773192.0000,3
2025-12-15,20251215105500000,sh.601398,7.8300,7.8400,7.8200,7.8400,2932800,22963188.0000,3
2025-12-15,20251215110000000,sh.601398,7.8400,7.8400,7.8200,7.8300,3036700,23788931.0000,3
2025-12-15,20251215110500000,sh.601398,7.8400,7.8500,7.8300,7.8500,6012000,47137155.0000,3
2025-12-15,20251215111000000,sh.601398,7.8500,7.8500,7.8300,7.8400,3334200,26147200.0000,3
2025-12-15,20251215111500000,sh.601398,7.8300,7.8400,7.8300,7.8400,2322600,18200321.0000,3
2025-12-15,20251215112000000,sh.601398,7.8300,7.8500,7.8300,7.8400,3586700,28118394.0000,3
2025-12-15,20251215112500000,sh.601398,7.8400,7.8600,7.8400,7.8500,7427500,58295427.0000,3
2025-12-15,20251215113000000,sh.601398,7.8400,7.8600,7.8400,7.8600,2945800,23130492.0000,3
2025-12-15,20251215130500000,sh.601398,7.8600,7.8600,7.8400,7.8400,3666300,28785027.0000,3
2025-12-15,20251215131000000,sh.601398,7.8500,7.8500,7.8300,7.8300,3695400,28975241.0000,3
2025-12-15,20251215131500000,sh.601398,7.8300,7.8400,7.8200,7.8200,3249900,25439094.0000,3
2025-12-15,20251215132000000,sh.601398,7.8200,7.8300,7.8100,7.8100,2167500,16943493.0000,3
2025-12-15,20251215132500000,sh.601398,7.8100,7.8300,7.8100,7.8200,2893300,22628989.0000,3
2025-12-15,20251215133000000,sh.601398,7.8200,7.8500,7.8200,7.8400,5305100,41576450.0000,3
2025-12-15,20251215133500000,sh.601398,7.8400,7.8500,7.8300,7.8500,4587800,35997824.0000,3
2025-12-15,20251215134000000,sh.601398,7.8500,7.8600,7.8400,7.8500,5468900,42948734.0000,3
2025-12-15,20251215134500000,sh.601398,7.8600,7.8600,7.8400,7.8400,2531800,19873538.0000,3
2025-12-15,20251215135000000,sh.601398,7.8400,7.8500,7.8400,7.8500,3038100,23835015.0000,3
2025-12-15,20251215135500000,sh.601398,7.8500,7.8500,7.8300,7.8300,2955100,23169401.0000,3
2025-12-15,20251215140000000,sh.601398,7.8400,7.8500,7.8300,7.8300,3257700,25533304.0000,3
2025-12-15,20251215140500000,sh.601398,7.8300,7.8400,7.8300,7.8300,1499200,11742088.0000,3
2025-12-15,20251215141000000,sh.601398,7.8300,7.8400,7.8300,7.8300,3099900,24279168.0000,3
2025-12-15,20251215141500000,sh.601398,7.8300,7.8400,7.8200,7.8200,2691900,21078909.0000,3
2025-12-15,20251215142000000,sh.601398,7.8200,7.8400,7.8200,7.8300,1780000,13939332.0000,3
2025-12-15,20251215142500000,sh.601398,7.8300,7.8400,7.8200,7.8200,2391000,18719749.0000,3
2025-12-15,20251215143000000,sh.601398,7.8200,7.8300,7.8200,7.8300,2430000,19008372.0000,3
2025-12-15,20251215143500000,sh.601398,7.8200,7.8300,7.8100,7.8200,3528300,27592446.0000,3
2025-12-15,20251215144000000,sh.601398,7.8200,7.8300,7.8100,7.8100,2664300,20824842.0000,3
2025-12-15,20251215144500000,sh.601398,7.8200,7.8200,7.8100,7.8100,2503300,19557630.0000,3
2025-12-15,20251215145000000,sh.601398,7.8200,7.8200,7.8100,7.8100,3018700,23584888.0000,3
2025-12-15,20251215145500000,sh.601398,7.8100,7.8200,7.8100,7.8200,3179200,24837900.0000,3
2025-12-15,20251215150000000,sh.601398,7.8100,7.8200,7.8100,7.8100,4494800,35114362.0000,3
2025-12-16,20251216093500000,sh.601398,7.8100,7.8200,7.7800,7.7900,10029600,78153080.0000,3
2025-12-16,20251216094000000,sh.601398,7.7900,7.8100,7.7800,7.8000,4943800,38545232.0000,3
2025-12-16,20251216094500000,sh.601398,7.8000,7.8000,7.7800,7.7800,4525900,35248216.0000,3
2025-12-16,20251216095000000,sh.601398,7.7900,7.7900,7.7700,7.7800,5336200,41527648.0000,3
2025-12-16,20251216095500000,sh.601398,7.7800,7.7900,7.7600,7.7600,5986900,46523728.0000,3
2025-12-16,20251216100000000,sh.601398,7.7600,7.7800,7.7600,7.7600,5876000,45637808.0000,3
2025-12-16,20251216100500000,sh.601398,7.7700,7.7700,7.7300,7.7300,10286800,79717312.0000,3
2025-12-16,20251216101000000,sh.601398,7.7400,7.7500,7.7300,7.7400,4417200,34189504.0000,3
2025-12-16,20251216101500000,sh.601398,7.7500,7.7500,7.7300,7.7500,4585400,35498560.0000,3
2025-12-16,20251216102000000,sh.601398,7.7500,7.7500,7.7300,7.7400,3493700,27034016.0000,3
2025-12-16,20251216102500000,sh.601398,7.7300,7.7500,7.7300,7.7500,4196200,32479104.0000,3
2025-12-16,20251216103000000,sh.601398,7.7400,7.7700,7.7400,7.7600,6227600,48325344.0000,3
2025-12-16,20251216103500000,sh.601398,7.7600,7.7700,7.7400,7.7700,4536400,35186488.0000,3
2025-12-16,20251216104000000,sh.601398,7.7600,7.7700,7.7500,7.7600,2981900,23130824.0000,3
2025-12-16,20251216104500000,sh.601398,7.7600,7.7600,7.7500,7.7500,2964900,22987192.0000,3
2025-12-16,20251216105000000,sh.601398,7.7500,7.7600,7.7500,7.7600,2968500,23013900.0000,3
2025-12-16,20251216105500000,sh.601398,7.7600,7.7600,7.7500,7.7500,2757600,21383228.0000,3
2025-12-16,20251216110000000,sh.601398,7.7500,7.7600,7.7500,7.7600,2338600,18138170.0000,3
2025-12-16,20251216110500000,sh.601398,7.7600,7.7900,7.7500,7.7900,7012900,54489741.0000,3
2025-12-16,20251216111000000,sh.601398,7.7900,7.8000,7.7800,7.8000,3668900,28573297.0000,3
2025-12-16,20251216111500000,sh.601398,7.7900,7.8200,7.7900,7.8200,5356700,41818563.0000,3
2025-12-16,20251216112000000,sh.601398,7.8200,7.8300,7.8100,7.8200,8677600,67872831.0000,3
2025-12-16,20251216112500000,sh.601398,7.8300,7.8300,7.8200,7.8200,3717500,29089855.0000,3
2025-12-16,20251216113000000,sh.601398,7.8200,7.8300,7.8100,7.8200,4554900,35623497.0000,3
2025-12-16,20251216130500000,sh.601398,7.8200,7.8300,7.8000,7.8000,4563000,35658554.0000,3
2025-12-16,20251216131000000,sh.601398,7.8000,7.8100,7.7900,7.8100,3762500,29335108.0000,3
2025-12-16,20251216131500000,sh.601398,7.8100,7.8100,7.7900,7.8000,2760600,21537912.0000,3
2025-12-16,20251216132000000,sh.601398,7.8100,7.8300,7.8100,7.8200,3063300,23943552.0000,3
2025-12-16,20251216132500000,sh.601398,7.8200,7.8200,7.8100,7.8200,2217000,17329921.0000,3
2025-12-16,20251216133000000,sh.601398,7.8200,7.8300,7.8100,7.8100,2158800,16880005.0000,3
2025-12-16,20251216133500000,sh.601398,7.8200,7.8200,7.8100,7.8100,1602800,12522750.0000,3
2025-12-16,20251216134000000,sh.601398,7.8100,7.8100,7.8000,7.8100,2261400,17655676.0000,3
2025-12-16,20251216134500000,sh.601398,7.8000,7.8200,7.8000,7.8200,3952100,30856836.0000,3
2025-12-16,20251216135000000,sh.601398,7.8100,7.8200,7.8000,7.8000,2023400,15799042.0000,3
2025-12-16,20251216135500000,sh.601398,7.8000,7.8100,7.7900,7.7900,2044000,15939970.0000,3
2025-12-16,20251216140000000,sh.601398,7.8000,7.8000,7.7900,7.7900,1079900,8418169.0000,3
2025-12-16,20251216140500000,sh.601398,7.7900,7.8000,7.7800,7.7900,3636200,28320267.0000,3
2025-12-16,20251216141000000,sh.601398,7.7800,7.7900,7.7700,7.7700,2500400,19456502.0000,3
2025-12-16,20251216141500000,sh.601398,7.7800,7.7800,7.7600,7.7600,7062700,54865670.0000,3
2025-12-16,20251216142000000,sh.601398,7.7600,7.7700,7.7600,7.7600,2704800,21002752.0000,3
2025-12-16,20251216142500000,sh.601398,7.7700,7.7700,7.7600,7.7600,3082700,23931008.0000,3
2025-12-16,20251216143000000,sh.601398,7.7600,7.7800,7.7600,7.7800,3113500,24174212.0000,3
2025-12-16,20251216143500000,sh.601398,7.7800,7.8000,7.7800,7.7900,2852900,22216952.0000,3
2025-12-16,20251216144000000,sh.601398,7.7900,7.8000,7.7800,7.7800,1614200,12575752.0000,3
2025-12-16,20251216144500000,sh.601398,7.7800,7.7900,7.7800,7.7900,3424800,26667651.0000,3
2025-12-16,20251216145000000,sh.601398,7.7800,7.8000,7.7800,7.7800,2395800,18656383.0000,3
2025-12-16,20251216145500000,sh.601398,7.7800,7.7900,7.7800,7.7900,4286600,33372534.0000,3
2025-12-16,20251216150000000,sh.601398,7.7900,7.8000,7.7800,7.7900,3833800,29866498.0000,3
2025-12-17,20251217093500000,sh.601398,7.7800,7.7900,7.7500,7.7600,7911400,61455200.0000,3
2025-12-17,20251217094000000,sh.601398,7.7600,7.7800,7.7500,7.7600,4763600,36999504.0000,3
2025-12-17,20251217094500000,sh.601398,7.7700,7.7900,7.7600,7.7900,3943700,30659288.0000,3
2025-12-17,20251217095000000,sh.601398,7.7800,7.8000,7.7700,7.7900,4947200,38530008.0000,3
2025-12-17,20251217095500000,sh.601398,7.8000,7.8200,7.8000,7.8200,7761000,60599008.0000,3
2025-12-17,20251217100000000,sh.601398,7.8200,7.8300,7.8000,7.8200,7939200,62044000.0000,3
2025-12-17,20251217100500000,sh.601398,7.8200,7.8700,7.8200,7.8600,17807800,139708064.0000,3
2025-12-17,20251217101000000,sh.601398,7.8700,7.8700,7.8400,7.8500,5954700,46765184.0000,3
2025-12-17,20251217101500000,sh.601398,7.8500,7.8600,7.8400,7.8500,2495800,19595840.0000,3
2025-12-17,20251217102000000,sh.601398,7.8500,7.8600,7.8400,7.8400,5007000,39295008.0000,3
2025-12-17,20251217102500000,sh.601398,7.8500,7.8700,7.8400,7.8600,7022300,55183706.0000,3
2025-12-17,20251217103000000,sh.601398,7.8600,7.8700,7.8500,7.8500,4471800,35158468.0000,3
2025-12-17,20251217103500000,sh.601398,7.8500,7.8600,7.8400,7.8500,3524800,27657922.0000,3
2025-12-17,20251217104000000,sh.601398,7.8500,7.8600,7.8500,7.8500,2097000,16472509.0000,3
2025-12-17,20251217104500000,sh.601398,7.8500,7.8700,7.8500,7.8600,3885000,30531840.0000,3
2025-12-17,20251217105000000,sh.601398,7.8500,7.8600,7.8300,7.8400,1962300,15389507.0000,3
2025-12-17,20251217105500000,sh.601398,7.8400,7.8400,7.8200,7.8200,1735000,13587648.0000,3
2025-12-17,20251217110000000,sh.601398,7.8300,7.8400,7.8200,7.8400,1225500,9595716.0000,3
2025-12-17,20251217110500000,sh.601398,7.8300,7.8400,7.8200,7.8300,1442400,11294014.0000,3
2025-12-17,20251217111000000,sh.601398,7.8200,7.8300,7.8200,7.8200,1531000,11974213.0000,3
2025-12-17,20251217111500000,sh.601398,7.8200,7.8300,7.8100,7.8200,1966800,15382141.0000,3
2025-12-17,20251217112000000,sh.601398,7.8200,7.8200,7.8100,7.8200,1273300,9948671.0000,3
2025-12-17,20251217112500000,sh.601398,7.8200,7.8300,7.8100,7.8200,4031700,31518461.0000,3
2025-12-17,20251217113000000,sh.601398,7.8200,7.8300,7.8100,7.8300,1056200,8258306.0000,3
2025-12-17,20251217130500000,sh.601398,7.8200,7.8300,7.8100,7.8100,2411100,18854272.0000,3
2025-12-17,20251217131000000,sh.601398,7.8200,7.8200,7.8000,7.8100,3257100,25431997.0000,3
2025-12-17,20251217131500000,sh.601398,7.8000,7.8100,7.8000,7.8000,2323000,18127299.0000,3
2025-12-17,20251217132000000,sh.601398,7.8000,7.8200,7.8000,7.8200,4696000,36671234.0000,3
2025-12-17,20251217132500000,sh.601398,7.8200,7.8300,7.8100,7.8200,1623300,12689859.0000,3
2025-12-17,20251217133000000,sh.601398,7.8200,7.8300,7.8000,7.8000,3732600,29178803.0000,3
2025-12-17,20251217133500000,sh.601398,7.8100,7.8300,7.8000,7.8200,2347800,18354445.0000,3
2025-12-17,20251217134000000,sh.601398,7.8300,7.8400,7.8200,7.8300,3405700,26667831.0000,3
2025-12-17,20251217134500000,sh.601398,7.8400,7.8500,7.8300,7.8400,4665400,36579593.0000,3
2025-12-17,20251217135000000,sh.601398,7.8500,7.8600,7.8400,7.8500,4781600,37544247.0000,3
2025-12-17,20251217135500000,sh.601398,7.8500,7.8700,7.8500,7.8600,8440600,66366334.0000,3
2025-12-17,20251217140000000,sh.601398,7.8700,7.8700,7.8500,7.8500,6775900,53265924.0000,3
2025-12-17,20251217140500000,sh.601398,7.8500,7.8600,7.8400,7.8500,8911900,69958140.0000,3
2025-12-17,20251217141000000,sh.601398,7.8500,7.8600,7.8500,7.8500,4317000,33918594.0000,3
2025-12-17,20251217141500000,sh.601398,7.8600,7.8600,7.8400,7.8400,5449800,42773762.0000,3
2025-12-17,20251217142000000,sh.601398,7.8400,7.8500,7.8300,7.8300,3292100,25807488.0000,3
2025-12-17,20251217142500000,sh.601398,7.8400,7.8600,7.8300,7.8400,4760200,37312128.0000,3
2025-12-17,20251217143000000,sh.601398,7.8400,7.8500,7.8300,7.8400,3923400,30741123.0000,3
2025-12-17,20251217143500000,sh.601398,7.8300,7.8400,7.8200,7.8300,5067500,39679485.0000,3
2025-12-17,20251217144000000,sh.601398,7.8300,7.8400,7.8200,7.8200,5809300,45469432.0000,3
2025-12-17,20251217144500000,sh.601398,7.8200,7.8300,7.8100,7.8200,5079900,39697540.0000,3
2025-12-17,20251217145000000,sh.601398,7.8200,7.8300,7.8000,7.8200,8444000,65979517.0000,3
2025-12-17,20251217145500000,sh.601398,7.8100,7.8300,7.8100,7.8200,6081400,47542271.0000,3
2025-12-17,20251217150000000,sh.601398,7.8100,7.8200,7.8100,7.8100,5333000,41666561.0000,3
2025-12-18,20251218093500000,sh.601398,7.8100,7.8300,7.7900,7.8100,12804400,99998040.0000,3
2025-12-18,20251218094000000,sh.601398,7.8000,7.8200,7.7900,7.8000,5138700,40108104.0000,3
2025-12-18,20251218094500000,sh.601398,7.8100,7.8200,7.8000,7.8100,3922700,30618560.0000,3
2025-12-18,20251218095000000,sh.601398,7.8200,7.8300,7.8100,7.8100,5367600,41985760.0000,3
2025-12-18,20251218095500000,sh.601398,7.8200,7.8300,7.8100,7.8200,2142100,16745200.0000,3
2025-12-18,20251218100000000,sh.601398,7.8200,7.8400,7.8200,7.8200,6028700,47214928.0000,3
2025-12-18,20251218100500000,sh.601398,7.8300,7.8300,7.8100,7.8100,2504100,19583808.0000,3
2025-12-18,20251218101000000,sh.601398,7.8200,7.8500,7.8100,7.8400,4051800,31742784.0000,3
2025-12-18,20251218101500000,sh.601398,7.8400,7.8700,7.8400,7.8700,10111100,79454176.0000,3
2025-12-18,20251218102000000,sh.601398,7.8600,7.8800,7.8600,7.8800,10338800,81386272.0000,3
2025-12-18,20251218102500000,sh.601398,7.8800,7.8900,7.8700,7.8800,4989400,39305152.0000,3
2025-12-18,20251218103000000,sh.601398,7.8700,7.8700,7.8600,7.8700,2103200,16546500.0000,3
2025-12-18,20251218103500000,sh.601398,7.8600,7.8700,7.8500,7.8600,2483700,19522050.0000,3
2025-12-18,20251218104000000,sh.601398,7.8600,7.8700,7.8600,7.8600,754600,5935738.0000,3
2025-12-18,20251218104500000,sh.601398,7.8700,7.8800,7.8500,7.8600,3736900,29395206.0000,3
2025-12-18,20251218105000000,sh.601398,7.8500,7.8700,7.8500,7.8600,1480700,11637812.0000,3
2025-12-18,20251218105500000,sh.601398,7.8500,7.8700,7.8500,7.8500,929300,7304002.0000,3
2025-12-18,20251218110000000,sh.601398,7.8500,7.8700,7.8500,7.8500,964000,7576704.0000,3
2025-12-18,20251218110500000,sh.601398,7.8500,7.8600,7.8500,7.8500,723800,5686664.0000,3
2025-12-18,20251218111000000,sh.601398,7.8600,7.8700,7.8500,7.8600,2042000,16047808.0000,3
2025-12-18,20251218111500000,sh.601398,7.8600,7.8700,7.8500,7.8500,1508100,11853428.0000,3
2025-12-18,20251218112000000,sh.601398,7.8500,7.8600,7.8500,7.8500,561000,4406720.0000,3
2025-12-18,20251218112500000,sh.601398,7.8500,7.8600,7.8500,7.8500,564300,4432515.0000,3
2025-12-18,20251218113000000,sh.601398,7.8500,7.8700,7.8500,7.8600,2609200,20516617.0000,3
2025-12-18,20251218130500000,sh.601398,7.8700,7.8800,7.8600,7.8700,2581400,20314115.0000,3
2025-12-18,20251218131000000,sh.601398,7.8800,7.8900,7.8700,7.8900,6940300,54711289.0000,3
2025-12-18,20251218131500000,sh.601398,7.8900,7.8900,7.8800,7.8800,3439200,27130944.0000,3
2025-12-18,20251218132000000,sh.601398,7.8900,7.9000,7.8800,7.9000,4706900,37143480.0000,3
2025-12-18,20251218132500000,sh.601398,7.9000,7.9000,7.8900,7.8900,2090200,16500300.0000,3
2025-12-18,20251218133000000,sh.601398,7.8900,7.9000,7.8800,7.9000,2856900,22555394.0000,3
2025-12-18,20251218133500000,sh.601398,7.9000,7.9200,7.8900,7.9200,14405100,113928570.0000,3
2025-12-18,20251218134000000,sh.601398,7.9100,7.9400,7.9100,7.9400,9378000,74371136.0000,3
2025-12-18,20251218134500000,sh.601398,7.9400,7.9600,7.9300,7.9500,9775300,77710208.0000,3
2025-12-18,20251218135000000,sh.601398,7.9500,7.9700,7.9500,7.9700,7422500,59093376.0000,3
2025-12-18,20251218135500000,sh.601398,7.9700,7.9700,7.9500,7.9600,5094300,40569472.0000,3
2025-12-18,20251218140000000,sh.601398,7.9600,7.9600,7.9500,7.9600,2974100,23664512.0000,3
2025-12-18,20251218140500000,sh.601398,7.9600,7.9800,7.9500,7.9700,9157900,72960768.0000,3
2025-12-18,20251218141000000,sh.601398,7.9700,7.9800,7.9600,7.9700,5481800,43711872.0000,3
2025-12-18,20251218141500000,sh.601398,7.9800,7.9900,7.9700,7.9900,6440900,51422336.0000,3
2025-12-18,20251218142000000,sh.601398,7.9800,8.0000,7.9800,7.9900,11159000,89205120.0000,3
2025-12-18,20251218142500000,sh.601398,7.9900,7.9900,7.9800,7.9900,7157800,57160064.0000,3
2025-12-18,20251218143000000,sh.601398,7.9800,7.9900,7.9800,7.9800,4928000,39362048.0000,3
2025-12-18,20251218143500000,sh.601398,7.9900,8.0000,7.9800,7.9800,5595900,44710528.0000,3
2025-12-18,20251218144000000,sh.601398,7.9800,8.0000,7.9800,7.9900,4820500,38527616.0000,3
2025-12-18,20251218144500000,sh.601398,7.9900,8.0000,7.9800,7.9900,5552000,44366592.0000,3
2025-12-18,20251218145000000,sh.601398,7.9900,8.0000,7.9800,7.9800,4997700,39928832.0000,3
2025-12-18,20251218145500000,sh.601398,7.9900,7.9900,7.9700,7.9700,9108000,72662912.0000,3
2025-12-18,20251218150000000,sh.601398,7.9800,7.9900,7.9700,7.9900,7824500,62457472.0000,3
2025-12-19,20251219093500000,sh.601398,7.9600,7.9700,7.9200,7.9300,21985600,174585648.0000,3
2025-12-19,20251219094000000,sh.601398,7.9300,7.9600,7.9200,7.9500,7555700,59978320.0000,3
2025-12-19,20251219094500000,sh.601398,7.9500,7.9600,7.9300,7.9600,5417400,43049344.0000,3
2025-12-19,20251219095000000,sh.601398,7.9600,7.9600,7.9300,7.9300,6502400,51635488.0000,3
2025-12-19,20251219095500000,sh.601398,7.9300,7.9400,7.9100,7.9200,7500500,59424000.0000,3
2025-12-19,20251219100000000,sh.601398,7.9300,7.9400,7.9200,7.9400,3523700,27939616.0000,3
2025-12-19,20251219100500000,sh.601398,7.9400,7.9500,7.9300,7.9500,3506900,27837056.0000,3
2025-12-19,20251219101000000,sh.601398,7.9400,7.9600,7.9400,7.9500,4876900,38754080.0000,3
2025-12-19,20251219101500000,sh.601398,7.9500,7.9500,7.9200,7.9300,5991000,47526848.0000,3
2025-12-19,20251219102000000,sh.601398,7.9300,7.9400,7.9000,7.9200,9064400,71767648.0000,3
2025-12-19,20251219102500000,sh.601398,7.9100,7.9200,7.9000,7.9100,4393700,34735876.0000,3
2025-12-19,20251219103000000,sh.601398,7.9000,7.9400,7.9000,7.9300,8007800,63400372.0000,3
2025-12-19,20251219103500000,sh.601398,7.9200,7.9300,7.9100,7.9100,2879300,22794953.0000,3
2025-12-19,20251219104000000,sh.601398,7.9100,7.9300,7.9100,7.9200,4835500,38293495.0000,3
2025-12-19,20251219104500000,sh.601398,7.9300,7.9400,7.9200,7.9300,1562900,12397824.0000,3
2025-12-19,20251219105000000,sh.601398,7.9300,7.9400,7.9200,7.9300,1595600,12650127.0000,3
2025-12-19,20251219105500000,sh.601398,7.9200,7.9400,7.9200,7.9300,1412200,11196029.0000,3
2025-12-19,20251219110000000,sh.601398,7.9300,7.9400,7.9200,7.9200,2459200,19503609.0000,3
2025-12-19,20251219110500000,sh.601398,7.9200,7.9400,7.9200,7.9300,2404800,19057416.0000,3
2025-12-19,20251219111000000,sh.601398,7.9200,7.9300,7.9200,7.9300,1962100,15548403.0000,3
2025-12-19,20251219111500000,sh.601398,7.9300,7.9300,7.9200,7.9300,967000,7665097.0000,3
2025-12-19,20251219112000000,sh.601398,7.9200,7.9400,7.9200,7.9400,3427900,27192831.0000,3
2025-12-19,20251219112500000,sh.601398,7.9300,7.9500,7.9300,7.9500,1387600,11020216.0000,3
2025-12-19,20251219113000000,sh.601398,7.9500,7.9500,7.9200,7.9300,2189600,17380997.0000,3
2025-12-19,20251219130500000,sh.601398,7.9300,7.9400,7.9200,7.9200,2203900,17475581.0000,3
2025-12-19,20251219131000000,sh.601398,7.9200,7.9300,7.9100,7.9100,4159400,32946431.0000,3
2025-12-19,20251219131500000,sh.601398,7.9100,7.9200,7.9100,7.9100,1185600,9384775.0000,3
2025-12-19,20251219132000000,sh.601398,7.9100,7.9200,7.9100,7.9100,1972900,15618692.0000,3
2025-12-19,20251219132500000,sh.601398,7.9100,7.9200,7.9100,7.9100,2443500,19341564.0000,3
2025-12-19,20251219133000000,sh.601398,7.9100,7.9200,7.9100,7.9200,3922200,31037885.0000,3
2025-12-19,20251219133500000,sh.601398,7.9200,7.9200,7.9000,7.9000,4438700,35111803.0000,3
2025-12-19,20251219134000000,sh.601398,7.9100,7.9100,7.9000,7.9100,4017500,31765131.0000,3
2025-12-19,20251219134500000,sh.601398,7.9000,7.9100,7.9000,7.9100,1739000,13747319.0000,3
2025-12-19,20251219135000000,sh.601398,7.9100,7.9100,7.8900,7.8900,12617800,99671684.0000,3
2025-12-19,20251219135500000,sh.601398,7.8900,7.9000,7.8900,7.8900,2835300,22386946.0000,3
2025-12-19,20251219140000000,sh.601398,7.8800,7.8900,7.8700,7.8700,11221700,88464636.0000,3
2025-12-19,20251219140500000,sh.601398,7.8800,7.8800,7.8600,7.8600,7908300,62233988.0000,3
2025-12-19,20251219141000000,sh.601398,7.8600,7.8800,7.8600,7.8700,3535100,27828344.0000,3
2025-12-19,20251219141500000,sh.601398,7.8800,7.8900,7.8700,7.8800,6471700,50997516.0000,3
2025-12-19,20251219142000000,sh.601398,7.8900,7.8900,7.8800,7.8800,1996400,15742328.0000,3
2025-12-19,20251219142500000,sh.601398,7.8800,7.8900,7.8800,7.8900,4251000,33512325.0000,3
2025-12-19,20251219143000000,sh.601398,7.8800,7.8900,7.8700,7.8800,7267000,57255679.0000,3
2025-12-19,20251219143500000,sh.601398,7.8800,7.8800,7.8700,7.8700,2756500,21715972.0000,3
2025-12-19,20251219144000000,sh.601398,7.8800,7.8900,7.8700,7.8900,3430800,27052035.0000,3
2025-12-19,20251219144500000,sh.601398,7.8900,7.8900,7.8800,7.8900,5733600,45191422.0000,3
2025-12-19,20251219145000000,sh.601398,7.8800,7.8900,7.8800,7.8900,3788200,29860211.0000,3
2025-12-19,20251219145500000,sh.601398,7.8800,7.9000,7.8800,7.8900,7647400,60309135.0000,3
2025-12-19,20251219150000000,sh.601398,7.9000,7.9000,7.8800,7.8800,12635000,99602805.0000,3
2025-12-22,20251222093500000,sh.601398,7.8600,7.8700,7.8300,7.8400,13732300,107817240.0000,3
2025-12-22,20251222094000000,sh.601398,7.8400,7.8700,7.8300,7.8700,10449100,81998936.0000,3
2025-12-22,20251222094500000,sh.601398,7.8600,7.8900,7.8600,7.8900,6642700,52319584.0000,3
2025-12-22,20251222095000000,sh.601398,7.8800,7.8900,7.8600,7.8800,4147300,32664304.0000,3
2025-12-22,20251222095500000,sh.601398,7.8800,7.8900,7.8700,7.8900,4193000,33030720.0000,3
2025-12-22,20251222100000000,sh.601398,7.8800,7.8900,7.8700,7.8900,4116700,32454560.0000,3
2025-12-22,20251222100500000,sh.601398,7.8800,7.8900,7.8700,7.8700,2879000,22674688.0000,3
2025-12-22,20251222101000000,sh.601398,7.8700,7.8900,7.8600,7.8800,4629300,36452928.0000,3
2025-12-22,20251222101500000,sh.601398,7.8900,7.8900,7.8700,7.8700,2357300,18579872.0000,3
2025-12-22,20251222102000000,sh.601398,7.8800,7.8900,7.8700,7.8800,1773000,13980256.0000,3
2025-12-22,20251222102500000,sh.601398,7.8900,7.9000,7.8800,7.8900,4016600,31698784.0000,3
2025-12-22,20251222103000000,sh.601398,7.8900,7.9000,7.8800,7.9000,2025600,15992800.0000,3
2025-12-22,20251222103500000,sh.601398,7.9000,7.9100,7.8900,7.8900,4204800,33211264.0000,3
2025-12-22,20251222104000000,sh.601398,7.8800,7.8900,7.8700,7.8700,2647900,20863680.0000,3
2025-12-22,20251222104500000,sh.601398,7.8700,7.8900,7.8700,7.8800,1814500,14291300.0000,3
2025-12-22,20251222105000000,sh.601398,7.8800,7.8900,7.8700,7.8800,1318500,10384948.0000,3
2025-12-22,20251222105500000,sh.601398,7.8800,7.8900,7.8700,7.8800,1927300,15185548.0000,3
2025-12-22,20251222110000000,sh.601398,7.8900,7.8900,7.8800,7.8900,1735500,13684547.0000,3
2025-12-22,20251222110500000,sh.601398,7.8900,7.8900,7.8800,7.8800,1525700,12029626.0000,3
2025-12-22,20251222111000000,sh.601398,7.8900,7.8900,7.8700,7.8800,2048000,16139639.0000,3
2025-12-22,20251222111500000,sh.601398,7.8800,7.8800,7.8600,7.8700,3601900,28350343.0000,3
2025-12-22,20251222112000000,sh.601398,7.8700,7.8800,7.8700,7.8800,1965300,15473849.0000,3
2025-12-22,20251222112500000,sh.601398,7.8700,7.8800,7.8600,7.8700,2591100,20397376.0000,3
2025-12-22,20251222113000000,sh.601398,7.8600,7.8800,7.8600,7.8600,1922900,15128967.0000,3
2025-12-22,20251222130500000,sh.601398,7.8700,7.8700,7.8600,7.8600,2190200,17226497.0000,3
2025-12-22,20251222131000000,sh.601398,7.8700,7.8700,7.8600,7.8700,1074900,8452610.0000,3
2025-12-22,20251222131500000,sh.601398,7.8600,7.8700,7.8500,7.8500,3691400,29016324.0000,3
2025-12-22,20251222132000000,sh.601398,7.8500,7.8600,7.8500,7.8600,2404100,18883188.0000,3
2025-12-22,20251222132500000,sh.601398,7.8500,7.8700,7.8500,7.8500,2340000,18386241.0000,3
2025-12-22,20251222133000000,sh.601398,7.8500,7.8600,7.8400,7.8500,5770500,45285509.0000,3
2025-12-22,20251222133500000,sh.601398,7.8400,7.8500,7.8400,7.8500,2517900,19748224.0000,3
2025-12-22,20251222134000000,sh.601398,7.8400,7.8500,7.8400,7.8400,6212000,48705592.0000,3
2025-12-22,20251222134500000,sh.601398,7.8400,7.8500,7.8400,7.8400,1988400,15593224.0000,3
2025-12-22,20251222135000000,sh.601398,7.8400,7.8500,7.8300,7.8500,3674100,28807488.0000,3
2025-12-22,20251222135500000,sh.601398,7.8400,7.8500,7.8400,7.8500,1577900,12379328.0000,3
2025-12-22,20251222140000000,sh.601398,7.8400,7.8500,7.8400,7.8500,1764900,13844608.0000,3
2025-12-22,20251222140500000,sh.601398,7.8400,7.8600,7.8400,7.8500,5702900,44780994.0000,3
2025-12-22,20251222141000000,sh.601398,7.8600,7.8600,7.8500,7.8500,1603000,12592570.0000,3
2025-12-22,20251222141500000,sh.601398,7.8500,7.8600,7.8500,7.8500,1938500,15224898.0000,3
2025-12-22,20251222142000000,sh.601398,7.8500,7.8600,7.8500,7.8500,2246400,17645242.0000,3
2025-12-22,20251222142500000,sh.601398,7.8500,7.8700,7.8500,7.8700,4943900,38866306.0000,3
2025-12-22,20251222143000000,sh.601398,7.8700,7.8700,7.8500,7.8700,3699900,29081342.0000,3
2025-12-22,20251222143500000,sh.601398,7.8700,7.8800,7.8600,7.8800,3760200,29588486.0000,3
2025-12-22,20251222144000000,sh.601398,7.8700,7.8900,7.8700,7.8800,4259200,33557510.0000,3
2025-12-22,20251222144500000,sh.601398,7.8700,7.8900,7.8700,7.8800,3795400,29917948.0000,3
2025-12-22,20251222145000000,sh.601398,7.8800,7.8900,7.8700,7.8900,2641900,20831617.0000,3
2025-12-22,20251222145500000,sh.601398,7.8700,7.8900,7.8700,7.8800,4052400,31954687.0000,3
2025-12-22,20251222150000000,sh.601398,7.8900,7.8900,7.8800,7.8900,4776200,37677688.0000,3
2025-12-23,20251223093500000,sh.601398,7.8900,7.9200,7.8900,7.9200,12529500,99023520.0000,3
2025-12-23,20251223094000000,sh.601398,7.9200,7.9300,7.8900,7.9000,13603200,107767008.0000,3
2025-12-23,20251223094500000,sh.601398,7.9000,7.9200,7.8800,7.9200,5520700,43588384.0000,3
2025-12-23,20251223095000000,sh.601398,7.9100,7.9200,7.8900,7.9000,3736500,29539936.0000,3
2025-12-23,20251223095500000,sh.601398,7.9000,7.9000,7.8700,7.8700,5586500,44056416.0000,3
2025-12-23,20251223100000000,sh.601398,7.8800,7.9000,7.8700,7.9000,3314700,26127296.0000,3
2025-12-23,20251223100500000,sh.601398,7.9000,7.9000,7.8800,7.8900,1959300,15460256.0000,3
2025-12-23,20251223101000000,sh.601398,7.8900,7.9100,7.8800,7.9000,2739200,21632640.0000,3
2025-12-23,20251223101500000,sh.601398,7.9100,7.9400,7.9100,7.9300,9323800,73893344.0000,3
2025-12-23,20251223102000000,sh.601398,7.9300,7.9500,7.9300,7.9300,9990600,79303264.0000,3
2025-12-23,20251223102500000,sh.601398,7.9300,7.9500,7.9300,7.9300,5988700,47567430.0000,3
2025-12-23,20251223103000000,sh.601398,7.9400,7.9400,7.9300,7.9400,1596900,12671164.0000,3
2025-12-23,20251223103500000,sh.601398,7.9300,7.9400,7.9200,7.9300,2142200,16983936.0000,3
2025-12-23,20251223104000000,sh.601398,7.9200,7.9400,7.9200,7.9400,2620600,20778873.0000,3
2025-12-23,20251223104500000,sh.601398,7.9300,7.9400,7.9200,7.9300,1811300,14363709.0000,3
2025-12-23,20251223105000000,sh.601398,7.9300,7.9300,7.9200,7.9200,1597700,12666250.0000,3
2025-12-23,20251223105500000,sh.601398,7.9300,7.9300,7.9000,7.9000,3879900,30700612.0000,3
2025-12-23,20251223110000000,sh.601398,7.9000,7.9100,7.9000,7.9100,1795800,14194034.0000,3
2025-12-23,20251223110500000,sh.601398,7.9000,7.9100,7.9000,7.9000,3716100,29370178.0000,3
2025-12-23,20251223111000000,sh.601398,7.9000,7.9100,7.9000,7.9000,1205800,9527626.0000,3
2025-12-23,20251223111500000,sh.601398,7.9100,7.9300,7.9000,7.9200,3433800,27182452.0000,3
2025-12-23,20251223112000000,sh.601398,7.9300,7.9300,7.9200,7.9200,1052100,8339968.0000,3
2025-12-23,20251223112500000,sh.601398,7.9200,7.9400,7.9200,7.9300,4303900,34147461.0000,3
2025-12-23,20251223113000000,sh.601398,7.9300,7.9400,7.9200,7.9300,1228500,9745927.0000,3
2025-12-23,20251223130500000,sh.601398,7.9200,7.9500,7.9200,7.9400,8391800,66610304.0000,3
2025-12-23,20251223131000000,sh.601398,7.9400,7.9500,7.9300,7.9300,7722500,61354230.0000,3
2025-12-23,20251223131500000,sh.601398,7.9400,7.9400,7.9300,7.9300,2915700,23140096.0000,3
2025-12-23,20251223132000000,sh.601398,7.9400,7.9500,7.9300,7.9500,3422600,27168521.0000,3
2025-12-23,20251223132500000,sh.601398,7.9400,7.9500,7.9300,7.9400,2076100,16480125.0000,3
2025-12-23,20251223133000000,sh.601398,7.9400,7.9400,7.9300,7.9400,2514900,19957508.0000,3
2025-12-23,20251223133500000,sh.601398,7.9400,7.9400,7.9200,7.9300,5133500,40693113.0000,3
2025-12-23,20251223134000000,sh.601398,7.9200,7.9300,7.9100,7.9100,2545500,20152955.0000,3
2025-12-23,20251223134500000,sh.601398,7.9200,7.9300,7.9100,7.9200,3691400,29238152.0000,3
2025-12-23,20251223135000000,sh.601398,7.9300,7.9300,7.9100,7.9100,3039800,24056319.0000,3
2025-12-23,20251223135500000,sh.601398,7.9100,7.9100,7.9000,7.9100,3920700,30990841.0000,3
2025-12-23,20251223140000000,sh.601398,7.9000,7.9100,7.9000,7.9100,2190400,17317254.0000,3
2025-12-23,20251223140500000,sh.601398,7.9100,7.9100,7.9000,7.9000,1244600,9840386.0000,3
2025-12-23,20251223141000000,sh.601398,7.9000,7.9100,7.8900,7.8900,4841600,38238977.0000,3
2025-12-23,20251223141500000,sh.601398,7.8900,7.9100,7.8900,7.8900,4012200,31679361.0000,3
2025-12-23,20251223142000000,sh.601398,7.8900,7.9100,7.8900,7.9100,2175500,17185782.0000,3
2025-12-23,20251223142500000,sh.601398,7.9000,7.9100,7.9000,7.9100,2101200,16612110.0000,3
2025-12-23,20251223143000000,sh.601398,7.9100,7.9100,7.9000,7.9000,2231800,17640192.0000,3
2025-12-23,20251223143500000,sh.601398,7.9100,7.9100,7.9000,7.9000,3265600,25814649.0000,3
2025-12-23,20251223144000000,sh.601398,7.9000,7.9100,7.9000,7.9000,3268200,25834362.0000,3
2025-12-23,20251223144500000,sh.601398,7.9100,7.9100,7.9000,7.9100,4816400,38075007.0000,3
2025-12-23,20251223145000000,sh.601398,7.9100,7.9200,7.9000,7.9200,8090900,64017935.0000,3
2025-12-23,20251223145500000,sh.601398,7.9200,7.9200,7.9100,7.9100,7890400,62434161.0000,3
2025-12-23,20251223150000000,sh.601398,7.9100,7.9200,7.9100,7.9200,3876400,30695552.0000,3
2025-12-24,20251224093500000,sh.601398,7.9200,7.9600,7.9100,7.9600,11151900,88550384.0000,3
2025-12-24,20251224094000000,sh.601398,7.9500,7.9500,7.9200,7.9200,4785500,37990864.0000,3
2025-12-24,20251224094500000,sh.601398,7.9300,7.9400,7.9100,7.9300,4531700,35926544.0000,3
2025-12-24,20251224095000000,sh.601398,7.9300,7.9400,7.9100,7.9100,4654800,36892000.0000,3
2025-12-24,20251224095500000,sh.601398,7.9100,7.9400,7.9100,7.9300,5364900,42530672.0000,3
2025-12-24,20251224100000000,sh.601398,7.9400,7.9500,7.9300,7.9400,5794100,46029920.0000,3
2025-12-24,20251224100500000,sh.601398,7.9500,7.9600,7.9400,7.9500,6756000,53718368.0000,3
2025-12-24,20251224101000000,sh.601398,7.9400,7.9500,7.9300,7.9400,2928200,23248384.0000,3
2025-12-24,20251224101500000,sh.601398,7.9400,7.9400,7.9200,7.9400,2061900,16359744.0000,3
2025-12-24,20251224102000000,sh.601398,7.9300,7.9500,7.9300,7.9300,3535400,28082880.0000,3
2025-12-24,20251224102500000,sh.601398,7.9400,7.9400,7.9200,7.9200,3087700,24480480.0000,3
2025-12-24,20251224103000000,sh.601398,7.9200,7.9300,7.9000,7.9100,7605600,60182176.0000,3
2025-12-24,20251224103500000,sh.601398,7.9000,7.9200,7.9000,7.9100,2413400,19085248.0000,3
2025-12-24,20251224104000000,sh.601398,7.9100,7.9200,7.9000,7.9100,2522100,19947328.0000,3
2025-12-24,20251224104500000,sh.601398,7.9000,7.9100,7.9000,7.9000,2606400,20609318.0000,3
2025-12-24,20251224105000000,sh.601398,7.9100,7.9100,7.9000,7.9100,1290200,10198012.0000,3
2025-12-24,20251224105500000,sh.601398,7.9100,7.9200,7.9000,7.9100,2359400,18660416.0000,3
2025-12-24,20251224110000000,sh.601398,7.9000,7.9100,7.9000,7.9000,1276600,10091959.0000,3
2025-12-24,20251224110500000,sh.601398,7.9100,7.9100,7.9000,7.9000,1531100,12103426.0000,3
2025-12-24,20251224111000000,sh.601398,7.9100,7.9100,7.9000,7.9100,1841500,14559622.0000,3
2025-12-24,20251224111500000,sh.601398,7.9000,7.9200,7.9000,7.9200,2245800,17768194.0000,3
2025-12-24,20251224112000000,sh.601398,7.9100,7.9400,7.9100,7.9300,2009700,15928694.0000,3
2025-12-24,20251224112500000,sh.601398,7.9300,7.9400,7.9300,7.9400,1119300,8879755.0000,3
2025-12-24,20251224113000000,sh.601398,7.9300,7.9400,7.9200,7.9300,775300,6145408.0000,3
2025-12-24,20251224130500000,sh.601398,7.9300,7.9300,7.9200,7.9300,3194300,25315128.0000,3
2025-12-24,20251224131000000,sh.601398,7.9300,7.9400,7.9200,7.9200,2078300,16478716.0000,3
2025-12-24,20251224131500000,sh.601398,7.9300,7.9300,7.9200,7.9300,1391400,11030336.0000,3
2025-12-24,20251224132000000,sh.601398,7.9200,7.9300,7.9200,7.9300,1181400,9363528.0000,3
2025-12-24,20251224132500000,sh.601398,7.9300,7.9300,7.9100,7.9100,1985500,15725056.0000,3
2025-12-24,20251224133000000,sh.601398,7.9100,7.9200,7.9100,7.9200,2340000,18522051.0000,3
2025-12-24,20251224133500000,sh.601398,7.9200,7.9300,7.9100,7.9300,4155200,32911797.0000,3
2025-12-24,20251224134000000,sh.601398,7.9300,7.9300,7.9200,7.9300,1557400,12342600.0000,3
2025-12-24,20251224134500000,sh.601398,7.9300,7.9300,7.9200,7.9200,1656900,13132668.0000,3
2025-12-24,20251224135000000,sh.601398,7.9300,7.9300,7.9100,7.9100,5401700,42781641.0000,3
2025-12-24,20251224135500000,sh.601398,7.9100,7.9200,7.9100,7.9100,765600,6059643.0000,3
2025-12-24,20251224140000000,sh.601398,7.9100,7.9200,7.9000,7.9200,3428900,27124216.0000,3
2025-12-24,20251224140500000,sh.601398,7.9200,7.9200,7.9000,7.9100,2642700,20911435.0000,3
2025-12-24,20251224141000000,sh.601398,7.9100,7.9200,7.9000,7.9100,3255500,25753603.0000,3
2025-12-24,20251224141500000,sh.601398,7.9100,7.9100,7.9000,7.9100,1142400,9032639.0000,3
2025-12-24,20251224142000000,sh.601398,7.9000,7.9200,7.9000,7.9100,1902000,15045057.0000,3
2025-12-24,20251224142500000,sh.601398,7.9100,7.9200,7.9000,7.9100,1731400,13696826.0000,3
2025-12-24,20251224143000000,sh.601398,7.9100,7.9200,7.9000,7.9200,1365600,10804152.0000,3
2025-12-24,20251224143500000,sh.601398,7.9200,7.9200,7.9000,7.9100,2542700,20107848.0000,3
2025-12-24,20251224144000000,sh.601398,7.9100,7.9100,7.9000,7.9100,4795200,37889979.0000,3
2025-12-24,20251224144500000,sh.601398,7.9100,7.9100,7.8900,7.8900,11109600,87748233.0000,3
2025-12-24,20251224145000000,sh.601398,7.8900,7.9000,7.8800,7.8900,8561200,67556220.0000,3
2025-12-24,20251224145500000,sh.601398,7.8900,7.9000,7.8900,7.8900,7161700,56522881.0000,3
2025-12-24,20251224150000000,sh.601398,7.8900,7.9300,7.8900,7.9100,14072000,111244919.0000,3
2025-12-25,20251225093500000,sh.601398,7.9000,7.9100,7.8700,7.8800,9804700,77330856.0000,3
2025-12-25,20251225094000000,sh.601398,7.8800,7.8900,7.8700,7.8800,5357600,42200248.0000,3
2025-12-25,20251225094500000,sh.601398,7.8800,7.8800,7.8500,7.8600,10849900,85320672.0000,3
2025-12-25,20251225095000000,sh.601398,7.8600,7.8800,7.8600,7.8800,3262900,25686672.0000,3
2025-12-25,20251225095500000,sh.601398,7.8800,7.8900,7.8700,7.8800,2449500,19308000.0000,3
2025-12-25,20251225100000000,sh.601398,7.8800,7.8900,7.8800,7.8800,1890900,14905264.0000,3
2025-12-25,20251225100500000,sh.601398,7.8900,7.9100,7.8800,7.8900,6000800,47383712.0000,3
2025-12-25,20251225101000000,sh.601398,7.9000,7.9000,7.8900,7.8900,3000300,23683968.0000,3
2025-12-25,20251225101500000,sh.601398,7.9000,7.9000,7.8800,7.8900,2840400,22415712.0000,3
2025-12-25,20251225102000000,sh.601398,7.8800,7.9000,7.8800,7.8900,2608500,20577376.0000,3
2025-12-25,20251225102500000,sh.601398,7.8800,7.8900,7.8800,7.8900,905600,7141280.0000,3
2025-12-25,20251225103000000,sh.601398,7.8800,7.9000,7.8800,7.8900,2597700,20488800.0000,3
2025-12-25,20251225103500000,sh.601398,7.8900,7.9000,7.8900,7.8900,2784300,21989152.0000,3
2025-12-25,20251225104000000,sh.601398,7.9000,7.9000,7.8900,7.8900,990900,7824768.0000,3
2025-12-25,20251225104500000,sh.601398,7.8900,7.9100,7.8800,7.8900,7231200,57107232.0000,3
2025-12-25,20251225105000000,sh.601398,7.8800,7.8900,7.8800,7.8900,876600,6913600.0000,3
2025-12-25,20251225105500000,sh.601398,7.8800,7.8900,7.8800,7.8800,2100500,16560224.0000,3
2025-12-25,20251225110000000,sh.601398,7.8900,7.8900,7.8700,7.8700,2903800,22885856.0000,3
2025-12-25,20251225110500000,sh.601398,7.8700,7.8800,7.8700,7.8700,2344900,18462074.0000,3
2025-12-25,20251225111000000,sh.601398,7.8700,7.8800,7.8700,7.8800,1088100,8569346.0000,3
2025-12-25,20251225111500000,sh.601398,7.8700,7.8800,7.8600,7.8600,3214300,25293118.0000,3
2025-12-25,20251225112000000,sh.601398,7.8600,7.8800,7.8600,7.8800,1589900,12516482.0000,3
2025-12-25,20251225112500000,sh.601398,7.8800,7.8800,7.8600,7.8600,1823500,14347843.0000,3
2025-12-25,20251225113000000,sh.601398,7.8600,7.8700,7.8600,7.8600,1022100,8040958.0000,3
2025-12-25,20251225130500000,sh.601398,7.8600,7.8700,7.8500,7.8600,9318500,73236611.0000,3
2025-12-25,20251225131000000,sh.601398,7.8600,7.8700,7.8500,7.8500,3387200,26608958.0000,3
2025-12-25,20251225131500000,sh.601398,7.8500,7.8600,7.8400,7.8500,11870400,93180732.0000,3
2025-12-25,20251225132000000,sh.601398,7.8400,7.8500,7.8400,7.8500,5190800,40705862.0000,3
2025-12-25,20251225132500000,sh.601398,7.8500,7.8500,7.8300,7.8500,5971700,46816313.0000,3
2025-12-25,20251225133000000,sh.601398,7.8400,7.8500,7.8400,7.8400,3294400,25833095.0000,3
2025-12-25,20251225133500000,sh.601398,7.8400,7.8500,7.8400,7.8500,1580200,12395130.0000,3
2025-12-25,20251225134000000,sh.601398,7.8400,7.8600,7.8400,7.8500,3349500,26297790.0000,3
2025-12-25,20251225134500000,sh.601398,7.8500,7.8600,7.8500,7.8600,1184400,9301322.0000,3
2025-12-25,20251225135000000,sh.601398,7.8500,7.8600,7.8500,7.8500,1382400,10854532.0000,3
2025-12-25,20251225135500000,sh.601398,7.8500,7.8600,7.8400,7.8500,2213100,17363962.0000,3
2025-12-25,20251225140000000,sh.601398,7.8500,7.8500,7.8400,7.8500,1300200,10202112.0000,3
2025-12-25,20251225140500000,sh.601398,7.8400,7.8500,7.8400,7.8500,1492500,11711929.0000,3
2025-12-25,20251225141000000,sh.601398,7.8400,7.8600,7.8400,7.8400,2765800,21708743.0000,3
2025-12-25,20251225141500000,sh.601398,7.8400,7.8500,7.8400,7.8500,1458000,11438331.0000,3
2025-12-25,20251225142000000,sh.601398,7.8400,7.8500,7.8400,7.8400,1096900,8605513.0000,3
2025-12-25,20251225142500000,sh.601398,7.8400,7.8500,7.8400,7.8500,1794400,14076476.0000,3
2025-12-25,20251225143000000,sh.601398,7.8400,7.8500,7.8400,7.8400,2215700,17380096.0000,3
2025-12-25,20251225143500000,sh.601398,7.8400,7.8500,7.8400,7.8500,2089400,16394369.0000,3
2025-12-25,20251225144000000,sh.601398,7.8400,7.8600,7.8400,7.8400,5739400,45041407.0000,3
2025-12-25,20251225144500000,sh.601398,7.8500,7.8500,7.8400,7.8400,2839500,22283136.0000,3
2025-12-25,20251225145000000,sh.601398,7.8500,7.8600,7.8400,7.8500,5279300,41436668.0000,3
2025-12-25,20251225145500000,sh.601398,7.8600,7.8600,7.8400,7.8500,3906100,30654212.0000,3
2025-12-25,20251225150000000,sh.601398,7.8500,7.8600,7.8400,7.8600,5260300,41318270.0000,3
2025-12-26,20251226093500000,sh.601398,7.8400,7.8600,7.8300,7.8500,7060800,55418448.0000,3
2025-12-26,20251226094000000,sh.601398,7.8400,7.8500,7.8400,7.8400,4047700,31757456.0000,3
2025-12-26,20251226094500000,sh.601398,7.8500,7.8500,7.8200,7.8400,9142600,71588880.0000,3
2025-12-26,20251226095000000,sh.601398,7.8400,7.8400,7.8300,7.8300,2816200,22068000.0000,3
2025-12-26,20251226095500000,sh.601398,7.8400,7.8400,7.8200,7.8400,4505600,35297600.0000,3
2025-12-26,20251226100000000,sh.601398,7.8400,7.8500,7.8300,7.8400,4123100,32331680.0000,3
2025-12-26,20251226100500000,sh.601398,7.8400,7.8400,7.8200,7.8200,4744100,37154544.0000,3
2025-12-26,20251226101000000,sh.601398,7.8200,7.8300,7.8200,7.8300,2960000,23165632.0000,3
2025-12-26,20251226101500000,sh.601398,7.8200,7.8300,7.8200,7.8300,2419100,18935968.0000,3
2025-12-26,20251226102000000,sh.601398,7.8300,7.8400,7.8200,7.8200,1639800,12837632.0000,3
2025-12-26,20251226102500000,sh.601398,7.8200,7.8300,7.8200,7.8300,1671100,13076128.0000,3
2025-12-26,20251226103000000,sh.601398,7.8300,7.8300,7.8200,7.8300,1955100,15298304.0000,3
2025-12-26,20251226103500000,sh.601398,7.8200,7.8300,7.8200,7.8300,1414200,11068032.0000,3
2025-12-26,20251226104000000,sh.601398,7.8300,7.8300,7.8200,7.8300,1833000,14341984.0000,3
2025-12-26,20251226104500000,sh.601398,7.8300,7.8300,7.8200,7.8200,1898500,14862272.0000,3
2025-12-26,20251226105000000,sh.601398,7.8300,7.8300,7.8200,7.8200,1546000,12103712.0000,3
2025-12-26,20251226105500000,sh.601398,7.8200,7.8400,7.8200,7.8300,2021800,15828704.0000,3
2025-12-26,20251226110000000,sh.601398,7.8200,7.8400,7.8200,7.8300,1422000,11137216.0000,3
2025-12-26,20251226110500000,sh.601398,7.8300,7.8400,7.8300,7.8400,1839200,14408064.0000,3
2025-12-26,20251226111000000,sh.601398,7.8400,7.8400,7.8300,7.8300,1472100,11532800.0000,3
2025-12-26,20251226111500000,sh.601398,7.8300,7.8400,7.8300,7.8300,1025400,8031808.0000,3
2025-12-26,20251226112000000,sh.601398,7.8300,7.8400,7.8300,7.8300,2006900,15721312.0000,3
2025-12-26,20251226112500000,sh.601398,7.8400,7.8400,7.8200,7.8200,1585100,12411584.0000,3
2025-12-26,20251226113000000,sh.601398,7.8300,7.8300,7.8200,7.8200,1649600,12906080.0000,3
2025-12-26,20251226130500000,sh.601398,7.8300,7.8300,7.8200,7.8300,2931900,22943298.0000,3
2025-12-26,20251226131000000,sh.601398,7.8200,7.8300,7.8100,7.8200,6273600,49053251.0000,3
2025-12-26,20251226131500000,sh.601398,7.8200,7.8200,7.8100,7.8200,1609700,12577275.0000,3
2025-12-26,20251226132000000,sh.601398,7.8100,7.8200,7.8100,7.8200,1867900,14593794.0000,3
2025-12-26,20251226132500000,sh.601398,7.8100,7.8200,7.8100,7.8100,2226800,17399102.0000,3
2025-12-26,20251226133000000,sh.601398,7.8100,7.8200,7.8100,7.8200,1630700,12741440.0000,3
2025-12-26,20251226133500000,sh.601398,7.8100,7.8200,7.8100,7.8100,4007600,31305336.0000,3
2025-12-26,20251226134000000,sh.601398,7.8100,7.8200,7.8100,7.8100,3146500,24580425.0000,3
2025-12-26,20251226134500000,sh.601398,7.8100,7.8200,7.8000,7.8100,4138600,32308987.0000,3
2025-12-26,20251226135000000,sh.601398,7.8000,7.8100,7.8000,7.8100,2043400,15942341.0000,3
2025-12-26,20251226135500000,sh.601398,7.8000,7.8100,7.8000,7.8000,3248000,25339259.0000,3
2025-12-26,20251226140000000,sh.601398,7.8000,7.8100,7.7900,7.8000,16376600,127706119.0000,3
2025-12-26,20251226140500000,sh.601398,7.8000,7.8000,7.7900,7.7900,3359500,26193593.0000,3
2025-12-26,20251226141000000,sh.601398,7.7900,7.8100,7.7900,7.8100,4705400,36698948.0000,3
2025-12-26,20251226141500000,sh.601398,7.8100,7.8100,7.8000,7.8000,2005600,15649860.0000,3
2025-12-26,20251226142000000,sh.601398,7.8100,7.8100,7.8000,7.8000,1540500,12024760.0000,3
2025-12-26,20251226142500000,sh.601398,7.8100,7.8100,7.8000,7.8000,1783900,13923332.0000,3
2025-12-26,20251226143000000,sh.601398,7.8100,7.8100,7.8000,7.8100,2001400,15622264.0000,3
2025-12-26,20251226143500000,sh.601398,7.8100,7.8100,7.8000,7.8000,1926700,15039503.0000,3
2025-12-26,20251226144000000,sh.601398,7.8000,7.8100,7.8000,7.8000,2175500,16979699.0000,3
2025-12-26,20251226144500000,sh.601398,7.8100,7.8100,7.8000,7.8100,3397200,26526341.0000,3
2025-12-26,20251226145000000,sh.601398,7.8000,7.8100,7.8000,7.8100,2630100,20533634.0000,3
2025-12-26,20251226145500000,sh.601398,7.8100,7.8100,7.8000,7.8000,4257200,33239035.0000,3
2025-12-26,20251226150000000,sh.601398,7.8100,7.8200,7.8000,7.8100,3986400,31135744.0000,3
2025-12-29,20251229093500000,sh.601398,7.8100,7.8100,7.7700,7.8000,10916000,85072592.0000,3
2025-12-29,20251229094000000,sh.601398,7.7900,7.8500,7.7900,7.8500,15495900,121307216.0000,3
2025-12-29,20251229094500000,sh.601398,7.8400,7.8700,7.8400,7.8600,18986800,149136608.0000,3
2025-12-29,20251229095000000,sh.601398,7.8600,7.8900,7.8600,7.8800,19683900,155088992.0000,3
2025-12-29,20251229095500000,sh.601398,7.8800,7.9000,7.8700,7.8900,18075500,142566876.0000,3
2025-12-29,20251229100000000,sh.601398,7.9000,7.9000,7.8700,7.8800,5542600,43693252.0000,3
2025-12-29,20251229100500000,sh.601398,7.8700,7.8800,7.8500,7.8500,6180600,48603198.0000,3
2025-12-29,20251229101000000,sh.601398,7.8400,7.8600,7.8300,7.8400,6132500,48110722.0000,3
2025-12-29,20251229101500000,sh.601398,7.8400,7.8500,7.8300,7.8400,4406900,34559678.0000,3
2025-12-29,20251229102000000,sh.601398,7.8300,7.8500,7.8300,7.8400,4112800,32241666.0000,3
2025-12-29,20251229102500000,sh.601398,7.8400,7.8600,7.8400,7.8400,3342700,26235138.0000,3
2025-12-29,20251229103000000,sh.601398,7.8400,7.8500,7.8400,7.8500,2521400,19782079.0000,3
2025-12-29,20251229103500000,sh.601398,7.8400,7.8500,7.8400,7.8500,2411200,18919359.0000,3
2025-12-29,20251229104000000,sh.601398,7.8400,7.8500,7.8300,7.8300,3557500,27880258.0000,3
2025-12-29,20251229104500000,sh.601398,7.8300,7.8500,7.8300,7.8400,4743900,37173758.0000,3
2025-12-29,20251229105000000,sh.601398,7.8400,7.8500,7.8300,7.8400,4414400,34592064.0000,3
2025-12-29,20251229105500000,sh.601398,7.8300,7.8400,7.8200,7.8200,3486600,27288120.0000,3
2025-12-29,20251229110000000,sh.601398,7.8200,7.8300,7.8100,7.8200,6534800,51070662.0000,3
2025-12-29,20251229110500000,sh.601398,7.8100,7.8200,7.8100,7.8200,3825600,29899260.0000,3
2025-12-29,20251229111000000,sh.601398,7.8200,7.8200,7.8100,7.8100,3422000,26733060.0000,3
2025-12-29,20251229111500000,sh.601398,7.8100,7.8200,7.8100,7.8100,2309700,18044417.0000,3
2025-12-29,20251229112000000,sh.601398,7.8100,7.8200,7.8100,7.8200,1530300,11958009.0000,3
2025-12-29,20251229112500000,sh.601398,7.8100,7.8300,7.8100,7.8300,3748400,29307522.0000,3
2025-12-29,20251229113000000,sh.601398,7.8200,7.8500,7.8200,7.8500,5008900,39232525.0000,3
2025-12-29,20251229130500000,sh.601398,7.8500,7.8600,7.8400,7.8400,5807800,45565049.0000,3
2025-12-29,20251229131000000,sh.601398,7.8400,7.8500,7.8300,7.8300,3078200,24125568.0000,3
2025-12-29,20251229131500000,sh.601398,7.8300,7.8400,7.8200,7.8400,3201500,25070461.0000,3
2025-12-29,20251229132000000,sh.601398,7.8400,7.8500,7.8200,7.8300,6048400,47400447.0000,3
2025-12-29,20251229132500000,sh.601398,7.8300,7.8500,7.8300,7.8400,3897300,30554756.0000,3
2025-12-29,20251229133000000,sh.601398,7.8400,7.8500,7.8300,7.8400,2600300,20378880.0000,3
2025-12-29,20251229133500000,sh.601398,7.8300,7.8500,7.8300,7.8400,2939900,23038335.0000,3
2025-12-29,20251229134000000,sh.601398,7.8500,7.8500,7.8300,7.8400,1694100,13282564.0000,3
2025-12-29,20251229134500000,sh.601398,7.8400,7.8500,7.8300,7.8400,2761300,21653110.0000,3
2025-12-29,20251229135000000,sh.601398,7.8400,7.8600,7.8400,7.8400,7593700,59604615.0000,3
2025-12-29,20251229135500000,sh.601398,7.8500,7.8500,7.8300,7.8300,3631200,28453760.0000,3
2025-12-29,20251229140000000,sh.601398,7.8400,7.8500,7.8200,7.8500,5060700,39643642.0000,3
2025-12-29,20251229140500000,sh.601398,7.8400,7.8500,7.8300,7.8400,6878000,53932934.0000,3
2025-12-29,20251229141000000,sh.601398,7.8400,7.8500,7.8300,7.8500,7944000,62339456.0000,3
2025-12-29,20251229141500000,sh.601398,7.8400,7.8600,7.8400,7.8400,4807200,37737220.0000,3
2025-12-29,20251229142000000,sh.601398,7.8500,7.8500,7.8300,7.8400,5027900,39423228.0000,3
2025-12-29,20251229142500000,sh.601398,7.8300,7.8500,7.8300,7.8500,2727400,21380992.0000,3
2025-12-29,20251229143000000,sh.601398,7.8400,7.8500,7.8300,7.8500,6088200,47731200.0000,3
2025-12-29,20251229143500000,sh.601398,7.8500,7.8600,7.8300,7.8400,6327500,49657350.0000,3
2025-12-29,20251229144000000,sh.601398,7.8500,7.8600,7.8400,7.8500,3533200,27731828.0000,3
2025-12-29,20251229144500000,sh.601398,7.8500,7.8600,7.8400,7.8500,4584800,36006784.0000,3
2025-12-29,20251229145000000,sh.601398,7.8600,7.8600,7.8500,7.8500,3252800,25541894.0000,3
2025-12-29,20251229145500000,sh.601398,7.8500,7.8600,7.8400,7.8500,6968100,54740099.0000,3
2025-12-29,20251229150000000,sh.601398,7.8600,7.8700,7.8500,7.8700,3741100,29424257.0000,3
2025-12-30,20251230093500000,sh.601398,7.8400,7.8600,7.8200,7.8200,12175900,95508912.0000,3
2025-12-30,20251230094000000,sh.601398,7.8300,7.8400,7.8100,7.8100,10626000,83084640.0000,3
2025-12-30,20251230094500000,sh.601398,7.8200,7.8200,7.8100,7.8200,5001700,39073968.0000,3
2025-12-30,20251230095000000,sh.601398,7.8100,7.8300,7.8000,7.8000,5548400,43357904.0000,3
2025-12-30,20251230095500000,sh.601398,7.8000,7.8200,7.7900,7.8000,12180900,95016240.0000,3
2025-12-30,20251230100000000,sh.601398,7.8000,7.8100,7.7900,7.8100,5456300,42549536.0000,3
2025-12-30,20251230100500000,sh.601398,7.8000,7.8100,7.7900,7.8100,4554900,35525248.0000,3
2025-12-30,20251230101000000,sh.601398,7.8100,7.8300,7.8000,7.8100,5742100,44856096.0000,3
2025-12-30,20251230101500000,sh.601398,7.8000,7.8300,7.8000,7.8200,2624800,20516256.0000,3
2025-12-30,20251230102000000,sh.601398,7.8300,7.8500,7.8200,7.8400,5613400,44005470.0000,3
2025-12-30,20251230102500000,sh.601398,7.8400,7.8500,7.8300,7.8400,2571900,20173065.0000,3
2025-12-30,20251230103000000,sh.601398,7.8400,7.8500,7.8300,7.8400,2753100,21587705.0000,3
2025-12-30,20251230103500000,sh.601398,7.8400,7.8500,7.8300,7.8400,1316100,10318141.0000,3
2025-12-30,20251230104000000,sh.601398,7.8500,7.8500,7.8200,7.8300,1948000,15255619.0000,3
2025-12-30,20251230104500000,sh.601398,7.8200,7.8300,7.8000,7.8100,6935700,54174915.0000,3
2025-12-30,20251230105000000,sh.601398,7.8000,7.8100,7.8000,7.8000,2505900,19554369.0000,3
2025-12-30,20251230105500000,sh.601398,7.8000,7.8200,7.8000,7.8000,2472900,19299963.0000,3
2025-12-30,20251230110000000,sh.601398,7.8000,7.8200,7.8000,7.8100,1995000,15584059.0000,3
2025-12-30,20251230110500000,sh.601398,7.8200,7.8200,7.8000,7.8100,1493600,11665869.0000,3
2025-12-30,20251230111000000,sh.601398,7.8000,7.8200,7.8000,7.8100,2976100,23239360.0000,3
2025-12-30,20251230111500000,sh.601398,7.8200,7.8200,7.8000,7.8100,2054200,16034493.0000,3
2025-12-30,20251230112000000,sh.601398,7.8000,7.8100,7.7900,7.7900,5953100,46434932.0000,3
2025-12-30,20251230112500000,sh.601398,7.7900,7.8000,7.7900,7.8000,2452900,19115020.0000,3
2025-12-30,20251230113000000,sh.601398,7.7900,7.8100,7.7900,7.8100,2704100,21083766.0000,3
2025-12-30,20251230130500000,sh.601398,7.8000,7.8300,7.7900,7.8200,5315700,41515715.0000,3
2025-12-30,20251230131000000,sh.601398,7.8300,7.8600,7.8200,7.8600,9870600,77428036.0000,3
2025-12-30,20251230131500000,sh.601398,7.8500,7.8600,7.8300,7.8400,7479000,58698687.0000,3
2025-12-30,20251230132000000,sh.601398,7.8600,7.8600,7.8400,7.8400,3677200,28857024.0000,3
2025-12-30,20251230132500000,sh.601398,7.8400,7.8500,7.8300,7.8500,6508700,51011200.0000,3
2025-12-30,20251230133000000,sh.601398,7.8500,7.8600,7.8400,7.8500,5378300,42232325.0000,3
2025-12-30,20251230133500000,sh.601398,7.8500,7.8600,7.8400,7.8400,4643400,36454397.0000,3
2025-12-30,20251230134000000,sh.601398,7.8500,7.8500,7.8400,7.8400,644900,5059453.0000,3
2025-12-30,20251230134500000,sh.601398,7.8400,7.8500,7.8300,7.8300,3052300,23926401.0000,3
2025-12-30,20251230135000000,sh.601398,7.8300,7.8400,7.8300,7.8300,2891800,22648068.0000,3
2025-12-30,20251230135500000,sh.601398,7.8300,7.8500,7.8300,7.8400,2944900,23087615.0000,3
2025-12-30,20251230140000000,sh.601398,7.8400,7.8500,7.8400,7.8400,1173500,9205239.0000,3
2025-12-30,20251230140500000,sh.601398,7.8500,7.8500,7.8400,7.8500,1809100,14188294.0000,3
2025-12-30,20251230141000000,sh.601398,7.8400,7.8500,7.8400,7.8400,1024800,8038144.0000,3
2025-12-30,20251230141500000,sh.601398,7.8500,7.8500,7.8400,7.8500,5334700,41827712.0000,3
2025-12-30,20251230142000000,sh.601398,7.8400,7.8500,7.8400,7.8500,1664000,13053563.0000,3
2025-12-30,20251230142500000,sh.601398,7.8400,7.8500,7.8400,7.8500,1375200,10786181.0000,3
2025-12-30,20251230143000000,sh.601398,7.8400,7.8500,7.8400,7.8400,2852300,22373125.0000,3
2025-12-30,20251230143500000,sh.601398,7.8400,7.8600,7.8400,7.8600,4709000,36966651.0000,3
2025-12-30,20251230144000000,sh.601398,7.8500,7.8600,7.8500,7.8500,2205200,17325180.0000,3
2025-12-30,20251230144500000,sh.601398,7.8600,7.8600,7.8500,7.8600,3222300,25317890.0000,3
2025-12-30,20251230145000000,sh.601398,7.8600,7.8700,7.8500,7.8600,9925200,78028290.0000,3
2025-12-30,20251230145500000,sh.601398,7.8600,7.8600,7.8400,7.8500,4883400,38336385.0000,3
2025-12-30,20251230150000000,sh.601398,7.8500,7.8500,7.8400,7.8500,6512100,51108863.0000,3
2025-12-31,20251231093500000,sh.601398,7.8300,7.8700,7.8300,7.8600,13206500,103702584.0000,3
2025-12-31,20251231094000000,sh.601398,7.8600,7.9000,7.8500,7.8900,28648600,225867752.0000,3
2025-12-31,20251231094500000,sh.601398,7.8900,7.9100,7.8800,7.8800,16871200,133245120.0000,3
2025-12-31,20251231095000000,sh.601398,7.8900,7.8900,7.8400,7.8500,9134600,71826688.0000,3
2025-12-31,20251231095500000,sh.601398,7.8600,7.8700,7.8400,7.8600,3472500,27261984.0000,3
2025-12-31,20251231100000000,sh.601398,7.8600,7.8600,7.8500,7.8600,1533400,12048382.0000,3
2025-12-31,20251231100500000,sh.601398,7.8600,7.8700,7.8500,7.8500,7199100,56575423.0000,3
2025-12-31,20251231101000000,sh.601398,7.8500,7.8800,7.8400,7.8800,6449800,50727614.0000,3
2025-12-31,20251231101500000,sh.601398,7.8800,7.8800,7.8700,7.8700,3187400,25096189.0000,3
2025-12-31,20251231102000000,sh.601398,7.8700,7.8800,7.8600,7.8700,6212700,48879689.0000,3
2025-12-31,20251231102500000,sh.601398,7.8800,7.8800,7.8700,7.8700,1764500,13893751.0000,3
2025-12-31,20251231103000000,sh.601398,7.8700,7.8800,7.8600,7.8600,2470000,19440843.0000,3
2025-12-31,20251231103500000,sh.601398,7.8700,7.9300,7.8600,7.9300,40116400,317083253.0000,3
2025-12-31,20251231104000000,sh.601398,7.9200,7.9600,7.9200,7.9200,22907400,181921930.0000,3
2025-12-31,20251231104500000,sh.601398,7.9200,7.9300,7.9100,7.9200,3642400,28857086.0000,3
2025-12-31,20251231105000000,sh.601398,7.9300,7.9400,7.9200,7.9200,6606600,52386054.0000,3
2025-12-31,20251231105500000,sh.601398,7.9200,7.9300,7.9100,7.9200,2433000,19268341.0000,3
2025-12-31,20251231110000000,sh.601398,7.9100,7.9200,7.9100,7.9200,1427000,11295620.0000,3
2025-12-31,20251231110500000,sh.601398,7.9200,7.9200,7.9100,7.9200,1347800,10669310.0000,3
2025-12-31,20251231111000000,sh.601398,7.9100,7.9300,7.9100,7.9200,3038500,24066683.0000,3
2025-12-31,20251231111500000,sh.601398,7.9100,7.9300,7.9100,7.9200,2283400,18069760.0000,3
2025-12-31,20251231112000000,sh.601398,7.9100,7.9100,7.8900,7.9000,2871400,22688518.0000,3
2025-12-31,20251231112500000,sh.601398,7.8900,7.9100,7.8900,7.9000,1645000,12990715.0000,3
2025-12-31,20251231113000000,sh.601398,7.9000,7.9100,7.8900,7.9000,2104600,16622605.0000,3
2025-12-31,20251231130500000,sh.601398,7.9000,7.9000,7.8700,7.8900,7464600,58860146.0000,3
2025-12-31,20251231131000000,sh.601398,7.8800,7.8900,7.8800,7.8900,1742800,13743502.0000,3
2025-12-31,20251231131500000,sh.601398,7.8800,7.9000,7.8800,7.8900,2350500,18543348.0000,3
2025-12-31,20251231132000000,sh.601398,7.8900,7.9000,7.8800,7.9000,1919400,15141886.0000,3
2025-12-31,20251231132500000,sh.601398,7.8900,7.9100,7.8900,7.9100,2279700,18007680.0000,3
2025-12-31,20251231133000000,sh.601398,7.9000,7.9000,7.8900,7.9000,1278200,10092039.0000,3
2025-12-31,20251231133500000,sh.601398,7.9000,7.9100,7.8900,7.9000,1509800,11933189.0000,3
2025-12-31,20251231134000000,sh.601398,7.9100,7.9100,7.9000,7.9100,1087300,8598523.0000,3
2025-12-31,20251231134500000,sh.601398,7.9100,7.9100,7.8900,7.9100,3411400,26959103.0000,3
2025-12-31,20251231135000000,sh.601398,7.9100,7.9200,7.9000,7.9100,2265200,17931778.0000,3
2025-12-31,20251231135500000,sh.601398,7.9100,7.9200,7.9000,7.9000,2043800,16164090.0000,3
2025-12-31,20251231140000000,sh.601398,7.9000,7.9100,7.8900,7.9100,5444500,42983044.0000,3
2025-12-31,20251231140500000,sh.601398,7.9000,7.9000,7.8800,7.8900,5895000,46542843.0000,3
2025-12-31,20251231141000000,sh.601398,7.8900,7.9000,7.8800,7.8900,2069200,16326785.0000,3
2025-12-31,20251231141500000,sh.601398,7.8900,7.9000,7.8900,7.9000,2933200,23163655.0000,3
2025-12-31,20251231142000000,sh.601398,7.9000,7.9100,7.8900,7.9000,2973300,23498489.0000,3
2025-12-31,20251231142500000,sh.601398,7.9100,7.9100,7.9000,7.9000,4664700,36877708.0000,3
2025-12-31,20251231143000000,sh.601398,7.9100,7.9200,7.9000,7.9100,5112700,40433010.0000,3
2025-12-31,20251231143500000,sh.601398,7.9100,7.9200,7.9100,7.9200,7212000,57100040.0000,3
2025-12-31,20251231144000000,sh.601398,7.9200,7.9300,7.9100,7.9100,6251800,49508992.0000,3
2025-12-31,20251231144500000,sh.601398,7.9200,7.9200,7.9100,7.9200,5773800,45716355.0000,3
2025-12-31,20251231145000000,sh.601398,7.9200,7.9200,7.9100,7.9100,7953400,62937215.0000,3
2025-12-31,20251231145500000,sh.601398,7.9200,7.9200,7.9100,7.9100,4508600,35685637.0000,3
2025-12-31,20251231150000000,sh.601398,7.9200,7.9300,7.9100,7.9300,7934100,62868729.0000,3
2026-01-05,20260105093500000,sh.601398,7.9100,7.9400,7.8800,7.8900,22783300,180091637.0000,3
2026-01-05,20260105094000000,sh.601398,7.8900,7.9100,7.8700,7.8900,14502200,114406603.0000,3
2026-01-05,20260105094500000,sh.601398,7.8800,7.8900,7.8600,7.8700,13078300,102963286.0000,3
2026-01-05,20260105095000000,sh.601398,7.8700,7.8700,7.8500,7.8600,9966300,78348563.0000,3
2026-01-05,20260105095500000,sh.601398,7.8500,7.8600,7.8400,7.8500,13751572,107922025.0000,3
2026-01-05,20260105100000000,sh.601398,7.8400,7.8600,7.8200,7.8300,16512728,129421793.0000,3
2026-01-05,20260105100500000,sh.601398,7.8400,7.8400,7.8100,7.8200,18365200,143622049.0000,3
2026-01-05,20260105101000000,sh.601398,7.8100,7.8200,7.8000,7.8200,19233100,150154919.0000,3
2026-01-05,20260105101500000,sh.601398,7.8200,7.8300,7.8100,7.8200,5372500,41999804.0000,3
2026-01-05,20260105102000000,sh.601398,7.8200,7.8300,7.8100,7.8100,7692400,60153897.0000,3
2026-01-05,20260105102500000,sh.601398,7.8200,7.8200,7.8100,7.8100,8209900,64167171.0000,3
2026-01-05,20260105103000000,sh.601398,7.8100,7.8200,7.8000,7.8100,12614700,98496777.0000,3
2026-01-05,20260105103500000,sh.601398,7.8100,7.8100,7.7800,7.8000,30623900,238702429.0000,3
2026-01-05,20260105104000000,sh.601398,7.7900,7.8000,7.7700,7.7800,17727045,137926092.0000,3
2026-01-05,20260105104500000,sh.601398,7.7800,7.8000,7.7800,7.7800,10669534,83076266.0000,3
2026-01-05,20260105105000000,sh.601398,7.7900,7.7900,7.7800,7.7900,4088300,31832907.0000,3
2026-01-05,20260105105500000,sh.601398,7.7800,7.7900,7.7800,7.7800,6332734,49297506.0000,3
2026-01-05,20260105110000000,sh.601398,7.7800,7.7900,7.7800,7.7900,5726100,44566415.0000,3
2026-01-05,20260105110500000,sh.601398,7.7800,7.7900,7.7800,7.7800,6162694,47962640.0000,3
2026-01-05,20260105111000000,sh.601398,7.7900,7.7900,7.7700,7.7700,13382469,104094759.0000,3
2026-01-05,20260105111500000,sh.601398,7.7700,7.7800,7.7700,7.7800,9494600,73789222.0000,3
2026-01-05,20260105112000000,sh.601398,7.7700,7.7800,7.7600,7.7700,18685431,145162399.0000,3
2026-01-05,20260105112500000,sh.601398,7.7700,7.7700,7.7600,7.7700,6030700,46831648.0000,3
2026-01-05,20260105113000000,sh.601398,7.7600,7.7800,7.7600,7.7800,9216400,71606370.0000,3
2026-01-05,20260105130500000,sh.601398,7.7800,7.7800,7.7600,7.7700,12251600,95229859.0000,3
2026-01-05,20260105131000000,sh.601398,7.7600,7.7800,7.7600,7.7800,3658200,28432812.0000,3
2026-01-05,20260105131500000,sh.601398,7.7800,7.7800,7.7700,7.7700,3981400,30959609.0000,3
2026-01-05,20260105132000000,sh.601398,7.7800,7.7800,7.7700,7.7700,5882131,45723076.0000,3
2026-01-05,20260105132500000,sh.601398,7.7700,7.7800,7.7700,7.7700,4041700,31433736.0000,3
2026-01-05,20260105133000000,sh.601398,7.7800,7.7900,7.7700,7.7800,4961200,38578930.0000,3
2026-01-05,20260105133500000,sh.601398,7.7800,7.7900,7.7700,7.7800,5543600,43128970.0000,3
2026-01-05,20260105134000000,sh.601398,7.7800,7.7900,7.7700,7.7800,2172700,16908754.0000,3
2026-01-05,20260105134500000,sh.601398,7.7800,7.7900,7.7700,7.7800,5643700,43915730.0000,3
2026-01-05,20260105135000000,sh.601398,7.7800,7.8000,7.7800,7.8000,4490192,35001663.0000,3
2026-01-05,20260105135500000,sh.601398,7.8000,7.8000,7.7900,7.8000,4502200,35104352.0000,3
2026-01-05,20260105140000000,sh.601398,7.8000,7.8300,7.7900,7.8300,6993260,54639747.0000,3
2026-01-05,20260105140500000,sh.601398,7.8300,7.8400,7.8200,7.8400,7767300,60791795.0000,3
2026-01-05,20260105141000000,sh.601398,7.8400,7.8400,7.8300,7.8300,3597335,28194863.0000,3
2026-01-05,20260105141500000,sh.601398,7.8300,7.8400,7.8200,7.8400,7527900,58975177.0000,3
2026-01-05,20260105142000000,sh.601398,7.8400,7.8500,7.8300,7.8400,4722700,37026147.0000,3
2026-01-05,20260105142500000,sh.601398,7.8300,7.8400,7.8300,7.8300,1803500,14132041.0000,3
2026-01-05,20260105143000000,sh.601398,7.8300,7.8400,7.8200,7.8200,5620800,43987097.0000,3
2026-01-05,20260105143500000,sh.601398,7.8300,7.8300,7.8100,7.8200,4307200,33692668.0000,3
2026-01-05,20260105144000000,sh.601398,7.8200,7.8400,7.8200,7.8400,4245300,33233620.0000,3
2026-01-05,20260105144500000,sh.601398,7.8400,7.8400,7.8200,7.8300,5434414,42547811.0000,3
2026-01-05,20260105145000000,sh.601398,7.8300,7.8300,7.8200,7.8300,5737693,44902118.0000,3
2026-01-05,20260105145500000,sh.601398,7.8200,7.8300,7.8200,7.8200,3974941,31108071.0000,3
2026-01-05,20260105150000000,sh.601398,7.8300,7.8300,7.8200,7.8200,6331395,49524949.0000,3
2026-01-06,20260106093500000,sh.601398,7.8100,7.8100,7.7700,7.7700,19865400,154744766.0000,3
2026-01-06,20260106094000000,sh.601398,7.7700,7.7800,7.7600,7.7800,14842100,115349600.0000,3
2026-01-06,20260106094500000,sh.601398,7.7800,7.7800,7.7700,7.7700,10830401,84188094.0000,3
2026-01-06,20260106095000000,sh.601398,7.7800,7.7900,7.7700,7.7800,7981390,62127846.0000,3
2026-01-06,20260106095500000,sh.601398,7.7800,7.7900,7.7700,7.7900,5764113,44842999.0000,3
2026-01-06,20260106100000000,sh.601398,7.7800,7.7900,7.7700,7.7800,5583323,43436255.0000,3
2026-01-06,20260106100500000,sh.601398,7.7800,7.7900,7.7700,7.7800,7886904,61336017.0000,3
2026-01-06,20260106101000000,sh.601398,7.7800,7.7900,7.7700,7.7800,4050400,31507233.0000,3
2026-01-06,20260106101500000,sh.601398,7.7800,7.8000,7.7700,7.7900,7942523,61830920.0000,3
2026-01-06,20260106102000000,sh.601398,7.7900,7.8000,7.7800,7.7900,4368100,34029928.0000,3
2026-01-06,20260106102500000,sh.601398,7.7800,7.8000,7.7800,7.7900,4550400,35439044.0000,3
2026-01-06,20260106103000000,sh.601398,7.8000,7.8000,7.7900,7.7900,3003000,23412595.0000,3
2026-01-06,20260106103500000,sh.601398,7.8000,7.8000,7.7900,7.8000,5082123,39624209.0000,3
2026-01-06,20260106104000000,sh.601398,7.8000,7.8000,7.7800,7.7900,4744970,36951738.0000,3
2026-01-06,20260106104500000,sh.601398,7.7900,7.7900,7.7800,7.7900,1467500,11426261.0000,3
2026-01-06,20260106105000000,sh.601398,7.7900,7.8100,7.7800,7.8100,5796800,45196762.0000,3
2026-01-06,20260106105500000,sh.601398,7.8000,7.8100,7.7900,7.8000,3279200,25573509.0000,3
2026-01-06,20260106110000000,sh.601398,7.7900,7.8100,7.7900,7.8000,3352400,26151402.0000,3
2026-01-06,20260106110500000,sh.601398,7.8100,7.8100,7.7900,7.7900,3119400,24340834.0000,3
2026-01-06,20260106111000000,sh.601398,7.7900,7.8000,7.7900,7.7900,2874400,22413425.0000,3
2026-01-06,20260106111500000,sh.601398,7.8000,7.8000,7.7900,7.8000,4457900,34742658.0000,3
2026-01-06,20260106112000000,sh.601398,7.8000,7.8000,7.7800,7.8000,4977400,38786760.0000,3
2026-01-06,20260106112500000,sh.601398,7.8000,7.8000,7.7900,7.7900,1766301,13767665.0000,3
2026-01-06,20260106113000000,sh.601398,7.8000,7.8000,7.7900,7.7900,2445400,19063602.0000,3
2026-01-06,20260106130500000,sh.601398,7.8000,7.8000,7.7900,7.8000,4002545,31201178.0000,3
2026-01-06,20260106131000000,sh.601398,7.7900,7.8000,7.7800,7.7800,4611154,35916515.0000,3
2026-01-06,20260106131500000,sh.601398,7.7900,7.7900,7.7800,7.7800,3102700,24149913.0000,3
2026-01-06,20260106132000000,sh.601398,7.7900,7.7900,7.7700,7.7800,12717197,98938485.0000,3
2026-01-06,20260106132500000,sh.601398,7.7700,7.7800,7.7700,7.7700,4809956,37404656.0000,3
2026-01-06,20260106133000000,sh.601398,7.7700,7.7800,7.7700,7.7800,6959300,54102673.0000,3
2026-01-06,20260106133500000,sh.601398,7.7800,7.7800,7.7700,7.7700,5673200,44110160.0000,3
2026-01-06,20260106134000000,sh.601398,7.7800,7.7800,7.7700,7.7800,4938451,38394740.0000,3
2026-01-06,20260106134500000,sh.601398,7.7800,7.7800,7.7700,7.7700,4901400,38115805.0000,3
2026-01-06,20260106135000000,sh.601398,7.7700,7.7800,7.7700,7.7800,7636200,59394525.0000,3
2026-01-06,20260106135500000,sh.601398,7.7800,7.7900,7.7700,7.7900,2494400,19404102.0000,3
2026-01-06,20260106140000000,sh.601398,7.7900,7.7900,7.7800,7.7800,2396200,18657965.0000,3
2026-01-06,20260106140500000,sh.601398,7.7800,7.7900,7.7800,7.7900,3692000,28735319.0000,3
2026-01-06,20260106141000000,sh.601398,7.7900,7.7900,7.7800,7.7800,2273300,17697635.0000,3
2026-01-06,20260106141500000,sh.601398,7.7800,7.7900,7.7800,7.7800,6987800,54373156.0000,3
2026-01-06,20260106142000000,sh.601398,7.7800,7.7900,7.7800,7.7800,2933200,22833219.0000,3
2026-01-06,20260106142500000,sh.601398,7.7900,7.8000,7.7800,7.7900,6156300,47949222.0000,3
2026-01-06,20260106143000000,sh.601398,7.7900,7.8000,7.7900,7.8000,2662001,20747217.0000,3
2026-01-06,20260106143500000,sh.601398,7.8000,7.8000,7.7900,7.7900,2913800,22713878.0000,3
2026-01-06,20260106144000000,sh.601398,7.7900,7.8000,7.7900,7.7900,3230307,25177116.0000,3
2026-01-06,20260106144500000,sh.601398,7.7900,7.8000,7.7800,7.7900,6309898,49137190.0000,3
2026-01-06,20260106145000000,sh.601398,7.7900,7.7900,7.7800,7.7800,4161300,32401180.0000,3
2026-01-06,20260106145500000,sh.601398,7.7800,7.8000,7.7800,7.8000,6426764,50065508.0000,3
2026-01-06,20260106150000000,sh.601398,7.7900,7.8000,7.7900,7.8000,7555790,58925548.0000,3
2026-01-07,20260107093500000,sh.601398,7.7800,7.7800,7.7600,7.7700,11435129,88859819.0000,3
2026-01-07,20260107094000000,sh.601398,7.7800,7.7800,7.7600,7.7700,10444600,81150413.0000,3
2026-01-07,20260107094500000,sh.601398,7.7600,7.7700,7.7500,7.7600,14851161,115247939.0000,3
2026-01-07,20260107095000000,sh.601398,7.7500,7.7700,7.7500,7.7600,10263700,79610071.0000,3
2026-01-07,20260107095500000,sh.601398,7.7500,7.7600,7.7500,7.7600,9361800,72588571.0000,3
2026-01-07,20260107100000000,sh.601398,7.7500,7.7600,7.7500,7.7600,6962300,53968628.0000,3
2026-01-07,20260107100500000,sh.601398,7.7500,7.7600,7.7400,7.7500,14703900,113928937.0000,3
2026-01-07,20260107101000000,sh.601398,7.7500,7.7500,7.7300,7.7500,14898883,115275009.0000,3
2026-01-07,20260107101500000,sh.601398,7.7400,7.7500,7.7300,7.7400,6172607,47751810.0000,3
2026-01-07,20260107102000000,sh.601398,7.7300,7.7400,7.7300,7.7400,3436300,26575564.0000,3
2026-01-07,20260107102500000,sh.601398,7.7300,7.7400,7.7300,7.7300,5513500,42658500.0000,3
2026-01-07,20260107103000000,sh.601398,7.7400,7.7500,7.7300,7.7500,3912000,30286070.0000,3
2026-01-07,20260107103500000,sh.601398,7.7500,7.7500,7.7300,7.7300,5972700,46234317.0000,3
2026-01-07,20260107104000000,sh.601398,7.7400,7.7400,7.7300,7.7300,5219500,40363186.0000,3
2026-01-07,20260107104500000,sh.601398,7.7400,7.7500,7.7300,7.7400,3078445,23820756.0000,3
2026-01-07,20260107105000000,sh.601398,7.7300,7.7400,7.7300,7.7400,2847700,22021690.0000,3
2026-01-07,20260107105500000,sh.601398,7.7300,7.7400,7.7300,7.7400,2476680,19154676.0000,3
2026-01-07,20260107110000000,sh.601398,7.7300,7.7400,7.7200,7.7200,12778835,98782832.0000,3
2026-01-07,20260107110500000,sh.601398,7.7300,7.7300,7.7100,7.7200,16101160,124279567.0000,3
2026-01-07,20260107111000000,sh.601398,7.7200,7.7200,7.7100,7.7100,8353000,64416276.0000,3
2026-01-07,20260107111500000,sh.601398,7.7200,7.7200,7.7000,7.7100,14880000,114688890.0000,3
2026-01-07,20260107112000000,sh.601398,7.7100,7.7100,7.7000,7.7100,8139600,62706488.0000,3
2026-01-07,20260107112500000,sh.601398,7.7100,7.7100,7.7000,7.7100,8287400,63843013.0000,3
2026-01-07,20260107113000000,sh.601398,7.7000,7.7100,7.7000,7.7000,5073300,39089406.0000,3
2026-01-07,20260107130500000,sh.601398,7.7100,7.7200,7.7000,7.7200,10702114,82469495.0000,3
2026-01-07,20260107131000000,sh.601398,7.7200,7.7200,7.7100,7.7200,2573800,19855010.0000,3
2026-01-07,20260107131500000,sh.601398,7.7100,7.7400,7.7100,7.7300,9668200,74697652.0000,3
2026-01-07,20260107132000000,sh.601398,7.7300,7.7400,7.7200,7.7300,2766000,21383574.0000,3
2026-01-07,20260107132500000,sh.601398,7.7400,7.7800,7.7300,7.7800,12878009,99892558.0000,3
2026-01-07,20260107133000000,sh.601398,7.7800,7.7800,7.7600,7.7800,6625600,51498228.0000,3
2026-01-07,20260107133500000,sh.601398,7.7800,7.7800,7.7600,7.7700,4806500,37363968.0000,3
2026-01-07,20260107134000000,sh.601398,7.7800,7.7800,7.7600,7.7700,5631890,43764437.0000,3
2026-01-07,20260107134500000,sh.601398,7.7700,7.7700,7.7600,7.7600,3857700,29950932.0000,3
2026-01-07,20260107135000000,sh.601398,7.7700,7.7700,7.7600,7.7700,3122800,24250731.0000,3
2026-01-07,20260107135500000,sh.601398,7.7600,7.7700,7.7600,7.7700,2692200,20909405.0000,3
2026-01-07,20260107140000000,sh.601398,7.7600,7.7700,7.7500,7.7600,5369913,41680391.0000,3
2026-01-07,20260107140500000,sh.601398,7.7600,7.7700,7.7600,7.7600,3432700,26654172.0000,3
2026-01-07,20260107141000000,sh.601398,7.7600,7.7700,7.7600,7.7700,2545300,19765532.0000,3
2026-01-07,20260107141500000,sh.601398,7.7600,7.7700,7.7600,7.7700,2761400,21444939.0000,3
2026-01-07,20260107142000000,sh.601398,7.7600,7.7700,7.7600,7.7600,4746510,36850425.0000,3
2026-01-07,20260107142500000,sh.601398,7.7600,7.7800,7.7600,7.7600,6907705,53686030.0000,3
2026-01-07,20260107143000000,sh.601398,7.7700,7.7700,7.7500,7.7500,4454600,34567288.0000,3
2026-01-07,20260107143500000,sh.601398,7.7500,7.7600,7.7400,7.7500,5371487,41632871.0000,3
2026-01-07,20260107144000000,sh.601398,7.7400,7.7500,7.7400,7.7400,1984800,15370280.0000,3
2026-01-07,20260107144500000,sh.601398,7.7500,7.7500,7.7400,7.7400,4451200,34468845.0000,3
2026-01-07,20260107145000000,sh.601398,7.7400,7.7500,7.7300,7.7300,6098229,47190451.0000,3
2026-01-07,20260107145500000,sh.601398,7.7400,7.7500,7.7300,7.7500,5131322,39713769.0000,3
2026-01-07,20260107150000000,sh.601398,7.7400,7.7500,7.7400,7.7500,6045400,46841387.0000,3
2026-01-08,20260108093500000,sh.601398,7.7400,7.7400,7.7000,7.7200,12471400,96223153.0000,3
2026-01-08,20260108094000000,sh.601398,7.7200,7.7300,7.7100,7.7100,8621229,66546567.0000,3
2026-01-08,20260108094500000,sh.601398,7.7100,7.7200,7.7000,7.7000,7768996,59870731.0000,3
2026-01-08,20260108095000000,sh.601398,7.7100,7.7100,7.6900,7.7000,21298075,163918269.0000,3
2026-01-08,20260108095500000,sh.601398,7.6900,7.7000,7.6900,7.6900,8256500,63510548.0000,3
2026-01-08,20260108100000000,sh.601398,7.7000,7.7000,7.6800,7.6800,6301100,48427979.0000,3
2026-01-08,20260108100500000,sh.601398,7.6800,7.6900,7.6600,7.6600,24405600,187287635.0000,3
2026-01-08,20260108101000000,sh.601398,7.6600,7.6700,7.6500,7.6600,16421966,125798423.0000,3
2026-01-08,20260108101500000,sh.601398,7.6600,7.6700,7.6500,7.6600,11328241,86765016.0000,3
2026-01-08,20260108102000000,sh.601398,7.6600,7.6600,7.6500,7.6600,11522791,88196476.0000,3
2026-01-08,20260108102500000,sh.601398,7.6700,7.6800,7.6600,7.6700,8777806,67296640.0000,3
2026-01-08,20260108103000000,sh.601398,7.6800,7.6800,7.6700,7.6800,3835955,29443074.0000,3
2026-01-08,20260108103500000,sh.601398,7.6800,7.6800,7.6600,7.6600,9434600,72328475.0000,3
2026-01-08,20260108104000000,sh.601398,7.6600,7.6700,7.6500,7.6600,7938000,60782827.0000,3
2026-01-08,20260108104500000,sh.601398,7.6500,7.6700,7.6500,7.6600,5991500,45900722.0000,3
2026-01-08,20260108105000000,sh.601398,7.6500,7.6800,7.6500,7.6700,4189300,32110130.0000,3
2026-01-08,20260108105500000,sh.601398,7.6800,7.6800,7.6600,7.6700,2630900,20185057.0000,3
2026-01-08,20260108110000000,sh.601398,7.6600,7.6800,7.6600,7.6700,5454086,41843803.0000,3
2026-01-08,20260108110500000,sh.601398,7.6700,7.6900,7.6700,7.6800,2854400,21918507.0000,3
2026-01-08,20260108111000000,sh.601398,7.6700,7.6900,7.6700,7.6900,1426600,10964640.0000,3
2026-01-08,20260108111500000,sh.601398,7.6900,7.6900,7.6700,7.6800,3848404,29557287.0000,3
2026-01-08,20260108112000000,sh.601398,7.6800,7.6900,7.6700,7.6800,1857900,14271403.0000,3
2026-01-08,20260108112500000,sh.601398,7.6800,7.6900,7.6700,7.6800,2344100,17995669.0000,3
2026-01-08,20260108113000000,sh.601398,7.6800,7.6900,7.6700,7.6800,2043136,15691289.0000,3
2026-01-08,20260108130500000,sh.601398,7.6900,7.6900,7.6800,7.6800,4662661,35836255.0000,3
2026-01-08,20260108131000000,sh.601398,7.6900,7.6900,7.6700,7.6700,1853003,14228934.0000,3
2026-01-08,20260108131500000,sh.601398,7.6800,7.6900,7.6700,7.6800,3513600,26978498.0000,3
2026-01-08,20260108132000000,sh.601398,7.6800,7.6900,7.6700,7.6800,1549800,11903777.0000,3
2026-01-08,20260108132500000,sh.601398,7.6700,7.6800,7.6700,7.6700,1737800,13340033.0000,3
2026-01-08,20260108133000000,sh.601398,7.6800,7.6900,7.6700,7.6800,3147800,24162844.0000,3
2026-01-08,20260108133500000,sh.601398,7.6700,7.6800,7.6700,7.6800,4818100,36983335.0000,3
2026-01-08,20260108134000000,sh.601398,7.6800,7.6800,7.6700,7.6700,2523900,19374529.0000,3
2026-01-08,20260108134500000,sh.601398,7.6700,7.6800,7.6700,7.6700,2611100,20031310.0000,3
2026-01-08,20260108135000000,sh.601398,7.6700,7.6800,7.6700,7.6700,2941500,22568069.0000,3
2026-01-08,20260108135500000,sh.601398,7.6800,7.6800,7.6600,7.6700,4299573,32977303.0000,3
2026-01-08,20260108140000000,sh.601398,7.6800,7.6800,7.6700,7.6700,2190225,16808095.0000,3
2026-01-08,20260108140500000,sh.601398,7.6800,7.7000,7.6700,7.6800,10963945,84279134.0000,3
2026-01-08,20260108141000000,sh.601398,7.6800,7.6900,7.6800,7.6800,2350100,18063156.0000,3
2026-01-08,20260108141500000,sh.601398,7.6900,7.6900,7.6800,7.6900,2871550,22062572.0000,3
2026-01-08,20260108142000000,sh.601398,7.6900,7.6900,7.6700,7.6800,4899650,37644490.0000,3
2026-01-08,20260108142500000,sh.601398,7.6800,7.6900,7.6700,7.6700,3742700,28726932.0000,3
2026-01-08,20260108143000000,sh.601398,7.6800,7.6800,7.6700,7.6700,2814400,21595816.0000,3
2026-01-08,20260108143500000,sh.601398,7.6800,7.6800,7.6700,7.6700,5000900,38382881.0000,3
2026-01-08,20260108144000000,sh.601398,7.6800,7.6800,7.6700,7.6800,3552300,27264412.0000,3
2026-01-08,20260108144500000,sh.601398,7.6800,7.6800,7.6700,7.6700,8037100,61660526.0000,3
2026-01-08,20260108145000000,sh.601398,7.6700,7.6800,7.6600,7.6700,10122100,77616298.0000,3
2026-01-08,20260108145500000,sh.601398,7.6700,7.6800,7.6700,7.6800,5047825,38753310.0000,3
2026-01-08,20260108150000000,sh.601398,7.6800,7.6900,7.6800,7.6900,5639750,43357817.0000,3
2026-01-09,20260109093500000,sh.601398,7.6900,7.6900,7.6500,7.6600,14460625,110901423.0000,3
2026-01-09,20260109094000000,sh.601398,7.6600,7.6700,7.6500,7.6600,9915300,75916324.0000,3
2026-01-09,20260109094500000,sh.601398,7.6700,7.6900,7.6600,7.6700,8024327,61605166.0000,3
2026-01-09,20260109095000000,sh.601398,7.6700,7.6800,7.6600,7.6700,5982890,45895039.0000,3
2026-01-09,20260109095500000,sh.601398,7.6700,7.6800,7.6600,7.6700,4028200,30904598.0000,3
2026-01-09,20260109100000000,sh.601398,7.6800,7.6900,7.6700,7.6900,7493800,57553607.0000,3
2026-01-09,20260109100500000,sh.601398,7.6900,7.6900,7.6700,7.6700,4413300,33895111.0000,3
2026-01-09,20260109101000000,sh.601398,7.6800,7.6800,7.6700,7.6800,4524900,34719554.0000,3
2026-01-09,20260109101500000,sh.601398,7.6800,7.6800,7.6700,7.6700,4025200,30884472.0000,3
2026-01-09,20260109102000000,sh.601398,7.6800,7.6800,7.6600,7.6600,5218045,40020568.0000,3
2026-01-09,20260109102500000,sh.601398,7.6700,7.6700,7.6600,7.6600,2648812,20302095.0000,3
2026-01-09,20260109103000000,sh.601398,7.6700,7.6700,7.6600,7.6700,5801513,44452640.0000,3
2026-01-09,20260109103500000,sh.601398,7.6600,7.6700,7.6500,7.6500,8795400,67344026.0000,3
2026-01-09,20260109104000000,sh.601398,7.6600,7.6600,7.6500,7.6500,5951700,45546619.0000,3
2026-01-09,20260109104500000,sh.601398,7.6500,7.6600,7.6400,7.6600,14066430,107599408.0000,3
2026-01-09,20260109105000000,sh.601398,7.6600,7.6600,7.6500,7.6500,3443250,26359274.0000,3
2026-01-09,20260109105500000,sh.601398,7.6600,7.6600,7.6500,7.6500,3156300,24157032.0000,3
2026-01-09,20260109110000000,sh.601398,7.6600,7.6700,7.6500,7.6700,3142100,24058567.0000,3
2026-01-09,20260109110500000,sh.601398,7.6600,7.6700,7.6500,7.6600,3672100,28123996.0000,3
2026-01-09,20260109111000000,sh.601398,7.6600,7.6600,7.6500,7.6600,2570400,19676059.0000,3
2026-01-09,20260109111500000,sh.601398,7.6600,7.6600,7.6500,7.6600,1632500,12497483.0000,3
2026-01-09,20260109112000000,sh.601398,7.6600,7.6700,7.6500,7.6600,2031488,15558466.0000,3
2026-01-09,20260109112500000,sh.601398,7.6700,7.6700,7.6600,7.6600,1417300,10862594.0000,3
2026-01-09,20260109113000000,sh.601398,7.6700,7.6700,7.6600,7.6700,1540500,11809779.0000,3
2026-01-09,20260109130500000,sh.601398,7.6600,7.7100,7.6600,7.7100,22867078,175771673.0000,3
2026-01-09,20260109131000000,sh.601398,7.7100,7.7100,7.6900,7.7000,7172100,55241694.0000,3
2026-01-09,20260109131500000,sh.601398,7.7100,7.7100,7.7000,7.7100,4432100,34141916.0000,3
2026-01-09,20260109132000000,sh.601398,7.7100,7.7100,7.6900,7.7100,3521700,27129015.0000,3
2026-01-09,20260109132500000,sh.601398,7.7100,7.7200,7.7000,7.7200,9277935,71558029.0000,3
2026-01-09,20260109133000000,sh.601398,7.7200,7.7200,7.7000,7.7000,5298400,40877466.0000,3
2026-01-09,20260109133500000,sh.601398,7.7000,7.7100,7.7000,7.7100,3329300,25664412.0000,3
2026-01-09,20260109134000000,sh.601398,7.7100,7.7100,7.7000,7.7000,2978500,22950684.0000,3
2026-01-09,20260109134500000,sh.601398,7.7100,7.7100,7.7000,7.7100,2437400,18786170.0000,3
2026-01-09,20260109135000000,sh.601398,7.7100,7.7100,7.6900,7.7000,4088900,31500055.0000,3
2026-01-09,20260109135500000,sh.601398,7.6900,7.7000,7.6900,7.6900,2202600,16946712.0000,3
2026-01-09,20260109140000000,sh.601398,7.7000,7.7000,7.6900,7.7000,1668650,12839057.0000,3
2026-01-09,20260109140500000,sh.601398,7.7000,7.7100,7.6900,7.7000,3630000,27946712.0000,3
2026-01-09,20260109141000000,sh.601398,7.7100,7.7100,7.6900,7.6900,1309100,10076819.0000,3
2026-01-09,20260109141500000,sh.601398,7.7000,7.7000,7.6900,7.6900,2032800,15642587.0000,3
2026-01-09,20260109142000000,sh.601398,7.7000,7.7000,7.6900,7.7000,1555945,11974899.0000,3
2026-01-09,20260109142500000,sh.601398,7.7000,7.7100,7.6900,7.7000,2411900,18578475.0000,3
2026-01-09,20260109143000000,sh.601398,7.7000,7.7100,7.7000,7.7100,1831300,14111612.0000,3
2026-01-09,20260109143500000,sh.601398,7.7100,7.7100,7.7000,7.7000,1608905,12396888.0000,3
2026-01-09,20260109144000000,sh.601398,7.7000,7.7200,7.7000,7.7100,7156400,55167703.0000,3
2026-01-09,20260109144500000,sh.601398,7.7000,7.7200,7.7000,7.7000,4202400,32401775.0000,3
2026-01-09,20260109145000000,sh.601398,7.7100,7.7100,7.7000,7.7100,2859505,22037989.0000,3
2026-01-09,20260109145500000,sh.601398,7.7000,7.7200,7.7000,7.7200,7961763,61411593.0000,3
2026-01-09,20260109150000000,sh.601398,7.7200,7.7200,7.7100,7.7100,7301925,56323281.0000,3
2026-01-12,20260112093500000,sh.601398,7.7000,7.7000,7.6500,7.6700,17395162,133440871.0000,3
2026-01-12,20260112094000000,sh.601398,7.6600,7.6700,7.6500,7.6700,14996238,114826477.0000,3
2026-01-12,20260112094500000,sh.601398,7.6600,7.7000,7.6600,7.7000,12602950,96808154.0000,3
2026-01-12,20260112095000000,sh.601398,7.7000,7.7100,7.6800,7.6900,6803200,52366074.0000,3
2026-01-12,20260112095500000,sh.601398,7.6900,7.6900,7.6800,7.6900,4670100,35889003.0000,3
2026-01-12,20260112100000000,sh.601398,7.6900,7.7000,7.6800,7.6800,4678100,35979349.0000,3
2026-01-12,20260112100500000,sh.601398,7.6900,7.6900,7.6700,7.6700,3717100,28545057.0000,3
2026-01-12,20260112101000000,sh.601398,7.6800,7.6800,7.6700,7.6800,4281500,32862990.0000,3
2026-01-12,20260112101500000,sh.601398,7.6700,7.6800,7.6600,7.6700,6394800,49057841.0000,3
2026-01-12,20260112102000000,sh.601398,7.6600,7.6700,7.6600,7.6600,4116300,31547649.0000,3
2026-01-12,20260112102500000,sh.601398,7.6700,7.6700,7.6600,7.6700,4286600,32849704.0000,3
2026-01-12,20260112103000000,sh.601398,7.6700,7.6700,7.6600,7.6600,4841200,37092621.0000,3
2026-01-12,20260112103500000,sh.601398,7.6600,7.6700,7.6600,7.6600,2112000,16186669.0000,3
2026-01-12,20260112104000000,sh.601398,7.6600,7.6700,7.6600,7.6600,2489500,19076940.0000,3
2026-01-12,20260112104500000,sh.601398,7.6700,7.6700,7.6600,7.6700,4396800,33684941.0000,3
2026-01-12,20260112105000000,sh.601398,7.6600,7.6700,7.6500,7.6500,4519000,34619080.0000,3
2026-01-12,20260112105500000,sh.601398,7.6600,7.6700,7.6500,7.6600,2012600,15418260.0000,3
2026-01-12,20260112110000000,sh.601398,7.6700,7.6700,7.6500,7.6600,3226605,24720366.0000,3
2026-01-12,20260112110500000,sh.601398,7.6600,7.6700,7.6600,7.6700,1478300,11326595.0000,3
2026-01-12,20260112111000000,sh.601398,7.6700,7.6700,7.6600,7.6700,1916400,14684635.0000,3
2026-01-12,20260112111500000,sh.601398,7.6700,7.6700,7.6600,7.6600,1552000,11892746.0000,3
2026-01-12,20260112112000000,sh.601398,7.6600,7.6700,7.6600,7.6700,2267801,17382630.0000,3
2026-01-12,20260112112500000,sh.601398,7.6600,7.6700,7.6600,7.6600,2225000,17056406.0000,3
2026-01-12,20260112113000000,sh.601398,7.6700,7.6800,7.6600,7.6800,4233300,32475536.0000,3
2026-01-12,20260112130500000,sh.601398,7.6700,7.6900,7.6700,7.6900,7522218,57772878.0000,3
2026-01-12,20260112131000000,sh.601398,7.6900,7.7200,7.6800,7.7100,17012290,131035716.0000,3
2026-01-12,20260112131500000,sh.601398,7.7100,7.7300,7.7000,7.7200,11522506,88927074.0000,3
2026-01-12,20260112132000000,sh.601398,7.7300,7.7600,7.7300,7.7500,22685966,175708925.0000,3
2026-01-12,20260112132500000,sh.601398,7.7500,7.7600,7.7400,7.7600,11916600,92343567.0000,3
2026-01-12,20260112133000000,sh.601398,7.7500,7.7700,7.7500,7.7600,10802939,83830586.0000,3
2026-01-12,20260112133500000,sh.601398,7.7600,7.7600,7.7400,7.7400,5015600,38875850.0000,3
2026-01-12,20260112134000000,sh.601398,7.7500,7.7600,7.7400,7.7500,5916157,45861734.0000,3
2026-01-12,20260112134500000,sh.601398,7.7500,7.7600,7.7500,7.7500,4183145,32430515.0000,3
2026-01-12,20260112135000000,sh.601398,7.7600,7.7600,7.7500,7.7500,4058100,31464366.0000,3
2026-01-12,20260112135500000,sh.601398,7.7500,7.7600,7.7400,7.7500,4974100,38546687.0000,3
2026-01-12,20260112140000000,sh.601398,7.7500,7.7600,7.7400,7.7500,4639800,35963767.0000,3
2026-01-12,20260112140500000,sh.601398,7.7500,7.7600,7.7400,7.7500,5499300,42609042.0000,3
2026-01-12,20260112141000000,sh.601398,7.7500,7.7500,7.7400,7.7500,3144800,24364170.0000,3
2026-01-12,20260112141500000,sh.601398,7.7500,7.7600,7.7400,7.7600,4472000,34663909.0000,3
2026-01-12,20260112142000000,sh.601398,7.7600,7.7600,7.7400,7.7500,2986500,23150800.0000,3
2026-01-12,20260112142500000,sh.601398,7.7600,7.7600,7.7400,7.7500,3353100,25989122.0000,3
2026-01-12,20260112143000000,sh.601398,7.7400,7.7500,7.7400,7.7500,5193000,40236315.0000,3
2026-01-12,20260112143500000,sh.601398,7.7400,7.7600,7.7400,7.7500,4277205,33142397.0000,3
2026-01-12,20260112144000000,sh.601398,7.7400,7.7600,7.7400,7.7600,5327600,41286681.0000,3
2026-01-12,20260112144500000,sh.601398,7.7500,7.7600,7.7400,7.7400,6999600,54261776.0000,3
2026-01-12,20260112145000000,sh.601398,7.7500,7.7500,7.7400,7.7500,4574420,35435319.0000,3
2026-01-12,20260112145500000,sh.601398,7.7500,7.7500,7.7400,7.7500,8708219,67446643.0000,3
2026-01-12,20260112150000000,sh.601398,7.7400,7.7500,7.7400,7.7400,6387500,49451407.0000,3
2026-01-13,20260113093500000,sh.601398,7.7500,7.7900,7.7500,7.7800,28172723,218888203.0000,3
2026-01-13,20260113094000000,sh.601398,7.7900,7.8000,7.7800,7.7800,23541384,183395428.0000,3
2026-01-13,20260113094500000,sh.601398,7.7900,7.8200,7.7500,7.8100,41739390,325255703.0000,3
2026-01-13,20260113095000000,sh.601398,7.8200,7.8400,7.8100,7.8300,29146401,228214586.0000,3
2026-01-13,20260113095500000,sh.601398,7.8300,7.8300,7.8100,7.8200,10318400,80702791.0000,3
2026-01-13,20260113100000000,sh.601398,7.8300,7.8300,7.8100,7.8200,7251300,56688562.0000,3
2026-01-13,20260113100500000,sh.601398,7.8100,7.8200,7.8100,7.8100,6430600,50240885.0000,3
2026-01-13,20260113101000000,sh.601398,7.8100,7.8100,7.7900,7.8100,9954600,77635837.0000,3
2026-01-13,20260113101500000,sh.601398,7.8000,7.8100,7.7900,7.8000,6867755,53607532.0000,3
2026-01-13,20260113102000000,sh.601398,7.8100,7.8300,7.8000,7.8200,10830300,84713795.0000,3
2026-01-13,20260113102500000,sh.601398,7.8200,7.8400,7.8200,7.8300,16116445,126229350.0000,3
2026-01-13,20260113103000000,sh.601398,7.8300,7.8500,7.8300,7.8300,16188300,126949760.0000,3
2026-01-13,20260113103500000,sh.601398,7.8300,7.8400,7.8300,7.8400,4468300,35009405.0000,3
2026-01-13,20260113104000000,sh.601398,7.8300,7.8400,7.8300,7.8300,5379800,42135395.0000,3
2026-01-13,20260113104500000,sh.601398,7.8300,7.8400,7.8200,7.8300,4605100,36076954.0000,3
2026-01-13,20260113105000000,sh.601398,7.8300,7.8400,7.8300,7.8300,5136100,40259721.0000,3
2026-01-13,20260113105500000,sh.601398,7.8300,7.8400,7.8200,7.8300,3947300,30909364.0000,3
2026-01-13,20260113110000000,sh.601398,7.8300,7.8300,7.8100,7.8100,4890100,38250078.0000,3
2026-01-13,20260113110500000,sh.601398,7.8200,7.8200,7.8000,7.8100,5425290,42364345.0000,3
2026-01-13,20260113111000000,sh.601398,7.8100,7.8200,7.8000,7.8100,1809100,14132947.0000,3
2026-01-13,20260113111500000,sh.601398,7.8200,7.8200,7.8000,7.8100,2707300,21144889.0000,3
2026-01-13,20260113112000000,sh.601398,7.8100,7.8200,7.8000,7.8000,2298300,17947546.0000,3
2026-01-13,20260113112500000,sh.601398,7.8100,7.8200,7.8000,7.8100,3716900,29011226.0000,3
2026-01-13,20260113113000000,sh.601398,7.8200,7.8200,7.8100,7.8100,1758800,13746845.0000,3
2026-01-13,20260113130500000,sh.601398,7.8100,7.8300,7.8100,7.8100,5380401,42066429.0000,3
2026-01-13,20260113131000000,sh.601398,7.8200,7.8400,7.8200,7.8400,5180590,40566958.0000,3
2026-01-13,20260113131500000,sh.601398,7.8400,7.8400,7.8200,7.8200,3852000,30147374.0000,3
2026-01-13,20260113132000000,sh.601398,7.8300,7.8300,7.8200,7.8300,3246400,25413050.0000,3
2026-01-13,20260113132500000,sh.601398,7.8200,7.8300,7.8100,7.8200,3258000,25479360.0000,3
2026-01-13,20260113133000000,sh.601398,7.8300,7.8300,7.8100,7.8200,3190894,24954472.0000,3
2026-01-13,20260113133500000,sh.601398,7.8300,7.8300,7.8100,7.8200,4256300,33279288.0000,3
2026-01-13,20260113134000000,sh.601398,7.8100,7.8200,7.8000,7.8100,5451527,42572974.0000,3
2026-01-13,20260113134500000,sh.601398,7.8100,7.8200,7.8000,7.8100,3061900,23911635.0000,3
2026-01-13,20260113135000000,sh.601398,7.8100,7.8200,7.8000,7.8200,3511000,27422164.0000,3
2026-01-13,20260113135500000,sh.601398,7.8200,7.8200,7.8100,7.8100,2967000,23189609.0000,3
2026-01-13,20260113140000000,sh.601398,7.8100,7.8300,7.8100,7.8200,5511120,43083408.0000,3
2026-01-13,20260113140500000,sh.601398,7.8100,7.8200,7.8100,7.8100,4411900,34468325.0000,3
2026-01-13,20260113141000000,sh.601398,7.8100,7.8200,7.8100,7.8100,2027500,15840214.0000,3
2026-01-13,20260113141500000,sh.601398,7.8200,7.8200,7.8000,7.8200,3981221,31103221.0000,3
2026-01-13,20260113142000000,sh.601398,7.8100,7.8200,7.8100,7.8200,2212400,17294697.0000,3
2026-01-13,20260113142500000,sh.601398,7.8200,7.8200,7.8100,7.8100,2436200,19036522.0000,3
2026-01-13,20260113143000000,sh.601398,7.8100,7.8200,7.8000,7.8000,11191300,87361128.0000,3
2026-01-13,20260113143500000,sh.601398,7.8000,7.8100,7.8000,7.8000,3861200,30128528.0000,3
2026-01-13,20260113144000000,sh.601398,7.8000,7.8100,7.7900,7.8000,4914700,38345552.0000,3
2026-01-13,20260113144500000,sh.601398,7.7900,7.8000,7.7900,7.8000,4316998,33655243.0000,3
2026-01-13,20260113145000000,sh.601398,7.8000,7.8000,7.7900,7.8000,8635900,67297101.0000,3
2026-01-13,20260113145500000,sh.601398,7.7900,7.8100,7.7900,7.8000,7448545,58087296.0000,3
2026-01-13,20260113150000000,sh.601398,7.8000,7.8100,7.7900,7.8100,8187525,63889033.0000,3
2026-01-14,20260114093500000,sh.601398,7.7900,7.7900,7.7300,7.7400,34510000,267873854.0000,3
2026-01-14,20260114094000000,sh.601398,7.7400,7.7600,7.7200,7.7300,17977500,139068940.0000,3
2026-01-14,20260114094500000,sh.601398,7.7400,7.7400,7.7200,7.7200,16146900,124795393.0000,3
2026-01-14,20260114095000000,sh.601398,7.7200,7.7300,7.7100,7.7100,18937400,146107948.0000,3
2026-01-14,20260114095500000,sh.601398,7.7100,7.7400,7.7100,7.7300,7820900,60405947.0000,3
2026-01-14,20260114100000000,sh.601398,7.7300,7.7400,7.7100,7.7200,9196800,71003228.0000,3
2026-01-14,20260114100500000,sh.601398,7.7100,7.7400,7.7100,7.7200,12848300,99224270.0000,3
2026-01-14,20260114101000000,sh.601398,7.7100,7.7200,7.7100,7.7100,18515400,142788807.0000,3
2026-01-14,20260114101500000,sh.601398,7.7100,7.7500,7.7100,7.7500,10895200,84145805.0000,3
2026-01-14,20260114102000000,sh.601398,7.7400,7.7600,7.7300,7.7400,8607721,66688161.0000,3
2026-01-14,20260114102500000,sh.601398,7.7500,7.7500,7.7400,7.7500,4762900,36883399.0000,3
2026-01-14,20260114103000000,sh.601398,7.7500,7.7500,7.7300,7.7500,4743801,36724774.0000,3
2026-01-14,20260114103500000,sh.601398,7.7500,7.7500,7.7400,7.7400,3461000,26796344.0000,3
2026-01-14,20260114104000000,sh.601398,7.7400,7.7600,7.7400,7.7500,6094947,47223645.0000,3
2026-01-14,20260114104500000,sh.601398,7.7500,7.7600,7.7400,7.7500,2670700,20696900.0000,3
2026-01-14,20260114105000000,sh.601398,7.7600,7.7600,7.7400,7.7400,2840900,22011433.0000,3
2026-01-14,20260114105500000,sh.601398,7.7500,7.7600,7.7400,7.7500,3314100,25684837.0000,3
2026-01-14,20260114110000000,sh.601398,7.7600,7.7600,7.7400,7.7500,3583300,27777273.0000,3
2026-01-14,20260114110500000,sh.601398,7.7500,7.7600,7.7400,7.7400,2263500,17536682.0000,3
2026-01-14,20260114111000000,sh.601398,7.7500,7.7500,7.7400,7.7400,2403824,18613337.0000,3
2026-01-14,20260114111500000,sh.601398,7.7500,7.7600,7.7400,7.7600,4980800,38611135.0000,3
2026-01-14,20260114112000000,sh.601398,7.7500,7.7700,7.7500,7.7700,4463345,34639021.0000,3
2026-01-14,20260114112500000,sh.601398,7.7600,7.7700,7.7600,7.7600,3477600,27010764.0000,3
2026-01-14,20260114113000000,sh.601398,7.7700,7.7700,7.7500,7.7500,2824500,21915401.0000,3
2026-01-14,20260114130500000,sh.601398,7.7600,7.7600,7.7400,7.7400,10375400,80389750.0000,3
2026-01-14,20260114131000000,sh.601398,7.7400,7.7500,7.7300,7.7300,5042400,39014595.0000,3
2026-01-14,20260114131500000,sh.601398,7.7300,7.7400,7.7200,7.7200,6867200,53053455.0000,3
2026-01-14,20260114132000000,sh.601398,7.7300,7.7300,7.7200,7.7300,7542631,58282119.0000,3
2026-01-14,20260114132500000,sh.601398,7.7300,7.7300,7.7200,7.7200,3008735,23238797.0000,3
2026-01-14,20260114133000000,sh.601398,7.7300,7.7300,7.7100,7.7200,8050834,62153576.0000,3
2026-01-14,20260114133500000,sh.601398,7.7100,7.7200,7.7100,7.7200,7648400,58984446.0000,3
2026-01-14,20260114134000000,sh.601398,7.7100,7.7200,7.7100,7.7100,5202600,40127351.0000,3
2026-01-14,20260114134500000,sh.601398,7.7100,7.7200,7.7100,7.7100,4387400,33843966.0000,3
2026-01-14,20260114135000000,sh.601398,7.7200,7.7200,7.7100,7.7100,6057731,46715906.0000,3
2026-01-14,20260114135500000,sh.601398,7.7100,7.7100,7.7000,7.7000,6310169,48602147.0000,3
2026-01-14,20260114140000000,sh.601398,7.7100,7.7100,7.7000,7.7100,15198600,117052976.0000,3
2026-01-14,20260114140500000,sh.601398,7.7000,7.7000,7.6900,7.7000,22243000,171193440.0000,3
2026-01-14,20260114141000000,sh.601398,7.7000,7.7000,7.6900,7.6900,5045500,38823410.0000,3
2026-01-14,20260114141500000,sh.601398,7.7000,7.7000,7.6900,7.7000,5841500,44968214.0000,3
2026-01-14,20260114142000000,sh.601398,7.7000,7.7100,7.6900,7.6900,5844900,45003589.0000,3
2026-01-14,20260114142500000,sh.601398,7.7000,7.7000,7.6900,7.7000,4959800,38162541.0000,3
2026-01-14,20260114143000000,sh.601398,7.6900,7.7000,7.6900,7.6900,5114000,39341087.0000,3
2026-01-14,20260114143500000,sh.601398,7.7000,7.7000,7.6800,7.7000,13028957,100181394.0000,3
2026-01-14,20260114144000000,sh.601398,7.6900,7.7000,7.6800,7.6900,6560900,50450838.0000,3
2026-01-14,20260114144500000,sh.601398,7.6800,7.7000,7.6800,7.6900,5087023,39106900.0000,3
2026-01-14,20260114145000000,sh.601398,7.6900,7.7000,7.6800,7.6900,7256945,55793723.0000,3
2026-01-14,20260114145500000,sh.601398,7.6900,7.7000,7.6800,7.6900,7769400,59753961.0000,3
2026-01-14,20260114150000000,sh.601398,7.6900,7.7100,7.6900,7.6900,8352931,64287881.0000,3
2026-01-15,20260115093500000,sh.601398,7.6800,7.6800,7.6600,7.6700,12479649,95714520.0000,3
2026-01-15,20260115094000000,sh.601398,7.6700,7.7000,7.6600,7.7000,16561100,127213840.0000,3
2026-01-15,20260115094500000,sh.601398,7.7100,7.7300,7.7000,7.7300,14886401,114813389.0000,3
2026-01-15,20260115095000000,sh.601398,7.7300,7.7400,7.7100,7.7200,10713000,82770175.0000,3
2026-01-15,20260115095500000,sh.601398,7.7100,7.7200,7.7100,7.7200,4499000,34700567.0000,3
2026-01-15,20260115100000000,sh.601398,7.7100,7.7400,7.7100,7.7200,11453208,88506407.0000,3
2026-01-15,20260115100500000,sh.601398,7.7300,7.7300,7.7000,7.7000,5779492,44590292.0000,3
2026-01-15,20260115101000000,sh.601398,7.7100,7.7100,7.6800,7.6800,9419300,72467760.0000,3
2026-01-15,20260115101500000,sh.601398,7.6900,7.7200,7.6900,7.7200,7460522,57446848.0000,3
2026-01-15,20260115102000000,sh.601398,7.7200,7.7200,7.6900,7.6900,24913450,191943894.0000,3
2026-01-15,20260115102500000,sh.601398,7.6900,7.7100,7.6900,7.7100,5200000,40055846.0000,3
2026-01-15,20260115103000000,sh.601398,7.7100,7.7200,7.7000,7.7000,4821500,37167791.0000,3
2026-01-15,20260115103500000,sh.601398,7.7000,7.7100,7.6900,7.7000,4562990,35144685.0000,3
2026-01-15,20260115104000000,sh.601398,7.7100,7.7200,7.7000,7.7100,3554298,27400578.0000,3
2026-01-15,20260115104500000,sh.601398,7.7100,7.7200,7.7000,7.7000,3511500,27071035.0000,3
2026-01-15,20260115105000000,sh.601398,7.7000,7.7200,7.7000,7.7100,3553500,27389392.0000,3
2026-01-15,20260115105500000,sh.601398,7.7100,7.7200,7.7000,7.7100,4040300,31128996.0000,3
2026-01-15,20260115110000000,sh.601398,7.7000,7.7100,7.6900,7.7000,2514900,19365587.0000,3
2026-01-15,20260115110500000,sh.601398,7.7000,7.7100,7.7000,7.7000,4495900,34626859.0000,3
2026-01-15,20260115111000000,sh.601398,7.7100,7.7100,7.7000,7.7000,1950400,15027748.0000,3
2026-01-15,20260115111500000,sh.601398,7.7100,7.7100,7.6900,7.7100,4851300,37365481.0000,3
2026-01-15,20260115112000000,sh.601398,7.7100,7.7100,7.7000,7.7000,2171500,16729253.0000,3
2026-01-15,20260115112500000,sh.601398,7.7100,7.7200,7.7000,7.7200,3187000,24575530.0000,3
2026-01-15,20260115113000000,sh.601398,7.7100,7.7200,7.7100,7.7100,2204900,17008844.0000,3
2026-01-15,20260115130500000,sh.601398,7.7200,7.7300,7.7100,7.7200,8173480,63110300.0000,3
2026-01-15,20260115131000000,sh.601398,7.7200,7.7300,7.7200,7.7300,2821900,21796323.0000,3
2026-01-15,20260115131500000,sh.601398,7.7300,7.7300,7.7200,7.7200,2409400,18613852.0000,3
2026-01-15,20260115132000000,sh.601398,7.7300,7.7300,7.7200,7.7200,3213803,24814223.0000,3
2026-01-15,20260115132500000,sh.601398,7.7300,7.7300,7.7100,7.7100,4064300,31379323.0000,3
2026-01-15,20260115133000000,sh.601398,7.7200,7.7200,7.7100,7.7100,2616200,20179117.0000,3
2026-01-15,20260115133500000,sh.601398,7.7200,7.7200,7.7100,7.7100,1754700,13530011.0000,3
2026-01-15,20260115134000000,sh.601398,7.7200,7.7200,7.7100,7.7200,1496900,11544233.0000,3
2026-01-15,20260115134500000,sh.601398,7.7200,7.7300,7.7100,7.7200,4039501,31185575.0000,3
2026-01-15,20260115135000000,sh.601398,7.7200,7.7300,7.7100,7.7100,3104300,23970281.0000,3
2026-01-15,20260115135500000,sh.601398,7.7200,7.7200,7.7000,7.7000,4958600,38236178.0000,3
2026-01-15,20260115140000000,sh.601398,7.7000,7.7100,7.7000,7.7000,2329000,17936926.0000,3
2026-01-15,20260115140500000,sh.601398,7.7100,7.7100,7.7000,7.7000,2913587,22442219.0000,3
2026-01-15,20260115141000000,sh.601398,7.7000,7.7200,7.7000,7.7100,8079000,62323881.0000,3
2026-01-15,20260115141500000,sh.601398,7.7100,7.7200,7.7000,7.7000,4455300,34323353.0000,3
2026-01-15,20260115142000000,sh.601398,7.7000,7.7100,7.7000,7.7000,3178805,24487344.0000,3
2026-01-15,20260115142500000,sh.601398,7.7100,7.7100,7.7000,7.7100,2389100,18401107.0000,3
2026-01-15,20260115143000000,sh.601398,7.7100,7.7100,7.6900,7.7000,5710400,43925872.0000,3
2026-01-15,20260115143500000,sh.601398,7.6900,7.6900,7.6800,7.6900,7973894,61290282.0000,3
2026-01-15,20260115144000000,sh.601398,7.6900,7.6900,7.6800,7.6800,2653500,20388867.0000,3
2026-01-15,20260115144500000,sh.601398,7.6900,7.6900,7.6700,7.6700,7828400,60104058.0000,3
2026-01-15,20260115145000000,sh.601398,7.6700,7.6800,7.6700,7.6800,8624031,66165302.0000,3
2026-01-15,20260115145500000,sh.601398,7.6700,7.6800,7.6600,7.6700,14847323,113817933.0000,3
2026-01-15,20260115150000000,sh.601398,7.6600,7.6800,7.6600,7.6800,8606145,66045459.0000,3
2026-01-16,20260116093500000,sh.601398,7.6700,7.6800,7.6500,7.6600,13620000,104436697.0000,3
2026-01-16,20260116094000000,sh.601398,7.6500,7.6700,7.6400,7.6600,15731500,120379585.0000,3
2026-01-16,20260116094500000,sh.601398,7.6500,7.6600,7.6400,7.6400,14746060,112748223.0000,3
2026-01-16,20260116095000000,sh.601398,7.6400,7.6500,7.6300,7.6300,9491640,72471255.0000,3
2026-01-16,20260116095500000,sh.601398,7.6300,7.6400,7.6200,7.6300,15715775,119845267.0000,3
2026-01-16,20260116100000000,sh.601398,7.6300,7.6300,7.6100,7.6200,17222400,131154722.0000,3
2026-01-16,20260116100500000,sh.601398,7.6200,7.6200,7.6000,7.6100,14818237,112692389.0000,3
2026-01-16,20260116101000000,sh.601398,7.6100,7.6100,7.5900,7.6000,22746500,172793761.0000,3
2026-01-16,20260116101500000,sh.601398,7.5900,7.6100,7.5900,7.6100,10263026,77943823.0000,3
2026-01-16,20260116102000000,sh.601398,7.6100,7.6300,7.6000,7.6300,8938145,68005188.0000,3
2026-01-16,20260116102500000,sh.601398,7.6300,7.6300,7.6100,7.6200,9716680,74037941.0000,3
2026-01-16,20260116103000000,sh.601398,7.6100,7.6500,7.6100,7.6200,10497900,80102634.0000,3
2026-01-16,20260116103500000,sh.601398,7.6300,7.6300,7.6200,7.6300,2244810,17109499.0000,3
2026-01-16,20260116104000000,sh.601398,7.6200,7.6300,7.6200,7.6300,2453500,18705795.0000,3
2026-01-16,20260116104500000,sh.601398,7.6300,7.6500,7.6200,7.6500,5243370,40058460.0000,3
2026-01-16,20260116105000000,sh.601398,7.6500,7.6500,7.6400,7.6500,1708800,13060191.0000,3
2026-01-16,20260116105500000,sh.601398,7.6400,7.6600,7.6400,7.6600,6699450,51229422.0000,3
2026-01-16,20260116110000000,sh.601398,7.6600,7.6600,7.6500,7.6500,9632800,73718579.0000,3
2026-01-16,20260116110500000,sh.601398,7.6600,7.6600,7.6400,7.6500,4270800,32685666.0000,3
2026-01-16,20260116111000000,sh.601398,7.6500,7.6500,7.6200,7.6300,5746045,43864629.0000,3
2026-01-16,20260116111500000,sh.601398,7.6200,7.6400,7.6200,7.6300,7436300,56703582.0000,3
2026-01-16,20260116112000000,sh.601398,7.6300,7.6700,7.6300,7.6700,6457500,49382137.0000,3
2026-01-16,20260116112500000,sh.601398,7.6700,7.6700,7.6500,7.6700,4031400,30892418.0000,3
2026-01-16,20260116113000000,sh.601398,7.6600,7.6700,7.6300,7.6300,5497200,42049467.0000,3
2026-01-16,20260116130500000,sh.601398,7.6500,7.6600,7.6300,7.6300,8804800,67315256.0000,3
2026-01-16,20260116131000000,sh.601398,7.6300,7.6500,7.6200,7.6400,8557900,65317366.0000,3
2026-01-16,20260116131500000,sh.601398,7.6400,7.6500,7.6400,7.6400,3177600,24295165.0000,3
2026-01-16,20260116132000000,sh.601398,7.6500,7.6600,7.6400,7.6400,3469400,26548677.0000,3
2026-01-16,20260116132500000,sh.601398,7.6400,7.6600,7.6400,7.6600,2357800,18045323.0000,3
2026-01-16,20260116133000000,sh.601398,7.6600,7.6700,7.6500,7.6600,5160100,39524966.0000,3
2026-01-16,20260116133500000,sh.601398,7.6500,7.6700,7.6500,7.6700,3413100,26140108.0000,3
2026-01-16,20260116134000000,sh.601398,7.6600,7.6700,7.6500,7.6500,2221900,17016944.0000,3
2026-01-16,20260116134500000,sh.601398,7.6500,7.6600,7.6500,7.6500,2092166,16012558.0000,3
2026-01-16,20260116135000000,sh.601398,7.6500,7.6600,7.6400,7.6400,3004834,22983834.0000,3
2026-01-16,20260116135500000,sh.601398,7.6400,7.6500,7.6200,7.6400,6589800,50318741.0000,3
2026-01-16,20260116140000000,sh.601398,7.6300,7.6400,7.6100,7.6200,7112684,54198991.0000,3
2026-01-16,20260116140500000,sh.601398,7.6200,7.6200,7.6100,7.6100,7713900,58731948.0000,3
2026-01-16,20260116141000000,sh.601398,7.6100,7.6200,7.6000,7.6100,6598600,50204074.0000,3
2026-01-16,20260116141500000,sh.601398,7.6200,7.6300,7.6100,7.6200,4109800,31314133.0000,3
2026-01-16,20260116142000000,sh.601398,7.6200,7.6400,7.6200,7.6300,3354354,25581437.0000,3
2026-01-16,20260116142500000,sh.601398,7.6400,7.6400,7.6200,7.6300,3038000,23165652.0000,3
2026-01-16,20260116143000000,sh.601398,7.6300,7.6300,7.6200,7.6200,2289400,17452099.0000,3
2026-01-16,20260116143500000,sh.601398,7.6300,7.6400,7.6200,7.6300,2986500,22787274.0000,3
2026-01-16,20260116144000000,sh.601398,7.6400,7.6400,7.6100,7.6200,5083100,38743010.0000,3
2026-01-16,20260116144500000,sh.601398,7.6200,7.6200,7.6000,7.6000,6642000,50545213.0000,3
2026-01-16,20260116145000000,sh.601398,7.6000,7.6200,7.6000,7.6100,6971700,53038632.0000,3
2026-01-16,20260116145500000,sh.601398,7.6100,7.6200,7.6000,7.6100,6218800,47320191.0000,3
2026-01-16,20260116150000000,sh.601398,7.6100,7.6300,7.6100,7.6100,4772560,36338652.0000,3
2026-01-19,20260119093500000,sh.601398,7.6000,7.6000,7.5800,7.6000,11778600,89443932.0000,3
2026-01-19,20260119094000000,sh.601398,7.5900,7.6300,7.5800,7.6200,14941466,113549569.0000,3
2026-01-19,20260119094500000,sh.601398,7.6100,7.6300,7.6000,7.6200,7478900,56949981.0000,3
2026-01-19,20260119095000000,sh.601398,7.6200,7.6200,7.6000,7.6000,8593200,65380130.0000,3
2026-01-19,20260119095500000,sh.601398,7.6100,7.6200,7.5900,7.6000,3915800,29778500.0000,3
2026-01-19,20260119100000000,sh.601398,7.6000,7.6100,7.5900,7.5900,5471800,41560663.0000,3
2026-01-19,20260119100500000,sh.601398,7.6000,7.6000,7.5800,7.5900,4514700,34267965.0000,3
2026-01-19,20260119101000000,sh.601398,7.6000,7.6000,7.5800,7.5900,7362000,55884499.0000,3
2026-01-19,20260119101500000,sh.601398,7.5900,7.6200,7.5900,7.6100,7036958,53491656.0000,3
2026-01-19,20260119102000000,sh.601398,7.6200,7.6200,7.6000,7.6000,2448500,18626428.0000,3
2026-01-19,20260119102500000,sh.601398,7.6000,7.6100,7.5800,7.5800,7073400,53696179.0000,3
2026-01-19,20260119103000000,sh.601398,7.5800,7.6100,7.5800,7.6100,10090100,76600210.0000,3
2026-01-19,20260119103500000,sh.601398,7.6000,7.6100,7.5900,7.6000,6170600,46904644.0000,3
2026-01-19,20260119104000000,sh.601398,7.6100,7.6200,7.6000,7.6100,3793427,28874234.0000,3
2026-01-19,20260119104500000,sh.601398,7.6200,7.6200,7.6000,7.6000,4986373,37932752.0000,3
2026-01-19,20260119105000000,sh.601398,7.6100,7.6200,7.6000,7.6100,3291900,25054112.0000,3
2026-01-19,20260119105500000,sh.601398,7.6000,7.6100,7.6000,7.6000,1795900,13654579.0000,3
2026-01-19,20260119110000000,sh.601398,7.6000,7.6100,7.5900,7.6100,4034300,30664661.0000,3
2026-01-19,20260119110500000,sh.601398,7.6100,7.6100,7.5900,7.6000,2558900,19448719.0000,3
2026-01-19,20260119111000000,sh.601398,7.6100,7.6100,7.5900,7.5900,2420800,18390149.0000,3
2026-01-19,20260119111500000,sh.601398,7.5900,7.6000,7.5900,7.6000,2168700,16469371.0000,3
2026-01-19,20260119112000000,sh.601398,7.5900,7.6000,7.5900,7.5900,2671500,20284144.0000,3
2026-01-19,20260119112500000,sh.601398,7.6000,7.6000,7.5800,7.5800,8172600,61996225.0000,3
2026-01-19,20260119113000000,sh.601398,7.5900,7.5900,7.5700,7.5800,7642800,57925760.0000,3
2026-01-19,20260119130500000,sh.601398,7.5700,7.5900,7.5700,7.5700,7784000,58997184.0000,3
2026-01-19,20260119131000000,sh.601398,7.5700,7.5800,7.5700,7.5800,4128000,31271068.0000,3
2026-01-19,20260119131500000,sh.601398,7.5800,7.5800,7.5700,7.5800,2933800,22228788.0000,3
2026-01-19,20260119132000000,sh.601398,7.5800,7.5800,7.5700,7.5700,3881700,29398043.0000,3
2026-01-19,20260119132500000,sh.601398,7.5800,7.5800,7.5600,7.5600,10259000,77634661.0000,3
2026-01-19,20260119133000000,sh.601398,7.5600,7.5700,7.5600,7.5600,4544700,34379677.0000,3
2026-01-19,20260119133500000,sh.601398,7.5700,7.5700,7.5500,7.5500,12796600,96734798.0000,3
2026-01-19,20260119134000000,sh.601398,7.5500,7.5600,7.5400,7.5400,13457900,101598951.0000,3
2026-01-19,20260119134500000,sh.601398,7.5400,7.5500,7.5200,7.5200,15620700,117628974.0000,3
2026-01-19,20260119135000000,sh.601398,7.5300,7.5300,7.5200,7.5200,8434000,63441976.0000,3
2026-01-19,20260119135500000,sh.601398,7.5300,7.5300,7.5000,7.5100,17651800,132592321.0000,3
2026-01-19,20260119140000000,sh.601398,7.5100,7.5200,7.5100,7.5100,7574200,56896306.0000,3
2026-01-19,20260119140500000,sh.601398,7.5100,7.5200,7.5100,7.5200,5137702,38595883.0000,3
2026-01-19,20260119141000000,sh.601398,7.5100,7.5200,7.5100,7.5200,3739800,28097722.0000,3
2026-01-19,20260119141500000,sh.601398,7.5100,7.5200,7.5100,7.5100,8334800,62661321.0000,3
2026-01-19,20260119142000000,sh.601398,7.5200,7.5200,7.5100,7.5100,4285800,32209511.0000,3
2026-01-19,20260119142500000,sh.601398,7.5100,7.5200,7.5100,7.5100,3298800,24789295.0000,3
2026-01-19,20260119143000000,sh.601398,7.5100,7.5300,7.5100,7.5300,6159400,46291420.0000,3
2026-01-19,20260119143500000,sh.601398,7.5300,7.5300,7.5100,7.5200,4431100,33319482.0000,3
2026-01-19,20260119144000000,sh.601398,7.5200,7.5200,7.5100,7.5200,5508900,41395235.0000,3
2026-01-19,20260119144500000,sh.601398,7.5200,7.5300,7.5100,7.5100,8372400,62934450.0000,3
2026-01-19,20260119145000000,sh.601398,7.5100,7.5300,7.5100,7.5200,11319528,85125465.0000,3
2026-01-19,20260119145500000,sh.601398,7.5100,7.5300,7.5100,7.5200,9489900,71355523.0000,3
2026-01-19,20260119150000000,sh.601398,7.5200,7.5300,7.5100,7.5300,9506250,71535352.0000,3
2026-01-20,20260120093500000,sh.601398,7.5200,7.5200,7.5000,7.5200,9342942,70186268.0000,3
2026-01-20,20260120094000000,sh.601398,7.5100,7.5400,7.5100,7.5300,13288470,99992010.0000,3
2026-01-20,20260120094500000,sh.601398,7.5300,7.5500,7.5300,7.5400,10966859,82648222.0000,3
2026-01-20,20260120095000000,sh.601398,7.5400,7.5400,7.5100,7.5100,11830400,89021176.0000,3
2026-01-20,20260120095500000,sh.601398,7.5100,7.5300,7.5000,7.5300,10641500,79949718.0000,3
2026-01-20,20260120100000000,sh.601398,7.5300,7.5400,7.5100,7.5100,9873600,74270308.0000,3
2026-01-20,20260120100500000,sh.601398,7.5200,7.5200,7.5000,7.5100,6221539,46728950.0000,3
2026-01-20,20260120101000000,sh.601398,7.5200,7.5300,7.5100,7.5200,5957900,44777308.0000,3
2026-01-20,20260120101500000,sh.601398,7.5400,7.5500,7.5300,7.5400,11423200,86096737.0000,3
2026-01-20,20260120102000000,sh.601398,7.5300,7.5700,7.5300,7.5700,16529127,124807871.0000,3
2026-01-20,20260120102500000,sh.601398,7.5700,7.5700,7.5500,7.5500,9552473,72170268.0000,3
2026-01-20,20260120103000000,sh.601398,7.5500,7.5600,7.5300,7.5500,6104936,46070606.0000,3
2026-01-20,20260120103500000,sh.601398,7.5600,7.5600,7.5400,7.5500,4962700,37474988.0000,3
2026-01-20,20260120104000000,sh.601398,7.5500,7.5500,7.5300,7.5300,4966600,37442473.0000,3
2026-01-20,20260120104500000,sh.601398,7.5300,7.5400,7.5200,7.5200,4729100,35615830.0000,3
2026-01-20,20260120105000000,sh.601398,7.5200,7.5400,7.5200,7.5400,5065300,38143666.0000,3
2026-01-20,20260120105500000,sh.601398,7.5300,7.5400,7.5200,7.5300,3263000,24568063.0000,3
2026-01-20,20260120110000000,sh.601398,7.5200,7.5500,7.5200,7.5500,3560600,26827926.0000,3
2026-01-20,20260120110500000,sh.601398,7.5400,7.5600,7.5400,7.5400,5741550,43342225.0000,3
2026-01-20,20260120111000000,sh.601398,7.5500,7.5600,7.5400,7.5400,6091500,45967463.0000,3
2026-01-20,20260120111500000,sh.601398,7.5600,7.5600,7.5400,7.5500,5224900,39465082.0000,3
2026-01-20,20260120112000000,sh.601398,7.5500,7.5500,7.5300,7.5300,5946400,44835182.0000,3
2026-01-20,20260120112500000,sh.601398,7.5300,7.5400,7.5200,7.5400,8122900,61153978.0000,3
2026-01-20,20260120113000000,sh.601398,7.5300,7.5400,7.5300,7.5300,3669000,27644175.0000,3
2026-01-20,20260120130500000,sh.601398,7.5400,7.5600,7.5300,7.5400,6683100,50429962.0000,3
2026-01-20,20260120131000000,sh.601398,7.5500,7.5600,7.5400,7.5500,2450247,18493711.0000,3
2026-01-20,20260120131500000,sh.601398,7.5400,7.5600,7.5400,7.5600,3336347,25184888.0000,3
2026-01-20,20260120132000000,sh.601398,7.5600,7.5600,7.5500,7.5600,2621300,19801516.0000,3
2026-01-20,20260120132500000,sh.601398,7.5600,7.5600,7.5400,7.5400,6005100,45332854.0000,3
2026-01-20,20260120133000000,sh.601398,7.5400,7.5500,7.5300,7.5400,4648906,35039320.0000,3
2026-01-20,20260120133500000,sh.601398,7.5300,7.5400,7.5300,7.5300,4012400,30229753.0000,3
2026-01-20,20260120134000000,sh.601398,7.5400,7.5500,7.5300,7.5400,3122100,23528767.0000,3
2026-01-20,20260120134500000,sh.601398,7.5400,7.5500,7.5300,7.5300,2752700,20741391.0000,3
2026-01-20,20260120135000000,sh.601398,7.5300,7.5400,7.5200,7.5300,5148100,38760419.0000,3
2026-01-20,20260120135500000,sh.601398,7.5200,7.5300,7.5200,7.5300,4276600,32171486.0000,3
2026-01-20,20260120140000000,sh.601398,7.5200,7.5200,7.5100,7.5200,11996700,90167763.0000,3
2026-01-20,20260120140500000,sh.601398,7.5100,7.5300,7.5100,7.5300,3579117,26923970.0000,3
2026-01-20,20260120141000000,sh.601398,7.5300,7.5300,7.5200,7.5200,3797800,28576294.0000,3
2026-01-20,20260120141500000,sh.601398,7.5300,7.5400,7.5200,7.5400,3425990,25797145.0000,3
2026-01-20,20260120142000000,sh.601398,7.5400,7.5400,7.5200,7.5200,2617700,19703184.0000,3
2026-01-20,20260120142500000,sh.601398,7.5200,7.5400,7.5200,7.5400,2940000,22140745.0000,3
2026-01-20,20260120143000000,sh.601398,7.5300,7.5400,7.5300,7.5300,2086800,15725647.0000,3
2026-01-20,20260120143500000,sh.601398,7.5300,7.5500,7.5300,7.5400,6180200,46624425.0000,3
2026-01-20,20260120144000000,sh.601398,7.5500,7.5600,7.5400,7.5500,6901654,52092893.0000,3
2026-01-20,20260120144500000,sh.601398,7.5500,7.5600,7.5400,7.5500,4601800,34739215.0000,3
2026-01-20,20260120145000000,sh.601398,7.5500,7.5600,7.5400,7.5500,4759500,35927529.0000,3
2026-01-20,20260120145500000,sh.601398,7.5500,7.5500,7.5300,7.5500,12978000,97876455.0000,3
2026-01-20,20260120150000000,sh.601398,7.5400,7.5500,7.5400,7.5400,8887624,67029601.0000,3
2026-01-21,20260121093500000,sh.601398,7.5300,7.5500,7.5200,7.5500,13988245,105465226.0000,3
2026-01-21,20260121094000000,sh.601398,7.5500,7.5500,7.5100,7.5200,13075400,98406504.0000,3
2026-01-21,20260121094500000,sh.601398,7.5100,7.5200,7.4800,7.4900,26849364,201394786.0000,3
2026-01-21,20260121095000000,sh.601398,7.4800,7.4900,7.4700,7.4900,16741900,125167317.0000,3
2026-01-21,20260121095500000,sh.601398,7.4900,7.4900,7.4700,7.4900,9966100,74554453.0000,3
2026-01-21,20260121100000000,sh.601398,7.4800,7.4900,7.4400,7.4400,25773400,192317158.0000,3
2026-01-21,20260121100500000,sh.601398,7.4500,7.4600,7.4400,7.4600,8375700,62394169.0000,3
2026-01-21,20260121101000000,sh.601398,7.4600,7.4600,7.4300,7.4300,14521200,108083157.0000,3
2026-01-21,20260121101500000,sh.601398,7.4300,7.4500,7.4300,7.4400,8335600,61992392.0000,3
2026-01-21,20260121102000000,sh.601398,7.4500,7.4500,7.4300,7.4500,9202551,68460701.0000,3
2026-01-21,20260121102500000,sh.601398,7.4400,7.4500,7.4400,7.4500,4065500,30261952.0000,3
2026-01-21,20260121103000000,sh.601398,7.4500,7.4600,7.4400,7.4600,7249000,53984458.0000,3
2026-01-21,20260121103500000,sh.601398,7.4500,7.4600,7.4400,7.4600,3595800,26790057.0000,3
2026-01-21,20260121104000000,sh.601398,7.4600,7.4600,7.4400,7.4600,3501965,26098142.0000,3
2026-01-21,20260121104500000,sh.601398,7.4500,7.4700,7.4500,7.4600,4534500,33831455.0000,3
2026-01-21,20260121105000000,sh.601398,7.4600,7.4700,7.4500,7.4600,4562345,34045970.0000,3
2026-01-21,20260121105500000,sh.601398,7.4700,7.4800,7.4500,7.4600,5986000,44705257.0000,3
2026-01-21,20260121110000000,sh.601398,7.4600,7.4700,7.4400,7.4500,5609600,41793272.0000,3
2026-01-21,20260121110500000,sh.601398,7.4500,7.4500,7.4400,7.4400,4604309,34264065.0000,3
2026-01-21,20260121111000000,sh.601398,7.4500,7.4500,7.4400,7.4400,2739000,20382580.0000,3
2026-01-21,20260121111500000,sh.601398,7.4500,7.4500,7.4300,7.4400,6959991,51748034.0000,3
2026-01-21,20260121112000000,sh.601398,7.4300,7.4400,7.4300,7.4400,4484295,33339246.0000,3
2026-01-21,20260121112500000,sh.601398,7.4400,7.4400,7.4200,7.4200,18103698,134490479.0000,3
2026-01-21,20260121113000000,sh.601398,7.4300,7.4300,7.4200,7.4300,5189245,38521995.0000,3
2026-01-21,20260121130500000,sh.601398,7.4300,7.4400,7.4200,7.4300,6939600,51535600.0000,3
2026-01-21,20260121131000000,sh.601398,7.4200,7.4300,7.4100,7.4200,8698055,64507740.0000,3
2026-01-21,20260121131500000,sh.601398,7.4100,7.4200,7.4000,7.4100,14008835,103799275.0000,3
2026-01-21,20260121132000000,sh.601398,7.4100,7.4100,7.4000,7.4000,6634500,49125481.0000,3
2026-01-21,20260121132500000,sh.601398,7.4100,7.4200,7.4000,7.4100,7517700,55700954.0000,3
2026-01-21,20260121133000000,sh.601398,7.4100,7.4100,7.4000,7.4100,6443600,47711618.0000,3
2026-01-21,20260121133500000,sh.601398,7.4100,7.4200,7.4000,7.4100,4431727,32842959.0000,3
2026-01-21,20260121134000000,sh.601398,7.4100,7.4200,7.4000,7.4100,6579000,48729560.0000,3
2026-01-21,20260121134500000,sh.601398,7.4100,7.4100,7.4000,7.4000,5010100,37089788.0000,3
2026-01-21,20260121135000000,sh.601398,7.4000,7.4100,7.4000,7.4000,4640500,34352132.0000,3
2026-01-21,20260121135500000,sh.601398,7.4000,7.4100,7.4000,7.4100,4932200,36526041.0000,3
2026-01-21,20260121140000000,sh.601398,7.4000,7.4200,7.4000,7.4200,7252803,53725530.0000,3
2026-01-21,20260121140500000,sh.601398,7.4100,7.4200,7.4000,7.4000,6345100,47007675.0000,3
2026-01-21,20260121141000000,sh.601398,7.4000,7.4100,7.4000,7.4100,5992500,44364736.0000,3
2026-01-21,20260121141500000,sh.601398,7.4100,7.4100,7.3900,7.3900,17587073,130079073.0000,3
2026-01-21,20260121142000000,sh.601398,7.3900,7.4000,7.3800,7.3800,11224442,82922830.0000,3
2026-01-21,20260121142500000,sh.601398,7.3800,7.3900,7.3700,7.3700,12982500,95824646.0000,3
2026-01-21,20260121143000000,sh.601398,7.3700,7.3800,7.3600,7.3700,17827608,131341012.0000,3
2026-01-21,20260121143500000,sh.601398,7.3700,7.3800,7.3600,7.3700,12670900,93336846.0000,3
2026-01-21,20260121144000000,sh.601398,7.3700,7.3700,7.3500,7.3500,11878300,87424465.0000,3
2026-01-21,20260121144500000,sh.601398,7.3500,7.3700,7.3500,7.3500,16502900,121379457.0000,3
2026-01-21,20260121145000000,sh.601398,7.3500,7.3700,7.3500,7.3500,17807900,130977026.0000,3
2026-01-21,20260121145500000,sh.601398,7.3600,7.3600,7.3400,7.3500,19644463,144277558.0000,3
2026-01-21,20260121150000000,sh.601398,7.3500,7.3600,7.3500,7.3500,12953741,95235073.0000,3
2026-01-22,20260122093500000,sh.601398,7.3500,7.3600,7.3200,7.3500,29116490,213775435.0000,3
2026-01-22,20260122094000000,sh.601398,7.3600,7.3800,7.3500,7.3800,18120245,133473882.0000,3
2026-01-22,20260122094500000,sh.601398,7.3800,7.3800,7.3400,7.3500,10773074,79212280.0000,3
2026-01-22,20260122095000000,sh.601398,7.3400,7.3500,7.3300,7.3300,8074700,59225233.0000,3
2026-01-22,20260122095500000,sh.601398,7.3300,7.3700,7.3300,7.3700,8924645,65551967.0000,3
2026-01-22,20260122100000000,sh.601398,7.3700,7.3700,7.3400,7.3600,5784900,42546385.0000,3
2026-01-22,20260122100500000,sh.601398,7.3600,7.3800,7.3500,7.3700,9146600,67402401.0000,3
2026-01-22,20260122101000000,sh.601398,7.3700,7.3800,7.3700,7.3800,4194890,30948012.0000,3
2026-01-22,20260122101500000,sh.601398,7.3800,7.3800,7.3400,7.3400,8512323,62618254.0000,3
2026-01-22,20260122102000000,sh.601398,7.3400,7.3600,7.3300,7.3400,9167900,67328892.0000,3
2026-01-22,20260122102500000,sh.601398,7.3400,7.3500,7.3200,7.3300,10536500,77236877.0000,3
2026-01-22,20260122103000000,sh.601398,7.3300,7.3300,7.3000,7.3100,17751990,129829199.0000,3
2026-01-22,20260122103500000,sh.601398,7.3100,7.3100,7.2800,7.2900,25320910,184659679.0000,3
2026-01-22,20260122104000000,sh.601398,7.2900,7.3000,7.2800,7.3000,7667000,55896269.0000,3
2026-01-22,20260122104500000,sh.601398,7.3000,7.3000,7.2800,7.2900,10659313,77737752.0000,3
2026-01-22,20260122105000000,sh.601398,7.2900,7.3000,7.2900,7.2900,2533900,18480535.0000,3
2026-01-22,20260122105500000,sh.601398,7.3000,7.3100,7.2900,7.3100,6404740,46772351.0000,3
2026-01-22,20260122110000000,sh.601398,7.3000,7.3100,7.2900,7.3000,2603050,19004582.0000,3
2026-01-22,20260122110500000,sh.601398,7.3000,7.3100,7.3000,7.3100,1743100,12731805.0000,3
2026-01-22,20260122111000000,sh.601398,7.3100,7.3100,7.2900,7.3100,4701200,34320210.0000,3
2026-01-22,20260122111500000,sh.601398,7.3100,7.3100,7.2800,7.3000,6681301,48724949.0000,3
2026-01-22,20260122112000000,sh.601398,7.2900,7.3000,7.2800,7.3000,3656500,26644749.0000,3
2026-01-22,20260122112500000,sh.601398,7.3000,7.3000,7.2800,7.2800,6595500,48052269.0000,3
2026-01-22,20260122113000000,sh.601398,7.2900,7.2900,7.2700,7.2800,8653600,63006940.0000,3
2026-01-22,20260122130500000,sh.601398,7.2800,7.2900,7.2700,7.2900,7781344,56637348.0000,3
2026-01-22,20260122131000000,sh.601398,7.2800,7.2900,7.2600,7.2700,8465456,61567710.0000,3
2026-01-22,20260122131500000,sh.601398,7.2700,7.2800,7.2600,7.2600,5158176,37471740.0000,3
2026-01-22,20260122132000000,sh.601398,7.2600,7.2700,7.2600,7.2600,3923400,28499079.0000,3
2026-01-22,20260122132500000,sh.601398,7.2700,7.2800,7.2600,7.2700,4683200,34055914.0000,3
2026-01-22,20260122133000000,sh.601398,7.2700,7.2800,7.2700,7.2800,3684800,26797069.0000,3
2026-01-22,20260122133500000,sh.601398,7.2700,7.2800,7.2600,7.2700,3276800,23824972.0000,3
2026-01-22,20260122134000000,sh.601398,7.2700,7.2800,7.2700,7.2700,2927500,21286406.0000,3
2026-01-22,20260122134500000,sh.601398,7.2700,7.2900,7.2700,7.2900,5587300,40668207.0000,3
2026-01-22,20260122135000000,sh.601398,7.2800,7.3000,7.2800,7.2800,3173390,23128542.0000,3
2026-01-22,20260122135500000,sh.601398,7.2800,7.2900,7.2700,7.2800,3942610,28689912.0000,3
2026-01-22,20260122140000000,sh.601398,7.2700,7.2800,7.2700,7.2800,2650400,19273124.0000,3
2026-01-22,20260122140500000,sh.601398,7.2700,7.2800,7.2600,7.2600,4146990,30142088.0000,3
2026-01-22,20260122141000000,sh.601398,7.2700,7.2700,7.2600,7.2700,8419950,61140551.0000,3
2026-01-22,20260122141500000,sh.601398,7.2700,7.2700,7.2500,7.2600,10162650,73781529.0000,3
2026-01-22,20260122142000000,sh.601398,7.2600,7.2700,7.2500,7.2700,6708600,48717240.0000,3
2026-01-22,20260122142500000,sh.601398,7.2700,7.2900,7.2700,7.2900,10395452,75679225.0000,3
2026-01-22,20260122143000000,sh.601398,7.2900,7.3100,7.2900,7.3000,7859523,57366574.0000,3
2026-01-22,20260122143500000,sh.601398,7.3000,7.3100,7.2800,7.2800,6334454,46190674.0000,3
2026-01-22,20260122144000000,sh.601398,7.2800,7.2900,7.2700,7.2700,7342070,53405440.0000,3
2026-01-22,20260122144500000,sh.601398,7.2800,7.2800,7.2600,7.2600,11824818,85974469.0000,3
2026-01-22,20260122145000000,sh.601398,7.2700,7.2900,7.2600,7.2800,14626750,106318761.0000,3
2026-01-22,20260122145500000,sh.601398,7.2800,7.2900,7.2600,7.2700,8569000,62304723.0000,3
2026-01-22,20260122150000000,sh.601398,7.2600,7.2800,7.2600,7.2700,9098390,66134093.0000,3
2026-01-23,20260123093500000,sh.601398,7.2700,7.2900,7.2600,7.2700,11384526,82839142.0000,3
2026-01-23,20260123094000000,sh.601398,7.2600,7.2700,7.2500,7.2500,10949380,79486588.0000,3
2026-01-23,20260123094500000,sh.601398,7.2600,7.2800,7.2500,7.2800,13465900,97840840.0000,3
2026-01-23,20260123095000000,sh.601398,7.2800,7.2800,7.2500,7.2600,9932600,72231540.0000,3
2026-01-23,20260123095500000,sh.601398,7.2600,7.2700,7.2500,7.2500,3983105,28916964.0000,3
2026-01-23,20260123100000000,sh.601398,7.2500,7.2600,7.2300,7.2400,16495981,119483927.0000,3
2026-01-23,20260123100500000,sh.601398,7.2500,7.2500,7.2400,7.2500,5551800,40209208.0000,3
2026-01-23,20260123101000000,sh.601398,7.2400,7.2700,7.2400,7.2500,8262116,59934889.0000,3
2026-01-23,20260123101500000,sh.601398,7.2600,7.2700,7.2500,7.2600,2798700,20314189.0000,3
2026-01-23,20260123102000000,sh.601398,7.2600,7.2700,7.2400,7.2500,7814474,56661710.0000,3
2026-01-23,20260123102500000,sh.601398,7.2600,7.2700,7.2400,7.2600,6259200,45420452.0000,3
2026-01-23,20260123103000000,sh.601398,7.2600,7.2600,7.2400,7.2400,6439800,46676589.0000,3
2026-01-23,20260123103500000,sh.601398,7.2500,7.2500,7.2300,7.2300,11648700,84299777.0000,3
2026-01-23,20260123104000000,sh.601398,7.2400,7.2500,7.2300,7.2500,11961423,86536241.0000,3
2026-01-23,20260123104500000,sh.601398,7.2500,7.2600,7.2400,7.2500,4214252,30543762.0000,3
2026-01-23,20260123105000000,sh.601398,7.2500,7.2600,7.2400,7.2400,3382500,24525069.0000,3
2026-01-23,20260123105500000,sh.601398,7.2500,7.2500,7.2400,7.2500,2281145,16526492.0000,3
2026-01-23,20260123110000000,sh.601398,7.2400,7.2500,7.2400,7.2400,2426518,17580795.0000,3
2026-01-23,20260123110500000,sh.601398,7.2500,7.2500,7.2400,7.2500,2102011,15223576.0000,3
2026-01-23,20260123111000000,sh.601398,7.2400,7.2500,7.2400,7.2500,3498400,25353110.0000,3
2026-01-23,20260123111500000,sh.601398,7.2400,7.2500,7.2200,7.2200,9006100,65121735.0000,3
2026-01-23,20260123112000000,sh.601398,7.2200,7.2300,7.2200,7.2200,8902432,64304329.0000,3
2026-01-23,20260123112500000,sh.601398,7.2200,7.2400,7.2200,7.2400,4978400,36011694.0000,3
2026-01-23,20260123113000000,sh.601398,7.2400,7.2500,7.2400,7.2500,1792300,12987541.0000,3
2026-01-23,20260123130500000,sh.601398,7.2500,7.2500,7.2300,7.2300,4742501,34342460.0000,3
2026-01-23,20260123131000000,sh.601398,7.2400,7.2400,7.2300,7.2400,2186425,15816615.0000,3
2026-01-23,20260123131500000,sh.601398,7.2400,7.2400,7.2300,7.2400,1771040,12814876.0000,3
2026-01-23,20260123132000000,sh.601398,7.2400,7.2400,7.2300,7.2400,1762000,12750237.0000,3
2026-01-23,20260123132500000,sh.601398,7.2400,7.2400,7.2200,7.2200,6046735,43716231.0000,3
2026-01-23,20260123133000000,sh.601398,7.2200,7.2400,7.2200,7.2300,10599600,76588196.0000,3
2026-01-23,20260123133500000,sh.601398,7.2200,7.2300,7.2200,7.2200,5414600,39112952.0000,3
2026-01-23,20260123134000000,sh.601398,7.2300,7.2300,7.2200,7.2200,2246700,16234002.0000,3
2026-01-23,20260123134500000,sh.601398,7.2200,7.2300,7.2200,7.2300,1507800,10893614.0000,3
2026-01-23,20260123135000000,sh.601398,7.2200,7.2300,7.2200,7.2200,1779000,12852310.0000,3
2026-01-23,20260123135500000,sh.601398,7.2300,7.2300,7.2200,7.2200,2137400,15443239.0000,3
2026-01-23,20260123140000000,sh.601398,7.2300,7.2300,7.2200,7.2300,3108800,22461958.0000,3
2026-01-23,20260123140500000,sh.601398,7.2200,7.2400,7.2200,7.2400,5736972,41477620.0000,3
2026-01-23,20260123141000000,sh.601398,7.2400,7.2400,7.2200,7.2200,4925790,35618389.0000,3
2026-01-23,20260123141500000,sh.601398,7.2200,7.2300,7.2100,7.2200,18190700,131321530.0000,3
2026-01-23,20260123142000000,sh.601398,7.2100,7.2300,7.2100,7.2300,4283400,30920685.0000,3
2026-01-23,20260123142500000,sh.601398,7.2300,7.2300,7.2200,7.2300,2735200,19761358.0000,3
2026-01-23,20260123143000000,sh.601398,7.2300,7.2300,7.2200,7.2200,5417800,39145340.0000,3
2026-01-23,20260123143500000,sh.601398,7.2200,7.2300,7.2000,7.2100,27891000,201026030.0000,3
2026-01-23,20260123144000000,sh.601398,7.2000,7.2000,7.1700,7.1900,36054700,259093804.0000,3
2026-01-23,20260123144500000,sh.601398,7.1900,7.2100,7.1800,7.2000,12069100,86806649.0000,3
2026-01-23,20260123145000000,sh.601398,7.1900,7.2000,7.1700,7.1900,11685341,83966407.0000,3
2026-01-23,20260123145500000,sh.601398,7.1800,7.2000,7.1800,7.1900,21681542,155803967.0000,3
2026-01-23,20260123150000000,sh.601398,7.1900,7.2100,7.1900,7.2100,13507500,97248336.0000,3
2026-01-26,20260126093500000,sh.601398,7.1900,7.1900,7.1500,7.1600,23468913,168090695.0000,3
2026-01-26,20260126094000000,sh.601398,7.1600,7.2200,7.1600,7.2000,21319077,153311989.0000,3
2026-01-26,20260126094500000,sh.601398,7.2000,7.2300,7.2000,7.2000,22479900,162170654.0000,3
2026-01-26,20260126095000000,sh.601398,7.2100,7.2300,7.2000,7.2300,17243225,124480608.0000,3
2026-01-26,20260126095500000,sh.601398,7.2300,7.2500,7.2100,7.2400,23044766,166723209.0000,3
2026-01-26,20260126100000000,sh.601398,7.2500,7.2700,7.2100,7.2100,24801389,179713591.0000,3
2026-01-26,20260126100500000,sh.601398,7.2200,7.2300,7.2100,7.2200,8729100,63010533.0000,3
2026-01-26,20260126101000000,sh.601398,7.2300,7.2400,7.2200,7.2400,5929600,42859582.0000,3
2026-01-26,20260126101500000,sh.601398,7.2300,7.2500,7.2300,7.2400,9602735,69579040.0000,3
2026-01-26,20260126102000000,sh.601398,7.2400,7.2900,7.2400,7.2900,20167901,146650758.0000,3
2026-01-26,20260126102500000,sh.601398,7.2900,7.3200,7.2900,7.2900,27143900,198251357.0000,3
2026-01-26,20260126103000000,sh.601398,7.3000,7.3100,7.2700,7.2900,10314100,75210328.0000,3
2026-01-26,20260126103500000,sh.601398,7.2900,7.3000,7.2800,7.2800,7729000,56347863.0000,3
2026-01-26,20260126104000000,sh.601398,7.2800,7.3000,7.2700,7.2700,12712423,92614661.0000,3
2026-01-26,20260126104500000,sh.601398,7.2700,7.3000,7.2700,7.2800,15534800,113239670.0000,3
2026-01-26,20260126105000000,sh.601398,7.2800,7.2900,7.2700,7.2700,5919800,43102486.0000,3
2026-01-26,20260126105500000,sh.601398,7.2800,7.2800,7.2400,7.2400,13592800,98694393.0000,3
2026-01-26,20260126110000000,sh.601398,7.2500,7.2700,7.2400,7.2400,10112207,73309900.0000,3
2026-01-26,20260126110500000,sh.601398,7.2400,7.2600,7.2300,7.2500,8833800,63962390.0000,3
2026-01-26,20260126111000000,sh.601398,7.2500,7.2800,7.2500,7.2600,4568450,33201629.0000,3
2026-01-26,20260126111500000,sh.601398,7.2600,7.2700,7.2600,7.2700,1579400,11475208.0000,3
2026-01-26,20260126112000000,sh.601398,7.2600,7.2700,7.2600,7.2600,3913600,28438091.0000,3
2026-01-26,20260126112500000,sh.601398,7.2600,7.2700,7.2500,7.2600,2391000,17360574.0000,3
2026-01-26,20260126113000000,sh.601398,7.2700,7.2700,7.2500,7.2600,3048753,22137504.0000,3
2026-01-26,20260126130500000,sh.601398,7.2600,7.2700,7.2600,7.2600,5388100,39152496.0000,3
2026-01-26,20260126131000000,sh.601398,7.2700,7.2700,7.2600,7.2700,2379001,17290347.0000,3
2026-01-26,20260126131500000,sh.601398,7.2700,7.2700,7.2600,7.2600,2639600,19182817.0000,3
2026-01-26,20260126132000000,sh.601398,7.2700,7.2800,7.2600,7.2800,2227200,16194322.0000,3
2026-01-26,20260126132500000,sh.601398,7.2700,7.2800,7.2700,7.2800,3715500,27030723.0000,3
2026-01-26,20260126133000000,sh.601398,7.2700,7.2900,7.2700,7.2800,5110704,37202009.0000,3
2026-01-26,20260126133500000,sh.601398,7.2800,7.2800,7.2600,7.2700,4506696,32762393.0000,3
2026-01-26,20260126134000000,sh.601398,7.2700,7.2800,7.2600,7.2700,2688000,19542938.0000,3
2026-01-26,20260126134500000,sh.601398,7.2700,7.3000,7.2700,7.2900,7930247,57800174.0000,3
2026-01-26,20260126135000000,sh.601398,7.2900,7.3000,7.2900,7.2900,7083400,51688864.0000,3
2026-01-26,20260126135500000,sh.601398,7.2900,7.3100,7.2900,7.3000,6950000,50729171.0000,3
2026-01-26,20260126140000000,sh.601398,7.3000,7.3000,7.2600,7.2700,9778100,71190860.0000,3
2026-01-26,20260126140500000,sh.601398,7.2600,7.2900,7.2600,7.2800,4585800,33360723.0000,3
2026-01-26,20260126141000000,sh.601398,7.2800,7.2900,7.2700,7.2700,3842100,27960239.0000,3
2026-01-26,20260126141500000,sh.601398,7.2800,7.2800,7.2600,7.2700,5091200,37014822.0000,3
2026-01-26,20260126142000000,sh.601398,7.2700,7.2700,7.2600,7.2600,5628400,40894218.0000,3
2026-01-26,20260126142500000,sh.601398,7.2700,7.2700,7.2600,7.2600,5351300,38868280.0000,3
2026-01-26,20260126143000000,sh.601398,7.2500,7.2700,7.2500,7.2700,5644300,40973286.0000,3
2026-01-26,20260126143500000,sh.601398,7.2600,7.2700,7.2600,7.2600,5868800,42611427.0000,3
2026-01-26,20260126144000000,sh.601398,7.2500,7.2600,7.2500,7.2500,7481400,54265349.0000,3
2026-01-26,20260126144500000,sh.601398,7.2500,7.2600,7.2500,7.2600,7026608,50966073.0000,3
2026-01-26,20260126145000000,sh.601398,7.2600,7.2700,7.2400,7.2500,10279700,74548313.0000,3
2026-01-26,20260126145500000,sh.601398,7.2500,7.2500,7.2300,7.2300,18803827,136059813.0000,3
2026-01-26,20260126150000000,sh.601398,7.2400,7.2500,7.2300,7.2400,10875950,78723314.0000,3
2026-01-27,20260127093500000,sh.601398,7.2400,7.2600,7.2400,7.2400,15290339,110841331.0000,3
2026-01-27,20260127094000000,sh.601398,7.2500,7.2900,7.2400,7.2900,17328151,125951638.0000,3
2026-01-27,20260127094500000,sh.601398,7.2900,7.3100,7.2900,7.3000,17958277,131070891.0000,3
2026-01-27,20260127095000000,sh.601398,7.3000,7.3500,7.3000,7.3400,34475504,252530545.0000,3
2026-01-27,20260127095500000,sh.601398,7.3400,7.3400,7.3200,7.3300,19113100,140158824.0000,3
2026-01-27,20260127100000000,sh.601398,7.3300,7.3700,7.3300,7.3500,32357100,237913987.0000,3
2026-01-27,20260127100500000,sh.601398,7.3600,7.3700,7.3300,7.3400,16564500,121741413.0000,3
2026-01-27,20260127101000000,sh.601398,7.3400,7.3400,7.3200,7.3400,7270000,53290553.0000,3
2026-01-27,20260127101500000,sh.601398,7.3300,7.3400,7.3200,7.3300,4591445,33645089.0000,3
2026-01-27,20260127102000000,sh.601398,7.3300,7.3300,7.3100,7.3200,6484300,47475663.0000,3
2026-01-27,20260127102500000,sh.601398,7.3200,7.3300,7.3100,7.3300,4215500,30856808.0000,3
2026-01-27,20260127103000000,sh.601398,7.3300,7.3500,7.3200,7.3400,6981122,51188628.0000,3
2026-01-27,20260127103500000,sh.601398,7.3500,7.3500,7.3200,7.3300,11737100,86107782.0000,3
2026-01-27,20260127104000000,sh.601398,7.3300,7.3300,7.3100,7.3100,7352250,53822061.0000,3
2026-01-27,20260127104500000,sh.601398,7.3100,7.3300,7.3100,7.3100,5290000,38736806.0000,3
2026-01-27,20260127105000000,sh.601398,7.3200,7.3300,7.3100,7.3200,4105704,30041005.0000,3
2026-01-27,20260127105500000,sh.601398,7.3300,7.3500,7.3200,7.3500,9065035,66557347.0000,3
2026-01-27,20260127110000000,sh.601398,7.3500,7.3600,7.3400,7.3500,5978700,43965385.0000,3
2026-01-27,20260127110500000,sh.601398,7.3500,7.3700,7.3500,7.3500,11009990,81045354.0000,3
2026-01-27,20260127111000000,sh.601398,7.3600,7.3600,7.3500,7.3600,2874600,21151438.0000,3
2026-01-27,20260127111500000,sh.601398,7.3500,7.3600,7.3400,7.3400,4702625,34587427.0000,3
2026-01-27,20260127112000000,sh.601398,7.3400,7.3600,7.3400,7.3500,1641600,12062674.0000,3
2026-01-27,20260127112500000,sh.601398,7.3500,7.3600,7.3400,7.3400,2969900,21826138.0000,3
2026-01-27,20260127113000000,sh.601398,7.3400,7.3500,7.3300,7.3400,5058275,37127550.0000,3
2026-01-27,20260127130500000,sh.601398,7.3400,7.3500,7.3300,7.3400,6855400,50333025.0000,3
2026-01-27,20260127131000000,sh.601398,7.3400,7.3500,7.3300,7.3500,1379295,10129519.0000,3
2026-01-27,20260127131500000,sh.601398,7.3500,7.3500,7.3300,7.3300,3559295,26125565.0000,3
2026-01-27,20260127132000000,sh.601398,7.3400,7.3400,7.3200,7.3200,6545400,47965250.0000,3
2026-01-27,20260127132500000,sh.601398,7.3200,7.3400,7.3200,7.3300,3772100,27648652.0000,3
2026-01-27,20260127133000000,sh.601398,7.3400,7.3400,7.3300,7.3400,1497900,10989497.0000,3
2026-01-27,20260127133500000,sh.601398,7.3400,7.3400,7.3300,7.3300,4017125,29473460.0000,3
2026-01-27,20260127134000000,sh.601398,7.3300,7.3400,7.3200,7.3300,4165700,30528042.0000,3
2026-01-27,20260127134500000,sh.601398,7.3300,7.3300,7.3100,7.3200,8307202,60803702.0000,3
2026-01-27,20260127135000000,sh.601398,7.3100,7.3200,7.3000,7.3100,9338273,68238594.0000,3
2026-01-27,20260127135500000,sh.601398,7.3000,7.3200,7.3000,7.3100,6955600,50860985.0000,3
2026-01-27,20260127140000000,sh.601398,7.3200,7.3200,7.2900,7.2900,14071000,102723736.0000,3
2026-01-27,20260127140500000,sh.601398,7.2900,7.3100,7.2900,7.3000,4706000,34353313.0000,3
2026-01-27,20260127141000000,sh.601398,7.3000,7.3000,7.2800,7.2800,10095700,73568212.0000,3
2026-01-27,20260127141500000,sh.601398,7.2900,7.2900,7.2600,7.2600,10537200,76640182.0000,3
2026-01-27,20260127142000000,sh.601398,7.2700,7.2700,7.2600,7.2600,4090300,29706284.0000,3
2026-01-27,20260127142500000,sh.601398,7.2700,7.2700,7.2600,7.2700,4648800,33758433.0000,3
2026-01-27,20260127143000000,sh.601398,7.2600,7.2700,7.2500,7.2600,12695400,92191575.0000,3
2026-01-27,20260127143500000,sh.601398,7.2600,7.2700,7.2500,7.2500,11824000,85844578.0000,3
2026-01-27,20260127144000000,sh.601398,7.2600,7.2700,7.2500,7.2500,14085630,102161245.0000,3
2026-01-27,20260127144500000,sh.601398,7.2500,7.2600,7.2400,7.2500,11040923,80065808.0000,3
2026-01-27,20260127145000000,sh.601398,7.2600,7.2600,7.2300,7.2300,22741100,164632400.0000,3
2026-01-27,20260127145500000,sh.601398,7.2400,7.2400,7.2200,7.2300,25400728,183553816.0000,3
2026-01-27,20260127150000000,sh.601398,7.2200,7.2300,7.2100,7.2300,13062865,94373707.0000,3
2026-01-28,20260128093500000,sh.601398,7.2100,7.2300,7.1800,7.1800,34443400,248033705.0000,3
2026-01-28,20260128094000000,sh.601398,7.1900,7.2000,7.1700,7.1800,22785400,163628750.0000,3
2026-01-28,20260128094500000,sh.601398,7.1800,7.2100,7.1700,7.1900,21111271,151688713.0000,3
2026-01-28,20260128095000000,sh.601398,7.2000,7.2300,7.1900,7.2100,16631851,119995060.0000,3
2026-01-28,20260128095500000,sh.601398,7.2200,7.2400,7.2000,7.2300,10417400,75205929.0000,3
2026-01-28,20260128100000000,sh.601398,7.2200,7.2400,7.2100,7.2400,6341200,45822555.0000,3
2026-01-28,20260128100500000,sh.601398,7.2400,7.2500,7.2300,7.2400,11638700,84278050.0000,3
2026-01-28,20260128101000000,sh.601398,7.2400,7.2700,7.2400,7.2600,13272800,96276051.0000,3
2026-01-28,20260128101500000,sh.601398,7.2600,7.2800,7.2600,7.2800,12366300,89911213.0000,3
2026-01-28,20260128102000000,sh.601398,7.2800,7.2800,7.2700,7.2700,13630100,99179161.0000,3
2026-01-28,20260128102500000,sh.601398,7.2700,7.2700,7.2400,7.2500,10366600,75201871.0000,3
2026-01-28,20260128103000000,sh.601398,7.2500,7.2600,7.2300,7.2300,9564600,69249366.0000,3
2026-01-28,20260128103500000,sh.601398,7.2300,7.2600,7.2200,7.2600,9752489,70611713.0000,3
2026-01-28,20260128104000000,sh.601398,7.2600,7.2800,7.2600,7.2700,10933200,79491405.0000,3
2026-01-28,20260128104500000,sh.601398,7.2800,7.2800,7.2500,7.2600,13068200,95024909.0000,3
2026-01-28,20260128105000000,sh.601398,7.2500,7.2600,7.2400,7.2400,7953200,57622664.0000,3
2026-01-28,20260128105500000,sh.601398,7.2500,7.2600,7.2300,7.2400,13143700,95171870.0000,3
2026-01-28,20260128110000000,sh.601398,7.2400,7.2500,7.2300,7.2400,10054100,72763052.0000,3
2026-01-28,20260128110500000,sh.601398,7.2400,7.2400,7.2200,7.2300,9889856,71491513.0000,3
2026-01-28,20260128111000000,sh.601398,7.2400,7.2500,7.2300,7.2400,4603470,33323467.0000,3
2026-01-28,20260128111500000,sh.601398,7.2300,7.2500,7.2300,7.2500,3573600,25876013.0000,3
2026-01-28,20260128112000000,sh.601398,7.2500,7.2600,7.2400,7.2500,6142700,44520068.0000,3
2026-01-28,20260128112500000,sh.601398,7.2500,7.2600,7.2400,7.2500,3523000,25549989.0000,3
2026-01-28,20260128113000000,sh.601398,7.2600,7.2600,7.2400,7.2400,3290600,23862959.0000,3
2026-01-28,20260128130500000,sh.601398,7.2400,7.2600,7.2300,7.2300,8816900,63869407.0000,3
2026-01-28,20260128131000000,sh.601398,7.2400,7.2400,7.2300,7.2300,5268267,38109437.0000,3
2026-01-28,20260128131500000,sh.601398,7.2300,7.2400,7.2100,7.2100,10170844,73423092.0000,3
2026-01-28,20260128132000000,sh.601398,7.2100,7.2300,7.2000,7.2200,11352300,81883228.0000,3
2026-01-28,20260128132500000,sh.601398,7.2200,7.2300,7.2100,7.2200,10530100,76001538.0000,3
2026-01-28,20260128133000000,sh.601398,7.2100,7.2300,7.2100,7.2200,7692990,55530306.0000,3
2026-01-28,20260128133500000,sh.601398,7.2200,7.2600,7.2100,7.2600,9113113,65959553.0000,3
2026-01-28,20260128134000000,sh.601398,7.2600,7.2600,7.2400,7.2500,2473300,17924855.0000,3
2026-01-28,20260128134500000,sh.601398,7.2500,7.2500,7.2400,7.2400,2397100,17362044.0000,3
2026-01-28,20260128135000000,sh.601398,7.2500,7.2500,7.2300,7.2500,2616200,18946595.0000,3
2026-01-28,20260128135500000,sh.601398,7.2500,7.2500,7.2400,7.2400,2246508,16272160.0000,3
2026-01-28,20260128140000000,sh.601398,7.2400,7.2600,7.2400,7.2400,6687500,48473081.0000,3
2026-01-28,20260128140500000,sh.601398,7.2500,7.2600,7.2400,7.2400,3636400,26362020.0000,3
2026-01-28,20260128141000000,sh.601398,7.2400,7.2500,7.2300,7.2400,4618790,33437234.0000,3
2026-01-28,20260128141500000,sh.601398,7.2400,7.2400,7.2300,7.2400,2362000,17093089.0000,3
2026-01-28,20260128142000000,sh.601398,7.2300,7.2400,7.2200,7.2300,5014810,36257499.0000,3
2026-01-28,20260128142500000,sh.601398,7.2300,7.2400,7.2200,7.2400,3672300,26550159.0000,3
2026-01-28,20260128143000000,sh.601398,7.2300,7.2400,7.2300,7.2300,2892200,20917164.0000,3
2026-01-28,20260128143500000,sh.601398,7.2300,7.2400,7.2300,7.2400,5762809,41706742.0000,3
2026-01-28,20260128144000000,sh.601398,7.2400,7.2400,7.2000,7.2000,15571783,112355892.0000,3
2026-01-28,20260128144500000,sh.601398,7.2000,7.2200,7.1900,7.2000,16593408,119447980.0000,3
2026-01-28,20260128145000000,sh.601398,7.2000,7.2100,7.1800,7.1900,16501409,118703971.0000,3
2026-01-28,20260128145500000,sh.601398,7.1900,7.2200,7.1900,7.2200,13095200,94325184.0000,3
2026-01-28,20260128150000000,sh.601398,7.2100,7.2100,7.2000,7.2000,8872354,63896667.0000,3
2026-01-29,20260129093500000,sh.601398,7.1900,7.2000,7.1800,7.1800,19538211,140403743.0000,3
2026-01-29,20260129094000000,sh.601398,7.1800,7.1900,7.1600,7.1800,14855400,106587701.0000,3
2026-01-29,20260129094500000,sh.601398,7.1800,7.1900,7.1600,7.1600,20837400,149388913.0000,3
2026-01-29,20260129095000000,sh.601398,7.1700,7.2000,7.1600,7.2000,10529595,75576265.0000,3
2026-01-29,20260129095500000,sh.601398,7.1900,7.2000,7.1800,7.1900,6847200,49221696.0000,3
2026-01-29,20260129100000000,sh.601398,7.1900,7.2000,7.1800,7.1900,8766709,63062569.0000,3
2026-01-29,20260129100500000,sh.601398,7.1900,7.2000,7.1700,7.1900,10251200,73653034.0000,3
2026-01-29,20260129101000000,sh.601398,7.1900,7.2000,7.1800,7.1800,3799900,27323615.0000,3
2026-01-29,20260129101500000,sh.601398,7.1800,7.1900,7.1800,7.1900,5667000,40700722.0000,3
2026-01-29,20260129102000000,sh.601398,7.1900,7.2200,7.1800,7.2200,11790369,84910217.0000,3
2026-01-29,20260129102500000,sh.601398,7.2100,7.2200,7.2000,7.2200,6653500,47965622.0000,3
2026-01-29,20260129103000000,sh.601398,7.2100,7.2200,7.2000,7.2100,3213100,23162937.0000,3
2026-01-29,20260129103500000,sh.601398,7.2100,7.2200,7.2000,7.2000,7334400,52846002.0000,3
2026-01-29,20260129104000000,sh.601398,7.1900,7.2000,7.1900,7.2000,1970700,14181172.0000,3
2026-01-29,20260129104500000,sh.601398,7.2000,7.2000,7.1900,7.2000,2346758,16883816.0000,3
2026-01-29,20260129105000000,sh.601398,7.2000,7.2100,7.1900,7.2000,4111431,29598703.0000,3
2026-01-29,20260129105500000,sh.601398,7.2000,7.2100,7.1800,7.1900,4728343,33988397.0000,3
2026-01-29,20260129110000000,sh.601398,7.1800,7.1900,7.1800,7.1800,2734600,19643908.0000,3
2026-01-29,20260129110500000,sh.601398,7.1900,7.1900,7.1800,7.1800,6986100,50167465.0000,3
2026-01-29,20260129111000000,sh.601398,7.1800,7.2000,7.1800,7.1900,6452604,46392467.0000,3
2026-01-29,20260129111500000,sh.601398,7.2000,7.2000,7.1900,7.1900,3985700,28668334.0000,3
2026-01-29,20260129112000000,sh.601398,7.1900,7.1900,7.1800,7.1800,4194500,30137658.0000,3
2026-01-29,20260129112500000,sh.601398,7.1800,7.1900,7.1700,7.1900,3502400,25151450.0000,3
2026-01-29,20260129113000000,sh.601398,7.1800,7.2100,7.1800,7.2100,6681313,48072052.0000,3
2026-01-29,20260129130500000,sh.601398,7.2000,7.2200,7.2000,7.2000,14750846,106350837.0000,3
2026-01-29,20260129131000000,sh.601398,7.2000,7.2100,7.1900,7.1900,5755389,41428554.0000,3
2026-01-29,20260129131500000,sh.601398,7.1900,7.2100,7.1900,7.2100,5854472,42157085.0000,3
2026-01-29,20260129132000000,sh.601398,7.2100,7.2200,7.2000,7.2100,9917200,71524358.0000,3
2026-01-29,20260129132500000,sh.601398,7.2100,7.2200,7.2000,7.2200,7110500,51265981.0000,3
2026-01-29,20260129133000000,sh.601398,7.2200,7.2500,7.2200,7.2500,21940140,158596239.0000,3
2026-01-29,20260129133500000,sh.601398,7.2500,7.2600,7.2200,7.2400,15240700,110408858.0000,3
2026-01-29,20260129134000000,sh.601398,7.2400,7.2500,7.2300,7.2400,7314754,52956854.0000,3
2026-01-29,20260129134500000,sh.601398,7.2400,7.2600,7.2300,7.2400,10469600,75866434.0000,3
2026-01-29,20260129135000000,sh.601398,7.2400,7.2600,7.2400,7.2500,8938700,64824048.0000,3
2026-01-29,20260129135500000,sh.601398,7.2600,7.2600,7.2400,7.2500,6771700,49094091.0000,3
2026-01-29,20260129140000000,sh.601398,7.2500,7.2700,7.2500,7.2700,13693853,99461367.0000,3
2026-01-29,20260129140500000,sh.601398,7.2700,7.2800,7.2700,7.2700,8987063,65404816.0000,3
2026-01-29,20260129141000000,sh.601398,7.2800,7.2900,7.2600,7.2700,12067200,87839496.0000,3
2026-01-29,20260129141500000,sh.601398,7.2700,7.2800,7.2600,7.2700,6138812,44625124.0000,3
2026-01-29,20260129142000000,sh.601398,7.2800,7.2800,7.2500,7.2600,8116588,58970290.0000,3
2026-01-29,20260129142500000,sh.601398,7.2600,7.2800,7.2500,7.2700,7316290,53205225.0000,3
2026-01-29,20260129143000000,sh.601398,7.2700,7.2800,7.2500,7.2500,7566900,54959605.0000,3
2026-01-29,20260129143500000,sh.601398,7.2600,7.2800,7.2600,7.2800,10256945,74555347.0000,3
2026-01-29,20260129144000000,sh.601398,7.2800,7.3000,7.2800,7.2900,15757900,114832516.0000,3
2026-01-29,20260129144500000,sh.601398,7.2900,7.3000,7.2700,7.2800,13221200,96275843.0000,3
2026-01-29,20260129145000000,sh.601398,7.2800,7.2800,7.2500,7.2700,14450801,104935933.0000,3
2026-01-29,20260129145500000,sh.601398,7.2700,7.2800,7.2600,7.2700,13145600,95549565.0000,3
2026-01-29,20260129150000000,sh.601398,7.2700,7.2800,7.2600,7.2600,15538021,112865941.0000,3
2026-01-30,20260130093500000,sh.601398,7.2700,7.3400,7.2700,7.3400,28576850,208952489.0000,3
2026-01-30,20260130094000000,sh.601398,7.3400,7.3700,7.3300,7.3500,32417710,238293707.0000,3
2026-01-30,20260130094500000,sh.601398,7.3500,7.3600,7.3300,7.3400,17421274,128036484.0000,3
2026-01-30,20260130095000000,sh.601398,7.3500,7.3800,7.3300,7.3300,39712700,292423050.0000,3
2026-01-30,20260130095500000,sh.601398,7.3300,7.3700,7.3300,7.3600,10290000,75689028.0000,3
2026-01-30,20260130100000000,sh.601398,7.3600,7.3900,7.3500,7.3800,22284700,164319292.0000,3
2026-01-30,20260130100500000,sh.601398,7.3800,7.3900,7.3700,7.3700,24252600,178997793.0000,3
2026-01-30,20260130101000000,sh.601398,7.3800,7.3800,7.3600,7.3800,11379900,83870099.0000,3
2026-01-30,20260130101500000,sh.601398,7.3700,7.3800,7.3500,7.3500,5593900,41185781.0000,3
2026-01-30,20260130102000000,sh.601398,7.3500,7.3700,7.3500,7.3700,6355500,46772852.0000,3
2026-01-30,20260130102500000,sh.601398,7.3700,7.3700,7.3400,7.3600,10925317,80362025.0000,3
2026-01-30,20260130103000000,sh.601398,7.3500,7.3700,7.3500,7.3600,6736754,49582748.0000,3
2026-01-30,20260130103500000,sh.601398,7.3500,7.3500,7.3300,7.3400,8478200,62240711.0000,3
2026-01-30,20260130104000000,sh.601398,7.3300,7.3600,7.3300,7.3400,10565455,77586203.0000,3
2026-01-30,20260130104500000,sh.601398,7.3400,7.3400,7.3100,7.3200,9721900,71242419.0000,3
2026-01-30,20260130105000000,sh.601398,7.3300,7.3500,7.3200,7.3400,4196411,30786648.0000,3
2026-01-30,20260130105500000,sh.601398,7.3400,7.3500,7.3300,7.3300,5742800,42124778.0000,3
2026-01-30,20260130110000000,sh.601398,7.3300,7.3600,7.3300,7.3500,7671400,56343319.0000,3
2026-01-30,20260130110500000,sh.601398,7.3500,7.3600,7.3200,7.3300,4943100,36264618.0000,3
2026-01-30,20260130111000000,sh.601398,7.3300,7.3400,7.3200,7.3300,2740200,20085331.0000,3
2026-01-30,20260130111500000,sh.601398,7.3200,7.3300,7.3100,7.3200,3487800,25535477.0000,3
2026-01-30,20260130112000000,sh.601398,7.3200,7.3300,7.3100,7.3200,3848200,28159200.0000,3
2026-01-30,20260130112500000,sh.601398,7.3200,7.3200,7.3100,7.3200,2163818,15829633.0000,3
2026-01-30,20260130113000000,sh.601398,7.3200,7.3300,7.3100,7.3300,2022300,14799137.0000,3
2026-01-30,20260130130500000,sh.601398,7.3300,7.3300,7.3100,7.3200,8179404,59865163.0000,3
2026-01-30,20260130131000000,sh.601398,7.3100,7.3200,7.3100,7.3100,4430500,32391406.0000,3
2026-01-30,20260130131500000,sh.601398,7.3200,7.3300,7.3100,7.3300,2317600,16965193.0000,3
2026-01-30,20260130132000000,sh.601398,7.3300,7.3300,7.3100,7.3200,3207700,23479539.0000,3
2026-01-30,20260130132500000,sh.601398,7.3100,7.3300,7.3100,7.3100,4366300,31954002.0000,3
2026-01-30,20260130133000000,sh.601398,7.3200,7.3300,7.3100,7.3100,3363400,24611824.0000,3
2026-01-30,20260130133500000,sh.601398,7.3100,7.3200,7.3000,7.3000,6820400,49850147.0000,3
2026-01-30,20260130134000000,sh.601398,7.3100,7.3100,7.2700,7.2700,19580569,142763995.0000,3
2026-01-30,20260130134500000,sh.601398,7.2800,7.2800,7.2700,7.2800,8477000,61696155.0000,3
2026-01-30,20260130135000000,sh.601398,7.2800,7.2800,7.2600,7.2700,11208800,81500012.0000,3
2026-01-30,20260130135500000,sh.601398,7.2600,7.2700,7.2500,7.2700,8938600,64893704.0000,3
2026-01-30,20260130140000000,sh.601398,7.2700,7.2700,7.2600,7.2600,3220900,23398445.0000,3
2026-01-30,20260130140500000,sh.601398,7.2600,7.2700,7.2500,7.2600,6933700,50333370.0000,3
2026-01-30,20260130141000000,sh.601398,7.2500,7.2600,7.2300,7.2400,14996400,108676290.0000,3
2026-01-30,20260130141500000,sh.601398,7.2400,7.2500,7.2300,7.2300,7804092,56463447.0000,3
2026-01-30,20260130142000000,sh.601398,7.2300,7.2400,7.2300,7.2300,4832300,34944994.0000,3
2026-01-30,20260130142500000,sh.601398,7.2300,7.2500,7.2300,7.2300,6366200,46068042.0000,3
2026-01-30,20260130143000000,sh.601398,7.2300,7.2400,7.2300,7.2400,5023900,36343004.0000,3
2026-01-30,20260130143500000,sh.601398,7.2400,7.2500,7.2300,7.2400,7480200,54112020.0000,3
2026-01-30,20260130144000000,sh.601398,7.2400,7.2600,7.2300,7.2600,6655400,48244899.0000,3
2026-01-30,20260130144500000,sh.601398,7.2500,7.2600,7.2400,7.2500,6559100,47550008.0000,3
2026-01-30,20260130145000000,sh.601398,7.2500,7.2600,7.2400,7.2500,6387900,46318603.0000,3
2026-01-30,20260130145500000,sh.601398,7.2500,7.2700,7.2500,7.2700,8630600,62633002.0000,3
2026-01-30,20260130150000000,sh.601398,7.2700,7.2700,7.2500,7.2500,13431627,97429948.0000,3
2026-02-02,20260202093500000,sh.601398,7.2600,7.2800,7.2600,7.2700,23084345,167738954.0000,3
2026-02-02,20260202094000000,sh.601398,7.2600,7.3000,7.2600,7.2900,18240064,132936342.0000,3
2026-02-02,20260202094500000,sh.601398,7.2900,7.3300,7.2800,7.3300,36710300,268465232.0000,3
2026-02-02,20260202095000000,sh.601398,7.3400,7.3600,7.3200,7.3300,28322336,208069661.0000,3
2026-02-02,20260202095500000,sh.601398,7.3300,7.3400,7.3100,7.3200,23349100,171248707.0000,3
2026-02-02,20260202100000000,sh.601398,7.3200,7.3400,7.3100,7.3400,6191490,45342432.0000,3
2026-02-02,20260202100500000,sh.601398,7.3400,7.3600,7.3300,7.3400,16043324,117910929.0000,3
2026-02-02,20260202101000000,sh.601398,7.3500,7.3500,7.3400,7.3500,5971490,43862226.0000,3
2026-02-02,20260202101500000,sh.601398,7.3500,7.3500,7.3300,7.3500,5969900,43831084.0000,3
2026-02-02,20260202102000000,sh.601398,7.3500,7.3700,7.3500,7.3600,30408218,223804616.0000,3
2026-02-02,20260202102500000,sh.601398,7.3700,7.3800,7.3600,7.3800,17414145,128428864.0000,3
2026-02-02,20260202103000000,sh.601398,7.3800,7.3800,7.3600,7.3600,6227700,45891991.0000,3
2026-02-02,20260202103500000,sh.601398,7.3600,7.3700,7.3600,7.3600,7855200,57860182.0000,3
2026-02-02,20260202104000000,sh.601398,7.3600,7.3900,7.3600,7.3700,28159400,207847909.0000,3
2026-02-02,20260202104500000,sh.601398,7.3800,7.3800,7.3600,7.3700,5651000,41661205.0000,3
2026-02-02,20260202105000000,sh.601398,7.3700,7.3700,7.3600,7.3600,3253000,23956624.0000,3
2026-02-02,20260202105500000,sh.601398,7.3700,7.3800,7.3600,7.3800,3773300,27801160.0000,3
2026-02-02,20260202110000000,sh.601398,7.3800,7.3900,7.3700,7.3900,12156200,89747887.0000,3
2026-02-02,20260202110500000,sh.601398,7.3900,7.3900,7.3700,7.3700,7066200,52169494.0000,3
2026-02-02,20260202111000000,sh.601398,7.3800,7.3800,7.3600,7.3700,10157300,74872742.0000,3
2026-02-02,20260202111500000,sh.601398,7.3700,7.3700,7.3500,7.3500,6157500,45315719.0000,3
2026-02-02,20260202112000000,sh.601398,7.3500,7.3600,7.3400,7.3400,7236600,53173942.0000,3
2026-02-02,20260202112500000,sh.601398,7.3500,7.3600,7.3400,7.3600,4880780,35881675.0000,3
2026-02-02,20260202113000000,sh.601398,7.3600,7.3700,7.3500,7.3500,4005651,29475148.0000,3
2026-02-02,20260202130500000,sh.601398,7.3600,7.3700,7.3400,7.3700,7668449,56434148.0000,3
2026-02-02,20260202131000000,sh.601398,7.3700,7.3700,7.3500,7.3600,5051020,37188879.0000,3
2026-02-02,20260202131500000,sh.601398,7.3600,7.3600,7.3400,7.3600,5563451,40901685.0000,3
2026-02-02,20260202132000000,sh.601398,7.3600,7.3700,7.3500,7.3500,8559845,63030966.0000,3
2026-02-02,20260202132500000,sh.601398,7.3400,7.3500,7.3300,7.3400,9265300,67988800.0000,3
2026-02-02,20260202133000000,sh.601398,7.3400,7.3400,7.3300,7.3400,6023500,44180981.0000,3
2026-02-02,20260202133500000,sh.601398,7.3400,7.3400,7.3200,7.3200,8024500,58841383.0000,3
2026-02-02,20260202134000000,sh.601398,7.3200,7.3300,7.3100,7.3100,8072900,59082481.0000,3
2026-02-02,20260202134500000,sh.601398,7.3200,7.3300,7.3100,7.3100,8987200,65787091.0000,3
2026-02-02,20260202135000000,sh.601398,7.3100,7.3200,7.3100,7.3100,8050900,58884356.0000,3
2026-02-02,20260202135500000,sh.601398,7.3100,7.3300,7.3000,7.3000,9677600,70794200.0000,3
2026-02-02,20260202140000000,sh.601398,7.3000,7.3200,7.3000,7.3100,9657500,70639427.0000,3
2026-02-02,20260202140500000,sh.601398,7.3200,7.3200,7.3100,7.3100,6747500,49376709.0000,3
2026-02-02,20260202141000000,sh.601398,7.3200,7.3400,7.3100,7.3300,11332900,83034074.0000,3
2026-02-02,20260202141500000,sh.601398,7.3300,7.3300,7.3200,7.3300,3942900,28885330.0000,3
2026-02-02,20260202142000000,sh.601398,7.3200,7.3300,7.3200,7.3200,4725800,34621285.0000,3
2026-02-02,20260202142500000,sh.601398,7.3200,7.3300,7.3200,7.3200,5008600,36682511.0000,3
2026-02-02,20260202143000000,sh.601398,7.3200,7.3300,7.3100,7.3100,9722400,71190077.0000,3
2026-02-02,20260202143500000,sh.601398,7.3200,7.3300,7.3100,7.3300,7893900,57760414.0000,3
2026-02-02,20260202144000000,sh.601398,7.3200,7.3300,7.3100,7.3200,7405200,54194023.0000,3
2026-02-02,20260202144500000,sh.601398,7.3100,7.3300,7.3100,7.3200,13641400,99837608.0000,3
2026-02-02,20260202145000000,sh.601398,7.3100,7.3200,7.3000,7.3100,17145900,125318745.0000,3
2026-02-02,20260202145500000,sh.601398,7.3000,7.3200,7.3000,7.3200,23619100,172649583.0000,3
2026-02-02,20260202150000000,sh.601398,7.3200,7.3200,7.3100,7.3200,17106800,125193719.0000,3
2026-02-03,20260203093500000,sh.601398,7.3000,7.3100,7.1800,7.2000,67924300,491236784.0000,3
2026-02-03,20260203094000000,sh.601398,7.2000,7.2000,7.1600,7.1600,64846009,465808481.0000,3
2026-02-03,20260203094500000,sh.601398,7.1700,7.1900,7.1600,7.1900,32787300,235112859.0000,3
2026-02-03,20260203095000000,sh.601398,7.1800,7.1900,7.1700,7.1800,13933000,99997175.0000,3
2026-02-03,20260203095500000,sh.601398,7.1700,7.2300,7.1700,7.2300,19632921,141317361.0000,3
2026-02-03,20260203100000000,sh.601398,7.2300,7.2300,7.2000,7.2100,8248000,59495943.0000,3
2026-02-03,20260203100500000,sh.601398,7.2000,7.2300,7.1900,7.2200,14237200,102593904.0000,3
2026-02-03,20260203101000000,sh.601398,7.2100,7.2300,7.2100,7.2200,5755700,41534985.0000,3
2026-02-03,20260203101500000,sh.601398,7.2100,7.2300,7.2100,7.2200,5917173,42700011.0000,3
2026-02-03,20260203102000000,sh.601398,7.2200,7.2300,7.2100,7.2300,4786500,34535106.0000,3
2026-02-03,20260203102500000,sh.601398,7.2200,7.2300,7.2100,7.2200,6552899,47260697.0000,3
2026-02-03,20260203103000000,sh.601398,7.2100,7.2400,7.2100,7.2200,6223700,44976028.0000,3
2026-02-03,20260203103500000,sh.601398,7.2300,7.2500,7.2200,7.2300,4894300,35425614.0000,3
2026-02-03,20260203104000000,sh.601398,7.2400,7.2400,7.2200,7.2300,6646990,48058573.0000,3
2026-02-03,20260203104500000,sh.601398,7.2400,7.2400,7.2200,7.2300,3392898,24528656.0000,3
2026-02-03,20260203105000000,sh.601398,7.2300,7.2500,7.2200,7.2400,5810600,42067463.0000,3
2026-02-03,20260203105500000,sh.601398,7.2500,7.2500,7.2200,7.2300,4199100,30378623.0000,3
2026-02-03,20260203110000000,sh.601398,7.2200,7.2300,7.2100,7.2200,4610902,33288988.0000,3
2026-02-03,20260203110500000,sh.601398,7.2200,7.2200,7.2100,7.2200,1757800,12682391.0000,3
2026-02-03,20260203111000000,sh.601398,7.2100,7.2200,7.2100,7.2100,6548700,47229093.0000,3
2026-02-03,20260203111500000,sh.601398,7.2100,7.2200,7.2000,7.2100,4856100,35016649.0000,3
2026-02-03,20260203112000000,sh.601398,7.2100,7.2100,7.2000,7.2000,3555900,25621134.0000,3
2026-02-03,20260203112500000,sh.601398,7.2000,7.2100,7.2000,7.2000,2187200,15755170.0000,3
2026-02-03,20260203113000000,sh.601398,7.2100,7.2200,7.2000,7.2100,4662600,33602092.0000,3
2026-02-03,20260203130500000,sh.601398,7.2200,7.2200,7.1900,7.2000,13421770,96667768.0000,3
2026-02-03,20260203131000000,sh.601398,7.2000,7.2100,7.1900,7.2000,2637301,18977771.0000,3
2026-02-03,20260203131500000,sh.601398,7.1900,7.2100,7.1900,7.2000,2735100,19691508.0000,3
2026-02-03,20260203132000000,sh.601398,7.2100,7.2100,7.1900,7.2000,3770000,27133970.0000,3
2026-02-03,20260203132500000,sh.601398,7.2000,7.2100,7.1900,7.2000,2302800,16576602.0000,3
2026-02-03,20260203133000000,sh.601398,7.2000,7.2100,7.1900,7.2000,2582500,18589939.0000,3
2026-02-03,20260203133500000,sh.601398,7.2000,7.2000,7.1900,7.1900,3337600,24018248.0000,3
2026-02-03,20260203134000000,sh.601398,7.2000,7.2000,7.1900,7.2000,2180800,15691942.0000,3
2026-02-03,20260203134500000,sh.601398,7.2000,7.2000,7.1900,7.2000,3849200,27691087.0000,3
2026-02-03,20260203135000000,sh.601398,7.2000,7.2000,7.1900,7.1900,2254200,16215354.0000,3
2026-02-03,20260203135500000,sh.601398,7.2000,7.2000,7.1900,7.2000,1643100,11820686.0000,3
2026-02-03,20260203140000000,sh.601398,7.2000,7.2000,7.1800,7.1900,8956800,64399803.0000,3
2026-02-03,20260203140500000,sh.601398,7.1900,7.1900,7.1800,7.1900,4802300,34502964.0000,3
2026-02-03,20260203141000000,sh.601398,7.1800,7.1900,7.1800,7.1800,2373400,17051027.0000,3
2026-02-03,20260203141500000,sh.601398,7.1800,7.1900,7.1800,7.1900,6577994,47240703.0000,3
2026-02-03,20260203142000000,sh.601398,7.1800,7.1900,7.1700,7.1800,13268100,95243512.0000,3
2026-02-03,20260203142500000,sh.601398,7.1800,7.1900,7.1700,7.1900,4315200,30980299.0000,3
2026-02-03,20260203143000000,sh.601398,7.1800,7.1900,7.1700,7.1700,8870900,63689510.0000,3
2026-02-03,20260203143500000,sh.601398,7.1700,7.1800,7.1700,7.1800,9758281,70013280.0000,3
2026-02-03,20260203144000000,sh.601398,7.1800,7.1800,7.1700,7.1800,6074500,43595818.0000,3
2026-02-03,20260203144500000,sh.601398,7.1800,7.1900,7.1800,7.1800,4242900,30474048.0000,3
2026-02-03,20260203145000000,sh.601398,7.1900,7.1900,7.1800,7.1900,7501645,53889203.0000,3
2026-02-03,20260203145500000,sh.601398,7.1800,7.1900,7.1800,7.1900,15235350,109490777.0000,3
2026-02-03,20260203150000000,sh.601398,7.1900,7.2000,7.1800,7.1800,12551252,90164121.0000,3
2026-02-04,20260204093500000,sh.601398,7.1800,7.2300,7.1800,7.2100,25727345,185313255.0000,3
2026-02-04,20260204094000000,sh.601398,7.2100,7.2400,7.2100,7.2400,20211500,146098805.0000,3
2026-02-04,20260204094500000,sh.601398,7.2400,7.2700,7.2300,7.2600,31858600,230976748.0000,3
2026-02-04,20260204095000000,sh.601398,7.2700,7.2900,7.2600,7.2700,25762000,187417562.0000,3
2026-02-04,20260204095500000,sh.601398,7.2700,7.2700,7.2400,7.2500,11141900,80815060.0000,3
2026-02-04,20260204100000000,sh.601398,7.2500,7.2600,7.2300,7.2300,4875300,35312472.0000,3
2026-02-04,20260204100500000,sh.601398,7.2300,7.2400,7.2200,7.2200,5664500,40940873.0000,3
2026-02-04,20260204101000000,sh.601398,7.2300,7.2400,7.2100,7.2300,8299000,59979808.0000,3
2026-02-04,20260204101500000,sh.601398,7.2300,7.2400,7.2200,7.2200,3945800,28522173.0000,3
2026-02-04,20260204102000000,sh.601398,7.2200,7.2300,7.2000,7.2100,10307505,74339354.0000,3
2026-02-04,20260204102500000,sh.601398,7.2200,7.2200,7.2000,7.2000,3501700,25240788.0000,3
2026-02-04,20260204103000000,sh.601398,7.2100,7.2300,7.2000,7.2300,5135001,37045414.0000,3
2026-02-04,20260204103500000,sh.601398,7.2200,7.2300,7.2100,7.2200,3803800,27460369.0000,3
2026-02-04,20260204104000000,sh.601398,7.2300,7.2300,7.2100,7.2200,2599726,18764623.0000,3
2026-02-04,20260204104500000,sh.601398,7.2100,7.2300,7.2000,7.2100,6335474,45655335.0000,3
2026-02-04,20260204105000000,sh.601398,7.2100,7.2100,7.1900,7.2000,7958449,57296123.0000,3
2026-02-04,20260204105500000,sh.601398,7.2000,7.2100,7.2000,7.2100,1495200,10768030.0000,3
2026-02-04,20260204110000000,sh.601398,7.2100,7.2200,7.2000,7.2100,3543500,25553551.0000,3
2026-02-04,20260204110500000,sh.601398,7.2200,7.2200,7.2100,7.2200,1618173,11671955.0000,3
2026-02-04,20260204111000000,sh.601398,7.2200,7.2200,7.2000,7.2000,3078927,22201453.0000,3
2026-02-04,20260204111500000,sh.601398,7.2000,7.2100,7.2000,7.2100,1482800,10684379.0000,3
2026-02-04,20260204112000000,sh.601398,7.2100,7.2100,7.1900,7.1900,3540000,25489806.0000,3
2026-02-04,20260204112500000,sh.601398,7.2000,7.2100,7.1900,7.2100,1918800,13812562.0000,3
2026-02-04,20260204113000000,sh.601398,7.2100,7.2100,7.1900,7.2000,3245600,23365508.0000,3
2026-02-04,20260204130500000,sh.601398,7.2000,7.2200,7.1900,7.2100,6452600,46488899.0000,3
2026-02-04,20260204131000000,sh.601398,7.2100,7.2200,7.2000,7.2000,2784509,20069476.0000,3
2026-02-04,20260204131500000,sh.601398,7.2100,7.2100,7.1900,7.1900,6471900,46579750.0000,3
2026-02-04,20260204132000000,sh.601398,7.1900,7.2000,7.1900,7.2000,2124200,15284033.0000,3
2026-02-04,20260204132500000,sh.601398,7.2000,7.2100,7.1900,7.2000,3760235,27082441.0000,3
2026-02-04,20260204133000000,sh.601398,7.2000,7.2100,7.1900,7.2000,4166800,29985967.0000,3
2026-02-04,20260204133500000,sh.601398,7.1900,7.2100,7.1900,7.2000,3202600,23054544.0000,3
2026-02-04,20260204134000000,sh.601398,7.2000,7.2100,7.2000,7.2000,3130005,22551318.0000,3
2026-02-04,20260204134500000,sh.601398,7.2000,7.2200,7.2000,7.2200,5893322,42489971.0000,3
2026-02-04,20260204135000000,sh.601398,7.2100,7.2200,7.2100,7.2100,1261900,9102884.0000,3
2026-02-04,20260204135500000,sh.601398,7.2200,7.2300,7.2100,7.2200,6857700,49508721.0000,3
2026-02-04,20260204140000000,sh.601398,7.2200,7.2200,7.2100,7.2200,2512900,18130866.0000,3
2026-02-04,20260204140500000,sh.601398,7.2100,7.2400,7.2100,7.2300,5775300,41744925.0000,3
2026-02-04,20260204141000000,sh.601398,7.2300,7.2400,7.2200,7.2300,4026200,29118060.0000,3
2026-02-04,20260204141500000,sh.601398,7.2300,7.2300,7.2200,7.2200,1892300,13667545.0000,3
2026-02-04,20260204142000000,sh.601398,7.2300,7.2400,7.2200,7.2300,5870800,42442883.0000,3
2026-02-04,20260204142500000,sh.601398,7.2300,7.2400,7.2200,7.2300,4165000,30106949.0000,3
2026-02-04,20260204143000000,sh.601398,7.2300,7.2400,7.2200,7.2300,1896100,13706920.0000,3
2026-02-04,20260204143500000,sh.601398,7.2300,7.2400,7.2200,7.2300,4264400,30842648.0000,3
2026-02-04,20260204144000000,sh.601398,7.2300,7.2400,7.2200,7.2300,4587400,33166788.0000,3
2026-02-04,20260204144500000,sh.601398,7.2300,7.2400,7.2200,7.2300,3280900,23712983.0000,3
2026-02-04,20260204145000000,sh.601398,7.2200,7.2400,7.2200,7.2400,6488700,46929711.0000,3
2026-02-04,20260204145500000,sh.601398,7.2400,7.2500,7.2300,7.2500,10297923,74554532.0000,3
2026-02-04,20260204150000000,sh.601398,7.2400,7.2500,7.2300,7.2400,10270100,74374076.0000,3
2026-02-05,20260205093500000,sh.601398,7.2500,7.2800,7.2500,7.2700,18998796,138082781.0000,3
2026-02-05,20260205094000000,sh.601398,7.2600,7.2700,7.2400,7.2600,12199929,88449824.0000,3
2026-02-05,20260205094500000,sh.601398,7.2600,7.2600,7.2400,7.2400,4202300,30467606.0000,3
2026-02-05,20260205095000000,sh.601398,7.2500,7.2700,7.2400,7.2600,9275345,67286529.0000,3
2026-02-05,20260205095500000,sh.601398,7.2700,7.2700,7.2600,7.2600,2930500,21294159.0000,3
2026-02-05,20260205100000000,sh.601398,7.2600,7.2900,7.2600,7.2800,22726735,165334571.0000,3
2026-02-05,20260205100500000,sh.601398,7.2800,7.2900,7.2700,7.2800,9378400,68311300.0000,3
2026-02-05,20260205101000000,sh.601398,7.2800,7.2900,7.2700,7.2800,5710400,41588379.0000,3
2026-02-05,20260205101500000,sh.601398,7.2800,7.3000,7.2800,7.3000,10180268,74238054.0000,3
2026-02-05,20260205102000000,sh.601398,7.3000,7.3000,7.2900,7.3000,4256700,31046784.0000,3
2026-02-05,20260205102500000,sh.601398,7.2900,7.3000,7.2800,7.2900,7446000,54278864.0000,3
2026-02-05,20260205103000000,sh.601398,7.3000,7.3000,7.2800,7.2800,4019600,29291742.0000,3
2026-02-05,20260205103500000,sh.601398,7.2800,7.2900,7.2700,7.2800,7812600,56883893.0000,3
2026-02-05,20260205104000000,sh.601398,7.2700,7.2900,7.2700,7.2700,2695000,19616909.0000,3
2026-02-05,20260205104500000,sh.601398,7.2800,7.2800,7.2700,7.2800,2543700,18509056.0000,3
2026-02-05,20260205105000000,sh.601398,7.2800,7.3000,7.2700,7.2800,11965800,87235974.0000,3
2026-02-05,20260205105500000,sh.601398,7.2900,7.2900,7.2700,7.2800,2748340,20006888.0000,3
2026-02-05,20260205110000000,sh.601398,7.2700,7.2800,7.2700,7.2700,1480700,10770375.0000,3
2026-02-05,20260205110500000,sh.601398,7.2800,7.2800,7.2500,7.2700,8583800,62328375.0000,3
2026-02-05,20260205111000000,sh.601398,7.2700,7.2700,7.2600,7.2600,914000,6641466.0000,3
2026-02-05,20260205111500000,sh.601398,7.2700,7.2900,7.2600,7.2800,4540900,33041834.0000,3
2026-02-05,20260205112000000,sh.601398,7.2800,7.3000,7.2800,7.3000,9287800,67733781.0000,3
2026-02-05,20260205112500000,sh.601398,7.2900,7.3000,7.2800,7.2800,2512100,18322855.0000,3
2026-02-05,20260205113000000,sh.601398,7.2800,7.2900,7.2800,7.2900,2401100,17489565.0000,3
2026-02-05,20260205130500000,sh.601398,7.2900,7.3000,7.2700,7.2800,4751404,34615927.0000,3
2026-02-05,20260205131000000,sh.601398,7.2700,7.2900,7.2700,7.2800,3105820,22627882.0000,3
2026-02-05,20260205131500000,sh.601398,7.2900,7.2900,7.2700,7.2800,2913900,21218042.0000,3
2026-02-05,20260205132000000,sh.601398,7.2700,7.2800,7.2700,7.2800,4581800,33351509.0000,3
2026-02-05,20260205132500000,sh.601398,7.2800,7.3000,7.2700,7.3000,6501000,47382091.0000,3
2026-02-05,20260205133000000,sh.601398,7.2900,7.3100,7.2900,7.3100,15781702,115227687.0000,3
2026-02-05,20260205133500000,sh.601398,7.3100,7.3200,7.3000,7.3200,8462327,61862206.0000,3
2026-02-05,20260205134000000,sh.601398,7.3200,7.3200,7.3000,7.3100,5471971,40011654.0000,3
2026-02-05,20260205134500000,sh.601398,7.3000,7.3200,7.3000,7.3000,4775000,34903458.0000,3
2026-02-05,20260205135000000,sh.601398,7.3100,7.3100,7.3000,7.3100,4996300,36486565.0000,3
2026-02-05,20260205135500000,sh.601398,7.3000,7.3100,7.2900,7.3100,3345200,24417336.0000,3
2026-02-05,20260205140000000,sh.601398,7.3000,7.3100,7.2900,7.3000,1968500,14358423.0000,3
2026-02-05,20260205140500000,sh.601398,7.3000,7.3000,7.2900,7.3000,4999685,36464006.0000,3
2026-02-05,20260205141000000,sh.601398,7.3000,7.3000,7.2800,7.2900,4936515,35996834.0000,3
2026-02-05,20260205141500000,sh.601398,7.2900,7.3000,7.2800,7.2900,1664503,12131964.0000,3
2026-02-05,20260205142000000,sh.601398,7.2800,7.3000,7.2800,7.3000,5450400,39729507.0000,3
2026-02-05,20260205142500000,sh.601398,7.3000,7.3000,7.2900,7.3000,4802400,35046625.0000,3
2026-02-05,20260205143000000,sh.601398,7.3000,7.3100,7.2900,7.3000,2715200,19824882.0000,3
2026-02-05,20260205143500000,sh.601398,7.3000,7.3000,7.2900,7.2900,10221800,74527201.0000,3
2026-02-05,20260205144000000,sh.601398,7.3000,7.3000,7.2900,7.3000,2575200,18789318.0000,3
2026-02-05,20260205144500000,sh.601398,7.3000,7.3000,7.2900,7.2900,7969345,58145750.0000,3
2026-02-05,20260205145000000,sh.601398,7.3000,7.3000,7.2900,7.3000,6414000,46794598.0000,3
2026-02-05,20260205145500000,sh.601398,7.3000,7.3000,7.2900,7.3000,12645800,92243064.0000,3
2026-02-05,20260205150000000,sh.601398,7.2900,7.3000,7.2900,7.3000,10296928,75120565.0000,3
2026-02-06,20260206093500000,sh.601398,7.3100,7.3500,7.2700,7.2700,32503400,237868991.0000,3
2026-02-06,20260206094000000,sh.601398,7.2700,7.2800,7.2400,7.2500,26573099,192855693.0000,3
2026-02-06,20260206094500000,sh.601398,7.2600,7.2700,7.2300,7.2300,18992000,137551929.0000,3
2026-02-06,20260206095000000,sh.601398,7.2400,7.2600,7.2400,7.2500,8909900,64552492.0000,3
2026-02-06,20260206095500000,sh.601398,7.2600,7.2600,7.2500,7.2600,5226200,37919714.0000,3
2026-02-06,20260206100000000,sh.601398,7.2600,7.2700,7.2600,7.2700,3918362,28456686.0000,3
2026-02-06,20260206100500000,sh.601398,7.2600,7.2900,7.2600,7.2900,4895400,35602968.0000,3
2026-02-06,20260206101000000,sh.601398,7.2800,7.3000,7.2700,7.2800,4534080,33035676.0000,3
2026-02-06,20260206101500000,sh.601398,7.2800,7.2900,7.2800,7.2800,2475100,18027242.0000,3
2026-02-06,20260206102000000,sh.601398,7.2800,7.2900,7.2600,7.2700,6742400,49024666.0000,3
2026-02-06,20260206102500000,sh.601398,7.2600,7.2700,7.2500,7.2600,4680800,33981661.0000,3
2026-02-06,20260206103000000,sh.601398,7.2500,7.2600,7.2500,7.2600,4583022,33249245.0000,3
2026-02-06,20260206103500000,sh.601398,7.2500,7.2600,7.2300,7.2500,11701478,84758744.0000,3
2026-02-06,20260206104000000,sh.601398,7.2500,7.2500,7.2400,7.2500,2568000,18610551.0000,3
2026-02-06,20260206104500000,sh.601398,7.2400,7.2600,7.2400,7.2500,4354700,31574518.0000,3
2026-02-06,20260206105000000,sh.601398,7.2600,7.2700,7.2500,7.2600,2549366,18500587.0000,3
2026-02-06,20260206105500000,sh.601398,7.2600,7.2700,7.2500,7.2600,1757100,12757415.0000,3
2026-02-06,20260206110000000,sh.601398,7.2600,7.2600,7.2400,7.2500,4713108,34165363.0000,3
2026-02-06,20260206110500000,sh.601398,7.2500,7.2600,7.2400,7.2500,2197845,15928369.0000,3
2026-02-06,20260206111000000,sh.601398,7.2500,7.2600,7.2400,7.2500,2095000,15183453.0000,3
2026-02-06,20260206111500000,sh.601398,7.2500,7.2500,7.2300,7.2400,6802155,49247028.0000,3
2026-02-06,20260206112000000,sh.601398,7.2400,7.2500,7.2300,7.2500,2104500,15232993.0000,3
2026-02-06,20260206112500000,sh.601398,7.2500,7.2600,7.2400,7.2500,3638100,26371275.0000,3
2026-02-06,20260206113000000,sh.601398,7.2600,7.2600,7.2400,7.2600,1365600,9902419.0000,3
2026-02-06,20260206130500000,sh.601398,7.2500,7.2700,7.2500,7.2600,5617700,40771631.0000,3
2026-02-06,20260206131000000,sh.601398,7.2700,7.2700,7.2500,7.2600,3510700,25485987.0000,3
2026-02-06,20260206131500000,sh.601398,7.2700,7.2900,7.2700,7.2800,4984745,36267458.0000,3
2026-02-06,20260206132000000,sh.601398,7.2800,7.2800,7.2700,7.2800,1494200,10873053.0000,3
2026-02-06,20260206132500000,sh.601398,7.2800,7.2800,7.2500,7.2700,4148400,30130966.0000,3
2026-02-06,20260206133000000,sh.601398,7.2700,7.2800,7.2500,7.2700,2946001,21402838.0000,3
2026-02-06,20260206133500000,sh.601398,7.2700,7.2800,7.2600,7.2700,1866350,13576715.0000,3
2026-02-06,20260206134000000,sh.601398,7.2700,7.2700,7.2600,7.2700,723000,5255171.0000,3
2026-02-06,20260206134500000,sh.601398,7.2700,7.2800,7.2600,7.2700,1338300,9728852.0000,3
2026-02-06,20260206135000000,sh.601398,7.2800,7.2800,7.2600,7.2600,2271500,16519979.0000,3
2026-02-06,20260206135500000,sh.601398,7.2700,7.2800,7.2600,7.2800,1724000,12532482.0000,3
2026-02-06,20260206140000000,sh.601398,7.2700,7.2800,7.2600,7.2700,1781800,12952629.0000,3
2026-02-06,20260206140500000,sh.601398,7.2800,7.2800,7.2700,7.2700,1798700,13083333.0000,3
2026-02-06,20260206141000000,sh.601398,7.2700,7.2800,7.2600,7.2700,2931600,21314498.0000,3
2026-02-06,20260206141500000,sh.601398,7.2700,7.2700,7.2500,7.2500,6815199,49481140.0000,3
2026-02-06,20260206142000000,sh.601398,7.2500,7.2700,7.2500,7.2700,2030285,14738154.0000,3
2026-02-06,20260206142500000,sh.601398,7.2600,7.2700,7.2600,7.2700,1607900,11686150.0000,3
2026-02-06,20260206143000000,sh.601398,7.2700,7.2800,7.2600,7.2700,2842223,20662537.0000,3
2026-02-06,20260206143500000,sh.601398,7.2700,7.2700,7.2600,7.2700,2171500,15776968.0000,3
2026-02-06,20260206144000000,sh.601398,7.2700,7.2700,7.2500,7.2500,6756400,49050909.0000,3
2026-02-06,20260206144500000,sh.601398,7.2600,7.2700,7.2500,7.2700,3826922,27781545.0000,3
2026-02-06,20260206145000000,sh.601398,7.2600,7.2700,7.2500,7.2600,3316078,24074953.0000,3
2026-02-06,20260206145500000,sh.601398,7.2600,7.2700,7.2600,7.2700,7123100,51734451.0000,3
2026-02-06,20260206150000000,sh.601398,7.2600,7.2800,7.2600,7.2600,7952806,57762997.0000,3
2026-02-09,20260209093500000,sh.601398,7.2500,7.2500,7.2100,7.2200,20408600,147484893.0000,3
2026-02-09,20260209094000000,sh.601398,7.2200,7.2500,7.2200,7.2400,8875135,64149193.0000,3
2026-02-09,20260209094500000,sh.601398,7.2400,7.2400,7.2200,7.2300,5368200,38795851.0000,3
2026-02-09,20260209095000000,sh.601398,7.2200,7.2400,7.2200,7.2300,4904391,35464202.0000,3
2026-02-09,20260209095500000,sh.601398,7.2300,7.2600,7.2200,7.2500,9777222,70764005.0000,3
2026-02-09,20260209100000000,sh.601398,7.2500,7.2700,7.2500,7.2600,8954418,65000383.0000,3
2026-02-09,20260209100500000,sh.601398,7.2700,7.2700,7.2600,7.2600,3374400,24510264.0000,3
2026-02-09,20260209101000000,sh.601398,7.2700,7.2700,7.2500,7.2500,5064400,36755818.0000,3
2026-02-09,20260209101500000,sh.601398,7.2500,7.2600,7.2500,7.2600,2916818,21155108.0000,3
2026-02-09,20260209102000000,sh.601398,7.2600,7.2900,7.2500,7.2800,18218754,132470580.0000,3
2026-02-09,20260209102500000,sh.601398,7.2700,7.2900,7.2700,7.2800,9689200,70493342.0000,3
2026-02-09,20260209103000000,sh.601398,7.2800,7.2800,7.2600,7.2700,3977800,28925819.0000,3
2026-02-09,20260209103500000,sh.601398,7.2700,7.2800,7.2700,7.2800,2854500,20763823.0000,3
2026-02-09,20260209104000000,sh.601398,7.2800,7.2900,7.2800,7.2800,4892600,35629954.0000,3
2026-02-09,20260209104500000,sh.601398,7.2800,7.2900,7.2800,7.2800,2195200,15995666.0000,3
2026-02-09,20260209105000000,sh.601398,7.2800,7.2900,7.2700,7.2700,2668900,19432256.0000,3
2026-02-09,20260209105500000,sh.601398,7.2800,7.2800,7.2700,7.2700,1345300,9784950.0000,3
2026-02-09,20260209110000000,sh.601398,7.2700,7.2800,7.2600,7.2700,6843000,49717516.0000,3
2026-02-09,20260209110500000,sh.601398,7.2600,7.2700,7.2500,7.2700,2189714,15896050.0000,3
2026-02-09,20260209111000000,sh.601398,7.2600,7.2700,7.2600,7.2600,2401500,17438103.0000,3
2026-02-09,20260209111500000,sh.601398,7.2600,7.2600,7.2500,7.2500,1062700,7712518.0000,3
2026-02-09,20260209112000000,sh.601398,7.2600,7.2600,7.2500,7.2600,1241800,9012581.0000,3
2026-02-09,20260209112500000,sh.601398,7.2500,7.2600,7.2500,7.2500,1051100,7625946.0000,3
2026-02-09,20260209113000000,sh.601398,7.2600,7.2700,7.2500,7.2600,2715525,19716878.0000,3
2026-02-09,20260209130500000,sh.601398,7.2600,7.2700,7.2500,7.2500,3718300,27001954.0000,3
2026-02-09,20260209131000000,sh.601398,7.2600,7.2700,7.2500,7.2600,2208100,16028845.0000,3
2026-02-09,20260209131500000,sh.601398,7.2700,7.2700,7.2600,7.2600,1913200,13893391.0000,3
2026-02-09,20260209132000000,sh.601398,7.2700,7.2700,7.2600,7.2600,1374441,9984963.0000,3
2026-02-09,20260209132500000,sh.601398,7.2700,7.2700,7.2600,7.2700,1876100,13625119.0000,3
2026-02-09,20260209133000000,sh.601398,7.2600,7.2700,7.2500,7.2500,3398859,24670847.0000,3
2026-02-09,20260209133500000,sh.601398,7.2500,7.2700,7.2500,7.2500,4419841,32090077.0000,3
2026-02-09,20260209134000000,sh.601398,7.2600,7.2600,7.2500,7.2500,981200,7119817.0000,3
2026-02-09,20260209134500000,sh.601398,7.2500,7.2700,7.2500,7.2700,4374880,31764317.0000,3
2026-02-09,20260209135000000,sh.601398,7.2700,7.2700,7.2600,7.2600,1167195,8475652.0000,3
2026-02-09,20260209135500000,sh.601398,7.2600,7.2700,7.2600,7.2600,445000,3232567.0000,3
2026-02-09,20260209140000000,sh.601398,7.2600,7.2700,7.2600,7.2600,1533200,11138248.0000,3
2026-02-09,20260209140500000,sh.601398,7.2700,7.2700,7.2500,7.2700,3973905,28852423.0000,3
2026-02-09,20260209141000000,sh.601398,7.2600,7.2700,7.2600,7.2700,1228500,8920756.0000,3
2026-02-09,20260209141500000,sh.601398,7.2700,7.2700,7.2600,7.2700,1075150,7810583.0000,3
2026-02-09,20260209142000000,sh.601398,7.2700,7.2800,7.2600,7.2800,8168300,59396796.0000,3
2026-02-09,20260209142500000,sh.601398,7.2800,7.2800,7.2700,7.2700,994200,7232534.0000,3
2026-02-09,20260209143000000,sh.601398,7.2700,7.2800,7.2700,7.2700,2642645,19227251.0000,3
2026-02-09,20260209143500000,sh.601398,7.2800,7.2800,7.2700,7.2700,2877800,20946681.0000,3
2026-02-09,20260209144000000,sh.601398,7.2800,7.2800,7.2700,7.2800,4019431,29254708.0000,3
2026-02-09,20260209144500000,sh.601398,7.2800,7.2800,7.2700,7.2800,2416601,17590174.0000,3
2026-02-09,20260209145000000,sh.601398,7.2700,7.2800,7.2700,7.2700,2278500,16580832.0000,3
2026-02-09,20260209145500000,sh.601398,7.2800,7.2800,7.2700,7.2800,6757800,49180539.0000,3
2026-02-09,20260209150000000,sh.601398,7.2800,7.2800,7.2700,7.2800,6418700,46720241.0000,3
2026-02-10,20260210093500000,sh.601398,7.2800,7.3100,7.2700,7.3000,15674518,114411836.0000,3
2026-02-10,20260210094000000,sh.601398,7.3100,7.3400,7.3000,7.3000,20344100,148920966.0000,3
2026-02-10,20260210094500000,sh.601398,7.3200,7.3300,7.3000,7.3200,10605650,77592250.0000,3
2026-02-10,20260210095000000,sh.601398,7.3300,7.3300,7.3000,7.3000,11692100,85538701.0000,3
2026-02-10,20260210095500000,sh.601398,7.3000,7.3000,7.2800,7.2900,5656900,41243597.0000,3
2026-02-10,20260210100000000,sh.601398,7.2800,7.3100,7.2800,7.3100,5415900,39516325.0000,3
2026-02-10,20260210100500000,sh.601398,7.3100,7.3100,7.2900,7.3000,3997400,29178109.0000,3
2026-02-10,20260210101000000,sh.601398,7.3000,7.3100,7.2900,7.2900,5388982,39336636.0000,3
2026-02-10,20260210101500000,sh.601398,7.2900,7.3100,7.2900,7.3000,6564000,47900929.0000,3
2026-02-10,20260210102000000,sh.601398,7.3100,7.3100,7.2900,7.3000,2431300,17741954.0000,3
2026-02-10,20260210102500000,sh.601398,7.3000,7.3000,7.2900,7.3000,3175482,23155977.0000,3
2026-02-10,20260210103000000,sh.601398,7.3000,7.3300,7.2900,7.3200,10467200,76544570.0000,3
2026-02-10,20260210103500000,sh.601398,7.3200,7.3300,7.3100,7.3300,4818545,35272582.0000,3
2026-02-10,20260210104000000,sh.601398,7.3300,7.3300,7.3200,7.3300,2397590,17563643.0000,3
2026-02-10,20260210104500000,sh.601398,7.3300,7.3300,7.3100,7.3200,4429600,32425256.0000,3
2026-02-10,20260210105000000,sh.601398,7.3100,7.3200,7.3000,7.3100,2967000,21691101.0000,3
2026-02-10,20260210105500000,sh.601398,7.3200,7.3200,7.3000,7.3100,1830600,13383876.0000,3
2026-02-10,20260210110000000,sh.601398,7.3000,7.3100,7.3000,7.3100,1343900,9822005.0000,3
2026-02-10,20260210110500000,sh.601398,7.3100,7.3200,7.3000,7.3100,2381600,17411413.0000,3
2026-02-10,20260210111000000,sh.601398,7.3100,7.3100,7.3000,7.3100,999400,7304581.0000,3
2026-02-10,20260210111500000,sh.601398,7.3100,7.3100,7.3000,7.3000,1467400,10721768.0000,3
2026-02-10,20260210112000000,sh.601398,7.3000,7.3100,7.3000,7.3000,1227800,8970223.0000,3
2026-02-10,20260210112500000,sh.601398,7.3100,7.3100,7.3000,7.3100,630700,4608439.0000,3
2026-02-10,20260210113000000,sh.601398,7.3000,7.3100,7.3000,7.3100,1478000,10797659.0000,3
2026-02-10,20260210130500000,sh.601398,7.3100,7.3100,7.2900,7.3100,4740000,34602093.0000,3
2026-02-10,20260210131000000,sh.601398,7.3100,7.3200,7.3000,7.3200,3662601,26763688.0000,3
2026-02-10,20260210131500000,sh.601398,7.3200,7.3200,7.3100,7.3200,2339941,17118517.0000,3
2026-02-10,20260210132000000,sh.601398,7.3200,7.3200,7.3100,7.3200,1100400,8049595.0000,3
2026-02-10,20260210132500000,sh.601398,7.3200,7.3200,7.3100,7.3100,1604600,11736888.0000,3
2026-02-10,20260210133000000,sh.601398,7.3100,7.3200,7.3000,7.3000,2508200,18336870.0000,3
2026-02-10,20260210133500000,sh.601398,7.3100,7.3200,7.3000,7.3000,2490900,18201482.0000,3
2026-02-10,20260210134000000,sh.601398,7.3100,7.3100,7.3000,7.3000,1536100,11225519.0000,3
2026-02-10,20260210134500000,sh.601398,7.3100,7.3100,7.3000,7.3000,1269100,9266602.0000,3
2026-02-10,20260210135000000,sh.601398,7.3100,7.3100,7.3000,7.3100,1992700,14548035.0000,3
2026-02-10,20260210135500000,sh.601398,7.3100,7.3100,7.2900,7.2900,2555100,18645446.0000,3
2026-02-10,20260210140000000,sh.601398,7.2900,7.3100,7.2900,7.3000,3080920,22485201.0000,3
2026-02-10,20260210140500000,sh.601398,7.2900,7.3000,7.2900,7.3000,919200,6705448.0000,3
2026-02-10,20260210141000000,sh.601398,7.2900,7.3000,7.2900,7.3000,1299400,9482333.0000,3
2026-02-10,20260210141500000,sh.601398,7.2900,7.3000,7.2900,7.3000,1358700,9914317.0000,3
2026-02-10,20260210142000000,sh.601398,7.3000,7.3000,7.2900,7.3000,1721300,12559006.0000,3
2026-02-10,20260210142500000,sh.601398,7.3000,7.3000,7.2900,7.3000,3137300,22896267.0000,3
2026-02-10,20260210143000000,sh.601398,7.3000,7.3000,7.2900,7.2900,2696100,19676044.0000,3
2026-02-10,20260210143500000,sh.601398,7.2900,7.3000,7.2900,7.3000,3718200,27139010.0000,3
2026-02-10,20260210144000000,sh.601398,7.3000,7.3100,7.2900,7.3000,3582200,26158927.0000,3
2026-02-10,20260210144500000,sh.601398,7.3100,7.3100,7.3000,7.3100,4463200,32612411.0000,3
2026-02-10,20260210145000000,sh.601398,7.3000,7.3100,7.3000,7.3100,4229500,30903403.0000,3
2026-02-10,20260210145500000,sh.601398,7.3100,7.3100,7.3000,7.3000,6044385,44150470.0000,3
2026-02-10,20260210150000000,sh.601398,7.3100,7.3100,7.3000,7.3000,5369049,39205380.0000,3
2026-02-11,20260211093500000,sh.601398,7.3200,7.3200,7.2800,7.2900,10748100,78448540.0000,3
2026-02-11,20260211094000000,sh.601398,7.3000,7.3000,7.2800,7.2800,6301800,45921563.0000,3
2026-02-11,20260211094500000,sh.601398,7.2800,7.2900,7.2700,7.2700,8042300,58550872.0000,3
2026-02-11,20260211095000000,sh.601398,7.2800,7.2900,7.2700,7.2900,4558000,33181731.0000,3
2026-02-11,20260211095500000,sh.601398,7.2900,7.3000,7.2800,7.2900,4091200,29821685.0000,3
2026-02-11,20260211100000000,sh.601398,7.3000,7.3000,7.2800,7.2900,2771200,20200071.0000,3
2026-02-11,20260211100500000,sh.601398,7.2900,7.3000,7.2900,7.2900,2284400,16657835.0000,3
2026-02-11,20260211101000000,sh.601398,7.2900,7.3000,7.2900,7.3000,1321954,9644242.0000,3
2026-02-11,20260211101500000,sh.601398,7.2900,7.3000,7.2800,7.2800,3029146,22088117.0000,3
2026-02-11,20260211102000000,sh.601398,7.2800,7.3000,7.2800,7.2800,1686499,12293219.0000,3
2026-02-11,20260211102500000,sh.601398,7.2900,7.2900,7.2800,7.2800,1834100,13355872.0000,3
2026-02-11,20260211103000000,sh.601398,7.2900,7.2900,7.2800,7.2900,1371900,9993504.0000,3
2026-02-11,20260211103500000,sh.601398,7.2900,7.2900,7.2800,7.2900,1877100,13675551.0000,3
2026-02-11,20260211104000000,sh.601398,7.2900,7.3000,7.2800,7.3000,2791623,20354610.0000,3
2026-02-11,20260211104500000,sh.601398,7.3000,7.3000,7.2900,7.3000,1079400,7874877.0000,3
2026-02-11,20260211105000000,sh.601398,7.3000,7.3000,7.2900,7.3000,971400,7086732.0000,3
2026-02-11,20260211105500000,sh.601398,7.3000,7.3000,7.2800,7.2900,1619700,11809055.0000,3
2026-02-11,20260211110000000,sh.601398,7.2900,7.3000,7.2800,7.2900,2311000,16845232.0000,3
2026-02-11,20260211110500000,sh.601398,7.2900,7.3000,7.2900,7.3000,512000,3734625.0000,3
2026-02-11,20260211111000000,sh.601398,7.3000,7.3000,7.2900,7.3000,1062100,7750308.0000,3
2026-02-11,20260211111500000,sh.601398,7.3000,7.3000,7.2900,7.3000,1324800,9662308.0000,3
2026-02-11,20260211112000000,sh.601398,7.3000,7.3000,7.2900,7.2900,915700,6679139.0000,3
2026-02-11,20260211112500000,sh.601398,7.3000,7.3000,7.2900,7.3000,3518600,25676211.0000,3
2026-02-11,20260211113000000,sh.601398,7.2900,7.3000,7.2800,7.2800,2729700,19896791.0000,3
2026-02-11,20260211130500000,sh.601398,7.2900,7.3000,7.2800,7.3000,3066768,22355272.0000,3
2026-02-11,20260211131000000,sh.601398,7.2900,7.3000,7.2900,7.3000,1027000,7492705.0000,3
2026-02-11,20260211131500000,sh.601398,7.3000,7.3100,7.2900,7.3100,6222849,45420134.0000,3
2026-02-11,20260211132000000,sh.601398,7.3000,7.3100,7.3000,7.3000,2772600,20240897.0000,3
2026-02-11,20260211132500000,sh.601398,7.3000,7.3000,7.2900,7.3000,1869000,13640627.0000,3
2026-02-11,20260211133000000,sh.601398,7.2900,7.3000,7.2900,7.2900,2347400,17123220.0000,3
2026-02-11,20260211133500000,sh.601398,7.2900,7.3000,7.2900,7.3000,4093300,29846845.0000,3
2026-02-11,20260211134000000,sh.601398,7.3000,7.3000,7.2900,7.3000,1307023,9536397.0000,3
2026-02-11,20260211134500000,sh.601398,7.2900,7.3000,7.2900,7.2900,2045500,14921656.0000,3
2026-02-11,20260211135000000,sh.601398,7.2900,7.3000,7.2900,7.3000,1458200,10635533.0000,3
2026-02-11,20260211135500000,sh.601398,7.3000,7.3000,7.2900,7.2900,757600,5527183.0000,3
2026-02-11,20260211140000000,sh.601398,7.3000,7.3000,7.2900,7.2900,2818000,20547977.0000,3
2026-02-11,20260211140500000,sh.601398,7.2900,7.3000,7.2900,7.3000,2652400,19349309.0000,3
2026-02-11,20260211141000000,sh.601398,7.3000,7.3000,7.2900,7.2900,1128300,8234338.0000,3
2026-02-11,20260211141500000,sh.601398,7.3000,7.3000,7.2900,7.3000,2439680,17802925.0000,3
2026-02-11,20260211142000000,sh.601398,7.3000,7.3000,7.2900,7.2900,2611274,19053203.0000,3
2026-02-11,20260211142500000,sh.601398,7.3000,7.3000,7.2900,7.3000,2072516,15122731.0000,3
2026-02-11,20260211143000000,sh.601398,7.3000,7.3000,7.2900,7.2900,2363053,17245395.0000,3
2026-02-11,20260211143500000,sh.601398,7.3000,7.3000,7.2900,7.3000,3138700,22907797.0000,3
2026-02-11,20260211144000000,sh.601398,7.3000,7.3000,7.2900,7.2900,2344700,17107903.0000,3
2026-02-11,20260211144500000,sh.601398,7.3000,7.3000,7.2900,7.3000,4141900,30224418.0000,3
2026-02-11,20260211145000000,sh.601398,7.3000,7.3000,7.2900,7.3000,7250900,52876290.0000,3
2026-02-11,20260211145500000,sh.601398,7.3000,7.3000,7.2900,7.3000,4395800,32060622.0000,3
2026-02-11,20260211150000000,sh.601398,7.3000,7.3000,7.2900,7.2900,5724933,41743529.0000,3
2026-02-12,20260212093500000,sh.601398,7.2900,7.2900,7.2500,7.2500,17691500,128461837.0000,3
2026-02-12,20260212094000000,sh.601398,7.2600,7.2700,7.2500,7.2500,7571500,54951293.0000,3
2026-02-12,20260212094500000,sh.601398,7.2600,7.2700,7.2300,7.2400,21733200,157490596.0000,3
2026-02-12,20260212095000000,sh.601398,7.2300,7.2400,7.2100,7.2200,19188600,138562935.0000,3
2026-02-12,20260212095500000,sh.601398,7.2200,7.2200,7.2100,7.2200,10301800,74342445.0000,3
2026-02-12,20260212100000000,sh.601398,7.2100,7.2200,7.2100,7.2200,6165600,44497094.0000,3
2026-02-12,20260212100500000,sh.601398,7.2100,7.2200,7.2000,7.2100,20456001,147461890.0000,3
2026-02-12,20260212101000000,sh.601398,7.2100,7.2200,7.2000,7.2100,4616700,33283501.0000,3
2026-02-12,20260212101500000,sh.601398,7.2100,7.2300,7.2100,7.2300,6930600,50014209.0000,3
2026-02-12,20260212102000000,sh.601398,7.2300,7.2300,7.2100,7.2200,3518200,25407980.0000,3
2026-02-12,20260212102500000,sh.601398,7.2100,7.2300,7.2100,7.2200,2484417,17930840.0000,3
2026-02-12,20260212103000000,sh.601398,7.2100,7.2200,7.2100,7.2200,1990300,14357406.0000,3
2026-02-12,20260212103500000,sh.601398,7.2100,7.2200,7.2100,7.2100,3824800,27602787.0000,3
2026-02-12,20260212104000000,sh.601398,7.2200,7.2200,7.2100,7.2200,2709900,19557777.0000,3
2026-02-12,20260212104500000,sh.601398,7.2100,7.2200,7.2000,7.2000,11306283,81495997.0000,3
2026-02-12,20260212105000000,sh.601398,7.2100,7.2200,7.2000,7.2100,2289900,16505708.0000,3
2026-02-12,20260212105500000,sh.601398,7.2000,7.2100,7.2000,7.2000,1589700,11456299.0000,3
2026-02-12,20260212110000000,sh.601398,7.2100,7.2100,7.1900,7.1900,27277900,196358441.0000,3
2026-02-12,20260212110500000,sh.601398,7.1900,7.2000,7.1800,7.1900,9725099,69884102.0000,3
2026-02-12,20260212111000000,sh.601398,7.1900,7.1900,7.1800,7.1800,5445400,39140250.0000,3
2026-02-12,20260212111500000,sh.601398,7.1900,7.1900,7.1800,7.1900,7791000,55960245.0000,3
2026-02-12,20260212112000000,sh.601398,7.1900,7.1900,7.1800,7.1900,4231200,30399961.0000,3
2026-02-12,20260212112500000,sh.601398,7.1800,7.1900,7.1800,7.1900,3550600,25516285.0000,3
2026-02-12,20260212113000000,sh.601398,7.1800,7.1900,7.1800,7.1800,3634600,26114162.0000,3
2026-02-12,20260212130500000,sh.601398,7.1800,7.1900,7.1700,7.1800,25550800,183435100.0000,3
2026-02-12,20260212131000000,sh.601398,7.1700,7.1800,7.1700,7.1800,6623607,47526804.0000,3
2026-02-12,20260212131500000,sh.601398,7.1700,7.1800,7.1700,7.1800,6128700,43961742.0000,3
2026-02-12,20260212132000000,sh.601398,7.1800,7.1800,7.1700,7.1800,3496500,25100220.0000,3
2026-02-12,20260212132500000,sh.601398,7.1700,7.1800,7.1700,7.1800,3007500,21587886.0000,3
2026-02-12,20260212133000000,sh.601398,7.1700,7.1800,7.1700,7.1700,4383100,31439603.0000,3
2026-02-12,20260212133500000,sh.601398,7.1700,7.1800,7.1700,7.1800,3332693,23909822.0000,3
2026-02-12,20260212134000000,sh.601398,7.1700,7.1800,7.1700,7.1800,6190300,44410876.0000,3
2026-02-12,20260212134500000,sh.601398,7.1800,7.1800,7.1700,7.1800,6201800,44507613.0000,3
2026-02-12,20260212135000000,sh.601398,7.1800,7.1800,7.1700,7.1800,3807700,27333768.0000,3
2026-02-12,20260212135500000,sh.601398,7.1800,7.1800,7.1700,7.1800,5236000,37588108.0000,3
2026-02-12,20260212140000000,sh.601398,7.1800,7.1900,7.1700,7.1900,3612800,25935799.0000,3
2026-02-12,20260212140500000,sh.601398,7.1800,7.1900,7.1700,7.1800,4389500,31512810.0000,3
2026-02-12,20260212141000000,sh.601398,7.1800,7.1900,7.1700,7.1800,3799100,27269879.0000,3
2026-02-12,20260212141500000,sh.601398,7.1800,7.1900,7.1700,7.1800,3069500,22034365.0000,3
2026-02-12,20260212142000000,sh.601398,7.1800,7.1800,7.1700,7.1700,3861400,27720011.0000,3
2026-02-12,20260212142500000,sh.601398,7.1800,7.1800,7.1700,7.1800,3994100,28669410.0000,3
2026-02-12,20260212143000000,sh.601398,7.1700,7.1900,7.1700,7.1900,3646900,26181704.0000,3
2026-02-12,20260212143500000,sh.601398,7.1800,7.1900,7.1700,7.1800,5418656,38904493.0000,3
2026-02-12,20260212144000000,sh.601398,7.1800,7.1900,7.1700,7.1800,5294900,38011574.0000,3
2026-02-12,20260212144500000,sh.601398,7.1800,7.1900,7.1800,7.1800,6478400,46561687.0000,3
2026-02-12,20260212145000000,sh.601398,7.1800,7.1900,7.1800,7.1800,7397741,53150269.0000,3
2026-02-12,20260212145500000,sh.601398,7.1800,7.1900,7.1800,7.1800,9912100,71218005.0000,3
2026-02-12,20260212150000000,sh.601398,7.1800,7.1900,7.1800,7.1800,12225083,87808362.0000,3
2026-02-13,20260213093500000,sh.601398,7.1900,7.2000,7.1600,7.1600,20398000,146258843.0000,3
2026-02-13,20260213094000000,sh.601398,7.1600,7.1700,7.1500,7.1600,13088000,93688886.0000,3
2026-02-13,20260213094500000,sh.601398,7.1600,7.1700,7.1500,7.1600,8430522,60348003.0000,3
2026-02-13,20260213095000000,sh.601398,7.1600,7.1700,7.1500,7.1600,5333086,38181849.0000,3
2026-02-13,20260213095500000,sh.601398,7.1600,7.1800,7.1600,7.1700,5906000,42348316.0000,3
2026-02-13,20260213100000000,sh.601398,7.1800,7.1800,7.1600,7.1600,4442113,31855072.0000,3
2026-02-13,20260213100500000,sh.601398,7.1600,7.1700,7.1600,7.1700,3027100,21679965.0000,3
2026-02-13,20260213101000000,sh.601398,7.1700,7.1700,7.1500,7.1600,8502187,60856706.0000,3
2026-02-13,20260213101500000,sh.601398,7.1600,7.1700,7.1500,7.1700,3087600,22105664.0000,3
2026-02-13,20260213102000000,sh.601398,7.1600,7.1700,7.1600,7.1600,2350700,16843235.0000,3
2026-02-13,20260213102500000,sh.601398,7.1700,7.1700,7.1600,7.1700,2513500,18015141.0000,3
2026-02-13,20260213103000000,sh.601398,7.1700,7.1800,7.1600,7.1700,4730545,33908774.0000,3
2026-02-13,20260213103500000,sh.601398,7.1700,7.1800,7.1600,7.1700,3708600,26592969.0000,3
2026-02-13,20260213104000000,sh.601398,7.1700,7.1800,7.1600,7.1600,1700900,12192889.0000,3
2026-02-13,20260213104500000,sh.601398,7.1700,7.1700,7.1600,7.1600,1265900,9068409.0000,3
2026-02-13,20260213105000000,sh.601398,7.1700,7.1700,7.1500,7.1600,10482255,75053380.0000,3
2026-02-13,20260213105500000,sh.601398,7.1600,7.1700,7.1500,7.1600,1866300,13363103.0000,3
2026-02-13,20260213110000000,sh.601398,7.1700,7.1700,7.1600,7.1700,2277723,16312937.0000,3
2026-02-13,20260213110500000,sh.601398,7.1600,7.1700,7.1500,7.1500,5052077,36173737.0000,3
2026-02-13,20260213111000000,sh.601398,7.1500,7.1600,7.1500,7.1600,1722500,12322916.0000,3
2026-02-13,20260213111500000,sh.601398,7.1500,7.1600,7.1500,7.1500,3643000,26056027.0000,3
2026-02-13,20260213112000000,sh.601398,7.1500,7.1600,7.1500,7.1600,4837400,34613280.0000,3
2026-02-13,20260213112500000,sh.601398,7.1600,7.1600,7.1500,7.1600,5377200,38466150.0000,3
2026-02-13,20260213113000000,sh.601398,7.1500,7.1600,7.1500,7.1600,6029500,43115252.0000,3
2026-02-13,20260213130500000,sh.601398,7.1600,7.1600,7.1400,7.1500,26925000,192463522.0000,3
2026-02-13,20260213131000000,sh.601398,7.1400,7.1500,7.1300,7.1400,6163700,44001035.0000,3
2026-02-13,20260213131500000,sh.601398,7.1400,7.1400,7.1300,7.1300,4468300,31884104.0000,3
2026-02-13,20260213132000000,sh.601398,7.1400,7.1400,7.1300,7.1400,4652100,33208005.0000,3
2026-02-13,20260213132500000,sh.601398,7.1400,7.1500,7.1300,7.1400,4841000,34559433.0000,3
2026-02-13,20260213133000000,sh.601398,7.1400,7.1500,7.1300,7.1400,4035600,28808357.0000,3
2026-02-13,20260213133500000,sh.601398,7.1400,7.1400,7.1300,7.1300,4756600,33931362.0000,3
2026-02-13,20260213134000000,sh.601398,7.1300,7.1400,7.1300,7.1400,3813900,27214601.0000,3
2026-02-13,20260213134500000,sh.601398,7.1400,7.1400,7.1300,7.1300,4581300,32698611.0000,3
2026-02-13,20260213135000000,sh.601398,7.1300,7.1400,7.1300,7.1300,5268590,37601505.0000,3
2026-02-13,20260213135500000,sh.601398,7.1400,7.1400,7.1300,7.1300,3689000,26319349.0000,3
2026-02-13,20260213140000000,sh.601398,7.1400,7.1400,7.1300,7.1400,5537800,39521927.0000,3
2026-02-13,20260213140500000,sh.601398,7.1400,7.1400,7.1300,7.1400,3385200,24156691.0000,3
2026-02-13,20260213141000000,sh.601398,7.1400,7.1400,7.1300,7.1400,6473859,46195324.0000,3
2026-02-13,20260213141500000,sh.601398,7.1300,7.1400,7.1200,7.1300,13294951,94782650.0000,3
2026-02-13,20260213142000000,sh.601398,7.1300,7.1300,7.1200,7.1300,5755300,41000115.0000,3
2026-02-13,20260213142500000,sh.601398,7.1300,7.1300,7.1100,7.1100,13510700,96183263.0000,3
2026-02-13,20260213143000000,sh.601398,7.1200,7.1200,7.1100,7.1100,7178400,51071822.0000,3
2026-02-13,20260213143500000,sh.601398,7.1200,7.1300,7.1100,7.1300,8345300,59451504.0000,3
2026-02-13,20260213144000000,sh.601398,7.1200,7.1300,7.1200,7.1200,10541535,75097161.0000,3
2026-02-13,20260213144500000,sh.601398,7.1200,7.1300,7.1100,7.1200,10652770,75825707.0000,3
2026-02-13,20260213145000000,sh.601398,7.1200,7.1300,7.1100,7.1300,8827660,62868860.0000,3
2026-02-13,20260213145500000,sh.601398,7.1100,7.1300,7.1100,7.1200,10374440,73858955.0000,3
2026-02-13,20260213150000000,sh.601398,7.1300,7.1300,7.1100,7.1100,10546795,75051320.0000,3
2026-02-24,20260224093500000,sh.601398,7.1300,7.1500,7.1100,7.1200,23798340,169632555.0000,3
2026-02-24,20260224094000000,sh.601398,7.1300,7.1400,7.1200,7.1200,12302100,87658607.0000,3
2026-02-24,20260224094500000,sh.601398,7.1100,7.1200,7.1100,7.1200,8827200,62819932.0000,3
2026-02-24,20260224095000000,sh.601398,7.1200,7.1200,7.1000,7.1100,10277645,73080648.0000,3
2026-02-24,20260224095500000,sh.601398,7.1100,7.1100,7.0700,7.1000,21301977,151053492.0000,3
2026-02-24,20260224100000000,sh.601398,7.1000,7.1000,7.0800,7.0900,6131600,43483013.0000,3
2026-02-24,20260224100500000,sh.601398,7.0900,7.0900,7.0700,7.0800,11569400,81897867.0000,3
2026-02-24,20260224101000000,sh.601398,7.0800,7.0800,7.0700,7.0800,3993255,28251492.0000,3
2026-02-24,20260224101500000,sh.601398,7.0800,7.0800,7.0700,7.0800,8025500,56756087.0000,3
2026-02-24,20260224102000000,sh.601398,7.0800,7.0800,7.0700,7.0800,4640400,32818797.0000,3
2026-02-24,20260224102500000,sh.601398,7.0800,7.0800,7.0700,7.0700,5450800,38570085.0000,3
2026-02-24,20260224103000000,sh.601398,7.0700,7.0800,7.0700,7.0800,7543982,53395744.0000,3
2026-02-24,20260224103500000,sh.601398,7.0900,7.0900,7.0800,7.0900,2318700,16423939.0000,3
2026-02-24,20260224104000000,sh.601398,7.0900,7.0900,7.0800,7.0900,1957700,13867858.0000,3
2026-02-24,20260224104500000,sh.601398,7.0800,7.0900,7.0800,7.0800,3145800,22276791.0000,3
2026-02-24,20260224105000000,sh.601398,7.0800,7.0900,7.0700,7.0800,4649800,32910729.0000,3
2026-02-24,20260224105500000,sh.601398,7.0700,7.0800,7.0700,7.0700,4127300,29207898.0000,3
2026-02-24,20260224110000000,sh.601398,7.0700,7.0900,7.0700,7.0800,4000604,28318929.0000,3
2026-02-24,20260224110500000,sh.601398,7.0900,7.0900,7.0800,7.0800,2018700,14305397.0000,3
2026-02-24,20260224111000000,sh.601398,7.0900,7.0900,7.0800,7.0800,1916100,13569570.0000,3
2026-02-24,20260224111500000,sh.601398,7.0800,7.0900,7.0800,7.0900,1925953,13638221.0000,3
2026-02-24,20260224112000000,sh.601398,7.0900,7.0900,7.0700,7.0800,3420347,24211576.0000,3
2026-02-24,20260224112500000,sh.601398,7.0800,7.0800,7.0700,7.0800,2972100,21033428.0000,3
2026-02-24,20260224113000000,sh.601398,7.0800,7.0900,7.0700,7.0900,5382652,38114591.0000,3
2026-02-24,20260224130500000,sh.601398,7.0900,7.1000,7.0800,7.0900,6816625,48317434.0000,3
2026-02-24,20260224131000000,sh.601398,7.0900,7.1000,7.0800,7.0800,2087600,14800031.0000,3
2026-02-24,20260224131500000,sh.601398,7.0800,7.0900,7.0800,7.0900,4800900,34029271.0000,3
2026-02-24,20260224132000000,sh.601398,7.0900,7.0900,7.0800,7.0800,2706990,19175663.0000,3
2026-02-24,20260224132500000,sh.601398,7.0800,7.0900,7.0800,7.0900,2788200,19745722.0000,3
2026-02-24,20260224133000000,sh.601398,7.0800,7.0900,7.0700,7.0700,8374875,59274829.0000,3
2026-02-24,20260224133500000,sh.601398,7.0800,7.0800,7.0700,7.0700,2818400,19935543.0000,3
2026-02-24,20260224134000000,sh.601398,7.0700,7.0800,7.0700,7.0800,3984200,28192848.0000,3
2026-02-24,20260224134500000,sh.601398,7.0700,7.0800,7.0700,7.0700,4638100,32823236.0000,3
2026-02-24,20260224135000000,sh.601398,7.0700,7.0800,7.0700,7.0700,2284950,16162170.0000,3
2026-02-24,20260224135500000,sh.601398,7.0700,7.0800,7.0700,7.0700,1842100,13031937.0000,3
2026-02-24,20260224140000000,sh.601398,7.0700,7.0800,7.0700,7.0800,3569700,25247152.0000,3
2026-02-24,20260224140500000,sh.601398,7.0700,7.0800,7.0700,7.0800,3781500,26763002.0000,3
2026-02-24,20260224141000000,sh.601398,7.0700,7.0800,7.0700,7.0700,3165900,22392669.0000,3
2026-02-24,20260224141500000,sh.601398,7.0700,7.0800,7.0700,7.0700,5217100,36914058.0000,3
2026-02-24,20260224142000000,sh.601398,7.0700,7.0800,7.0600,7.0700,19415600,137226795.0000,3
2026-02-24,20260224142500000,sh.601398,7.0600,7.0700,7.0600,7.0600,3476700,24554073.0000,3
2026-02-24,20260224143000000,sh.601398,7.0600,7.0700,7.0600,7.0700,5337700,37693697.0000,3
2026-02-24,20260224143500000,sh.601398,7.0600,7.0700,7.0600,7.0600,4033700,28488405.0000,3
2026-02-24,20260224144000000,sh.601398,7.0700,7.0700,7.0600,7.0600,9584035,67670482.0000,3
2026-02-24,20260224144500000,sh.601398,7.0500,7.0700,7.0500,7.0700,6964452,49152555.0000,3
2026-02-24,20260224145000000,sh.601398,7.0600,7.0700,7.0600,7.0600,5283473,37318267.0000,3
2026-02-24,20260224145500000,sh.601398,7.0600,7.0700,7.0600,7.0700,8325469,58803051.0000,3
2026-02-24,20260224150000000,sh.601398,7.0600,7.0700,7.0600,7.0600,13631796,96265651.0000,3
2026-02-25,20260225093500000,sh.601398,7.0600,7.0700,7.0300,7.0600,13702371,96558272.0000,3
2026-02-25,20260225094000000,sh.601398,7.0600,7.0600,7.0400,7.0500,8381500,59081131.0000,3
2026-02-25,20260225094500000,sh.601398,7.0400,7.0600,7.0400,7.0600,7599612,53559970.0000,3
2026-02-25,20260225095000000,sh.601398,7.0500,7.0700,7.0500,7.0700,6661100,47043803.0000,3
2026-02-25,20260225095500000,sh.601398,7.0700,7.0700,7.0600,7.0700,2904500,20528617.0000,3
2026-02-25,20260225100000000,sh.601398,7.0700,7.0700,7.0500,7.0600,5866100,41418815.0000,3
2026-02-25,20260225100500000,sh.601398,7.0600,7.0600,7.0500,7.0600,3064500,21616957.0000,3
2026-02-25,20260225101000000,sh.601398,7.0600,7.0600,7.0500,7.0600,4365400,30793948.0000,3
2026-02-25,20260225101500000,sh.601398,7.0600,7.0600,7.0500,7.0600,2331800,16451889.0000,3
2026-02-25,20260225102000000,sh.601398,7.0500,7.0600,7.0500,7.0600,3317800,23410725.0000,3
2026-02-25,20260225102500000,sh.601398,7.0600,7.0600,7.0500,7.0500,3104090,21897379.0000,3
2026-02-25,20260225103000000,sh.601398,7.0500,7.0600,7.0400,7.0600,12707410,89596836.0000,3
2026-02-25,20260225103500000,sh.601398,7.0600,7.0600,7.0500,7.0600,2904000,20481383.0000,3
2026-02-25,20260225104000000,sh.601398,7.0600,7.0600,7.0500,7.0500,1185200,8362999.0000,3
2026-02-25,20260225104500000,sh.601398,7.0500,7.0600,7.0500,7.0600,3550100,25051845.0000,3
2026-02-25,20260225105000000,sh.601398,7.0600,7.0600,7.0500,7.0500,1574800,11110891.0000,3
2026-02-25,20260225105500000,sh.601398,7.0600,7.0700,7.0500,7.0700,6233200,44007953.0000,3
2026-02-25,20260225110000000,sh.601398,7.0700,7.0700,7.0600,7.0700,1392541,9837332.0000,3
2026-02-25,20260225110500000,sh.601398,7.0700,7.0700,7.0600,7.0600,2377500,16805921.0000,3
2026-02-25,20260225111000000,sh.601398,7.0700,7.0700,7.0600,7.0600,2475300,17492343.0000,3
2026-02-25,20260225111500000,sh.601398,7.0600,7.0700,7.0600,7.0600,1538500,10870861.0000,3
2026-02-25,20260225112000000,sh.601398,7.0700,7.0700,7.0600,7.0700,3024715,21359823.0000,3
2026-02-25,20260225112500000,sh.601398,7.0700,7.0700,7.0600,7.0600,2320300,16385264.0000,3
2026-02-25,20260225113000000,sh.601398,7.0700,7.0700,7.0600,7.0600,1812000,12801897.0000,3
2026-02-25,20260225130500000,sh.601398,7.0600,7.0700,7.0500,7.0500,12920644,91231302.0000,3
2026-02-25,20260225131000000,sh.601398,7.0600,7.0600,7.0500,7.0600,4196900,29600238.0000,3
2026-02-25,20260225131500000,sh.601398,7.0600,7.0600,7.0500,7.0600,2336000,16481473.0000,3
2026-02-25,20260225132000000,sh.601398,7.0500,7.0600,7.0500,7.0500,1836200,12953812.0000,3
2026-02-25,20260225132500000,sh.601398,7.0500,7.0600,7.0500,7.0600,2131600,15041555.0000,3
2026-02-25,20260225133000000,sh.601398,7.0500,7.0600,7.0500,7.0600,7399396,52232313.0000,3
2026-02-25,20260225133500000,sh.601398,7.0500,7.0600,7.0500,7.0500,3140700,22166014.0000,3
2026-02-25,20260225134000000,sh.601398,7.0500,7.0700,7.0500,7.0700,3721000,26266441.0000,3
2026-02-25,20260225134500000,sh.601398,7.0600,7.0700,7.0600,7.0700,2882300,20358341.0000,3
2026-02-25,20260225135000000,sh.601398,7.0600,7.0700,7.0500,7.0600,6414000,45260430.0000,3
2026-02-25,20260225135500000,sh.601398,7.0500,7.0600,7.0500,7.0500,2879800,20314562.0000,3
2026-02-25,20260225140000000,sh.601398,7.0600,7.0600,7.0500,7.0600,2208242,15578111.0000,3
2026-02-25,20260225140500000,sh.601398,7.0500,7.0600,7.0500,7.0500,1926500,13591932.0000,3
2026-02-25,20260225141000000,sh.601398,7.0500,7.0600,7.0500,7.0500,2064700,14565521.0000,3
2026-02-25,20260225141500000,sh.601398,7.0600,7.0600,7.0500,7.0600,11347899,80011775.0000,3
2026-02-25,20260225142000000,sh.601398,7.0600,7.0600,7.0400,7.0500,5949600,41929591.0000,3
2026-02-25,20260225142500000,sh.601398,7.0400,7.0500,7.0400,7.0500,2567300,18087889.0000,3
2026-02-25,20260225143000000,sh.601398,7.0500,7.0500,7.0400,7.0500,3199100,22533140.0000,3
2026-02-25,20260225143500000,sh.601398,7.0400,7.0500,7.0400,7.0400,3381400,23819132.0000,3
2026-02-25,20260225144000000,sh.601398,7.0500,7.0500,7.0400,7.0400,2896100,20401525.0000,3
2026-02-25,20260225144500000,sh.601398,7.0400,7.0500,7.0400,7.0500,4788800,33726693.0000,3
2026-02-25,20260225145000000,sh.601398,7.0400,7.0500,7.0400,7.0400,4898000,34501812.0000,3
2026-02-25,20260225145500000,sh.601398,7.0500,7.0500,7.0400,7.0500,7527669,53045627.0000,3
2026-02-25,20260225150000000,sh.601398,7.0400,7.0600,7.0400,7.0500,12281239,86569767.0000,3
2026-02-26,20260226093500000,sh.601398,7.0600,7.0600,7.0400,7.0500,7918535,55835958.0000,3
2026-02-26,20260226094000000,sh.601398,7.0600,7.0700,7.0500,7.0600,9564857,67537848.0000,3
2026-02-26,20260226094500000,sh.601398,7.0600,7.0600,7.0500,7.0500,4606100,32498341.0000,3
2026-02-26,20260226095000000,sh.601398,7.0500,7.0700,7.0500,7.0600,9340898,65923288.0000,3
2026-02-26,20260226095500000,sh.601398,7.0600,7.0600,7.0400,7.0400,8421900,59374156.0000,3
2026-02-26,20260226100000000,sh.601398,7.0400,7.0500,7.0400,7.0400,8566900,60331100.0000,3
2026-02-26,20260226100500000,sh.601398,7.0400,7.0500,7.0300,7.0400,6539800,46011809.0000,3
2026-02-26,20260226101000000,sh.601398,7.0300,7.0400,7.0200,7.0300,10446400,73425454.0000,3
2026-02-26,20260226101500000,sh.601398,7.0200,7.0300,7.0200,7.0200,5463500,38367286.0000,3
2026-02-26,20260226102000000,sh.601398,7.0200,7.0300,7.0100,7.0200,12982432,91078218.0000,3
2026-02-26,20260226102500000,sh.601398,7.0200,7.0200,7.0100,7.0100,5181868,36341666.0000,3
2026-02-26,20260226103000000,sh.601398,7.0100,7.0200,7.0000,7.0000,17286900,121152573.0000,3
2026-02-26,20260226103500000,sh.601398,7.0000,7.0100,7.0000,7.0000,4994800,34983537.0000,3
2026-02-26,20260226104000000,sh.601398,7.0000,7.0100,7.0000,7.0100,7120313,49860523.0000,3
2026-02-26,20260226104500000,sh.601398,7.0000,7.0100,6.9800,6.9900,26768987,187204215.0000,3
2026-02-26,20260226105000000,sh.601398,6.9900,6.9900,6.9700,6.9800,12693200,88606477.0000,3
2026-02-26,20260226105500000,sh.601398,6.9700,6.9800,6.9700,6.9700,12045002,83968464.0000,3
2026-02-26,20260226110000000,sh.601398,6.9800,6.9800,6.9700,6.9700,5662222,39480375.0000,3
2026-02-26,20260226110500000,sh.601398,6.9700,6.9800,6.9600,6.9700,8694200,60579228.0000,3
2026-02-26,20260226111000000,sh.601398,6.9700,6.9800,6.9600,6.9700,7008400,48856053.0000,3
2026-02-26,20260226111500000,sh.601398,6.9700,6.9700,6.9600,6.9600,5726300,39884638.0000,3
2026-02-26,20260226112000000,sh.601398,6.9700,6.9700,6.9600,6.9700,3657100,25471239.0000,3
2026-02-26,20260226112500000,sh.601398,6.9700,6.9700,6.9600,6.9700,3470300,24168677.0000,3
2026-02-26,20260226113000000,sh.601398,6.9600,6.9700,6.9600,6.9600,4591879,31981609.0000,3
2026-02-26,20260226130500000,sh.601398,6.9700,6.9700,6.9600,6.9600,8823501,61483427.0000,3
2026-02-26,20260226131000000,sh.601398,6.9700,6.9700,6.9500,6.9500,16114994,112158216.0000,3
2026-02-26,20260226131500000,sh.601398,6.9600,6.9600,6.9500,6.9500,4343190,30209141.0000,3
2026-02-26,20260226132000000,sh.601398,6.9600,6.9600,6.9500,6.9600,2822500,19634102.0000,3
2026-02-26,20260226132500000,sh.601398,6.9600,6.9600,6.9500,6.9600,5192100,36096554.0000,3
2026-02-26,20260226133000000,sh.601398,6.9600,6.9600,6.9500,6.9600,5082700,35346831.0000,3
2026-02-26,20260226133500000,sh.601398,6.9500,6.9600,6.9500,6.9600,5141900,35746720.0000,3
2026-02-26,20260226134000000,sh.601398,6.9500,6.9600,6.9400,6.9400,16097700,111857642.0000,3
2026-02-26,20260226134500000,sh.601398,6.9500,6.9500,6.9400,6.9400,5853900,40639667.0000,3
2026-02-26,20260226135000000,sh.601398,6.9400,6.9500,6.9400,6.9500,7622200,52903637.0000,3
2026-02-26,20260226135500000,sh.601398,6.9500,6.9500,6.9400,6.9400,2223600,15442576.0000,3
2026-02-26,20260226140000000,sh.601398,6.9500,6.9500,6.9400,6.9500,4375600,30377930.0000,3
2026-02-26,20260226140500000,sh.601398,6.9400,6.9500,6.9400,6.9400,7301500,50683110.0000,3
2026-02-26,20260226141000000,sh.601398,6.9500,6.9500,6.9400,6.9400,4178500,29004228.0000,3
2026-02-26,20260226141500000,sh.601398,6.9400,6.9500,6.9400,6.9500,4196700,29132098.0000,3
2026-02-26,20260226142000000,sh.601398,6.9500,6.9500,6.9400,6.9500,4116800,28581532.0000,3
2026-02-26,20260226142500000,sh.601398,6.9400,6.9500,6.9400,6.9400,3542400,24602450.0000,3
2026-02-26,20260226143000000,sh.601398,6.9500,6.9500,6.9400,6.9500,4644900,32260553.0000,3
2026-02-26,20260226143500000,sh.601398,6.9500,6.9500,6.9400,6.9400,2829300,19654649.0000,3
2026-02-26,20260226144000000,sh.601398,6.9500,6.9500,6.9400,6.9500,5885600,40874637.0000,3
2026-02-26,20260226144500000,sh.601398,6.9500,6.9500,6.9400,6.9400,4458500,30957872.0000,3
2026-02-26,20260226145000000,sh.601398,6.9500,6.9600,6.9400,6.9500,15369693,106807156.0000,3
2026-02-26,20260226145500000,sh.601398,6.9500,6.9600,6.9500,6.9600,7397900,51456700.0000,3
2026-02-26,20260226150000000,sh.601398,6.9600,6.9600,6.9500,6.9600,11446800,79651816.0000,3
