date,time,code,open,high,low,close,volume,amount,adjustflag
2025-02-26,20250226093500000,sz.002732,15.7100,15.7400,15.5800,15.6700,177300,2780954.0000,3
2025-02-26,20250226094000000,sz.002732,15.6700,15.7000,15.6300,15.6800,60400,945500.0000,3
2025-02-26,20250226094500000,sz.002732,15.6800,15.7300,15.6700,15.7200,64700,1016181.0000,3
2025-02-26,20250226095000000,sz.002732,15.7200,15.7200,15.6800,15.7200,31300,491423.0000,3
2025-02-26,20250226095500000,sz.002732,15.6900,15.7200,15.6800,15.7200,69200,1085618.0000,3
2025-02-26,20250226100000000,sz.002732,15.6900,15.7100,15.6600,15.6600,9400,147497.0000,3
2025-02-26,20250226100500000,sz.002732,15.6600,15.7000,15.6600,15.6800,28100,440748.0000,3
2025-02-26,20250226101000000,sz.002732,15.6800,15.7000,15.6600,15.7000,16200,254025.0000,3
2025-02-26,20250226101500000,sz.002732,15.7000,15.7000,15.6700,15.6900,15100,236814.0000,3
2025-02-26,20250226102000000,sz.002732,15.6900,15.7200,15.6900,15.7200,19300,303102.0000,3
2025-02-26,20250226102500000,sz.002732,15.7200,15.7200,15.7100,15.7200,22000,345711.0000,3
2025-02-26,20250226103000000,sz.002732,15.7200,15.7200,15.7000,15.7000,13300,208956.0000,3
2025-02-26,20250226103500000,sz.002732,15.7100,15.7100,15.6900,15.7000,20700,324997.0000,3
2025-02-26,20250226104000000,sz.002732,15.7000,15.7100,15.6900,15.7000,12700,199351.0000,3
2025-02-26,20250226104500000,sz.002732,15.7000,15.7000,15.6900,15.6900,16000,251044.0000,3
2025-02-26,20250226105000000,sz.002732,15.6900,15.7000,15.6900,15.6900,18800,295053.0000,3
2025-02-26,20250226105500000,sz.002732,15.7000,15.7200,15.7000,15.7200,37400,587694.0000,3
2025-02-26,20250226110000000,sz.002732,15.7200,15.7500,15.7200,15.7400,71300,1121889.0000,3
2025-02-26,20250226110500000,sz.002732,15.7400,15.7500,15.7300,15.7500,30500,480241.0000,3
2025-02-26,20250226111000000,sz.002732,15.7400,15.7700,15.7400,15.7700,39300,619129.0000,3
2025-02-26,20250226111500000,sz.002732,15.7700,15.8000,15.7500,15.7900,106400,1679387.0000,3
2025-02-26,20250226112000000,sz.002732,15.7900,15.8000,15.7600,15.7800,49000,773530.0000,3
2025-02-26,20250226112500000,sz.002732,15.7800,15.7900,15.7400,15.7600,40800,643392.0000,3
2025-02-26,20250226113000000,sz.002732,15.7600,15.7900,15.7500,15.7900,26300,414646.0000,3
2025-02-26,20250226130500000,sz.002732,15.7800,15.8000,15.7500,15.7800,35400,558842.0000,3
2025-02-26,20250226131000000,sz.002732,15.7800,15.7800,15.7600,15.7600,23900,376894.0000,3
2025-02-26,20250226131500000,sz.002732,15.7600,15.7600,15.7500,15.7500,27400,431743.0000,3
2025-02-26,20250226132000000,sz.002732,15.7500,15.7500,15.7500,15.7500,15100,237836.0000,3
2025-02-26,20250226132500000,sz.002732,15.7500,15.7800,15.7500,15.7700,32900,518640.0000,3
2025-02-26,20250226133000000,sz.002732,15.7700,15.7700,15.7500,15.7500,12700,200192.0000,3
2025-02-26,20250226133500000,sz.002732,15.7600,15.7600,15.7400,15.7400,7900,124468.0000,3
2025-02-26,20250226134000000,sz.002732,15.7400,15.7800,15.7400,15.7700,13600,214354.0000,3
2025-02-26,20250226134500000,sz.002732,15.7600,15.7800,15.7600,15.7700,15500,244338.0000,3
2025-02-26,20250226135000000,sz.002732,15.7600,15.7700,15.7600,15.7600,19300,304214.0000,3
2025-02-26,20250226135500000,sz.002732,15.7600,15.7700,15.7600,15.7700,25800,406618.0000,3
2025-02-26,20250226140000000,sz.002732,15.7700,15.7700,15.7500,15.7600,26100,411282.0000,3
2025-02-26,20250226140500000,sz.002732,15.7500,15.7500,15.7200,15.7200,17100,269192.0000,3
2025-02-26,20250226141000000,sz.002732,15.7200,15.7500,15.7200,15.7300,35700,561482.0000,3
2025-02-26,20250226141500000,sz.002732,15.7300,15.7600,15.7300,15.7600,10100,159092.0000,3
2025-02-26,20250226142000000,sz.002732,15.7700,15.7800,15.7600,15.7700,11100,175048.0000,3
2025-02-26,20250226142500000,sz.002732,15.7700,15.7800,15.7600,15.7800,25200,397584.0000,3
2025-02-26,20250226143000000,sz.002732,15.7900,15.7900,15.7800,15.7900,26400,416710.0000,3
2025-02-26,20250226143500000,sz.002732,15.7900,15.8000,15.7700,15.8000,32800,517798.0000,3
2025-02-26,20250226144000000,sz.002732,15.8000,15.8000,15.7800,15.7800,69200,1092576.0000,3
2025-02-26,20250226144500000,sz.002732,15.7800,15.8000,15.7800,15.7900,30600,483192.0000,3
2025-02-26,20250226145000000,sz.002732,15.8000,15.8200,15.7900,15.8000,82500,1303858.0000,3
2025-02-26,20250226145500000,sz.002732,15.8000,15.8400,15.8000,15.8300,57200,904966.0000,3
2025-02-26,20250226150000000,sz.002732,15.8200,15.8300,15.8100,15.8200,34600,547406.0000,3
2025-02-27,20250227093500000,sz.002732,15.9000,16.1200,15.8400,16.1200,318300,5085249.0000,3
2025-02-27,20250227094000000,sz.002732,16.1200,16.3000,16.1000,16.1400,344900,5584070.0000,3
2025-02-27,20250227094500000,sz.002732,16.1400,16.2400,16.1300,16.1800,160800,2601392.0000,3
2025-02-27,20250227095000000,sz.002732,16.1900,16.4500,16.1900,16.2100,316700,5171243.0000,3
2025-02-27,20250227095500000,sz.002732,16.2300,16.2500,16.1700,16.1700,131500,2130760.0000,3
2025-02-27,20250227100000000,sz.002732,16.1800,16.1900,16.1600,16.1700,71000,1148408.0000,3
2025-02-27,20250227100500000,sz.002732,16.1700,16.2300,16.1500,16.1600,101400,1641216.0000,3
2025-02-27,20250227101000000,sz.002732,16.1600,16.1800,16.1000,16.1700,116500,1880276.0000,3
2025-02-27,20250227101500000,sz.002732,16.1600,16.1600,16.0700,16.1000,72300,1164964.0000,3
2025-02-27,20250227102000000,sz.002732,16.1000,16.1300,16.0900,16.1100,77700,1251450.0000,3
2025-02-27,20250227102500000,sz.002732,16.1100,16.1700,16.0900,16.1700,86400,1394024.0000,3
2025-02-27,20250227103000000,sz.002732,16.1800,16.1900,16.1300,16.1300,36500,590092.0000,3
2025-02-27,20250227103500000,sz.002732,16.1300,16.1500,16.0700,16.0700,76800,1236888.0000,3
2025-02-27,20250227104000000,sz.002732,16.0800,16.0800,16.0200,16.0200,150500,2412272.0000,3
2025-02-27,20250227104500000,sz.002732,16.0200,16.0500,16.0100,16.0200,41700,668056.0000,3
2025-02-27,20250227105000000,sz.002732,16.0200,16.0200,15.9800,15.9900,78500,1256328.0000,3
2025-02-27,20250227105500000,sz.002732,15.9900,15.9900,15.9300,15.9500,96000,1532804.0000,3
2025-02-27,20250227110000000,sz.002732,15.9500,16.0100,15.9500,16.0100,38100,609464.0000,3
2025-02-27,20250227110500000,sz.002732,16.0100,16.0500,16.0100,16.0300,45800,734016.0000,3
2025-02-27,20250227111000000,sz.002732,16.0300,16.0300,16.0000,16.0100,23900,382740.0000,3
2025-02-27,20250227111500000,sz.002732,16.0000,16.0600,16.0000,16.0100,37400,599672.0000,3
2025-02-27,20250227112000000,sz.002732,16.0100,16.0100,15.9200,15.9200,24900,397836.0000,3
2025-02-27,20250227112500000,sz.002732,15.9200,16.0000,15.9200,16.0000,30800,491500.0000,3
2025-02-27,20250227113000000,sz.002732,16.0000,16.0000,15.9800,15.9900,29800,476588.0000,3
2025-02-27,20250227130500000,sz.002732,15.9900,16.0100,15.9900,16.0100,27900,446384.0000,3
2025-02-27,20250227131000000,sz.002732,16.0100,16.0100,15.9600,15.9800,49500,791728.0000,3
2025-02-27,20250227131500000,sz.002732,15.9600,16.1800,15.9600,16.1200,118500,1906888.0000,3
2025-02-27,20250227132000000,sz.002732,16.1200,16.1300,16.0400,16.0400,55700,895344.0000,3
2025-02-27,20250227132500000,sz.002732,16.0700,16.1200,16.0000,16.0700,139500,2240520.0000,3
2025-02-27,20250227133000000,sz.002732,16.0900,16.0900,16.0400,16.0500,34900,560568.0000,3
2025-02-27,20250227133500000,sz.002732,16.0500,16.1100,16.0400,16.1000,102200,1643964.0000,3
2025-02-27,20250227134000000,sz.002732,16.1000,16.1000,16.0300,16.0400,64300,1033488.0000,3
2025-02-27,20250227134500000,sz.002732,16.0400,16.0900,16.0300,16.0900,48600,780708.0000,3
2025-02-27,20250227135000000,sz.002732,16.0900,16.1700,16.0600,16.1700,88600,1427516.0000,3
2025-02-27,20250227135500000,sz.002732,16.1700,16.2000,16.1600,16.1800,94300,1525956.0000,3
2025-02-27,20250227140000000,sz.002732,16.1800,16.2000,16.1600,16.1600,61800,1000512.0000,3
2025-02-27,20250227140500000,sz.002732,16.1600,16.1800,16.1500,16.1600,41200,666036.0000,3
2025-02-27,20250227141000000,sz.002732,16.1600,16.1900,16.1500,16.1800,34900,564384.0000,3
2025-02-27,20250227141500000,sz.002732,16.1800,16.1800,16.1700,16.1700,28500,461100.0000,3
2025-02-27,20250227142000000,sz.002732,16.1700,16.1900,16.1700,16.1900,26500,428724.0000,3
2025-02-27,20250227142500000,sz.002732,16.1900,16.2200,16.1900,16.2200,59900,970536.0000,3
2025-02-27,20250227143000000,sz.002732,16.2200,16.2500,16.2200,16.2400,51500,836000.0000,3
2025-02-27,20250227143500000,sz.002732,16.2500,16.2500,16.2100,16.2100,64400,1045764.0000,3
2025-02-27,20250227144000000,sz.002732,16.2100,16.2300,16.1900,16.2200,51600,836396.0000,3
2025-02-27,20250227144500000,sz.002732,16.2200,16.2300,16.1900,16.2200,23800,385836.0000,3
2025-02-27,20250227145000000,sz.002732,16.2200,16.2300,16.2100,16.2200,64900,1052576.0000,3
2025-02-27,20250227145500000,sz.002732,16.2200,16.2500,16.2200,16.2500,88100,1430512.0000,3
2025-02-27,20250227150000000,sz.002732,16.2500,16.2500,16.2200,16.2200,107600,1745972.0000,3
2025-02-28,20250228093500000,sz.002732,16.1400,16.3600,16.1300,16.3500,466700,7578792.0000,3
2025-02-28,20250228094000000,sz.002732,16.3500,16.3500,16.1600,16.1600,221900,3607064.0000,3
2025-02-28,20250228094500000,sz.002732,16.1600,16.2300,16.1400,16.1500,233600,3778543.0000,3
2025-02-28,20250228095000000,sz.002732,16.1500,16.2200,16.0900,16.0900,168300,2717885.0000,3
2025-02-28,20250228095500000,sz.002732,16.1000,16.1500,16.0500,16.0800,107900,1735634.0000,3
2025-02-28,20250228100000000,sz.002732,16.0900,16.0900,16.0300,16.0300,63900,1026628.0000,3
2025-02-28,20250228100500000,sz.002732,16.0300,16.0800,16.0000,16.0000,76400,1225410.0000,3
2025-02-28,20250228101000000,sz.002732,16.0000,16.1300,16.0000,16.1000,76900,1234232.0000,3
2025-02-28,20250228101500000,sz.002732,16.1200,16.1800,16.1200,16.1400,111600,1803028.0000,3
2025-02-28,20250228102000000,sz.002732,16.1300,16.1300,16.0900,16.0900,32300,519956.0000,3
2025-02-28,20250228102500000,sz.002732,16.1000,16.1600,16.0900,16.1300,34000,548136.0000,3
2025-02-28,20250228103000000,sz.002732,16.1300,16.1400,16.1000,16.1000,24900,401468.0000,3
2025-02-28,20250228103500000,sz.002732,16.1000,16.1200,16.0800,16.1000,23300,375124.0000,3
2025-02-28,20250228104000000,sz.002732,16.1000,16.1200,16.1000,16.1200,13100,211030.0000,3
2025-02-28,20250228104500000,sz.002732,16.1100,16.1100,16.0900,16.0900,14900,239878.0000,3
2025-02-28,20250228105000000,sz.002732,16.0900,16.1000,16.0800,16.0900,21600,347326.0000,3
2025-02-28,20250228105500000,sz.002732,16.0900,16.1000,16.0200,16.0600,76600,1229506.0000,3
2025-02-28,20250228110000000,sz.002732,16.0000,16.0300,15.9800,16.0100,63200,1010682.0000,3
2025-02-28,20250228110500000,sz.002732,16.0400,16.0500,16.0000,16.0000,39900,639412.0000,3
2025-02-28,20250228111000000,sz.002732,16.0100,16.0300,15.9900,15.9900,12500,200094.0000,3
2025-02-28,20250228111500000,sz.002732,15.9900,16.0000,15.9600,15.9600,58400,933670.0000,3
2025-02-28,20250228112000000,sz.002732,15.9600,16.0000,15.9400,15.9900,72000,1148474.0000,3
2025-02-28,20250228112500000,sz.002732,15.9800,15.9800,15.9300,15.9500,65000,1036618.0000,3
2025-02-28,20250228113000000,sz.002732,15.9800,16.0000,15.9600,15.9800,13000,207808.0000,3
2025-02-28,20250228130500000,sz.002732,15.9800,16.0300,15.9700,15.9700,29300,468772.0000,3
2025-02-28,20250228131000000,sz.002732,15.9700,15.9800,15.9600,15.9700,8900,142136.0000,3
2025-02-28,20250228131500000,sz.002732,15.9700,16.0000,15.9600,15.9900,17800,284372.0000,3
2025-02-28,20250228132000000,sz.002732,16.0000,16.0200,15.9900,15.9900,20800,332852.0000,3
2025-02-28,20250228132500000,sz.002732,15.9900,16.0100,15.9800,16.0000,23100,369288.0000,3
2025-02-28,20250228133000000,sz.002732,15.9900,16.0100,15.9900,16.0000,9700,155184.0000,3
2025-02-28,20250228133500000,sz.002732,16.0000,16.0100,15.9700,15.9700,13000,207848.0000,3
2025-02-28,20250228134000000,sz.002732,15.9700,15.9800,15.9700,15.9800,28700,458448.0000,3
2025-02-28,20250228134500000,sz.002732,15.9900,15.9900,15.9600,15.9600,13700,218792.0000,3
2025-02-28,20250228135000000,sz.002732,15.9700,16.0200,15.9600,15.9800,46900,749124.0000,3
2025-02-28,20250228135500000,sz.002732,15.9800,16.0500,15.9600,16.0300,21800,349048.0000,3
2025-02-28,20250228140000000,sz.002732,16.0300,16.0400,15.9900,15.9900,18200,291568.0000,3
2025-02-28,20250228140500000,sz.002732,15.9900,15.9900,15.9300,15.9400,23600,376588.0000,3
2025-02-28,20250228141000000,sz.002732,15.9400,15.9400,15.9100,15.9200,13900,221276.0000,3
2025-02-28,20250228141500000,sz.002732,15.9200,15.9300,15.9100,15.9300,23800,378824.0000,3
2025-02-28,20250228142000000,sz.002732,15.9200,15.9500,15.9100,15.9100,31600,503080.0000,3
2025-02-28,20250228142500000,sz.002732,15.9100,15.9600,15.9000,15.9500,51400,818368.0000,3
2025-02-28,20250228143000000,sz.002732,15.9500,15.9500,15.9100,15.9300,19000,302768.0000,3
2025-02-28,20250228143500000,sz.002732,15.9300,15.9300,15.8500,15.8800,92600,1471920.0000,3
2025-02-28,20250228144000000,sz.002732,15.8800,15.8900,15.8300,15.8600,33200,526524.0000,3
2025-02-28,20250228144500000,sz.002732,15.8600,15.9300,15.8600,15.8900,59200,941212.0000,3
2025-02-28,20250228145000000,sz.002732,15.8900,15.9000,15.8500,15.8500,53000,840540.0000,3
2025-02-28,20250228145500000,sz.002732,15.8500,15.8800,15.8300,15.8700,55100,874036.0000,3
2025-02-28,20250228150000000,sz.002732,15.8700,15.8800,15.8400,15.8600,48100,762880.0000,3
2025-03-03,20250303093500000,sz.002732,15.9000,15.9800,15.8600,15.8900,187500,2981191.0000,3
2025-03-03,20250303094000000,sz.002732,15.8900,15.9500,15.8600,15.9300,54300,863161.0000,3
2025-03-03,20250303094500000,sz.002732,15.9300,15.9600,15.9000,15.9000,60100,957506.0000,3
2025-03-03,20250303095000000,sz.002732,15.9000,15.9500,15.8800,15.9300,75000,1192292.0000,3
2025-03-03,20250303095500000,sz.002732,15.9300,15.9500,15.8900,15.8900,58500,931125.0000,3
2025-03-03,20250303100000000,sz.002732,15.8900,15.8900,15.8700,15.8800,20300,322422.0000,3
2025-03-03,20250303100500000,sz.002732,15.8800,15.9000,15.8200,15.8300,99900,1583551.0000,3
2025-03-03,20250303101000000,sz.002732,15.8300,15.9000,15.8300,15.8900,41600,659696.0000,3
2025-03-03,20250303101500000,sz.002732,15.8900,15.9100,15.8300,15.8500,48200,765752.0000,3
2025-03-03,20250303102000000,sz.002732,15.8500,15.8800,15.8300,15.8800,86200,1365734.0000,3
2025-03-03,20250303102500000,sz.002732,15.9000,15.9000,15.8400,15.8600,46100,731833.0000,3
2025-03-03,20250303103000000,sz.002732,15.8700,15.9400,15.8500,15.9300,55700,885895.0000,3
2025-03-03,20250303103500000,sz.002732,15.9300,15.9300,15.8500,15.8900,35900,570325.0000,3
2025-03-03,20250303104000000,sz.002732,15.8700,15.9200,15.8300,15.8400,81200,1288009.0000,3
2025-03-03,20250303104500000,sz.002732,15.8400,15.9000,15.8300,15.8900,94900,1504860.0000,3
2025-03-03,20250303105000000,sz.002732,15.8900,15.9100,15.8500,15.8800,28600,454207.0000,3
2025-03-03,20250303105500000,sz.002732,15.8800,15.9100,15.8800,15.9100,27100,430562.0000,3
2025-03-03,20250303110000000,sz.002732,15.9100,15.9200,15.8500,15.8700,21300,338292.0000,3
2025-03-03,20250303110500000,sz.002732,15.8700,15.8700,15.8300,15.8300,25200,399214.0000,3
2025-03-03,20250303111000000,sz.002732,15.8300,15.8400,15.8300,15.8300,20300,321510.0000,3
2025-03-03,20250303111500000,sz.002732,15.8300,15.8500,15.8200,15.8300,37500,593756.0000,3
2025-03-03,20250303112000000,sz.002732,15.8400,15.8700,15.8400,15.8400,19600,310668.0000,3
2025-03-03,20250303112500000,sz.002732,15.8400,15.8700,15.8200,15.8500,26900,426198.0000,3
2025-03-03,20250303113000000,sz.002732,15.8500,15.8700,15.8300,15.8400,24400,386320.0000,3
2025-03-03,20250303130500000,sz.002732,15.8400,15.8500,15.8300,15.8500,37200,589068.0000,3
2025-03-03,20250303131000000,sz.002732,15.8400,15.8400,15.8000,15.8100,45000,711760.0000,3
2025-03-03,20250303131500000,sz.002732,15.8100,15.8600,15.8100,15.8500,33100,524538.0000,3
2025-03-03,20250303132000000,sz.002732,15.8500,15.9100,15.8500,15.9100,9300,147672.0000,3
2025-03-03,20250303132500000,sz.002732,15.9000,15.9000,15.8600,15.8600,27100,430478.0000,3
2025-03-03,20250303133000000,sz.002732,15.8500,15.8700,15.8500,15.8700,2800,44406.0000,3
2025-03-03,20250303133500000,sz.002732,15.8700,15.8800,15.8200,15.8200,15800,250470.0000,3
2025-03-03,20250303134000000,sz.002732,15.8400,15.8400,15.8000,15.8000,14100,222946.0000,3
2025-03-03,20250303134500000,sz.002732,15.7900,15.8400,15.7900,15.8400,35200,556548.0000,3
2025-03-03,20250303135000000,sz.002732,15.7900,15.8000,15.7800,15.7800,12000,189492.0000,3
2025-03-03,20250303135500000,sz.002732,15.7900,15.7900,15.7600,15.7700,26600,419372.0000,3
2025-03-03,20250303140000000,sz.002732,15.7700,15.8200,15.7700,15.8200,25900,408518.0000,3
2025-03-03,20250303140500000,sz.002732,15.8000,15.8200,15.7900,15.7900,5600,88520.0000,3
2025-03-03,20250303141000000,sz.002732,15.7800,15.7800,15.7500,15.7600,28200,444694.0000,3
2025-03-03,20250303141500000,sz.002732,15.7700,15.8000,15.7700,15.7800,25300,399258.0000,3
2025-03-03,20250303142000000,sz.002732,15.7700,15.7900,15.7700,15.7700,21600,340686.0000,3
2025-03-03,20250303142500000,sz.002732,15.7800,15.7900,15.7500,15.7500,38200,602364.0000,3
2025-03-03,20250303143000000,sz.002732,15.7700,15.7700,15.7500,15.7600,31500,496322.0000,3
2025-03-03,20250303143500000,sz.002732,15.7700,15.7700,15.7300,15.7400,36100,568214.0000,3
2025-03-03,20250303144000000,sz.002732,15.7400,15.7500,15.6800,15.7100,50000,785784.0000,3
2025-03-03,20250303144500000,sz.002732,15.7000,15.7100,15.6800,15.6900,68800,1079556.0000,3
2025-03-03,20250303145000000,sz.002732,15.6900,15.7100,15.6500,15.6800,168100,2634670.0000,3
2025-03-03,20250303145500000,sz.002732,15.6800,15.7500,15.6600,15.7300,85200,1337484.0000,3
2025-03-03,20250303150000000,sz.002732,15.7400,15.7500,15.7300,15.7500,15100,237764.0000,3
2025-03-04,20250304093500000,sz.002732,15.6500,15.7200,15.6500,15.6600,73300,1149731.0000,3
2025-03-04,20250304094000000,sz.002732,15.6600,15.7500,15.6600,15.7500,35300,554292.0000,3
2025-03-04,20250304094500000,sz.002732,15.7500,15.7500,15.7000,15.7000,30300,476403.0000,3
2025-03-04,20250304095000000,sz.002732,15.7000,15.7500,15.7000,15.7200,44400,698318.0000,3
2025-03-04,20250304095500000,sz.002732,15.7200,15.7600,15.7100,15.7300,17200,270668.0000,3
2025-03-04,20250304100000000,sz.002732,15.7300,15.7600,15.7100,15.7100,21900,344469.0000,3
2025-03-04,20250304100500000,sz.002732,15.7100,15.7200,15.6800,15.7100,33000,518202.0000,3
2025-03-04,20250304101000000,sz.002732,15.6800,15.7400,15.6800,15.7300,28200,443013.0000,3
2025-03-04,20250304101500000,sz.002732,15.7200,15.7300,15.7100,15.7100,17900,281500.0000,3
2025-03-04,20250304102000000,sz.002732,15.7100,15.7300,15.7100,15.7300,9400,147774.0000,3
2025-03-04,20250304102500000,sz.002732,15.7200,15.7400,15.7000,15.7100,7600,119466.0000,3
2025-03-04,20250304103000000,sz.002732,15.7400,15.7400,15.7200,15.7300,9300,146257.0000,3
2025-03-04,20250304103500000,sz.002732,15.7400,15.7500,15.7300,15.7400,9200,144843.0000,3
2025-03-04,20250304104000000,sz.002732,15.7400,15.7600,15.7300,15.7400,28800,453522.0000,3
2025-03-04,20250304104500000,sz.002732,15.7400,15.7600,15.7300,15.7500,6700,105513.0000,3
2025-03-04,20250304105000000,sz.002732,15.7500,15.7500,15.7200,15.7300,11600,182604.0000,3
2025-03-04,20250304105500000,sz.002732,15.7200,15.7400,15.7100,15.7200,24600,386730.0000,3
2025-03-04,20250304110000000,sz.002732,15.7200,15.7400,15.7100,15.7100,32700,514341.0000,3
2025-03-04,20250304110500000,sz.002732,15.7100,15.7300,15.7000,15.7300,31200,490118.0000,3
2025-03-04,20250304111000000,sz.002732,15.7300,15.7300,15.7100,15.7300,7900,124222.0000,3
2025-03-04,20250304111500000,sz.002732,15.7300,15.7300,15.7000,15.7000,22500,353730.0000,3
2025-03-04,20250304112000000,sz.002732,15.7200,15.7400,15.7100,15.7400,11100,174513.0000,3
2025-03-04,20250304112500000,sz.002732,15.7400,15.7400,15.7200,15.7300,24800,390202.0000,3
2025-03-04,20250304113000000,sz.002732,15.7400,15.7400,15.7200,15.7200,12600,198238.0000,3
2025-03-04,20250304130500000,sz.002732,15.7200,15.7300,15.6700,15.7000,27900,437846.0000,3
2025-03-04,20250304131000000,sz.002732,15.7000,15.7200,15.7000,15.7200,17200,270278.0000,3
2025-03-04,20250304131500000,sz.002732,15.7200,15.7300,15.7100,15.7200,14500,227962.0000,3
2025-03-04,20250304132000000,sz.002732,15.7200,15.7400,15.7100,15.7100,39600,622662.0000,3
2025-03-04,20250304132500000,sz.002732,15.7100,15.7400,15.7100,15.7200,22500,353916.0000,3
2025-03-04,20250304133000000,sz.002732,15.7200,15.7200,15.6900,15.7000,31000,486928.0000,3
2025-03-04,20250304133500000,sz.002732,15.7100,15.7200,15.6900,15.7100,30400,477366.0000,3
2025-03-04,20250304134000000,sz.002732,15.7100,15.7400,15.7000,15.7300,18500,290739.0000,3
2025-03-04,20250304134500000,sz.002732,15.7200,15.7400,15.7200,15.7200,27700,435895.0000,3
2025-03-04,20250304135000000,sz.002732,15.7300,15.7300,15.7000,15.7000,13600,213751.0000,3
2025-03-04,20250304135500000,sz.002732,15.7000,15.7100,15.6900,15.7000,19500,306128.0000,3
2025-03-04,20250304140000000,sz.002732,15.6900,15.7000,15.6900,15.6900,9600,150691.0000,3
2025-03-04,20250304140500000,sz.002732,15.7000,15.7100,15.6900,15.7100,16100,252789.0000,3
2025-03-04,20250304141000000,sz.002732,15.7100,15.7400,15.7100,15.7100,11700,183843.0000,3
2025-03-04,20250304141500000,sz.002732,15.7100,15.7100,15.7100,15.7100,5300,83263.0000,3
2025-03-04,20250304142000000,sz.002732,15.7000,15.7200,15.7000,15.7100,3800,59693.0000,3
2025-03-04,20250304142500000,sz.002732,15.7100,15.7300,15.7100,15.7300,13900,218514.0000,3
2025-03-04,20250304143000000,sz.002732,15.7300,15.7400,15.7100,15.7300,20000,314531.0000,3
2025-03-04,20250304143500000,sz.002732,15.7300,15.7600,15.7300,15.7600,20300,319475.0000,3
2025-03-04,20250304144000000,sz.002732,15.7600,15.7600,15.7500,15.7600,22800,359177.0000,3
2025-03-04,20250304144500000,sz.002732,15.7600,15.7700,15.7500,15.7700,24500,386035.0000,3
2025-03-04,20250304145000000,sz.002732,15.7700,15.7700,15.7300,15.7500,36900,581373.0000,3
2025-03-04,20250304145500000,sz.002732,15.7500,15.7600,15.7400,15.7500,52300,823599.0000,3
2025-03-04,20250304150000000,sz.002732,15.7500,15.7800,15.7500,15.7800,31800,501514.0000,3
2025-03-05,20250305093500000,sz.002732,15.7000,15.8200,15.6100,15.6200,123100,1931405.0000,3
2025-03-05,20250305094000000,sz.002732,15.6200,15.6400,15.6100,15.6300,61300,958023.0000,3
2025-03-05,20250305094500000,sz.002732,15.6300,15.6400,15.5400,15.5600,127600,1988327.0000,3
2025-03-05,20250305095000000,sz.002732,15.5600,15.5900,15.5400,15.5700,43900,683255.0000,3
2025-03-05,20250305095500000,sz.002732,15.5700,15.6200,15.5700,15.6200,42600,664042.0000,3
2025-03-05,20250305100000000,sz.002732,15.6000,15.6000,15.5400,15.5400,34500,536840.0000,3
2025-03-05,20250305100500000,sz.002732,15.5400,15.5400,15.4400,15.4500,135500,2099051.0000,3
2025-03-05,20250305101000000,sz.002732,15.4500,15.4800,15.4300,15.4600,63100,974042.0000,3
2025-03-05,20250305101500000,sz.002732,15.4600,15.4600,15.4300,15.4300,17000,262550.0000,3
2025-03-05,20250305102000000,sz.002732,15.4300,15.4700,15.4300,15.4600,34800,537678.0000,3
2025-03-05,20250305102500000,sz.002732,15.4700,15.4900,15.4400,15.4800,64500,997900.0000,3
2025-03-05,20250305103000000,sz.002732,15.4800,15.5100,15.4800,15.5100,16300,252465.0000,3
2025-03-05,20250305103500000,sz.002732,15.5100,15.5500,15.5000,15.5000,13100,203230.0000,3
2025-03-05,20250305104000000,sz.002732,15.5000,15.5100,15.4900,15.5000,11100,171998.0000,3
2025-03-05,20250305104500000,sz.002732,15.4900,15.4900,15.4600,15.4600,14800,229048.0000,3
2025-03-05,20250305105000000,sz.002732,15.4700,15.4800,15.4500,15.4700,23400,361886.0000,3
2025-03-05,20250305105500000,sz.002732,15.4800,15.5100,15.4700,15.4800,23500,363941.0000,3
2025-03-05,20250305110000000,sz.002732,15.5100,15.5500,15.5100,15.5100,74200,1151119.0000,3
2025-03-05,20250305110500000,sz.002732,15.5100,15.5300,15.5000,15.5000,22200,344195.0000,3
2025-03-05,20250305111000000,sz.002732,15.4900,15.5200,15.4900,15.5000,4300,66633.0000,3
2025-03-05,20250305111500000,sz.002732,15.5000,15.5400,15.4900,15.5100,14900,231033.0000,3
2025-03-05,20250305112000000,sz.002732,15.5300,15.5400,15.5100,15.5100,10400,161382.0000,3
2025-03-05,20250305112500000,sz.002732,15.5200,15.5200,15.5000,15.5100,4300,66695.0000,3
2025-03-05,20250305113000000,sz.002732,15.5300,15.5300,15.5100,15.5300,4600,71382.0000,3
2025-03-05,20250305130500000,sz.002732,15.5300,15.5400,15.5100,15.5300,9800,152147.0000,3
2025-03-05,20250305131000000,sz.002732,15.5200,15.5400,15.5100,15.5400,15500,240541.0000,3
2025-03-05,20250305131500000,sz.002732,15.5500,15.5500,15.5000,15.5200,12300,190804.0000,3
2025-03-05,20250305132000000,sz.002732,15.5000,15.5000,15.4700,15.4700,33500,518775.0000,3
2025-03-05,20250305132500000,sz.002732,15.4800,15.5000,15.4700,15.4800,19500,301879.0000,3
2025-03-05,20250305133000000,sz.002732,15.4800,15.5000,15.4800,15.5000,3200,49585.0000,3
2025-03-05,20250305133500000,sz.002732,15.4900,15.5100,15.4800,15.5000,4600,71273.0000,3
2025-03-05,20250305134000000,sz.002732,15.5200,15.5300,15.5000,15.5300,18900,292999.0000,3
2025-03-05,20250305134500000,sz.002732,15.5000,15.5300,15.5000,15.5000,2900,44986.0000,3
2025-03-05,20250305135000000,sz.002732,15.5200,15.5400,15.5200,15.5300,12500,194012.0000,3
2025-03-05,20250305135500000,sz.002732,15.5300,15.5300,15.5000,15.5200,17700,274544.0000,3
2025-03-05,20250305140000000,sz.002732,15.5200,15.5600,15.5200,15.5500,25300,393154.0000,3
2025-03-05,20250305140500000,sz.002732,15.5600,15.6300,15.5500,15.5900,69000,1076336.0000,3
2025-03-05,20250305141000000,sz.002732,15.5900,15.6000,15.5600,15.5700,12100,188570.0000,3
2025-03-05,20250305141500000,sz.002732,15.5700,15.6000,15.5600,15.5900,8400,130936.0000,3
2025-03-05,20250305142000000,sz.002732,15.5900,15.6100,15.5900,15.6100,7300,113852.0000,3
2025-03-05,20250305142500000,sz.002732,15.5900,15.6100,15.5700,15.5800,10100,157408.0000,3
2025-03-05,20250305143000000,sz.002732,15.5700,15.6100,15.5700,15.6000,10800,168416.0000,3
2025-03-05,20250305143500000,sz.002732,15.6000,15.6000,15.5900,15.6000,7400,115410.0000,3
2025-03-05,20250305144000000,sz.002732,15.6000,15.6000,15.5900,15.5900,9900,154404.0000,3
2025-03-05,20250305144500000,sz.002732,15.5800,15.6000,15.5800,15.6000,20400,318146.0000,3
2025-03-05,20250305145000000,sz.002732,15.6000,15.6000,15.5800,15.5800,31300,488096.0000,3
2025-03-05,20250305145500000,sz.002732,15.5800,15.6000,15.5700,15.5900,35000,545564.0000,3
2025-03-05,20250305150000000,sz.002732,15.5900,15.6000,15.5700,15.5800,22200,345868.0000,3
2025-03-06,20250306093500000,sz.002732,15.7000,15.7300,15.5700,15.5800,112200,1759667.0000,3
2025-03-06,20250306094000000,sz.002732,15.5800,15.6000,15.5400,15.5800,66000,1027301.0000,3
2025-03-06,20250306094500000,sz.002732,15.6100,15.6700,15.5700,15.6400,49100,766770.0000,3
2025-03-06,20250306095000000,sz.002732,15.6500,15.6600,15.6400,15.6400,28300,442986.0000,3
2025-03-06,20250306095500000,sz.002732,15.6400,15.7000,15.6300,15.6600,36800,576178.0000,3
2025-03-06,20250306100000000,sz.002732,15.6600,15.7000,15.6500,15.6900,19000,297757.0000,3
2025-03-06,20250306100500000,sz.002732,15.6900,15.6900,15.6300,15.6500,39000,610304.0000,3
2025-03-06,20250306101000000,sz.002732,15.6400,15.7000,15.6400,15.7000,51500,807580.0000,3
2025-03-06,20250306101500000,sz.002732,15.7000,15.7000,15.6600,15.6800,32000,501721.0000,3
2025-03-06,20250306102000000,sz.002732,15.6800,15.7500,15.6800,15.7000,65400,1027172.0000,3
2025-03-06,20250306102500000,sz.002732,15.7000,15.7100,15.6800,15.7000,16900,265220.0000,3
2025-03-06,20250306103000000,sz.002732,15.7000,15.7300,15.7000,15.7100,22700,356851.0000,3
2025-03-06,20250306103500000,sz.002732,15.7200,15.7300,15.7200,15.7200,18400,289292.0000,3
2025-03-06,20250306104000000,sz.002732,15.7300,15.7300,15.6900,15.7000,8800,138221.0000,3
2025-03-06,20250306104500000,sz.002732,15.7000,15.7100,15.6800,15.7100,11600,182051.0000,3
2025-03-06,20250306105000000,sz.002732,15.7100,15.7300,15.7000,15.7100,16600,260870.0000,3
2025-03-06,20250306105500000,sz.002732,15.7100,15.7400,15.7100,15.7400,28900,454518.0000,3
2025-03-06,20250306110000000,sz.002732,15.7400,15.7800,15.7300,15.7600,49100,773323.0000,3
2025-03-06,20250306110500000,sz.002732,15.7700,15.7900,15.7500,15.7600,28400,447913.0000,3
2025-03-06,20250306111000000,sz.002732,15.7600,15.7700,15.7500,15.7600,17500,275835.0000,3
2025-03-06,20250306111500000,sz.002732,15.7600,15.7800,15.7600,15.7700,20700,326543.0000,3
2025-03-06,20250306112000000,sz.002732,15.7700,15.8200,15.7700,15.7900,46200,729833.0000,3
2025-03-06,20250306112500000,sz.002732,15.8000,15.8200,15.7800,15.8200,39800,628716.0000,3
2025-03-06,20250306113000000,sz.002732,15.8200,15.8200,15.8000,15.8000,51500,814383.0000,3
2025-03-06,20250306130500000,sz.002732,15.8000,15.8300,15.7700,15.8100,41900,661968.0000,3
2025-03-06,20250306131000000,sz.002732,15.8100,15.8300,15.8100,15.8300,23900,378113.0000,3
2025-03-06,20250306131500000,sz.002732,15.8400,15.8400,15.7900,15.8200,32600,515821.0000,3
2025-03-06,20250306132000000,sz.002732,15.8200,15.8200,15.7800,15.8000,36800,581688.0000,3
2025-03-06,20250306132500000,sz.002732,15.7900,15.7900,15.7600,15.7900,22000,347175.0000,3
2025-03-06,20250306133000000,sz.002732,15.7800,15.7900,15.7700,15.7800,12000,189362.0000,3
2025-03-06,20250306133500000,sz.002732,15.7800,15.7900,15.7800,15.7800,3100,48919.0000,3
2025-03-06,20250306134000000,sz.002732,15.7700,15.7800,15.7500,15.7500,32900,518705.0000,3
2025-03-06,20250306134500000,sz.002732,15.7600,15.7600,15.7300,15.7300,25400,399944.0000,3
2025-03-06,20250306135000000,sz.002732,15.7300,15.7500,15.7000,15.7500,37200,584858.0000,3
2025-03-06,20250306135500000,sz.002732,15.7500,15.7700,15.7400,15.7600,13700,215840.0000,3
2025-03-06,20250306140000000,sz.002732,15.7600,15.7700,15.7600,15.7600,29900,471412.0000,3
2025-03-06,20250306140500000,sz.002732,15.7700,15.7800,15.7700,15.7700,5300,83588.0000,3
2025-03-06,20250306141000000,sz.002732,15.7700,15.7700,15.7300,15.7400,26200,412842.0000,3
2025-03-06,20250306141500000,sz.002732,15.7700,15.7700,15.7400,15.7400,21700,341962.0000,3
2025-03-06,20250306142000000,sz.002732,15.7600,15.7700,15.7400,15.7500,24300,382852.0000,3
2025-03-06,20250306142500000,sz.002732,15.7500,15.7700,15.7500,15.7600,12300,193860.0000,3
2025-03-06,20250306143000000,sz.002732,15.7500,15.7600,15.7300,15.7400,53800,846656.0000,3
2025-03-06,20250306143500000,sz.002732,15.7500,15.7800,15.7500,15.7700,22500,354824.0000,3
2025-03-06,20250306144000000,sz.002732,15.7700,15.7800,15.7600,15.7800,11900,187676.0000,3
2025-03-06,20250306144500000,sz.002732,15.7600,15.7800,15.7600,15.7800,23800,375208.0000,3
2025-03-06,20250306145000000,sz.002732,15.7700,15.7800,15.7600,15.7700,51800,816936.0000,3
2025-03-06,20250306145500000,sz.002732,15.7600,15.7800,15.7600,15.7700,61600,971604.0000,3
2025-03-06,20250306150000000,sz.002732,15.7800,15.7900,15.7700,15.7900,51300,809328.0000,3
2025-03-07,20250307093500000,sz.002732,15.8000,15.8400,15.7500,15.7700,117100,1849416.0000,3
2025-03-07,20250307094000000,sz.002732,15.7700,15.7900,15.7500,15.7500,36000,567406.0000,3
2025-03-07,20250307094500000,sz.002732,15.7500,15.7700,15.7400,15.7700,45700,719748.0000,3
2025-03-07,20250307095000000,sz.002732,15.7700,15.7800,15.7000,15.7100,38500,606514.0000,3
2025-03-07,20250307095500000,sz.002732,15.7100,15.7400,15.7100,15.7400,30700,482729.0000,3
2025-03-07,20250307100000000,sz.002732,15.7400,15.7500,15.7300,15.7500,18800,295836.0000,3
2025-03-07,20250307100500000,sz.002732,15.7300,15.7500,15.7300,15.7300,7100,111725.0000,3
2025-03-07,20250307101000000,sz.002732,15.7300,15.7600,15.7300,15.7600,15800,248695.0000,3
2025-03-07,20250307101500000,sz.002732,15.7500,15.7900,15.7500,15.7700,31800,501745.0000,3
2025-03-07,20250307102000000,sz.002732,15.7800,15.8000,15.7700,15.8000,24400,384981.0000,3
2025-03-07,20250307102500000,sz.002732,15.7900,15.7900,15.7800,15.7900,13100,206778.0000,3
2025-03-07,20250307103000000,sz.002732,15.7900,15.8000,15.7600,15.7600,24700,389847.0000,3
2025-03-07,20250307103500000,sz.002732,15.7600,15.7700,15.7600,15.7600,12600,198608.0000,3
2025-03-07,20250307104000000,sz.002732,15.7600,15.7700,15.7500,15.7600,4200,66201.0000,3
2025-03-07,20250307104500000,sz.002732,15.7700,15.7800,15.7500,15.7800,18900,297953.0000,3
2025-03-07,20250307105000000,sz.002732,15.7800,15.7900,15.7700,15.7800,12300,194067.0000,3
2025-03-07,20250307105500000,sz.002732,15.7800,15.7800,15.7600,15.7600,28200,444805.0000,3
2025-03-07,20250307110000000,sz.002732,15.7500,15.7600,15.7400,15.7400,12800,201575.0000,3
2025-03-07,20250307110500000,sz.002732,15.7400,15.7700,15.7400,15.7500,19500,307109.0000,3
2025-03-07,20250307111000000,sz.002732,15.7700,15.7700,15.7500,15.7500,4700,74051.0000,3
2025-03-07,20250307111500000,sz.002732,15.7500,15.7600,15.7400,15.7400,22700,357468.0000,3
2025-03-07,20250307112000000,sz.002732,15.7400,15.7700,15.7300,15.7300,27400,431644.0000,3
2025-03-07,20250307112500000,sz.002732,15.7300,15.7600,15.7300,15.7600,15600,245602.0000,3
2025-03-07,20250307113000000,sz.002732,15.7600,15.7600,15.7400,15.7500,9200,144884.0000,3
2025-03-07,20250307130500000,sz.002732,15.7500,15.7600,15.7400,15.7600,10000,157491.0000,3
2025-03-07,20250307131000000,sz.002732,15.7600,15.8100,15.7400,15.8100,41700,657601.0000,3
2025-03-07,20250307131500000,sz.002732,15.8000,15.8000,15.7600,15.7800,40800,643951.0000,3
2025-03-07,20250307132000000,sz.002732,15.7800,15.8100,15.7800,15.8100,11400,180120.0000,3
2025-03-07,20250307132500000,sz.002732,15.8100,15.8500,15.8000,15.8500,46300,732612.0000,3
2025-03-07,20250307133000000,sz.002732,15.8500,15.8500,15.8100,15.8100,24700,390823.0000,3
2025-03-07,20250307133500000,sz.002732,15.8100,15.8100,15.8000,15.8100,13300,210228.0000,3
2025-03-07,20250307134000000,sz.002732,15.8000,15.8100,15.7600,15.7600,10400,164179.0000,3
2025-03-07,20250307134500000,sz.002732,15.7600,15.7700,15.7300,15.7300,35900,565275.0000,3
2025-03-07,20250307135000000,sz.002732,15.7300,15.7300,15.7200,15.7300,23400,367906.0000,3
2025-03-07,20250307135500000,sz.002732,15.7300,15.7300,15.7100,15.7100,17600,276541.0000,3
2025-03-07,20250307140000000,sz.002732,15.7200,15.7200,15.7100,15.7200,8800,138321.0000,3
2025-03-07,20250307140500000,sz.002732,15.7200,15.7300,15.7200,15.7200,14500,227941.0000,3
2025-03-07,20250307141000000,sz.002732,15.7300,15.7300,15.7000,15.7000,27900,438313.0000,3
2025-03-07,20250307141500000,sz.002732,15.7000,15.7300,15.7000,15.7100,20300,319014.0000,3
2025-03-07,20250307142000000,sz.002732,15.7200,15.7300,15.7100,15.7200,11000,173008.0000,3
2025-03-07,20250307142500000,sz.002732,15.7200,15.7300,15.7200,15.7300,16700,262567.0000,3
2025-03-07,20250307143000000,sz.002732,15.7200,15.7200,15.6900,15.7000,13300,208792.0000,3
2025-03-07,20250307143500000,sz.002732,15.6900,15.7100,15.6700,15.6800,43200,677501.0000,3
2025-03-07,20250307144000000,sz.002732,15.6800,15.6900,15.6700,15.6800,13700,214817.0000,3
2025-03-07,20250307144500000,sz.002732,15.6800,15.6900,15.6500,15.6700,27800,435629.0000,3
2025-03-07,20250307145000000,sz.002732,15.6700,15.7300,15.6700,15.7300,24400,383125.0000,3
2025-03-07,20250307145500000,sz.002732,15.7300,15.7300,15.7000,15.7000,18600,292308.0000,3
2025-03-07,20250307150000000,sz.002732,15.7100,15.7300,15.7000,15.7100,20300,318834.0000,3
2025-03-10,20250310093500000,sz.002732,15.7100,15.8700,15.7100,15.8300,76300,1207010.0000,3
2025-03-10,20250310094000000,sz.002732,15.8500,15.8500,15.7800,15.8000,45000,711702.0000,3
2025-03-10,20250310094500000,sz.002732,15.8200,15.8500,15.8100,15.8300,60700,960627.0000,3
2025-03-10,20250310095000000,sz.002732,15.8300,15.8300,15.7900,15.7900,59800,945540.0000,3
2025-03-10,20250310095500000,sz.002732,15.8000,15.8300,15.8000,15.8300,27100,428670.0000,3
2025-03-10,20250310100000000,sz.002732,15.8300,15.8400,15.8000,15.8200,31400,497067.0000,3
2025-03-10,20250310100500000,sz.002732,15.8200,15.8300,15.7900,15.8200,18900,298902.0000,3
2025-03-10,20250310101000000,sz.002732,15.8100,15.8200,15.8000,15.8100,25000,395354.0000,3
2025-03-10,20250310101500000,sz.002732,15.8100,15.8200,15.7900,15.8200,40200,635361.0000,3
2025-03-10,20250310102000000,sz.002732,15.8200,15.8300,15.7900,15.8000,26200,414340.0000,3
2025-03-10,20250310102500000,sz.002732,15.8100,15.8100,15.7900,15.7900,11000,173774.0000,3
2025-03-10,20250310103000000,sz.002732,15.7900,15.8000,15.7800,15.7800,41200,650364.0000,3
2025-03-10,20250310103500000,sz.002732,15.7800,15.7900,15.7700,15.7900,19400,306078.0000,3
2025-03-10,20250310104000000,sz.002732,15.7900,15.8000,15.7700,15.7900,12100,191021.0000,3
2025-03-10,20250310104500000,sz.002732,15.7900,15.7900,15.7600,15.7600,7800,123039.0000,3
2025-03-10,20250310105000000,sz.002732,15.7800,15.8000,15.7600,15.7700,16900,266677.0000,3
2025-03-10,20250310105500000,sz.002732,15.8000,15.8000,15.7600,15.7700,6700,105740.0000,3
2025-03-10,20250310110000000,sz.002732,15.7700,15.7900,15.7600,15.7600,4400,69420.0000,3
2025-03-10,20250310110500000,sz.002732,15.7600,15.7600,15.7300,15.7300,23200,365377.0000,3
2025-03-10,20250310111000000,sz.002732,15.7400,15.7400,15.7200,15.7200,25600,402738.0000,3
2025-03-10,20250310111500000,sz.002732,15.7200,15.7300,15.7200,15.7300,4000,62907.0000,3
2025-03-10,20250310112000000,sz.002732,15.7200,15.7300,15.7100,15.7300,14900,234190.0000,3
2025-03-10,20250310112500000,sz.002732,15.7300,15.7300,15.6900,15.7200,38800,609455.0000,3
2025-03-10,20250310113000000,sz.002732,15.7000,15.7200,15.7000,15.7100,11200,175989.0000,3
2025-03-10,20250310130500000,sz.002732,15.7200,15.7300,15.6900,15.6900,23900,375625.0000,3
2025-03-10,20250310131000000,sz.002732,15.6900,15.6900,15.6800,15.6800,6500,101967.0000,3
2025-03-10,20250310131500000,sz.002732,15.6800,15.7000,15.6700,15.6700,18300,286993.0000,3
2025-03-10,20250310132000000,sz.002732,15.6700,15.6900,15.6500,15.6900,30900,484161.0000,3
2025-03-10,20250310132500000,sz.002732,15.6800,15.7100,15.6800,15.7100,17200,269923.0000,3
2025-03-10,20250310133000000,sz.002732,15.7100,15.7100,15.6700,15.6900,11300,177342.0000,3
2025-03-10,20250310133500000,sz.002732,15.6800,15.6900,15.6700,15.6900,14400,225830.0000,3
2025-03-10,20250310134000000,sz.002732,15.6800,15.7100,15.6800,15.6900,9100,142811.0000,3
2025-03-10,20250310134500000,sz.002732,15.6900,15.7000,15.6800,15.6900,14000,219654.0000,3
2025-03-10,20250310135000000,sz.002732,15.6900,15.6900,15.6600,15.6700,23100,362018.0000,3
2025-03-10,20250310135500000,sz.002732,15.6700,15.6700,15.6600,15.6700,5400,84617.0000,3
2025-03-10,20250310140000000,sz.002732,15.6700,15.6800,15.6600,15.6700,10600,166132.0000,3
2025-03-10,20250310140500000,sz.002732,15.6600,15.6700,15.6600,15.6700,12000,187944.0000,3
2025-03-10,20250310141000000,sz.002732,15.6700,15.6800,15.6500,15.6500,16900,264736.0000,3
2025-03-10,20250310141500000,sz.002732,15.6600,15.6900,15.6500,15.6700,10600,166005.0000,3
2025-03-10,20250310142000000,sz.002732,15.6700,15.7100,15.6600,15.7000,6600,103561.0000,3
2025-03-10,20250310142500000,sz.002732,15.7100,15.7200,15.6900,15.6900,18400,289032.0000,3
2025-03-10,20250310143000000,sz.002732,15.7100,15.7100,15.6900,15.7100,5300,83256.0000,3
2025-03-10,20250310143500000,sz.002732,15.7100,15.7400,15.7000,15.7400,10600,166572.0000,3
2025-03-10,20250310144000000,sz.002732,15.7400,15.7500,15.7100,15.7300,28400,446921.0000,3
2025-03-10,20250310144500000,sz.002732,15.7300,15.7300,15.7000,15.7300,43100,677207.0000,3
2025-03-10,20250310145000000,sz.002732,15.7300,15.7700,15.7200,15.7600,47100,741792.0000,3
2025-03-10,20250310145500000,sz.002732,15.7600,15.7600,15.7300,15.7500,46700,735547.0000,3
2025-03-10,20250310150000000,sz.002732,15.7600,15.7600,15.7400,15.7400,14300,225198.0000,3
2025-03-11,20250311093500000,sz.002732,15.6900,15.6900,15.5900,15.6100,99100,1548135.0000,3
2025-03-11,20250311094000000,sz.002732,15.6100,15.7000,15.6100,15.7000,27600,432120.0000,3
2025-03-11,20250311094500000,sz.002732,15.7000,15.7400,15.6800,15.7200,30000,471296.0000,3
2025-03-11,20250311095000000,sz.002732,15.7200,15.7600,15.6900,15.7300,38800,610262.0000,3
2025-03-11,20250311095500000,sz.002732,15.7300,15.7400,15.7000,15.7100,31800,499463.0000,3
2025-03-11,20250311100000000,sz.002732,15.7000,15.7200,15.6800,15.6800,20900,328144.0000,3
2025-03-11,20250311100500000,sz.002732,15.6800,15.7100,15.6700,15.6800,19900,312058.0000,3
2025-03-11,20250311101000000,sz.002732,15.6900,15.7200,15.6900,15.6900,11000,172719.0000,3
2025-03-11,20250311101500000,sz.002732,15.6900,15.7200,15.6900,15.7000,23900,375275.0000,3
2025-03-11,20250311102000000,sz.002732,15.7200,15.7300,15.6900,15.7200,15000,235856.0000,3
2025-03-11,20250311102500000,sz.002732,15.7200,15.7400,15.7200,15.7300,30400,478190.0000,3
2025-03-11,20250311103000000,sz.002732,15.7200,15.7200,15.6900,15.7100,19100,300325.0000,3
2025-03-11,20250311103500000,sz.002732,15.7100,15.7300,15.6900,15.7100,7800,122606.0000,3
2025-03-11,20250311104000000,sz.002732,15.7100,15.7200,15.6900,15.7200,25300,397141.0000,3
2025-03-11,20250311104500000,sz.002732,15.7200,15.7300,15.6900,15.7000,24200,379986.0000,3
2025-03-11,20250311105000000,sz.002732,15.7000,15.7300,15.7000,15.7000,16200,254542.0000,3
2025-03-11,20250311105500000,sz.002732,15.7100,15.7100,15.7100,15.7100,500,7855.0000,3
2025-03-11,20250311110000000,sz.002732,15.7100,15.7200,15.7000,15.7000,8300,130388.0000,3
2025-03-11,20250311110500000,sz.002732,15.7000,15.7200,15.7000,15.7100,6000,94310.0000,3
2025-03-11,20250311111000000,sz.002732,15.7000,15.7000,15.6900,15.6900,19300,303005.0000,3
2025-03-11,20250311111500000,sz.002732,15.6900,15.7100,15.6900,15.7100,18400,288893.0000,3
2025-03-11,20250311112000000,sz.002732,15.7100,15.7100,15.7000,15.7100,1800,28275.0000,3
2025-03-11,20250311112500000,sz.002732,15.7100,15.7100,15.7100,15.7100,13900,218269.0000,3
2025-03-11,20250311113000000,sz.002732,15.7200,15.7300,15.7100,15.7200,9500,149360.0000,3
2025-03-11,20250311130500000,sz.002732,15.7200,15.7500,15.7200,15.7300,22600,355637.0000,3
2025-03-11,20250311131000000,sz.002732,15.7300,15.7300,15.7200,15.7300,5300,83353.0000,3
2025-03-11,20250311131500000,sz.002732,15.7300,15.7500,15.7300,15.7400,12100,190477.0000,3
2025-03-11,20250311132000000,sz.002732,15.7400,15.7500,15.7400,15.7500,6700,105514.0000,3
2025-03-11,20250311132500000,sz.002732,15.7500,15.7600,15.7500,15.7600,48600,765629.0000,3
2025-03-11,20250311133000000,sz.002732,15.7700,15.7700,15.7400,15.7500,18000,283607.0000,3
2025-03-11,20250311133500000,sz.002732,15.7500,15.7700,15.7500,15.7700,45400,715096.0000,3
2025-03-11,20250311134000000,sz.002732,15.7600,15.7600,15.7500,15.7500,25200,397125.0000,3
2025-03-11,20250311134500000,sz.002732,15.7500,15.7500,15.7200,15.7500,36500,574685.0000,3
2025-03-11,20250311135000000,sz.002732,15.7400,15.7500,15.7200,15.7500,24900,391833.0000,3
2025-03-11,20250311135500000,sz.002732,15.7500,15.7600,15.7100,15.7500,23000,361914.0000,3
2025-03-11,20250311140000000,sz.002732,15.7300,15.7600,15.7300,15.7500,10800,170119.0000,3
2025-03-11,20250311140500000,sz.002732,15.7700,15.7800,15.7600,15.7600,16900,266486.0000,3
2025-03-11,20250311141000000,sz.002732,15.7700,15.8000,15.7600,15.8000,103600,1635570.0000,3
2025-03-11,20250311141500000,sz.002732,15.8200,15.8300,15.8000,15.8000,23000,363728.0000,3
2025-03-11,20250311142000000,sz.002732,15.7900,15.8200,15.7900,15.8200,19500,308098.0000,3
2025-03-11,20250311142500000,sz.002732,15.8200,15.8200,15.8000,15.8100,7200,113812.0000,3
2025-03-11,20250311143000000,sz.002732,15.8200,15.8500,15.8100,15.8500,30300,479714.0000,3
2025-03-11,20250311143500000,sz.002732,15.8600,15.8600,15.8300,15.8600,27100,429591.0000,3
2025-03-11,20250311144000000,sz.002732,15.8500,15.8600,15.8400,15.8600,41800,662694.0000,3
2025-03-11,20250311144500000,sz.002732,15.8600,15.9000,15.8600,15.8900,73500,1167376.0000,3
2025-03-11,20250311145000000,sz.002732,15.8900,15.9300,15.8900,15.9000,68200,1084844.0000,3
2025-03-11,20250311145500000,sz.002732,15.9000,15.9300,15.9000,15.9200,45500,724148.0000,3
2025-03-11,20250311150000000,sz.002732,15.9200,15.9400,15.9200,15.9300,102800,1637798.0000,3
2025-03-12,20250312093500000,sz.002732,15.9300,16.0000,15.9000,15.9000,115800,1848282.0000,3
2025-03-12,20250312094000000,sz.002732,15.9000,15.9300,15.8700,15.9300,60100,955810.0000,3
2025-03-12,20250312094500000,sz.002732,15.9200,15.9200,15.8800,15.8800,96500,1533710.0000,3
2025-03-12,20250312095000000,sz.002732,15.8900,15.8900,15.8500,15.8700,30600,485290.0000,3
2025-03-12,20250312095500000,sz.002732,15.8700,15.9200,15.8400,15.8600,50800,805969.0000,3
2025-03-12,20250312100000000,sz.002732,15.8600,15.8700,15.8200,15.8300,31600,500694.0000,3
2025-03-12,20250312100500000,sz.002732,15.8300,15.8400,15.8100,15.8100,32400,512568.0000,3
2025-03-12,20250312101000000,sz.002732,15.8100,15.8200,15.8000,15.8000,38100,602119.0000,3
2025-03-12,20250312101500000,sz.002732,15.8000,15.8100,15.7900,15.8100,7400,116901.0000,3
2025-03-12,20250312102000000,sz.002732,15.8100,15.8300,15.8100,15.8100,17200,272121.0000,3
2025-03-12,20250312102500000,sz.002732,15.8200,15.8200,15.7900,15.8000,41400,654120.0000,3
2025-03-12,20250312103000000,sz.002732,15.8000,15.8000,15.7800,15.7900,27100,427908.0000,3
2025-03-12,20250312103500000,sz.002732,15.7900,15.8200,15.7800,15.8100,47000,742209.0000,3
2025-03-12,20250312104000000,sz.002732,15.8100,15.8200,15.8000,15.8100,12000,189708.0000,3
2025-03-12,20250312104500000,sz.002732,15.8200,15.8200,15.7900,15.7900,33400,527707.0000,3
2025-03-12,20250312105000000,sz.002732,15.7900,15.7900,15.7600,15.7600,48500,764545.0000,3
2025-03-12,20250312105500000,sz.002732,15.7600,15.7900,15.7600,15.7800,35100,553925.0000,3
2025-03-12,20250312110000000,sz.002732,15.7800,15.8000,15.7800,15.7800,47400,748407.0000,3
2025-03-12,20250312110500000,sz.002732,15.7800,15.7900,15.7600,15.7600,63700,1004231.0000,3
2025-03-12,20250312111000000,sz.002732,15.7600,15.7600,15.7500,15.7600,19600,308875.0000,3
2025-03-12,20250312111500000,sz.002732,15.7600,15.7600,15.7400,15.7500,37400,589073.0000,3
2025-03-12,20250312112000000,sz.002732,15.7500,15.7500,15.7300,15.7500,39200,617341.0000,3
2025-03-12,20250312112500000,sz.002732,15.7600,15.7700,15.7300,15.7300,47200,743321.0000,3
2025-03-12,20250312113000000,sz.002732,15.7300,15.7600,15.7300,15.7400,47900,754031.0000,3
2025-03-12,20250312130500000,sz.002732,15.7500,15.7700,15.7500,15.7500,19500,307206.0000,3
2025-03-12,20250312131000000,sz.002732,15.7500,15.7900,15.7500,15.7700,9200,145045.0000,3
2025-03-12,20250312131500000,sz.002732,15.7700,15.7900,15.7500,15.7700,42100,663465.0000,3
2025-03-12,20250312132000000,sz.002732,15.7700,15.7800,15.7600,15.7800,7400,116696.0000,3
2025-03-12,20250312132500000,sz.002732,15.7800,15.8000,15.7700,15.7800,23900,377292.0000,3
2025-03-12,20250312133000000,sz.002732,15.7800,15.8000,15.7800,15.7900,20300,320276.0000,3
2025-03-12,20250312133500000,sz.002732,15.8000,15.8200,15.8000,15.8200,41200,651204.0000,3
2025-03-12,20250312134000000,sz.002732,15.8200,15.8300,15.7800,15.7800,22800,360236.0000,3
2025-03-12,20250312134500000,sz.002732,15.7800,15.7800,15.7600,15.7700,40300,635548.0000,3
2025-03-12,20250312135000000,sz.002732,15.7700,15.7800,15.7500,15.7600,48900,770480.0000,3
2025-03-12,20250312135500000,sz.002732,15.7700,15.7800,15.7700,15.7800,6700,105676.0000,3
2025-03-12,20250312140000000,sz.002732,15.7800,15.7900,15.7700,15.7900,19400,306158.0000,3
2025-03-12,20250312140500000,sz.002732,15.7900,15.8200,15.7800,15.8100,10100,159666.0000,3
2025-03-12,20250312141000000,sz.002732,15.8100,15.8400,15.8000,15.8100,13200,208774.0000,3
2025-03-12,20250312141500000,sz.002732,15.8200,15.8400,15.8100,15.8400,33400,528906.0000,3
2025-03-12,20250312142000000,sz.002732,15.8400,15.8500,15.8200,15.8300,27800,440256.0000,3
2025-03-12,20250312142500000,sz.002732,15.8300,15.8300,15.7600,15.7600,32500,512716.0000,3
2025-03-12,20250312143000000,sz.002732,15.7700,15.8000,15.7600,15.7800,13500,212934.0000,3
2025-03-12,20250312143500000,sz.002732,15.7800,15.8400,15.7800,15.8100,19500,308346.0000,3
2025-03-12,20250312144000000,sz.002732,15.8100,15.8400,15.8100,15.8300,25800,408224.0000,3
2025-03-12,20250312144500000,sz.002732,15.8100,15.8200,15.8000,15.8000,18500,292426.0000,3
2025-03-12,20250312145000000,sz.002732,15.8000,15.8200,15.7900,15.8000,39800,629182.0000,3
2025-03-12,20250312145500000,sz.002732,15.8000,15.8100,15.7500,15.7600,60700,957536.0000,3
2025-03-12,20250312150000000,sz.002732,15.7700,15.7800,15.7700,15.7800,11100,175136.0000,3
2025-03-13,20250313093500000,sz.002732,15.7800,15.8100,15.7500,15.7500,74100,1169521.0000,3
2025-03-13,20250313094000000,sz.002732,15.7500,15.8100,15.7400,15.7900,45300,714585.0000,3
2025-03-13,20250313094500000,sz.002732,15.7800,15.8500,15.7600,15.8300,59900,946098.0000,3
2025-03-13,20250313095000000,sz.002732,15.8300,15.8300,15.7400,15.7500,74300,1171353.0000,3
2025-03-13,20250313095500000,sz.002732,15.7500,15.7800,15.7300,15.7600,22500,354432.0000,3
2025-03-13,20250313100000000,sz.002732,15.7600,15.7700,15.7200,15.7500,36500,574706.0000,3
2025-03-13,20250313100500000,sz.002732,15.7200,15.7600,15.7200,15.7400,15800,248629.0000,3
2025-03-13,20250313101000000,sz.002732,15.7400,15.7500,15.7400,15.7500,13400,210995.0000,3
2025-03-13,20250313101500000,sz.002732,15.7400,15.7600,15.7400,15.7500,15500,244106.0000,3
2025-03-13,20250313102000000,sz.002732,15.7400,15.7600,15.7100,15.7100,31100,489174.0000,3
2025-03-13,20250313102500000,sz.002732,15.7200,15.7200,15.7000,15.7100,24000,377098.0000,3
2025-03-13,20250313103000000,sz.002732,15.7100,15.7200,15.7000,15.7100,21900,344094.0000,3
2025-03-13,20250313103500000,sz.002732,15.7100,15.7300,15.6900,15.7200,31700,498232.0000,3
2025-03-13,20250313104000000,sz.002732,15.7200,15.7200,15.6700,15.7000,39500,619999.0000,3
2025-03-13,20250313104500000,sz.002732,15.6900,15.7000,15.6800,15.7000,11800,185140.0000,3
2025-03-13,20250313105000000,sz.002732,15.7000,15.7000,15.6900,15.6900,13200,207155.0000,3
2025-03-13,20250313105500000,sz.002732,15.7100,15.7300,15.7100,15.7100,6200,97456.0000,3
2025-03-13,20250313110000000,sz.002732,15.7100,15.7300,15.7100,15.7300,9600,150917.0000,3
2025-03-13,20250313110500000,sz.002732,15.7300,15.7300,15.7000,15.7100,13500,212227.0000,3
2025-03-13,20250313111000000,sz.002732,15.7100,15.7200,15.6800,15.6900,21800,342199.0000,3
2025-03-13,20250313111500000,sz.002732,15.6900,15.7000,15.6800,15.6900,22000,345360.0000,3
2025-03-13,20250313112000000,sz.002732,15.6800,15.6800,15.6600,15.6600,27500,431100.0000,3
2025-03-13,20250313112500000,sz.002732,15.6600,15.6600,15.6300,15.6300,24300,380293.0000,3
2025-03-13,20250313113000000,sz.002732,15.6400,15.6500,15.6300,15.6300,8000,125120.0000,3
2025-03-13,20250313130500000,sz.002732,15.6300,15.6500,15.6200,15.6500,28200,440869.0000,3
2025-03-13,20250313131000000,sz.002732,15.6400,15.6400,15.6000,15.6100,40800,637502.0000,3
2025-03-13,20250313131500000,sz.002732,15.6100,15.6600,15.6100,15.6300,14000,218895.0000,3
2025-03-13,20250313132000000,sz.002732,15.6400,15.6500,15.6300,15.6300,3500,54740.0000,3
2025-03-13,20250313132500000,sz.002732,15.6500,15.6500,15.6200,15.6300,23800,372093.0000,3
2025-03-13,20250313133000000,sz.002732,15.6300,15.6700,15.6000,15.6700,29000,453096.0000,3
2025-03-13,20250313133500000,sz.002732,15.6700,15.6700,15.6500,15.6500,6600,103339.0000,3
2025-03-13,20250313134000000,sz.002732,15.6500,15.6600,15.6300,15.6600,23100,361191.0000,3
2025-03-13,20250313134500000,sz.002732,15.6500,15.6800,15.6500,15.6600,20200,316201.0000,3
2025-03-13,20250313135000000,sz.002732,15.6500,15.6800,15.6400,15.6800,26400,413682.0000,3
2025-03-13,20250313135500000,sz.002732,15.7000,15.7000,15.6700,15.6700,5300,83109.0000,3
2025-03-13,20250313140000000,sz.002732,15.6600,15.6800,15.6500,15.6700,19200,300858.0000,3
2025-03-13,20250313140500000,sz.002732,15.6600,15.6600,15.6400,15.6400,6100,95482.0000,3
2025-03-13,20250313141000000,sz.002732,15.6500,15.6600,15.6500,15.6600,2900,45408.0000,3
2025-03-13,20250313141500000,sz.002732,15.6600,15.6900,15.6500,15.6800,10500,164490.0000,3
2025-03-13,20250313142000000,sz.002732,15.6800,15.7100,15.6800,15.6900,25400,398596.0000,3
2025-03-13,20250313142500000,sz.002732,15.6900,15.7100,15.6900,15.6900,8400,131908.0000,3
2025-03-13,20250313143000000,sz.002732,15.6900,15.7600,15.6800,15.7600,26800,421417.0000,3
2025-03-13,20250313143500000,sz.002732,15.7500,15.8100,15.7500,15.8100,73200,1155298.0000,3
2025-03-13,20250313144000000,sz.002732,15.8100,15.8200,15.7800,15.7900,26700,422027.0000,3
2025-03-13,20250313144500000,sz.002732,15.7900,15.8200,15.7800,15.8200,43100,680852.0000,3
2025-03-13,20250313145000000,sz.002732,15.8100,15.8300,15.8000,15.8000,81400,1287196.0000,3
2025-03-13,20250313145500000,sz.002732,15.8000,15.8200,15.7900,15.8100,57000,900724.0000,3
2025-03-13,20250313150000000,sz.002732,15.8100,15.8200,15.7900,15.8000,54700,864736.0000,3
2025-03-14,20250314093500000,sz.002732,15.9000,16.2900,15.9000,16.2500,566300,9136935.0000,3
2025-03-14,20250314094000000,sz.002732,16.2500,16.4400,16.2200,16.3800,759800,12408960.0000,3
2025-03-14,20250314094500000,sz.002732,16.3800,16.4300,16.3300,16.4300,404800,6636172.0000,3
2025-03-14,20250314095000000,sz.002732,16.4300,16.5000,16.4100,16.4100,353700,5823292.0000,3
2025-03-14,20250314095500000,sz.002732,16.4100,16.4600,16.3400,16.4000,237800,3901474.0000,3
2025-03-14,20250314100000000,sz.002732,16.4000,16.4800,16.3800,16.4400,171700,2825068.0000,3
2025-03-14,20250314100500000,sz.002732,16.4400,16.4700,16.4300,16.4600,103600,1704084.0000,3
2025-03-14,20250314101000000,sz.002732,16.4900,16.5100,16.4600,16.5100,237700,3919752.0000,3
2025-03-14,20250314101500000,sz.002732,16.5100,16.7100,16.5100,16.6100,387300,6433496.0000,3
2025-03-14,20250314102000000,sz.002732,16.6300,16.7300,16.5600,16.7300,308900,5139564.0000,3
2025-03-14,20250314102500000,sz.002732,16.7300,16.9500,16.7300,16.7500,665700,11220476.0000,3
2025-03-14,20250314103000000,sz.002732,16.7500,17.3800,16.6800,17.3800,1587800,27338904.0000,3
2025-03-14,20250314103500000,sz.002732,17.3800,17.3800,17.3800,17.3800,1340100,23280616.0000,3
2025-03-14,20250314104000000,sz.002732,17.3800,17.3800,17.3800,17.3800,517700,8997624.0000,3
2025-03-14,20250314104500000,sz.002732,17.3800,17.3800,17.3800,17.3800,98800,1717144.0000,3
2025-03-14,20250314105000000,sz.002732,17.3800,17.3800,17.3800,17.3800,406400,7063232.0000,3
2025-03-14,20250314105500000,sz.002732,17.3800,17.3800,17.3800,17.3800,98200,1706720.0000,3
2025-03-14,20250314110000000,sz.002732,17.3800,17.3800,17.3800,17.3800,42300,735168.0000,3
2025-03-14,20250314110500000,sz.002732,17.3800,17.3800,17.3800,17.3800,29000,504032.0000,3
2025-03-14,20250314111000000,sz.002732,17.3800,17.3800,17.3800,17.3800,135000,2346288.0000,3
2025-03-14,20250314111500000,sz.002732,17.3800,17.3800,17.3800,17.3800,12900,224208.0000,3
2025-03-14,20250314112000000,sz.002732,17.3800,17.3800,17.3800,17.3800,14400,250272.0000,3
2025-03-14,20250314112500000,sz.002732,17.3800,17.3800,17.3800,17.3800,18200,316320.0000,3
2025-03-14,20250314113000000,sz.002732,17.3800,17.3800,17.3800,17.3800,321900,5594624.0000,3
2025-03-14,20250314130500000,sz.002732,17.3800,17.3800,17.3800,17.3800,128200,2228112.0000,3
2025-03-14,20250314131000000,sz.002732,17.3800,17.3800,17.3800,17.3800,46600,809904.0000,3
2025-03-14,20250314131500000,sz.002732,17.3800,17.3800,17.3800,17.3800,51200,889856.0000,3
2025-03-14,20250314132000000,sz.002732,17.3800,17.3800,17.3800,17.3800,11200,194656.0000,3
2025-03-14,20250314132500000,sz.002732,17.3800,17.3800,17.3800,17.3800,29400,510960.0000,3
2025-03-14,20250314133000000,sz.002732,17.3800,17.3800,17.3800,17.3800,4900,85168.0000,3
2025-03-14,20250314133500000,sz.002732,17.3800,17.3800,17.3800,17.3800,7100,123392.0000,3
2025-03-14,20250314134000000,sz.002732,17.3800,17.3800,17.3800,17.3800,6700,116448.0000,3
2025-03-14,20250314134500000,sz.002732,17.3800,17.3800,17.3800,17.3800,16300,283296.0000,3
2025-03-14,20250314135000000,sz.002732,17.3800,17.3800,17.3800,17.3800,7100,123392.0000,3
2025-03-14,20250314135500000,sz.002732,17.3800,17.3800,17.3800,17.3800,15200,264176.0000,3
2025-03-14,20250314140000000,sz.002732,17.3800,17.3800,17.3800,17.3800,12000,208560.0000,3
2025-03-14,20250314140500000,sz.002732,17.3800,17.3800,17.3800,17.3800,5200,90384.0000,3
2025-03-14,20250314141000000,sz.002732,17.3800,17.3800,17.3800,17.3800,13400,232896.0000,3
2025-03-14,20250314141500000,sz.002732,17.3800,17.3800,17.3800,17.3800,7800,135568.0000,3
2025-03-14,20250314142000000,sz.002732,17.3800,17.3800,17.3800,17.3800,9900,172064.0000,3
2025-03-14,20250314142500000,sz.002732,17.3800,17.3800,17.3800,17.3800,5600,97312.0000,3
2025-03-14,20250314143000000,sz.002732,17.3800,17.3800,17.3800,17.3800,800,13920.0000,3
2025-03-14,20250314143500000,sz.002732,17.3800,17.3800,17.3800,17.3800,5900,102528.0000,3
2025-03-14,20250314144000000,sz.002732,17.3800,17.3800,17.3800,17.3800,7300,126880.0000,3
2025-03-14,20250314144500000,sz.002732,17.3800,17.3800,17.3800,17.3800,51700,898544.0000,3
2025-03-14,20250314145000000,sz.002732,17.3800,17.3800,17.3800,17.3800,38300,665648.0000,3
2025-03-14,20250314145500000,sz.002732,17.3800,17.3800,17.3800,17.3800,16000,278080.0000,3
2025-03-14,20250314150000000,sz.002732,17.3800,17.3800,17.3800,17.3800,185700,3227456.0000,3
2025-03-17,20250317093500000,sz.002732,17.4200,18.0100,17.3800,18.0100,4932800,86857848.0000,3
2025-03-17,20250317094000000,sz.002732,18.0100,18.1800,17.8000,17.8800,2047100,36745736.0000,3
2025-03-17,20250317094500000,sz.002732,17.8800,17.8900,17.5700,17.6000,1038500,18405184.0000,3
2025-03-17,20250317095000000,sz.002732,17.6000,17.6000,17.4900,17.5300,812800,14241536.0000,3
2025-03-17,20250317095500000,sz.002732,17.5300,17.5700,17.3200,17.3300,1122900,19574416.0000,3
2025-03-17,20250317100000000,sz.002732,17.3300,17.4300,17.3200,17.4000,463500,8050224.0000,3
2025-03-17,20250317100500000,sz.002732,17.4000,17.5300,17.3800,17.4100,312700,5450800.0000,3
2025-03-17,20250317101000000,sz.002732,17.4100,17.4400,17.3800,17.4200,235000,4091328.0000,3
2025-03-17,20250317101500000,sz.002732,17.4200,17.4300,17.3400,17.3800,321300,5584384.0000,3
2025-03-17,20250317102000000,sz.002732,17.3800,17.3800,17.3100,17.3300,387100,6708000.0000,3
2025-03-17,20250317102500000,sz.002732,17.3300,17.4700,17.3200,17.4700,180300,3136832.0000,3
2025-03-17,20250317103000000,sz.002732,17.4700,17.5800,17.4700,17.5300,327100,5729952.0000,3
2025-03-17,20250317103500000,sz.002732,17.5300,17.5600,17.4600,17.4700,171900,3009600.0000,3
2025-03-17,20250317104000000,sz.002732,17.4600,17.6000,17.4500,17.5400,257000,4505728.0000,3
2025-03-17,20250317104500000,sz.002732,17.5400,17.5400,17.4300,17.5400,119400,2087584.0000,3
2025-03-17,20250317105000000,sz.002732,17.5400,17.5500,17.4100,17.4100,133200,2326864.0000,3
2025-03-17,20250317105500000,sz.002732,17.4100,17.4500,17.4100,17.4300,59900,1044064.0000,3
2025-03-17,20250317110000000,sz.002732,17.4300,17.4600,17.4200,17.4600,77900,1358752.0000,3
2025-03-17,20250317110500000,sz.002732,17.4600,17.4700,17.4200,17.4400,83900,1463680.0000,3
2025-03-17,20250317111000000,sz.002732,17.4400,17.4800,17.4300,17.4400,155700,2716416.0000,3
2025-03-17,20250317111500000,sz.002732,17.4400,17.4700,17.4400,17.4600,49200,858752.0000,3
2025-03-17,20250317112000000,sz.002732,17.4600,17.4600,17.4400,17.4500,53000,924992.0000,3
2025-03-17,20250317112500000,sz.002732,17.4400,17.4500,17.4100,17.4400,159400,2778560.0000,3
2025-03-17,20250317113000000,sz.002732,17.4400,17.5000,17.4200,17.4700,171500,2994128.0000,3
2025-03-17,20250317130500000,sz.002732,17.4800,17.5500,17.4800,17.5400,145600,2549552.0000,3
2025-03-17,20250317131000000,sz.002732,17.5300,17.5500,17.4600,17.4600,141900,2484496.0000,3
2025-03-17,20250317131500000,sz.002732,17.4600,17.4900,17.4500,17.4500,61200,1068976.0000,3
2025-03-17,20250317132000000,sz.002732,17.4500,17.4500,17.3800,17.3800,176800,3078048.0000,3
2025-03-17,20250317132500000,sz.002732,17.3800,17.4500,17.3400,17.4100,164600,2858720.0000,3
2025-03-17,20250317133000000,sz.002732,17.4100,17.4400,17.3900,17.4200,66500,1158000.0000,3
2025-03-17,20250317133500000,sz.002732,17.3900,17.4400,17.3800,17.4300,65500,1140368.0000,3
2025-03-17,20250317134000000,sz.002732,17.4000,17.4200,17.3800,17.3800,30400,528592.0000,3
2025-03-17,20250317134500000,sz.002732,17.3900,17.4100,17.3800,17.3900,28900,502848.0000,3
2025-03-17,20250317135000000,sz.002732,17.3900,17.4000,17.3800,17.4000,46700,812160.0000,3
2025-03-17,20250317135500000,sz.002732,17.4000,17.4000,17.3500,17.3800,93600,1626880.0000,3
2025-03-17,20250317140000000,sz.002732,17.3700,17.3800,17.3400,17.3500,57700,1001264.0000,3
2025-03-17,20250317140500000,sz.002732,17.3500,17.3500,17.2700,17.2800,216800,3752368.0000,3
2025-03-17,20250317141000000,sz.002732,17.2800,17.2800,17.2500,17.2600,130700,2255760.0000,3
2025-03-17,20250317141500000,sz.002732,17.2600,17.2800,17.2100,17.2100,89800,1549104.0000,3
2025-03-17,20250317142000000,sz.002732,17.2100,17.2800,17.2100,17.2400,116400,2006256.0000,3
2025-03-17,20250317142500000,sz.002732,17.2400,17.2400,17.2100,17.2200,108500,1868976.0000,3
2025-03-17,20250317143000000,sz.002732,17.2200,17.2900,17.2200,17.2700,114300,1973152.0000,3
2025-03-17,20250317143500000,sz.002732,17.2700,17.3600,17.2700,17.2900,126300,2187008.0000,3
2025-03-17,20250317144000000,sz.002732,17.2900,17.3000,17.2700,17.3000,132600,2291552.0000,3
2025-03-17,20250317144500000,sz.002732,17.3000,17.3100,17.2600,17.2700,173600,3000320.0000,3
2025-03-17,20250317145000000,sz.002732,17.2700,17.2900,17.2700,17.2800,172700,2984000.0000,3
2025-03-17,20250317145500000,sz.002732,17.2800,17.3000,17.2100,17.2100,386900,6677536.0000,3
2025-03-17,20250317150000000,sz.002732,17.2100,17.2400,17.1800,17.2300,647100,11141376.0000,3
2025-03-18,20250318093500000,sz.002732,17.1800,17.3300,17.0800,17.2100,1745800,30049776.0000,3
2025-03-18,20250318094000000,sz.002732,17.2100,17.2400,17.0700,17.1700,730800,12520012.0000,3
2025-03-18,20250318094500000,sz.002732,17.1700,17.3900,17.1000,17.1100,556400,9606672.0000,3
2025-03-18,20250318095000000,sz.002732,17.1100,17.1700,17.0500,17.0500,304800,5211040.0000,3
2025-03-18,20250318095500000,sz.002732,17.0500,17.0800,17.0000,17.0000,489800,8338692.0000,3
2025-03-18,20250318100000000,sz.002732,17.0000,17.0200,17.0000,17.0100,296000,5033028.0000,3
2025-03-18,20250318100500000,sz.002732,17.0100,17.0800,17.0000,17.0000,290000,4933728.0000,3
2025-03-18,20250318101000000,sz.002732,17.0000,17.0100,16.9000,16.9200,661800,11212528.0000,3
2025-03-18,20250318101500000,sz.002732,16.9200,16.9400,16.8800,16.9400,462800,7823328.0000,3
2025-03-18,20250318102000000,sz.002732,16.9400,17.0100,16.9300,16.9900,156900,2662392.0000,3
2025-03-18,20250318102500000,sz.002732,16.9900,17.0200,16.9600,16.9700,65300,1109160.0000,3
2025-03-18,20250318103000000,sz.002732,16.9700,17.0000,16.9200,17.0000,112500,1908328.0000,3
2025-03-18,20250318103500000,sz.002732,17.0000,17.0000,16.9200,16.9300,90500,1533720.0000,3
2025-03-18,20250318104000000,sz.002732,16.9300,16.9400,16.9100,16.9300,79400,1343480.0000,3
2025-03-18,20250318104500000,sz.002732,16.9300,16.9900,16.9300,16.9900,75200,1275592.0000,3
2025-03-18,20250318105000000,sz.002732,16.9900,17.0400,16.9900,17.0200,77000,1310192.0000,3
2025-03-18,20250318105500000,sz.002732,17.0200,17.0400,16.9900,16.9900,164200,2793040.0000,3
2025-03-18,20250318110000000,sz.002732,16.9900,17.1400,16.9900,17.0600,183600,3130968.0000,3
2025-03-18,20250318110500000,sz.002732,17.0500,17.0700,17.0100,17.0700,99300,1691320.0000,3
2025-03-18,20250318111000000,sz.002732,17.0600,17.0600,16.9700,17.0200,80100,1363488.0000,3
2025-03-18,20250318111500000,sz.002732,17.0200,17.1400,17.0200,17.0700,64300,1099384.0000,3
2025-03-18,20250318112000000,sz.002732,17.0700,17.1000,17.0600,17.0700,53100,906480.0000,3
2025-03-18,20250318112500000,sz.002732,17.0800,17.0800,17.0500,17.0600,42900,731880.0000,3
2025-03-18,20250318113000000,sz.002732,17.0600,17.0800,17.0500,17.0800,81100,1383712.0000,3
2025-03-18,20250318130500000,sz.002732,17.1400,17.6600,17.1400,17.5200,1439300,25103928.0000,3
2025-03-18,20250318131000000,sz.002732,17.5200,17.5900,17.3800,17.3900,433100,7568176.0000,3
2025-03-18,20250318131500000,sz.002732,17.3800,17.5300,17.3800,17.4100,269100,4696288.0000,3
2025-03-18,20250318132000000,sz.002732,17.4100,17.4100,17.3400,17.3800,175000,3039472.0000,3
2025-03-18,20250318132500000,sz.002732,17.3800,17.4500,17.3500,17.4500,125800,2186320.0000,3
2025-03-18,20250318133000000,sz.002732,17.4500,17.4700,17.4200,17.4700,192600,3360832.0000,3
2025-03-18,20250318133500000,sz.002732,17.4700,17.4800,17.4300,17.4700,163800,2860512.0000,3
2025-03-18,20250318134000000,sz.002732,17.4900,17.5000,17.4200,17.4200,158500,2769920.0000,3
2025-03-18,20250318134500000,sz.002732,17.4200,17.4500,17.4000,17.4300,94600,1648912.0000,3
2025-03-18,20250318135000000,sz.002732,17.4300,17.4300,17.3700,17.3800,44500,774384.0000,3
2025-03-18,20250318135500000,sz.002732,17.3900,17.3900,17.3600,17.3600,45700,793952.0000,3
2025-03-18,20250318140000000,sz.002732,17.3600,17.3700,17.3500,17.3500,68700,1192624.0000,3
2025-03-18,20250318140500000,sz.002732,17.3600,17.3700,17.3200,17.3200,34600,600064.0000,3
2025-03-18,20250318141000000,sz.002732,17.3200,17.3500,17.3200,17.3200,32800,568800.0000,3
2025-03-18,20250318141500000,sz.002732,17.3200,17.3400,17.3000,17.3400,65600,1135376.0000,3
2025-03-18,20250318142000000,sz.002732,17.3400,17.3700,17.3400,17.3500,35200,610768.0000,3
2025-03-18,20250318142500000,sz.002732,17.3600,17.4200,17.3600,17.4000,86500,1504304.0000,3
2025-03-18,20250318143000000,sz.002732,17.4000,17.4100,17.3600,17.3900,58600,1019008.0000,3
2025-03-18,20250318143500000,sz.002732,17.3700,17.4000,17.3600,17.3800,78700,1367296.0000,3
2025-03-18,20250318144000000,sz.002732,17.4000,17.4100,17.3600,17.3700,179900,3127120.0000,3
2025-03-18,20250318144500000,sz.002732,17.3700,17.4000,17.3700,17.3900,72000,1251728.0000,3
2025-03-18,20250318145000000,sz.002732,17.4000,17.4900,17.3900,17.4300,336900,5876128.0000,3
2025-03-18,20250318145500000,sz.002732,17.4300,17.4800,17.4200,17.4800,330200,5759408.0000,3
2025-03-18,20250318150000000,sz.002732,17.4800,17.5200,17.4700,17.5200,466100,8156736.0000,3
2025-03-19,20250319093500000,sz.002732,17.2700,17.6800,17.2700,17.5400,1030500,18010024.0000,3
2025-03-19,20250319094000000,sz.002732,17.5400,17.5500,17.3700,17.3700,387100,6751036.0000,3
2025-03-19,20250319094500000,sz.002732,17.3700,17.4700,17.3700,17.4000,230400,4013392.0000,3
2025-03-19,20250319095000000,sz.002732,17.4000,17.5000,17.4000,17.4000,153300,2673010.0000,3
2025-03-19,20250319095500000,sz.002732,17.4000,17.4800,17.3800,17.3800,174600,3039066.0000,3
2025-03-19,20250319100000000,sz.002732,17.3800,17.4200,17.3400,17.3500,199500,3465748.0000,3
2025-03-19,20250319100500000,sz.002732,17.3500,17.3800,17.3400,17.3700,65300,1133272.0000,3
2025-03-19,20250319101000000,sz.002732,17.3600,17.3800,17.3200,17.3500,117200,2033424.0000,3
2025-03-19,20250319101500000,sz.002732,17.3500,17.3500,17.3000,17.3000,131300,2274480.0000,3
2025-03-19,20250319102000000,sz.002732,17.3000,17.3200,17.2700,17.2800,81700,1412960.0000,3
2025-03-19,20250319102500000,sz.002732,17.2800,17.3000,17.2500,17.2900,136600,2358416.0000,3
2025-03-19,20250319103000000,sz.002732,17.2800,17.2800,17.2500,17.2600,94300,1627972.0000,3
2025-03-19,20250319103500000,sz.002732,17.2600,17.2900,17.2600,17.2800,57000,984192.0000,3
2025-03-19,20250319104000000,sz.002732,17.2800,17.2800,17.2500,17.2500,43100,743632.0000,3
2025-03-19,20250319104500000,sz.002732,17.2600,17.2600,17.1800,17.2300,165200,2844772.0000,3
2025-03-19,20250319105000000,sz.002732,17.2300,17.2500,17.2000,17.2400,74900,1290096.0000,3
2025-03-19,20250319105500000,sz.002732,17.2400,17.2400,17.1900,17.1900,229700,3951024.0000,3
2025-03-19,20250319110000000,sz.002732,17.1900,17.2300,17.1700,17.2000,71300,1225384.0000,3
2025-03-19,20250319110500000,sz.002732,17.1900,17.2000,17.1800,17.1800,41100,706412.0000,3
2025-03-19,20250319111000000,sz.002732,17.1800,17.2000,17.1700,17.2000,61400,1054668.0000,3
2025-03-19,20250319111500000,sz.002732,17.2000,17.2000,17.1700,17.1700,53900,925872.0000,3
2025-03-19,20250319112000000,sz.002732,17.1800,17.1900,17.1600,17.1900,61000,1047564.0000,3
2025-03-19,20250319112500000,sz.002732,17.1900,17.2400,17.1800,17.2000,58800,1011752.0000,3
2025-03-19,20250319113000000,sz.002732,17.2100,17.2300,17.2000,17.2100,44900,772736.0000,3
2025-03-19,20250319130500000,sz.002732,17.2100,17.2500,17.2000,17.2400,76900,1323696.0000,3
2025-03-19,20250319131000000,sz.002732,17.2400,17.2500,17.2200,17.2400,56800,978700.0000,3
2025-03-19,20250319131500000,sz.002732,17.2400,17.2600,17.2100,17.2100,63800,1099760.0000,3
2025-03-19,20250319132000000,sz.002732,17.2200,17.2300,17.2000,17.2100,36800,633408.0000,3
2025-03-19,20250319132500000,sz.002732,17.2100,17.2100,17.1200,17.1300,224600,3854984.0000,3
2025-03-19,20250319133000000,sz.002732,17.1300,17.1500,17.1200,17.1500,85000,1455904.0000,3
2025-03-19,20250319133500000,sz.002732,17.1500,17.1500,17.1100,17.1100,48400,829152.0000,3
2025-03-19,20250319134000000,sz.002732,17.1100,17.1100,17.0900,17.1000,132100,2259064.0000,3
2025-03-19,20250319134500000,sz.002732,17.1000,17.1200,17.0600,17.0700,113100,1932312.0000,3
2025-03-19,20250319135000000,sz.002732,17.0800,17.1000,17.0800,17.0900,108400,1852264.0000,3
2025-03-19,20250319135500000,sz.002732,17.0800,17.0800,17.0600,17.0700,86300,1473360.0000,3
2025-03-19,20250319140000000,sz.002732,17.0700,17.0800,17.0600,17.0800,73100,1247712.0000,3
2025-03-19,20250319140500000,sz.002732,17.0800,17.1100,17.0700,17.1000,35900,613408.0000,3
2025-03-19,20250319141000000,sz.002732,17.1000,17.1100,17.0700,17.0800,46300,791448.0000,3
2025-03-19,20250319141500000,sz.002732,17.0800,17.0900,17.0700,17.0800,31400,536304.0000,3
2025-03-19,20250319142000000,sz.002732,17.0800,17.0800,17.0400,17.0800,124000,2115432.0000,3
2025-03-19,20250319142500000,sz.002732,17.0900,17.0900,17.0600,17.0800,49700,848272.0000,3
2025-03-19,20250319143000000,sz.002732,17.0900,17.0900,17.0800,17.0900,42200,721080.0000,3
2025-03-19,20250319143500000,sz.002732,17.0900,17.1200,17.0600,17.0700,50400,861112.0000,3
2025-03-19,20250319144000000,sz.002732,17.0700,17.0900,17.0600,17.0600,58400,997024.0000,3
2025-03-19,20250319144500000,sz.002732,17.0600,17.0600,17.0300,17.0500,230400,3926400.0000,3
2025-03-19,20250319145000000,sz.002732,17.0500,17.1000,17.0400,17.0500,100400,1714312.0000,3
2025-03-19,20250319145500000,sz.002732,17.0500,17.0900,17.0300,17.0900,161700,2758000.0000,3
2025-03-19,20250319150000000,sz.002732,17.0900,17.1500,17.0700,17.1500,454300,7783432.0000,3
2025-03-20,20250320093500000,sz.002732,17.2200,18.5000,17.2200,17.6800,2581900,46019488.0000,3
2025-03-20,20250320094000000,sz.002732,17.7100,17.8000,17.5000,17.5100,918600,16241084.0000,3
2025-03-20,20250320094500000,sz.002732,17.5000,17.5000,17.4100,17.4300,398400,6950876.0000,3
2025-03-20,20250320095000000,sz.002732,17.4500,17.4700,17.3000,17.3000,594100,10348368.0000,3
2025-03-20,20250320095500000,sz.002732,17.3200,17.4100,17.3200,17.4100,190600,3310288.0000,3
2025-03-20,20250320100000000,sz.002732,17.4100,17.4400,17.3700,17.3700,173900,3025592.0000,3
2025-03-20,20250320100500000,sz.002732,17.3800,17.4000,17.3600,17.4000,118000,2050088.0000,3
2025-03-20,20250320101000000,sz.002732,17.4000,17.4000,17.3000,17.3100,338500,5875624.0000,3
2025-03-20,20250320101500000,sz.002732,17.3100,17.3100,17.2700,17.2800,188800,3263512.0000,3
2025-03-20,20250320102000000,sz.002732,17.2900,17.3300,17.2600,17.3000,165600,2864320.0000,3
2025-03-20,20250320102500000,sz.002732,17.3000,17.3300,17.2800,17.3300,73000,1263376.0000,3
2025-03-20,20250320103000000,sz.002732,17.3300,17.4000,17.3300,17.4000,161800,2811224.0000,3
2025-03-20,20250320103500000,sz.002732,17.4000,17.4500,17.3800,17.4300,148000,2578168.0000,3
2025-03-20,20250320104000000,sz.002732,17.4100,17.4300,17.3500,17.3500,105300,1831256.0000,3
2025-03-20,20250320104500000,sz.002732,17.3500,17.3700,17.3400,17.3500,67300,1167760.0000,3
2025-03-20,20250320105000000,sz.002732,17.3400,17.3500,17.3300,17.3400,56100,972704.0000,3
2025-03-20,20250320105500000,sz.002732,17.3500,17.3500,17.3200,17.3300,37100,643184.0000,3
2025-03-20,20250320110000000,sz.002732,17.3300,17.3300,17.3100,17.3100,54600,945776.0000,3
2025-03-20,20250320110500000,sz.002732,17.3200,17.3200,17.3000,17.3100,54400,941344.0000,3
2025-03-20,20250320111000000,sz.002732,17.3100,17.3200,17.3000,17.3200,42600,737496.0000,3
2025-03-20,20250320111500000,sz.002732,17.3300,17.3500,17.3300,17.3400,28700,497560.0000,3
2025-03-20,20250320112000000,sz.002732,17.3400,17.3700,17.3400,17.3400,25500,442528.0000,3
2025-03-20,20250320112500000,sz.002732,17.3400,17.4000,17.3300,17.3600,87200,1514800.0000,3
2025-03-20,20250320113000000,sz.002732,17.3700,17.3800,17.3600,17.3800,70500,1224280.0000,3
2025-03-20,20250320130500000,sz.002732,17.3800,17.3900,17.3200,17.3200,100900,1751712.0000,3
2025-03-20,20250320131000000,sz.002732,17.3200,17.3500,17.3100,17.3500,48400,838744.0000,3
2025-03-20,20250320131500000,sz.002732,17.3400,17.3500,17.3300,17.3500,32200,558560.0000,3
2025-03-20,20250320132000000,sz.002732,17.3500,17.3600,17.2500,17.3000,232300,4018872.0000,3
2025-03-20,20250320132500000,sz.002732,17.3000,17.3500,17.3000,17.3100,28200,488408.0000,3
2025-03-20,20250320133000000,sz.002732,17.3100,17.3500,17.3100,17.3200,42200,730912.0000,3
2025-03-20,20250320133500000,sz.002732,17.3100,17.3100,17.2600,17.2600,49300,852392.0000,3
2025-03-20,20250320134000000,sz.002732,17.2700,17.2700,17.2000,17.2100,206900,3564216.0000,3
2025-03-20,20250320134500000,sz.002732,17.2100,17.2300,17.1600,17.1800,218400,3753640.0000,3
2025-03-20,20250320135000000,sz.002732,17.1900,17.2300,17.1900,17.2300,22700,390680.0000,3
2025-03-20,20250320135500000,sz.002732,17.2300,17.2500,17.2300,17.2500,43200,744800.0000,3
2025-03-20,20250320140000000,sz.002732,17.2600,17.2700,17.2200,17.2200,96300,1660416.0000,3
2025-03-20,20250320140500000,sz.002732,17.2200,17.2200,17.1900,17.1900,60200,1035856.0000,3
2025-03-20,20250320141000000,sz.002732,17.2000,17.2300,17.1900,17.2300,77200,1327856.0000,3
2025-03-20,20250320141500000,sz.002732,17.2300,17.2900,17.2300,17.2700,93300,1611536.0000,3
2025-03-20,20250320142000000,sz.002732,17.2600,17.2800,17.2500,17.2600,49700,858112.0000,3
2025-03-20,20250320142500000,sz.002732,17.2600,17.2700,17.2500,17.2600,61800,1065904.0000,3
2025-03-20,20250320143000000,sz.002732,17.2700,17.2800,17.2400,17.2600,88400,1526768.0000,3
2025-03-20,20250320143500000,sz.002732,17.2600,17.2800,17.2600,17.2600,56300,972128.0000,3
2025-03-20,20250320144000000,sz.002732,17.2600,17.2700,17.1700,17.1800,378600,6521296.0000,3
2025-03-20,20250320144500000,sz.002732,17.1700,17.1900,17.1300,17.1600,343500,5889984.0000,3
2025-03-20,20250320145000000,sz.002732,17.1600,17.2000,17.1400,17.1400,277600,4763552.0000,3
2025-03-20,20250320145500000,sz.002732,17.1400,17.1600,17.0900,17.0900,198100,3390944.0000,3
2025-03-20,20250320150000000,sz.002732,17.1000,17.1000,17.0700,17.0800,292100,4990464.0000,3
2025-03-21,20250321093500000,sz.002732,16.9100,17.1500,16.8400,17.1000,1496300,25355484.0000,3
2025-03-21,20250321094000000,sz.002732,17.1000,17.1100,16.9800,17.0900,336300,5732562.0000,3
2025-03-21,20250321094500000,sz.002732,17.0600,17.1000,16.9400,16.9700,332600,5664754.0000,3
2025-03-21,20250321095000000,sz.002732,17.0100,17.0100,16.8000,16.9000,397000,6707720.0000,3
2025-03-21,20250321095500000,sz.002732,16.9100,16.9500,16.8700,16.9100,155800,2633052.0000,3
2025-03-21,20250321100000000,sz.002732,16.9000,16.9800,16.8700,16.9600,114100,1929556.0000,3
2025-03-21,20250321100500000,sz.002732,16.9800,16.9800,16.9200,16.9600,69100,1170568.0000,3
2025-03-21,20250321101000000,sz.002732,16.9600,16.9600,16.8700,16.8700,122600,2074700.0000,3
2025-03-21,20250321101500000,sz.002732,16.8700,16.9000,16.8500,16.8800,98500,1662116.0000,3
2025-03-21,20250321102000000,sz.002732,16.8500,16.9600,16.8000,16.8900,187300,3156376.0000,3
2025-03-21,20250321102500000,sz.002732,16.8800,16.8900,16.8200,16.8500,85100,1433552.0000,3
2025-03-21,20250321103000000,sz.002732,16.8500,16.8700,16.8200,16.8500,117800,1983908.0000,3
2025-03-21,20250321103500000,sz.002732,16.8600,16.8600,16.8000,16.8100,86300,1451948.0000,3
2025-03-21,20250321104000000,sz.002732,16.8000,16.8600,16.7800,16.8100,185300,3112136.0000,3
2025-03-21,20250321104500000,sz.002732,16.8100,16.8400,16.7900,16.8000,81900,1376864.0000,3
2025-03-21,20250321105000000,sz.002732,16.8000,16.8400,16.8000,16.8300,24200,407196.0000,3
2025-03-21,20250321105500000,sz.002732,16.8300,16.8300,16.7700,16.7900,98300,1650740.0000,3
2025-03-21,20250321110000000,sz.002732,16.7900,16.8100,16.7900,16.8000,65200,1095200.0000,3
2025-03-21,20250321110500000,sz.002732,16.7900,16.8000,16.7300,16.7500,207100,3471144.0000,3
2025-03-21,20250321111000000,sz.002732,16.7500,16.7800,16.7400,16.7800,85200,1427896.0000,3
2025-03-21,20250321111500000,sz.002732,16.7700,16.7800,16.7700,16.7800,65100,1092344.0000,3
2025-03-21,20250321112000000,sz.002732,16.7800,16.7800,16.7500,16.7700,24800,415736.0000,3
2025-03-21,20250321112500000,sz.002732,16.7600,16.7600,16.6700,16.6700,176300,2944264.0000,3
2025-03-21,20250321113000000,sz.002732,16.7000,16.7700,16.7000,16.7200,76200,1273880.0000,3
2025-03-21,20250321130500000,sz.002732,16.7100,16.7700,16.7100,16.7400,93900,1571176.0000,3
2025-03-21,20250321131000000,sz.002732,16.7400,16.7400,16.6900,16.7200,42400,708752.0000,3
2025-03-21,20250321131500000,sz.002732,16.7200,16.7300,16.6900,16.6900,35800,597928.0000,3
2025-03-21,20250321132000000,sz.002732,16.6900,16.7300,16.6900,16.7000,51300,856832.0000,3
2025-03-21,20250321132500000,sz.002732,16.7100,16.7200,16.6800,16.6900,102300,1708064.0000,3
2025-03-21,20250321133000000,sz.002732,16.6900,16.6900,16.6700,16.6800,40700,678968.0000,3
2025-03-21,20250321133500000,sz.002732,16.6900,16.7000,16.6800,16.6900,26700,445608.0000,3
2025-03-21,20250321134000000,sz.002732,16.7000,16.7000,16.6200,16.6400,129600,2157736.0000,3
2025-03-21,20250321134500000,sz.002732,16.6500,16.6500,16.6000,16.6000,106100,1763000.0000,3
2025-03-21,20250321135000000,sz.002732,16.6000,16.6300,16.6000,16.6200,66900,1111056.0000,3
2025-03-21,20250321135500000,sz.002732,16.6200,16.6300,16.6100,16.6200,73000,1213232.0000,3
2025-03-21,20250321140000000,sz.002732,16.6300,16.6300,16.6000,16.6100,85400,1418480.0000,3
2025-03-21,20250321140500000,sz.002732,16.6000,16.6000,16.5600,16.5700,133900,2219104.0000,3
2025-03-21,20250321141000000,sz.002732,16.5700,16.6200,16.5700,16.5900,42300,702176.0000,3
2025-03-21,20250321141500000,sz.002732,16.5900,16.5900,16.5500,16.5600,95900,1588152.0000,3
2025-03-21,20250321142000000,sz.002732,16.5600,16.6000,16.5500,16.5900,104500,1732208.0000,3
2025-03-21,20250321142500000,sz.002732,16.5900,16.6500,16.5800,16.6300,88400,1467832.0000,3
2025-03-21,20250321143000000,sz.002732,16.6300,16.6300,16.5700,16.5900,56300,934240.0000,3
2025-03-21,20250321143500000,sz.002732,16.6000,16.6600,16.6000,16.6200,39100,650304.0000,3
2025-03-21,20250321144000000,sz.002732,16.6300,16.6300,16.6100,16.6200,97300,1617480.0000,3
2025-03-21,20250321144500000,sz.002732,16.6300,16.6300,16.5600,16.5900,88800,1472872.0000,3
2025-03-21,20250321145000000,sz.002732,16.5800,16.5900,16.5500,16.5600,168400,2788136.0000,3
2025-03-21,20250321145500000,sz.002732,16.5300,16.5800,16.5300,16.5300,101600,1680664.0000,3
2025-03-21,20250321150000000,sz.002732,16.5200,16.5400,16.5100,16.5300,204200,3375296.0000,3
2025-03-24,20250324093500000,sz.002732,16.7800,16.7800,16.6000,16.6400,393700,6575456.0000,3
2025-03-24,20250324094000000,sz.002732,16.6400,16.6700,16.5800,16.6000,103100,1713632.0000,3
2025-03-24,20250324094500000,sz.002732,16.6100,16.6200,16.5400,16.5400,154800,2565544.0000,3
2025-03-24,20250324095000000,sz.002732,16.5400,16.6000,16.5100,16.6000,92400,1526943.0000,3
2025-03-24,20250324095500000,sz.002732,16.5900,16.6500,16.5100,16.5100,69100,1145750.0000,3
2025-03-24,20250324100000000,sz.002732,16.5100,16.5600,16.5000,16.5400,47700,788160.0000,3
2025-03-24,20250324100500000,sz.002732,16.5400,16.5500,16.4800,16.5000,69200,1141447.0000,3
2025-03-24,20250324101000000,sz.002732,16.5100,16.5500,16.5000,16.5300,44800,739868.0000,3
2025-03-24,20250324101500000,sz.002732,16.5300,16.5500,16.4200,16.4300,102200,1683388.0000,3
2025-03-24,20250324102000000,sz.002732,16.4300,16.4600,16.4000,16.4100,71600,1175460.0000,3
2025-03-24,20250324102500000,sz.002732,16.4000,16.4000,16.3700,16.3900,88300,1447104.0000,3
2025-03-24,20250324103000000,sz.002732,16.3900,16.4300,16.3900,16.4200,55000,902426.0000,3
2025-03-24,20250324103500000,sz.002732,16.4200,16.4200,16.3600,16.3900,76700,1256214.0000,3
2025-03-24,20250324104000000,sz.002732,16.3900,16.3900,16.3500,16.3500,22600,369768.0000,3
2025-03-24,20250324104500000,sz.002732,16.3500,16.3700,16.3500,16.3500,16800,274776.0000,3
2025-03-24,20250324105000000,sz.002732,16.3500,16.3500,16.3100,16.3200,81400,1328884.0000,3
2025-03-24,20250324105500000,sz.002732,16.3200,16.3300,16.3000,16.3100,35700,582404.0000,3
2025-03-24,20250324110000000,sz.002732,16.3200,16.3300,16.2800,16.2900,69500,1133436.0000,3
2025-03-24,20250324110500000,sz.002732,16.3000,16.3000,16.2600,16.2700,56000,911512.0000,3
2025-03-24,20250324111000000,sz.002732,16.2700,16.2700,16.2400,16.2400,69800,1134466.0000,3
2025-03-24,20250324111500000,sz.002732,16.2400,16.2500,16.2200,16.2300,65600,1064970.0000,3
2025-03-24,20250324112000000,sz.002732,16.2300,16.2400,16.2200,16.2200,59600,967400.0000,3
2025-03-24,20250324112500000,sz.002732,16.2300,16.2300,16.1700,16.1700,113200,1834370.0000,3
2025-03-24,20250324113000000,sz.002732,16.1700,16.1800,16.1000,16.1000,52100,840466.0000,3
2025-03-24,20250324130500000,sz.002732,16.1000,16.1400,16.0700,16.0700,116000,1868284.0000,3
2025-03-24,20250324131000000,sz.002732,16.0700,16.0700,16.0200,16.0500,156800,2516204.0000,3
2025-03-24,20250324131500000,sz.002732,16.0400,16.2500,16.0400,16.2500,246000,3959128.0000,3
2025-03-24,20250324132000000,sz.002732,16.2400,16.2700,16.2100,16.2100,101300,1645144.0000,3
2025-03-24,20250324132500000,sz.002732,16.2300,16.2900,16.2300,16.2500,104700,1702412.0000,3
2025-03-24,20250324133000000,sz.002732,16.2200,16.2500,16.1800,16.1800,29500,478620.0000,3
2025-03-24,20250324133500000,sz.002732,16.1900,16.2000,16.1300,16.1900,76900,1243204.0000,3
2025-03-24,20250324134000000,sz.002732,16.1900,16.2100,16.1300,16.1400,66600,1077560.0000,3
2025-03-24,20250324134500000,sz.002732,16.1400,16.1400,16.0900,16.0900,67300,1084588.0000,3
2025-03-24,20250324135000000,sz.002732,16.1000,16.1000,16.0200,16.0600,57700,926092.0000,3
2025-03-24,20250324135500000,sz.002732,16.0500,16.0600,16.0300,16.0600,54900,880628.0000,3
2025-03-24,20250324140000000,sz.002732,16.0600,16.0900,16.0500,16.0800,79200,1272468.0000,3
2025-03-24,20250324140500000,sz.002732,16.0800,16.0900,16.0500,16.0500,96400,1549416.0000,3
2025-03-24,20250324141000000,sz.002732,16.0600,16.0600,16.0400,16.0400,41400,664348.0000,3
2025-03-24,20250324141500000,sz.002732,16.0400,16.0500,16.0200,16.0200,60900,976500.0000,3
2025-03-24,20250324142000000,sz.002732,16.0200,16.0400,16.0200,16.0300,29400,471212.0000,3
2025-03-24,20250324142500000,sz.002732,16.0300,16.1000,16.0200,16.0900,47800,767632.0000,3
2025-03-24,20250324143000000,sz.002732,16.0900,16.1700,16.0900,16.1700,28000,451584.0000,3
2025-03-24,20250324143500000,sz.002732,16.1700,16.2200,16.1700,16.2000,56600,916948.0000,3
2025-03-24,20250324144000000,sz.002732,16.2000,16.2400,16.2000,16.2200,55500,900144.0000,3
2025-03-24,20250324144500000,sz.002732,16.2200,16.2200,16.1700,16.2000,175400,2840148.0000,3
2025-03-24,20250324145000000,sz.002732,16.2100,16.2500,16.1800,16.2500,83400,1352364.0000,3
2025-03-24,20250324145500000,sz.002732,16.2500,16.2900,16.2500,16.2900,62300,1013884.0000,3
2025-03-24,20250324150000000,sz.002732,16.2800,16.2900,16.2000,16.2000,150300,2439820.0000,3
2025-03-25,20250325093500000,sz.002732,16.3200,16.3200,16.0400,16.1100,203500,3289296.0000,3
2025-03-25,20250325094000000,sz.002732,16.1100,16.1600,16.0900,16.1000,138600,2235355.0000,3
2025-03-25,20250325094500000,sz.002732,16.1200,16.1200,16.0600,16.0700,90100,1448776.0000,3
2025-03-25,20250325095000000,sz.002732,16.0700,16.1500,16.0700,16.1500,45300,730296.0000,3
2025-03-25,20250325095500000,sz.002732,16.1500,16.1500,16.1100,16.1100,44300,714778.0000,3
2025-03-25,20250325100000000,sz.002732,16.1100,16.1200,16.0800,16.1000,29600,476635.0000,3
2025-03-25,20250325100500000,sz.002732,16.1000,16.1400,16.1000,16.1200,56400,908598.0000,3
2025-03-25,20250325101000000,sz.002732,16.1100,16.1100,16.0700,16.0900,41300,664567.0000,3
2025-03-25,20250325101500000,sz.002732,16.0800,16.0900,16.0600,16.0800,37900,609101.0000,3
2025-03-25,20250325102000000,sz.002732,16.0800,16.0900,16.0400,16.0600,63900,1026082.0000,3
2025-03-25,20250325102500000,sz.002732,16.0600,16.1000,16.0500,16.0700,39900,641330.0000,3
2025-03-25,20250325103000000,sz.002732,16.0700,16.1100,16.0700,16.0800,41100,660725.0000,3
2025-03-25,20250325103500000,sz.002732,16.0600,16.0800,16.0500,16.0700,38400,616551.0000,3
2025-03-25,20250325104000000,sz.002732,16.0700,16.0800,16.0600,16.0700,5900,94831.0000,3
2025-03-25,20250325104500000,sz.002732,16.0700,16.0900,16.0600,16.0700,18800,302134.0000,3
2025-03-25,20250325105000000,sz.002732,16.0700,16.0700,16.0300,16.0300,75700,1214436.0000,3
2025-03-25,20250325105500000,sz.002732,16.0300,16.0400,16.0300,16.0400,28500,456911.0000,3
2025-03-25,20250325110000000,sz.002732,16.0400,16.0400,16.0200,16.0300,28100,450435.0000,3
2025-03-25,20250325110500000,sz.002732,16.0300,16.0300,16.0100,16.0300,63000,1009557.0000,3
2025-03-25,20250325111000000,sz.002732,16.0400,16.0400,16.0300,16.0400,16200,259786.0000,3
2025-03-25,20250325111500000,sz.002732,16.0400,16.1000,16.0400,16.0900,32100,516000.0000,3
2025-03-25,20250325112000000,sz.002732,16.1000,16.1100,16.0200,16.0300,65400,1050992.0000,3
2025-03-25,20250325112500000,sz.002732,16.0300,16.3200,16.0300,16.2100,259100,4202704.0000,3
2025-03-25,20250325113000000,sz.002732,16.1800,16.4400,16.0700,16.4400,613900,9972166.0000,3
2025-03-25,20250325130500000,sz.002732,16.4600,16.4600,16.3200,16.3500,968400,15913742.0000,3
2025-03-25,20250325131000000,sz.002732,16.3300,16.3600,16.3100,16.3600,78700,1285276.0000,3
2025-03-25,20250325131500000,sz.002732,16.3500,16.4600,16.3500,16.4000,154700,2535272.0000,3
2025-03-25,20250325132000000,sz.002732,16.4000,16.4300,16.3500,16.4300,89200,1462592.0000,3
2025-03-25,20250325132500000,sz.002732,16.4300,16.4400,16.3700,16.4200,55600,912900.0000,3
2025-03-25,20250325133000000,sz.002732,16.4100,16.4300,16.3900,16.3900,23800,390640.0000,3
2025-03-25,20250325133500000,sz.002732,16.4100,16.4300,16.4000,16.4300,38000,623888.0000,3
2025-03-25,20250325134000000,sz.002732,16.4200,16.5200,16.4200,16.4600,157900,2602460.0000,3
2025-03-25,20250325134500000,sz.002732,16.5000,16.5000,16.4300,16.4300,34900,574824.0000,3
2025-03-25,20250325135000000,sz.002732,16.4300,16.5800,16.4100,16.4900,168600,2782508.0000,3
2025-03-25,20250325135500000,sz.002732,16.4900,16.5000,16.4300,16.4400,58600,964792.0000,3
2025-03-25,20250325140000000,sz.002732,16.4400,16.4500,16.4300,16.4300,32000,526032.0000,3
2025-03-25,20250325140500000,sz.002732,16.4200,16.4200,16.3900,16.4200,36200,593976.0000,3
2025-03-25,20250325141000000,sz.002732,16.4200,16.4300,16.4000,16.4200,26900,441576.0000,3
2025-03-25,20250325141500000,sz.002732,16.4200,16.4400,16.4000,16.4000,27200,446520.0000,3
2025-03-25,20250325142000000,sz.002732,16.4000,16.4300,16.3900,16.4100,27500,451216.0000,3
2025-03-25,20250325142500000,sz.002732,16.4100,16.5000,16.4100,16.4900,61300,1008112.0000,3
2025-03-25,20250325143000000,sz.002732,16.4900,16.5000,16.4200,16.4700,78800,1298432.0000,3
2025-03-25,20250325143500000,sz.002732,16.4600,16.4800,16.4400,16.4500,61300,1008984.0000,3
2025-03-25,20250325144000000,sz.002732,16.4500,16.4600,16.4200,16.4300,73200,1203288.0000,3
2025-03-25,20250325144500000,sz.002732,16.4300,16.4300,16.4000,16.4300,56100,920640.0000,3
2025-03-25,20250325145000000,sz.002732,16.4200,16.4300,16.3700,16.4000,125400,2055760.0000,3
2025-03-25,20250325145500000,sz.002732,16.4100,16.4800,16.4100,16.4800,208400,3428680.0000,3
2025-03-25,20250325150000000,sz.002732,16.4800,16.4900,16.3300,16.4100,219200,3602608.0000,3
2025-03-26,20250326093500000,sz.002732,16.3000,16.3800,16.2200,16.3800,407900,6646329.0000,3
2025-03-26,20250326094000000,sz.002732,16.3800,16.4000,16.3000,16.3500,216400,3538364.0000,3
2025-03-26,20250326094500000,sz.002732,16.3500,16.3800,16.3200,16.3700,203500,3326696.0000,3
2025-03-26,20250326095000000,sz.002732,16.3700,16.4300,16.3700,16.4100,99900,1638645.0000,3
2025-03-26,20250326095500000,sz.002732,16.4100,16.4100,16.3700,16.3800,78400,1284720.0000,3
2025-03-26,20250326100000000,sz.002732,16.3800,16.4100,16.3700,16.4100,64500,1057338.0000,3
2025-03-26,20250326100500000,sz.002732,16.4100,16.4600,16.3900,16.4500,126200,2071792.0000,3
2025-03-26,20250326101000000,sz.002732,16.4500,16.4500,16.4200,16.4500,73100,1201418.0000,3
2025-03-26,20250326101500000,sz.002732,16.4500,16.4600,16.3900,16.3900,78200,1285714.0000,3
2025-03-26,20250326102000000,sz.002732,16.4000,16.5000,16.4000,16.5000,89200,1468196.0000,3
2025-03-26,20250326102500000,sz.002732,16.5000,16.5400,16.4800,16.5200,102600,1693708.0000,3
2025-03-26,20250326103000000,sz.002732,16.4800,16.5500,16.4800,16.4900,88000,1453822.0000,3
2025-03-26,20250326103500000,sz.002732,16.4900,16.5600,16.4900,16.5100,50400,833178.0000,3
2025-03-26,20250326104000000,sz.002732,16.5100,16.5700,16.4800,16.5600,68300,1128884.0000,3
2025-03-26,20250326104500000,sz.002732,16.5500,16.5500,16.5100,16.5200,42400,701092.0000,3
2025-03-26,20250326105000000,sz.002732,16.5200,16.6500,16.5200,16.6500,165500,2745972.0000,3
2025-03-26,20250326105500000,sz.002732,16.6600,16.6800,16.6000,16.6100,86300,1435444.0000,3
2025-03-26,20250326110000000,sz.002732,16.6200,16.6600,16.6100,16.6300,62000,1031400.0000,3
2025-03-26,20250326110500000,sz.002732,16.6300,16.7000,16.6300,16.6900,104900,1748628.0000,3
2025-03-26,20250326111000000,sz.002732,16.6700,16.6800,16.6300,16.6400,47700,794392.0000,3
2025-03-26,20250326111500000,sz.002732,16.6500,16.6500,16.6400,16.6500,38900,647544.0000,3
2025-03-26,20250326112000000,sz.002732,16.6500,16.6500,16.5600,16.5700,134900,2238700.0000,3
2025-03-26,20250326112500000,sz.002732,16.5700,16.6100,16.5700,16.6000,36500,605676.0000,3
2025-03-26,20250326113000000,sz.002732,16.6100,16.6300,16.6000,16.6200,36400,604900.0000,3
2025-03-26,20250326130500000,sz.002732,16.6200,16.6300,16.5900,16.6200,98900,1643324.0000,3
2025-03-26,20250326131000000,sz.002732,16.5900,16.6000,16.5600,16.5900,42100,697740.0000,3
2025-03-26,20250326131500000,sz.002732,16.6100,16.6100,16.5700,16.5700,47300,784684.0000,3
2025-03-26,20250326132000000,sz.002732,16.5600,16.5900,16.5500,16.5600,49000,811548.0000,3
2025-03-26,20250326132500000,sz.002732,16.5600,16.5700,16.5200,16.5200,63200,1045664.0000,3
2025-03-26,20250326133000000,sz.002732,16.5200,16.5500,16.5200,16.5200,50200,829896.0000,3
2025-03-26,20250326133500000,sz.002732,16.5400,16.5700,16.5300,16.5600,34700,574080.0000,3
2025-03-26,20250326134000000,sz.002732,16.5600,16.5700,16.5300,16.5300,72000,1191200.0000,3
2025-03-26,20250326134500000,sz.002732,16.5200,16.5300,16.5000,16.5000,36000,594564.0000,3
2025-03-26,20250326135000000,sz.002732,16.5100,16.5400,16.5100,16.5200,42300,698740.0000,3
2025-03-26,20250326135500000,sz.002732,16.5200,16.5800,16.5200,16.5700,32100,531204.0000,3
2025-03-26,20250326140000000,sz.002732,16.5600,16.5800,16.5400,16.5800,39400,652696.0000,3
2025-03-26,20250326140500000,sz.002732,16.5800,16.6100,16.5800,16.6000,72100,1196292.0000,3
2025-03-26,20250326141000000,sz.002732,16.6000,16.6000,16.5700,16.5800,36800,610264.0000,3
2025-03-26,20250326141500000,sz.002732,16.5900,16.5900,16.5700,16.5700,27800,460976.0000,3
2025-03-26,20250326142000000,sz.002732,16.5700,16.5800,16.5600,16.5800,39800,659408.0000,3
2025-03-26,20250326142500000,sz.002732,16.5800,16.5900,16.5600,16.5800,30700,508796.0000,3
2025-03-26,20250326143000000,sz.002732,16.5800,16.5900,16.5700,16.5800,26400,437732.0000,3
2025-03-26,20250326143500000,sz.002732,16.5800,16.5900,16.5500,16.5600,41500,687436.0000,3
2025-03-26,20250326144000000,sz.002732,16.5700,16.5900,16.5600,16.5700,39900,661308.0000,3
2025-03-26,20250326144500000,sz.002732,16.5700,16.5700,16.5400,16.5400,72600,1201736.0000,3
2025-03-26,20250326145000000,sz.002732,16.5600,16.5700,16.5400,16.5400,122800,2032540.0000,3
2025-03-26,20250326145500000,sz.002732,16.5400,16.5600,16.5100,16.5500,176700,2921656.0000,3
2025-03-26,20250326150000000,sz.002732,16.5600,16.5900,16.5500,16.5800,106500,1765468.0000,3
2025-03-27,20250327093500000,sz.002732,16.5800,16.6900,16.5000,16.6100,265200,4407173.0000,3
2025-03-27,20250327094000000,sz.002732,16.5900,16.6500,16.5500,16.5600,197900,3286081.0000,3
2025-03-27,20250327094500000,sz.002732,16.5500,16.5600,16.4600,16.4800,146900,2424636.0000,3
2025-03-27,20250327095000000,sz.002732,16.4800,16.4800,16.4200,16.4500,112800,1854947.0000,3
2025-03-27,20250327095500000,sz.002732,16.4500,16.5900,16.4200,16.5000,103600,1708226.0000,3
2025-03-27,20250327100000000,sz.002732,16.5200,16.5200,16.4700,16.4800,48000,791832.0000,3
2025-03-27,20250327100500000,sz.002732,16.4700,16.5000,16.4600,16.4700,41400,682083.0000,3
2025-03-27,20250327101000000,sz.002732,16.4800,16.5100,16.4600,16.4800,40700,670796.0000,3
2025-03-27,20250327101500000,sz.002732,16.5100,16.5100,16.4700,16.4700,28900,476356.0000,3
2025-03-27,20250327102000000,sz.002732,16.4700,16.4700,16.4300,16.4700,66400,1092502.0000,3
2025-03-27,20250327102500000,sz.002732,16.4800,16.4800,16.4400,16.4600,26800,441044.0000,3
2025-03-27,20250327103000000,sz.002732,16.4600,16.4600,16.4000,16.4200,79700,1309980.0000,3
2025-03-27,20250327103500000,sz.002732,16.4200,16.4700,16.4200,16.4500,49100,807174.0000,3
2025-03-27,20250327104000000,sz.002732,16.4500,16.4900,16.4500,16.4700,23600,388798.0000,3
2025-03-27,20250327104500000,sz.002732,16.4700,16.4900,16.4600,16.4800,16400,270092.0000,3
2025-03-27,20250327105000000,sz.002732,16.4800,16.5000,16.4700,16.4900,36000,593500.0000,3
2025-03-27,20250327105500000,sz.002732,16.5000,16.5000,16.4600,16.4700,48500,799520.0000,3
2025-03-27,20250327110000000,sz.002732,16.4700,16.4900,16.4500,16.4700,44900,739612.0000,3
2025-03-27,20250327110500000,sz.002732,16.4900,16.5000,16.4700,16.4900,10900,179750.0000,3
2025-03-27,20250327111000000,sz.002732,16.4900,16.5000,16.4400,16.4900,22300,367482.0000,3
2025-03-27,20250327111500000,sz.002732,16.4900,16.5000,16.4800,16.5000,6500,107186.0000,3
2025-03-27,20250327112000000,sz.002732,16.4900,16.4900,16.4700,16.4800,22600,372566.0000,3
2025-03-27,20250327112500000,sz.002732,16.4800,16.4800,16.4500,16.4500,16600,273236.0000,3
2025-03-27,20250327113000000,sz.002732,16.4500,16.4500,16.4300,16.4300,26800,440508.0000,3
2025-03-27,20250327130500000,sz.002732,16.4400,16.5500,16.4400,16.5300,57500,948576.0000,3
2025-03-27,20250327131000000,sz.002732,16.5500,16.5500,16.4900,16.4900,11300,186652.0000,3
2025-03-27,20250327131500000,sz.002732,16.4900,16.5000,16.4700,16.4900,22500,371012.0000,3
2025-03-27,20250327132000000,sz.002732,16.4900,16.5200,16.4900,16.5200,14200,234312.0000,3
2025-03-27,20250327132500000,sz.002732,16.4800,16.5200,16.4800,16.5000,51700,853382.0000,3
2025-03-27,20250327133000000,sz.002732,16.4900,16.5300,16.4800,16.5200,32300,532774.0000,3
2025-03-27,20250327133500000,sz.002732,16.5200,16.5200,16.5000,16.5000,18900,312112.0000,3
2025-03-27,20250327134000000,sz.002732,16.5000,16.5400,16.4900,16.5200,70200,1159100.0000,3
2025-03-27,20250327134500000,sz.002732,16.5200,16.5200,16.5000,16.5000,21200,350000.0000,3
2025-03-27,20250327135000000,sz.002732,16.5100,16.5200,16.4900,16.5200,51200,845008.0000,3
2025-03-27,20250327135500000,sz.002732,16.5200,16.5200,16.4700,16.5100,49000,808374.0000,3
2025-03-27,20250327140000000,sz.002732,16.4800,16.5000,16.4300,16.4400,40100,659866.0000,3
2025-03-27,20250327140500000,sz.002732,16.4400,16.5400,16.4400,16.5400,58200,959872.0000,3
2025-03-27,20250327141000000,sz.002732,16.5400,16.5800,16.5300,16.5800,47600,788010.0000,3
2025-03-27,20250327141500000,sz.002732,16.5800,16.5800,16.5200,16.5300,24500,405366.0000,3
2025-03-27,20250327142000000,sz.002732,16.5300,16.5600,16.5200,16.5600,22100,365056.0000,3
2025-03-27,20250327142500000,sz.002732,16.5600,16.5600,16.5100,16.5200,24400,403544.0000,3
2025-03-27,20250327143000000,sz.002732,16.5400,16.5400,16.5200,16.5200,9900,163644.0000,3
2025-03-27,20250327143500000,sz.002732,16.5300,16.5400,16.5100,16.5100,22200,366880.0000,3
2025-03-27,20250327144000000,sz.002732,16.5100,16.5200,16.5000,16.5100,23500,388036.0000,3
2025-03-27,20250327144500000,sz.002732,16.5100,16.5200,16.5000,16.5000,41400,683452.0000,3
2025-03-27,20250327145000000,sz.002732,16.5100,16.5200,16.4700,16.4900,76400,1260588.0000,3
2025-03-27,20250327145500000,sz.002732,16.4800,16.4900,16.4600,16.4600,65300,1076028.0000,3
2025-03-27,20250327150000000,sz.002732,16.4700,16.4800,16.4500,16.4600,56600,931804.0000,3
2025-03-28,20250328093500000,sz.002732,16.3700,16.5600,16.3500,16.3900,166400,2727112.0000,3
2025-03-28,20250328094000000,sz.002732,16.3900,16.4800,16.3800,16.4100,49100,807289.0000,3
2025-03-28,20250328094500000,sz.002732,16.4100,16.5100,16.4100,16.5100,52100,857716.0000,3
2025-03-28,20250328095000000,sz.002732,16.5100,16.5600,16.4700,16.5100,120600,1992882.0000,3
2025-03-28,20250328095500000,sz.002732,16.5100,16.5100,16.4700,16.4800,66700,1100351.0000,3
2025-03-28,20250328100000000,sz.002732,16.4800,16.5100,16.4400,16.4700,57800,952326.0000,3
2025-03-28,20250328100500000,sz.002732,16.4700,16.5300,16.4600,16.5300,66300,1092848.0000,3
2025-03-28,20250328101000000,sz.002732,16.5300,16.5300,16.4600,16.4800,45100,744046.0000,3
2025-03-28,20250328101500000,sz.002732,16.4800,16.5100,16.4800,16.4800,27400,451908.0000,3
2025-03-28,20250328102000000,sz.002732,16.4700,16.5000,16.4500,16.5000,71600,1179537.0000,3
2025-03-28,20250328102500000,sz.002732,16.4900,16.5100,16.4800,16.5000,53700,885411.0000,3
2025-03-28,20250328103000000,sz.002732,16.5000,16.5300,16.4500,16.4900,123100,2032053.0000,3
2025-03-28,20250328103500000,sz.002732,16.4900,16.4900,16.3800,16.3900,91700,1507020.0000,3
2025-03-28,20250328104000000,sz.002732,16.3900,16.4000,16.3500,16.3900,56200,919837.0000,3
2025-03-28,20250328104500000,sz.002732,16.3800,16.3900,16.3400,16.3700,41600,680680.0000,3
2025-03-28,20250328105000000,sz.002732,16.3700,16.3900,16.3600,16.3800,20800,340664.0000,3
2025-03-28,20250328105500000,sz.002732,16.3900,16.4100,16.3800,16.4000,19700,322856.0000,3
2025-03-28,20250328110000000,sz.002732,16.3900,16.4500,16.3900,16.4500,32800,538204.0000,3
2025-03-28,20250328110500000,sz.002732,16.4400,16.4400,16.3600,16.4100,38100,625296.0000,3
2025-03-28,20250328111000000,sz.002732,16.4300,16.4300,16.4100,16.4100,40600,666492.0000,3
2025-03-28,20250328111500000,sz.002732,16.4100,16.4100,16.3800,16.3800,26200,429490.0000,3
2025-03-28,20250328112000000,sz.002732,16.3700,16.3700,16.3400,16.3500,63400,1037014.0000,3
2025-03-28,20250328112500000,sz.002732,16.3400,16.3400,16.3100,16.3300,80000,1306104.0000,3
2025-03-28,20250328113000000,sz.002732,16.3300,16.3400,16.3200,16.3300,24100,393600.0000,3
2025-03-28,20250328130500000,sz.002732,16.3300,16.3600,16.3300,16.3500,48600,794334.0000,3
2025-03-28,20250328131000000,sz.002732,16.3500,16.3800,16.3300,16.3700,25100,410482.0000,3
2025-03-28,20250328131500000,sz.002732,16.3700,16.3700,16.3400,16.3500,20000,327132.0000,3
2025-03-28,20250328132000000,sz.002732,16.3500,16.3600,16.3300,16.3600,21200,346628.0000,3
2025-03-28,20250328132500000,sz.002732,16.3600,16.3600,16.3400,16.3400,30600,500516.0000,3
2025-03-28,20250328133000000,sz.002732,16.3400,16.3800,16.3300,16.3700,52000,849972.0000,3
2025-03-28,20250328133500000,sz.002732,16.3700,16.3900,16.3600,16.3700,18900,309512.0000,3
2025-03-28,20250328134000000,sz.002732,16.3700,16.4100,16.3700,16.3900,71300,1167830.0000,3
2025-03-28,20250328134500000,sz.002732,16.3600,16.4400,16.3400,16.4300,97700,1602768.0000,3
2025-03-28,20250328135000000,sz.002732,16.4500,16.4600,16.4100,16.4500,65800,1081422.0000,3
2025-03-28,20250328135500000,sz.002732,16.4500,16.4900,16.4500,16.4500,74800,1231232.0000,3
2025-03-28,20250328140000000,sz.002732,16.4600,16.4700,16.4500,16.4600,25200,414812.0000,3
2025-03-28,20250328140500000,sz.002732,16.4600,16.5100,16.4600,16.4800,68800,1134272.0000,3
2025-03-28,20250328141000000,sz.002732,16.4700,16.4800,16.4600,16.4600,30000,493960.0000,3
2025-03-28,20250328141500000,sz.002732,16.4500,16.4600,16.4300,16.4400,17300,284384.0000,3
2025-03-28,20250328142000000,sz.002732,16.4300,16.4700,16.4300,16.4600,17500,288064.0000,3
2025-03-28,20250328142500000,sz.002732,16.4600,16.5000,16.4600,16.4700,33600,553928.0000,3
2025-03-28,20250328143000000,sz.002732,16.4700,16.5000,16.4700,16.5000,16600,273668.0000,3
2025-03-28,20250328143500000,sz.002732,16.4900,16.4900,16.4500,16.4600,47300,779568.0000,3
2025-03-28,20250328144000000,sz.002732,16.4700,16.4800,16.4500,16.4500,31100,512064.0000,3
2025-03-28,20250328144500000,sz.002732,16.4600,16.4600,16.4200,16.4500,45400,746632.0000,3
2025-03-28,20250328145000000,sz.002732,16.4500,16.4500,16.4100,16.4100,47900,787124.0000,3
2025-03-28,20250328145500000,sz.002732,16.4200,16.4300,16.3900,16.4100,75000,1230624.0000,3
2025-03-28,20250328150000000,sz.002732,16.4100,16.4700,16.4000,16.4700,104700,1721936.0000,3
2025-03-31,20250331093500000,sz.002732,16.5000,16.5000,16.1000,16.1500,298000,4833878.0000,3
2025-03-31,20250331094000000,sz.002732,16.1800,16.2800,16.1800,16.2000,136600,2215504.0000,3
2025-03-31,20250331094500000,sz.002732,16.2200,16.2400,16.1900,16.2200,63600,1030872.0000,3
2025-03-31,20250331095000000,sz.002732,16.2200,16.2400,16.1800,16.2300,96300,1560031.0000,3
2025-03-31,20250331095500000,sz.002732,16.2200,16.2300,16.1700,16.1700,58900,953701.0000,3
2025-03-31,20250331100000000,sz.002732,16.1700,16.2100,16.1100,16.2000,59000,953019.0000,3
2025-03-31,20250331100500000,sz.002732,16.2000,16.2000,16.1300,16.1400,76100,1228778.0000,3
2025-03-31,20250331101000000,sz.002732,16.1500,16.1700,16.0600,16.0600,133400,2150123.0000,3
2025-03-31,20250331101500000,sz.002732,16.0500,16.0600,15.9900,15.9900,178300,2857218.0000,3
2025-03-31,20250331102000000,sz.002732,15.9800,15.9900,15.9000,15.9000,135600,2161014.0000,3
2025-03-31,20250331102500000,sz.002732,15.9000,15.9000,15.8400,15.8700,182400,2893408.0000,3
2025-03-31,20250331103000000,sz.002732,15.8800,15.8900,15.7800,15.8300,142100,2249130.0000,3
2025-03-31,20250331103500000,sz.002732,15.8100,15.8100,15.7800,15.8000,151100,2385636.0000,3
2025-03-31,20250331104000000,sz.002732,15.8100,15.8400,15.8000,15.8000,82700,1308142.0000,3
2025-03-31,20250331104500000,sz.002732,15.8100,15.8100,15.7600,15.8100,104800,1654402.0000,3
2025-03-31,20250331105000000,sz.002732,15.7900,15.8000,15.7800,15.7900,33500,528992.0000,3
2025-03-31,20250331105500000,sz.002732,15.7900,15.8200,15.7700,15.8000,75800,1196978.0000,3
2025-03-31,20250331110000000,sz.002732,15.8000,15.8200,15.8000,15.8100,24300,384206.0000,3
2025-03-31,20250331110500000,sz.002732,15.8000,15.8000,15.7600,15.7800,77600,1224112.0000,3
2025-03-31,20250331111000000,sz.002732,15.7800,15.8000,15.7700,15.7900,19000,299928.0000,3
2025-03-31,20250331111500000,sz.002732,15.7900,15.8000,15.7800,15.7800,20700,326824.0000,3
2025-03-31,20250331112000000,sz.002732,15.7800,15.8100,15.7700,15.7800,50900,803616.0000,3
2025-03-31,20250331112500000,sz.002732,15.7900,15.7900,15.7000,15.7100,117100,1843976.0000,3
2025-03-31,20250331113000000,sz.002732,15.7100,15.7100,15.6100,15.6100,138400,2166240.0000,3
2025-03-31,20250331130500000,sz.002732,15.6100,15.7000,15.6100,15.7000,115100,1800308.0000,3
2025-03-31,20250331131000000,sz.002732,15.7000,15.7700,15.6900,15.7200,54600,858496.0000,3
2025-03-31,20250331131500000,sz.002732,15.7500,15.8200,15.7500,15.8200,35400,558984.0000,3
2025-03-31,20250331132000000,sz.002732,15.8200,15.8400,15.7900,15.7900,70300,1110956.0000,3
2025-03-31,20250331132500000,sz.002732,15.8000,15.8400,15.7900,15.8200,36700,580060.0000,3
2025-03-31,20250331133000000,sz.002732,15.8100,15.8200,15.7800,15.7800,14800,233956.0000,3
2025-03-31,20250331133500000,sz.002732,15.7700,15.7900,15.7000,15.7600,49000,772184.0000,3
2025-03-31,20250331134000000,sz.002732,15.7700,15.7900,15.7700,15.7800,24200,381884.0000,3
2025-03-31,20250331134500000,sz.002732,15.7900,15.7900,15.7400,15.7500,41600,656084.0000,3
2025-03-31,20250331135000000,sz.002732,15.7400,15.7400,15.7000,15.7100,47100,740584.0000,3
2025-03-31,20250331135500000,sz.002732,15.7100,15.7100,15.6800,15.7000,17700,277880.0000,3
2025-03-31,20250331140000000,sz.002732,15.6900,15.7100,15.6700,15.7100,29800,467736.0000,3
2025-03-31,20250331140500000,sz.002732,15.7000,15.7300,15.6900,15.7300,50000,784952.0000,3
2025-03-31,20250331141000000,sz.002732,15.7100,15.7600,15.7100,15.7400,26000,409024.0000,3
2025-03-31,20250331141500000,sz.002732,15.7500,15.8500,15.7500,15.8500,107100,1692804.0000,3
2025-03-31,20250331142000000,sz.002732,15.8500,15.8700,15.8300,15.8600,93000,1475344.0000,3
2025-03-31,20250331142500000,sz.002732,15.8700,15.9000,15.8500,15.8600,52200,828456.0000,3
2025-03-31,20250331143000000,sz.002732,15.8600,15.8800,15.8000,15.8000,42800,678556.0000,3
2025-03-31,20250331143500000,sz.002732,15.8300,15.8500,15.8200,15.8300,31900,505236.0000,3
2025-03-31,20250331144000000,sz.002732,15.8400,15.8800,15.8300,15.8700,54600,865516.0000,3
2025-03-31,20250331144500000,sz.002732,15.8700,15.8700,15.8400,15.8500,31800,504004.0000,3
2025-03-31,20250331145000000,sz.002732,15.8500,15.8600,15.8300,15.8500,156600,2477020.0000,3
2025-03-31,20250331145500000,sz.002732,15.8400,15.8400,15.8000,15.8000,56900,899940.0000,3
2025-03-31,20250331150000000,sz.002732,15.8000,15.8200,15.7600,15.7800,108200,1707556.0000,3
2025-04-01,20250401093500000,sz.002732,15.9000,16.0400,15.8300,16.0300,303700,4832494.0000,3
2025-04-01,20250401094000000,sz.002732,16.0600,16.1500,16.0300,16.1200,239600,3857414.0000,3
2025-04-01,20250401094500000,sz.002732,16.1100,16.1200,16.0500,16.0800,140600,2262377.0000,3
2025-04-01,20250401095000000,sz.002732,16.0700,16.1000,16.0500,16.0800,62100,998361.0000,3
2025-04-01,20250401095500000,sz.002732,16.1000,16.1000,16.0500,16.1000,45500,731544.0000,3
2025-04-01,20250401100000000,sz.002732,16.0800,16.1200,16.0800,16.1100,50200,808216.0000,3
2025-04-01,20250401100500000,sz.002732,16.1100,16.1300,16.1000,16.1200,52500,845928.0000,3
2025-04-01,20250401101000000,sz.002732,16.1300,16.1500,16.1200,16.1400,30700,495367.0000,3
2025-04-01,20250401101500000,sz.002732,16.1400,16.1400,16.1100,16.1300,44700,720992.0000,3
2025-04-01,20250401102000000,sz.002732,16.1300,16.1500,16.0900,16.1300,51400,828621.0000,3
2025-04-01,20250401102500000,sz.002732,16.1400,16.1500,16.1200,16.1300,48400,781366.0000,3
2025-04-01,20250401103000000,sz.002732,16.1300,16.1500,16.1200,16.1400,18700,301704.0000,3
2025-04-01,20250401103500000,sz.002732,16.1400,16.1400,16.1100,16.1200,28200,454820.0000,3
2025-04-01,20250401104000000,sz.002732,16.1200,16.1200,16.0800,16.1200,48800,785580.0000,3
2025-04-01,20250401104500000,sz.002732,16.1000,16.1200,16.0600,16.0900,32200,518094.0000,3
2025-04-01,20250401105000000,sz.002732,16.0900,16.1200,16.0900,16.1200,16300,262438.0000,3
2025-04-01,20250401105500000,sz.002732,16.1100,16.1200,16.0900,16.1000,19400,312448.0000,3
2025-04-01,20250401110000000,sz.002732,16.1000,16.1200,16.1000,16.1200,16900,272272.0000,3
2025-04-01,20250401110500000,sz.002732,16.1000,16.1000,16.0600,16.0800,28100,451838.0000,3
2025-04-01,20250401111000000,sz.002732,16.0700,16.0800,16.0600,16.0800,18700,300534.0000,3
2025-04-01,20250401111500000,sz.002732,16.0800,16.0900,16.0500,16.0900,16900,271642.0000,3
2025-04-01,20250401112000000,sz.002732,16.0800,16.0900,16.0700,16.0900,18200,292716.0000,3
2025-04-01,20250401112500000,sz.002732,16.0900,16.1100,16.0900,16.1100,14300,230238.0000,3
2025-04-01,20250401113000000,sz.002732,16.1000,16.1300,16.1000,16.1300,20800,335120.0000,3
2025-04-01,20250401130500000,sz.002732,16.1200,16.1200,16.0800,16.0800,32400,521588.0000,3
2025-04-01,20250401131000000,sz.002732,16.0800,16.1000,16.0700,16.1000,57500,925012.0000,3
2025-04-01,20250401131500000,sz.002732,16.0800,16.0900,16.0400,16.0500,28400,456108.0000,3
2025-04-01,20250401132000000,sz.002732,16.0600,16.0600,16.0200,16.0400,29300,469536.0000,3
2025-04-01,20250401132500000,sz.002732,16.0300,16.0500,16.0100,16.0400,49800,798060.0000,3
2025-04-01,20250401133000000,sz.002732,16.0500,16.0600,16.0400,16.0500,8700,139624.0000,3
2025-04-01,20250401133500000,sz.002732,16.0500,16.0500,16.0100,16.0200,26100,418196.0000,3
2025-04-01,20250401134000000,sz.002732,16.0200,16.0200,16.0100,16.0100,14600,233860.0000,3
2025-04-01,20250401134500000,sz.002732,16.0100,16.0200,15.9700,15.9700,71400,1142936.0000,3
2025-04-01,20250401135000000,sz.002732,15.9900,16.0200,15.9900,16.0200,32400,518604.0000,3
2025-04-01,20250401135500000,sz.002732,16.0000,16.0300,16.0000,16.0200,15600,249880.0000,3
2025-04-01,20250401140000000,sz.002732,16.0300,16.0300,16.0200,16.0300,6200,99356.0000,3
2025-04-01,20250401140500000,sz.002732,16.0200,16.0600,16.0200,16.0400,23400,375484.0000,3
2025-04-01,20250401141000000,sz.002732,16.0300,16.0600,16.0100,16.0500,44400,712748.0000,3
2025-04-01,20250401141500000,sz.002732,16.0400,16.0400,16.0000,16.0000,10900,174616.0000,3
2025-04-01,20250401142000000,sz.002732,16.0000,16.0300,16.0000,16.0100,14300,229048.0000,3
2025-04-01,20250401142500000,sz.002732,16.0100,16.0200,16.0000,16.0200,17600,281904.0000,3
2025-04-01,20250401143000000,sz.002732,16.0100,16.0500,16.0100,16.0500,30900,495184.0000,3
2025-04-01,20250401143500000,sz.002732,16.0500,16.0700,16.0400,16.0400,103900,1667688.0000,3
2025-04-01,20250401144000000,sz.002732,16.0300,16.0600,16.0200,16.0400,47900,768228.0000,3
2025-04-01,20250401144500000,sz.002732,16.0400,16.0500,16.0200,16.0200,20800,333488.0000,3
2025-04-01,20250401145000000,sz.002732,16.0400,16.0400,16.0200,16.0300,32100,514536.0000,3
2025-04-01,20250401145500000,sz.002732,16.0300,16.0300,16.0000,16.0100,80800,1293808.0000,3
2025-04-01,20250401150000000,sz.002732,16.0100,16.0500,16.0100,16.0500,56800,910808.0000,3
2025-04-02,20250402093500000,sz.002732,16.0500,16.1000,16.0000,16.0200,94200,1512451.0000,3
2025-04-02,20250402094000000,sz.002732,16.0100,16.0200,15.9700,16.0000,99100,1584720.0000,3
2025-04-02,20250402094500000,sz.002732,16.0000,16.0500,15.9800,16.0100,52500,840854.0000,3
2025-04-02,20250402095000000,sz.002732,15.9800,16.0200,15.9600,16.0200,55200,882450.0000,3
2025-04-02,20250402095500000,sz.002732,16.0000,16.0500,16.0000,16.0100,30400,487121.0000,3
2025-04-02,20250402100000000,sz.002732,16.0300,16.0900,16.0200,16.0700,64300,1032330.0000,3
2025-04-02,20250402100500000,sz.002732,16.0600,16.1200,16.0400,16.0800,77700,1249343.0000,3
2025-04-02,20250402101000000,sz.002732,16.0800,16.1000,16.0700,16.0800,61800,994027.0000,3
2025-04-02,20250402101500000,sz.002732,16.0700,16.0900,16.0600,16.0800,32100,515813.0000,3
2025-04-02,20250402102000000,sz.002732,16.0900,16.0900,16.0500,16.0800,20500,329360.0000,3
2025-04-02,20250402102500000,sz.002732,16.0800,16.0800,16.0500,16.0600,18900,303438.0000,3
2025-04-02,20250402103000000,sz.002732,16.0600,16.0700,16.0200,16.0200,30800,494301.0000,3
2025-04-02,20250402103500000,sz.002732,16.0200,16.0700,16.0200,16.0700,29100,466688.0000,3
2025-04-02,20250402104000000,sz.002732,16.0700,16.0800,16.0400,16.0800,39200,629772.0000,3
2025-04-02,20250402104500000,sz.002732,16.0700,16.1000,16.0500,16.0600,53200,855498.0000,3
2025-04-02,20250402105000000,sz.002732,16.0600,16.0800,16.0400,16.0500,13200,211881.0000,3
2025-04-02,20250402105500000,sz.002732,16.0500,16.0700,16.0300,16.0700,13400,215020.0000,3
2025-04-02,20250402110000000,sz.002732,16.0800,16.1000,16.0500,16.0800,11000,176796.0000,3
2025-04-02,20250402110500000,sz.002732,16.0500,16.0600,16.0400,16.0400,10400,166864.0000,3
2025-04-02,20250402111000000,sz.002732,16.0400,16.0500,16.0100,16.0100,23600,378364.0000,3
2025-04-02,20250402111500000,sz.002732,16.0200,16.0300,16.0100,16.0200,41900,671229.0000,3
2025-04-02,20250402112000000,sz.002732,16.0100,16.0300,16.0000,16.0100,43600,698403.0000,3
2025-04-02,20250402112500000,sz.002732,16.0000,16.0100,16.0000,16.0000,21400,342464.0000,3
2025-04-02,20250402113000000,sz.002732,16.0100,16.0100,16.0000,16.0000,7600,121642.0000,3
2025-04-02,20250402130500000,sz.002732,16.0100,16.0200,16.0000,16.0100,28700,459412.0000,3
2025-04-02,20250402131000000,sz.002732,16.0000,16.0100,15.9900,15.9900,26500,423947.0000,3
2025-04-02,20250402131500000,sz.002732,15.9900,16.0000,15.9900,16.0000,8200,131138.0000,3
2025-04-02,20250402132000000,sz.002732,16.0000,16.0100,15.9900,16.0100,8700,139186.0000,3
2025-04-02,20250402132500000,sz.002732,16.0100,16.0200,16.0000,16.0000,15100,241783.0000,3
2025-04-02,20250402133000000,sz.002732,16.0000,16.0100,15.9900,15.9900,14400,230313.0000,3
2025-04-02,20250402133500000,sz.002732,15.9900,15.9900,15.9800,15.9800,48600,776972.0000,3
2025-04-02,20250402134000000,sz.002732,15.9900,15.9900,15.9700,15.9700,9300,148548.0000,3
2025-04-02,20250402134500000,sz.002732,15.9800,15.9800,15.9700,15.9800,16300,260452.0000,3
2025-04-02,20250402135000000,sz.002732,15.9700,15.9900,15.9700,15.9800,9200,147004.0000,3
2025-04-02,20250402135500000,sz.002732,15.9800,16.0000,15.9800,15.9900,6800,108744.0000,3
2025-04-02,20250402140000000,sz.002732,15.9900,16.0000,15.9800,15.9800,7000,111942.0000,3
2025-04-02,20250402140500000,sz.002732,15.9900,16.0000,15.9800,15.9900,21000,335760.0000,3
2025-04-02,20250402141000000,sz.002732,15.9900,16.0000,15.9800,15.9900,6800,108728.0000,3
2025-04-02,20250402141500000,sz.002732,16.0000,16.0000,15.9700,15.9900,31200,498626.0000,3
2025-04-02,20250402142000000,sz.002732,15.9900,15.9900,15.9700,15.9800,29500,471296.0000,3
2025-04-02,20250402142500000,sz.002732,15.9800,15.9800,15.9700,15.9700,12000,191736.0000,3
2025-04-02,20250402143000000,sz.002732,15.9700,15.9800,15.9600,15.9800,19100,304988.0000,3
2025-04-02,20250402143500000,sz.002732,15.9700,15.9800,15.9500,15.9500,33400,533216.0000,3
2025-04-02,20250402144000000,sz.002732,15.9500,15.9500,15.9200,15.9300,66400,1058128.0000,3
2025-04-02,20250402144500000,sz.002732,15.9300,15.9300,15.9000,15.9100,60500,962804.0000,3
2025-04-02,20250402145000000,sz.002732,15.9100,15.9700,15.9100,15.9500,30900,492418.0000,3
2025-04-02,20250402145500000,sz.002732,15.9500,15.9700,15.9500,15.9700,25300,403888.0000,3
2025-04-02,20250402150000000,sz.002732,15.9700,16.0000,15.9600,15.9900,48400,773616.0000,3
2025-04-03,20250403093500000,sz.002732,15.8200,16.0200,15.8200,15.9900,117500,1869609.0000,3
2025-04-03,20250403094000000,sz.002732,15.9900,16.0700,15.9900,16.0200,96600,1548114.0000,3
2025-04-03,20250403094500000,sz.002732,15.9900,16.1100,15.9800,16.0900,140100,2250240.0000,3
2025-04-03,20250403095000000,sz.002732,16.0800,16.1400,16.0700,16.1300,76000,1222989.0000,3
2025-04-03,20250403095500000,sz.002732,16.1300,16.1400,16.0800,16.0900,73600,1185969.0000,3
2025-04-03,20250403100000000,sz.002732,16.0900,16.1300,16.0700,16.0700,27900,449052.0000,3
2025-04-03,20250403100500000,sz.002732,16.0800,16.1000,16.0600,16.0900,32100,516176.0000,3
2025-04-03,20250403101000000,sz.002732,16.1000,16.1000,16.0000,16.0400,86400,1385862.0000,3
2025-04-03,20250403101500000,sz.002732,16.0400,16.0900,16.0200,16.0800,32400,520068.0000,3
2025-04-03,20250403102000000,sz.002732,16.0800,16.1200,16.0700,16.1200,69800,1123465.0000,3
2025-04-03,20250403102500000,sz.002732,16.1200,16.1600,16.1200,16.1500,71300,1150915.0000,3
2025-04-03,20250403103000000,sz.002732,16.1400,16.2200,16.1300,16.1900,79000,1277764.0000,3
2025-04-03,20250403103500000,sz.002732,16.1900,16.2600,16.1700,16.2300,71400,1157467.0000,3
2025-04-03,20250403104000000,sz.002732,16.2300,16.2400,16.2100,16.2200,49200,798421.0000,3
2025-04-03,20250403104500000,sz.002732,16.2200,16.2500,16.2200,16.2300,43000,697797.0000,3
2025-04-03,20250403105000000,sz.002732,16.2300,16.3500,16.2300,16.3200,188100,3061942.0000,3
2025-04-03,20250403105500000,sz.002732,16.3200,16.3200,16.2600,16.2600,71200,1158896.0000,3
2025-04-03,20250403110000000,sz.002732,16.2600,16.3000,16.2400,16.2600,87300,1419790.0000,3
2025-04-03,20250403110500000,sz.002732,16.2600,16.2600,16.2500,16.2500,30000,487584.0000,3
2025-04-03,20250403111000000,sz.002732,16.2500,16.2500,16.2200,16.2300,91700,1488824.0000,3
2025-04-03,20250403111500000,sz.002732,16.2300,16.2300,16.2100,16.2100,11900,192996.0000,3
2025-04-03,20250403112000000,sz.002732,16.2100,16.2100,16.1900,16.1900,48200,780658.0000,3
2025-04-03,20250403112500000,sz.002732,16.2100,16.2100,16.1900,16.1900,24400,395434.0000,3
2025-04-03,20250403113000000,sz.002732,16.2000,16.2000,16.1700,16.1800,41600,673026.0000,3
2025-04-03,20250403130500000,sz.002732,16.1900,16.2000,16.1500,16.1700,28100,454612.0000,3
2025-04-03,20250403131000000,sz.002732,16.1700,16.1700,16.1200,16.1200,35500,572706.0000,3
2025-04-03,20250403131500000,sz.002732,16.1200,16.1600,16.1200,16.1600,42200,680980.0000,3
2025-04-03,20250403132000000,sz.002732,16.1600,16.2100,16.1600,16.1900,30200,488844.0000,3
2025-04-03,20250403132500000,sz.002732,16.1900,16.2200,16.1900,16.2000,38400,622216.0000,3
2025-04-03,20250403133000000,sz.002732,16.2000,16.2700,16.2000,16.2600,66700,1082740.0000,3
2025-04-03,20250403133500000,sz.002732,16.2700,16.2800,16.2500,16.2800,38400,624848.0000,3
2025-04-03,20250403134000000,sz.002732,16.2800,16.3000,16.2700,16.3000,42100,685550.0000,3
2025-04-03,20250403134500000,sz.002732,16.3000,16.3200,16.2600,16.3000,92500,1507978.0000,3
2025-04-03,20250403135000000,sz.002732,16.3100,16.3700,16.3000,16.3700,176300,2879660.0000,3
2025-04-03,20250403135500000,sz.002732,16.3800,16.4600,16.3700,16.4000,148500,2437744.0000,3
2025-04-03,20250403140000000,sz.002732,16.4200,16.4400,16.4000,16.4200,68700,1128072.0000,3
2025-04-03,20250403140500000,sz.002732,16.4300,16.4800,16.4300,16.4400,202700,3335288.0000,3
2025-04-03,20250403141000000,sz.002732,16.4300,16.4600,16.4300,16.4500,52100,856716.0000,3
2025-04-03,20250403141500000,sz.002732,16.4400,16.4500,16.3900,16.4000,31200,512248.0000,3
2025-04-03,20250403142000000,sz.002732,16.4000,16.4600,16.3800,16.4400,50100,823088.0000,3
2025-04-03,20250403142500000,sz.002732,16.4400,16.4400,16.4200,16.4200,33700,553772.0000,3
2025-04-03,20250403143000000,sz.002732,16.4200,16.4400,16.4000,16.4400,45800,752144.0000,3
2025-04-03,20250403143500000,sz.002732,16.4400,16.4500,16.4300,16.4300,53700,882768.0000,3
2025-04-03,20250403144000000,sz.002732,16.4400,16.4400,16.4300,16.4400,40500,665644.0000,3
2025-04-03,20250403144500000,sz.002732,16.4400,16.4500,16.4200,16.4300,49800,818436.0000,3
2025-04-03,20250403145000000,sz.002732,16.4400,16.4400,16.4100,16.4100,34500,566576.0000,3
2025-04-03,20250403145500000,sz.002732,16.4300,16.4300,16.3900,16.4000,148800,2440620.0000,3
2025-04-03,20250403150000000,sz.002732,16.3900,16.4000,16.3700,16.3700,109000,1784788.0000,3
2025-04-07,20250407093500000,sz.002732,15.5000,16.0600,15.5000,15.8600,758500,11968080.0000,3
2025-04-07,20250407094000000,sz.002732,15.8600,15.9000,15.4300,15.4400,472200,7365140.0000,3
2025-04-07,20250407094500000,sz.002732,15.4500,15.5000,15.3200,15.4100,359500,5529780.0000,3
2025-04-07,20250407095000000,sz.002732,15.4000,15.4000,15.2600,15.3000,234700,3593160.0000,3
2025-04-07,20250407095500000,sz.002732,15.2800,15.3400,15.1100,15.3400,332000,5047960.0000,3
2025-04-07,20250407100000000,sz.002732,15.3500,15.4300,15.3400,15.4200,177500,2732692.0000,3
2025-04-07,20250407100500000,sz.002732,15.4300,15.5200,15.4000,15.4100,121700,1879824.0000,3
2025-04-07,20250407101000000,sz.002732,15.4100,15.4700,15.3900,15.3900,90600,1397416.0000,3
2025-04-07,20250407101500000,sz.002732,15.3900,15.4500,15.3100,15.4500,71300,1093784.0000,3
2025-04-07,20250407102000000,sz.002732,15.4300,15.5400,15.4200,15.5300,89800,1389908.0000,3
2025-04-07,20250407102500000,sz.002732,15.5100,15.6400,15.5100,15.6400,100800,1572520.0000,3
2025-04-07,20250407103000000,sz.002732,15.6400,15.6500,15.5800,15.6100,76700,1197208.0000,3
2025-04-07,20250407103500000,sz.002732,15.6100,15.7400,15.5700,15.7000,123000,1924852.0000,3
2025-04-07,20250407104000000,sz.002732,15.6700,15.7500,15.6200,15.6600,97800,1534028.0000,3
2025-04-07,20250407104500000,sz.002732,15.6700,15.8100,15.6700,15.8000,120000,1890624.0000,3
2025-04-07,20250407105000000,sz.002732,15.7900,15.9400,15.7800,15.9400,135200,2143008.0000,3
2025-04-07,20250407105500000,sz.002732,15.9200,15.9200,15.7800,15.8000,83800,1327412.0000,3
2025-04-07,20250407110000000,sz.002732,15.8000,15.8400,15.8000,15.8200,35900,567920.0000,3
2025-04-07,20250407110500000,sz.002732,15.8500,15.8500,15.7200,15.7300,49900,787436.0000,3
2025-04-07,20250407111000000,sz.002732,15.7200,15.7200,15.6500,15.6700,20700,324560.0000,3
2025-04-07,20250407111500000,sz.002732,15.6700,15.6700,15.6300,15.6400,25500,398936.0000,3
2025-04-07,20250407112000000,sz.002732,15.6400,15.6600,15.6100,15.6400,30700,479828.0000,3
2025-04-07,20250407112500000,sz.002732,15.6300,15.6500,15.6100,15.6300,19200,300012.0000,3
2025-04-07,20250407113000000,sz.002732,15.6200,15.6200,15.5800,15.5900,36100,563028.0000,3
2025-04-07,20250407130500000,sz.002732,15.5900,15.5900,15.4600,15.4600,45700,709784.0000,3
2025-04-07,20250407131000000,sz.002732,15.4600,15.4900,15.4400,15.4400,50900,787212.0000,3
2025-04-07,20250407131500000,sz.002732,15.4400,15.4400,15.3900,15.4300,65700,1012720.0000,3
2025-04-07,20250407132000000,sz.002732,15.4300,15.5000,15.4200,15.4500,66500,1027744.0000,3
2025-04-07,20250407132500000,sz.002732,15.4700,15.5100,15.4300,15.4400,34300,530476.0000,3
2025-04-07,20250407133000000,sz.002732,15.4300,15.4600,15.3700,15.3900,43600,671644.0000,3
2025-04-07,20250407133500000,sz.002732,15.3700,15.3700,15.2700,15.2700,67400,1031960.0000,3
2025-04-07,20250407134000000,sz.002732,15.2800,15.2800,15.1600,15.1600,54900,835120.0000,3
2025-04-07,20250407134500000,sz.002732,15.1600,15.1600,15.0800,15.1300,132200,1999232.0000,3
2025-04-07,20250407135000000,sz.002732,15.0800,15.1300,15.0500,15.0600,94100,1419440.0000,3
2025-04-07,20250407135500000,sz.002732,15.0700,15.1000,15.0500,15.1000,34800,524528.0000,3
2025-04-07,20250407140000000,sz.002732,15.1000,15.1300,15.0200,15.0500,86500,1304360.0000,3
2025-04-07,20250407140500000,sz.002732,15.0100,15.0300,14.9300,14.9300,108200,1621640.0000,3
2025-04-07,20250407141000000,sz.002732,14.9300,14.9400,14.9000,14.9000,74000,1103800.0000,3
2025-04-07,20250407141500000,sz.002732,14.9100,14.9400,14.8200,14.8300,176400,2621560.0000,3
2025-04-07,20250407142000000,sz.002732,14.8800,14.8800,14.8100,14.8100,45600,677032.0000,3
2025-04-07,20250407142500000,sz.002732,14.8100,14.9300,14.7500,14.9300,112300,1661440.0000,3
2025-04-07,20250407143000000,sz.002732,14.9300,14.9900,14.9000,14.9100,60100,899208.0000,3
2025-04-07,20250407143500000,sz.002732,14.9200,15.2000,14.8400,15.2000,103600,1553056.0000,3
2025-04-07,20250407144000000,sz.002732,15.1300,15.2000,15.1100,15.1200,86100,1305240.0000,3
2025-04-07,20250407144500000,sz.002732,15.1200,15.1200,14.9800,15.0500,113500,1707248.0000,3
2025-04-07,20250407145000000,sz.002732,15.0500,15.0500,14.9400,14.9400,57600,863048.0000,3
2025-04-07,20250407145500000,sz.002732,14.9300,15.0500,14.9200,15.0400,122900,1838480.0000,3
2025-04-07,20250407150000000,sz.002732,15.0400,15.0700,14.9900,15.0500,107300,1614416.0000,3
2025-04-08,20250408093500000,sz.002732,15.1000,15.4000,15.1000,15.3900,313600,4778083.0000,3
2025-04-08,20250408094000000,sz.002732,15.3500,15.6000,15.3500,15.6000,293100,4549525.0000,3
2025-04-08,20250408094500000,sz.002732,15.5800,15.7000,15.5700,15.6100,304500,4760153.0000,3
2025-04-08,20250408095000000,sz.002732,15.6400,15.8000,15.6400,15.7400,378400,5942615.0000,3
2025-04-08,20250408095500000,sz.002732,15.7400,15.7400,15.5200,15.6900,243900,3805022.0000,3
2025-04-08,20250408100000000,sz.002732,15.7000,15.7600,15.6500,15.7100,205800,3234458.0000,3
2025-04-08,20250408100500000,sz.002732,15.7100,15.7800,15.7000,15.7400,164500,2590812.0000,3
2025-04-08,20250408101000000,sz.002732,15.7500,15.9800,15.7400,15.9300,346900,5496832.0000,3
2025-04-08,20250408101500000,sz.002732,15.9300,15.9800,15.9300,15.9600,162100,2586960.0000,3
2025-04-08,20250408102000000,sz.002732,15.9600,15.9600,15.8000,15.8000,121800,1933092.0000,3
2025-04-08,20250408102500000,sz.002732,15.8200,15.8400,15.7900,15.7900,92700,1465608.0000,3
2025-04-08,20250408103000000,sz.002732,15.8000,15.8600,15.7800,15.8400,117800,1862600.0000,3
2025-04-08,20250408103500000,sz.002732,15.8300,15.8900,15.8100,15.8700,105000,1664828.0000,3
2025-04-08,20250408104000000,sz.002732,15.8700,15.8800,15.8300,15.8300,38900,617188.0000,3
2025-04-08,20250408104500000,sz.002732,15.8400,15.8600,15.8000,15.8100,49400,781640.0000,3
2025-04-08,20250408105000000,sz.002732,15.8000,15.8500,15.7700,15.8500,85300,1347648.0000,3
2025-04-08,20250408105500000,sz.002732,15.8400,15.8800,15.8100,15.8400,46800,741648.0000,3
2025-04-08,20250408110000000,sz.002732,15.8500,15.8600,15.8000,15.8300,37400,592352.0000,3
2025-04-08,20250408110500000,sz.002732,15.8200,15.9800,15.8000,15.9300,208300,3315880.0000,3
2025-04-08,20250408111000000,sz.002732,15.9100,15.9300,15.8900,15.9100,110100,1751904.0000,3
2025-04-08,20250408111500000,sz.002732,15.9100,15.9500,15.9000,15.9500,144300,2298368.0000,3
2025-04-08,20250408112000000,sz.002732,15.9600,16.0000,15.9500,15.9800,189900,3036180.0000,3
2025-04-08,20250408112500000,sz.002732,15.9600,15.9800,15.9500,15.9700,56200,897092.0000,3
2025-04-08,20250408113000000,sz.002732,15.9600,15.9900,15.9400,15.9700,46300,739696.0000,3
2025-04-08,20250408130500000,sz.002732,15.9900,15.9900,15.8600,15.8900,142900,2277824.0000,3
2025-04-08,20250408131000000,sz.002732,15.9100,15.9700,15.9000,15.9000,64800,1032080.0000,3
2025-04-08,20250408131500000,sz.002732,15.9000,15.9500,15.8500,15.8600,70400,1119300.0000,3
2025-04-08,20250408132000000,sz.002732,15.8500,15.8800,15.8000,15.8400,69400,1099516.0000,3
2025-04-08,20250408132500000,sz.002732,15.8400,15.9400,15.8300,15.9200,129200,2052952.0000,3
2025-04-08,20250408133000000,sz.002732,15.9200,15.9400,15.8800,15.9000,66300,1053784.0000,3
2025-04-08,20250408133500000,sz.002732,15.9100,15.9500,15.8700,15.9100,89000,1415776.0000,3
2025-04-08,20250408134000000,sz.002732,15.9400,16.0600,15.9400,16.0100,257300,4118104.0000,3
2025-04-08,20250408134500000,sz.002732,16.0100,16.0300,15.9500,15.9800,105300,1684256.0000,3
2025-04-08,20250408135000000,sz.002732,15.9800,15.9800,15.8700,15.9000,110900,1765712.0000,3
2025-04-08,20250408135500000,sz.002732,15.9000,15.9200,15.8500,15.8600,66900,1062448.0000,3
2025-04-08,20250408140000000,sz.002732,15.8600,15.9100,15.8500,15.9000,71500,1135024.0000,3
2025-04-08,20250408140500000,sz.002732,15.9200,16.0000,15.9100,15.9900,163100,2604032.0000,3
2025-04-08,20250408141000000,sz.002732,15.9900,16.0000,15.9500,15.9600,45000,718808.0000,3
2025-04-08,20250408141500000,sz.002732,15.9600,15.9800,15.9400,15.9600,88900,1418792.0000,3
2025-04-08,20250408142000000,sz.002732,15.9600,15.9900,15.9500,15.9600,113900,1818832.0000,3
2025-04-08,20250408142500000,sz.002732,15.9600,15.9600,15.9200,15.9400,81400,1297024.0000,3
2025-04-08,20250408143000000,sz.002732,15.9400,15.9900,15.9400,15.9900,79200,1263744.0000,3
2025-04-08,20250408143500000,sz.002732,15.9900,16.0500,15.9900,16.0200,165700,2655664.0000,3
2025-04-08,20250408144000000,sz.002732,16.0100,16.0600,16.0000,16.0500,111700,1790240.0000,3
2025-04-08,20250408144500000,sz.002732,16.0500,16.1400,16.0500,16.1200,187400,3018392.0000,3
2025-04-08,20250408145000000,sz.002732,16.1300,16.2000,16.1200,16.1900,155200,2506808.0000,3
2025-04-08,20250408145500000,sz.002732,16.1700,16.2600,16.1700,16.2000,258400,4188776.0000,3
2025-04-08,20250408150000000,sz.002732,16.2100,16.2100,16.1500,16.1600,171100,2767000.0000,3
2025-04-09,20250409093500000,sz.002732,15.9700,15.9700,15.5600,15.6500,782100,12301892.0000,3
2025-04-09,20250409094000000,sz.002732,15.5900,15.6500,15.3400,15.6500,576400,8929680.0000,3
2025-04-09,20250409094500000,sz.002732,15.6800,15.8200,15.6000,15.7400,421400,6628010.0000,3
2025-04-09,20250409095000000,sz.002732,15.7400,15.7600,15.5500,15.6100,199700,3122416.0000,3
2025-04-09,20250409095500000,sz.002732,15.6000,15.6000,15.4400,15.4500,241000,3741222.0000,3
2025-04-09,20250409100000000,sz.002732,15.4400,15.6100,15.4000,15.5700,199200,3083244.0000,3
2025-04-09,20250409100500000,sz.002732,15.5700,15.6700,15.5400,15.6500,176600,2755644.0000,3
2025-04-09,20250409101000000,sz.002732,15.6500,15.6800,15.5500,15.6100,83500,1304548.0000,3
2025-04-09,20250409101500000,sz.002732,15.6000,15.8000,15.6000,15.7900,114900,1806308.0000,3
2025-04-09,20250409102000000,sz.002732,15.7900,15.8400,15.7300,15.7300,82100,1296128.0000,3
2025-04-09,20250409102500000,sz.002732,15.7400,15.9000,15.7100,15.8700,100500,1587596.0000,3
2025-04-09,20250409103000000,sz.002732,15.8500,15.9200,15.8100,15.8500,117500,1864572.0000,3
2025-04-09,20250409103500000,sz.002732,15.8800,15.8900,15.8000,15.8400,79900,1264532.0000,3
2025-04-09,20250409104000000,sz.002732,15.8200,15.9200,15.7700,15.8800,117500,1861372.0000,3
2025-04-09,20250409104500000,sz.002732,15.8900,15.9400,15.8200,15.8200,48900,777032.0000,3
2025-04-09,20250409105000000,sz.002732,15.8200,15.9300,15.8200,15.9300,50500,801172.0000,3
2025-04-09,20250409105500000,sz.002732,15.9300,15.9900,15.9300,15.9800,95700,1527320.0000,3
2025-04-09,20250409110000000,sz.002732,15.9900,16.0500,15.9200,16.0500,63800,1019120.0000,3
2025-04-09,20250409110500000,sz.002732,16.0000,16.0200,15.8800,15.8800,75600,1205352.0000,3
2025-04-09,20250409111000000,sz.002732,15.8800,15.9000,15.8500,15.8500,134000,2123288.0000,3
2025-04-09,20250409111500000,sz.002732,15.8500,15.9100,15.8400,15.9000,62700,995952.0000,3
2025-04-09,20250409112000000,sz.002732,15.9100,15.9800,15.8900,15.9100,20200,321984.0000,3
2025-04-09,20250409112500000,sz.002732,15.9200,16.0400,15.9200,16.0000,31200,498852.0000,3
2025-04-09,20250409113000000,sz.002732,16.0000,16.0900,16.0000,16.0700,47900,768760.0000,3
2025-04-09,20250409130500000,sz.002732,16.0600,16.0600,15.9000,15.9600,100400,1603652.0000,3
2025-04-09,20250409131000000,sz.002732,15.9600,16.0700,15.9600,16.0700,69500,1114208.0000,3
2025-04-09,20250409131500000,sz.002732,16.0600,16.0900,16.0300,16.0900,45500,730608.0000,3
2025-04-09,20250409132000000,sz.002732,16.0900,16.1300,16.0700,16.1300,45700,735444.0000,3
2025-04-09,20250409132500000,sz.002732,16.1300,16.2600,16.1300,16.2100,174400,2828204.0000,3
2025-04-09,20250409133000000,sz.002732,16.2000,16.2800,16.2000,16.2800,134500,2184440.0000,3
2025-04-09,20250409133500000,sz.002732,16.2700,16.3800,16.2400,16.3800,139600,2277856.0000,3
2025-04-09,20250409134000000,sz.002732,16.3800,16.4000,16.3600,16.3700,112800,1848144.0000,3
2025-04-09,20250409134500000,sz.002732,16.3700,16.5000,16.3600,16.4700,188900,3107832.0000,3
2025-04-09,20250409135000000,sz.002732,16.4800,16.5400,16.4700,16.5300,134400,2218272.0000,3
2025-04-09,20250409135500000,sz.002732,16.5300,16.5700,16.4000,16.4000,226500,3735872.0000,3
2025-04-09,20250409140000000,sz.002732,16.4000,16.4700,16.3600,16.3600,79900,1311416.0000,3
2025-04-09,20250409140500000,sz.002732,16.3600,16.4000,16.3000,16.3700,85800,1403112.0000,3
2025-04-09,20250409141000000,sz.002732,16.3700,16.4300,16.3600,16.4300,40300,660384.0000,3
2025-04-09,20250409141500000,sz.002732,16.4200,16.4400,16.4000,16.4400,39900,655248.0000,3
2025-04-09,20250409142000000,sz.002732,16.4300,16.4400,16.4000,16.4400,79100,1299176.0000,3
2025-04-09,20250409142500000,sz.002732,16.4400,16.4500,16.4200,16.4400,71600,1176856.0000,3
2025-04-09,20250409143000000,sz.002732,16.4500,16.4500,16.4100,16.4400,54600,897896.0000,3
2025-04-09,20250409143500000,sz.002732,16.4500,16.6300,16.4500,16.6000,369400,6118928.0000,3
2025-04-09,20250409144000000,sz.002732,16.6000,16.6500,16.5600,16.6000,163800,2721960.0000,3
2025-04-09,20250409144500000,sz.002732,16.6000,16.6500,16.5600,16.5800,104600,1735136.0000,3
2025-04-09,20250409145000000,sz.002732,16.5700,16.5900,16.5100,16.5900,138800,2297312.0000,3
2025-04-09,20250409145500000,sz.002732,16.5800,16.6000,16.5500,16.5500,190600,3158864.0000,3
2025-04-09,20250409150000000,sz.002732,16.5500,16.5600,16.5200,16.5400,167400,2768576.0000,3
2025-04-10,20250410093500000,sz.002732,16.2300,16.5000,16.1700,16.4700,684800,11182123.0000,3
2025-04-10,20250410094000000,sz.002732,16.4500,16.6600,16.4500,16.5100,454500,7511021.0000,3
2025-04-10,20250410094500000,sz.002732,16.5000,16.5200,16.4000,16.4400,202200,3327448.0000,3
2025-04-10,20250410095000000,sz.002732,16.4300,16.5200,16.4300,16.5200,164000,2701316.0000,3
2025-04-10,20250410095500000,sz.002732,16.5300,16.5400,16.4700,16.5400,160300,2646756.0000,3
2025-04-10,20250410100000000,sz.002732,16.5400,16.5700,16.5200,16.5600,185100,3062658.0000,3
2025-04-10,20250410100500000,sz.002732,16.5600,16.8300,16.5500,16.8100,681800,11416262.0000,3
2025-04-10,20250410101000000,sz.002732,16.8000,16.8000,16.6900,16.7100,190300,3184224.0000,3
2025-04-10,20250410101500000,sz.002732,16.7000,16.8500,16.7000,16.8000,168900,2834108.0000,3
2025-04-10,20250410102000000,sz.002732,16.8000,16.8200,16.7700,16.8000,97500,1637500.0000,3
2025-04-10,20250410102500000,sz.002732,16.8000,16.8500,16.8000,16.8500,129800,2185104.0000,3
2025-04-10,20250410103000000,sz.002732,16.8400,16.9200,16.8000,16.9200,179700,3028784.0000,3
2025-04-10,20250410103500000,sz.002732,16.8800,18.1900,16.8700,18.1900,2820100,49752672.0000,3
2025-04-10,20250410104000000,sz.002732,18.1900,18.1900,18.1900,18.1900,907300,16503792.0000,3
2025-04-10,20250410104500000,sz.002732,18.1900,18.1900,18.1900,18.1900,968500,17617016.0000,3
2025-04-10,20250410105000000,sz.002732,18.1900,18.1900,18.1900,18.1900,313200,5697472.0000,3
2025-04-10,20250410105500000,sz.002732,18.1900,18.1900,18.1900,18.1900,447600,8141840.0000,3
2025-04-10,20250410110000000,sz.002732,18.1900,18.1900,18.1900,18.1900,158200,2877664.0000,3
2025-04-10,20250410110500000,sz.002732,18.1900,18.1900,18.1900,18.1900,93100,1693488.0000,3
2025-04-10,20250410111000000,sz.002732,18.1900,18.1900,18.1900,18.1900,55100,1002272.0000,3
2025-04-10,20250410111500000,sz.002732,18.1900,18.1900,18.1900,18.1900,157900,2872192.0000,3
2025-04-10,20250410112000000,sz.002732,18.1900,18.1900,18.1900,18.1900,69800,1269664.0000,3
2025-04-10,20250410112500000,sz.002732,18.1900,18.1900,18.1900,18.1900,116300,2115504.0000,3
2025-04-10,20250410113000000,sz.002732,18.1900,18.1900,18.1900,18.1900,96300,1751696.0000,3
2025-04-10,20250410130500000,sz.002732,18.1900,18.1900,18.1900,18.1900,434100,7896272.0000,3
2025-04-10,20250410131000000,sz.002732,18.1900,18.1900,18.1900,18.1900,47700,867664.0000,3
2025-04-10,20250410131500000,sz.002732,18.1900,18.1900,18.1900,18.1900,45900,834928.0000,3
2025-04-10,20250410132000000,sz.002732,18.1900,18.1900,18.1900,18.1900,272900,4963712.0000,3
2025-04-10,20250410132500000,sz.002732,18.1900,18.1900,18.1900,18.1900,34900,634832.0000,3
2025-04-10,20250410133000000,sz.002732,18.1900,18.1900,18.1900,18.1900,22900,416560.0000,3
2025-04-10,20250410133500000,sz.002732,18.1900,18.1900,18.1900,18.1900,13000,236464.0000,3
2025-04-10,20250410134000000,sz.002732,18.1900,18.1900,18.1900,18.1900,5700,103680.0000,3
2025-04-10,20250410134500000,sz.002732,18.1900,18.1900,18.1900,18.1900,9700,176448.0000,3
2025-04-10,20250410135000000,sz.002732,18.1900,18.1900,18.1900,18.1900,25800,469296.0000,3
2025-04-10,20250410135500000,sz.002732,18.1900,18.1900,18.1900,18.1900,20400,371088.0000,3
2025-04-10,20250410140000000,sz.002732,18.1900,18.1900,18.1900,18.1900,7700,140048.0000,3
2025-04-10,20250410140500000,sz.002732,18.1900,18.1900,18.1900,18.1900,27800,505696.0000,3
2025-04-10,20250410141000000,sz.002732,18.1900,18.1900,18.1900,18.1900,17100,311040.0000,3
2025-04-10,20250410141500000,sz.002732,18.1900,18.1900,18.1900,18.1900,7200,130976.0000,3
2025-04-10,20250410142000000,sz.002732,18.1900,18.1900,18.1900,18.1900,35800,651200.0000,3
2025-04-10,20250410142500000,sz.002732,18.1900,18.1900,18.1900,18.1900,10900,198272.0000,3
2025-04-10,20250410143000000,sz.002732,18.1900,18.1900,18.1900,18.1900,3000,54560.0000,3
2025-04-10,20250410143500000,sz.002732,18.1900,18.1900,18.1900,18.1900,13700,249200.0000,3
2025-04-10,20250410144000000,sz.002732,18.1900,18.1900,18.1900,18.1900,21300,387456.0000,3
2025-04-10,20250410144500000,sz.002732,18.1900,18.1900,18.1900,18.1900,77300,1406080.0000,3
2025-04-10,20250410145000000,sz.002732,18.1900,18.1900,18.1900,18.1900,160400,2917680.0000,3
2025-04-10,20250410145500000,sz.002732,18.1900,18.1900,18.1900,18.1900,66400,1207824.0000,3
2025-04-10,20250410150000000,sz.002732,18.1900,18.1900,18.1900,18.1900,29000,527504.0000,3
2025-04-11,20250411093500000,sz.002732,18.1900,18.2000,17.4000,17.5800,3149300,55962584.0000,3
2025-04-11,20250411094000000,sz.002732,17.5800,17.5800,17.3500,17.3500,1308500,22849504.0000,3
2025-04-11,20250411094500000,sz.002732,17.3200,17.3500,17.1700,17.2500,979600,16893408.0000,3
2025-04-11,20250411095000000,sz.002732,17.2500,17.6800,17.2400,17.6800,797200,13892448.0000,3
2025-04-11,20250411095500000,sz.002732,17.5100,18.4300,17.5100,17.9700,2089700,37742984.0000,3
2025-04-11,20250411100000000,sz.002732,18.0200,18.6500,18.0200,18.4000,1949900,35973072.0000,3
2025-04-11,20250411100500000,sz.002732,18.3600,18.4000,18.0000,18.1000,436100,7906752.0000,3
2025-04-11,20250411101000000,sz.002732,18.1000,18.2200,17.9000,18.0900,453400,8188192.0000,3
2025-04-11,20250411101500000,sz.002732,18.0900,18.0900,17.9100,18.0000,174500,3141136.0000,3
2025-04-11,20250411102000000,sz.002732,18.0000,18.0400,17.9000,17.9400,134200,2408368.0000,3
2025-04-11,20250411102500000,sz.002732,17.9400,17.9700,17.8800,17.8800,204300,3662256.0000,3
2025-04-11,20250411103000000,sz.002732,17.8800,17.8800,17.7200,17.7300,176500,3141424.0000,3
2025-04-11,20250411103500000,sz.002732,17.7300,17.8800,17.7100,17.8800,132100,2352272.0000,3
2025-04-11,20250411104000000,sz.002732,17.8500,17.8900,17.8100,17.8100,111100,1983872.0000,3
2025-04-11,20250411104500000,sz.002732,17.8000,17.8000,17.6700,17.7400,140500,2492576.0000,3
2025-04-11,20250411105000000,sz.002732,17.7400,17.7500,17.6000,17.6500,233600,4124832.0000,3
2025-04-11,20250411105500000,sz.002732,17.6300,17.6300,17.5500,17.5800,153800,2705616.0000,3
2025-04-11,20250411110000000,sz.002732,17.5800,17.6000,17.5000,17.5000,126300,2216832.0000,3
2025-04-11,20250411110500000,sz.002732,17.5100,17.6300,17.5000,17.6000,268700,4714288.0000,3
2025-04-11,20250411111000000,sz.002732,17.6000,17.6100,17.5200,17.5500,60900,1070688.0000,3
2025-04-11,20250411111500000,sz.002732,17.5500,17.6500,17.5500,17.6300,105500,1854784.0000,3
2025-04-11,20250411112000000,sz.002732,17.6300,17.6600,17.6000,17.6200,71600,1262448.0000,3
2025-04-11,20250411112500000,sz.002732,17.6000,17.6100,17.5600,17.5700,87300,1535824.0000,3
2025-04-11,20250411113000000,sz.002732,17.5700,17.5900,17.5600,17.5900,65900,1158400.0000,3
2025-04-11,20250411130500000,sz.002732,17.6800,17.8700,17.5400,17.5400,684100,12093792.0000,3
2025-04-11,20250411131000000,sz.002732,17.5300,17.6000,17.4500,17.4900,291600,5103856.0000,3
2025-04-11,20250411131500000,sz.002732,17.4900,17.8500,17.4900,17.6300,486100,8565392.0000,3
2025-04-11,20250411132000000,sz.002732,17.6400,17.9000,17.6100,17.8700,213900,3802496.0000,3
2025-04-11,20250411132500000,sz.002732,17.8900,18.1400,17.7900,17.8200,349800,6281440.0000,3
2025-04-11,20250411133000000,sz.002732,17.8500,17.9300,17.8100,17.8500,117800,2106240.0000,3
2025-04-11,20250411133500000,sz.002732,17.8300,17.9000,17.7800,17.8200,89000,1588416.0000,3
2025-04-11,20250411134000000,sz.002732,17.8200,17.8900,17.8200,17.8700,66500,1187424.0000,3
2025-04-11,20250411134500000,sz.002732,17.8400,17.9200,17.8100,17.9100,135500,2421952.0000,3
2025-04-11,20250411135000000,sz.002732,17.8700,17.9300,17.7800,17.7800,100500,1794656.0000,3
2025-04-11,20250411135500000,sz.002732,17.8000,17.8000,17.7700,17.7700,64800,1152768.0000,3
2025-04-11,20250411140000000,sz.002732,17.7700,17.7700,17.6900,17.7100,76800,1360864.0000,3
2025-04-11,20250411140500000,sz.002732,17.7200,17.7400,17.7000,17.7200,84200,1491360.0000,3
2025-04-11,20250411141000000,sz.002732,17.7200,17.7600,17.6900,17.6900,82700,1465376.0000,3
2025-04-11,20250411141500000,sz.002732,17.6800,17.7400,17.6000,17.6000,170400,3008192.0000,3
2025-04-11,20250411142000000,sz.002732,17.6500,17.6800,17.6300,17.6300,64000,1129952.0000,3
2025-04-11,20250411142500000,sz.002732,17.6500,17.7000,17.6400,17.6500,81600,1441888.0000,3
2025-04-11,20250411143000000,sz.002732,17.6600,17.6900,17.6200,17.6600,141100,2491008.0000,3
2025-04-11,20250411143500000,sz.002732,17.6800,17.6900,17.6100,17.6500,237000,4182080.0000,3
2025-04-11,20250411144000000,sz.002732,17.6300,17.6700,17.5700,17.5900,446700,7872544.0000,3
2025-04-11,20250411144500000,sz.002732,17.5800,17.6100,17.5200,17.5800,466000,8180384.0000,3
2025-04-11,20250411145000000,sz.002732,17.5800,17.9100,17.5800,17.9100,416400,7381952.0000,3
2025-04-11,20250411145500000,sz.002732,17.9100,17.9300,17.7900,17.8300,454900,8131744.0000,3
2025-04-11,20250411150000000,sz.002732,17.8400,18.0400,17.8300,18.0400,531100,9539712.0000,3
2025-04-14,20250414093500000,sz.002732,17.3500,17.6700,17.3500,17.5000,1725000,30237664.0000,3
2025-04-14,20250414094000000,sz.002732,17.5100,17.9300,17.5100,17.7700,990300,17598256.0000,3
2025-04-14,20250414094500000,sz.002732,17.7700,17.9400,17.7300,17.7900,614200,10944592.0000,3
2025-04-14,20250414095000000,sz.002732,17.8000,18.3200,17.7600,18.3000,1069800,19321424.0000,3
2025-04-14,20250414095500000,sz.002732,18.3000,19.0500,18.2300,18.6300,2688800,50287176.0000,3
2025-04-14,20250414100000000,sz.002732,18.5400,18.7200,18.4100,18.5800,868000,16094408.0000,3
2025-04-14,20250414100500000,sz.002732,18.5800,18.6500,18.5300,18.5800,609500,11334112.0000,3
2025-04-14,20250414101000000,sz.002732,18.5800,18.9900,18.4500,18.9900,888000,16557488.0000,3
2025-04-14,20250414101500000,sz.002732,19.0200,19.0200,18.3600,18.3600,722100,13495008.0000,3
2025-04-14,20250414102000000,sz.002732,18.3400,18.4300,18.3200,18.3200,447400,8219472.0000,3
2025-04-14,20250414102500000,sz.002732,18.3200,18.4200,18.2900,18.4000,404300,7414336.0000,3
2025-04-14,20250414103000000,sz.002732,18.4100,18.5000,18.3000,18.4200,230800,4240752.0000,3
2025-04-14,20250414103500000,sz.002732,18.3700,18.6700,18.3300,18.6000,362500,6728336.0000,3
2025-04-14,20250414104000000,sz.002732,18.6100,18.9500,18.5300,18.7600,987200,18593616.0000,3
2025-04-14,20250414104500000,sz.002732,18.7300,18.7700,18.6500,18.6800,186700,3490096.0000,3
2025-04-14,20250414105000000,sz.002732,18.6800,18.9500,18.5800,18.8500,461300,8678176.0000,3
2025-04-14,20250414105500000,sz.002732,18.8500,19.0700,18.7400,19.0700,789400,14955056.0000,3
2025-04-14,20250414110000000,sz.002732,19.0700,19.1000,18.9000,18.9300,635300,12077168.0000,3
2025-04-14,20250414110500000,sz.002732,18.9000,19.0500,18.8100,19.0300,210700,3989760.0000,3
2025-04-14,20250414111000000,sz.002732,19.0400,19.2000,18.9300,19.0500,416600,7945120.0000,3
2025-04-14,20250414111500000,sz.002732,19.0300,19.0300,18.9000,18.9000,155100,2939680.0000,3
2025-04-14,20250414112000000,sz.002732,18.9100,19.1300,18.8600,19.0300,182100,3463616.0000,3
2025-04-14,20250414112500000,sz.002732,19.0300,19.8400,19.0300,19.8400,1932500,38022016.0000,3
2025-04-14,20250414113000000,sz.002732,19.8400,19.8400,19.8400,19.8400,655600,13005536.0000,3
2025-04-14,20250414130500000,sz.002732,19.8400,19.8400,19.8400,19.8400,513100,10179904.0000,3
2025-04-14,20250414131000000,sz.002732,19.8400,19.8400,19.8400,19.8400,205500,4077120.0000,3
2025-04-14,20250414131500000,sz.002732,19.8400,19.8400,19.8400,19.8400,221800,4400512.0000,3
2025-04-14,20250414132000000,sz.002732,19.8400,19.8400,19.5200,19.6500,3091000,61221440.0000,3
2025-04-14,20250414132500000,sz.002732,19.6300,19.6400,19.2600,19.4100,626200,12157696.0000,3
2025-04-14,20250414133000000,sz.002732,19.4200,19.5100,19.2500,19.2800,444900,8605312.0000,3
2025-04-14,20250414133500000,sz.002732,19.2800,19.5800,19.2600,19.5800,348600,6742304.0000,3
2025-04-14,20250414134000000,sz.002732,19.5800,19.6100,19.3300,19.3400,221600,4310336.0000,3
2025-04-14,20250414134500000,sz.002732,19.3400,19.3400,19.2800,19.2800,156300,3016672.0000,3
2025-04-14,20250414135000000,sz.002732,19.2900,19.4000,19.2800,19.4000,106200,2053056.0000,3
2025-04-14,20250414135500000,sz.002732,19.4000,19.5500,19.3500,19.3500,177300,3453184.0000,3
2025-04-14,20250414140000000,sz.002732,19.3500,19.4200,19.3500,19.4200,36400,705632.0000,3
2025-04-14,20250414140500000,sz.002732,19.4200,19.4200,19.1300,19.4000,239100,4604512.0000,3
2025-04-14,20250414141000000,sz.002732,19.3500,19.7000,19.3000,19.6500,290500,5657856.0000,3
2025-04-14,20250414141500000,sz.002732,19.6400,19.6500,19.3800,19.4000,129700,2523296.0000,3
2025-04-14,20250414142000000,sz.002732,19.4000,19.4000,19.2800,19.3300,117600,2278624.0000,3
2025-04-14,20250414142500000,sz.002732,19.3000,19.4500,19.2800,19.3000,180800,3501024.0000,3
2025-04-14,20250414143000000,sz.002732,19.3000,19.5200,19.2600,19.4900,286300,5549856.0000,3
2025-04-14,20250414143500000,sz.002732,19.5000,19.5100,19.2800,19.3000,124200,2407136.0000,3
2025-04-14,20250414144000000,sz.002732,19.4200,19.6800,19.3000,19.4800,360400,7042624.0000,3
2025-04-14,20250414144500000,sz.002732,19.5000,19.5300,19.4300,19.4300,130200,2536160.0000,3
2025-04-14,20250414145000000,sz.002732,19.4300,19.4400,19.3300,19.3600,162800,3154624.0000,3
2025-04-14,20250414145500000,sz.002732,19.3600,19.8000,19.3500,19.6500,623700,12241344.0000,3
2025-04-14,20250414150000000,sz.002732,19.6600,19.8400,19.6500,19.8400,1406800,27872928.0000,3
2025-04-15,20250415093500000,sz.002732,19.5000,19.5000,18.8000,19.0000,3740100,71734576.0000,3
2025-04-15,20250415094000000,sz.002732,18.9600,19.1600,18.9000,19.0500,1105000,21026800.0000,3
2025-04-15,20250415094500000,sz.002732,19.0000,19.3500,18.8900,19.3500,797300,15192992.0000,3
2025-04-15,20250415095000000,sz.002732,19.3500,19.3800,18.9400,18.9600,841400,16067040.0000,3
2025-04-15,20250415095500000,sz.002732,18.9500,19.2800,18.8900,19.0800,612200,11671440.0000,3
2025-04-15,20250415100000000,sz.002732,19.0800,19.2100,19.0500,19.1300,348100,6666944.0000,3
2025-04-15,20250415100500000,sz.002732,19.1800,19.2100,19.0100,19.1700,340600,6516592.0000,3
2025-04-15,20250415101000000,sz.002732,19.2000,19.4500,19.1700,19.3500,616900,11936736.0000,3
2025-04-15,20250415101500000,sz.002732,19.3800,19.8200,19.3500,19.5200,1136500,22277680.0000,3
2025-04-15,20250415102000000,sz.002732,19.5700,19.8200,19.5500,19.8200,638100,12515216.0000,3
2025-04-15,20250415102500000,sz.002732,19.8200,19.8700,19.5400,19.7900,1032300,20391088.0000,3
2025-04-15,20250415103000000,sz.002732,19.7300,19.8000,19.5300,19.5700,433300,8506512.0000,3
2025-04-15,20250415103500000,sz.002732,19.5700,19.5700,19.4100,19.5300,314400,6134176.0000,3
2025-04-15,20250415104000000,sz.002732,19.5400,19.5400,19.3500,19.3800,214800,4177168.0000,3
2025-04-15,20250415104500000,sz.002732,19.3700,19.3800,19.2400,19.2500,255200,4926400.0000,3
2025-04-15,20250415105000000,sz.002732,19.2400,19.3800,19.2400,19.3000,175300,3387088.0000,3
2025-04-15,20250415105500000,sz.002732,19.3100,19.3200,19.1900,19.1900,249100,4803728.0000,3
2025-04-15,20250415110000000,sz.002732,19.1600,19.1800,18.9600,19.0400,551000,10493552.0000,3
2025-04-15,20250415110500000,sz.002732,19.0300,19.0400,18.9500,19.0100,432200,8206704.0000,3
2025-04-15,20250415111000000,sz.002732,19.0300,19.1300,19.0000,19.0900,134500,2567088.0000,3
2025-04-15,20250415111500000,sz.002732,19.0800,19.1500,19.0300,19.0700,113400,2164960.0000,3
2025-04-15,20250415112000000,sz.002732,19.0700,19.1300,19.0400,19.0600,68300,1303232.0000,3
2025-04-15,20250415112500000,sz.002732,19.0700,19.0700,18.9700,19.0000,151600,2881376.0000,3
2025-04-15,20250415113000000,sz.002732,18.9900,19.0300,18.9500,18.9600,155500,2951072.0000,3
2025-04-15,20250415130500000,sz.002732,18.9600,19.0100,18.9500,18.9900,160000,3032832.0000,3
2025-04-15,20250415131000000,sz.002732,19.0000,19.0000,18.7700,18.7800,589300,11105120.0000,3
2025-04-15,20250415131500000,sz.002732,18.7800,18.9200,18.7600,18.8000,264700,4985600.0000,3
2025-04-15,20250415132000000,sz.002732,18.8000,18.8500,18.7800,18.7800,156200,2936832.0000,3
2025-04-15,20250415132500000,sz.002732,18.7800,18.8500,18.6700,18.7400,336800,6313152.0000,3
2025-04-15,20250415133000000,sz.002732,18.7500,18.8100,18.7400,18.8000,111300,2088800.0000,3
2025-04-15,20250415133500000,sz.002732,18.7700,18.7700,18.6100,18.6200,368400,6882144.0000,3
2025-04-15,20250415134000000,sz.002732,18.6300,18.6800,18.5200,18.6800,356800,6632864.0000,3
2025-04-15,20250415134500000,sz.002732,18.6800,18.8100,18.6500,18.6900,186200,3480640.0000,3
2025-04-15,20250415135000000,sz.002732,18.6800,18.7500,18.6600,18.7300,230500,4308544.0000,3
2025-04-15,20250415135500000,sz.002732,18.6500,18.7400,18.6400,18.6600,115300,2156288.0000,3
2025-04-15,20250415140000000,sz.002732,18.6700,18.7200,18.6600,18.6600,162200,3031040.0000,3
2025-04-15,20250415140500000,sz.002732,18.7000,18.7000,18.5300,18.5300,175000,3257824.0000,3
2025-04-15,20250415141000000,sz.002732,18.5400,18.5700,18.5000,18.5300,319700,5919872.0000,3
2025-04-15,20250415141500000,sz.002732,18.5300,18.6400,18.5300,18.6100,133200,2477056.0000,3
2025-04-15,20250415142000000,sz.002732,18.6100,18.7000,18.5700,18.7000,132800,2469632.0000,3
2025-04-15,20250415142500000,sz.002732,18.7000,18.7000,18.5900,18.6100,151900,2831424.0000,3
2025-04-15,20250415143000000,sz.002732,18.6100,18.6400,18.5700,18.5700,143300,2665920.0000,3
2025-04-15,20250415143500000,sz.002732,18.5600,18.6600,18.5400,18.6600,138000,2567968.0000,3
2025-04-15,20250415144000000,sz.002732,18.6600,18.6600,18.5700,18.6300,215800,4015776.0000,3
2025-04-15,20250415144500000,sz.002732,18.6200,18.6200,18.4000,18.4200,484700,8979424.0000,3
2025-04-15,20250415145000000,sz.002732,18.3900,18.5500,18.3900,18.5100,404200,7474496.0000,3
2025-04-15,20250415145500000,sz.002732,18.5100,18.6500,18.4700,18.6000,717500,13324672.0000,3
2025-04-15,20250415150000000,sz.002732,18.5900,18.5900,18.4200,18.4800,1281700,23713504.0000,3
2025-04-16,20250416093500000,sz.002732,18.0000,18.3400,17.9800,17.9800,2201600,39900728.0000,3
2025-04-16,20250416094000000,sz.002732,18.0400,18.0600,17.8700,18.0500,1375700,24683524.0000,3
2025-04-16,20250416094500000,sz.002732,18.1000,18.2600,18.0200,18.2200,517100,9389572.0000,3
2025-04-16,20250416095000000,sz.002732,18.2400,18.3700,18.1800,18.1800,442600,8076136.0000,3
2025-04-16,20250416095500000,sz.002732,18.2000,18.7200,18.1300,18.5800,860400,15966432.0000,3
2025-04-16,20250416100000000,sz.002732,18.5200,18.6600,18.5000,18.5700,656900,12209304.0000,3
2025-04-16,20250416100500000,sz.002732,18.5400,18.5400,18.2100,18.3500,301700,5534776.0000,3
2025-04-16,20250416101000000,sz.002732,18.3300,18.4000,18.2400,18.2500,210100,3846680.0000,3
2025-04-16,20250416101500000,sz.002732,18.2500,18.2700,18.1200,18.1400,266400,4843288.0000,3
2025-04-16,20250416102000000,sz.002732,18.1400,18.1600,17.9900,18.0100,276100,4987280.0000,3
2025-04-16,20250416102500000,sz.002732,18.0300,18.0800,18.0100,18.0500,127200,2295736.0000,3
2025-04-16,20250416103000000,sz.002732,18.0500,18.0800,17.9900,18.0600,169900,3063312.0000,3
2025-04-16,20250416103500000,sz.002732,18.0700,18.2000,18.0700,18.1400,102000,1846864.0000,3
2025-04-16,20250416104000000,sz.002732,18.1400,18.1500,18.0200,18.0200,169300,3061728.0000,3
2025-04-16,20250416104500000,sz.002732,18.0100,18.0100,17.8700,17.8700,475300,8515952.0000,3
2025-04-16,20250416105000000,sz.002732,17.8700,17.9500,17.7900,17.8600,388600,6935504.0000,3
2025-04-16,20250416105500000,sz.002732,17.8600,18.1300,17.8600,18.0800,131100,2353408.0000,3
2025-04-16,20250416110000000,sz.002732,18.0800,18.0800,17.8200,17.8800,159700,2859216.0000,3
2025-04-16,20250416110500000,sz.002732,17.8800,17.9800,17.7700,17.8100,359900,6411264.0000,3
2025-04-16,20250416111000000,sz.002732,17.8100,17.8100,17.7100,17.7500,299700,5322016.0000,3
2025-04-16,20250416111500000,sz.002732,17.7500,17.7700,17.6100,17.6400,272700,4832064.0000,3
2025-04-16,20250416112000000,sz.002732,17.6600,17.7200,17.6300,17.6700,462300,8163472.0000,3
2025-04-16,20250416112500000,sz.002732,17.6800,17.6800,17.5700,17.6100,239900,4224448.0000,3
2025-04-16,20250416113000000,sz.002732,17.6100,17.6100,17.4100,17.5400,337100,5905616.0000,3
2025-04-16,20250416130500000,sz.002732,17.5400,17.5400,17.4000,17.5100,349000,6094080.0000,3
2025-04-16,20250416131000000,sz.002732,17.5100,17.7500,17.4700,17.7500,398800,6999136.0000,3
2025-04-16,20250416131500000,sz.002732,17.7500,17.9500,17.5500,17.6000,557600,9854080.0000,3
2025-04-16,20250416132000000,sz.002732,17.6000,17.7000,17.5300,17.6000,275900,4849872.0000,3
2025-04-16,20250416132500000,sz.002732,17.5700,17.6600,17.5400,17.6500,153300,2694704.0000,3
2025-04-16,20250416133000000,sz.002732,17.6400,18.0500,17.6400,18.0500,370100,6586624.0000,3
2025-04-16,20250416133500000,sz.002732,18.0200,18.0500,17.7900,17.9500,485600,8710416.0000,3
2025-04-16,20250416134000000,sz.002732,17.9600,18.0400,17.8900,17.8900,165400,2972720.0000,3
2025-04-16,20250416134500000,sz.002732,17.8900,17.9500,17.8500,17.8500,143500,2569040.0000,3
2025-04-16,20250416135000000,sz.002732,17.8500,17.8500,17.8100,17.8300,92300,1645120.0000,3
2025-04-16,20250416135500000,sz.002732,17.8200,17.9100,17.8100,17.8700,89100,1591360.0000,3
2025-04-16,20250416140000000,sz.002732,17.8700,17.8700,17.8300,17.8300,56700,1011728.0000,3
2025-04-16,20250416140500000,sz.002732,17.8300,17.9000,17.8300,17.8800,58100,1038208.0000,3
2025-04-16,20250416141000000,sz.002732,17.8800,17.8900,17.8300,17.8300,49000,874976.0000,3
2025-04-16,20250416141500000,sz.002732,17.8200,17.9800,17.8000,17.9100,114200,2040928.0000,3
2025-04-16,20250416142000000,sz.002732,17.9100,17.9300,17.8500,17.8500,48700,871376.0000,3
2025-04-16,20250416142500000,sz.002732,17.8500,17.8600,17.8200,17.8200,59200,1055968.0000,3
2025-04-16,20250416143000000,sz.002732,17.8200,17.9000,17.8000,17.9000,109900,1962160.0000,3
2025-04-16,20250416143500000,sz.002732,17.9000,17.9000,17.7000,17.7000,215700,3839216.0000,3
2025-04-16,20250416144000000,sz.002732,17.7400,17.8400,17.7100,17.7800,83600,1485648.0000,3
2025-04-16,20250416144500000,sz.002732,17.7800,17.8900,17.7600,17.8900,95800,1706176.0000,3
2025-04-16,20250416145000000,sz.002732,17.8900,17.9700,17.8800,17.8800,183800,3292768.0000,3
2025-04-16,20250416145500000,sz.002732,17.8800,18.2700,17.8800,18.1500,554500,10054912.0000,3
2025-04-16,20250416150000000,sz.002732,18.1600,18.2400,18.1600,18.2400,511600,9322272.0000,3
2025-04-17,20250417093500000,sz.002732,17.9000,17.9000,17.6000,17.8100,1043800,18518176.0000,3
2025-04-17,20250417094000000,sz.002732,17.8100,17.8200,17.7000,17.7000,570900,10130988.0000,3
2025-04-17,20250417094500000,sz.002732,17.7200,17.8400,17.7000,17.8400,344300,6120292.0000,3
2025-04-17,20250417095000000,sz.002732,17.8400,17.8700,17.7900,17.8600,322700,5754076.0000,3
2025-04-17,20250417095500000,sz.002732,17.8600,17.9900,17.8400,17.9200,535600,9590388.0000,3
2025-04-17,20250417100000000,sz.002732,17.9300,17.9300,17.8000,17.8300,397800,7100032.0000,3
2025-04-17,20250417100500000,sz.002732,17.8300,17.9300,17.8000,17.8100,289300,5169744.0000,3
2025-04-17,20250417101000000,sz.002732,17.8300,17.8500,17.7400,17.8200,333900,5944808.0000,3
2025-04-17,20250417101500000,sz.002732,17.8400,17.8400,17.7600,17.8000,269300,4792944.0000,3
2025-04-17,20250417102000000,sz.002732,17.7900,17.8100,17.7800,17.8000,153000,2722224.0000,3
2025-04-17,20250417102500000,sz.002732,17.7800,17.8600,17.7200,17.8600,396900,7049968.0000,3
2025-04-17,20250417103000000,sz.002732,17.8600,17.9100,17.8000,17.8900,177200,3167936.0000,3
2025-04-17,20250417103500000,sz.002732,17.8900,17.9800,17.8700,17.9600,186000,3332384.0000,3
2025-04-17,20250417104000000,sz.002732,17.9600,17.9900,17.9100,17.9400,197000,3536736.0000,3
2025-04-17,20250417104500000,sz.002732,17.9300,17.9400,17.7800,17.9200,342400,6119320.0000,3
2025-04-17,20250417105000000,sz.002732,17.9200,17.9400,17.9100,17.9300,103900,1862744.0000,3
2025-04-17,20250417105500000,sz.002732,17.9300,17.9400,17.8200,17.9200,144400,2584080.0000,3
2025-04-17,20250417110000000,sz.002732,17.9400,18.0900,17.9200,18.0300,440100,7932920.0000,3
2025-04-17,20250417110500000,sz.002732,18.0400,18.0400,17.9800,17.9900,220800,3975840.0000,3
2025-04-17,20250417111000000,sz.002732,17.9900,18.0200,17.9300,17.9600,105100,1888216.0000,3
2025-04-17,20250417111500000,sz.002732,17.9800,18.0200,17.9600,18.0200,68200,1226264.0000,3
2025-04-17,20250417112000000,sz.002732,18.0200,18.0200,17.9800,18.0000,72200,1299408.0000,3
2025-04-17,20250417112500000,sz.002732,17.9900,18.0500,17.9900,18.0200,135000,2433048.0000,3
2025-04-17,20250417113000000,sz.002732,18.0200,18.0800,18.0200,18.0500,141000,2545872.0000,3
2025-04-17,20250417130500000,sz.002732,18.0800,18.1000,17.9800,18.0100,318300,5737520.0000,3
2025-04-17,20250417131000000,sz.002732,18.0000,18.0300,17.9700,17.9700,120300,2164840.0000,3
2025-04-17,20250417131500000,sz.002732,17.9700,17.9700,17.8900,17.9500,159800,2864752.0000,3
2025-04-17,20250417132000000,sz.002732,17.9400,17.9900,17.9300,17.9400,109100,1958928.0000,3
2025-04-17,20250417132500000,sz.002732,17.9300,18.0000,17.9200,17.9800,118700,2133232.0000,3
2025-04-17,20250417133000000,sz.002732,17.9800,17.9800,17.8800,17.8800,131500,2357488.0000,3
2025-04-17,20250417133500000,sz.002732,17.8900,17.8900,17.8200,17.8600,188900,3373840.0000,3
2025-04-17,20250417134000000,sz.002732,17.8400,17.8700,17.8000,17.8500,100500,1792320.0000,3
2025-04-17,20250417134500000,sz.002732,17.8600,17.9200,17.8600,17.9100,114100,2042096.0000,3
2025-04-17,20250417135000000,sz.002732,17.9000,17.9500,17.8700,17.9100,100500,1798784.0000,3
2025-04-17,20250417135500000,sz.002732,17.8900,17.9800,17.8900,17.9400,118900,2133248.0000,3
2025-04-17,20250417140000000,sz.002732,17.9700,17.9700,17.9100,17.9200,67600,1212272.0000,3
2025-04-17,20250417140500000,sz.002732,17.9200,17.9700,17.8800,17.9200,125100,2241296.0000,3
2025-04-17,20250417141000000,sz.002732,17.9200,18.0400,17.9200,18.0300,157200,2827616.0000,3
2025-04-17,20250417141500000,sz.002732,18.0000,18.2100,18.0000,18.1600,542900,9857216.0000,3
2025-04-17,20250417142000000,sz.002732,18.1600,18.1900,18.0700,18.1100,332600,6025024.0000,3
2025-04-17,20250417142500000,sz.002732,18.1100,18.2800,18.1100,18.2800,512400,9326768.0000,3
2025-04-17,20250417143000000,sz.002732,18.2800,18.3300,18.2000,18.2000,579400,10603136.0000,3
2025-04-17,20250417143500000,sz.002732,18.2000,18.2400,18.1300,18.1700,245900,4472752.0000,3
2025-04-17,20250417144000000,sz.002732,18.1500,18.1900,18.0400,18.0900,281300,5092832.0000,3
2025-04-17,20250417144500000,sz.002732,18.1000,18.1300,18.0000,18.0200,297300,5366304.0000,3
2025-04-17,20250417145000000,sz.002732,18.0200,18.0900,17.9900,18.0900,327400,5899712.0000,3
2025-04-17,20250417145500000,sz.002732,18.0700,18.2100,18.0700,18.1100,640300,11608048.0000,3
2025-04-17,20250417150000000,sz.002732,18.1000,18.1200,18.0000,18.0100,813900,14673136.0000,3
2025-04-18,20250418093500000,sz.002732,17.8100,17.8100,17.3700,17.4800,1243400,21920192.0000,3
2025-04-18,20250418094000000,sz.002732,17.4900,17.4900,17.3800,17.4300,841600,14660492.0000,3
2025-04-18,20250418094500000,sz.002732,17.4100,17.4100,17.2000,17.3100,962500,16643868.0000,3
2025-04-18,20250418095000000,sz.002732,17.3000,17.4300,17.1800,17.2100,601400,10399108.0000,3
2025-04-18,20250418095500000,sz.002732,17.2000,17.3300,17.2000,17.3000,417900,7210020.0000,3
2025-04-18,20250418100000000,sz.002732,17.3000,17.4600,17.3000,17.3800,245800,4276624.0000,3
2025-04-18,20250418100500000,sz.002732,17.3700,17.4000,17.3200,17.3800,134200,2331424.0000,3
2025-04-18,20250418101000000,sz.002732,17.3800,17.3800,17.2800,17.2800,131700,2280456.0000,3
2025-04-18,20250418101500000,sz.002732,17.2800,17.3300,17.2100,17.2400,225600,3893720.0000,3
2025-04-18,20250418102000000,sz.002732,17.2500,17.3000,17.0600,17.0700,654800,11238456.0000,3
2025-04-18,20250418102500000,sz.002732,17.0700,17.2200,17.0100,17.1500,594200,10136784.0000,3
2025-04-18,20250418103000000,sz.002732,17.1700,17.3300,17.1700,17.2700,141400,2437352.0000,3
2025-04-18,20250418103500000,sz.002732,17.2700,17.3400,17.2600,17.2900,100500,1738168.0000,3
2025-04-18,20250418104000000,sz.002732,17.2700,17.2800,17.1600,17.1800,143100,2463624.0000,3
2025-04-18,20250418104500000,sz.002732,17.1800,17.2300,17.1600,17.1800,123200,2117304.0000,3
2025-04-18,20250418105000000,sz.002732,17.1700,17.2000,17.1400,17.1700,128500,2205528.0000,3
2025-04-18,20250418105500000,sz.002732,17.1700,17.1800,17.1100,17.1100,93000,1595464.0000,3
2025-04-18,20250418110000000,sz.002732,17.1200,17.1200,17.0700,17.0800,170800,2919824.0000,3
2025-04-18,20250418110500000,sz.002732,17.0800,17.1200,17.0600,17.0600,188100,3213656.0000,3
2025-04-18,20250418111000000,sz.002732,17.0100,17.1000,17.0000,17.0800,380200,6472600.0000,3
2025-04-18,20250418111500000,sz.002732,17.0800,17.1500,17.0800,17.1500,91000,1558216.0000,3
2025-04-18,20250418112000000,sz.002732,17.1500,17.1500,17.0400,17.0400,114800,1959840.0000,3
2025-04-18,20250418112500000,sz.002732,17.0500,17.0700,17.0400,17.0500,74200,1265056.0000,3
2025-04-18,20250418113000000,sz.002732,17.0500,17.1200,17.0200,17.1100,87300,1488320.0000,3
2025-04-18,20250418130500000,sz.002732,17.1200,17.1200,17.0000,17.0400,155200,2644496.0000,3
2025-04-18,20250418131000000,sz.002732,17.0400,17.1000,17.0100,17.0700,94900,1618368.0000,3
2025-04-18,20250418131500000,sz.002732,17.0700,17.0900,17.0000,17.0000,133600,2275440.0000,3
2025-04-18,20250418132000000,sz.002732,17.0000,17.0500,16.9600,17.0400,296200,5032688.0000,3
2025-04-18,20250418132500000,sz.002732,17.0400,17.1000,17.0400,17.0900,64700,1105504.0000,3
2025-04-18,20250418133000000,sz.002732,17.0900,17.0900,17.0000,17.0600,43400,739984.0000,3
2025-04-18,20250418133500000,sz.002732,17.0600,17.1400,17.0500,17.1400,38000,649744.0000,3
2025-04-18,20250418134000000,sz.002732,17.1400,17.1500,17.1000,17.1100,40200,688096.0000,3
2025-04-18,20250418134500000,sz.002732,17.1100,17.1100,17.0300,17.0300,90800,1551024.0000,3
2025-04-18,20250418135000000,sz.002732,17.0300,17.0900,17.0300,17.0800,43200,736560.0000,3
2025-04-18,20250418135500000,sz.002732,17.0700,17.1800,17.0600,17.1800,92100,1576912.0000,3
2025-04-18,20250418140000000,sz.002732,17.1800,17.2200,17.1400,17.1500,132000,2265232.0000,3
2025-04-18,20250418140500000,sz.002732,17.1600,17.1700,17.1200,17.1500,88700,1520880.0000,3
2025-04-18,20250418141000000,sz.002732,17.1600,17.1600,17.1200,17.1500,58300,999312.0000,3
2025-04-18,20250418141500000,sz.002732,17.1600,17.1700,17.1400,17.1400,46400,796000.0000,3
2025-04-18,20250418142000000,sz.002732,17.1500,17.1800,17.1300,17.1600,77700,1332928.0000,3
2025-04-18,20250418142500000,sz.002732,17.1700,17.1700,17.1400,17.1400,42600,730768.0000,3
2025-04-18,20250418143000000,sz.002732,17.1400,17.1500,17.1000,17.1000,127800,2188272.0000,3
2025-04-18,20250418143500000,sz.002732,17.1000,17.1000,17.0200,17.0300,246600,4207120.0000,3
2025-04-18,20250418144000000,sz.002732,17.0300,17.1400,17.0300,17.1400,128900,2202624.0000,3
2025-04-18,20250418144500000,sz.002732,17.1400,17.1400,17.0200,17.0400,240500,4103744.0000,3
2025-04-18,20250418145000000,sz.002732,17.0400,17.0800,17.0400,17.0800,141100,2406336.0000,3
2025-04-18,20250418145500000,sz.002732,17.0800,17.0900,17.0300,17.0300,290200,4947824.0000,3
2025-04-18,20250418150000000,sz.002732,17.0300,17.0500,17.0000,17.0300,375100,6385152.0000,3
2025-04-21,20250421093500000,sz.002732,16.8700,17.0700,16.8100,17.0000,526600,8909594.0000,3
2025-04-21,20250421094000000,sz.002732,17.0500,17.0600,16.9100,16.9800,306000,5199275.0000,3
2025-04-21,20250421094500000,sz.002732,16.9500,17.0900,16.9500,17.0400,336700,5739323.0000,3
2025-04-21,20250421095000000,sz.002732,17.0400,17.3100,17.0300,17.3100,610300,10487176.0000,3
2025-04-21,20250421095500000,sz.002732,17.3100,17.3100,17.2100,17.2300,444900,7683104.0000,3
2025-04-21,20250421100000000,sz.002732,17.2200,17.2300,17.1400,17.1700,200500,3445736.0000,3
2025-04-21,20250421100500000,sz.002732,17.1700,17.2200,17.1400,17.2200,173000,2971592.0000,3
2025-04-21,20250421101000000,sz.002732,17.2200,17.4400,17.2000,17.3500,610200,10581288.0000,3
2025-04-21,20250421101500000,sz.002732,17.3900,17.3900,17.2900,17.3400,233300,4042804.0000,3
2025-04-21,20250421102000000,sz.002732,17.3000,17.4700,17.3000,17.4100,448900,7818880.0000,3
2025-04-21,20250421102500000,sz.002732,17.4000,17.4900,17.3900,17.4200,334300,5830428.0000,3
2025-04-21,20250421103000000,sz.002732,17.4200,17.4200,17.3500,17.3600,158100,2747960.0000,3
2025-04-21,20250421103500000,sz.002732,17.3700,17.4000,17.3100,17.3200,179200,3110072.0000,3
2025-04-21,20250421104000000,sz.002732,17.3100,17.3100,17.2800,17.3000,92800,1605168.0000,3
2025-04-21,20250421104500000,sz.002732,17.3000,17.3000,17.2300,17.2600,176900,3053112.0000,3
2025-04-21,20250421105000000,sz.002732,17.2600,17.3000,17.2500,17.2800,93100,1607328.0000,3
2025-04-21,20250421105500000,sz.002732,17.2800,17.3000,17.2700,17.2800,56700,979920.0000,3
2025-04-21,20250421110000000,sz.002732,17.2900,17.3800,17.2800,17.3500,96500,1673232.0000,3
2025-04-21,20250421110500000,sz.002732,17.3600,17.4800,17.3400,17.3800,228100,3973224.0000,3
2025-04-21,20250421111000000,sz.002732,17.3900,17.5200,17.3900,17.4200,322900,5642832.0000,3
2025-04-21,20250421111500000,sz.002732,17.4300,17.4400,17.3900,17.4100,60600,1055344.0000,3
2025-04-21,20250421112000000,sz.002732,17.4100,17.4300,17.3700,17.4300,71000,1234648.0000,3
2025-04-21,20250421112500000,sz.002732,17.4200,17.4400,17.3900,17.4200,88100,1534456.0000,3
2025-04-21,20250421113000000,sz.002732,17.4200,17.4400,17.4000,17.4400,59100,1029512.0000,3
2025-04-21,20250421130500000,sz.002732,17.4400,17.4400,17.3600,17.4200,134600,2342824.0000,3
2025-04-21,20250421131000000,sz.002732,17.4200,17.4200,17.3500,17.3700,190900,3317912.0000,3
2025-04-21,20250421131500000,sz.002732,17.3700,17.4500,17.3600,17.4300,60000,1044256.0000,3
2025-04-21,20250421132000000,sz.002732,17.4200,17.4200,17.3800,17.4000,56800,988464.0000,3
2025-04-21,20250421132500000,sz.002732,17.4000,17.4200,17.3700,17.3700,37600,654248.0000,3
2025-04-21,20250421133000000,sz.002732,17.3800,17.3800,17.3100,17.3600,102200,1773080.0000,3
2025-04-21,20250421133500000,sz.002732,17.3500,17.4100,17.3500,17.4100,77600,1349288.0000,3
2025-04-21,20250421134000000,sz.002732,17.4100,17.4100,17.3800,17.3900,96200,1672192.0000,3
2025-04-21,20250421134500000,sz.002732,17.3800,17.4000,17.3800,17.3900,49000,852240.0000,3
2025-04-21,20250421135000000,sz.002732,17.3900,17.4000,17.3800,17.3800,54700,951256.0000,3
2025-04-21,20250421135500000,sz.002732,17.3800,17.3900,17.3700,17.3700,30900,537016.0000,3
2025-04-21,20250421140000000,sz.002732,17.3700,17.3900,17.3700,17.3800,58100,1009600.0000,3
2025-04-21,20250421140500000,sz.002732,17.3800,17.4000,17.3800,17.3800,76300,1326456.0000,3
2025-04-21,20250421141000000,sz.002732,17.3800,17.4000,17.3500,17.3600,189300,3287784.0000,3
2025-04-21,20250421141500000,sz.002732,17.3600,17.3800,17.3400,17.3800,88400,1534840.0000,3
2025-04-21,20250421142000000,sz.002732,17.3900,17.3900,17.3700,17.3900,35900,624064.0000,3
2025-04-21,20250421142500000,sz.002732,17.3900,17.4100,17.3800,17.4100,120900,2102920.0000,3
2025-04-21,20250421143000000,sz.002732,17.4000,17.4100,17.3800,17.3800,58400,1015896.0000,3
2025-04-21,20250421143500000,sz.002732,17.3800,17.4000,17.3700,17.3900,87500,1521280.0000,3
2025-04-21,20250421144000000,sz.002732,17.3900,17.4100,17.3800,17.3900,126900,2207648.0000,3
2025-04-21,20250421144500000,sz.002732,17.4000,17.4000,17.3800,17.3900,117100,2036432.0000,3
2025-04-21,20250421145000000,sz.002732,17.4000,17.4200,17.3900,17.4100,173200,3013832.0000,3
2025-04-21,20250421145500000,sz.002732,17.4200,17.4200,17.4000,17.4100,222300,3870272.0000,3
2025-04-21,20250421150000000,sz.002732,17.4100,17.4300,17.4100,17.4300,375700,6545328.0000,3
2025-04-22,20250422093500000,sz.002732,17.2500,17.5000,17.2500,17.3100,613800,10646962.0000,3
2025-04-22,20250422094000000,sz.002732,17.3200,17.5200,17.2900,17.5200,320300,5582185.0000,3
2025-04-22,20250422094500000,sz.002732,17.5100,17.6100,17.4600,17.5600,373800,6551529.0000,3
2025-04-22,20250422095000000,sz.002732,17.5500,17.5700,17.4600,17.4800,309900,5431088.0000,3
2025-04-22,20250422095500000,sz.002732,17.4800,17.4800,17.3200,17.3500,295500,5138488.0000,3
2025-04-22,20250422100000000,sz.002732,17.3500,17.4000,17.3100,17.3300,140300,2433092.0000,3
2025-04-22,20250422100500000,sz.002732,17.3300,17.3400,17.2700,17.3400,227600,3937712.0000,3
2025-04-22,20250422101000000,sz.002732,17.3400,17.4000,17.2900,17.3600,90000,1560036.0000,3
2025-04-22,20250422101500000,sz.002732,17.3600,17.3900,17.3000,17.3300,92600,1605928.0000,3
2025-04-22,20250422102000000,sz.002732,17.3300,17.3700,17.3200,17.3200,94700,1641908.0000,3
2025-04-22,20250422102500000,sz.002732,17.3500,17.4000,17.3300,17.3700,63200,1098552.0000,3
2025-04-22,20250422103000000,sz.002732,17.3700,17.3700,17.3000,17.3100,82600,1431152.0000,3
2025-04-22,20250422103500000,sz.002732,17.3000,17.3400,17.2600,17.3400,133100,2301952.0000,3
2025-04-22,20250422104000000,sz.002732,17.3500,17.3500,17.3200,17.3400,43600,755708.0000,3
2025-04-22,20250422104500000,sz.002732,17.3300,17.3800,17.3200,17.3200,68600,1189616.0000,3
2025-04-22,20250422105000000,sz.002732,17.3200,17.4000,17.2600,17.3100,141600,2452276.0000,3
2025-04-22,20250422105500000,sz.002732,17.3300,17.3300,17.2600,17.3200,239900,4145864.0000,3
2025-04-22,20250422110000000,sz.002732,17.3300,17.3700,17.3100,17.3500,45400,787636.0000,3
2025-04-22,20250422110500000,sz.002732,17.3500,17.3500,17.2900,17.2900,44100,763368.0000,3
2025-04-22,20250422111000000,sz.002732,17.2800,17.3100,17.2200,17.2200,230800,3981344.0000,3
2025-04-22,20250422111500000,sz.002732,17.2300,17.2700,17.2200,17.2300,160100,2759580.0000,3
2025-04-22,20250422112000000,sz.002732,17.2200,17.2500,17.2000,17.2500,119500,2058104.0000,3
2025-04-22,20250422112500000,sz.002732,17.2400,17.2600,17.2200,17.2600,89300,1539168.0000,3
2025-04-22,20250422113000000,sz.002732,17.2500,17.2600,17.2300,17.2500,26200,451960.0000,3
2025-04-22,20250422130500000,sz.002732,17.2500,17.2700,17.2000,17.2200,139000,2394440.0000,3
2025-04-22,20250422131000000,sz.002732,17.2400,17.2400,17.1500,17.1900,168600,2896816.0000,3
2025-04-22,20250422131500000,sz.002732,17.1900,17.3000,17.1900,17.3000,55000,948736.0000,3
2025-04-22,20250422132000000,sz.002732,17.3000,17.3500,17.3000,17.3300,97800,1693904.0000,3
2025-04-22,20250422132500000,sz.002732,17.3200,17.3400,17.2900,17.3200,51100,884560.0000,3
2025-04-22,20250422133000000,sz.002732,17.3200,17.4000,17.2800,17.3600,185100,3213096.0000,3
2025-04-22,20250422133500000,sz.002732,17.3700,17.4000,17.3600,17.4000,156400,2719944.0000,3
2025-04-22,20250422134000000,sz.002732,17.4000,17.4000,17.3500,17.3900,78500,1364520.0000,3
2025-04-22,20250422134500000,sz.002732,17.3900,17.4200,17.3900,17.4100,80100,1394072.0000,3
2025-04-22,20250422135000000,sz.002732,17.4100,17.4200,17.3500,17.3600,123900,2151248.0000,3
2025-04-22,20250422135500000,sz.002732,17.3500,17.4200,17.3300,17.4100,71400,1241112.0000,3
2025-04-22,20250422140000000,sz.002732,17.4100,17.4200,17.3900,17.4100,75100,1307256.0000,3
2025-04-22,20250422140500000,sz.002732,17.4200,17.5500,17.4200,17.5300,405000,7088016.0000,3
2025-04-22,20250422141000000,sz.002732,17.5300,17.5700,17.5000,17.5500,121300,2126376.0000,3
2025-04-22,20250422141500000,sz.002732,17.5500,17.5600,17.5000,17.5200,123100,2159120.0000,3
2025-04-22,20250422142000000,sz.002732,17.5300,17.5900,17.5100,17.5200,146000,2562808.0000,3
2025-04-22,20250422142500000,sz.002732,17.5200,17.5400,17.5000,17.5000,65900,1154472.0000,3
2025-04-22,20250422143000000,sz.002732,17.5100,17.5400,17.5100,17.5400,63300,1109256.0000,3
2025-04-22,20250422143500000,sz.002732,17.5300,17.5400,17.4500,17.4600,168200,2939808.0000,3
2025-04-22,20250422144000000,sz.002732,17.4600,17.4700,17.4200,17.4500,123400,2153056.0000,3
2025-04-22,20250422144500000,sz.002732,17.4500,17.5200,17.4400,17.5000,142900,2496416.0000,3
2025-04-22,20250422145000000,sz.002732,17.5000,17.5100,17.4600,17.4700,192400,3364568.0000,3
2025-04-22,20250422145500000,sz.002732,17.4800,17.5600,17.4700,17.5100,357700,6261520.0000,3
2025-04-22,20250422150000000,sz.002732,17.5200,17.5400,17.5100,17.5200,349600,6125720.0000,3
2025-04-23,20250423093500000,sz.002732,17.4900,17.4900,17.2200,17.3400,641900,11112208.0000,3
2025-04-23,20250423094000000,sz.002732,17.4200,17.5400,17.3500,17.3900,322500,5627421.0000,3
2025-04-23,20250423094500000,sz.002732,17.3600,17.5000,17.3400,17.3500,214400,3727717.0000,3
2025-04-23,20250423095000000,sz.002732,17.3500,17.3600,17.2500,17.2900,190600,3294058.0000,3
2025-04-23,20250423095500000,sz.002732,17.2900,17.3400,17.2300,17.2300,306200,5292162.0000,3
2025-04-23,20250423100000000,sz.002732,17.2200,17.2400,17.1000,17.1500,412900,7091962.0000,3
2025-04-23,20250423100500000,sz.002732,17.1500,17.1500,17.0700,17.0900,472600,8082848.0000,3
2025-04-23,20250423101000000,sz.002732,17.1200,17.1500,17.0800,17.1200,261600,4473800.0000,3
2025-04-23,20250423101500000,sz.002732,17.1100,17.1100,17.0200,17.1100,412600,7040460.0000,3
2025-04-23,20250423102000000,sz.002732,17.1000,17.1000,17.0400,17.0500,175600,2995520.0000,3
2025-04-23,20250423102500000,sz.002732,17.0500,17.0600,17.0100,17.0200,188800,3214896.0000,3
2025-04-23,20250423103000000,sz.002732,17.0100,17.0600,17.0100,17.0500,87600,1492140.0000,3
2025-04-23,20250423103500000,sz.002732,17.0600,17.0700,17.0300,17.0300,149100,2542236.0000,3
2025-04-23,20250423104000000,sz.002732,17.0300,17.0500,17.0200,17.0500,105600,1798796.0000,3
2025-04-23,20250423104500000,sz.002732,17.0500,17.0800,17.0300,17.0500,127800,2179536.0000,3
2025-04-23,20250423105000000,sz.002732,17.0400,17.0600,17.0100,17.0100,151600,2582552.0000,3
2025-04-23,20250423105500000,sz.002732,17.0100,17.0200,16.9500,17.0200,358500,6088576.0000,3
2025-04-23,20250423110000000,sz.002732,17.0200,17.0400,17.0100,17.0400,24200,412112.0000,3
2025-04-23,20250423110500000,sz.002732,17.0300,17.0700,17.0300,17.0500,65000,1107672.0000,3
2025-04-23,20250423111000000,sz.002732,17.0400,17.1400,17.0400,17.0900,52600,898256.0000,3
2025-04-23,20250423111500000,sz.002732,17.0800,17.0800,17.0300,17.0500,74100,1263888.0000,3
2025-04-23,20250423112000000,sz.002732,17.0500,17.0700,17.0400,17.0500,53100,905608.0000,3
2025-04-23,20250423112500000,sz.002732,17.0500,17.0500,17.0300,17.0300,28500,485648.0000,3
2025-04-23,20250423113000000,sz.002732,17.0300,17.0500,17.0300,17.0400,48000,817960.0000,3
2025-04-23,20250423130500000,sz.002732,17.0500,17.0600,16.9800,16.9800,172500,2936160.0000,3
2025-04-23,20250423131000000,sz.002732,16.9800,17.0400,16.9800,17.0000,60400,1027088.0000,3
2025-04-23,20250423131500000,sz.002732,17.0100,17.0500,17.0000,17.0300,63900,1088096.0000,3
2025-04-23,20250423132000000,sz.002732,17.0400,17.0800,17.0300,17.0500,45500,775944.0000,3
2025-04-23,20250423132500000,sz.002732,17.0500,17.0500,17.0100,17.0200,51600,878512.0000,3
2025-04-23,20250423133000000,sz.002732,17.0200,17.0500,17.0200,17.0400,63900,1089016.0000,3
2025-04-23,20250423133500000,sz.002732,17.0400,17.0400,17.0000,17.0100,100700,1713424.0000,3
2025-04-23,20250423134000000,sz.002732,17.0200,17.0500,17.0100,17.0400,24900,424152.0000,3
2025-04-23,20250423134500000,sz.002732,17.0400,17.0500,17.0200,17.0400,47200,804080.0000,3
2025-04-23,20250423135000000,sz.002732,17.0500,17.0700,17.0400,17.0700,19200,327352.0000,3
2025-04-23,20250423135500000,sz.002732,17.0600,17.0600,17.0300,17.0400,50400,859176.0000,3
2025-04-23,20250423140000000,sz.002732,17.0400,17.0500,17.0300,17.0300,42900,731008.0000,3
2025-04-23,20250423140500000,sz.002732,17.0300,17.0300,16.9600,16.9800,174300,2961728.0000,3
2025-04-23,20250423141000000,sz.002732,16.9800,16.9800,16.9100,16.9300,166000,2810920.0000,3
2025-04-23,20250423141500000,sz.002732,16.9300,16.9300,16.8600,16.8900,252700,4268648.0000,3
2025-04-23,20250423142000000,sz.002732,16.8900,16.9300,16.8800,16.9200,169900,2870880.0000,3
2025-04-23,20250423142500000,sz.002732,16.9200,16.9500,16.9100,16.9100,84900,1437360.0000,3
2025-04-23,20250423143000000,sz.002732,16.9100,16.9500,16.9100,16.9400,67400,1141320.0000,3
2025-04-23,20250423143500000,sz.002732,16.9300,17.0000,16.9300,16.9600,151900,2576104.0000,3
2025-04-23,20250423144000000,sz.002732,16.9500,16.9700,16.9400,16.9500,62500,1059448.0000,3
2025-04-23,20250423144500000,sz.002732,16.9400,16.9900,16.9400,16.9900,94100,1596280.0000,3
2025-04-23,20250423145000000,sz.002732,16.9900,16.9900,16.9600,16.9600,146800,2491576.0000,3
2025-04-23,20250423145500000,sz.002732,16.9600,16.9700,16.9300,16.9300,196700,3333712.0000,3
2025-04-23,20250423150000000,sz.002732,16.9300,16.9500,16.9200,16.9300,226400,3833024.0000,3
2025-04-24,20250424093500000,sz.002732,16.8300,17.0000,16.6800,16.7200,563900,9474773.0000,3
2025-04-24,20250424094000000,sz.002732,16.6800,16.8000,16.6200,16.8000,461500,7698339.0000,3
2025-04-24,20250424094500000,sz.002732,16.8000,16.9300,16.8000,16.9200,236400,3990672.0000,3
2025-04-24,20250424095000000,sz.002732,16.9200,16.9700,16.8800,16.9100,153200,2592500.0000,3
2025-04-24,20250424095500000,sz.002732,16.9100,16.9200,16.8400,16.8700,154400,2605988.0000,3
2025-04-24,20250424100000000,sz.002732,16.8900,16.9100,16.8000,16.8100,144000,2426564.0000,3
2025-04-24,20250424100500000,sz.002732,16.8200,16.9300,16.8100,16.9200,196500,3311130.0000,3
2025-04-24,20250424101000000,sz.002732,16.9200,16.9800,16.9200,16.9200,89300,1513450.0000,3
2025-04-24,20250424101500000,sz.002732,16.9200,16.9400,16.8900,16.9400,81300,1374664.0000,3
2025-04-24,20250424102000000,sz.002732,16.9500,17.0000,16.9500,16.9700,171900,2918112.0000,3
2025-04-24,20250424102500000,sz.002732,16.9800,17.1000,16.9800,17.0200,153300,2613600.0000,3
2025-04-24,20250424103000000,sz.002732,17.0300,17.0300,16.9500,16.9900,97100,1649720.0000,3
2025-04-24,20250424103500000,sz.002732,16.9900,16.9900,16.8700,16.8800,70600,1196464.0000,3
2025-04-24,20250424104000000,sz.002732,16.8800,16.9000,16.8800,16.9000,62800,1060472.0000,3
2025-04-24,20250424104500000,sz.002732,16.9000,16.9900,16.8900,16.9700,97800,1657496.0000,3
2025-04-24,20250424105000000,sz.002732,16.9600,16.9600,16.9000,16.9000,98300,1665052.0000,3
2025-04-24,20250424105500000,sz.002732,16.9000,16.9000,16.8400,16.8500,70600,1191052.0000,3
2025-04-24,20250424110000000,sz.002732,16.8500,16.8600,16.8000,16.8600,139200,2341788.0000,3
2025-04-24,20250424110500000,sz.002732,16.8600,17.0000,16.8600,16.9900,91500,1549620.0000,3
2025-04-24,20250424111000000,sz.002732,16.9900,17.0700,16.8800,16.8900,103100,1751112.0000,3
2025-04-24,20250424111500000,sz.002732,16.9200,16.9800,16.8400,16.8400,84300,1425952.0000,3
2025-04-24,20250424112000000,sz.002732,16.8300,16.8600,16.7900,16.7900,97700,1643440.0000,3
2025-04-24,20250424112500000,sz.002732,16.7800,16.8300,16.7500,16.7700,55500,931560.0000,3
2025-04-24,20250424113000000,sz.002732,16.7700,16.8000,16.7600,16.7600,63700,1069624.0000,3
2025-04-24,20250424130500000,sz.002732,16.7600,16.7600,16.7100,16.7300,75900,1270636.0000,3
2025-04-24,20250424131000000,sz.002732,16.7100,16.7500,16.6800,16.7300,56900,950932.0000,3
2025-04-24,20250424131500000,sz.002732,16.7300,16.7300,16.6800,16.7200,61800,1032352.0000,3
2025-04-24,20250424132000000,sz.002732,16.7200,16.7400,16.7000,16.7300,37600,628832.0000,3
2025-04-24,20250424132500000,sz.002732,16.7300,16.7700,16.7200,16.7700,51200,857392.0000,3
2025-04-24,20250424133000000,sz.002732,16.7700,16.7900,16.7500,16.7500,32400,543388.0000,3
2025-04-24,20250424133500000,sz.002732,16.7500,16.8000,16.7400,16.8000,33400,560052.0000,3
2025-04-24,20250424134000000,sz.002732,16.8000,16.8700,16.8000,16.8600,63000,1060052.0000,3
2025-04-24,20250424134500000,sz.002732,16.8700,16.8900,16.8000,16.8700,60500,1020060.0000,3
2025-04-24,20250424135000000,sz.002732,16.8700,16.8800,16.8500,16.8700,18000,303632.0000,3
2025-04-24,20250424135500000,sz.002732,16.8600,16.8600,16.8000,16.8000,33200,558640.0000,3
2025-04-24,20250424140000000,sz.002732,16.8200,16.8400,16.8000,16.8300,29500,496224.0000,3
2025-04-24,20250424140500000,sz.002732,16.8300,16.8300,16.7800,16.7900,41700,700776.0000,3
2025-04-24,20250424141000000,sz.002732,16.7900,16.8100,16.7800,16.7900,36100,606224.0000,3
2025-04-24,20250424141500000,sz.002732,16.7800,16.8000,16.7800,16.7800,23300,391192.0000,3
2025-04-24,20250424142000000,sz.002732,16.7800,16.8100,16.7800,16.8000,35400,594560.0000,3
2025-04-24,20250424142500000,sz.002732,16.7900,16.7900,16.7300,16.7300,39900,668264.0000,3
2025-04-24,20250424143000000,sz.002732,16.7300,16.7600,16.7200,16.7600,89900,1505112.0000,3
2025-04-24,20250424143500000,sz.002732,16.7700,16.9000,16.7700,16.8900,159300,2683752.0000,3
2025-04-24,20250424144000000,sz.002732,16.8900,16.8900,16.8500,16.8700,88400,1491248.0000,3
2025-04-24,20250424144500000,sz.002732,16.8700,16.8700,16.8200,16.8500,101800,1714160.0000,3
2025-04-24,20250424145000000,sz.002732,16.8500,16.8500,16.8000,16.8000,112800,1897352.0000,3
2025-04-24,20250424145500000,sz.002732,16.8100,16.8200,16.7800,16.8200,131900,2216040.0000,3
2025-04-24,20250424150000000,sz.002732,16.8200,16.8200,16.7900,16.8000,168400,2829912.0000,3
2025-04-25,20250425093500000,sz.002732,16.7900,16.9900,16.7900,16.9800,336100,5684235.0000,3
2025-04-25,20250425094000000,sz.002732,16.9800,17.0800,16.9400,16.9400,195900,3329456.0000,3
2025-04-25,20250425094500000,sz.002732,16.9400,16.9700,16.8900,16.9000,127700,2161232.0000,3
2025-04-25,20250425095000000,sz.002732,16.8900,17.0100,16.8500,17.0100,181000,3061598.0000,3
2025-04-25,20250425095500000,sz.002732,17.0100,17.2300,16.9600,17.0800,487200,8332015.0000,3
2025-04-25,20250425100000000,sz.002732,17.0700,17.0700,16.9800,17.0000,106300,1808992.0000,3
2025-04-25,20250425100500000,sz.002732,16.9800,16.9800,16.9400,16.9800,65800,1116404.0000,3
2025-04-25,20250425101000000,sz.002732,16.9800,16.9900,16.9400,16.9900,62200,1054812.0000,3
2025-04-25,20250425101500000,sz.002732,17.0000,17.0500,16.9900,17.0500,62700,1066916.0000,3
2025-04-25,20250425102000000,sz.002732,17.0500,17.0600,16.9700,16.9700,45600,775896.0000,3
2025-04-25,20250425102500000,sz.002732,16.9800,16.9800,16.9000,16.9600,120900,2047370.0000,3
2025-04-25,20250425103000000,sz.002732,16.9700,17.0200,16.9600,17.0100,56200,954818.0000,3
2025-04-25,20250425103500000,sz.002732,17.0000,17.0000,16.9600,16.9600,27700,470218.0000,3
2025-04-25,20250425104000000,sz.002732,16.9600,16.9600,16.9000,16.9000,52400,887146.0000,3
2025-04-25,20250425104500000,sz.002732,16.9000,16.9100,16.8700,16.8800,54500,920368.0000,3
2025-04-25,20250425105000000,sz.002732,16.8800,16.9400,16.8600,16.9200,49000,827668.0000,3
2025-04-25,20250425105500000,sz.002732,16.9200,16.9500,16.8700,16.9200,80100,1354668.0000,3
2025-04-25,20250425110000000,sz.002732,16.9100,16.9400,16.9100,16.9300,47800,808940.0000,3
2025-04-25,20250425110500000,sz.002732,16.9200,17.0500,16.9100,17.0300,94600,1605480.0000,3
2025-04-25,20250425111000000,sz.002732,17.0200,17.1400,17.0100,17.1200,216000,3690832.0000,3
2025-04-25,20250425111500000,sz.002732,17.1200,17.1200,17.0000,17.0400,61500,1049192.0000,3
2025-04-25,20250425112000000,sz.002732,17.0400,17.0400,16.9800,17.0100,23200,394640.0000,3
2025-04-25,20250425112500000,sz.002732,17.0100,17.0600,17.0000,17.0600,39100,666108.0000,3
2025-04-25,20250425113000000,sz.002732,17.0700,17.0700,17.0200,17.0700,30600,521644.0000,3
2025-04-25,20250425130500000,sz.002732,17.0700,17.1100,17.0200,17.0500,54800,935548.0000,3
2025-04-25,20250425131000000,sz.002732,17.0500,17.0500,17.0200,17.0300,23000,391600.0000,3
2025-04-25,20250425131500000,sz.002732,17.0300,17.0400,17.0100,17.0200,22400,381236.0000,3
2025-04-25,20250425132000000,sz.002732,17.0200,17.0200,16.9600,17.0000,64700,1099572.0000,3
2025-04-25,20250425132500000,sz.002732,17.0000,17.0100,16.9700,16.9700,12700,215736.0000,3
2025-04-25,20250425133000000,sz.002732,16.9700,16.9800,16.9400,16.9700,72000,1221312.0000,3
2025-04-25,20250425133500000,sz.002732,16.9800,16.9800,16.9500,16.9500,37600,637964.0000,3
2025-04-25,20250425134000000,sz.002732,16.9500,16.9600,16.9400,16.9600,43800,742192.0000,3
2025-04-25,20250425134500000,sz.002732,16.9700,16.9700,16.9500,16.9500,21600,366416.0000,3
2025-04-25,20250425135000000,sz.002732,16.9500,16.9800,16.9500,16.9800,15900,269756.0000,3
2025-04-25,20250425135500000,sz.002732,16.9700,16.9900,16.9700,16.9900,18100,307300.0000,3
2025-04-25,20250425140000000,sz.002732,16.9800,16.9800,16.9200,16.9300,38500,652396.0000,3
2025-04-25,20250425140500000,sz.002732,16.9400,16.9400,16.8800,16.9100,95900,1620912.0000,3
2025-04-25,20250425141000000,sz.002732,16.9100,16.9100,16.8400,16.8500,95000,1603124.0000,3
2025-04-25,20250425141500000,sz.002732,16.8500,16.8900,16.8500,16.8900,30600,516204.0000,3
2025-04-25,20250425142000000,sz.002732,16.9000,16.9200,16.8900,16.9000,25400,429388.0000,3
2025-04-25,20250425142500000,sz.002732,16.9000,16.9200,16.8900,16.8900,51400,868712.0000,3
2025-04-25,20250425143000000,sz.002732,16.8900,16.9200,16.8900,16.9200,32000,540880.0000,3
2025-04-25,20250425143500000,sz.002732,16.9200,16.9200,16.8900,16.8900,28900,488544.0000,3
2025-04-25,20250425144000000,sz.002732,16.8900,16.9100,16.8500,16.8700,60100,1014704.0000,3
2025-04-25,20250425144500000,sz.002732,16.8700,16.8900,16.8600,16.8700,47700,804680.0000,3
2025-04-25,20250425145000000,sz.002732,16.8800,16.8800,16.8500,16.8500,121500,2049476.0000,3
2025-04-25,20250425145500000,sz.002732,16.8500,16.8700,16.8300,16.8400,117300,1975928.0000,3
2025-04-25,20250425150000000,sz.002732,16.8500,16.8500,16.8200,16.8500,220800,3719788.0000,3
2025-04-28,20250428093500000,sz.002732,16.8000,16.8000,16.5200,16.6000,385900,6411822.0000,3
2025-04-28,20250428094000000,sz.002732,16.5500,16.5600,16.4100,16.4800,488800,8040080.0000,3
2025-04-28,20250428094500000,sz.002732,16.4700,16.4800,16.3900,16.4200,483900,7945078.0000,3
2025-04-28,20250428095000000,sz.002732,16.4100,16.4400,16.3100,16.3100,392700,6423312.0000,3
2025-04-28,20250428095500000,sz.002732,16.3000,16.3000,16.2100,16.2400,362800,5897572.0000,3
2025-04-28,20250428100000000,sz.002732,16.2500,16.3400,16.2500,16.3400,135200,2204280.0000,3
2025-04-28,20250428100500000,sz.002732,16.3400,16.3400,16.2800,16.2900,100000,1629260.0000,3
2025-04-28,20250428101000000,sz.002732,16.2900,16.3500,16.2900,16.3300,90900,1483872.0000,3
2025-04-28,20250428101500000,sz.002732,16.3200,16.3400,16.2800,16.3300,103000,1679748.0000,3
2025-04-28,20250428102000000,sz.002732,16.3200,16.3400,16.3000,16.3000,62400,1018480.0000,3
2025-04-28,20250428102500000,sz.002732,16.3000,16.3100,16.2100,16.2400,287100,4665624.0000,3
2025-04-28,20250428103000000,sz.002732,16.2400,16.2700,16.1800,16.2400,154800,2511808.0000,3
2025-04-28,20250428103500000,sz.002732,16.2400,16.2700,16.2300,16.2500,88300,1434384.0000,3
2025-04-28,20250428104000000,sz.002732,16.2500,16.2600,16.2000,16.2400,82000,1331280.0000,3
2025-04-28,20250428104500000,sz.002732,16.2400,16.2500,16.2100,16.2400,85000,1379852.0000,3
2025-04-28,20250428105000000,sz.002732,16.2400,16.2400,16.2000,16.2000,148900,2413424.0000,3
2025-04-28,20250428105500000,sz.002732,16.2000,16.2400,16.2000,16.2200,61200,993096.0000,3
2025-04-28,20250428110000000,sz.002732,16.2200,16.2200,16.2000,16.2200,32000,518680.0000,3
2025-04-28,20250428110500000,sz.002732,16.2200,16.3100,16.2000,16.2800,143200,2331052.0000,3
2025-04-28,20250428111000000,sz.002732,16.2800,16.2900,16.2700,16.2800,14800,240976.0000,3
2025-04-28,20250428111500000,sz.002732,16.2800,16.2900,16.2700,16.2800,12600,205076.0000,3
2025-04-28,20250428112000000,sz.002732,16.2900,16.3000,16.2700,16.3000,17700,288212.0000,3
2025-04-28,20250428112500000,sz.002732,16.3000,16.3000,16.2800,16.2800,13400,218292.0000,3
2025-04-28,20250428113000000,sz.002732,16.2800,16.3000,16.2600,16.2900,43100,701800.0000,3
2025-04-28,20250428130500000,sz.002732,16.2900,16.3000,16.2600,16.2700,46200,752316.0000,3
2025-04-28,20250428131000000,sz.002732,16.2700,16.2800,16.2400,16.2500,77000,1250928.0000,3
2025-04-28,20250428131500000,sz.002732,16.2600,16.2800,16.2500,16.2600,57000,927336.0000,3
2025-04-28,20250428132000000,sz.002732,16.2600,16.2600,16.2100,16.2300,142400,2309440.0000,3
2025-04-28,20250428132500000,sz.002732,16.2300,16.2600,16.2300,16.2600,18400,298792.0000,3
2025-04-28,20250428133000000,sz.002732,16.2500,16.3000,16.2500,16.2900,39600,644592.0000,3
2025-04-28,20250428133500000,sz.002732,16.3000,16.3000,16.2800,16.3000,41400,674288.0000,3
2025-04-28,20250428134000000,sz.002732,16.3000,16.3000,16.2700,16.2700,17700,288176.0000,3
2025-04-28,20250428134500000,sz.002732,16.2800,16.2900,16.2700,16.2700,19400,315792.0000,3
2025-04-28,20250428135000000,sz.002732,16.2700,16.2800,16.2200,16.2200,104400,1695520.0000,3
2025-04-28,20250428135500000,sz.002732,16.2300,16.2400,16.2300,16.2400,19400,314944.0000,3
2025-04-28,20250428140000000,sz.002732,16.2300,16.2400,16.2200,16.2400,45900,744984.0000,3
2025-04-28,20250428140500000,sz.002732,16.2400,16.2500,16.2300,16.2300,67100,1089672.0000,3
2025-04-28,20250428141000000,sz.002732,16.2400,16.2400,16.2100,16.2200,53700,871224.0000,3
2025-04-28,20250428141500000,sz.002732,16.2100,16.2300,16.2000,16.2100,39200,635608.0000,3
2025-04-28,20250428142000000,sz.002732,16.2100,16.2200,16.2000,16.2100,72100,1168256.0000,3
2025-04-28,20250428142500000,sz.002732,16.2100,16.2300,16.2000,16.2300,59200,959576.0000,3
2025-04-28,20250428143000000,sz.002732,16.2200,16.2300,16.2000,16.2200,53600,868864.0000,3
2025-04-28,20250428143500000,sz.002732,16.2200,16.2200,16.1800,16.1900,130200,2108744.0000,3
2025-04-28,20250428144000000,sz.002732,16.1900,16.2100,16.1800,16.2000,117700,1905696.0000,3
2025-04-28,20250428144500000,sz.002732,16.2000,16.2800,16.2000,16.2100,91400,1483056.0000,3
2025-04-28,20250428145000000,sz.002732,16.2300,16.2400,16.2100,16.2100,81800,1326752.0000,3
2025-04-28,20250428145500000,sz.002732,16.2200,16.2300,16.2000,16.2100,138200,2240192.0000,3
2025-04-28,20250428150000000,sz.002732,16.2000,16.2100,16.1900,16.2000,158300,2564248.0000,3
2025-04-29,20250429093500000,sz.002732,16.1400,16.4000,16.1400,16.3000,600800,9789556.0000,3
2025-04-29,20250429094000000,sz.002732,16.3200,16.3800,16.3100,16.3500,186600,3050034.0000,3
2025-04-29,20250429094500000,sz.002732,16.3400,16.3900,16.3300,16.3900,113400,1854742.0000,3
2025-04-29,20250429095000000,sz.002732,16.3900,16.4000,16.3300,16.3400,89400,1462738.0000,3
2025-04-29,20250429095500000,sz.002732,16.3400,16.3900,16.3400,16.3700,90200,1476130.0000,3
2025-04-29,20250429100000000,sz.002732,16.3600,16.4700,16.3500,16.4500,162300,2665164.0000,3
2025-04-29,20250429100500000,sz.002732,16.4400,16.4600,16.4100,16.4100,57400,943532.0000,3
2025-04-29,20250429101000000,sz.002732,16.4200,16.4200,16.4100,16.4200,42300,694428.0000,3
2025-04-29,20250429101500000,sz.002732,16.4200,16.4300,16.4100,16.4200,44000,722376.0000,3
2025-04-29,20250429102000000,sz.002732,16.4100,16.4300,16.3700,16.3900,58400,957756.0000,3
2025-04-29,20250429102500000,sz.002732,16.3800,16.4000,16.3500,16.3500,32800,537186.0000,3
2025-04-29,20250429103000000,sz.002732,16.3500,16.3800,16.3400,16.3800,48300,789942.0000,3
2025-04-29,20250429103500000,sz.002732,16.3800,16.4000,16.3700,16.3900,32800,537198.0000,3
2025-04-29,20250429104000000,sz.002732,16.3900,16.3900,16.3600,16.3800,16400,268570.0000,3
2025-04-29,20250429104500000,sz.002732,16.3700,16.3900,16.3600,16.3800,11200,183424.0000,3
2025-04-29,20250429105000000,sz.002732,16.3800,16.4000,16.3800,16.3900,46900,768748.0000,3
2025-04-29,20250429105500000,sz.002732,16.3900,16.3900,16.3500,16.3500,38300,627056.0000,3
2025-04-29,20250429110000000,sz.002732,16.3500,16.3800,16.3500,16.3700,26500,433584.0000,3
2025-04-29,20250429110500000,sz.002732,16.3600,16.3800,16.3500,16.3800,20000,327444.0000,3
2025-04-29,20250429111000000,sz.002732,16.3800,16.4100,16.3700,16.4100,42600,698136.0000,3
2025-04-29,20250429111500000,sz.002732,16.4100,16.4400,16.4000,16.4300,58300,957260.0000,3
2025-04-29,20250429112000000,sz.002732,16.4300,16.4500,16.4300,16.4500,67100,1103188.0000,3
2025-04-29,20250429112500000,sz.002732,16.4600,16.4700,16.4200,16.4700,78700,1294146.0000,3
2025-04-29,20250429113000000,sz.002732,16.4700,16.4800,16.4200,16.4500,46700,768622.0000,3
2025-04-29,20250429130500000,sz.002732,16.4400,16.4400,16.4100,16.4100,45600,749328.0000,3
2025-04-29,20250429131000000,sz.002732,16.4100,16.4300,16.4000,16.4200,29600,485880.0000,3
2025-04-29,20250429131500000,sz.002732,16.4200,16.4200,16.3800,16.3800,27000,442672.0000,3
2025-04-29,20250429132000000,sz.002732,16.3900,16.3900,16.3600,16.3700,42100,689664.0000,3
2025-04-29,20250429132500000,sz.002732,16.3600,16.3900,16.3600,16.3800,38700,633708.0000,3
2025-04-29,20250429133000000,sz.002732,16.3800,16.3900,16.3700,16.3700,23000,376856.0000,3
2025-04-29,20250429133500000,sz.002732,16.3800,16.3800,16.3500,16.3600,73800,1207164.0000,3
2025-04-29,20250429134000000,sz.002732,16.3500,16.3800,16.3500,16.3800,17900,292920.0000,3
2025-04-29,20250429134500000,sz.002732,16.3900,16.4200,16.3700,16.3700,52600,862452.0000,3
2025-04-29,20250429135000000,sz.002732,16.4000,16.4000,16.3900,16.3900,4100,67204.0000,3
2025-04-29,20250429135500000,sz.002732,16.4000,16.4000,16.3900,16.4000,10300,168880.0000,3
2025-04-29,20250429140000000,sz.002732,16.4000,16.4200,16.3900,16.4100,31900,523200.0000,3
2025-04-29,20250429140500000,sz.002732,16.4100,16.4200,16.4000,16.4000,20900,342936.0000,3
2025-04-29,20250429141000000,sz.002732,16.4100,16.4200,16.4100,16.4100,38000,623700.0000,3
2025-04-29,20250429141500000,sz.002732,16.4100,16.4600,16.4100,16.4500,137700,2262448.0000,3
2025-04-29,20250429142000000,sz.002732,16.4500,16.4500,16.4300,16.4300,20200,332076.0000,3
2025-04-29,20250429142500000,sz.002732,16.4300,16.4300,16.4100,16.4100,23900,392576.0000,3
2025-04-29,20250429143000000,sz.002732,16.4100,16.4300,16.4100,16.4100,18700,306944.0000,3
2025-04-29,20250429143500000,sz.002732,16.4100,16.4300,16.4000,16.4300,32500,533488.0000,3
2025-04-29,20250429144000000,sz.002732,16.4300,16.4400,16.4200,16.4200,50200,824608.0000,3
2025-04-29,20250429144500000,sz.002732,16.4300,16.4300,16.4200,16.4200,32400,532072.0000,3
2025-04-29,20250429145000000,sz.002732,16.4200,16.4300,16.4100,16.4100,84700,1390432.0000,3
2025-04-29,20250429145500000,sz.002732,16.4100,16.4200,16.4000,16.4100,132500,2174128.0000,3
2025-04-29,20250429150000000,sz.002732,16.4000,16.4200,16.4000,16.4100,91100,1494852.0000,3
2025-04-30,20250430093500000,sz.002732,16.2700,16.5100,16.2700,16.4500,458100,7501525.0000,3
2025-04-30,20250430094000000,sz.002732,16.4500,16.4900,16.4300,16.4700,103100,1697462.0000,3
2025-04-30,20250430094500000,sz.002732,16.4600,16.4600,16.2300,16.3000,133000,2177087.0000,3
2025-04-30,20250430095000000,sz.002732,16.3000,16.3300,16.2200,16.2500,170200,2768616.0000,3
2025-04-30,20250430095500000,sz.002732,16.2500,16.3000,16.2300,16.2800,191700,3117790.0000,3
2025-04-30,20250430100000000,sz.002732,16.2800,16.2900,16.2400,16.2500,89500,1455352.0000,3
2025-04-30,20250430100500000,sz.002732,16.2400,16.2400,16.1600,16.1800,180900,2930432.0000,3
2025-04-30,20250430101000000,sz.002732,16.1800,16.2400,16.1800,16.2200,101800,1650106.0000,3
2025-04-30,20250430101500000,sz.002732,16.2100,16.2800,16.1800,16.2600,80900,1311516.0000,3
2025-04-30,20250430102000000,sz.002732,16.2500,16.2700,16.2300,16.2300,59500,966318.0000,3
2025-04-30,20250430102500000,sz.002732,16.2400,16.2400,16.2100,16.2200,46900,760928.0000,3
2025-04-30,20250430103000000,sz.002732,16.2300,16.2600,16.2200,16.2500,24900,404160.0000,3
2025-04-30,20250430103500000,sz.002732,16.2500,16.2800,16.2300,16.2500,86200,1401268.0000,3
2025-04-30,20250430104000000,sz.002732,16.2600,16.2700,16.2200,16.2400,86200,1399348.0000,3
2025-04-30,20250430104500000,sz.002732,16.2600,16.2700,16.2400,16.2600,35900,583280.0000,3
2025-04-30,20250430105000000,sz.002732,16.2700,16.2800,16.2000,16.2100,99300,1611480.0000,3
2025-04-30,20250430105500000,sz.002732,16.2100,16.2200,16.2000,16.2100,30900,500940.0000,3
2025-04-30,20250430110000000,sz.002732,16.2100,16.2100,16.1700,16.1800,98600,1595888.0000,3
2025-04-30,20250430110500000,sz.002732,16.1900,16.2000,16.1800,16.1900,55900,905128.0000,3
2025-04-30,20250430111000000,sz.002732,16.2000,16.2100,16.1900,16.2100,23500,380672.0000,3
2025-04-30,20250430111500000,sz.002732,16.2100,16.2200,16.1800,16.1800,60200,974952.0000,3
2025-04-30,20250430112000000,sz.002732,16.1800,16.1900,16.1700,16.1900,60900,985228.0000,3
2025-04-30,20250430112500000,sz.002732,16.1800,16.1900,16.1700,16.1800,42200,682648.0000,3
2025-04-30,20250430113000000,sz.002732,16.1800,16.1900,16.1700,16.1800,38700,626136.0000,3
2025-04-30,20250430130500000,sz.002732,16.1900,16.2400,16.1800,16.2000,83400,1351172.0000,3
2025-04-30,20250430131000000,sz.002732,16.2000,16.2000,16.1800,16.1900,45000,728584.0000,3
2025-04-30,20250430131500000,sz.002732,16.1800,16.1900,16.1600,16.1700,80000,1294044.0000,3
2025-04-30,20250430132000000,sz.002732,16.1700,16.1800,16.1600,16.1700,41600,672608.0000,3
2025-04-30,20250430132500000,sz.002732,16.1700,16.1800,16.1400,16.1400,115000,1858088.0000,3
2025-04-30,20250430133000000,sz.002732,16.1400,16.1400,16.1200,16.1400,72900,1175932.0000,3
2025-04-30,20250430133500000,sz.002732,16.1300,16.1400,16.1200,16.1300,42700,688716.0000,3
2025-04-30,20250430134000000,sz.002732,16.1200,16.1600,16.1200,16.1600,70700,1140816.0000,3
2025-04-30,20250430134500000,sz.002732,16.1500,16.1600,16.1400,16.1600,21800,352144.0000,3
2025-04-30,20250430135000000,sz.002732,16.1600,16.1600,16.1400,16.1400,64000,1033332.0000,3
2025-04-30,20250430135500000,sz.002732,16.1400,16.1500,16.1200,16.1300,63000,1016364.0000,3
2025-04-30,20250430140000000,sz.002732,16.1300,16.1500,16.1300,16.1400,28500,459964.0000,3
2025-04-30,20250430140500000,sz.002732,16.1500,16.1600,16.1400,16.1500,27000,436124.0000,3
2025-04-30,20250430141000000,sz.002732,16.1500,16.1700,16.1500,16.1500,34400,555708.0000,3
2025-04-30,20250430141500000,sz.002732,16.1500,16.1600,16.1400,16.1400,31100,502304.0000,3
2025-04-30,20250430142000000,sz.002732,16.1400,16.1500,16.1300,16.1300,52400,845436.0000,3
2025-04-30,20250430142500000,sz.002732,16.1400,16.1500,16.1100,16.1200,179000,2885588.0000,3
2025-04-30,20250430143000000,sz.002732,16.1100,16.1100,16.1000,16.1000,48600,782720.0000,3
2025-04-30,20250430143500000,sz.002732,16.1100,16.1100,16.0800,16.0800,129300,2080836.0000,3
2025-04-30,20250430144000000,sz.002732,16.0800,16.1000,16.0600,16.0700,137600,2212588.0000,3
2025-04-30,20250430144500000,sz.002732,16.0600,16.0800,16.0300,16.0300,141500,2271492.0000,3
2025-04-30,20250430145000000,sz.002732,16.0400,16.0400,16.0100,16.0100,133500,2139188.0000,3
2025-04-30,20250430145500000,sz.002732,16.0000,16.0200,15.9600,15.9800,303800,4856912.0000,3
2025-04-30,20250430150000000,sz.002732,15.9900,16.0000,15.9800,15.9800,139300,2226408.0000,3
2025-05-06,20250506093500000,sz.002732,16.0300,16.1700,16.0300,16.1400,310600,5004156.0000,3
2025-05-06,20250506094000000,sz.002732,16.1400,16.1500,16.0200,16.0300,243800,3920091.0000,3
2025-05-06,20250506094500000,sz.002732,16.0200,16.0800,15.9900,15.9900,181600,2909402.0000,3
2025-05-06,20250506095000000,sz.002732,15.9900,16.0200,15.9600,15.9600,116000,1855383.0000,3
2025-05-06,20250506095500000,sz.002732,15.9600,16.0200,15.9500,16.0100,167300,2673815.0000,3
2025-05-06,20250506100000000,sz.002732,16.0100,16.0700,16.0100,16.0400,82900,1328769.0000,3
2025-05-06,20250506100500000,sz.002732,16.0400,16.0600,16.0200,16.0500,98000,1571536.0000,3
2025-05-06,20250506101000000,sz.002732,16.0400,16.0500,16.0200,16.0300,63800,1022760.0000,3
2025-05-06,20250506101500000,sz.002732,16.0300,16.0500,16.0100,16.0400,108800,1744264.0000,3
2025-05-06,20250506102000000,sz.002732,16.0400,16.0700,16.0300,16.0700,77900,1250380.0000,3
2025-05-06,20250506102500000,sz.002732,16.0600,16.0700,16.0400,16.0500,163900,2630530.0000,3
2025-05-06,20250506103000000,sz.002732,16.0600,16.0600,16.0200,16.0200,70000,1122606.0000,3
2025-05-06,20250506103500000,sz.002732,16.0200,16.0300,16.0100,16.0200,148400,2376718.0000,3
2025-05-06,20250506104000000,sz.002732,16.0200,16.0300,16.0100,16.0200,53600,858682.0000,3
2025-05-06,20250506104500000,sz.002732,16.0100,16.0200,15.9900,16.0000,151800,2428288.0000,3
2025-05-06,20250506105000000,sz.002732,15.9900,16.0000,15.9900,15.9900,52900,846000.0000,3
2025-05-06,20250506105500000,sz.002732,16.0000,16.0300,16.0000,16.0200,59100,946232.0000,3
2025-05-06,20250506110000000,sz.002732,16.0200,16.0300,16.0100,16.0200,26400,422932.0000,3
2025-05-06,20250506110500000,sz.002732,16.0100,16.0400,16.0100,16.0400,18100,290100.0000,3
2025-05-06,20250506111000000,sz.002732,16.0300,16.0400,16.0200,16.0200,31100,498444.0000,3
2025-05-06,20250506111500000,sz.002732,16.0300,16.0500,16.0200,16.0400,50700,813300.0000,3
2025-05-06,20250506112000000,sz.002732,16.0400,16.0500,16.0300,16.0400,40800,654488.0000,3
2025-05-06,20250506112500000,sz.002732,16.0400,16.0400,16.0100,16.0200,42900,687388.0000,3
2025-05-06,20250506113000000,sz.002732,16.0100,16.0500,16.0100,16.0500,47400,760280.0000,3
2025-05-06,20250506130500000,sz.002732,16.0500,16.0600,16.0100,16.0200,185700,2976756.0000,3
2025-05-06,20250506131000000,sz.002732,16.0300,16.0400,16.0100,16.0100,130800,2095204.0000,3
2025-05-06,20250506131500000,sz.002732,16.0100,16.0500,16.0000,16.0300,108900,1744360.0000,3
2025-05-06,20250506132000000,sz.002732,16.0400,16.0900,16.0300,16.0800,88900,1427944.0000,3
2025-05-06,20250506132500000,sz.002732,16.0800,16.1400,16.0600,16.1200,154700,2492392.0000,3
2025-05-06,20250506133000000,sz.002732,16.1200,16.1300,16.1100,16.1200,36200,583352.0000,3
2025-05-06,20250506133500000,sz.002732,16.1200,16.1300,16.1000,16.1200,50000,805640.0000,3
2025-05-06,20250506134000000,sz.002732,16.1100,16.1100,16.1000,16.1000,21700,349512.0000,3
2025-05-06,20250506134500000,sz.002732,16.1000,16.1100,16.0900,16.0900,54000,869516.0000,3
2025-05-06,20250506135000000,sz.002732,16.1000,16.1000,16.0700,16.0700,48900,786404.0000,3
2025-05-06,20250506135500000,sz.002732,16.0800,16.0800,16.0600,16.0700,65200,1047868.0000,3
2025-05-06,20250506140000000,sz.002732,16.0700,16.0800,16.0600,16.0700,74100,1190844.0000,3
2025-05-06,20250506140500000,sz.002732,16.0700,16.1000,16.0700,16.1000,73000,1174332.0000,3
2025-05-06,20250506141000000,sz.002732,16.1000,16.1000,16.0800,16.0800,46700,751500.0000,3
2025-05-06,20250506141500000,sz.002732,16.0900,16.1100,16.0800,16.1100,73200,1177824.0000,3
2025-05-06,20250506142000000,sz.002732,16.1000,16.1100,16.0800,16.0900,49600,798220.0000,3
2025-05-06,20250506142500000,sz.002732,16.0900,16.1000,16.0800,16.0900,35700,574380.0000,3
2025-05-06,20250506143000000,sz.002732,16.0900,16.1000,16.0700,16.0800,70300,1130680.0000,3
2025-05-06,20250506143500000,sz.002732,16.0700,16.1000,16.0700,16.0800,41900,674104.0000,3
2025-05-06,20250506144000000,sz.002732,16.0900,16.0900,16.0600,16.0800,169000,2715768.0000,3
2025-05-06,20250506144500000,sz.002732,16.0800,16.0900,16.0700,16.0800,63800,1026000.0000,3
2025-05-06,20250506145000000,sz.002732,16.0800,16.0900,16.0800,16.0900,71000,1142072.0000,3
2025-05-06,20250506145500000,sz.002732,16.0800,16.1100,16.0800,16.0900,169300,2724968.0000,3
2025-05-06,20250506150000000,sz.002732,16.0900,16.1000,16.0800,16.0900,214400,3449568.0000,3
2025-05-07,20250507093500000,sz.002732,16.2000,16.4800,16.2000,16.3600,559400,9153438.0000,3
2025-05-07,20250507094000000,sz.002732,16.3600,16.3900,16.2800,16.2800,212900,3477970.0000,3
2025-05-07,20250507094500000,sz.002732,16.2800,16.2900,16.2300,16.2400,132600,2155733.0000,3
2025-05-07,20250507095000000,sz.002732,16.2700,16.3200,16.2600,16.2800,168100,2739637.0000,3
2025-05-07,20250507095500000,sz.002732,16.2800,16.3200,16.2600,16.2700,183100,2983562.0000,3
2025-05-07,20250507100000000,sz.002732,16.2700,16.3300,16.2600,16.2700,143000,2330810.0000,3
2025-05-07,20250507100500000,sz.002732,16.2700,16.3100,16.2700,16.2800,49800,811164.0000,3
2025-05-07,20250507101000000,sz.002732,16.2800,16.3100,16.2800,16.2800,73500,1197630.0000,3
2025-05-07,20250507101500000,sz.002732,16.2800,16.3000,16.2600,16.2600,78500,1279052.0000,3
2025-05-07,20250507102000000,sz.002732,16.2600,16.2700,16.2400,16.2700,82000,1333024.0000,3
2025-05-07,20250507102500000,sz.002732,16.2600,16.2700,16.2400,16.2600,69100,1122870.0000,3
2025-05-07,20250507103000000,sz.002732,16.2600,16.2900,16.2600,16.2700,70200,1142738.0000,3
2025-05-07,20250507103500000,sz.002732,16.2600,16.3200,16.2600,16.3200,60600,987576.0000,3
2025-05-07,20250507104000000,sz.002732,16.3200,16.3600,16.3100,16.3500,85500,1397100.0000,3
2025-05-07,20250507104500000,sz.002732,16.3500,16.3500,16.3200,16.3400,55100,900032.0000,3
2025-05-07,20250507105000000,sz.002732,16.3500,16.3700,16.3200,16.3600,90900,1486196.0000,3
2025-05-07,20250507105500000,sz.002732,16.3600,16.3600,16.3400,16.3600,29700,485712.0000,3
2025-05-07,20250507110000000,sz.002732,16.3600,16.3700,16.3500,16.3700,23100,377796.0000,3
2025-05-07,20250507110500000,sz.002732,16.3700,16.3700,16.3500,16.3500,30100,492368.0000,3
2025-05-07,20250507111000000,sz.002732,16.3500,16.3600,16.3300,16.3500,40100,655216.0000,3
2025-05-07,20250507111500000,sz.002732,16.3500,16.3800,16.3400,16.3500,66900,1094612.0000,3
2025-05-07,20250507112000000,sz.002732,16.3600,16.3600,16.3300,16.3300,35100,573572.0000,3
2025-05-07,20250507112500000,sz.002732,16.3300,16.3400,16.3200,16.3300,16600,271096.0000,3
2025-05-07,20250507113000000,sz.002732,16.3300,16.3300,16.3100,16.3100,38400,626596.0000,3
2025-05-07,20250507130500000,sz.002732,16.3300,16.3300,16.3200,16.3200,46500,758988.0000,3
2025-05-07,20250507131000000,sz.002732,16.3200,16.3200,16.3000,16.3000,115500,1883888.0000,3
2025-05-07,20250507131500000,sz.002732,16.3000,16.3100,16.2900,16.2900,51600,840760.0000,3
2025-05-07,20250507132000000,sz.002732,16.2900,16.3000,16.2800,16.3000,41400,674612.0000,3
2025-05-07,20250507132500000,sz.002732,16.2900,16.3000,16.2700,16.2700,69800,1136436.0000,3
2025-05-07,20250507133000000,sz.002732,16.2700,16.2800,16.2600,16.2600,28100,457204.0000,3
2025-05-07,20250507133500000,sz.002732,16.2700,16.3000,16.2600,16.3000,52000,846188.0000,3
2025-05-07,20250507134000000,sz.002732,16.3000,16.3000,16.2800,16.2800,47100,767432.0000,3
2025-05-07,20250507134500000,sz.002732,16.2800,16.3400,16.2800,16.3300,71500,1166612.0000,3
2025-05-07,20250507135000000,sz.002732,16.3400,16.3400,16.2800,16.2800,64300,1048352.0000,3
2025-05-07,20250507135500000,sz.002732,16.2800,16.3000,16.2800,16.2800,24800,404000.0000,3
2025-05-07,20250507140000000,sz.002732,16.2900,16.3000,16.2700,16.2800,96500,1570940.0000,3
2025-05-07,20250507140500000,sz.002732,16.2700,16.2800,16.2400,16.2700,136700,2222396.0000,3
2025-05-07,20250507141000000,sz.002732,16.2700,16.2900,16.2600,16.2700,31400,511116.0000,3
2025-05-07,20250507141500000,sz.002732,16.2800,16.2900,16.2700,16.2800,37200,605548.0000,3
2025-05-07,20250507142000000,sz.002732,16.2900,16.2900,16.2400,16.2400,61200,995096.0000,3
2025-05-07,20250507142500000,sz.002732,16.2500,16.2500,16.2300,16.2300,85900,1394652.0000,3
2025-05-07,20250507143000000,sz.002732,16.2400,16.2600,16.2300,16.2400,54100,878784.0000,3
2025-05-07,20250507143500000,sz.002732,16.2400,16.2900,16.2400,16.2700,51700,840724.0000,3
2025-05-07,20250507144000000,sz.002732,16.2700,16.3100,16.2700,16.3000,56800,925632.0000,3
2025-05-07,20250507144500000,sz.002732,16.3000,16.3400,16.2900,16.3000,121400,1980916.0000,3
2025-05-07,20250507145000000,sz.002732,16.3100,16.3500,16.3100,16.3400,82700,1350532.0000,3
2025-05-07,20250507145500000,sz.002732,16.3300,16.3500,16.3100,16.3400,155300,2537208.0000,3
2025-05-07,20250507150000000,sz.002732,16.3400,16.3600,16.3400,16.3400,197700,3231492.0000,3
2025-05-08,20250508093500000,sz.002732,16.2900,16.3500,16.2100,16.2800,316200,5143073.0000,3
2025-05-08,20250508094000000,sz.002732,16.2700,16.2800,16.2300,16.2300,165000,2679994.0000,3
2025-05-08,20250508094500000,sz.002732,16.2300,16.3400,16.2300,16.2800,153400,2501226.0000,3
2025-05-08,20250508095000000,sz.002732,16.3000,16.3400,16.3000,16.3300,84600,1379703.0000,3
2025-05-08,20250508095500000,sz.002732,16.3200,16.3500,16.3200,16.3400,44100,720231.0000,3
2025-05-08,20250508100000000,sz.002732,16.3300,16.3600,16.3200,16.3400,82100,1341896.0000,3
2025-05-08,20250508100500000,sz.002732,16.3400,16.3500,16.3300,16.3500,50400,823410.0000,3
2025-05-08,20250508101000000,sz.002732,16.3500,16.3500,16.3400,16.3500,30600,500299.0000,3
2025-05-08,20250508101500000,sz.002732,16.3500,16.4000,16.3500,16.3700,89900,1472199.0000,3
2025-05-08,20250508102000000,sz.002732,16.3800,16.4100,16.3800,16.4100,158300,2595409.0000,3
2025-05-08,20250508102500000,sz.002732,16.4100,16.4600,16.4100,16.4500,140700,2313004.0000,3
2025-05-08,20250508103000000,sz.002732,16.4500,16.4600,16.4300,16.4500,79900,1314008.0000,3
2025-05-08,20250508103500000,sz.002732,16.4600,16.4800,16.4400,16.4600,137700,2266090.0000,3
2025-05-08,20250508104000000,sz.002732,16.4800,16.4800,16.4500,16.4500,49600,816540.0000,3
2025-05-08,20250508104500000,sz.002732,16.4500,16.4600,16.4400,16.4500,44900,738648.0000,3
2025-05-08,20250508105000000,sz.002732,16.4400,16.4500,16.4200,16.4200,62400,1025738.0000,3
2025-05-08,20250508105500000,sz.002732,16.4300,16.4300,16.4100,16.4200,33600,551730.0000,3
2025-05-08,20250508110000000,sz.002732,16.4200,16.4500,16.4200,16.4500,21800,358298.0000,3
2025-05-08,20250508110500000,sz.002732,16.4500,16.4600,16.4400,16.4400,29900,491768.0000,3
2025-05-08,20250508111000000,sz.002732,16.4400,16.4400,16.4300,16.4400,17600,289332.0000,3
2025-05-08,20250508111500000,sz.002732,16.4300,16.4500,16.4300,16.4300,30400,499640.0000,3
2025-05-08,20250508112000000,sz.002732,16.4300,16.4400,16.4200,16.4200,22800,374642.0000,3
2025-05-08,20250508112500000,sz.002732,16.4300,16.4500,16.4200,16.4400,72200,1186662.0000,3
2025-05-08,20250508113000000,sz.002732,16.4400,16.4400,16.4300,16.4300,18800,309032.0000,3
2025-05-08,20250508130500000,sz.002732,16.4400,16.4500,16.4200,16.4300,41000,673744.0000,3
2025-05-08,20250508131000000,sz.002732,16.4300,16.4300,16.4100,16.4100,47600,781370.0000,3
2025-05-08,20250508131500000,sz.002732,16.4100,16.4100,16.3800,16.3800,94500,1549338.0000,3
2025-05-08,20250508132000000,sz.002732,16.3800,16.4100,16.3800,16.4100,19400,318144.0000,3
2025-05-08,20250508132500000,sz.002732,16.4000,16.4100,16.4000,16.4000,10200,167336.0000,3
2025-05-08,20250508133000000,sz.002732,16.4000,16.4100,16.3900,16.4000,38900,637948.0000,3
2025-05-08,20250508133500000,sz.002732,16.4000,16.4100,16.3900,16.4000,35400,580580.0000,3
2025-05-08,20250508134000000,sz.002732,16.4000,16.4100,16.4000,16.4100,30100,493788.0000,3
2025-05-08,20250508134500000,sz.002732,16.4200,16.4300,16.4200,16.4300,28700,471484.0000,3
2025-05-08,20250508135000000,sz.002732,16.4300,16.4500,16.4300,16.4500,70400,1157588.0000,3
2025-05-08,20250508135500000,sz.002732,16.4600,16.4600,16.4500,16.4500,48200,793068.0000,3
2025-05-08,20250508140000000,sz.002732,16.4500,16.4700,16.4500,16.4600,65700,1081304.0000,3
2025-05-08,20250508140500000,sz.002732,16.4600,16.4800,16.4500,16.4800,68000,1120064.0000,3
2025-05-08,20250508141000000,sz.002732,16.4800,16.4800,16.4600,16.4700,29100,479248.0000,3
2025-05-08,20250508141500000,sz.002732,16.4600,16.4600,16.4500,16.4600,35400,582444.0000,3
2025-05-08,20250508142000000,sz.002732,16.4500,16.4600,16.4500,16.4600,67800,1115680.0000,3
2025-05-08,20250508142500000,sz.002732,16.4500,16.4700,16.4500,16.4500,31600,520120.0000,3
2025-05-08,20250508143000000,sz.002732,16.4600,16.5300,16.4500,16.5200,222500,3669848.0000,3
2025-05-08,20250508143500000,sz.002732,16.5200,16.5300,16.5000,16.5000,64200,1059788.0000,3
2025-05-08,20250508144000000,sz.002732,16.5100,16.5100,16.4800,16.4800,68200,1125192.0000,3
2025-05-08,20250508144500000,sz.002732,16.4800,16.5000,16.4800,16.5000,68000,1121552.0000,3
2025-05-08,20250508145000000,sz.002732,16.4900,16.5000,16.4900,16.4900,103600,1708916.0000,3
2025-05-08,20250508145500000,sz.002732,16.4900,16.5000,16.4800,16.4900,185600,3060644.0000,3
2025-05-08,20250508150000000,sz.002732,16.4800,16.5000,16.4800,16.4900,121800,2008292.0000,3
2025-05-09,20250509093500000,sz.002732,16.4900,16.4900,16.3600,16.3600,147100,2415377.0000,3
2025-05-09,20250509094000000,sz.002732,16.3600,16.3600,16.2800,16.3000,216700,3538200.0000,3
2025-05-09,20250509094500000,sz.002732,16.2900,16.2900,16.2200,16.2300,352800,5732317.0000,3
2025-05-09,20250509095000000,sz.002732,16.2300,16.2800,16.2300,16.2800,126800,2060295.0000,3
2025-05-09,20250509095500000,sz.002732,16.2600,16.2600,16.1700,16.1700,284500,4615681.0000,3
2025-05-09,20250509100000000,sz.002732,16.1800,16.2600,16.1700,16.2500,53900,873214.0000,3
2025-05-09,20250509100500000,sz.002732,16.2500,16.3600,16.2400,16.3400,53000,864078.0000,3
2025-05-09,20250509101000000,sz.002732,16.3400,16.3900,16.3400,16.3700,131600,2153442.0000,3
2025-05-09,20250509101500000,sz.002732,16.3700,16.5000,16.3700,16.4100,235800,3875956.0000,3
2025-05-09,20250509102000000,sz.002732,16.4200,16.4200,16.3600,16.3700,64400,1055276.0000,3
2025-05-09,20250509102500000,sz.002732,16.3700,16.3700,16.3100,16.3300,46700,763524.0000,3
2025-05-09,20250509103000000,sz.002732,16.3200,16.3200,16.2900,16.3200,17800,290256.0000,3
2025-05-09,20250509103500000,sz.002732,16.3200,16.3200,16.2700,16.2700,30900,503752.0000,3
2025-05-09,20250509104000000,sz.002732,16.2800,16.3000,16.2700,16.2900,16100,262036.0000,3
2025-05-09,20250509104500000,sz.002732,16.3100,16.3100,16.2900,16.2900,14500,236400.0000,3
2025-05-09,20250509105000000,sz.002732,16.2900,16.3000,16.2300,16.2300,47200,767714.0000,3
2025-05-09,20250509105500000,sz.002732,16.2300,16.2700,16.2000,16.2200,64900,1053064.0000,3
2025-05-09,20250509110000000,sz.002732,16.2200,16.2400,16.2100,16.2200,22800,369932.0000,3
2025-05-09,20250509110500000,sz.002732,16.2200,16.2400,16.2000,16.2400,32700,530302.0000,3
2025-05-09,20250509111000000,sz.002732,16.2500,16.2500,16.2300,16.2300,31600,513366.0000,3
2025-05-09,20250509111500000,sz.002732,16.2300,16.2500,16.2300,16.2400,29600,480458.0000,3
2025-05-09,20250509112000000,sz.002732,16.2500,16.2900,16.2400,16.2600,19000,308924.0000,3
2025-05-09,20250509112500000,sz.002732,16.2800,16.2800,16.2500,16.2600,79300,1289756.0000,3
2025-05-09,20250509113000000,sz.002732,16.2500,16.2700,16.2500,16.2500,18600,302404.0000,3
2025-05-09,20250509130500000,sz.002732,16.2500,16.3200,16.2500,16.3100,130200,2119132.0000,3
2025-05-09,20250509131000000,sz.002732,16.3100,16.3600,16.2900,16.3500,38500,628012.0000,3
2025-05-09,20250509131500000,sz.002732,16.3300,16.3300,16.2700,16.3200,57700,940812.0000,3
2025-05-09,20250509132000000,sz.002732,16.3200,16.3400,16.2900,16.3100,35100,572700.0000,3
2025-05-09,20250509132500000,sz.002732,16.3200,16.3400,16.3100,16.3300,13700,223696.0000,3
2025-05-09,20250509133000000,sz.002732,16.3300,16.3600,16.3200,16.3400,33200,542588.0000,3
2025-05-09,20250509133500000,sz.002732,16.3400,16.4100,16.3400,16.3800,45800,750444.0000,3
2025-05-09,20250509134000000,sz.002732,16.3900,16.4000,16.3800,16.3800,26100,427760.0000,3
2025-05-09,20250509134500000,sz.002732,16.3900,16.4000,16.3800,16.3900,57100,936020.0000,3
2025-05-09,20250509135000000,sz.002732,16.3900,16.4100,16.3800,16.4000,37600,616500.0000,3
2025-05-09,20250509135500000,sz.002732,16.4000,16.4000,16.3700,16.3900,49700,814472.0000,3
2025-05-09,20250509140000000,sz.002732,16.3800,16.4000,16.3800,16.3900,44200,724404.0000,3
2025-05-09,20250509140500000,sz.002732,16.3900,16.4000,16.3500,16.3500,32100,525680.0000,3
2025-05-09,20250509141000000,sz.002732,16.3600,16.3700,16.3300,16.3700,61800,1010752.0000,3
2025-05-09,20250509141500000,sz.002732,16.3600,16.3800,16.3500,16.3700,22900,374756.0000,3
2025-05-09,20250509142000000,sz.002732,16.3800,16.3900,16.3700,16.3800,44700,731908.0000,3
2025-05-09,20250509142500000,sz.002732,16.3700,16.3800,16.3600,16.3700,23500,384760.0000,3
2025-05-09,20250509143000000,sz.002732,16.3600,16.3800,16.3300,16.3300,28500,466032.0000,3
2025-05-09,20250509143500000,sz.002732,16.3300,16.3500,16.3200,16.3200,43000,702260.0000,3
2025-05-09,20250509144000000,sz.002732,16.3100,16.3400,16.3100,16.3200,21900,357348.0000,3
2025-05-09,20250509144500000,sz.002732,16.3200,16.3300,16.2800,16.2800,42600,694744.0000,3
2025-05-09,20250509145000000,sz.002732,16.2900,16.3100,16.2700,16.2800,40700,662828.0000,3
2025-05-09,20250509145500000,sz.002732,16.3000,16.3000,16.2800,16.2800,70200,1143504.0000,3
2025-05-09,20250509150000000,sz.002732,16.2800,16.2900,16.2700,16.2800,93100,1515492.0000,3
2025-05-12,20250512093500000,sz.002732,16.3500,16.3500,16.2400,16.2800,138000,2249889.0000,3
2025-05-12,20250512094000000,sz.002732,16.2800,16.3200,16.2400,16.2500,148900,2423348.0000,3
2025-05-12,20250512094500000,sz.002732,16.2400,16.2400,16.1700,16.1900,151500,2454163.0000,3
2025-05-12,20250512095000000,sz.002732,16.2000,16.2200,16.1300,16.1800,198600,3211915.0000,3
2025-05-12,20250512095500000,sz.002732,16.1800,16.2000,16.1600,16.1700,67200,1087226.0000,3
2025-05-12,20250512100000000,sz.002732,16.1600,16.1800,16.1500,16.1700,151000,2440460.0000,3
2025-05-12,20250512100500000,sz.002732,16.1600,16.2100,16.1600,16.1900,56200,910135.0000,3
2025-05-12,20250512101000000,sz.002732,16.1800,16.1900,16.1600,16.1800,64000,1035199.0000,3
2025-05-12,20250512101500000,sz.002732,16.1600,16.1900,16.1600,16.1900,66500,1075385.0000,3
2025-05-12,20250512102000000,sz.002732,16.1800,16.2000,16.1700,16.1700,57100,923900.0000,3
2025-05-12,20250512102500000,sz.002732,16.1800,16.2000,16.1700,16.1900,53300,862472.0000,3
2025-05-12,20250512103000000,sz.002732,16.2000,16.2000,16.1700,16.1700,39200,634388.0000,3
2025-05-12,20250512103500000,sz.002732,16.1700,16.1900,16.1700,16.1800,41800,676300.0000,3
2025-05-12,20250512104000000,sz.002732,16.1800,16.2100,16.1800,16.2100,22500,364350.0000,3
2025-05-12,20250512104500000,sz.002732,16.2000,16.2300,16.2000,16.2200,36000,583494.0000,3
2025-05-12,20250512105000000,sz.002732,16.2500,16.2500,16.2100,16.2300,21200,344192.0000,3
2025-05-12,20250512105500000,sz.002732,16.2300,16.2400,16.2200,16.2400,42800,694872.0000,3
2025-05-12,20250512110000000,sz.002732,16.2400,16.2400,16.2100,16.2400,21600,350596.0000,3
2025-05-12,20250512110500000,sz.002732,16.2400,16.2500,16.2300,16.2500,18700,303758.0000,3
2025-05-12,20250512111000000,sz.002732,16.2400,16.2600,16.2400,16.2400,27700,449952.0000,3
2025-05-12,20250512111500000,sz.002732,16.2400,16.2600,16.2300,16.2400,22200,360606.0000,3
2025-05-12,20250512112000000,sz.002732,16.2500,16.2500,16.2200,16.2400,29600,480346.0000,3
2025-05-12,20250512112500000,sz.002732,16.2400,16.2700,16.2300,16.2500,16200,263266.0000,3
2025-05-12,20250512113000000,sz.002732,16.2300,16.2400,16.2300,16.2300,7500,121760.0000,3
2025-05-12,20250512130500000,sz.002732,16.2300,16.2300,16.1800,16.1800,68600,1111102.0000,3
2025-05-12,20250512131000000,sz.002732,16.1800,16.1900,16.1700,16.1800,31500,509618.0000,3
2025-05-12,20250512131500000,sz.002732,16.1800,16.1900,16.1700,16.1700,40200,650374.0000,3
2025-05-12,20250512132000000,sz.002732,16.1700,16.2000,16.1700,16.2000,25600,414350.0000,3
2025-05-12,20250512132500000,sz.002732,16.2000,16.2000,16.1800,16.1900,37400,605476.0000,3
2025-05-12,20250512133000000,sz.002732,16.2100,16.2400,16.2100,16.2300,16400,266056.0000,3
2025-05-12,20250512133500000,sz.002732,16.2200,16.2200,16.2100,16.2100,20900,338888.0000,3
2025-05-12,20250512134000000,sz.002732,16.2100,16.2200,16.2000,16.2200,23300,377510.0000,3
2025-05-12,20250512134500000,sz.002732,16.2300,16.2300,16.2000,16.2100,22300,361494.0000,3
2025-05-12,20250512135000000,sz.002732,16.2100,16.2100,16.2000,16.2100,25600,414766.0000,3
2025-05-12,20250512135500000,sz.002732,16.2100,16.2100,16.2000,16.2000,15200,246302.0000,3
2025-05-12,20250512140000000,sz.002732,16.2000,16.2000,16.1900,16.2000,39000,631672.0000,3
2025-05-12,20250512140500000,sz.002732,16.2100,16.2400,16.2100,16.2300,25900,420204.0000,3
2025-05-12,20250512141000000,sz.002732,16.2200,16.2300,16.2000,16.2000,21200,343676.0000,3
2025-05-12,20250512141500000,sz.002732,16.2000,16.2200,16.2000,16.2200,20600,333848.0000,3
2025-05-12,20250512142000000,sz.002732,16.2200,16.2300,16.2000,16.2100,27400,444190.0000,3
2025-05-12,20250512142500000,sz.002732,16.2100,16.2200,16.2000,16.2100,24900,403622.0000,3
2025-05-12,20250512143000000,sz.002732,16.2100,16.2200,16.2100,16.2200,22400,363222.0000,3
2025-05-12,20250512143500000,sz.002732,16.2300,16.2300,16.2100,16.2100,39500,640692.0000,3
2025-05-12,20250512144000000,sz.002732,16.2100,16.2200,16.2100,16.2200,39800,645286.0000,3
2025-05-12,20250512144500000,sz.002732,16.2200,16.2200,16.2000,16.2000,81500,1321288.0000,3
2025-05-12,20250512145000000,sz.002732,16.2000,16.2300,16.2000,16.2300,63600,1031376.0000,3
2025-05-12,20250512145500000,sz.002732,16.2100,16.2300,16.2100,16.2300,72400,1174468.0000,3
2025-05-12,20250512150000000,sz.002732,16.2300,16.2300,16.2100,16.2200,99100,1607316.0000,3
2025-05-13,20250513093500000,sz.002732,16.3000,16.3600,16.2500,16.2500,237300,3870047.0000,3
2025-05-13,20250513094000000,sz.002732,16.2500,16.2700,16.2300,16.2500,98000,1592251.0000,3
2025-05-13,20250513094500000,sz.002732,16.2500,16.3000,16.2500,16.2900,120700,1964752.0000,3
2025-05-13,20250513095000000,sz.002732,16.2900,16.3400,16.2900,16.3100,121400,1979912.0000,3
2025-05-13,20250513095500000,sz.002732,16.3100,16.3700,16.3100,16.3600,115700,1890994.0000,3
2025-05-13,20250513100000000,sz.002732,16.3600,16.4200,16.3600,16.3900,176300,2889145.0000,3
2025-05-13,20250513100500000,sz.002732,16.3800,16.3800,16.3400,16.3400,52800,864039.0000,3
2025-05-13,20250513101000000,sz.002732,16.3400,16.3400,16.3000,16.3100,45500,742143.0000,3
2025-05-13,20250513101500000,sz.002732,16.3000,16.3000,16.2500,16.2500,100300,1633069.0000,3
2025-05-13,20250513102000000,sz.002732,16.2600,16.2600,16.2400,16.2500,62400,1013884.0000,3
2025-05-13,20250513102500000,sz.002732,16.2500,16.2600,16.2400,16.2500,60300,979884.0000,3
2025-05-13,20250513103000000,sz.002732,16.2500,16.2500,16.2300,16.2400,58300,946802.0000,3
2025-05-13,20250513103500000,sz.002732,16.2300,16.2400,16.2000,16.2100,151400,2455594.0000,3
2025-05-13,20250513104000000,sz.002732,16.2200,16.2200,16.1700,16.1700,53300,862952.0000,3
2025-05-13,20250513104500000,sz.002732,16.1600,16.2100,16.1600,16.2000,67800,1097724.0000,3
2025-05-13,20250513105000000,sz.002732,16.2000,16.2000,16.1700,16.1900,47900,775040.0000,3
2025-05-13,20250513105500000,sz.002732,16.1800,16.2100,16.1800,16.2100,13500,218488.0000,3
2025-05-13,20250513110000000,sz.002732,16.2000,16.2300,16.1900,16.2300,28400,460352.0000,3
2025-05-13,20250513110500000,sz.002732,16.2300,16.2700,16.2300,16.2500,46800,760090.0000,3
2025-05-13,20250513111000000,sz.002732,16.2500,16.2500,16.2300,16.2400,15300,248502.0000,3
2025-05-13,20250513111500000,sz.002732,16.2400,16.2700,16.2400,16.2600,31800,516992.0000,3
2025-05-13,20250513112000000,sz.002732,16.2600,16.2600,16.2500,16.2500,18000,292656.0000,3
2025-05-13,20250513112500000,sz.002732,16.2500,16.2600,16.2300,16.2400,9900,160872.0000,3
2025-05-13,20250513113000000,sz.002732,16.2400,16.2500,16.2200,16.2200,8500,138038.0000,3
2025-05-13,20250513130500000,sz.002732,16.2500,16.2600,16.2300,16.2300,34400,558938.0000,3
2025-05-13,20250513131000000,sz.002732,16.2300,16.2500,16.2200,16.2500,24500,397616.0000,3
2025-05-13,20250513131500000,sz.002732,16.2400,16.2700,16.2400,16.2700,19200,311988.0000,3
2025-05-13,20250513132000000,sz.002732,16.2700,16.2900,16.2700,16.2800,60400,983376.0000,3
2025-05-13,20250513132500000,sz.002732,16.2800,16.2900,16.2700,16.2800,19200,312618.0000,3
2025-05-13,20250513133000000,sz.002732,16.2800,16.2800,16.2600,16.2600,11900,193608.0000,3
2025-05-13,20250513133500000,sz.002732,16.2600,16.2700,16.2400,16.2500,26200,425878.0000,3
2025-05-13,20250513134000000,sz.002732,16.2400,16.2700,16.2400,16.2700,14300,232440.0000,3
2025-05-13,20250513134500000,sz.002732,16.2600,16.2700,16.2500,16.2600,12300,200004.0000,3
2025-05-13,20250513135000000,sz.002732,16.2700,16.2800,16.2500,16.2500,19500,317096.0000,3
2025-05-13,20250513135500000,sz.002732,16.2500,16.2600,16.2400,16.2500,14200,230752.0000,3
2025-05-13,20250513140000000,sz.002732,16.2500,16.2600,16.2300,16.2300,33300,540862.0000,3
2025-05-13,20250513140500000,sz.002732,16.2400,16.2500,16.2400,16.2500,16700,271286.0000,3
2025-05-13,20250513141000000,sz.002732,16.2600,16.2600,16.2400,16.2600,26500,430776.0000,3
2025-05-13,20250513141500000,sz.002732,16.2500,16.2600,16.2400,16.2500,25400,412808.0000,3
2025-05-13,20250513142000000,sz.002732,16.2600,16.2800,16.2600,16.2700,12400,201652.0000,3
2025-05-13,20250513142500000,sz.002732,16.2700,16.2700,16.2600,16.2700,5500,89464.0000,3
2025-05-13,20250513143000000,sz.002732,16.2600,16.2800,16.2600,16.2700,24900,405044.0000,3
2025-05-13,20250513143500000,sz.002732,16.2700,16.2700,16.2600,16.2700,38200,621208.0000,3
2025-05-13,20250513144000000,sz.002732,16.2500,16.2600,16.2500,16.2500,28200,458428.0000,3
2025-05-13,20250513144500000,sz.002732,16.2600,16.2600,16.2300,16.2300,107200,1741000.0000,3
2025-05-13,20250513145000000,sz.002732,16.2300,16.2400,16.2100,16.2100,70100,1137184.0000,3
2025-05-13,20250513145500000,sz.002732,16.2100,16.2200,16.2000,16.2100,65700,1064932.0000,3
2025-05-13,20250513150000000,sz.002732,16.2000,16.2300,16.2000,16.2200,87300,1415832.0000,3
2025-05-14,20250514093500000,sz.002732,16.2300,16.2500,16.0500,16.1000,142600,2300489.0000,3
2025-05-14,20250514094000000,sz.002732,16.0900,16.1200,16.0000,16.0100,314600,5045675.0000,3
2025-05-14,20250514094500000,sz.002732,16.0100,16.0500,16.0100,16.0200,209000,3348577.0000,3
2025-05-14,20250514095000000,sz.002732,16.0100,16.0100,15.9800,16.0000,190900,3054197.0000,3
2025-05-14,20250514095500000,sz.002732,16.0000,16.0200,16.0000,16.0100,116200,1859750.0000,3
2025-05-14,20250514100000000,sz.002732,16.0100,16.0400,16.0000,16.0100,128000,2049358.0000,3
2025-05-14,20250514100500000,sz.002732,16.0100,16.0200,16.0000,16.0100,76000,1216598.0000,3
2025-05-14,20250514101000000,sz.002732,16.0100,16.0200,15.9900,16.0000,64600,1033488.0000,3
2025-05-14,20250514101500000,sz.002732,16.0000,16.0000,15.9800,15.9900,143300,2291064.0000,3
2025-05-14,20250514102000000,sz.002732,15.9900,15.9900,15.9600,15.9900,84600,1351304.0000,3
2025-05-14,20250514102500000,sz.002732,15.9900,15.9900,15.9700,15.9700,34100,544940.0000,3
2025-05-14,20250514103000000,sz.002732,15.9700,16.0200,15.9700,16.0200,48200,770516.0000,3
2025-05-14,20250514103500000,sz.002732,16.0200,16.0400,16.0000,16.0400,11600,185824.0000,3
2025-05-14,20250514104000000,sz.002732,16.0300,16.0400,16.0100,16.0100,20900,334784.0000,3
2025-05-14,20250514104500000,sz.002732,16.0000,16.0300,16.0000,16.0100,32700,523522.0000,3
2025-05-14,20250514105000000,sz.002732,16.0100,16.0300,16.0100,16.0300,18700,299674.0000,3
2025-05-14,20250514105500000,sz.002732,16.0200,16.0300,16.0200,16.0300,33200,532160.0000,3
2025-05-14,20250514110000000,sz.002732,16.0300,16.0400,16.0200,16.0300,38400,615340.0000,3
2025-05-14,20250514110500000,sz.002732,16.0300,16.0300,16.0100,16.0200,29700,475592.0000,3
2025-05-14,20250514111000000,sz.002732,16.0400,16.0800,16.0100,16.0600,54200,869064.0000,3
2025-05-14,20250514111500000,sz.002732,16.0600,16.0600,16.0200,16.0400,25900,415272.0000,3
2025-05-14,20250514112000000,sz.002732,16.0400,16.0900,16.0400,16.0800,21000,337436.0000,3
2025-05-14,20250514112500000,sz.002732,16.0800,16.0800,16.0500,16.0700,11200,179906.0000,3
2025-05-14,20250514113000000,sz.002732,16.0700,16.0700,16.0400,16.0700,21800,349910.0000,3
2025-05-14,20250514130500000,sz.002732,16.0700,16.1000,16.0600,16.0800,56300,905468.0000,3
2025-05-14,20250514131000000,sz.002732,16.0900,16.1200,16.0800,16.1000,35500,571620.0000,3
2025-05-14,20250514131500000,sz.002732,16.1100,16.1300,16.1000,16.1200,45800,738076.0000,3
2025-05-14,20250514132000000,sz.002732,16.1100,16.1300,16.1100,16.1200,32700,527050.0000,3
2025-05-14,20250514132500000,sz.002732,16.1300,16.1400,16.1200,16.1400,51500,830450.0000,3
2025-05-14,20250514133000000,sz.002732,16.1400,16.1400,16.1300,16.1300,14000,225860.0000,3
2025-05-14,20250514133500000,sz.002732,16.1200,16.1300,16.1100,16.1200,67300,1084860.0000,3
2025-05-14,20250514134000000,sz.002732,16.1300,16.1700,16.1100,16.1500,67100,1082624.0000,3
2025-05-14,20250514134500000,sz.002732,16.1700,16.2000,16.1700,16.2000,59600,964888.0000,3
2025-05-14,20250514135000000,sz.002732,16.2000,16.2000,16.1700,16.1800,57400,928920.0000,3
2025-05-14,20250514135500000,sz.002732,16.1800,16.1800,16.1600,16.1600,34300,554508.0000,3
2025-05-14,20250514140000000,sz.002732,16.1600,16.1600,16.1500,16.1600,19800,319940.0000,3
2025-05-14,20250514140500000,sz.002732,16.1600,16.1700,16.1500,16.1500,37700,609120.0000,3
2025-05-14,20250514141000000,sz.002732,16.1600,16.1600,16.1300,16.1300,50200,810612.0000,3
2025-05-14,20250514141500000,sz.002732,16.1300,16.1400,16.1200,16.1400,28100,453268.0000,3
2025-05-14,20250514142000000,sz.002732,16.1300,16.1300,16.1200,16.1300,13000,209688.0000,3
2025-05-14,20250514142500000,sz.002732,16.1300,16.1500,16.1200,16.1500,23200,374256.0000,3
2025-05-14,20250514143000000,sz.002732,16.1400,16.1500,16.1200,16.1400,7800,125888.0000,3
2025-05-14,20250514143500000,sz.002732,16.1300,16.1600,16.1300,16.1400,13700,221220.0000,3
2025-05-14,20250514144000000,sz.002732,16.1500,16.1600,16.1400,16.1500,34400,555532.0000,3
2025-05-14,20250514144500000,sz.002732,16.1500,16.1600,16.1400,16.1500,32600,525928.0000,3
2025-05-14,20250514145000000,sz.002732,16.1600,16.1700,16.1500,16.1600,80700,1303636.0000,3
2025-05-14,20250514145500000,sz.002732,16.1600,16.1900,16.1400,16.1500,79900,1291680.0000,3
2025-05-14,20250514150000000,sz.002732,16.1500,16.1700,16.1500,16.1500,72800,1176048.0000,3
2025-05-15,20250515093500000,sz.002732,16.1900,16.2200,16.1500,16.1700,129200,2091515.0000,3
2025-05-15,20250515094000000,sz.002732,16.1600,16.1600,16.1000,16.1300,44800,722729.0000,3
2025-05-15,20250515094500000,sz.002732,16.1400,16.1500,16.0900,16.1100,73800,1189723.0000,3
2025-05-15,20250515095000000,sz.002732,16.1000,16.1200,16.0900,16.1000,69500,1119229.0000,3
2025-05-15,20250515095500000,sz.002732,16.0900,16.1700,16.0900,16.1700,49200,793480.0000,3
2025-05-15,20250515100000000,sz.002732,16.1800,16.2400,16.1700,16.2200,138000,2236464.0000,3
2025-05-15,20250515100500000,sz.002732,16.2200,16.2400,16.2000,16.2300,92300,1497096.0000,3
2025-05-15,20250515101000000,sz.002732,16.2300,16.2400,16.2100,16.2100,60200,976900.0000,3
2025-05-15,20250515101500000,sz.002732,16.2100,16.2800,16.2100,16.2700,211800,3442974.0000,3
2025-05-15,20250515102000000,sz.002732,16.2600,16.2700,16.2500,16.2600,89200,1450854.0000,3
2025-05-15,20250515102500000,sz.002732,16.2700,16.3100,16.2600,16.3000,196100,3193606.0000,3
2025-05-15,20250515103000000,sz.002732,16.3000,16.3100,16.2700,16.3100,68300,1112310.0000,3
2025-05-15,20250515103500000,sz.002732,16.3100,16.3300,16.3000,16.3300,97800,1596132.0000,3
2025-05-15,20250515104000000,sz.002732,16.3300,16.3400,16.3200,16.3200,60600,989520.0000,3
2025-05-15,20250515104500000,sz.002732,16.3200,16.3700,16.3200,16.3600,152600,2494936.0000,3
2025-05-15,20250515105000000,sz.002732,16.3500,16.3500,16.3200,16.3400,36700,599672.0000,3
2025-05-15,20250515105500000,sz.002732,16.3300,16.3600,16.3200,16.3200,47200,771768.0000,3
2025-05-15,20250515110000000,sz.002732,16.3200,16.3600,16.3000,16.3500,73800,1205468.0000,3
2025-05-15,20250515110500000,sz.002732,16.3400,16.3500,16.3300,16.3400,25400,415116.0000,3
2025-05-15,20250515111000000,sz.002732,16.3400,16.3400,16.3000,16.3000,27300,445264.0000,3
2025-05-15,20250515111500000,sz.002732,16.3000,16.3000,16.2700,16.2900,27400,446210.0000,3
2025-05-15,20250515112000000,sz.002732,16.2800,16.3500,16.2800,16.3500,61700,1007126.0000,3
2025-05-15,20250515112500000,sz.002732,16.3700,16.3900,16.3300,16.3700,228900,3746934.0000,3
2025-05-15,20250515113000000,sz.002732,16.3500,16.3600,16.3000,16.3300,123700,2019586.0000,3
2025-05-15,20250515130500000,sz.002732,16.3600,16.3800,16.3300,16.3300,109500,1790928.0000,3
2025-05-15,20250515131000000,sz.002732,16.3300,16.3500,16.3000,16.3000,58700,958236.0000,3
2025-05-15,20250515131500000,sz.002732,16.3000,16.3600,16.3000,16.3500,65500,1070104.0000,3
2025-05-15,20250515132000000,sz.002732,16.3600,16.3800,16.3300,16.3500,120900,1978988.0000,3
2025-05-15,20250515132500000,sz.002732,16.3400,16.3500,16.3100,16.3300,64300,1050476.0000,3
2025-05-15,20250515133000000,sz.002732,16.3100,16.3500,16.3100,16.3400,40200,656328.0000,3
2025-05-15,20250515133500000,sz.002732,16.3500,16.3700,16.3300,16.3400,106900,1748028.0000,3
2025-05-15,20250515134000000,sz.002732,16.3600,16.3800,16.3400,16.3700,90700,1483940.0000,3
2025-05-15,20250515134500000,sz.002732,16.3700,16.3900,16.3500,16.3500,66500,1089072.0000,3
2025-05-15,20250515135000000,sz.002732,16.3600,16.3700,16.3400,16.3700,42700,698128.0000,3
2025-05-15,20250515135500000,sz.002732,16.3700,16.3700,16.3400,16.3600,40400,660640.0000,3
2025-05-15,20250515140000000,sz.002732,16.3500,16.3600,16.3400,16.3500,11200,183132.0000,3
2025-05-15,20250515140500000,sz.002732,16.3400,16.3500,16.3200,16.3200,87000,1421028.0000,3
2025-05-15,20250515141000000,sz.002732,16.3400,16.3600,16.3300,16.3500,38200,624352.0000,3
2025-05-15,20250515141500000,sz.002732,16.3500,16.3500,16.3300,16.3300,12200,199384.0000,3
2025-05-15,20250515142000000,sz.002732,16.3400,16.3500,16.3300,16.3500,48100,785760.0000,3
2025-05-15,20250515142500000,sz.002732,16.3500,16.3500,16.3400,16.3400,28200,460840.0000,3
2025-05-15,20250515143000000,sz.002732,16.3400,16.3400,16.3200,16.3400,63000,1030208.0000,3
2025-05-15,20250515143500000,sz.002732,16.3400,16.3500,16.3300,16.3500,60700,992124.0000,3
2025-05-15,20250515144000000,sz.002732,16.3500,16.3500,16.3300,16.3400,44200,722100.0000,3
2025-05-15,20250515144500000,sz.002732,16.3300,16.3300,16.3200,16.3200,51900,847464.0000,3
2025-05-15,20250515145000000,sz.002732,16.3200,16.3300,16.3200,16.3300,73400,1198288.0000,3
2025-05-15,20250515145500000,sz.002732,16.3300,16.3300,16.3200,16.3300,147900,2414472.0000,3
2025-05-15,20250515150000000,sz.002732,16.3300,16.3500,16.3200,16.3500,160100,2615964.0000,3
2025-05-16,20250516093500000,sz.002732,16.5000,16.7400,16.5000,16.5900,1446800,23986816.0000,3
2025-05-16,20250516094000000,sz.002732,16.6000,16.6300,16.5100,16.6200,552800,9166344.0000,3
2025-05-16,20250516094500000,sz.002732,16.6200,16.6200,16.4700,16.4700,309400,5114744.0000,3
2025-05-16,20250516095000000,sz.002732,16.4700,16.4900,16.4500,16.4800,146600,2414680.0000,3
2025-05-16,20250516095500000,sz.002732,16.4700,16.5000,16.4200,16.4300,162400,2674440.0000,3
2025-05-16,20250516100000000,sz.002732,16.4100,16.4700,16.4100,16.4500,92600,1522340.0000,3
2025-05-16,20250516100500000,sz.002732,16.4500,16.4600,16.4100,16.4200,105500,1733132.0000,3
2025-05-16,20250516101000000,sz.002732,16.4300,16.4400,16.4200,16.4300,74800,1228392.0000,3
2025-05-16,20250516101500000,sz.002732,16.4100,16.4200,16.3300,16.3400,275700,4513452.0000,3
2025-05-16,20250516102000000,sz.002732,16.3400,16.3500,16.3200,16.3300,151900,2482028.0000,3
2025-05-16,20250516102500000,sz.002732,16.3300,16.3400,16.3200,16.3300,69900,1141388.0000,3
2025-05-16,20250516103000000,sz.002732,16.3200,16.3300,16.3100,16.3200,54100,882800.0000,3
2025-05-16,20250516103500000,sz.002732,16.3100,16.3500,16.3100,16.3400,48200,787156.0000,3
2025-05-16,20250516104000000,sz.002732,16.3500,16.3600,16.3200,16.3200,66000,1077904.0000,3
2025-05-16,20250516104500000,sz.002732,16.3200,16.3400,16.3200,16.3400,50400,822756.0000,3
2025-05-16,20250516105000000,sz.002732,16.3400,16.3400,16.3200,16.3300,63300,1033712.0000,3
2025-05-16,20250516105500000,sz.002732,16.3400,16.3400,16.3200,16.3400,68000,1110540.0000,3
2025-05-16,20250516110000000,sz.002732,16.3400,16.3600,16.3300,16.3600,32600,532780.0000,3
2025-05-16,20250516110500000,sz.002732,16.3600,16.3800,16.3500,16.3500,66700,1091716.0000,3
2025-05-16,20250516111000000,sz.002732,16.3400,16.3400,16.3300,16.3300,71400,1167088.0000,3
2025-05-16,20250516111500000,sz.002732,16.3400,16.3400,16.3200,16.3300,20700,338060.0000,3
2025-05-16,20250516112000000,sz.002732,16.3300,16.3400,16.3200,16.3300,18900,308700.0000,3
2025-05-16,20250516112500000,sz.002732,16.3400,16.3400,16.3300,16.3400,30300,495028.0000,3
2025-05-16,20250516113000000,sz.002732,16.3400,16.3500,16.3300,16.3400,34200,558852.0000,3
2025-05-16,20250516130500000,sz.002732,16.3400,16.4000,16.3400,16.4000,81300,1330752.0000,3
2025-05-16,20250516131000000,sz.002732,16.4100,16.4400,16.4000,16.4100,41100,675096.0000,3
2025-05-16,20250516131500000,sz.002732,16.4100,16.4200,16.3800,16.4200,56200,922072.0000,3
2025-05-16,20250516132000000,sz.002732,16.4300,16.4400,16.4100,16.4200,32300,530640.0000,3
2025-05-16,20250516132500000,sz.002732,16.4200,16.4200,16.4000,16.4100,53600,879856.0000,3
2025-05-16,20250516133000000,sz.002732,16.4100,16.4100,16.4000,16.4000,18400,301856.0000,3
2025-05-16,20250516133500000,sz.002732,16.4000,16.4100,16.3900,16.3900,18700,306632.0000,3
2025-05-16,20250516134000000,sz.002732,16.3900,16.4200,16.3800,16.4200,43600,715144.0000,3
2025-05-16,20250516134500000,sz.002732,16.4200,16.4200,16.4000,16.4100,21100,346336.0000,3
2025-05-16,20250516135000000,sz.002732,16.4100,16.4200,16.3900,16.4000,55200,905656.0000,3
2025-05-16,20250516135500000,sz.002732,16.4000,16.4500,16.4000,16.4500,47700,783512.0000,3
2025-05-16,20250516140000000,sz.002732,16.4500,16.4500,16.4300,16.4300,66700,1096480.0000,3
2025-05-16,20250516140500000,sz.002732,16.4300,16.4500,16.4200,16.4500,40100,659232.0000,3
2025-05-16,20250516141000000,sz.002732,16.4600,16.4600,16.4300,16.4500,48100,790816.0000,3
2025-05-16,20250516141500000,sz.002732,16.4500,16.4600,16.4100,16.4100,63200,1038392.0000,3
2025-05-16,20250516142000000,sz.002732,16.4200,16.4400,16.4100,16.4400,51700,849336.0000,3
2025-05-16,20250516142500000,sz.002732,16.4400,16.4500,16.4300,16.4300,28200,463584.0000,3
2025-05-16,20250516143000000,sz.002732,16.4300,16.4400,16.4200,16.4400,10500,172560.0000,3
2025-05-16,20250516143500000,sz.002732,16.4300,16.4500,16.4300,16.4400,40100,659184.0000,3
2025-05-16,20250516144000000,sz.002732,16.4400,16.4500,16.4200,16.4300,57300,941528.0000,3
2025-05-16,20250516144500000,sz.002732,16.4300,16.4300,16.4200,16.4200,58600,962568.0000,3
2025-05-16,20250516145000000,sz.002732,16.4300,16.4300,16.4100,16.4100,59200,972200.0000,3
2025-05-16,20250516145500000,sz.002732,16.4100,16.4200,16.4000,16.4100,96500,1584016.0000,3
2025-05-16,20250516150000000,sz.002732,16.4100,16.4200,16.4000,16.4100,123100,2020176.0000,3
2025-05-19,20250519093500000,sz.002732,16.3300,16.5200,16.3300,16.5000,351900,5778829.0000,3
2025-05-19,20250519094000000,sz.002732,16.5000,16.5300,16.4600,16.5200,244000,4023523.0000,3
2025-05-19,20250519094500000,sz.002732,16.5200,16.7300,16.5000,16.6000,434800,7221972.0000,3
2025-05-19,20250519095000000,sz.002732,16.5800,16.6900,16.5800,16.6700,258900,4310600.0000,3
2025-05-19,20250519095500000,sz.002732,16.6700,16.6700,16.5800,16.6000,199200,3310052.0000,3
2025-05-19,20250519100000000,sz.002732,16.6100,16.6200,16.5700,16.5900,115200,1912172.0000,3
2025-05-19,20250519100500000,sz.002732,16.5900,16.6500,16.5600,16.6500,161500,2682904.0000,3
2025-05-19,20250519101000000,sz.002732,16.6500,16.6600,16.6300,16.6400,55000,915462.0000,3
2025-05-19,20250519101500000,sz.002732,16.6400,16.6500,16.6200,16.6400,61700,1026646.0000,3
2025-05-19,20250519102000000,sz.002732,16.6500,16.6700,16.6400,16.6500,104800,1745630.0000,3
2025-05-19,20250519102500000,sz.002732,16.6500,16.6500,16.6100,16.6100,71700,1192558.0000,3
2025-05-19,20250519103000000,sz.002732,16.6100,16.6200,16.5800,16.6000,48600,806664.0000,3
2025-05-19,20250519103500000,sz.002732,16.6000,16.6300,16.6000,16.6200,22700,377068.0000,3
2025-05-19,20250519104000000,sz.002732,16.6100,16.6400,16.6000,16.6400,93600,1554832.0000,3
2025-05-19,20250519104500000,sz.002732,16.6300,16.6500,16.6300,16.6400,45900,763788.0000,3
2025-05-19,20250519105000000,sz.002732,16.6400,16.6500,16.6200,16.6300,14600,242848.0000,3
2025-05-19,20250519105500000,sz.002732,16.6300,16.6800,16.6300,16.6700,96200,1602740.0000,3
2025-05-19,20250519110000000,sz.002732,16.6700,16.6800,16.6600,16.6700,42500,708424.0000,3
2025-05-19,20250519110500000,sz.002732,16.6700,16.7000,16.6700,16.7000,114500,1910872.0000,3
2025-05-19,20250519111000000,sz.002732,16.7000,16.7000,16.6700,16.6800,40400,674048.0000,3
2025-05-19,20250519111500000,sz.002732,16.6800,16.7000,16.6700,16.6900,47500,792716.0000,3
2025-05-19,20250519112000000,sz.002732,16.6900,16.7000,16.6600,16.6800,54900,916076.0000,3
2025-05-19,20250519112500000,sz.002732,16.6900,16.6900,16.6700,16.6700,17600,293488.0000,3
2025-05-19,20250519113000000,sz.002732,16.6700,16.6800,16.6400,16.6700,45600,759432.0000,3
2025-05-19,20250519130500000,sz.002732,16.6700,16.7000,16.6600,16.7000,80200,1338248.0000,3
2025-05-19,20250519131000000,sz.002732,16.7000,16.8000,16.7000,16.7500,268000,4490696.0000,3
2025-05-19,20250519131500000,sz.002732,16.7700,16.8400,16.7700,16.8000,276000,4638596.0000,3
2025-05-19,20250519132000000,sz.002732,16.8000,16.8900,16.8000,16.8600,257300,4334280.0000,3
2025-05-19,20250519132500000,sz.002732,16.8700,16.8800,16.8300,16.8300,162700,2742232.0000,3
2025-05-19,20250519133000000,sz.002732,16.8200,16.8400,16.8100,16.8300,56700,953740.0000,3
2025-05-19,20250519133500000,sz.002732,16.8100,16.8500,16.8000,16.8500,65400,1100176.0000,3
2025-05-19,20250519134000000,sz.002732,16.8400,16.8700,16.8300,16.8400,66400,1118936.0000,3
2025-05-19,20250519134500000,sz.002732,16.8400,16.8800,16.8400,16.8700,53400,900224.0000,3
2025-05-19,20250519135000000,sz.002732,16.8700,16.9200,16.8700,16.9200,207700,3509232.0000,3
2025-05-19,20250519135500000,sz.002732,16.9200,16.9600,16.9200,16.9300,138900,2353304.0000,3
2025-05-19,20250519140000000,sz.002732,16.9200,16.9300,16.8600,16.8600,121700,2055408.0000,3
2025-05-19,20250519140500000,sz.002732,16.8600,16.9200,16.8600,16.9200,124500,2104432.0000,3
2025-05-19,20250519141000000,sz.002732,16.9200,16.9300,16.9000,16.9100,68900,1165280.0000,3
2025-05-19,20250519141500000,sz.002732,16.9100,16.9400,16.9000,16.9300,81900,1385928.0000,3
2025-05-19,20250519142000000,sz.002732,16.9400,16.9400,16.9200,16.9300,59400,1005360.0000,3
2025-05-19,20250519142500000,sz.002732,16.9200,16.9600,16.9200,16.9500,117400,1989472.0000,3
2025-05-19,20250519143000000,sz.002732,16.9500,16.9700,16.9400,16.9600,128200,2174136.0000,3
2025-05-19,20250519143500000,sz.002732,16.9700,17.0200,16.9700,17.0000,299700,5093280.0000,3
2025-05-19,20250519144000000,sz.002732,17.0000,17.0300,16.9500,16.9500,277900,4725928.0000,3
2025-05-19,20250519144500000,sz.002732,16.9500,16.9700,16.9300,16.9300,216400,3669008.0000,3
2025-05-19,20250519145000000,sz.002732,16.9400,16.9700,16.9300,16.9600,146800,2489512.0000,3
2025-05-19,20250519145500000,sz.002732,16.9700,16.9700,16.9300,16.9400,242600,4111720.0000,3
2025-05-19,20250519150000000,sz.002732,16.9300,16.9600,16.9200,16.9400,242100,4100768.0000,3
2025-05-20,20250520093500000,sz.002732,16.9700,17.0800,16.8800,16.8800,474900,8060313.0000,3
2025-05-20,20250520094000000,sz.002732,16.8900,17.0400,16.8900,17.0000,293200,4969764.0000,3
2025-05-20,20250520094500000,sz.002732,16.9900,17.0600,16.9700,17.0300,254700,4337019.0000,3
2025-05-20,20250520095000000,sz.002732,17.0500,17.0800,17.0300,17.0400,188000,3206328.0000,3
2025-05-20,20250520095500000,sz.002732,17.0300,17.0400,16.9000,16.9300,195200,3310010.0000,3
2025-05-20,20250520100000000,sz.002732,16.9300,16.9300,16.8500,16.8500,175800,2970146.0000,3
2025-05-20,20250520100500000,sz.002732,16.8500,16.8800,16.8200,16.8800,151600,2554440.0000,3
2025-05-20,20250520101000000,sz.002732,16.8600,16.8800,16.8300,16.8800,114800,1934548.0000,3
2025-05-20,20250520101500000,sz.002732,16.8700,16.8800,16.8400,16.8700,89500,1509012.0000,3
2025-05-20,20250520102000000,sz.002732,16.8700,16.8800,16.8500,16.8700,63700,1074328.0000,3
2025-05-20,20250520102500000,sz.002732,16.8700,16.8700,16.8400,16.8400,49200,829056.0000,3
2025-05-20,20250520103000000,sz.002732,16.8400,16.9000,16.8100,16.8800,202000,3404076.0000,3
2025-05-20,20250520103500000,sz.002732,16.8600,16.9700,16.8600,16.9600,179300,3032688.0000,3
2025-05-20,20250520104000000,sz.002732,16.9700,16.9900,16.9600,16.9900,47300,803000.0000,3
2025-05-20,20250520104500000,sz.002732,16.9900,16.9900,16.9700,16.9800,86000,1460248.0000,3
2025-05-20,20250520105000000,sz.002732,16.9800,17.0500,16.9800,17.0200,105900,1802232.0000,3
2025-05-20,20250520105500000,sz.002732,17.0200,17.0600,17.0100,17.0400,94100,1603236.0000,3
2025-05-20,20250520110000000,sz.002732,17.0400,17.0400,17.0000,17.0200,36600,622980.0000,3
2025-05-20,20250520110500000,sz.002732,17.0200,17.0300,17.0000,17.0200,60400,1027640.0000,3
2025-05-20,20250520111000000,sz.002732,17.0200,17.0500,17.0100,17.0500,58300,993028.0000,3
2025-05-20,20250520111500000,sz.002732,17.0400,17.0700,17.0300,17.0700,70100,1195332.0000,3
2025-05-20,20250520112000000,sz.002732,17.0700,17.0900,17.0200,17.0700,118100,2015080.0000,3
2025-05-20,20250520112500000,sz.002732,17.0600,17.0600,17.0200,17.0400,28400,484080.0000,3
2025-05-20,20250520113000000,sz.002732,17.0100,17.0700,17.0100,17.0600,29700,506044.0000,3
2025-05-20,20250520130500000,sz.002732,17.0600,17.0900,17.0400,17.0700,81900,1397384.0000,3
2025-05-20,20250520131000000,sz.002732,17.0700,17.0800,17.0300,17.0600,64700,1103108.0000,3
2025-05-20,20250520131500000,sz.002732,17.0600,17.0600,17.0400,17.0500,40600,692200.0000,3
2025-05-20,20250520132000000,sz.002732,17.0400,17.0400,17.0100,17.0100,49700,845872.0000,3
2025-05-20,20250520132500000,sz.002732,17.0100,17.0200,17.0000,17.0000,58100,987996.0000,3
2025-05-20,20250520133000000,sz.002732,17.0000,17.0200,16.9900,17.0100,49300,838452.0000,3
2025-05-20,20250520133500000,sz.002732,17.0200,17.0300,17.0000,17.0000,88700,1508924.0000,3
2025-05-20,20250520134000000,sz.002732,17.0100,17.0200,17.0100,17.0200,34300,583508.0000,3
2025-05-20,20250520134500000,sz.002732,17.0100,17.0100,16.9900,16.9900,42200,717488.0000,3
2025-05-20,20250520135000000,sz.002732,16.9900,17.0100,16.9900,16.9900,33300,566100.0000,3
2025-05-20,20250520135500000,sz.002732,16.9900,17.0000,16.9700,16.9700,46100,783016.0000,3
2025-05-20,20250520140000000,sz.002732,16.9700,16.9900,16.9600,16.9900,62100,1054328.0000,3
2025-05-20,20250520140500000,sz.002732,16.9800,16.9900,16.9700,16.9700,31600,536700.0000,3
2025-05-20,20250520141000000,sz.002732,16.9800,16.9900,16.9600,16.9700,55100,934820.0000,3
2025-05-20,20250520141500000,sz.002732,16.9700,16.9800,16.9600,16.9600,58000,984580.0000,3
2025-05-20,20250520142000000,sz.002732,16.9600,16.9700,16.9400,16.9400,66000,1118592.0000,3
2025-05-20,20250520142500000,sz.002732,16.9500,16.9500,16.9300,16.9400,80100,1357064.0000,3
2025-05-20,20250520143000000,sz.002732,16.9500,16.9600,16.9400,16.9600,68900,1167680.0000,3
2025-05-20,20250520143500000,sz.002732,16.9600,16.9700,16.9500,16.9600,81800,1387200.0000,3
2025-05-20,20250520144000000,sz.002732,16.9600,16.9800,16.9600,16.9600,55200,936552.0000,3
2025-05-20,20250520144500000,sz.002732,16.9700,16.9700,16.9500,16.9500,80000,1356584.0000,3
2025-05-20,20250520145000000,sz.002732,16.9600,16.9900,16.9600,16.9900,143100,2429944.0000,3
2025-05-20,20250520145500000,sz.002732,16.9800,17.0000,16.9800,17.0000,123200,2092880.0000,3
2025-05-20,20250520150000000,sz.002732,17.0000,17.0100,16.9900,17.0000,119000,2022888.0000,3
2025-05-21,20250521093500000,sz.002732,16.9100,17.3800,16.9100,17.3200,1068200,18340220.0000,3
2025-05-21,20250521094000000,sz.002732,17.3000,17.4100,17.2300,17.2600,709600,12292980.0000,3
2025-05-21,20250521094500000,sz.002732,17.2700,17.2700,17.1000,17.1400,322100,5528808.0000,3
2025-05-21,20250521095000000,sz.002732,17.1300,17.1900,17.1000,17.1500,149300,2560240.0000,3
2025-05-21,20250521095500000,sz.002732,17.1400,17.1500,17.0500,17.0600,136800,2337192.0000,3
2025-05-21,20250521100000000,sz.002732,17.0600,17.0900,17.0100,17.0100,173200,2950924.0000,3
2025-05-21,20250521100500000,sz.002732,17.0100,17.0300,16.9900,17.0200,102100,1736336.0000,3
2025-05-21,20250521101000000,sz.002732,17.0100,17.0200,16.9600,16.9600,166300,2823672.0000,3
2025-05-21,20250521101500000,sz.002732,16.9700,16.9800,16.9100,16.9100,208300,3530100.0000,3
2025-05-21,20250521102000000,sz.002732,16.9100,16.9500,16.9000,16.9100,105700,1788208.0000,3
2025-05-21,20250521102500000,sz.002732,16.9100,17.0500,16.9100,17.0400,143400,2432112.0000,3
2025-05-21,20250521103000000,sz.002732,17.0400,17.0700,17.0200,17.0700,50300,857388.0000,3
2025-05-21,20250521103500000,sz.002732,17.0400,17.0400,16.9600,16.9800,248200,4224268.0000,3
2025-05-21,20250521104000000,sz.002732,16.9700,16.9900,16.9300,16.9600,105000,1780692.0000,3
2025-05-21,20250521104500000,sz.002732,16.9500,16.9600,16.9400,16.9600,79000,1338588.0000,3
2025-05-21,20250521105000000,sz.002732,16.9600,16.9700,16.9200,16.9300,65900,1116368.0000,3
2025-05-21,20250521105500000,sz.002732,16.9100,16.9100,16.8700,16.8700,103200,1742688.0000,3
2025-05-21,20250521110000000,sz.002732,16.8800,16.9200,16.8800,16.9100,142800,2412448.0000,3
2025-05-21,20250521110500000,sz.002732,16.9200,16.9800,16.9100,16.9600,67200,1138744.0000,3
2025-05-21,20250521111000000,sz.002732,16.9700,16.9800,16.9400,16.9500,29500,500616.0000,3
2025-05-21,20250521111500000,sz.002732,16.9500,16.9700,16.9400,16.9500,24100,408504.0000,3
2025-05-21,20250521112000000,sz.002732,16.9400,17.0100,16.9400,17.0100,35900,608936.0000,3
2025-05-21,20250521112500000,sz.002732,17.0100,17.0200,16.9800,16.9800,11700,198872.0000,3
2025-05-21,20250521113000000,sz.002732,16.9800,16.9900,16.9600,16.9900,22200,376856.0000,3
2025-05-21,20250521130500000,sz.002732,16.9900,16.9900,16.9300,16.9400,55200,935624.0000,3
2025-05-21,20250521131000000,sz.002732,16.9400,16.9700,16.9200,16.9600,19500,330280.0000,3
2025-05-21,20250521131500000,sz.002732,16.9600,16.9700,16.9500,16.9600,20200,342472.0000,3
2025-05-21,20250521132000000,sz.002732,16.9500,16.9800,16.9500,16.9500,32300,547872.0000,3
2025-05-21,20250521132500000,sz.002732,16.9500,16.9500,16.9300,16.9400,26800,454064.0000,3
2025-05-21,20250521133000000,sz.002732,16.9400,16.9700,16.9400,16.9600,22100,374680.0000,3
2025-05-21,20250521133500000,sz.002732,16.9600,16.9700,16.9500,16.9500,10100,171328.0000,3
2025-05-21,20250521134000000,sz.002732,16.9700,16.9700,16.9300,16.9400,19500,330512.0000,3
2025-05-21,20250521134500000,sz.002732,16.9500,16.9600,16.9300,16.9600,16900,286328.0000,3
2025-05-21,20250521135000000,sz.002732,16.9600,16.9600,16.9500,16.9600,9200,155984.0000,3
2025-05-21,20250521135500000,sz.002732,16.9500,16.9500,16.9100,16.9300,69000,1168320.0000,3
2025-05-21,20250521140000000,sz.002732,16.9200,16.9400,16.9000,16.9400,43800,741056.0000,3
2025-05-21,20250521140500000,sz.002732,16.9400,16.9400,16.9000,16.9200,49600,839216.0000,3
2025-05-21,20250521141000000,sz.002732,16.9200,16.9200,16.8900,16.8900,28500,481720.0000,3
2025-05-21,20250521141500000,sz.002732,16.8900,16.9000,16.8700,16.8900,59900,1011288.0000,3
2025-05-21,20250521142000000,sz.002732,16.8900,16.9000,16.8600,16.9000,59300,1001064.0000,3
2025-05-21,20250521142500000,sz.002732,16.9000,16.9200,16.8800,16.9000,53100,897072.0000,3
2025-05-21,20250521143000000,sz.002732,16.9500,16.9500,16.9000,16.9200,24600,416136.0000,3
2025-05-21,20250521143500000,sz.002732,16.9300,16.9400,16.9000,16.9200,44000,744104.0000,3
2025-05-21,20250521144000000,sz.002732,16.9200,16.9300,16.9100,16.9300,26300,445016.0000,3
2025-05-21,20250521144500000,sz.002732,16.9100,16.9400,16.9100,16.9400,45100,763304.0000,3
2025-05-21,20250521145000000,sz.002732,16.9300,16.9400,16.8900,16.8900,99400,1681744.0000,3
2025-05-21,20250521145500000,sz.002732,16.9000,16.9100,16.8500,16.8600,122300,2063608.0000,3
2025-05-21,20250521150000000,sz.002732,16.8600,16.8800,16.8500,16.8700,148900,2511456.0000,3
2025-05-22,20250522093500000,sz.002732,16.7500,16.9900,16.7500,16.8900,260500,4402199.0000,3
2025-05-22,20250522094000000,sz.002732,16.8900,16.9900,16.8800,16.9700,122000,2064798.0000,3
2025-05-22,20250522094500000,sz.002732,16.9700,16.9700,16.9200,16.9300,80500,1363834.0000,3
2025-05-22,20250522095000000,sz.002732,16.9200,16.9500,16.8200,16.8300,113800,1922267.0000,3
2025-05-22,20250522095500000,sz.002732,16.8200,16.8700,16.7800,16.7800,77500,1303814.0000,3
2025-05-22,20250522100000000,sz.002732,16.7900,16.7900,16.7000,16.7200,235700,3943118.0000,3
2025-05-22,20250522100500000,sz.002732,16.7300,16.7700,16.7300,16.7500,83200,1392731.0000,3
2025-05-22,20250522101000000,sz.002732,16.7600,16.7600,16.7000,16.7000,84600,1414559.0000,3
2025-05-22,20250522101500000,sz.002732,16.7200,16.7200,16.6800,16.6900,77200,1288960.0000,3
2025-05-22,20250522102000000,sz.002732,16.6800,16.6900,16.6500,16.6700,105600,1760332.0000,3
2025-05-22,20250522102500000,sz.002732,16.6600,16.6900,16.6500,16.6600,95300,1588060.0000,3
2025-05-22,20250522103000000,sz.002732,16.6600,16.6900,16.6500,16.6800,32600,543166.0000,3
2025-05-22,20250522103500000,sz.002732,16.6800,16.6800,16.6600,16.6800,59900,998262.0000,3
2025-05-22,20250522104000000,sz.002732,16.6800,16.6900,16.6600,16.6700,46000,767032.0000,3
2025-05-22,20250522104500000,sz.002732,16.6600,16.6600,16.6100,16.6200,116300,1934264.0000,3
2025-05-22,20250522105000000,sz.002732,16.6200,16.6200,16.5500,16.5700,107200,1777994.0000,3
2025-05-22,20250522105500000,sz.002732,16.5500,16.5500,16.5100,16.5100,161300,2665812.0000,3
2025-05-22,20250522110000000,sz.002732,16.5200,16.5500,16.5000,16.5000,96300,1590578.0000,3
2025-05-22,20250522110500000,sz.002732,16.5000,16.5000,16.4100,16.5000,136800,2251956.0000,3
2025-05-22,20250522111000000,sz.002732,16.4900,16.5100,16.4700,16.5100,69200,1141032.0000,3
2025-05-22,20250522111500000,sz.002732,16.5100,16.5300,16.4700,16.4700,74900,1236336.0000,3
2025-05-22,20250522112000000,sz.002732,16.4600,16.5100,16.4600,16.4900,31500,518948.0000,3
2025-05-22,20250522112500000,sz.002732,16.4800,16.5000,16.4700,16.4800,38500,634572.0000,3
2025-05-22,20250522113000000,sz.002732,16.4900,16.5700,16.4800,16.5700,51400,849792.0000,3
2025-05-22,20250522130500000,sz.002732,16.5700,16.6100,16.5500,16.5900,53700,890204.0000,3
2025-05-22,20250522131000000,sz.002732,16.5900,16.6500,16.5800,16.6400,57100,948644.0000,3
2025-05-22,20250522131500000,sz.002732,16.6500,16.6500,16.6000,16.6000,17000,282436.0000,3
2025-05-22,20250522132000000,sz.002732,16.5900,16.6200,16.5800,16.6000,25000,415180.0000,3
2025-05-22,20250522132500000,sz.002732,16.5900,16.6100,16.5700,16.5800,21000,348252.0000,3
2025-05-22,20250522133000000,sz.002732,16.6000,16.6000,16.5700,16.5700,17300,287060.0000,3
2025-05-22,20250522133500000,sz.002732,16.5900,16.6000,16.5700,16.6000,55300,917128.0000,3
2025-05-22,20250522134000000,sz.002732,16.6000,16.6000,16.5900,16.6000,13700,227412.0000,3
2025-05-22,20250522134500000,sz.002732,16.5900,16.6000,16.5700,16.5900,12000,199076.0000,3
2025-05-22,20250522135000000,sz.002732,16.5700,16.5800,16.5400,16.5400,40800,674976.0000,3
2025-05-22,20250522135500000,sz.002732,16.5400,16.5600,16.5300,16.5400,7900,130632.0000,3
2025-05-22,20250522140000000,sz.002732,16.5500,16.5700,16.5400,16.5400,19200,317912.0000,3
2025-05-22,20250522140500000,sz.002732,16.5700,16.5700,16.5400,16.5400,12700,210256.0000,3
2025-05-22,20250522141000000,sz.002732,16.5400,16.5400,16.5200,16.5200,23100,381968.0000,3
2025-05-22,20250522141500000,sz.002732,16.5200,16.5300,16.5200,16.5200,28100,464224.0000,3
2025-05-22,20250522142000000,sz.002732,16.5300,16.5300,16.5100,16.5200,27400,452456.0000,3
2025-05-22,20250522142500000,sz.002732,16.5200,16.5500,16.5200,16.5300,40000,661320.0000,3
2025-05-22,20250522143000000,sz.002732,16.5300,16.5300,16.5100,16.5200,40100,662448.0000,3
2025-05-22,20250522143500000,sz.002732,16.5200,16.5300,16.4900,16.5100,77100,1272600.0000,3
2025-05-22,20250522144000000,sz.002732,16.5100,16.5300,16.5100,16.5100,96100,1587072.0000,3
2025-05-22,20250522144500000,sz.002732,16.5100,16.5200,16.4900,16.5100,71200,1175228.0000,3
2025-05-22,20250522145000000,sz.002732,16.5100,16.5200,16.4900,16.5100,116100,1915716.0000,3
2025-05-22,20250522145500000,sz.002732,16.5100,16.5100,16.4800,16.5000,91300,1506032.0000,3
2025-05-22,20250522150000000,sz.002732,16.5000,16.5100,16.4800,16.4800,104400,1722248.0000,3
2025-05-23,20250523093500000,sz.002732,16.5000,16.5200,16.4200,16.4600,129000,2125740.0000,3
2025-05-23,20250523094000000,sz.002732,16.4500,16.4500,16.3400,16.3700,193700,3172922.0000,3
2025-05-23,20250523094500000,sz.002732,16.3800,16.3800,16.3300,16.3800,115200,1883404.0000,3
2025-05-23,20250523095000000,sz.002732,16.3800,16.3800,16.3500,16.3600,51300,839434.0000,3
2025-05-23,20250523095500000,sz.002732,16.3700,16.4000,16.3300,16.3300,45800,749015.0000,3
2025-05-23,20250523100000000,sz.002732,16.3500,16.4300,16.3400,16.4100,60400,988833.0000,3
2025-05-23,20250523100500000,sz.002732,16.4100,16.4600,16.4100,16.4300,38400,631123.0000,3
2025-05-23,20250523101000000,sz.002732,16.4300,16.4500,16.4200,16.4300,26600,436905.0000,3
2025-05-23,20250523101500000,sz.002732,16.4300,16.4500,16.4100,16.4100,33300,547140.0000,3
2025-05-23,20250523102000000,sz.002732,16.4000,16.4200,16.3800,16.3800,26900,441089.0000,3
2025-05-23,20250523102500000,sz.002732,16.3700,16.4300,16.3700,16.4200,33300,545970.0000,3
2025-05-23,20250523103000000,sz.002732,16.4000,16.4500,16.3900,16.4300,52800,867525.0000,3
2025-05-23,20250523103500000,sz.002732,16.4300,16.5000,16.4300,16.4600,32300,531861.0000,3
2025-05-23,20250523104000000,sz.002732,16.4500,16.4900,16.4500,16.4900,48200,794537.0000,3
2025-05-23,20250523104500000,sz.002732,16.4700,16.4700,16.4300,16.4400,27500,452444.0000,3
2025-05-23,20250523105000000,sz.002732,16.4400,16.4700,16.4300,16.4600,12600,207164.0000,3
2025-05-23,20250523105500000,sz.002732,16.4700,16.4800,16.4300,16.4500,48300,795123.0000,3
2025-05-23,20250523110000000,sz.002732,16.4200,16.4600,16.4100,16.4400,68500,1125731.0000,3
2025-05-23,20250523110500000,sz.002732,16.4500,16.4900,16.4500,16.4700,14500,238702.0000,3
2025-05-23,20250523111000000,sz.002732,16.4800,16.5000,16.4800,16.5000,11300,186384.0000,3
2025-05-23,20250523111500000,sz.002732,16.5000,16.5200,16.4700,16.5000,48300,796692.0000,3
2025-05-23,20250523112000000,sz.002732,16.5000,16.5100,16.4800,16.4900,35100,579050.0000,3
2025-05-23,20250523112500000,sz.002732,16.4800,16.4800,16.4600,16.4600,12100,199292.0000,3
2025-05-23,20250523113000000,sz.002732,16.4600,16.4800,16.4500,16.4600,13100,215620.0000,3
2025-05-23,20250523130500000,sz.002732,16.4600,16.4700,16.4100,16.4200,60500,995020.0000,3
2025-05-23,20250523131000000,sz.002732,16.4100,16.4100,16.4100,16.4100,12500,205128.0000,3
2025-05-23,20250523131500000,sz.002732,16.4100,16.4200,16.4100,16.4200,11500,188742.0000,3
2025-05-23,20250523132000000,sz.002732,16.4100,16.4400,16.4100,16.4300,27700,455002.0000,3
2025-05-23,20250523132500000,sz.002732,16.4300,16.4400,16.4000,16.4400,33200,544936.0000,3
2025-05-23,20250523133000000,sz.002732,16.4500,16.4500,16.4300,16.4300,9300,152860.0000,3
2025-05-23,20250523133500000,sz.002732,16.4300,16.4300,16.4200,16.4300,10200,167574.0000,3
2025-05-23,20250523134000000,sz.002732,16.4300,16.4300,16.4100,16.4100,17800,292270.0000,3
2025-05-23,20250523134500000,sz.002732,16.4100,16.4200,16.4100,16.4200,8600,141128.0000,3
2025-05-23,20250523135000000,sz.002732,16.4200,16.4200,16.3900,16.4100,32300,529776.0000,3
2025-05-23,20250523135500000,sz.002732,16.4000,16.4000,16.3900,16.4000,4900,80358.0000,3
2025-05-23,20250523140000000,sz.002732,16.4000,16.4100,16.3800,16.3800,32300,529594.0000,3
2025-05-23,20250523140500000,sz.002732,16.3800,16.3800,16.3100,16.3200,100300,1639636.0000,3
2025-05-23,20250523141000000,sz.002732,16.3300,16.3300,16.3000,16.3000,108400,1767964.0000,3
2025-05-23,20250523141500000,sz.002732,16.2700,16.3000,16.2600,16.2600,165000,2685882.0000,3
2025-05-23,20250523142000000,sz.002732,16.2600,16.2800,16.2500,16.2800,83600,1359994.0000,3
2025-05-23,20250523142500000,sz.002732,16.2800,16.3100,16.2700,16.2800,58900,959520.0000,3
2025-05-23,20250523143000000,sz.002732,16.2700,16.2900,16.2300,16.2300,55400,900908.0000,3
2025-05-23,20250523143500000,sz.002732,16.2300,16.2300,16.2000,16.2000,55500,899832.0000,3
2025-05-23,20250523144000000,sz.002732,16.2100,16.2300,16.2000,16.2300,93500,1515548.0000,3
2025-05-23,20250523144500000,sz.002732,16.2200,16.2600,16.2200,16.2600,66200,1074636.0000,3
2025-05-23,20250523145000000,sz.002732,16.2600,16.2600,16.2300,16.2500,90000,1462240.0000,3
2025-05-23,20250523145500000,sz.002732,16.2500,16.2700,16.2100,16.2100,160100,2599044.0000,3
2025-05-23,20250523150000000,sz.002732,16.2300,16.2500,16.2100,16.2400,60900,988564.0000,3
2025-05-26,20250526093500000,sz.002732,16.2100,16.3400,16.1500,16.2100,128300,2078390.0000,3
2025-05-26,20250526094000000,sz.002732,16.2200,16.2900,16.2100,16.2700,54300,883535.0000,3
2025-05-26,20250526094500000,sz.002732,16.2800,16.3000,16.2000,16.3000,69500,1129239.0000,3
2025-05-26,20250526095000000,sz.002732,16.2900,16.4100,16.2900,16.4100,330100,5392893.0000,3
2025-05-26,20250526095500000,sz.002732,16.4100,16.5400,16.3300,16.5200,225500,3712451.0000,3
2025-05-26,20250526100000000,sz.002732,16.5400,16.5700,16.4900,16.5100,125000,2066306.0000,3
2025-05-26,20250526100500000,sz.002732,16.5100,16.5800,16.4900,16.5800,156600,2590200.0000,3
2025-05-26,20250526101000000,sz.002732,16.5700,16.5700,16.5400,16.5600,77100,1276100.0000,3
2025-05-26,20250526101500000,sz.002732,16.5500,16.5600,16.4900,16.5100,35500,586966.0000,3
2025-05-26,20250526102000000,sz.002732,16.5100,16.5300,16.4800,16.5100,60600,1000470.0000,3
2025-05-26,20250526102500000,sz.002732,16.5100,16.5200,16.4900,16.5000,23100,381204.0000,3
2025-05-26,20250526103000000,sz.002732,16.5100,16.5100,16.4700,16.4700,21300,351268.0000,3
2025-05-26,20250526103500000,sz.002732,16.4600,16.5100,16.4600,16.5100,69100,1139710.0000,3
2025-05-26,20250526104000000,sz.002732,16.5200,16.5200,16.4700,16.5000,39700,655084.0000,3
2025-05-26,20250526104500000,sz.002732,16.4900,16.5000,16.4700,16.4700,26600,438448.0000,3
2025-05-26,20250526105000000,sz.002732,16.4700,16.4900,16.4500,16.4700,41300,680008.0000,3
2025-05-26,20250526105500000,sz.002732,16.4700,16.4800,16.4200,16.4300,28700,471980.0000,3
2025-05-26,20250526110000000,sz.002732,16.4200,16.4400,16.4100,16.4100,38800,637096.0000,3
2025-05-26,20250526110500000,sz.002732,16.4100,16.4100,16.4000,16.4100,19400,318322.0000,3
2025-05-26,20250526111000000,sz.002732,16.4000,16.4000,16.3800,16.3800,32200,527982.0000,3
2025-05-26,20250526111500000,sz.002732,16.3700,16.3700,16.3500,16.3500,18300,299358.0000,3
2025-05-26,20250526112000000,sz.002732,16.3200,16.3400,16.2900,16.3100,53400,871090.0000,3
2025-05-26,20250526112500000,sz.002732,16.3100,16.3100,16.2400,16.2500,38600,628192.0000,3
2025-05-26,20250526113000000,sz.002732,16.2500,16.2600,16.2500,16.2500,21000,341336.0000,3
2025-05-26,20250526130500000,sz.002732,16.2500,16.3700,16.2500,16.3700,58100,948220.0000,3
2025-05-26,20250526131000000,sz.002732,16.3700,16.5400,16.3600,16.4300,124400,2046300.0000,3
2025-05-26,20250526131500000,sz.002732,16.4300,16.4500,16.3900,16.4000,21800,357832.0000,3
2025-05-26,20250526132000000,sz.002732,16.4000,16.4200,16.3900,16.4100,23200,380682.0000,3
2025-05-26,20250526132500000,sz.002732,16.4200,16.4200,16.4000,16.4100,21100,346186.0000,3
2025-05-26,20250526133000000,sz.002732,16.4000,16.4200,16.4000,16.4000,57500,943180.0000,3
2025-05-26,20250526133500000,sz.002732,16.4000,16.4400,16.4000,16.4400,21400,351456.0000,3
2025-05-26,20250526134000000,sz.002732,16.4500,16.5200,16.4500,16.5100,40800,672524.0000,3
2025-05-26,20250526134500000,sz.002732,16.5100,16.5100,16.4800,16.4900,27400,452036.0000,3
2025-05-26,20250526135000000,sz.002732,16.4700,16.5500,16.4700,16.5200,47200,779400.0000,3
2025-05-26,20250526135500000,sz.002732,16.5200,16.5900,16.4900,16.5200,108900,1802236.0000,3
2025-05-26,20250526140000000,sz.002732,16.5200,16.5500,16.5000,16.5200,46100,761896.0000,3
2025-05-26,20250526140500000,sz.002732,16.5300,16.5600,16.5300,16.5600,77600,1283728.0000,3
2025-05-26,20250526141000000,sz.002732,16.5500,16.5500,16.5000,16.5200,32200,532264.0000,3
2025-05-26,20250526141500000,sz.002732,16.5100,16.5400,16.4900,16.5100,18600,307164.0000,3
2025-05-26,20250526142000000,sz.002732,16.4900,16.5000,16.4700,16.4700,9500,156540.0000,3
2025-05-26,20250526142500000,sz.002732,16.4700,16.4700,16.4500,16.4600,6300,103720.0000,3
2025-05-26,20250526143000000,sz.002732,16.4500,16.4600,16.4500,16.4500,9300,153052.0000,3
2025-05-26,20250526143500000,sz.002732,16.4600,16.4900,16.4600,16.4800,16500,271768.0000,3
2025-05-26,20250526144000000,sz.002732,16.4900,16.5500,16.4800,16.5400,69100,1142164.0000,3
2025-05-26,20250526144500000,sz.002732,16.5400,16.5400,16.5000,16.5200,45100,745460.0000,3
2025-05-26,20250526145000000,sz.002732,16.5200,16.5700,16.5200,16.5300,101000,1671368.0000,3
2025-05-26,20250526145500000,sz.002732,16.5300,16.5500,16.5200,16.5300,81600,1348800.0000,3
2025-05-26,20250526150000000,sz.002732,16.5400,16.5600,16.5200,16.5600,107700,1782820.0000,3
2025-05-27,20250527093500000,sz.002732,16.8900,17.2000,16.8900,17.0000,1387400,23549636.0000,3
2025-05-27,20250527094000000,sz.002732,16.9900,17.3000,16.9600,17.1900,840100,14394276.0000,3
2025-05-27,20250527094500000,sz.002732,17.1500,17.1800,17.0800,17.1400,439700,7534192.0000,3
2025-05-27,20250527095000000,sz.002732,17.1300,17.1300,17.0000,17.0500,365800,6238248.0000,3
2025-05-27,20250527095500000,sz.002732,17.0600,17.0600,17.0000,17.0300,125200,2131408.0000,3
2025-05-27,20250527100000000,sz.002732,17.0300,17.1100,17.0100,17.1000,161800,2760424.0000,3
2025-05-27,20250527100500000,sz.002732,17.1100,17.1700,17.0400,17.1200,230500,3945976.0000,3
2025-05-27,20250527101000000,sz.002732,17.1200,17.1500,17.1200,17.1300,134100,2298204.0000,3
2025-05-27,20250527101500000,sz.002732,17.1300,17.1500,17.1000,17.1200,158200,2706180.0000,3
2025-05-27,20250527102000000,sz.002732,17.1200,17.1200,17.0900,17.0900,148700,2542296.0000,3
2025-05-27,20250527102500000,sz.002732,17.0900,17.1000,17.0400,17.0500,162700,2778728.0000,3
2025-05-27,20250527103000000,sz.002732,17.0400,17.0900,17.0400,17.0800,98600,1681432.0000,3
2025-05-27,20250527103500000,sz.002732,17.0900,17.1500,17.0900,17.1100,163000,2789496.0000,3
2025-05-27,20250527104000000,sz.002732,17.1200,17.1600,17.1200,17.1300,232300,3980912.0000,3
2025-05-27,20250527104500000,sz.002732,17.1400,17.1500,17.1300,17.1500,153100,2624088.0000,3
2025-05-27,20250527105000000,sz.002732,17.1500,17.1600,17.0900,17.1200,111400,1905720.0000,3
2025-05-27,20250527105500000,sz.002732,17.1200,17.1600,17.1000,17.1500,98200,1682528.0000,3
2025-05-27,20250527110000000,sz.002732,17.1500,17.1600,17.1100,17.1100,83000,1422728.0000,3
2025-05-27,20250527110500000,sz.002732,17.1100,17.1100,17.0600,17.1100,97200,1661256.0000,3
2025-05-27,20250527111000000,sz.002732,17.1000,17.1000,17.0700,17.0800,14700,251072.0000,3
2025-05-27,20250527111500000,sz.002732,17.0800,17.0800,17.0600,17.0700,22000,375664.0000,3
2025-05-27,20250527112000000,sz.002732,17.0600,17.0700,17.0400,17.0400,98700,1682456.0000,3
2025-05-27,20250527112500000,sz.002732,17.0500,17.0600,17.0400,17.0400,50600,862472.0000,3
2025-05-27,20250527113000000,sz.002732,17.0500,17.0900,17.0300,17.0900,84800,1446320.0000,3
2025-05-27,20250527130500000,sz.002732,17.0900,17.1200,17.0200,17.0400,188200,3211408.0000,3
2025-05-27,20250527131000000,sz.002732,17.0500,17.0600,17.0300,17.0300,66800,1138496.0000,3
2025-05-27,20250527131500000,sz.002732,17.0200,17.0400,17.0100,17.0200,91600,1558968.0000,3
2025-05-27,20250527132000000,sz.002732,17.0200,17.0500,17.0200,17.0400,42100,716936.0000,3
2025-05-27,20250527132500000,sz.002732,17.0300,17.0400,17.0200,17.0300,26900,458112.0000,3
2025-05-27,20250527133000000,sz.002732,17.0300,17.0400,17.0200,17.0200,40100,682712.0000,3
2025-05-27,20250527133500000,sz.002732,17.0300,17.0500,17.0200,17.0500,33700,574272.0000,3
2025-05-27,20250527134000000,sz.002732,17.0500,17.0700,17.0200,17.0200,53900,918992.0000,3
2025-05-27,20250527134500000,sz.002732,17.0100,17.0100,16.9700,16.9700,109700,1864672.0000,3
2025-05-27,20250527135000000,sz.002732,16.9700,16.9900,16.9500,16.9700,68900,1168856.0000,3
2025-05-27,20250527135500000,sz.002732,16.9700,16.9800,16.9500,16.9800,32400,549480.0000,3
2025-05-27,20250527140000000,sz.002732,16.9800,17.0000,16.9600,16.9600,41100,697952.0000,3
2025-05-27,20250527140500000,sz.002732,16.9800,16.9800,16.9600,16.9700,33800,573568.0000,3
2025-05-27,20250527141000000,sz.002732,16.9800,16.9900,16.9600,16.9600,25200,427720.0000,3
2025-05-27,20250527141500000,sz.002732,16.9700,17.0000,16.9600,17.0000,26000,441560.0000,3
2025-05-27,20250527142000000,sz.002732,17.0000,17.0500,17.0000,17.0200,46300,787576.0000,3
2025-05-27,20250527142500000,sz.002732,17.0200,17.0200,16.9900,16.9900,47000,799368.0000,3
2025-05-27,20250527143000000,sz.002732,16.9900,17.0000,16.9800,16.9800,14800,251464.0000,3
2025-05-27,20250527143500000,sz.002732,16.9900,16.9900,16.9700,16.9800,39200,665656.0000,3
2025-05-27,20250527144000000,sz.002732,16.9800,16.9900,16.9700,16.9800,50400,855832.0000,3
2025-05-27,20250527144500000,sz.002732,16.9800,17.0000,16.9800,16.9900,81700,1387712.0000,3
2025-05-27,20250527145000000,sz.002732,16.9900,17.0400,16.9900,17.0400,174700,2972480.0000,3
2025-05-27,20250527145500000,sz.002732,17.0400,17.0400,16.9900,17.0100,189900,3230360.0000,3
2025-05-27,20250527150000000,sz.002732,17.0100,17.0100,16.9800,17.0000,151900,2581712.0000,3
2025-05-28,20250528093500000,sz.002732,17.0000,17.3600,16.8900,17.0000,926600,15883740.0000,3
2025-05-28,20250528094000000,sz.002732,17.0000,17.2600,16.9600,17.2300,467200,8018136.0000,3
2025-05-28,20250528094500000,sz.002732,17.2300,17.2900,17.1800,17.1900,484800,8366344.0000,3
2025-05-28,20250528095000000,sz.002732,17.1900,17.2200,17.1300,17.1300,157600,2708520.0000,3
2025-05-28,20250528095500000,sz.002732,17.1200,17.3300,17.0900,17.2800,448700,7742356.0000,3
2025-05-28,20250528100000000,sz.002732,17.2800,17.2800,17.1600,17.1800,235800,4056172.0000,3
2025-05-28,20250528100500000,sz.002732,17.1800,17.1800,17.1100,17.1400,89000,1525416.0000,3
2025-05-28,20250528101000000,sz.002732,17.1400,17.1600,17.1200,17.1500,65300,1119100.0000,3
2025-05-28,20250528101500000,sz.002732,17.1600,17.3300,17.1500,17.2800,326900,5647176.0000,3
2025-05-28,20250528102000000,sz.002732,17.3000,17.3800,17.2800,17.3000,344100,5963764.0000,3
2025-05-28,20250528102500000,sz.002732,17.2900,17.3800,17.2900,17.3200,285400,4952496.0000,3
2025-05-28,20250528103000000,sz.002732,17.3200,17.3500,17.2900,17.3000,114700,1987660.0000,3
2025-05-28,20250528103500000,sz.002732,17.3000,17.3300,17.2900,17.2900,65000,1124944.0000,3
2025-05-28,20250528104000000,sz.002732,17.2900,17.3000,17.2200,17.2200,101500,1752360.0000,3
2025-05-28,20250528104500000,sz.002732,17.2300,17.2400,17.2000,17.2000,80400,1384640.0000,3
2025-05-28,20250528105000000,sz.002732,17.2200,17.2400,17.2200,17.2400,81200,1399016.0000,3
2025-05-28,20250528105500000,sz.002732,17.2400,17.2700,17.2200,17.2200,46700,805072.0000,3
2025-05-28,20250528110000000,sz.002732,17.2200,17.2400,17.2000,17.2100,55400,953696.0000,3
2025-05-28,20250528110500000,sz.002732,17.2100,17.2100,17.1500,17.1500,81400,1398960.0000,3
2025-05-28,20250528111000000,sz.002732,17.1500,17.1700,17.1100,17.1600,108800,1863904.0000,3
2025-05-28,20250528111500000,sz.002732,17.1600,17.1900,17.1500,17.1600,55600,954776.0000,3
2025-05-28,20250528112000000,sz.002732,17.1600,17.2000,17.1600,17.2000,42900,737184.0000,3
2025-05-28,20250528112500000,sz.002732,17.2000,17.2100,17.1400,17.1800,93200,1600328.0000,3
2025-05-28,20250528113000000,sz.002732,17.1700,17.2100,17.1200,17.2100,80400,1380072.0000,3
2025-05-28,20250528130500000,sz.002732,17.2100,17.3700,17.2100,17.3400,276700,4790928.0000,3
2025-05-28,20250528131000000,sz.002732,17.3400,17.3500,17.2700,17.2700,135100,2339144.0000,3
2025-05-28,20250528131500000,sz.002732,17.2700,17.3700,17.2600,17.3300,121100,2098040.0000,3
2025-05-28,20250528132000000,sz.002732,17.3400,17.4200,17.3300,17.3500,375900,6537400.0000,3
2025-05-28,20250528132500000,sz.002732,17.3500,17.4000,17.3500,17.3800,74900,1301768.0000,3
2025-05-28,20250528133000000,sz.002732,17.3800,17.4000,17.3600,17.3800,140300,2439496.0000,3
2025-05-28,20250528133500000,sz.002732,17.3900,17.4000,17.3500,17.3600,71300,1239048.0000,3
2025-05-28,20250528134000000,sz.002732,17.3600,17.3600,17.3100,17.3300,146900,2545320.0000,3
2025-05-28,20250528134500000,sz.002732,17.3300,17.3300,17.3000,17.3100,51600,893456.0000,3
2025-05-28,20250528135000000,sz.002732,17.3000,17.3300,17.3000,17.3200,42600,737912.0000,3
2025-05-28,20250528135500000,sz.002732,17.3200,17.3400,17.3200,17.3400,72700,1260024.0000,3
2025-05-28,20250528140000000,sz.002732,17.3400,17.3400,17.3200,17.3200,33400,578744.0000,3
2025-05-28,20250528140500000,sz.002732,17.3200,17.3300,17.2400,17.2500,80000,1381968.0000,3
2025-05-28,20250528141000000,sz.002732,17.2400,17.2600,17.2300,17.2300,99900,1722328.0000,3
2025-05-28,20250528141500000,sz.002732,17.2300,17.2800,17.2200,17.2800,135900,2343376.0000,3
2025-05-28,20250528142000000,sz.002732,17.2600,17.3100,17.2500,17.3100,122600,2118096.0000,3
2025-05-28,20250528142500000,sz.002732,17.2900,17.3400,17.2400,17.3200,103400,1788888.0000,3
2025-05-28,20250528143000000,sz.002732,17.3200,17.3400,17.3000,17.3000,78100,1352824.0000,3
2025-05-28,20250528143500000,sz.002732,17.3000,17.3000,17.2800,17.3000,49200,850728.0000,3
2025-05-28,20250528144000000,sz.002732,17.2900,17.3000,17.2500,17.2600,134600,2323968.0000,3
2025-05-28,20250528144500000,sz.002732,17.2500,17.2700,17.2500,17.2500,56200,969608.0000,3
2025-05-28,20250528145000000,sz.002732,17.2500,17.2700,17.2500,17.2500,123300,2128048.0000,3
2025-05-28,20250528145500000,sz.002732,17.2600,17.3000,17.2500,17.2700,189200,3268088.0000,3
2025-05-28,20250528150000000,sz.002732,17.2600,17.2700,17.2500,17.2700,206900,3572496.0000,3
2025-05-29,20250529093500000,sz.002732,17.4600,17.7600,17.3400,17.7600,1939500,34115924.0000,3
2025-05-29,20250529094000000,sz.002732,17.7800,17.8500,17.5100,17.5300,648800,11467636.0000,3
2025-05-29,20250529094500000,sz.002732,17.5300,17.6700,17.4600,17.6200,337800,5940768.0000,3
2025-05-29,20250529095000000,sz.002732,17.6400,17.6400,17.5200,17.5600,223500,3929240.0000,3
2025-05-29,20250529095500000,sz.002732,17.5700,17.6100,17.4000,17.5100,395900,6929560.0000,3
2025-05-29,20250529100000000,sz.002732,17.5200,17.7900,17.4700,17.7600,588100,10382848.0000,3
2025-05-29,20250529100500000,sz.002732,17.7600,17.7700,17.5600,17.6000,237900,4199720.0000,3
2025-05-29,20250529101000000,sz.002732,17.6000,17.6300,17.5200,17.5300,146000,2567584.0000,3
2025-05-29,20250529101500000,sz.002732,17.5400,17.5500,17.4000,17.4000,144100,2517784.0000,3
2025-05-29,20250529102000000,sz.002732,17.4000,17.4500,17.3700,17.4500,85500,1489480.0000,3
2025-05-29,20250529102500000,sz.002732,17.4500,17.5000,17.4400,17.4400,77200,1349032.0000,3
2025-05-29,20250529103000000,sz.002732,17.4400,17.4800,17.4000,17.4100,165700,2887856.0000,3
2025-05-29,20250529103500000,sz.002732,17.4400,17.4400,17.3400,17.3500,143400,2492384.0000,3
2025-05-29,20250529104000000,sz.002732,17.3500,17.4000,17.3400,17.3800,119200,2069624.0000,3
2025-05-29,20250529104500000,sz.002732,17.3800,17.3800,17.2900,17.2900,233500,4041160.0000,3
2025-05-29,20250529105000000,sz.002732,17.2800,17.3300,17.2800,17.3100,124600,2155016.0000,3
2025-05-29,20250529105500000,sz.002732,17.3000,17.3800,17.3000,17.3600,54900,951792.0000,3
2025-05-29,20250529110000000,sz.002732,17.3500,17.3700,17.3100,17.3100,52800,915656.0000,3
2025-05-29,20250529110500000,sz.002732,17.3200,17.3300,17.2800,17.3000,76700,1326536.0000,3
2025-05-29,20250529111000000,sz.002732,17.2900,17.3100,17.2800,17.2800,52600,909736.0000,3
2025-05-29,20250529111500000,sz.002732,17.2700,17.3000,17.2600,17.2900,49900,862168.0000,3
2025-05-29,20250529112000000,sz.002732,17.3000,17.3000,17.2300,17.2300,114200,1970312.0000,3
2025-05-29,20250529112500000,sz.002732,17.2400,17.3100,17.2100,17.2900,36100,623248.0000,3
2025-05-29,20250529113000000,sz.002732,17.2900,17.3300,17.2900,17.3200,28100,486496.0000,3
2025-05-29,20250529130500000,sz.002732,17.3200,17.3200,17.2100,17.2200,103700,1787368.0000,3
2025-05-29,20250529131000000,sz.002732,17.2300,17.3100,17.2200,17.2600,59700,1031160.0000,3
2025-05-29,20250529131500000,sz.002732,17.2600,17.2600,17.2200,17.2400,73500,1266456.0000,3
2025-05-29,20250529132000000,sz.002732,17.2500,17.2500,17.2300,17.2300,30800,530824.0000,3
2025-05-29,20250529132500000,sz.002732,17.2300,17.2500,17.2200,17.2500,50700,873312.0000,3
2025-05-29,20250529133000000,sz.002732,17.2400,17.2700,17.2300,17.2400,39900,688368.0000,3
2025-05-29,20250529133500000,sz.002732,17.2400,17.2500,17.2000,17.2000,73300,1262280.0000,3
2025-05-29,20250529134000000,sz.002732,17.2000,17.2200,17.2000,17.2200,66900,1151448.0000,3
2025-05-29,20250529134500000,sz.002732,17.2200,17.2400,17.2100,17.2200,50700,873056.0000,3
2025-05-29,20250529135000000,sz.002732,17.2100,17.2100,17.1600,17.1600,82200,1412096.0000,3
2025-05-29,20250529135500000,sz.002732,17.1600,17.1700,17.1300,17.1300,121600,2085448.0000,3
2025-05-29,20250529140000000,sz.002732,17.1400,17.1900,17.1300,17.1600,127900,2194792.0000,3
2025-05-29,20250529140500000,sz.002732,17.1700,17.1900,17.1600,17.1800,51500,884776.0000,3
2025-05-29,20250529141000000,sz.002732,17.1700,17.1800,17.1600,17.1600,28600,490976.0000,3
2025-05-29,20250529141500000,sz.002732,17.1600,17.1700,17.1600,17.1600,20400,350088.0000,3
2025-05-29,20250529142000000,sz.002732,17.1600,17.1700,17.1300,17.1500,73500,1260736.0000,3
2025-05-29,20250529142500000,sz.002732,17.1500,17.1700,17.1400,17.1600,31900,547184.0000,3
2025-05-29,20250529143000000,sz.002732,17.1600,17.1700,17.1400,17.1700,50300,862936.0000,3
2025-05-29,20250529143500000,sz.002732,17.1600,17.2000,17.1600,17.2000,99400,1708440.0000,3
2025-05-29,20250529144000000,sz.002732,17.2100,17.2100,17.1500,17.1600,48300,829792.0000,3
2025-05-29,20250529144500000,sz.002732,17.1600,17.1600,17.1100,17.1200,173800,2977864.0000,3
2025-05-29,20250529145000000,sz.002732,17.1200,17.1500,17.1100,17.1500,138200,2367736.0000,3
2025-05-29,20250529145500000,sz.002732,17.1400,17.1600,17.1300,17.1500,168700,2891848.0000,3
2025-05-29,20250529150000000,sz.002732,17.1500,17.1700,17.1400,17.1600,172100,2953264.0000,3
2025-05-30,20250530093500000,sz.002732,17.1400,17.2700,17.0600,17.0700,498700,8577304.0000,3
2025-05-30,20250530094000000,sz.002732,17.0900,17.1400,17.0400,17.0700,296700,5067988.0000,3
2025-05-30,20250530094500000,sz.002732,17.0600,17.0600,16.9800,17.0000,275400,4685812.0000,3
2025-05-30,20250530095000000,sz.002732,16.9900,17.0400,16.9500,16.9500,183100,3110604.0000,3
2025-05-30,20250530095500000,sz.002732,16.9500,17.0100,16.9400,17.0100,197700,3356640.0000,3
2025-05-30,20250530100000000,sz.002732,17.0100,17.0500,16.9700,16.9700,148200,2522948.0000,3
2025-05-30,20250530100500000,sz.002732,16.9700,17.0400,16.9700,17.0000,181300,3082612.0000,3
2025-05-30,20250530101000000,sz.002732,17.0000,17.0200,16.9500,16.9600,105600,1793432.0000,3
2025-05-30,20250530101500000,sz.002732,16.9500,16.9600,16.9200,16.9400,124400,2106796.0000,3
2025-05-30,20250530102000000,sz.002732,16.9300,16.9400,16.9100,16.9400,60900,1030800.0000,3
2025-05-30,20250530102500000,sz.002732,16.9300,16.9600,16.9300,16.9600,35600,603048.0000,3
2025-05-30,20250530103000000,sz.002732,16.9500,16.9500,16.8800,16.8800,121600,2057532.0000,3
2025-05-30,20250530103500000,sz.002732,16.9000,16.9400,16.9000,16.9200,44600,754372.0000,3
2025-05-30,20250530104000000,sz.002732,16.9100,16.9100,16.8700,16.8800,120600,2036640.0000,3
2025-05-30,20250530104500000,sz.002732,16.8900,16.9200,16.8800,16.9100,46900,792712.0000,3
2025-05-30,20250530105000000,sz.002732,16.9200,16.9200,16.8900,16.9100,30500,515564.0000,3
2025-05-30,20250530105500000,sz.002732,16.9100,16.9400,16.9100,16.9200,26500,448416.0000,3
2025-05-30,20250530110000000,sz.002732,16.9100,16.9600,16.8900,16.9500,62600,1058656.0000,3
2025-05-30,20250530110500000,sz.002732,16.9200,16.9200,16.8900,16.9000,21300,360040.0000,3
2025-05-30,20250530111000000,sz.002732,16.8900,16.9100,16.8700,16.8700,57100,964328.0000,3
2025-05-30,20250530111500000,sz.002732,16.8700,16.9000,16.8700,16.9000,40200,678440.0000,3
2025-05-30,20250530112000000,sz.002732,16.8800,16.8900,16.8800,16.8900,19900,335948.0000,3
2025-05-30,20250530112500000,sz.002732,16.9000,16.9000,16.8500,16.8700,66700,1125192.0000,3
2025-05-30,20250530113000000,sz.002732,16.8600,16.8600,16.8300,16.8500,84900,1430064.0000,3
2025-05-30,20250530130500000,sz.002732,16.8600,16.8800,16.8500,16.8600,47200,796172.0000,3
2025-05-30,20250530131000000,sz.002732,16.8500,16.8800,16.8500,16.8800,28700,483948.0000,3
2025-05-30,20250530131500000,sz.002732,16.8700,16.9100,16.8600,16.8900,23300,393464.0000,3
2025-05-30,20250530132000000,sz.002732,16.8900,16.9500,16.8900,16.9400,27000,457088.0000,3
2025-05-30,20250530132500000,sz.002732,16.9400,16.9600,16.9300,16.9500,54400,921604.0000,3
2025-05-30,20250530133000000,sz.002732,16.9500,16.9500,16.9100,16.9200,69300,1173768.0000,3
2025-05-30,20250530133500000,sz.002732,16.9100,16.9400,16.9000,16.9400,31400,531460.0000,3
2025-05-30,20250530134000000,sz.002732,16.9500,16.9500,16.9100,16.9200,19800,335108.0000,3
2025-05-30,20250530134500000,sz.002732,16.9200,16.9200,16.9000,16.9000,25600,432836.0000,3
2025-05-30,20250530135000000,sz.002732,16.9100,16.9100,16.8800,16.9000,50500,853496.0000,3
2025-05-30,20250530135500000,sz.002732,16.9000,16.9100,16.8800,16.9000,17900,302392.0000,3
2025-05-30,20250530140000000,sz.002732,16.9000,16.9100,16.8400,16.8800,97600,1646688.0000,3
2025-05-30,20250530140500000,sz.002732,16.8700,16.8900,16.8600,16.8900,16800,283480.0000,3
2025-05-30,20250530141000000,sz.002732,16.8700,16.8800,16.8600,16.8700,27300,460480.0000,3
2025-05-30,20250530141500000,sz.002732,16.8600,16.8900,16.8600,16.8900,21100,356084.0000,3
2025-05-30,20250530142000000,sz.002732,16.8900,16.8900,16.8700,16.8800,13600,229620.0000,3
2025-05-30,20250530142500000,sz.002732,16.8800,16.8900,16.8700,16.8800,21500,362904.0000,3
2025-05-30,20250530143000000,sz.002732,16.8800,16.9200,16.8600,16.9100,77300,1305436.0000,3
2025-05-30,20250530143500000,sz.002732,16.9200,16.9200,16.8900,16.9200,37000,625548.0000,3
2025-05-30,20250530144000000,sz.002732,16.9000,16.9100,16.8600,16.8700,41900,707468.0000,3
2025-05-30,20250530144500000,sz.002732,16.8700,16.8900,16.8600,16.8700,43100,727240.0000,3
2025-05-30,20250530145000000,sz.002732,16.8700,16.9000,16.8600,16.8800,74600,1259964.0000,3
2025-05-30,20250530145500000,sz.002732,16.8800,16.9000,16.8800,16.8800,85500,1444080.0000,3
2025-05-30,20250530150000000,sz.002732,16.8700,16.9000,16.8600,16.8800,95400,1610144.0000,3
2025-06-03,20250603093500000,sz.002732,16.7300,16.9500,16.7300,16.7800,169600,2853340.0000,3
2025-06-03,20250603094000000,sz.002732,16.7300,16.7700,16.7000,16.7300,151700,2537769.0000,3
2025-06-03,20250603094500000,sz.002732,16.7400,16.9000,16.7300,16.8900,111900,1880449.0000,3
2025-06-03,20250603095000000,sz.002732,16.8700,16.9000,16.8100,16.8500,75500,1273160.0000,3
2025-06-03,20250603095500000,sz.002732,16.8500,16.8600,16.8200,16.8200,62900,1058798.0000,3
2025-06-03,20250603100000000,sz.002732,16.8200,16.8200,16.7900,16.7900,79600,1337541.0000,3
2025-06-03,20250603100500000,sz.002732,16.7900,16.8400,16.7800,16.8400,77900,1308582.0000,3
2025-06-03,20250603101000000,sz.002732,16.8300,16.8800,16.8200,16.8800,47700,804504.0000,3
2025-06-03,20250603101500000,sz.002732,16.8800,16.9900,16.8700,16.9300,87400,1480410.0000,3
2025-06-03,20250603102000000,sz.002732,16.9300,16.9600,16.9200,16.9300,77200,1307781.0000,3
2025-06-03,20250603102500000,sz.002732,16.9300,16.9400,16.8900,16.9000,42200,713311.0000,3
2025-06-03,20250603103000000,sz.002732,16.9000,16.9300,16.9000,16.9200,31200,527871.0000,3
2025-06-03,20250603103500000,sz.002732,16.9200,16.9200,16.8600,16.9100,29300,495140.0000,3
2025-06-03,20250603104000000,sz.002732,16.9100,16.9100,16.8900,16.8900,17400,294034.0000,3
2025-06-03,20250603104500000,sz.002732,16.8900,16.8900,16.8400,16.8600,36300,612346.0000,3
2025-06-03,20250603105000000,sz.002732,16.8700,16.8800,16.8400,16.8600,32800,553032.0000,3
2025-06-03,20250603105500000,sz.002732,16.8600,16.8700,16.8600,16.8700,10000,168672.0000,3
2025-06-03,20250603110000000,sz.002732,16.8700,16.9000,16.8700,16.8900,20300,342616.0000,3
2025-06-03,20250603110500000,sz.002732,16.8900,16.9200,16.8900,16.9100,18800,317784.0000,3
2025-06-03,20250603111000000,sz.002732,16.9100,16.9500,16.9100,16.9500,36200,612946.0000,3
2025-06-03,20250603111500000,sz.002732,16.9500,17.0000,16.9500,17.0000,63900,1085132.0000,3
2025-06-03,20250603112000000,sz.002732,17.0000,17.0200,16.9600,16.9700,59300,1007606.0000,3
2025-06-03,20250603112500000,sz.002732,16.9700,17.0000,16.9700,17.0000,29600,503000.0000,3
2025-06-03,20250603113000000,sz.002732,16.9900,17.0400,16.9900,17.0400,41000,697824.0000,3
2025-06-03,20250603130500000,sz.002732,17.0600,17.1700,17.0000,17.1300,187600,3206654.0000,3
2025-06-03,20250603131000000,sz.002732,17.1800,17.2100,17.1600,17.1700,187800,3227610.0000,3
2025-06-03,20250603131500000,sz.002732,17.1700,17.1800,17.1000,17.1100,80100,1373688.0000,3
2025-06-03,20250603132000000,sz.002732,17.1200,17.1200,17.0900,17.1200,37000,632956.0000,3
2025-06-03,20250603132500000,sz.002732,17.1000,17.1200,17.0700,17.0800,20500,350390.0000,3
2025-06-03,20250603133000000,sz.002732,17.1000,17.1100,17.0800,17.0800,22700,388060.0000,3
2025-06-03,20250603133500000,sz.002732,17.0700,17.1100,17.0600,17.0800,44000,751930.0000,3
2025-06-03,20250603134000000,sz.002732,17.0600,17.0800,17.0500,17.0800,20000,341284.0000,3
2025-06-03,20250603134500000,sz.002732,17.0800,17.0900,17.0500,17.0800,40800,696340.0000,3
2025-06-03,20250603135000000,sz.002732,17.0800,17.0800,17.0500,17.0600,21200,361812.0000,3
2025-06-03,20250603135500000,sz.002732,17.0500,17.0800,17.0500,17.0800,14000,238948.0000,3
2025-06-03,20250603140000000,sz.002732,17.0800,17.0900,17.0700,17.0900,21600,368860.0000,3
2025-06-03,20250603140500000,sz.002732,17.0800,17.1100,17.0800,17.1100,53000,905884.0000,3
2025-06-03,20250603141000000,sz.002732,17.1100,17.1800,17.1100,17.1400,81300,1394376.0000,3
2025-06-03,20250603141500000,sz.002732,17.1500,17.2000,17.1500,17.1600,100800,1730844.0000,3
2025-06-03,20250603142000000,sz.002732,17.1600,17.1700,17.1400,17.1400,36900,632908.0000,3
2025-06-03,20250603142500000,sz.002732,17.1400,17.1900,17.1400,17.1900,105700,1814892.0000,3
2025-06-03,20250603143000000,sz.002732,17.2000,17.2700,17.1900,17.2300,196000,3376844.0000,3
2025-06-03,20250603143500000,sz.002732,17.2300,17.2300,17.1700,17.1900,71500,1229464.0000,3
2025-06-03,20250603144000000,sz.002732,17.1900,17.2000,17.1700,17.2000,65400,1124056.0000,3
2025-06-03,20250603144500000,sz.002732,17.2000,17.2100,17.1800,17.1900,58700,1009184.0000,3
2025-06-03,20250603145000000,sz.002732,17.1900,17.2000,17.1700,17.1900,43900,754488.0000,3
2025-06-03,20250603145500000,sz.002732,17.1900,17.2200,17.1800,17.2100,131900,2268812.0000,3
2025-06-03,20250603150000000,sz.002732,17.2100,17.2200,17.1900,17.2200,179800,3095012.0000,3
2025-06-04,20250604093500000,sz.002732,17.1400,17.2100,17.0700,17.0900,127000,2174893.0000,3
2025-06-04,20250604094000000,sz.002732,17.1000,17.1600,17.0200,17.1000,142500,2433672.0000,3
2025-06-04,20250604094500000,sz.002732,17.0900,17.1300,17.0600,17.1300,101800,1740014.0000,3
2025-06-04,20250604095000000,sz.002732,17.1000,17.1600,17.0600,17.1500,116900,2001803.0000,3
2025-06-04,20250604095500000,sz.002732,17.1700,17.2600,17.1700,17.2200,182200,3134935.0000,3
2025-06-04,20250604100000000,sz.002732,17.2200,17.3200,17.2200,17.2800,140600,2430228.0000,3
2025-06-04,20250604100500000,sz.002732,17.2700,17.2700,17.1700,17.1900,109500,1884607.0000,3
2025-06-04,20250604101000000,sz.002732,17.1900,17.2500,17.1800,17.1900,53500,920724.0000,3
2025-06-04,20250604101500000,sz.002732,17.1900,17.2000,17.1300,17.1300,56800,975070.0000,3
2025-06-04,20250604102000000,sz.002732,17.1500,17.1600,17.1200,17.1300,65100,1115270.0000,3
2025-06-04,20250604102500000,sz.002732,17.1200,17.1200,17.0700,17.0800,84100,1437756.0000,3
2025-06-04,20250604103000000,sz.002732,17.0800,17.1300,17.0700,17.1100,41600,711142.0000,3
2025-06-04,20250604103500000,sz.002732,17.1100,17.1200,17.0600,17.0600,47200,806516.0000,3
2025-06-04,20250604104000000,sz.002732,17.1000,17.1200,17.0600,17.1100,70800,1210750.0000,3
2025-06-04,20250604104500000,sz.002732,17.1100,17.1200,17.1000,17.1100,36100,617826.0000,3
2025-06-04,20250604105000000,sz.002732,17.1300,17.2000,17.1300,17.1600,52400,898036.0000,3
2025-06-04,20250604105500000,sz.002732,17.1800,17.3200,17.1800,17.3100,142200,2456858.0000,3
2025-06-04,20250604110000000,sz.002732,17.3000,17.4100,17.3000,17.3400,356100,6175678.0000,3
2025-06-04,20250604110500000,sz.002732,17.3400,17.3400,17.3200,17.3300,52300,906282.0000,3
2025-06-04,20250604111000000,sz.002732,17.3400,17.3500,17.3100,17.3300,33000,571948.0000,3
2025-06-04,20250604111500000,sz.002732,17.3300,17.3900,17.3300,17.3800,92600,1608096.0000,3
2025-06-04,20250604112000000,sz.002732,17.3800,17.4200,17.3600,17.4200,112400,1954384.0000,3
2025-06-04,20250604112500000,sz.002732,17.4300,17.5100,17.4100,17.4700,223000,3893436.0000,3
2025-06-04,20250604113000000,sz.002732,17.5000,17.5400,17.4200,17.4200,126000,2201040.0000,3
2025-06-04,20250604130500000,sz.002732,17.4100,17.4200,17.3500,17.4000,56700,986364.0000,3
2025-06-04,20250604131000000,sz.002732,17.3800,17.4000,17.3300,17.3400,33000,572972.0000,3
2025-06-04,20250604131500000,sz.002732,17.3600,17.4400,17.3500,17.4400,65800,1143884.0000,3
2025-06-04,20250604132000000,sz.002732,17.4200,17.4300,17.3800,17.3900,56600,985036.0000,3
2025-06-04,20250604132500000,sz.002732,17.3900,17.4500,17.3700,17.4300,57000,991808.0000,3
2025-06-04,20250604133000000,sz.002732,17.4200,17.4500,17.4100,17.4300,50300,876572.0000,3
2025-06-04,20250604133500000,sz.002732,17.4300,17.4300,17.4000,17.4200,42100,732968.0000,3
2025-06-04,20250604134000000,sz.002732,17.4200,17.4600,17.4200,17.4400,92000,1604460.0000,3
2025-06-04,20250604134500000,sz.002732,17.4300,17.4400,17.4200,17.4300,69400,1210092.0000,3
2025-06-04,20250604135000000,sz.002732,17.4300,17.4300,17.4100,17.4300,33700,587152.0000,3
2025-06-04,20250604135500000,sz.002732,17.4300,17.4300,17.3900,17.4000,70800,1232216.0000,3
2025-06-04,20250604140000000,sz.002732,17.4100,17.4300,17.4100,17.4300,25900,451148.0000,3
2025-06-04,20250604140500000,sz.002732,17.4300,17.4500,17.4200,17.4400,31500,549220.0000,3
2025-06-04,20250604141000000,sz.002732,17.4400,17.4500,17.4300,17.4400,47500,828496.0000,3
2025-06-04,20250604141500000,sz.002732,17.4300,17.4500,17.4300,17.4400,23600,411628.0000,3
2025-06-04,20250604142000000,sz.002732,17.4400,17.4500,17.4400,17.4500,39400,687244.0000,3
2025-06-04,20250604142500000,sz.002732,17.4600,17.4600,17.4400,17.4500,62100,1083716.0000,3
2025-06-04,20250604143000000,sz.002732,17.4500,17.4500,17.4200,17.4400,84000,1464884.0000,3
2025-06-04,20250604143500000,sz.002732,17.4300,17.4700,17.4300,17.4500,72200,1259720.0000,3
2025-06-04,20250604144000000,sz.002732,17.4500,17.4700,17.4300,17.4600,92000,1605272.0000,3
2025-06-04,20250604144500000,sz.002732,17.4600,17.4600,17.4300,17.4600,154800,2700756.0000,3
2025-06-04,20250604145000000,sz.002732,17.4500,17.4700,17.4500,17.4700,86600,1512164.0000,3
2025-06-04,20250604145500000,sz.002732,17.4600,17.4800,17.4600,17.4600,218300,3812960.0000,3
2025-06-04,20250604150000000,sz.002732,17.4600,17.4900,17.4600,17.4900,157400,2751568.0000,3
2025-06-05,20250605093500000,sz.002732,17.4700,17.4700,17.2800,17.3400,497100,8617992.0000,3
2025-06-05,20250605094000000,sz.002732,17.3300,17.3300,17.2700,17.2800,335800,5806718.0000,3
2025-06-05,20250605094500000,sz.002732,17.2700,17.4000,17.2600,17.3400,144700,2504018.0000,3
2025-06-05,20250605095000000,sz.002732,17.3300,17.3400,17.2800,17.3100,92100,1593802.0000,3
2025-06-05,20250605095500000,sz.002732,17.3200,17.3200,17.2600,17.3000,164400,2841844.0000,3
2025-06-05,20250605100000000,sz.002732,17.3100,17.3200,17.2900,17.3000,34800,602208.0000,3
2025-06-05,20250605100500000,sz.002732,17.3000,17.3000,17.2700,17.3000,50200,867602.0000,3
2025-06-05,20250605101000000,sz.002732,17.3200,17.3400,17.3100,17.3400,44400,769020.0000,3
2025-06-05,20250605101500000,sz.002732,17.3400,17.6700,17.3400,17.5700,491800,8634404.0000,3
2025-06-05,20250605102000000,sz.002732,17.5900,17.6200,17.5100,17.5500,361400,6352308.0000,3
2025-06-05,20250605102500000,sz.002732,17.5400,17.5800,17.4400,17.4600,120000,2102408.0000,3
2025-06-05,20250605103000000,sz.002732,17.4600,17.4700,17.4300,17.4400,101300,1767748.0000,3
2025-06-05,20250605103500000,sz.002732,17.4400,17.4600,17.4300,17.4500,42300,737728.0000,3
2025-06-05,20250605104000000,sz.002732,17.4400,17.4500,17.4000,17.4000,46600,812152.0000,3
2025-06-05,20250605104500000,sz.002732,17.4000,17.4000,17.3600,17.3800,27200,472592.0000,3
2025-06-05,20250605105000000,sz.002732,17.3800,17.4000,17.3600,17.3700,11000,191248.0000,3
2025-06-05,20250605105500000,sz.002732,17.3600,17.3800,17.3500,17.3700,42900,744684.0000,3
2025-06-05,20250605110000000,sz.002732,17.3700,17.3700,17.3300,17.3600,50000,867180.0000,3
2025-06-05,20250605110500000,sz.002732,17.3500,17.3500,17.3300,17.3500,26700,463048.0000,3
2025-06-05,20250605111000000,sz.002732,17.3500,17.3600,17.3200,17.3400,29800,516664.0000,3
2025-06-05,20250605111500000,sz.002732,17.3400,17.3400,17.3200,17.3200,24100,417592.0000,3
2025-06-05,20250605112000000,sz.002732,17.3200,17.3300,17.3000,17.3100,62500,1082224.0000,3
2025-06-05,20250605112500000,sz.002732,17.3000,17.3200,17.2800,17.3100,60900,1053464.0000,3
2025-06-05,20250605113000000,sz.002732,17.3100,17.3200,17.2800,17.3000,41700,721168.0000,3
2025-06-05,20250605130500000,sz.002732,17.3000,17.3000,17.2800,17.2900,37400,646716.0000,3
2025-06-05,20250605131000000,sz.002732,17.2800,17.2900,17.2500,17.2600,73700,1273092.0000,3
2025-06-05,20250605131500000,sz.002732,17.2700,17.2700,17.2200,17.2400,65000,1120676.0000,3
2025-06-05,20250605132000000,sz.002732,17.2400,17.2400,17.2000,17.2300,103300,1778300.0000,3
2025-06-05,20250605132500000,sz.002732,17.2200,17.2500,17.1900,17.1900,48300,831576.0000,3
2025-06-05,20250605133000000,sz.002732,17.2000,17.2000,17.1900,17.2000,45600,784060.0000,3
2025-06-05,20250605133500000,sz.002732,17.2000,17.2000,17.1200,17.1700,128700,2209396.0000,3
2025-06-05,20250605134000000,sz.002732,17.1700,17.1700,17.1300,17.1300,95900,1643436.0000,3
2025-06-05,20250605134500000,sz.002732,17.1300,17.1600,17.1200,17.1400,73400,1257636.0000,3
2025-06-05,20250605135000000,sz.002732,17.1400,17.1600,17.1300,17.1300,69500,1191560.0000,3
2025-06-05,20250605135500000,sz.002732,17.1300,17.1400,17.1200,17.1300,60700,1039808.0000,3
2025-06-05,20250605140000000,sz.002732,17.1300,17.1400,17.1100,17.1400,37500,642208.0000,3
2025-06-05,20250605140500000,sz.002732,17.1400,17.1600,17.1200,17.1400,57500,986020.0000,3
2025-06-05,20250605141000000,sz.002732,17.1400,17.1600,17.1300,17.1500,31200,534788.0000,3
2025-06-05,20250605141500000,sz.002732,17.1500,17.1700,17.1400,17.1600,43800,751496.0000,3
2025-06-05,20250605142000000,sz.002732,17.1600,17.1700,17.1600,17.1700,34100,585376.0000,3
2025-06-05,20250605142500000,sz.002732,17.1700,17.1900,17.1600,17.1700,39500,678280.0000,3
2025-06-05,20250605143000000,sz.002732,17.1700,17.1800,17.1600,17.1700,42100,722752.0000,3
2025-06-05,20250605143500000,sz.002732,17.1700,17.1800,17.1000,17.1100,116700,2000080.0000,3
2025-06-05,20250605144000000,sz.002732,17.1100,17.1200,17.0800,17.1000,118400,2025136.0000,3
2025-06-05,20250605144500000,sz.002732,17.1100,17.1300,17.1000,17.1100,70000,1198104.0000,3
2025-06-05,20250605145000000,sz.002732,17.1100,17.1300,17.0700,17.0900,211100,3607616.0000,3
2025-06-05,20250605145500000,sz.002732,17.1000,17.1500,17.0900,17.1200,56900,974360.0000,3
2025-06-05,20250605150000000,sz.002732,17.1400,17.1500,17.0900,17.1500,80100,1372504.0000,3
2025-06-06,20250606093500000,sz.002732,17.1200,17.1700,16.9300,16.9300,326500,5545764.0000,3
2025-06-06,20250606094000000,sz.002732,16.9400,16.9600,16.8900,16.9000,116400,1970543.0000,3
2025-06-06,20250606094500000,sz.002732,16.8900,16.9900,16.8900,16.9800,189900,3217740.0000,3
2025-06-06,20250606095000000,sz.002732,16.9900,17.0500,16.9900,17.0200,48400,823575.0000,3
2025-06-06,20250606095500000,sz.002732,17.0200,17.0700,17.0100,17.0700,52400,893126.0000,3
2025-06-06,20250606100000000,sz.002732,17.1000,17.1000,17.0500,17.0900,57100,975332.0000,3
2025-06-06,20250606100500000,sz.002732,17.0500,17.1200,17.0400,17.0400,39300,671298.0000,3
2025-06-06,20250606101000000,sz.002732,17.0000,17.0300,16.9700,16.9800,48100,818090.0000,3
2025-06-06,20250606101500000,sz.002732,16.9800,16.9900,16.9500,16.9500,32600,552996.0000,3
2025-06-06,20250606102000000,sz.002732,16.9500,16.9700,16.9400,16.9600,35900,608794.0000,3
2025-06-06,20250606102500000,sz.002732,16.9500,16.9600,16.9200,16.9300,33500,567453.0000,3
2025-06-06,20250606103000000,sz.002732,16.9400,16.9500,16.9300,16.9500,25200,427001.0000,3
2025-06-06,20250606103500000,sz.002732,16.9500,16.9700,16.9300,16.9600,29900,506936.0000,3
2025-06-06,20250606104000000,sz.002732,16.9600,16.9600,16.9300,16.9400,29400,498192.0000,3
2025-06-06,20250606104500000,sz.002732,16.9300,16.9500,16.9300,16.9400,17900,303176.0000,3
2025-06-06,20250606105000000,sz.002732,16.9500,16.9500,16.9100,16.9200,79900,1352048.0000,3
2025-06-06,20250606105500000,sz.002732,16.9300,16.9400,16.9100,16.9100,21600,365496.0000,3
2025-06-06,20250606110000000,sz.002732,16.9200,16.9400,16.9100,16.9100,58000,981348.0000,3
2025-06-06,20250606110500000,sz.002732,16.9100,16.9200,16.9000,16.9000,50800,859164.0000,3
2025-06-06,20250606111000000,sz.002732,16.9100,16.9100,16.8800,16.9000,78500,1326304.0000,3
2025-06-06,20250606111500000,sz.002732,16.9100,16.9100,16.9000,16.9100,25500,431100.0000,3
2025-06-06,20250606112000000,sz.002732,16.9000,16.9200,16.9000,16.9000,9100,153832.0000,3
2025-06-06,20250606112500000,sz.002732,16.9000,16.9000,16.8800,16.8900,54500,920266.0000,3
2025-06-06,20250606113000000,sz.002732,16.8900,16.8900,16.8600,16.8600,55200,931518.0000,3
2025-06-06,20250606130500000,sz.002732,16.8600,16.8900,16.8600,16.8900,71000,1197968.0000,3
2025-06-06,20250606131000000,sz.002732,16.8900,16.9000,16.8800,16.9000,17500,295464.0000,3
2025-06-06,20250606131500000,sz.002732,16.8900,16.9000,16.8800,16.9000,11400,192596.0000,3
2025-06-06,20250606132000000,sz.002732,16.9100,16.9200,16.9000,16.9000,13500,228202.0000,3
2025-06-06,20250606132500000,sz.002732,16.9000,16.9000,16.8800,16.8900,20000,337806.0000,3
2025-06-06,20250606133000000,sz.002732,16.8800,16.8900,16.8800,16.8900,35800,604332.0000,3
2025-06-06,20250606133500000,sz.002732,16.8900,16.9100,16.8900,16.9000,22200,375064.0000,3
2025-06-06,20250606134000000,sz.002732,16.9000,16.9100,16.8900,16.8900,13300,224824.0000,3
2025-06-06,20250606134500000,sz.002732,16.9100,16.9100,16.8900,16.9000,13600,229758.0000,3
2025-06-06,20250606135000000,sz.002732,16.8900,16.9000,16.8800,16.8900,23300,393462.0000,3
2025-06-06,20250606135500000,sz.002732,16.8900,16.8900,16.8800,16.8800,27100,457614.0000,3
2025-06-06,20250606140000000,sz.002732,16.8700,16.9000,16.8600,16.9000,86400,1457732.0000,3
2025-06-06,20250606140500000,sz.002732,16.9100,16.9100,16.8600,16.8600,82700,1396026.0000,3
2025-06-06,20250606141000000,sz.002732,16.8900,16.8900,16.8600,16.8600,20800,350748.0000,3
2025-06-06,20250606141500000,sz.002732,16.8600,16.8800,16.8500,16.8800,46800,789104.0000,3
2025-06-06,20250606142000000,sz.002732,16.8800,16.8900,16.8800,16.8900,19800,334368.0000,3
2025-06-06,20250606142500000,sz.002732,16.8900,16.9300,16.8900,16.9100,16300,275640.0000,3
2025-06-06,20250606143000000,sz.002732,16.9100,16.9200,16.9000,16.9100,21000,355072.0000,3
2025-06-06,20250606143500000,sz.002732,16.9200,16.9400,16.9100,16.9400,22800,385960.0000,3
2025-06-06,20250606144000000,sz.002732,16.9500,16.9500,16.9300,16.9300,32500,550376.0000,3
2025-06-06,20250606144500000,sz.002732,16.9300,16.9500,16.9200,16.9400,27800,471024.0000,3
2025-06-06,20250606145000000,sz.002732,16.9500,16.9700,16.9400,16.9600,65400,1109052.0000,3
2025-06-06,20250606145500000,sz.002732,16.9600,16.9900,16.9500,16.9900,85300,1447488.0000,3
2025-06-06,20250606150000000,sz.002732,16.9900,16.9900,16.9700,16.9700,113100,1919892.0000,3
2025-06-09,20250609093500000,sz.002732,16.9500,17.0700,16.9100,16.9500,133600,2265548.0000,3
2025-06-09,20250609094000000,sz.002732,16.9700,17.0100,16.9500,16.9600,102000,1731532.0000,3
2025-06-09,20250609094500000,sz.002732,16.9700,17.0200,16.9600,16.9900,70000,1189401.0000,3
2025-06-09,20250609095000000,sz.002732,17.0000,17.0500,16.9900,17.0200,61600,1048495.0000,3
2025-06-09,20250609095500000,sz.002732,17.0100,17.0100,16.9800,17.0100,31400,533735.0000,3
2025-06-09,20250609100000000,sz.002732,16.9900,16.9900,16.9500,16.9500,58100,985598.0000,3
2025-06-09,20250609100500000,sz.002732,16.9600,16.9700,16.9200,16.9400,47800,809742.0000,3
2025-06-09,20250609101000000,sz.002732,16.9400,16.9400,16.9100,16.9300,58100,983238.0000,3
2025-06-09,20250609101500000,sz.002732,16.9300,16.9400,16.9200,16.9300,39400,667000.0000,3
2025-06-09,20250609102000000,sz.002732,16.9300,16.9500,16.9200,16.9500,62000,1049743.0000,3
2025-06-09,20250609102500000,sz.002732,16.9400,16.9500,16.9300,16.9400,43000,728536.0000,3
2025-06-09,20250609103000000,sz.002732,16.9400,16.9700,16.9400,16.9700,17500,296690.0000,3
2025-06-09,20250609103500000,sz.002732,16.9600,16.9800,16.9600,16.9600,42400,719584.0000,3
2025-06-09,20250609104000000,sz.002732,16.9700,16.9800,16.9200,16.9200,109400,1853649.0000,3
2025-06-09,20250609104500000,sz.002732,16.9300,16.9400,16.9300,16.9400,23300,394555.0000,3
2025-06-09,20250609105000000,sz.002732,16.9400,16.9400,16.9200,16.9400,13100,221742.0000,3
2025-06-09,20250609105500000,sz.002732,16.9300,16.9500,16.9300,16.9500,25600,433551.0000,3
2025-06-09,20250609110000000,sz.002732,16.9500,16.9700,16.9500,16.9600,9700,164535.0000,3
2025-06-09,20250609110500000,sz.002732,16.9600,16.9900,16.9600,16.9700,46000,780698.0000,3
2025-06-09,20250609111000000,sz.002732,16.9700,16.9700,16.9500,16.9600,5000,84814.0000,3
2025-06-09,20250609111500000,sz.002732,16.9600,16.9800,16.9500,16.9700,27600,468038.0000,3
2025-06-09,20250609112000000,sz.002732,16.9700,17.0000,16.9600,17.0000,18500,314288.0000,3
2025-06-09,20250609112500000,sz.002732,16.9900,17.0300,16.9800,17.0100,36500,620892.0000,3
2025-06-09,20250609113000000,sz.002732,17.0200,17.0200,17.0000,17.0000,36000,612284.0000,3
2025-06-09,20250609130500000,sz.002732,17.0000,17.0400,16.9900,17.0300,47800,813524.0000,3
2025-06-09,20250609131000000,sz.002732,17.0200,17.0400,17.0200,17.0300,15000,255436.0000,3
2025-06-09,20250609131500000,sz.002732,17.0200,17.0300,17.0100,17.0300,19800,337068.0000,3
2025-06-09,20250609132000000,sz.002732,17.0200,17.0300,17.0000,17.0000,16100,273890.0000,3
2025-06-09,20250609132500000,sz.002732,17.0100,17.0100,16.9900,16.9900,19800,336554.0000,3
2025-06-09,20250609133000000,sz.002732,16.9900,17.0000,16.9900,16.9900,9200,156340.0000,3
2025-06-09,20250609133500000,sz.002732,16.9900,17.0000,16.9800,16.9800,14900,253180.0000,3
2025-06-09,20250609134000000,sz.002732,16.9900,16.9900,16.9700,16.9700,18400,312500.0000,3
2025-06-09,20250609134500000,sz.002732,16.9700,17.0100,16.9700,17.0000,37000,628850.0000,3
2025-06-09,20250609135000000,sz.002732,16.9800,17.0000,16.9800,16.9800,65700,1115688.0000,3
2025-06-09,20250609135500000,sz.002732,16.9800,17.0000,16.9700,16.9900,22700,385542.0000,3
2025-06-09,20250609140000000,sz.002732,17.0000,17.0000,16.9900,16.9900,20600,350112.0000,3
2025-06-09,20250609140500000,sz.002732,16.9900,17.0000,16.9800,17.0000,11400,193682.0000,3
2025-06-09,20250609141000000,sz.002732,16.9900,17.0000,16.9900,17.0000,24600,418178.0000,3
2025-06-09,20250609141500000,sz.002732,16.9900,17.0000,16.9800,16.9900,13000,220870.0000,3
2025-06-09,20250609142000000,sz.002732,16.9800,16.9900,16.9800,16.9800,21000,356642.0000,3
2025-06-09,20250609142500000,sz.002732,16.9800,16.9800,16.9700,16.9800,27200,461796.0000,3
2025-06-09,20250609143000000,sz.002732,16.9600,16.9800,16.9600,16.9600,37300,632960.0000,3
2025-06-09,20250609143500000,sz.002732,16.9700,16.9800,16.9700,16.9800,39800,675772.0000,3
2025-06-09,20250609144000000,sz.002732,16.9700,16.9800,16.9700,16.9700,20200,342844.0000,3
2025-06-09,20250609144500000,sz.002732,16.9700,17.0000,16.9700,17.0000,94800,1610180.0000,3
2025-06-09,20250609145000000,sz.002732,17.0000,17.0100,16.9900,16.9900,63500,1079520.0000,3
2025-06-09,20250609145500000,sz.002732,16.9900,17.0000,16.9800,16.9900,163700,2781036.0000,3
2025-06-09,20250609150000000,sz.002732,16.9800,17.0000,16.9800,17.0000,69300,1177720.0000,3
2025-06-10,20250610093500000,sz.002732,17.0300,17.0300,16.9200,16.9600,137900,2340130.0000,3
2025-06-10,20250610094000000,sz.002732,16.9700,16.9900,16.9300,16.9800,49400,837712.0000,3
2025-06-10,20250610094500000,sz.002732,16.9800,16.9800,16.9100,16.9500,147800,2503294.0000,3
2025-06-10,20250610095000000,sz.002732,16.9800,17.0200,16.9200,16.9200,72700,1233092.0000,3
2025-06-10,20250610095500000,sz.002732,16.9000,16.9000,16.8700,16.8900,128800,2174965.0000,3
2025-06-10,20250610100000000,sz.002732,16.8900,16.8900,16.8600,16.8600,93900,1585075.0000,3
2025-06-10,20250610100500000,sz.002732,16.8700,16.8700,16.8200,16.8600,120600,2031425.0000,3
2025-06-10,20250610101000000,sz.002732,16.8600,16.9900,16.8500,16.9800,66800,1131089.0000,3
2025-06-10,20250610101500000,sz.002732,16.9700,17.0400,16.9100,17.0000,115700,1965601.0000,3
2025-06-10,20250610102000000,sz.002732,17.0000,17.0100,16.9500,16.9500,26700,453463.0000,3
2025-06-10,20250610102500000,sz.002732,16.9500,16.9700,16.9300,16.9700,34100,578242.0000,3
2025-06-10,20250610103000000,sz.002732,16.9700,17.0000,16.9400,16.9900,48200,817916.0000,3
2025-06-10,20250610103500000,sz.002732,17.0000,17.0100,16.9800,16.9900,23500,399232.0000,3
2025-06-10,20250610104000000,sz.002732,16.9900,17.0000,16.9700,16.9800,10300,174924.0000,3
2025-06-10,20250610104500000,sz.002732,16.9900,17.0200,16.9900,17.0100,83800,1425414.0000,3
2025-06-10,20250610105000000,sz.002732,17.0100,17.0100,17.0000,17.0000,19600,333312.0000,3
2025-06-10,20250610105500000,sz.002732,17.0000,17.0100,16.9800,17.0100,38700,657626.0000,3
2025-06-10,20250610110000000,sz.002732,17.0200,17.0200,16.9900,17.0000,48900,831486.0000,3
2025-06-10,20250610110500000,sz.002732,17.0100,17.1500,16.9900,17.1000,172300,2940000.0000,3
2025-06-10,20250610111000000,sz.002732,17.1000,17.1700,17.0800,17.1000,114800,1966814.0000,3
2025-06-10,20250610111500000,sz.002732,17.0800,17.0800,17.0400,17.0400,45000,768164.0000,3
2025-06-10,20250610112000000,sz.002732,17.0400,17.0700,17.0000,17.0400,63100,1073896.0000,3
2025-06-10,20250610112500000,sz.002732,17.0200,17.0500,16.9900,16.9900,21900,372508.0000,3
2025-06-10,20250610113000000,sz.002732,17.0000,17.0000,16.9800,16.9800,21200,360320.0000,3
2025-06-10,20250610130500000,sz.002732,16.9900,17.0100,16.9700,17.0000,20100,341582.0000,3
2025-06-10,20250610131000000,sz.002732,16.9900,17.0400,16.9800,17.0100,22500,382816.0000,3
2025-06-10,20250610131500000,sz.002732,16.9900,16.9900,16.8900,16.9000,44300,749986.0000,3
2025-06-10,20250610132000000,sz.002732,16.8800,16.8800,16.8000,16.8000,206000,3468036.0000,3
2025-06-10,20250610132500000,sz.002732,16.7900,16.8300,16.7300,16.8000,140500,2356980.0000,3
2025-06-10,20250610133000000,sz.002732,16.8000,16.8300,16.7800,16.7800,125600,2109692.0000,3
2025-06-10,20250610133500000,sz.002732,16.7600,17.0100,16.7400,17.0100,207000,3488924.0000,3
2025-06-10,20250610134000000,sz.002732,16.9500,16.9900,16.9100,16.9500,139400,2363248.0000,3
2025-06-10,20250610134500000,sz.002732,16.9400,17.0000,16.9400,16.9700,100900,1712860.0000,3
2025-06-10,20250610135000000,sz.002732,16.9700,17.0000,16.9600,16.9800,53900,915172.0000,3
2025-06-10,20250610135500000,sz.002732,16.9700,17.0500,16.9500,16.9900,96000,1632988.0000,3
2025-06-10,20250610140000000,sz.002732,16.9900,16.9900,16.9500,16.9500,23600,400548.0000,3
2025-06-10,20250610140500000,sz.002732,16.9500,16.9700,16.9200,16.9500,22600,382820.0000,3
2025-06-10,20250610141000000,sz.002732,16.9500,16.9700,16.9300,16.9700,20900,354068.0000,3
2025-06-10,20250610141500000,sz.002732,16.9700,16.9800,16.9500,16.9700,17500,296856.0000,3
2025-06-10,20250610142000000,sz.002732,16.9700,16.9800,16.9500,16.9700,16600,281588.0000,3
2025-06-10,20250610142500000,sz.002732,16.9500,16.9800,16.9500,16.9800,28600,485456.0000,3
2025-06-10,20250610143000000,sz.002732,16.9800,16.9800,16.9600,16.9600,18800,319076.0000,3
2025-06-10,20250610143500000,sz.002732,16.9600,16.9800,16.9400,16.9600,46200,783468.0000,3
2025-06-10,20250610144000000,sz.002732,16.9500,16.9700,16.9500,16.9700,23500,398552.0000,3
2025-06-10,20250610144500000,sz.002732,16.9600,16.9700,16.9500,16.9600,37800,640952.0000,3
2025-06-10,20250610145000000,sz.002732,16.9600,16.9700,16.9500,16.9600,77300,1311364.0000,3
2025-06-10,20250610145500000,sz.002732,16.9600,16.9700,16.9300,16.9400,82500,1398808.0000,3
2025-06-10,20250610150000000,sz.002732,16.9400,16.9500,16.9200,16.9500,50700,858956.0000,3
2025-06-11,20250611093500000,sz.002732,16.9100,16.9500,16.8800,16.9100,112400,1900812.0000,3
2025-06-11,20250611094000000,sz.002732,16.9100,17.0300,16.9100,17.0100,107500,1825005.0000,3
2025-06-11,20250611094500000,sz.002732,17.0100,17.1300,16.9900,17.1000,168400,2870430.0000,3
2025-06-11,20250611095000000,sz.002732,17.1100,17.1800,17.0700,17.1400,219300,3755403.0000,3
2025-06-11,20250611095500000,sz.002732,17.1400,17.1900,17.1000,17.1600,182200,3125465.0000,3
2025-06-11,20250611100000000,sz.002732,17.1800,17.2200,17.0900,17.0900,181900,3123813.0000,3
2025-06-11,20250611100500000,sz.002732,17.0900,17.1800,17.0900,17.1400,138200,2368382.0000,3
2025-06-11,20250611101000000,sz.002732,17.1200,17.1700,17.1200,17.1300,81600,1399050.0000,3
2025-06-11,20250611101500000,sz.002732,17.1300,17.1400,17.1200,17.1300,43300,741880.0000,3
2025-06-11,20250611102000000,sz.002732,17.1300,17.1300,17.0900,17.1000,32300,552546.0000,3
2025-06-11,20250611102500000,sz.002732,17.0900,17.1300,17.0800,17.1300,59900,1024214.0000,3
2025-06-11,20250611103000000,sz.002732,17.1400,17.1500,17.1200,17.1200,42300,724838.0000,3
2025-06-11,20250611103500000,sz.002732,17.1300,17.1500,17.1300,17.1400,44100,755818.0000,3
2025-06-11,20250611104000000,sz.002732,17.1400,17.1700,17.1300,17.1600,72900,1250456.0000,3
2025-06-11,20250611104500000,sz.002732,17.1600,17.1700,17.1400,17.1500,28000,480376.0000,3
2025-06-11,20250611105000000,sz.002732,17.1500,17.1500,17.0800,17.0800,32900,563184.0000,3
2025-06-11,20250611105500000,sz.002732,17.1000,17.1100,17.0900,17.0900,19400,331816.0000,3
2025-06-11,20250611110000000,sz.002732,17.0800,17.1200,17.0800,17.1100,21700,370896.0000,3
2025-06-11,20250611110500000,sz.002732,17.1200,17.1200,17.0900,17.0900,17600,301096.0000,3
2025-06-11,20250611111000000,sz.002732,17.0900,17.0900,17.0300,17.0400,73000,1245744.0000,3
2025-06-11,20250611111500000,sz.002732,17.0400,17.0600,17.0200,17.0400,32500,553716.0000,3
2025-06-11,20250611112000000,sz.002732,17.0500,17.0600,17.0400,17.0600,4800,81844.0000,3
2025-06-11,20250611112500000,sz.002732,17.0700,17.0700,17.0500,17.0600,6200,105748.0000,3
2025-06-11,20250611113000000,sz.002732,17.0500,17.0600,17.0400,17.0400,24600,419336.0000,3
2025-06-11,20250611130500000,sz.002732,17.0400,17.0400,17.0000,17.0100,48800,830552.0000,3
2025-06-11,20250611131000000,sz.002732,17.0100,17.0200,16.9800,16.9900,28100,477656.0000,3
2025-06-11,20250611131500000,sz.002732,17.0000,17.0000,16.9600,16.9800,23700,402330.0000,3
2025-06-11,20250611132000000,sz.002732,16.9800,16.9900,16.9600,16.9800,30900,524518.0000,3
2025-06-11,20250611132500000,sz.002732,16.9900,17.0100,16.9700,17.0100,20400,346752.0000,3
2025-06-11,20250611133000000,sz.002732,17.0100,17.0200,16.9900,16.9900,9400,159812.0000,3
2025-06-11,20250611133500000,sz.002732,16.9900,17.0000,16.9700,16.9800,19500,331180.0000,3
2025-06-11,20250611134000000,sz.002732,16.9700,17.0000,16.9700,16.9700,11600,197028.0000,3
2025-06-11,20250611134500000,sz.002732,16.9800,16.9900,16.9800,16.9900,10100,171532.0000,3
2025-06-11,20250611135000000,sz.002732,16.9800,17.0000,16.9800,17.0000,21500,365316.0000,3
2025-06-11,20250611135500000,sz.002732,16.9900,17.0100,16.9900,17.0100,4100,69712.0000,3
2025-06-11,20250611140000000,sz.002732,16.9900,17.0100,16.9900,16.9900,23100,392772.0000,3
2025-06-11,20250611140500000,sz.002732,17.0000,17.0200,16.9800,17.0000,9200,156384.0000,3
2025-06-11,20250611141000000,sz.002732,17.0000,17.0100,16.9800,17.0000,17700,300784.0000,3
2025-06-11,20250611141500000,sz.002732,16.9900,17.0100,16.9900,17.0000,11900,202280.0000,3
2025-06-11,20250611142000000,sz.002732,17.0000,17.0200,16.9600,16.9600,79400,1348664.0000,3
2025-06-11,20250611142500000,sz.002732,16.9600,16.9800,16.9500,16.9800,27200,461628.0000,3
2025-06-11,20250611143000000,sz.002732,16.9700,16.9800,16.9700,16.9800,20500,348016.0000,3
2025-06-11,20250611143500000,sz.002732,16.9700,16.9800,16.9600,16.9600,34100,578680.0000,3
2025-06-11,20250611144000000,sz.002732,16.9700,16.9700,16.9400,16.9400,59800,1013888.0000,3
2025-06-11,20250611144500000,sz.002732,16.9500,16.9600,16.9400,16.9400,25500,432160.0000,3
2025-06-11,20250611145000000,sz.002732,16.9500,16.9600,16.9300,16.9500,51200,867400.0000,3
2025-06-11,20250611145500000,sz.002732,16.9400,16.9600,16.9400,16.9400,61000,1033816.0000,3
2025-06-11,20250611150000000,sz.002732,16.9400,16.9600,16.9200,16.9400,67000,1135024.0000,3
2025-06-12,20250612093500000,sz.002732,16.8800,16.9000,16.7900,16.7900,357700,6023894.0000,3
2025-06-12,20250612094000000,sz.002732,16.8000,16.8300,16.7900,16.8300,72100,1212408.0000,3
2025-06-12,20250612094500000,sz.002732,16.8300,16.8600,16.8200,16.8500,148500,2499784.0000,3
2025-06-12,20250612095000000,sz.002732,16.8600,16.8600,16.7700,16.7800,169000,2840016.0000,3
2025-06-12,20250612095500000,sz.002732,16.7800,16.8300,16.7500,16.8200,130800,2194734.0000,3
2025-06-12,20250612100000000,sz.002732,16.8300,16.8500,16.8000,16.8100,28400,477955.0000,3
2025-06-12,20250612100500000,sz.002732,16.8100,16.8100,16.7400,16.7500,114700,1923053.0000,3
2025-06-12,20250612101000000,sz.002732,16.7500,16.7600,16.7100,16.7200,96100,1607928.0000,3
2025-06-12,20250612101500000,sz.002732,16.7400,16.7500,16.7000,16.7100,118500,1981818.0000,3
2025-06-12,20250612102000000,sz.002732,16.7300,16.7300,16.6400,16.6600,236600,3947538.0000,3
2025-06-12,20250612102500000,sz.002732,16.6400,16.6600,16.6100,16.6300,204700,3405016.0000,3
2025-06-12,20250612103000000,sz.002732,16.6400,16.6500,16.6100,16.6100,129200,2147876.0000,3
2025-06-12,20250612103500000,sz.002732,16.6100,16.6600,16.6000,16.6200,121500,2018606.0000,3
2025-06-12,20250612104000000,sz.002732,16.6300,16.6400,16.6000,16.6000,136400,2265918.0000,3
2025-06-12,20250612104500000,sz.002732,16.6200,16.6400,16.5700,16.5700,247900,4116808.0000,3
2025-06-12,20250612105000000,sz.002732,16.5700,16.6100,16.5500,16.5800,81800,1356076.0000,3
2025-06-12,20250612105500000,sz.002732,16.5700,16.6300,16.5700,16.6300,31400,521116.0000,3
2025-06-12,20250612110000000,sz.002732,16.6400,16.6500,16.6300,16.6500,44300,737092.0000,3
2025-06-12,20250612110500000,sz.002732,16.6400,16.6500,16.6100,16.6300,41300,686724.0000,3
2025-06-12,20250612111000000,sz.002732,16.6200,16.6300,16.6200,16.6300,10700,177924.0000,3
2025-06-12,20250612111500000,sz.002732,16.6300,16.6600,16.6200,16.6400,30900,514208.0000,3
2025-06-12,20250612112000000,sz.002732,16.6300,16.6500,16.6000,16.6000,39400,655036.0000,3
2025-06-12,20250612112500000,sz.002732,16.6000,16.6300,16.6000,16.6200,35400,588248.0000,3
2025-06-12,20250612113000000,sz.002732,16.6200,16.6300,16.6000,16.6000,56000,930568.0000,3
2025-06-12,20250612130500000,sz.002732,16.6000,16.6600,16.6000,16.6600,43100,716580.0000,3
2025-06-12,20250612131000000,sz.002732,16.6600,16.6600,16.6200,16.6300,22700,377836.0000,3
2025-06-12,20250612131500000,sz.002732,16.6300,16.6400,16.6200,16.6400,18300,304376.0000,3
2025-06-12,20250612132000000,sz.002732,16.6400,16.6500,16.6100,16.6200,42700,709900.0000,3
2025-06-12,20250612132500000,sz.002732,16.6200,16.6300,16.6100,16.6200,29400,488772.0000,3
2025-06-12,20250612133000000,sz.002732,16.6200,16.6200,16.5900,16.6000,48500,805036.0000,3
2025-06-12,20250612133500000,sz.002732,16.5900,16.6000,16.5600,16.5700,61600,1021100.0000,3
2025-06-12,20250612134000000,sz.002732,16.5700,16.5900,16.5700,16.5800,23400,387840.0000,3
2025-06-12,20250612134500000,sz.002732,16.5800,16.5900,16.5700,16.5700,26300,436144.0000,3
2025-06-12,20250612135000000,sz.002732,16.5700,16.6000,16.5700,16.5900,34300,569136.0000,3
2025-06-12,20250612135500000,sz.002732,16.5900,16.6200,16.5900,16.6000,33800,561104.0000,3
2025-06-12,20250612140000000,sz.002732,16.6000,16.6100,16.6000,16.6000,10000,166068.0000,3
2025-06-12,20250612140500000,sz.002732,16.6000,16.6300,16.6000,16.6300,27700,460108.0000,3
2025-06-12,20250612141000000,sz.002732,16.6300,16.6600,16.6300,16.6600,13000,216384.0000,3
2025-06-12,20250612141500000,sz.002732,16.6600,16.7600,16.6600,16.7400,75800,1267204.0000,3
2025-06-12,20250612142000000,sz.002732,16.7500,16.7500,16.7100,16.7400,19800,331452.0000,3
2025-06-12,20250612142500000,sz.002732,16.7400,16.7400,16.7000,16.7100,30900,516548.0000,3
2025-06-12,20250612143000000,sz.002732,16.7100,16.7400,16.7100,16.7200,39100,653992.0000,3
2025-06-12,20250612143500000,sz.002732,16.7200,16.7300,16.7000,16.7300,50400,842516.0000,3
2025-06-12,20250612144000000,sz.002732,16.7200,16.7400,16.7200,16.7300,26000,434928.0000,3
2025-06-12,20250612144500000,sz.002732,16.7300,16.7400,16.7200,16.7400,35500,594056.0000,3
2025-06-12,20250612145000000,sz.002732,16.7300,16.7500,16.7300,16.7400,48500,811712.0000,3
2025-06-12,20250612145500000,sz.002732,16.7400,16.7400,16.7000,16.7100,85500,1429168.0000,3
2025-06-12,20250612150000000,sz.002732,16.7100,16.7200,16.7000,16.7100,86200,1440780.0000,3
2025-06-13,20250613093500000,sz.002732,16.6900,16.6900,16.5600,16.5900,127400,2117895.0000,3
2025-06-13,20250613094000000,sz.002732,16.6000,16.6400,16.5700,16.5900,139600,2316541.0000,3
2025-06-13,20250613094500000,sz.002732,16.5800,16.5900,16.5300,16.5800,101000,1672514.0000,3
2025-06-13,20250613095000000,sz.002732,16.5600,16.5800,16.5000,16.5000,179600,2971767.0000,3
2025-06-13,20250613095500000,sz.002732,16.5000,16.5100,16.4600,16.4700,160300,2642881.0000,3
2025-06-13,20250613100000000,sz.002732,16.4700,16.4700,16.4300,16.4400,76700,1261796.0000,3
2025-06-13,20250613100500000,sz.002732,16.4400,16.5000,16.4300,16.4300,100400,1651744.0000,3
2025-06-13,20250613101000000,sz.002732,16.4200,16.4700,16.4100,16.4600,82200,1350048.0000,3
2025-06-13,20250613101500000,sz.002732,16.4700,16.4700,16.4300,16.4400,39100,643229.0000,3
2025-06-13,20250613102000000,sz.002732,16.4300,16.4400,16.3900,16.3900,108000,1772673.0000,3
2025-06-13,20250613102500000,sz.002732,16.4000,16.4000,16.3500,16.3700,101400,1660084.0000,3
2025-06-13,20250613103000000,sz.002732,16.3600,16.4200,16.3500,16.4000,78300,1281856.0000,3
2025-06-13,20250613103500000,sz.002732,16.4000,16.4300,16.3800,16.3800,49000,803616.0000,3
2025-06-13,20250613104000000,sz.002732,16.3800,16.4000,16.3800,16.3800,34400,563806.0000,3
2025-06-13,20250613104500000,sz.002732,16.3800,16.4200,16.3800,16.4000,48800,800238.0000,3
2025-06-13,20250613105000000,sz.002732,16.3900,16.4000,16.3800,16.4000,49200,806072.0000,3
2025-06-13,20250613105500000,sz.002732,16.4000,16.4100,16.3900,16.4000,29900,490258.0000,3
2025-06-13,20250613110000000,sz.002732,16.4000,16.4000,16.3800,16.3900,43300,709498.0000,3
2025-06-13,20250613110500000,sz.002732,16.3900,16.4200,16.3900,16.4100,19900,326472.0000,3
2025-06-13,20250613111000000,sz.002732,16.4200,16.4600,16.4100,16.4600,21200,348464.0000,3
2025-06-13,20250613111500000,sz.002732,16.4500,16.5000,16.4500,16.5000,30100,495956.0000,3
2025-06-13,20250613112000000,sz.002732,16.5000,16.5000,16.4700,16.4700,26400,435088.0000,3
2025-06-13,20250613112500000,sz.002732,16.4800,16.4800,16.4500,16.4600,12500,205810.0000,3
2025-06-13,20250613113000000,sz.002732,16.4800,16.4800,16.4500,16.4500,19700,324574.0000,3
2025-06-13,20250613130500000,sz.002732,16.4700,16.4800,16.4400,16.4400,27000,444228.0000,3
2025-06-13,20250613131000000,sz.002732,16.4400,16.4400,16.4300,16.4400,20400,335224.0000,3
2025-06-13,20250613131500000,sz.002732,16.4400,16.4600,16.4200,16.4200,32500,534380.0000,3
2025-06-13,20250613132000000,sz.002732,16.4200,16.4300,16.4000,16.4100,57400,941964.0000,3
2025-06-13,20250613132500000,sz.002732,16.4100,16.5100,16.4000,16.4600,72200,1187070.0000,3
2025-06-13,20250613133000000,sz.002732,16.4600,16.4800,16.4600,16.4700,62800,1034230.0000,3
2025-06-13,20250613133500000,sz.002732,16.4700,16.4900,16.4600,16.4600,36500,601172.0000,3
2025-06-13,20250613134000000,sz.002732,16.4600,16.4600,16.4500,16.4600,9100,149764.0000,3
2025-06-13,20250613134500000,sz.002732,16.4500,16.4700,16.4400,16.4500,15200,250160.0000,3
2025-06-13,20250613135000000,sz.002732,16.4500,16.4700,16.4400,16.4700,10300,169472.0000,3
2025-06-13,20250613135500000,sz.002732,16.4700,16.5000,16.4700,16.4800,18800,309808.0000,3
2025-06-13,20250613140000000,sz.002732,16.4800,16.4800,16.4400,16.4500,27100,446208.0000,3
2025-06-13,20250613140500000,sz.002732,16.4500,16.4800,16.4500,16.4800,18100,298028.0000,3
2025-06-13,20250613141000000,sz.002732,16.4700,16.4700,16.4500,16.4700,12100,199220.0000,3
2025-06-13,20250613141500000,sz.002732,16.4700,16.4800,16.4500,16.4500,6400,105376.0000,3
2025-06-13,20250613142000000,sz.002732,16.4600,16.4600,16.4400,16.4500,11400,187488.0000,3
2025-06-13,20250613142500000,sz.002732,16.4500,16.4500,16.4300,16.4400,10800,177600.0000,3
2025-06-13,20250613143000000,sz.002732,16.4300,16.4400,16.4100,16.4100,24500,402336.0000,3
2025-06-13,20250613143500000,sz.002732,16.4200,16.4200,16.3900,16.3900,48500,795352.0000,3
2025-06-13,20250613144000000,sz.002732,16.3900,16.3900,16.3600,16.3800,66300,1085556.0000,3
2025-06-13,20250613144500000,sz.002732,16.3900,16.3900,16.3700,16.3900,71000,1163052.0000,3
2025-06-13,20250613145000000,sz.002732,16.3900,16.4300,16.3800,16.4100,72300,1186340.0000,3
2025-06-13,20250613145500000,sz.002732,16.4000,16.4200,16.3900,16.4200,76800,1259804.0000,3
2025-06-13,20250613150000000,sz.002732,16.4200,16.4200,16.4000,16.4000,51700,848308.0000,3
2025-06-16,20250616093500000,sz.002732,16.3900,16.4200,16.3300,16.4000,124700,2043598.0000,3
2025-06-16,20250616094000000,sz.002732,16.4000,16.4700,16.4000,16.4600,54600,897408.0000,3
2025-06-16,20250616094500000,sz.002732,16.4500,16.5100,16.4500,16.5000,107800,1776778.0000,3
2025-06-16,20250616095000000,sz.002732,16.5000,16.5400,16.4600,16.5200,79000,1303326.0000,3
2025-06-16,20250616095500000,sz.002732,16.5200,16.5500,16.4800,16.4800,185100,3058134.0000,3
2025-06-16,20250616100000000,sz.002732,16.4700,16.4700,16.4200,16.4600,91400,1502717.0000,3
2025-06-16,20250616100500000,sz.002732,16.4500,16.5000,16.4500,16.4800,41000,675643.0000,3
2025-06-16,20250616101000000,sz.002732,16.4800,16.5000,16.4700,16.5000,24800,408916.0000,3
2025-06-16,20250616101500000,sz.002732,16.5000,16.5000,16.4400,16.4500,45300,745761.0000,3
2025-06-16,20250616102000000,sz.002732,16.4400,16.4600,16.4300,16.4600,39300,645845.0000,3
2025-06-16,20250616102500000,sz.002732,16.4600,16.5200,16.4600,16.5000,56400,930195.0000,3
2025-06-16,20250616103000000,sz.002732,16.5100,16.5200,16.4800,16.4800,27600,455399.0000,3
2025-06-16,20250616103500000,sz.002732,16.4800,16.4800,16.4600,16.4600,17800,293253.0000,3
2025-06-16,20250616104000000,sz.002732,16.4600,16.4700,16.4400,16.4500,60600,996489.0000,3
2025-06-16,20250616104500000,sz.002732,16.4500,16.4700,16.4500,16.4600,18000,296339.0000,3
2025-06-16,20250616105000000,sz.002732,16.4600,16.4600,16.4300,16.4300,69300,1140379.0000,3
2025-06-16,20250616105500000,sz.002732,16.4300,16.4400,16.4300,16.4400,7700,126528.0000,3
2025-06-16,20250616110000000,sz.002732,16.4400,16.4600,16.4200,16.4600,23000,378316.0000,3
2025-06-16,20250616110500000,sz.002732,16.4600,16.4600,16.4400,16.4500,47400,779760.0000,3
2025-06-16,20250616111000000,sz.002732,16.4400,16.4600,16.4400,16.4600,4400,72378.0000,3
2025-06-16,20250616111500000,sz.002732,16.4600,16.4700,16.4600,16.4700,19100,314478.0000,3
2025-06-16,20250616112000000,sz.002732,16.4700,16.4800,16.4600,16.4800,11800,194268.0000,3
2025-06-16,20250616112500000,sz.002732,16.4800,16.4900,16.4700,16.4900,4500,74176.0000,3
2025-06-16,20250616113000000,sz.002732,16.4800,16.4900,16.4700,16.4700,6200,102168.0000,3
2025-06-16,20250616130500000,sz.002732,16.4700,16.5500,16.4700,16.5300,65800,1087796.0000,3
2025-06-16,20250616131000000,sz.002732,16.5300,16.5300,16.5100,16.5300,25500,421380.0000,3
2025-06-16,20250616131500000,sz.002732,16.5400,16.5500,16.5200,16.5300,36200,598578.0000,3
2025-06-16,20250616132000000,sz.002732,16.5300,16.5300,16.4900,16.5000,19600,323754.0000,3
2025-06-16,20250616132500000,sz.002732,16.5000,16.5000,16.4800,16.4800,46300,763582.0000,3
2025-06-16,20250616133000000,sz.002732,16.4700,16.4900,16.4700,16.4800,36600,603304.0000,3
2025-06-16,20250616133500000,sz.002732,16.4700,16.4700,16.4300,16.4500,81000,1332466.0000,3
2025-06-16,20250616134000000,sz.002732,16.4400,16.4400,16.4200,16.4200,20800,341800.0000,3
2025-06-16,20250616134500000,sz.002732,16.4200,16.4300,16.4000,16.4100,27400,449824.0000,3
2025-06-16,20250616135000000,sz.002732,16.4100,16.4300,16.4100,16.4200,16500,270908.0000,3
2025-06-16,20250616135500000,sz.002732,16.4200,16.4300,16.4200,16.4200,38300,629136.0000,3
2025-06-16,20250616140000000,sz.002732,16.4200,16.4400,16.4200,16.4300,9700,159344.0000,3
2025-06-16,20250616140500000,sz.002732,16.4300,16.4300,16.4100,16.4100,62900,1032488.0000,3
2025-06-16,20250616141000000,sz.002732,16.4100,16.4200,16.4000,16.4200,67800,1112008.0000,3
2025-06-16,20250616141500000,sz.002732,16.4300,16.4300,16.4200,16.4300,7200,118252.0000,3
2025-06-16,20250616142000000,sz.002732,16.4200,16.4400,16.4200,16.4300,41000,673498.0000,3
2025-06-16,20250616142500000,sz.002732,16.4300,16.4500,16.4300,16.4300,22400,368214.0000,3
2025-06-16,20250616143000000,sz.002732,16.4300,16.4400,16.4200,16.4400,8100,133090.0000,3
2025-06-16,20250616143500000,sz.002732,16.4300,16.4500,16.4300,16.4400,22600,371444.0000,3
2025-06-16,20250616144000000,sz.002732,16.4300,16.4600,16.4300,16.4500,42000,690902.0000,3
2025-06-16,20250616144500000,sz.002732,16.4500,16.4900,16.4500,16.4700,68100,1122008.0000,3
2025-06-16,20250616145000000,sz.002732,16.4700,16.4900,16.4700,16.4800,23700,390560.0000,3
2025-06-16,20250616145500000,sz.002732,16.4800,16.4900,16.4800,16.4800,71200,1173626.0000,3
2025-06-16,20250616150000000,sz.002732,16.4800,16.4900,16.4700,16.4700,51000,840218.0000,3
2025-06-17,20250617093500000,sz.002732,16.5000,16.6500,16.5000,16.6000,248900,4137165.0000,3
2025-06-17,20250617094000000,sz.002732,16.6000,16.9100,16.5600,16.9100,373800,6255274.0000,3
2025-06-17,20250617094500000,sz.002732,16.9100,17.2100,16.8100,16.8500,872800,14847177.0000,3
2025-06-17,20250617095000000,sz.002732,16.8400,16.8400,16.7300,16.7400,163900,2747128.0000,3
2025-06-17,20250617095500000,sz.002732,16.7600,16.7700,16.6600,16.6600,112400,1879916.0000,3
2025-06-17,20250617100000000,sz.002732,16.6800,16.6900,16.6400,16.6500,67200,1119700.0000,3
2025-06-17,20250617100500000,sz.002732,16.6500,16.6600,16.6200,16.6400,90100,1499130.0000,3
2025-06-17,20250617101000000,sz.002732,16.6500,16.6500,16.6000,16.6100,55800,927606.0000,3
2025-06-17,20250617101500000,sz.002732,16.6000,16.6000,16.5700,16.5800,58100,963596.0000,3
2025-06-17,20250617102000000,sz.002732,16.5800,16.5900,16.5600,16.5800,52000,861932.0000,3
2025-06-17,20250617102500000,sz.002732,16.5700,16.5700,16.5300,16.5500,56000,927236.0000,3
2025-06-17,20250617103000000,sz.002732,16.5500,16.5700,16.5300,16.5500,61500,1018024.0000,3
2025-06-17,20250617103500000,sz.002732,16.5500,16.6100,16.5300,16.5900,64400,1067168.0000,3
2025-06-17,20250617104000000,sz.002732,16.5900,16.6500,16.5900,16.6000,55700,924872.0000,3
2025-06-17,20250617104500000,sz.002732,16.6100,16.6300,16.6000,16.6000,40700,676188.0000,3
2025-06-17,20250617105000000,sz.002732,16.6100,16.6100,16.5500,16.5500,30100,499016.0000,3
2025-06-17,20250617105500000,sz.002732,16.5500,16.5600,16.5400,16.5600,34800,575864.0000,3
2025-06-17,20250617110000000,sz.002732,16.5500,16.5900,16.5500,16.5700,32200,533632.0000,3
2025-06-17,20250617110500000,sz.002732,16.5700,16.5700,16.5600,16.5700,27900,462260.0000,3
2025-06-17,20250617111000000,sz.002732,16.5700,16.5800,16.5500,16.5500,20400,338100.0000,3
2025-06-17,20250617111500000,sz.002732,16.5500,16.5600,16.5400,16.5500,64600,1069204.0000,3
2025-06-17,20250617112000000,sz.002732,16.5500,16.5500,16.5300,16.5300,29400,486228.0000,3
2025-06-17,20250617112500000,sz.002732,16.5400,16.5600,16.5300,16.5300,35600,588972.0000,3
2025-06-17,20250617113000000,sz.002732,16.5300,16.6900,16.5200,16.6900,48100,798356.0000,3
2025-06-17,20250617130500000,sz.002732,16.7700,16.8000,16.6300,16.6700,473700,7919888.0000,3
2025-06-17,20250617131000000,sz.002732,16.6600,16.6600,16.5600,16.6000,131100,2178620.0000,3
2025-06-17,20250617131500000,sz.002732,16.5800,16.6200,16.5800,16.5900,57800,959516.0000,3
2025-06-17,20250617132000000,sz.002732,16.6000,16.6100,16.5400,16.5400,112200,1861508.0000,3
2025-06-17,20250617132500000,sz.002732,16.5500,16.5500,16.5200,16.5400,48900,808484.0000,3
2025-06-17,20250617133000000,sz.002732,16.5300,16.5300,16.5100,16.5100,30700,507264.0000,3
2025-06-17,20250617133500000,sz.002732,16.5100,16.5700,16.5100,16.5600,26700,441512.0000,3
2025-06-17,20250617134000000,sz.002732,16.5700,16.5700,16.5500,16.5600,14900,246756.0000,3
2025-06-17,20250617134500000,sz.002732,16.5700,16.5800,16.5600,16.5700,18300,303180.0000,3
2025-06-17,20250617135000000,sz.002732,16.5700,16.5800,16.5700,16.5700,18100,299936.0000,3
2025-06-17,20250617135500000,sz.002732,16.5700,16.5700,16.5400,16.5500,74100,1226816.0000,3
2025-06-17,20250617140000000,sz.002732,16.5400,16.5500,16.5200,16.5500,61000,1008580.0000,3
2025-06-17,20250617140500000,sz.002732,16.5400,16.5500,16.5300,16.5400,20700,342372.0000,3
2025-06-17,20250617141000000,sz.002732,16.5500,16.5500,16.5300,16.5400,11100,183584.0000,3
2025-06-17,20250617141500000,sz.002732,16.5400,16.5400,16.5200,16.5200,15200,251296.0000,3
2025-06-17,20250617142000000,sz.002732,16.5200,16.5300,16.5100,16.5300,45900,758152.0000,3
2025-06-17,20250617142500000,sz.002732,16.5200,16.5400,16.5200,16.5200,24300,401568.0000,3
2025-06-17,20250617143000000,sz.002732,16.5200,16.5300,16.5200,16.5300,42000,694052.0000,3
2025-06-17,20250617143500000,sz.002732,16.5300,16.5300,16.5000,16.5200,64200,1060256.0000,3
2025-06-17,20250617144000000,sz.002732,16.5100,16.5400,16.5100,16.5200,52600,869188.0000,3
2025-06-17,20250617144500000,sz.002732,16.5200,16.5700,16.5200,16.5500,85900,1420408.0000,3
2025-06-17,20250617145000000,sz.002732,16.5500,16.5800,16.5500,16.5800,65300,1081424.0000,3
2025-06-17,20250617145500000,sz.002732,16.5700,16.6000,16.5700,16.6000,83100,1377848.0000,3
2025-06-17,20250617150000000,sz.002732,16.6000,16.6500,16.5900,16.6400,240500,4001192.0000,3
2025-06-18,20250618093500000,sz.002732,16.3100,16.4100,16.2800,16.3500,453500,7402708.0000,3
2025-06-18,20250618094000000,sz.002732,16.3500,16.3600,16.2800,16.3100,158500,2586467.0000,3
2025-06-18,20250618094500000,sz.002732,16.3100,16.3200,16.2300,16.2600,167900,2733133.0000,3
2025-06-18,20250618095000000,sz.002732,16.2600,16.3100,16.2400,16.2900,158700,2582220.0000,3
2025-06-18,20250618095500000,sz.002732,16.2900,16.3200,16.2500,16.2500,56100,913142.0000,3
2025-06-18,20250618100000000,sz.002732,16.2500,16.3000,16.2500,16.2700,68200,1109162.0000,3
2025-06-18,20250618100500000,sz.002732,16.2600,16.2600,16.1800,16.1900,211500,3430404.0000,3
2025-06-18,20250618101000000,sz.002732,16.1900,16.1900,16.1300,16.1400,172400,2785440.0000,3
2025-06-18,20250618101500000,sz.002732,16.1300,16.2000,16.1300,16.1700,128700,2079532.0000,3
2025-06-18,20250618102000000,sz.002732,16.1700,16.2100,16.1700,16.1800,132200,2139386.0000,3
2025-06-18,20250618102500000,sz.002732,16.1800,16.1800,16.1400,16.1500,65200,1053140.0000,3
2025-06-18,20250618103000000,sz.002732,16.1500,16.1600,16.1300,16.1400,98000,1581916.0000,3
2025-06-18,20250618103500000,sz.002732,16.1400,16.1800,16.1300,16.1800,85600,1382634.0000,3
2025-06-18,20250618104000000,sz.002732,16.1600,16.1800,16.1600,16.1700,35000,566084.0000,3
2025-06-18,20250618104500000,sz.002732,16.1700,16.1800,16.1600,16.1600,10500,169716.0000,3
2025-06-18,20250618105000000,sz.002732,16.1600,16.1800,16.1600,16.1600,29400,475296.0000,3
2025-06-18,20250618105500000,sz.002732,16.1600,16.1600,16.1400,16.1400,43300,699260.0000,3
2025-06-18,20250618110000000,sz.002732,16.1300,16.1400,16.0900,16.1200,144400,2327256.0000,3
2025-06-18,20250618110500000,sz.002732,16.1300,16.1500,16.1300,16.1300,54200,874696.0000,3
2025-06-18,20250618111000000,sz.002732,16.1400,16.1600,16.1300,16.1500,20000,322848.0000,3
2025-06-18,20250618111500000,sz.002732,16.1600,16.1600,16.1400,16.1600,19700,318236.0000,3
2025-06-18,20250618112000000,sz.002732,16.1600,16.1700,16.1500,16.1600,12000,193908.0000,3
2025-06-18,20250618112500000,sz.002732,16.1600,16.1800,16.1400,16.1600,32900,531708.0000,3
2025-06-18,20250618113000000,sz.002732,16.1700,16.1800,16.1700,16.1700,6700,108364.0000,3
2025-06-18,20250618130500000,sz.002732,16.1700,16.1900,16.1400,16.1400,47300,764716.0000,3
2025-06-18,20250618131000000,sz.002732,16.1600,16.1700,16.1500,16.1700,21400,345804.0000,3
2025-06-18,20250618131500000,sz.002732,16.1600,16.1700,16.1600,16.1700,14500,234376.0000,3
2025-06-18,20250618132000000,sz.002732,16.1800,16.1900,16.1500,16.1600,33700,544560.0000,3
2025-06-18,20250618132500000,sz.002732,16.1600,16.1800,16.1600,16.1600,11600,187524.0000,3
2025-06-18,20250618133000000,sz.002732,16.1600,16.1700,16.1500,16.1600,13300,214924.0000,3
2025-06-18,20250618133500000,sz.002732,16.1600,16.1700,16.1600,16.1700,21800,352384.0000,3
2025-06-18,20250618134000000,sz.002732,16.1800,16.1800,16.1500,16.1500,45900,741680.0000,3
2025-06-18,20250618134500000,sz.002732,16.1500,16.1700,16.1300,16.1700,57900,935240.0000,3
2025-06-18,20250618135000000,sz.002732,16.1700,16.1800,16.1600,16.1600,13700,221492.0000,3
2025-06-18,20250618135500000,sz.002732,16.1600,16.1600,16.1300,16.1400,53000,855376.0000,3
2025-06-18,20250618140000000,sz.002732,16.1400,16.1600,16.1400,16.1500,12900,208316.0000,3
2025-06-18,20250618140500000,sz.002732,16.1500,16.1500,16.1200,16.1400,78800,1270932.0000,3
2025-06-18,20250618141000000,sz.002732,16.1300,16.1400,16.1300,16.1300,20900,337148.0000,3
2025-06-18,20250618141500000,sz.002732,16.1300,16.1500,16.1200,16.1500,16200,261348.0000,3
2025-06-18,20250618142000000,sz.002732,16.1500,16.1500,16.1200,16.1300,10100,162944.0000,3
2025-06-18,20250618142500000,sz.002732,16.1200,16.1300,16.1100,16.1300,51600,831760.0000,3
2025-06-18,20250618143000000,sz.002732,16.1300,16.1300,16.1100,16.1200,44100,710848.0000,3
2025-06-18,20250618143500000,sz.002732,16.1100,16.1300,16.1100,16.1300,31300,504604.0000,3
2025-06-18,20250618144000000,sz.002732,16.1200,16.1400,16.1200,16.1200,20100,324224.0000,3
2025-06-18,20250618144500000,sz.002732,16.1300,16.1400,16.1200,16.1300,18900,304828.0000,3
2025-06-18,20250618145000000,sz.002732,16.1400,16.1400,16.1100,16.1100,120300,1939616.0000,3
2025-06-18,20250618145500000,sz.002732,16.1200,16.1200,16.1100,16.1200,54800,883080.0000,3
2025-06-18,20250618150000000,sz.002732,16.1200,16.1500,16.1100,16.1500,90200,1455696.0000,3
2025-06-19,20250619093500000,sz.002732,16.1000,16.1700,16.0600,16.0700,81000,1304115.0000,3
2025-06-19,20250619094000000,sz.002732,16.0900,16.1700,16.0900,16.1500,56600,912356.0000,3
2025-06-19,20250619094500000,sz.002732,16.1400,16.1500,16.1000,16.1000,57100,921684.0000,3
2025-06-19,20250619095000000,sz.002732,16.1000,16.1100,16.0600,16.0600,56100,902619.0000,3
2025-06-19,20250619095500000,sz.002732,16.0600,16.1000,16.0500,16.0700,38500,618949.0000,3
2025-06-19,20250619100000000,sz.002732,16.0800,16.0900,16.0600,16.0600,31700,509329.0000,3
2025-06-19,20250619100500000,sz.002732,16.0500,16.0500,16.0100,16.0500,125800,2016355.0000,3
2025-06-19,20250619101000000,sz.002732,16.0500,16.0700,16.0500,16.0600,12800,205594.0000,3
2025-06-19,20250619101500000,sz.002732,16.0800,16.1000,16.0700,16.0800,36700,590148.0000,3
2025-06-19,20250619102000000,sz.002732,16.0800,16.0800,16.0600,16.0700,16000,257098.0000,3
2025-06-19,20250619102500000,sz.002732,16.0700,16.0700,16.0500,16.0500,41300,663305.0000,3
2025-06-19,20250619103000000,sz.002732,16.0600,16.0600,16.0500,16.0600,10700,171789.0000,3
2025-06-19,20250619103500000,sz.002732,16.0600,16.0700,16.0500,16.0600,31800,510676.0000,3
2025-06-19,20250619104000000,sz.002732,16.0600,16.0600,16.0300,16.0300,29000,465297.0000,3
2025-06-19,20250619104500000,sz.002732,16.0300,16.0800,16.0300,16.0800,53400,856944.0000,3
2025-06-19,20250619105000000,sz.002732,16.0800,16.0800,16.0600,16.0700,24200,389053.0000,3
2025-06-19,20250619105500000,sz.002732,16.0700,16.0700,16.0200,16.0400,22300,357651.0000,3
2025-06-19,20250619110000000,sz.002732,16.0400,16.0500,16.0200,16.0300,26600,426350.0000,3
2025-06-19,20250619110500000,sz.002732,16.0300,16.0300,16.0100,16.0200,60700,972077.0000,3
2025-06-19,20250619111000000,sz.002732,16.0100,16.0200,16.0100,16.0100,12700,203387.0000,3
2025-06-19,20250619111500000,sz.002732,16.0200,16.0200,16.0100,16.0200,12000,192188.0000,3
2025-06-19,20250619112000000,sz.002732,16.0200,16.0200,15.9600,15.9800,163300,2611822.0000,3
2025-06-19,20250619112500000,sz.002732,15.9800,15.9800,15.9600,15.9800,24100,384865.0000,3
2025-06-19,20250619113000000,sz.002732,15.9700,15.9700,15.9500,15.9500,18600,296850.0000,3
2025-06-19,20250619130500000,sz.002732,15.9600,15.9800,15.9400,15.9800,69800,1113715.0000,3
2025-06-19,20250619131000000,sz.002732,15.9700,15.9700,15.9400,15.9400,28900,460968.0000,3
2025-06-19,20250619131500000,sz.002732,15.9400,16.0100,15.9400,16.0100,56300,898770.0000,3
2025-06-19,20250619132000000,sz.002732,16.0200,16.0200,15.9600,15.9700,13400,214322.0000,3
2025-06-19,20250619132500000,sz.002732,15.9500,15.9900,15.9500,15.9800,21300,340354.0000,3
2025-06-19,20250619133000000,sz.002732,15.9800,16.0200,15.9800,16.0000,18400,294282.0000,3
2025-06-19,20250619133500000,sz.002732,16.0000,16.0200,15.9900,16.0200,6000,96050.0000,3
2025-06-19,20250619134000000,sz.002732,16.0200,16.0200,16.0100,16.0100,6900,110498.0000,3
2025-06-19,20250619134500000,sz.002732,16.0100,16.0100,15.9900,16.0000,5200,83196.0000,3
2025-06-19,20250619135000000,sz.002732,16.0000,16.0000,15.9700,15.9700,14700,234976.0000,3
2025-06-19,20250619135500000,sz.002732,15.9700,15.9700,15.9500,15.9700,25400,405320.0000,3
2025-06-19,20250619140000000,sz.002732,15.9700,15.9700,15.9600,15.9600,25200,402332.0000,3
2025-06-19,20250619140500000,sz.002732,15.9600,15.9900,15.9500,15.9700,41800,667620.0000,3
2025-06-19,20250619141000000,sz.002732,15.9600,15.9800,15.9600,15.9700,6400,102196.0000,3
2025-06-19,20250619141500000,sz.002732,15.9700,15.9900,15.9700,15.9700,16800,268422.0000,3
2025-06-19,20250619142000000,sz.002732,15.9700,15.9700,15.9300,15.9300,68000,1084108.0000,3
2025-06-19,20250619142500000,sz.002732,15.9400,15.9700,15.9400,15.9500,33500,534266.0000,3
2025-06-19,20250619143000000,sz.002732,15.9600,15.9600,15.9400,15.9500,23900,381184.0000,3
2025-06-19,20250619143500000,sz.002732,15.9500,15.9800,15.9200,15.9200,37600,599810.0000,3
2025-06-19,20250619144000000,sz.002732,15.9200,15.9200,15.9100,15.9100,29500,469464.0000,3
2025-06-19,20250619144500000,sz.002732,15.9100,15.9500,15.9100,15.9300,50300,800988.0000,3
2025-06-19,20250619145000000,sz.002732,15.9400,15.9400,15.9000,15.9100,43900,698628.0000,3
2025-06-19,20250619145500000,sz.002732,15.9100,15.9700,15.9100,15.9400,77800,1240134.0000,3
2025-06-19,20250619150000000,sz.002732,15.9400,15.9600,15.9300,15.9300,42800,682168.0000,3
2025-06-20,20250620093500000,sz.002732,15.9000,16.0400,15.9000,16.0200,160300,2560891.0000,3
2025-06-20,20250620094000000,sz.002732,16.0200,16.0300,16.0000,16.0000,59900,959425.0000,3
2025-06-20,20250620094500000,sz.002732,16.0000,16.0600,15.9900,16.0300,53700,860699.0000,3
2025-06-20,20250620095000000,sz.002732,16.0200,16.0400,15.9800,16.0100,88200,1411844.0000,3
2025-06-20,20250620095500000,sz.002732,16.0000,16.0100,15.9600,15.9700,41600,664832.0000,3
2025-06-20,20250620100000000,sz.002732,15.9700,16.0000,15.9600,15.9900,74400,1188587.0000,3
2025-06-20,20250620100500000,sz.002732,16.0000,16.0100,15.9900,16.0000,14100,225600.0000,3
2025-06-20,20250620101000000,sz.002732,16.0000,16.0000,15.9800,15.9800,7900,126307.0000,3
2025-06-20,20250620101500000,sz.002732,15.9900,16.0000,15.9300,15.9400,43200,689239.0000,3
2025-06-20,20250620102000000,sz.002732,15.9300,15.9400,15.9100,15.9300,43000,684611.0000,3
2025-06-20,20250620102500000,sz.002732,15.9200,15.9300,15.9000,15.9300,36600,582394.0000,3
2025-06-20,20250620103000000,sz.002732,15.9400,15.9800,15.9400,15.9800,8500,135642.0000,3
2025-06-20,20250620103500000,sz.002732,15.9800,15.9800,15.9200,15.9200,20100,320372.0000,3
2025-06-20,20250620104000000,sz.002732,15.9200,15.9200,15.9100,15.9100,25200,401070.0000,3
2025-06-20,20250620104500000,sz.002732,15.9100,15.9400,15.9000,15.9200,19700,313638.0000,3
2025-06-20,20250620105000000,sz.002732,15.9300,15.9400,15.9300,15.9300,33800,538375.0000,3
2025-06-20,20250620105500000,sz.002732,15.9300,15.9700,15.9300,15.9500,11000,175437.0000,3
2025-06-20,20250620110000000,sz.002732,15.9500,15.9500,15.9400,15.9400,14700,234370.0000,3
2025-06-20,20250620110500000,sz.002732,15.9400,15.9500,15.9400,15.9400,9700,154636.0000,3
2025-06-20,20250620111000000,sz.002732,15.9500,15.9500,15.9300,15.9500,10300,164183.0000,3
2025-06-20,20250620111500000,sz.002732,15.9400,15.9500,15.9300,15.9400,4500,71718.0000,3
2025-06-20,20250620112000000,sz.002732,15.9600,15.9700,15.9500,15.9500,28100,448227.0000,3
2025-06-20,20250620112500000,sz.002732,15.9500,15.9500,15.9400,15.9500,3000,47846.0000,3
2025-06-20,20250620113000000,sz.002732,15.9400,15.9500,15.9400,15.9500,8300,132311.0000,3
2025-06-20,20250620130500000,sz.002732,15.9500,15.9500,15.9400,15.9500,11000,175391.0000,3
2025-06-20,20250620131000000,sz.002732,15.9500,16.0000,15.9500,15.9900,15400,245875.0000,3
2025-06-20,20250620131500000,sz.002732,15.9900,16.0000,15.9600,16.0000,24900,398230.0000,3
2025-06-20,20250620132000000,sz.002732,16.0000,16.0000,15.9800,16.0000,34000,543855.0000,3
2025-06-20,20250620132500000,sz.002732,16.0000,16.0000,15.9800,15.9900,12000,191769.0000,3
2025-06-20,20250620133000000,sz.002732,15.9900,15.9900,15.9800,15.9800,7400,118260.0000,3
2025-06-20,20250620133500000,sz.002732,15.9800,15.9900,15.9800,15.9800,10000,159817.0000,3
2025-06-20,20250620134000000,sz.002732,15.9700,15.9800,15.9600,15.9700,9900,158109.0000,3
2025-06-20,20250620134500000,sz.002732,15.9700,15.9800,15.9700,15.9700,7000,111795.0000,3
2025-06-20,20250620135000000,sz.002732,15.9700,15.9800,15.9500,15.9700,36500,582820.0000,3
2025-06-20,20250620135500000,sz.002732,15.9700,15.9700,15.9500,15.9600,8100,129273.0000,3
2025-06-20,20250620140000000,sz.002732,15.9500,15.9700,15.9500,15.9600,13900,221803.0000,3
2025-06-20,20250620140500000,sz.002732,15.9500,15.9600,15.9300,15.9400,28700,457644.0000,3
2025-06-20,20250620141000000,sz.002732,15.9400,15.9400,15.9300,15.9400,16000,254913.0000,3
2025-06-20,20250620141500000,sz.002732,15.9300,15.9400,15.9200,15.9300,29300,466716.0000,3
2025-06-20,20250620142000000,sz.002732,15.9300,15.9300,15.9200,15.9300,17400,277104.0000,3
2025-06-20,20250620142500000,sz.002732,15.9300,15.9500,15.9200,15.9300,25100,400026.0000,3
2025-06-20,20250620143000000,sz.002732,15.9300,15.9300,15.9200,15.9300,3700,58922.0000,3
2025-06-20,20250620143500000,sz.002732,15.9300,15.9300,15.9100,15.9100,23300,370920.0000,3
2025-06-20,20250620144000000,sz.002732,15.9100,15.9300,15.9100,15.9200,15900,252996.0000,3
2025-06-20,20250620144500000,sz.002732,15.9100,15.9300,15.9100,15.9100,48000,763772.0000,3
2025-06-20,20250620145000000,sz.002732,15.9000,15.9300,15.9000,15.9300,42100,670094.0000,3
2025-06-20,20250620145500000,sz.002732,15.9200,15.9300,15.9100,15.9200,60100,956450.0000,3
2025-06-20,20250620150000000,sz.002732,15.9100,15.9100,15.9000,15.9000,46200,734808.0000,3
2025-06-23,20250623093500000,sz.002732,15.8300,15.8400,15.7000,15.8400,153000,2414713.0000,3
2025-06-23,20250623094000000,sz.002732,15.8600,15.8900,15.8500,15.8500,56200,892303.0000,3
2025-06-23,20250623094500000,sz.002732,15.8500,15.8900,15.8400,15.8600,99200,1574467.0000,3
2025-06-23,20250623095000000,sz.002732,15.8900,15.9800,15.8500,15.9800,92000,1462381.0000,3
2025-06-23,20250623095500000,sz.002732,15.9600,15.9600,15.9200,15.9600,32200,513470.0000,3
2025-06-23,20250623100000000,sz.002732,15.9600,15.9800,15.9500,15.9600,26600,424667.0000,3
2025-06-23,20250623100500000,sz.002732,15.9500,15.9600,15.9400,15.9400,20100,320600.0000,3
2025-06-23,20250623101000000,sz.002732,15.9400,15.9500,15.9000,15.9100,97900,1559370.0000,3
2025-06-23,20250623101500000,sz.002732,15.9100,15.9200,15.9000,15.9000,8400,133623.0000,3
2025-06-23,20250623102000000,sz.002732,15.9000,15.9000,15.8700,15.9000,28400,450634.0000,3
2025-06-23,20250623102500000,sz.002732,15.8900,15.9100,15.8900,15.9000,18800,298876.0000,3
2025-06-23,20250623103000000,sz.002732,15.9000,15.9300,15.9000,15.9100,14600,232411.0000,3
2025-06-23,20250623103500000,sz.002732,15.9200,15.9800,15.9200,15.9800,38100,607600.0000,3
2025-06-23,20250623104000000,sz.002732,15.9900,16.0100,15.9800,16.0000,18200,291094.0000,3
2025-06-23,20250623104500000,sz.002732,16.0000,16.0600,16.0000,16.0100,29000,464802.0000,3
2025-06-23,20250623105000000,sz.002732,16.0100,16.0100,15.9800,15.9900,25800,412445.0000,3
2025-06-23,20250623105500000,sz.002732,15.9900,15.9900,15.9800,15.9800,8300,132698.0000,3
2025-06-23,20250623110000000,sz.002732,15.9800,15.9800,15.9700,15.9700,8100,129408.0000,3
2025-06-23,20250623110500000,sz.002732,15.9700,15.9800,15.9600,15.9800,9400,150143.0000,3
2025-06-23,20250623111000000,sz.002732,15.9800,15.9800,15.9700,15.9700,3500,55910.0000,3
2025-06-23,20250623111500000,sz.002732,15.9700,15.9800,15.9700,15.9800,13400,214070.0000,3
2025-06-23,20250623112000000,sz.002732,15.9800,16.0000,15.9800,16.0000,12200,195062.0000,3
2025-06-23,20250623112500000,sz.002732,15.9900,16.0000,15.9900,15.9900,1600,25587.0000,3
2025-06-23,20250623113000000,sz.002732,15.9900,16.0000,15.9700,15.9700,9900,158194.0000,3
2025-06-23,20250623130500000,sz.002732,15.9700,16.0200,15.9700,16.0200,13900,222230.0000,3
2025-06-23,20250623131000000,sz.002732,16.0000,16.0000,15.9700,15.9800,13000,207794.0000,3
2025-06-23,20250623131500000,sz.002732,15.9800,15.9900,15.9500,15.9600,30900,493418.0000,3
2025-06-23,20250623132000000,sz.002732,15.9600,15.9900,15.9600,15.9800,25200,402480.0000,3
2025-06-23,20250623132500000,sz.002732,15.9900,16.0200,15.9900,16.0200,7300,116849.0000,3
2025-06-23,20250623133000000,sz.002732,16.0200,16.0300,16.0200,16.0300,18100,290038.0000,3
2025-06-23,20250623133500000,sz.002732,16.0300,16.0800,16.0300,16.0500,59700,958714.0000,3
2025-06-23,20250623134000000,sz.002732,16.0500,16.0600,16.0400,16.0500,19200,308132.0000,3
2025-06-23,20250623134500000,sz.002732,16.0500,16.0600,16.0400,16.0400,18800,301601.0000,3
2025-06-23,20250623135000000,sz.002732,16.0400,16.0600,16.0300,16.0500,31800,510408.0000,3
2025-06-23,20250623135500000,sz.002732,16.0500,16.0600,16.0400,16.0600,8700,139654.0000,3
2025-06-23,20250623140000000,sz.002732,16.0500,16.0600,16.0400,16.0500,17500,280916.0000,3
2025-06-23,20250623140500000,sz.002732,16.0500,16.0600,16.0300,16.0500,13600,218302.0000,3
2025-06-23,20250623141000000,sz.002732,16.0500,16.0500,16.0300,16.0500,18700,300008.0000,3
2025-06-23,20250623141500000,sz.002732,16.0400,16.0600,16.0400,16.0500,8400,134826.0000,3
2025-06-23,20250623142000000,sz.002732,16.0500,16.0600,16.0500,16.0600,2900,46550.0000,3
2025-06-23,20250623142500000,sz.002732,16.0600,16.0600,16.0400,16.0500,13400,215074.0000,3
2025-06-23,20250623143000000,sz.002732,16.0500,16.0600,16.0500,16.0600,30200,484744.0000,3
2025-06-23,20250623143500000,sz.002732,16.0600,16.0600,16.0500,16.0600,27800,446286.0000,3
2025-06-23,20250623144000000,sz.002732,16.0600,16.0600,16.0400,16.0500,34500,553792.0000,3
2025-06-23,20250623144500000,sz.002732,16.0500,16.0600,16.0400,16.0500,25400,407624.0000,3
2025-06-23,20250623145000000,sz.002732,16.0400,16.0600,16.0400,16.0600,41600,667708.0000,3
2025-06-23,20250623145500000,sz.002732,16.0500,16.0500,16.0300,16.0500,50200,805234.0000,3
2025-06-23,20250623150000000,sz.002732,16.0400,16.0500,16.0200,16.0500,53000,850190.0000,3
2025-06-24,20250624093500000,sz.002732,16.0800,16.1300,16.0000,16.1200,150000,2410279.0000,3
2025-06-24,20250624094000000,sz.002732,16.1100,16.1300,16.0700,16.0800,84000,1352241.0000,3
2025-06-24,20250624094500000,sz.002732,16.0900,16.1400,16.0800,16.1200,65400,1053814.0000,3
2025-06-24,20250624095000000,sz.002732,16.1200,16.1800,16.1100,16.1500,139000,2243233.0000,3
2025-06-24,20250624095500000,sz.002732,16.1600,16.1700,16.1200,16.1300,73300,1184272.0000,3
2025-06-24,20250624100000000,sz.002732,16.1300,16.1700,16.1300,16.1600,66900,1080274.0000,3
2025-06-24,20250624100500000,sz.002732,16.1600,16.1900,16.1600,16.1700,59700,965496.0000,3
2025-06-24,20250624101000000,sz.002732,16.1800,16.1800,16.1500,16.1700,33000,533415.0000,3
2025-06-24,20250624101500000,sz.002732,16.1700,16.2100,16.1700,16.2100,83100,1345527.0000,3
2025-06-24,20250624102000000,sz.002732,16.2200,16.2200,16.1900,16.1900,71400,1157290.0000,3
2025-06-24,20250624102500000,sz.002732,16.2000,16.2200,16.1900,16.2000,63300,1025274.0000,3
2025-06-24,20250624103000000,sz.002732,16.2000,16.2300,16.2000,16.2200,59700,968163.0000,3
2025-06-24,20250624103500000,sz.002732,16.2200,16.2200,16.2000,16.2000,69400,1125074.0000,3
2025-06-24,20250624104000000,sz.002732,16.2000,16.2100,16.1900,16.1900,25800,418060.0000,3
2025-06-24,20250624104500000,sz.002732,16.2000,16.2200,16.1800,16.2200,48800,790480.0000,3
2025-06-24,20250624105000000,sz.002732,16.2100,16.2200,16.2000,16.2100,23100,374486.0000,3
2025-06-24,20250624105500000,sz.002732,16.2100,16.2200,16.2100,16.2100,20400,330754.0000,3
2025-06-24,20250624110000000,sz.002732,16.2200,16.2200,16.2100,16.2100,34400,557640.0000,3
2025-06-24,20250624110500000,sz.002732,16.2100,16.2200,16.2000,16.2100,10400,168578.0000,3
2025-06-24,20250624111000000,sz.002732,16.2100,16.2200,16.2100,16.2100,7600,123220.0000,3
2025-06-24,20250624111500000,sz.002732,16.2100,16.2300,16.2100,16.2200,48000,778398.0000,3
2025-06-24,20250624112000000,sz.002732,16.2200,16.2300,16.2100,16.2100,10700,173604.0000,3
2025-06-24,20250624112500000,sz.002732,16.2200,16.2300,16.2200,16.2300,28300,459048.0000,3
2025-06-24,20250624113000000,sz.002732,16.2300,16.2300,16.2200,16.2300,10400,168768.0000,3
2025-06-24,20250624130500000,sz.002732,16.2300,16.2500,16.2300,16.2400,34700,563428.0000,3
2025-06-24,20250624131000000,sz.002732,16.2200,16.2600,16.2200,16.2600,57100,927840.0000,3
2025-06-24,20250624131500000,sz.002732,16.2600,16.2800,16.2600,16.2700,25100,408292.0000,3
2025-06-24,20250624132000000,sz.002732,16.2600,16.2600,16.2400,16.2400,22100,359132.0000,3
2025-06-24,20250624132500000,sz.002732,16.2400,16.2400,16.2200,16.2300,16000,259668.0000,3
2025-06-24,20250624133000000,sz.002732,16.2300,16.2500,16.2300,16.2500,12600,204548.0000,3
2025-06-24,20250624133500000,sz.002732,16.2500,16.2600,16.2400,16.2500,13100,212860.0000,3
2025-06-24,20250624134000000,sz.002732,16.2600,16.2700,16.2500,16.2600,14100,229290.0000,3
2025-06-24,20250624134500000,sz.002732,16.2600,16.3200,16.2600,16.3100,103800,1691518.0000,3
2025-06-24,20250624135000000,sz.002732,16.3500,16.3600,16.2900,16.3100,95000,1553014.0000,3
2025-06-24,20250624135500000,sz.002732,16.3100,16.3100,16.2900,16.2900,17000,277206.0000,3
2025-06-24,20250624140000000,sz.002732,16.2900,16.3000,16.2800,16.2900,15900,259100.0000,3
2025-06-24,20250624140500000,sz.002732,16.2900,16.3100,16.2600,16.2700,37000,603164.0000,3
2025-06-24,20250624141000000,sz.002732,16.2700,16.2800,16.2700,16.2800,6000,97662.0000,3
2025-06-24,20250624141500000,sz.002732,16.2800,16.3000,16.2700,16.2700,22900,372878.0000,3
2025-06-24,20250624142000000,sz.002732,16.2800,16.3000,16.2800,16.2800,13200,214960.0000,3
2025-06-24,20250624142500000,sz.002732,16.3000,16.3000,16.2800,16.2900,13500,219960.0000,3
2025-06-24,20250624143000000,sz.002732,16.2900,16.2900,16.2800,16.2800,9600,156298.0000,3
2025-06-24,20250624143500000,sz.002732,16.2900,16.2900,16.2700,16.2700,15000,244250.0000,3
2025-06-24,20250624144000000,sz.002732,16.2700,16.2900,16.2700,16.2700,21000,341786.0000,3
2025-06-24,20250624144500000,sz.002732,16.2700,16.2900,16.2700,16.2800,27400,446210.0000,3
2025-06-24,20250624145000000,sz.002732,16.2900,16.2900,16.2700,16.2800,34400,560078.0000,3
2025-06-24,20250624145500000,sz.002732,16.2800,16.2800,16.2600,16.2700,36400,592346.0000,3
2025-06-24,20250624150000000,sz.002732,16.2700,16.2800,16.2600,16.2800,47900,779484.0000,3
2025-06-25,20250625093500000,sz.002732,16.4000,16.4000,16.2200,16.2700,167600,2736369.0000,3
2025-06-25,20250625094000000,sz.002732,16.2700,16.2800,16.2600,16.2800,46500,756640.0000,3
2025-06-25,20250625094500000,sz.002732,16.2800,16.2900,16.2400,16.2800,85500,1390605.0000,3
2025-06-25,20250625095000000,sz.002732,16.2700,16.3300,16.2700,16.3300,50800,828322.0000,3
2025-06-25,20250625095500000,sz.002732,16.3300,16.3500,16.3200,16.3300,59900,978433.0000,3
2025-06-25,20250625100000000,sz.002732,16.3400,16.3800,16.3300,16.3700,81500,1333223.0000,3
2025-06-25,20250625100500000,sz.002732,16.3700,16.3800,16.3100,16.3200,71700,1172070.0000,3
2025-06-25,20250625101000000,sz.002732,16.3300,16.3300,16.2700,16.3000,42200,687781.0000,3
2025-06-25,20250625101500000,sz.002732,16.3100,16.3200,16.2900,16.2900,19000,309689.0000,3
2025-06-25,20250625102000000,sz.002732,16.2900,16.3000,16.2800,16.2800,11300,184015.0000,3
2025-06-25,20250625102500000,sz.002732,16.2800,16.2800,16.2500,16.2600,63200,1027890.0000,3
2025-06-25,20250625103000000,sz.002732,16.2500,16.2600,16.1900,16.2000,82400,1337096.0000,3
2025-06-25,20250625103500000,sz.002732,16.2000,16.2300,16.1800,16.2100,53400,865211.0000,3
2025-06-25,20250625104000000,sz.002732,16.2100,16.2200,16.2000,16.2100,36100,585184.0000,3
2025-06-25,20250625104500000,sz.002732,16.2100,16.2100,16.1800,16.2000,32800,531087.0000,3
2025-06-25,20250625105000000,sz.002732,16.2000,16.2000,16.1700,16.1800,34600,559981.0000,3
2025-06-25,20250625105500000,sz.002732,16.1800,16.2200,16.1800,16.2200,22700,367749.0000,3
2025-06-25,20250625110000000,sz.002732,16.2300,16.2300,16.2200,16.2200,20700,335917.0000,3
2025-06-25,20250625110500000,sz.002732,16.2200,16.2300,16.2100,16.2300,47300,767214.0000,3
2025-06-25,20250625111000000,sz.002732,16.2300,16.2300,16.2200,16.2200,5000,81132.0000,3
2025-06-25,20250625111500000,sz.002732,16.2200,16.2300,16.2000,16.2000,13400,217254.0000,3
2025-06-25,20250625112000000,sz.002732,16.2000,16.2200,16.1900,16.2100,48800,790822.0000,3
2025-06-25,20250625112500000,sz.002732,16.2300,16.2400,16.2000,16.2000,9800,158920.0000,3
2025-06-25,20250625113000000,sz.002732,16.2000,16.2500,16.2000,16.2500,12300,199536.0000,3
2025-06-25,20250625130500000,sz.002732,16.2500,16.2800,16.2500,16.2700,20800,338316.0000,3
2025-06-25,20250625131000000,sz.002732,16.2600,16.2600,16.2300,16.2300,36700,596250.0000,3
2025-06-25,20250625131500000,sz.002732,16.2300,16.2400,16.2300,16.2300,8600,139582.0000,3
2025-06-25,20250625132000000,sz.002732,16.2300,16.2300,16.2200,16.2200,5600,90852.0000,3
2025-06-25,20250625132500000,sz.002732,16.2200,16.2400,16.2200,16.2300,22200,360252.0000,3
2025-06-25,20250625133000000,sz.002732,16.2300,16.2500,16.2200,16.2300,58800,954176.0000,3
2025-06-25,20250625133500000,sz.002732,16.2200,16.2300,16.2200,16.2300,27100,439694.0000,3
2025-06-25,20250625134000000,sz.002732,16.2200,16.2300,16.2200,16.2200,11400,184914.0000,3
2025-06-25,20250625134500000,sz.002732,16.2200,16.2500,16.2200,16.2300,16800,272704.0000,3
2025-06-25,20250625135000000,sz.002732,16.2300,16.2400,16.2300,16.2400,5500,89312.0000,3
2025-06-25,20250625135500000,sz.002732,16.2500,16.2600,16.2000,16.2500,77900,1264708.0000,3
2025-06-25,20250625140000000,sz.002732,16.2500,16.2700,16.2500,16.2600,11900,193520.0000,3
2025-06-25,20250625140500000,sz.002732,16.2700,16.3000,16.2600,16.2900,31400,511290.0000,3
2025-06-25,20250625141000000,sz.002732,16.2800,16.3100,16.2700,16.3100,45600,743106.0000,3
2025-06-25,20250625141500000,sz.002732,16.3100,16.3200,16.2800,16.3200,68900,1122840.0000,3
2025-06-25,20250625142000000,sz.002732,16.3100,16.3200,16.3000,16.3200,19200,313254.0000,3
2025-06-25,20250625142500000,sz.002732,16.3100,16.3400,16.3100,16.3300,32100,524170.0000,3
2025-06-25,20250625143000000,sz.002732,16.3400,16.3400,16.3200,16.3300,38600,630412.0000,3
2025-06-25,20250625143500000,sz.002732,16.3300,16.3300,16.3000,16.3200,33400,544632.0000,3
2025-06-25,20250625144000000,sz.002732,16.3100,16.3200,16.3000,16.3200,57100,930910.0000,3
2025-06-25,20250625144500000,sz.002732,16.3100,16.3200,16.3000,16.3000,12600,205498.0000,3
2025-06-25,20250625145000000,sz.002732,16.3000,16.3100,16.2900,16.2900,59000,961664.0000,3
2025-06-25,20250625145500000,sz.002732,16.2900,16.3100,16.2900,16.3100,47500,774320.0000,3
2025-06-25,20250625150000000,sz.002732,16.3000,16.3200,16.3000,16.3100,33100,539824.0000,3
2025-06-26,20250626093500000,sz.002732,16.3900,16.3900,16.2200,16.2400,118100,1921385.0000,3
2025-06-26,20250626094000000,sz.002732,16.2400,16.2900,16.2300,16.2500,50900,827585.0000,3
2025-06-26,20250626094500000,sz.002732,16.2400,16.2500,16.2200,16.2400,46400,753376.0000,3
2025-06-26,20250626095000000,sz.002732,16.2400,16.2900,16.2400,16.2900,31500,512508.0000,3
2025-06-26,20250626095500000,sz.002732,16.3000,16.3000,16.2700,16.2700,24200,394042.0000,3
2025-06-26,20250626100000000,sz.002732,16.2700,16.2700,16.2600,16.2600,28600,465106.0000,3
2025-06-26,20250626100500000,sz.002732,16.2600,16.2600,16.2400,16.2500,58100,944143.0000,3
2025-06-26,20250626101000000,sz.002732,16.2500,16.2800,16.2500,16.2700,23600,383908.0000,3
2025-06-26,20250626101500000,sz.002732,16.2800,16.3000,16.2700,16.2800,75800,1233910.0000,3
2025-06-26,20250626102000000,sz.002732,16.2900,16.2900,16.2700,16.2700,16000,260375.0000,3
2025-06-26,20250626102500000,sz.002732,16.2700,16.2900,16.2700,16.2900,35200,573170.0000,3
2025-06-26,20250626103000000,sz.002732,16.2900,16.3100,16.2900,16.3100,32800,534631.0000,3
2025-06-26,20250626103500000,sz.002732,16.3100,16.3500,16.3100,16.3400,58900,961863.0000,3
2025-06-26,20250626104000000,sz.002732,16.3400,16.3600,16.3200,16.3200,66500,1086930.0000,3
2025-06-26,20250626104500000,sz.002732,16.3300,16.3300,16.3100,16.3100,9100,148506.0000,3
2025-06-26,20250626105000000,sz.002732,16.3100,16.3200,16.3000,16.3000,33600,548049.0000,3
2025-06-26,20250626105500000,sz.002732,16.3000,16.3100,16.3000,16.3000,4300,70110.0000,3
2025-06-26,20250626110000000,sz.002732,16.3100,16.3200,16.3100,16.3100,7800,127234.0000,3
2025-06-26,20250626110500000,sz.002732,16.3000,16.3200,16.3000,16.3100,6600,107644.0000,3
2025-06-26,20250626111000000,sz.002732,16.3200,16.3300,16.3100,16.3300,35200,574471.0000,3
2025-06-26,20250626111500000,sz.002732,16.3300,16.3400,16.3300,16.3300,16600,271154.0000,3
2025-06-26,20250626112000000,sz.002732,16.3400,16.3500,16.3300,16.3500,49600,810414.0000,3
2025-06-26,20250626112500000,sz.002732,16.3400,16.3700,16.3400,16.3600,147000,2404539.0000,3
2025-06-26,20250626113000000,sz.002732,16.3500,16.3600,16.3400,16.3400,11500,188005.0000,3
2025-06-26,20250626130500000,sz.002732,16.3400,16.4100,16.3400,16.3900,164000,2685494.0000,3
2025-06-26,20250626131000000,sz.002732,16.3800,16.3900,16.3500,16.3500,102100,1670708.0000,3
2025-06-26,20250626131500000,sz.002732,16.3600,16.3600,16.3300,16.3300,31500,514854.0000,3
2025-06-26,20250626132000000,sz.002732,16.3200,16.3300,16.3100,16.3300,46300,755602.0000,3
2025-06-26,20250626132500000,sz.002732,16.3300,16.4200,16.3300,16.4100,74200,1215112.0000,3
2025-06-26,20250626133000000,sz.002732,16.4100,16.4300,16.3900,16.4100,66200,1086460.0000,3
2025-06-26,20250626133500000,sz.002732,16.4100,16.4200,16.3900,16.4000,62000,1017522.0000,3
2025-06-26,20250626134000000,sz.002732,16.3800,16.3800,16.3700,16.3800,29700,486530.0000,3
2025-06-26,20250626134500000,sz.002732,16.3800,16.3800,16.3500,16.3500,25500,417412.0000,3
2025-06-26,20250626135000000,sz.002732,16.3500,16.3500,16.3300,16.3400,21100,344738.0000,3
2025-06-26,20250626135500000,sz.002732,16.3500,16.3500,16.3300,16.3300,22900,374008.0000,3
2025-06-26,20250626140000000,sz.002732,16.3200,16.3400,16.3200,16.3300,34800,568114.0000,3
2025-06-26,20250626140500000,sz.002732,16.3200,16.3300,16.3100,16.3300,30100,491160.0000,3
2025-06-26,20250626141000000,sz.002732,16.3300,16.3300,16.3100,16.3200,28100,458462.0000,3
2025-06-26,20250626141500000,sz.002732,16.3300,16.4000,16.3300,16.3500,35700,583770.0000,3
2025-06-26,20250626142000000,sz.002732,16.3800,16.3900,16.3500,16.3700,15200,248832.0000,3
2025-06-26,20250626142500000,sz.002732,16.3700,16.3700,16.3600,16.3600,18900,309356.0000,3
2025-06-26,20250626143000000,sz.002732,16.3700,16.3700,16.3400,16.3500,29000,474428.0000,3
2025-06-26,20250626143500000,sz.002732,16.3400,16.3500,16.3400,16.3500,44100,720636.0000,3
2025-06-26,20250626144000000,sz.002732,16.3500,16.3600,16.3400,16.3400,27900,456192.0000,3
2025-06-26,20250626144500000,sz.002732,16.3500,16.3500,16.3300,16.3400,34100,557068.0000,3
2025-06-26,20250626145000000,sz.002732,16.3400,16.3500,16.3300,16.3300,16300,266344.0000,3
2025-06-26,20250626145500000,sz.002732,16.3400,16.3400,16.3200,16.3200,75600,1234700.0000,3
2025-06-26,20250626150000000,sz.002732,16.3200,16.3400,16.3100,16.3400,72700,1186912.0000,3
2025-06-27,20250627093500000,sz.002732,16.3100,16.3600,16.2800,16.3300,79600,1299720.0000,3
2025-06-27,20250627094000000,sz.002732,16.3400,16.3700,16.3400,16.3600,34700,567478.0000,3
2025-06-27,20250627094500000,sz.002732,16.3500,16.4800,16.3500,16.4800,198700,3262025.0000,3
2025-06-27,20250627095000000,sz.002732,16.4600,16.6100,16.4500,16.5300,266600,4411491.0000,3
2025-06-27,20250627095500000,sz.002732,16.5300,16.5300,16.4700,16.5000,45600,752330.0000,3
2025-06-27,20250627100000000,sz.002732,16.5000,16.5000,16.4300,16.4300,45600,751051.0000,3
2025-06-27,20250627100500000,sz.002732,16.4300,16.4500,16.4000,16.4200,57000,935980.0000,3
2025-06-27,20250627101000000,sz.002732,16.4100,16.4300,16.4100,16.4300,15000,246385.0000,3
2025-06-27,20250627101500000,sz.002732,16.4200,16.4400,16.4100,16.4200,32600,535546.0000,3
2025-06-27,20250627102000000,sz.002732,16.4300,16.4400,16.4300,16.4300,21600,354974.0000,3
2025-06-27,20250627102500000,sz.002732,16.4400,16.4400,16.4200,16.4300,43900,721348.0000,3
2025-06-27,20250627103000000,sz.002732,16.4200,16.4600,16.4200,16.4600,28500,468396.0000,3
2025-06-27,20250627103500000,sz.002732,16.4400,16.4600,16.4200,16.4400,55500,912270.0000,3
2025-06-27,20250627104000000,sz.002732,16.4400,16.4500,16.4200,16.4200,78200,1284283.0000,3
2025-06-27,20250627104500000,sz.002732,16.4200,16.4300,16.4100,16.4100,27700,454703.0000,3
2025-06-27,20250627105000000,sz.002732,16.4000,16.4200,16.4000,16.4200,23400,383814.0000,3
2025-06-27,20250627105500000,sz.002732,16.4100,16.4200,16.4100,16.4100,10800,177242.0000,3
2025-06-27,20250627110000000,sz.002732,16.4100,16.4100,16.4000,16.4000,9600,157490.0000,3
2025-06-27,20250627110500000,sz.002732,16.4000,16.4100,16.3900,16.4000,32100,526350.0000,3
2025-06-27,20250627111000000,sz.002732,16.4000,16.4000,16.3900,16.3900,39000,639302.0000,3
2025-06-27,20250627111500000,sz.002732,16.3900,16.4100,16.3600,16.4000,201300,3298870.0000,3
2025-06-27,20250627112000000,sz.002732,16.4000,16.4500,16.4000,16.4300,51700,848888.0000,3
2025-06-27,20250627112500000,sz.002732,16.4300,16.4400,16.4200,16.4200,12300,202054.0000,3
2025-06-27,20250627113000000,sz.002732,16.4300,16.4400,16.4100,16.4300,23900,392492.0000,3
2025-06-27,20250627130500000,sz.002732,16.4400,16.5300,16.4300,16.4900,86000,1417454.0000,3
2025-06-27,20250627131000000,sz.002732,16.4900,16.4900,16.4600,16.4600,17000,280128.0000,3
2025-06-27,20250627131500000,sz.002732,16.4700,16.4800,16.4200,16.4200,19000,312616.0000,3
2025-06-27,20250627132000000,sz.002732,16.4400,16.4500,16.4400,16.4500,13700,225308.0000,3
2025-06-27,20250627132500000,sz.002732,16.4600,16.4900,16.4500,16.4900,27600,454568.0000,3
2025-06-27,20250627133000000,sz.002732,16.4600,16.4700,16.4400,16.4400,9800,161208.0000,3
2025-06-27,20250627133500000,sz.002732,16.4500,16.4500,16.4400,16.4500,12700,208824.0000,3
2025-06-27,20250627134000000,sz.002732,16.4500,16.4600,16.4400,16.4400,31100,511584.0000,3
2025-06-27,20250627134500000,sz.002732,16.4300,16.4400,16.4100,16.4100,22100,362788.0000,3
2025-06-27,20250627135000000,sz.002732,16.4100,16.4200,16.4100,16.4100,14900,244536.0000,3
2025-06-27,20250627135500000,sz.002732,16.4100,16.4200,16.4100,16.4100,17200,282260.0000,3
2025-06-27,20250627140000000,sz.002732,16.4100,16.4200,16.4100,16.4100,7900,129652.0000,3
2025-06-27,20250627140500000,sz.002732,16.4100,16.4100,16.4000,16.4000,23600,387124.0000,3
2025-06-27,20250627141000000,sz.002732,16.4000,16.4200,16.4000,16.4200,18200,298616.0000,3
2025-06-27,20250627141500000,sz.002732,16.4300,16.4400,16.4200,16.4200,2800,46014.0000,3
2025-06-27,20250627142000000,sz.002732,16.4200,16.4300,16.4200,16.4300,7700,126470.0000,3
2025-06-27,20250627142500000,sz.002732,16.4300,16.4400,16.4200,16.4200,6300,103504.0000,3
2025-06-27,20250627143000000,sz.002732,16.4200,16.4300,16.4100,16.4200,15900,260982.0000,3
2025-06-27,20250627143500000,sz.002732,16.4200,16.4300,16.4000,16.4000,26700,438294.0000,3
2025-06-27,20250627144000000,sz.002732,16.4000,16.4400,16.4000,16.4100,67600,1109732.0000,3
2025-06-27,20250627144500000,sz.002732,16.4200,16.4200,16.4000,16.4100,33900,556444.0000,3
2025-06-27,20250627145000000,sz.002732,16.4100,16.4100,16.3900,16.4000,22300,365728.0000,3
2025-06-27,20250627145500000,sz.002732,16.3900,16.4300,16.3900,16.4300,76300,1251722.0000,3
2025-06-27,20250627150000000,sz.002732,16.4100,16.4400,16.4000,16.4100,49200,807738.0000,3
2025-06-30,20250630093500000,sz.002732,16.4600,16.4600,16.3300,16.3600,191500,3136655.0000,3
2025-06-30,20250630094000000,sz.002732,16.3800,16.4200,16.3600,16.3900,57900,948707.0000,3
2025-06-30,20250630094500000,sz.002732,16.3900,16.4100,16.3600,16.3800,45600,747276.0000,3
2025-06-30,20250630095000000,sz.002732,16.3600,16.4500,16.3600,16.4300,144200,2366979.0000,3
2025-06-30,20250630095500000,sz.002732,16.4300,16.4400,16.3900,16.4400,13900,228181.0000,3
2025-06-30,20250630100000000,sz.002732,16.4200,16.4200,16.4000,16.4000,24500,402182.0000,3
2025-06-30,20250630100500000,sz.002732,16.4100,16.4100,16.3700,16.3700,32900,538940.0000,3
2025-06-30,20250630101000000,sz.002732,16.3700,16.4000,16.3700,16.4000,28600,468540.0000,3
2025-06-30,20250630101500000,sz.002732,16.4200,16.4200,16.4000,16.4100,3900,64012.0000,3
2025-06-30,20250630102000000,sz.002732,16.4000,16.4200,16.4000,16.4100,4900,80421.0000,3
2025-06-30,20250630102500000,sz.002732,16.4200,16.4300,16.4100,16.4300,17800,292324.0000,3
2025-06-30,20250630103000000,sz.002732,16.4300,16.4500,16.4200,16.4300,50100,823466.0000,3
2025-06-30,20250630103500000,sz.002732,16.4300,16.4600,16.4300,16.4600,69900,1149410.0000,3
2025-06-30,20250630104000000,sz.002732,16.4600,16.5000,16.4500,16.4900,41300,680706.0000,3
2025-06-30,20250630104500000,sz.002732,16.4800,16.4800,16.4300,16.4400,37400,615383.0000,3
2025-06-30,20250630105000000,sz.002732,16.4500,16.4600,16.4300,16.4300,60200,989262.0000,3
2025-06-30,20250630105500000,sz.002732,16.4400,16.4400,16.4200,16.4200,16200,266156.0000,3
2025-06-30,20250630110000000,sz.002732,16.4200,16.4400,16.4200,16.4300,4500,73934.0000,3
2025-06-30,20250630110500000,sz.002732,16.4200,16.4400,16.4200,16.4400,12000,197200.0000,3
2025-06-30,20250630111000000,sz.002732,16.4500,16.4500,16.4300,16.4300,11000,180874.0000,3
2025-06-30,20250630111500000,sz.002732,16.4300,16.4300,16.4200,16.4200,28000,459936.0000,3
2025-06-30,20250630112000000,sz.002732,16.4200,16.4400,16.4200,16.4300,27200,446968.0000,3
2025-06-30,20250630112500000,sz.002732,16.4400,16.4500,16.4300,16.4400,9300,152930.0000,3
2025-06-30,20250630113000000,sz.002732,16.4400,16.4600,16.4100,16.4500,30200,496550.0000,3
2025-06-30,20250630130500000,sz.002732,16.4500,16.5000,16.4500,16.5000,35100,578172.0000,3
2025-06-30,20250630131000000,sz.002732,16.4800,16.4800,16.4700,16.4700,13600,224083.0000,3
2025-06-30,20250630131500000,sz.002732,16.4700,16.5000,16.4600,16.4900,66600,1098277.0000,3
2025-06-30,20250630132000000,sz.002732,16.4900,16.5100,16.4800,16.5100,61300,1011332.0000,3
2025-06-30,20250630132500000,sz.002732,16.5100,16.5100,16.4900,16.4900,27300,450384.0000,3
2025-06-30,20250630133000000,sz.002732,16.4900,16.5200,16.4800,16.4800,33100,546284.0000,3
2025-06-30,20250630133500000,sz.002732,16.4800,16.5000,16.4800,16.5000,30300,499752.0000,3
2025-06-30,20250630134000000,sz.002732,16.5000,16.5000,16.4800,16.4800,22700,374416.0000,3
2025-06-30,20250630134500000,sz.002732,16.4800,16.4900,16.4700,16.4700,31200,514156.0000,3
2025-06-30,20250630135000000,sz.002732,16.4700,16.4800,16.4600,16.4700,26200,431568.0000,3
2025-06-30,20250630135500000,sz.002732,16.4800,16.4800,16.4700,16.4700,27600,454664.0000,3
2025-06-30,20250630140000000,sz.002732,16.4800,16.5000,16.4700,16.4800,21100,347910.0000,3
2025-06-30,20250630140500000,sz.002732,16.5000,16.5000,16.4700,16.4800,5300,87350.0000,3
2025-06-30,20250630141000000,sz.002732,16.4800,16.4900,16.4700,16.4800,10300,169776.0000,3
2025-06-30,20250630141500000,sz.002732,16.4700,16.4700,16.4600,16.4600,13600,223932.0000,3
2025-06-30,20250630142000000,sz.002732,16.4600,16.4800,16.4600,16.4700,7800,128464.0000,3
2025-06-30,20250630142500000,sz.002732,16.4600,16.4800,16.4600,16.4600,21500,354004.0000,3
2025-06-30,20250630143000000,sz.002732,16.4700,16.4700,16.4600,16.4600,23100,380288.0000,3
2025-06-30,20250630143500000,sz.002732,16.4600,16.4700,16.4500,16.4500,30300,498634.0000,3
2025-06-30,20250630144000000,sz.002732,16.4600,16.4800,16.4600,16.4800,54000,889220.0000,3
2025-06-30,20250630144500000,sz.002732,16.4600,16.4800,16.4600,16.4600,25000,411656.0000,3
2025-06-30,20250630145000000,sz.002732,16.4700,16.4700,16.4600,16.4600,43500,716190.0000,3
2025-06-30,20250630145500000,sz.002732,16.4600,16.4700,16.4600,16.4600,31500,518608.0000,3
2025-06-30,20250630150000000,sz.002732,16.4600,16.4700,16.4500,16.4700,32900,541656.0000,3
2025-07-01,20250701093500000,sz.002732,16.5300,16.5300,16.4200,16.4900,136600,2252123.0000,3
2025-07-01,20250701094000000,sz.002732,16.5000,16.5300,16.4700,16.5200,53500,882755.0000,3
2025-07-01,20250701094500000,sz.002732,16.5500,16.5500,16.4800,16.4800,58200,961281.0000,3
2025-07-01,20250701095000000,sz.002732,16.4800,16.5400,16.4700,16.5400,73000,1204889.0000,3
2025-07-01,20250701095500000,sz.002732,16.5300,16.5700,16.5200,16.5600,133000,2201262.0000,3
2025-07-01,20250701100000000,sz.002732,16.5600,16.5900,16.5500,16.5800,67700,1121612.0000,3
2025-07-01,20250701100500000,sz.002732,16.5900,16.5900,16.5500,16.5800,44000,728854.0000,3
2025-07-01,20250701101000000,sz.002732,16.5800,16.5800,16.5500,16.5500,28800,476950.0000,3
2025-07-01,20250701101500000,sz.002732,16.5500,16.5500,16.5400,16.5400,41300,683240.0000,3
2025-07-01,20250701102000000,sz.002732,16.5400,16.5800,16.5200,16.5800,104600,1730086.0000,3
2025-07-01,20250701102500000,sz.002732,16.5700,16.5800,16.5400,16.5800,45600,755316.0000,3
2025-07-01,20250701103000000,sz.002732,16.5800,16.6000,16.5700,16.5700,41400,686544.0000,3
2025-07-01,20250701103500000,sz.002732,16.5700,16.5800,16.5500,16.5700,20300,336231.0000,3
2025-07-01,20250701104000000,sz.002732,16.5700,16.5700,16.5300,16.5300,34000,562443.0000,3
2025-07-01,20250701104500000,sz.002732,16.5400,16.5700,16.5200,16.5700,79600,1315885.0000,3
2025-07-01,20250701105000000,sz.002732,16.5700,16.5800,16.5400,16.5400,61900,1024631.0000,3
2025-07-01,20250701105500000,sz.002732,16.5400,16.5500,16.5300,16.5400,23100,382014.0000,3
2025-07-01,20250701110000000,sz.002732,16.5300,16.5400,16.5300,16.5400,46600,770362.0000,3
2025-07-01,20250701110500000,sz.002732,16.5500,16.5800,16.5500,16.5700,47000,778458.0000,3
2025-07-01,20250701111000000,sz.002732,16.5700,16.5700,16.5500,16.5600,27200,450496.0000,3
2025-07-01,20250701111500000,sz.002732,16.5600,16.5600,16.5300,16.5300,12600,208588.0000,3
2025-07-01,20250701112000000,sz.002732,16.5300,16.5400,16.5100,16.5300,76900,1270776.0000,3
2025-07-01,20250701112500000,sz.002732,16.5300,16.5600,16.5300,16.5600,35100,580888.0000,3
2025-07-01,20250701113000000,sz.002732,16.5600,16.5800,16.5600,16.5700,33200,550054.0000,3
2025-07-01,20250701130500000,sz.002732,16.5700,16.5900,16.5600,16.5600,80900,1341166.0000,3
2025-07-01,20250701131000000,sz.002732,16.5600,16.5700,16.5500,16.5500,42400,701944.0000,3
2025-07-01,20250701131500000,sz.002732,16.5700,16.5900,16.5600,16.5900,55300,916496.0000,3
2025-07-01,20250701132000000,sz.002732,16.5900,16.6000,16.5800,16.5800,31600,524194.0000,3
2025-07-01,20250701132500000,sz.002732,16.5800,16.6100,16.5800,16.6000,92300,1532102.0000,3
2025-07-01,20250701133000000,sz.002732,16.6000,16.6100,16.5900,16.6100,22000,365180.0000,3
2025-07-01,20250701133500000,sz.002732,16.6100,16.6400,16.6100,16.6300,53800,894572.0000,3
2025-07-01,20250701134000000,sz.002732,16.6300,16.6400,16.6200,16.6400,25700,427444.0000,3
2025-07-01,20250701134500000,sz.002732,16.6300,16.6400,16.6200,16.6300,32600,542088.0000,3
2025-07-01,20250701135000000,sz.002732,16.6200,16.6400,16.6200,16.6200,73900,1229198.0000,3
2025-07-01,20250701135500000,sz.002732,16.6200,16.6300,16.6200,16.6200,21900,364014.0000,3
2025-07-01,20250701140000000,sz.002732,16.6200,16.6200,16.6100,16.6200,21300,353900.0000,3
2025-07-01,20250701140500000,sz.002732,16.6200,16.6200,16.5900,16.5900,73100,1213800.0000,3
2025-07-01,20250701141000000,sz.002732,16.5900,16.6300,16.5900,16.6200,43200,717620.0000,3
2025-07-01,20250701141500000,sz.002732,16.6200,16.6300,16.6200,16.6300,18200,302602.0000,3
2025-07-01,20250701142000000,sz.002732,16.6200,16.6300,16.6200,16.6200,8700,144622.0000,3
2025-07-01,20250701142500000,sz.002732,16.6200,16.6300,16.6000,16.6100,55500,921880.0000,3
2025-07-01,20250701143000000,sz.002732,16.6200,16.6300,16.6200,16.6200,33800,561872.0000,3
2025-07-01,20250701143500000,sz.002732,16.6300,16.6300,16.6200,16.6300,19500,324136.0000,3
2025-07-01,20250701144000000,sz.002732,16.6200,16.6300,16.6200,16.6200,11300,187856.0000,3
2025-07-01,20250701144500000,sz.002732,16.6300,16.6400,16.6200,16.6400,64700,1076040.0000,3
2025-07-01,20250701145000000,sz.002732,16.6300,16.6500,16.6300,16.6500,62400,1038588.0000,3
2025-07-01,20250701145500000,sz.002732,16.6500,16.6800,16.6400,16.6700,148700,2477948.0000,3
2025-07-01,20250701150000000,sz.002732,16.6800,16.6900,16.6800,16.6900,116200,1939220.0000,3
2025-07-02,20250702093500000,sz.002732,16.7000,16.7100,16.6100,16.6700,57400,956466.0000,3
2025-07-02,20250702094000000,sz.002732,16.6700,16.7000,16.6200,16.6200,56700,945100.0000,3
2025-07-02,20250702094500000,sz.002732,16.6200,16.6700,16.6000,16.6700,69800,1160269.0000,3
2025-07-02,20250702095000000,sz.002732,16.7000,16.7100,16.6600,16.7000,75600,1261642.0000,3
2025-07-02,20250702095500000,sz.002732,16.7100,16.7300,16.6800,16.6800,48100,803861.0000,3
2025-07-02,20250702100000000,sz.002732,16.7000,16.7000,16.6600,16.6600,22100,368561.0000,3
2025-07-02,20250702100500000,sz.002732,16.6600,16.6700,16.5900,16.5900,79500,1321501.0000,3
2025-07-02,20250702101000000,sz.002732,16.5900,16.6100,16.5800,16.6100,58800,975759.0000,3
2025-07-02,20250702101500000,sz.002732,16.6200,16.6400,16.5900,16.5900,24000,398574.0000,3
2025-07-02,20250702102000000,sz.002732,16.5900,16.6200,16.5700,16.6200,52400,869273.0000,3
2025-07-02,20250702102500000,sz.002732,16.6200,16.6200,16.5800,16.5800,15500,257199.0000,3
2025-07-02,20250702103000000,sz.002732,16.5900,16.6300,16.5900,16.6300,40400,670821.0000,3
2025-07-02,20250702103500000,sz.002732,16.6300,16.6600,16.6200,16.6500,70100,1166706.0000,3
2025-07-02,20250702104000000,sz.002732,16.6300,16.6500,16.6000,16.6300,18300,304160.0000,3
2025-07-02,20250702104500000,sz.002732,16.6200,16.6400,16.6100,16.6200,37800,628139.0000,3
2025-07-02,20250702105000000,sz.002732,16.6200,16.6600,16.6200,16.6400,8900,148082.0000,3
2025-07-02,20250702105500000,sz.002732,16.6400,16.6600,16.6100,16.6100,21500,357792.0000,3
2025-07-02,20250702110000000,sz.002732,16.6100,16.6300,16.6000,16.6000,33200,551455.0000,3
2025-07-02,20250702110500000,sz.002732,16.6000,16.6000,16.5800,16.6000,18500,306953.0000,3
2025-07-02,20250702111000000,sz.002732,16.6000,16.6300,16.6000,16.6100,10400,172683.0000,3
2025-07-02,20250702111500000,sz.002732,16.6300,16.6800,16.6300,16.6700,72500,1207474.0000,3
2025-07-02,20250702112000000,sz.002732,16.6600,16.6600,16.6200,16.6400,29000,482433.0000,3
2025-07-02,20250702112500000,sz.002732,16.6300,16.6400,16.6200,16.6300,14100,234380.0000,3
2025-07-02,20250702113000000,sz.002732,16.6400,16.7400,16.6400,16.7400,78200,1305157.0000,3
2025-07-02,20250702130500000,sz.002732,16.7700,16.7700,16.6500,16.6600,152500,2549150.0000,3
2025-07-02,20250702131000000,sz.002732,16.6600,16.6600,16.6300,16.6300,28200,469402.0000,3
2025-07-02,20250702131500000,sz.002732,16.6400,16.6500,16.6300,16.6500,12500,208000.0000,3
2025-07-02,20250702132000000,sz.002732,16.6500,16.6500,16.6200,16.6200,24800,412602.0000,3
2025-07-02,20250702132500000,sz.002732,16.6200,16.6200,16.5900,16.5900,27800,461602.0000,3
2025-07-02,20250702133000000,sz.002732,16.5900,16.6200,16.5800,16.6100,45200,750508.0000,3
2025-07-02,20250702133500000,sz.002732,16.6100,16.6100,16.5600,16.5700,62100,1029220.0000,3
2025-07-02,20250702134000000,sz.002732,16.5800,16.5800,16.5500,16.5600,53100,879816.0000,3
2025-07-02,20250702134500000,sz.002732,16.5700,16.5800,16.5600,16.5600,56100,929196.0000,3
2025-07-02,20250702135000000,sz.002732,16.5600,16.5700,16.5600,16.5700,16100,266748.0000,3
2025-07-02,20250702135500000,sz.002732,16.5600,16.5600,16.5400,16.5600,58500,968442.0000,3
2025-07-02,20250702140000000,sz.002732,16.5600,16.5900,16.5500,16.5500,75300,1247254.0000,3
2025-07-02,20250702140500000,sz.002732,16.5600,16.6200,16.5600,16.5800,36600,607024.0000,3
2025-07-02,20250702141000000,sz.002732,16.5800,16.5900,16.5600,16.5800,25900,429456.0000,3
2025-07-02,20250702141500000,sz.002732,16.5800,16.5800,16.5600,16.5600,6900,114336.0000,3
2025-07-02,20250702142000000,sz.002732,16.5600,16.5900,16.5500,16.5700,44900,743810.0000,3
2025-07-02,20250702142500000,sz.002732,16.5700,16.6100,16.5700,16.6100,12000,199094.0000,3
2025-07-02,20250702143000000,sz.002732,16.6200,16.6200,16.5800,16.6000,91800,1523248.0000,3
2025-07-02,20250702143500000,sz.002732,16.6000,16.6400,16.6000,16.6200,27400,455372.0000,3
2025-07-02,20250702144000000,sz.002732,16.6200,16.6600,16.6200,16.6300,42500,706976.0000,3
2025-07-02,20250702144500000,sz.002732,16.6300,16.6500,16.6300,16.6300,20900,347660.0000,3
2025-07-02,20250702145000000,sz.002732,16.6300,16.6400,16.6200,16.6300,19200,319290.0000,3
2025-07-02,20250702145500000,sz.002732,16.6400,16.6400,16.6200,16.6300,35600,591970.0000,3
2025-07-02,20250702150000000,sz.002732,16.6300,16.6500,16.6300,16.6500,43700,727212.0000,3
2025-07-03,20250703093500000,sz.002732,16.6500,16.6700,16.6000,16.6200,142200,2363811.0000,3
2025-07-03,20250703094000000,sz.002732,16.6100,16.6700,16.6100,16.6300,78700,1309134.0000,3
2025-07-03,20250703094500000,sz.002732,16.6500,16.6800,16.6000,16.6100,70300,1170266.0000,3
2025-07-03,20250703095000000,sz.002732,16.6200,16.6200,16.5700,16.5900,49200,816328.0000,3
2025-07-03,20250703095500000,sz.002732,16.5900,16.6400,16.5900,16.6400,33400,554942.0000,3
2025-07-03,20250703100000000,sz.002732,16.6400,16.6700,16.6300,16.6500,37700,628021.0000,3
2025-07-03,20250703100500000,sz.002732,16.6300,16.6700,16.6300,16.6600,21500,358036.0000,3
2025-07-03,20250703101000000,sz.002732,16.6600,16.6700,16.6400,16.6600,18700,311529.0000,3
2025-07-03,20250703101500000,sz.002732,16.6600,16.6600,16.6100,16.6200,46600,775623.0000,3
2025-07-03,20250703102000000,sz.002732,16.6100,16.6500,16.6100,16.6100,27500,457184.0000,3
2025-07-03,20250703102500000,sz.002732,16.6000,16.6100,16.5800,16.6000,36700,608958.0000,3
2025-07-03,20250703103000000,sz.002732,16.6100,16.6200,16.5900,16.6100,38100,632702.0000,3
2025-07-03,20250703103500000,sz.002732,16.6000,16.6000,16.5900,16.6000,33700,559201.0000,3
2025-07-03,20250703104000000,sz.002732,16.5900,16.6000,16.5700,16.5800,40900,678205.0000,3
2025-07-03,20250703104500000,sz.002732,16.5900,16.6000,16.5800,16.5900,59400,985349.0000,3
2025-07-03,20250703105000000,sz.002732,16.5900,16.5900,16.5800,16.5800,10100,167502.0000,3
2025-07-03,20250703105500000,sz.002732,16.5900,16.6000,16.5800,16.5800,24900,413071.0000,3
2025-07-03,20250703110000000,sz.002732,16.5800,16.5900,16.5700,16.5700,27600,457562.0000,3
2025-07-03,20250703110500000,sz.002732,16.5800,16.5900,16.5700,16.5900,14700,243664.0000,3
2025-07-03,20250703111000000,sz.002732,16.6000,16.6000,16.5900,16.5900,18500,306982.0000,3
2025-07-03,20250703111500000,sz.002732,16.6000,16.6100,16.5900,16.6000,16400,272212.0000,3
2025-07-03,20250703112000000,sz.002732,16.5900,16.5900,16.5800,16.5900,16900,280288.0000,3
2025-07-03,20250703112500000,sz.002732,16.5900,16.5900,16.5800,16.5900,8400,139391.0000,3
2025-07-03,20250703113000000,sz.002732,16.6000,16.6100,16.5900,16.6100,5200,86329.0000,3
2025-07-03,20250703130500000,sz.002732,16.6100,16.6100,16.5800,16.5900,32600,541207.0000,3
2025-07-03,20250703131000000,sz.002732,16.5900,16.6000,16.5700,16.5700,36200,600274.0000,3
2025-07-03,20250703131500000,sz.002732,16.5700,16.5800,16.5700,16.5800,11500,190598.0000,3
2025-07-03,20250703132000000,sz.002732,16.5900,16.6200,16.5900,16.6100,63000,1045475.0000,3
2025-07-03,20250703132500000,sz.002732,16.5900,16.6000,16.5800,16.5800,10800,179178.0000,3
2025-07-03,20250703133000000,sz.002732,16.5800,16.5900,16.5800,16.5800,7800,129358.0000,3
2025-07-03,20250703133500000,sz.002732,16.5800,16.6000,16.5800,16.6000,17000,282068.0000,3
2025-07-03,20250703134000000,sz.002732,16.6000,16.6000,16.5700,16.5900,25400,421116.0000,3
2025-07-03,20250703134500000,sz.002732,16.6000,16.6000,16.5800,16.5800,20100,333404.0000,3
2025-07-03,20250703135000000,sz.002732,16.5900,16.5900,16.5800,16.5900,20500,340032.0000,3
2025-07-03,20250703135500000,sz.002732,16.5900,16.6100,16.5900,16.5900,28900,479734.0000,3
2025-07-03,20250703140000000,sz.002732,16.5900,16.6200,16.5900,16.6000,17500,290530.0000,3
2025-07-03,20250703140500000,sz.002732,16.6000,16.6100,16.5800,16.5800,62700,1040716.0000,3
2025-07-03,20250703141000000,sz.002732,16.5900,16.6000,16.5800,16.5900,20000,331774.0000,3
2025-07-03,20250703141500000,sz.002732,16.5900,16.6000,16.5800,16.5800,27300,452824.0000,3
2025-07-03,20250703142000000,sz.002732,16.6000,16.6000,16.5800,16.5900,16500,273750.0000,3
2025-07-03,20250703142500000,sz.002732,16.5900,16.6000,16.5800,16.6000,11700,194136.0000,3
2025-07-03,20250703143000000,sz.002732,16.6000,16.6100,16.5900,16.6000,30400,504808.0000,3
2025-07-03,20250703143500000,sz.002732,16.6100,16.6300,16.6000,16.6200,44600,740978.0000,3
2025-07-03,20250703144000000,sz.002732,16.6200,16.6400,16.6200,16.6300,21500,357498.0000,3
2025-07-03,20250703144500000,sz.002732,16.6200,16.6500,16.6100,16.6400,61400,1021128.0000,3
2025-07-03,20250703145000000,sz.002732,16.6400,16.6500,16.6300,16.6500,53300,887124.0000,3
2025-07-03,20250703145500000,sz.002732,16.6500,16.6700,16.6400,16.6500,48400,806032.0000,3
2025-07-03,20250703150000000,sz.002732,16.6600,16.6900,16.6500,16.6900,125300,2089680.0000,3
2025-07-04,20250704093500000,sz.002732,16.6400,16.6400,16.5500,16.5500,126100,2092642.0000,3
2025-07-04,20250704094000000,sz.002732,16.5500,16.5800,16.5400,16.5700,26100,432342.0000,3
2025-07-04,20250704094500000,sz.002732,16.5900,16.6400,16.5800,16.6100,68500,1137396.0000,3
2025-07-04,20250704095000000,sz.002732,16.6100,16.6500,16.6000,16.6500,51700,859417.0000,3
2025-07-04,20250704095500000,sz.002732,16.6200,16.6400,16.6100,16.6400,14000,232698.0000,3
2025-07-04,20250704100000000,sz.002732,16.6400,16.6700,16.6100,16.6400,34700,576984.0000,3
2025-07-04,20250704100500000,sz.002732,16.6300,16.6300,16.6000,16.6300,32000,531580.0000,3
2025-07-04,20250704101000000,sz.002732,16.6200,16.6300,16.6000,16.6200,42000,697912.0000,3
2025-07-04,20250704101500000,sz.002732,16.6400,16.6600,16.6300,16.6400,31500,524314.0000,3
2025-07-04,20250704102000000,sz.002732,16.6400,16.6400,16.6300,16.6300,66700,1109385.0000,3
2025-07-04,20250704102500000,sz.002732,16.6100,16.6700,16.6100,16.6500,59600,991686.0000,3
2025-07-04,20250704103000000,sz.002732,16.6500,16.6900,16.6500,16.6900,33300,555107.0000,3
2025-07-04,20250704103500000,sz.002732,16.6800,16.7000,16.6600,16.6800,106400,1774125.0000,3
2025-07-04,20250704104000000,sz.002732,16.6700,16.6700,16.6500,16.6600,12600,209880.0000,3
2025-07-04,20250704104500000,sz.002732,16.6500,16.6700,16.6500,16.6500,16600,276491.0000,3
2025-07-04,20250704105000000,sz.002732,16.6400,16.6500,16.6300,16.6300,14000,232960.0000,3
2025-07-04,20250704105500000,sz.002732,16.6200,16.6400,16.6200,16.6400,9600,159651.0000,3
2025-07-04,20250704110000000,sz.002732,16.6400,16.6400,16.6300,16.6300,6600,109806.0000,3
2025-07-04,20250704110500000,sz.002732,16.6300,16.6600,16.6200,16.6600,28500,474121.0000,3
2025-07-04,20250704111000000,sz.002732,16.6700,16.6800,16.6500,16.6600,17600,293209.0000,3
2025-07-04,20250704111500000,sz.002732,16.6600,16.6700,16.6600,16.6600,17100,284910.0000,3
2025-07-04,20250704112000000,sz.002732,16.6600,16.6700,16.6600,16.6700,13100,218272.0000,3
2025-07-04,20250704112500000,sz.002732,16.6700,16.6800,16.6600,16.6800,20100,335068.0000,3
2025-07-04,20250704113000000,sz.002732,16.6700,16.6900,16.6700,16.6800,12600,210141.0000,3
2025-07-04,20250704130500000,sz.002732,16.6800,16.7100,16.6700,16.6800,58800,981737.0000,3
2025-07-04,20250704131000000,sz.002732,16.6800,16.7200,16.6800,16.7200,48200,805267.0000,3
2025-07-04,20250704131500000,sz.002732,16.7100,16.7200,16.6900,16.7000,61400,1025539.0000,3
2025-07-04,20250704132000000,sz.002732,16.7000,16.7500,16.6800,16.7300,88100,1472396.0000,3
2025-07-04,20250704132500000,sz.002732,16.7400,16.7500,16.7100,16.7200,53200,889718.0000,3
2025-07-04,20250704133000000,sz.002732,16.7100,16.7700,16.7100,16.7500,28600,478730.0000,3
2025-07-04,20250704133500000,sz.002732,16.7500,16.7600,16.7300,16.7500,38900,651388.0000,3
2025-07-04,20250704134000000,sz.002732,16.7500,16.7700,16.7400,16.7600,54100,905808.0000,3
2025-07-04,20250704134500000,sz.002732,16.7700,16.7700,16.7500,16.7600,46700,782540.0000,3
2025-07-04,20250704135000000,sz.002732,16.7600,16.7600,16.7500,16.7500,15900,266414.0000,3
2025-07-04,20250704135500000,sz.002732,16.7600,16.7600,16.7200,16.7300,100400,1680370.0000,3
2025-07-04,20250704140000000,sz.002732,16.7300,16.7400,16.7200,16.7400,13000,217460.0000,3
2025-07-04,20250704140500000,sz.002732,16.7300,16.7400,16.6900,16.7000,48400,808572.0000,3
2025-07-04,20250704141000000,sz.002732,16.6900,16.6900,16.6700,16.6800,29700,495492.0000,3
2025-07-04,20250704141500000,sz.002732,16.6800,16.6800,16.6700,16.6700,5400,90068.0000,3
2025-07-04,20250704142000000,sz.002732,16.6700,16.6800,16.6700,16.6700,25900,431800.0000,3
2025-07-04,20250704142500000,sz.002732,16.6700,16.7000,16.6700,16.6900,26100,435220.0000,3
2025-07-04,20250704143000000,sz.002732,16.6800,16.6900,16.6700,16.6900,19300,321868.0000,3
2025-07-04,20250704143500000,sz.002732,16.6800,16.6900,16.6600,16.6700,44400,740316.0000,3
2025-07-04,20250704144000000,sz.002732,16.6800,16.7000,16.6800,16.6800,28700,478916.0000,3
2025-07-04,20250704144500000,sz.002732,16.6900,16.7000,16.6700,16.6900,68600,1144692.0000,3
2025-07-04,20250704145000000,sz.002732,16.6900,16.6900,16.6700,16.6800,88500,1475524.0000,3
2025-07-04,20250704145500000,sz.002732,16.6700,16.6900,16.6600,16.6900,89400,1490852.0000,3
2025-07-04,20250704150000000,sz.002732,16.6900,16.7500,16.6900,16.7500,136600,2285880.0000,3
2025-07-07,20250707093500000,sz.002732,16.6900,16.7900,16.6900,16.7300,81100,1358010.0000,3
2025-07-07,20250707094000000,sz.002732,16.7300,16.7700,16.7200,16.7600,62400,1045724.0000,3
2025-07-07,20250707094500000,sz.002732,16.7600,16.7700,16.7200,16.7600,84700,1418652.0000,3
2025-07-07,20250707095000000,sz.002732,16.7600,16.8200,16.7600,16.8200,119800,2009966.0000,3
2025-07-07,20250707095500000,sz.002732,16.8100,16.8300,16.7800,16.7900,44500,747911.0000,3
2025-07-07,20250707100000000,sz.002732,16.7900,16.8000,16.7800,16.8000,32200,540756.0000,3
2025-07-07,20250707100500000,sz.002732,16.8000,16.8100,16.7800,16.7900,36200,608061.0000,3
2025-07-07,20250707101000000,sz.002732,16.7900,16.8000,16.7900,16.7900,17800,298883.0000,3
2025-07-07,20250707101500000,sz.002732,16.7900,16.8000,16.7500,16.7800,18600,312220.0000,3
2025-07-07,20250707102000000,sz.002732,16.7900,16.7900,16.7600,16.7600,19200,322004.0000,3
2025-07-07,20250707102500000,sz.002732,16.7500,16.7500,16.7400,16.7400,44600,746631.0000,3
2025-07-07,20250707103000000,sz.002732,16.7500,16.7500,16.7200,16.7400,45400,759743.0000,3
2025-07-07,20250707103500000,sz.002732,16.7400,16.7400,16.7300,16.7400,47200,789818.0000,3
2025-07-07,20250707104000000,sz.002732,16.7400,16.7700,16.7400,16.7700,68200,1142482.0000,3
2025-07-07,20250707104500000,sz.002732,16.7600,16.7600,16.7200,16.7500,44600,746445.0000,3
2025-07-07,20250707105000000,sz.002732,16.7500,16.8100,16.7500,16.8100,47800,802229.0000,3
2025-07-07,20250707105500000,sz.002732,16.8100,16.8100,16.7800,16.8000,27200,456775.0000,3
2025-07-07,20250707110000000,sz.002732,16.8000,16.8000,16.7800,16.7800,20400,342520.0000,3
2025-07-07,20250707110500000,sz.002732,16.7800,16.8000,16.7800,16.8000,13900,233366.0000,3
2025-07-07,20250707111000000,sz.002732,16.8000,16.8100,16.7900,16.8100,25600,430028.0000,3
2025-07-07,20250707111500000,sz.002732,16.8000,16.8100,16.8000,16.8000,20700,347911.0000,3
2025-07-07,20250707112000000,sz.002732,16.8100,16.8200,16.8000,16.8100,19700,331160.0000,3
2025-07-07,20250707112500000,sz.002732,16.8200,16.8200,16.8000,16.8100,15500,260557.0000,3
2025-07-07,20250707113000000,sz.002732,16.8000,16.8200,16.8000,16.8100,11200,188278.0000,3
2025-07-07,20250707130500000,sz.002732,16.8200,16.8300,16.8100,16.8200,30900,519727.0000,3
2025-07-07,20250707131000000,sz.002732,16.8100,16.8200,16.8000,16.8000,33400,561455.0000,3
2025-07-07,20250707131500000,sz.002732,16.8000,16.8100,16.8000,16.8100,12400,208396.0000,3
2025-07-07,20250707132000000,sz.002732,16.8100,16.8100,16.7900,16.8000,16200,272182.0000,3
2025-07-07,20250707132500000,sz.002732,16.8000,16.8100,16.7900,16.8100,17200,289010.0000,3
2025-07-07,20250707133000000,sz.002732,16.8000,16.8200,16.8000,16.8100,21700,364804.0000,3
2025-07-07,20250707133500000,sz.002732,16.8100,16.8500,16.8100,16.8400,38600,649514.0000,3
2025-07-07,20250707134000000,sz.002732,16.8400,16.8400,16.8300,16.8400,33300,560766.0000,3
2025-07-07,20250707134500000,sz.002732,16.8400,16.8500,16.8300,16.8400,21000,353616.0000,3
2025-07-07,20250707135000000,sz.002732,16.8400,16.8700,16.8400,16.8600,46500,783720.0000,3
2025-07-07,20250707135500000,sz.002732,16.8600,16.8800,16.8500,16.8800,43000,725038.0000,3
2025-07-07,20250707140000000,sz.002732,16.8800,16.8800,16.8700,16.8800,33800,570382.0000,3
2025-07-07,20250707140500000,sz.002732,16.8800,16.8800,16.8100,16.8100,97500,1640384.0000,3
2025-07-07,20250707141000000,sz.002732,16.8000,16.8400,16.8000,16.8400,21900,368360.0000,3
2025-07-07,20250707141500000,sz.002732,16.8300,16.8400,16.8200,16.8400,13700,230576.0000,3
2025-07-07,20250707142000000,sz.002732,16.8400,16.8600,16.8400,16.8600,60600,1020816.0000,3
2025-07-07,20250707142500000,sz.002732,16.8600,16.9200,16.8600,16.8800,88700,1498354.0000,3
2025-07-07,20250707143000000,sz.002732,16.8900,16.9000,16.8800,16.8900,35000,591052.0000,3
2025-07-07,20250707143500000,sz.002732,16.8900,16.9300,16.8900,16.9200,70400,1190790.0000,3
2025-07-07,20250707144000000,sz.002732,16.9200,16.9500,16.9200,16.9500,104400,1767512.0000,3
2025-07-07,20250707144500000,sz.002732,16.9500,16.9700,16.9400,16.9700,86400,1465216.0000,3
2025-07-07,20250707145000000,sz.002732,16.9700,16.9700,16.9200,16.9400,128600,2180472.0000,3
2025-07-07,20250707145500000,sz.002732,16.9500,17.0100,16.9300,17.0100,294800,5007824.0000,3
2025-07-07,20250707150000000,sz.002732,17.0100,17.0200,17.0000,17.0200,361200,6146264.0000,3
2025-07-08,20250708093500000,sz.002732,16.9700,17.0200,16.9000,16.9400,168600,2858990.0000,3
2025-07-08,20250708094000000,sz.002732,16.9400,17.0200,16.8900,16.9900,95000,1610970.0000,3
2025-07-08,20250708094500000,sz.002732,16.9900,17.0300,16.9800,17.0300,86500,1471125.0000,3
2025-07-08,20250708095000000,sz.002732,17.0300,17.0600,17.0000,17.0600,67400,1147386.0000,3
2025-07-08,20250708095500000,sz.002732,17.0500,17.0600,17.0200,17.0200,39600,674601.0000,3
2025-07-08,20250708100000000,sz.002732,17.0100,17.0100,16.9300,16.9300,65700,1114514.0000,3
2025-07-08,20250708100500000,sz.002732,16.9200,16.9500,16.9100,16.9400,61300,1037365.0000,3
2025-07-08,20250708101000000,sz.002732,16.9200,16.9300,16.9000,16.9000,44300,749246.0000,3
2025-07-08,20250708101500000,sz.002732,16.9100,16.9300,16.9100,16.9200,29200,494042.0000,3
2025-07-08,20250708102000000,sz.002732,16.9200,16.9500,16.9100,16.9300,35300,597423.0000,3
2025-07-08,20250708102500000,sz.002732,16.9300,16.9500,16.9300,16.9400,25700,435279.0000,3
2025-07-08,20250708103000000,sz.002732,16.9400,17.0000,16.9400,16.9700,69700,1182752.0000,3
2025-07-08,20250708103500000,sz.002732,16.9700,16.9800,16.9500,16.9500,14200,240870.0000,3
2025-07-08,20250708104000000,sz.002732,16.9500,16.9600,16.9300,16.9500,54500,923354.0000,3
2025-07-08,20250708104500000,sz.002732,16.9400,16.9600,16.9400,16.9600,26500,449158.0000,3
2025-07-08,20250708105000000,sz.002732,16.9700,16.9800,16.9400,16.9700,24900,422111.0000,3
2025-07-08,20250708105500000,sz.002732,16.9700,16.9900,16.9400,16.9800,32600,552837.0000,3
2025-07-08,20250708110000000,sz.002732,16.9800,17.0100,16.9500,16.9500,37800,642176.0000,3
2025-07-08,20250708110500000,sz.002732,16.9600,16.9800,16.9400,16.9500,32000,542629.0000,3
2025-07-08,20250708111000000,sz.002732,16.9400,16.9600,16.9200,16.9600,90300,1529470.0000,3
2025-07-08,20250708111500000,sz.002732,16.9600,16.9800,16.9300,16.9500,47200,800118.0000,3
2025-07-08,20250708112000000,sz.002732,16.9400,16.9700,16.9400,16.9700,32300,547612.0000,3
2025-07-08,20250708112500000,sz.002732,16.9600,16.9800,16.9600,16.9800,10700,181550.0000,3
2025-07-08,20250708113000000,sz.002732,16.9600,16.9800,16.9500,16.9800,11900,201880.0000,3
2025-07-08,20250708130500000,sz.002732,16.9800,16.9800,16.9400,16.9500,34200,580114.0000,3
2025-07-08,20250708131000000,sz.002732,16.9600,16.9700,16.9500,16.9600,34300,581756.0000,3
2025-07-08,20250708131500000,sz.002732,16.9700,16.9800,16.9700,16.9800,29800,505880.0000,3
2025-07-08,20250708132000000,sz.002732,16.9800,17.0000,16.9600,16.9800,33400,567108.0000,3
2025-07-08,20250708132500000,sz.002732,16.9800,16.9800,16.9600,16.9700,38300,650112.0000,3
2025-07-08,20250708133000000,sz.002732,16.9700,17.0100,16.9700,16.9800,56600,961936.0000,3
2025-07-08,20250708133500000,sz.002732,16.9900,16.9900,16.9700,16.9800,32600,553696.0000,3
2025-07-08,20250708134000000,sz.002732,16.9700,17.0000,16.9700,16.9900,11600,197072.0000,3
2025-07-08,20250708134500000,sz.002732,17.0000,17.0300,16.9900,17.0300,46200,785868.0000,3
2025-07-08,20250708135000000,sz.002732,17.0200,17.0400,17.0200,17.0400,56500,962444.0000,3
2025-07-08,20250708135500000,sz.002732,17.0500,17.0500,17.0300,17.0300,43500,741016.0000,3
2025-07-08,20250708140000000,sz.002732,17.0300,17.0500,17.0300,17.0400,40300,686714.0000,3
2025-07-08,20250708140500000,sz.002732,17.0300,17.0500,17.0300,17.0400,70500,1201458.0000,3
2025-07-08,20250708141000000,sz.002732,17.0400,17.0800,17.0400,17.0500,96600,1647648.0000,3
2025-07-08,20250708141500000,sz.002732,17.0500,17.0700,17.0400,17.0500,70800,1207718.0000,3
2025-07-08,20250708142000000,sz.002732,17.0400,17.0700,17.0400,17.0600,108200,1845102.0000,3
2025-07-08,20250708142500000,sz.002732,17.0600,17.0700,17.0500,17.0600,33700,575028.0000,3
2025-07-08,20250708143000000,sz.002732,17.0600,17.1700,17.0600,17.1100,155900,2666376.0000,3
2025-07-08,20250708143500000,sz.002732,17.1100,17.1600,17.1100,17.1300,93600,1603944.0000,3
2025-07-08,20250708144000000,sz.002732,17.1300,17.2000,17.1200,17.1800,157500,2701616.0000,3
2025-07-08,20250708144500000,sz.002732,17.1800,17.3200,17.1700,17.2900,425600,7343016.0000,3
2025-07-08,20250708145000000,sz.002732,17.2800,17.2900,17.2200,17.2200,290400,5010904.0000,3
2025-07-08,20250708145500000,sz.002732,17.2200,17.2500,17.2200,17.2400,236000,4067112.0000,3
2025-07-08,20250708150000000,sz.002732,17.2500,17.2500,17.2200,17.2500,203500,3509072.0000,3
2025-07-09,20250709093500000,sz.002732,17.3000,17.3000,17.1400,17.1600,157100,2703719.0000,3
2025-07-09,20250709094000000,sz.002732,17.1600,17.1900,17.1300,17.1900,52000,891968.0000,3
2025-07-09,20250709094500000,sz.002732,17.1900,17.3000,17.1700,17.2200,133500,2300286.0000,3
2025-07-09,20250709095000000,sz.002732,17.2000,17.3200,17.2000,17.3200,97100,1675111.0000,3
2025-07-09,20250709095500000,sz.002732,17.3200,17.3200,17.2700,17.2700,37400,646674.0000,3
2025-07-09,20250709100000000,sz.002732,17.2700,17.2700,17.2400,17.2700,32900,567626.0000,3
2025-07-09,20250709100500000,sz.002732,17.2500,17.2500,17.2100,17.2100,47600,820407.0000,3
2025-07-09,20250709101000000,sz.002732,17.2200,17.2400,17.2100,17.2100,25700,442757.0000,3
2025-07-09,20250709101500000,sz.002732,17.2100,17.2300,17.2100,17.2100,23300,401224.0000,3
2025-07-09,20250709102000000,sz.002732,17.2100,17.2600,17.2100,17.2500,35900,618523.0000,3
2025-07-09,20250709102500000,sz.002732,17.2500,17.2600,17.2300,17.2500,35100,605392.0000,3
2025-07-09,20250709103000000,sz.002732,17.2500,17.2800,17.2300,17.2300,52500,906074.0000,3
2025-07-09,20250709103500000,sz.002732,17.2300,17.2500,17.2300,17.2400,30300,522392.0000,3
2025-07-09,20250709104000000,sz.002732,17.2400,17.2500,17.2400,17.2500,20900,360402.0000,3
2025-07-09,20250709104500000,sz.002732,17.2400,17.3000,17.2400,17.2600,85700,1479441.0000,3
2025-07-09,20250709105000000,sz.002732,17.2700,17.2700,17.2300,17.2400,40800,703771.0000,3
2025-07-09,20250709105500000,sz.002732,17.2300,17.2400,17.2200,17.2200,11500,198127.0000,3
2025-07-09,20250709110000000,sz.002732,17.2200,17.2400,17.2000,17.2100,51500,886444.0000,3
2025-07-09,20250709110500000,sz.002732,17.2000,17.2100,17.1800,17.1900,81400,1399678.0000,3
2025-07-09,20250709111000000,sz.002732,17.1900,17.2300,17.1900,17.2200,24600,423280.0000,3
2025-07-09,20250709111500000,sz.002732,17.2200,17.2200,17.2000,17.2100,18700,321848.0000,3
2025-07-09,20250709112000000,sz.002732,17.2000,17.2400,17.2000,17.2200,43800,753896.0000,3
2025-07-09,20250709112500000,sz.002732,17.2200,17.2500,17.2200,17.2400,117300,2022380.0000,3
2025-07-09,20250709113000000,sz.002732,17.2300,17.2400,17.2100,17.2300,53300,917884.0000,3
2025-07-09,20250709130500000,sz.002732,17.2200,17.2200,17.2000,17.2100,64400,1108562.0000,3
2025-07-09,20250709131000000,sz.002732,17.2100,17.2300,17.2000,17.2300,24700,425282.0000,3
2025-07-09,20250709131500000,sz.002732,17.2300,17.2300,17.2100,17.2100,26500,456256.0000,3
2025-07-09,20250709132000000,sz.002732,17.2100,17.2300,17.2000,17.2300,34200,588884.0000,3
2025-07-09,20250709132500000,sz.002732,17.2300,17.2400,17.2200,17.2300,40300,694276.0000,3
2025-07-09,20250709133000000,sz.002732,17.2300,17.2300,17.2100,17.2200,76400,1315678.0000,3
2025-07-09,20250709133500000,sz.002732,17.2200,17.2500,17.2200,17.2200,104700,1804722.0000,3
2025-07-09,20250709134000000,sz.002732,17.2100,17.2200,17.1900,17.2000,37900,652022.0000,3
2025-07-09,20250709134500000,sz.002732,17.1900,17.2200,17.1900,17.2100,40900,703866.0000,3
2025-07-09,20250709135000000,sz.002732,17.2200,17.2400,17.2100,17.2400,44700,770052.0000,3
2025-07-09,20250709135500000,sz.002732,17.2400,17.2400,17.2200,17.2400,33400,575544.0000,3
2025-07-09,20250709140000000,sz.002732,17.2400,17.2400,17.2200,17.2200,61100,1052844.0000,3
2025-07-09,20250709140500000,sz.002732,17.2300,17.2300,17.2000,17.2000,44600,767744.0000,3
2025-07-09,20250709141000000,sz.002732,17.2000,17.2500,17.1900,17.2500,66700,1148632.0000,3
2025-07-09,20250709141500000,sz.002732,17.2400,17.2400,17.2000,17.2200,43800,754264.0000,3
2025-07-09,20250709142000000,sz.002732,17.2200,17.2500,17.2200,17.2400,58800,1013548.0000,3
2025-07-09,20250709142500000,sz.002732,17.2300,17.2400,17.2300,17.2300,14500,249864.0000,3
2025-07-09,20250709143000000,sz.002732,17.2300,17.2400,17.2100,17.2100,18800,323824.0000,3
2025-07-09,20250709143500000,sz.002732,17.2100,17.2300,17.2100,17.2300,41700,718068.0000,3
2025-07-09,20250709144000000,sz.002732,17.2300,17.2400,17.2100,17.2100,126300,2176228.0000,3
2025-07-09,20250709144500000,sz.002732,17.2100,17.2400,17.2000,17.2200,146300,2519048.0000,3
2025-07-09,20250709145000000,sz.002732,17.2000,17.2200,17.2000,17.2200,105600,1817376.0000,3
2025-07-09,20250709145500000,sz.002732,17.2100,17.2400,17.2100,17.2300,172600,2973528.0000,3
2025-07-09,20250709150000000,sz.002732,17.2200,17.2500,17.2200,17.2400,161900,2791480.0000,3
2025-07-10,20250710093500000,sz.002732,17.1500,17.2600,17.1500,17.1700,57900,994878.0000,3
2025-07-10,20250710094000000,sz.002732,17.1600,17.1800,17.1400,17.1700,51000,875064.0000,3
2025-07-10,20250710094500000,sz.002732,17.1700,17.2400,17.1600,17.2300,48600,835829.0000,3
2025-07-10,20250710095000000,sz.002732,17.2300,17.2800,17.2100,17.2300,44200,761772.0000,3
2025-07-10,20250710095500000,sz.002732,17.2400,17.2500,17.2400,17.2500,31100,536084.0000,3
2025-07-10,20250710100000000,sz.002732,17.2300,17.2600,17.2300,17.2400,32900,567317.0000,3
2025-07-10,20250710100500000,sz.002732,17.2500,17.3400,17.2500,17.2800,90900,1571052.0000,3
2025-07-10,20250710101000000,sz.002732,17.2800,17.3100,17.2800,17.2900,23300,402901.0000,3
2025-07-10,20250710101500000,sz.002732,17.2800,17.3200,17.2800,17.3100,57000,985648.0000,3
2025-07-10,20250710102000000,sz.002732,17.3000,17.3000,17.2600,17.2800,24700,426935.0000,3
2025-07-10,20250710102500000,sz.002732,17.2700,17.2700,17.2400,17.2700,35600,614326.0000,3
2025-07-10,20250710103000000,sz.002732,17.2700,17.2800,17.2600,17.2800,25700,443847.0000,3
2025-07-10,20250710103500000,sz.002732,17.2700,17.3000,17.2700,17.2700,38300,662275.0000,3
2025-07-10,20250710104000000,sz.002732,17.2700,17.2800,17.2400,17.2500,50700,875098.0000,3
2025-07-10,20250710104500000,sz.002732,17.2500,17.2700,17.2400,17.2500,19900,343272.0000,3
2025-07-10,20250710105000000,sz.002732,17.2400,17.2500,17.2400,17.2400,12300,212064.0000,3
2025-07-10,20250710105500000,sz.002732,17.2400,17.2400,17.1900,17.1900,55600,956857.0000,3
2025-07-10,20250710110000000,sz.002732,17.2000,17.2100,17.1900,17.1900,23900,410993.0000,3
2025-07-10,20250710110500000,sz.002732,17.2000,17.2200,17.1900,17.2000,12300,211625.0000,3
2025-07-10,20250710111000000,sz.002732,17.2000,17.2100,17.1700,17.1700,51500,885112.0000,3
2025-07-10,20250710111500000,sz.002732,17.1700,17.2000,17.1700,17.1900,15600,268094.0000,3
2025-07-10,20250710112000000,sz.002732,17.2000,17.2200,17.2000,17.2100,20200,347463.0000,3
2025-07-10,20250710112500000,sz.002732,17.2200,17.2200,17.2100,17.2200,12000,206561.0000,3
2025-07-10,20250710113000000,sz.002732,17.2100,17.2300,17.2100,17.2200,10000,172211.0000,3
2025-07-10,20250710130500000,sz.002732,17.2200,17.2200,17.2000,17.2100,20000,344296.0000,3
2025-07-10,20250710131000000,sz.002732,17.2000,17.2000,17.1800,17.1900,13400,230436.0000,3
2025-07-10,20250710131500000,sz.002732,17.1900,17.2000,17.1800,17.2000,23100,397128.0000,3
2025-07-10,20250710132000000,sz.002732,17.2000,17.2100,17.1800,17.1900,33000,567220.0000,3
2025-07-10,20250710132500000,sz.002732,17.1900,17.2000,17.1800,17.1900,12500,214922.0000,3
2025-07-10,20250710133000000,sz.002732,17.2000,17.2000,17.1900,17.2000,9800,168511.0000,3
2025-07-10,20250710133500000,sz.002732,17.2000,17.2100,17.1800,17.2000,26500,455805.0000,3
2025-07-10,20250710134000000,sz.002732,17.2100,17.2100,17.1500,17.1800,136700,2348236.0000,3
2025-07-10,20250710134500000,sz.002732,17.1900,17.1900,17.1800,17.1900,15500,266370.0000,3
2025-07-10,20250710135000000,sz.002732,17.1800,17.2000,17.1800,17.2000,39100,672246.0000,3
2025-07-10,20250710135500000,sz.002732,17.2100,17.2300,17.2000,17.2200,11000,189388.0000,3
2025-07-10,20250710140000000,sz.002732,17.2100,17.2300,17.2000,17.2100,14200,244432.0000,3
2025-07-10,20250710140500000,sz.002732,17.2300,17.2400,17.2100,17.2200,17300,298032.0000,3
2025-07-10,20250710141000000,sz.002732,17.2300,17.2400,17.2200,17.2200,23400,403052.0000,3
2025-07-10,20250710141500000,sz.002732,17.2200,17.2400,17.2200,17.2300,25100,432332.0000,3
2025-07-10,20250710142000000,sz.002732,17.2300,17.2500,17.2300,17.2400,60300,1039482.0000,3
2025-07-10,20250710142500000,sz.002732,17.2500,17.2500,17.2200,17.2400,59600,1027426.0000,3
2025-07-10,20250710143000000,sz.002732,17.2400,17.2600,17.2400,17.2500,58800,1014272.0000,3
2025-07-10,20250710143500000,sz.002732,17.2500,17.2600,17.2100,17.2100,39500,680486.0000,3
2025-07-10,20250710144000000,sz.002732,17.2100,17.2100,17.1800,17.1900,41700,716920.0000,3
2025-07-10,20250710144500000,sz.002732,17.1900,17.2000,17.1800,17.1900,34400,591362.0000,3
2025-07-10,20250710145000000,sz.002732,17.1900,17.2100,17.1700,17.2100,75500,1297486.0000,3
2025-07-10,20250710145500000,sz.002732,17.2100,17.2200,17.1900,17.2000,62000,1066502.0000,3
2025-07-10,20250710150000000,sz.002732,17.2100,17.2100,17.1900,17.2000,73000,1255532.0000,3
2025-07-11,20250711093500000,sz.002732,17.2900,17.3200,17.2000,17.2900,99100,1711819.0000,3
2025-07-11,20250711094000000,sz.002732,17.2800,17.3000,17.2600,17.3000,56700,980075.0000,3
2025-07-11,20250711094500000,sz.002732,17.2900,17.2900,17.2000,17.2300,101700,1750231.0000,3
2025-07-11,20250711095000000,sz.002732,17.2400,17.2400,17.2200,17.2300,32400,558144.0000,3
2025-07-11,20250711095500000,sz.002732,17.2200,17.2300,17.1800,17.1800,29900,514320.0000,3
2025-07-11,20250711100000000,sz.002732,17.1800,17.1800,17.1200,17.1300,86300,1479820.0000,3
2025-07-11,20250711100500000,sz.002732,17.1300,17.1300,17.1000,17.1200,62600,1071501.0000,3
2025-07-11,20250711101000000,sz.002732,17.1100,17.1100,17.0400,17.0500,98900,1688365.0000,3
2025-07-11,20250711101500000,sz.002732,17.0200,17.0500,16.9600,16.9600,156000,2651700.0000,3
2025-07-11,20250711102000000,sz.002732,16.9600,17.0800,16.9500,17.0500,96800,1647564.0000,3
2025-07-11,20250711102500000,sz.002732,17.0600,17.0600,17.0300,17.0600,51500,877961.0000,3
2025-07-11,20250711103000000,sz.002732,17.0600,17.0700,17.0300,17.0500,66400,1131956.0000,3
2025-07-11,20250711103500000,sz.002732,17.0500,17.0800,17.0300,17.0400,60900,1038660.0000,3
2025-07-11,20250711104000000,sz.002732,17.0400,17.0600,17.0300,17.0300,31900,543540.0000,3
2025-07-11,20250711104500000,sz.002732,17.0300,17.0300,17.0100,17.0200,17800,302988.0000,3
2025-07-11,20250711105000000,sz.002732,17.0300,17.0400,17.0100,17.0200,30700,522720.0000,3
2025-07-11,20250711105500000,sz.002732,17.0100,17.0200,17.0000,17.0100,15000,255118.0000,3
2025-07-11,20250711110000000,sz.002732,17.0100,17.0200,17.0000,17.0000,15100,256768.0000,3
2025-07-11,20250711110500000,sz.002732,17.0200,17.0300,17.0100,17.0300,21900,372630.0000,3
2025-07-11,20250711111000000,sz.002732,17.0200,17.0300,17.0200,17.0200,8300,141272.0000,3
2025-07-11,20250711111500000,sz.002732,17.0100,17.0300,17.0100,17.0200,20500,348910.0000,3
2025-07-11,20250711112000000,sz.002732,17.0100,17.0200,16.9900,16.9900,54000,917986.0000,3
2025-07-11,20250711112500000,sz.002732,17.0100,17.0100,17.0000,17.0000,8900,151364.0000,3
2025-07-11,20250711113000000,sz.002732,17.0100,17.0400,17.0100,17.0400,37200,633288.0000,3
2025-07-11,20250711130500000,sz.002732,17.0300,17.0700,17.0300,17.0300,30500,519900.0000,3
2025-07-11,20250711131000000,sz.002732,17.0300,17.0600,17.0300,17.0300,35900,611738.0000,3
2025-07-11,20250711131500000,sz.002732,17.0400,17.0400,17.0200,17.0200,37400,636696.0000,3
2025-07-11,20250711132000000,sz.002732,17.0200,17.0300,17.0200,17.0300,10200,173664.0000,3
2025-07-11,20250711132500000,sz.002732,17.0300,17.0400,17.0200,17.0400,9000,153254.0000,3
2025-07-11,20250711133000000,sz.002732,17.0400,17.0400,17.0100,17.0200,28400,483570.0000,3
2025-07-11,20250711133500000,sz.002732,17.0300,17.0800,17.0300,17.0700,34100,581538.0000,3
2025-07-11,20250711134000000,sz.002732,17.0800,17.0900,17.0600,17.0600,50700,865476.0000,3
2025-07-11,20250711134500000,sz.002732,17.0700,17.0900,17.0500,17.0900,19000,324280.0000,3
2025-07-11,20250711135000000,sz.002732,17.0600,17.1100,17.0600,17.1100,55100,941302.0000,3
2025-07-11,20250711135500000,sz.002732,17.1000,17.1100,17.0800,17.0800,57900,989750.0000,3
2025-07-11,20250711140000000,sz.002732,17.0800,17.0900,17.0600,17.0600,58600,1000234.0000,3
2025-07-11,20250711140500000,sz.002732,17.0600,17.0700,17.0500,17.0500,46600,795070.0000,3
2025-07-11,20250711141000000,sz.002732,17.0500,17.0600,17.0500,17.0500,7900,134704.0000,3
2025-07-11,20250711141500000,sz.002732,17.0500,17.0500,17.0300,17.0500,14700,250516.0000,3
2025-07-11,20250711142000000,sz.002732,17.0500,17.0700,17.0500,17.0600,26900,458816.0000,3
2025-07-11,20250711142500000,sz.002732,17.0600,17.0700,17.0500,17.0500,17600,300176.0000,3
2025-07-11,20250711143000000,sz.002732,17.0600,17.0600,17.0300,17.0300,16600,282908.0000,3
2025-07-11,20250711143500000,sz.002732,17.0400,17.0400,17.0000,17.0300,58700,999392.0000,3
2025-07-11,20250711144000000,sz.002732,17.0300,17.0300,16.9900,17.0100,97000,1649780.0000,3
2025-07-11,20250711144500000,sz.002732,17.0000,17.0400,17.0000,17.0100,75600,1286660.0000,3
2025-07-11,20250711145000000,sz.002732,17.0100,17.0200,16.9700,16.9900,161100,2737904.0000,3
2025-07-11,20250711145500000,sz.002732,16.9900,16.9900,16.9400,16.9500,170100,2885240.0000,3
2025-07-11,20250711150000000,sz.002732,16.9500,16.9800,16.9400,16.9800,99700,1691680.0000,3
2025-07-14,20250714093500000,sz.002732,16.9500,17.0600,16.9300,16.9500,106500,1807676.0000,3
2025-07-14,20250714094000000,sz.002732,16.9500,17.0400,16.9400,17.0300,68400,1161661.0000,3
2025-07-14,20250714094500000,sz.002732,17.0300,17.0900,17.0200,17.0800,87300,1488586.0000,3
2025-07-14,20250714095000000,sz.002732,17.0800,17.0800,17.0500,17.0500,36900,629528.0000,3
2025-07-14,20250714095500000,sz.002732,17.0600,17.0900,17.0600,17.0700,49400,843405.0000,3
2025-07-14,20250714100000000,sz.002732,17.0600,17.0700,17.0400,17.0400,17400,296702.0000,3
2025-07-14,20250714100500000,sz.002732,17.0400,17.1000,17.0400,17.0900,91500,1562218.0000,3
2025-07-14,20250714101000000,sz.002732,17.0900,17.0900,17.0700,17.0900,55500,948150.0000,3
2025-07-14,20250714101500000,sz.002732,17.0900,17.1000,17.0700,17.0800,80600,1376737.0000,3
2025-07-14,20250714102000000,sz.002732,17.0700,17.0800,17.0500,17.0500,41500,708351.0000,3
2025-07-14,20250714102500000,sz.002732,17.0500,17.0600,17.0000,17.0000,26500,451208.0000,3
2025-07-14,20250714103000000,sz.002732,17.0200,17.0300,17.0000,17.0000,20000,340306.0000,3
2025-07-14,20250714103500000,sz.002732,17.0200,17.0200,17.0100,17.0100,28000,476419.0000,3
2025-07-14,20250714104000000,sz.002732,17.0200,17.0200,17.0100,17.0200,9800,166731.0000,3
2025-07-14,20250714104500000,sz.002732,17.0200,17.0200,16.9900,16.9900,16200,275445.0000,3
2025-07-14,20250714105000000,sz.002732,16.9900,17.0100,16.9900,17.0000,16000,272055.0000,3
2025-07-14,20250714105500000,sz.002732,16.9900,17.0000,16.9700,16.9900,17200,292161.0000,3
2025-07-14,20250714110000000,sz.002732,16.9700,17.0200,16.9700,16.9900,30900,525569.0000,3
2025-07-14,20250714110500000,sz.002732,17.0000,17.0000,16.9800,16.9900,13500,229363.0000,3
2025-07-14,20250714111000000,sz.002732,16.9900,17.0000,16.9800,17.0000,19400,329686.0000,3
2025-07-14,20250714111500000,sz.002732,16.9900,16.9900,16.9800,16.9900,13500,229363.0000,3
2025-07-14,20250714112000000,sz.002732,16.9900,16.9900,16.9800,16.9800,10700,181787.0000,3
2025-07-14,20250714112500000,sz.002732,16.9800,16.9900,16.9800,16.9900,10200,173229.0000,3
2025-07-14,20250714113000000,sz.002732,16.9900,17.0000,16.9800,16.9800,8500,144379.0000,3
2025-07-14,20250714130500000,sz.002732,17.0000,17.0000,16.9800,17.0000,54500,926721.0000,3
2025-07-14,20250714131000000,sz.002732,16.9900,17.0200,16.9900,17.0000,13000,221054.0000,3
2025-07-14,20250714131500000,sz.002732,17.0100,17.0100,16.9900,16.9900,4400,74804.0000,3
2025-07-14,20250714132000000,sz.002732,16.9900,17.0000,16.9800,17.0000,15900,270060.0000,3
2025-07-14,20250714132500000,sz.002732,16.9900,16.9900,16.9800,16.9800,3900,66260.0000,3
2025-07-14,20250714133000000,sz.002732,17.0000,17.0100,16.9900,17.0100,17200,292337.0000,3
2025-07-14,20250714133500000,sz.002732,17.0000,17.0400,17.0000,17.0400,29700,505329.0000,3
2025-07-14,20250714134000000,sz.002732,17.0400,17.0500,17.0300,17.0400,20600,351002.0000,3
2025-07-14,20250714134500000,sz.002732,17.0400,17.0500,17.0300,17.0500,15000,255594.0000,3
2025-07-14,20250714135000000,sz.002732,17.0400,17.0700,17.0300,17.0600,37300,636232.0000,3
2025-07-14,20250714135500000,sz.002732,17.0500,17.1000,17.0500,17.1000,98600,1683834.0000,3
2025-07-14,20250714140000000,sz.002732,17.0900,17.0900,17.0600,17.0600,21200,361978.0000,3
2025-07-14,20250714140500000,sz.002732,17.0500,17.0700,17.0400,17.0700,57700,984154.0000,3
2025-07-14,20250714141000000,sz.002732,17.0500,17.0700,17.0400,17.0400,31000,528450.0000,3
2025-07-14,20250714141500000,sz.002732,17.0400,17.0600,17.0300,17.0400,17500,298236.0000,3
2025-07-14,20250714142000000,sz.002732,17.0400,17.0600,17.0400,17.0500,30100,513116.0000,3
2025-07-14,20250714142500000,sz.002732,17.0500,17.0700,17.0400,17.0400,54000,920556.0000,3
2025-07-14,20250714143000000,sz.002732,17.0500,17.0700,17.0300,17.0300,35300,601600.0000,3
2025-07-14,20250714143500000,sz.002732,17.0300,17.0400,17.0200,17.0400,35000,596212.0000,3
2025-07-14,20250714144000000,sz.002732,17.0300,17.0400,17.0300,17.0400,18900,321916.0000,3
2025-07-14,20250714144500000,sz.002732,17.0400,17.0700,17.0300,17.0600,28900,492872.0000,3
2025-07-14,20250714145000000,sz.002732,17.0500,17.0900,17.0500,17.0800,58800,1004062.0000,3
2025-07-14,20250714145500000,sz.002732,17.0900,17.0900,17.0500,17.0700,130600,2228368.0000,3
2025-07-14,20250714150000000,sz.002732,17.0600,17.0700,17.0500,17.0700,78400,1337758.0000,3
2025-07-15,20250715093500000,sz.002732,17.0000,17.0700,16.9300,16.9800,137400,2334685.0000,3
2025-07-15,20250715094000000,sz.002732,17.0000,17.0600,16.9800,16.9800,58400,994206.0000,3
2025-07-15,20250715094500000,sz.002732,16.9900,16.9900,16.9500,16.9600,63700,1080907.0000,3
2025-07-15,20250715095000000,sz.002732,16.9700,16.9700,16.9200,16.9300,54200,918320.0000,3
2025-07-15,20250715095500000,sz.002732,16.9300,16.9500,16.8800,16.8800,75300,1274167.0000,3
2025-07-15,20250715100000000,sz.002732,16.8800,16.9100,16.8700,16.9100,47500,802062.0000,3
2025-07-15,20250715100500000,sz.002732,16.8900,16.8900,16.8400,16.8400,87500,1475395.0000,3
2025-07-15,20250715101000000,sz.002732,16.8400,16.8400,16.7100,16.7100,170900,2866199.0000,3
2025-07-15,20250715101500000,sz.002732,16.7200,16.7200,16.6800,16.7100,77600,1296094.0000,3
2025-07-15,20250715102000000,sz.002732,16.6900,16.7400,16.6700,16.7300,100300,1675066.0000,3
2025-07-15,20250715102500000,sz.002732,16.7300,16.7500,16.7200,16.7200,36400,609081.0000,3
2025-07-15,20250715103000000,sz.002732,16.7200,16.7200,16.6800,16.6800,69800,1165685.0000,3
2025-07-15,20250715103500000,sz.002732,16.6900,16.7000,16.6400,16.6500,91300,1521961.0000,3
2025-07-15,20250715104000000,sz.002732,16.6600,16.7200,16.6500,16.7200,52900,881984.0000,3
2025-07-15,20250715104500000,sz.002732,16.7200,16.7500,16.7100,16.7100,28300,473628.0000,3
2025-07-15,20250715105000000,sz.002732,16.7100,16.7200,16.7000,16.7200,14600,243984.0000,3
2025-07-15,20250715105500000,sz.002732,16.7200,16.7400,16.7000,16.7100,16400,274212.0000,3
2025-07-15,20250715110000000,sz.002732,16.7300,16.7300,16.7100,16.7200,5900,98644.0000,3
2025-07-15,20250715110500000,sz.002732,16.7200,16.7300,16.6900,16.7000,20800,347652.0000,3
2025-07-15,20250715111000000,sz.002732,16.7000,16.7200,16.6900,16.7100,7100,118642.0000,3
2025-07-15,20250715111500000,sz.002732,16.7000,16.7000,16.6500,16.6600,39000,650098.0000,3
2025-07-15,20250715112000000,sz.002732,16.6600,16.7000,16.6500,16.6800,54400,906688.0000,3
2025-07-15,20250715112500000,sz.002732,16.6600,16.6800,16.6600,16.6800,11800,196716.0000,3
2025-07-15,20250715113000000,sz.002732,16.6700,16.6800,16.6700,16.6700,9200,153376.0000,3
2025-07-15,20250715130500000,sz.002732,16.6700,16.7100,16.6700,16.7100,42300,705960.0000,3
2025-07-15,20250715131000000,sz.002732,16.7000,16.7100,16.6900,16.7000,22500,375796.0000,3
2025-07-15,20250715131500000,sz.002732,16.7100,16.7200,16.6900,16.7200,12100,202112.0000,3
2025-07-15,20250715132000000,sz.002732,16.7200,16.7400,16.7200,16.7400,17700,296156.0000,3
2025-07-15,20250715132500000,sz.002732,16.7400,16.7500,16.7400,16.7500,8300,138976.0000,3
2025-07-15,20250715133000000,sz.002732,16.7500,16.7500,16.7300,16.7500,12300,205912.0000,3
2025-07-15,20250715133500000,sz.002732,16.7500,16.7500,16.7400,16.7500,20600,344948.0000,3
2025-07-15,20250715134000000,sz.002732,16.7500,16.7700,16.7300,16.7400,13400,224536.0000,3
2025-07-15,20250715134500000,sz.002732,16.7300,16.7500,16.7300,16.7500,8700,145640.0000,3
2025-07-15,20250715135000000,sz.002732,16.7500,16.7500,16.7200,16.7200,12500,209198.0000,3
2025-07-15,20250715135500000,sz.002732,16.7100,16.7200,16.7100,16.7200,25000,417788.0000,3
2025-07-15,20250715140000000,sz.002732,16.7300,16.7400,16.7200,16.7300,11600,194010.0000,3
2025-07-15,20250715140500000,sz.002732,16.7300,16.7700,16.7300,16.7500,14800,247908.0000,3
2025-07-15,20250715141000000,sz.002732,16.7500,16.7500,16.7400,16.7500,6900,115556.0000,3
2025-07-15,20250715141500000,sz.002732,16.7400,16.7500,16.7200,16.7200,14000,234296.0000,3
2025-07-15,20250715142000000,sz.002732,16.7200,16.7500,16.7200,16.7500,23100,386534.0000,3
2025-07-15,20250715142500000,sz.002732,16.7500,16.7500,16.7400,16.7500,4000,66998.0000,3
2025-07-15,20250715143000000,sz.002732,16.7400,16.7700,16.7400,16.7400,23200,388576.0000,3
2025-07-15,20250715143500000,sz.002732,16.7600,16.7800,16.7400,16.7500,27700,464328.0000,3
2025-07-15,20250715144000000,sz.002732,16.7500,16.7500,16.7100,16.7100,26400,441576.0000,3
2025-07-15,20250715144500000,sz.002732,16.7100,16.7400,16.7100,16.7200,38400,642158.0000,3
2025-07-15,20250715145000000,sz.002732,16.7300,16.7400,16.7200,16.7300,37300,623836.0000,3
2025-07-15,20250715145500000,sz.002732,16.7300,16.7400,16.7200,16.7300,38100,637474.0000,3
2025-07-15,20250715150000000,sz.002732,16.7200,16.7600,16.7200,16.7600,47700,798376.0000,3
2025-07-16,20250716093500000,sz.002732,16.7500,16.8500,16.7100,16.7900,150100,2519891.0000,3
2025-07-16,20250716094000000,sz.002732,16.7700,16.8300,16.7600,16.8200,170100,2859062.0000,3
2025-07-16,20250716094500000,sz.002732,16.8100,16.8900,16.8100,16.8800,172000,2899771.0000,3
2025-07-16,20250716095000000,sz.002732,16.8700,16.9500,16.8700,16.9500,211500,3576176.0000,3
2025-07-16,20250716095500000,sz.002732,16.9400,16.9500,16.9200,16.9500,77800,1317717.0000,3
2025-07-16,20250716100000000,sz.002732,16.9500,16.9500,16.9000,16.9100,61000,1032350.0000,3
2025-07-16,20250716100500000,sz.002732,16.9100,16.9200,16.8900,16.9000,28800,486725.0000,3
2025-07-16,20250716101000000,sz.002732,16.9000,16.9400,16.8700,16.9300,124700,2109340.0000,3
2025-07-16,20250716101500000,sz.002732,16.9100,16.9300,16.8800,16.9000,95900,1620792.0000,3
2025-07-16,20250716102000000,sz.002732,16.9000,16.9100,16.8900,16.8900,12600,212936.0000,3
2025-07-16,20250716102500000,sz.002732,16.8900,16.8900,16.8700,16.8900,47500,801816.0000,3
2025-07-16,20250716103000000,sz.002732,16.8900,16.9000,16.8800,16.9000,11400,192520.0000,3
2025-07-16,20250716103500000,sz.002732,16.8900,16.9000,16.8800,16.8800,13200,222990.0000,3
2025-07-16,20250716104000000,sz.002732,16.8900,16.8900,16.8700,16.8900,10400,175502.0000,3
2025-07-16,20250716104500000,sz.002732,16.8800,16.9200,16.8800,16.9100,36900,623972.0000,3
2025-07-16,20250716105000000,sz.002732,16.9100,16.9200,16.8800,16.8900,18700,316100.0000,3
2025-07-16,20250716105500000,sz.002732,16.8800,16.8900,16.8500,16.8800,55300,932196.0000,3
2025-07-16,20250716110000000,sz.002732,16.8700,16.9300,16.8700,16.9100,30000,507094.0000,3
2025-07-16,20250716110500000,sz.002732,16.9200,16.9300,16.9100,16.9200,25700,434884.0000,3
2025-07-16,20250716111000000,sz.002732,16.9200,16.9300,16.9100,16.9200,18000,304546.0000,3
2025-07-16,20250716111500000,sz.002732,16.9300,16.9400,16.9200,16.9300,48600,822752.0000,3
2025-07-16,20250716112000000,sz.002732,16.9300,16.9400,16.9200,16.9400,25900,438548.0000,3
2025-07-16,20250716112500000,sz.002732,16.9300,16.9400,16.9300,16.9300,11400,193062.0000,3
2025-07-16,20250716113000000,sz.002732,16.9300,16.9400,16.9200,16.9300,26500,448562.0000,3
2025-07-16,20250716130500000,sz.002732,16.9000,16.9400,16.9000,16.9400,36600,619472.0000,3
2025-07-16,20250716131000000,sz.002732,16.9300,16.9400,16.9000,16.9100,21600,365620.0000,3
2025-07-16,20250716131500000,sz.002732,16.9000,16.9100,16.9000,16.9000,6700,113280.0000,3
2025-07-16,20250716132000000,sz.002732,16.9100,16.9200,16.8900,16.8900,17700,299224.0000,3
2025-07-16,20250716132500000,sz.002732,16.8900,16.9100,16.8800,16.8900,17600,297344.0000,3
2025-07-16,20250716133000000,sz.002732,16.8900,16.9200,16.8900,16.8900,17100,289002.0000,3
2025-07-16,20250716133500000,sz.002732,16.9000,16.9000,16.8800,16.8800,12700,214466.0000,3
2025-07-16,20250716134000000,sz.002732,16.8800,16.9100,16.8800,16.9100,61100,1032214.0000,3
2025-07-16,20250716134500000,sz.002732,16.9100,16.9200,16.9000,16.9000,15200,256972.0000,3
2025-07-16,20250716135000000,sz.002732,16.8900,16.8900,16.8400,16.8900,34700,585078.0000,3
2025-07-16,20250716135500000,sz.002732,16.9000,16.9100,16.8800,16.8800,18400,310782.0000,3
2025-07-16,20250716140000000,sz.002732,16.8900,16.9100,16.8800,16.8900,13000,219626.0000,3
2025-07-16,20250716140500000,sz.002732,16.8900,16.9000,16.8800,16.9000,9400,158770.0000,3
2025-07-16,20250716141000000,sz.002732,16.8800,16.9000,16.8700,16.8900,55900,943566.0000,3
2025-07-16,20250716141500000,sz.002732,16.9000,16.9100,16.8900,16.9000,10600,179134.0000,3
2025-07-16,20250716142000000,sz.002732,16.9000,16.9300,16.9000,16.9200,59600,1008362.0000,3
2025-07-16,20250716142500000,sz.002732,16.9300,16.9400,16.9200,16.9300,33500,567180.0000,3
2025-07-16,20250716143000000,sz.002732,16.9300,16.9400,16.9300,16.9300,26600,450404.0000,3
2025-07-16,20250716143500000,sz.002732,16.9400,16.9400,16.9000,16.9000,87000,1471540.0000,3
2025-07-16,20250716144000000,sz.002732,16.9000,16.9200,16.9000,16.9100,36800,622084.0000,3
2025-07-16,20250716144500000,sz.002732,16.9100,16.9200,16.9000,16.9200,30500,515788.0000,3
2025-07-16,20250716145000000,sz.002732,16.9100,16.9300,16.9100,16.9100,47400,802036.0000,3
2025-07-16,20250716145500000,sz.002732,16.9200,16.9200,16.9100,16.9200,39400,666380.0000,3
2025-07-16,20250716150000000,sz.002732,16.9200,16.9200,16.9000,16.9200,43900,742484.0000,3
2025-07-17,20250717093500000,sz.002732,17.0000,17.1400,17.0000,17.1000,194400,3318282.0000,3
2025-07-17,20250717094000000,sz.002732,17.0900,17.1400,17.0900,17.1100,131600,2251851.0000,3
2025-07-17,20250717094500000,sz.002732,17.1000,17.1000,17.0600,17.0700,79200,1352730.0000,3
2025-07-17,20250717095000000,sz.002732,17.0800,17.4000,17.0500,17.4000,617600,10638573.0000,3
2025-07-17,20250717095500000,sz.002732,17.4000,17.4000,17.1000,17.1100,291100,5025204.0000,3
2025-07-17,20250717100000000,sz.002732,17.1100,17.1200,17.0700,17.1000,102100,1744936.0000,3
2025-07-17,20250717100500000,sz.002732,17.1000,17.1000,17.0600,17.0700,66100,1128476.0000,3
2025-07-17,20250717101000000,sz.002732,17.0700,17.0800,17.0600,17.0700,44800,764762.0000,3
2025-07-17,20250717101500000,sz.002732,17.0600,17.0700,17.0100,17.0100,47400,807490.0000,3
2025-07-17,20250717102000000,sz.002732,17.0100,17.0700,16.9800,16.9900,68900,1172118.0000,3
2025-07-17,20250717102500000,sz.002732,16.9900,16.9900,16.9700,16.9800,43500,738898.0000,3
2025-07-17,20250717103000000,sz.002732,16.9900,17.0300,16.9900,17.0100,26800,456084.0000,3
2025-07-17,20250717103500000,sz.002732,17.0100,17.0400,17.0000,17.0200,51400,874612.0000,3
2025-07-17,20250717104000000,sz.002732,17.0100,17.0200,16.9900,17.0100,27400,466010.0000,3
2025-07-17,20250717104500000,sz.002732,17.0000,17.0600,16.9700,17.0600,42000,713666.0000,3
2025-07-17,20250717105000000,sz.002732,16.9800,17.0500,16.9600,16.9800,41800,710094.0000,3
2025-07-17,20250717105500000,sz.002732,16.9700,16.9700,16.9200,16.9400,58600,993014.0000,3
2025-07-17,20250717110000000,sz.002732,16.9500,16.9500,16.9400,16.9400,20300,343964.0000,3
2025-07-17,20250717110500000,sz.002732,16.9700,16.9700,16.9500,16.9600,23700,402012.0000,3
2025-07-17,20250717111000000,sz.002732,16.9600,16.9700,16.9400,16.9400,15300,259360.0000,3
2025-07-17,20250717111500000,sz.002732,16.9400,16.9600,16.9200,16.9300,17200,291264.0000,3
2025-07-17,20250717112000000,sz.002732,16.9300,16.9600,16.9300,16.9300,20500,347308.0000,3
2025-07-17,20250717112500000,sz.002732,16.9400,16.9400,16.9300,16.9300,10000,169324.0000,3
2025-07-17,20250717113000000,sz.002732,16.9300,16.9400,16.9100,16.9100,44000,744600.0000,3
2025-07-17,20250717130500000,sz.002732,16.9100,16.9100,16.8900,16.8900,24600,415812.0000,3
2025-07-17,20250717131000000,sz.002732,16.8900,16.8900,16.8500,16.8500,32000,539940.0000,3
2025-07-17,20250717131500000,sz.002732,16.8500,16.9100,16.8500,16.8900,28200,475728.0000,3
2025-07-17,20250717132000000,sz.002732,16.8900,16.8900,16.8600,16.8700,42600,718808.0000,3
2025-07-17,20250717132500000,sz.002732,16.8600,16.8700,16.8400,16.8500,38800,653920.0000,3
2025-07-17,20250717133000000,sz.002732,16.8500,16.8600,16.8400,16.8500,14400,242604.0000,3
2025-07-17,20250717133500000,sz.002732,16.8500,16.8600,16.8300,16.8500,32100,540680.0000,3
2025-07-17,20250717134000000,sz.002732,16.8600,16.8800,16.8500,16.8700,52600,887036.0000,3
2025-07-17,20250717134500000,sz.002732,16.8600,16.8900,16.8600,16.8700,58900,993884.0000,3
2025-07-17,20250717135000000,sz.002732,16.8600,16.9200,16.8500,16.9200,144100,2432624.0000,3
2025-07-17,20250717135500000,sz.002732,16.9300,16.9600,16.9200,16.9600,54000,914908.0000,3
2025-07-17,20250717140000000,sz.002732,16.9700,17.0100,16.9700,17.0000,50200,853512.0000,3
2025-07-17,20250717140500000,sz.002732,17.0000,17.0400,17.0000,17.0100,47400,806480.0000,3
2025-07-17,20250717141000000,sz.002732,17.0100,17.0200,17.0000,17.0000,34000,578104.0000,3
2025-07-17,20250717141500000,sz.002732,17.0100,17.0200,16.9900,17.0000,20700,351964.0000,3
2025-07-17,20250717142000000,sz.002732,16.9900,17.0100,16.9900,17.0100,10100,171696.0000,3
2025-07-17,20250717142500000,sz.002732,17.0000,17.0300,16.9900,17.0300,35700,607304.0000,3
2025-07-17,20250717143000000,sz.002732,17.0300,17.0300,17.0000,17.0000,20400,346972.0000,3
2025-07-17,20250717143500000,sz.002732,17.0100,17.0100,16.9900,16.9900,16900,287176.0000,3
2025-07-17,20250717144000000,sz.002732,16.9900,17.0000,16.9700,16.9800,36300,616608.0000,3
2025-07-17,20250717144500000,sz.002732,16.9800,16.9800,16.9500,16.9600,49000,831256.0000,3
2025-07-17,20250717145000000,sz.002732,16.9600,16.9800,16.9500,16.9800,52300,887344.0000,3
2025-07-17,20250717145500000,sz.002732,16.9700,16.9800,16.9500,16.9500,44300,751440.0000,3
2025-07-17,20250717150000000,sz.002732,16.9600,16.9900,16.9500,16.9700,89800,1524172.0000,3
2025-07-18,20250718093500000,sz.002732,16.8900,17.0000,16.8500,16.9100,192600,3253474.0000,3
2025-07-18,20250718094000000,sz.002732,16.8600,16.9000,16.8300,16.8500,112100,1889205.0000,3
2025-07-18,20250718094500000,sz.002732,16.8500,16.8700,16.8200,16.8400,84000,1414610.0000,3
2025-07-18,20250718095000000,sz.002732,16.8400,16.8900,16.8200,16.8500,81300,1369878.0000,3
2025-07-18,20250718095500000,sz.002732,16.8600,16.9000,16.8500,16.8900,22600,381326.0000,3
2025-07-18,20250718100000000,sz.002732,16.8900,16.9000,16.8800,16.8900,55700,940581.0000,3
2025-07-18,20250718100500000,sz.002732,16.8900,16.8900,16.8300,16.8300,76800,1293740.0000,3
2025-07-18,20250718101000000,sz.002732,16.8300,16.8400,16.8100,16.8100,19900,334771.0000,3
2025-07-18,20250718101500000,sz.002732,16.8100,16.8400,16.8100,16.8400,35200,592056.0000,3
2025-07-18,20250718102000000,sz.002732,16.8300,16.8600,16.8200,16.8600,23800,400685.0000,3
2025-07-18,20250718102500000,sz.002732,16.8600,16.8600,16.8300,16.8400,31000,522414.0000,3
2025-07-18,20250718103000000,sz.002732,16.8500,16.8700,16.8200,16.8700,20600,346954.0000,3
2025-07-18,20250718103500000,sz.002732,16.8600,16.8800,16.8400,16.8800,34600,583242.0000,3
2025-07-18,20250718104000000,sz.002732,16.8700,16.8900,16.8500,16.8800,18500,312041.0000,3
2025-07-18,20250718104500000,sz.002732,16.8800,16.8800,16.8600,16.8700,17100,288507.0000,3
2025-07-18,20250718105000000,sz.002732,16.8700,16.8800,16.8700,16.8800,7600,128236.0000,3
2025-07-18,20250718105500000,sz.002732,16.8700,16.8700,16.8600,16.8700,13100,220996.0000,3
2025-07-18,20250718110000000,sz.002732,16.8700,16.9000,16.8700,16.8700,22900,386580.0000,3
2025-07-18,20250718110500000,sz.002732,16.8700,16.8700,16.8600,16.8700,12100,204119.0000,3
2025-07-18,20250718111000000,sz.002732,16.8700,16.8700,16.8500,16.8600,16800,283243.0000,3
2025-07-18,20250718111500000,sz.002732,16.8500,16.8600,16.8400,16.8500,17600,296519.0000,3
2025-07-18,20250718112000000,sz.002732,16.8500,16.8800,16.8500,16.8800,37200,627261.0000,3
2025-07-18,20250718112500000,sz.002732,16.8700,16.9200,16.8700,16.9100,27700,468054.0000,3
2025-07-18,20250718113000000,sz.002732,16.9100,16.9100,16.8900,16.8900,12200,206196.0000,3
2025-07-18,20250718130500000,sz.002732,16.9000,16.9000,16.8600,16.8900,28700,484476.0000,3
2025-07-18,20250718131000000,sz.002732,16.8800,16.8900,16.8600,16.8800,28400,479218.0000,3
2025-07-18,20250718131500000,sz.002732,16.8900,16.9100,16.8800,16.8800,19300,326014.0000,3
2025-07-18,20250718132000000,sz.002732,16.8900,16.8900,16.8700,16.8700,14300,241404.0000,3
2025-07-18,20250718132500000,sz.002732,16.8700,16.8900,16.8600,16.8600,21100,355840.0000,3
2025-07-18,20250718133000000,sz.002732,16.8600,16.8700,16.8500,16.8500,28900,487320.0000,3
2025-07-18,20250718133500000,sz.002732,16.8600,16.8700,16.8500,16.8600,25200,424712.0000,3
2025-07-18,20250718134000000,sz.002732,16.8500,16.8800,16.8500,16.8600,9400,158472.0000,3
2025-07-18,20250718134500000,sz.002732,16.8600,16.8700,16.8500,16.8600,13600,229272.0000,3
2025-07-18,20250718135000000,sz.002732,16.8600,16.8700,16.8500,16.8600,34900,588384.0000,3
2025-07-18,20250718135500000,sz.002732,16.8600,16.8700,16.8300,16.8400,72100,1214544.0000,3
2025-07-18,20250718140000000,sz.002732,16.8400,16.8500,16.8300,16.8300,15800,266044.0000,3
2025-07-18,20250718140500000,sz.002732,16.8300,16.8700,16.8300,16.8700,15300,257914.0000,3
2025-07-18,20250718141000000,sz.002732,16.8700,16.8700,16.8600,16.8700,7700,129854.0000,3
2025-07-18,20250718141500000,sz.002732,16.8700,16.8800,16.8600,16.8700,15400,259772.0000,3
2025-07-18,20250718142000000,sz.002732,16.8700,16.8900,16.8700,16.8900,24900,420216.0000,3
2025-07-18,20250718142500000,sz.002732,16.8900,16.9000,16.8800,16.8900,16400,276980.0000,3
2025-07-18,20250718143000000,sz.002732,16.8900,16.9000,16.8800,16.8800,10800,182440.0000,3
2025-07-18,20250718143500000,sz.002732,16.8800,16.9100,16.8800,16.9000,30100,508612.0000,3
2025-07-18,20250718144000000,sz.002732,16.9100,16.9300,16.9100,16.9200,48700,824130.0000,3
2025-07-18,20250718144500000,sz.002732,16.9300,16.9500,16.9300,16.9300,29100,492906.0000,3
2025-07-18,20250718145000000,sz.002732,16.9400,16.9600,16.9400,16.9600,28900,489776.0000,3
2025-07-18,20250718145500000,sz.002732,16.9500,16.9700,16.9300,16.9400,61100,1035626.0000,3
2025-07-18,20250718150000000,sz.002732,16.9500,16.9700,16.9300,16.9700,95700,1622784.0000,3
2025-07-21,20250721093500000,sz.002732,16.9000,16.9900,16.9000,16.9800,59400,1007235.0000,3
2025-07-21,20250721094000000,sz.002732,16.9800,17.0900,16.9800,17.0200,81300,1382483.0000,3
2025-07-21,20250721094500000,sz.002732,17.0400,17.0700,17.0000,17.0400,114100,1942015.0000,3
2025-07-21,20250721095000000,sz.002732,17.0500,17.0900,17.0500,17.0800,97500,1664706.0000,3
2025-07-21,20250721095500000,sz.002732,17.0700,17.0900,17.0600,17.0900,78600,1341776.0000,3
2025-07-21,20250721100000000,sz.002732,17.0800,17.1000,17.0800,17.0900,69900,1194511.0000,3
2025-07-21,20250721100500000,sz.002732,17.0900,17.1500,17.0900,17.1000,79100,1353310.0000,3
2025-07-21,20250721101000000,sz.002732,17.1100,17.1500,17.1000,17.1300,98500,1687675.0000,3
2025-07-21,20250721101500000,sz.002732,17.1300,17.1400,17.1200,17.1400,38100,652453.0000,3
2025-07-21,20250721102000000,sz.002732,17.1500,17.1500,17.1300,17.1400,20900,358234.0000,3
2025-07-21,20250721102500000,sz.002732,17.1200,17.1300,17.1000,17.1100,22300,381583.0000,3
2025-07-21,20250721103000000,sz.002732,17.1000,17.1100,17.0900,17.1000,16900,288967.0000,3
2025-07-21,20250721103500000,sz.002732,17.1100,17.1300,17.1100,17.1300,87200,1491463.0000,3
2025-07-21,20250721104000000,sz.002732,17.1300,17.1400,17.1100,17.1300,43800,750158.0000,3
2025-07-21,20250721104500000,sz.002732,17.1300,17.1400,17.1000,17.1000,21100,361313.0000,3
2025-07-21,20250721105000000,sz.002732,17.1100,17.1300,17.1000,17.1200,11900,203688.0000,3
2025-07-21,20250721105500000,sz.002732,17.1200,17.1400,17.1200,17.1300,23400,400933.0000,3
2025-07-21,20250721110000000,sz.002732,17.1300,17.1500,17.1200,17.1400,55500,951215.0000,3
2025-07-21,20250721110500000,sz.002732,17.1500,17.1800,17.1400,17.1800,82500,1415372.0000,3
2025-07-21,20250721111000000,sz.002732,17.1800,17.1800,17.1500,17.1500,21700,372360.0000,3
2025-07-21,20250721111500000,sz.002732,17.1600,17.1600,17.1400,17.1600,7200,123518.0000,3
2025-07-21,20250721112000000,sz.002732,17.1500,17.1600,17.1200,17.1500,20400,349654.0000,3
2025-07-21,20250721112500000,sz.002732,17.1500,17.1500,17.1400,17.1400,10300,176626.0000,3
2025-07-21,20250721113000000,sz.002732,17.1400,17.1800,17.1400,17.1600,55400,950838.0000,3
2025-07-21,20250721130500000,sz.002732,17.1600,17.1800,17.1500,17.1500,53600,920394.0000,3
2025-07-21,20250721131000000,sz.002732,17.1600,17.1600,17.1500,17.1600,13100,224740.0000,3
2025-07-21,20250721131500000,sz.002732,17.1600,17.1600,17.1400,17.1400,14500,248702.0000,3
2025-07-21,20250721132000000,sz.002732,17.1500,17.1500,17.1400,17.1400,12900,221182.0000,3
2025-07-21,20250721132500000,sz.002732,17.1400,17.1400,17.1300,17.1400,10900,186812.0000,3
2025-07-21,20250721133000000,sz.002732,17.1300,17.1500,17.1300,17.1400,9400,161134.0000,3
2025-07-21,20250721133500000,sz.002732,17.1300,17.1400,17.1300,17.1300,10500,179888.0000,3
2025-07-21,20250721134000000,sz.002732,17.1300,17.1400,17.1200,17.1300,14500,248418.0000,3
2025-07-21,20250721134500000,sz.002732,17.1300,17.1500,17.1300,17.1500,17500,300028.0000,3
2025-07-21,20250721135000000,sz.002732,17.1500,17.1500,17.1300,17.1300,16600,284464.0000,3
2025-07-21,20250721135500000,sz.002732,17.1200,17.1300,17.1200,17.1300,12200,208950.0000,3
2025-07-21,20250721140000000,sz.002732,17.1200,17.1300,17.1200,17.1200,13100,224340.0000,3
2025-07-21,20250721140500000,sz.002732,17.1200,17.1200,17.1100,17.1200,22300,381770.0000,3
2025-07-21,20250721141000000,sz.002732,17.1200,17.1200,17.1100,17.1200,28100,481052.0000,3
2025-07-21,20250721141500000,sz.002732,17.1200,17.1300,17.1100,17.1300,19400,332142.0000,3
2025-07-21,20250721142000000,sz.002732,17.1300,17.1400,17.1200,17.1300,23700,406012.0000,3
2025-07-21,20250721142500000,sz.002732,17.1400,17.1600,17.1300,17.1600,60300,1033850.0000,3
2025-07-21,20250721143000000,sz.002732,17.1500,17.1700,17.1500,17.1600,57300,983460.0000,3
2025-07-21,20250721143500000,sz.002732,17.1700,17.1800,17.1600,17.1800,58800,1009568.0000,3
2025-07-21,20250721144000000,sz.002732,17.1700,17.1800,17.1600,17.1800,63900,1097476.0000,3
2025-07-21,20250721144500000,sz.002732,17.1800,17.1800,17.1700,17.1800,27400,470534.0000,3
2025-07-21,20250721145000000,sz.002732,17.1800,17.1800,17.1600,17.1700,37000,635302.0000,3
2025-07-21,20250721145500000,sz.002732,17.1700,17.1800,17.1600,17.1600,83400,1432114.0000,3
2025-07-21,20250721150000000,sz.002732,17.1600,17.1700,17.1600,17.1600,41000,703670.0000,3
2025-07-22,20250722093500000,sz.002732,17.1800,17.2300,17.1400,17.1400,67600,1160946.0000,3
2025-07-22,20250722094000000,sz.002732,17.1400,17.1500,17.1300,17.1400,18300,313673.0000,3
2025-07-22,20250722094500000,sz.002732,17.1300,17.1400,17.1100,17.1200,47700,816893.0000,3
2025-07-22,20250722095000000,sz.002732,17.1200,17.1200,17.0800,17.0900,60400,1033077.0000,3
2025-07-22,20250722095500000,sz.002732,17.0900,17.1000,17.0600,17.0600,54000,922425.0000,3
2025-07-22,20250722100000000,sz.002732,17.0800,17.0900,17.0400,17.0400,32600,556003.0000,3
2025-07-22,20250722100500000,sz.002732,17.0300,17.0500,17.0200,17.0200,35500,604437.0000,3
2025-07-22,20250722101000000,sz.002732,17.0200,17.1000,17.0100,17.0700,71100,1211543.0000,3
2025-07-22,20250722101500000,sz.002732,17.0700,17.0700,17.0300,17.0400,24500,417882.0000,3
2025-07-22,20250722102000000,sz.002732,17.0400,17.0500,17.0100,17.0200,56200,956780.0000,3
2025-07-22,20250722102500000,sz.002732,17.0200,17.0200,16.9800,17.0000,34700,589887.0000,3
2025-07-22,20250722103000000,sz.002732,17.0100,17.1600,17.0100,17.0800,114300,1954124.0000,3
2025-07-22,20250722103500000,sz.002732,17.0800,17.1400,17.0600,17.1300,47300,809133.0000,3
2025-07-22,20250722104000000,sz.002732,17.1300,17.1300,17.0700,17.0700,30700,525018.0000,3
2025-07-22,20250722104500000,sz.002732,17.0700,17.0900,17.0600,17.0700,18700,319278.0000,3
2025-07-22,20250722105000000,sz.002732,17.0800,17.0900,17.0700,17.0700,18500,315933.0000,3
2025-07-22,20250722105500000,sz.002732,17.1000,17.1000,17.0800,17.1000,20600,352028.0000,3
2025-07-22,20250722110000000,sz.002732,17.0800,17.1100,17.0700,17.0800,32700,558652.0000,3
2025-07-22,20250722110500000,sz.002732,17.0800,17.1100,17.0700,17.1100,59200,1011072.0000,3
2025-07-22,20250722111000000,sz.002732,17.0900,17.0900,17.0600,17.0600,31500,537687.0000,3
2025-07-22,20250722111500000,sz.002732,17.0700,17.1300,17.0700,17.1000,33900,579566.0000,3
2025-07-22,20250722112000000,sz.002732,17.1000,17.1300,17.1000,17.1200,16600,283951.0000,3
2025-07-22,20250722112500000,sz.002732,17.1200,17.1400,17.1200,17.1200,20200,346052.0000,3
2025-07-22,20250722113000000,sz.002732,17.1200,17.1300,17.1100,17.1100,8800,150634.0000,3
2025-07-22,20250722130500000,sz.002732,17.1100,17.1500,17.0900,17.0900,28000,479230.0000,3
2025-07-22,20250722131000000,sz.002732,17.0900,17.1200,17.0900,17.0900,11200,191596.0000,3
2025-07-22,20250722131500000,sz.002732,17.0900,17.1100,17.0900,17.1000,17500,299236.0000,3
2025-07-22,20250722132000000,sz.002732,17.1000,17.1200,17.0800,17.1000,16900,288904.0000,3
2025-07-22,20250722132500000,sz.002732,17.0900,17.1300,17.0900,17.1100,25600,437940.0000,3
2025-07-22,20250722133000000,sz.002732,17.1000,17.1200,17.0700,17.0800,62900,1075596.0000,3
2025-07-22,20250722133500000,sz.002732,17.0800,17.0800,17.0600,17.0700,14100,240630.0000,3
2025-07-22,20250722134000000,sz.002732,17.0700,17.0800,17.0600,17.0600,20900,356734.0000,3
2025-07-22,20250722134500000,sz.002732,17.0600,17.0800,17.0600,17.0600,25900,442048.0000,3
2025-07-22,20250722135000000,sz.002732,17.0600,17.0700,17.0400,17.0400,33800,576286.0000,3
2025-07-22,20250722135500000,sz.002732,17.0500,17.0600,17.0400,17.0600,24100,410882.0000,3
2025-07-22,20250722140000000,sz.002732,17.0600,17.0700,17.0500,17.0500,16500,281504.0000,3
2025-07-22,20250722140500000,sz.002732,17.0700,17.0700,17.0200,17.0300,39600,674538.0000,3
2025-07-22,20250722141000000,sz.002732,17.0400,17.0400,17.0200,17.0200,27400,466626.0000,3
2025-07-22,20250722141500000,sz.002732,17.0300,17.0500,17.0300,17.0400,10800,184028.0000,3
2025-07-22,20250722142000000,sz.002732,17.0400,17.0700,17.0300,17.0600,43400,739836.0000,3
2025-07-22,20250722142500000,sz.002732,17.0700,17.0800,17.0600,17.0800,19500,332820.0000,3
2025-07-22,20250722143000000,sz.002732,17.0800,17.0800,17.0600,17.0700,23700,404646.0000,3
2025-07-22,20250722143500000,sz.002732,17.0800,17.1000,17.0700,17.0800,45300,774130.0000,3
2025-07-22,20250722144000000,sz.002732,17.0900,17.1000,17.0800,17.1000,52800,902664.0000,3
2025-07-22,20250722144500000,sz.002732,17.0900,17.1000,17.0800,17.1000,79700,1362284.0000,3
2025-07-22,20250722145000000,sz.002732,17.1000,17.1000,17.0900,17.1000,72400,1238020.0000,3
2025-07-22,20250722145500000,sz.002732,17.1000,17.1000,17.0900,17.0900,71700,1225722.0000,3
2025-07-22,20250722150000000,sz.002732,17.1000,17.1000,17.0700,17.0800,181400,3098890.0000,3
2025-07-23,20250723093500000,sz.002732,17.0800,17.1500,17.0200,17.0700,76700,1308858.0000,3
2025-07-23,20250723094000000,sz.002732,17.0800,17.1500,17.0600,17.1000,56600,967022.0000,3
2025-07-23,20250723094500000,sz.002732,17.1000,17.1500,17.1000,17.1300,67400,1153910.0000,3
2025-07-23,20250723095000000,sz.002732,17.1200,17.1500,17.1100,17.1100,91200,1562298.0000,3
2025-07-23,20250723095500000,sz.002732,17.1000,17.1200,17.0800,17.0900,63200,1080897.0000,3
2025-07-23,20250723100000000,sz.002732,17.0900,17.1000,17.0800,17.0900,56200,960426.0000,3
2025-07-23,20250723100500000,sz.002732,17.0800,17.1200,17.0600,17.1100,93700,1601165.0000,3
2025-07-23,20250723101000000,sz.002732,17.1100,17.1100,17.0900,17.1000,31300,535254.0000,3
2025-07-23,20250723101500000,sz.002732,17.1000,17.1000,17.0600,17.0700,30000,512327.0000,3
2025-07-23,20250723102000000,sz.002732,17.0800,17.0800,17.0600,17.0700,21100,360157.0000,3
2025-07-23,20250723102500000,sz.002732,17.0600,17.0600,17.0400,17.0500,19400,330744.0000,3
2025-07-23,20250723103000000,sz.002732,17.0600,17.0800,17.0500,17.0700,15700,267902.0000,3
2025-07-23,20250723103500000,sz.002732,17.0700,17.0800,17.0600,17.0700,8400,143387.0000,3
2025-07-23,20250723104000000,sz.002732,17.0600,17.1000,17.0600,17.1000,27100,462893.0000,3
2025-07-23,20250723104500000,sz.002732,17.0900,17.0900,17.0600,17.0700,20500,349981.0000,3
2025-07-23,20250723105000000,sz.002732,17.0700,17.0700,17.0500,17.0600,7800,133079.0000,3
2025-07-23,20250723105500000,sz.002732,17.0600,17.0700,17.0600,17.0600,14900,254225.0000,3
2025-07-23,20250723110000000,sz.002732,17.0700,17.0700,17.0600,17.0600,4200,71668.0000,3
2025-07-23,20250723110500000,sz.002732,17.0600,17.0700,17.0500,17.0700,14700,250779.0000,3
2025-07-23,20250723111000000,sz.002732,17.0600,17.0700,17.0500,17.0500,12400,211548.0000,3
2025-07-23,20250723111500000,sz.002732,17.0600,17.0600,17.0400,17.0400,35800,610399.0000,3
2025-07-23,20250723112000000,sz.002732,17.0400,17.0500,17.0300,17.0300,38000,647533.0000,3
2025-07-23,20250723112500000,sz.002732,17.0300,17.0700,17.0300,17.0400,19000,323804.0000,3
2025-07-23,20250723113000000,sz.002732,17.0300,17.0700,17.0300,17.0700,12900,220033.0000,3
2025-07-23,20250723130500000,sz.002732,17.0800,17.1300,17.0800,17.1200,56500,966875.0000,3
2025-07-23,20250723131000000,sz.002732,17.1100,17.1200,17.1000,17.1100,34400,588553.0000,3
2025-07-23,20250723131500000,sz.002732,17.1000,17.1200,17.0900,17.1200,42600,728686.0000,3
2025-07-23,20250723132000000,sz.002732,17.1100,17.1200,17.0900,17.0900,25700,439501.0000,3
2025-07-23,20250723132500000,sz.002732,17.1000,17.1000,17.0900,17.1000,12600,215364.0000,3
2025-07-23,20250723133000000,sz.002732,17.0900,17.1000,17.0900,17.1000,22000,376056.0000,3
2025-07-23,20250723133500000,sz.002732,17.0900,17.1000,17.0900,17.1000,17100,292348.0000,3
2025-07-23,20250723134000000,sz.002732,17.0900,17.1000,17.0800,17.0800,30600,522984.0000,3
2025-07-23,20250723134500000,sz.002732,17.0800,17.1000,17.0800,17.0900,27800,474968.0000,3
2025-07-23,20250723135000000,sz.002732,17.0900,17.1000,17.0800,17.0800,112300,1919328.0000,3
2025-07-23,20250723135500000,sz.002732,17.0900,17.1000,17.0800,17.0900,45900,784508.0000,3
2025-07-23,20250723140000000,sz.002732,17.0900,17.0900,17.0800,17.0800,19400,331384.0000,3
2025-07-23,20250723140500000,sz.002732,17.0800,17.0900,17.0800,17.0900,20500,350236.0000,3
2025-07-23,20250723141000000,sz.002732,17.0800,17.0900,17.0800,17.0800,10400,177660.0000,3
2025-07-23,20250723141500000,sz.002732,17.0900,17.0900,17.0600,17.0700,105800,1806340.0000,3
2025-07-23,20250723142000000,sz.002732,17.0600,17.0600,17.0400,17.0400,44400,757136.0000,3
2025-07-23,20250723142500000,sz.002732,17.0400,17.0400,17.0000,17.0100,66100,1125002.0000,3
2025-07-23,20250723143000000,sz.002732,17.0200,17.0400,17.0100,17.0400,37700,641774.0000,3
2025-07-23,20250723143500000,sz.002732,17.0400,17.0400,17.0000,17.0100,72700,1237276.0000,3
2025-07-23,20250723144000000,sz.002732,17.0100,17.0100,16.9600,16.9600,65000,1104584.0000,3
2025-07-23,20250723144500000,sz.002732,16.9500,16.9800,16.9400,16.9800,36800,624092.0000,3
2025-07-23,20250723145000000,sz.002732,16.9800,16.9900,16.9700,16.9800,37800,641828.0000,3
2025-07-23,20250723145500000,sz.002732,16.9900,16.9900,16.9500,16.9500,46100,782056.0000,3
2025-07-23,20250723150000000,sz.002732,16.9500,16.9700,16.9500,16.9700,56400,956778.0000,3
2025-07-24,20250724093500000,sz.002732,16.9300,17.0800,16.9300,17.0400,91500,1558218.0000,3
2025-07-24,20250724094000000,sz.002732,17.0500,17.2100,17.0500,17.1900,254500,4361462.0000,3
2025-07-24,20250724094500000,sz.002732,17.1700,17.1900,17.1400,17.1600,126300,2167951.0000,3
2025-07-24,20250724095000000,sz.002732,17.1600,17.1900,17.1600,17.1800,63900,1097136.0000,3
2025-07-24,20250724095500000,sz.002732,17.1700,17.1900,17.1600,17.1800,130700,2245164.0000,3
2025-07-24,20250724100000000,sz.002732,17.1700,17.1900,17.1400,17.1500,102400,1758169.0000,3
2025-07-24,20250724100500000,sz.002732,17.1300,17.1600,17.1300,17.1600,30800,528149.0000,3
2025-07-24,20250724101000000,sz.002732,17.1600,17.2300,17.1400,17.1800,378700,6507915.0000,3
2025-07-24,20250724101500000,sz.002732,17.1800,17.5700,17.1800,17.4700,880200,15296164.0000,3
2025-07-24,20250724102000000,sz.002732,17.5400,18.6700,17.5000,18.6700,4549400,83499024.0000,3
2025-07-24,20250724102500000,sz.002732,18.6700,18.6700,18.6700,18.6700,1402300,26180936.0000,3
2025-07-24,20250724103000000,sz.002732,18.6700,18.6700,18.6700,18.6700,839000,15664128.0000,3
2025-07-24,20250724103500000,sz.002732,18.6700,18.6700,18.6700,18.6700,355800,6642784.0000,3
2025-07-24,20250724104000000,sz.002732,18.6700,18.6700,18.6700,18.6700,432800,8080384.0000,3
2025-07-24,20250724104500000,sz.002732,18.6700,18.6700,18.6700,18.6700,150700,2813568.0000,3
2025-07-24,20250724105000000,sz.002732,18.6700,18.6700,18.6700,18.6700,154300,2880784.0000,3
2025-07-24,20250724105500000,sz.002732,18.6700,18.6700,18.6700,18.6700,105800,1975280.0000,3
2025-07-24,20250724110000000,sz.002732,18.6700,18.6700,18.6700,18.6700,96700,1805392.0000,3
2025-07-24,20250724110500000,sz.002732,18.6700,18.6700,18.6700,18.6700,62300,1163136.0000,3
2025-07-24,20250724111000000,sz.002732,18.6700,18.6700,18.6700,18.6700,59400,1109008.0000,3
2025-07-24,20250724111500000,sz.002732,18.6700,18.6700,18.6700,18.6700,117100,2186256.0000,3
2025-07-24,20250724112000000,sz.002732,18.6700,18.6700,18.6700,18.6700,51200,955904.0000,3
2025-07-24,20250724112500000,sz.002732,18.6700,18.6700,18.6700,18.6700,131200,2449504.0000,3
2025-07-24,20250724113000000,sz.002732,18.6700,18.6700,18.6700,18.6700,66900,1249024.0000,3
2025-07-24,20250724130500000,sz.002732,18.6700,18.6700,18.6700,18.6700,228000,4256752.0000,3
2025-07-24,20250724131000000,sz.002732,18.6700,18.6700,18.6700,18.6700,104700,1954752.0000,3
2025-07-24,20250724131500000,sz.002732,18.6700,18.6700,18.6700,18.6700,51500,961504.0000,3
2025-07-24,20250724132000000,sz.002732,18.6700,18.6700,18.6700,18.6700,105300,1965952.0000,3
2025-07-24,20250724132500000,sz.002732,18.6700,18.6700,18.6700,18.6700,76200,1422656.0000,3
2025-07-24,20250724133000000,sz.002732,18.6700,18.6700,18.6700,18.6700,68900,1286368.0000,3
2025-07-24,20250724133500000,sz.002732,18.6700,18.6700,18.6700,18.6700,74900,1398368.0000,3
2025-07-24,20250724134000000,sz.002732,18.6700,18.6700,18.6700,18.6700,69400,1295712.0000,3
2025-07-24,20250724134500000,sz.002732,18.6700,18.6700,18.6700,18.6700,53500,998832.0000,3
2025-07-24,20250724135000000,sz.002732,18.6700,18.6700,18.6700,18.6700,50400,940976.0000,3
2025-07-24,20250724135500000,sz.002732,18.6700,18.6700,18.6700,18.6700,59500,1110864.0000,3
2025-07-24,20250724140000000,sz.002732,18.6700,18.6700,18.6700,18.6700,246200,4596560.0000,3
2025-07-24,20250724140500000,sz.002732,18.6700,18.6700,18.6700,18.6700,14000,261376.0000,3
2025-07-24,20250724141000000,sz.002732,18.6700,18.6700,18.6700,18.6700,61100,1140736.0000,3
2025-07-24,20250724141500000,sz.002732,18.6700,18.6700,18.6700,18.6700,64500,1204208.0000,3
2025-07-24,20250724142000000,sz.002732,18.6700,18.6700,18.6700,18.6700,8000,149360.0000,3
2025-07-24,20250724142500000,sz.002732,18.6700,18.6700,18.6700,18.6700,5200,97088.0000,3
2025-07-24,20250724143000000,sz.002732,18.6700,18.6700,18.6700,18.6700,1200,22400.0000,3
2025-07-24,20250724143500000,sz.002732,18.6700,18.6700,18.6700,18.6700,16100,300592.0000,3
2025-07-24,20250724144000000,sz.002732,18.6700,18.6700,18.6700,18.6700,9800,182960.0000,3
2025-07-24,20250724144500000,sz.002732,18.6700,18.6700,18.6700,18.6700,16500,308064.0000,3
2025-07-24,20250724145000000,sz.002732,18.6700,18.6700,18.6700,18.6700,17900,334192.0000,3
2025-07-24,20250724145500000,sz.002732,18.6700,18.6700,18.6700,18.6700,68600,1280752.0000,3
2025-07-24,20250724150000000,sz.002732,18.6700,18.6700,18.6700,18.6700,217800,4066336.0000,3
2025-07-25,20250725093500000,sz.002732,18.2800,18.2800,17.7900,17.8300,2817700,50572376.0000,3
2025-07-25,20250725094000000,sz.002732,17.8300,17.8400,17.7600,17.7800,1159300,20622576.0000,3
2025-07-25,20250725094500000,sz.002732,17.7800,17.8100,17.7400,17.7900,825300,14668432.0000,3
2025-07-25,20250725095000000,sz.002732,17.7800,17.8200,17.7500,17.7600,564000,10025160.0000,3
2025-07-25,20250725095500000,sz.002732,17.7700,17.8300,17.7500,17.7900,591400,10515520.0000,3
2025-07-25,20250725100000000,sz.002732,17.7900,17.8100,17.7100,17.7300,542800,9637232.0000,3
2025-07-25,20250725100500000,sz.002732,17.7300,17.7500,17.6900,17.6900,476600,8443264.0000,3
2025-07-25,20250725101000000,sz.002732,17.7000,17.7300,17.6600,17.6700,516100,9131176.0000,3
2025-07-25,20250725101500000,sz.002732,17.6600,17.7100,17.6500,17.6600,739400,13068808.0000,3
2025-07-25,20250725102000000,sz.002732,17.6600,17.7300,17.6600,17.6800,482200,8530352.0000,3
2025-07-25,20250725102500000,sz.002732,17.6900,17.6900,17.6500,17.6700,354400,6260656.0000,3
2025-07-25,20250725103000000,sz.002732,17.6700,17.6800,17.6100,17.6200,565400,9967824.0000,3
2025-07-25,20250725103500000,sz.002732,17.6100,17.6700,17.6100,17.6600,233600,4122064.0000,3
2025-07-25,20250725104000000,sz.002732,17.6600,17.6900,17.6400,17.6900,160400,2833232.0000,3
2025-07-25,20250725104500000,sz.002732,17.6700,17.7600,17.6500,17.7500,161500,2857696.0000,3
2025-07-25,20250725105000000,sz.002732,17.7400,17.7500,17.7000,17.7100,140100,2484096.0000,3
2025-07-25,20250725105500000,sz.002732,17.7100,17.8500,17.6800,17.8100,180600,3203936.0000,3
2025-07-25,20250725110000000,sz.002732,17.8100,17.9000,17.7900,17.8400,666100,11901136.0000,3
2025-07-25,20250725110500000,sz.002732,17.8400,17.8700,17.7100,17.7300,375500,6670288.0000,3
2025-07-25,20250725111000000,sz.002732,17.7200,17.7400,17.6800,17.7100,243800,4316032.0000,3
2025-07-25,20250725111500000,sz.002732,17.7100,17.7800,17.7000,17.7800,113400,2010752.0000,3
2025-07-25,20250725112000000,sz.002732,17.7800,17.7800,17.7200,17.7600,85600,1518608.0000,3
2025-07-25,20250725112500000,sz.002732,17.7600,17.7600,17.7100,17.7300,88300,1565424.0000,3
2025-07-25,20250725113000000,sz.002732,17.7400,17.7500,17.7200,17.7400,69900,1239568.0000,3
2025-07-25,20250725130500000,sz.002732,17.7200,17.7500,17.6900,17.7200,213100,3775376.0000,3
2025-07-25,20250725131000000,sz.002732,17.7100,17.7400,17.6800,17.6800,136800,2420848.0000,3
2025-07-25,20250725131500000,sz.002732,17.6900,17.7100,17.6700,17.6800,155100,2743584.0000,3
2025-07-25,20250725132000000,sz.002732,17.6700,17.7000,17.6700,17.6800,164000,2899552.0000,3
2025-07-25,20250725132500000,sz.002732,17.6800,17.6800,17.6500,17.6600,213700,3775936.0000,3
2025-07-25,20250725133000000,sz.002732,17.6600,17.6900,17.6500,17.6500,222000,3922160.0000,3
2025-07-25,20250725133500000,sz.002732,17.6500,17.6700,17.6400,17.6700,245000,4325152.0000,3
2025-07-25,20250725134000000,sz.002732,17.6700,17.7500,17.6500,17.6500,203800,3601776.0000,3
2025-07-25,20250725134500000,sz.002732,17.6500,17.7000,17.6500,17.6900,191400,3382416.0000,3
2025-07-25,20250725135000000,sz.002732,17.6900,17.7000,17.6500,17.7000,200300,3541344.0000,3
2025-07-25,20250725135500000,sz.002732,17.7000,17.8100,17.6800,17.8100,255600,4532688.0000,3
2025-07-25,20250725140000000,sz.002732,17.8000,17.8200,17.7100,17.7600,237900,4227936.0000,3
2025-07-25,20250725140500000,sz.002732,17.7500,17.7900,17.6900,17.6900,292100,5184064.0000,3
2025-07-25,20250725141000000,sz.002732,17.6900,17.7600,17.6700,17.6800,292400,5174656.0000,3
2025-07-25,20250725141500000,sz.002732,17.6800,17.7500,17.6800,17.7100,122400,2168320.0000,3
2025-07-25,20250725142000000,sz.002732,17.7100,17.7100,17.6800,17.7000,75500,1336096.0000,3
2025-07-25,20250725142500000,sz.002732,17.7000,17.7100,17.6200,17.6400,369100,6516672.0000,3
2025-07-25,20250725143000000,sz.002732,17.6400,17.6800,17.6400,17.6700,131800,2325760.0000,3
2025-07-25,20250725143500000,sz.002732,17.6700,17.7000,17.6600,17.7000,134400,2376928.0000,3
2025-07-25,20250725144000000,sz.002732,17.6900,17.7200,17.6800,17.7000,115500,2044384.0000,3
2025-07-25,20250725144500000,sz.002732,17.7100,17.7200,17.6700,17.6900,164700,2913344.0000,3
2025-07-25,20250725145000000,sz.002732,17.6900,17.7200,17.6800,17.7000,296700,5249280.0000,3
2025-07-25,20250725145500000,sz.002732,17.6900,17.7400,17.6600,17.6900,661000,11704416.0000,3
2025-07-25,20250725150000000,sz.002732,17.6800,17.7500,17.6800,17.7000,519600,9197216.0000,3
2025-07-28,20250728093500000,sz.002732,17.7600,17.7700,17.6100,17.6200,966100,17113396.0000,3
2025-07-28,20250728094000000,sz.002732,17.6200,17.7300,17.6200,17.7300,277600,4905188.0000,3
2025-07-28,20250728094500000,sz.002732,17.7300,17.7400,17.6600,17.6700,439800,7796026.0000,3
2025-07-28,20250728095000000,sz.002732,17.6700,17.6800,17.6100,17.6700,327000,5768046.0000,3
2025-07-28,20250728095500000,sz.002732,17.6600,17.6700,17.6200,17.6600,226900,4003792.0000,3
2025-07-28,20250728100000000,sz.002732,17.6700,17.7400,17.6700,17.7300,189200,3350000.0000,3
2025-07-28,20250728100500000,sz.002732,17.7300,17.7300,17.6900,17.6900,209900,3716512.0000,3
2025-07-28,20250728101000000,sz.002732,17.7000,17.7600,17.7000,17.7400,282900,5017356.0000,3
2025-07-28,20250728101500000,sz.002732,17.7400,17.7400,17.7100,17.7200,100000,1772860.0000,3
2025-07-28,20250728102000000,sz.002732,17.7300,17.7700,17.7300,17.7700,255700,4537932.0000,3
2025-07-28,20250728102500000,sz.002732,17.7800,17.7900,17.7400,17.7500,162100,2880600.0000,3
2025-07-28,20250728103000000,sz.002732,17.7400,17.7700,17.7300,17.7500,124500,2209648.0000,3
2025-07-28,20250728103500000,sz.002732,17.7500,17.7600,17.7200,17.7200,147000,2606128.0000,3
2025-07-28,20250728104000000,sz.002732,17.7200,17.7300,17.6900,17.6900,98100,1737596.0000,3
2025-07-28,20250728104500000,sz.002732,17.6900,17.7000,17.6800,17.6800,56500,999400.0000,3
2025-07-28,20250728105000000,sz.002732,17.6800,17.7100,17.6800,17.6900,89900,1590880.0000,3
2025-07-28,20250728105500000,sz.002732,17.6900,17.7300,17.6900,17.7200,66200,1172264.0000,3
2025-07-28,20250728110000000,sz.002732,17.7100,17.7200,17.6900,17.6900,99400,1759264.0000,3
2025-07-28,20250728110500000,sz.002732,17.7000,17.7400,17.6900,17.7400,119600,2118936.0000,3
2025-07-28,20250728111000000,sz.002732,17.7400,17.7500,17.7200,17.7300,58000,1028432.0000,3
2025-07-28,20250728111500000,sz.002732,17.7300,17.7300,17.7000,17.7000,62900,1114328.0000,3
2025-07-28,20250728112000000,sz.002732,17.7100,17.7100,17.6900,17.7000,43100,763104.0000,3
2025-07-28,20250728112500000,sz.002732,17.6900,17.7000,17.6800,17.6800,58400,1033192.0000,3
2025-07-28,20250728113000000,sz.002732,17.6900,17.6900,17.6500,17.6500,78800,1392000.0000,3
2025-07-28,20250728130500000,sz.002732,17.6500,17.7200,17.6500,17.7200,67000,1184632.0000,3
2025-07-28,20250728131000000,sz.002732,17.7000,17.7300,17.6900,17.6900,104700,1854552.0000,3
2025-07-28,20250728131500000,sz.002732,17.6900,17.7100,17.6700,17.6800,78400,1387328.0000,3
2025-07-28,20250728132000000,sz.002732,17.6700,17.6900,17.6600,17.6900,59300,1048584.0000,3
2025-07-28,20250728132500000,sz.002732,17.6900,17.6900,17.6800,17.6800,64400,1138680.0000,3
2025-07-28,20250728133000000,sz.002732,17.6800,17.6800,17.6700,17.6700,41300,729912.0000,3
2025-07-28,20250728133500000,sz.002732,17.6700,17.6800,17.6600,17.6800,31800,562104.0000,3
2025-07-28,20250728134000000,sz.002732,17.6700,17.6800,17.6500,17.6800,75200,1328264.0000,3
2025-07-28,20250728134500000,sz.002732,17.6700,17.6800,17.6600,17.6800,38900,687464.0000,3
2025-07-28,20250728135000000,sz.002732,17.6800,17.6800,17.6500,17.6600,73100,1291072.0000,3
2025-07-28,20250728135500000,sz.002732,17.6600,17.6700,17.6500,17.6700,48000,847408.0000,3
2025-07-28,20250728140000000,sz.002732,17.6600,17.6700,17.6600,17.6600,27300,482208.0000,3
2025-07-28,20250728140500000,sz.002732,17.6600,17.7000,17.6600,17.7000,51300,907200.0000,3
2025-07-28,20250728141000000,sz.002732,17.7000,17.7000,17.6700,17.6900,69800,1234448.0000,3
2025-07-28,20250728141500000,sz.002732,17.6900,17.7000,17.6800,17.7000,51200,905624.0000,3
2025-07-28,20250728142000000,sz.002732,17.7000,17.7100,17.6800,17.6900,66700,1180352.0000,3
2025-07-28,20250728142500000,sz.002732,17.6800,17.6900,17.6400,17.6500,139600,2465688.0000,3
2025-07-28,20250728143000000,sz.002732,17.6500,17.6700,17.6400,17.6600,58000,1023984.0000,3
2025-07-28,20250728143500000,sz.002732,17.6700,17.6900,17.6500,17.6700,165000,2913912.0000,3
2025-07-28,20250728144000000,sz.002732,17.6600,17.6800,17.6600,17.6800,66400,1173480.0000,3
2025-07-28,20250728144500000,sz.002732,17.6800,17.6800,17.6600,17.6700,117900,2083176.0000,3
2025-07-28,20250728145000000,sz.002732,17.6700,17.6700,17.6500,17.6600,131900,2329280.0000,3
2025-07-28,20250728145500000,sz.002732,17.6700,17.6700,17.6300,17.6400,409400,7225600.0000,3
2025-07-28,20250728150000000,sz.002732,17.6400,17.7000,17.6400,17.7000,461100,8151208.0000,3
2025-07-29,20250729093500000,sz.002732,18.4500,18.4600,17.9800,18.0500,5020800,91855600.0000,3
2025-07-29,20250729094000000,sz.002732,18.0600,18.0600,17.8600,17.8600,1400300,25132224.0000,3
2025-07-29,20250729094500000,sz.002732,17.8600,17.9700,17.8500,17.9700,526900,9440208.0000,3
2025-07-29,20250729095000000,sz.002732,17.9600,18.0200,17.8800,17.9200,612400,10989344.0000,3
2025-07-29,20250729095500000,sz.002732,17.9200,17.9300,17.8600,17.8600,406300,7268144.0000,3
2025-07-29,20250729100000000,sz.002732,17.8700,18.0100,17.8600,17.9700,355800,6387024.0000,3
2025-07-29,20250729100500000,sz.002732,17.9700,18.1000,17.9400,17.9400,619800,11175600.0000,3
2025-07-29,20250729101000000,sz.002732,17.9300,17.9500,17.9100,17.9100,259900,4658384.0000,3
2025-07-29,20250729101500000,sz.002732,17.9100,17.9200,17.8600,17.9100,223400,3998560.0000,3
2025-07-29,20250729102000000,sz.002732,17.9200,17.9400,17.8800,17.9100,207200,3710224.0000,3
2025-07-29,20250729102500000,sz.002732,17.9100,17.9100,17.8800,17.8900,100800,1803824.0000,3
2025-07-29,20250729103000000,sz.002732,17.8900,17.9000,17.8800,17.8900,72500,1296960.0000,3
2025-07-29,20250729103500000,sz.002732,17.8900,17.8900,17.8000,17.8200,232100,4140016.0000,3
2025-07-29,20250729104000000,sz.002732,17.8200,17.8500,17.8000,17.8000,134400,2395920.0000,3
2025-07-29,20250729104500000,sz.002732,17.8100,17.8300,17.8000,17.8200,77100,1373504.0000,3
2025-07-29,20250729105000000,sz.002732,17.8200,17.9000,17.8200,17.8500,145900,2607856.0000,3
2025-07-29,20250729105500000,sz.002732,17.8500,17.8500,17.8300,17.8400,68000,1213232.0000,3
2025-07-29,20250729110000000,sz.002732,17.8300,17.8400,17.8200,17.8200,49600,884016.0000,3
2025-07-29,20250729110500000,sz.002732,17.8200,17.8300,17.7900,17.7900,128400,2286896.0000,3
2025-07-29,20250729111000000,sz.002732,17.7900,17.7900,17.7600,17.7800,161000,2861520.0000,3
2025-07-29,20250729111500000,sz.002732,17.7800,17.7800,17.7600,17.7700,73600,1307872.0000,3
2025-07-29,20250729112000000,sz.002732,17.7700,17.7900,17.7700,17.7900,38300,680944.0000,3
2025-07-29,20250729112500000,sz.002732,17.7900,17.8000,17.7900,17.7900,63000,1121056.0000,3
2025-07-29,20250729113000000,sz.002732,17.7800,17.7900,17.7600,17.7800,99400,1766752.0000,3
2025-07-29,20250729130500000,sz.002732,17.7900,17.8400,17.7900,17.8200,96100,1711952.0000,3
2025-07-29,20250729131000000,sz.002732,17.8200,17.8400,17.7900,17.8100,76900,1369744.0000,3
2025-07-29,20250729131500000,sz.002732,17.8100,17.8100,17.7900,17.7900,35800,637168.0000,3
2025-07-29,20250729132000000,sz.002732,17.7900,17.8200,17.7800,17.8200,45200,804784.0000,3
2025-07-29,20250729132500000,sz.002732,17.8200,17.8200,17.8000,17.8100,39000,694656.0000,3
2025-07-29,20250729133000000,sz.002732,17.8000,17.8200,17.8000,17.8100,48900,871072.0000,3
2025-07-29,20250729133500000,sz.002732,17.8100,17.8200,17.8100,17.8200,59300,1056528.0000,3
2025-07-29,20250729134000000,sz.002732,17.8100,17.8200,17.8000,17.8000,52200,929536.0000,3
2025-07-29,20250729134500000,sz.002732,17.8000,17.8100,17.7900,17.8000,26900,478832.0000,3
2025-07-29,20250729135000000,sz.002732,17.8000,17.8200,17.7900,17.8100,53700,955840.0000,3
2025-07-29,20250729135500000,sz.002732,17.8200,17.8200,17.7900,17.8000,82200,1463280.0000,3
2025-07-29,20250729140000000,sz.002732,17.8000,17.8000,17.7900,17.7900,52300,930672.0000,3
2025-07-29,20250729140500000,sz.002732,17.7900,17.8100,17.7800,17.8100,86900,1546464.0000,3
2025-07-29,20250729141000000,sz.002732,17.8100,17.8500,17.8100,17.8100,81200,1447472.0000,3
2025-07-29,20250729141500000,sz.002732,17.8000,17.8200,17.8000,17.8100,54700,973968.0000,3
2025-07-29,20250729142000000,sz.002732,17.8100,17.8300,17.8100,17.8300,99900,1780336.0000,3
2025-07-29,20250729142500000,sz.002732,17.8300,17.8300,17.8100,17.8200,45800,816112.0000,3
2025-07-29,20250729143000000,sz.002732,17.8200,17.8400,17.8200,17.8200,82100,1463872.0000,3
2025-07-29,20250729143500000,sz.002732,17.8300,17.8400,17.8300,17.8400,75100,1339440.0000,3
2025-07-29,20250729144000000,sz.002732,17.8300,17.8400,17.8000,17.8200,163800,2918464.0000,3
2025-07-29,20250729144500000,sz.002732,17.8200,17.8600,17.8200,17.8600,233800,4170640.0000,3
2025-07-29,20250729145000000,sz.002732,17.8600,17.8900,17.8600,17.8800,278000,4970928.0000,3
2025-07-29,20250729145500000,sz.002732,17.8800,17.8900,17.7900,17.8000,318400,5680128.0000,3
2025-07-29,20250729150000000,sz.002732,17.8000,17.8200,17.7800,17.7800,449200,7991552.0000,3
2025-07-30,20250730093500000,sz.002732,17.5900,17.6600,17.5100,17.5300,1554200,27308824.0000,3
2025-07-30,20250730094000000,sz.002732,17.5300,17.6800,17.5200,17.6600,424800,7469040.0000,3
2025-07-30,20250730094500000,sz.002732,17.6600,17.6900,17.6000,17.6000,307100,5414988.0000,3
2025-07-30,20250730095000000,sz.002732,17.6000,17.6400,17.5600,17.6000,285800,5028952.0000,3
2025-07-30,20250730095500000,sz.002732,17.6000,17.6700,17.5900,17.6200,245700,4329476.0000,3
2025-07-30,20250730100000000,sz.002732,17.6200,17.8500,17.6100,17.8300,533200,9485436.0000,3
2025-07-30,20250730100500000,sz.002732,17.8300,17.8300,17.6800,17.6800,180200,3196148.0000,3
2025-07-30,20250730101000000,sz.002732,17.6900,17.7100,17.6600,17.6800,152000,2687152.0000,3
2025-07-30,20250730101500000,sz.002732,17.6800,17.7100,17.6500,17.6600,115100,2034580.0000,3
2025-07-30,20250730102000000,sz.002732,17.6500,17.6500,17.5900,17.6100,270300,4759876.0000,3
2025-07-30,20250730102500000,sz.002732,17.6200,17.6700,17.6200,17.6700,140800,2483712.0000,3
2025-07-30,20250730103000000,sz.002732,17.6700,17.6900,17.6600,17.6700,62400,1102664.0000,3
2025-07-30,20250730103500000,sz.002732,17.6700,17.6700,17.6200,17.6400,121800,2148288.0000,3
2025-07-30,20250730104000000,sz.002732,17.6400,17.6500,17.6200,17.6200,70400,1241104.0000,3
2025-07-30,20250730104500000,sz.002732,17.6200,17.6400,17.6000,17.6000,80900,1425104.0000,3
2025-07-30,20250730105000000,sz.002732,17.6000,17.7100,17.5900,17.7100,144500,2548824.0000,3
2025-07-30,20250730105500000,sz.002732,17.7000,17.7500,17.6700,17.6800,87900,1558160.0000,3
2025-07-30,20250730110000000,sz.002732,17.6800,17.6900,17.6700,17.6800,29000,512712.0000,3
2025-07-30,20250730110500000,sz.002732,17.6700,17.6800,17.6500,17.6600,52800,932680.0000,3
2025-07-30,20250730111000000,sz.002732,17.6600,17.6800,17.6600,17.6800,24200,427608.0000,3
2025-07-30,20250730111500000,sz.002732,17.6800,17.6800,17.6600,17.6700,37700,666288.0000,3
2025-07-30,20250730112000000,sz.002732,17.6600,17.6700,17.6600,17.6600,24500,432720.0000,3
2025-07-30,20250730112500000,sz.002732,17.6600,17.6800,17.6600,17.6600,29800,526416.0000,3
2025-07-30,20250730113000000,sz.002732,17.6600,17.6800,17.6600,17.6700,32800,579512.0000,3
2025-07-30,20250730130500000,sz.002732,17.6800,17.7900,17.6800,17.7700,158000,2805192.0000,3
2025-07-30,20250730131000000,sz.002732,17.7600,17.8000,17.7300,17.7700,149500,2656432.0000,3
2025-07-30,20250730131500000,sz.002732,17.7800,17.7900,17.7200,17.7300,75000,1332496.0000,3
2025-07-30,20250730132000000,sz.002732,17.7300,17.7300,17.6700,17.6800,67400,1191952.0000,3
2025-07-30,20250730132500000,sz.002732,17.6800,17.7100,17.6800,17.6800,70200,1242096.0000,3
2025-07-30,20250730133000000,sz.002732,17.6800,17.6900,17.6800,17.6800,46000,813488.0000,3
2025-07-30,20250730133500000,sz.002732,17.6700,17.6800,17.6700,17.6700,56900,1005696.0000,3
2025-07-30,20250730134000000,sz.002732,17.6700,17.6700,17.6500,17.6600,64900,1146184.0000,3
2025-07-30,20250730134500000,sz.002732,17.6500,17.6600,17.6200,17.6200,126000,2222640.0000,3
2025-07-30,20250730135000000,sz.002732,17.6200,17.6200,17.5700,17.5700,146800,2582952.0000,3
2025-07-30,20250730135500000,sz.002732,17.5800,17.5900,17.5100,17.5300,187000,3282128.0000,3
2025-07-30,20250730140000000,sz.002732,17.5200,17.5300,17.5000,17.5200,170300,2982288.0000,3
2025-07-30,20250730140500000,sz.002732,17.5300,17.5400,17.4500,17.4500,217800,3807608.0000,3
2025-07-30,20250730141000000,sz.002732,17.4600,17.5400,17.4500,17.5300,138700,2424624.0000,3
2025-07-30,20250730141500000,sz.002732,17.5200,17.9200,17.4700,17.8400,580700,10303144.0000,3
2025-07-30,20250730142000000,sz.002732,17.8400,17.9200,17.7500,17.8900,674000,12034624.0000,3
2025-07-30,20250730142500000,sz.002732,17.8700,17.8700,17.8100,17.8200,344500,6148368.0000,3
2025-07-30,20250730143000000,sz.002732,17.8100,17.9000,17.8100,17.8700,252400,4511680.0000,3
2025-07-30,20250730143500000,sz.002732,17.8800,17.8800,17.8000,17.8200,227300,4057120.0000,3
2025-07-30,20250730144000000,sz.002732,17.8300,17.8800,17.8300,17.8300,114600,2045984.0000,3
2025-07-30,20250730144500000,sz.002732,17.8300,17.8300,17.8000,17.8100,142200,2533008.0000,3
2025-07-30,20250730145000000,sz.002732,17.8100,17.8100,17.7700,17.7700,182400,3244416.0000,3
2025-07-30,20250730145500000,sz.002732,17.7600,17.8300,17.7600,17.8000,284300,5057824.0000,3
2025-07-30,20250730150000000,sz.002732,17.8000,17.8800,17.7900,17.8700,375300,6704256.0000,3
2025-07-31,20250731093500000,sz.002732,17.7500,17.7500,17.5100,17.5100,685400,12055269.0000,3
2025-07-31,20250731094000000,sz.002732,17.5100,17.6400,17.5100,17.5500,381500,6702575.0000,3
2025-07-31,20250731094500000,sz.002732,17.5500,17.5800,17.5200,17.5200,210300,3690292.0000,3
2025-07-31,20250731095000000,sz.002732,17.5300,17.5300,17.4800,17.4800,345000,6039408.0000,3
2025-07-31,20250731095500000,sz.002732,17.4900,17.6000,17.4900,17.5100,247100,4331184.0000,3
2025-07-31,20250731100000000,sz.002732,17.5400,17.5500,17.5100,17.5200,93100,1631944.0000,3
2025-07-31,20250731100500000,sz.002732,17.5200,17.5400,17.4600,17.4800,241900,4232192.0000,3
2025-07-31,20250731101000000,sz.002732,17.5000,17.5000,17.4600,17.4800,161100,2815464.0000,3
2025-07-31,20250731101500000,sz.002732,17.4800,17.6300,17.4800,17.5900,162600,2855752.0000,3
2025-07-31,20250731102000000,sz.002732,17.5800,17.5800,17.5400,17.5500,51400,902316.0000,3
2025-07-31,20250731102500000,sz.002732,17.5500,17.5500,17.4700,17.4700,167200,2925252.0000,3
2025-07-31,20250731103000000,sz.002732,17.4700,17.4700,17.4300,17.4500,188900,3296016.0000,3
2025-07-31,20250731103500000,sz.002732,17.4500,17.4600,17.4200,17.4400,170600,2974752.0000,3
2025-07-31,20250731104000000,sz.002732,17.4400,17.4400,17.3700,17.4000,227400,3958136.0000,3
2025-07-31,20250731104500000,sz.002732,17.3900,17.4400,17.3700,17.4300,97900,1702952.0000,3
2025-07-31,20250731105000000,sz.002732,17.4200,17.4300,17.3800,17.4300,63400,1103144.0000,3
2025-07-31,20250731105500000,sz.002732,17.4300,17.4700,17.4200,17.4500,61700,1076752.0000,3
2025-07-31,20250731110000000,sz.002732,17.4600,17.4700,17.4400,17.4700,57200,998260.0000,3
2025-07-31,20250731110500000,sz.002732,17.4500,17.4700,17.4400,17.4600,55100,961664.0000,3
2025-07-31,20250731111000000,sz.002732,17.4500,17.4600,17.4300,17.4300,29400,512896.0000,3
2025-07-31,20250731111500000,sz.002732,17.4300,17.4300,17.3800,17.4100,83800,1458100.0000,3
2025-07-31,20250731112000000,sz.002732,17.4100,17.4100,17.3900,17.4100,30400,529044.0000,3
2025-07-31,20250731112500000,sz.002732,17.4100,17.4100,17.3600,17.3700,121500,2110964.0000,3
2025-07-31,20250731113000000,sz.002732,17.3800,17.4000,17.3700,17.4000,55500,964480.0000,3
2025-07-31,20250731130500000,sz.002732,17.3900,17.3900,17.3200,17.3300,259400,4501888.0000,3
2025-07-31,20250731131000000,sz.002732,17.3200,17.3400,17.3100,17.3200,156300,2707136.0000,3
2025-07-31,20250731131500000,sz.002732,17.3300,17.3500,17.3100,17.3300,97000,1680416.0000,3
2025-07-31,20250731132000000,sz.002732,17.3200,17.3300,17.3100,17.3200,140800,2438616.0000,3
2025-07-31,20250731132500000,sz.002732,17.3200,17.3700,17.3100,17.3500,49900,865112.0000,3
2025-07-31,20250731133000000,sz.002732,17.3400,17.3400,17.3100,17.3300,72900,1262632.0000,3
2025-07-31,20250731133500000,sz.002732,17.3200,17.3400,17.3100,17.3200,98300,1702888.0000,3
2025-07-31,20250731134000000,sz.002732,17.3200,17.3400,17.2900,17.3400,184900,3199048.0000,3
2025-07-31,20250731134500000,sz.002732,17.3400,17.4500,17.3400,17.4200,121400,2112336.0000,3
2025-07-31,20250731135000000,sz.002732,17.4300,17.4400,17.4000,17.4000,110400,1924944.0000,3
2025-07-31,20250731135500000,sz.002732,17.4000,17.4000,17.3600,17.3700,23900,415424.0000,3
2025-07-31,20250731140000000,sz.002732,17.3700,17.3900,17.3600,17.3700,66500,1154952.0000,3
2025-07-31,20250731140500000,sz.002732,17.3700,17.3700,17.3200,17.3300,54200,940008.0000,3
2025-07-31,20250731141000000,sz.002732,17.3400,17.3500,17.3200,17.3200,71300,1235968.0000,3
2025-07-31,20250731141500000,sz.002732,17.3200,17.3700,17.3000,17.3600,105000,1818832.0000,3
2025-07-31,20250731142000000,sz.002732,17.3700,17.3700,17.3200,17.3200,64000,1109416.0000,3
2025-07-31,20250731142500000,sz.002732,17.3200,17.3200,17.3000,17.3000,86700,1500520.0000,3
2025-07-31,20250731143000000,sz.002732,17.3000,17.3400,17.2900,17.3100,93800,1624448.0000,3
2025-07-31,20250731143500000,sz.002732,17.3000,17.3100,17.2700,17.2800,168400,2910336.0000,3
2025-07-31,20250731144000000,sz.002732,17.2800,17.3200,17.2700,17.2900,84700,1464800.0000,3
2025-07-31,20250731144500000,sz.002732,17.2900,17.2900,17.2600,17.2700,208600,3603248.0000,3
2025-07-31,20250731145000000,sz.002732,17.2600,17.2800,17.1900,17.2200,532800,9173824.0000,3
2025-07-31,20250731145500000,sz.002732,17.2400,17.2600,17.1700,17.1900,484900,8339072.0000,3
2025-07-31,20250731150000000,sz.002732,17.1800,17.2000,17.1300,17.1600,429600,7375760.0000,3
2025-08-01,20250801093500000,sz.002732,17.1000,17.4400,17.1000,17.2300,718200,12399352.0000,3
2025-08-01,20250801094000000,sz.002732,17.2300,17.3100,17.2100,17.2800,259300,4474500.0000,3
2025-08-01,20250801094500000,sz.002732,17.2900,17.3000,17.2700,17.2700,131400,2272218.0000,3
2025-08-01,20250801095000000,sz.002732,17.2600,17.3200,17.2600,17.2700,160800,2780482.0000,3
2025-08-01,20250801095500000,sz.002732,17.2800,17.2800,17.1700,17.2000,159400,2742342.0000,3
2025-08-01,20250801100000000,sz.002732,17.2000,17.2700,17.1900,17.2400,74300,1280346.0000,3
2025-08-01,20250801100500000,sz.002732,17.2400,17.3100,17.1900,17.2600,103000,1777704.0000,3
2025-08-01,20250801101000000,sz.002732,17.2700,17.2900,17.2100,17.2600,44400,766056.0000,3
2025-08-01,20250801101500000,sz.002732,17.2500,17.2800,17.2300,17.2400,57600,994088.0000,3
2025-08-01,20250801102000000,sz.002732,17.2300,17.2500,17.2000,17.2300,95800,1649340.0000,3
2025-08-01,20250801102500000,sz.002732,17.2300,17.2400,17.1900,17.2400,91400,1572464.0000,3
2025-08-01,20250801103000000,sz.002732,17.2200,17.2500,17.2000,17.2500,31600,544092.0000,3
2025-08-01,20250801103500000,sz.002732,17.2400,17.2500,17.2200,17.2300,29200,503160.0000,3
2025-08-01,20250801104000000,sz.002732,17.2200,17.2200,17.2000,17.2000,78800,1356472.0000,3
2025-08-01,20250801104500000,sz.002732,17.2000,17.2200,17.1900,17.2000,85100,1463888.0000,3
2025-08-01,20250801105000000,sz.002732,17.1900,17.2200,17.1700,17.2000,102500,1762116.0000,3
2025-08-01,20250801105500000,sz.002732,17.2000,17.2600,17.1800,17.2200,108200,1862476.0000,3
2025-08-01,20250801110000000,sz.002732,17.2200,17.3500,17.2200,17.2700,206800,3577444.0000,3
2025-08-01,20250801110500000,sz.002732,17.2700,17.2800,17.2500,17.2500,56100,968532.0000,3
2025-08-01,20250801111000000,sz.002732,17.2400,17.2500,17.2300,17.2500,49300,849880.0000,3
2025-08-01,20250801111500000,sz.002732,17.2500,17.2700,17.2500,17.2600,16800,290020.0000,3
2025-08-01,20250801112000000,sz.002732,17.2700,17.2700,17.2500,17.2600,16900,291728.0000,3
2025-08-01,20250801112500000,sz.002732,17.2600,17.2600,17.2000,17.2500,73100,1258736.0000,3
2025-08-01,20250801113000000,sz.002732,17.2300,17.2300,17.2200,17.2300,34100,587300.0000,3
2025-08-01,20250801130500000,sz.002732,17.2200,17.2700,17.2200,17.2500,40500,698484.0000,3
2025-08-01,20250801131000000,sz.002732,17.2500,17.2600,17.2500,17.2500,24600,424412.0000,3
2025-08-01,20250801131500000,sz.002732,17.2500,17.2500,17.2000,17.2100,52400,902572.0000,3
2025-08-01,20250801132000000,sz.002732,17.1900,17.2400,17.1900,17.2300,53500,920396.0000,3
2025-08-01,20250801132500000,sz.002732,17.2200,17.2300,17.2000,17.2000,39500,679728.0000,3
2025-08-01,20250801133000000,sz.002732,17.1900,17.2200,17.1900,17.1900,71100,1222852.0000,3
2025-08-01,20250801133500000,sz.002732,17.2000,17.2300,17.2000,17.2000,31900,549052.0000,3
2025-08-01,20250801134000000,sz.002732,17.2000,17.2000,17.1700,17.1800,103400,1776152.0000,3
2025-08-01,20250801134500000,sz.002732,17.1800,17.1900,17.1600,17.1800,41000,704200.0000,3
2025-08-01,20250801135000000,sz.002732,17.1800,17.2200,17.1700,17.2200,80300,1380712.0000,3
2025-08-01,20250801135500000,sz.002732,17.2200,17.2400,17.2200,17.2300,43700,752608.0000,3
2025-08-01,20250801140000000,sz.002732,17.2200,17.2400,17.2200,17.2300,42500,732192.0000,3
2025-08-01,20250801140500000,sz.002732,17.2300,17.2300,17.2000,17.2100,50800,874456.0000,3
2025-08-01,20250801141000000,sz.002732,17.2100,17.2200,17.1900,17.2000,39800,684816.0000,3
2025-08-01,20250801141500000,sz.002732,17.2000,17.2400,17.2000,17.2300,58500,1007072.0000,3
2025-08-01,20250801142000000,sz.002732,17.2300,17.2500,17.2300,17.2500,40600,699988.0000,3
2025-08-01,20250801142500000,sz.002732,17.2400,17.2400,17.2300,17.2400,19100,329196.0000,3
2025-08-01,20250801143000000,sz.002732,17.2400,17.2400,17.2200,17.2200,27700,477180.0000,3
2025-08-01,20250801143500000,sz.002732,17.2100,17.2200,17.1900,17.2200,116800,2010228.0000,3
2025-08-01,20250801144000000,sz.002732,17.2300,17.2300,17.2100,17.2200,64200,1105528.0000,3
2025-08-01,20250801144500000,sz.002732,17.2100,17.2200,17.1900,17.1900,106200,1827336.0000,3
2025-08-01,20250801145000000,sz.002732,17.1900,17.2100,17.1800,17.2000,125500,2157584.0000,3
2025-08-01,20250801145500000,sz.002732,17.1900,17.2400,17.1900,17.2400,154500,2660096.0000,3
2025-08-01,20250801150000000,sz.002732,17.2300,17.2900,17.2300,17.2900,304200,5256040.0000,3
2025-08-04,20250804093500000,sz.002732,17.0900,17.1300,17.0100,17.1000,493500,8416955.0000,3
2025-08-04,20250804094000000,sz.002732,17.1000,17.1700,17.0400,17.1600,143500,2455192.0000,3
2025-08-04,20250804094500000,sz.002732,17.1600,17.1700,17.1100,17.1100,98800,1694036.0000,3
2025-08-04,20250804095000000,sz.002732,17.1000,17.1500,17.0900,17.1200,73900,1264473.0000,3
2025-08-04,20250804095500000,sz.002732,17.1100,17.1800,17.0800,17.1700,106700,1827373.0000,3
2025-08-04,20250804100000000,sz.002732,17.1600,17.1800,17.1200,17.1500,51100,876520.0000,3
2025-08-04,20250804100500000,sz.002732,17.1500,17.1800,17.1400,17.1700,45700,783999.0000,3
2025-08-04,20250804101000000,sz.002732,17.1000,17.2000,17.1000,17.1900,75000,1287064.0000,3
2025-08-04,20250804101500000,sz.002732,17.1800,17.2000,17.1600,17.1900,28700,493190.0000,3
2025-08-04,20250804102000000,sz.002732,17.1900,17.2100,17.1800,17.1900,31900,548426.0000,3
2025-08-04,20250804102500000,sz.002732,17.1800,17.1800,17.1500,17.1600,55400,950868.0000,3
2025-08-04,20250804103000000,sz.002732,17.1700,17.1700,17.1200,17.1400,52900,906608.0000,3
2025-08-04,20250804103500000,sz.002732,17.1400,17.1800,17.1400,17.1700,20800,356980.0000,3
2025-08-04,20250804104000000,sz.002732,17.1700,17.1900,17.1600,17.1700,46800,803472.0000,3
2025-08-04,20250804104500000,sz.002732,17.1700,17.1900,17.1600,17.1800,30000,515336.0000,3
2025-08-04,20250804105000000,sz.002732,17.1800,17.2000,17.1800,17.1800,24700,424620.0000,3
2025-08-04,20250804105500000,sz.002732,17.1800,17.2100,17.1700,17.2000,69000,1185824.0000,3
2025-08-04,20250804110000000,sz.002732,17.2000,17.2100,17.1900,17.2000,36900,634740.0000,3
2025-08-04,20250804110500000,sz.002732,17.2000,17.2000,17.1700,17.1800,22500,386648.0000,3
2025-08-04,20250804111000000,sz.002732,17.1800,17.1900,17.1700,17.1800,26100,448360.0000,3
2025-08-04,20250804111500000,sz.002732,17.1800,17.2000,17.1800,17.1900,13200,226944.0000,3
2025-08-04,20250804112000000,sz.002732,17.1800,17.1900,17.1700,17.1900,48400,831572.0000,3
2025-08-04,20250804112500000,sz.002732,17.1900,17.2200,17.1900,17.2000,63200,1087432.0000,3
2025-08-04,20250804113000000,sz.002732,17.2000,17.2200,17.1900,17.2200,26000,447246.0000,3
2025-08-04,20250804130500000,sz.002732,17.2300,17.2300,17.2000,17.2000,40900,704158.0000,3
2025-08-04,20250804131000000,sz.002732,17.2000,17.2000,17.1700,17.1700,158900,2732388.0000,3
2025-08-04,20250804131500000,sz.002732,17.1700,17.1900,17.1600,17.1800,31500,541070.0000,3
2025-08-04,20250804132000000,sz.002732,17.1700,17.1800,17.1600,17.1800,37000,635386.0000,3
2025-08-04,20250804132500000,sz.002732,17.1800,17.1900,17.1700,17.1900,29100,500036.0000,3
2025-08-04,20250804133000000,sz.002732,17.1900,17.2000,17.1800,17.1900,12300,211460.0000,3
2025-08-04,20250804133500000,sz.002732,17.2000,17.2000,17.1800,17.1900,29500,507124.0000,3
2025-08-04,20250804134000000,sz.002732,17.1800,17.2000,17.1700,17.1700,30300,520604.0000,3
2025-08-04,20250804134500000,sz.002732,17.1800,17.1900,17.1700,17.1700,34400,590752.0000,3
2025-08-04,20250804135000000,sz.002732,17.1800,17.1800,17.1700,17.1700,56400,968780.0000,3
2025-08-04,20250804135500000,sz.002732,17.1700,17.1800,17.1700,17.1800,22700,389836.0000,3
2025-08-04,20250804140000000,sz.002732,17.1800,17.1800,17.1600,17.1600,47900,822604.0000,3
2025-08-04,20250804140500000,sz.002732,17.1700,17.1900,17.1700,17.1800,29600,508476.0000,3
2025-08-04,20250804141000000,sz.002732,17.1900,17.2200,17.1800,17.2000,57300,985304.0000,3
2025-08-04,20250804141500000,sz.002732,17.2000,17.2200,17.2000,17.2100,36200,622936.0000,3
2025-08-04,20250804142000000,sz.002732,17.2200,17.2300,17.2000,17.2100,55000,946496.0000,3
2025-08-04,20250804142500000,sz.002732,17.2100,17.2100,17.1800,17.1900,37400,643064.0000,3
2025-08-04,20250804143000000,sz.002732,17.1900,17.2300,17.1900,17.2300,93800,1614056.0000,3
2025-08-04,20250804143500000,sz.002732,17.2300,17.2600,17.2300,17.2600,92000,1586688.0000,3
2025-08-04,20250804144000000,sz.002732,17.2600,17.2700,17.2400,17.2400,56200,969800.0000,3
2025-08-04,20250804144500000,sz.002732,17.2400,17.2500,17.1900,17.2100,91700,1579048.0000,3
2025-08-04,20250804145000000,sz.002732,17.2300,17.2400,17.2200,17.2300,44700,769984.0000,3
2025-08-04,20250804145500000,sz.002732,17.2300,17.2400,17.2100,17.2300,170500,2936496.0000,3
2025-08-04,20250804150000000,sz.002732,17.2400,17.2700,17.2300,17.2700,183100,3160256.0000,3
2025-08-05,20250805093500000,sz.002732,17.2900,17.3400,17.2600,17.2600,256200,4432685.0000,3
2025-08-05,20250805094000000,sz.002732,17.2600,17.3000,17.2600,17.3000,202100,3494072.0000,3
2025-08-05,20250805094500000,sz.002732,17.2900,17.3000,17.2600,17.2600,87100,1504484.0000,3
2025-08-05,20250805095000000,sz.002732,17.2700,17.3200,17.2700,17.3100,154400,2669412.0000,3
2025-08-05,20250805095500000,sz.002732,17.3200,17.3200,17.2800,17.2800,82500,1427565.0000,3
2025-08-05,20250805100000000,sz.002732,17.3000,17.3100,17.2700,17.3100,85200,1472453.0000,3
2025-08-05,20250805100500000,sz.002732,17.3000,17.3100,17.2700,17.2800,49400,853931.0000,3
2025-08-05,20250805101000000,sz.002732,17.2800,17.2900,17.2700,17.2900,59200,1022866.0000,3
2025-08-05,20250805101500000,sz.002732,17.2800,17.3100,17.2700,17.2900,115700,1999808.0000,3
2025-08-05,20250805102000000,sz.002732,17.2800,17.2900,17.2700,17.2700,42400,732412.0000,3
2025-08-05,20250805102500000,sz.002732,17.2700,17.2900,17.2700,17.2900,67100,1159326.0000,3
2025-08-05,20250805103000000,sz.002732,17.2900,17.3100,17.2800,17.3100,94600,1636230.0000,3
2025-08-05,20250805103500000,sz.002732,17.3100,17.3200,17.3000,17.3200,77000,1332986.0000,3
2025-08-05,20250805104000000,sz.002732,17.3200,17.3400,17.3100,17.3300,65900,1141710.0000,3
2025-08-05,20250805104500000,sz.002732,17.3300,17.3300,17.3100,17.3100,78000,1350776.0000,3
2025-08-05,20250805105000000,sz.002732,17.3100,17.3300,17.2900,17.3300,91600,1585168.0000,3
2025-08-05,20250805105500000,sz.002732,17.3300,17.3800,17.3300,17.3700,96200,1668540.0000,3
2025-08-05,20250805110000000,sz.002732,17.3700,17.3900,17.3500,17.3800,93400,1622770.0000,3
2025-08-05,20250805110500000,sz.002732,17.3800,17.4300,17.3800,17.4100,136600,2378954.0000,3
2025-08-05,20250805111000000,sz.002732,17.4100,17.4100,17.3800,17.3800,57200,994976.0000,3
2025-08-05,20250805111500000,sz.002732,17.3800,17.4000,17.3700,17.3800,39300,683044.0000,3
2025-08-05,20250805112000000,sz.002732,17.3800,17.4000,17.3800,17.4000,40500,704344.0000,3
2025-08-05,20250805112500000,sz.002732,17.4000,17.4100,17.4000,17.4000,33800,588372.0000,3
2025-08-05,20250805113000000,sz.002732,17.4000,17.4200,17.4000,17.4100,42800,745036.0000,3
2025-08-05,20250805130500000,sz.002732,17.4000,17.4100,17.3900,17.3900,49300,857912.0000,3
2025-08-05,20250805131000000,sz.002732,17.3900,17.4200,17.3900,17.4200,99800,1737240.0000,3
2025-08-05,20250805131500000,sz.002732,17.4200,17.4300,17.4000,17.4100,57100,994692.0000,3
2025-08-05,20250805132000000,sz.002732,17.4100,17.4100,17.3900,17.4100,29300,509924.0000,3
2025-08-05,20250805132500000,sz.002732,17.4000,17.4000,17.3900,17.3900,31900,554936.0000,3
2025-08-05,20250805133000000,sz.002732,17.3900,17.4200,17.3900,17.4100,81800,1423556.0000,3
2025-08-05,20250805133500000,sz.002732,17.4000,17.4200,17.4000,17.4100,50100,872136.0000,3
2025-08-05,20250805134000000,sz.002732,17.4100,17.4300,17.4100,17.4300,26500,461564.0000,3
2025-08-05,20250805134500000,sz.002732,17.4300,17.4400,17.4200,17.4300,53500,932560.0000,3
2025-08-05,20250805135000000,sz.002732,17.4200,17.4200,17.3800,17.3800,69400,1207668.0000,3
2025-08-05,20250805135500000,sz.002732,17.3900,17.4100,17.3800,17.3900,65800,1144460.0000,3
2025-08-05,20250805140000000,sz.002732,17.3900,17.4000,17.3800,17.3800,49000,851888.0000,3
2025-08-05,20250805140500000,sz.002732,17.3900,17.4100,17.3800,17.4000,51700,899308.0000,3
2025-08-05,20250805141000000,sz.002732,17.4000,17.4000,17.3900,17.3900,44600,775804.0000,3
2025-08-05,20250805141500000,sz.002732,17.4000,17.4100,17.3900,17.3900,30500,530548.0000,3
2025-08-05,20250805142000000,sz.002732,17.4000,17.4000,17.3900,17.3900,14600,253988.0000,3
2025-08-05,20250805142500000,sz.002732,17.3900,17.4100,17.3900,17.4000,33300,578816.0000,3
2025-08-05,20250805143000000,sz.002732,17.4000,17.4100,17.4000,17.4100,40300,701940.0000,3
2025-08-05,20250805143500000,sz.002732,17.4000,17.4100,17.4000,17.4000,36900,642196.0000,3
2025-08-05,20250805144000000,sz.002732,17.4000,17.4200,17.4000,17.4200,52000,904944.0000,3
2025-08-05,20250805144500000,sz.002732,17.4100,17.4200,17.4000,17.4100,42800,745872.0000,3
2025-08-05,20250805145000000,sz.002732,17.4100,17.4200,17.4100,17.4200,74500,1297384.0000,3
2025-08-05,20250805145500000,sz.002732,17.4100,17.4200,17.4000,17.4100,116200,2023288.0000,3
2025-08-05,20250805150000000,sz.002732,17.4100,17.4300,17.4100,17.4200,74600,1298780.0000,3
2025-08-06,20250806093500000,sz.002732,17.4500,17.5100,17.3800,17.3800,233200,4072575.0000,3
2025-08-06,20250806094000000,sz.002732,17.3600,17.4000,17.3500,17.3800,151000,2621829.0000,3
2025-08-06,20250806094500000,sz.002732,17.3700,17.4100,17.3500,17.4000,123300,2142284.0000,3
2025-08-06,20250806095000000,sz.002732,17.4000,17.4000,17.3300,17.3300,87000,1509722.0000,3
2025-08-06,20250806095500000,sz.002732,17.3200,17.3400,17.2800,17.2800,165600,2867057.0000,3
2025-08-06,20250806100000000,sz.002732,17.2800,17.3200,17.2700,17.3000,138100,2386382.0000,3
2025-08-06,20250806100500000,sz.002732,17.2900,17.3100,17.2900,17.3000,49500,856422.0000,3
2025-08-06,20250806101000000,sz.002732,17.3000,17.3500,17.3000,17.3500,28200,488045.0000,3
2025-08-06,20250806101500000,sz.002732,17.3300,17.3500,17.3200,17.3300,31700,549504.0000,3
2025-08-06,20250806102000000,sz.002732,17.3300,17.3700,17.3000,17.3700,84800,1469100.0000,3
2025-08-06,20250806102500000,sz.002732,17.3700,17.4000,17.3400,17.3600,68100,1182630.0000,3
2025-08-06,20250806103000000,sz.002732,17.3600,17.3600,17.3200,17.3200,18600,322638.0000,3
2025-08-06,20250806103500000,sz.002732,17.3200,17.3300,17.3000,17.3200,32700,566152.0000,3
2025-08-06,20250806104000000,sz.002732,17.3300,17.3500,17.3200,17.3300,19200,332740.0000,3
2025-08-06,20250806104500000,sz.002732,17.3300,17.3300,17.3100,17.3200,26200,453712.0000,3
2025-08-06,20250806105000000,sz.002732,17.3100,17.3300,17.3100,17.3200,51300,888188.0000,3
2025-08-06,20250806105500000,sz.002732,17.3200,17.3300,17.3100,17.3200,43300,749720.0000,3
2025-08-06,20250806110000000,sz.002732,17.3100,17.3300,17.2900,17.3300,101600,1757902.0000,3
2025-08-06,20250806110500000,sz.002732,17.3300,17.3400,17.3100,17.3100,32100,556074.0000,3
2025-08-06,20250806111000000,sz.002732,17.3000,17.3300,17.3000,17.3200,24900,431128.0000,3
2025-08-06,20250806111500000,sz.002732,17.3200,17.3400,17.3100,17.3400,31600,547324.0000,3
2025-08-06,20250806112000000,sz.002732,17.3400,17.3400,17.3200,17.3200,19500,337818.0000,3
2025-08-06,20250806112500000,sz.002732,17.3300,17.3400,17.3300,17.3300,9500,164680.0000,3
2025-08-06,20250806113000000,sz.002732,17.3400,17.3800,17.3400,17.3600,93900,1630622.0000,3
2025-08-06,20250806130500000,sz.002732,17.3500,17.3600,17.3300,17.3500,42700,740614.0000,3
2025-08-06,20250806131000000,sz.002732,17.3500,17.3600,17.3300,17.3400,26200,454220.0000,3
2025-08-06,20250806131500000,sz.002732,17.3400,17.3800,17.3200,17.3300,50500,875848.0000,3
2025-08-06,20250806132000000,sz.002732,17.3300,17.3300,17.3100,17.3200,36800,637410.0000,3
2025-08-06,20250806132500000,sz.002732,17.3200,17.3200,17.3100,17.3100,26100,451848.0000,3
2025-08-06,20250806133000000,sz.002732,17.3100,17.3300,17.3100,17.3200,31900,552352.0000,3
2025-08-06,20250806133500000,sz.002732,17.3200,17.3300,17.3200,17.3300,18100,313590.0000,3
2025-08-06,20250806134000000,sz.002732,17.3400,17.3500,17.3300,17.3300,16900,293056.0000,3
2025-08-06,20250806134500000,sz.002732,17.3300,17.3600,17.3300,17.3500,24300,421582.0000,3
2025-08-06,20250806135000000,sz.002732,17.3500,17.3700,17.3500,17.3500,25200,437352.0000,3
2025-08-06,20250806135500000,sz.002732,17.3600,17.3700,17.3500,17.3500,23200,402688.0000,3
2025-08-06,20250806140000000,sz.002732,17.3400,17.3500,17.3300,17.3400,18700,324232.0000,3
2025-08-06,20250806140500000,sz.002732,17.3400,17.3500,17.3300,17.3300,11100,192440.0000,3
2025-08-06,20250806141000000,sz.002732,17.3500,17.3600,17.3400,17.3600,11100,192592.0000,3
2025-08-06,20250806141500000,sz.002732,17.3600,17.3700,17.3500,17.3600,41300,716880.0000,3
2025-08-06,20250806142000000,sz.002732,17.3600,17.3700,17.3500,17.3700,24400,423576.0000,3
2025-08-06,20250806142500000,sz.002732,17.3700,17.3800,17.3600,17.3600,41000,712048.0000,3
2025-08-06,20250806143000000,sz.002732,17.3600,17.3800,17.3600,17.3800,14300,248440.0000,3
2025-08-06,20250806143500000,sz.002732,17.3800,17.4100,17.3800,17.4100,75200,1307800.0000,3
2025-08-06,20250806144000000,sz.002732,17.4100,17.4100,17.3800,17.3800,62200,1081640.0000,3
2025-08-06,20250806144500000,sz.002732,17.3800,17.3900,17.3600,17.3700,114800,1994128.0000,3
2025-08-06,20250806145000000,sz.002732,17.3700,17.3900,17.3600,17.3800,74400,1291912.0000,3
2025-08-06,20250806145500000,sz.002732,17.3800,17.3900,17.3700,17.3700,96300,1673256.0000,3
2025-08-06,20250806150000000,sz.002732,17.3700,17.3800,17.3700,17.3800,120400,2092368.0000,3
2025-08-07,20250807093500000,sz.002732,17.3800,17.3800,17.3000,17.3100,191800,3325795.0000,3
2025-08-07,20250807094000000,sz.002732,17.3500,17.3500,17.2700,17.2700,207700,3594947.0000,3
2025-08-07,20250807094500000,sz.002732,17.2600,17.3000,17.2500,17.3000,134200,2318612.0000,3
2025-08-07,20250807095000000,sz.002732,17.3100,17.3400,17.2900,17.3200,125400,2169479.0000,3
2025-08-07,20250807095500000,sz.002732,17.3000,17.3200,17.2700,17.2900,120000,2074831.0000,3
2025-08-07,20250807100000000,sz.002732,17.2900,17.3600,17.2900,17.3300,109400,1894959.0000,3
2025-08-07,20250807100500000,sz.002732,17.3300,17.3500,17.3200,17.3200,82900,1437243.0000,3
2025-08-07,20250807101000000,sz.002732,17.3200,17.3600,17.3200,17.3500,41500,719830.0000,3
2025-08-07,20250807101500000,sz.002732,17.3700,17.4100,17.3600,17.4000,124400,2161876.0000,3
2025-08-07,20250807102000000,sz.002732,17.3900,17.4100,17.3700,17.3900,87000,1513056.0000,3
2025-08-07,20250807102500000,sz.002732,17.3900,17.4900,17.3700,17.4600,286800,5006484.0000,3
2025-08-07,20250807103000000,sz.002732,17.4800,17.4800,17.4100,17.4100,170300,2971468.0000,3
2025-08-07,20250807103500000,sz.002732,17.4100,17.4300,17.3700,17.4200,47400,824740.0000,3
2025-08-07,20250807104000000,sz.002732,17.4100,17.4200,17.3800,17.3900,19000,330746.0000,3
2025-08-07,20250807104500000,sz.002732,17.3900,17.4200,17.3900,17.4100,22700,395112.0000,3
2025-08-07,20250807105000000,sz.002732,17.4000,17.4200,17.3900,17.3900,29400,511698.0000,3
2025-08-07,20250807105500000,sz.002732,17.4000,17.4000,17.3800,17.3800,22200,386048.0000,3
2025-08-07,20250807110000000,sz.002732,17.3900,17.3900,17.3600,17.3900,62500,1085962.0000,3
2025-08-07,20250807110500000,sz.002732,17.3800,17.4000,17.3800,17.3900,25900,450450.0000,3
2025-08-07,20250807111000000,sz.002732,17.3900,17.4800,17.3900,17.4700,154800,2700788.0000,3
2025-08-07,20250807111500000,sz.002732,17.4800,17.4800,17.4200,17.4700,57800,1008612.0000,3
2025-08-07,20250807112000000,sz.002732,17.4700,17.4700,17.4400,17.4400,50400,879776.0000,3
2025-08-07,20250807112500000,sz.002732,17.4400,17.4500,17.4200,17.4300,10300,179528.0000,3
2025-08-07,20250807113000000,sz.002732,17.4400,17.4600,17.4400,17.4500,20000,348964.0000,3
2025-08-07,20250807130500000,sz.002732,17.4500,17.4500,17.4000,17.4200,47900,834880.0000,3
2025-08-07,20250807131000000,sz.002732,17.4100,17.4100,17.3900,17.3900,16800,292320.0000,3
2025-08-07,20250807131500000,sz.002732,17.3900,17.4500,17.3900,17.4500,43200,752140.0000,3
2025-08-07,20250807132000000,sz.002732,17.4400,17.4400,17.4200,17.4200,20100,350288.0000,3
2025-08-07,20250807132500000,sz.002732,17.4200,17.4600,17.4200,17.4400,36500,636924.0000,3
2025-08-07,20250807133000000,sz.002732,17.4300,17.4400,17.4200,17.4300,19700,343352.0000,3
2025-08-07,20250807133500000,sz.002732,17.4300,17.4400,17.4200,17.4300,19100,332836.0000,3
2025-08-07,20250807134000000,sz.002732,17.4300,17.4300,17.4200,17.4300,4400,76664.0000,3
2025-08-07,20250807134500000,sz.002732,17.4200,17.4300,17.4100,17.4100,30600,532800.0000,3
2025-08-07,20250807135000000,sz.002732,17.4100,17.4200,17.4000,17.4000,20200,351672.0000,3
2025-08-07,20250807135500000,sz.002732,17.3900,17.4000,17.3800,17.4000,16500,286968.0000,3
2025-08-07,20250807140000000,sz.002732,17.3800,17.4100,17.3800,17.4100,34200,594780.0000,3
2025-08-07,20250807140500000,sz.002732,17.4100,17.4200,17.3900,17.4200,18700,325572.0000,3
2025-08-07,20250807141000000,sz.002732,17.4300,17.4500,17.4100,17.4200,100100,1745100.0000,3
2025-08-07,20250807141500000,sz.002732,17.4200,17.4200,17.4000,17.4100,35200,612752.0000,3
2025-08-07,20250807142000000,sz.002732,17.4000,17.4100,17.3700,17.3700,83600,1453928.0000,3
2025-08-07,20250807142500000,sz.002732,17.3800,17.3900,17.3700,17.3900,33500,582292.0000,3
2025-08-07,20250807143000000,sz.002732,17.3900,17.4000,17.3800,17.3900,27300,474684.0000,3
2025-08-07,20250807143500000,sz.002732,17.3900,17.4200,17.3900,17.4000,27500,478472.0000,3
2025-08-07,20250807144000000,sz.002732,17.4000,17.4100,17.3800,17.3900,55300,961636.0000,3
2025-08-07,20250807144500000,sz.002732,17.3800,17.4000,17.3800,17.3900,55600,966884.0000,3
2025-08-07,20250807145000000,sz.002732,17.3900,17.4000,17.3900,17.3900,59300,1031504.0000,3
2025-08-07,20250807145500000,sz.002732,17.4000,17.4100,17.3800,17.3800,218600,3802296.0000,3
2025-08-07,20250807150000000,sz.002732,17.3800,17.4100,17.3700,17.4100,128000,2226204.0000,3
2025-08-08,20250808093500000,sz.002732,17.3800,17.3800,17.2700,17.3100,164200,2841884.0000,3
2025-08-08,20250808094000000,sz.002732,17.3100,17.3400,17.3000,17.3000,137600,2382130.0000,3
2025-08-08,20250808094500000,sz.002732,17.3100,17.3100,17.2000,17.2100,251800,4341125.0000,3
2025-08-08,20250808095000000,sz.002732,17.2100,17.2500,17.1700,17.2500,147700,2540633.0000,3
2025-08-08,20250808095500000,sz.002732,17.2300,17.2500,17.1800,17.1900,117500,2021562.0000,3
2025-08-08,20250808100000000,sz.002732,17.1800,17.2200,17.1800,17.1900,143200,2462104.0000,3
2025-08-08,20250808100500000,sz.002732,17.1900,17.2300,17.1800,17.2300,60100,1033664.0000,3
2025-08-08,20250808101000000,sz.002732,17.2300,17.2400,17.1900,17.1900,63800,1097878.0000,3
2025-08-08,20250808101500000,sz.002732,17.1900,17.2000,17.1500,17.1600,180800,3105166.0000,3
2025-08-08,20250808102000000,sz.002732,17.1800,17.2400,17.1800,17.2100,56000,962934.0000,3
2025-08-08,20250808102500000,sz.002732,17.2100,17.2600,17.2100,17.2400,39800,685892.0000,3
2025-08-08,20250808103000000,sz.002732,17.2400,17.2500,17.2300,17.2300,45500,784308.0000,3
2025-08-08,20250808103500000,sz.002732,17.2400,17.2600,17.2300,17.2500,32300,557238.0000,3
2025-08-08,20250808104000000,sz.002732,17.2500,17.2600,17.2400,17.2600,17400,300204.0000,3
2025-08-08,20250808104500000,sz.002732,17.2600,17.2700,17.2300,17.2300,24400,420930.0000,3
2025-08-08,20250808105000000,sz.002732,17.2300,17.2800,17.2300,17.2500,45400,783572.0000,3
2025-08-08,20250808105500000,sz.002732,17.2700,17.2700,17.2100,17.2100,72800,1254460.0000,3
2025-08-08,20250808110000000,sz.002732,17.2200,17.2500,17.2200,17.2300,25100,432632.0000,3
2025-08-08,20250808110500000,sz.002732,17.2400,17.2400,17.2000,17.2000,56900,979856.0000,3
2025-08-08,20250808111000000,sz.002732,17.2100,17.2200,17.2100,17.2200,13100,225528.0000,3
2025-08-08,20250808111500000,sz.002732,17.2200,17.2300,17.2100,17.2300,36500,628324.0000,3
2025-08-08,20250808112000000,sz.002732,17.2200,17.2400,17.1900,17.2400,71000,1222256.0000,3
2025-08-08,20250808112500000,sz.002732,17.2300,17.2700,17.2300,17.2500,23600,406940.0000,3
2025-08-08,20250808113000000,sz.002732,17.2400,17.2400,17.2200,17.2300,20200,348048.0000,3
2025-08-08,20250808130500000,sz.002732,17.2300,17.2800,17.2200,17.2700,69200,1193854.0000,3
2025-08-08,20250808131000000,sz.002732,17.2700,17.3000,17.2500,17.3000,44000,759870.0000,3
2025-08-08,20250808131500000,sz.002732,17.3000,17.3000,17.2800,17.2900,21400,369904.0000,3
2025-08-08,20250808132000000,sz.002732,17.2900,17.3000,17.2800,17.2900,33800,584224.0000,3
2025-08-08,20250808132500000,sz.002732,17.2900,17.2900,17.2800,17.2800,13700,236768.0000,3
2025-08-08,20250808133000000,sz.002732,17.2800,17.3000,17.2500,17.2700,48900,845036.0000,3
2025-08-08,20250808133500000,sz.002732,17.2700,17.3200,17.2600,17.3100,60600,1047452.0000,3
2025-08-08,20250808134000000,sz.002732,17.3100,17.3500,17.3100,17.3500,64000,1109064.0000,3
2025-08-08,20250808134500000,sz.002732,17.3500,17.3700,17.3300,17.3300,72900,1265020.0000,3
2025-08-08,20250808135000000,sz.002732,17.3500,17.3600,17.3400,17.3400,44500,772284.0000,3
2025-08-08,20250808135500000,sz.002732,17.3400,17.3600,17.3200,17.3300,243900,4225992.0000,3
2025-08-08,20250808140000000,sz.002732,17.3300,17.3300,17.3100,17.3300,37600,651336.0000,3
2025-08-08,20250808140500000,sz.002732,17.3500,17.3700,17.3500,17.3700,142100,2463648.0000,3
2025-08-08,20250808141000000,sz.002732,17.3600,17.3900,17.3600,17.3800,17900,310960.0000,3
2025-08-08,20250808141500000,sz.002732,17.3800,17.3900,17.3700,17.3800,72800,1265232.0000,3
2025-08-08,20250808142000000,sz.002732,17.3900,17.4300,17.3900,17.4000,95400,1660672.0000,3
2025-08-08,20250808142500000,sz.002732,17.4100,17.4100,17.3900,17.3900,39700,690672.0000,3
2025-08-08,20250808143000000,sz.002732,17.3900,17.4000,17.3900,17.4000,19100,332276.0000,3
2025-08-08,20250808143500000,sz.002732,17.4000,17.4000,17.3800,17.3800,56100,975852.0000,3
2025-08-08,20250808144000000,sz.002732,17.3800,17.3900,17.3700,17.3700,31700,550908.0000,3
2025-08-08,20250808144500000,sz.002732,17.3700,17.3900,17.3700,17.3800,75000,1303380.0000,3
2025-08-08,20250808145000000,sz.002732,17.3800,17.4000,17.3800,17.3800,49100,853768.0000,3
2025-08-08,20250808145500000,sz.002732,17.3800,17.4000,17.3800,17.3900,135400,2354576.0000,3
2025-08-08,20250808150000000,sz.002732,17.3800,17.3900,17.3800,17.3900,89800,1561300.0000,3
2025-08-11,20250811093500000,sz.002732,17.4200,17.4700,17.3200,17.3400,210500,3661526.0000,3
2025-08-11,20250811094000000,sz.002732,17.3300,17.4400,17.3300,17.4400,137800,2398767.0000,3
2025-08-11,20250811094500000,sz.002732,17.4500,17.4600,17.3900,17.4300,106000,1847775.0000,3
2025-08-11,20250811095000000,sz.002732,17.4300,17.4400,17.4000,17.4000,153000,2665648.0000,3
2025-08-11,20250811095500000,sz.002732,17.4000,17.4400,17.4000,17.4200,30300,528076.0000,3
2025-08-11,20250811100000000,sz.002732,17.4300,17.4300,17.4100,17.4100,46300,806577.0000,3
2025-08-11,20250811100500000,sz.002732,17.4200,17.4600,17.4100,17.4300,108300,1888406.0000,3
2025-08-11,20250811101000000,sz.002732,17.4300,17.4400,17.3900,17.3900,69100,1203337.0000,3
2025-08-11,20250811101500000,sz.002732,17.4000,17.4100,17.3900,17.4000,37100,645569.0000,3
2025-08-11,20250811102000000,sz.002732,17.3900,17.4100,17.3900,17.4000,70100,1219207.0000,3
2025-08-11,20250811102500000,sz.002732,17.4000,17.4200,17.3900,17.4200,91400,1590728.0000,3
2025-08-11,20250811103000000,sz.002732,17.4200,17.4200,17.4000,17.4200,29500,513592.0000,3
2025-08-11,20250811103500000,sz.002732,17.4200,17.4300,17.4000,17.4300,59400,1034460.0000,3
2025-08-11,20250811104000000,sz.002732,17.4300,17.4300,17.4100,17.4200,27700,482576.0000,3
2025-08-11,20250811104500000,sz.002732,17.4200,17.4400,17.4100,17.4300,30700,534884.0000,3
2025-08-11,20250811105000000,sz.002732,17.4300,17.5100,17.4200,17.4800,181400,3168292.0000,3
2025-08-11,20250811105500000,sz.002732,17.4900,17.5100,17.4900,17.5000,114300,2000034.0000,3
2025-08-11,20250811110000000,sz.002732,17.5000,17.5000,17.4800,17.4900,25600,447862.0000,3
2025-08-11,20250811110500000,sz.002732,17.4700,17.5800,17.4700,17.5000,134400,2355754.0000,3
2025-08-11,20250811111000000,sz.002732,17.5100,17.5400,17.5100,17.5200,56100,983074.0000,3
2025-08-11,20250811111500000,sz.002732,17.5300,17.5300,17.5100,17.5100,76700,1343276.0000,3
2025-08-11,20250811112000000,sz.002732,17.5100,17.5200,17.4700,17.4700,54400,952164.0000,3
2025-08-11,20250811112500000,sz.002732,17.4900,17.5100,17.4800,17.5000,31400,549428.0000,3
2025-08-11,20250811113000000,sz.002732,17.5000,17.5100,17.4900,17.4900,42300,739968.0000,3
2025-08-11,20250811130500000,sz.002732,17.4900,17.5000,17.4800,17.4800,41400,724040.0000,3
2025-08-11,20250811131000000,sz.002732,17.4900,17.5100,17.4800,17.4800,33600,587836.0000,3
2025-08-11,20250811131500000,sz.002732,17.4800,17.4900,17.4800,17.4800,32900,575340.0000,3
2025-08-11,20250811132000000,sz.002732,17.4800,17.5000,17.4800,17.4900,35700,624268.0000,3
2025-08-11,20250811132500000,sz.002732,17.4800,17.4900,17.4700,17.4700,30300,529580.0000,3
2025-08-11,20250811133000000,sz.002732,17.4800,17.4900,17.4800,17.4900,22100,386372.0000,3
2025-08-11,20250811133500000,sz.002732,17.4800,17.5100,17.4800,17.5000,23200,405944.0000,3
2025-08-11,20250811134000000,sz.002732,17.5000,17.5300,17.5000,17.5100,63000,1103516.0000,3
2025-08-11,20250811134500000,sz.002732,17.5100,17.5200,17.5000,17.5000,56200,983788.0000,3
2025-08-11,20250811135000000,sz.002732,17.5000,17.5100,17.4900,17.5000,32300,565228.0000,3
2025-08-11,20250811135500000,sz.002732,17.4900,17.5200,17.4900,17.5200,43200,756264.0000,3
2025-08-11,20250811140000000,sz.002732,17.5000,17.5100,17.5000,17.5000,20700,362416.0000,3
2025-08-11,20250811140500000,sz.002732,17.5100,17.5200,17.5100,17.5100,48800,854708.0000,3
2025-08-11,20250811141000000,sz.002732,17.5200,17.5200,17.4800,17.4800,90000,1575208.0000,3
2025-08-11,20250811141500000,sz.002732,17.4800,17.4900,17.4700,17.4800,49200,859260.0000,3
2025-08-11,20250811142000000,sz.002732,17.4900,17.4900,17.4800,17.4900,32100,561176.0000,3
2025-08-11,20250811142500000,sz.002732,17.4900,17.5100,17.4800,17.5100,43600,763008.0000,3
2025-08-11,20250811143000000,sz.002732,17.5200,17.5300,17.5100,17.5300,64800,1135628.0000,3
2025-08-11,20250811143500000,sz.002732,17.5300,17.5400,17.5200,17.5400,56400,988496.0000,3
2025-08-11,20250811144000000,sz.002732,17.5400,17.5400,17.5100,17.5200,35900,629220.0000,3
2025-08-11,20250811144500000,sz.002732,17.5300,17.5400,17.5100,17.5400,58100,1018368.0000,3
2025-08-11,20250811145000000,sz.002732,17.5300,17.5500,17.5300,17.5400,61200,1073628.0000,3
2025-08-11,20250811145500000,sz.002732,17.5300,17.5500,17.5300,17.5400,138200,2423920.0000,3
2025-08-11,20250811150000000,sz.002732,17.5400,17.5500,17.5300,17.5400,131700,2310076.0000,3
2025-08-12,20250812093500000,sz.002732,17.6000,17.6000,17.5400,17.5400,195800,3441626.0000,3
2025-08-12,20250812094000000,sz.002732,17.5400,17.5500,17.5100,17.5500,105300,1845864.0000,3
2025-08-12,20250812094500000,sz.002732,17.5500,17.5700,17.5200,17.5500,82300,1443790.0000,3
2025-08-12,20250812095000000,sz.002732,17.5400,17.5400,17.5100,17.5400,88100,1543990.0000,3
2025-08-12,20250812095500000,sz.002732,17.5400,17.5400,17.5100,17.5400,40000,700956.0000,3
2025-08-12,20250812100000000,sz.002732,17.5400,17.5500,17.5300,17.5500,37500,657982.0000,3
2025-08-12,20250812100500000,sz.002732,17.5400,17.5400,17.5000,17.5000,109200,1913354.0000,3
2025-08-12,20250812101000000,sz.002732,17.5000,17.5400,17.5000,17.5200,27300,478180.0000,3
2025-08-12,20250812101500000,sz.002732,17.5400,17.6000,17.5300,17.5700,94500,1660413.0000,3
2025-08-12,20250812102000000,sz.002732,17.5700,17.5700,17.5200,17.5200,51700,907427.0000,3
2025-08-12,20250812102500000,sz.002732,17.5300,17.5400,17.4900,17.5000,75300,1318907.0000,3
2025-08-12,20250812103000000,sz.002732,17.5000,17.5100,17.4900,17.4900,29600,517988.0000,3
2025-08-12,20250812103500000,sz.002732,17.4900,17.4900,17.4700,17.4900,63000,1101267.0000,3
2025-08-12,20250812104000000,sz.002732,17.4800,17.4900,17.4700,17.4700,28700,501676.0000,3
2025-08-12,20250812104500000,sz.002732,17.4700,17.4800,17.4500,17.4500,120200,2098628.0000,3
2025-08-12,20250812105000000,sz.002732,17.4600,17.4800,17.4500,17.4800,37100,647684.0000,3
2025-08-12,20250812105500000,sz.002732,17.4800,17.4900,17.4700,17.4700,36600,639746.0000,3
2025-08-12,20250812110000000,sz.002732,17.4600,17.4600,17.4100,17.4400,86800,1512898.0000,3
2025-08-12,20250812110500000,sz.002732,17.4400,17.4500,17.4200,17.4500,39800,694072.0000,3
2025-08-12,20250812111000000,sz.002732,17.4400,17.4500,17.4400,17.4400,17500,305272.0000,3
2025-08-12,20250812111500000,sz.002732,17.4400,17.4600,17.4400,17.4600,29200,509548.0000,3
2025-08-12,20250812112000000,sz.002732,17.4600,17.4700,17.4600,17.4600,12700,221796.0000,3
2025-08-12,20250812112500000,sz.002732,17.4700,17.4800,17.4600,17.4600,14400,251568.0000,3
2025-08-12,20250812113000000,sz.002732,17.4700,17.5000,17.4600,17.4900,17500,305828.0000,3
2025-08-12,20250812130500000,sz.002732,17.5000,17.5000,17.4800,17.4800,67100,1173740.0000,3
2025-08-12,20250812131000000,sz.002732,17.4800,17.4800,17.4600,17.4700,32100,560660.0000,3
2025-08-12,20250812131500000,sz.002732,17.4600,17.4800,17.4600,17.4600,32600,569418.0000,3
2025-08-12,20250812132000000,sz.002732,17.4600,17.4600,17.4500,17.4500,20600,359538.0000,3
2025-08-12,20250812132500000,sz.002732,17.4500,17.4700,17.4500,17.4500,31500,550024.0000,3
2025-08-12,20250812133000000,sz.002732,17.4600,17.4600,17.4400,17.4400,48600,848090.0000,3
2025-08-12,20250812133500000,sz.002732,17.4500,17.4900,17.4500,17.4600,33800,590480.0000,3
2025-08-12,20250812134000000,sz.002732,17.4600,17.4700,17.4500,17.4500,29300,511440.0000,3
2025-08-12,20250812134500000,sz.002732,17.4400,17.4600,17.4400,17.4500,14600,254794.0000,3
2025-08-12,20250812135000000,sz.002732,17.4400,17.4600,17.4400,17.4600,9100,158792.0000,3
2025-08-12,20250812135500000,sz.002732,17.4500,17.4600,17.4400,17.4500,38700,675376.0000,3
2025-08-12,20250812140000000,sz.002732,17.4400,17.4500,17.4400,17.4400,30900,538948.0000,3
2025-08-12,20250812140500000,sz.002732,17.4500,17.4600,17.4500,17.4600,19200,335176.0000,3
2025-08-12,20250812141000000,sz.002732,17.4600,17.4800,17.4500,17.4600,25500,445276.0000,3
2025-08-12,20250812141500000,sz.002732,17.4500,17.4600,17.4400,17.4500,20600,359460.0000,3
2025-08-12,20250812142000000,sz.002732,17.4500,17.4700,17.4400,17.4600,24700,431164.0000,3
2025-08-12,20250812142500000,sz.002732,17.4700,17.4900,17.4600,17.4700,38200,667656.0000,3
2025-08-12,20250812143000000,sz.002732,17.4800,17.4800,17.4600,17.4800,47500,829876.0000,3
2025-08-12,20250812143500000,sz.002732,17.4800,17.4800,17.4500,17.4700,41700,728064.0000,3
2025-08-12,20250812144000000,sz.002732,17.4600,17.4700,17.4500,17.4600,33300,581456.0000,3
2025-08-12,20250812144500000,sz.002732,17.4500,17.4600,17.4500,17.4500,29200,509612.0000,3
2025-08-12,20250812145000000,sz.002732,17.4500,17.4600,17.4500,17.4600,32200,562020.0000,3
2025-08-12,20250812145500000,sz.002732,17.4500,17.4600,17.4400,17.4500,87500,1527108.0000,3
2025-08-12,20250812150000000,sz.002732,17.4400,17.4900,17.4400,17.4900,83700,1461484.0000,3
2025-08-13,20250813093500000,sz.002732,17.5600,17.5600,17.4400,17.4600,246000,4310192.0000,3
2025-08-13,20250813094000000,sz.002732,17.4600,17.4900,17.4600,17.4700,47600,831675.0000,3
2025-08-13,20250813094500000,sz.002732,17.4700,17.4700,17.4300,17.4400,131300,2292013.0000,3
2025-08-13,20250813095000000,sz.002732,17.4500,17.4600,17.4100,17.4100,120100,2094017.0000,3
2025-08-13,20250813095500000,sz.002732,17.4100,17.4400,17.4100,17.4200,69700,1214329.0000,3
2025-08-13,20250813100000000,sz.002732,17.4200,17.4300,17.4000,17.4000,108900,1895959.0000,3
2025-08-13,20250813100500000,sz.002732,17.4000,17.4000,17.3200,17.3700,125900,2186622.0000,3
2025-08-13,20250813101000000,sz.002732,17.3700,17.3800,17.3600,17.3600,57000,989898.0000,3
2025-08-13,20250813101500000,sz.002732,17.3600,17.3600,17.3200,17.3300,106400,1844667.0000,3
2025-08-13,20250813102000000,sz.002732,17.3300,17.3500,17.3300,17.3300,39700,688204.0000,3
2025-08-13,20250813102500000,sz.002732,17.3300,17.3700,17.3300,17.3500,44600,773684.0000,3
2025-08-13,20250813103000000,sz.002732,17.3700,17.3700,17.3500,17.3600,31200,541498.0000,3
2025-08-13,20250813103500000,sz.002732,17.3600,17.3600,17.3400,17.3500,20200,350466.0000,3
2025-08-13,20250813104000000,sz.002732,17.3500,17.3600,17.3500,17.3500,25900,449432.0000,3
2025-08-13,20250813104500000,sz.002732,17.3500,17.3600,17.3400,17.3500,51400,891824.0000,3
2025-08-13,20250813105000000,sz.002732,17.3600,17.3700,17.3600,17.3600,15900,276028.0000,3
2025-08-13,20250813105500000,sz.002732,17.3600,17.3600,17.3400,17.3500,27600,478876.0000,3
2025-08-13,20250813110000000,sz.002732,17.3400,17.3900,17.3400,17.3700,36000,625644.0000,3
2025-08-13,20250813110500000,sz.002732,17.3800,17.3800,17.3600,17.3700,10500,182418.0000,3
2025-08-13,20250813111000000,sz.002732,17.3700,17.3900,17.3600,17.3800,41700,724858.0000,3
2025-08-13,20250813111500000,sz.002732,17.3800,17.4000,17.3800,17.3900,30200,525044.0000,3
2025-08-13,20250813112000000,sz.002732,17.3800,17.4000,17.3800,17.3900,25600,445172.0000,3
2025-08-13,20250813112500000,sz.002732,17.3800,17.3900,17.3700,17.3800,12900,224202.0000,3
2025-08-13,20250813113000000,sz.002732,17.3800,17.4000,17.3700,17.3900,31600,549182.0000,3
2025-08-13,20250813130500000,sz.002732,17.4000,17.4000,17.3900,17.4000,28800,500986.0000,3
2025-08-13,20250813131000000,sz.002732,17.4000,17.4100,17.3900,17.3900,53200,925286.0000,3
2025-08-13,20250813131500000,sz.002732,17.3900,17.3900,17.3800,17.3900,31200,542548.0000,3
2025-08-13,20250813132000000,sz.002732,17.3800,17.4000,17.3600,17.3600,84200,1463112.0000,3
2025-08-13,20250813132500000,sz.002732,17.3600,17.3700,17.3600,17.3600,19100,331720.0000,3
2025-08-13,20250813133000000,sz.002732,17.3600,17.3700,17.3600,17.3600,49700,862816.0000,3
2025-08-13,20250813133500000,sz.002732,17.3600,17.3900,17.3600,17.3900,39500,686244.0000,3
2025-08-13,20250813134000000,sz.002732,17.3800,17.3900,17.3700,17.3800,16200,281556.0000,3
2025-08-13,20250813134500000,sz.002732,17.3700,17.3900,17.3700,17.3800,18100,314554.0000,3
2025-08-13,20250813135000000,sz.002732,17.3800,17.3800,17.3700,17.3700,26900,467330.0000,3
2025-08-13,20250813135500000,sz.002732,17.3800,17.3800,17.3700,17.3800,8500,147688.0000,3
2025-08-13,20250813140000000,sz.002732,17.3700,17.3800,17.3600,17.3800,43400,753896.0000,3
2025-08-13,20250813140500000,sz.002732,17.3800,17.4000,17.3800,17.3800,35700,620824.0000,3
2025-08-13,20250813141000000,sz.002732,17.3800,17.3900,17.3800,17.3800,50200,872484.0000,3
2025-08-13,20250813141500000,sz.002732,17.3800,17.3900,17.3800,17.3800,26800,465828.0000,3
2025-08-13,20250813142000000,sz.002732,17.3800,17.3900,17.3700,17.3700,35200,611672.0000,3
2025-08-13,20250813142500000,sz.002732,17.3700,17.3700,17.3600,17.3700,114900,1995156.0000,3
2025-08-13,20250813143000000,sz.002732,17.3700,17.3700,17.3400,17.3500,107900,1872328.0000,3
2025-08-13,20250813143500000,sz.002732,17.3500,17.3600,17.3400,17.3400,68300,1184908.0000,3
2025-08-13,20250813144000000,sz.002732,17.3400,17.3500,17.3300,17.3400,66900,1160044.0000,3
2025-08-13,20250813144500000,sz.002732,17.3400,17.3500,17.3400,17.3400,96900,1680300.0000,3
2025-08-13,20250813145000000,sz.002732,17.3400,17.3700,17.3400,17.3500,98000,1700920.0000,3
2025-08-13,20250813145500000,sz.002732,17.3500,17.3700,17.3500,17.3600,119900,2081036.0000,3
2025-08-13,20250813150000000,sz.002732,17.3600,17.3700,17.3600,17.3700,88500,1537104.0000,3
2025-08-14,20250814093500000,sz.002732,17.4200,17.4200,17.3600,17.3800,116400,2023208.0000,3
2025-08-14,20250814094000000,sz.002732,17.3200,17.3900,17.3200,17.3500,106700,1851715.0000,3
2025-08-14,20250814094500000,sz.002732,17.3600,17.4000,17.3500,17.4000,56600,984007.0000,3
2025-08-14,20250814095000000,sz.002732,17.4000,17.4200,17.3800,17.4200,92600,1610810.0000,3
2025-08-14,20250814095500000,sz.002732,17.4100,17.4100,17.3600,17.3800,86100,1498079.0000,3
2025-08-14,20250814100000000,sz.002732,17.3700,17.3700,17.3400,17.3500,67500,1171374.0000,3
2025-08-14,20250814100500000,sz.002732,17.3500,17.3600,17.3300,17.3400,81900,1420253.0000,3
2025-08-14,20250814101000000,sz.002732,17.3400,17.3500,17.3300,17.3500,69800,1210343.0000,3
2025-08-14,20250814101500000,sz.002732,17.3500,17.3500,17.3200,17.3400,78600,1362305.0000,3
2025-08-14,20250814102000000,sz.002732,17.3400,17.3700,17.3400,17.3600,34600,600455.0000,3
2025-08-14,20250814102500000,sz.002732,17.3600,17.3600,17.3400,17.3400,25400,440657.0000,3
2025-08-14,20250814103000000,sz.002732,17.3400,17.3500,17.3200,17.3200,40500,701853.0000,3
2025-08-14,20250814103500000,sz.002732,17.3200,17.3300,17.3000,17.3200,81600,1413114.0000,3
2025-08-14,20250814104000000,sz.002732,17.3100,17.3100,17.2500,17.2600,156300,2701269.0000,3
2025-08-14,20250814104500000,sz.002732,17.2600,17.2700,17.2300,17.2500,107100,1847522.0000,3
2025-08-14,20250814105000000,sz.002732,17.2500,17.2600,17.2100,17.2200,84000,1447276.0000,3
2025-08-14,20250814105500000,sz.002732,17.2100,17.2500,17.2100,17.2400,31800,547836.0000,3
2025-08-14,20250814110000000,sz.002732,17.2400,17.2400,17.2300,17.2400,26800,461952.0000,3
2025-08-14,20250814110500000,sz.002732,17.2500,17.2900,17.2400,17.2800,60300,1040374.0000,3
2025-08-14,20250814111000000,sz.002732,17.2700,17.2800,17.2500,17.2600,24400,421244.0000,3
2025-08-14,20250814111500000,sz.002732,17.2600,17.2700,17.2500,17.2700,41100,709526.0000,3
2025-08-14,20250814112000000,sz.002732,17.2700,17.2700,17.2500,17.2500,21400,369210.0000,3
2025-08-14,20250814112500000,sz.002732,17.3000,17.3200,17.2400,17.2600,76100,1315066.0000,3
2025-08-14,20250814113000000,sz.002732,17.2800,17.4000,17.2600,17.3500,152200,2639172.0000,3
2025-08-14,20250814130500000,sz.002732,17.3500,17.3500,17.2900,17.2900,69000,1194634.0000,3
2025-08-14,20250814131000000,sz.002732,17.3000,17.3100,17.2500,17.2500,122300,2112298.0000,3
2025-08-14,20250814131500000,sz.002732,17.2700,17.2700,17.2400,17.2500,36200,624472.0000,3
2025-08-14,20250814132000000,sz.002732,17.2500,17.2500,17.2000,17.2000,109200,1880372.0000,3
2025-08-14,20250814132500000,sz.002732,17.2100,17.2100,17.1300,17.1400,106500,1829340.0000,3
2025-08-14,20250814133000000,sz.002732,17.1300,17.1600,17.1000,17.1600,139700,2392372.0000,3
2025-08-14,20250814133500000,sz.002732,17.1600,17.1900,17.1500,17.1700,39500,678492.0000,3
2025-08-14,20250814134000000,sz.002732,17.1700,17.2100,17.1700,17.1900,18200,312872.0000,3
2025-08-14,20250814134500000,sz.002732,17.1900,17.2000,17.1700,17.1800,44300,761120.0000,3
2025-08-14,20250814135000000,sz.002732,17.1800,17.1900,17.1700,17.1800,20500,352220.0000,3
2025-08-14,20250814135500000,sz.002732,17.1800,17.1800,17.1500,17.1500,25600,439452.0000,3
2025-08-14,20250814140000000,sz.002732,17.1500,17.1600,17.1400,17.1500,23400,401288.0000,3
2025-08-14,20250814140500000,sz.002732,17.1400,17.2100,17.1400,17.2000,40200,690964.0000,3
2025-08-14,20250814141000000,sz.002732,17.2000,17.2200,17.1900,17.1900,24100,414740.0000,3
2025-08-14,20250814141500000,sz.002732,17.1900,17.2000,17.1600,17.1700,18700,321260.0000,3
2025-08-14,20250814142000000,sz.002732,17.1700,17.1800,17.1600,17.1800,24100,413772.0000,3
2025-08-14,20250814142500000,sz.002732,17.1700,17.1800,17.1600,17.1600,23400,401680.0000,3
2025-08-14,20250814143000000,sz.002732,17.1700,17.1700,17.1600,17.1700,23500,403296.0000,3
2025-08-14,20250814143500000,sz.002732,17.1700,17.1800,17.1500,17.1500,52500,901384.0000,3
2025-08-14,20250814144000000,sz.002732,17.1600,17.1600,17.1200,17.1300,51200,877556.0000,3
2025-08-14,20250814144500000,sz.002732,17.1400,17.1500,17.1200,17.1200,64600,1106728.0000,3
2025-08-14,20250814145000000,sz.002732,17.1300,17.1300,17.1000,17.1000,94200,1611896.0000,3
2025-08-14,20250814145500000,sz.002732,17.1200,17.1200,17.1000,17.1000,111600,1909212.0000,3
2025-08-14,20250814150000000,sz.002732,17.1000,17.1100,17.0900,17.1000,117200,2004276.0000,3
2025-08-15,20250815093500000,sz.002732,17.0700,17.1300,17.0100,17.1100,182200,3109874.0000,3
2025-08-15,20250815094000000,sz.002732,17.1100,17.1500,17.1000,17.1200,62600,1071970.0000,3
2025-08-15,20250815094500000,sz.002732,17.1400,17.1500,17.1100,17.1300,80300,1375285.0000,3
2025-08-15,20250815095000000,sz.002732,17.1400,17.1800,17.1300,17.1800,55700,955480.0000,3
2025-08-15,20250815095500000,sz.002732,17.1800,17.1900,17.1500,17.1800,77300,1327318.0000,3
2025-08-15,20250815100000000,sz.002732,17.1700,17.1700,17.1500,17.1500,71000,1218121.0000,3
2025-08-15,20250815100500000,sz.002732,17.1400,17.1500,17.1200,17.1300,50200,860338.0000,3
2025-08-15,20250815101000000,sz.002732,17.1300,17.1600,17.1300,17.1500,49500,848362.0000,3
2025-08-15,20250815101500000,sz.002732,17.1500,17.1600,17.1400,17.1600,38900,666978.0000,3
2025-08-15,20250815102000000,sz.002732,17.1500,17.1600,17.1200,17.1200,50800,870494.0000,3
2025-08-15,20250815102500000,sz.002732,17.1200,17.1300,17.1100,17.1300,27300,467380.0000,3
2025-08-15,20250815103000000,sz.002732,17.1200,17.1300,17.1000,17.1000,70200,1200962.0000,3
2025-08-15,20250815103500000,sz.002732,17.1000,17.1200,17.1000,17.1100,38100,651762.0000,3
2025-08-15,20250815104000000,sz.002732,17.1200,17.1200,17.1100,17.1200,47100,805971.0000,3
2025-08-15,20250815104500000,sz.002732,17.1300,17.1500,17.1300,17.1300,31300,536341.0000,3
2025-08-15,20250815105000000,sz.002732,17.1200,17.1200,17.1100,17.1200,20900,357774.0000,3
2025-08-15,20250815105500000,sz.002732,17.1200,17.1200,17.1100,17.1100,29400,503202.0000,3
2025-08-15,20250815110000000,sz.002732,17.1100,17.1300,17.1100,17.1100,22800,390360.0000,3
2025-08-15,20250815110500000,sz.002732,17.1100,17.1200,17.1100,17.1200,22600,386700.0000,3
2025-08-15,20250815111000000,sz.002732,17.1200,17.1200,17.1100,17.1200,16100,275574.0000,3
2025-08-15,20250815111500000,sz.002732,17.1200,17.1200,17.1100,17.1200,27700,474102.0000,3
2025-08-15,20250815112000000,sz.002732,17.1100,17.1200,17.0900,17.1100,21000,359128.0000,3
2025-08-15,20250815112500000,sz.002732,17.1000,17.1300,17.1000,17.1300,38500,658724.0000,3
2025-08-15,20250815113000000,sz.002732,17.1300,17.1500,17.1300,17.1500,13900,238144.0000,3
2025-08-15,20250815130500000,sz.002732,17.1600,17.1700,17.1400,17.1500,51400,882008.0000,3
2025-08-15,20250815131000000,sz.002732,17.1600,17.1800,17.1500,17.1500,41600,713656.0000,3
2025-08-15,20250815131500000,sz.002732,17.1500,17.1700,17.1400,17.1600,26900,461492.0000,3
2025-08-15,20250815132000000,sz.002732,17.1600,17.1600,17.1300,17.1500,84400,1447090.0000,3
2025-08-15,20250815132500000,sz.002732,17.1400,17.2200,17.1400,17.2000,298900,5137894.0000,3
2025-08-15,20250815133000000,sz.002732,17.1700,17.1900,17.1600,17.1700,41100,705604.0000,3
2025-08-15,20250815133500000,sz.002732,17.1700,17.1900,17.1600,17.1900,27700,475694.0000,3
2025-08-15,20250815134000000,sz.002732,17.1700,17.1900,17.1700,17.1900,52600,903530.0000,3
2025-08-15,20250815134500000,sz.002732,17.1800,17.1900,17.1800,17.1900,32700,562028.0000,3
2025-08-15,20250815135000000,sz.002732,17.1900,17.2000,17.1800,17.1900,17600,302538.0000,3
2025-08-15,20250815135500000,sz.002732,17.1800,17.1900,17.1600,17.1600,22900,393382.0000,3
2025-08-15,20250815140000000,sz.002732,17.1600,17.1700,17.1600,17.1600,15100,259124.0000,3
2025-08-15,20250815140500000,sz.002732,17.1700,17.1700,17.1500,17.1600,44100,756856.0000,3
2025-08-15,20250815141000000,sz.002732,17.1500,17.1600,17.1500,17.1600,21600,371320.0000,3
2025-08-15,20250815141500000,sz.002732,17.1600,17.1700,17.1500,17.1700,16500,283164.0000,3
2025-08-15,20250815142000000,sz.002732,17.1700,17.1800,17.1600,17.1800,25000,429316.0000,3
2025-08-15,20250815142500000,sz.002732,17.1700,17.1800,17.1700,17.1800,20500,352120.0000,3
2025-08-15,20250815143000000,sz.002732,17.1700,17.1800,17.1600,17.1600,61200,1050792.0000,3
2025-08-15,20250815143500000,sz.002732,17.1600,17.1700,17.1600,17.1600,45800,786120.0000,3
2025-08-15,20250815144000000,sz.002732,17.1700,17.1700,17.1500,17.1700,59800,1026100.0000,3
2025-08-15,20250815144500000,sz.002732,17.1700,17.1900,17.1600,17.1900,29900,513472.0000,3
2025-08-15,20250815145000000,sz.002732,17.1900,17.1900,17.1400,17.1500,111600,1916004.0000,3
2025-08-15,20250815145500000,sz.002732,17.1400,17.1600,17.1400,17.1600,88400,1515892.0000,3
2025-08-15,20250815150000000,sz.002732,17.1600,17.1700,17.1500,17.1700,84400,1448592.0000,3
2025-08-18,20250818093500000,sz.002732,17.2000,17.2900,17.2000,17.2800,202600,3492297.0000,3
2025-08-18,20250818094000000,sz.002732,17.2800,17.3400,17.2600,17.3400,176300,3049727.0000,3
2025-08-18,20250818094500000,sz.002732,17.3400,17.3600,17.3000,17.3000,114800,1989720.0000,3
2025-08-18,20250818095000000,sz.002732,17.3000,17.3200,17.2900,17.3200,65100,1126646.0000,3
2025-08-18,20250818095500000,sz.002732,17.3200,17.3200,17.3000,17.3100,73200,1267230.0000,3
2025-08-18,20250818100000000,sz.002732,17.3000,17.3000,17.2800,17.3000,75700,1308837.0000,3
2025-08-18,20250818100500000,sz.002732,17.3000,17.3000,17.2600,17.2700,62300,1076243.0000,3
2025-08-18,20250818101000000,sz.002732,17.2900,17.2900,17.2600,17.2700,44900,775437.0000,3
2025-08-18,20250818101500000,sz.002732,17.2700,17.2700,17.2600,17.2700,41900,723498.0000,3
2025-08-18,20250818102000000,sz.002732,17.2800,17.2800,17.2600,17.2700,44000,760005.0000,3
2025-08-18,20250818102500000,sz.002732,17.2700,17.2800,17.2400,17.2400,67800,1170254.0000,3
2025-08-18,20250818103000000,sz.002732,17.2500,17.2600,17.2400,17.2600,48000,827962.0000,3
2025-08-18,20250818103500000,sz.002732,17.2600,17.2800,17.2600,17.2800,38600,666652.0000,3
2025-08-18,20250818104000000,sz.002732,17.2900,17.2900,17.2700,17.2800,28500,492592.0000,3
2025-08-18,20250818104500000,sz.002732,17.2700,17.2700,17.2600,17.2700,43800,756164.0000,3
2025-08-18,20250818105000000,sz.002732,17.2700,17.2900,17.2700,17.2800,35100,606446.0000,3
2025-08-18,20250818105500000,sz.002732,17.2700,17.2800,17.2600,17.2600,35100,605972.0000,3
2025-08-18,20250818110000000,sz.002732,17.2600,17.2800,17.2500,17.2600,76500,1320202.0000,3
2025-08-18,20250818110500000,sz.002732,17.2600,17.3000,17.2600,17.2900,58600,1012796.0000,3
2025-08-18,20250818111000000,sz.002732,17.2800,17.2900,17.2800,17.2800,6200,107168.0000,3
2025-08-18,20250818111500000,sz.002732,17.2800,17.2900,17.2700,17.2800,14600,252312.0000,3
2025-08-18,20250818112000000,sz.002732,17.2700,17.2900,17.2700,17.2900,10400,179740.0000,3
2025-08-18,20250818112500000,sz.002732,17.2900,17.2900,17.2800,17.2800,5300,91616.0000,3
2025-08-18,20250818113000000,sz.002732,17.2900,17.3000,17.2900,17.3000,20000,345860.0000,3
2025-08-18,20250818130500000,sz.002732,17.3000,17.3300,17.2900,17.3300,110700,1916348.0000,3
2025-08-18,20250818131000000,sz.002732,17.3200,17.3600,17.3200,17.3600,89500,1552456.0000,3
2025-08-18,20250818131500000,sz.002732,17.3700,17.3900,17.3500,17.3700,81000,1407382.0000,3
2025-08-18,20250818132000000,sz.002732,17.3700,17.3700,17.3300,17.3300,32500,563806.0000,3
2025-08-18,20250818132500000,sz.002732,17.3300,17.3500,17.3200,17.3300,19700,341452.0000,3
2025-08-18,20250818133000000,sz.002732,17.3400,17.3400,17.3200,17.3300,11200,194040.0000,3
2025-08-18,20250818133500000,sz.002732,17.3300,17.3300,17.3000,17.3200,44100,763554.0000,3
2025-08-18,20250818134000000,sz.002732,17.3200,17.3400,17.3100,17.3400,27800,481650.0000,3
2025-08-18,20250818134500000,sz.002732,17.3300,17.3400,17.3100,17.3100,17200,297938.0000,3
2025-08-18,20250818135000000,sz.002732,17.3200,17.3200,17.3000,17.3100,17700,306354.0000,3
2025-08-18,20250818135500000,sz.002732,17.3000,17.3100,17.2900,17.3100,24800,429120.0000,3
2025-08-18,20250818140000000,sz.002732,17.3000,17.3000,17.2600,17.2700,48700,841456.0000,3
2025-08-18,20250818140500000,sz.002732,17.2700,17.2800,17.2700,17.2800,20600,355884.0000,3
2025-08-18,20250818141000000,sz.002732,17.2800,17.2800,17.2700,17.2700,24100,416332.0000,3
2025-08-18,20250818141500000,sz.002732,17.2700,17.2800,17.2500,17.2500,48100,830368.0000,3
2025-08-18,20250818142000000,sz.002732,17.2500,17.2500,17.2300,17.2400,27500,474100.0000,3
2025-08-18,20250818142500000,sz.002732,17.2400,17.2400,17.2300,17.2400,51900,894592.0000,3
2025-08-18,20250818143000000,sz.002732,17.2500,17.2500,17.2300,17.2300,36500,629192.0000,3
2025-08-18,20250818143500000,sz.002732,17.2400,17.2500,17.2400,17.2500,28000,482928.0000,3
2025-08-18,20250818144000000,sz.002732,17.2400,17.2700,17.2400,17.2500,44000,759024.0000,3
2025-08-18,20250818144500000,sz.002732,17.2400,17.2600,17.2400,17.2500,25500,439840.0000,3
2025-08-18,20250818145000000,sz.002732,17.2600,17.2600,17.2400,17.2500,35300,609016.0000,3
2025-08-18,20250818145500000,sz.002732,17.2400,17.2700,17.2300,17.2600,84400,1455896.0000,3
2025-08-18,20250818150000000,sz.002732,17.2500,17.2600,17.2400,17.2500,106100,1830304.0000,3
2025-08-19,20250819093500000,sz.002732,17.2800,17.3200,17.2200,17.2900,165600,2859225.0000,3
2025-08-19,20250819094000000,sz.002732,17.2600,17.3300,17.2600,17.3200,110700,1915468.0000,3
2025-08-19,20250819094500000,sz.002732,17.3200,17.3500,17.3100,17.3200,168300,2917056.0000,3
2025-08-19,20250819095000000,sz.002732,17.3200,17.3400,17.3000,17.3000,95400,1651929.0000,3
2025-08-19,20250819095500000,sz.002732,17.3000,17.3300,17.3000,17.3200,48500,839819.0000,3
2025-08-19,20250819100000000,sz.002732,17.3300,17.3600,17.3300,17.3500,125800,2182735.0000,3
2025-08-19,20250819100500000,sz.002732,17.3500,17.3900,17.3000,17.3400,197300,3424021.0000,3
2025-08-19,20250819101000000,sz.002732,17.3300,17.3400,17.2800,17.3100,134100,2319415.0000,3
2025-08-19,20250819101500000,sz.002732,17.3400,17.3600,17.3100,17.3300,66200,1147630.0000,3
2025-08-19,20250819102000000,sz.002732,17.3300,17.3800,17.3300,17.3800,102100,1773066.0000,3
2025-08-19,20250819102500000,sz.002732,17.3900,17.4000,17.3500,17.3600,88600,1540086.0000,3
2025-08-19,20250819103000000,sz.002732,17.3600,17.3700,17.3500,17.3500,48000,833222.0000,3
2025-08-19,20250819103500000,sz.002732,17.3700,17.4100,17.3600,17.4100,97400,1693984.0000,3
2025-08-19,20250819104000000,sz.002732,17.4000,17.4000,17.3700,17.3900,92900,1615012.0000,3
2025-08-19,20250819104500000,sz.002732,17.3900,17.4100,17.3700,17.3700,45900,798392.0000,3
2025-08-19,20250819105000000,sz.002732,17.3900,17.4000,17.3700,17.3700,23300,404928.0000,3
2025-08-19,20250819105500000,sz.002732,17.3800,17.3800,17.3200,17.3400,129100,2238658.0000,3
2025-08-19,20250819110000000,sz.002732,17.3300,17.3800,17.3300,17.3800,30500,529058.0000,3
2025-08-19,20250819110500000,sz.002732,17.3800,17.3800,17.3600,17.3700,6400,111168.0000,3
2025-08-19,20250819111000000,sz.002732,17.3600,17.3700,17.3600,17.3700,8800,152800.0000,3
2025-08-19,20250819111500000,sz.002732,17.3600,17.3800,17.3600,17.3800,32000,556072.0000,3
2025-08-19,20250819112000000,sz.002732,17.3700,17.3700,17.3600,17.3600,6300,109396.0000,3
2025-08-19,20250819112500000,sz.002732,17.3600,17.3800,17.3500,17.3800,15100,262190.0000,3
2025-08-19,20250819113000000,sz.002732,17.3700,17.3900,17.3700,17.3900,16500,286762.0000,3
2025-08-19,20250819130500000,sz.002732,17.3900,17.3900,17.3700,17.3800,70400,1224120.0000,3
2025-08-19,20250819131000000,sz.002732,17.3800,17.3900,17.3700,17.3700,33200,577152.0000,3
2025-08-19,20250819131500000,sz.002732,17.3800,17.3800,17.3700,17.3700,27500,477724.0000,3
2025-08-19,20250819132000000,sz.002732,17.3800,17.3900,17.3600,17.3900,58200,1011284.0000,3
2025-08-19,20250819132500000,sz.002732,17.3900,17.4100,17.3800,17.4000,90000,1566012.0000,3
2025-08-19,20250819133000000,sz.002732,17.3900,17.3900,17.3800,17.3900,17800,309504.0000,3
2025-08-19,20250819133500000,sz.002732,17.3800,17.3900,17.3700,17.3700,33000,573564.0000,3
2025-08-19,20250819134000000,sz.002732,17.3700,17.3800,17.3500,17.3800,36600,635444.0000,3
2025-08-19,20250819134500000,sz.002732,17.3700,17.3800,17.3600,17.3600,16400,284872.0000,3
2025-08-19,20250819135000000,sz.002732,17.3600,17.3600,17.3500,17.3600,35800,621416.0000,3
2025-08-19,20250819135500000,sz.002732,17.3500,17.3500,17.3200,17.3200,51900,899700.0000,3
2025-08-19,20250819140000000,sz.002732,17.3300,17.3400,17.3200,17.3300,31900,552788.0000,3
2025-08-19,20250819140500000,sz.002732,17.3300,17.3600,17.3200,17.3600,80000,1386504.0000,3
2025-08-19,20250819141000000,sz.002732,17.3600,17.3800,17.3600,17.3800,45900,797176.0000,3
2025-08-19,20250819141500000,sz.002732,17.3800,17.3900,17.3700,17.3900,77900,1353068.0000,3
2025-08-19,20250819142000000,sz.002732,17.4000,17.4000,17.3700,17.3700,65400,1137000.0000,3
2025-08-19,20250819142500000,sz.002732,17.3700,17.3900,17.3700,17.3800,71400,1241008.0000,3
2025-08-19,20250819143000000,sz.002732,17.3700,17.3800,17.3600,17.3800,37600,653032.0000,3
2025-08-19,20250819143500000,sz.002732,17.3700,17.3900,17.3700,17.3900,73600,1279620.0000,3
2025-08-19,20250819144000000,sz.002732,17.3800,17.4100,17.3800,17.4100,112100,1950452.0000,3
2025-08-19,20250819144500000,sz.002732,17.4100,17.4100,17.4000,17.4100,99300,1727868.0000,3
2025-08-19,20250819145000000,sz.002732,17.4000,17.4300,17.4000,17.4100,198400,3454328.0000,3
2025-08-19,20250819145500000,sz.002732,17.4100,17.5500,17.4100,17.5300,589300,10307868.0000,3
2025-08-19,20250819150000000,sz.002732,17.5200,17.5200,17.4700,17.5200,278900,4879964.0000,3
2025-08-20,20250820093500000,sz.002732,17.4200,17.4500,17.3800,17.4500,214200,3731485.0000,3
2025-08-20,20250820094000000,sz.002732,17.4500,17.4900,17.4300,17.4700,148900,2600782.0000,3
2025-08-20,20250820094500000,sz.002732,17.4700,17.5600,17.4400,17.5500,196100,3429026.0000,3
2025-08-20,20250820095000000,sz.002732,17.5700,17.5700,17.5100,17.5100,122000,2138632.0000,3
2025-08-20,20250820095500000,sz.002732,17.5000,17.5400,17.4800,17.4800,148200,2596832.0000,3
2025-08-20,20250820100000000,sz.002732,17.4800,17.4800,17.4400,17.4500,83600,1458622.0000,3
2025-08-20,20250820100500000,sz.002732,17.4500,17.4600,17.3900,17.4400,145300,2530745.0000,3
2025-08-20,20250820101000000,sz.002732,17.4300,17.5100,17.4300,17.5100,63400,1107152.0000,3
2025-08-20,20250820101500000,sz.002732,17.5000,17.5200,17.4800,17.5000,30100,526564.0000,3
2025-08-20,20250820102000000,sz.002732,17.5000,17.5100,17.4700,17.5100,84300,1474628.0000,3
2025-08-20,20250820102500000,sz.002732,17.4900,17.4900,17.4500,17.4600,24500,427876.0000,3
2025-08-20,20250820103000000,sz.002732,17.4600,17.4700,17.4500,17.4600,21500,375296.0000,3
2025-08-20,20250820103500000,sz.002732,17.4600,17.5100,17.4600,17.5100,49400,864224.0000,3
2025-08-20,20250820104000000,sz.002732,17.5100,17.5100,17.4600,17.4600,18100,316484.0000,3
2025-08-20,20250820104500000,sz.002732,17.4600,17.4700,17.4600,17.4700,10500,183356.0000,3
2025-08-20,20250820105000000,sz.002732,17.4800,17.4800,17.4700,17.4700,17500,305768.0000,3
2025-08-20,20250820105500000,sz.002732,17.4700,17.5100,17.4700,17.5000,31200,545792.0000,3
2025-08-20,20250820110000000,sz.002732,17.4700,17.5000,17.4700,17.4800,18600,325240.0000,3
2025-08-20,20250820110500000,sz.002732,17.4700,17.5100,17.4700,17.5100,69400,1214016.0000,3
2025-08-20,20250820111000000,sz.002732,17.5100,17.5400,17.5000,17.5300,48000,840736.0000,3
2025-08-20,20250820111500000,sz.002732,17.5400,17.6100,17.5200,17.6000,175000,3073576.0000,3
2025-08-20,20250820112000000,sz.002732,17.5800,17.6000,17.5400,17.6000,146500,2574560.0000,3
2025-08-20,20250820112500000,sz.002732,17.5900,17.6100,17.5700,17.5800,118600,2086392.0000,3
2025-08-20,20250820113000000,sz.002732,17.5800,17.6300,17.5400,17.6200,224500,3950620.0000,3
2025-08-20,20250820130500000,sz.002732,17.6300,17.6700,17.6000,17.6500,277200,4888604.0000,3
2025-08-20,20250820131000000,sz.002732,17.6500,17.6500,17.6200,17.6200,78000,1375308.0000,3
2025-08-20,20250820131500000,sz.002732,17.6200,17.6400,17.6100,17.6200,76000,1339836.0000,3
2025-08-20,20250820132000000,sz.002732,17.6300,17.6400,17.5900,17.6400,87500,1541592.0000,3
2025-08-20,20250820132500000,sz.002732,17.6400,17.6500,17.6300,17.6300,85500,1508832.0000,3
2025-08-20,20250820133000000,sz.002732,17.6400,17.7900,17.6300,17.7100,523000,9273684.0000,3
2025-08-20,20250820133500000,sz.002732,17.7100,17.7200,17.6600,17.7100,110600,1958136.0000,3
2025-08-20,20250820134000000,sz.002732,17.7100,17.7200,17.6900,17.6900,74300,1314996.0000,3
2025-08-20,20250820134500000,sz.002732,17.6900,17.7000,17.6500,17.6500,54900,970232.0000,3
2025-08-20,20250820135000000,sz.002732,17.6600,17.6800,17.6500,17.6700,67700,1196056.0000,3
2025-08-20,20250820135500000,sz.002732,17.6600,17.6700,17.6200,17.6200,83100,1466680.0000,3
2025-08-20,20250820140000000,sz.002732,17.6400,17.6700,17.6300,17.6400,65000,1147116.0000,3
2025-08-20,20250820140500000,sz.002732,17.6600,17.6600,17.6500,17.6600,55300,976204.0000,3
2025-08-20,20250820141000000,sz.002732,17.6600,17.6900,17.6500,17.6800,99800,1763904.0000,3
2025-08-20,20250820141500000,sz.002732,17.6800,17.7000,17.6800,17.7000,134900,2386960.0000,3
2025-08-20,20250820142000000,sz.002732,17.6900,17.7700,17.6900,17.7000,146600,2600416.0000,3
2025-08-20,20250820142500000,sz.002732,17.7000,17.7100,17.6800,17.6800,60500,1070560.0000,3
2025-08-20,20250820143000000,sz.002732,17.6900,17.6900,17.6700,17.6800,37500,663016.0000,3
2025-08-20,20250820143500000,sz.002732,17.6800,17.6900,17.6800,17.6900,66800,1181424.0000,3
2025-08-20,20250820144000000,sz.002732,17.7000,17.7000,17.6700,17.6700,84600,1495944.0000,3
2025-08-20,20250820144500000,sz.002732,17.6800,17.6800,17.6600,17.6600,49500,874680.0000,3
2025-08-20,20250820145000000,sz.002732,17.6700,17.6800,17.6600,17.6600,67800,1197944.0000,3
2025-08-20,20250820145500000,sz.002732,17.6700,17.6800,17.6600,17.6700,95900,1695008.0000,3
2025-08-20,20250820150000000,sz.002732,17.6700,17.6700,17.6300,17.6300,172200,3038320.0000,3
2025-08-21,20250821093500000,sz.002732,17.6300,17.6300,17.5000,17.5600,321700,5646484.0000,3
2025-08-21,20250821094000000,sz.002732,17.5700,17.5700,17.5100,17.5200,141100,2473744.0000,3
2025-08-21,20250821094500000,sz.002732,17.5200,17.5400,17.5000,17.5200,208500,3651773.0000,3
2025-08-21,20250821095000000,sz.002732,17.5300,17.6300,17.5200,17.5600,98700,1733916.0000,3
2025-08-21,20250821095500000,sz.002732,17.5600,17.5800,17.5300,17.5400,47700,836989.0000,3
2025-08-21,20250821100000000,sz.002732,17.5300,17.6200,17.5300,17.5900,72800,1279250.0000,3
2025-08-21,20250821100500000,sz.002732,17.5900,17.6300,17.5700,17.5800,89200,1570128.0000,3
2025-08-21,20250821101000000,sz.002732,17.5900,17.6300,17.5900,17.6200,58900,1037442.0000,3
2025-08-21,20250821101500000,sz.002732,17.6100,17.6200,17.6000,17.6200,112200,1975606.0000,3
2025-08-21,20250821102000000,sz.002732,17.6200,17.6400,17.6100,17.6300,86700,1527612.0000,3
2025-08-21,20250821102500000,sz.002732,17.6400,17.6600,17.6300,17.6300,91400,1612568.0000,3
2025-08-21,20250821103000000,sz.002732,17.6300,17.6400,17.5800,17.5800,59900,1055082.0000,3
2025-08-21,20250821103500000,sz.002732,17.5900,17.6300,17.5900,17.6000,58300,1026194.0000,3
2025-08-21,20250821104000000,sz.002732,17.5900,17.6000,17.5700,17.6000,58400,1026622.0000,3
2025-08-21,20250821104500000,sz.002732,17.6100,17.6100,17.5900,17.6000,26400,464690.0000,3
2025-08-21,20250821105000000,sz.002732,17.5900,17.6100,17.5800,17.5900,27200,478572.0000,3
2025-08-21,20250821105500000,sz.002732,17.5900,17.6100,17.5900,17.6100,10100,177758.0000,3
2025-08-21,20250821110000000,sz.002732,17.6000,17.6100,17.5900,17.6000,27500,483918.0000,3
2025-08-21,20250821110500000,sz.002732,17.6000,17.6000,17.5800,17.5900,23900,420420.0000,3
2025-08-21,20250821111000000,sz.002732,17.6000,17.6000,17.5700,17.5900,51800,910938.0000,3
2025-08-21,20250821111500000,sz.002732,17.5800,17.5900,17.5700,17.5800,20700,364350.0000,3
2025-08-21,20250821112000000,sz.002732,17.5800,17.5900,17.5800,17.5900,22000,386766.0000,3
2025-08-21,20250821112500000,sz.002732,17.5900,17.5900,17.5700,17.5800,60700,1066894.0000,3
2025-08-21,20250821113000000,sz.002732,17.5700,17.5800,17.5700,17.5800,11900,209128.0000,3
2025-08-21,20250821130500000,sz.002732,17.5800,17.5800,17.5600,17.5600,54800,962992.0000,3
2025-08-21,20250821131000000,sz.002732,17.5700,17.5700,17.5400,17.5500,28000,491420.0000,3
2025-08-21,20250821131500000,sz.002732,17.5500,17.5600,17.5500,17.5600,21900,384360.0000,3
2025-08-21,20250821132000000,sz.002732,17.5600,17.5800,17.5500,17.5800,58700,1031208.0000,3
2025-08-21,20250821132500000,sz.002732,17.5900,17.6000,17.5800,17.5800,10200,179392.0000,3
2025-08-21,20250821133000000,sz.002732,17.5900,17.5900,17.5700,17.5700,53300,937128.0000,3
2025-08-21,20250821133500000,sz.002732,17.5700,17.5800,17.5600,17.5700,10000,175684.0000,3
2025-08-21,20250821134000000,sz.002732,17.5500,17.5700,17.5500,17.5600,22800,400336.0000,3
2025-08-21,20250821134500000,sz.002732,17.5700,17.5700,17.5500,17.5700,17500,307308.0000,3
2025-08-21,20250821135000000,sz.002732,17.5700,17.5800,17.5600,17.5600,14500,254720.0000,3
2025-08-21,20250821135500000,sz.002732,17.5600,17.5800,17.5500,17.5600,97900,1719324.0000,3
2025-08-21,20250821140000000,sz.002732,17.5700,17.6000,17.5600,17.5600,54300,954908.0000,3
2025-08-21,20250821140500000,sz.002732,17.5600,17.5600,17.5400,17.5500,32800,575768.0000,3
2025-08-21,20250821141000000,sz.002732,17.5400,17.5600,17.5300,17.5300,41900,735024.0000,3
2025-08-21,20250821141500000,sz.002732,17.5300,17.5300,17.5200,17.5300,31000,543272.0000,3
2025-08-21,20250821142000000,sz.002732,17.5200,17.5400,17.5200,17.5400,34900,611784.0000,3
2025-08-21,20250821142500000,sz.002732,17.5400,17.5400,17.4800,17.4900,122500,2143928.0000,3
2025-08-21,20250821143000000,sz.002732,17.4900,17.4900,17.4600,17.4800,112000,1956360.0000,3
2025-08-21,20250821143500000,sz.002732,17.4900,17.5600,17.4800,17.4800,160600,2814624.0000,3
2025-08-21,20250821144000000,sz.002732,17.4800,17.5100,17.4700,17.4800,36800,643280.0000,3
2025-08-21,20250821144500000,sz.002732,17.4800,17.5100,17.4600,17.4800,50700,886512.0000,3
2025-08-21,20250821145000000,sz.002732,17.4800,17.5100,17.4800,17.5000,40500,708416.0000,3
2025-08-21,20250821145500000,sz.002732,17.5000,17.5500,17.5000,17.5400,90800,1592756.0000,3
2025-08-21,20250821150000000,sz.002732,17.5400,17.5600,17.5400,17.5400,46200,810588.0000,3
2025-08-22,20250822093500000,sz.002732,17.4500,17.6600,17.4500,17.4900,183400,3212017.0000,3
2025-08-22,20250822094000000,sz.002732,17.4800,17.5400,17.4600,17.4600,92200,1612790.0000,3
2025-08-22,20250822094500000,sz.002732,17.4600,17.4700,17.4100,17.4500,143300,2498694.0000,3
2025-08-22,20250822095000000,sz.002732,17.4500,17.4600,17.3900,17.4000,193400,3368345.0000,3
2025-08-22,20250822095500000,sz.002732,17.4000,17.4200,17.3600,17.3600,160100,2784251.0000,3
2025-08-22,20250822100000000,sz.002732,17.3600,17.3700,17.3300,17.3500,140700,2441160.0000,3
2025-08-22,20250822100500000,sz.002732,17.3500,17.3600,17.3300,17.3300,146800,2545499.0000,3
2025-08-22,20250822101000000,sz.002732,17.3300,17.3300,17.3000,17.3000,123300,2134828.0000,3
2025-08-22,20250822101500000,sz.002732,17.3000,17.3100,17.2800,17.3000,81400,1407960.0000,3
2025-08-22,20250822102000000,sz.002732,17.3000,17.3000,17.2500,17.2700,118500,2047028.0000,3
2025-08-22,20250822102500000,sz.002732,17.2700,17.2800,17.2400,17.2500,133100,2297388.0000,3
2025-08-22,20250822103000000,sz.002732,17.2600,17.2900,17.2500,17.2900,49600,856208.0000,3
2025-08-22,20250822103500000,sz.002732,17.3000,17.3400,17.3000,17.3100,54400,942272.0000,3
2025-08-22,20250822104000000,sz.002732,17.3000,17.3300,17.3000,17.3200,48500,839268.0000,3
2025-08-22,20250822104500000,sz.002732,17.3200,17.3600,17.3100,17.3300,47600,824680.0000,3
2025-08-22,20250822105000000,sz.002732,17.3500,17.3900,17.3300,17.3500,47500,825192.0000,3
2025-08-22,20250822105500000,sz.002732,17.3500,17.4000,17.3300,17.3900,99400,1724880.0000,3
2025-08-22,20250822110000000,sz.002732,17.3800,17.4100,17.3800,17.3900,30900,537576.0000,3
2025-08-22,20250822110500000,sz.002732,17.4000,17.4000,17.3800,17.4000,18700,325200.0000,3
2025-08-22,20250822111000000,sz.002732,17.3900,17.4000,17.3800,17.4000,23600,410460.0000,3
2025-08-22,20250822111500000,sz.002732,17.4000,17.4000,17.3600,17.3900,31300,543852.0000,3
2025-08-22,20250822112000000,sz.002732,17.3700,17.3700,17.3500,17.3600,21400,371444.0000,3
2025-08-22,20250822112500000,sz.002732,17.3800,17.3800,17.3600,17.3800,9300,161528.0000,3
2025-08-22,20250822113000000,sz.002732,17.3700,17.3900,17.3600,17.3800,18000,312752.0000,3
2025-08-22,20250822130500000,sz.002732,17.3900,17.4400,17.3800,17.3900,57600,1002856.0000,3
2025-08-22,20250822131000000,sz.002732,17.3900,17.3900,17.3500,17.3500,30700,533048.0000,3
2025-08-22,20250822131500000,sz.002732,17.3600,17.3800,17.3500,17.3600,31600,548496.0000,3
2025-08-22,20250822132000000,sz.002732,17.3700,17.3700,17.3500,17.3600,26400,458240.0000,3
2025-08-22,20250822132500000,sz.002732,17.3700,17.3800,17.3400,17.3800,73200,1270360.0000,3
2025-08-22,20250822133000000,sz.002732,17.3800,17.4100,17.3600,17.3900,23700,412280.0000,3
2025-08-22,20250822133500000,sz.002732,17.3800,17.3900,17.3600,17.3800,13800,239864.0000,3
2025-08-22,20250822134000000,sz.002732,17.3900,17.4000,17.3800,17.3800,22900,398168.0000,3
2025-08-22,20250822134500000,sz.002732,17.3900,17.4100,17.3800,17.4100,33100,575856.0000,3
2025-08-22,20250822135000000,sz.002732,17.4100,17.4400,17.4000,17.4300,33600,585176.0000,3
2025-08-22,20250822135500000,sz.002732,17.4300,17.4400,17.4000,17.4100,98300,1712952.0000,3
2025-08-22,20250822140000000,sz.002732,17.4100,17.4100,17.4000,17.4000,14700,255832.0000,3
2025-08-22,20250822140500000,sz.002732,17.4000,17.4400,17.4000,17.4300,35900,625216.0000,3
2025-08-22,20250822141000000,sz.002732,17.4200,17.4300,17.4100,17.4200,13600,236932.0000,3
2025-08-22,20250822141500000,sz.002732,17.4200,17.4700,17.4200,17.4500,63300,1104176.0000,3
2025-08-22,20250822142000000,sz.002732,17.4500,17.5000,17.4500,17.4700,55300,966476.0000,3
2025-08-22,20250822142500000,sz.002732,17.4700,17.4900,17.4700,17.4800,50600,884208.0000,3
2025-08-22,20250822143000000,sz.002732,17.4800,17.4900,17.4800,17.4900,43700,764052.0000,3
2025-08-22,20250822143500000,sz.002732,17.4900,17.5000,17.4800,17.4800,40900,715284.0000,3
2025-08-22,20250822144000000,sz.002732,17.4800,17.4900,17.4500,17.4600,51900,906044.0000,3
2025-08-22,20250822144500000,sz.002732,17.4600,17.4600,17.4400,17.4600,27500,479896.0000,3
2025-08-22,20250822145000000,sz.002732,17.4500,17.4700,17.4500,17.4500,73900,1290248.0000,3
2025-08-22,20250822145500000,sz.002732,17.4600,17.4900,17.4500,17.4800,131300,2294100.0000,3
2025-08-22,20250822150000000,sz.002732,17.4800,17.5100,17.4800,17.5100,146300,2560248.0000,3
2025-08-25,20250825093500000,sz.002732,17.5400,17.5800,17.3800,17.4200,324300,5665224.0000,3
2025-08-25,20250825094000000,sz.002732,17.4200,17.4800,17.4100,17.4800,121200,2113481.0000,3
2025-08-25,20250825094500000,sz.002732,17.4600,17.4900,17.4400,17.4500,105200,1836977.0000,3
2025-08-25,20250825095000000,sz.002732,17.4500,17.5300,17.4400,17.5300,78500,1372094.0000,3
2025-08-25,20250825095500000,sz.002732,17.5300,17.5400,17.5100,17.5400,111100,1947514.0000,3
2025-08-25,20250825100000000,sz.002732,17.5300,17.5300,17.5100,17.5100,70300,1231480.0000,3
2025-08-25,20250825100500000,sz.002732,17.5100,17.5400,17.4900,17.4900,74600,1306395.0000,3
2025-08-25,20250825101000000,sz.002732,17.5000,17.5000,17.4700,17.5000,118000,2063023.0000,3
2025-08-25,20250825101500000,sz.002732,17.5000,17.5100,17.5000,17.5100,39100,684408.0000,3
2025-08-25,20250825102000000,sz.002732,17.5200,17.5300,17.5100,17.5200,40200,704202.0000,3
2025-08-25,20250825102500000,sz.002732,17.5200,17.5500,17.5200,17.5200,59700,1046874.0000,3
2025-08-25,20250825103000000,sz.002732,17.5200,17.5300,17.5000,17.5000,45400,795040.0000,3
2025-08-25,20250825103500000,sz.002732,17.5100,17.5100,17.4900,17.4900,95100,1663950.0000,3
2025-08-25,20250825104000000,sz.002732,17.5000,17.5000,17.4600,17.4700,138500,2419998.0000,3
2025-08-25,20250825104500000,sz.002732,17.4700,17.4800,17.4600,17.4700,64200,1121356.0000,3
2025-08-25,20250825105000000,sz.002732,17.4600,17.4800,17.4500,17.4700,62400,1089856.0000,3
2025-08-25,20250825105500000,sz.002732,17.4700,17.4700,17.4600,17.4700,51900,906650.0000,3
2025-08-25,20250825110000000,sz.002732,17.4700,17.4800,17.4600,17.4600,32800,573002.0000,3
2025-08-25,20250825110500000,sz.002732,17.4700,17.4800,17.4600,17.4800,66500,1161712.0000,3
2025-08-25,20250825111000000,sz.002732,17.4800,17.5100,17.4800,17.4900,50800,888788.0000,3
2025-08-25,20250825111500000,sz.002732,17.4900,17.5000,17.4900,17.5000,67400,1179122.0000,3
2025-08-25,20250825112000000,sz.002732,17.5100,17.5100,17.4900,17.4900,112200,1962622.0000,3
2025-08-25,20250825112500000,sz.002732,17.4900,17.5400,17.4700,17.5400,167900,2939460.0000,3
2025-08-25,20250825113000000,sz.002732,17.5300,17.5900,17.4900,17.5700,184300,3233020.0000,3
2025-08-25,20250825130500000,sz.002732,17.6200,17.6700,17.6000,17.6400,439000,7739156.0000,3
2025-08-25,20250825131000000,sz.002732,17.6500,17.6700,17.6200,17.6200,156700,2765144.0000,3
2025-08-25,20250825131500000,sz.002732,17.6200,17.6500,17.6200,17.6200,105900,1867552.0000,3
2025-08-25,20250825132000000,sz.002732,17.6200,17.6400,17.5900,17.6000,119000,2095868.0000,3
2025-08-25,20250825132500000,sz.002732,17.6100,17.6100,17.5800,17.5900,61100,1074960.0000,3
2025-08-25,20250825133000000,sz.002732,17.5900,17.5900,17.5500,17.5700,66600,1170736.0000,3
2025-08-25,20250825133500000,sz.002732,17.5700,17.5900,17.5500,17.5600,23800,418096.0000,3
2025-08-25,20250825134000000,sz.002732,17.5600,17.5600,17.5400,17.5400,28600,501980.0000,3
2025-08-25,20250825134500000,sz.002732,17.5500,17.5700,17.5400,17.5700,15700,275608.0000,3
2025-08-25,20250825135000000,sz.002732,17.5600,17.5800,17.5500,17.5800,21900,384636.0000,3
2025-08-25,20250825135500000,sz.002732,17.5800,17.5800,17.5600,17.5700,14800,260040.0000,3
2025-08-25,20250825140000000,sz.002732,17.5700,17.5800,17.5600,17.5800,28700,504292.0000,3
2025-08-25,20250825140500000,sz.002732,17.5700,17.5800,17.5600,17.5700,8500,149348.0000,3
2025-08-25,20250825141000000,sz.002732,17.5700,17.5900,17.5600,17.5600,55900,982020.0000,3
2025-08-25,20250825141500000,sz.002732,17.5800,17.5800,17.5600,17.5700,16900,297012.0000,3
2025-08-25,20250825142000000,sz.002732,17.5800,17.5900,17.5700,17.5900,13200,232052.0000,3
2025-08-25,20250825142500000,sz.002732,17.5900,17.6100,17.5800,17.6100,60300,1060872.0000,3
2025-08-25,20250825143000000,sz.002732,17.6000,17.6000,17.5800,17.5900,39500,694976.0000,3
2025-08-25,20250825143500000,sz.002732,17.6000,17.6000,17.5800,17.5800,68700,1208944.0000,3
2025-08-25,20250825144000000,sz.002732,17.5900,17.5900,17.5700,17.5800,95900,1685544.0000,3
2025-08-25,20250825144500000,sz.002732,17.5800,17.6000,17.5700,17.5900,75500,1327444.0000,3
2025-08-25,20250825145000000,sz.002732,17.5800,17.6100,17.5800,17.6000,117300,2064032.0000,3
2025-08-25,20250825145500000,sz.002732,17.6100,17.6100,17.5900,17.6000,140000,2464312.0000,3
2025-08-25,20250825150000000,sz.002732,17.6100,17.6300,17.6000,17.6300,182000,3205560.0000,3
2025-08-26,20250826093500000,sz.002732,17.5900,17.6300,17.5000,17.6200,281300,4937527.0000,3
2025-08-26,20250826094000000,sz.002732,17.6000,17.6000,17.5700,17.5900,96000,1688435.0000,3
2025-08-26,20250826094500000,sz.002732,17.6000,17.6200,17.5800,17.6200,80200,1412086.0000,3
2025-08-26,20250826095000000,sz.002732,17.6100,17.6400,17.6000,17.6000,122800,2162809.0000,3
2025-08-26,20250826095500000,sz.002732,17.6000,17.6100,17.5900,17.6000,39700,698732.0000,3
2025-08-26,20250826100000000,sz.002732,17.5900,17.6500,17.5900,17.6400,118700,2090885.0000,3
2025-08-26,20250826100500000,sz.002732,17.6400,17.6500,17.6300,17.6500,63900,1127203.0000,3
2025-08-26,20250826101000000,sz.002732,17.6500,17.6500,17.6200,17.6400,52000,916835.0000,3
2025-08-26,20250826101500000,sz.002732,17.6300,17.6400,17.6200,17.6300,77100,1359362.0000,3
2025-08-26,20250826102000000,sz.002732,17.6300,17.6700,17.6300,17.6500,84200,1485812.0000,3
2025-08-26,20250826102500000,sz.002732,17.6400,17.6400,17.6300,17.6400,39600,698214.0000,3
2025-08-26,20250826103000000,sz.002732,17.6500,17.6500,17.6200,17.6300,37800,666616.0000,3
2025-08-26,20250826103500000,sz.002732,17.6300,17.6400,17.6200,17.6400,50100,883156.0000,3
2025-08-26,20250826104000000,sz.002732,17.6400,17.6500,17.6300,17.6400,46600,822176.0000,3
2025-08-26,20250826104500000,sz.002732,17.6300,17.6800,17.6300,17.6800,96700,1707046.0000,3
2025-08-26,20250826105000000,sz.002732,17.6800,17.6800,17.6500,17.6800,68500,1210446.0000,3
2025-08-26,20250826105500000,sz.002732,17.6700,17.6800,17.6600,17.6800,94700,1673400.0000,3
2025-08-26,20250826110000000,sz.002732,17.6700,17.7100,17.6600,17.7000,141000,2493714.0000,3
2025-08-26,20250826110500000,sz.002732,17.7000,17.7200,17.6800,17.6900,76400,1352874.0000,3
2025-08-26,20250826111000000,sz.002732,17.7000,17.7400,17.6900,17.7300,77600,1374378.0000,3
2025-08-26,20250826111500000,sz.002732,17.7400,17.7500,17.7100,17.7200,51900,920374.0000,3
2025-08-26,20250826112000000,sz.002732,17.7100,17.7300,17.7000,17.7200,42600,754782.0000,3
2025-08-26,20250826112500000,sz.002732,17.7200,17.7400,17.7100,17.7300,75300,1335030.0000,3
2025-08-26,20250826113000000,sz.002732,17.7300,17.7700,17.7300,17.7600,119900,2127976.0000,3
2025-08-26,20250826130500000,sz.002732,17.7700,17.7800,17.7500,17.7500,212200,3769580.0000,3
2025-08-26,20250826131000000,sz.002732,17.7500,17.7700,17.7300,17.7700,107500,1908180.0000,3
2025-08-26,20250826131500000,sz.002732,17.7700,17.7800,17.7600,17.7700,44800,796148.0000,3
2025-08-26,20250826132000000,sz.002732,17.7600,17.7600,17.7500,17.7500,51900,921272.0000,3
2025-08-26,20250826132500000,sz.002732,17.7600,17.7600,17.7400,17.7400,27000,479116.0000,3
2025-08-26,20250826133000000,sz.002732,17.7300,17.7600,17.6900,17.6900,182800,3239308.0000,3
2025-08-26,20250826133500000,sz.002732,17.7000,17.7200,17.6900,17.7200,50100,886960.0000,3
2025-08-26,20250826134000000,sz.002732,17.7000,17.7100,17.6900,17.7000,35300,624704.0000,3
2025-08-26,20250826134500000,sz.002732,17.7100,17.7500,17.7100,17.7400,38400,680500.0000,3
2025-08-26,20250826135000000,sz.002732,17.7400,17.7400,17.7200,17.7300,17400,308412.0000,3
2025-08-26,20250826135500000,sz.002732,17.7300,17.7300,17.7100,17.7200,50800,899932.0000,3
2025-08-26,20250826140000000,sz.002732,17.7200,17.7300,17.7200,17.7300,25700,455528.0000,3
2025-08-26,20250826140500000,sz.002732,17.7200,17.7300,17.7100,17.7200,40700,721340.0000,3
2025-08-26,20250826141000000,sz.002732,17.7100,17.7200,17.7100,17.7100,17300,306504.0000,3
2025-08-26,20250826141500000,sz.002732,17.7200,17.7200,17.6900,17.6900,69000,1221424.0000,3
2025-08-26,20250826142000000,sz.002732,17.7000,17.7100,17.6900,17.7000,16400,290248.0000,3
2025-08-26,20250826142500000,sz.002732,17.6900,17.7000,17.6800,17.6900,66000,1167596.0000,3
2025-08-26,20250826143000000,sz.002732,17.6900,17.6900,17.6700,17.6800,37900,669972.0000,3
2025-08-26,20250826143500000,sz.002732,17.6800,17.6900,17.6700,17.6900,27000,477304.0000,3
2025-08-26,20250826144000000,sz.002732,17.6900,17.7000,17.6700,17.6900,46000,813520.0000,3
2025-08-26,20250826144500000,sz.002732,17.6900,17.7000,17.6700,17.6700,29800,526824.0000,3
2025-08-26,20250826145000000,sz.002732,17.6800,17.6800,17.6400,17.6400,77200,1363196.0000,3
2025-08-26,20250826145500000,sz.002732,17.6500,17.7100,17.6300,17.7000,156200,2760372.0000,3
2025-08-26,20250826150000000,sz.002732,17.7000,17.7300,17.7000,17.7100,179200,3174232.0000,3
2025-08-27,20250827093500000,sz.002732,17.7000,17.7000,17.6200,17.6700,164600,2904193.0000,3
2025-08-27,20250827094000000,sz.002732,17.6700,17.7000,17.6500,17.6600,75300,1330129.0000,3
2025-08-27,20250827094500000,sz.002732,17.6500,17.6500,17.6200,17.6300,55800,982802.0000,3
2025-08-27,20250827095000000,sz.002732,17.6200,17.6500,17.5900,17.6000,125200,2205371.0000,3
2025-08-27,20250827095500000,sz.002732,17.6100,17.6400,17.6000,17.6100,42300,745352.0000,3
2025-08-27,20250827100000000,sz.002732,17.6100,17.6100,17.5500,17.5500,140100,2463000.0000,3
2025-08-27,20250827100500000,sz.002732,17.5400,17.5700,17.5400,17.5500,86600,1519563.0000,3
2025-08-27,20250827101000000,sz.002732,17.5500,17.5900,17.5500,17.5800,34300,602467.0000,3
2025-08-27,20250827101500000,sz.002732,17.5800,17.5900,17.5600,17.5600,69400,1219650.0000,3
2025-08-27,20250827102000000,sz.002732,17.5600,17.5700,17.5500,17.5500,61500,1079834.0000,3
2025-08-27,20250827102500000,sz.002732,17.5500,17.5600,17.5400,17.5500,52900,928278.0000,3
2025-08-27,20250827103000000,sz.002732,17.5400,17.5400,17.5200,17.5300,135800,2380885.0000,3
2025-08-27,20250827103500000,sz.002732,17.5300,17.5400,17.5200,17.5300,40000,701232.0000,3
2025-08-27,20250827104000000,sz.002732,17.5300,17.5600,17.5200,17.5500,118800,2083686.0000,3
2025-08-27,20250827104500000,sz.002732,17.5500,17.5500,17.5300,17.5300,31700,555854.0000,3
2025-08-27,20250827105000000,sz.002732,17.5300,17.5300,17.5200,17.5300,36000,630982.0000,3
2025-08-27,20250827105500000,sz.002732,17.5200,17.5600,17.5200,17.5500,42100,738580.0000,3
2025-08-27,20250827110000000,sz.002732,17.5500,17.5900,17.5400,17.5900,96600,1696974.0000,3
2025-08-27,20250827110500000,sz.002732,17.6000,17.6000,17.5600,17.5900,28600,503016.0000,3
2025-08-27,20250827111000000,sz.002732,17.6000,17.6000,17.5700,17.5900,11900,209238.0000,3
2025-08-27,20250827111500000,sz.002732,17.5700,17.5800,17.5600,17.5600,7800,137034.0000,3
2025-08-27,20250827112000000,sz.002732,17.5700,17.5700,17.5500,17.5700,25100,440752.0000,3
2025-08-27,20250827112500000,sz.002732,17.5600,17.5700,17.5400,17.5600,26200,459944.0000,3
2025-08-27,20250827113000000,sz.002732,17.5600,17.6100,17.5600,17.5800,144400,2538168.0000,3
2025-08-27,20250827130500000,sz.002732,17.5800,17.5800,17.5600,17.5800,36300,638032.0000,3
2025-08-27,20250827131000000,sz.002732,17.5800,17.5900,17.5600,17.5600,23000,404102.0000,3
2025-08-27,20250827131500000,sz.002732,17.5800,17.5800,17.5600,17.5700,14900,261698.0000,3
2025-08-27,20250827132000000,sz.002732,17.5700,17.5700,17.5500,17.5600,20300,356460.0000,3
2025-08-27,20250827132500000,sz.002732,17.5500,17.5800,17.5500,17.5800,29300,514684.0000,3
2025-08-27,20250827133000000,sz.002732,17.5600,17.5800,17.5500,17.5500,33000,579548.0000,3
2025-08-27,20250827133500000,sz.002732,17.5500,17.5600,17.5300,17.5400,128100,2247460.0000,3
2025-08-27,20250827134000000,sz.002732,17.5300,17.5500,17.5300,17.5400,42200,740144.0000,3
2025-08-27,20250827134500000,sz.002732,17.5300,17.5400,17.5200,17.5200,46500,815192.0000,3
2025-08-27,20250827135000000,sz.002732,17.5300,17.5300,17.5100,17.5300,104100,1823824.0000,3
2025-08-27,20250827135500000,sz.002732,17.5300,17.5700,17.5300,17.5400,26100,458136.0000,3
2025-08-27,20250827140000000,sz.002732,17.5300,17.5500,17.5100,17.5200,89800,1573948.0000,3
2025-08-27,20250827140500000,sz.002732,17.5200,17.5600,17.5200,17.5600,48100,843492.0000,3
2025-08-27,20250827141000000,sz.002732,17.5600,17.5700,17.5300,17.5300,12100,212392.0000,3
2025-08-27,20250827141500000,sz.002732,17.5300,17.5700,17.5200,17.5700,38200,670276.0000,3
2025-08-27,20250827142000000,sz.002732,17.5600,17.5700,17.5100,17.5200,59400,1041076.0000,3
2025-08-27,20250827142500000,sz.002732,17.5100,17.5200,17.4500,17.4700,254500,4449848.0000,3
2025-08-27,20250827143000000,sz.002732,17.4600,17.4800,17.4300,17.4400,134400,2344504.0000,3
2025-08-27,20250827143500000,sz.002732,17.4400,17.5000,17.4000,17.4900,151400,2639860.0000,3
2025-08-27,20250827144000000,sz.002732,17.4900,17.5100,17.4500,17.4700,57400,1004020.0000,3
2025-08-27,20250827144500000,sz.002732,17.4600,17.4600,17.4100,17.4200,58300,1016064.0000,3
2025-08-27,20250827145000000,sz.002732,17.4200,17.4200,17.3700,17.4100,171600,2985028.0000,3
2025-08-27,20250827145500000,sz.002732,17.4100,17.4100,17.3800,17.3900,111500,1939292.0000,3
2025-08-27,20250827150000000,sz.002732,17.3800,17.3900,17.3500,17.3500,147800,2566368.0000,3
2025-08-28,20250828093500000,sz.002732,17.3500,17.5700,17.3500,17.5500,327600,5726937.0000,3
2025-08-28,20250828094000000,sz.002732,17.5400,17.6000,17.5100,17.5100,337200,5923208.0000,3
2025-08-28,20250828094500000,sz.002732,17.5000,17.5300,17.4500,17.4800,104100,1820902.0000,3
2025-08-28,20250828095000000,sz.002732,17.4700,17.5600,17.4600,17.5500,103000,1804686.0000,3
2025-08-28,20250828095500000,sz.002732,17.5300,17.5600,17.4900,17.5100,88600,1552731.0000,3
2025-08-28,20250828100000000,sz.002732,17.5200,17.5400,17.4900,17.4900,65900,1153784.0000,3
2025-08-28,20250828100500000,sz.002732,17.4900,17.5400,17.4500,17.4600,93200,1629924.0000,3
2025-08-28,20250828101000000,sz.002732,17.4600,17.4800,17.4300,17.4700,100700,1757068.0000,3
2025-08-28,20250828101500000,sz.002732,17.4700,17.4700,17.4100,17.4100,71000,1238016.0000,3
2025-08-28,20250828102000000,sz.002732,17.4100,17.4100,17.3700,17.3900,81300,1413956.0000,3
2025-08-28,20250828102500000,sz.002732,17.4000,17.4200,17.3900,17.4100,38400,668072.0000,3
2025-08-28,20250828103000000,sz.002732,17.4100,17.4300,17.4000,17.4300,22500,391604.0000,3
2025-08-28,20250828103500000,sz.002732,17.4100,17.4300,17.4100,17.4300,20100,350144.0000,3
2025-08-28,20250828104000000,sz.002732,17.4300,17.4300,17.3800,17.3800,42700,743332.0000,3
2025-08-28,20250828104500000,sz.002732,17.3800,17.3900,17.3800,17.3900,15900,276358.0000,3
2025-08-28,20250828105000000,sz.002732,17.4000,17.4200,17.3900,17.4000,31400,546422.0000,3
2025-08-28,20250828105500000,sz.002732,17.3900,17.4200,17.3800,17.3800,41100,714878.0000,3
2025-08-28,20250828110000000,sz.002732,17.3900,17.3900,17.3700,17.3900,48000,834422.0000,3
2025-08-28,20250828110500000,sz.002732,17.3700,17.3900,17.3600,17.3600,21400,371906.0000,3
2025-08-28,20250828111000000,sz.002732,17.3600,17.3600,17.3100,17.3200,79600,1381130.0000,3
2025-08-28,20250828111500000,sz.002732,17.3300,17.3300,17.3000,17.3000,39300,680480.0000,3
2025-08-28,20250828112000000,sz.002732,17.3000,17.3000,17.2200,17.2500,132100,2279736.0000,3
2025-08-28,20250828112500000,sz.002732,17.2500,17.2500,17.2100,17.2200,113000,1946324.0000,3
2025-08-28,20250828113000000,sz.002732,17.2200,17.2700,17.2200,17.2700,82500,1421780.0000,3
2025-08-28,20250828130500000,sz.002732,17.3000,17.3100,17.2400,17.2400,75700,1307532.0000,3
2025-08-28,20250828131000000,sz.002732,17.2400,17.2400,17.2100,17.2200,56900,979928.0000,3
2025-08-28,20250828131500000,sz.002732,17.2200,17.2200,17.1500,17.1500,110400,1897336.0000,3
2025-08-28,20250828132000000,sz.002732,17.1500,17.1800,17.1400,17.1500,52200,895608.0000,3
2025-08-28,20250828132500000,sz.002732,17.1400,17.1400,17.0200,17.0300,162200,2768984.0000,3
2025-08-28,20250828133000000,sz.002732,17.0300,17.0500,17.0000,17.0100,208700,3551296.0000,3
2025-08-28,20250828133500000,sz.002732,17.0000,17.0100,16.9200,16.9200,179100,3040700.0000,3
2025-08-28,20250828134000000,sz.002732,16.9200,17.0100,16.9200,16.9600,140400,2379576.0000,3
2025-08-28,20250828134500000,sz.002732,16.9600,17.0600,16.9600,17.0500,59500,1011156.0000,3
2025-08-28,20250828135000000,sz.002732,17.0500,17.1200,16.9800,17.1100,80200,1368552.0000,3
2025-08-28,20250828135500000,sz.002732,17.1000,17.1000,17.0200,17.0500,40800,695372.0000,3
2025-08-28,20250828140000000,sz.002732,17.0700,17.0900,17.0600,17.0800,23600,403044.0000,3
2025-08-28,20250828140500000,sz.002732,17.0700,17.1600,17.0700,17.1600,89600,1533316.0000,3
2025-08-28,20250828141000000,sz.002732,17.1600,17.1900,17.1500,17.1500,55100,946316.0000,3
2025-08-28,20250828141500000,sz.002732,17.1600,17.1700,17.1300,17.1400,28900,495596.0000,3
2025-08-28,20250828142000000,sz.002732,17.1400,17.1800,17.1400,17.1800,23000,394792.0000,3
2025-08-28,20250828142500000,sz.002732,17.1900,17.2000,17.1000,17.1000,58400,1002848.0000,3
2025-08-28,20250828143000000,sz.002732,17.1200,17.1500,17.1000,17.1400,13000,222576.0000,3
2025-08-28,20250828143500000,sz.002732,17.1300,17.1800,17.1300,17.1800,35800,614608.0000,3
2025-08-28,20250828144000000,sz.002732,17.1900,17.2200,17.1900,17.2200,59500,1023612.0000,3
2025-08-28,20250828144500000,sz.002732,17.2200,17.2200,17.2100,17.2100,34500,593948.0000,3
2025-08-28,20250828145000000,sz.002732,17.2100,17.2400,17.2100,17.2400,36800,633928.0000,3
2025-08-28,20250828145500000,sz.002732,17.2400,17.2600,17.2400,17.2500,54300,936672.0000,3
2025-08-28,20250828150000000,sz.002732,17.2600,17.2700,17.2300,17.2600,81400,1404484.0000,3
2025-08-29,20250829093500000,sz.002732,17.2600,17.5200,17.1700,17.4300,533200,9297268.0000,3
2025-08-29,20250829094000000,sz.002732,17.4300,17.5800,17.4200,17.5600,405600,7105715.0000,3
2025-08-29,20250829094500000,sz.002732,17.5500,17.6100,17.5000,17.5000,319300,5616517.0000,3
2025-08-29,20250829095000000,sz.002732,17.5200,17.5800,17.5000,17.5000,128000,2244084.0000,3
2025-08-29,20250829095500000,sz.002732,17.4800,17.5400,17.4400,17.4700,95800,1675196.0000,3
2025-08-29,20250829100000000,sz.002732,17.4700,17.5400,17.4700,17.5200,36500,639308.0000,3
2025-08-29,20250829100500000,sz.002732,17.5100,17.5300,17.4800,17.4900,34900,611010.0000,3
2025-08-29,20250829101000000,sz.002732,17.4800,17.5000,17.4600,17.4600,39900,697366.0000,3
2025-08-29,20250829101500000,sz.002732,17.4500,17.5000,17.4300,17.5000,45500,794296.0000,3
2025-08-29,20250829102000000,sz.002732,17.5000,17.5000,17.4200,17.4400,49700,868024.0000,3
2025-08-29,20250829102500000,sz.002732,17.4400,17.4700,17.4400,17.4400,17500,305392.0000,3
2025-08-29,20250829103000000,sz.002732,17.4300,17.4400,17.4200,17.4300,18200,317216.0000,3
2025-08-29,20250829103500000,sz.002732,17.4300,17.4300,17.3500,17.3500,60900,1059772.0000,3
2025-08-29,20250829104000000,sz.002732,17.3500,17.3700,17.3400,17.3600,60300,1046290.0000,3
2025-08-29,20250829104500000,sz.002732,17.3500,17.3900,17.3400,17.3800,60900,1057114.0000,3
2025-08-29,20250829105000000,sz.002732,17.3800,17.3900,17.3600,17.3600,35400,615200.0000,3
2025-08-29,20250829105500000,sz.002732,17.3600,17.3600,17.3100,17.3100,30900,535556.0000,3
2025-08-29,20250829110000000,sz.002732,17.3200,17.3400,17.2900,17.3100,79800,1381624.0000,3
2025-08-29,20250829110500000,sz.002732,17.3100,17.3300,17.2900,17.3000,36100,624964.0000,3
2025-08-29,20250829111000000,sz.002732,17.3000,17.3000,17.2600,17.2600,70200,1212488.0000,3
2025-08-29,20250829111500000,sz.002732,17.2700,17.2700,17.2500,17.2600,59500,1027196.0000,3
2025-08-29,20250829112000000,sz.002732,17.2700,17.2800,17.2200,17.2800,41400,714220.0000,3
2025-08-29,20250829112500000,sz.002732,17.2800,17.2800,17.2600,17.2700,5700,98464.0000,3
2025-08-29,20250829113000000,sz.002732,17.2700,17.2700,17.2300,17.2500,23800,410520.0000,3
2025-08-29,20250829130500000,sz.002732,17.2300,17.2700,17.2200,17.2200,38900,670668.0000,3
2025-08-29,20250829131000000,sz.002732,17.2400,17.2800,17.2200,17.2700,28800,496756.0000,3
2025-08-29,20250829131500000,sz.002732,17.2700,17.2900,17.2600,17.2600,28000,483488.0000,3
2025-08-29,20250829132000000,sz.002732,17.2700,17.2700,17.2200,17.2200,35300,608320.0000,3
2025-08-29,20250829132500000,sz.002732,17.2300,17.2500,17.2200,17.2200,41900,722144.0000,3
2025-08-29,20250829133000000,sz.002732,17.2200,17.2600,17.2200,17.2600,18800,324112.0000,3
2025-08-29,20250829133500000,sz.002732,17.2600,17.2600,17.2400,17.2500,19600,338024.0000,3
2025-08-29,20250829134000000,sz.002732,17.2600,17.2600,17.2400,17.2600,23600,407216.0000,3
2025-08-29,20250829134500000,sz.002732,17.2600,17.2700,17.2400,17.2400,18900,326068.0000,3
2025-08-29,20250829135000000,sz.002732,17.2300,17.2300,17.2200,17.2300,33700,580584.0000,3
2025-08-29,20250829135500000,sz.002732,17.2400,17.2800,17.2400,17.2700,26000,448692.0000,3
2025-08-29,20250829140000000,sz.002732,17.2700,17.2800,17.2600,17.2600,29600,511116.0000,3
2025-08-29,20250829140500000,sz.002732,17.2700,17.2700,17.2400,17.2400,18200,314108.0000,3
2025-08-29,20250829141000000,sz.002732,17.2500,17.2600,17.2400,17.2500,32000,551836.0000,3
2025-08-29,20250829141500000,sz.002732,17.2500,17.2500,17.2300,17.2300,19800,341236.0000,3
2025-08-29,20250829142000000,sz.002732,17.2300,17.2400,17.2300,17.2400,16500,284448.0000,3
2025-08-29,20250829142500000,sz.002732,17.2400,17.2400,17.2200,17.2300,31700,546220.0000,3
2025-08-29,20250829143000000,sz.002732,17.2300,17.2400,17.2200,17.2400,30300,522060.0000,3
2025-08-29,20250829143500000,sz.002732,17.2600,17.2700,17.2300,17.2300,21300,367480.0000,3
2025-08-29,20250829144000000,sz.002732,17.2400,17.2600,17.2200,17.2500,30000,517128.0000,3
2025-08-29,20250829144500000,sz.002732,17.2500,17.2700,17.2400,17.2500,39800,686740.0000,3
2025-08-29,20250829145000000,sz.002732,17.2400,17.2500,17.2100,17.2300,87600,1509428.0000,3
2025-08-29,20250829145500000,sz.002732,17.2300,17.2400,17.2000,17.2000,93900,1616812.0000,3
2025-08-29,20250829150000000,sz.002732,17.2200,17.2200,17.2000,17.2100,72800,1252892.0000,3
2025-09-01,20250901093500000,sz.002732,17.2900,17.2900,17.1100,17.1300,265500,4555665.0000,3
2025-09-01,20250901094000000,sz.002732,17.1400,17.2800,17.1300,17.1900,134800,2321305.0000,3
2025-09-01,20250901094500000,sz.002732,17.1900,17.2400,17.1500,17.2300,91500,1573944.0000,3
2025-09-01,20250901095000000,sz.002732,17.2500,17.3100,17.2500,17.2700,152100,2627735.0000,3
2025-09-01,20250901095500000,sz.002732,17.2700,17.3600,17.2300,17.3500,125500,2170193.0000,3
2025-09-01,20250901100000000,sz.002732,17.3200,17.3400,17.3000,17.3200,103600,1793956.0000,3
2025-09-01,20250901100500000,sz.002732,17.3200,17.3800,17.3200,17.3800,117600,2041274.0000,3
2025-09-01,20250901101000000,sz.002732,17.3800,17.4400,17.3800,17.4100,141800,2469092.0000,3
2025-09-01,20250901101500000,sz.002732,17.4100,17.4200,17.3800,17.4200,106300,1849148.0000,3
2025-09-01,20250901102000000,sz.002732,17.4200,17.4400,17.3900,17.3900,53800,936940.0000,3
2025-09-01,20250901102500000,sz.002732,17.3900,17.4100,17.3500,17.3500,36600,636108.0000,3
2025-09-01,20250901103000000,sz.002732,17.3700,17.3900,17.3400,17.3800,28100,487796.0000,3
2025-09-01,20250901103500000,sz.002732,17.3800,17.4000,17.3600,17.3900,47000,816816.0000,3
2025-09-01,20250901104000000,sz.002732,17.4000,17.4300,17.3900,17.4300,52100,906672.0000,3
2025-09-01,20250901104500000,sz.002732,17.4200,17.4500,17.4200,17.4300,38100,664282.0000,3
2025-09-01,20250901105000000,sz.002732,17.4300,17.4600,17.4300,17.4600,28700,500738.0000,3
2025-09-01,20250901105500000,sz.002732,17.4500,17.4500,17.4300,17.4400,26200,456828.0000,3
2025-09-01,20250901110000000,sz.002732,17.4300,17.4400,17.4200,17.4300,25900,451466.0000,3
2025-09-01,20250901110500000,sz.002732,17.4300,17.4400,17.4000,17.4000,37500,653390.0000,3
2025-09-01,20250901111000000,sz.002732,17.4300,17.4400,17.4000,17.4300,14500,252592.0000,3
2025-09-01,20250901111500000,sz.002732,17.4100,17.4100,17.3900,17.4100,11500,200138.0000,3
2025-09-01,20250901112000000,sz.002732,17.4000,17.4100,17.3900,17.4100,10000,174002.0000,3
2025-09-01,20250901112500000,sz.002732,17.4000,17.4100,17.3600,17.3800,15300,266152.0000,3
2025-09-01,20250901113000000,sz.002732,17.3800,17.3800,17.3400,17.3600,29600,513726.0000,3
2025-09-01,20250901130500000,sz.002732,17.3500,17.3700,17.3500,17.3600,40200,697662.0000,3
2025-09-01,20250901131000000,sz.002732,17.3700,17.3700,17.3300,17.3400,58400,1012964.0000,3
2025-09-01,20250901131500000,sz.002732,17.3400,17.3500,17.3300,17.3300,46200,801060.0000,3
2025-09-01,20250901132000000,sz.002732,17.3300,17.3400,17.3200,17.3400,45800,793436.0000,3
2025-09-01,20250901132500000,sz.002732,17.3400,17.3400,17.3100,17.3200,27000,467788.0000,3
2025-09-01,20250901133000000,sz.002732,17.3100,17.3500,17.3100,17.3300,23500,407372.0000,3
2025-09-01,20250901133500000,sz.002732,17.3300,17.3400,17.3200,17.3200,51000,883408.0000,3
2025-09-01,20250901134000000,sz.002732,17.3100,17.3200,17.3000,17.3100,34700,600656.0000,3
2025-09-01,20250901134500000,sz.002732,17.3100,17.3200,17.2900,17.3000,45500,787108.0000,3
2025-09-01,20250901135000000,sz.002732,17.3000,17.3000,17.2800,17.2900,10700,185040.0000,3
2025-09-01,20250901135500000,sz.002732,17.2900,17.2900,17.2800,17.2900,14100,243772.0000,3
2025-09-01,20250901140000000,sz.002732,17.2900,17.2900,17.2800,17.2900,53800,929856.0000,3
2025-09-01,20250901140500000,sz.002732,17.3000,17.3100,17.2600,17.2700,30800,532388.0000,3
2025-09-01,20250901141000000,sz.002732,17.2600,17.2700,17.2400,17.2700,40400,697228.0000,3
2025-09-01,20250901141500000,sz.002732,17.2800,17.2800,17.2400,17.2400,45800,790856.0000,3
2025-09-01,20250901142000000,sz.002732,17.2600,17.2800,17.2600,17.2800,7800,134696.0000,3
2025-09-01,20250901142500000,sz.002732,17.2800,17.3000,17.2700,17.2900,26700,461692.0000,3
2025-09-01,20250901143000000,sz.002732,17.2900,17.3000,17.2800,17.2900,11200,193612.0000,3
2025-09-01,20250901143500000,sz.002732,17.2800,17.2900,17.2500,17.2700,47900,827104.0000,3
2025-09-01,20250901144000000,sz.002732,17.2700,17.2800,17.2500,17.2800,9700,167504.0000,3
2025-09-01,20250901144500000,sz.002732,17.2800,17.3000,17.2700,17.3000,21100,364608.0000,3
2025-09-01,20250901145000000,sz.002732,17.2900,17.3100,17.2800,17.3000,31000,536104.0000,3
2025-09-01,20250901145500000,sz.002732,17.3200,17.3200,17.2900,17.3200,43000,744500.0000,3
2025-09-01,20250901150000000,sz.002732,17.3100,17.3300,17.3100,17.3200,75000,1299052.0000,3
2025-09-02,20250902093500000,sz.002732,17.3800,17.4100,17.1900,17.2100,177800,3076242.0000,3
2025-09-02,20250902094000000,sz.002732,17.2100,17.2900,17.2000,17.2000,93800,1617348.0000,3
2025-09-02,20250902094500000,sz.002732,17.1900,17.2500,17.1400,17.2500,134600,2312387.0000,3
2025-09-02,20250902095000000,sz.002732,17.2600,17.3300,17.2600,17.2700,74800,1293945.0000,3
2025-09-02,20250902095500000,sz.002732,17.2700,17.3100,17.2400,17.2700,96900,1674433.0000,3
2025-09-02,20250902100000000,sz.002732,17.2700,17.2700,17.2100,17.2200,55500,957007.0000,3
2025-09-02,20250902100500000,sz.002732,17.2200,17.2200,17.1400,17.1700,154700,2655645.0000,3
2025-09-02,20250902101000000,sz.002732,17.1500,17.2300,17.1400,17.2100,54200,931439.0000,3
2025-09-02,20250902101500000,sz.002732,17.2000,17.2200,17.1800,17.1800,28200,484978.0000,3
2025-09-02,20250902102000000,sz.002732,17.1700,17.2100,17.1600,17.2000,22900,393989.0000,3
2025-09-02,20250902102500000,sz.002732,17.2000,17.2200,17.1800,17.1800,21700,373040.0000,3
2025-09-02,20250902103000000,sz.002732,17.1800,17.2100,17.1700,17.1800,31100,534445.0000,3
2025-09-02,20250902103500000,sz.002732,17.1900,17.1900,17.1500,17.1500,35100,602840.0000,3
2025-09-02,20250902104000000,sz.002732,17.1600,17.1800,17.1300,17.1700,60700,1040966.0000,3
2025-09-02,20250902104500000,sz.002732,17.1600,17.1800,17.1300,17.1500,68100,1167744.0000,3
2025-09-02,20250902105000000,sz.002732,17.1500,17.1700,17.1200,17.1400,66000,1131904.0000,3
2025-09-02,20250902105500000,sz.002732,17.1400,17.1700,17.1300,17.1500,39300,673792.0000,3
2025-09-02,20250902110000000,sz.002732,17.1400,17.1500,17.1000,17.1100,73300,1254376.0000,3
2025-09-02,20250902110500000,sz.002732,17.1100,17.1200,17.0800,17.1200,31800,543816.0000,3
2025-09-02,20250902111000000,sz.002732,17.1500,17.1500,17.1200,17.1300,15200,260472.0000,3
2025-09-02,20250902111500000,sz.002732,17.1400,17.1600,17.1100,17.1300,28000,479720.0000,3
2025-09-02,20250902112000000,sz.002732,17.1400,17.1400,17.0800,17.0800,68600,1172658.0000,3
2025-09-02,20250902112500000,sz.002732,17.1000,17.2000,17.1000,17.2000,58600,1003470.0000,3
2025-09-02,20250902113000000,sz.002732,17.2000,17.2300,17.1900,17.2000,57600,991280.0000,3
2025-09-02,20250902130500000,sz.002732,17.2000,17.2600,17.1400,17.2500,76000,1307484.0000,3
2025-09-02,20250902131000000,sz.002732,17.2500,17.2700,17.2300,17.2400,33900,584734.0000,3
2025-09-02,20250902131500000,sz.002732,17.2200,17.2200,17.1400,17.1400,28900,496662.0000,3
2025-09-02,20250902132000000,sz.002732,17.1400,17.1500,17.1100,17.1400,34100,584410.0000,3
2025-09-02,20250902132500000,sz.002732,17.1400,17.1600,17.1200,17.1200,21100,361406.0000,3
2025-09-02,20250902133000000,sz.002732,17.1200,17.1500,17.1100,17.1500,31200,534316.0000,3
2025-09-02,20250902133500000,sz.002732,17.1500,17.2200,17.1500,17.2200,28200,484638.0000,3
2025-09-02,20250902134000000,sz.002732,17.2100,17.2500,17.2100,17.2400,25100,432430.0000,3
2025-09-02,20250902134500000,sz.002732,17.2400,17.2600,17.2400,17.2500,17500,301970.0000,3
2025-09-02,20250902135000000,sz.002732,17.2500,17.2700,17.2400,17.2600,30200,520858.0000,3
2025-09-02,20250902135500000,sz.002732,17.2500,17.2600,17.2200,17.2300,20900,360120.0000,3
2025-09-02,20250902140000000,sz.002732,17.2200,17.2500,17.2200,17.2400,23200,399896.0000,3
2025-09-02,20250902140500000,sz.002732,17.2300,17.2700,17.2300,17.2500,17600,303716.0000,3
2025-09-02,20250902141000000,sz.002732,17.2500,17.2500,17.2000,17.2400,24000,413288.0000,3
2025-09-02,20250902141500000,sz.002732,17.2400,17.2400,17.2200,17.2300,2800,48240.0000,3
2025-09-02,20250902142000000,sz.002732,17.2300,17.2300,17.1700,17.2000,15100,259740.0000,3
2025-09-02,20250902142500000,sz.002732,17.1900,17.2300,17.1900,17.2100,24300,418352.0000,3
2025-09-02,20250902143000000,sz.002732,17.2100,17.2200,17.1900,17.2000,13200,227056.0000,3
2025-09-02,20250902143500000,sz.002732,17.2100,17.2400,17.1900,17.2100,18900,325436.0000,3
2025-09-02,20250902144000000,sz.002732,17.2100,17.2300,17.2000,17.2100,25600,440568.0000,3
2025-09-02,20250902144500000,sz.002732,17.2100,17.2100,17.1600,17.1700,44200,759456.0000,3
2025-09-02,20250902145000000,sz.002732,17.1700,17.1900,17.1600,17.1800,29100,499576.0000,3
2025-09-02,20250902145500000,sz.002732,17.1800,17.2000,17.1700,17.1800,62200,1068688.0000,3
2025-09-02,20250902150000000,sz.002732,17.1900,17.2200,17.1800,17.1900,49600,852492.0000,3
2025-09-03,20250903093500000,sz.002732,17.2500,17.3300,17.2400,17.2600,89100,1539636.0000,3
2025-09-03,20250903094000000,sz.002732,17.2400,17.2600,17.2100,17.2400,35000,603056.0000,3
2025-09-03,20250903094500000,sz.002732,17.2200,17.2300,17.1700,17.1700,50800,873246.0000,3
2025-09-03,20250903095000000,sz.002732,17.1700,17.1700,17.0600,17.0700,134700,2303896.0000,3
2025-09-03,20250903095500000,sz.002732,17.0600,17.0900,17.0400,17.0700,88000,1501865.0000,3
2025-09-03,20250903100000000,sz.002732,17.0700,17.0700,17.0300,17.0300,96100,1638691.0000,3
2025-09-03,20250903100500000,sz.002732,17.0400,17.0400,17.0200,17.0200,63900,1088194.0000,3
2025-09-03,20250903101000000,sz.002732,17.0200,17.0400,17.0000,17.0000,111300,1893760.0000,3
2025-09-03,20250903101500000,sz.002732,17.0000,17.0100,16.9500,16.9500,90700,1540521.0000,3
2025-09-03,20250903102000000,sz.002732,16.9500,16.9800,16.9500,16.9500,62100,1053299.0000,3
2025-09-03,20250903102500000,sz.002732,16.9400,16.9500,16.8700,16.8900,144400,2442385.0000,3
2025-09-03,20250903103000000,sz.002732,16.8900,16.8900,16.8200,16.8500,96900,1633303.0000,3
2025-09-03,20250903103500000,sz.002732,16.8500,16.8600,16.7800,16.7800,118600,1994448.0000,3
2025-09-03,20250903104000000,sz.002732,16.7900,16.8500,16.7800,16.8300,77600,1304244.0000,3
2025-09-03,20250903104500000,sz.002732,16.8400,16.8700,16.8400,16.8600,52600,886498.0000,3
2025-09-03,20250903105000000,sz.002732,16.8600,16.9000,16.8500,16.8900,37700,636458.0000,3
2025-09-03,20250903105500000,sz.002732,16.8900,16.9100,16.8700,16.8800,55900,944262.0000,3
2025-09-03,20250903110000000,sz.002732,16.8800,16.9300,16.8400,16.8800,72400,1220678.0000,3
2025-09-03,20250903110500000,sz.002732,16.8800,16.8900,16.8500,16.8800,20600,347500.0000,3
2025-09-03,20250903111000000,sz.002732,16.8800,16.9000,16.8700,16.9000,2900,48956.0000,3
2025-09-03,20250903111500000,sz.002732,16.9000,16.9000,16.8700,16.8700,11600,195764.0000,3
2025-09-03,20250903112000000,sz.002732,16.8900,16.8900,16.8600,16.8800,14800,249732.0000,3
2025-09-03,20250903112500000,sz.002732,16.8700,16.8800,16.8600,16.8600,25000,421818.0000,3
2025-09-03,20250903113000000,sz.002732,16.8700,16.8900,16.8600,16.8600,23700,399978.0000,3
2025-09-03,20250903130500000,sz.002732,16.8500,16.8700,16.8400,16.8500,23500,396090.0000,3
2025-09-03,20250903131000000,sz.002732,16.8400,16.9000,16.8200,16.8900,39200,660322.0000,3
2025-09-03,20250903131500000,sz.002732,16.8900,16.8900,16.8500,16.8600,21600,364176.0000,3
2025-09-03,20250903132000000,sz.002732,16.8800,16.8800,16.8500,16.8500,24500,413220.0000,3
2025-09-03,20250903132500000,sz.002732,16.8400,16.8600,16.8300,16.8300,19400,326660.0000,3
2025-09-03,20250903133000000,sz.002732,16.8400,16.8400,16.8100,16.8200,32800,551672.0000,3
2025-09-03,20250903133500000,sz.002732,16.8300,16.8300,16.8200,16.8200,9100,153120.0000,3
2025-09-03,20250903134000000,sz.002732,16.8300,16.8300,16.8000,16.8100,27600,464076.0000,3
2025-09-03,20250903134500000,sz.002732,16.8200,16.8600,16.8200,16.8300,22200,373724.0000,3
2025-09-03,20250903135000000,sz.002732,16.8500,16.8500,16.7700,16.7700,88400,1484540.0000,3
2025-09-03,20250903135500000,sz.002732,16.7700,16.8200,16.7600,16.8200,18200,305476.0000,3
2025-09-03,20250903140000000,sz.002732,16.8200,16.8200,16.7600,16.8200,57600,966628.0000,3
2025-09-03,20250903140500000,sz.002732,16.8000,16.8300,16.7800,16.8300,26100,438460.0000,3
2025-09-03,20250903141000000,sz.002732,16.8300,16.8400,16.8000,16.8200,33700,566704.0000,3
2025-09-03,20250903141500000,sz.002732,16.8100,16.8100,16.7900,16.8100,15900,267136.0000,3
2025-09-03,20250903142000000,sz.002732,16.8100,16.8100,16.7500,16.7500,100000,1677544.0000,3
2025-09-03,20250903142500000,sz.002732,16.7500,16.7700,16.7500,16.7600,56700,950192.0000,3
2025-09-03,20250903143000000,sz.002732,16.7600,16.7600,16.7200,16.7400,50400,843776.0000,3
2025-09-03,20250903143500000,sz.002732,16.7400,16.7500,16.7300,16.7500,30500,510420.0000,3
2025-09-03,20250903144000000,sz.002732,16.7500,16.7500,16.7200,16.7200,52000,870120.0000,3
2025-09-03,20250903144500000,sz.002732,16.7200,16.7300,16.6900,16.7000,77200,1289988.0000,3
2025-09-03,20250903145000000,sz.002732,16.7000,16.7000,16.6200,16.6300,135300,2253200.0000,3
2025-09-03,20250903145500000,sz.002732,16.6300,16.6600,16.6200,16.6600,72900,1212568.0000,3
2025-09-03,20250903150000000,sz.002732,16.6500,16.6800,16.6500,16.6600,57600,959632.0000,3
2025-09-04,20250904093500000,sz.002732,16.7800,16.7800,16.6400,16.6700,141300,2358738.0000,3
2025-09-04,20250904094000000,sz.002732,16.6800,16.7000,16.6300,16.6400,122300,2037281.0000,3
2025-09-04,20250904094500000,sz.002732,16.6600,16.7800,16.6600,16.7600,111700,1867648.0000,3
2025-09-04,20250904095000000,sz.002732,16.7600,16.8800,16.7400,16.8800,159300,2679589.0000,3
2025-09-04,20250904095500000,sz.002732,16.8700,16.9400,16.8600,16.9200,178800,3022493.0000,3
2025-09-04,20250904100000000,sz.002732,16.9200,17.0400,16.9100,17.0400,204100,3467794.0000,3
2025-09-04,20250904100500000,sz.002732,17.0500,17.0900,17.0100,17.0100,221700,3777235.0000,3
2025-09-04,20250904101000000,sz.002732,17.0100,17.0300,16.9200,16.9600,92900,1577926.0000,3
2025-09-04,20250904101500000,sz.002732,16.9500,17.0100,16.9300,17.0100,94400,1601532.0000,3
2025-09-04,20250904102000000,sz.002732,17.0000,17.0700,17.0000,17.0700,134400,2289800.0000,3
2025-09-04,20250904102500000,sz.002732,17.0700,17.0900,17.0400,17.0800,76100,1299028.0000,3
2025-09-04,20250904103000000,sz.002732,17.0600,17.0900,17.0300,17.0700,92100,1572206.0000,3
2025-09-04,20250904103500000,sz.002732,17.0500,17.0900,17.0500,17.0600,82500,1408194.0000,3
2025-09-04,20250904104000000,sz.002732,17.0600,17.0800,17.0300,17.0300,35700,608834.0000,3
2025-09-04,20250904104500000,sz.002732,17.0400,17.0600,17.0300,17.0600,52800,900046.0000,3
2025-09-04,20250904105000000,sz.002732,17.0600,17.0700,17.0000,17.0100,30700,523100.0000,3
2025-09-04,20250904105500000,sz.002732,17.0100,17.0200,16.9400,17.0100,57600,977828.0000,3
2025-09-04,20250904110000000,sz.002732,17.0100,17.0300,17.0000,17.0200,26400,449268.0000,3
2025-09-04,20250904110500000,sz.002732,17.0200,17.0600,17.0100,17.0600,38500,655514.0000,3
2025-09-04,20250904111000000,sz.002732,17.0400,17.0600,17.0200,17.0600,24700,420798.0000,3
2025-09-04,20250904111500000,sz.002732,17.0600,17.0600,17.0100,17.0100,18900,322052.0000,3
2025-09-04,20250904112000000,sz.002732,17.0100,17.0400,16.9500,17.0400,84000,1426980.0000,3
2025-09-04,20250904112500000,sz.002732,17.0300,17.0400,17.0000,17.0100,40700,692420.0000,3
2025-09-04,20250904113000000,sz.002732,17.0200,17.0200,16.9800,16.9900,41000,696916.0000,3
2025-09-04,20250904130500000,sz.002732,16.9800,17.0400,16.9800,17.0000,39400,670296.0000,3
2025-09-04,20250904131000000,sz.002732,17.0100,17.1500,17.0100,17.1500,127500,2180204.0000,3
2025-09-04,20250904131500000,sz.002732,17.1400,17.1700,17.1200,17.1700,101100,1733312.0000,3
2025-09-04,20250904132000000,sz.002732,17.1700,17.2000,17.1500,17.1700,111200,1909924.0000,3
2025-09-04,20250904132500000,sz.002732,17.1700,17.1800,17.1400,17.1500,84600,1452676.0000,3
2025-09-04,20250904133000000,sz.002732,17.1500,17.1900,17.1300,17.1600,90500,1553360.0000,3
2025-09-04,20250904133500000,sz.002732,17.1500,17.1700,17.1400,17.1600,65500,1123632.0000,3
2025-09-04,20250904134000000,sz.002732,17.1500,17.1700,17.1200,17.1400,110100,1887288.0000,3
2025-09-04,20250904134500000,sz.002732,17.1400,17.1500,17.1200,17.1500,15400,263892.0000,3
2025-09-04,20250904135000000,sz.002732,17.1600,17.1600,17.1100,17.1100,62800,1076344.0000,3
2025-09-04,20250904135500000,sz.002732,17.1100,17.1400,17.1000,17.1300,38100,652340.0000,3
2025-09-04,20250904140000000,sz.002732,17.1300,17.1500,17.1300,17.1400,44600,764328.0000,3
2025-09-04,20250904140500000,sz.002732,17.1300,17.1400,17.1000,17.1100,46600,797664.0000,3
2025-09-04,20250904141000000,sz.002732,17.1100,17.1200,17.0900,17.1100,74200,1268900.0000,3
2025-09-04,20250904141500000,sz.002732,17.1100,17.1200,17.0500,17.0600,79500,1357628.0000,3
2025-09-04,20250904142000000,sz.002732,17.0500,17.0700,17.0400,17.0600,18300,312040.0000,3
2025-09-04,20250904142500000,sz.002732,17.0500,17.0600,16.9700,16.9700,97200,1653020.0000,3
2025-09-04,20250904143000000,sz.002732,17.0000,17.0000,16.9400,16.9500,83500,1416156.0000,3
2025-09-04,20250904143500000,sz.002732,16.9400,16.9800,16.9000,16.9000,66800,1130660.0000,3
2025-09-04,20250904144000000,sz.002732,16.9100,16.9200,16.8600,16.9200,81500,1376132.0000,3
2025-09-04,20250904144500000,sz.002732,16.9200,16.9800,16.9100,16.9700,80200,1358092.0000,3
2025-09-04,20250904145000000,sz.002732,16.9600,17.0000,16.9400,16.9900,62400,1059356.0000,3
2025-09-04,20250904145500000,sz.002732,17.0000,17.0400,16.9900,17.0200,52800,898544.0000,3
2025-09-04,20250904150000000,sz.002732,17.0200,17.0500,17.0100,17.0300,176900,3012296.0000,3
2025-09-05,20250905093500000,sz.002732,17.1200,17.1200,16.7800,16.8600,332500,5616661.0000,3
2025-09-05,20250905094000000,sz.002732,16.8700,16.9200,16.8100,16.8300,90900,1532194.0000,3
2025-09-05,20250905094500000,sz.002732,16.8300,16.8300,16.7100,16.7400,212000,3556356.0000,3
2025-09-05,20250905095000000,sz.002732,16.7400,16.8100,16.7300,16.7300,107300,1798947.0000,3
2025-09-05,20250905095500000,sz.002732,16.7400,16.8200,16.7200,16.8100,53800,901765.0000,3
2025-09-05,20250905100000000,sz.002732,16.8100,16.8500,16.8100,16.8400,60300,1015082.0000,3
2025-09-05,20250905100500000,sz.002732,16.8300,16.8700,16.8200,16.8700,51500,867375.0000,3
2025-09-05,20250905101000000,sz.002732,16.8500,16.8900,16.8500,16.8700,57200,964468.0000,3
2025-09-05,20250905101500000,sz.002732,16.8800,16.9000,16.8600,16.8900,31100,524684.0000,3
2025-09-05,20250905102000000,sz.002732,16.8900,16.9200,16.8600,16.8800,31100,525248.0000,3
2025-09-05,20250905102500000,sz.002732,16.8700,16.9500,16.8700,16.9500,36300,613810.0000,3
2025-09-05,20250905103000000,sz.002732,16.9400,16.9500,16.9100,16.9400,28900,489222.0000,3
2025-09-05,20250905103500000,sz.002732,16.9400,17.0000,16.9400,17.0000,76300,1295340.0000,3
2025-09-05,20250905104000000,sz.002732,17.0100,17.0400,16.9700,17.0200,51800,881094.0000,3
2025-09-05,20250905104500000,sz.002732,17.0200,17.0300,16.9700,16.9700,22900,389244.0000,3
2025-09-05,20250905105000000,sz.002732,16.9700,16.9900,16.9500,16.9500,27900,473152.0000,3
2025-09-05,20250905105500000,sz.002732,16.9600,16.9700,16.9400,16.9500,40600,688150.0000,3
2025-09-05,20250905110000000,sz.002732,16.9500,16.9500,16.9100,16.9100,28400,480716.0000,3
2025-09-05,20250905110500000,sz.002732,16.9200,16.9400,16.8900,16.9400,29200,493694.0000,3
2025-09-05,20250905111000000,sz.002732,16.9100,16.9100,16.8800,16.9000,24200,408768.0000,3
2025-09-05,20250905111500000,sz.002732,16.9000,16.9000,16.8700,16.8800,11800,199226.0000,3
2025-09-05,20250905112000000,sz.002732,16.8800,16.9000,16.8600,16.8800,30500,514638.0000,3
2025-09-05,20250905112500000,sz.002732,16.8900,16.9200,16.8900,16.9000,21000,355012.0000,3
2025-09-05,20250905113000000,sz.002732,16.8900,16.9300,16.8800,16.8900,33800,571576.0000,3
2025-09-05,20250905130500000,sz.002732,16.9100,16.9700,16.9000,16.9300,39600,670330.0000,3
2025-09-05,20250905131000000,sz.002732,16.9400,16.9400,16.9000,16.9300,38700,654894.0000,3
2025-09-05,20250905131500000,sz.002732,16.9300,16.9300,16.8900,16.9100,35600,601834.0000,3
2025-09-05,20250905132000000,sz.002732,16.9200,16.9400,16.8900,16.9000,31700,535796.0000,3
2025-09-05,20250905132500000,sz.002732,16.8900,16.9000,16.8800,16.8900,22900,386700.0000,3
2025-09-05,20250905133000000,sz.002732,16.8900,16.9100,16.8900,16.9100,32300,545704.0000,3
2025-09-05,20250905133500000,sz.002732,16.8900,16.9200,16.8900,16.9000,17500,295874.0000,3
2025-09-05,20250905134000000,sz.002732,16.9000,16.9200,16.8900,16.9000,27500,464770.0000,3
2025-09-05,20250905134500000,sz.002732,16.8900,16.9600,16.8900,16.9500,44700,756472.0000,3
2025-09-05,20250905135000000,sz.002732,16.9400,16.9700,16.9200,16.9600,42500,720238.0000,3
2025-09-05,20250905135500000,sz.002732,16.9600,16.9600,16.9200,16.9500,27100,459158.0000,3
2025-09-05,20250905140000000,sz.002732,16.9400,16.9500,16.9200,16.9200,58700,993672.0000,3
2025-09-05,20250905140500000,sz.002732,16.9300,16.9600,16.9200,16.9600,43400,735072.0000,3
2025-09-05,20250905141000000,sz.002732,16.9400,16.9500,16.9300,16.9400,35400,599576.0000,3
2025-09-05,20250905141500000,sz.002732,16.9400,16.9500,16.9200,16.9300,52700,892420.0000,3
2025-09-05,20250905142000000,sz.002732,16.9300,16.9500,16.9300,16.9300,19600,331988.0000,3
2025-09-05,20250905142500000,sz.002732,16.9300,16.9500,16.9300,16.9400,23000,389716.0000,3
2025-09-05,20250905143000000,sz.002732,16.9400,16.9600,16.9400,16.9500,22200,376304.0000,3
2025-09-05,20250905143500000,sz.002732,16.9600,16.9900,16.9400,16.9700,63600,1079260.0000,3
2025-09-05,20250905144000000,sz.002732,16.9600,16.9700,16.9500,16.9700,84600,1434888.0000,3
2025-09-05,20250905144500000,sz.002732,16.9700,16.9700,16.9400,16.9400,90400,1532524.0000,3
2025-09-05,20250905145000000,sz.002732,16.9500,16.9800,16.9400,16.9800,69700,1182100.0000,3
2025-09-05,20250905145500000,sz.002732,16.9700,16.9800,16.9500,16.9600,87900,1491008.0000,3
2025-09-05,20250905150000000,sz.002732,16.9600,16.9700,16.9600,16.9700,127000,2155156.0000,3
2025-09-08,20250908093500000,sz.002732,17.0800,17.1800,17.0200,17.1500,274300,4695453.0000,3
2025-09-08,20250908094000000,sz.002732,17.1200,17.2000,17.0600,17.1700,181000,3103010.0000,3
2025-09-08,20250908094500000,sz.002732,17.1600,17.3100,17.1600,17.2600,291600,5033355.0000,3
2025-09-08,20250908095000000,sz.002732,17.2500,17.2800,17.2400,17.2600,116300,2007764.0000,3
2025-09-08,20250908095500000,sz.002732,17.2600,17.3100,17.2500,17.2900,102600,1773517.0000,3
2025-09-08,20250908100000000,sz.002732,17.2800,17.3000,17.2500,17.2900,98900,1707425.0000,3
2025-09-08,20250908100500000,sz.002732,17.2900,17.3600,17.2900,17.3400,165500,2868420.0000,3
2025-09-08,20250908101000000,sz.002732,17.3400,17.3700,17.3200,17.3500,111200,1929360.0000,3
2025-09-08,20250908101500000,sz.002732,17.3400,17.3700,17.3300,17.3400,94600,1640892.0000,3
2025-09-08,20250908102000000,sz.002732,17.3400,17.3700,17.3200,17.3200,82700,1434988.0000,3
2025-09-08,20250908102500000,sz.002732,17.3500,17.3600,17.3300,17.3500,70000,1213632.0000,3
2025-09-08,20250908103000000,sz.002732,17.3700,17.3900,17.3500,17.3700,105300,1829248.0000,3
2025-09-08,20250908103500000,sz.002732,17.3700,17.4000,17.3600,17.4000,76300,1326196.0000,3
2025-09-08,20250908104000000,sz.002732,17.4000,17.4200,17.3300,17.3300,59800,1039716.0000,3
2025-09-08,20250908104500000,sz.002732,17.3400,17.3500,17.2900,17.3200,58000,1004324.0000,3
2025-09-08,20250908105000000,sz.002732,17.3100,17.3300,17.2800,17.2800,25800,446334.0000,3
2025-09-08,20250908105500000,sz.002732,17.2700,17.3000,17.2700,17.2900,45300,783318.0000,3
2025-09-08,20250908110000000,sz.002732,17.2900,17.3300,17.2900,17.3200,21700,375656.0000,3
2025-09-08,20250908110500000,sz.002732,17.3100,17.3200,17.3000,17.3200,25800,446708.0000,3
2025-09-08,20250908111000000,sz.002732,17.3000,17.3200,17.3000,17.3200,27200,470820.0000,3
2025-09-08,20250908111500000,sz.002732,17.3200,17.3200,17.3100,17.3200,19100,330788.0000,3
2025-09-08,20250908112000000,sz.002732,17.3200,17.3300,17.3100,17.3200,6500,112584.0000,3
2025-09-08,20250908112500000,sz.002732,17.3100,17.3200,17.3100,17.3100,14300,247628.0000,3
2025-09-08,20250908113000000,sz.002732,17.3100,17.3300,17.3100,17.3200,19900,344604.0000,3
2025-09-08,20250908130500000,sz.002732,17.3200,17.3200,17.2800,17.2800,26400,456796.0000,3
2025-09-08,20250908131000000,sz.002732,17.2800,17.3000,17.2800,17.2900,19100,330284.0000,3
2025-09-08,20250908131500000,sz.002732,17.2900,17.3000,17.2700,17.2700,32700,565212.0000,3
2025-09-08,20250908132000000,sz.002732,17.2800,17.2800,17.2600,17.2800,19900,343632.0000,3
2025-09-08,20250908132500000,sz.002732,17.2700,17.2900,17.2700,17.2800,23500,406052.0000,3
2025-09-08,20250908133000000,sz.002732,17.2900,17.3000,17.2800,17.3000,13300,229924.0000,3
2025-09-08,20250908133500000,sz.002732,17.3000,17.3000,17.2800,17.3000,16500,285272.0000,3
2025-09-08,20250908134000000,sz.002732,17.3000,17.3000,17.2700,17.2700,21700,375056.0000,3
2025-09-08,20250908134500000,sz.002732,17.2800,17.2900,17.2700,17.2800,24100,416352.0000,3
2025-09-08,20250908135000000,sz.002732,17.2700,17.2900,17.2700,17.2900,37000,639068.0000,3
2025-09-08,20250908135500000,sz.002732,17.2800,17.2900,17.2800,17.2800,7800,134800.0000,3
2025-09-08,20250908140000000,sz.002732,17.2900,17.3000,17.2800,17.2800,12800,221312.0000,3
2025-09-08,20250908140500000,sz.002732,17.2900,17.3100,17.2800,17.3100,31200,539588.0000,3
2025-09-08,20250908141000000,sz.002732,17.3100,17.3200,17.3000,17.3100,30800,533316.0000,3
2025-09-08,20250908141500000,sz.002732,17.3100,17.3100,17.3000,17.3000,7700,133232.0000,3
2025-09-08,20250908142000000,sz.002732,17.3000,17.3100,17.3000,17.3100,31000,536492.0000,3
2025-09-08,20250908142500000,sz.002732,17.3100,17.3500,17.3000,17.3400,90400,1565892.0000,3
2025-09-08,20250908143000000,sz.002732,17.3400,17.3600,17.3400,17.3400,20200,350372.0000,3
2025-09-08,20250908143500000,sz.002732,17.3600,17.3700,17.3400,17.3500,43600,756664.0000,3
2025-09-08,20250908144000000,sz.002732,17.3600,17.3600,17.3300,17.3500,49700,861988.0000,3
2025-09-08,20250908144500000,sz.002732,17.3600,17.3900,17.3400,17.3900,101000,1754528.0000,3
2025-09-08,20250908145000000,sz.002732,17.3800,17.3900,17.3600,17.3800,74800,1299916.0000,3
2025-09-08,20250908145500000,sz.002732,17.3800,17.3900,17.3700,17.3900,88600,1540000.0000,3
2025-09-08,20250908150000000,sz.002732,17.3900,17.4000,17.3800,17.3800,111000,1929688.0000,3
2025-09-09,20250909093500000,sz.002732,17.2800,17.4100,17.2800,17.3300,165900,2880871.0000,3
2025-09-09,20250909094000000,sz.002732,17.3300,17.4300,17.3300,17.4000,70200,1221611.0000,3
2025-09-09,20250909094500000,sz.002732,17.4000,17.4000,17.3300,17.3300,32800,569983.0000,3
2025-09-09,20250909095000000,sz.002732,17.3300,17.3700,17.3000,17.3600,46300,802961.0000,3
2025-09-09,20250909095500000,sz.002732,17.3600,17.3700,17.3200,17.3300,29800,517012.0000,3
2025-09-09,20250909100000000,sz.002732,17.3100,17.3300,17.3000,17.3100,35000,605851.0000,3
2025-09-09,20250909100500000,sz.002732,17.3100,17.3200,17.2800,17.3100,41300,713996.0000,3
2025-09-09,20250909101000000,sz.002732,17.2800,17.3300,17.2600,17.3100,46800,809301.0000,3
2025-09-09,20250909101500000,sz.002732,17.3100,17.3400,17.3000,17.3200,26100,452059.0000,3
2025-09-09,20250909102000000,sz.002732,17.3000,17.3300,17.2800,17.3200,42600,737049.0000,3
2025-09-09,20250909102500000,sz.002732,17.3200,17.3900,17.3200,17.3800,56400,978929.0000,3
2025-09-09,20250909103000000,sz.002732,17.3800,17.4000,17.3500,17.3600,44000,764586.0000,3
2025-09-09,20250909103500000,sz.002732,17.3500,17.3600,17.3200,17.3300,20300,351966.0000,3
2025-09-09,20250909104000000,sz.002732,17.3300,17.3300,17.3000,17.3200,43600,754972.0000,3
2025-09-09,20250909104500000,sz.002732,17.3100,17.3100,17.2900,17.2900,26900,465321.0000,3
2025-09-09,20250909105000000,sz.002732,17.3100,17.3200,17.2900,17.3000,43300,749532.0000,3
2025-09-09,20250909105500000,sz.002732,17.3000,17.3300,17.2800,17.3100,46100,797109.0000,3
2025-09-09,20250909110000000,sz.002732,17.3200,17.3500,17.3100,17.3100,8300,143872.0000,3
2025-09-09,20250909110500000,sz.002732,17.2700,17.3100,17.2700,17.2900,11100,191880.0000,3
2025-09-09,20250909111000000,sz.002732,17.3000,17.3100,17.2700,17.2700,19800,342306.0000,3
2025-09-09,20250909111500000,sz.002732,17.2500,17.2900,17.2500,17.2700,69200,1195323.0000,3
2025-09-09,20250909112000000,sz.002732,17.2800,17.2800,17.2500,17.2500,31900,550773.0000,3
2025-09-09,20250909112500000,sz.002732,17.2600,17.3000,17.2500,17.2700,29000,501099.0000,3
2025-09-09,20250909113000000,sz.002732,17.2700,17.3300,17.2600,17.3300,17600,304338.0000,3
2025-09-09,20250909130500000,sz.002732,17.3400,17.3400,17.2800,17.2800,19200,332318.0000,3
2025-09-09,20250909131000000,sz.002732,17.2800,17.3300,17.2800,17.3100,16100,278578.0000,3
2025-09-09,20250909131500000,sz.002732,17.3100,17.3200,17.2900,17.3000,58900,1018516.0000,3
2025-09-09,20250909132000000,sz.002732,17.2900,17.2900,17.2500,17.2700,28300,488624.0000,3
2025-09-09,20250909132500000,sz.002732,17.2700,17.2800,17.2400,17.2500,25800,445050.0000,3
2025-09-09,20250909133000000,sz.002732,17.2400,17.3200,17.2400,17.2800,27400,473500.0000,3
2025-09-09,20250909133500000,sz.002732,17.2800,17.2800,17.2400,17.2500,21200,365838.0000,3
2025-09-09,20250909134000000,sz.002732,17.2600,17.2600,17.2100,17.2300,31400,540994.0000,3
2025-09-09,20250909134500000,sz.002732,17.2300,17.2700,17.2300,17.2500,28300,488166.0000,3
2025-09-09,20250909135000000,sz.002732,17.2500,17.2500,17.2100,17.2200,22100,380744.0000,3
2025-09-09,20250909135500000,sz.002732,17.2300,17.2600,17.2200,17.2600,20300,349984.0000,3
2025-09-09,20250909140000000,sz.002732,17.2600,17.2700,17.2300,17.2300,22400,386556.0000,3
2025-09-09,20250909140500000,sz.002732,17.2400,17.2600,17.2200,17.2600,15000,258540.0000,3
2025-09-09,20250909141000000,sz.002732,17.2700,17.2700,17.2500,17.2500,33200,572820.0000,3
2025-09-09,20250909141500000,sz.002732,17.2400,17.2800,17.2400,17.2800,13200,227876.0000,3
2025-09-09,20250909142000000,sz.002732,17.2800,17.2800,17.2600,17.2700,17600,304004.0000,3
2025-09-09,20250909142500000,sz.002732,17.2600,17.2600,17.2400,17.2600,12400,213968.0000,3
2025-09-09,20250909143000000,sz.002732,17.2600,17.2700,17.2500,17.2700,9500,164016.0000,3
2025-09-09,20250909143500000,sz.002732,17.2700,17.2800,17.2500,17.2700,44000,759266.0000,3
2025-09-09,20250909144000000,sz.002732,17.2700,17.3000,17.2700,17.3000,21900,378512.0000,3
2025-09-09,20250909144500000,sz.002732,17.3000,17.3100,17.2800,17.3000,21600,373594.0000,3
2025-09-09,20250909145000000,sz.002732,17.3100,17.3300,17.2900,17.3300,72000,1246142.0000,3
2025-09-09,20250909145500000,sz.002732,17.3100,17.3400,17.3000,17.3300,91300,1581186.0000,3
2025-09-09,20250909150000000,sz.002732,17.3300,17.3400,17.3000,17.3100,55100,954352.0000,3
2025-09-10,20250910093500000,sz.002732,17.3100,17.3600,17.2600,17.3600,120500,2085153.0000,3
2025-09-10,20250910094000000,sz.002732,17.3500,17.3900,17.3300,17.3400,70900,1230474.0000,3
2025-09-10,20250910094500000,sz.002732,17.3300,17.3800,17.3300,17.3600,96600,1676366.0000,3
2025-09-10,20250910095000000,sz.002732,17.3600,17.3900,17.3400,17.3700,48100,835142.0000,3
2025-09-10,20250910095500000,sz.002732,17.4000,17.4000,17.3600,17.3600,51800,900069.0000,3
2025-09-10,20250910100000000,sz.002732,17.3600,17.3900,17.3600,17.3900,31900,554439.0000,3
2025-09-10,20250910100500000,sz.002732,17.3900,17.4300,17.3700,17.3900,69700,1212732.0000,3
2025-09-10,20250910101000000,sz.002732,17.3900,17.4200,17.3900,17.4000,53200,926064.0000,3
2025-09-10,20250910101500000,sz.002732,17.4000,17.4200,17.4000,17.4100,29200,508251.0000,3
2025-09-10,20250910102000000,sz.002732,17.4000,17.4100,17.3600,17.3800,28500,495402.0000,3
2025-09-10,20250910102500000,sz.002732,17.3800,17.3800,17.3600,17.3600,34000,590600.0000,3
2025-09-10,20250910103000000,sz.002732,17.3600,17.3900,17.3600,17.3900,28600,496931.0000,3
2025-09-10,20250910103500000,sz.002732,17.4000,17.4400,17.4000,17.4000,109000,1899089.0000,3
2025-09-10,20250910104000000,sz.002732,17.4000,17.4200,17.3800,17.4100,40900,711921.0000,3
2025-09-10,20250910104500000,sz.002732,17.4000,17.4200,17.3800,17.3900,29800,518666.0000,3
2025-09-10,20250910105000000,sz.002732,17.3800,17.4300,17.3800,17.4200,52300,911056.0000,3
2025-09-10,20250910105500000,sz.002732,17.4200,17.4200,17.4000,17.4000,22200,386393.0000,3
2025-09-10,20250910110000000,sz.002732,17.4000,17.4200,17.4000,17.4200,4900,85302.0000,3
2025-09-10,20250910110500000,sz.002732,17.4000,17.4400,17.4000,17.4400,44900,782306.0000,3
2025-09-10,20250910111000000,sz.002732,17.4300,17.4400,17.4200,17.4300,28100,489780.0000,3
2025-09-10,20250910111500000,sz.002732,17.4300,17.4400,17.4200,17.4200,12900,224808.0000,3
2025-09-10,20250910112000000,sz.002732,17.4100,17.4400,17.4100,17.4400,30100,524528.0000,3
2025-09-10,20250910112500000,sz.002732,17.4400,17.4500,17.4300,17.4300,39100,681834.0000,3
2025-09-10,20250910113000000,sz.002732,17.4300,17.4800,17.4200,17.4700,63600,1110170.0000,3
2025-09-10,20250910130500000,sz.002732,17.4500,17.4600,17.4100,17.4100,44400,774050.0000,3
2025-09-10,20250910131000000,sz.002732,17.4200,17.4200,17.3900,17.4000,20800,362070.0000,3
2025-09-10,20250910131500000,sz.002732,17.4000,17.4000,17.3800,17.3800,25000,434640.0000,3
2025-09-10,20250910132000000,sz.002732,17.3700,17.4000,17.3700,17.3700,32000,556340.0000,3
2025-09-10,20250910132500000,sz.002732,17.3800,17.4100,17.3800,17.3900,24500,426184.0000,3
2025-09-10,20250910133000000,sz.002732,17.3900,17.4200,17.3900,17.4200,16400,285370.0000,3
2025-09-10,20250910133500000,sz.002732,17.4100,17.4500,17.4000,17.4500,22700,395426.0000,3
2025-09-10,20250910134000000,sz.002732,17.4400,17.4600,17.4300,17.4600,41400,722752.0000,3
2025-09-10,20250910134500000,sz.002732,17.4600,17.4600,17.4300,17.4400,17600,306984.0000,3
2025-09-10,20250910135000000,sz.002732,17.4300,17.4400,17.4300,17.4400,14500,252764.0000,3
2025-09-10,20250910135500000,sz.002732,17.4300,17.4500,17.4300,17.4500,23000,401082.0000,3
2025-09-10,20250910140000000,sz.002732,17.4400,17.4600,17.4400,17.4500,30200,526910.0000,3
2025-09-10,20250910140500000,sz.002732,17.4500,17.4600,17.4500,17.4600,28400,495688.0000,3
2025-09-10,20250910141000000,sz.002732,17.4600,17.4700,17.4500,17.4600,43000,750824.0000,3
2025-09-10,20250910141500000,sz.002732,17.4600,17.5000,17.4500,17.4900,96600,1688464.0000,3
2025-09-10,20250910142000000,sz.002732,17.4900,17.5000,17.4900,17.4900,46000,804558.0000,3
2025-09-10,20250910142500000,sz.002732,17.4900,17.5000,17.4800,17.4800,40900,715522.0000,3
2025-09-10,20250910143000000,sz.002732,17.4800,17.4900,17.4800,17.4800,54900,959920.0000,3
2025-09-10,20250910143500000,sz.002732,17.4800,17.4900,17.4400,17.4600,43300,755856.0000,3
2025-09-10,20250910144000000,sz.002732,17.4700,17.4700,17.4500,17.4500,40300,703594.0000,3
2025-09-10,20250910144500000,sz.002732,17.4500,17.4600,17.4400,17.4600,74200,1294858.0000,3
2025-09-10,20250910145000000,sz.002732,17.4500,17.4600,17.4400,17.4600,41200,719044.0000,3
2025-09-10,20250910145500000,sz.002732,17.4600,17.4700,17.4500,17.4600,38000,663432.0000,3
2025-09-10,20250910150000000,sz.002732,17.4600,17.4700,17.4500,17.4600,87400,1526296.0000,3
2025-09-11,20250911093500000,sz.002732,17.4500,17.5000,17.3800,17.4200,200700,3497949.0000,3
2025-09-11,20250911094000000,sz.002732,17.3900,17.4100,17.3300,17.3300,102900,1787404.0000,3
2025-09-11,20250911094500000,sz.002732,17.3300,17.3500,17.3100,17.3400,78200,1355026.0000,3
2025-09-11,20250911095000000,sz.002732,17.3400,17.3500,17.2700,17.2700,111000,1920439.0000,3
2025-09-11,20250911095500000,sz.002732,17.2900,17.3100,17.2500,17.3100,107300,1853976.0000,3
2025-09-11,20250911100000000,sz.002732,17.3100,17.3400,17.2800,17.3100,44000,761437.0000,3
2025-09-11,20250911100500000,sz.002732,17.3200,17.3400,17.3000,17.3000,49200,851601.0000,3
2025-09-11,20250911101000000,sz.002732,17.3100,17.3200,17.2800,17.3000,42700,738502.0000,3
2025-09-11,20250911101500000,sz.002732,17.3000,17.3100,17.2600,17.2700,55300,955174.0000,3
2025-09-11,20250911102000000,sz.002732,17.2600,17.2700,17.2100,17.2300,110300,1901426.0000,3
2025-09-11,20250911102500000,sz.002732,17.2300,17.2500,17.2100,17.2300,40900,704357.0000,3
2025-09-11,20250911103000000,sz.002732,17.2500,17.2500,17.2100,17.2200,67900,1169307.0000,3
2025-09-11,20250911103500000,sz.002732,17.2200,17.2400,17.2100,17.2100,26400,454652.0000,3
2025-09-11,20250911104000000,sz.002732,17.2100,17.2100,17.1700,17.1900,94100,1618234.0000,3
2025-09-11,20250911104500000,sz.002732,17.2000,17.2400,17.2000,17.2400,39400,678412.0000,3
2025-09-11,20250911105000000,sz.002732,17.2300,17.2600,17.2200,17.2300,15300,263788.0000,3
2025-09-11,20250911105500000,sz.002732,17.2200,17.2200,17.1900,17.2000,84100,1447000.0000,3
2025-09-11,20250911110000000,sz.002732,17.2000,17.2300,17.2000,17.2200,27200,468070.0000,3
2025-09-11,20250911110500000,sz.002732,17.2300,17.2600,17.2300,17.2600,21000,362282.0000,3
2025-09-11,20250911111000000,sz.002732,17.2800,17.2800,17.2500,17.2600,23000,396928.0000,3
2025-09-11,20250911111500000,sz.002732,17.2700,17.3000,17.2600,17.2900,25000,432148.0000,3
2025-09-11,20250911112000000,sz.002732,17.2800,17.3000,17.2700,17.3000,22000,380244.0000,3
2025-09-11,20250911112500000,sz.002732,17.2900,17.3000,17.2900,17.3000,15700,271458.0000,3
2025-09-11,20250911113000000,sz.002732,17.3000,17.3200,17.2900,17.3200,28900,500158.0000,3
2025-09-11,20250911130500000,sz.002732,17.3200,17.3900,17.3200,17.3700,64600,1121348.0000,3
2025-09-11,20250911131000000,sz.002732,17.3800,17.3900,17.3600,17.3900,56800,987070.0000,3
2025-09-11,20250911131500000,sz.002732,17.3900,17.4000,17.3600,17.3800,29800,517994.0000,3
2025-09-11,20250911132000000,sz.002732,17.3800,17.3800,17.3500,17.3500,17600,305656.0000,3
2025-09-11,20250911132500000,sz.002732,17.3600,17.3700,17.3500,17.3500,17800,309048.0000,3
2025-09-11,20250911133000000,sz.002732,17.3500,17.3600,17.3400,17.3400,30900,535974.0000,3
2025-09-11,20250911133500000,sz.002732,17.3500,17.3700,17.3400,17.3600,26900,466914.0000,3
2025-09-11,20250911134000000,sz.002732,17.3700,17.3900,17.3500,17.3700,26400,458570.0000,3
2025-09-11,20250911134500000,sz.002732,17.3500,17.3600,17.3400,17.3500,15700,272382.0000,3
2025-09-11,20250911135000000,sz.002732,17.3500,17.3500,17.3200,17.3500,20600,357166.0000,3
2025-09-11,20250911135500000,sz.002732,17.3500,17.3500,17.3300,17.3500,15200,263558.0000,3
2025-09-11,20250911140000000,sz.002732,17.3500,17.3700,17.3400,17.3400,17000,294978.0000,3
2025-09-11,20250911140500000,sz.002732,17.3600,17.3700,17.3400,17.3600,29300,508418.0000,3
2025-09-11,20250911141000000,sz.002732,17.3500,17.3600,17.3400,17.3500,29300,508510.0000,3
2025-09-11,20250911141500000,sz.002732,17.3600,17.3700,17.3500,17.3500,8100,140574.0000,3
2025-09-11,20250911142000000,sz.002732,17.3500,17.3800,17.3500,17.3700,23300,404756.0000,3
2025-09-11,20250911142500000,sz.002732,17.3800,17.3900,17.3700,17.3900,21200,368604.0000,3
2025-09-11,20250911143000000,sz.002732,17.4000,17.4000,17.3800,17.3900,18300,318236.0000,3
2025-09-11,20250911143500000,sz.002732,17.4000,17.4100,17.3900,17.4100,50800,883688.0000,3
2025-09-11,20250911144000000,sz.002732,17.4100,17.4300,17.4100,17.4300,56300,980572.0000,3
2025-09-11,20250911144500000,sz.002732,17.4300,17.4400,17.4200,17.4200,43500,758284.0000,3
2025-09-11,20250911145000000,sz.002732,17.4200,17.4400,17.4200,17.4400,63100,1099776.0000,3
2025-09-11,20250911145500000,sz.002732,17.4300,17.4600,17.4300,17.4400,141800,2473340.0000,3
2025-09-11,20250911150000000,sz.002732,17.4400,17.4500,17.4300,17.4400,77700,1354976.0000,3
2025-09-12,20250912093500000,sz.002732,17.4400,17.5000,17.4100,17.4800,186000,3246308.0000,3
2025-09-12,20250912094000000,sz.002732,17.4600,17.4700,17.3700,17.3700,76400,1330679.0000,3
2025-09-12,20250912094500000,sz.002732,17.3700,17.3900,17.3600,17.3700,76600,1330555.0000,3
2025-09-12,20250912095000000,sz.002732,17.3600,17.3800,17.3500,17.3700,83700,1453402.0000,3
2025-09-12,20250912095500000,sz.002732,17.3700,17.3800,17.3500,17.3500,53700,932211.0000,3
2025-09-12,20250912100000000,sz.002732,17.3600,17.3600,17.3100,17.3200,80000,1386147.0000,3
2025-09-12,20250912100500000,sz.002732,17.3200,17.3200,17.3000,17.3000,70100,1213390.0000,3
2025-09-12,20250912101000000,sz.002732,17.2900,17.3200,17.2900,17.3100,57100,988050.0000,3
2025-09-12,20250912101500000,sz.002732,17.3100,17.3500,17.3000,17.3200,46400,803455.0000,3
2025-09-12,20250912102000000,sz.002732,17.3000,17.3300,17.3000,17.3300,32900,569522.0000,3
2025-09-12,20250912102500000,sz.002732,17.3300,17.3300,17.3000,17.3100,66100,1144646.0000,3
2025-09-12,20250912103000000,sz.002732,17.3100,17.3400,17.3000,17.3200,68600,1187997.0000,3
2025-09-12,20250912103500000,sz.002732,17.3100,17.3400,17.3100,17.3200,64100,1110270.0000,3
2025-09-12,20250912104000000,sz.002732,17.3200,17.3400,17.3200,17.3300,16900,292896.0000,3
2025-09-12,20250912104500000,sz.002732,17.3300,17.3300,17.3000,17.3100,36000,623530.0000,3
2025-09-12,20250912105000000,sz.002732,17.3100,17.3400,17.3000,17.3300,88700,1536050.0000,3
2025-09-12,20250912105500000,sz.002732,17.3100,17.3400,17.3100,17.3200,16000,277194.0000,3
2025-09-12,20250912110000000,sz.002732,17.3200,17.3300,17.3000,17.3000,39300,680178.0000,3
2025-09-12,20250912110500000,sz.002732,17.3000,17.3000,17.2700,17.2800,43600,753506.0000,3
2025-09-12,20250912111000000,sz.002732,17.2900,17.3000,17.2800,17.3000,35200,608520.0000,3
2025-09-12,20250912111500000,sz.002732,17.3000,17.3200,17.3000,17.3200,21700,375534.0000,3
2025-09-12,20250912112000000,sz.002732,17.3200,17.3400,17.3200,17.3200,16600,287620.0000,3
2025-09-12,20250912112500000,sz.002732,17.3200,17.3200,17.3100,17.3200,11200,193964.0000,3
2025-09-12,20250912113000000,sz.002732,17.3100,17.3300,17.3100,17.3200,12800,221680.0000,3
2025-09-12,20250912130500000,sz.002732,17.3100,17.3300,17.3100,17.3300,47300,819208.0000,3
2025-09-12,20250912131000000,sz.002732,17.3200,17.3400,17.3100,17.3300,21200,367296.0000,3
2025-09-12,20250912131500000,sz.002732,17.3300,17.3400,17.3200,17.3400,15500,268636.0000,3
2025-09-12,20250912132000000,sz.002732,17.3300,17.3400,17.3200,17.3400,10200,176788.0000,3
2025-09-12,20250912132500000,sz.002732,17.3200,17.3400,17.3100,17.3300,23700,410628.0000,3
2025-09-12,20250912133000000,sz.002732,17.3100,17.3500,17.3100,17.3400,34400,596472.0000,3
2025-09-12,20250912133500000,sz.002732,17.3300,17.3500,17.3300,17.3400,17500,303480.0000,3
2025-09-12,20250912134000000,sz.002732,17.3400,17.3500,17.3100,17.3100,28900,500632.0000,3
2025-09-12,20250912134500000,sz.002732,17.3200,17.3300,17.3200,17.3200,24300,420938.0000,3
2025-09-12,20250912135000000,sz.002732,17.3200,17.3400,17.3200,17.3400,5400,93578.0000,3
2025-09-12,20250912135500000,sz.002732,17.3300,17.3400,17.3200,17.3200,16600,287620.0000,3
2025-09-12,20250912140000000,sz.002732,17.3200,17.3200,17.3100,17.3100,28700,496878.0000,3
2025-09-12,20250912140500000,sz.002732,17.3200,17.3200,17.2900,17.3000,45600,788894.0000,3
2025-09-12,20250912141000000,sz.002732,17.3000,17.3100,17.2900,17.2900,17400,300992.0000,3
2025-09-12,20250912141500000,sz.002732,17.2900,17.3100,17.2900,17.3000,13500,233552.0000,3
2025-09-12,20250912142000000,sz.002732,17.3000,17.3100,17.2900,17.2900,7700,133218.0000,3
2025-09-12,20250912142500000,sz.002732,17.3000,17.3100,17.2900,17.3100,30400,525908.0000,3
2025-09-12,20250912143000000,sz.002732,17.3100,17.3200,17.2900,17.3200,49700,860218.0000,3
2025-09-12,20250912143500000,sz.002732,17.3200,17.3500,17.3000,17.3300,42000,727980.0000,3
2025-09-12,20250912144000000,sz.002732,17.3300,17.3600,17.3300,17.3600,63400,1099972.0000,3
2025-09-12,20250912144500000,sz.002732,17.3400,17.3500,17.3000,17.3200,50200,870352.0000,3
2025-09-12,20250912145000000,sz.002732,17.3100,17.3100,17.2900,17.3000,45900,794272.0000,3
2025-09-12,20250912145500000,sz.002732,17.2900,17.3100,17.2800,17.3000,49700,859680.0000,3
2025-09-12,20250912150000000,sz.002732,17.3000,17.3000,17.2500,17.2600,90100,1556720.0000,3
2025-09-15,20250915093500000,sz.002732,17.2700,17.2900,17.2200,17.2600,95900,1655582.0000,3
2025-09-15,20250915094000000,sz.002732,17.2600,17.2900,17.2400,17.2800,109500,1890969.0000,3
2025-09-15,20250915094500000,sz.002732,17.2800,17.3400,17.2600,17.3000,72600,1256064.0000,3
2025-09-15,20250915095000000,sz.002732,17.3000,17.3700,17.3000,17.3300,102200,1771811.0000,3
2025-09-15,20250915095500000,sz.002732,17.3200,17.3300,17.2900,17.3100,66000,1142276.0000,3
2025-09-15,20250915100000000,sz.002732,17.3100,17.3300,17.3000,17.3200,45700,791459.0000,3
2025-09-15,20250915100500000,sz.002732,17.3100,17.3100,17.2400,17.2400,71400,1233394.0000,3
2025-09-15,20250915101000000,sz.002732,17.2400,17.2500,17.2200,17.2400,97300,1677170.0000,3
2025-09-15,20250915101500000,sz.002732,17.2400,17.2500,17.2300,17.2500,50100,863796.0000,3
2025-09-15,20250915102000000,sz.002732,17.2500,17.2600,17.2200,17.2300,46300,797879.0000,3
2025-09-15,20250915102500000,sz.002732,17.2300,17.2400,17.2200,17.2200,39500,680501.0000,3
2025-09-15,20250915103000000,sz.002732,17.2300,17.2400,17.2100,17.2400,66900,1151991.0000,3
2025-09-15,20250915103500000,sz.002732,17.2500,17.2500,17.2400,17.2400,20200,348307.0000,3
2025-09-15,20250915104000000,sz.002732,17.2500,17.2900,17.2500,17.2900,12200,210721.0000,3
2025-09-15,20250915104500000,sz.002732,17.2900,17.2900,17.2700,17.2900,22100,381869.0000,3
2025-09-15,20250915105000000,sz.002732,17.2900,17.2900,17.2700,17.2700,9200,158964.0000,3
2025-09-15,20250915105500000,sz.002732,17.2800,17.2800,17.2500,17.2600,21800,376381.0000,3
2025-09-15,20250915110000000,sz.002732,17.2600,17.2700,17.2500,17.2600,35000,604098.0000,3
2025-09-15,20250915110500000,sz.002732,17.2500,17.2700,17.2300,17.2500,25100,432968.0000,3
2025-09-15,20250915111000000,sz.002732,17.2400,17.2500,17.2300,17.2500,15900,274124.0000,3
2025-09-15,20250915111500000,sz.002732,17.2500,17.2700,17.2400,17.2600,12900,222624.0000,3
2025-09-15,20250915112000000,sz.002732,17.2600,17.2600,17.2400,17.2600,46000,793572.0000,3
2025-09-15,20250915112500000,sz.002732,17.2500,17.2800,17.2400,17.2500,22500,388260.0000,3
2025-09-15,20250915113000000,sz.002732,17.2700,17.2700,17.2200,17.2200,62200,1072792.0000,3
2025-09-15,20250915130500000,sz.002732,17.2300,17.2500,17.2300,17.2500,12100,208652.0000,3
2025-09-15,20250915131000000,sz.002732,17.2400,17.2500,17.2400,17.2400,5700,98304.0000,3
2025-09-15,20250915131500000,sz.002732,17.2500,17.2600,17.2300,17.2600,131800,2273106.0000,3
2025-09-15,20250915132000000,sz.002732,17.2500,17.2500,17.2300,17.2400,35500,611884.0000,3
2025-09-15,20250915132500000,sz.002732,17.2400,17.2500,17.2300,17.2500,9000,155170.0000,3
2025-09-15,20250915133000000,sz.002732,17.2400,17.2500,17.2400,17.2400,17000,293168.0000,3
2025-09-15,20250915133500000,sz.002732,17.2500,17.2700,17.2400,17.2700,82800,1428520.0000,3
2025-09-15,20250915134000000,sz.002732,17.2700,17.2700,17.2600,17.2700,18900,326340.0000,3
2025-09-15,20250915134500000,sz.002732,17.2700,17.2800,17.2700,17.2800,17500,302372.0000,3
2025-09-15,20250915135000000,sz.002732,17.2900,17.2900,17.2800,17.2800,14200,245380.0000,3
2025-09-15,20250915135500000,sz.002732,17.2800,17.3000,17.2800,17.2900,21400,370012.0000,3
2025-09-15,20250915140000000,sz.002732,17.2800,17.3000,17.2800,17.3000,15000,259340.0000,3
2025-09-15,20250915140500000,sz.002732,17.2900,17.3000,17.2700,17.2700,32700,565312.0000,3
2025-09-15,20250915141000000,sz.002732,17.2800,17.2900,17.2600,17.2800,42000,725508.0000,3
2025-09-15,20250915141500000,sz.002732,17.2900,17.3000,17.2900,17.2900,11300,195390.0000,3
2025-09-15,20250915142000000,sz.002732,17.2900,17.3000,17.2900,17.3000,6600,114158.0000,3
2025-09-15,20250915142500000,sz.002732,17.3000,17.3200,17.2900,17.3000,46100,797640.0000,3
2025-09-15,20250915143000000,sz.002732,17.2900,17.3000,17.2700,17.2700,58700,1014820.0000,3
2025-09-15,20250915143500000,sz.002732,17.2700,17.3000,17.2700,17.2900,47700,824296.0000,3
2025-09-15,20250915144000000,sz.002732,17.2900,17.3100,17.2900,17.3000,22000,380420.0000,3
2025-09-15,20250915144500000,sz.002732,17.3000,17.3100,17.3000,17.3100,14800,256080.0000,3
2025-09-15,20250915145000000,sz.002732,17.3100,17.3400,17.3100,17.3300,79900,1384376.0000,3
2025-09-15,20250915145500000,sz.002732,17.3300,17.3300,17.3200,17.3200,26200,453896.0000,3
2025-09-15,20250915150000000,sz.002732,17.3300,17.3400,17.3100,17.3100,44100,763908.0000,3
2025-09-16,20250916093500000,sz.002732,17.3500,17.3500,17.2800,17.3100,88800,1537464.0000,3
2025-09-16,20250916094000000,sz.002732,17.3100,17.3500,17.3000,17.3500,17100,296181.0000,3
2025-09-16,20250916094500000,sz.002732,17.3400,17.3800,17.3200,17.3700,65100,1130003.0000,3
2025-09-16,20250916095000000,sz.002732,17.3700,17.3700,17.3100,17.3200,42700,740626.0000,3
2025-09-16,20250916095500000,sz.002732,17.3300,17.3300,17.2900,17.3100,27200,470684.0000,3
2025-09-16,20250916100000000,sz.002732,17.3100,17.3200,17.2800,17.2800,26300,454833.0000,3
2025-09-16,20250916100500000,sz.002732,17.2900,17.3000,17.2800,17.3000,18500,319867.0000,3
2025-09-16,20250916101000000,sz.002732,17.2900,17.3100,17.2900,17.3000,20400,352895.0000,3
2025-09-16,20250916101500000,sz.002732,17.2900,17.3000,17.2700,17.2700,40300,696449.0000,3
2025-09-16,20250916102000000,sz.002732,17.2700,17.2800,17.2500,17.2500,45800,790409.0000,3
2025-09-16,20250916102500000,sz.002732,17.2500,17.2700,17.2200,17.2300,52300,901818.0000,3
2025-09-16,20250916103000000,sz.002732,17.2300,17.2300,17.2100,17.2200,32200,554367.0000,3
2025-09-16,20250916103500000,sz.002732,17.2200,17.2300,17.1900,17.2200,87200,1500666.0000,3
2025-09-16,20250916104000000,sz.002732,17.2100,17.2100,17.2000,17.2100,10300,177212.0000,3
2025-09-16,20250916104500000,sz.002732,17.2100,17.2500,17.2000,17.2500,34400,592143.0000,3
2025-09-16,20250916105000000,sz.002732,17.2500,17.2600,17.2300,17.2500,12100,208680.0000,3
2025-09-16,20250916105500000,sz.002732,17.2500,17.2900,17.2400,17.2600,20800,359049.0000,3
2025-09-16,20250916110000000,sz.002732,17.2500,17.2500,17.2300,17.2300,8600,148207.0000,3
2025-09-16,20250916110500000,sz.002732,17.2400,17.2400,17.2200,17.2300,28700,494251.0000,3
2025-09-16,20250916111000000,sz.002732,17.2400,17.2700,17.2300,17.2600,24100,415524.0000,3
2025-09-16,20250916111500000,sz.002732,17.2600,17.2800,17.2600,17.2700,12800,221032.0000,3
2025-09-16,20250916112000000,sz.002732,17.2700,17.3100,17.2700,17.3100,33900,586212.0000,3
2025-09-16,20250916112500000,sz.002732,17.2900,17.3100,17.2900,17.3000,18800,325273.0000,3
2025-09-16,20250916113000000,sz.002732,17.3100,17.3200,17.3000,17.3200,21000,363544.0000,3
2025-09-16,20250916130500000,sz.002732,17.3200,17.3300,17.2900,17.3300,47500,822295.0000,3
2025-09-16,20250916131000000,sz.002732,17.3200,17.3200,17.3000,17.3100,13300,230275.0000,3
2025-09-16,20250916131500000,sz.002732,17.3100,17.3100,17.2800,17.3000,31900,551652.0000,3
2025-09-16,20250916132000000,sz.002732,17.3000,17.3100,17.2800,17.2800,27600,477167.0000,3
2025-09-16,20250916132500000,sz.002732,17.3000,17.3100,17.3000,17.3000,20500,354639.0000,3
2025-09-16,20250916133000000,sz.002732,17.3100,17.3100,17.2800,17.3000,10600,183317.0000,3
2025-09-16,20250916133500000,sz.002732,17.2800,17.3000,17.2700,17.2900,14500,250524.0000,3
2025-09-16,20250916134000000,sz.002732,17.3000,17.3100,17.3000,17.3000,15000,259574.0000,3
2025-09-16,20250916134500000,sz.002732,17.3000,17.3000,17.2900,17.3000,6500,112420.0000,3
2025-09-16,20250916135000000,sz.002732,17.3100,17.3400,17.3100,17.3400,73900,1280432.0000,3
2025-09-16,20250916135500000,sz.002732,17.3400,17.3400,17.3200,17.3400,56300,975856.0000,3
2025-09-16,20250916140000000,sz.002732,17.3400,17.3500,17.3300,17.3500,28300,490864.0000,3
2025-09-16,20250916140500000,sz.002732,17.3500,17.3500,17.3400,17.3400,14100,244548.0000,3
2025-09-16,20250916141000000,sz.002732,17.3500,17.3600,17.3300,17.3500,55700,966372.0000,3
2025-09-16,20250916141500000,sz.002732,17.3500,17.3700,17.3400,17.3700,59300,1029136.0000,3
2025-09-16,20250916142000000,sz.002732,17.3600,17.4000,17.3600,17.3900,84900,1475826.0000,3
2025-09-16,20250916142500000,sz.002732,17.3900,17.3900,17.3800,17.3800,41500,721362.0000,3
2025-09-16,20250916143000000,sz.002732,17.3800,17.4000,17.3800,17.3800,60100,1045242.0000,3
2025-09-16,20250916143500000,sz.002732,17.3800,17.3900,17.3800,17.3800,21600,375462.0000,3
2025-09-16,20250916144000000,sz.002732,17.3800,17.3900,17.3700,17.3700,39600,688334.0000,3
2025-09-16,20250916144500000,sz.002732,17.3700,17.3800,17.3600,17.3600,26100,453370.0000,3
2025-09-16,20250916145000000,sz.002732,17.3600,17.3700,17.3500,17.3700,46900,814332.0000,3
2025-09-16,20250916145500000,sz.002732,17.3800,17.3800,17.3600,17.3600,38100,661428.0000,3
2025-09-16,20250916150000000,sz.002732,17.3600,17.3800,17.3600,17.3800,61000,1059988.0000,3
2025-09-17,20250917093500000,sz.002732,17.3800,17.4600,17.3800,17.3800,229200,3993424.0000,3
2025-09-17,20250917094000000,sz.002732,17.3800,17.3800,17.3300,17.3500,65400,1135042.0000,3
2025-09-17,20250917094500000,sz.002732,17.3500,17.3800,17.3200,17.3500,57600,999148.0000,3
2025-09-17,20250917095000000,sz.002732,17.3500,17.3600,17.3200,17.3300,45700,792345.0000,3
2025-09-17,20250917095500000,sz.002732,17.3200,17.3400,17.2900,17.2900,68900,1192754.0000,3
2025-09-17,20250917100000000,sz.002732,17.3000,17.3200,17.2800,17.2800,97800,1691560.0000,3
2025-09-17,20250917100500000,sz.002732,17.2800,17.3000,17.2700,17.2900,81200,1403542.0000,3
2025-09-17,20250917101000000,sz.002732,17.2900,17.3000,17.2800,17.2900,38200,660577.0000,3
2025-09-17,20250917101500000,sz.002732,17.2900,17.3200,17.2800,17.3200,33100,572414.0000,3
2025-09-17,20250917102000000,sz.002732,17.2900,17.3400,17.2900,17.3200,31900,552424.0000,3
2025-09-17,20250917102500000,sz.002732,17.3200,17.3800,17.3200,17.3600,68200,1183013.0000,3
2025-09-17,20250917103000000,sz.002732,17.3500,17.3900,17.3200,17.3800,38800,673321.0000,3
2025-09-17,20250917103500000,sz.002732,17.3700,17.3800,17.3500,17.3500,10300,178874.0000,3
2025-09-17,20250917104000000,sz.002732,17.3500,17.3500,17.3100,17.3100,26600,460850.0000,3
2025-09-17,20250917104500000,sz.002732,17.3100,17.3100,17.2900,17.3000,18700,323490.0000,3
2025-09-17,20250917105000000,sz.002732,17.2900,17.3200,17.2900,17.3200,14900,257894.0000,3
2025-09-17,20250917105500000,sz.002732,17.3200,17.3300,17.3100,17.3200,19000,329046.0000,3
2025-09-17,20250917110000000,sz.002732,17.3100,17.3200,17.3000,17.3000,20600,356537.0000,3
2025-09-17,20250917110500000,sz.002732,17.3200,17.3200,17.3000,17.3200,11900,205977.0000,3
2025-09-17,20250917111000000,sz.002732,17.3200,17.3300,17.3100,17.3300,14300,247738.0000,3
2025-09-17,20250917111500000,sz.002732,17.3100,17.3300,17.3100,17.3300,7100,122934.0000,3
2025-09-17,20250917112000000,sz.002732,17.3200,17.3200,17.3100,17.3200,6100,105644.0000,3
2025-09-17,20250917112500000,sz.002732,17.3200,17.3300,17.3100,17.3200,10800,187056.0000,3
2025-09-17,20250917113000000,sz.002732,17.3100,17.3200,17.3000,17.3000,16400,283874.0000,3
2025-09-17,20250917130500000,sz.002732,17.3200,17.3200,17.3000,17.3000,29300,507014.0000,3
2025-09-17,20250917131000000,sz.002732,17.2900,17.3100,17.2900,17.3100,27300,472084.0000,3
2025-09-17,20250917131500000,sz.002732,17.3000,17.3000,17.2800,17.2800,66700,1153246.0000,3
2025-09-17,20250917132000000,sz.002732,17.2900,17.2900,17.2600,17.2700,59500,1027932.0000,3
2025-09-17,20250917132500000,sz.002732,17.2700,17.2700,17.2600,17.2600,16000,276264.0000,3
2025-09-17,20250917133000000,sz.002732,17.2600,17.2600,17.2400,17.2400,44100,760712.0000,3
2025-09-17,20250917133500000,sz.002732,17.2400,17.2500,17.2300,17.2400,26000,448118.0000,3
2025-09-17,20250917134000000,sz.002732,17.2500,17.2600,17.2400,17.2400,16800,289756.0000,3
2025-09-17,20250917134500000,sz.002732,17.2500,17.2500,17.2300,17.2500,31100,536220.0000,3
2025-09-17,20250917135000000,sz.002732,17.2600,17.2700,17.2500,17.2600,16600,286524.0000,3
2025-09-17,20250917135500000,sz.002732,17.2500,17.2600,17.2400,17.2500,19300,332880.0000,3
2025-09-17,20250917140000000,sz.002732,17.2500,17.2600,17.2400,17.2400,14300,246652.0000,3
2025-09-17,20250917140500000,sz.002732,17.2400,17.2500,17.2400,17.2500,21700,374152.0000,3
2025-09-17,20250917141000000,sz.002732,17.2400,17.2500,17.2300,17.2300,21400,368850.0000,3
2025-09-17,20250917141500000,sz.002732,17.2300,17.2400,17.2300,17.2300,23800,410180.0000,3
2025-09-17,20250917142000000,sz.002732,17.2400,17.2500,17.2300,17.2400,35600,613518.0000,3
2025-09-17,20250917142500000,sz.002732,17.2400,17.2500,17.2300,17.2500,11200,193088.0000,3
2025-09-17,20250917143000000,sz.002732,17.2400,17.2400,17.2100,17.2200,89000,1533140.0000,3
2025-09-17,20250917143500000,sz.002732,17.2200,17.2300,17.2100,17.2200,20400,351288.0000,3
2025-09-17,20250917144000000,sz.002732,17.2200,17.2200,17.2000,17.2000,89300,1536928.0000,3
2025-09-17,20250917144500000,sz.002732,17.2100,17.2300,17.2000,17.2200,54600,939910.0000,3
2025-09-17,20250917145000000,sz.002732,17.2200,17.2200,17.1800,17.1900,120500,2072478.0000,3
2025-09-17,20250917145500000,sz.002732,17.2000,17.2000,17.1700,17.1800,114200,1962596.0000,3
2025-09-17,20250917150000000,sz.002732,17.1800,17.2200,17.1700,17.2200,56800,976516.0000,3
2025-09-18,20250918093500000,sz.002732,17.1900,17.2200,17.1100,17.1200,147200,2526415.0000,3
2025-09-18,20250918094000000,sz.002732,17.1200,17.1200,17.0700,17.0800,92900,1587628.0000,3
2025-09-18,20250918094500000,sz.002732,17.1000,17.1000,17.0300,17.0400,113000,1928452.0000,3
2025-09-18,20250918095000000,sz.002732,17.0400,17.0500,17.0100,17.0300,157400,2680592.0000,3
2025-09-18,20250918095500000,sz.002732,17.0300,17.0400,17.0100,17.0200,64100,1091211.0000,3
2025-09-18,20250918100000000,sz.002732,17.0200,17.0300,17.0100,17.0200,39300,668809.0000,3
2025-09-18,20250918100500000,sz.002732,17.0300,17.0300,16.9800,17.0100,135500,2303824.0000,3
2025-09-18,20250918101000000,sz.002732,17.0000,17.0200,17.0000,17.0200,29700,505245.0000,3
2025-09-18,20250918101500000,sz.002732,17.0100,17.0400,17.0000,17.0400,24300,413733.0000,3
2025-09-18,20250918102000000,sz.002732,17.0400,17.0500,17.0200,17.0300,55900,952223.0000,3
2025-09-18,20250918102500000,sz.002732,17.0300,17.0600,17.0200,17.0500,44900,764871.0000,3
2025-09-18,20250918103000000,sz.002732,17.0500,17.0600,17.0500,17.0600,16400,279656.0000,3
2025-09-18,20250918103500000,sz.002732,17.0600,17.0900,17.0600,17.0600,29500,503593.0000,3
2025-09-18,20250918104000000,sz.002732,17.0600,17.1400,17.0600,17.1400,25600,437749.0000,3
2025-09-18,20250918104500000,sz.002732,17.1300,17.1300,17.1100,17.1100,15500,265381.0000,3
2025-09-18,20250918105000000,sz.002732,17.0900,17.1100,17.0800,17.1100,5700,97438.0000,3
2025-09-18,20250918105500000,sz.002732,17.1000,17.1100,17.0800,17.1000,18500,316226.0000,3
2025-09-18,20250918110000000,sz.002732,17.0800,17.0900,17.0600,17.0600,17500,298818.0000,3
2025-09-18,20250918110500000,sz.002732,17.0700,17.0800,17.0500,17.0700,27400,467508.0000,3
2025-09-18,20250918111000000,sz.002732,17.0600,17.0800,17.0500,17.0800,34300,585400.0000,3
2025-09-18,20250918111500000,sz.002732,17.0800,17.1000,17.0800,17.0900,17600,300860.0000,3
2025-09-18,20250918112000000,sz.002732,17.0900,17.1000,17.0900,17.0900,6200,105960.0000,3
2025-09-18,20250918112500000,sz.002732,17.0700,17.1000,17.0700,17.0700,3600,61492.0000,3
2025-09-18,20250918113000000,sz.002732,17.0700,17.0800,17.0700,17.0700,4900,83652.0000,3
2025-09-18,20250918130500000,sz.002732,17.0700,17.0800,17.0500,17.0600,31700,540980.0000,3
2025-09-18,20250918131000000,sz.002732,17.0600,17.0900,17.0600,17.0900,34600,590544.0000,3
2025-09-18,20250918131500000,sz.002732,17.1000,17.1400,17.0900,17.1200,21700,371430.0000,3
2025-09-18,20250918132000000,sz.002732,17.1100,17.1100,17.1000,17.1000,5800,99230.0000,3
2025-09-18,20250918132500000,sz.002732,17.0900,17.1000,17.0800,17.0800,14200,242648.0000,3
2025-09-18,20250918133000000,sz.002732,17.0700,17.0800,17.0300,17.0500,20400,347812.0000,3
2025-09-18,20250918133500000,sz.002732,17.0600,17.0600,17.0300,17.0400,11000,187564.0000,3
2025-09-18,20250918134000000,sz.002732,17.0400,17.0400,17.0200,17.0400,21200,361104.0000,3
2025-09-18,20250918134500000,sz.002732,17.0300,17.0400,17.0100,17.0100,30100,512266.0000,3
2025-09-18,20250918135000000,sz.002732,17.0000,17.0200,16.9800,17.0000,82900,1408846.0000,3
2025-09-18,20250918135500000,sz.002732,16.9900,17.0200,16.9900,17.0000,25900,440290.0000,3
2025-09-18,20250918140000000,sz.002732,17.0000,17.0100,16.9800,16.9900,27100,460546.0000,3
2025-09-18,20250918140500000,sz.002732,16.9800,16.9900,16.9500,16.9500,95600,1622482.0000,3
2025-09-18,20250918141000000,sz.002732,16.9500,16.9500,16.8900,16.9100,76100,1287480.0000,3
2025-09-18,20250918141500000,sz.002732,16.9300,16.9700,16.8700,16.8800,138100,2333254.0000,3
2025-09-18,20250918142000000,sz.002732,16.9000,16.9800,16.8900,16.9800,48300,818524.0000,3
2025-09-18,20250918142500000,sz.002732,16.9600,16.9800,16.9300,16.9500,21900,371384.0000,3
2025-09-18,20250918143000000,sz.002732,16.9400,16.9700,16.9200,16.9200,20000,338684.0000,3
2025-09-18,20250918143500000,sz.002732,16.9300,16.9300,16.9000,16.9000,48300,816928.0000,3
2025-09-18,20250918144000000,sz.002732,16.9000,16.9300,16.8300,16.8400,64600,1090276.0000,3
2025-09-18,20250918144500000,sz.002732,16.8500,16.8600,16.7600,16.8500,128100,2153180.0000,3
2025-09-18,20250918145000000,sz.002732,16.8500,16.8800,16.8300,16.8700,61000,1028852.0000,3
2025-09-18,20250918145500000,sz.002732,16.8900,16.9100,16.8700,16.8900,54100,913724.0000,3
2025-09-18,20250918150000000,sz.002732,16.8900,16.9100,16.8800,16.9000,47900,809292.0000,3
2025-09-19,20250919093500000,sz.002732,16.9000,16.9000,16.7800,16.8900,98500,1657849.0000,3
2025-09-19,20250919094000000,sz.002732,16.8900,16.8900,16.8000,16.8700,90800,1529853.0000,3
2025-09-19,20250919094500000,sz.002732,16.8800,16.8800,16.7900,16.8200,81400,1369520.0000,3
2025-09-19,20250919095000000,sz.002732,16.8300,16.8800,16.8100,16.8200,65600,1103737.0000,3
2025-09-19,20250919095500000,sz.002732,16.8200,16.8200,16.7900,16.8000,98800,1659934.0000,3
2025-09-19,20250919100000000,sz.002732,16.8200,16.8200,16.7700,16.7700,82600,1386410.0000,3
2025-09-19,20250919100500000,sz.002732,16.7700,16.7700,16.7300,16.7400,60200,1008074.0000,3
2025-09-19,20250919101000000,sz.002732,16.7500,16.7500,16.7100,16.7200,54700,915000.0000,3
2025-09-19,20250919101500000,sz.002732,16.7200,16.7600,16.7200,16.7400,57300,958886.0000,3
2025-09-19,20250919102000000,sz.002732,16.7400,16.7600,16.7300,16.7500,22300,373538.0000,3
2025-09-19,20250919102500000,sz.002732,16.7600,16.7700,16.7300,16.7300,26100,437254.0000,3
2025-09-19,20250919103000000,sz.002732,16.7400,16.7600,16.7400,16.7600,15400,257883.0000,3
2025-09-19,20250919103500000,sz.002732,16.7700,16.7700,16.7400,16.7700,30400,509365.0000,3
2025-09-19,20250919104000000,sz.002732,16.7700,16.7700,16.7500,16.7500,14200,238041.0000,3
2025-09-19,20250919104500000,sz.002732,16.7500,16.7600,16.7400,16.7500,25500,427295.0000,3
2025-09-19,20250919105000000,sz.002732,16.7500,16.8000,16.7500,16.7700,41300,692734.0000,3
2025-09-19,20250919105500000,sz.002732,16.7700,16.8000,16.7700,16.7700,18800,315554.0000,3
2025-09-19,20250919110000000,sz.002732,16.7700,16.7800,16.7500,16.7500,23200,388837.0000,3
2025-09-19,20250919110500000,sz.002732,16.7600,16.7700,16.7400,16.7500,14200,237894.0000,3
2025-09-19,20250919111000000,sz.002732,16.7500,16.7800,16.7500,16.7700,26700,447395.0000,3
2025-09-19,20250919111500000,sz.002732,16.7700,16.8000,16.7600,16.7900,17000,285059.0000,3
2025-09-19,20250919112000000,sz.002732,16.7900,16.7900,16.7700,16.7900,22800,382684.0000,3
2025-09-19,20250919112500000,sz.002732,16.7900,16.8000,16.7800,16.7900,16200,272102.0000,3
2025-09-19,20250919113000000,sz.002732,16.8000,16.8100,16.7800,16.7900,15000,251966.0000,3
2025-09-19,20250919130500000,sz.002732,16.7900,16.8400,16.7900,16.8400,33000,554710.0000,3
2025-09-19,20250919131000000,sz.002732,16.8400,16.8800,16.8300,16.8800,26600,448194.0000,3
2025-09-19,20250919131500000,sz.002732,16.8800,16.9100,16.8800,16.8900,33900,572988.0000,3
2025-09-19,20250919132000000,sz.002732,16.9100,16.9300,16.8600,16.8600,28400,480066.0000,3
2025-09-19,20250919132500000,sz.002732,16.8700,16.8700,16.8500,16.8600,12700,214122.0000,3
2025-09-19,20250919133000000,sz.002732,16.8500,16.8600,16.8400,16.8600,7700,129740.0000,3
2025-09-19,20250919133500000,sz.002732,16.8500,16.8600,16.8100,16.8100,20000,336700.0000,3
2025-09-19,20250919134000000,sz.002732,16.8100,16.8100,16.7900,16.8100,13500,226832.0000,3
2025-09-19,20250919134500000,sz.002732,16.8100,16.8100,16.7900,16.8100,11700,196620.0000,3
2025-09-19,20250919135000000,sz.002732,16.8100,16.8200,16.8100,16.8200,7900,132820.0000,3
2025-09-19,20250919135500000,sz.002732,16.8200,16.8200,16.7800,16.8000,31800,534160.0000,3
2025-09-19,20250919140000000,sz.002732,16.7900,16.8200,16.7900,16.8100,29700,499056.0000,3
2025-09-19,20250919140500000,sz.002732,16.8200,16.8300,16.8100,16.8300,6900,116056.0000,3
2025-09-19,20250919141000000,sz.002732,16.8500,16.8600,16.8400,16.8500,7800,131444.0000,3
2025-09-19,20250919141500000,sz.002732,16.8400,16.8600,16.8200,16.8400,14100,237440.0000,3
2025-09-19,20250919142000000,sz.002732,16.8400,16.8700,16.8400,16.8500,14300,241128.0000,3
2025-09-19,20250919142500000,sz.002732,16.8500,16.8800,16.8500,16.8800,11500,193888.0000,3
2025-09-19,20250919143000000,sz.002732,16.8900,16.8900,16.8700,16.8900,20300,342852.0000,3
2025-09-19,20250919143500000,sz.002732,16.8900,16.8900,16.8700,16.8800,28000,472714.0000,3
2025-09-19,20250919144000000,sz.002732,16.8800,16.8900,16.8800,16.8800,24000,405220.0000,3
2025-09-19,20250919144500000,sz.002732,16.8700,16.8900,16.8700,16.8900,17600,297090.0000,3
2025-09-19,20250919145000000,sz.002732,16.8900,16.8900,16.8700,16.8800,15600,263408.0000,3
2025-09-19,20250919145500000,sz.002732,16.8800,16.9200,16.8800,16.9000,56200,950014.0000,3
2025-09-19,20250919150000000,sz.002732,16.9100,16.9300,16.9000,16.9300,56500,956006.0000,3
2025-09-22,20250922093500000,sz.002732,17.0000,17.0000,16.8000,16.8100,99800,1686729.0000,3
2025-09-22,20250922094000000,sz.002732,16.8100,16.8300,16.7800,16.7800,87600,1472200.0000,3
2025-09-22,20250922094500000,sz.002732,16.7800,16.7900,16.7600,16.7900,52600,882621.0000,3
2025-09-22,20250922095000000,sz.002732,16.7900,16.8100,16.7800,16.7900,25200,423222.0000,3
2025-09-22,20250922095500000,sz.002732,16.8000,16.8100,16.7600,16.7700,20300,340726.0000,3
2025-09-22,20250922100000000,sz.002732,16.7600,16.7600,16.7100,16.7100,86100,1440900.0000,3
2025-09-22,20250922100500000,sz.002732,16.7100,16.7300,16.7000,16.7200,46900,783823.0000,3
2025-09-22,20250922101000000,sz.002732,16.7400,16.7900,16.7400,16.7600,20700,346796.0000,3
2025-09-22,20250922101500000,sz.002732,16.7500,16.7600,16.7300,16.7300,23100,386762.0000,3
2025-09-22,20250922102000000,sz.002732,16.7400,16.7400,16.7200,16.7400,17800,297805.0000,3
2025-09-22,20250922102500000,sz.002732,16.7300,16.7400,16.7100,16.7100,34500,576676.0000,3
2025-09-22,20250922103000000,sz.002732,16.7100,16.7600,16.7100,16.7500,21900,366488.0000,3
2025-09-22,20250922103500000,sz.002732,16.7600,16.7800,16.7300,16.7300,31300,524131.0000,3
2025-09-22,20250922104000000,sz.002732,16.7300,16.7400,16.7200,16.7300,24000,401557.0000,3
2025-09-22,20250922104500000,sz.002732,16.7300,16.7300,16.7100,16.7100,21500,359489.0000,3
2025-09-22,20250922105000000,sz.002732,16.7200,16.7200,16.7000,16.7000,19200,320744.0000,3
2025-09-22,20250922105500000,sz.002732,16.7000,16.7100,16.7000,16.7100,8700,145369.0000,3
2025-09-22,20250922110000000,sz.002732,16.7100,16.7200,16.7000,16.7200,16700,279036.0000,3
2025-09-22,20250922110500000,sz.002732,16.7200,16.7300,16.7100,16.7100,13800,230824.0000,3
2025-09-22,20250922111000000,sz.002732,16.7100,16.7100,16.7000,16.7000,23700,395934.0000,3
2025-09-22,20250922111500000,sz.002732,16.7100,16.7100,16.7000,16.7100,12200,203775.0000,3
2025-09-22,20250922112000000,sz.002732,16.7000,16.7100,16.7000,16.7000,3300,55134.0000,3
2025-09-22,20250922112500000,sz.002732,16.7000,16.7300,16.7000,16.7300,18600,310868.0000,3
2025-09-22,20250922113000000,sz.002732,16.7300,16.7300,16.7100,16.7200,12300,205661.0000,3
2025-09-22,20250922130500000,sz.002732,16.7200,16.7200,16.6800,16.6900,80900,1351231.0000,3
2025-09-22,20250922131000000,sz.002732,16.6900,16.7100,16.6800,16.7100,10900,181924.0000,3
2025-09-22,20250922131500000,sz.002732,16.7100,16.7100,16.6800,16.7100,17500,292140.0000,3
2025-09-22,20250922132000000,sz.002732,16.7000,16.7000,16.6700,16.6700,60300,1005874.0000,3
2025-09-22,20250922132500000,sz.002732,16.6600,16.6700,16.6300,16.6300,69900,1163357.0000,3
2025-09-22,20250922133000000,sz.002732,16.6600,16.6600,16.6300,16.6300,24600,409280.0000,3
2025-09-22,20250922133500000,sz.002732,16.6400,16.6400,16.6200,16.6200,41700,693284.0000,3
2025-09-22,20250922134000000,sz.002732,16.6100,16.6200,16.5900,16.6000,59000,979580.0000,3
2025-09-22,20250922134500000,sz.002732,16.6000,16.6100,16.5900,16.5900,31700,526340.0000,3
2025-09-22,20250922135000000,sz.002732,16.6000,16.6100,16.6000,16.6100,14500,240784.0000,3
2025-09-22,20250922135500000,sz.002732,16.6200,16.6300,16.6100,16.6100,30300,503578.0000,3
2025-09-22,20250922140000000,sz.002732,16.6100,16.6200,16.6000,16.6000,10700,177710.0000,3
2025-09-22,20250922140500000,sz.002732,16.6000,16.6100,16.5900,16.6000,15500,257312.0000,3
2025-09-22,20250922141000000,sz.002732,16.5900,16.6000,16.5700,16.5800,65400,1084340.0000,3
2025-09-22,20250922141500000,sz.002732,16.5900,16.6000,16.5800,16.6000,19600,325212.0000,3
2025-09-22,20250922142000000,sz.002732,16.5900,16.6000,16.5800,16.5800,17200,285252.0000,3
2025-09-22,20250922142500000,sz.002732,16.5700,16.6200,16.5700,16.6100,8600,142764.0000,3
2025-09-22,20250922143000000,sz.002732,16.6100,16.6400,16.6000,16.6300,38400,638340.0000,3
2025-09-22,20250922143500000,sz.002732,16.6300,16.6500,16.6200,16.6400,13000,216214.0000,3
2025-09-22,20250922144000000,sz.002732,16.6300,16.6500,16.6300,16.6400,11500,191362.0000,3
2025-09-22,20250922144500000,sz.002732,16.6400,16.6500,16.6400,16.6400,9800,163096.0000,3
2025-09-22,20250922145000000,sz.002732,16.6500,16.6500,16.6200,16.6300,45500,756772.0000,3
2025-09-22,20250922145500000,sz.002732,16.6200,16.6400,16.6100,16.6300,31600,525092.0000,3
2025-09-22,20250922150000000,sz.002732,16.6400,16.6500,16.6300,16.6500,23600,392912.0000,3
2025-09-23,20250923093500000,sz.002732,16.6400,16.6800,16.5500,16.5600,72800,1208371.0000,3
2025-09-23,20250923094000000,sz.002732,16.5500,16.5600,16.4200,16.4400,126500,2086735.0000,3
2025-09-23,20250923094500000,sz.002732,16.4700,16.4700,16.3900,16.4000,104900,1722731.0000,3
2025-09-23,20250923095000000,sz.002732,16.4000,16.4600,16.3900,16.4100,109100,1791560.0000,3
2025-09-23,20250923095500000,sz.002732,16.4100,16.4500,16.4000,16.4400,24700,405409.0000,3
2025-09-23,20250923100000000,sz.002732,16.4400,16.4400,16.3900,16.3900,32300,530150.0000,3
2025-09-23,20250923100500000,sz.002732,16.3800,16.4200,16.3500,16.4000,65200,1067591.0000,3
2025-09-23,20250923101000000,sz.002732,16.4000,16.4200,16.3700,16.3700,15600,255776.0000,3
2025-09-23,20250923101500000,sz.002732,16.3900,16.3900,16.3300,16.3800,92800,1517124.0000,3
2025-09-23,20250923102000000,sz.002732,16.3900,16.3900,16.3100,16.3100,25000,408688.0000,3
2025-09-23,20250923102500000,sz.002732,16.3100,16.3700,16.2900,16.2900,79700,1299757.0000,3
2025-09-23,20250923103000000,sz.002732,16.2900,16.3000,16.2500,16.2700,99100,1612614.0000,3
2025-09-23,20250923103500000,sz.002732,16.2600,16.2700,16.1600,16.2000,81100,1314490.0000,3
2025-09-23,20250923104000000,sz.002732,16.2100,16.2600,16.2100,16.2200,49100,797378.0000,3
2025-09-23,20250923104500000,sz.002732,16.2200,16.2800,16.2000,16.2700,33900,549964.0000,3
2025-09-23,20250923105000000,sz.002732,16.2800,16.2900,16.2600,16.2900,24700,402134.0000,3
2025-09-23,20250923105500000,sz.002732,16.3200,16.3600,16.2900,16.3600,34300,559832.0000,3
2025-09-23,20250923110000000,sz.002732,16.3500,16.3900,16.3400,16.3900,27100,443416.0000,3
2025-09-23,20250923110500000,sz.002732,16.3900,16.4000,16.3700,16.3900,15600,255636.0000,3
2025-09-23,20250923111000000,sz.002732,16.3900,16.4100,16.3600,16.3700,25800,422676.0000,3
2025-09-23,20250923111500000,sz.002732,16.3700,16.4100,16.3700,16.3700,23700,388548.0000,3
2025-09-23,20250923112000000,sz.002732,16.3700,16.4000,16.3600,16.4000,44300,725856.0000,3
2025-09-23,20250923112500000,sz.002732,16.4100,16.4100,16.3800,16.3800,22500,369056.0000,3
2025-09-23,20250923113000000,sz.002732,16.3800,16.3800,16.3600,16.3600,17400,284830.0000,3
2025-09-23,20250923130500000,sz.002732,16.3600,16.3600,16.3200,16.3300,26200,428094.0000,3
2025-09-23,20250923131000000,sz.002732,16.3300,16.3600,16.3100,16.3600,15000,244982.0000,3
2025-09-23,20250923131500000,sz.002732,16.3700,16.4400,16.3700,16.4300,22100,362620.0000,3
2025-09-23,20250923132000000,sz.002732,16.4300,16.4500,16.4000,16.4000,27500,452006.0000,3
2025-09-23,20250923132500000,sz.002732,16.4000,16.4300,16.3900,16.4200,34500,566250.0000,3
2025-09-23,20250923133000000,sz.002732,16.4300,16.4800,16.4300,16.4700,15100,248538.0000,3
2025-09-23,20250923133500000,sz.002732,16.4700,16.5000,16.4600,16.4600,39500,651020.0000,3
2025-09-23,20250923134000000,sz.002732,16.4800,16.4800,16.4400,16.4500,6600,108610.0000,3
2025-09-23,20250923134500000,sz.002732,16.4400,16.4700,16.4300,16.4600,10200,167740.0000,3
2025-09-23,20250923135000000,sz.002732,16.4400,16.4800,16.4300,16.4600,9800,161266.0000,3
2025-09-23,20250923135500000,sz.002732,16.4600,16.5200,16.4600,16.5200,27800,458636.0000,3
2025-09-23,20250923140000000,sz.002732,16.5200,16.5500,16.5100,16.5400,20200,333856.0000,3
2025-09-23,20250923140500000,sz.002732,16.5400,16.5400,16.5000,16.5000,7300,120672.0000,3
2025-09-23,20250923141000000,sz.002732,16.5200,16.5200,16.4600,16.4600,17700,291652.0000,3
2025-09-23,20250923141500000,sz.002732,16.4600,16.5000,16.4600,16.4700,11300,186190.0000,3
2025-09-23,20250923142000000,sz.002732,16.5000,16.5400,16.4900,16.5400,23500,387930.0000,3
2025-09-23,20250923142500000,sz.002732,16.5300,16.5500,16.5300,16.5400,18100,299400.0000,3
2025-09-23,20250923143000000,sz.002732,16.5500,16.5900,16.5500,16.5900,29000,480472.0000,3
2025-09-23,20250923143500000,sz.002732,16.5900,16.5900,16.5800,16.5900,24400,404700.0000,3
2025-09-23,20250923144000000,sz.002732,16.6000,16.6000,16.5800,16.5900,26500,439708.0000,3
2025-09-23,20250923144500000,sz.002732,16.5800,16.6200,16.5800,16.6200,32000,531104.0000,3
2025-09-23,20250923145000000,sz.002732,16.6200,16.6500,16.6100,16.6500,23000,382456.0000,3
2025-09-23,20250923145500000,sz.002732,16.6400,16.6500,16.6100,16.6200,41600,692036.0000,3
2025-09-23,20250923150000000,sz.002732,16.6100,16.6300,16.5500,16.5500,55200,914680.0000,3
2025-09-24,20250924093500000,sz.002732,16.5400,16.6400,16.4600,16.6000,78100,1293941.0000,3
2025-09-24,20250924094000000,sz.002732,16.6000,16.6200,16.5800,16.6000,32900,546213.0000,3
2025-09-24,20250924094500000,sz.002732,16.6000,16.6400,16.5800,16.6400,32300,536376.0000,3
2025-09-24,20250924095000000,sz.002732,16.6400,16.7300,16.6300,16.7000,142400,2376880.0000,3
2025-09-24,20250924095500000,sz.002732,16.7000,16.7100,16.6700,16.7000,49200,821184.0000,3
2025-09-24,20250924100000000,sz.002732,16.7000,16.7000,16.6800,16.6800,13500,225363.0000,3
2025-09-24,20250924100500000,sz.002732,16.6800,16.7000,16.6300,16.6600,18100,301579.0000,3
2025-09-24,20250924101000000,sz.002732,16.6600,16.6700,16.6000,16.6200,17100,284387.0000,3
2025-09-24,20250924101500000,sz.002732,16.6100,16.6400,16.6100,16.6400,19000,315759.0000,3
2025-09-24,20250924102000000,sz.002732,16.6400,16.6400,16.6000,16.6000,38400,638876.0000,3
2025-09-24,20250924102500000,sz.002732,16.6000,16.6000,16.5700,16.5900,16200,268699.0000,3
2025-09-24,20250924103000000,sz.002732,16.5900,16.6000,16.5800,16.6000,12300,204032.0000,3
2025-09-24,20250924103500000,sz.002732,16.6100,16.6300,16.6000,16.6100,19700,327272.0000,3
2025-09-24,20250924104000000,sz.002732,16.6000,16.6400,16.6000,16.6300,39100,649572.0000,3
2025-09-24,20250924104500000,sz.002732,16.6300,16.6300,16.5900,16.5900,6500,107945.0000,3
2025-09-24,20250924105000000,sz.002732,16.6100,16.6300,16.6000,16.6200,8700,144514.0000,3
2025-09-24,20250924105500000,sz.002732,16.6200,16.6500,16.6200,16.6300,8100,134732.0000,3
2025-09-24,20250924110000000,sz.002732,16.6400,16.6600,16.6400,16.6600,17700,294656.0000,3
2025-09-24,20250924110500000,sz.002732,16.6500,16.6600,16.6300,16.6500,10700,178193.0000,3
2025-09-24,20250924111000000,sz.002732,16.6500,16.6600,16.6500,16.6600,10500,174888.0000,3
2025-09-24,20250924111500000,sz.002732,16.6500,16.6500,16.6200,16.6300,10100,168028.0000,3
2025-09-24,20250924112000000,sz.002732,16.6300,16.6300,16.6000,16.6200,25900,430576.0000,3
2025-09-24,20250924112500000,sz.002732,16.6400,16.6500,16.6200,16.6200,17600,292701.0000,3
2025-09-24,20250924113000000,sz.002732,16.6000,16.6200,16.6000,16.6100,6100,101305.0000,3
2025-09-24,20250924130500000,sz.002732,16.6100,16.6200,16.6000,16.6100,14600,242523.0000,3
2025-09-24,20250924131000000,sz.002732,16.6100,16.6100,16.5900,16.6000,14800,245743.0000,3
2025-09-24,20250924131500000,sz.002732,16.6000,16.6100,16.5900,16.6000,8100,134440.0000,3
2025-09-24,20250924132000000,sz.002732,16.5900,16.6100,16.5900,16.6000,18400,305272.0000,3
2025-09-24,20250924132500000,sz.002732,16.5900,16.5900,16.5800,16.5800,12500,207368.0000,3
2025-09-24,20250924133000000,sz.002732,16.5800,16.5900,16.5800,16.5800,11400,189014.0000,3
2025-09-24,20250924133500000,sz.002732,16.5900,16.6100,16.5800,16.5800,14400,238959.0000,3
2025-09-24,20250924134000000,sz.002732,16.5800,16.6000,16.5800,16.5800,8900,147626.0000,3
2025-09-24,20250924134500000,sz.002732,16.5800,16.5900,16.5800,16.5900,7600,126074.0000,3
2025-09-24,20250924135000000,sz.002732,16.5900,16.6000,16.5800,16.5800,8100,134417.0000,3
2025-09-24,20250924135500000,sz.002732,16.6000,16.6100,16.6000,16.6000,11700,194291.0000,3
2025-09-24,20250924140000000,sz.002732,16.6200,16.6200,16.5800,16.5800,22400,371635.0000,3
2025-09-24,20250924140500000,sz.002732,16.5900,16.6100,16.5800,16.5800,21100,350092.0000,3
2025-09-24,20250924141000000,sz.002732,16.5800,16.5900,16.5600,16.5600,50000,828763.0000,3
2025-09-24,20250924141500000,sz.002732,16.5500,16.5700,16.5500,16.5700,69700,1153810.0000,3
2025-09-24,20250924142000000,sz.002732,16.5600,16.5600,16.5500,16.5600,7900,130792.0000,3
2025-09-24,20250924142500000,sz.002732,16.5600,16.5700,16.5600,16.5700,16200,268363.0000,3
2025-09-24,20250924143000000,sz.002732,16.5700,16.5700,16.5600,16.5600,13400,221974.0000,3
2025-09-24,20250924143500000,sz.002732,16.5700,16.6100,16.5600,16.5700,34600,573655.0000,3
2025-09-24,20250924144000000,sz.002732,16.5800,16.5900,16.5700,16.5800,17400,288566.0000,3
2025-09-24,20250924144500000,sz.002732,16.5900,16.5900,16.5800,16.5900,35100,582164.0000,3
2025-09-24,20250924145000000,sz.002732,16.5800,16.5900,16.5500,16.5500,100500,1664900.0000,3
2025-09-24,20250924145500000,sz.002732,16.5600,16.6100,16.5600,16.5800,40900,677772.0000,3
2025-09-24,20250924150000000,sz.002732,16.5700,16.6100,16.5700,16.6100,50400,836668.0000,3
2025-09-25,20250925093500000,sz.002732,16.5500,16.6000,16.4500,16.5000,128800,2127337.0000,3
2025-09-25,20250925094000000,sz.002732,16.5000,16.6300,16.4900,16.5700,94800,1569461.0000,3
2025-09-25,20250925094500000,sz.002732,16.5800,16.6000,16.5800,16.5800,17200,285290.0000,3
2025-09-25,20250925095000000,sz.002732,16.5800,16.6600,16.5800,16.6500,57500,955623.0000,3
2025-09-25,20250925095500000,sz.002732,16.6600,16.6800,16.6500,16.6600,32100,535025.0000,3
2025-09-25,20250925100000000,sz.002732,16.6600,16.6600,16.6200,16.6300,38000,632496.0000,3
2025-09-25,20250925100500000,sz.002732,16.6200,16.6300,16.6200,16.6200,15900,264303.0000,3
2025-09-25,20250925101000000,sz.002732,16.6200,16.6200,16.5700,16.5700,19000,315066.0000,3
2025-09-25,20250925101500000,sz.002732,16.5600,16.5700,16.5400,16.5700,17900,296431.0000,3
2025-09-25,20250925102000000,sz.002732,16.5600,16.5700,16.5600,16.5700,13200,218616.0000,3
2025-09-25,20250925102500000,sz.002732,16.5800,16.6300,16.5700,16.5800,38800,644388.0000,3
2025-09-25,20250925103000000,sz.002732,16.5900,16.5900,16.5700,16.5700,12600,208888.0000,3
2025-09-25,20250925103500000,sz.002732,16.5700,16.5700,16.5600,16.5600,9000,149112.0000,3
2025-09-25,20250925104000000,sz.002732,16.5600,16.5700,16.5500,16.5600,18100,299732.0000,3
2025-09-25,20250925104500000,sz.002732,16.5700,16.5700,16.5600,16.5600,16500,273378.0000,3
2025-09-25,20250925105000000,sz.002732,16.5600,16.5700,16.5500,16.5600,15600,258317.0000,3
2025-09-25,20250925105500000,sz.002732,16.5600,16.5700,16.5500,16.5500,12900,213610.0000,3
2025-09-25,20250925110000000,sz.002732,16.5500,16.5600,16.5400,16.5400,12200,201870.0000,3
2025-09-25,20250925110500000,sz.002732,16.5500,16.5500,16.5400,16.5500,15500,256437.0000,3
2025-09-25,20250925111000000,sz.002732,16.5400,16.5400,16.5300,16.5300,4600,76066.0000,3
2025-09-25,20250925111500000,sz.002732,16.5300,16.5400,16.5200,16.5300,19400,320676.0000,3
2025-09-25,20250925112000000,sz.002732,16.5300,16.5400,16.5200,16.5300,10100,166964.0000,3
2025-09-25,20250925112500000,sz.002732,16.5300,16.5400,16.5300,16.5300,5300,87610.0000,3
2025-09-25,20250925113000000,sz.002732,16.5400,16.5800,16.5400,16.5400,15300,253284.0000,3
2025-09-25,20250925130500000,sz.002732,16.5400,16.5400,16.5000,16.5100,41900,692276.0000,3
2025-09-25,20250925131000000,sz.002732,16.5100,16.5100,16.4400,16.4400,103600,1707980.0000,3
2025-09-25,20250925131500000,sz.002732,16.4400,16.4400,16.4200,16.4200,38900,639359.0000,3
2025-09-25,20250925132000000,sz.002732,16.4300,16.4500,16.4300,16.4400,18900,310677.0000,3
2025-09-25,20250925132500000,sz.002732,16.4500,16.4700,16.4500,16.4700,13600,223797.0000,3
2025-09-25,20250925133000000,sz.002732,16.4500,16.4600,16.4400,16.4400,8700,143119.0000,3
2025-09-25,20250925133500000,sz.002732,16.4400,16.4700,16.4200,16.4700,35600,585407.0000,3
2025-09-25,20250925134000000,sz.002732,16.4700,16.4800,16.4700,16.4800,8100,133426.0000,3
2025-09-25,20250925134500000,sz.002732,16.4900,16.5800,16.4800,16.5000,21500,355243.0000,3
2025-09-25,20250925135000000,sz.002732,16.4900,16.4900,16.4800,16.4800,6800,112115.0000,3
2025-09-25,20250925135500000,sz.002732,16.4800,16.4800,16.4800,16.4800,5700,93936.0000,3
2025-09-25,20250925140000000,sz.002732,16.4800,16.4800,16.4600,16.4800,14100,232255.0000,3
2025-09-25,20250925140500000,sz.002732,16.4900,16.5800,16.4900,16.5100,26400,436218.0000,3
2025-09-25,20250925141000000,sz.002732,16.5100,16.5100,16.4700,16.5000,12000,197989.0000,3
2025-09-25,20250925141500000,sz.002732,16.5000,16.5200,16.5000,16.5200,5300,87522.0000,3
2025-09-25,20250925142000000,sz.002732,16.5200,16.5200,16.5000,16.5100,4700,77570.0000,3
2025-09-25,20250925142500000,sz.002732,16.5100,16.5300,16.5100,16.5200,6600,109033.0000,3
2025-09-25,20250925143000000,sz.002732,16.5200,16.5500,16.5200,16.5500,12000,198474.0000,3
2025-09-25,20250925143500000,sz.002732,16.5600,16.5700,16.5400,16.5500,10500,173814.0000,3
2025-09-25,20250925144000000,sz.002732,16.5500,16.5500,16.5100,16.5300,27500,454530.0000,3
2025-09-25,20250925144500000,sz.002732,16.5200,16.5500,16.5100,16.5400,20000,330524.0000,3
2025-09-25,20250925145000000,sz.002732,16.5400,16.5400,16.5200,16.5200,22300,368584.0000,3
2025-09-25,20250925145500000,sz.002732,16.5300,16.5300,16.5100,16.5300,32000,528696.0000,3
2025-09-25,20250925150000000,sz.002732,16.5300,16.5300,16.5100,16.5200,25500,421320.0000,3
2025-09-26,20250926093500000,sz.002732,16.5200,16.5200,16.4000,16.4300,63600,1045970.0000,3
2025-09-26,20250926094000000,sz.002732,16.4300,16.4800,16.3500,16.4800,78700,1290056.0000,3
2025-09-26,20250926094500000,sz.002732,16.4900,16.5300,16.4600,16.5200,19900,328330.0000,3
2025-09-26,20250926095000000,sz.002732,16.5200,16.5300,16.4100,16.4100,42400,697950.0000,3
2025-09-26,20250926095500000,sz.002732,16.4500,16.4700,16.4000,16.4000,54400,893158.0000,3
2025-09-26,20250926100000000,sz.002732,16.4000,16.4100,16.3700,16.4100,46000,753817.0000,3
2025-09-26,20250926100500000,sz.002732,16.4100,16.4500,16.3900,16.4500,21900,359311.0000,3
2025-09-26,20250926101000000,sz.002732,16.4500,16.5500,16.4100,16.5300,49200,811738.0000,3
2025-09-26,20250926101500000,sz.002732,16.5200,16.5600,16.5200,16.5600,56900,941171.0000,3
2025-09-26,20250926102000000,sz.002732,16.5600,16.5800,16.5500,16.5700,36900,611158.0000,3
2025-09-26,20250926102500000,sz.002732,16.5800,16.6000,16.5800,16.5900,29500,489272.0000,3
2025-09-26,20250926103000000,sz.002732,16.5900,16.6200,16.5900,16.6100,49200,817110.0000,3
2025-09-26,20250926103500000,sz.002732,16.6100,16.6100,16.5800,16.5900,5600,92926.0000,3
2025-09-26,20250926104000000,sz.002732,16.5800,16.6000,16.5700,16.6000,22300,369813.0000,3
2025-09-26,20250926104500000,sz.002732,16.6000,16.6000,16.5800,16.5800,8500,140982.0000,3
2025-09-26,20250926105000000,sz.002732,16.5800,16.6000,16.5800,16.6000,13100,217336.0000,3
2025-09-26,20250926105500000,sz.002732,16.6000,16.6000,16.5800,16.5800,7900,131067.0000,3
2025-09-26,20250926110000000,sz.002732,16.5800,16.5900,16.5800,16.5900,5600,92853.0000,3
2025-09-26,20250926110500000,sz.002732,16.5900,16.5900,16.5900,16.5900,7100,117789.0000,3
2025-09-26,20250926111000000,sz.002732,16.5800,16.5900,16.5800,16.5900,10200,169202.0000,3
2025-09-26,20250926111500000,sz.002732,16.5900,16.6000,16.5800,16.5900,17000,282075.0000,3
2025-09-26,20250926112000000,sz.002732,16.5900,16.5900,16.5800,16.5800,5200,86230.0000,3
2025-09-26,20250926112500000,sz.002732,16.5800,16.6200,16.5800,16.6100,20900,347082.0000,3
2025-09-26,20250926113000000,sz.002732,16.6100,16.6200,16.6100,16.6200,6300,104656.0000,3
2025-09-26,20250926130500000,sz.002732,16.6200,16.6200,16.5300,16.5700,17500,289962.0000,3
2025-09-26,20250926131000000,sz.002732,16.5600,16.5600,16.5600,16.5600,1000,16560.0000,3
2025-09-26,20250926131500000,sz.002732,16.5700,16.6200,16.5600,16.5900,21300,353561.0000,3
2025-09-26,20250926132000000,sz.002732,16.5800,16.5800,16.5700,16.5700,3200,53035.0000,3
2025-09-26,20250926132500000,sz.002732,16.5600,16.5700,16.5600,16.5600,7900,130837.0000,3
2025-09-26,20250926133000000,sz.002732,16.5600,16.5700,16.5500,16.5700,8600,142352.0000,3
2025-09-26,20250926133500000,sz.002732,16.5600,16.5800,16.5500,16.5800,10100,167290.0000,3
2025-09-26,20250926134000000,sz.002732,16.5700,16.5800,16.5700,16.5700,22800,377985.0000,3
2025-09-26,20250926134500000,sz.002732,16.5700,16.5800,16.5600,16.5800,17900,296617.0000,3
2025-09-26,20250926135000000,sz.002732,16.5600,16.5800,16.5600,16.5800,16700,276638.0000,3
2025-09-26,20250926135500000,sz.002732,16.5800,16.5800,16.5600,16.5700,7600,125932.0000,3
2025-09-26,20250926140000000,sz.002732,16.5600,16.5700,16.5500,16.5500,8700,144041.0000,3
2025-09-26,20250926140500000,sz.002732,16.5500,16.5500,16.5400,16.5500,24200,400395.0000,3
2025-09-26,20250926141000000,sz.002732,16.5500,16.5600,16.5400,16.5600,29100,481656.0000,3
2025-09-26,20250926141500000,sz.002732,16.5600,16.5700,16.5500,16.5500,1900,31466.0000,3
2025-09-26,20250926142000000,sz.002732,16.5600,16.5700,16.5600,16.5700,11900,197085.0000,3
2025-09-26,20250926142500000,sz.002732,16.5900,16.6000,16.5800,16.5900,18300,303525.0000,3
2025-09-26,20250926143000000,sz.002732,16.5800,16.5800,16.5700,16.5700,20300,336473.0000,3
2025-09-26,20250926143500000,sz.002732,16.5700,16.5800,16.5500,16.5500,18600,308281.0000,3
2025-09-26,20250926144000000,sz.002732,16.5400,16.5900,16.5300,16.5600,19400,321027.0000,3
2025-09-26,20250926144500000,sz.002732,16.5600,16.5900,16.5500,16.5800,16400,271734.0000,3
2025-09-26,20250926145000000,sz.002732,16.5800,16.5900,16.5500,16.5600,18500,306564.0000,3
2025-09-26,20250926145500000,sz.002732,16.5600,16.5700,16.5400,16.5500,18400,304620.0000,3
2025-09-26,20250926150000000,sz.002732,16.5500,16.5700,16.5400,16.5400,23600,390562.0000,3
2025-09-29,20250929093500000,sz.002732,16.5400,16.5400,16.3000,16.3100,148300,2427936.0000,3
2025-09-29,20250929094000000,sz.002732,16.3000,16.4400,16.2700,16.3000,126300,2065869.0000,3
2025-09-29,20250929094500000,sz.002732,16.2900,16.3800,16.2900,16.3700,28800,470609.0000,3
2025-09-29,20250929095000000,sz.002732,16.3800,16.4300,16.3700,16.4300,14300,234566.0000,3
2025-09-29,20250929095500000,sz.002732,16.4300,16.4500,16.4000,16.4500,9000,147849.0000,3
2025-09-29,20250929100000000,sz.002732,16.4500,16.5300,16.4400,16.5200,30700,505884.0000,3
2025-09-29,20250929100500000,sz.002732,16.5200,16.5400,16.5000,16.5400,20700,342069.0000,3
2025-09-29,20250929101000000,sz.002732,16.5500,16.5800,16.5400,16.5700,41800,692155.0000,3
2025-09-29,20250929101500000,sz.002732,16.5700,16.5700,16.5400,16.5500,6200,102676.0000,3
2025-09-29,20250929102000000,sz.002732,16.5500,16.5600,16.5400,16.5600,2800,46350.0000,3
2025-09-29,20250929102500000,sz.002732,16.5500,16.5500,16.5100,16.5100,5800,95849.0000,3
2025-09-29,20250929103000000,sz.002732,16.5200,16.5300,16.5100,16.5300,23000,380087.0000,3
2025-09-29,20250929103500000,sz.002732,16.5400,16.5600,16.5400,16.5600,13900,229889.0000,3
2025-09-29,20250929104000000,sz.002732,16.5400,16.5400,16.5200,16.5300,8300,137222.0000,3
2025-09-29,20250929104500000,sz.002732,16.5300,16.5300,16.4900,16.4900,22700,374838.0000,3
2025-09-29,20250929105000000,sz.002732,16.5000,16.5100,16.5000,16.5000,7400,122102.0000,3
2025-09-29,20250929105500000,sz.002732,16.5000,16.5200,16.4900,16.5200,5400,89154.0000,3
2025-09-29,20250929110000000,sz.002732,16.5100,16.5100,16.4800,16.4800,16100,265530.0000,3
2025-09-29,20250929110500000,sz.002732,16.4800,16.4800,16.4700,16.4800,3400,56002.0000,3
2025-09-29,20250929111000000,sz.002732,16.4800,16.5100,16.4800,16.5100,41700,687610.0000,3
2025-09-29,20250929111500000,sz.002732,16.5100,16.5300,16.5100,16.5200,6000,99101.0000,3
2025-09-29,20250929112000000,sz.002732,16.5200,16.5400,16.5200,16.5400,7700,127308.0000,3
2025-09-29,20250929112500000,sz.002732,16.5400,16.5600,16.5300,16.5300,24600,406969.0000,3
2025-09-29,20250929113000000,sz.002732,16.5400,16.5500,16.5300,16.5400,6500,107470.0000,3
2025-09-29,20250929130500000,sz.002732,16.5400,16.5400,16.5200,16.5200,16200,267764.0000,3
2025-09-29,20250929131000000,sz.002732,16.5200,16.5200,16.5100,16.5100,1600,26425.0000,3
2025-09-29,20250929131500000,sz.002732,16.5100,16.5200,16.5100,16.5100,6400,105675.0000,3
2025-09-29,20250929132000000,sz.002732,16.5100,16.5200,16.4900,16.5200,21500,354820.0000,3
2025-09-29,20250929132500000,sz.002732,16.5100,16.5100,16.4800,16.4900,2500,41226.0000,3
2025-09-29,20250929133000000,sz.002732,16.4900,16.5000,16.4800,16.4900,14500,239144.0000,3
2025-09-29,20250929133500000,sz.002732,16.5100,16.5100,16.4900,16.5000,2400,39595.0000,3
2025-09-29,20250929134000000,sz.002732,16.5000,16.5300,16.5000,16.5000,5500,90810.0000,3
2025-09-29,20250929134500000,sz.002732,16.5100,16.5600,16.5100,16.5300,14900,246229.0000,3
2025-09-29,20250929135000000,sz.002732,16.5200,16.5400,16.5100,16.5300,5300,87588.0000,3
2025-09-29,20250929135500000,sz.002732,16.5400,16.6000,16.5300,16.5900,42700,706981.0000,3
2025-09-29,20250929140000000,sz.002732,16.5900,16.6000,16.5700,16.5700,15600,258710.0000,3
2025-09-29,20250929140500000,sz.002732,16.5800,16.5900,16.5500,16.5600,23900,396064.0000,3
2025-09-29,20250929141000000,sz.002732,16.5700,16.5800,16.5600,16.5700,4200,69600.0000,3
2025-09-29,20250929141500000,sz.002732,16.5600,16.5700,16.5400,16.5400,27900,462105.0000,3
2025-09-29,20250929142000000,sz.002732,16.5400,16.5700,16.5400,16.5700,8200,135737.0000,3
2025-09-29,20250929142500000,sz.002732,16.5600,16.5700,16.5600,16.5700,6600,109305.0000,3
2025-09-29,20250929143000000,sz.002732,16.5600,16.5800,16.5600,16.5700,11700,193826.0000,3
2025-09-29,20250929143500000,sz.002732,16.5800,16.5800,16.5400,16.5400,31800,526338.0000,3
2025-09-29,20250929144000000,sz.002732,16.5400,16.5600,16.5300,16.5300,43000,711434.0000,3
2025-09-29,20250929144500000,sz.002732,16.5300,16.5600,16.5100,16.5100,108400,1790800.0000,3
2025-09-29,20250929145000000,sz.002732,16.5500,16.5500,16.5100,16.5200,34900,576390.0000,3
2025-09-29,20250929145500000,sz.002732,16.5200,16.5300,16.5000,16.5000,34000,561454.0000,3
2025-09-29,20250929150000000,sz.002732,16.5100,16.5800,16.5000,16.5800,34600,572748.0000,3
2025-09-30,20250930093500000,sz.002732,16.5700,16.6000,16.5100,16.5400,90600,1500701.0000,3
2025-09-30,20250930094000000,sz.002732,16.5400,16.5500,16.5100,16.5200,63400,1048142.0000,3
2025-09-30,20250930094500000,sz.002732,16.5200,16.5400,16.4900,16.5000,29400,485415.0000,3
2025-09-30,20250930095000000,sz.002732,16.5000,16.5300,16.5000,16.5100,14400,237775.0000,3
2025-09-30,20250930095500000,sz.002732,16.5200,16.5300,16.5000,16.5300,17200,284058.0000,3
2025-09-30,20250930100000000,sz.002732,16.5300,16.5300,16.5000,16.5100,23700,391296.0000,3
2025-09-30,20250930100500000,sz.002732,16.5100,16.5100,16.5000,16.5000,40200,663332.0000,3
2025-09-30,20250930101000000,sz.002732,16.5000,16.5000,16.4500,16.5000,46600,768141.0000,3
2025-09-30,20250930101500000,sz.002732,16.5000,16.5300,16.4900,16.5000,11400,188155.0000,3
2025-09-30,20250930102000000,sz.002732,16.5100,16.5300,16.5000,16.5200,9800,161826.0000,3
2025-09-30,20250930102500000,sz.002732,16.5200,16.5400,16.5200,16.5300,7700,127265.0000,3
2025-09-30,20250930103000000,sz.002732,16.5300,16.5500,16.5200,16.5200,13800,228121.0000,3
2025-09-30,20250930103500000,sz.002732,16.5400,16.5400,16.5200,16.5200,4100,67737.0000,3
2025-09-30,20250930104000000,sz.002732,16.5200,16.5300,16.5000,16.5200,2900,47895.0000,3
2025-09-30,20250930104500000,sz.002732,16.5300,16.5300,16.5200,16.5300,5600,92533.0000,3
2025-09-30,20250930105000000,sz.002732,16.5400,16.5500,16.5300,16.5500,18900,312478.0000,3
2025-09-30,20250930105500000,sz.002732,16.5500,16.5500,16.5300,16.5400,4900,81032.0000,3
2025-09-30,20250930110000000,sz.002732,16.5400,16.5500,16.5300,16.5400,7300,120742.0000,3
2025-09-30,20250930110500000,sz.002732,16.5400,16.5600,16.5400,16.5500,5600,92682.0000,3
2025-09-30,20250930111000000,sz.002732,16.5600,16.5600,16.5400,16.5500,10700,177069.0000,3
2025-09-30,20250930111500000,sz.002732,16.5400,16.5500,16.5400,16.5400,6600,109215.0000,3
2025-09-30,20250930112000000,sz.002732,16.5500,16.5600,16.5400,16.5600,7800,129090.0000,3
2025-09-30,20250930112500000,sz.002732,16.5600,16.5600,16.5400,16.5500,7900,130747.0000,3
2025-09-30,20250930113000000,sz.002732,16.5400,16.5500,16.5400,16.5500,31400,519417.0000,3
2025-09-30,20250930130500000,sz.002732,16.5500,16.5500,16.5400,16.5400,10100,167121.0000,3
2025-09-30,20250930131000000,sz.002732,16.5400,16.5400,16.5000,16.5200,57200,944939.0000,3
2025-09-30,20250930131500000,sz.002732,16.5300,16.5300,16.5100,16.5100,6100,100790.0000,3
2025-09-30,20250930132000000,sz.002732,16.5100,16.5300,16.5100,16.5300,9200,151928.0000,3
2025-09-30,20250930132500000,sz.002732,16.5300,16.5300,16.5200,16.5200,3600,59506.0000,3
2025-09-30,20250930133000000,sz.002732,16.5200,16.5200,16.5100,16.5100,10200,168467.0000,3
2025-09-30,20250930133500000,sz.002732,16.5200,16.5200,16.5000,16.5100,25500,420832.0000,3
2025-09-30,20250930134000000,sz.002732,16.5100,16.5100,16.5100,16.5100,14400,237744.0000,3
2025-09-30,20250930134500000,sz.002732,16.5100,16.5300,16.5100,16.5300,22000,363421.0000,3
2025-09-30,20250930135000000,sz.002732,16.5300,16.5400,16.5300,16.5300,2700,44633.0000,3
2025-09-30,20250930135500000,sz.002732,16.5200,16.5300,16.5200,16.5300,800,13222.0000,3
2025-09-30,20250930140000000,sz.002732,16.5200,16.5500,16.5200,16.5400,12000,198365.0000,3
2025-09-30,20250930140500000,sz.002732,16.5600,16.5600,16.5500,16.5600,22500,372461.0000,3
2025-09-30,20250930141000000,sz.002732,16.5600,16.5800,16.5500,16.5600,7600,125905.0000,3
2025-09-30,20250930141500000,sz.002732,16.5500,16.5600,16.5200,16.5200,18700,309218.0000,3
2025-09-30,20250930142000000,sz.002732,16.5400,16.5500,16.5400,16.5500,300,4963.0000,3
2025-09-30,20250930142500000,sz.002732,16.5600,16.5600,16.5500,16.5500,8200,135746.0000,3
2025-09-30,20250930143000000,sz.002732,16.5600,16.5600,16.5300,16.5400,10900,180309.0000,3
2025-09-30,20250930143500000,sz.002732,16.5400,16.5500,16.5400,16.5500,13400,221649.0000,3
2025-09-30,20250930144000000,sz.002732,16.5500,16.5500,16.5400,16.5400,15000,248124.0000,3
2025-09-30,20250930144500000,sz.002732,16.5400,16.5500,16.5400,16.5400,14800,244808.0000,3
2025-09-30,20250930145000000,sz.002732,16.5400,16.5600,16.5300,16.5600,27200,450043.0000,3
2025-09-30,20250930145500000,sz.002732,16.5300,16.5600,16.4900,16.4900,98900,1634349.0000,3
2025-09-30,20250930150000000,sz.002732,16.4900,16.5500,16.4900,16.5200,21800,360052.0000,3
2025-10-09,20251009093500000,sz.002732,16.5300,16.5300,16.3600,16.4200,127100,2088420.0000,3
2025-10-09,20251009094000000,sz.002732,16.4300,16.4700,16.3800,16.4000,80400,1318934.0000,3
2025-10-09,20251009094500000,sz.002732,16.3900,16.4000,16.3700,16.3800,71600,1173299.0000,3
2025-10-09,20251009095000000,sz.002732,16.3800,16.3900,16.3500,16.3800,73100,1196782.0000,3
2025-10-09,20251009095500000,sz.002732,16.3800,16.3900,16.3500,16.3600,78300,1281452.0000,3
2025-10-09,20251009100000000,sz.002732,16.3700,16.4000,16.3500,16.4000,30400,497436.0000,3
2025-10-09,20251009100500000,sz.002732,16.4000,16.4800,16.3600,16.4700,86200,1415562.0000,3
2025-10-09,20251009101000000,sz.002732,16.4500,16.4500,16.3800,16.4200,41000,673091.0000,3
2025-10-09,20251009101500000,sz.002732,16.4200,16.4600,16.4100,16.4600,19400,318827.0000,3
2025-10-09,20251009102000000,sz.002732,16.4400,16.4600,16.4200,16.4200,23600,387699.0000,3
2025-10-09,20251009102500000,sz.002732,16.4200,16.4500,16.4100,16.4300,21500,353092.0000,3
2025-10-09,20251009103000000,sz.002732,16.4400,16.4400,16.4100,16.4300,19500,320187.0000,3
2025-10-09,20251009103500000,sz.002732,16.4600,16.4600,16.4300,16.4400,31300,514840.0000,3
2025-10-09,20251009104000000,sz.002732,16.4500,16.4600,16.4300,16.4300,14800,243371.0000,3
2025-10-09,20251009104500000,sz.002732,16.4400,16.4400,16.4300,16.4300,8800,144618.0000,3
2025-10-09,20251009105000000,sz.002732,16.4300,16.4500,16.4300,16.4500,14500,238328.0000,3
2025-10-09,20251009105500000,sz.002732,16.4500,16.4600,16.4400,16.4400,20400,335512.0000,3
2025-10-09,20251009110000000,sz.002732,16.4600,16.4700,16.4500,16.4700,27200,447745.0000,3
2025-10-09,20251009110500000,sz.002732,16.4700,16.4900,16.4700,16.4900,4300,70861.0000,3
2025-10-09,20251009111000000,sz.002732,16.4900,16.5000,16.4800,16.5000,15200,250623.0000,3
2025-10-09,20251009111500000,sz.002732,16.4900,16.5000,16.4900,16.4900,8400,138517.0000,3
2025-10-09,20251009112000000,sz.002732,16.4900,16.4900,16.4500,16.4800,28500,469093.0000,3
2025-10-09,20251009112500000,sz.002732,16.4800,16.4800,16.4700,16.4800,13300,219157.0000,3
2025-10-09,20251009113000000,sz.002732,16.4900,16.4900,16.4800,16.4800,10500,173037.0000,3
2025-10-09,20251009130500000,sz.002732,16.4900,16.5000,16.4700,16.4700,33200,547313.0000,3
2025-10-09,20251009131000000,sz.002732,16.4900,16.4900,16.4600,16.4700,4200,69163.0000,3
2025-10-09,20251009131500000,sz.002732,16.4800,16.4800,16.4600,16.4600,6900,113634.0000,3
2025-10-09,20251009132000000,sz.002732,16.4700,16.4700,16.4500,16.4500,3400,55976.0000,3
2025-10-09,20251009132500000,sz.002732,16.4600,16.4800,16.4400,16.4400,12000,197475.0000,3
2025-10-09,20251009133000000,sz.002732,16.4500,16.4600,16.4500,16.4600,6400,105295.0000,3
2025-10-09,20251009133500000,sz.002732,16.4600,16.4800,16.4600,16.4600,13600,223993.0000,3
2025-10-09,20251009134000000,sz.002732,16.4600,16.4800,16.4600,16.4700,4600,75764.0000,3
2025-10-09,20251009134500000,sz.002732,16.4800,16.4800,16.4600,16.4600,4000,65895.0000,3
2025-10-09,20251009135000000,sz.002732,16.4700,16.4800,16.4600,16.4800,8800,144967.0000,3
2025-10-09,20251009135500000,sz.002732,16.4800,16.5000,16.4800,16.5000,26700,440298.0000,3
2025-10-09,20251009140000000,sz.002732,16.5000,16.5100,16.4900,16.4900,11500,189791.0000,3
2025-10-09,20251009140500000,sz.002732,16.5100,16.5100,16.4900,16.4900,13000,214523.0000,3
2025-10-09,20251009141000000,sz.002732,16.4900,16.5000,16.4800,16.4800,5800,95640.0000,3
2025-10-09,20251009141500000,sz.002732,16.4900,16.5000,16.4800,16.5000,7400,122074.0000,3
2025-10-09,20251009142000000,sz.002732,16.4900,16.5000,16.4700,16.5000,11900,196164.0000,3
2025-10-09,20251009142500000,sz.002732,16.4900,16.4900,16.4700,16.4700,20500,337940.0000,3
2025-10-09,20251009143000000,sz.002732,16.4700,16.4900,16.4700,16.4900,4300,70888.0000,3
2025-10-09,20251009143500000,sz.002732,16.5000,16.5000,16.4800,16.4800,9800,161606.0000,3
2025-10-09,20251009144000000,sz.002732,16.4900,16.4900,16.4700,16.4800,40200,662290.0000,3
2025-10-09,20251009144500000,sz.002732,16.4700,16.4800,16.4500,16.4500,20500,337524.0000,3
2025-10-09,20251009145000000,sz.002732,16.4600,16.4800,16.4500,16.4600,27500,452646.0000,3
2025-10-09,20251009145500000,sz.002732,16.4600,16.4800,16.4500,16.4600,25100,413210.0000,3
2025-10-09,20251009150000000,sz.002732,16.4600,16.4800,16.4500,16.4800,31200,513828.0000,3
2025-10-10,20251010093500000,sz.002732,16.4500,16.5800,16.4200,16.5500,110400,1821950.0000,3
2025-10-10,20251010094000000,sz.002732,16.5400,16.6600,16.5400,16.6300,142700,2371092.0000,3
2025-10-10,20251010094500000,sz.002732,16.6400,16.7200,16.6200,16.6900,165600,2760360.0000,3
2025-10-10,20251010095000000,sz.002732,16.6900,16.7000,16.6300,16.6300,64300,1071978.0000,3
2025-10-10,20251010095500000,sz.002732,16.6300,16.6400,16.6100,16.6200,23000,382352.0000,3
2025-10-10,20251010100000000,sz.002732,16.6200,16.6500,16.6100,16.6500,25700,427621.0000,3
2025-10-10,20251010100500000,sz.002732,16.6400,16.6800,16.6400,16.6700,33500,558204.0000,3
2025-10-10,20251010101000000,sz.002732,16.6600,16.7000,16.6600,16.6800,43400,723954.0000,3
2025-10-10,20251010101500000,sz.002732,16.6700,16.7000,16.6700,16.6900,18800,313682.0000,3
2025-10-10,20251010102000000,sz.002732,16.6900,16.7000,16.6800,16.6800,35300,589003.0000,3
2025-10-10,20251010102500000,sz.002732,16.6800,16.6900,16.6700,16.6800,9900,165120.0000,3
2025-10-10,20251010103000000,sz.002732,16.6800,16.6900,16.6700,16.6900,13800,230249.0000,3
2025-10-10,20251010103500000,sz.002732,16.6800,16.6900,16.6700,16.6800,5400,90052.0000,3
2025-10-10,20251010104000000,sz.002732,16.6800,16.7000,16.6700,16.7000,48000,801293.0000,3
2025-10-10,20251010104500000,sz.002732,16.6900,16.7000,16.6500,16.6800,17700,295224.0000,3
2025-10-10,20251010105000000,sz.002732,16.6800,16.6900,16.6700,16.6900,6900,115109.0000,3
2025-10-10,20251010105500000,sz.002732,16.6900,16.6900,16.6700,16.6700,13300,221837.0000,3
2025-10-10,20251010110000000,sz.002732,16.6700,16.6800,16.6700,16.6800,6900,115036.0000,3
2025-10-10,20251010110500000,sz.002732,16.6800,16.6800,16.6600,16.6600,6500,108351.0000,3
2025-10-10,20251010111000000,sz.002732,16.6700,16.6700,16.6600,16.6600,3600,60007.0000,3
2025-10-10,20251010111500000,sz.002732,16.6800,16.6800,16.6600,16.6600,6500,108364.0000,3
2025-10-10,20251010112000000,sz.002732,16.6600,16.6700,16.6600,16.6600,2600,43339.0000,3
2025-10-10,20251010112500000,sz.002732,16.6600,16.6700,16.6400,16.6500,18000,299813.0000,3
2025-10-10,20251010113000000,sz.002732,16.6400,16.6600,16.6400,16.6500,3000,49962.0000,3
2025-10-10,20251010130500000,sz.002732,16.6500,16.6600,16.6300,16.6300,17800,296276.0000,3
2025-10-10,20251010131000000,sz.002732,16.6400,16.6600,16.6300,16.6600,8800,146505.0000,3
2025-10-10,20251010131500000,sz.002732,16.6600,16.6700,16.6500,16.6500,21400,356552.0000,3
2025-10-10,20251010132000000,sz.002732,16.6500,16.6500,16.6400,16.6400,16200,269724.0000,3
2025-10-10,20251010132500000,sz.002732,16.6500,16.6500,16.6500,16.6500,6500,108225.0000,3
2025-10-10,20251010133000000,sz.002732,16.6600,16.6700,16.6400,16.6700,16100,268179.0000,3
2025-10-10,20251010133500000,sz.002732,16.6600,16.6800,16.6600,16.6700,29000,483578.0000,3
2025-10-10,20251010134000000,sz.002732,16.6800,16.7000,16.6800,16.6800,27200,453916.0000,3
2025-10-10,20251010134500000,sz.002732,16.6800,16.6900,16.6500,16.6500,16400,273348.0000,3
2025-10-10,20251010135000000,sz.002732,16.6500,16.6700,16.6500,16.6600,10900,181586.0000,3
2025-10-10,20251010135500000,sz.002732,16.6500,16.6800,16.6500,16.6800,5000,83298.0000,3
2025-10-10,20251010140000000,sz.002732,16.6700,16.6900,16.6700,16.6900,15300,255123.0000,3
2025-10-10,20251010140500000,sz.002732,16.6900,16.7100,16.6900,16.7100,50900,850002.0000,3
2025-10-10,20251010141000000,sz.002732,16.7000,16.7100,16.6900,16.6900,25300,422360.0000,3
2025-10-10,20251010141500000,sz.002732,16.6900,16.7100,16.6800,16.6900,16900,282136.0000,3
2025-10-10,20251010142000000,sz.002732,16.6800,16.7000,16.6600,16.6900,34500,575862.0000,3
2025-10-10,20251010142500000,sz.002732,16.7000,16.7000,16.6800,16.6900,14600,243726.0000,3
2025-10-10,20251010143000000,sz.002732,16.6900,16.7000,16.6800,16.6800,18800,313748.0000,3
2025-10-10,20251010143500000,sz.002732,16.6900,16.6900,16.6700,16.6900,21200,353740.0000,3
2025-10-10,20251010144000000,sz.002732,16.6800,16.7000,16.6800,16.6800,27300,455440.0000,3
2025-10-10,20251010144500000,sz.002732,16.6700,16.6900,16.6600,16.6600,59200,987128.0000,3
2025-10-10,20251010145000000,sz.002732,16.6900,16.6900,16.6600,16.6600,22600,376734.0000,3
2025-10-10,20251010145500000,sz.002732,16.6600,16.6800,16.6600,16.6700,33600,560058.0000,3
2025-10-10,20251010150000000,sz.002732,16.6600,16.6900,16.6500,16.6500,35000,583036.0000,3
2025-10-13,20251013093500000,sz.002732,16.4600,16.5000,16.3300,16.4000,350200,5745782.0000,3
2025-10-13,20251013094000000,sz.002732,16.3900,16.5000,16.3900,16.4600,81900,1346261.0000,3
2025-10-13,20251013094500000,sz.002732,16.5000,16.5000,16.4300,16.4600,56800,935179.0000,3
2025-10-13,20251013095000000,sz.002732,16.4800,16.4800,16.4000,16.4200,42600,700479.0000,3
2025-10-13,20251013095500000,sz.002732,16.4300,16.4600,16.4100,16.4600,62200,1022136.0000,3
2025-10-13,20251013100000000,sz.002732,16.4600,16.5000,16.4500,16.4600,36300,598172.0000,3
2025-10-13,20251013100500000,sz.002732,16.4600,16.5200,16.4600,16.5000,24800,408841.0000,3
2025-10-13,20251013101000000,sz.002732,16.4900,16.5100,16.4700,16.4700,16900,278737.0000,3
2025-10-13,20251013101500000,sz.002732,16.4700,16.5100,16.4500,16.5100,26700,439932.0000,3
2025-10-13,20251013102000000,sz.002732,16.5000,16.5100,16.4900,16.5000,15300,252451.0000,3
2025-10-13,20251013102500000,sz.002732,16.5100,16.5300,16.4900,16.5200,22700,374734.0000,3
2025-10-13,20251013103000000,sz.002732,16.5400,16.5400,16.4800,16.4800,24900,411068.0000,3
2025-10-13,20251013103500000,sz.002732,16.4900,16.5100,16.4900,16.5100,3300,54450.0000,3
2025-10-13,20251013104000000,sz.002732,16.5000,16.5200,16.5000,16.5200,16000,264137.0000,3
2025-10-13,20251013104500000,sz.002732,16.5000,16.5000,16.4800,16.4800,13500,222698.0000,3
2025-10-13,20251013105000000,sz.002732,16.4900,16.5300,16.4900,16.5300,15300,252585.0000,3
2025-10-13,20251013105500000,sz.002732,16.5200,16.5200,16.4900,16.5100,25600,422697.0000,3
2025-10-13,20251013110000000,sz.002732,16.5100,16.5200,16.5000,16.5100,7500,123812.0000,3
2025-10-13,20251013110500000,sz.002732,16.5200,16.5300,16.5200,16.5200,4500,74341.0000,3
2025-10-13,20251013111000000,sz.002732,16.5300,16.5300,16.5000,16.5000,12500,206392.0000,3
2025-10-13,20251013111500000,sz.002732,16.5300,16.5400,16.5100,16.5300,40400,667844.0000,3
2025-10-13,20251013112000000,sz.002732,16.5300,16.5500,16.5300,16.5300,12500,206569.0000,3
2025-10-13,20251013112500000,sz.002732,16.5200,16.5200,16.4800,16.4900,17500,288839.0000,3
2025-10-13,20251013113000000,sz.002732,16.4900,16.5000,16.4700,16.5000,20100,331548.0000,3
2025-10-13,20251013130500000,sz.002732,16.4800,16.5000,16.4400,16.4800,44700,736326.0000,3
2025-10-13,20251013131000000,sz.002732,16.4900,16.5000,16.4800,16.4900,12200,201134.0000,3
2025-10-13,20251013131500000,sz.002732,16.4900,16.4900,16.4600,16.4600,10600,174556.0000,3
2025-10-13,20251013132000000,sz.002732,16.4900,16.4900,16.4700,16.4800,26800,441764.0000,3
2025-10-13,20251013132500000,sz.002732,16.5300,16.5300,16.4700,16.5000,26600,438684.0000,3
2025-10-13,20251013133000000,sz.002732,16.5000,16.5400,16.5000,16.5400,27900,460656.0000,3
2025-10-13,20251013133500000,sz.002732,16.5400,16.5700,16.5400,16.5700,24200,400588.0000,3
2025-10-13,20251013134000000,sz.002732,16.5500,16.5900,16.5500,16.5900,18900,313084.0000,3
2025-10-13,20251013134500000,sz.002732,16.5900,16.5900,16.5700,16.5900,16200,268580.0000,3
2025-10-13,20251013135000000,sz.002732,16.5700,16.5900,16.5600,16.5700,6300,104424.0000,3
2025-10-13,20251013135500000,sz.002732,16.5800,16.6200,16.5800,16.6200,18500,307084.0000,3
2025-10-13,20251013140000000,sz.002732,16.6200,16.6400,16.6100,16.6100,19800,329248.0000,3
2025-10-13,20251013140500000,sz.002732,16.6200,16.6300,16.6100,16.6300,7200,119696.0000,3
2025-10-13,20251013141000000,sz.002732,16.6200,16.6200,16.5800,16.6100,14300,237380.0000,3
2025-10-13,20251013141500000,sz.002732,16.6100,16.6100,16.6100,16.6100,4300,71422.0000,3
2025-10-13,20251013142000000,sz.002732,16.6100,16.6300,16.6100,16.6300,13800,229342.0000,3
2025-10-13,20251013142500000,sz.002732,16.6400,16.6600,16.6400,16.6600,15200,253032.0000,3
2025-10-13,20251013143000000,sz.002732,16.6500,16.6600,16.6400,16.6600,13700,228176.0000,3
2025-10-13,20251013143500000,sz.002732,16.6600,16.6700,16.6200,16.6300,20800,346338.0000,3
2025-10-13,20251013144000000,sz.002732,16.6500,16.6600,16.6200,16.6200,14100,234614.0000,3
2025-10-13,20251013144500000,sz.002732,16.6200,16.6600,16.6100,16.6400,17400,289554.0000,3
2025-10-13,20251013145000000,sz.002732,16.6500,16.6700,16.6300,16.6700,92700,1543606.0000,3
2025-10-13,20251013145500000,sz.002732,16.6600,16.6600,16.6300,16.6300,25900,431134.0000,3
2025-10-13,20251013150000000,sz.002732,16.6300,16.6600,16.6300,16.6300,32600,542174.0000,3
2025-10-14,20251014093500000,sz.002732,16.6400,16.7200,16.6300,16.7200,140400,2341184.0000,3
2025-10-14,20251014094000000,sz.002732,16.7200,16.7200,16.6200,16.6500,79900,1330717.0000,3
2025-10-14,20251014094500000,sz.002732,16.6500,16.6600,16.6300,16.6400,36200,602404.0000,3
2025-10-14,20251014095000000,sz.002732,16.6400,16.6600,16.6300,16.6600,31800,529093.0000,3
2025-10-14,20251014095500000,sz.002732,16.6700,16.7000,16.6600,16.7000,18200,303518.0000,3
2025-10-14,20251014100000000,sz.002732,16.7000,16.7500,16.7000,16.7400,83100,1390092.0000,3
2025-10-14,20251014100500000,sz.002732,16.7500,16.7500,16.7100,16.7400,57000,953872.0000,3
2025-10-14,20251014101000000,sz.002732,16.7400,16.7400,16.7200,16.7300,23400,391422.0000,3
2025-10-14,20251014101500000,sz.002732,16.7200,16.7400,16.7100,16.7300,35500,593661.0000,3
2025-10-14,20251014102000000,sz.002732,16.7100,16.7300,16.7100,16.7100,12000,200565.0000,3
2025-10-14,20251014102500000,sz.002732,16.7000,16.8000,16.7000,16.7900,106900,1790771.0000,3
2025-10-14,20251014103000000,sz.002732,16.7900,16.8100,16.7900,16.8000,66400,1115365.0000,3
2025-10-14,20251014103500000,sz.002732,16.8100,16.8200,16.8000,16.8000,37500,630173.0000,3
2025-10-14,20251014104000000,sz.002732,16.7900,16.8300,16.7800,16.8000,79600,1337653.0000,3
2025-10-14,20251014104500000,sz.002732,16.8100,16.8100,16.7800,16.8000,24400,409754.0000,3
2025-10-14,20251014105000000,sz.002732,16.8000,16.8000,16.7700,16.7700,40600,681587.0000,3
2025-10-14,20251014105500000,sz.002732,16.7800,16.8100,16.7700,16.7700,27900,468215.0000,3
2025-10-14,20251014110000000,sz.002732,16.7600,16.7800,16.7600,16.7600,16200,271584.0000,3
2025-10-14,20251014110500000,sz.002732,16.7500,16.8000,16.7500,16.7900,34200,573982.0000,3
2025-10-14,20251014111000000,sz.002732,16.7900,16.7900,16.7400,16.7600,28000,469325.0000,3
2025-10-14,20251014111500000,sz.002732,16.7500,16.7800,16.7400,16.7800,14200,237930.0000,3
2025-10-14,20251014112000000,sz.002732,16.7800,16.8100,16.7700,16.7700,37100,622849.0000,3
2025-10-14,20251014112500000,sz.002732,16.7800,16.8100,16.7700,16.8100,16500,277050.0000,3
2025-10-14,20251014113000000,sz.002732,16.8100,16.8200,16.8000,16.8200,18800,315998.0000,3
2025-10-14,20251014130500000,sz.002732,16.8200,16.8200,16.7800,16.7800,44700,751184.0000,3
2025-10-14,20251014131000000,sz.002732,16.7900,16.8000,16.7800,16.7900,17400,292064.0000,3
2025-10-14,20251014131500000,sz.002732,16.8000,16.8200,16.7800,16.7900,33600,564356.0000,3
2025-10-14,20251014132000000,sz.002732,16.8000,16.8100,16.7900,16.8000,18500,310780.0000,3
2025-10-14,20251014132500000,sz.002732,16.8000,16.8500,16.8000,16.8400,100600,1693148.0000,3
2025-10-14,20251014133000000,sz.002732,16.8400,16.8800,16.8400,16.8700,61000,1028844.0000,3
2025-10-14,20251014133500000,sz.002732,16.8700,16.8800,16.8600,16.8600,24900,420188.0000,3
2025-10-14,20251014134000000,sz.002732,16.8600,16.8700,16.8000,16.8000,22600,380632.0000,3
2025-10-14,20251014134500000,sz.002732,16.8100,16.8300,16.7800,16.8100,13500,226904.0000,3
2025-10-14,20251014135000000,sz.002732,16.8200,16.8400,16.8000,16.8400,15600,262468.0000,3
2025-10-14,20251014135500000,sz.002732,16.8200,16.8500,16.8200,16.8500,23200,390636.0000,3
2025-10-14,20251014140000000,sz.002732,16.8400,16.8400,16.8300,16.8300,20000,336708.0000,3
2025-10-14,20251014140500000,sz.002732,16.8200,16.8500,16.8100,16.8500,19900,334872.0000,3
2025-10-14,20251014141000000,sz.002732,16.8300,16.8300,16.8100,16.8100,21300,358328.0000,3
2025-10-14,20251014141500000,sz.002732,16.8200,16.8400,16.8100,16.8200,11200,188392.0000,3
2025-10-14,20251014142000000,sz.002732,16.8300,16.8300,16.7900,16.7900,27600,463828.0000,3
2025-10-14,20251014142500000,sz.002732,16.8000,16.8300,16.7900,16.8300,28000,470520.0000,3
2025-10-14,20251014143000000,sz.002732,16.8100,16.8100,16.7800,16.8100,39600,666164.0000,3
2025-10-14,20251014143500000,sz.002732,16.8100,16.8400,16.7800,16.7800,46600,783490.0000,3
2025-10-14,20251014144000000,sz.002732,16.8000,16.8000,16.7400,16.7500,35900,601750.0000,3
2025-10-14,20251014144500000,sz.002732,16.7300,16.7600,16.7100,16.7600,48000,803204.0000,3
2025-10-14,20251014145000000,sz.002732,16.7400,16.7600,16.7300,16.7600,37000,619576.0000,3
2025-10-14,20251014145500000,sz.002732,16.7600,16.8000,16.7600,16.7900,43800,734968.0000,3
2025-10-14,20251014150000000,sz.002732,16.7900,16.8100,16.7800,16.8100,35100,589844.0000,3
2025-10-15,20251015093500000,sz.002732,16.8100,16.8200,16.6800,16.7800,109500,1832732.0000,3
2025-10-15,20251015094000000,sz.002732,16.7800,16.8200,16.7500,16.7800,98900,1659945.0000,3
2025-10-15,20251015094500000,sz.002732,16.7700,16.8800,16.7700,16.8800,73000,1229905.0000,3
2025-10-15,20251015095000000,sz.002732,16.8800,16.9400,16.8000,16.9000,98100,1656730.0000,3
2025-10-15,20251015095500000,sz.002732,16.9200,16.9200,16.8800,16.8800,62500,1056233.0000,3
2025-10-15,20251015100000000,sz.002732,16.8800,16.9000,16.8400,16.8600,24200,408049.0000,3
2025-10-15,20251015100500000,sz.002732,16.8600,16.8900,16.8400,16.8900,17100,288243.0000,3
2025-10-15,20251015101000000,sz.002732,16.8900,16.8900,16.8600,16.8900,10300,173862.0000,3
2025-10-15,20251015101500000,sz.002732,16.8900,16.8900,16.8600,16.8600,24700,416753.0000,3
2025-10-15,20251015102000000,sz.002732,16.8700,16.9100,16.8700,16.9000,42400,716243.0000,3
2025-10-15,20251015102500000,sz.002732,16.9000,16.9100,16.8900,16.9100,38900,657198.0000,3
2025-10-15,20251015103000000,sz.002732,16.9200,16.9200,16.8600,16.8900,53100,896493.0000,3
2025-10-15,20251015103500000,sz.002732,16.8800,16.9100,16.8700,16.8700,53000,894869.0000,3
2025-10-15,20251015104000000,sz.002732,16.8800,16.8900,16.8600,16.8700,15000,253094.0000,3
2025-10-15,20251015104500000,sz.002732,16.8700,16.8700,16.8500,16.8700,5800,97783.0000,3
2025-10-15,20251015105000000,sz.002732,16.8700,16.8800,16.8500,16.8600,10500,177066.0000,3
2025-10-15,20251015105500000,sz.002732,16.8600,16.8800,16.8400,16.8800,32600,549277.0000,3
2025-10-15,20251015110000000,sz.002732,16.8800,16.9200,16.8800,16.9100,39500,667837.0000,3
2025-10-15,20251015110500000,sz.002732,16.9100,16.9600,16.9100,16.9300,65600,1110910.0000,3
2025-10-15,20251015111000000,sz.002732,16.9200,16.9300,16.9000,16.9200,17000,287634.0000,3
2025-10-15,20251015111500000,sz.002732,16.9200,16.9200,16.9000,16.9000,18800,317932.0000,3
2025-10-15,20251015112000000,sz.002732,16.9100,16.9100,16.8800,16.9100,12600,212997.0000,3
2025-10-15,20251015112500000,sz.002732,16.9500,16.9500,16.9000,16.9000,35300,597365.0000,3
2025-10-15,20251015113000000,sz.002732,16.9000,16.9100,16.9000,16.9100,4900,82842.0000,3
2025-10-15,20251015130500000,sz.002732,16.9200,16.9200,16.8700,16.9000,83100,1403812.0000,3
2025-10-15,20251015131000000,sz.002732,16.9100,16.9100,16.8900,16.8900,12100,204492.0000,3
2025-10-15,20251015131500000,sz.002732,16.9000,16.9000,16.8800,16.9000,39800,671920.0000,3
2025-10-15,20251015132000000,sz.002732,16.9000,16.9000,16.8900,16.8900,2100,35484.0000,3
2025-10-15,20251015132500000,sz.002732,16.8900,16.9000,16.8900,16.9000,7800,131794.0000,3
2025-10-15,20251015133000000,sz.002732,16.8900,16.8900,16.8800,16.8900,6000,101334.0000,3
2025-10-15,20251015133500000,sz.002732,16.8900,16.8900,16.8700,16.8800,36200,611010.0000,3
2025-10-15,20251015134000000,sz.002732,16.8700,16.8800,16.8500,16.8500,37400,630686.0000,3
2025-10-15,20251015134500000,sz.002732,16.8500,16.8600,16.8400,16.8600,18000,303248.0000,3
2025-10-15,20251015135000000,sz.002732,16.8500,16.8500,16.8400,16.8400,16300,274540.0000,3
2025-10-15,20251015135500000,sz.002732,16.8500,16.8600,16.8400,16.8400,7000,117926.0000,3
2025-10-15,20251015140000000,sz.002732,16.8300,16.8900,16.8300,16.8700,22200,374354.0000,3
2025-10-15,20251015140500000,sz.002732,16.8600,16.8600,16.8600,16.8600,5300,89360.0000,3
2025-10-15,20251015141000000,sz.002732,16.8500,16.8600,16.8500,16.8500,9800,165144.0000,3
2025-10-15,20251015141500000,sz.002732,16.8600,16.8700,16.8600,16.8700,10300,173700.0000,3
2025-10-15,20251015142000000,sz.002732,16.8600,16.8700,16.8600,16.8600,14300,241174.0000,3
2025-10-15,20251015142500000,sz.002732,16.8500,16.8700,16.8500,16.8700,11600,195566.0000,3
2025-10-15,20251015143000000,sz.002732,16.8700,16.8700,16.8500,16.8600,16600,279830.0000,3
2025-10-15,20251015143500000,sz.002732,16.8500,16.8800,16.8500,16.8800,40600,684578.0000,3
2025-10-15,20251015144000000,sz.002732,16.8800,16.8800,16.8600,16.8800,16900,285200.0000,3
2025-10-15,20251015144500000,sz.002732,16.8800,16.8900,16.8700,16.8800,32000,540104.0000,3
2025-10-15,20251015145000000,sz.002732,16.8700,16.9100,16.8700,16.8800,93700,1582538.0000,3
2025-10-15,20251015145500000,sz.002732,16.8800,16.8900,16.8600,16.8800,55600,938758.0000,3
2025-10-15,20251015150000000,sz.002732,16.8700,16.8800,16.8500,16.8500,76100,1283092.0000,3
2025-10-16,20251016093500000,sz.002732,16.7800,16.9300,16.7800,16.9200,98500,1658144.0000,3
2025-10-16,20251016094000000,sz.002732,16.9000,16.9200,16.8700,16.8800,22100,373106.0000,3
2025-10-16,20251016094500000,sz.002732,16.8700,16.8700,16.8000,16.8100,38800,653150.0000,3
2025-10-16,20251016095000000,sz.002732,16.8000,16.8500,16.7800,16.8300,78000,1310908.0000,3
2025-10-16,20251016095500000,sz.002732,16.8400,16.8800,16.8100,16.8500,35700,601521.0000,3
2025-10-16,20251016100000000,sz.002732,16.8400,16.8500,16.8200,16.8500,16700,281167.0000,3
2025-10-16,20251016100500000,sz.002732,16.8600,16.8800,16.8500,16.8800,21300,359210.0000,3
2025-10-16,20251016101000000,sz.002732,16.8700,16.8700,16.8300,16.8500,41500,698757.0000,3
2025-10-16,20251016101500000,sz.002732,16.8500,16.8600,16.7900,16.8400,49700,835609.0000,3
2025-10-16,20251016102000000,sz.002732,16.8200,16.8300,16.8000,16.8200,20600,346218.0000,3
2025-10-16,20251016102500000,sz.002732,16.8200,16.8300,16.8000,16.8100,19100,321076.0000,3
2025-10-16,20251016103000000,sz.002732,16.8100,16.8100,16.7800,16.7800,18700,314065.0000,3
2025-10-16,20251016103500000,sz.002732,16.7900,16.7900,16.7400,16.7700,55900,936954.0000,3
2025-10-16,20251016104000000,sz.002732,16.7700,16.7800,16.7600,16.7600,15000,251538.0000,3
2025-10-16,20251016104500000,sz.002732,16.7600,16.7700,16.7600,16.7700,1400,23472.0000,3
2025-10-16,20251016105000000,sz.002732,16.7700,16.7700,16.7500,16.7500,14600,244686.0000,3
2025-10-16,20251016105500000,sz.002732,16.7500,16.7600,16.7400,16.7400,18600,311504.0000,3
2025-10-16,20251016110000000,sz.002732,16.7400,16.7500,16.7300,16.7300,15900,266075.0000,3
2025-10-16,20251016110500000,sz.002732,16.7300,16.7400,16.7300,16.7300,13200,220866.0000,3
2025-10-16,20251016111000000,sz.002732,16.7300,16.7400,16.7300,16.7400,12500,209142.0000,3
2025-10-16,20251016111500000,sz.002732,16.7400,16.7500,16.7300,16.7500,12500,209248.0000,3
2025-10-16,20251016112000000,sz.002732,16.7500,16.7600,16.7500,16.7500,14900,249627.0000,3
2025-10-16,20251016112500000,sz.002732,16.7500,16.7600,16.7400,16.7500,11900,199256.0000,3
2025-10-16,20251016113000000,sz.002732,16.7400,16.7500,16.7400,16.7400,10000,167403.0000,3
2025-10-16,20251016130500000,sz.002732,16.7400,16.7400,16.7200,16.7200,24500,409855.0000,3
2025-10-16,20251016131000000,sz.002732,16.7200,16.7200,16.7000,16.7000,31200,521318.0000,3
2025-10-16,20251016131500000,sz.002732,16.7100,16.7100,16.6800,16.6800,29500,492419.0000,3
2025-10-16,20251016132000000,sz.002732,16.6900,16.7100,16.6900,16.7000,12100,202080.0000,3
2025-10-16,20251016132500000,sz.002732,16.7000,16.7000,16.6900,16.6900,8400,140240.0000,3
2025-10-16,20251016133000000,sz.002732,16.6900,16.7500,16.6800,16.7400,15700,262289.0000,3
2025-10-16,20251016133500000,sz.002732,16.7300,16.7800,16.7100,16.7600,33900,567643.0000,3
2025-10-16,20251016134000000,sz.002732,16.7600,16.7700,16.7300,16.7300,9400,157485.0000,3
2025-10-16,20251016134500000,sz.002732,16.7500,16.7600,16.7400,16.7400,7700,128931.0000,3
2025-10-16,20251016135000000,sz.002732,16.7500,16.7700,16.7400,16.7500,16300,273097.0000,3
2025-10-16,20251016135500000,sz.002732,16.7600,16.7800,16.7500,16.7800,8100,135811.0000,3
2025-10-16,20251016140000000,sz.002732,16.7700,16.8100,16.7700,16.8000,36800,618035.0000,3
2025-10-16,20251016140500000,sz.002732,16.8000,16.8300,16.7800,16.7900,57900,972822.0000,3
2025-10-16,20251016141000000,sz.002732,16.7900,16.8000,16.7500,16.7600,17700,296886.0000,3
2025-10-16,20251016141500000,sz.002732,16.7700,16.7900,16.7600,16.7800,12200,204623.0000,3
2025-10-16,20251016142000000,sz.002732,16.7800,16.7800,16.7600,16.7700,15300,256464.0000,3
2025-10-16,20251016142500000,sz.002732,16.7700,16.7700,16.7300,16.7300,10600,177532.0000,3
2025-10-16,20251016143000000,sz.002732,16.7300,16.7500,16.7300,16.7400,10600,177428.0000,3
2025-10-16,20251016143500000,sz.002732,16.7400,16.7500,16.7000,16.7200,24200,404888.0000,3
2025-10-16,20251016144000000,sz.002732,16.7200,16.7400,16.6900,16.7100,26100,436078.0000,3
2025-10-16,20251016144500000,sz.002732,16.7200,16.7200,16.7000,16.7000,40000,668134.0000,3
2025-10-16,20251016145000000,sz.002732,16.7100,16.7400,16.7100,16.7200,26400,441388.0000,3
2025-10-16,20251016145500000,sz.002732,16.7200,16.7300,16.7100,16.7300,19800,331072.0000,3
2025-10-16,20251016150000000,sz.002732,16.7300,16.7400,16.6900,16.7000,32200,538180.0000,3
2025-10-17,20251017093500000,sz.002732,16.6400,16.8200,16.6400,16.7400,49500,827923.0000,3
2025-10-17,20251017094000000,sz.002732,16.7300,16.7600,16.6700,16.7500,29200,488115.0000,3
2025-10-17,20251017094500000,sz.002732,16.7400,16.7800,16.7100,16.7500,28300,473824.0000,3
2025-10-17,20251017095000000,sz.002732,16.7300,16.7700,16.6800,16.6800,61000,1020317.0000,3
2025-10-17,20251017095500000,sz.002732,16.7000,16.7600,16.7000,16.7600,47800,799273.0000,3
2025-10-17,20251017100000000,sz.002732,16.7500,16.8000,16.7300,16.7600,36600,613519.0000,3
2025-10-17,20251017100500000,sz.002732,16.7500,16.7800,16.7400,16.7600,21300,356862.0000,3
2025-10-17,20251017101000000,sz.002732,16.7500,16.7500,16.7200,16.7300,7400,123823.0000,3
2025-10-17,20251017101500000,sz.002732,16.7200,16.7200,16.6900,16.7000,18000,300730.0000,3
2025-10-17,20251017102000000,sz.002732,16.7000,16.7200,16.6800,16.7200,20600,344084.0000,3
2025-10-17,20251017102500000,sz.002732,16.7300,16.7500,16.7300,16.7400,7800,130598.0000,3
2025-10-17,20251017103000000,sz.002732,16.7500,16.8000,16.7400,16.8000,45800,767562.0000,3
2025-10-17,20251017103500000,sz.002732,16.8000,16.8500,16.7900,16.8100,44700,751158.0000,3
2025-10-17,20251017104000000,sz.002732,16.8100,16.8200,16.8000,16.8100,10000,168095.0000,3
2025-10-17,20251017104500000,sz.002732,16.8100,16.8200,16.8000,16.8100,4800,80687.0000,3
2025-10-17,20251017105000000,sz.002732,16.8100,16.8300,16.8100,16.8100,31900,536441.0000,3
2025-10-17,20251017105500000,sz.002732,16.8100,16.8100,16.7700,16.7800,15400,258621.0000,3
2025-10-17,20251017110000000,sz.002732,16.7900,16.8100,16.7900,16.7900,12300,206633.0000,3
2025-10-17,20251017110500000,sz.002732,16.7900,16.8100,16.7800,16.7900,15500,260311.0000,3
2025-10-17,20251017111000000,sz.002732,16.7800,16.8100,16.7800,16.8000,14500,243563.0000,3
2025-10-17,20251017111500000,sz.002732,16.8100,16.8100,16.7900,16.8000,11400,191519.0000,3
2025-10-17,20251017112000000,sz.002732,16.8100,16.8100,16.7900,16.7900,14800,248599.0000,3
2025-10-17,20251017112500000,sz.002732,16.7900,16.8100,16.7700,16.7700,10500,176268.0000,3
2025-10-17,20251017113000000,sz.002732,16.7700,16.7800,16.7500,16.7500,25000,419047.0000,3
2025-10-17,20251017130500000,sz.002732,16.7500,16.7500,16.7100,16.7300,18200,304288.0000,3
2025-10-17,20251017131000000,sz.002732,16.7700,16.7700,16.7000,16.7200,23000,384609.0000,3
2025-10-17,20251017131500000,sz.002732,16.7300,16.7400,16.7200,16.7200,13900,232530.0000,3
2025-10-17,20251017132000000,sz.002732,16.7300,16.7300,16.7000,16.7200,19000,317761.0000,3
2025-10-17,20251017132500000,sz.002732,16.7200,16.7600,16.7200,16.7600,12500,209216.0000,3
2025-10-17,20251017133000000,sz.002732,16.7700,16.8000,16.7700,16.7900,21900,367549.0000,3
2025-10-17,20251017133500000,sz.002732,16.7900,16.8100,16.7800,16.7900,9600,161256.0000,3
2025-10-17,20251017134000000,sz.002732,16.7900,16.8100,16.7700,16.8100,31000,520448.0000,3
2025-10-17,20251017134500000,sz.002732,16.8100,16.8100,16.7800,16.7800,14400,241889.0000,3
2025-10-17,20251017135000000,sz.002732,16.7800,16.8000,16.7600,16.8000,25400,426092.0000,3
2025-10-17,20251017135500000,sz.002732,16.8000,16.8100,16.7700,16.7800,14200,238469.0000,3
2025-10-17,20251017140000000,sz.002732,16.7900,16.8000,16.7700,16.8000,40400,677968.0000,3
2025-10-17,20251017140500000,sz.002732,16.8000,16.8200,16.7900,16.8100,42400,712510.0000,3
2025-10-17,20251017141000000,sz.002732,16.8100,16.8200,16.7800,16.7800,30400,510706.0000,3
2025-10-17,20251017141500000,sz.002732,16.7700,16.8100,16.7600,16.7900,36000,604252.0000,3
2025-10-17,20251017142000000,sz.002732,16.7800,16.7800,16.7600,16.7700,17300,290159.0000,3
2025-10-17,20251017142500000,sz.002732,16.7700,16.7700,16.7400,16.7700,15500,259785.0000,3
2025-10-17,20251017143000000,sz.002732,16.7700,16.7800,16.7300,16.7500,16300,273209.0000,3
2025-10-17,20251017143500000,sz.002732,16.7400,16.7600,16.7100,16.7300,25300,423302.0000,3
2025-10-17,20251017144000000,sz.002732,16.7200,16.7400,16.7000,16.7300,32300,540004.0000,3
2025-10-17,20251017144500000,sz.002732,16.7200,16.7400,16.7200,16.7400,19600,327862.0000,3
2025-10-17,20251017145000000,sz.002732,16.7400,16.7400,16.6900,16.6900,35300,589936.0000,3
2025-10-17,20251017145500000,sz.002732,16.6800,16.6900,16.6700,16.6900,34900,582120.0000,3
2025-10-17,20251017150000000,sz.002732,16.6800,16.6900,16.6600,16.6800,56300,939094.0000,3
2025-10-20,20251020093500000,sz.002732,16.7800,16.8500,16.7200,16.8200,138200,2321355.0000,3
2025-10-20,20251020094000000,sz.002732,16.8200,16.8400,16.8000,16.8200,55100,926846.0000,3
2025-10-20,20251020094500000,sz.002732,16.8200,16.8500,16.8100,16.8100,46400,780811.0000,3
2025-10-20,20251020095000000,sz.002732,16.8200,16.8400,16.7700,16.7900,27400,460512.0000,3
2025-10-20,20251020095500000,sz.002732,16.7700,16.8300,16.7700,16.8200,22300,374518.0000,3
2025-10-20,20251020100000000,sz.002732,16.8200,16.8300,16.8000,16.8200,21300,358216.0000,3
2025-10-20,20251020100500000,sz.002732,16.8100,16.8200,16.7600,16.7700,45300,760069.0000,3
2025-10-20,20251020101000000,sz.002732,16.7800,16.7900,16.7600,16.7800,28900,484832.0000,3
2025-10-20,20251020101500000,sz.002732,16.7800,16.7900,16.7500,16.7800,29800,499610.0000,3
2025-10-20,20251020102000000,sz.002732,16.7900,16.8100,16.7700,16.8000,24100,404566.0000,3
2025-10-20,20251020102500000,sz.002732,16.7900,16.7900,16.7100,16.7400,64300,1076133.0000,3
2025-10-20,20251020103000000,sz.002732,16.7500,16.7800,16.7500,16.7700,10900,182687.0000,3
2025-10-20,20251020103500000,sz.002732,16.7800,16.8100,16.7600,16.8000,48200,808865.0000,3
2025-10-20,20251020104000000,sz.002732,16.7900,16.8000,16.7800,16.7800,7600,127648.0000,3
2025-10-20,20251020104500000,sz.002732,16.7900,16.8000,16.7800,16.8000,24600,413045.0000,3
2025-10-20,20251020105000000,sz.002732,16.8200,16.8200,16.8000,16.8200,13300,223634.0000,3
2025-10-20,20251020105500000,sz.002732,16.8200,16.8200,16.8100,16.8100,28300,475961.0000,3
2025-10-20,20251020110000000,sz.002732,16.8100,16.8300,16.8000,16.8300,27300,459058.0000,3
2025-10-20,20251020110500000,sz.002732,16.8200,16.8300,16.8100,16.8300,17000,285956.0000,3
2025-10-20,20251020111000000,sz.002732,16.8200,16.8700,16.8200,16.8300,74400,1253400.0000,3
2025-10-20,20251020111500000,sz.002732,16.8300,16.8700,16.8200,16.8600,32500,547498.0000,3
2025-10-20,20251020112000000,sz.002732,16.8600,16.9000,16.8500,16.9000,58700,991043.0000,3
2025-10-20,20251020112500000,sz.002732,16.8900,16.9200,16.8900,16.9000,42600,719727.0000,3
2025-10-20,20251020113000000,sz.002732,16.9100,16.9300,16.9000,16.9200,27000,456658.0000,3
2025-10-20,20251020130500000,sz.002732,16.9200,16.9200,16.9000,16.9100,33800,571666.0000,3
2025-10-20,20251020131000000,sz.002732,16.9200,16.9500,16.9100,16.9400,52100,881946.0000,3
2025-10-20,20251020131500000,sz.002732,16.9300,16.9700,16.9100,16.9700,62200,1054136.0000,3
2025-10-20,20251020132000000,sz.002732,16.9600,16.9700,16.9300,16.9500,44300,750796.0000,3
2025-10-20,20251020132500000,sz.002732,16.9500,16.9800,16.9500,16.9700,56500,958916.0000,3
2025-10-20,20251020133000000,sz.002732,16.9600,16.9900,16.9600,16.9800,39900,677428.0000,3
2025-10-20,20251020133500000,sz.002732,16.9800,17.0200,16.9800,16.9900,146100,2483660.0000,3
2025-10-20,20251020134000000,sz.002732,16.9900,16.9900,16.9400,16.9400,39300,667072.0000,3
2025-10-20,20251020134500000,sz.002732,16.9400,16.9600,16.9300,16.9300,20900,354096.0000,3
2025-10-20,20251020135000000,sz.002732,16.9300,16.9500,16.9200,16.9400,24100,408056.0000,3
2025-10-20,20251020135500000,sz.002732,16.9300,16.9500,16.9300,16.9500,20600,349024.0000,3
2025-10-20,20251020140000000,sz.002732,16.9600,16.9600,16.9500,16.9500,19400,328976.0000,3
2025-10-20,20251020140500000,sz.002732,16.9600,16.9600,16.9400,16.9500,32500,550934.0000,3
2025-10-20,20251020141000000,sz.002732,16.9500,16.9900,16.9500,16.9700,32200,546510.0000,3
2025-10-20,20251020141500000,sz.002732,16.9600,16.9700,16.9400,16.9500,19500,330656.0000,3
2025-10-20,20251020142000000,sz.002732,16.9500,16.9500,16.9400,16.9400,25100,425402.0000,3
2025-10-20,20251020142500000,sz.002732,16.9400,16.9600,16.9400,16.9600,18800,318666.0000,3
2025-10-20,20251020143000000,sz.002732,16.9600,16.9700,16.9600,16.9700,42600,722720.0000,3
2025-10-20,20251020143500000,sz.002732,16.9600,16.9900,16.9400,16.9900,62400,1058468.0000,3
2025-10-20,20251020144000000,sz.002732,16.9900,17.0000,16.9800,17.0000,82800,1406972.0000,3
2025-10-20,20251020144500000,sz.002732,17.0000,17.0300,17.0000,17.0100,39100,665274.0000,3
2025-10-20,20251020145000000,sz.002732,17.0200,17.0500,17.0200,17.0500,107300,1827262.0000,3
2025-10-20,20251020145500000,sz.002732,17.0400,17.0600,17.0400,17.0500,115900,1975940.0000,3
2025-10-20,20251020150000000,sz.002732,17.0500,17.0800,17.0500,17.0500,103900,1772204.0000,3
2025-10-21,20251021093500000,sz.002732,17.0300,17.0800,16.9800,16.9900,73600,1253024.0000,3
2025-10-21,20251021094000000,sz.002732,16.9900,17.0400,16.9300,17.0200,84300,1431546.0000,3
2025-10-21,20251021094500000,sz.002732,17.0200,17.1100,17.0200,17.0900,58200,993950.0000,3
2025-10-21,20251021095000000,sz.002732,17.0900,17.1400,17.0600,17.0900,73000,1247844.0000,3
2025-10-21,20251021095500000,sz.002732,17.0900,17.1100,17.0700,17.1000,52100,890717.0000,3
2025-10-21,20251021100000000,sz.002732,17.1000,17.1400,17.1000,17.1200,42500,727886.0000,3
2025-10-21,20251021100500000,sz.002732,17.1200,17.1400,17.1100,17.1300,57400,983101.0000,3
2025-10-21,20251021101000000,sz.002732,17.1300,17.1300,17.0900,17.1000,25500,436275.0000,3
2025-10-21,20251021101500000,sz.002732,17.0900,17.1200,17.0900,17.1100,26600,455146.0000,3
2025-10-21,20251021102000000,sz.002732,17.1200,17.1300,17.1000,17.1200,33200,568198.0000,3
2025-10-21,20251021102500000,sz.002732,17.1200,17.1300,17.1200,17.1300,36100,618192.0000,3
2025-10-21,20251021103000000,sz.002732,17.1300,17.1300,17.1200,17.1200,41200,705519.0000,3
2025-10-21,20251021103500000,sz.002732,17.1200,17.1700,17.1100,17.1100,81000,1388068.0000,3
2025-10-21,20251021104000000,sz.002732,17.1200,17.1200,17.0900,17.1000,32800,561181.0000,3
2025-10-21,20251021104500000,sz.002732,17.0900,17.1000,17.0700,17.0700,26800,457769.0000,3
2025-10-21,20251021105000000,sz.002732,17.0700,17.1500,17.0600,17.1100,63300,1083662.0000,3
2025-10-21,20251021105500000,sz.002732,17.1100,17.1300,17.1000,17.1000,31700,542562.0000,3
2025-10-21,20251021110000000,sz.002732,17.1100,17.1100,17.0800,17.1000,21500,367527.0000,3
2025-10-21,20251021110500000,sz.002732,17.1100,17.1300,17.1100,17.1100,38000,650289.0000,3
2025-10-21,20251021111000000,sz.002732,17.1200,17.1400,17.1100,17.1300,67200,1150815.0000,3
2025-10-21,20251021111500000,sz.002732,17.1400,17.1400,17.1300,17.1300,43500,745381.0000,3
2025-10-21,20251021112000000,sz.002732,17.1300,17.1700,17.1300,17.1300,42300,725520.0000,3
2025-10-21,20251021112500000,sz.002732,17.1300,17.1500,17.1300,17.1300,21800,373630.0000,3
2025-10-21,20251021113000000,sz.002732,17.1300,17.1700,17.1200,17.1700,25500,436978.0000,3
2025-10-21,20251021130500000,sz.002732,17.1600,17.2500,17.1300,17.2200,161800,2781658.0000,3
2025-10-21,20251021131000000,sz.002732,17.2200,17.2300,17.1900,17.2000,48900,841300.0000,3
2025-10-21,20251021131500000,sz.002732,17.2000,17.2200,17.1900,17.2000,26100,449118.0000,3
2025-10-21,20251021132000000,sz.002732,17.2000,17.2100,17.1900,17.2100,14300,246004.0000,3
2025-10-21,20251021132500000,sz.002732,17.2000,17.2300,17.2000,17.2300,64700,1113958.0000,3
2025-10-21,20251021133000000,sz.002732,17.2200,17.2300,17.2100,17.2200,34900,600950.0000,3
2025-10-21,20251021133500000,sz.002732,17.2100,17.2200,17.2000,17.2200,30400,523452.0000,3
2025-10-21,20251021134000000,sz.002732,17.2200,17.2300,17.2100,17.2100,33200,571636.0000,3
2025-10-21,20251021134500000,sz.002732,17.2100,17.2200,17.2000,17.2100,37700,648920.0000,3
2025-10-21,20251021135000000,sz.002732,17.2100,17.2400,17.2100,17.2200,55200,950884.0000,3
2025-10-21,20251021135500000,sz.002732,17.2200,17.2200,17.2000,17.2100,33700,580132.0000,3
2025-10-21,20251021140000000,sz.002732,17.2100,17.2400,17.2000,17.2300,74400,1281280.0000,3
2025-10-21,20251021140500000,sz.002732,17.2300,17.2500,17.2300,17.2400,40900,705070.0000,3
2025-10-21,20251021141000000,sz.002732,17.2400,17.2500,17.2300,17.2300,35100,605014.0000,3
2025-10-21,20251021141500000,sz.002732,17.2300,17.2400,17.2100,17.2300,58100,1000842.0000,3
2025-10-21,20251021142000000,sz.002732,17.2200,17.2300,17.2200,17.2300,15400,265294.0000,3
2025-10-21,20251021142500000,sz.002732,17.2300,17.2400,17.2300,17.2400,44600,768602.0000,3
2025-10-21,20251021143000000,sz.002732,17.2400,17.3100,17.2200,17.3100,266700,4605450.0000,3
2025-10-21,20251021143500000,sz.002732,17.2900,17.3000,17.2700,17.2700,45500,786616.0000,3
2025-10-21,20251021144000000,sz.002732,17.2700,17.2900,17.2700,17.2800,20500,354200.0000,3
2025-10-21,20251021144500000,sz.002732,17.2800,17.2900,17.2700,17.2900,58400,1009096.0000,3
2025-10-21,20251021145000000,sz.002732,17.3000,17.3100,17.3000,17.3000,113200,1958688.0000,3
2025-10-21,20251021145500000,sz.002732,17.3000,17.3000,17.2800,17.2900,109800,1898504.0000,3
2025-10-21,20251021150000000,sz.002732,17.2900,17.3100,17.2900,17.3100,182500,3157856.0000,3
2025-10-22,20251022093500000,sz.002732,17.3000,17.4000,17.2700,17.3600,265000,4592032.0000,3
2025-10-22,20251022094000000,sz.002732,17.3600,17.5700,17.3600,17.5100,480400,8392690.0000,3
2025-10-22,20251022094500000,sz.002732,17.4900,17.5100,17.4300,17.4300,130700,2284038.0000,3
2025-10-22,20251022095000000,sz.002732,17.4200,17.4400,17.3900,17.4000,86800,1511708.0000,3
2025-10-22,20251022095500000,sz.002732,17.4000,17.4400,17.3800,17.4200,94100,1638726.0000,3
2025-10-22,20251022100000000,sz.002732,17.4100,17.4900,17.3900,17.4700,165300,2883110.0000,3
2025-10-22,20251022100500000,sz.002732,17.4700,17.5800,17.4600,17.5600,447200,7839642.0000,3
2025-10-22,20251022101000000,sz.002732,17.5800,17.6400,17.5600,17.6000,277300,4881118.0000,3
2025-10-22,20251022101500000,sz.002732,17.6100,17.7400,17.5900,17.6000,496100,8765424.0000,3
2025-10-22,20251022102000000,sz.002732,17.6000,17.6100,17.5600,17.5900,105200,1849372.0000,3
2025-10-22,20251022102500000,sz.002732,17.5900,17.6300,17.5900,17.6300,99300,1747452.0000,3
2025-10-22,20251022103000000,sz.002732,17.6200,17.6400,17.5900,17.5900,41600,732580.0000,3
2025-10-22,20251022103500000,sz.002732,17.5900,17.6100,17.5500,17.5500,75400,1325804.0000,3
2025-10-22,20251022104000000,sz.002732,17.5600,17.5600,17.5200,17.5300,47100,825976.0000,3
2025-10-22,20251022104500000,sz.002732,17.5300,17.5300,17.5000,17.5100,33000,577920.0000,3
2025-10-22,20251022105000000,sz.002732,17.5100,17.5200,17.4800,17.5200,81800,1431724.0000,3
2025-10-22,20251022105500000,sz.002732,17.5200,17.5200,17.4800,17.4800,35600,622800.0000,3
2025-10-22,20251022110000000,sz.002732,17.4800,17.5000,17.4200,17.4400,88700,1549256.0000,3
2025-10-22,20251022110500000,sz.002732,17.4400,17.4500,17.4200,17.4400,54700,953772.0000,3
2025-10-22,20251022111000000,sz.002732,17.4200,17.4600,17.4200,17.4400,86300,1505208.0000,3
2025-10-22,20251022111500000,sz.002732,17.4300,17.4800,17.4300,17.4400,36100,629632.0000,3
2025-10-22,20251022112000000,sz.002732,17.4500,17.4900,17.4300,17.4600,74000,1291444.0000,3
2025-10-22,20251022112500000,sz.002732,17.4600,17.4800,17.4400,17.4700,44300,773548.0000,3
2025-10-22,20251022113000000,sz.002732,17.4800,17.4800,17.4500,17.4500,28900,504740.0000,3
2025-10-22,20251022130500000,sz.002732,17.4600,17.4800,17.4400,17.4700,76900,1343352.0000,3
2025-10-22,20251022131000000,sz.002732,17.4700,17.4700,17.4600,17.4700,12400,216616.0000,3
2025-10-22,20251022131500000,sz.002732,17.4800,17.6000,17.4700,17.5700,217800,3818180.0000,3
2025-10-22,20251022132000000,sz.002732,17.5600,17.5900,17.5400,17.5600,41300,725472.0000,3
2025-10-22,20251022132500000,sz.002732,17.5500,17.5600,17.5100,17.5600,27700,485624.0000,3
2025-10-22,20251022133000000,sz.002732,17.5500,17.6100,17.5300,17.5300,149700,2632968.0000,3
2025-10-22,20251022133500000,sz.002732,17.5400,17.5400,17.5000,17.5100,24400,427376.0000,3
2025-10-22,20251022134000000,sz.002732,17.5000,17.5100,17.4700,17.4700,26300,459768.0000,3
2025-10-22,20251022134500000,sz.002732,17.4800,17.4900,17.4700,17.4800,14300,249952.0000,3
2025-10-22,20251022135000000,sz.002732,17.4900,17.5000,17.4800,17.5000,29700,519344.0000,3
2025-10-22,20251022135500000,sz.002732,17.5100,17.5100,17.4800,17.4900,18800,329032.0000,3
2025-10-22,20251022140000000,sz.002732,17.4800,17.4800,17.4500,17.4800,53500,934352.0000,3
2025-10-22,20251022140500000,sz.002732,17.4700,17.5000,17.4300,17.4500,48300,843568.0000,3
2025-10-22,20251022141000000,sz.002732,17.4500,17.4500,17.4200,17.4200,29200,508952.0000,3
2025-10-22,20251022141500000,sz.002732,17.4200,17.4200,17.3800,17.3900,98100,1706512.0000,3
2025-10-22,20251022142000000,sz.002732,17.3900,17.4200,17.3800,17.3800,57200,995144.0000,3
2025-10-22,20251022142500000,sz.002732,17.3800,17.3900,17.3600,17.3600,59100,1026696.0000,3
2025-10-22,20251022143000000,sz.002732,17.3500,17.3900,17.3500,17.3900,79600,1382688.0000,3
2025-10-22,20251022143500000,sz.002732,17.3900,17.4000,17.3700,17.3900,55500,965152.0000,3
2025-10-22,20251022144000000,sz.002732,17.3900,17.4000,17.3700,17.3800,50600,879688.0000,3
2025-10-22,20251022144500000,sz.002732,17.3800,17.3900,17.3600,17.3800,47400,823520.0000,3
2025-10-22,20251022145000000,sz.002732,17.3800,17.3900,17.3500,17.3600,87200,1514368.0000,3
2025-10-22,20251022145500000,sz.002732,17.3600,17.3700,17.3400,17.3600,79600,1381456.0000,3
2025-10-22,20251022150000000,sz.002732,17.3600,17.3700,17.3500,17.3600,129400,2246760.0000,3
2025-10-23,20251023093500000,sz.002732,17.4800,17.4800,17.3400,17.4300,176000,3063848.0000,3
2025-10-23,20251023094000000,sz.002732,17.4000,17.5100,17.3900,17.3900,161700,2825073.0000,3
2025-10-23,20251023094500000,sz.002732,17.3800,17.4500,17.3600,17.4300,100700,1751266.0000,3
2025-10-23,20251023095000000,sz.002732,17.4400,17.4700,17.4100,17.4300,41600,725345.0000,3
2025-10-23,20251023095500000,sz.002732,17.4300,17.7800,17.4000,17.5500,587200,10375708.0000,3
2025-10-23,20251023100000000,sz.002732,17.5500,17.6000,17.4900,17.5100,147300,2586274.0000,3
2025-10-23,20251023100500000,sz.002732,17.4900,17.5500,17.4900,17.5400,60700,1063718.0000,3
2025-10-23,20251023101000000,sz.002732,17.5300,17.5400,17.4900,17.5300,117000,2048980.0000,3
2025-10-23,20251023101500000,sz.002732,17.5100,17.5400,17.4900,17.5300,112200,1964956.0000,3
2025-10-23,20251023102000000,sz.002732,17.5400,17.6000,17.5200,17.5300,116500,2045732.0000,3
2025-10-23,20251023102500000,sz.002732,17.5200,17.5500,17.5000,17.5100,58700,1027844.0000,3
2025-10-23,20251023103000000,sz.002732,17.5100,17.5200,17.4700,17.4800,35600,622668.0000,3
2025-10-23,20251023103500000,sz.002732,17.4800,17.4800,17.4300,17.4500,77500,1353344.0000,3
2025-10-23,20251023104000000,sz.002732,17.4500,17.5000,17.4300,17.5000,55300,965538.0000,3
2025-10-23,20251023104500000,sz.002732,17.4900,17.5000,17.4600,17.5000,54700,956242.0000,3
2025-10-23,20251023105000000,sz.002732,17.4900,17.5500,17.4900,17.5300,44600,781256.0000,3
2025-10-23,20251023105500000,sz.002732,17.5400,17.6000,17.5400,17.5900,109300,1920728.0000,3
2025-10-23,20251023110000000,sz.002732,17.5800,17.5800,17.5600,17.5700,210500,3700396.0000,3
2025-10-23,20251023110500000,sz.002732,17.5800,17.5800,17.5400,17.5700,29600,519772.0000,3
2025-10-23,20251023111000000,sz.002732,17.5600,17.5600,17.5300,17.5300,9800,171936.0000,3
2025-10-23,20251023111500000,sz.002732,17.5400,17.5600,17.5300,17.5300,27400,480488.0000,3
2025-10-23,20251023112000000,sz.002732,17.5400,17.5500,17.5100,17.5200,34900,611776.0000,3
2025-10-23,20251023112500000,sz.002732,17.5300,17.5300,17.5100,17.5300,18300,320616.0000,3
2025-10-23,20251023113000000,sz.002732,17.5300,17.5300,17.5100,17.5200,24700,432844.0000,3
2025-10-23,20251023130500000,sz.002732,17.5300,17.5500,17.5100,17.5300,44600,781668.0000,3
2025-10-23,20251023131000000,sz.002732,17.5300,17.6000,17.5100,17.5800,102200,1794952.0000,3
2025-10-23,20251023131500000,sz.002732,17.5700,17.6700,17.5600,17.5900,152500,2685888.0000,3
2025-10-23,20251023132000000,sz.002732,17.5900,17.5900,17.5500,17.5800,39000,685408.0000,3
2025-10-23,20251023132500000,sz.002732,17.5800,17.5900,17.5600,17.5800,21400,375988.0000,3
2025-10-23,20251023133000000,sz.002732,17.5700,17.5800,17.5600,17.5700,26800,470888.0000,3
2025-10-23,20251023133500000,sz.002732,17.5700,17.5700,17.5500,17.5600,32400,569020.0000,3
2025-10-23,20251023134000000,sz.002732,17.5500,17.6300,17.5500,17.6300,118600,2084972.0000,3
2025-10-23,20251023134500000,sz.002732,17.6200,17.6700,17.5900,17.6100,63600,1120596.0000,3
2025-10-23,20251023135000000,sz.002732,17.6000,17.6100,17.5900,17.6100,21500,378408.0000,3
2025-10-23,20251023135500000,sz.002732,17.6100,17.6200,17.5900,17.6100,33800,595048.0000,3
2025-10-23,20251023140000000,sz.002732,17.6000,17.6100,17.5900,17.5900,33100,582540.0000,3
2025-10-23,20251023140500000,sz.002732,17.5900,17.6100,17.5600,17.5800,54100,951556.0000,3
2025-10-23,20251023141000000,sz.002732,17.5800,17.5800,17.5200,17.5600,117500,2061380.0000,3
2025-10-23,20251023141500000,sz.002732,17.5400,17.5800,17.5200,17.5600,42700,749200.0000,3
2025-10-23,20251023142000000,sz.002732,17.5600,17.6500,17.5600,17.6000,126400,2227156.0000,3
2025-10-23,20251023142500000,sz.002732,17.6100,17.6300,17.6100,17.6200,19700,347088.0000,3
2025-10-23,20251023143000000,sz.002732,17.6200,17.6300,17.6000,17.6200,66800,1176340.0000,3
2025-10-23,20251023143500000,sz.002732,17.6100,17.6300,17.6000,17.6300,64700,1139636.0000,3
2025-10-23,20251023144000000,sz.002732,17.6300,17.6300,17.6100,17.6200,41700,734756.0000,3
2025-10-23,20251023144500000,sz.002732,17.6200,17.6400,17.6200,17.6400,51100,900868.0000,3
2025-10-23,20251023145000000,sz.002732,17.6400,17.6400,17.6100,17.6200,104300,1838920.0000,3
2025-10-23,20251023145500000,sz.002732,17.6200,17.6300,17.6000,17.6000,82900,1460096.0000,3
2025-10-23,20251023150000000,sz.002732,17.6100,17.6200,17.6000,17.6000,108300,1906616.0000,3
2025-10-24,20251024093500000,sz.002732,17.6000,17.9700,17.5400,17.7700,688100,12235951.0000,3
2025-10-24,20251024094000000,sz.002732,17.7600,17.7800,17.6300,17.6800,136900,2423431.0000,3
2025-10-24,20251024094500000,sz.002732,17.6800,17.6800,17.6100,17.6200,92400,1629298.0000,3
2025-10-24,20251024095000000,sz.002732,17.6300,17.7300,17.6200,17.7300,129700,2292418.0000,3
2025-10-24,20251024095500000,sz.002732,17.7200,17.7500,17.6800,17.7400,92500,1637934.0000,3
2025-10-24,20251024100000000,sz.002732,17.7100,17.8200,17.6900,17.7700,153500,2726980.0000,3
2025-10-24,20251024100500000,sz.002732,17.7500,17.7500,17.3100,17.3800,1310900,22999368.0000,3
2025-10-24,20251024101000000,sz.002732,17.3700,17.3900,17.2600,17.3600,280000,4848128.0000,3
2025-10-24,20251024101500000,sz.002732,17.3500,17.3500,17.2100,17.2100,253300,4370316.0000,3
2025-10-24,20251024102000000,sz.002732,17.2200,17.2300,17.1800,17.2200,214400,3689132.0000,3
2025-10-24,20251024102500000,sz.002732,17.2100,17.2200,17.1700,17.1900,126700,2178428.0000,3
2025-10-24,20251024103000000,sz.002732,17.1800,17.2600,17.1800,17.2500,127400,2195152.0000,3
2025-10-24,20251024103500000,sz.002732,17.2500,17.3100,17.2400,17.2600,44100,761428.0000,3
2025-10-24,20251024104000000,sz.002732,17.2600,17.2600,17.2200,17.2200,19100,329280.0000,3
2025-10-24,20251024104500000,sz.002732,17.2100,17.3100,17.2000,17.2800,71500,1234068.0000,3
2025-10-24,20251024105000000,sz.002732,17.2800,17.3100,17.2600,17.2900,22000,380188.0000,3
2025-10-24,20251024105500000,sz.002732,17.2900,17.3800,17.2900,17.3700,83700,1451324.0000,3
2025-10-24,20251024110000000,sz.002732,17.3700,17.3800,17.3500,17.3500,37700,654384.0000,3
2025-10-24,20251024110500000,sz.002732,17.3800,17.3800,17.3500,17.3700,23300,404504.0000,3
2025-10-24,20251024111000000,sz.002732,17.3800,17.4000,17.3500,17.3700,56700,984880.0000,3
2025-10-24,20251024111500000,sz.002732,17.3500,17.3700,17.3400,17.3500,37500,650536.0000,3
2025-10-24,20251024112000000,sz.002732,17.3400,17.3400,17.3100,17.3200,16700,289272.0000,3
2025-10-24,20251024112500000,sz.002732,17.3200,17.3300,17.3100,17.3100,18700,323800.0000,3
2025-10-24,20251024113000000,sz.002732,17.3100,17.3300,17.3000,17.3200,15800,273592.0000,3
2025-10-24,20251024130500000,sz.002732,17.2900,17.3300,17.2800,17.2900,36500,631192.0000,3
2025-10-24,20251024131000000,sz.002732,17.2900,17.4200,17.2900,17.3500,52200,906056.0000,3
2025-10-24,20251024131500000,sz.002732,17.3600,17.3600,17.3100,17.3100,51900,898776.0000,3
2025-10-24,20251024132000000,sz.002732,17.3100,17.3300,17.3100,17.3100,24000,415672.0000,3
2025-10-24,20251024132500000,sz.002732,17.3200,17.3200,17.3000,17.3100,9000,155752.0000,3
2025-10-24,20251024133000000,sz.002732,17.3000,17.4000,17.3000,17.3700,57500,997232.0000,3
2025-10-24,20251024133500000,sz.002732,17.3600,17.3700,17.3500,17.3500,26000,451344.0000,3
2025-10-24,20251024134000000,sz.002732,17.3400,17.3500,17.3200,17.3300,32600,565088.0000,3
2025-10-24,20251024134500000,sz.002732,17.3300,17.3400,17.3100,17.3100,29900,518160.0000,3
2025-10-24,20251024135000000,sz.002732,17.3100,17.3400,17.3000,17.3300,27500,476296.0000,3
2025-10-24,20251024135500000,sz.002732,17.3300,17.3400,17.3200,17.3400,38300,663840.0000,3
2025-10-24,20251024140000000,sz.002732,17.3400,17.3500,17.3200,17.3300,28300,490440.0000,3
2025-10-24,20251024140500000,sz.002732,17.3300,17.3300,17.2900,17.2900,53200,920672.0000,3
2025-10-24,20251024141000000,sz.002732,17.2900,17.3100,17.2400,17.3100,81300,1404736.0000,3
2025-10-24,20251024141500000,sz.002732,17.3100,17.4300,17.3000,17.4200,137600,2389904.0000,3
2025-10-24,20251024142000000,sz.002732,17.4200,17.6200,17.4200,17.6200,227700,3985408.0000,3
2025-10-24,20251024142500000,sz.002732,17.6100,17.6500,17.4100,17.4100,243000,4274728.0000,3
2025-10-24,20251024143000000,sz.002732,17.4200,17.4900,17.4100,17.4400,75300,1312632.0000,3
2025-10-24,20251024143500000,sz.002732,17.4300,17.4300,17.3700,17.3700,67400,1173352.0000,3
2025-10-24,20251024144000000,sz.002732,17.3700,17.4000,17.3600,17.3600,48900,849896.0000,3
2025-10-24,20251024144500000,sz.002732,17.3800,17.4300,17.3700,17.4200,85400,1485888.0000,3
2025-10-24,20251024145000000,sz.002732,17.4100,17.4900,17.4100,17.4500,114500,1998184.0000,3
2025-10-24,20251024145500000,sz.002732,17.4400,17.4700,17.4200,17.4500,83200,1451248.0000,3
2025-10-24,20251024150000000,sz.002732,17.4300,17.4300,17.4000,17.4100,72700,1266176.0000,3
2025-10-27,20251027093500000,sz.002732,17.5800,17.5800,17.3800,17.4100,233200,4073532.0000,3
2025-10-27,20251027094000000,sz.002732,17.4100,17.4700,17.3600,17.3600,146000,2545200.0000,3
2025-10-27,20251027094500000,sz.002732,17.3800,17.4700,17.3700,17.4600,133300,2320448.0000,3
2025-10-27,20251027095000000,sz.002732,17.4700,17.5200,17.4300,17.4800,143800,2511870.0000,3
2025-10-27,20251027095500000,sz.002732,17.5000,17.5000,17.3300,17.3300,100600,1751150.0000,3
2025-10-27,20251027100000000,sz.002732,17.3300,17.3800,17.3300,17.3800,88100,1527937.0000,3
2025-10-27,20251027100500000,sz.002732,17.3800,17.4000,17.3500,17.3700,115900,2013157.0000,3
2025-10-27,20251027101000000,sz.002732,17.3700,17.4400,17.3600,17.4200,48700,847138.0000,3
2025-10-27,20251027101500000,sz.002732,17.4200,17.4200,17.3600,17.4000,56200,976860.0000,3
2025-10-27,20251027102000000,sz.002732,17.3900,17.4100,17.3800,17.4000,38500,669644.0000,3
2025-10-27,20251027102500000,sz.002732,17.4000,17.4200,17.3800,17.4000,88700,1543608.0000,3
2025-10-27,20251027103000000,sz.002732,17.4100,17.4900,17.3900,17.4900,111600,1946920.0000,3
2025-10-27,20251027103500000,sz.002732,17.4800,17.4900,17.4500,17.4500,46700,816030.0000,3
2025-10-27,20251027104000000,sz.002732,17.4500,17.5000,17.4300,17.4900,58800,1026994.0000,3
2025-10-27,20251027104500000,sz.002732,17.4900,17.4900,17.4600,17.4700,44400,776080.0000,3
2025-10-27,20251027105000000,sz.002732,17.4700,17.5300,17.4700,17.5100,82100,1436922.0000,3
2025-10-27,20251027105500000,sz.002732,17.5000,17.5400,17.4900,17.5400,126900,2222798.0000,3
2025-10-27,20251027110000000,sz.002732,17.5400,17.5800,17.5400,17.5600,72900,1280174.0000,3
2025-10-27,20251027110500000,sz.002732,17.5700,17.5800,17.5600,17.5800,69600,1222758.0000,3
2025-10-27,20251027111000000,sz.002732,17.5700,17.5800,17.5500,17.5600,73600,1292544.0000,3
2025-10-27,20251027111500000,sz.002732,17.5500,17.5700,17.5400,17.5600,34800,610868.0000,3
2025-10-27,20251027112000000,sz.002732,17.5500,17.5700,17.5500,17.5600,25100,440760.0000,3
2025-10-27,20251027112500000,sz.002732,17.5600,17.5700,17.5500,17.5600,45400,797256.0000,3
2025-10-27,20251027113000000,sz.002732,17.5600,17.5700,17.5600,17.5700,11000,193192.0000,3
2025-10-27,20251027130500000,sz.002732,17.5600,17.5600,17.5200,17.5400,59000,1035488.0000,3
2025-10-27,20251027131000000,sz.002732,17.5400,17.5700,17.5300,17.5600,58600,1028712.0000,3
2025-10-27,20251027131500000,sz.002732,17.5600,17.5600,17.5500,17.5500,19900,349300.0000,3
2025-10-27,20251027132000000,sz.002732,17.5500,17.5600,17.5400,17.5400,41600,730148.0000,3
2025-10-27,20251027132500000,sz.002732,17.5500,17.6500,17.5300,17.5700,316800,5578108.0000,3
2025-10-27,20251027133000000,sz.002732,17.5900,17.5900,17.5500,17.5700,41900,736132.0000,3
2025-10-27,20251027133500000,sz.002732,17.5700,17.5700,17.5400,17.5500,25300,444072.0000,3
2025-10-27,20251027134000000,sz.002732,17.5500,17.5500,17.5300,17.5300,13700,240216.0000,3
2025-10-27,20251027134500000,sz.002732,17.5300,17.5400,17.5200,17.5200,34800,610148.0000,3
2025-10-27,20251027135000000,sz.002732,17.5200,17.5400,17.5200,17.5300,28100,492416.0000,3
2025-10-27,20251027135500000,sz.002732,17.5200,17.5300,17.5000,17.5100,48300,845900.0000,3
2025-10-27,20251027140000000,sz.002732,17.5100,17.5100,17.4900,17.5000,31900,558092.0000,3
2025-10-27,20251027140500000,sz.002732,17.4900,17.5100,17.4700,17.4700,33000,577132.0000,3
2025-10-27,20251027141000000,sz.002732,17.4700,17.4900,17.4600,17.4800,53600,936316.0000,3
2025-10-27,20251027141500000,sz.002732,17.4700,17.4700,17.4300,17.4500,39800,694808.0000,3
2025-10-27,20251027142000000,sz.002732,17.4500,17.4600,17.4300,17.4400,24800,432632.0000,3
2025-10-27,20251027142500000,sz.002732,17.4500,17.4500,17.4000,17.4000,69300,1206900.0000,3
2025-10-27,20251027143000000,sz.002732,17.4100,17.4200,17.3900,17.4000,87800,1528152.0000,3
2025-10-27,20251027143500000,sz.002732,17.4000,17.4200,17.3700,17.3900,186100,3237044.0000,3
2025-10-27,20251027144000000,sz.002732,17.3900,17.4000,17.3600,17.3700,56200,976508.0000,3
2025-10-27,20251027144500000,sz.002732,17.3700,17.3800,17.3500,17.3500,155600,2702440.0000,3
2025-10-27,20251027145000000,sz.002732,17.3800,17.3800,17.3300,17.3500,269700,4680424.0000,3
2025-10-27,20251027145500000,sz.002732,17.3400,17.3600,17.3200,17.3400,297200,5151000.0000,3
2025-10-27,20251027150000000,sz.002732,17.3500,17.4200,17.3000,17.4200,298500,5182600.0000,3
2025-10-28,20251028093500000,sz.002732,17.4200,17.6000,17.4000,17.5600,163400,2856349.0000,3
2025-10-28,20251028094000000,sz.002732,17.5400,17.8200,17.5300,17.7700,443200,7845780.0000,3
2025-10-28,20251028094500000,sz.002732,17.7600,17.7600,17.6500,17.6500,128900,2283449.0000,3
2025-10-28,20251028095000000,sz.002732,17.6500,17.6700,17.6200,17.6200,66300,1170129.0000,3
2025-10-28,20251028095500000,sz.002732,17.6200,17.6400,17.5100,17.5500,49400,867384.0000,3
2025-10-28,20251028100000000,sz.002732,17.5400,17.5800,17.5100,17.5300,45500,798566.0000,3
2025-10-28,20251028100500000,sz.002732,17.5200,17.5800,17.5100,17.5800,41400,725559.0000,3
2025-10-28,20251028101000000,sz.002732,17.5800,17.6500,17.5500,17.6500,154900,2726754.0000,3
2025-10-28,20251028101500000,sz.002732,17.6500,17.6500,17.6200,17.6300,27100,477958.0000,3
2025-10-28,20251028102000000,sz.002732,17.6300,17.6600,17.6100,17.6200,65500,1155396.0000,3
2025-10-28,20251028102500000,sz.002732,17.6200,18.2800,17.6000,17.6000,2197200,39458316.0000,3
2025-10-28,20251028103000000,sz.002732,17.7000,17.7000,17.5400,17.5600,807500,14209816.0000,3
2025-10-28,20251028103500000,sz.002732,17.5600,17.5700,17.4500,17.4700,234400,4101792.0000,3
2025-10-28,20251028104000000,sz.002732,17.4700,17.4700,17.4000,17.4300,183800,3203792.0000,3
2025-10-28,20251028104500000,sz.002732,17.4300,17.4600,17.3800,17.3800,189500,3299744.0000,3
2025-10-28,20251028105000000,sz.002732,17.3900,17.4100,17.3500,17.4100,130200,2262096.0000,3
2025-10-28,20251028105500000,sz.002732,17.4100,17.4500,17.4100,17.4100,69900,1218056.0000,3
2025-10-28,20251028110000000,sz.002732,17.4100,17.4300,17.4100,17.4200,46300,806544.0000,3
2025-10-28,20251028110500000,sz.002732,17.4200,17.4300,17.4100,17.4300,65400,1139152.0000,3
2025-10-28,20251028111000000,sz.002732,17.4300,17.4500,17.4200,17.4400,75900,1323856.0000,3
2025-10-28,20251028111500000,sz.002732,17.4400,17.4400,17.4100,17.4200,61900,1078400.0000,3
2025-10-28,20251028112000000,sz.002732,17.4000,17.4600,17.4000,17.4300,42000,732072.0000,3
2025-10-28,20251028112500000,sz.002732,17.4300,17.4400,17.4200,17.4300,33700,587280.0000,3
2025-10-28,20251028113000000,sz.002732,17.4300,17.4600,17.4300,17.4400,55500,967736.0000,3
2025-10-28,20251028130500000,sz.002732,17.4400,17.4500,17.4200,17.4400,39800,694136.0000,3
2025-10-28,20251028131000000,sz.002732,17.4400,17.4700,17.4400,17.4500,31700,553264.0000,3
2025-10-28,20251028131500000,sz.002732,17.4300,17.4400,17.4300,17.4400,10500,183096.0000,3
2025-10-28,20251028132000000,sz.002732,17.4400,17.4700,17.4300,17.4700,40100,700024.0000,3
2025-10-28,20251028132500000,sz.002732,17.4700,17.4700,17.4500,17.4600,35100,612816.0000,3
2025-10-28,20251028133000000,sz.002732,17.4700,17.4800,17.4400,17.4400,89200,1557008.0000,3
2025-10-28,20251028133500000,sz.002732,17.4500,17.4700,17.4100,17.4600,116000,2023296.0000,3
2025-10-28,20251028134000000,sz.002732,17.4500,17.4500,17.4000,17.4000,109700,1910632.0000,3
2025-10-28,20251028134500000,sz.002732,17.4000,17.4200,17.3900,17.4100,138600,2411464.0000,3
2025-10-28,20251028135000000,sz.002732,17.4100,17.4300,17.4100,17.4300,46600,811768.0000,3
2025-10-28,20251028135500000,sz.002732,17.4300,17.4300,17.3900,17.4000,80200,1395792.0000,3
2025-10-28,20251028140000000,sz.002732,17.3900,17.3900,17.3700,17.3800,42000,729952.0000,3
2025-10-28,20251028140500000,sz.002732,17.3900,17.4000,17.3600,17.3900,91000,1582248.0000,3
2025-10-28,20251028141000000,sz.002732,17.3800,17.3900,17.3700,17.3800,74900,1301776.0000,3
2025-10-28,20251028141500000,sz.002732,17.3900,17.3900,17.3700,17.3800,51500,894952.0000,3
2025-10-28,20251028142000000,sz.002732,17.3800,17.3800,17.3400,17.3800,127600,2215680.0000,3
2025-10-28,20251028142500000,sz.002732,17.3800,17.4000,17.3600,17.3800,56800,986960.0000,3
2025-10-28,20251028143000000,sz.002732,17.3500,17.4000,17.3500,17.4000,42800,743776.0000,3
2025-10-28,20251028143500000,sz.002732,17.3900,17.4200,17.3900,17.4100,46300,806280.0000,3
2025-10-28,20251028144000000,sz.002732,17.4200,17.4400,17.4100,17.4300,35500,618608.0000,3
2025-10-28,20251028144500000,sz.002732,17.4300,17.4500,17.4200,17.4400,25400,442824.0000,3
2025-10-28,20251028145000000,sz.002732,17.4400,17.4600,17.4300,17.4500,31300,546032.0000,3
2025-10-28,20251028145500000,sz.002732,17.4400,17.4700,17.4400,17.4600,89100,1555672.0000,3
2025-10-28,20251028150000000,sz.002732,17.4600,17.4900,17.4500,17.4500,97700,1705480.0000,3
2025-10-29,20251029093500000,sz.002732,17.2900,17.3300,17.1500,17.2900,901700,15529257.0000,3
2025-10-29,20251029094000000,sz.002732,17.2800,17.2900,17.1900,17.2000,213800,3684835.0000,3
2025-10-29,20251029094500000,sz.002732,17.2000,17.3400,17.2000,17.2900,138200,2388312.0000,3
2025-10-29,20251029095000000,sz.002732,17.3000,17.3100,17.2000,17.2300,78400,1352838.0000,3
2025-10-29,20251029095500000,sz.002732,17.2300,17.2400,17.1300,17.1800,197600,3392462.0000,3
2025-10-29,20251029100000000,sz.002732,17.1800,17.1800,17.1300,17.1400,61300,1051892.0000,3
2025-10-29,20251029100500000,sz.002732,17.1500,17.1800,17.1100,17.1800,128700,2206224.0000,3
2025-10-29,20251029101000000,sz.002732,17.1700,17.2100,17.1700,17.2000,62600,1075828.0000,3
2025-10-29,20251029101500000,sz.002732,17.1800,17.2100,17.1700,17.2000,36900,634068.0000,3
2025-10-29,20251029102000000,sz.002732,17.2100,17.2400,17.1900,17.2400,55000,946866.0000,3
2025-10-29,20251029102500000,sz.002732,17.2300,17.2700,17.2300,17.2300,47000,810542.0000,3
2025-10-29,20251029103000000,sz.002732,17.2200,17.2900,17.2100,17.2800,42800,738260.0000,3
2025-10-29,20251029103500000,sz.002732,17.3000,17.3000,17.2200,17.2200,39500,681656.0000,3
2025-10-29,20251029104000000,sz.002732,17.2100,17.2300,17.2000,17.2100,33000,568072.0000,3
2025-10-29,20251029104500000,sz.002732,17.2100,17.2300,17.2000,17.2200,32400,557488.0000,3
2025-10-29,20251029105000000,sz.002732,17.2200,17.2400,17.2100,17.2200,40800,702560.0000,3
2025-10-29,20251029105500000,sz.002732,17.2300,17.2400,17.2000,17.2100,59100,1017432.0000,3
2025-10-29,20251029110000000,sz.002732,17.2000,17.2100,17.2000,17.2000,32100,552132.0000,3
2025-10-29,20251029110500000,sz.002732,17.2000,17.2100,17.1900,17.1900,19700,338764.0000,3
2025-10-29,20251029111000000,sz.002732,17.1900,17.2100,17.1700,17.1700,89900,1545704.0000,3
2025-10-29,20251029111500000,sz.002732,17.1700,17.2000,17.1700,17.1900,24400,419164.0000,3
2025-10-29,20251029112000000,sz.002732,17.1800,17.1800,17.1700,17.1800,56100,963592.0000,3
2025-10-29,20251029112500000,sz.002732,17.1800,17.1900,17.1600,17.1800,51400,882628.0000,3
2025-10-29,20251029113000000,sz.002732,17.1900,17.2000,17.1800,17.1900,31900,548344.0000,3
2025-10-29,20251029130500000,sz.002732,17.1900,17.2100,17.1700,17.2100,113100,1943864.0000,3
2025-10-29,20251029131000000,sz.002732,17.2100,17.2300,17.2000,17.2300,30500,525144.0000,3
2025-10-29,20251029131500000,sz.002732,17.2100,17.2300,17.2000,17.2000,26600,457828.0000,3
2025-10-29,20251029132000000,sz.002732,17.2000,17.2300,17.2000,17.2100,49900,858904.0000,3
2025-10-29,20251029132500000,sz.002732,17.2100,17.2200,17.1900,17.2000,29300,504036.0000,3
2025-10-29,20251029133000000,sz.002732,17.2000,17.2100,17.1900,17.1900,34600,594892.0000,3
2025-10-29,20251029133500000,sz.002732,17.1900,17.2000,17.1600,17.1700,58300,1001088.0000,3
2025-10-29,20251029134000000,sz.002732,17.1700,17.1800,17.1400,17.1500,53400,916116.0000,3
2025-10-29,20251029134500000,sz.002732,17.1500,17.1600,17.1300,17.1500,39600,678888.0000,3
2025-10-29,20251029135000000,sz.002732,17.1400,17.1500,17.1200,17.1200,49400,846072.0000,3
2025-10-29,20251029135500000,sz.002732,17.1200,17.1200,17.1000,17.1100,92800,1587472.0000,3
2025-10-29,20251029140000000,sz.002732,17.1200,17.1400,17.1100,17.1200,48700,833968.0000,3
2025-10-29,20251029140500000,sz.002732,17.1200,17.1300,17.1000,17.1100,51300,877924.0000,3
2025-10-29,20251029141000000,sz.002732,17.1100,17.1400,17.1100,17.1300,33500,573568.0000,3
2025-10-29,20251029141500000,sz.002732,17.1200,17.1300,17.1100,17.1200,17700,303012.0000,3
2025-10-29,20251029142000000,sz.002732,17.1300,17.1500,17.1200,17.1300,38300,655984.0000,3
2025-10-29,20251029142500000,sz.002732,17.1300,17.1500,17.1200,17.1300,28900,495144.0000,3
2025-10-29,20251029143000000,sz.002732,17.1400,17.1400,17.1200,17.1400,25500,437012.0000,3
2025-10-29,20251029143500000,sz.002732,17.1500,17.1700,17.1400,17.1600,33700,578116.0000,3
2025-10-29,20251029144000000,sz.002732,17.1500,17.1700,17.1000,17.1200,153100,2620956.0000,3
2025-10-29,20251029144500000,sz.002732,17.1200,17.1300,17.0000,17.1000,252500,4308948.0000,3
2025-10-29,20251029145000000,sz.002732,17.1000,17.1200,17.0000,17.0600,197900,3373960.0000,3
2025-10-29,20251029145500000,sz.002732,17.0700,17.1000,17.0600,17.0800,104800,1789752.0000,3
2025-10-29,20251029150000000,sz.002732,17.0800,17.1200,17.0700,17.1000,81300,1389904.0000,3
2025-10-30,20251030093500000,sz.002732,17.1000,17.2700,17.0600,17.1600,254400,4371698.0000,3
2025-10-30,20251030094000000,sz.002732,17.1600,17.1800,17.1000,17.1500,68300,1170929.0000,3
2025-10-30,20251030094500000,sz.002732,17.1500,17.2400,17.1400,17.2400,123800,2128590.0000,3
2025-10-30,20251030095000000,sz.002732,17.2400,17.2900,17.2200,17.2300,224400,3872741.0000,3
2025-10-30,20251030095500000,sz.002732,17.2200,17.3300,17.2100,17.3200,222400,3844857.0000,3
2025-10-30,20251030100000000,sz.002732,17.3200,17.3500,17.2800,17.2800,223300,3868917.0000,3
2025-10-30,20251030100500000,sz.002732,17.2900,17.3600,17.2800,17.3400,105100,1821094.0000,3
2025-10-30,20251030101000000,sz.002732,17.3400,17.4000,17.3200,17.3400,118300,2054590.0000,3
2025-10-30,20251030101500000,sz.002732,17.3400,17.3800,17.3300,17.3700,72700,1262322.0000,3
2025-10-30,20251030102000000,sz.002732,17.3700,17.3900,17.3300,17.3500,49400,857882.0000,3
2025-10-30,20251030102500000,sz.002732,17.3500,17.3500,17.3200,17.3300,56700,982968.0000,3
2025-10-30,20251030103000000,sz.002732,17.3300,17.3500,17.3100,17.3400,65400,1133476.0000,3
2025-10-30,20251030103500000,sz.002732,17.3500,17.3500,17.2800,17.2800,79800,1380744.0000,3
2025-10-30,20251030104000000,sz.002732,17.2800,17.3100,17.2800,17.3000,48000,830052.0000,3
2025-10-30,20251030104500000,sz.002732,17.3000,17.3200,17.2900,17.2900,29400,508662.0000,3
2025-10-30,20251030105000000,sz.002732,17.3000,17.3100,17.2400,17.2700,100300,1732290.0000,3
2025-10-30,20251030105500000,sz.002732,17.2500,17.2600,17.2100,17.2600,131800,2271220.0000,3
2025-10-30,20251030110000000,sz.002732,17.2500,17.2700,17.2400,17.2500,27400,472776.0000,3
2025-10-30,20251030110500000,sz.002732,17.2500,17.2600,17.2400,17.2400,17500,301880.0000,3
2025-10-30,20251030111000000,sz.002732,17.2500,17.2700,17.2500,17.2700,13400,231240.0000,3
2025-10-30,20251030111500000,sz.002732,17.2600,17.2700,17.2500,17.2600,14600,251988.0000,3
2025-10-30,20251030112000000,sz.002732,17.2600,17.3100,17.2500,17.3100,22600,390556.0000,3
2025-10-30,20251030112500000,sz.002732,17.3000,17.3000,17.2600,17.2700,39400,681312.0000,3
2025-10-30,20251030113000000,sz.002732,17.2600,17.2800,17.2600,17.2600,19100,329804.0000,3
2025-10-30,20251030130500000,sz.002732,17.2600,17.2600,17.2000,17.2300,229500,3950812.0000,3
2025-10-30,20251030131000000,sz.002732,17.2200,17.2300,17.2000,17.2000,73500,1264840.0000,3
2025-10-30,20251030131500000,sz.002732,17.1900,17.1900,17.1000,17.1400,60500,1037640.0000,3
2025-10-30,20251030132000000,sz.002732,17.1500,17.1900,17.1300,17.1900,39200,672080.0000,3
2025-10-30,20251030132500000,sz.002732,17.2000,17.2400,17.2000,17.2300,28200,485760.0000,3
2025-10-30,20251030133000000,sz.002732,17.2400,17.2800,17.2400,17.2600,13900,239732.0000,3
2025-10-30,20251030133500000,sz.002732,17.2600,17.2700,17.2400,17.2500,33300,574624.0000,3
2025-10-30,20251030134000000,sz.002732,17.2500,17.2600,17.2200,17.2300,17200,296708.0000,3
2025-10-30,20251030134500000,sz.002732,17.2000,17.2100,17.2000,17.2000,12800,220244.0000,3
2025-10-30,20251030135000000,sz.002732,17.1800,17.2100,17.1800,17.1800,13400,230420.0000,3
2025-10-30,20251030135500000,sz.002732,17.1800,17.2100,17.1800,17.1800,7600,130600.0000,3
2025-10-30,20251030140000000,sz.002732,17.1900,17.2000,17.1800,17.1800,15200,261264.0000,3
2025-10-30,20251030140500000,sz.002732,17.1700,17.2000,17.1700,17.1800,33600,577644.0000,3
2025-10-30,20251030141000000,sz.002732,17.1700,17.1700,17.1600,17.1600,65600,1125752.0000,3
2025-10-30,20251030141500000,sz.002732,17.1700,17.1700,17.1500,17.1600,56500,969760.0000,3
2025-10-30,20251030142000000,sz.002732,17.1600,17.2000,17.1600,17.1600,53200,913652.0000,3
2025-10-30,20251030142500000,sz.002732,17.1600,17.2000,17.1600,17.1900,51100,878036.0000,3
2025-10-30,20251030143000000,sz.002732,17.1900,17.1900,17.1600,17.1900,28400,487828.0000,3
2025-10-30,20251030143500000,sz.002732,17.1900,17.2100,17.1700,17.1800,43500,747784.0000,3
2025-10-30,20251030144000000,sz.002732,17.1700,17.1700,17.1500,17.1600,22800,391264.0000,3
2025-10-30,20251030144500000,sz.002732,17.1600,17.1700,17.1500,17.1700,35700,612644.0000,3
2025-10-30,20251030145000000,sz.002732,17.1600,17.2000,17.1500,17.1600,83000,1425484.0000,3
2025-10-30,20251030145500000,sz.002732,17.1600,17.1900,17.1500,17.1500,123300,2115148.0000,3
2025-10-30,20251030150000000,sz.002732,17.1500,17.1800,17.1500,17.1600,66900,1148052.0000,3
2025-10-31,20251031093500000,sz.002732,17.1700,17.3300,17.1000,17.2400,348800,6006960.0000,3
2025-10-31,20251031094000000,sz.002732,17.2400,17.2700,17.1400,17.1800,143500,2467969.0000,3
2025-10-31,20251031094500000,sz.002732,17.1600,17.2600,17.1400,17.2300,143100,2461786.0000,3
2025-10-31,20251031095000000,sz.002732,17.2100,17.2700,17.1900,17.2200,93700,1614929.0000,3
2025-10-31,20251031095500000,sz.002732,17.2100,17.2200,17.1500,17.1900,107700,1851039.0000,3
2025-10-31,20251031100000000,sz.002732,17.1700,17.1700,17.1500,17.1600,76000,1304557.0000,3
2025-10-31,20251031100500000,sz.002732,17.1600,17.1700,17.0800,17.1700,179700,3076436.0000,3
2025-10-31,20251031101000000,sz.002732,17.1700,17.2000,17.1600,17.2000,41800,717664.0000,3
2025-10-31,20251031101500000,sz.002732,17.2000,17.2000,17.1500,17.1800,72000,1236252.0000,3
2025-10-31,20251031102000000,sz.002732,17.1800,17.2500,17.1800,17.2500,84200,1450470.0000,3
2025-10-31,20251031102500000,sz.002732,17.2500,17.2500,17.2300,17.2300,20500,353478.0000,3
2025-10-31,20251031103000000,sz.002732,17.2400,17.2700,17.2300,17.2500,47000,810992.0000,3
2025-10-31,20251031103500000,sz.002732,17.2500,17.2500,17.1900,17.2300,79100,1361652.0000,3
2025-10-31,20251031104000000,sz.002732,17.2400,17.3300,17.2400,17.3100,78200,1351712.0000,3
2025-10-31,20251031104500000,sz.002732,17.3100,17.3200,17.2900,17.2900,70900,1226754.0000,3
2025-10-31,20251031105000000,sz.002732,17.2800,17.3100,17.2800,17.3000,51100,883678.0000,3
2025-10-31,20251031105500000,sz.002732,17.3000,17.3100,17.2900,17.3000,26400,456702.0000,3
2025-10-31,20251031110000000,sz.002732,17.3000,17.3300,17.3000,17.3100,46000,796594.0000,3
2025-10-31,20251031110500000,sz.002732,17.3100,17.3200,17.2800,17.3000,61100,1056756.0000,3
2025-10-31,20251031111000000,sz.002732,17.3000,17.3000,17.2800,17.2800,12600,217926.0000,3
2025-10-31,20251031111500000,sz.002732,17.2900,17.3000,17.2800,17.2800,14300,247298.0000,3
2025-10-31,20251031112000000,sz.002732,17.2800,17.2800,17.2600,17.2700,17700,305652.0000,3
2025-10-31,20251031112500000,sz.002732,17.2700,17.2700,17.2300,17.2700,52100,898526.0000,3
2025-10-31,20251031113000000,sz.002732,17.2700,17.2800,17.2700,17.2800,12100,209010.0000,3
2025-10-31,20251031130500000,sz.002732,17.2800,17.2800,17.2500,17.2500,32300,557524.0000,3
2025-10-31,20251031131000000,sz.002732,17.2500,17.2800,17.2500,17.2700,24700,426512.0000,3
2025-10-31,20251031131500000,sz.002732,17.2800,17.2900,17.2500,17.2800,59600,1029304.0000,3
2025-10-31,20251031132000000,sz.002732,17.2800,17.2900,17.2500,17.2900,37400,645748.0000,3
2025-10-31,20251031132500000,sz.002732,17.2800,17.2800,17.2400,17.2500,34700,598936.0000,3
2025-10-31,20251031133000000,sz.002732,17.2500,17.2800,17.2500,17.2700,22700,391896.0000,3
2025-10-31,20251031133500000,sz.002732,17.2800,17.3100,17.2800,17.3100,36000,622880.0000,3
2025-10-31,20251031134000000,sz.002732,17.3000,17.3100,17.3000,17.3000,20200,349600.0000,3
2025-10-31,20251031134500000,sz.002732,17.3000,17.3100,17.2900,17.2900,33400,577844.0000,3
2025-10-31,20251031135000000,sz.002732,17.2900,17.3000,17.2800,17.2900,28900,499800.0000,3
2025-10-31,20251031135500000,sz.002732,17.2800,17.3000,17.2800,17.2900,24100,416744.0000,3
2025-10-31,20251031140000000,sz.002732,17.3000,17.3300,17.3000,17.3100,47300,818904.0000,3
2025-10-31,20251031140500000,sz.002732,17.3100,17.3200,17.3000,17.3200,5800,100388.0000,3
2025-10-31,20251031141000000,sz.002732,17.3000,17.3400,17.3000,17.3300,29100,504280.0000,3
2025-10-31,20251031141500000,sz.002732,17.3200,17.3300,17.3100,17.3300,22500,389684.0000,3
2025-10-31,20251031142000000,sz.002732,17.3300,17.3400,17.3200,17.3400,62300,1079852.0000,3
2025-10-31,20251031142500000,sz.002732,17.3400,17.3600,17.3400,17.3400,27800,482236.0000,3
2025-10-31,20251031143000000,sz.002732,17.3400,17.3600,17.3400,17.3500,22000,381748.0000,3
2025-10-31,20251031143500000,sz.002732,17.3500,17.3500,17.3300,17.3500,63900,1108224.0000,3
2025-10-31,20251031144000000,sz.002732,17.3400,17.3600,17.3400,17.3500,51800,898660.0000,3
2025-10-31,20251031144500000,sz.002732,17.3400,17.3500,17.3200,17.3200,77500,1343076.0000,3
2025-10-31,20251031145000000,sz.002732,17.3300,17.3600,17.3300,17.3400,73700,1278276.0000,3
2025-10-31,20251031145500000,sz.002732,17.3300,17.3300,17.2500,17.2900,98100,1697816.0000,3
2025-10-31,20251031150000000,sz.002732,17.3000,17.3300,17.2800,17.3300,57800,1000888.0000,3
2025-11-03,20251103093500000,sz.002732,17.5700,17.5700,17.3700,17.4400,290900,5076121.0000,3
2025-11-03,20251103094000000,sz.002732,17.4400,17.4900,17.4200,17.4600,136300,2378343.0000,3
2025-11-03,20251103094500000,sz.002732,17.4500,17.5100,17.4500,17.4700,180000,3146326.0000,3
2025-11-03,20251103095000000,sz.002732,17.4700,17.5300,17.4500,17.5000,140200,2452014.0000,3
2025-11-03,20251103095500000,sz.002732,17.5000,17.5300,17.4900,17.5000,58700,1027723.0000,3
2025-11-03,20251103100000000,sz.002732,17.4900,17.5600,17.4800,17.4900,129800,2274575.0000,3
2025-11-03,20251103100500000,sz.002732,17.4900,17.5200,17.4700,17.4900,64000,1118846.0000,3
2025-11-03,20251103101000000,sz.002732,17.4800,17.5200,17.4700,17.5200,39000,682428.0000,3
2025-11-03,20251103101500000,sz.002732,17.5200,17.5600,17.5100,17.5400,149000,2614116.0000,3
2025-11-03,20251103102000000,sz.002732,17.5300,17.5300,17.4900,17.5100,52400,917544.0000,3
2025-11-03,20251103102500000,sz.002732,17.5000,17.5400,17.5000,17.5400,63900,1119136.0000,3
2025-11-03,20251103103000000,sz.002732,17.5300,17.5600,17.5300,17.5600,69600,1221088.0000,3
2025-11-03,20251103103500000,sz.002732,17.5500,17.5800,17.5500,17.5800,82300,1445674.0000,3
2025-11-03,20251103104000000,sz.002732,17.5700,17.5800,17.5400,17.5500,85500,1501214.0000,3
2025-11-03,20251103104500000,sz.002732,17.5500,17.5600,17.5500,17.5500,17000,298364.0000,3
2025-11-03,20251103105000000,sz.002732,17.5500,17.5500,17.5300,17.5400,25500,447130.0000,3
2025-11-03,20251103105500000,sz.002732,17.5400,17.5500,17.5300,17.5500,16300,285976.0000,3
2025-11-03,20251103110000000,sz.002732,17.5600,17.5700,17.5500,17.5600,19500,342454.0000,3
2025-11-03,20251103110500000,sz.002732,17.5700,17.5700,17.5500,17.5500,56000,983316.0000,3
2025-11-03,20251103111000000,sz.002732,17.5500,17.5500,17.5400,17.5500,28300,496532.0000,3
2025-11-03,20251103111500000,sz.002732,17.5500,17.5600,17.5400,17.5600,39000,684490.0000,3
2025-11-03,20251103112000000,sz.002732,17.5600,17.5800,17.5600,17.5700,44400,779984.0000,3
2025-11-03,20251103112500000,sz.002732,17.5600,17.5800,17.5600,17.5800,42200,741642.0000,3
2025-11-03,20251103113000000,sz.002732,17.5800,17.6100,17.5800,17.5800,112900,1986324.0000,3
2025-11-03,20251103130500000,sz.002732,17.5900,17.6000,17.5600,17.5800,24800,435936.0000,3
2025-11-03,20251103131000000,sz.002732,17.5700,17.5800,17.5700,17.5800,14600,256548.0000,3
2025-11-03,20251103131500000,sz.002732,17.5900,17.6000,17.5500,17.6000,74900,1316584.0000,3
2025-11-03,20251103132000000,sz.002732,17.6000,17.6000,17.5700,17.5800,18500,325308.0000,3
2025-11-03,20251103132500000,sz.002732,17.5800,17.5900,17.5700,17.5800,33800,594132.0000,3
2025-11-03,20251103133000000,sz.002732,17.5700,17.5900,17.5700,17.5900,28200,495776.0000,3
2025-11-03,20251103133500000,sz.002732,17.5700,17.5700,17.5300,17.5400,45900,805772.0000,3
2025-11-03,20251103134000000,sz.002732,17.5500,17.5500,17.5300,17.5400,21200,371896.0000,3
2025-11-03,20251103134500000,sz.002732,17.5400,17.5500,17.5300,17.5400,24900,436792.0000,3
2025-11-03,20251103135000000,sz.002732,17.5500,17.5600,17.5300,17.5500,10200,178980.0000,3
2025-11-03,20251103135500000,sz.002732,17.5300,17.5400,17.5200,17.5400,24600,431276.0000,3
2025-11-03,20251103140000000,sz.002732,17.5400,17.5400,17.5200,17.5400,17800,312104.0000,3
2025-11-03,20251103140500000,sz.002732,17.5400,17.5500,17.5300,17.5500,26100,457728.0000,3
2025-11-03,20251103141000000,sz.002732,17.5400,17.5500,17.5300,17.5300,15200,266612.0000,3
2025-11-03,20251103141500000,sz.002732,17.5300,17.5400,17.5300,17.5400,15200,266580.0000,3
2025-11-03,20251103142000000,sz.002732,17.5300,17.5500,17.5300,17.5400,23100,404984.0000,3
2025-11-03,20251103142500000,sz.002732,17.5400,17.5400,17.4700,17.4700,56300,985240.0000,3
2025-11-03,20251103143000000,sz.002732,17.4900,17.4900,17.4600,17.4800,21400,373808.0000,3
2025-11-03,20251103143500000,sz.002732,17.4900,17.5000,17.4700,17.5000,32400,566568.0000,3
2025-11-03,20251103144000000,sz.002732,17.4800,17.5000,17.4800,17.4900,16500,288540.0000,3
2025-11-03,20251103144500000,sz.002732,17.4800,17.5000,17.4800,17.5000,20600,360324.0000,3
2025-11-03,20251103145000000,sz.002732,17.5000,17.5300,17.5000,17.5300,37000,648120.0000,3
2025-11-03,20251103145500000,sz.002732,17.5300,17.5300,17.5000,17.5200,69600,1219188.0000,3
2025-11-03,20251103150000000,sz.002732,17.5200,17.5200,17.5000,17.5000,81700,1430208.0000,3
2025-11-04,20251104093500000,sz.002732,17.5000,17.5100,17.4200,17.4200,151900,2654412.0000,3
2025-11-04,20251104094000000,sz.002732,17.4300,17.4600,17.4100,17.4500,42200,735893.0000,3
2025-11-04,20251104094500000,sz.002732,17.4300,17.4900,17.4100,17.4900,81900,1428513.0000,3
2025-11-04,20251104095000000,sz.002732,17.4800,17.5100,17.4600,17.4800,55200,964965.0000,3
2025-11-04,20251104095500000,sz.002732,17.4900,17.5200,17.4600,17.4900,45500,796181.0000,3
2025-11-04,20251104100000000,sz.002732,17.5100,17.5500,17.5100,17.5200,80400,1409260.0000,3
2025-11-04,20251104100500000,sz.002732,17.5100,17.5700,17.5100,17.5700,74500,1306784.0000,3
2025-11-04,20251104101000000,sz.002732,17.5900,17.6000,17.5600,17.5800,37500,659143.0000,3
2025-11-04,20251104101500000,sz.002732,17.5700,17.5800,17.5300,17.5400,23600,414153.0000,3
2025-11-04,20251104102000000,sz.002732,17.5400,17.5500,17.5200,17.5200,64900,1137378.0000,3
2025-11-04,20251104102500000,sz.002732,17.5200,17.5500,17.5100,17.5400,36500,639930.0000,3
2025-11-04,20251104103000000,sz.002732,17.5400,17.5500,17.5300,17.5500,25500,447342.0000,3
2025-11-04,20251104103500000,sz.002732,17.5500,17.5600,17.5300,17.5600,30600,537060.0000,3
2025-11-04,20251104104000000,sz.002732,17.5600,17.5700,17.5400,17.5600,33400,586320.0000,3
2025-11-04,20251104104500000,sz.002732,17.5600,17.5600,17.5100,17.5200,16000,280510.0000,3
2025-11-04,20251104105000000,sz.002732,17.5500,17.5500,17.5100,17.5500,37700,660840.0000,3
2025-11-04,20251104105500000,sz.002732,17.5600,17.5800,17.5500,17.5600,35700,627107.0000,3
2025-11-04,20251104110000000,sz.002732,17.5700,17.5800,17.5600,17.5700,22600,397136.0000,3
2025-11-04,20251104110500000,sz.002732,17.5700,17.5800,17.5400,17.5700,37800,664192.0000,3
2025-11-04,20251104111000000,sz.002732,17.5600,17.5700,17.5000,17.5400,39900,699813.0000,3
2025-11-04,20251104111500000,sz.002732,17.4900,17.5500,17.4900,17.5400,36800,644752.0000,3
2025-11-04,20251104112000000,sz.002732,17.5400,17.5700,17.5400,17.5700,30500,535456.0000,3
2025-11-04,20251104112500000,sz.002732,17.5700,17.5800,17.5500,17.5700,24800,435620.0000,3
2025-11-04,20251104113000000,sz.002732,17.5500,17.5900,17.5300,17.5700,84500,1484924.0000,3
2025-11-04,20251104130500000,sz.002732,17.5900,17.5900,17.5500,17.5600,36600,642700.0000,3
2025-11-04,20251104131000000,sz.002732,17.5800,17.6200,17.5600,17.6100,117600,2069420.0000,3
2025-11-04,20251104131500000,sz.002732,17.6100,17.6100,17.5400,17.5500,56300,990180.0000,3
2025-11-04,20251104132000000,sz.002732,17.5500,17.5700,17.5500,17.5500,14200,249360.0000,3
2025-11-04,20251104132500000,sz.002732,17.5500,17.5700,17.5400,17.5700,25800,452912.0000,3
2025-11-04,20251104133000000,sz.002732,17.5500,17.5800,17.5200,17.5800,41600,730020.0000,3
2025-11-04,20251104133500000,sz.002732,17.5800,17.5800,17.5600,17.5700,23600,414670.0000,3
2025-11-04,20251104134000000,sz.002732,17.5800,17.6000,17.5700,17.5800,71500,1257598.0000,3
2025-11-04,20251104134500000,sz.002732,17.5800,17.6000,17.5500,17.5600,61800,1086232.0000,3
2025-11-04,20251104135000000,sz.002732,17.5400,17.5600,17.5200,17.5200,72300,1268352.0000,3
2025-11-04,20251104135500000,sz.002732,17.5100,17.5300,17.5000,17.5300,78600,1376604.0000,3
2025-11-04,20251104140000000,sz.002732,17.5300,17.5600,17.5200,17.5200,160500,2817036.0000,3
2025-11-04,20251104140500000,sz.002732,17.5200,17.5400,17.4900,17.5400,91300,1599076.0000,3
2025-11-04,20251104141000000,sz.002732,17.5000,17.5400,17.5000,17.5200,48900,856404.0000,3
2025-11-04,20251104141500000,sz.002732,17.5100,17.5100,17.4800,17.4800,50900,890628.0000,3
2025-11-04,20251104142000000,sz.002732,17.5000,17.5100,17.4800,17.4900,106400,1862276.0000,3
2025-11-04,20251104142500000,sz.002732,17.4900,17.4900,17.4700,17.4900,32800,573456.0000,3
2025-11-04,20251104143000000,sz.002732,17.4900,17.4900,17.4400,17.4600,44400,775532.0000,3
2025-11-04,20251104143500000,sz.002732,17.4600,17.5000,17.4300,17.4800,93700,1636120.0000,3
2025-11-04,20251104144000000,sz.002732,17.4800,17.4900,17.4700,17.4800,33600,587340.0000,3
2025-11-04,20251104144500000,sz.002732,17.4800,17.5600,17.4800,17.5600,57400,1005748.0000,3
2025-11-04,20251104145000000,sz.002732,17.5600,17.5800,17.5500,17.5600,64900,1139760.0000,3
2025-11-04,20251104145500000,sz.002732,17.5600,17.5600,17.5300,17.5400,32100,563344.0000,3
2025-11-04,20251104150000000,sz.002732,17.5400,17.5500,17.5200,17.5400,74600,1308388.0000,3
2025-11-05,20251105093500000,sz.002732,17.5000,17.6500,17.4500,17.5700,357400,6276916.0000,3
2025-11-05,20251105094000000,sz.002732,17.5800,17.6300,17.5300,17.6200,149100,2623339.0000,3
2025-11-05,20251105094500000,sz.002732,17.6100,17.6800,17.5900,17.6400,201600,3554759.0000,3
2025-11-05,20251105095000000,sz.002732,17.6400,17.6400,17.5500,17.6400,117800,2074115.0000,3
2025-11-05,20251105095500000,sz.002732,17.6400,17.6800,17.6100,17.6800,90700,1600627.0000,3
2025-11-05,20251105100000000,sz.002732,17.6600,17.6800,17.6600,17.6800,61900,1093828.0000,3
2025-11-05,20251105100500000,sz.002732,17.6800,17.6900,17.6600,17.6600,50700,895974.0000,3
2025-11-05,20251105101000000,sz.002732,17.6600,17.6700,17.6200,17.6500,40400,712914.0000,3
2025-11-05,20251105101500000,sz.002732,17.6500,17.6600,17.6100,17.6200,30600,539440.0000,3
2025-11-05,20251105102000000,sz.002732,17.6100,17.6300,17.5900,17.6300,30800,542240.0000,3
2025-11-05,20251105102500000,sz.002732,17.6000,17.6200,17.5400,17.5400,78300,1375904.0000,3
2025-11-05,20251105103000000,sz.002732,17.5400,17.5500,17.5100,17.5200,41800,732820.0000,3
2025-11-05,20251105103500000,sz.002732,17.5300,17.5700,17.5200,17.5600,30200,530084.0000,3
2025-11-05,20251105104000000,sz.002732,17.5600,17.6300,17.5500,17.6300,27600,485156.0000,3
2025-11-05,20251105104500000,sz.002732,17.6200,17.6200,17.6000,17.6000,50000,880580.0000,3
2025-11-05,20251105105000000,sz.002732,17.6100,17.6100,17.5800,17.5900,14800,260388.0000,3
2025-11-05,20251105105500000,sz.002732,17.5900,17.6000,17.5700,17.5800,10400,182844.0000,3
2025-11-05,20251105110000000,sz.002732,17.5900,17.6100,17.5900,17.6000,28200,496296.0000,3
2025-11-05,20251105110500000,sz.002732,17.6000,17.6100,17.5800,17.6000,20400,359020.0000,3
2025-11-05,20251105111000000,sz.002732,17.5900,17.5900,17.5800,17.5900,26700,469606.0000,3
2025-11-05,20251105111500000,sz.002732,17.5800,17.5900,17.5700,17.5800,10500,184582.0000,3
2025-11-05,20251105112000000,sz.002732,17.5800,17.6000,17.5800,17.6000,33600,590844.0000,3
2025-11-05,20251105112500000,sz.002732,17.5800,17.6000,17.5800,17.6000,26300,462594.0000,3
2025-11-05,20251105113000000,sz.002732,17.6000,17.6100,17.5900,17.6000,19400,341398.0000,3
2025-11-05,20251105130500000,sz.002732,17.6000,17.6000,17.5700,17.5800,36200,636570.0000,3
2025-11-05,20251105131000000,sz.002732,17.5800,17.6000,17.5800,17.5900,15500,272638.0000,3
2025-11-05,20251105131500000,sz.002732,17.5800,17.6100,17.5800,17.6000,29900,526172.0000,3
2025-11-05,20251105132000000,sz.002732,17.5900,17.6000,17.5800,17.5900,18400,323644.0000,3
2025-11-05,20251105132500000,sz.002732,17.5800,17.6000,17.5600,17.5900,61300,1077456.0000,3
2025-11-05,20251105133000000,sz.002732,17.5800,17.5900,17.5800,17.5900,20700,364030.0000,3
2025-11-05,20251105133500000,sz.002732,17.5900,17.6000,17.5900,17.6000,44400,781062.0000,3
2025-11-05,20251105134000000,sz.002732,17.6000,17.6000,17.5900,17.6000,35500,624794.0000,3
2025-11-05,20251105134500000,sz.002732,17.6000,17.6100,17.5900,17.6100,10700,188310.0000,3
2025-11-05,20251105135000000,sz.002732,17.5900,17.6100,17.5800,17.6000,24100,424046.0000,3
2025-11-05,20251105135500000,sz.002732,17.6000,17.6100,17.5900,17.6100,28100,494528.0000,3
2025-11-05,20251105140000000,sz.002732,17.6100,17.6200,17.5900,17.6000,16000,281718.0000,3
2025-11-05,20251105140500000,sz.002732,17.6000,17.6300,17.6000,17.6300,25800,454460.0000,3
2025-11-05,20251105141000000,sz.002732,17.6300,17.6300,17.6000,17.6300,23100,407120.0000,3
2025-11-05,20251105141500000,sz.002732,17.6200,17.6500,17.6200,17.6500,66100,1165728.0000,3
2025-11-05,20251105142000000,sz.002732,17.6500,17.6600,17.6200,17.6300,80900,1427164.0000,3
2025-11-05,20251105142500000,sz.002732,17.6400,17.6500,17.6400,17.6400,16600,292924.0000,3
2025-11-05,20251105143000000,sz.002732,17.6400,17.6600,17.6200,17.6600,76900,1356616.0000,3
2025-11-05,20251105143500000,sz.002732,17.6600,17.6600,17.6300,17.6300,50800,896316.0000,3
2025-11-05,20251105144000000,sz.002732,17.6300,17.6400,17.6200,17.6400,17000,299720.0000,3
2025-11-05,20251105144500000,sz.002732,17.6400,17.6500,17.6300,17.6500,68700,1212036.0000,3
2025-11-05,20251105145000000,sz.002732,17.6400,17.6700,17.6400,17.6500,129400,2284984.0000,3
2025-11-05,20251105145500000,sz.002732,17.6400,17.6600,17.6400,17.6600,104300,1841108.0000,3
2025-11-05,20251105150000000,sz.002732,17.6500,17.6800,17.6300,17.6500,181100,3196044.0000,3
2025-11-06,20251106093500000,sz.002732,17.6500,17.6700,17.4400,17.4400,193900,3396435.0000,3
2025-11-06,20251106094000000,sz.002732,17.4400,17.5900,17.4300,17.5300,181100,3170166.0000,3
2025-11-06,20251106094500000,sz.002732,17.5300,17.5900,17.5000,17.5400,83300,1461505.0000,3
2025-11-06,20251106095000000,sz.002732,17.5400,17.7000,17.5400,17.6500,167500,2954494.0000,3
2025-11-06,20251106095500000,sz.002732,17.6600,17.6900,17.6400,17.6600,68900,1217190.0000,3
2025-11-06,20251106100000000,sz.002732,17.6600,17.7000,17.6200,17.6400,72400,1278943.0000,3
2025-11-06,20251106100500000,sz.002732,17.6500,17.6900,17.6400,17.6500,38300,676488.0000,3
2025-11-06,20251106101000000,sz.002732,17.6400,17.6600,17.5000,17.6600,41600,732442.0000,3
2025-11-06,20251106101500000,sz.002732,17.6700,17.7000,17.6500,17.6600,75200,1328856.0000,3
2025-11-06,20251106102000000,sz.002732,17.6600,17.6600,17.6100,17.6100,25700,453240.0000,3
2025-11-06,20251106102500000,sz.002732,17.6500,17.6500,17.6100,17.6300,30500,537487.0000,3
2025-11-06,20251106103000000,sz.002732,17.6200,17.6400,17.6200,17.6300,9200,162200.0000,3
2025-11-06,20251106103500000,sz.002732,17.6400,17.7300,17.6300,17.7000,89400,1581834.0000,3
2025-11-06,20251106104000000,sz.002732,17.7000,17.7100,17.6700,17.6700,14700,259994.0000,3
2025-11-06,20251106104500000,sz.002732,17.6600,17.6900,17.6600,17.6800,47900,846642.0000,3
2025-11-06,20251106105000000,sz.002732,17.6700,17.6900,17.6600,17.6600,29100,514408.0000,3
2025-11-06,20251106105500000,sz.002732,17.6700,17.6700,17.6500,17.6500,19100,337108.0000,3
2025-11-06,20251106110000000,sz.002732,17.6500,17.6900,17.6400,17.6700,28600,505264.0000,3
2025-11-06,20251106110500000,sz.002732,17.6700,17.6700,17.6600,17.6600,11800,208424.0000,3
2025-11-06,20251106111000000,sz.002732,17.6600,17.6700,17.6500,17.6700,20900,369108.0000,3
2025-11-06,20251106111500000,sz.002732,17.6700,17.6700,17.6400,17.6400,12800,225984.0000,3
2025-11-06,20251106112000000,sz.002732,17.6500,17.6500,17.6300,17.6400,13200,232848.0000,3
2025-11-06,20251106112500000,sz.002732,17.6400,17.6400,17.6200,17.6200,12700,223892.0000,3
2025-11-06,20251106113000000,sz.002732,17.6300,17.6400,17.6300,17.6400,9000,158722.0000,3
2025-11-06,20251106130500000,sz.002732,17.6400,17.6500,17.6300,17.6400,26500,467502.0000,3
2025-11-06,20251106131000000,sz.002732,17.6300,17.6700,17.6300,17.6600,23700,418320.0000,3
2025-11-06,20251106131500000,sz.002732,17.6600,17.6600,17.6500,17.6500,11600,204812.0000,3
2025-11-06,20251106132000000,sz.002732,17.6500,17.6800,17.6500,17.6600,28300,499974.0000,3
2025-11-06,20251106132500000,sz.002732,17.6600,17.6700,17.6500,17.6500,14400,254360.0000,3
2025-11-06,20251106133000000,sz.002732,17.6500,17.6500,17.6400,17.6500,8600,151708.0000,3
2025-11-06,20251106133500000,sz.002732,17.6500,17.6600,17.6500,17.6600,10400,183562.0000,3
2025-11-06,20251106134000000,sz.002732,17.6600,17.6600,17.6400,17.6400,11500,202986.0000,3
2025-11-06,20251106134500000,sz.002732,17.6500,17.6700,17.6400,17.6700,37000,653230.0000,3
2025-11-06,20251106135000000,sz.002732,17.6700,17.6700,17.6600,17.6700,13700,242016.0000,3
2025-11-06,20251106135500000,sz.002732,17.6600,17.6600,17.6400,17.6400,22000,388264.0000,3
2025-11-06,20251106140000000,sz.002732,17.6400,17.6600,17.6300,17.6600,23900,421712.0000,3
2025-11-06,20251106140500000,sz.002732,17.6600,17.6600,17.6400,17.6400,25200,444704.0000,3
2025-11-06,20251106141000000,sz.002732,17.6300,17.6500,17.6300,17.6300,62400,1100302.0000,3
2025-11-06,20251106141500000,sz.002732,17.6300,17.6500,17.6300,17.6500,17100,301574.0000,3
2025-11-06,20251106142000000,sz.002732,17.6500,17.6700,17.6300,17.6400,40500,714760.0000,3
2025-11-06,20251106142500000,sz.002732,17.6400,17.6500,17.6300,17.6500,19000,335152.0000,3
2025-11-06,20251106143000000,sz.002732,17.6500,17.6700,17.6500,17.6600,26800,473240.0000,3
2025-11-06,20251106143500000,sz.002732,17.6600,17.6600,17.6400,17.6600,37400,660100.0000,3
2025-11-06,20251106144000000,sz.002732,17.6500,17.6600,17.6400,17.6500,10900,192388.0000,3
2025-11-06,20251106144500000,sz.002732,17.6500,17.6700,17.6500,17.6600,75700,1336340.0000,3
2025-11-06,20251106145000000,sz.002732,17.6500,17.6700,17.6500,17.6600,33200,586432.0000,3
2025-11-06,20251106145500000,sz.002732,17.6700,17.6700,17.6400,17.6500,69900,1233960.0000,3
2025-11-06,20251106150000000,sz.002732,17.6500,17.6500,17.6400,17.6500,55200,974172.0000,3
2025-11-07,20251107093500000,sz.002732,17.7000,17.7300,17.5800,17.7100,137900,2437843.0000,3
2025-11-07,20251107094000000,sz.002732,17.7200,17.7300,17.6500,17.6900,101600,1795418.0000,3
2025-11-07,20251107094500000,sz.002732,17.6700,17.6700,17.6200,17.6300,187600,3308536.0000,3
2025-11-07,20251107095000000,sz.002732,17.6400,17.7000,17.6100,17.6900,144500,2547336.0000,3
2025-11-07,20251107095500000,sz.002732,17.6900,17.7300,17.6700,17.7200,83000,1469599.0000,3
2025-11-07,20251107100000000,sz.002732,17.7200,17.7300,17.6900,17.7200,75200,1331854.0000,3
2025-11-07,20251107100500000,sz.002732,17.7100,17.7400,17.7100,17.7300,33500,593865.0000,3
2025-11-07,20251107101000000,sz.002732,17.7300,17.7400,17.7200,17.7200,46300,821069.0000,3
2025-11-07,20251107101500000,sz.002732,17.7200,17.7200,17.6900,17.7000,26400,467308.0000,3
2025-11-07,20251107102000000,sz.002732,17.7000,17.7000,17.6900,17.7000,14600,258411.0000,3
2025-11-07,20251107102500000,sz.002732,17.7000,17.7000,17.6800,17.6900,52800,934050.0000,3
2025-11-07,20251107103000000,sz.002732,17.6900,17.7100,17.6800,17.6800,72600,1284245.0000,3
2025-11-07,20251107103500000,sz.002732,17.6800,17.6900,17.6700,17.6800,25400,449020.0000,3
2025-11-07,20251107104000000,sz.002732,17.6800,17.6800,17.6500,17.6500,34400,607618.0000,3
2025-11-07,20251107104500000,sz.002732,17.6600,17.6600,17.6400,17.6500,52100,919620.0000,3
2025-11-07,20251107105000000,sz.002732,17.6500,17.6600,17.6400,17.6500,33000,582528.0000,3
2025-11-07,20251107105500000,sz.002732,17.6600,17.6600,17.6500,17.6500,10200,180080.0000,3
2025-11-07,20251107110000000,sz.002732,17.6500,17.6600,17.6400,17.6500,26100,460604.0000,3
2025-11-07,20251107110500000,sz.002732,17.6500,17.6500,17.6300,17.6300,13800,243468.0000,3
2025-11-07,20251107111000000,sz.002732,17.6300,17.6500,17.6200,17.6300,43400,765100.0000,3
2025-11-07,20251107111500000,sz.002732,17.6300,17.6400,17.6300,17.6400,8900,156956.0000,3
2025-11-07,20251107112000000,sz.002732,17.6400,17.6500,17.6300,17.6400,27300,481572.0000,3
2025-11-07,20251107112500000,sz.002732,17.6500,17.6500,17.6300,17.6300,16500,291024.0000,3
2025-11-07,20251107113000000,sz.002732,17.6400,17.6400,17.6100,17.6200,45300,798234.0000,3
2025-11-07,20251107130500000,sz.002732,17.6200,17.6400,17.5900,17.5900,140000,2465142.0000,3
2025-11-07,20251107131000000,sz.002732,17.5800,17.6100,17.5800,17.6100,54800,964244.0000,3
2025-11-07,20251107131500000,sz.002732,17.6400,17.6400,17.6000,17.6000,42000,739470.0000,3
2025-11-07,20251107132000000,sz.002732,17.6100,17.6200,17.6000,17.6000,27700,487746.0000,3
2025-11-07,20251107132500000,sz.002732,17.6000,17.6200,17.5900,17.6000,86300,1518304.0000,3
2025-11-07,20251107133000000,sz.002732,17.6000,17.6200,17.6000,17.6200,8900,156788.0000,3
2025-11-07,20251107133500000,sz.002732,17.6100,17.6100,17.5900,17.6000,29300,515718.0000,3
2025-11-07,20251107134000000,sz.002732,17.5900,17.6100,17.5900,17.6000,25000,439862.0000,3
2025-11-07,20251107134500000,sz.002732,17.6000,17.6100,17.5900,17.6000,10400,183020.0000,3
2025-11-07,20251107135000000,sz.002732,17.6100,17.6200,17.6000,17.6100,37000,651508.0000,3
2025-11-07,20251107135500000,sz.002732,17.6100,17.6800,17.6100,17.6400,104500,1843496.0000,3
2025-11-07,20251107140000000,sz.002732,17.6400,17.6600,17.6300,17.6400,33100,583864.0000,3
2025-11-07,20251107140500000,sz.002732,17.6400,17.6700,17.6400,17.6600,56500,997660.0000,3
2025-11-07,20251107141000000,sz.002732,17.6600,17.6700,17.6500,17.6500,45400,801460.0000,3
2025-11-07,20251107141500000,sz.002732,17.6500,17.6600,17.6500,17.6600,35800,632004.0000,3
2025-11-07,20251107142000000,sz.002732,17.6500,17.6800,17.6500,17.6800,158200,2794108.0000,3
2025-11-07,20251107142500000,sz.002732,17.6800,17.7000,17.6800,17.6900,108900,1926560.0000,3
2025-11-07,20251107143000000,sz.002732,17.7000,17.7000,17.6800,17.6800,18500,327284.0000,3
2025-11-07,20251107143500000,sz.002732,17.6900,17.7000,17.6800,17.6900,40400,714568.0000,3
2025-11-07,20251107144000000,sz.002732,17.6900,17.7000,17.6500,17.6600,169000,2984900.0000,3
2025-11-07,20251107144500000,sz.002732,17.6600,17.6700,17.6100,17.6400,128600,2268064.0000,3
2025-11-07,20251107145000000,sz.002732,17.6400,17.6600,17.6300,17.6600,91900,1621832.0000,3
2025-11-07,20251107145500000,sz.002732,17.6600,17.6600,17.5800,17.6300,249100,4389452.0000,3
2025-11-07,20251107150000000,sz.002732,17.6200,17.6400,17.6000,17.6000,78100,1375380.0000,3
2025-11-10,20251110093500000,sz.002732,17.6300,17.6300,17.5000,17.5300,201300,3532261.0000,3
2025-11-10,20251110094000000,sz.002732,17.5300,17.5700,17.5000,17.5400,133600,2341171.0000,3
2025-11-10,20251110094500000,sz.002732,17.5700,17.6300,17.5700,17.6300,100200,1765046.0000,3
2025-11-10,20251110095000000,sz.002732,17.6200,17.6300,17.5800,17.5900,36300,638891.0000,3
2025-11-10,20251110095500000,sz.002732,17.5900,17.6100,17.5600,17.5800,54000,949593.0000,3
2025-11-10,20251110100000000,sz.002732,17.5800,17.6200,17.5800,17.6200,50500,889206.0000,3
2025-11-10,20251110100500000,sz.002732,17.6100,17.6500,17.6100,17.6200,125800,2217170.0000,3
2025-11-10,20251110101000000,sz.002732,17.6400,17.6400,17.6100,17.6300,39100,689126.0000,3
2025-11-10,20251110101500000,sz.002732,17.6300,17.6600,17.6200,17.6400,58400,1030326.0000,3
2025-11-10,20251110102000000,sz.002732,17.6300,17.6500,17.6200,17.6300,35900,633198.0000,3
2025-11-10,20251110102500000,sz.002732,17.6400,17.6400,17.6100,17.6400,25300,445884.0000,3
2025-11-10,20251110103000000,sz.002732,17.6400,17.6700,17.6300,17.6400,41300,728805.0000,3
2025-11-10,20251110103500000,sz.002732,17.6400,17.6600,17.6400,17.6600,30600,540222.0000,3
2025-11-10,20251110104000000,sz.002732,17.6400,17.6700,17.6400,17.6700,48300,852849.0000,3
2025-11-10,20251110104500000,sz.002732,17.6500,17.6900,17.6500,17.6900,91400,1615720.0000,3
2025-11-10,20251110105000000,sz.002732,17.6900,17.7600,17.6900,17.7300,125000,2215260.0000,3
2025-11-10,20251110105500000,sz.002732,17.7300,17.8300,17.7200,17.8100,157700,2805380.0000,3
2025-11-10,20251110110000000,sz.002732,17.8000,17.8800,17.7900,17.8200,152300,2717302.0000,3
2025-11-10,20251110110500000,sz.002732,17.8300,17.8400,17.8000,17.8300,58300,1038980.0000,3
2025-11-10,20251110111000000,sz.002732,17.8400,17.8400,17.7900,17.8000,90400,1609926.0000,3
2025-11-10,20251110111500000,sz.002732,17.8100,17.8300,17.7900,17.7900,102000,1817304.0000,3
2025-11-10,20251110112000000,sz.002732,17.7900,17.8200,17.7900,17.8200,40600,722594.0000,3
2025-11-10,20251110112500000,sz.002732,17.8200,17.8200,17.8000,17.8200,45000,801346.0000,3
2025-11-10,20251110113000000,sz.002732,17.8200,17.8400,17.7900,17.8200,66300,1181232.0000,3
2025-11-10,20251110130500000,sz.002732,17.8500,17.9000,17.8500,17.8800,170300,3043520.0000,3
2025-11-10,20251110131000000,sz.002732,17.8800,17.8800,17.8400,17.8500,34600,617996.0000,3
2025-11-10,20251110131500000,sz.002732,17.8500,17.9300,17.8400,17.9300,133600,2388684.0000,3
2025-11-10,20251110132000000,sz.002732,17.9100,18.1000,17.9100,17.9500,765700,13796124.0000,3
2025-11-10,20251110132500000,sz.002732,17.9400,17.9600,17.9000,17.9400,125100,2243160.0000,3
2025-11-10,20251110133000000,sz.002732,17.9600,17.9600,17.9000,17.9100,53900,965540.0000,3
2025-11-10,20251110133500000,sz.002732,17.9100,17.9200,17.8800,17.9000,33900,606748.0000,3
2025-11-10,20251110134000000,sz.002732,17.9000,17.9200,17.9000,17.9200,24400,436932.0000,3
2025-11-10,20251110134500000,sz.002732,17.9200,17.9400,17.9100,17.9400,33400,598664.0000,3
2025-11-10,20251110135000000,sz.002732,17.9400,17.9400,17.9000,17.9100,30900,553536.0000,3
2025-11-10,20251110135500000,sz.002732,17.9000,17.9100,17.8700,17.8800,54300,970824.0000,3
2025-11-10,20251110140000000,sz.002732,17.8800,17.9000,17.8800,17.8900,25400,454332.0000,3
2025-11-10,20251110140500000,sz.002732,17.8900,17.9000,17.8700,17.8800,40700,727836.0000,3
2025-11-10,20251110141000000,sz.002732,17.8900,17.9000,17.8800,17.8900,26900,481260.0000,3
2025-11-10,20251110141500000,sz.002732,17.8900,17.9000,17.8900,17.9000,16200,289852.0000,3
2025-11-10,20251110142000000,sz.002732,17.8900,17.8900,17.8800,17.8800,19300,345200.0000,3
2025-11-10,20251110142500000,sz.002732,17.8800,17.9000,17.8800,17.8800,45400,812152.0000,3
2025-11-10,20251110143000000,sz.002732,17.8800,17.9000,17.8800,17.9000,47300,846336.0000,3
2025-11-10,20251110143500000,sz.002732,17.9000,17.9000,17.8900,17.8900,24600,440308.0000,3
2025-11-10,20251110144000000,sz.002732,17.8900,17.9100,17.8900,17.9000,61700,1104300.0000,3
2025-11-10,20251110144500000,sz.002732,17.9000,17.9100,17.9000,17.9100,60700,1086716.0000,3
2025-11-10,20251110145000000,sz.002732,17.9100,17.9200,17.9000,17.9100,86200,1543772.0000,3
2025-11-10,20251110145500000,sz.002732,17.9100,17.9200,17.9000,17.9200,117400,2102904.0000,3
2025-11-10,20251110150000000,sz.002732,17.9200,17.9400,17.9200,17.9300,122100,2189304.0000,3
2025-11-11,20251111093500000,sz.002732,18.0600,18.1000,17.8700,17.9200,483100,8676851.0000,3
2025-11-11,20251111094000000,sz.002732,17.9500,18.1200,17.9300,18.0000,457700,8252893.0000,3
2025-11-11,20251111094500000,sz.002732,18.0000,18.1100,18.0000,18.1000,256700,4642384.0000,3
2025-11-11,20251111095000000,sz.002732,18.1100,18.1400,18.0000,18.0500,199600,3606792.0000,3
2025-11-11,20251111095500000,sz.002732,18.0400,18.0800,17.9700,17.9900,141100,2543312.0000,3
2025-11-11,20251111100000000,sz.002732,17.9900,18.0200,17.9800,17.9900,102100,1837836.0000,3
2025-11-11,20251111100500000,sz.002732,18.0000,18.0100,17.9700,17.9900,51900,933568.0000,3
2025-11-11,20251111101000000,sz.002732,17.9900,18.0100,17.9800,18.0000,62000,1115532.0000,3
2025-11-11,20251111101500000,sz.002732,18.0100,18.0800,18.0100,18.0800,70400,1270080.0000,3
2025-11-11,20251111102000000,sz.002732,18.0700,18.1500,18.0600,18.1200,154300,2794400.0000,3
2025-11-11,20251111102500000,sz.002732,18.1100,18.1200,18.0600,18.1000,122000,2209036.0000,3
2025-11-11,20251111103000000,sz.002732,18.1000,18.1200,18.0700,18.1100,62700,1134276.0000,3
2025-11-11,20251111103500000,sz.002732,18.1100,18.1300,18.0700,18.1000,43300,784144.0000,3
2025-11-11,20251111104000000,sz.002732,18.1100,18.1100,18.0500,18.0600,44000,795260.0000,3
2025-11-11,20251111104500000,sz.002732,18.0600,18.0900,18.0500,18.0600,48200,870884.0000,3
2025-11-11,20251111105000000,sz.002732,18.0500,18.0700,18.0300,18.0600,18600,335720.0000,3
2025-11-11,20251111105500000,sz.002732,18.0500,18.0500,18.0300,18.0400,28000,505192.0000,3
2025-11-11,20251111110000000,sz.002732,18.0400,18.0400,18.0300,18.0300,128200,2311640.0000,3
2025-11-11,20251111110500000,sz.002732,18.0300,18.0400,17.9800,17.9900,74900,1348536.0000,3
2025-11-11,20251111111000000,sz.002732,17.9800,17.9900,17.9300,17.9900,115300,2070776.0000,3
2025-11-11,20251111111500000,sz.002732,17.9900,18.0400,17.9900,18.0300,29300,527996.0000,3
2025-11-11,20251111112000000,sz.002732,18.0300,18.0300,18.0000,18.0200,26500,477412.0000,3
2025-11-11,20251111112500000,sz.002732,18.0100,18.0200,17.9900,17.9900,74500,1341464.0000,3
2025-11-11,20251111113000000,sz.002732,18.0000,18.0400,18.0000,18.0400,27500,495336.0000,3
2025-11-11,20251111130500000,sz.002732,18.0400,18.0800,18.0200,18.0600,65900,1189280.0000,3
2025-11-11,20251111131000000,sz.002732,18.0700,18.0800,18.0500,18.0500,30700,554448.0000,3
2025-11-11,20251111131500000,sz.002732,18.0400,18.0600,18.0200,18.0500,47000,847360.0000,3
2025-11-11,20251111132000000,sz.002732,18.0300,18.0500,18.0200,18.0400,35900,647464.0000,3
2025-11-11,20251111132500000,sz.002732,18.0300,18.0300,18.0000,18.0000,76400,1376224.0000,3
2025-11-11,20251111133000000,sz.002732,18.0000,18.0200,17.9900,18.0100,28100,505812.0000,3
2025-11-11,20251111133500000,sz.002732,18.0200,18.1000,18.0000,18.1000,87600,1581492.0000,3
2025-11-11,20251111134000000,sz.002732,18.0900,18.1400,18.0800,18.0900,98200,1778128.0000,3
2025-11-11,20251111134500000,sz.002732,18.1100,18.1200,18.0800,18.1000,42600,771012.0000,3
2025-11-11,20251111135000000,sz.002732,18.0900,18.0900,18.0500,18.0500,35100,634260.0000,3
2025-11-11,20251111135500000,sz.002732,18.0900,18.1100,18.0600,18.0900,37600,679752.0000,3
2025-11-11,20251111140000000,sz.002732,18.1000,18.1000,18.0800,18.0900,15800,285832.0000,3
2025-11-11,20251111140500000,sz.002732,18.0800,18.1400,18.0800,18.1200,110300,1998524.0000,3
2025-11-11,20251111141000000,sz.002732,18.1200,18.1900,18.1100,18.1900,214700,3898260.0000,3
2025-11-11,20251111141500000,sz.002732,18.2000,18.2700,18.1800,18.2300,303000,5521296.0000,3
2025-11-11,20251111142000000,sz.002732,18.2300,18.2400,18.1600,18.1800,132700,2413880.0000,3
2025-11-11,20251111142500000,sz.002732,18.1800,18.2000,18.1700,18.1700,67900,1234888.0000,3
2025-11-11,20251111143000000,sz.002732,18.1700,18.2000,18.1700,18.1900,20500,372864.0000,3
2025-11-11,20251111143500000,sz.002732,18.2000,18.2300,18.1700,18.2000,103000,1874664.0000,3
2025-11-11,20251111144000000,sz.002732,18.2100,18.2100,18.1800,18.1900,87800,1597896.0000,3
2025-11-11,20251111144500000,sz.002732,18.1900,18.1900,18.1400,18.1500,150600,2733504.0000,3
2025-11-11,20251111145000000,sz.002732,18.1500,18.1600,18.1400,18.1400,96100,1743768.0000,3
2025-11-11,20251111145500000,sz.002732,18.1500,18.1900,18.1300,18.1700,166600,3027360.0000,3
2025-11-11,20251111150000000,sz.002732,18.1700,18.1800,18.1600,18.1600,122900,2232504.0000,3
2025-11-12,20251112093500000,sz.002732,18.1500,18.4100,18.1500,18.2700,711900,13016639.0000,3
2025-11-12,20251112094000000,sz.002732,18.2700,18.3000,18.1700,18.1800,241300,4401601.0000,3
2025-11-12,20251112094500000,sz.002732,18.1700,18.2600,18.1700,18.2300,176000,3206984.0000,3
2025-11-12,20251112095000000,sz.002732,18.2300,18.2500,18.1400,18.1400,178100,3243412.0000,3
2025-11-12,20251112095500000,sz.002732,18.1500,18.1800,18.1100,18.1500,260100,4718824.0000,3
2025-11-12,20251112100000000,sz.002732,18.1400,18.1900,18.1300,18.1600,119600,2171940.0000,3
2025-11-12,20251112100500000,sz.002732,18.1600,18.1600,18.0900,18.1000,223200,4040772.0000,3
2025-11-12,20251112101000000,sz.002732,18.1000,18.1400,18.0500,18.0800,171400,3098544.0000,3
2025-11-12,20251112101500000,sz.002732,18.0600,18.1400,18.0600,18.1200,85700,1549904.0000,3
2025-11-12,20251112102000000,sz.002732,18.1300,18.1300,18.1000,18.1200,29400,532468.0000,3
2025-11-12,20251112102500000,sz.002732,18.1200,18.1200,18.0400,18.0400,86100,1555296.0000,3
2025-11-12,20251112103000000,sz.002732,18.0500,18.1900,18.0500,18.1000,99800,1808484.0000,3
2025-11-12,20251112103500000,sz.002732,18.1100,18.1400,18.1000,18.1200,58100,1052140.0000,3
2025-11-12,20251112104000000,sz.002732,18.1200,18.1800,18.1200,18.1500,137300,2490360.0000,3
2025-11-12,20251112104500000,sz.002732,18.1400,18.1700,18.1200,18.1200,67800,1230672.0000,3
2025-11-12,20251112105000000,sz.002732,18.1300,18.1300,18.1100,18.1200,33400,605124.0000,3
2025-11-12,20251112105500000,sz.002732,18.1100,18.1400,18.1100,18.1200,34200,619716.0000,3
2025-11-12,20251112110000000,sz.002732,18.1200,18.1200,18.0900,18.1000,43100,780192.0000,3
2025-11-12,20251112110500000,sz.002732,18.1000,18.1100,18.0800,18.0800,42400,767344.0000,3
2025-11-12,20251112111000000,sz.002732,18.0800,18.1100,18.0700,18.0800,61500,1112348.0000,3
2025-11-12,20251112111500000,sz.002732,18.0800,18.1200,18.0700,18.1200,35900,649772.0000,3
2025-11-12,20251112112000000,sz.002732,18.1100,18.1300,18.1000,18.1000,40500,733212.0000,3
2025-11-12,20251112112500000,sz.002732,18.1100,18.1100,18.1000,18.1000,32200,582924.0000,3
2025-11-12,20251112113000000,sz.002732,18.1100,18.1200,18.1000,18.1100,18900,342288.0000,3
2025-11-12,20251112130500000,sz.002732,18.1100,18.1700,18.1100,18.1700,92300,1674048.0000,3
2025-11-12,20251112131000000,sz.002732,18.1600,18.1900,18.1600,18.1700,55700,1012348.0000,3
2025-11-12,20251112131500000,sz.002732,18.2000,18.2200,18.1700,18.2200,63000,1146720.0000,3
2025-11-12,20251112132000000,sz.002732,18.2000,18.2000,18.1600,18.1600,23900,434248.0000,3
2025-11-12,20251112132500000,sz.002732,18.1600,18.1800,18.1500,18.1600,61400,1115460.0000,3
2025-11-12,20251112133000000,sz.002732,18.1600,18.2000,18.1400,18.1900,88200,1602952.0000,3
2025-11-12,20251112133500000,sz.002732,18.2000,18.2000,18.1800,18.2000,38300,696896.0000,3
2025-11-12,20251112134000000,sz.002732,18.2000,18.2100,18.1900,18.2000,28000,509476.0000,3
2025-11-12,20251112134500000,sz.002732,18.1900,18.2000,18.1800,18.1800,13700,249168.0000,3
2025-11-12,20251112135000000,sz.002732,18.1800,18.1800,18.1200,18.1400,62900,1142484.0000,3
2025-11-12,20251112135500000,sz.002732,18.1500,18.1600,18.1500,18.1500,17500,317660.0000,3
2025-11-12,20251112140000000,sz.002732,18.1500,18.1700,18.1400,18.1500,43100,782344.0000,3
2025-11-12,20251112140500000,sz.002732,18.1700,18.1900,18.1600,18.1800,42400,770224.0000,3
2025-11-12,20251112141000000,sz.002732,18.2200,18.2200,18.1500,18.1700,133200,2421484.0000,3
2025-11-12,20251112141500000,sz.002732,18.1600,18.1800,18.1500,18.1500,23600,428592.0000,3
2025-11-12,20251112142000000,sz.002732,18.1500,18.1600,18.1300,18.1400,34500,625928.0000,3
2025-11-12,20251112142500000,sz.002732,18.1500,18.1500,18.1200,18.1300,61200,1109528.0000,3
2025-11-12,20251112143000000,sz.002732,18.1300,18.1300,18.1100,18.1200,36700,665008.0000,3
2025-11-12,20251112143500000,sz.002732,18.1300,18.1600,18.1200,18.1400,57300,1039328.0000,3
2025-11-12,20251112144000000,sz.002732,18.1500,18.1700,18.1400,18.1400,45000,816864.0000,3
2025-11-12,20251112144500000,sz.002732,18.1500,18.1600,18.1300,18.1500,85200,1546096.0000,3
2025-11-12,20251112145000000,sz.002732,18.1400,18.1700,18.1400,18.1500,75100,1363696.0000,3
2025-11-12,20251112145500000,sz.002732,18.1500,18.1600,18.1200,18.1300,84800,1538088.0000,3
2025-11-12,20251112150000000,sz.002732,18.1300,18.1400,18.1000,18.1000,72500,1313240.0000,3
2025-11-13,20251113093500000,sz.002732,18.0600,18.0900,17.8100,17.9000,325000,5836866.0000,3
2025-11-13,20251113094000000,sz.002732,17.8700,17.9600,17.8700,17.9400,80600,1443880.0000,3
2025-11-13,20251113094500000,sz.002732,17.9400,18.0300,17.9000,18.0000,117800,2113385.0000,3
2025-11-13,20251113095000000,sz.002732,18.0200,18.0900,17.9500,18.0400,118700,2138746.0000,3
2025-11-13,20251113095500000,sz.002732,18.0400,18.0600,17.9900,17.9900,94600,1703842.0000,3
2025-11-13,20251113100000000,sz.002732,18.0200,18.0200,17.9600,17.9700,38600,694210.0000,3
2025-11-13,20251113100500000,sz.002732,17.9800,18.0000,17.9500,17.9900,80100,1439812.0000,3
2025-11-13,20251113101000000,sz.002732,17.9800,17.9900,17.9300,17.9600,61000,1095185.0000,3
2025-11-13,20251113101500000,sz.002732,17.9500,17.9700,17.9200,17.9500,106800,1916466.0000,3
2025-11-13,20251113102000000,sz.002732,17.9600,17.9900,17.9500,17.9800,51900,932578.0000,3
2025-11-13,20251113102500000,sz.002732,17.9800,17.9900,17.9600,17.9700,34600,621882.0000,3
2025-11-13,20251113103000000,sz.002732,17.9600,17.9800,17.9500,17.9500,52800,948460.0000,3
2025-11-13,20251113103500000,sz.002732,17.9500,18.0100,17.9300,18.0100,114400,2054296.0000,3
2025-11-13,20251113104000000,sz.002732,18.0100,18.0200,17.9800,17.9800,23600,424688.0000,3
2025-11-13,20251113104500000,sz.002732,17.9800,18.0200,17.9800,17.9900,51300,923248.0000,3
2025-11-13,20251113105000000,sz.002732,17.9800,18.0000,17.9800,17.9900,59200,1064918.0000,3
2025-11-13,20251113105500000,sz.002732,17.9900,18.0300,17.9800,18.0200,24200,435642.0000,3
2025-11-13,20251113110000000,sz.002732,18.0200,18.0300,18.0100,18.0200,18700,336930.0000,3
2025-11-13,20251113110500000,sz.002732,18.0300,18.0400,18.0200,18.0400,22700,409244.0000,3
2025-11-13,20251113111000000,sz.002732,18.0300,18.0600,18.0200,18.0600,18000,324702.0000,3
2025-11-13,20251113111500000,sz.002732,18.0500,18.0600,18.0300,18.0300,47600,858956.0000,3
2025-11-13,20251113112000000,sz.002732,18.0400,18.0500,18.0400,18.0500,6900,124528.0000,3
2025-11-13,20251113112500000,sz.002732,18.0500,18.0600,18.0000,18.0300,67400,1215128.0000,3
2025-11-13,20251113113000000,sz.002732,18.0400,18.0400,18.0300,18.0400,11200,201964.0000,3
2025-11-13,20251113130500000,sz.002732,18.0200,18.0800,18.0200,18.0500,124600,2246736.0000,3
2025-11-13,20251113131000000,sz.002732,18.0500,18.0700,18.0500,18.0700,21600,390048.0000,3
2025-11-13,20251113131500000,sz.002732,18.0500,18.0600,18.0300,18.0600,39100,705638.0000,3
2025-11-13,20251113132000000,sz.002732,18.0600,18.0800,18.0400,18.0600,62800,1134226.0000,3
2025-11-13,20251113132500000,sz.002732,18.0700,18.0700,18.0500,18.0600,24900,449808.0000,3
2025-11-13,20251113133000000,sz.002732,18.0600,18.1000,18.0500,18.1000,67000,1211232.0000,3
2025-11-13,20251113133500000,sz.002732,18.1000,18.1500,18.0900,18.1500,65200,1180844.0000,3
2025-11-13,20251113134000000,sz.002732,18.1500,18.1700,18.1200,18.1200,85200,1546192.0000,3
2025-11-13,20251113134500000,sz.002732,18.1400,18.1400,18.1200,18.1300,13500,244700.0000,3
2025-11-13,20251113135000000,sz.002732,18.1100,18.1100,18.0700,18.0800,56800,1026544.0000,3
2025-11-13,20251113135500000,sz.002732,18.0900,18.1000,18.0800,18.0900,24800,448640.0000,3
2025-11-13,20251113140000000,sz.002732,18.0800,18.1100,18.0800,18.1100,46300,837620.0000,3
2025-11-13,20251113140500000,sz.002732,18.1100,18.1400,18.0900,18.1100,43400,786084.0000,3
2025-11-13,20251113141000000,sz.002732,18.1200,18.1300,18.1100,18.1200,20100,364228.0000,3
2025-11-13,20251113141500000,sz.002732,18.1200,18.1400,18.1200,18.1300,17300,313612.0000,3
2025-11-13,20251113142000000,sz.002732,18.1000,18.1200,18.1000,18.1100,23300,422004.0000,3
2025-11-13,20251113142500000,sz.002732,18.1200,18.2000,18.1200,18.1800,108000,1962000.0000,3
2025-11-13,20251113143000000,sz.002732,18.2000,18.2000,18.1600,18.1600,54500,990532.0000,3
2025-11-13,20251113143500000,sz.002732,18.1600,18.1700,18.1500,18.1600,31100,564672.0000,3
2025-11-13,20251113144000000,sz.002732,18.1600,18.1700,18.1500,18.1700,59200,1075316.0000,3
2025-11-13,20251113144500000,sz.002732,18.1500,18.1700,18.1500,18.1600,48400,878752.0000,3
2025-11-13,20251113145000000,sz.002732,18.1600,18.1800,18.1500,18.1600,77200,1402224.0000,3
2025-11-13,20251113145500000,sz.002732,18.1600,18.1600,18.1300,18.1400,125500,2277816.0000,3
2025-11-13,20251113150000000,sz.002732,18.1500,18.1600,18.1400,18.1500,66900,1214472.0000,3
2025-11-14,20251114093500000,sz.002732,18.1300,18.2500,18.0300,18.2300,306300,5571953.0000,3
2025-11-14,20251114094000000,sz.002732,18.2400,18.2400,18.1300,18.1600,96900,1761535.0000,3
2025-11-14,20251114094500000,sz.002732,18.1800,18.1800,18.1000,18.1000,84500,1533010.0000,3
2025-11-14,20251114095000000,sz.002732,18.1100,18.1300,18.0300,18.0300,166300,3006469.0000,3
2025-11-14,20251114095500000,sz.002732,18.0300,18.1000,18.0100,18.1000,233500,4211571.0000,3
2025-11-14,20251114100000000,sz.002732,18.0900,18.1500,18.0900,18.1200,74500,1350430.0000,3
2025-11-14,20251114100500000,sz.002732,18.1100,18.1400,18.0500,18.0600,81900,1481884.0000,3
2025-11-14,20251114101000000,sz.002732,18.0600,18.0600,18.0100,18.0100,133200,2400736.0000,3
2025-11-14,20251114101500000,sz.002732,18.0100,18.0200,17.9800,18.0200,47200,849660.0000,3
2025-11-14,20251114102000000,sz.002732,18.0000,18.0200,17.9900,18.0000,32200,579830.0000,3
2025-11-14,20251114102500000,sz.002732,18.0100,18.0100,17.9800,18.0100,36400,655264.0000,3
2025-11-14,20251114103000000,sz.002732,18.0200,18.0700,18.0200,18.0700,49600,895106.0000,3
2025-11-14,20251114103500000,sz.002732,18.0800,18.1100,18.0600,18.1100,39700,718022.0000,3
2025-11-14,20251114104000000,sz.002732,18.1100,18.1200,18.0900,18.1100,42400,767794.0000,3
2025-11-14,20251114104500000,sz.002732,18.1200,18.1300,18.0800,18.0900,31900,577724.0000,3
2025-11-14,20251114105000000,sz.002732,18.1000,18.1000,18.0700,18.0800,25300,457588.0000,3
2025-11-14,20251114105500000,sz.002732,18.0800,18.0900,18.0700,18.0800,13400,242196.0000,3
2025-11-14,20251114110000000,sz.002732,18.0800,18.0900,18.0700,18.0900,10900,197044.0000,3
2025-11-14,20251114110500000,sz.002732,18.1000,18.1200,18.0800,18.0900,28500,515824.0000,3
2025-11-14,20251114111000000,sz.002732,18.0900,18.0900,18.0800,18.0900,7200,130210.0000,3
2025-11-14,20251114111500000,sz.002732,18.0900,18.1300,18.0900,18.1300,45100,816722.0000,3
2025-11-14,20251114112000000,sz.002732,18.1200,18.1300,18.1100,18.1200,14800,268148.0000,3
2025-11-14,20251114112500000,sz.002732,18.1200,18.1200,18.1100,18.1200,15700,284474.0000,3
2025-11-14,20251114113000000,sz.002732,18.1200,18.1400,18.1200,18.1200,8300,150454.0000,3
2025-11-14,20251114130500000,sz.002732,18.1200,18.1300,18.0600,18.0600,97900,1771428.0000,3
2025-11-14,20251114131000000,sz.002732,18.0600,18.1000,18.0300,18.0800,39500,713192.0000,3
2025-11-14,20251114131500000,sz.002732,18.0800,18.1000,18.0700,18.0900,19200,347306.0000,3
2025-11-14,20251114132000000,sz.002732,18.0900,18.1000,18.0800,18.0800,9200,166402.0000,3
2025-11-14,20251114132500000,sz.002732,18.0900,18.0900,18.0700,18.0700,12700,229678.0000,3
2025-11-14,20251114133000000,sz.002732,18.0700,18.0900,18.0700,18.0800,11800,213338.0000,3
2025-11-14,20251114133500000,sz.002732,18.0800,18.0900,18.0700,18.0800,15300,276598.0000,3
2025-11-14,20251114134000000,sz.002732,18.0700,18.1100,18.0600,18.1100,71800,1298430.0000,3
2025-11-14,20251114134500000,sz.002732,18.1200,18.1300,18.0900,18.1000,43700,791320.0000,3
2025-11-14,20251114135000000,sz.002732,18.1000,18.1200,18.1000,18.1100,9700,175692.0000,3
2025-11-14,20251114135500000,sz.002732,18.1200,18.1300,18.0800,18.1100,51700,936024.0000,3
2025-11-14,20251114140000000,sz.002732,18.1100,18.1200,18.0800,18.0900,14000,253348.0000,3
2025-11-14,20251114140500000,sz.002732,18.0900,18.1000,18.0800,18.0900,9800,177260.0000,3
2025-11-14,20251114141000000,sz.002732,18.0900,18.1300,18.0800,18.0900,27900,504924.0000,3
2025-11-14,20251114141500000,sz.002732,18.0900,18.1000,18.0800,18.0900,22100,399752.0000,3
2025-11-14,20251114142000000,sz.002732,18.0900,18.1100,18.0800,18.0900,76500,1384504.0000,3
2025-11-14,20251114142500000,sz.002732,18.0800,18.1200,18.0600,18.0600,84800,1533520.0000,3
2025-11-14,20251114143000000,sz.002732,18.0600,18.0700,18.0500,18.0600,40600,733240.0000,3
2025-11-14,20251114143500000,sz.002732,18.0600,18.0800,18.0500,18.0700,48700,879632.0000,3
2025-11-14,20251114144000000,sz.002732,18.0700,18.0900,18.0700,18.0800,78800,1424784.0000,3
2025-11-14,20251114144500000,sz.002732,18.0900,18.1000,18.0800,18.0900,86900,1571992.0000,3
2025-11-14,20251114145000000,sz.002732,18.0800,18.1000,18.0400,18.0500,106800,1929440.0000,3
2025-11-14,20251114145500000,sz.002732,18.0300,18.0600,18.0000,18.0000,89500,1612980.0000,3
2025-11-14,20251114150000000,sz.002732,18.0200,18.0400,17.9800,17.9800,92800,1670248.0000,3
2025-11-17,20251117093500000,sz.002732,17.9800,18.1500,17.9800,18.1500,500400,9058740.0000,3
2025-11-17,20251117094000000,sz.002732,18.1800,18.4700,18.1200,18.4200,612500,11231344.0000,3
2025-11-17,20251117094500000,sz.002732,18.4200,18.4700,18.2600,18.2600,487700,8972124.0000,3
2025-11-17,20251117095000000,sz.002732,18.2800,18.3300,18.2100,18.2200,153700,2806776.0000,3
2025-11-17,20251117095500000,sz.002732,18.2200,18.3700,18.2000,18.2900,499600,9149532.0000,3
2025-11-17,20251117100000000,sz.002732,18.2900,18.2900,18.1300,18.1600,365200,6640992.0000,3
2025-11-17,20251117100500000,sz.002732,18.1900,18.2700,18.1700,18.2400,171000,3113692.0000,3
2025-11-17,20251117101000000,sz.002732,18.2500,18.3700,18.2400,18.3000,197800,3625160.0000,3
2025-11-17,20251117101500000,sz.002732,18.3300,18.6600,18.3100,18.5800,838000,15502920.0000,3
2025-11-17,20251117102000000,sz.002732,18.5500,18.5800,18.3100,18.3100,189400,3493776.0000,3
2025-11-17,20251117102500000,sz.002732,18.3100,18.3200,18.2600,18.3200,69100,1264128.0000,3
2025-11-17,20251117103000000,sz.002732,18.3300,18.3600,18.3200,18.3400,90800,1664744.0000,3
2025-11-17,20251117103500000,sz.002732,18.3400,18.4300,18.3400,18.3600,89900,1651968.0000,3
2025-11-17,20251117104000000,sz.002732,18.3600,18.4600,18.3600,18.4000,100800,1855944.0000,3
2025-11-17,20251117104500000,sz.002732,18.4000,18.4400,18.3900,18.4100,47400,872664.0000,3
2025-11-17,20251117105000000,sz.002732,18.4100,18.5200,18.4000,18.4700,297400,5484328.0000,3
2025-11-17,20251117105500000,sz.002732,18.4700,18.4700,18.3800,18.3900,23700,436456.0000,3
2025-11-17,20251117110000000,sz.002732,18.3900,18.4300,18.3600,18.3800,46900,862432.0000,3
2025-11-17,20251117110500000,sz.002732,18.3800,18.4000,18.3300,18.3800,42900,787592.0000,3
2025-11-17,20251117111000000,sz.002732,18.3800,18.3900,18.3400,18.3800,24400,448096.0000,3
2025-11-17,20251117111500000,sz.002732,18.3800,18.3800,18.3600,18.3800,31700,582384.0000,3
2025-11-17,20251117112000000,sz.002732,18.3800,18.4100,18.3500,18.3500,59200,1088304.0000,3
2025-11-17,20251117112500000,sz.002732,18.3600,18.4000,18.3600,18.3800,31300,575104.0000,3
2025-11-17,20251117113000000,sz.002732,18.3800,18.4000,18.3400,18.4000,60400,1109616.0000,3
2025-11-17,20251117130500000,sz.002732,18.4100,18.4100,18.3200,18.3700,71500,1312536.0000,3
2025-11-17,20251117131000000,sz.002732,18.3800,18.3800,18.3300,18.3400,42400,777880.0000,3
2025-11-17,20251117131500000,sz.002732,18.3400,18.3400,18.3100,18.3100,28500,522200.0000,3
2025-11-17,20251117132000000,sz.002732,18.3100,18.3500,18.3100,18.3200,42900,786536.0000,3
2025-11-17,20251117132500000,sz.002732,18.3100,18.4000,18.2800,18.4000,133600,2449288.0000,3
2025-11-17,20251117133000000,sz.002732,18.4000,18.4000,18.3400,18.3400,37200,683160.0000,3
2025-11-17,20251117133500000,sz.002732,18.3500,18.4300,18.3500,18.3700,77700,1428000.0000,3
2025-11-17,20251117134000000,sz.002732,18.3600,18.4000,18.3500,18.3900,56900,1045416.0000,3
2025-11-17,20251117134500000,sz.002732,18.3800,18.4000,18.3700,18.3700,21900,402568.0000,3
2025-11-17,20251117135000000,sz.002732,18.3800,18.5000,18.3700,18.5000,212900,3929448.0000,3
2025-11-17,20251117135500000,sz.002732,18.4800,18.5000,18.4300,18.4500,93100,1720408.0000,3
2025-11-17,20251117140000000,sz.002732,18.4600,18.5200,18.4400,18.4600,85900,1588688.0000,3
2025-11-17,20251117140500000,sz.002732,18.4700,18.4800,18.4200,18.4600,62500,1153168.0000,3
2025-11-17,20251117141000000,sz.002732,18.4500,18.5900,18.4500,18.5300,246900,4575168.0000,3
2025-11-17,20251117141500000,sz.002732,18.5600,18.5600,18.5100,18.5400,64800,1201856.0000,3
2025-11-17,20251117142000000,sz.002732,18.5500,18.5500,18.5000,18.5100,86800,1608136.0000,3
2025-11-17,20251117142500000,sz.002732,18.5000,18.5100,18.4900,18.4900,28100,519856.0000,3
2025-11-17,20251117143000000,sz.002732,18.4900,18.5100,18.4800,18.4800,35100,649048.0000,3
2025-11-17,20251117143500000,sz.002732,18.4900,18.4900,18.4700,18.4700,37300,689320.0000,3
2025-11-17,20251117144000000,sz.002732,18.4900,18.5000,18.4800,18.4900,51300,948552.0000,3
2025-11-17,20251117144500000,sz.002732,18.4900,18.5400,18.4800,18.5300,101200,1873632.0000,3
2025-11-17,20251117145000000,sz.002732,18.5200,18.5300,18.4700,18.4900,72600,1343216.0000,3
2025-11-17,20251117145500000,sz.002732,18.4900,18.5200,18.4700,18.5100,197900,3661008.0000,3
2025-11-17,20251117150000000,sz.002732,18.5100,18.5200,18.5000,18.5100,145500,2693528.0000,3
2025-11-18,20251118093500000,sz.002732,18.5000,18.6000,18.3800,18.4100,397600,7347294.0000,3
2025-11-18,20251118094000000,sz.002732,18.4100,18.4700,18.3500,18.3800,255400,4703729.0000,3
2025-11-18,20251118094500000,sz.002732,18.3800,18.5400,18.3800,18.4700,345400,6367537.0000,3
2025-11-18,20251118095000000,sz.002732,18.4800,18.4800,18.3000,18.3000,273400,5028164.0000,3
2025-11-18,20251118095500000,sz.002732,18.3200,18.3600,18.2100,18.2500,242400,4436316.0000,3
2025-11-18,20251118100000000,sz.002732,18.2700,18.3100,18.2300,18.2500,137700,2515060.0000,3
2025-11-18,20251118100500000,sz.002732,18.2500,18.3000,18.2400,18.2500,57200,1045598.0000,3
2025-11-18,20251118101000000,sz.002732,18.2500,18.2800,18.2300,18.2600,93500,1705462.0000,3
2025-11-18,20251118101500000,sz.002732,18.2600,18.3600,18.2500,18.3300,80200,1468560.0000,3
2025-11-18,20251118102000000,sz.002732,18.3300,18.4500,18.3200,18.3900,156400,2875100.0000,3
2025-11-18,20251118102500000,sz.002732,18.3800,18.3800,18.3400,18.3500,50400,925408.0000,3
2025-11-18,20251118103000000,sz.002732,18.3500,18.3600,18.3000,18.3000,55200,1011568.0000,3
2025-11-18,20251118103500000,sz.002732,18.3000,18.3200,18.2600,18.3200,68800,1257452.0000,3
2025-11-18,20251118104000000,sz.002732,18.3300,18.4200,18.3300,18.4000,35700,656272.0000,3
2025-11-18,20251118104500000,sz.002732,18.4000,18.4400,18.4000,18.4100,77200,1422088.0000,3
2025-11-18,20251118105000000,sz.002732,18.4000,18.4100,18.3500,18.3800,163900,3013536.0000,3
2025-11-18,20251118105500000,sz.002732,18.3700,18.3800,18.3500,18.3500,26900,493992.0000,3
2025-11-18,20251118110000000,sz.002732,18.3500,18.3500,18.3000,18.3000,42300,775640.0000,3
2025-11-18,20251118110500000,sz.002732,18.3000,18.3100,18.2900,18.3100,14000,256248.0000,3
2025-11-18,20251118111000000,sz.002732,18.3000,18.3100,18.2700,18.3000,28400,519572.0000,3
2025-11-18,20251118111500000,sz.002732,18.3000,18.3400,18.3000,18.3400,27800,509424.0000,3
2025-11-18,20251118112000000,sz.002732,18.3400,18.3500,18.3300,18.3400,18900,346624.0000,3
2025-11-18,20251118112500000,sz.002732,18.3100,18.3300,18.3000,18.3000,18100,331500.0000,3
2025-11-18,20251118113000000,sz.002732,18.3000,18.3000,18.2600,18.2800,66800,1220620.0000,3
2025-11-18,20251118130500000,sz.002732,18.2700,18.3100,18.2100,18.2800,95200,1737480.0000,3
2025-11-18,20251118131000000,sz.002732,18.2800,18.2900,18.2500,18.2600,26600,485948.0000,3
2025-11-18,20251118131500000,sz.002732,18.2700,18.2800,18.2400,18.2500,55000,1004120.0000,3
2025-11-18,20251118132000000,sz.002732,18.2500,18.3000,18.2500,18.3000,32900,601136.0000,3
2025-11-18,20251118132500000,sz.002732,18.3000,18.3200,18.2900,18.3100,30700,561748.0000,3
2025-11-18,20251118133000000,sz.002732,18.3100,18.3100,18.2700,18.2800,33900,619960.0000,3
2025-11-18,20251118133500000,sz.002732,18.2700,18.3000,18.2000,18.2600,69400,1267116.0000,3
2025-11-18,20251118134000000,sz.002732,18.2700,18.3100,18.2500,18.2900,23000,420560.0000,3
2025-11-18,20251118134500000,sz.002732,18.3000,18.3300,18.2800,18.3000,34700,635580.0000,3
2025-11-18,20251118135000000,sz.002732,18.3100,18.3100,18.2800,18.2800,25900,473920.0000,3
2025-11-18,20251118135500000,sz.002732,18.2800,18.2800,18.2500,18.2600,28100,513260.0000,3
2025-11-18,20251118140000000,sz.002732,18.2500,18.3000,18.2500,18.2900,49400,902604.0000,3
2025-11-18,20251118140500000,sz.002732,18.2800,18.2900,18.2500,18.2800,62900,1148800.0000,3
2025-11-18,20251118141000000,sz.002732,18.2800,18.3300,18.2700,18.3300,88300,1616548.0000,3
2025-11-18,20251118141500000,sz.002732,18.3300,18.3300,18.2600,18.2600,67700,1238776.0000,3
2025-11-18,20251118142000000,sz.002732,18.2600,18.2700,18.2400,18.2600,66800,1219576.0000,3
2025-11-18,20251118142500000,sz.002732,18.2500,18.2700,18.2400,18.2400,83500,1524504.0000,3
2025-11-18,20251118143000000,sz.002732,18.2500,18.2700,18.2100,18.2200,41600,758784.0000,3
2025-11-18,20251118143500000,sz.002732,18.2300,18.2800,18.2000,18.2600,74500,1358424.0000,3
2025-11-18,20251118144000000,sz.002732,18.2600,18.3200,18.2600,18.3000,59100,1081320.0000,3
2025-11-18,20251118144500000,sz.002732,18.2900,18.3700,18.2700,18.3700,120700,2212480.0000,3
2025-11-18,20251118145000000,sz.002732,18.3700,18.3700,18.3300,18.3300,56900,1043624.0000,3
2025-11-18,20251118145500000,sz.002732,18.3300,18.3400,18.3100,18.3200,115500,2116360.0000,3
2025-11-18,20251118150000000,sz.002732,18.3200,18.3500,18.3100,18.3500,77000,1411776.0000,3
2025-11-19,20251119093500000,sz.002732,18.3500,18.5000,18.2100,18.3700,315600,5787110.0000,3
2025-11-19,20251119094000000,sz.002732,18.3600,18.4100,18.2800,18.3100,94300,1730829.0000,3
2025-11-19,20251119094500000,sz.002732,18.3100,18.3200,18.1700,18.2300,132300,2411628.0000,3
2025-11-19,20251119095000000,sz.002732,18.2300,18.2900,18.1800,18.2000,86800,1582512.0000,3
2025-11-19,20251119095500000,sz.002732,18.1800,18.2200,18.1500,18.1900,128500,2335569.0000,3
2025-11-19,20251119100000000,sz.002732,18.2000,18.2600,18.1700,18.2300,51900,945346.0000,3
2025-11-19,20251119100500000,sz.002732,18.2500,18.2700,18.2000,18.2300,37800,688998.0000,3
2025-11-19,20251119101000000,sz.002732,18.2300,18.2300,18.1000,18.1000,47500,861901.0000,3
2025-11-19,20251119101500000,sz.002732,18.1000,18.1500,18.1000,18.1300,82600,1497043.0000,3
2025-11-19,20251119102000000,sz.002732,18.1400,18.1900,18.1300,18.1800,46200,838780.0000,3
2025-11-19,20251119102500000,sz.002732,18.1700,18.1800,18.1100,18.1100,36700,665736.0000,3
2025-11-19,20251119103000000,sz.002732,18.1000,18.1000,18.0500,18.0600,112400,2031726.0000,3
2025-11-19,20251119103500000,sz.002732,18.0600,18.0800,18.0400,18.0800,45200,815938.0000,3
2025-11-19,20251119104000000,sz.002732,18.0800,18.1000,18.0800,18.0800,13400,242320.0000,3
2025-11-19,20251119104500000,sz.002732,18.0800,18.0800,18.0000,18.0000,96900,1745452.0000,3
2025-11-19,20251119105000000,sz.002732,18.0000,18.0400,17.9500,17.9600,105600,1898212.0000,3
2025-11-19,20251119105500000,sz.002732,17.9900,18.0000,17.9700,18.0000,38200,686932.0000,3
2025-11-19,20251119110000000,sz.002732,18.0000,18.0600,18.0000,18.0500,52000,937416.0000,3
2025-11-19,20251119110500000,sz.002732,18.0500,18.0800,18.0200,18.0600,16000,288676.0000,3
2025-11-19,20251119111000000,sz.002732,18.0600,18.0700,18.0300,18.0600,16300,294322.0000,3
2025-11-19,20251119111500000,sz.002732,18.0700,18.0700,18.0200,18.0200,15600,281566.0000,3
2025-11-19,20251119112000000,sz.002732,18.0300,18.0400,18.0100,18.0300,27100,488252.0000,3
2025-11-19,20251119112500000,sz.002732,18.0000,18.0400,17.9900,18.0000,31100,560278.0000,3
2025-11-19,20251119113000000,sz.002732,18.0000,18.0300,18.0000,18.0300,14300,257514.0000,3
2025-11-19,20251119130500000,sz.002732,18.0200,18.2800,18.0200,18.2400,143400,2604424.0000,3
2025-11-19,20251119131000000,sz.002732,18.2200,18.2500,18.1600,18.1600,59600,1084816.0000,3
2025-11-19,20251119131500000,sz.002732,18.1700,18.1900,18.1300,18.1500,25700,466948.0000,3
2025-11-19,20251119132000000,sz.002732,18.1400,18.1400,18.0900,18.0900,38200,690776.0000,3
2025-11-19,20251119132500000,sz.002732,18.0800,18.1400,18.0800,18.1400,17500,317000.0000,3
2025-11-19,20251119133000000,sz.002732,18.1300,18.1300,18.0800,18.0800,33800,612292.0000,3
2025-11-19,20251119133500000,sz.002732,18.0700,18.1000,18.0300,18.1000,21700,392112.0000,3
2025-11-19,20251119134000000,sz.002732,18.0700,18.0800,18.0600,18.0700,15700,283592.0000,3
2025-11-19,20251119134500000,sz.002732,18.0700,18.0700,18.0300,18.0500,24400,440384.0000,3
2025-11-19,20251119135000000,sz.002732,18.0400,18.0600,18.0100,18.0300,16300,293996.0000,3
2025-11-19,20251119135500000,sz.002732,18.0300,18.0500,18.0100,18.0400,19700,355356.0000,3
2025-11-19,20251119140000000,sz.002732,18.0500,18.1400,18.0500,18.1100,43200,781964.0000,3
2025-11-19,20251119140500000,sz.002732,18.1200,18.1300,18.0800,18.0800,28600,517572.0000,3
2025-11-19,20251119141000000,sz.002732,18.0900,18.1100,18.0800,18.0800,19000,343828.0000,3
2025-11-19,20251119141500000,sz.002732,18.0800,18.1100,18.0600,18.0900,12900,233128.0000,3
2025-11-19,20251119142000000,sz.002732,18.0900,18.1700,18.0900,18.1700,24700,447860.0000,3
2025-11-19,20251119142500000,sz.002732,18.1600,18.1700,18.1200,18.1200,24300,440760.0000,3
2025-11-19,20251119143000000,sz.002732,18.1100,18.1400,18.1000,18.1100,18700,338916.0000,3
2025-11-19,20251119143500000,sz.002732,18.1100,18.1400,18.1100,18.1300,30500,552860.0000,3
2025-11-19,20251119144000000,sz.002732,18.1300,18.1300,18.0800,18.0800,34800,629832.0000,3
2025-11-19,20251119144500000,sz.002732,18.0900,18.1200,18.0800,18.0800,32600,590020.0000,3
2025-11-19,20251119145000000,sz.002732,18.0800,18.1300,18.0800,18.0900,53700,972328.0000,3
2025-11-19,20251119145500000,sz.002732,18.1000,18.1200,18.0800,18.1100,70000,1266844.0000,3
2025-11-19,20251119150000000,sz.002732,18.0900,18.1400,18.0600,18.1000,114400,2070664.0000,3
2025-11-20,20251120093500000,sz.002732,18.1000,18.1000,17.9300,17.9700,365000,6569622.0000,3
2025-11-20,20251120094000000,sz.002732,17.9700,17.9800,17.9000,17.9200,166300,2981992.0000,3
2025-11-20,20251120094500000,sz.002732,17.9200,17.9200,17.8200,17.8900,194800,3484729.0000,3
2025-11-20,20251120095000000,sz.002732,17.8800,18.0000,17.8700,17.9300,131000,2347290.0000,3
2025-11-20,20251120095500000,sz.002732,17.9400,18.0000,17.8900,18.0000,74800,1341151.0000,3
2025-11-20,20251120100000000,sz.002732,17.9800,17.9900,17.9000,17.9000,51000,915164.0000,3
2025-11-20,20251120100500000,sz.002732,17.9000,17.9400,17.8600,17.8800,64600,1155220.0000,3
2025-11-20,20251120101000000,sz.002732,17.8800,17.9000,17.8600,17.8800,44800,800924.0000,3
2025-11-20,20251120101500000,sz.002732,17.8800,17.8900,17.7800,17.7800,118600,2115092.0000,3
2025-11-20,20251120102000000,sz.002732,17.7800,17.7900,17.7600,17.7700,59600,1059418.0000,3
2025-11-20,20251120102500000,sz.002732,17.8100,17.8200,17.7600,17.7700,112600,2002918.0000,3
2025-11-20,20251120103000000,sz.002732,17.7600,17.8100,17.7500,17.7900,32100,570286.0000,3
2025-11-20,20251120103500000,sz.002732,17.7800,17.7800,17.7200,17.7200,60400,1070366.0000,3
2025-11-20,20251120104000000,sz.002732,17.7200,17.7400,17.6900,17.7400,54600,966562.0000,3
2025-11-20,20251120104500000,sz.002732,17.7400,17.7700,17.7200,17.7700,26100,463046.0000,3
2025-11-20,20251120105000000,sz.002732,17.7600,17.7800,17.7500,17.7600,17000,302024.0000,3
2025-11-20,20251120105500000,sz.002732,17.7600,17.8500,17.7600,17.8100,62400,1110750.0000,3
2025-11-20,20251120110000000,sz.002732,17.8200,17.8600,17.8000,17.8400,20800,370790.0000,3
2025-11-20,20251120110500000,sz.002732,17.8500,17.9000,17.8500,17.8900,28700,512758.0000,3
2025-11-20,20251120111000000,sz.002732,17.8900,17.8900,17.8500,17.8800,14100,252010.0000,3
2025-11-20,20251120111500000,sz.002732,17.8600,17.8900,17.8600,17.8800,66900,1193660.0000,3
2025-11-20,20251120112000000,sz.002732,17.8900,17.9600,17.8900,17.9600,27600,494904.0000,3
2025-11-20,20251120112500000,sz.002732,17.9600,17.9800,17.9300,17.9300,33600,602952.0000,3
2025-11-20,20251120113000000,sz.002732,17.9400,17.9600,17.9300,17.9500,14100,253084.0000,3
2025-11-20,20251120130500000,sz.002732,17.9400,17.9500,17.8900,17.8900,58900,1053020.0000,3
2025-11-20,20251120131000000,sz.002732,17.9300,17.9500,17.9000,17.9300,24900,446500.0000,3
2025-11-20,20251120131500000,sz.002732,17.9400,17.9400,17.9000,17.9000,18900,338584.0000,3
2025-11-20,20251120132000000,sz.002732,17.9000,17.9100,17.8600,17.8600,36700,656440.0000,3
2025-11-20,20251120132500000,sz.002732,17.8600,17.9100,17.8600,17.8800,25500,455776.0000,3
2025-11-20,20251120133000000,sz.002732,17.8900,17.8900,17.8400,17.8500,8100,144756.0000,3
2025-11-20,20251120133500000,sz.002732,17.8400,17.8700,17.8300,17.8600,16200,289012.0000,3
2025-11-20,20251120134000000,sz.002732,17.8500,17.8700,17.8200,17.8700,28500,508480.0000,3
2025-11-20,20251120134500000,sz.002732,17.8400,17.8700,17.8400,17.8500,21700,387216.0000,3
2025-11-20,20251120135000000,sz.002732,17.8500,17.8600,17.8300,17.8500,25600,456812.0000,3
2025-11-20,20251120135500000,sz.002732,17.8500,17.8500,17.8200,17.8400,20600,367404.0000,3
2025-11-20,20251120140000000,sz.002732,17.8200,17.8400,17.8200,17.8400,29400,524124.0000,3
2025-11-20,20251120140500000,sz.002732,17.8400,17.8500,17.8000,17.8300,39300,700640.0000,3
2025-11-20,20251120141000000,sz.002732,17.8200,17.8300,17.8000,17.8200,25700,457760.0000,3
2025-11-20,20251120141500000,sz.002732,17.8100,17.8400,17.7800,17.8100,18400,327536.0000,3
2025-11-20,20251120142000000,sz.002732,17.8000,17.8400,17.8000,17.8300,23700,422336.0000,3
2025-11-20,20251120142500000,sz.002732,17.8200,17.8600,17.8000,17.8300,30500,543872.0000,3
2025-11-20,20251120143000000,sz.002732,17.8300,17.9000,17.8200,17.8900,38900,695020.0000,3
2025-11-20,20251120143500000,sz.002732,17.9000,17.9500,17.8700,17.8900,51100,914596.0000,3
2025-11-20,20251120144000000,sz.002732,17.8700,17.9700,17.8400,17.9600,74500,1336136.0000,3
2025-11-20,20251120144500000,sz.002732,17.9300,17.9900,17.9300,17.9700,92900,1668344.0000,3
2025-11-20,20251120145000000,sz.002732,17.9600,17.9700,17.9000,17.9000,114900,2062264.0000,3
2025-11-20,20251120145500000,sz.002732,17.9200,17.9400,17.8700,17.8900,126200,2259596.0000,3
2025-11-20,20251120150000000,sz.002732,17.9100,17.9200,17.8600,17.8900,83500,1493560.0000,3
2025-11-21,20251121093500000,sz.002732,17.7500,18.1900,17.7500,18.1700,441100,7969615.0000,3
2025-11-21,20251121094000000,sz.002732,18.1600,18.1600,17.9400,17.9900,200500,3618616.0000,3
2025-11-21,20251121094500000,sz.002732,17.9900,18.0900,17.9600,18.0200,122100,2199792.0000,3
2025-11-21,20251121095000000,sz.002732,18.0000,18.0700,17.8900,17.9400,139200,2504828.0000,3
2025-11-21,20251121095500000,sz.002732,17.9400,17.9600,17.8400,17.8500,46300,829227.0000,3
2025-11-21,20251121100000000,sz.002732,17.8500,17.8800,17.7600,17.7600,86600,1542220.0000,3
2025-11-21,20251121100500000,sz.002732,17.7600,17.8000,17.7000,17.7400,135900,2409862.0000,3
2025-11-21,20251121101000000,sz.002732,17.7400,17.8100,17.6900,17.6900,184700,3276692.0000,3
2025-11-21,20251121101500000,sz.002732,17.6800,17.6900,17.5800,17.5900,98500,1735184.0000,3
2025-11-21,20251121102000000,sz.002732,17.5900,17.6000,17.5500,17.5700,184900,3248204.0000,3
2025-11-21,20251121102500000,sz.002732,17.5600,17.5800,17.5200,17.5400,55200,968128.0000,3
2025-11-21,20251121103000000,sz.002732,17.5400,17.5700,17.5000,17.5000,49000,858828.0000,3
2025-11-21,20251121103500000,sz.002732,17.5000,17.5400,17.4400,17.5200,56500,987704.0000,3
2025-11-21,20251121104000000,sz.002732,17.5300,17.5300,17.4200,17.4400,67700,1183438.0000,3
2025-11-21,20251121104500000,sz.002732,17.4200,17.4400,17.3700,17.3700,50800,884390.0000,3
2025-11-21,20251121105000000,sz.002732,17.3700,17.3800,17.2600,17.3600,167000,2889792.0000,3
2025-11-21,20251121105500000,sz.002732,17.3600,17.3700,17.3000,17.3200,55000,953560.0000,3
2025-11-21,20251121110000000,sz.002732,17.3200,17.4500,17.3200,17.4100,30200,524208.0000,3
2025-11-21,20251121110500000,sz.002732,17.4500,17.5000,17.4300,17.4500,56800,992500.0000,3
2025-11-21,20251121111000000,sz.002732,17.4400,17.5000,17.3600,17.4800,142900,2488884.0000,3
2025-11-21,20251121111500000,sz.002732,17.4400,17.4900,17.3600,17.3900,54300,945040.0000,3
2025-11-21,20251121112000000,sz.002732,17.4000,17.5400,17.3600,17.5200,78200,1364312.0000,3
2025-11-21,20251121112500000,sz.002732,17.5300,17.5700,17.5000,17.5700,56200,985144.0000,3
2025-11-21,20251121113000000,sz.002732,17.5600,17.6600,17.5600,17.5900,45400,799400.0000,3
2025-11-21,20251121130500000,sz.002732,17.6000,17.7300,17.5900,17.7300,54100,954984.0000,3
2025-11-21,20251121131000000,sz.002732,17.7000,17.7000,17.6100,17.6100,32600,575584.0000,3
2025-11-21,20251121131500000,sz.002732,17.6100,17.7000,17.5800,17.6500,34100,601716.0000,3
2025-11-21,20251121132000000,sz.002732,17.6400,17.6500,17.5800,17.5800,14300,251816.0000,3
2025-11-21,20251121132500000,sz.002732,17.5700,17.6100,17.5300,17.5900,18700,328756.0000,3
2025-11-21,20251121133000000,sz.002732,17.5800,17.6100,17.5300,17.5300,25400,446360.0000,3
2025-11-21,20251121133500000,sz.002732,17.5500,17.6100,17.5500,17.5900,12500,219784.0000,3
2025-11-21,20251121134000000,sz.002732,17.5900,17.5900,17.5200,17.5200,18400,323120.0000,3
2025-11-21,20251121134500000,sz.002732,17.5300,17.5300,17.4600,17.4900,72500,1268312.0000,3
2025-11-21,20251121135000000,sz.002732,17.5000,17.5000,17.4700,17.4900,31500,550848.0000,3
2025-11-21,20251121135500000,sz.002732,17.4800,17.5000,17.4700,17.4900,15700,274508.0000,3
2025-11-21,20251121140000000,sz.002732,17.4800,17.5000,17.4800,17.4900,8900,155644.0000,3
2025-11-21,20251121140500000,sz.002732,17.4800,17.5000,17.4500,17.4700,59400,1037704.0000,3
2025-11-21,20251121141000000,sz.002732,17.4600,17.4600,17.4100,17.4200,24800,432504.0000,3
2025-11-21,20251121141500000,sz.002732,17.4100,17.4200,17.3800,17.4100,47200,821220.0000,3
2025-11-21,20251121142000000,sz.002732,17.4200,17.4700,17.3800,17.4300,27200,473968.0000,3
2025-11-21,20251121142500000,sz.002732,17.4500,17.5300,17.4400,17.4700,48800,853008.0000,3
2025-11-21,20251121143000000,sz.002732,17.4700,17.4700,17.4100,17.4400,15600,271940.0000,3
2025-11-21,20251121143500000,sz.002732,17.4200,17.4700,17.3700,17.3800,60900,1060276.0000,3
2025-11-21,20251121144000000,sz.002732,17.4300,17.4500,17.3900,17.4100,43800,762716.0000,3
2025-11-21,20251121144500000,sz.002732,17.4300,17.4700,17.3600,17.3600,51700,899740.0000,3
2025-11-21,20251121145000000,sz.002732,17.3900,17.4300,17.3500,17.4100,103100,1792452.0000,3
2025-11-21,20251121145500000,sz.002732,17.4000,17.4500,17.3600,17.3600,80800,1406844.0000,3
2025-11-21,20251121150000000,sz.002732,17.3600,17.4100,17.3400,17.3800,106900,1858044.0000,3
2025-11-24,20251124093500000,sz.002732,18.1600,18.7000,17.8000,17.9600,1884200,34330608.0000,3
2025-11-24,20251124094000000,sz.002732,17.9700,17.9800,17.7500,17.8000,220000,3928656.0000,3
2025-11-24,20251124094500000,sz.002732,17.8200,17.9100,17.7000,17.9000,266200,4736764.0000,3
2025-11-24,20251124095000000,sz.002732,17.8900,17.8900,17.7300,17.7500,83300,1481912.0000,3
2025-11-24,20251124095500000,sz.002732,17.7500,17.7500,17.6200,17.6400,186900,3305096.0000,3
2025-11-24,20251124100000000,sz.002732,17.6700,17.6900,17.6100,17.6300,124400,2194392.0000,3
2025-11-24,20251124100500000,sz.002732,17.6300,17.7100,17.6200,17.6300,109200,1928392.0000,3
2025-11-24,20251124101000000,sz.002732,17.6300,17.6900,17.5800,17.6300,65900,1162628.0000,3
2025-11-24,20251124101500000,sz.002732,17.5900,17.6400,17.5800,17.6000,36700,646236.0000,3
2025-11-24,20251124102000000,sz.002732,17.6100,17.6300,17.5900,17.5900,59200,1042572.0000,3
2025-11-24,20251124102500000,sz.002732,17.6000,17.6500,17.5500,17.5700,76900,1353020.0000,3
2025-11-24,20251124103000000,sz.002732,17.5700,17.6600,17.5600,17.6600,96500,1699256.0000,3
2025-11-24,20251124103500000,sz.002732,17.6600,17.6600,17.5600,17.5800,37000,650972.0000,3
2025-11-24,20251124104000000,sz.002732,17.5700,17.5800,17.5300,17.5500,41800,733708.0000,3
2025-11-24,20251124104500000,sz.002732,17.5500,17.5800,17.5300,17.5600,54300,953536.0000,3
2025-11-24,20251124105000000,sz.002732,17.5400,17.5800,17.5300,17.5700,38400,674140.0000,3
2025-11-24,20251124105500000,sz.002732,17.5700,17.5800,17.5100,17.5200,30100,528268.0000,3
2025-11-24,20251124110000000,sz.002732,17.5200,17.5500,17.5100,17.5500,23100,404996.0000,3
2025-11-24,20251124110500000,sz.002732,17.5300,17.5500,17.4800,17.4900,41900,733776.0000,3
2025-11-24,20251124111000000,sz.002732,17.4900,17.5700,17.4900,17.5600,85600,1501452.0000,3
2025-11-24,20251124111500000,sz.002732,17.5600,17.5800,17.5300,17.5500,26600,467036.0000,3
2025-11-24,20251124112000000,sz.002732,17.5400,17.5700,17.5400,17.5700,26300,461632.0000,3
2025-11-24,20251124112500000,sz.002732,17.5700,17.5700,17.5400,17.5600,6700,117628.0000,3
2025-11-24,20251124113000000,sz.002732,17.5600,17.5900,17.5400,17.5600,25200,442392.0000,3
2025-11-24,20251124130500000,sz.002732,17.5500,17.5600,17.4800,17.5000,68200,1194060.0000,3
2025-11-24,20251124131000000,sz.002732,17.5000,17.5500,17.4900,17.5400,38900,681352.0000,3
2025-11-24,20251124131500000,sz.002732,17.5400,17.5800,17.5300,17.5600,49800,874320.0000,3
2025-11-24,20251124132000000,sz.002732,17.5700,17.5800,17.5600,17.5700,9600,168688.0000,3
2025-11-24,20251124132500000,sz.002732,17.5700,17.5800,17.5200,17.5800,28800,505776.0000,3
2025-11-24,20251124133000000,sz.002732,17.5800,17.6500,17.5700,17.6500,43400,764224.0000,3
2025-11-24,20251124133500000,sz.002732,17.6500,17.7200,17.6300,17.7100,98100,1735088.0000,3
2025-11-24,20251124134000000,sz.002732,17.7200,17.7500,17.6500,17.6900,108000,1911440.0000,3
2025-11-24,20251124134500000,sz.002732,17.7000,17.7200,17.6600,17.6900,47300,836424.0000,3
2025-11-24,20251124135000000,sz.002732,17.7100,17.7200,17.6900,17.7000,35200,623240.0000,3
2025-11-24,20251124135500000,sz.002732,17.7200,17.7300,17.6900,17.7000,41800,740528.0000,3
2025-11-24,20251124140000000,sz.002732,17.7100,17.7200,17.6500,17.6900,48000,849072.0000,3
2025-11-24,20251124140500000,sz.002732,17.6900,17.7500,17.6800,17.7500,52200,924584.0000,3
2025-11-24,20251124141000000,sz.002732,17.7500,17.7800,17.7200,17.7500,55500,985304.0000,3
2025-11-24,20251124141500000,sz.002732,17.7700,17.7700,17.7100,17.7300,58000,1029240.0000,3
2025-11-24,20251124142000000,sz.002732,17.7300,17.7500,17.6900,17.7400,43700,774720.0000,3
2025-11-24,20251124142500000,sz.002732,17.7300,17.7500,17.7200,17.7500,28100,498432.0000,3
2025-11-24,20251124143000000,sz.002732,17.7400,17.7500,17.7200,17.7500,30000,532168.0000,3
2025-11-24,20251124143500000,sz.002732,17.7500,17.7600,17.7300,17.7600,50600,897848.0000,3
2025-11-24,20251124144000000,sz.002732,17.7600,17.7700,17.6900,17.7400,74300,1318240.0000,3
2025-11-24,20251124144500000,sz.002732,17.7500,17.7600,17.6900,17.7000,52400,929080.0000,3
2025-11-24,20251124145000000,sz.002732,17.7000,17.7200,17.6900,17.7000,53600,948952.0000,3
2025-11-24,20251124145500000,sz.002732,17.7000,17.7100,17.6700,17.6900,61000,1079208.0000,3
2025-11-24,20251124150000000,sz.002732,17.6900,17.7300,17.6800,17.6900,54000,955608.0000,3
2025-11-25,20251125093500000,sz.002732,18.0000,18.0000,17.6000,17.7100,476400,8476082.0000,3
2025-11-25,20251125094000000,sz.002732,17.7300,17.7400,17.6300,17.6300,96800,1710587.0000,3
2025-11-25,20251125094500000,sz.002732,17.6200,17.6700,17.6100,17.6600,88200,1555611.0000,3
2025-11-25,20251125095000000,sz.002732,17.6600,17.7200,17.6100,17.6600,79100,1397144.0000,3
2025-11-25,20251125095500000,sz.002732,17.6600,17.6600,17.6000,17.6600,66500,1172615.0000,3
2025-11-25,20251125100000000,sz.002732,17.6500,17.6700,17.6200,17.6700,152400,2687645.0000,3
2025-11-25,20251125100500000,sz.002732,17.6700,17.7100,17.6500,17.7000,36700,649138.0000,3
2025-11-25,20251125101000000,sz.002732,17.7100,17.7400,17.6700,17.7000,70200,1242598.0000,3
2025-11-25,20251125101500000,sz.002732,17.6900,17.7700,17.6900,17.7600,40000,709612.0000,3
2025-11-25,20251125102000000,sz.002732,17.7600,17.8200,17.7600,17.8000,42500,755862.0000,3
2025-11-25,20251125102500000,sz.002732,17.7800,17.8000,17.7500,17.7700,57400,1020142.0000,3
2025-11-25,20251125103000000,sz.002732,17.7700,17.8100,17.7700,17.8100,42300,752186.0000,3
2025-11-25,20251125103500000,sz.002732,17.8000,17.8000,17.7700,17.7800,98900,1758458.0000,3
2025-11-25,20251125104000000,sz.002732,17.7800,17.8000,17.7700,17.7800,61900,1101012.0000,3
2025-11-25,20251125104500000,sz.002732,17.7800,17.8400,17.7800,17.8000,78200,1392704.0000,3
2025-11-25,20251125105000000,sz.002732,17.8000,17.8100,17.7700,17.7800,92800,1650560.0000,3
2025-11-25,20251125105500000,sz.002732,17.7700,17.9200,17.7700,17.8200,104400,1862240.0000,3
2025-11-25,20251125110000000,sz.002732,17.8100,17.8300,17.7500,17.7600,57900,1028616.0000,3
2025-11-25,20251125110500000,sz.002732,17.8000,17.8000,17.7300,17.7800,34400,610788.0000,3
2025-11-25,20251125111000000,sz.002732,17.7600,17.8000,17.7500,17.7800,22900,406896.0000,3
2025-11-25,20251125111500000,sz.002732,17.7800,17.8200,17.7800,17.8200,29100,518004.0000,3
2025-11-25,20251125112000000,sz.002732,17.8200,17.8200,17.7900,17.7900,79900,1422704.0000,3
2025-11-25,20251125112500000,sz.002732,17.7900,17.8300,17.7900,17.8300,62700,1116700.0000,3
2025-11-25,20251125113000000,sz.002732,17.8000,17.8400,17.7900,17.8000,43700,778348.0000,3
2025-11-25,20251125130500000,sz.002732,17.7900,17.7900,17.7400,17.7400,65300,1160144.0000,3
2025-11-25,20251125131000000,sz.002732,17.7500,17.8000,17.7300,17.7300,59400,1054356.0000,3
2025-11-25,20251125131500000,sz.002732,17.7300,17.7900,17.7300,17.7800,32500,577456.0000,3
2025-11-25,20251125132000000,sz.002732,17.7800,17.7900,17.7600,17.7700,31300,556440.0000,3
2025-11-25,20251125132500000,sz.002732,17.7600,17.8200,17.7600,17.8000,47900,852552.0000,3
2025-11-25,20251125133000000,sz.002732,17.7900,17.8200,17.7900,17.8000,30900,550324.0000,3
2025-11-25,20251125133500000,sz.002732,17.7900,17.8400,17.7800,17.8200,34700,617696.0000,3
2025-11-25,20251125134000000,sz.002732,17.8200,17.8800,17.8200,17.8500,37600,671320.0000,3
2025-11-25,20251125134500000,sz.002732,17.8500,17.8800,17.8400,17.8400,47600,850308.0000,3
2025-11-25,20251125135000000,sz.002732,17.8600,17.8600,17.8400,17.8500,22800,407108.0000,3
2025-11-25,20251125135500000,sz.002732,17.8300,17.8400,17.8000,17.8200,48900,871108.0000,3
2025-11-25,20251125140000000,sz.002732,17.8200,17.8300,17.8000,17.8300,49900,888840.0000,3
2025-11-25,20251125140500000,sz.002732,17.8200,17.8200,17.8000,17.8100,39300,699920.0000,3
2025-11-25,20251125141000000,sz.002732,17.8100,17.8300,17.8000,17.8200,56000,997480.0000,3
2025-11-25,20251125141500000,sz.002732,17.8200,17.8400,17.8000,17.8100,71500,1273804.0000,3
2025-11-25,20251125142000000,sz.002732,17.8000,17.8100,17.7500,17.7600,34400,611496.0000,3
2025-11-25,20251125142500000,sz.002732,17.7600,17.7800,17.7300,17.7700,94400,1676184.0000,3
2025-11-25,20251125143000000,sz.002732,17.7800,17.7800,17.7500,17.7700,17700,314420.0000,3
2025-11-25,20251125143500000,sz.002732,17.7500,17.7800,17.7500,17.7600,58600,1040640.0000,3
2025-11-25,20251125144000000,sz.002732,17.7700,17.7700,17.7500,17.7600,62600,1111656.0000,3
2025-11-25,20251125144500000,sz.002732,17.7500,17.7700,17.7500,17.7600,43400,770644.0000,3
2025-11-25,20251125145000000,sz.002732,17.7600,17.7700,17.7300,17.7600,48300,857488.0000,3
2025-11-25,20251125145500000,sz.002732,17.7500,17.7600,17.7200,17.7300,84100,1491764.0000,3
2025-11-25,20251125150000000,sz.002732,17.7200,17.7900,17.6900,17.7900,114500,2032200.0000,3
2025-11-26,20251126093500000,sz.002732,17.8300,17.9000,17.7300,17.8900,253200,4515424.0000,3
2025-11-26,20251126094000000,sz.002732,17.8800,18.0300,17.8800,17.9800,126200,2265946.0000,3
2025-11-26,20251126094500000,sz.002732,17.9700,17.9700,17.9000,17.9000,48200,864237.0000,3
2025-11-26,20251126095000000,sz.002732,17.8800,17.8900,17.8500,17.8800,34800,621746.0000,3
2025-11-26,20251126095500000,sz.002732,17.8700,17.8900,17.8500,17.8700,68200,1218423.0000,3
2025-11-26,20251126100000000,sz.002732,17.8700,17.8800,17.7600,17.7900,99600,1774147.0000,3
2025-11-26,20251126100500000,sz.002732,17.7900,17.8800,17.7900,17.8500,39700,708221.0000,3
2025-11-26,20251126101000000,sz.002732,17.8600,17.8800,17.8100,17.8400,38400,685461.0000,3
2025-11-26,20251126101500000,sz.002732,17.8300,17.9700,17.8100,17.8900,59500,1064763.0000,3
2025-11-26,20251126102000000,sz.002732,17.9000,17.9300,17.8000,17.8000,57600,1028076.0000,3
2025-11-26,20251126102500000,sz.002732,17.8100,17.8200,17.7600,17.7800,43600,775393.0000,3
2025-11-26,20251126103000000,sz.002732,17.7700,17.7700,17.7400,17.7700,34300,609065.0000,3
2025-11-26,20251126103500000,sz.002732,17.7600,17.8100,17.7000,17.8100,60600,1075692.0000,3
2025-11-26,20251126104000000,sz.002732,17.8000,17.8200,17.7600,17.7600,25200,448334.0000,3
2025-11-26,20251126104500000,sz.002732,17.7100,17.7400,17.6300,17.6400,90000,1590824.0000,3
2025-11-26,20251126105000000,sz.002732,17.6500,17.6700,17.6100,17.6300,56500,996544.0000,3
2025-11-26,20251126105500000,sz.002732,17.6200,17.6900,17.6100,17.6900,24200,426772.0000,3
2025-11-26,20251126110000000,sz.002732,17.6800,17.6800,17.6300,17.6400,20500,361876.0000,3
2025-11-26,20251126110500000,sz.002732,17.6400,17.6400,17.6100,17.6300,23900,421124.0000,3
2025-11-26,20251126111000000,sz.002732,17.6200,17.6400,17.6100,17.6300,25000,440660.0000,3
2025-11-26,20251126111500000,sz.002732,17.6100,17.6500,17.6100,17.6400,17900,315482.0000,3
2025-11-26,20251126112000000,sz.002732,17.6500,17.6600,17.6400,17.6600,23100,407602.0000,3
2025-11-26,20251126112500000,sz.002732,17.6600,17.7300,17.6600,17.7200,26300,465328.0000,3
2025-11-26,20251126113000000,sz.002732,17.7000,17.7500,17.6700,17.7500,37300,660194.0000,3
2025-11-26,20251126130500000,sz.002732,17.7300,17.7400,17.6800,17.6800,57800,1023460.0000,3
2025-11-26,20251126131000000,sz.002732,17.6800,17.8500,17.6700,17.8300,106200,1888898.0000,3
2025-11-26,20251126131500000,sz.002732,17.8300,17.8500,17.7900,17.8300,41400,737508.0000,3
2025-11-26,20251126132000000,sz.002732,17.8200,18.0500,17.8200,18.0000,269300,4837164.0000,3
2025-11-26,20251126132500000,sz.002732,17.9800,18.0600,17.9400,17.9900,135400,2438040.0000,3
2025-11-26,20251126133000000,sz.002732,17.9800,18.0500,17.9700,18.0000,105400,1897260.0000,3
2025-11-26,20251126133500000,sz.002732,17.9900,18.0200,17.9500,18.0100,54000,971064.0000,3
2025-11-26,20251126134000000,sz.002732,18.0000,18.0100,17.9600,17.9800,29000,521764.0000,3
2025-11-26,20251126134500000,sz.002732,17.9900,18.0000,17.9500,17.9600,30400,546304.0000,3
2025-11-26,20251126135000000,sz.002732,17.9700,17.9800,17.9400,17.9500,31700,569204.0000,3
2025-11-26,20251126135500000,sz.002732,17.9500,17.9800,17.9400,17.9400,32200,578028.0000,3
2025-11-26,20251126140000000,sz.002732,17.9400,17.9900,17.9300,17.9500,63400,1138544.0000,3
2025-11-26,20251126140500000,sz.002732,17.9600,17.9800,17.9400,17.9400,62100,1114620.0000,3
2025-11-26,20251126141000000,sz.002732,17.9300,17.9500,17.9300,17.9300,26700,478788.0000,3
2025-11-26,20251126141500000,sz.002732,17.9200,17.9300,17.8800,17.8900,94200,1686268.0000,3
2025-11-26,20251126142000000,sz.002732,17.8900,17.8900,17.8400,17.8700,63500,1134232.0000,3
2025-11-26,20251126142500000,sz.002732,17.8500,17.8800,17.8300,17.8400,44400,792456.0000,3
2025-11-26,20251126143000000,sz.002732,17.8300,17.8600,17.8300,17.8600,26800,478400.0000,3
2025-11-26,20251126143500000,sz.002732,17.9000,17.9400,17.8800,17.9100,59200,1059856.0000,3
2025-11-26,20251126144000000,sz.002732,17.9100,17.9400,17.8800,17.9300,45300,811516.0000,3
2025-11-26,20251126144500000,sz.002732,17.9100,17.9200,17.8700,17.8900,57300,1025388.0000,3
2025-11-26,20251126145000000,sz.002732,17.8900,17.9000,17.8700,17.8900,75200,1345052.0000,3
2025-11-26,20251126145500000,sz.002732,17.8900,17.9100,17.8600,17.8900,88600,1584968.0000,3
2025-11-26,20251126150000000,sz.002732,17.9000,17.9400,17.8700,17.8700,115100,2058644.0000,3
2025-11-27,20251127093500000,sz.002732,17.9200,17.9500,17.7800,17.8700,236200,4224842.0000,3
2025-11-27,20251127094000000,sz.002732,17.8700,17.8700,17.7300,17.7300,105000,1867915.0000,3
2025-11-27,20251127094500000,sz.002732,17.7300,17.8800,17.7000,17.8300,84600,1502577.0000,3
2025-11-27,20251127095000000,sz.002732,17.8400,17.8500,17.7800,17.7900,49400,879819.0000,3
2025-11-27,20251127095500000,sz.002732,17.8000,17.8200,17.7800,17.8100,53100,945374.0000,3
2025-11-27,20251127100000000,sz.002732,17.8100,17.8600,17.7600,17.7900,72900,1296469.0000,3
2025-11-27,20251127100500000,sz.002732,17.8000,17.8200,17.7600,17.8000,66200,1176602.0000,3
2025-11-27,20251127101000000,sz.002732,17.8000,17.8200,17.7800,17.8200,24900,443038.0000,3
2025-11-27,20251127101500000,sz.002732,17.8200,17.8700,17.8000,17.8700,39800,709950.0000,3
2025-11-27,20251127102000000,sz.002732,17.8700,17.9700,17.8700,17.9600,103900,1862541.0000,3
2025-11-27,20251127102500000,sz.002732,17.9700,18.0300,17.9600,17.9900,243600,4384561.0000,3
2025-11-27,20251127103000000,sz.002732,18.0000,18.0000,17.9700,17.9900,21100,379596.0000,3
2025-11-27,20251127103500000,sz.002732,17.9800,17.9800,17.9500,17.9700,17900,321582.0000,3
2025-11-27,20251127104000000,sz.002732,17.9700,18.0100,17.9700,18.0000,60500,1088694.0000,3
2025-11-27,20251127104500000,sz.002732,18.0100,18.0400,18.0100,18.0100,48800,879460.0000,3
2025-11-27,20251127105000000,sz.002732,18.0200,18.0500,18.0000,18.0400,55700,1003616.0000,3
2025-11-27,20251127105500000,sz.002732,18.0400,18.1600,18.0300,18.1600,98800,1789366.0000,3
2025-11-27,20251127110000000,sz.002732,18.1600,18.1600,18.0900,18.1000,52100,944054.0000,3
2025-11-27,20251127110500000,sz.002732,18.1000,18.1000,18.0700,18.0800,39200,709104.0000,3
2025-11-27,20251127111000000,sz.002732,18.0700,18.0700,18.0300,18.0300,18200,328696.0000,3
2025-11-27,20251127111500000,sz.002732,18.0200,18.0300,17.9800,17.9800,56700,1020472.0000,3
2025-11-27,20251127112000000,sz.002732,17.9800,18.0200,17.9800,18.0100,45200,813452.0000,3
2025-11-27,20251127112500000,sz.002732,18.0100,18.0100,17.9600,17.9700,36800,661882.0000,3
2025-11-27,20251127113000000,sz.002732,17.9700,18.0200,17.9700,18.0100,33400,601210.0000,3
2025-11-27,20251127130500000,sz.002732,18.0600,18.2500,18.0100,18.2500,379400,6880976.0000,3
2025-11-27,20251127131000000,sz.002732,18.2700,18.3000,18.1300,18.1300,314600,5742356.0000,3
2025-11-27,20251127131500000,sz.002732,18.1600,18.3600,18.1600,18.2800,173800,3176680.0000,3
2025-11-27,20251127132000000,sz.002732,18.2700,18.3600,18.2300,18.2700,175100,3204008.0000,3
2025-11-27,20251127132500000,sz.002732,18.2600,18.3500,18.2500,18.3100,86400,1580600.0000,3
2025-11-27,20251127133000000,sz.002732,18.3100,18.3100,18.2300,18.2700,45500,831352.0000,3
2025-11-27,20251127133500000,sz.002732,18.2600,18.2800,18.2300,18.2700,34500,630032.0000,3
2025-11-27,20251127134000000,sz.002732,18.2700,18.4000,18.2600,18.3200,165200,3030144.0000,3
2025-11-27,20251127134500000,sz.002732,18.3000,18.3400,18.2300,18.2800,57700,1056460.0000,3
2025-11-27,20251127135000000,sz.002732,18.2800,18.2900,18.2500,18.2700,26500,484196.0000,3
2025-11-27,20251127135500000,sz.002732,18.2700,18.2800,18.2500,18.2500,26100,476752.0000,3
2025-11-27,20251127140000000,sz.002732,18.2400,18.2500,18.2100,18.2400,53100,968428.0000,3
2025-11-27,20251127140500000,sz.002732,18.2400,18.2800,18.2300,18.2600,68700,1254300.0000,3
2025-11-27,20251127141000000,sz.002732,18.2700,18.2700,18.2300,18.2400,74000,1349884.0000,3
2025-11-27,20251127141500000,sz.002732,18.2400,18.2500,18.2000,18.2000,50400,917992.0000,3
2025-11-27,20251127142000000,sz.002732,18.2100,18.2200,18.1900,18.1900,39700,722600.0000,3
2025-11-27,20251127142500000,sz.002732,18.2000,18.2100,18.1900,18.2100,35400,644336.0000,3
2025-11-27,20251127143000000,sz.002732,18.2100,18.2300,18.2000,18.2200,44900,817872.0000,3
2025-11-27,20251127143500000,sz.002732,18.2200,18.2300,18.1500,18.1500,130400,2370768.0000,3
2025-11-27,20251127144000000,sz.002732,18.1600,18.1700,18.1400,18.1500,85400,1551024.0000,3
2025-11-27,20251127144500000,sz.002732,18.1500,18.1700,18.1400,18.1500,76600,1390664.0000,3
2025-11-27,20251127145000000,sz.002732,18.1600,18.1900,18.1400,18.1600,147200,2674824.0000,3
2025-11-27,20251127145500000,sz.002732,18.1800,18.1800,18.1300,18.1300,139600,2535224.0000,3
2025-11-27,20251127150000000,sz.002732,18.1200,18.2100,18.1100,18.2100,117700,2140928.0000,3
2025-11-28,20251128093500000,sz.002732,18.1000,18.3100,17.9300,18.0200,272400,4908706.0000,3
2025-11-28,20251128094000000,sz.002732,18.0000,18.0500,17.9800,18.0300,70500,1270135.0000,3
2025-11-28,20251128094500000,sz.002732,18.0400,18.2100,18.0200,18.2000,108500,1969404.0000,3
2025-11-28,20251128095000000,sz.002732,18.2000,18.2000,18.0400,18.1000,60800,1101533.0000,3
2025-11-28,20251128095500000,sz.002732,18.1000,18.1500,18.0800,18.1500,51200,927193.0000,3
2025-11-28,20251128100000000,sz.002732,18.1100,18.1900,17.9800,17.9800,69100,1247425.0000,3
2025-11-28,20251128100500000,sz.002732,17.9800,18.1700,17.9600,18.1600,99900,1799641.0000,3
2025-11-28,20251128101000000,sz.002732,18.1600,18.3000,18.1500,18.2400,148900,2714901.0000,3
2025-11-28,20251128101500000,sz.002732,18.2200,18.2500,18.1900,18.2100,71700,1306514.0000,3
2025-11-28,20251128102000000,sz.002732,18.2000,18.2100,18.1600,18.1600,73800,1342238.0000,3
2025-11-28,20251128102500000,sz.002732,18.1600,18.1900,18.0900,18.1600,76700,1392252.0000,3
2025-11-28,20251128103000000,sz.002732,18.1700,18.2800,18.1400,18.2600,89200,1625222.0000,3
2025-11-28,20251128103500000,sz.002732,18.2700,18.2800,18.2300,18.2500,54700,998676.0000,3
2025-11-28,20251128104000000,sz.002732,18.2400,18.2600,18.2000,18.2500,40800,744428.0000,3
2025-11-28,20251128104500000,sz.002732,18.2400,18.2600,18.2200,18.2200,33500,611022.0000,3
2025-11-28,20251128105000000,sz.002732,18.2300,18.5000,18.2000,18.4300,242600,4455534.0000,3
2025-11-28,20251128105500000,sz.002732,18.4600,18.4600,18.3500,18.3700,75700,1392232.0000,3
2025-11-28,20251128110000000,sz.002732,18.3700,18.3900,18.3200,18.3300,79000,1449752.0000,3
2025-11-28,20251128110500000,sz.002732,18.3300,20.0300,18.3200,20.0200,9888800,195888680.0000,3
2025-11-28,20251128111000000,sz.002732,20.0300,20.0300,20.0300,20.0300,1313400,26307200.0000,3
2025-11-28,20251128111500000,sz.002732,20.0300,20.0300,20.0300,20.0300,565400,11324960.0000,3
2025-11-28,20251128112000000,sz.002732,20.0300,20.0300,20.0300,20.0300,568200,11381040.0000,3
2025-11-28,20251128112500000,sz.002732,20.0300,20.0300,20.0300,20.0300,197100,3947904.0000,3
2025-11-28,20251128113000000,sz.002732,20.0300,20.0300,20.0300,20.0300,71200,1426144.0000,3
2025-11-28,20251128130500000,sz.002732,20.0300,20.0300,20.0300,20.0300,850900,17042976.0000,3
2025-11-28,20251128131000000,sz.002732,20.0300,20.0300,20.0300,20.0300,51100,1023552.0000,3
2025-11-28,20251128131500000,sz.002732,20.0300,20.0300,20.0300,20.0300,70700,1416128.0000,3
2025-11-28,20251128132000000,sz.002732,20.0300,20.0300,20.0300,20.0300,78500,1572352.0000,3
2025-11-28,20251128132500000,sz.002732,20.0300,20.0300,20.0300,20.0300,100800,2019008.0000,3
2025-11-28,20251128133000000,sz.002732,20.0300,20.0300,20.0300,20.0300,39600,793184.0000,3
2025-11-28,20251128133500000,sz.002732,20.0300,20.0300,20.0300,20.0300,72800,1458208.0000,3
2025-11-28,20251128134000000,sz.002732,20.0300,20.0300,20.0300,20.0300,33100,662976.0000,3
2025-11-28,20251128134500000,sz.002732,20.0300,20.0300,20.0300,20.0300,115600,2315456.0000,3
2025-11-28,20251128135000000,sz.002732,20.0300,20.0300,20.0300,20.0300,79000,1582368.0000,3
2025-11-28,20251128135500000,sz.002732,20.0300,20.0300,20.0300,20.0300,39800,797216.0000,3
2025-11-28,20251128140000000,sz.002732,20.0300,20.0300,20.0300,20.0300,31100,622912.0000,3
2025-11-28,20251128140500000,sz.002732,20.0300,20.0300,20.0300,20.0300,68100,1364064.0000,3
2025-11-28,20251128141000000,sz.002732,20.0300,20.0300,20.0300,20.0300,43600,873312.0000,3
2025-11-28,20251128141500000,sz.002732,20.0300,20.0300,20.0300,20.0300,27300,546816.0000,3
2025-11-28,20251128142000000,sz.002732,20.0300,20.0300,20.0300,20.0300,15400,308448.0000,3
2025-11-28,20251128142500000,sz.002732,20.0300,20.0300,20.0300,20.0300,24200,484736.0000,3
2025-11-28,20251128143000000,sz.002732,20.0300,20.0300,20.0300,20.0300,2900,58080.0000,3
2025-11-28,20251128143500000,sz.002732,20.0300,20.0300,20.0300,20.0300,100800,2019040.0000,3
2025-11-28,20251128144000000,sz.002732,20.0300,20.0300,20.0300,20.0300,20300,406592.0000,3
2025-11-28,20251128144500000,sz.002732,20.0300,20.0300,20.0300,20.0300,5400,108160.0000,3
2025-11-28,20251128145000000,sz.002732,20.0300,20.0300,20.0300,20.0300,18800,376576.0000,3
2025-11-28,20251128145500000,sz.002732,20.0300,20.0300,20.0300,20.0300,105600,2115168.0000,3
2025-11-28,20251128150000000,sz.002732,20.0300,20.0300,20.0300,20.0300,18500,370560.0000,3
2025-12-01,20251201093500000,sz.002732,19.7100,19.7100,18.9200,19.2400,5077100,98049720.0000,3
2025-12-01,20251201094000000,sz.002732,19.2400,19.3300,18.9800,19.1300,2797400,53377480.0000,3
2025-12-01,20251201094500000,sz.002732,19.1400,19.3300,18.9100,19.0400,1646700,31434784.0000,3
2025-12-01,20251201095000000,sz.002732,19.0100,19.1200,18.9800,19.0900,833500,15876672.0000,3
2025-12-01,20251201095500000,sz.002732,19.0900,19.1200,18.9900,19.0100,874600,16643296.0000,3
2025-12-01,20251201100000000,sz.002732,19.0100,19.1400,19.0100,19.0600,355100,6774992.0000,3
2025-12-01,20251201100500000,sz.002732,19.0600,19.0900,18.9600,19.0300,759000,14436256.0000,3
2025-12-01,20251201101000000,sz.002732,19.0000,19.0400,18.9800,19.0100,415400,7897728.0000,3
2025-12-01,20251201101500000,sz.002732,19.0100,19.1200,19.0100,19.0900,429000,8183360.0000,3
2025-12-01,20251201102000000,sz.002732,19.0800,19.3600,19.0500,19.2000,583400,11193760.0000,3
2025-12-01,20251201102500000,sz.002732,19.1600,19.2700,19.1100,19.2100,482100,9234256.0000,3
2025-12-01,20251201103000000,sz.002732,19.2100,19.2300,19.1400,19.1500,319300,6125632.0000,3
2025-12-01,20251201103500000,sz.002732,19.1500,19.1500,19.0100,19.1000,471400,8988032.0000,3
2025-12-01,20251201104000000,sz.002732,19.1000,19.1000,19.0300,19.0600,239600,4569376.0000,3
2025-12-01,20251201104500000,sz.002732,19.0600,19.1300,19.0300,19.0700,350900,6687232.0000,3
2025-12-01,20251201105000000,sz.002732,19.0700,19.0800,19.0400,19.0500,160500,3058912.0000,3
2025-12-01,20251201105500000,sz.002732,19.0400,19.0900,19.0300,19.0900,265500,5058816.0000,3
2025-12-01,20251201110000000,sz.002732,19.0800,19.0900,19.0400,19.0500,292500,5574784.0000,3
2025-12-01,20251201110500000,sz.002732,19.0500,19.0800,19.0300,19.0500,196500,3742688.0000,3
2025-12-01,20251201111000000,sz.002732,19.0700,19.1100,19.0500,19.0800,194700,3714112.0000,3
2025-12-01,20251201111500000,sz.002732,19.0900,19.1500,19.0800,19.1100,168700,3224480.0000,3
2025-12-01,20251201112000000,sz.002732,19.1100,19.1200,19.0700,19.0800,108700,2075296.0000,3
2025-12-01,20251201112500000,sz.002732,19.0600,19.0900,19.0600,19.0900,134100,2557568.0000,3
2025-12-01,20251201113000000,sz.002732,19.0900,19.1000,19.0800,19.1000,163100,3113408.0000,3
2025-12-01,20251201130500000,sz.002732,19.1200,19.3000,19.1000,19.1500,563000,10798240.0000,3
2025-12-01,20251201131000000,sz.002732,19.1200,19.1500,19.1200,19.1300,159400,3050016.0000,3
2025-12-01,20251201131500000,sz.002732,19.1400,19.1400,19.1000,19.1200,188400,3600736.0000,3
2025-12-01,20251201132000000,sz.002732,19.1200,19.1500,19.1000,19.1100,150200,2872032.0000,3
2025-12-01,20251201132500000,sz.002732,19.1100,19.1500,19.0000,19.0000,618100,11782656.0000,3
2025-12-01,20251201133000000,sz.002732,19.0700,19.1800,19.0000,19.0800,498500,9504064.0000,3
2025-12-01,20251201133500000,sz.002732,19.0800,19.1000,19.0400,19.1000,136800,2609088.0000,3
2025-12-01,20251201134000000,sz.002732,19.1000,19.1000,19.0500,19.1000,138000,2632992.0000,3
2025-12-01,20251201134500000,sz.002732,19.1000,19.1000,19.0500,19.0600,110300,2103712.0000,3
2025-12-01,20251201135000000,sz.002732,19.0600,19.0700,19.0300,19.0400,240900,4589728.0000,3
2025-12-01,20251201135500000,sz.002732,19.0400,19.0400,19.0200,19.0400,152900,2910176.0000,3
2025-12-01,20251201140000000,sz.002732,19.0400,19.0400,18.9300,19.0200,909000,17243744.0000,3
2025-12-01,20251201140500000,sz.002732,19.0200,19.0400,19.0000,19.0200,171900,3268864.0000,3
2025-12-01,20251201141000000,sz.002732,19.0100,19.0400,18.9800,19.0400,289600,5507584.0000,3
2025-12-01,20251201141500000,sz.002732,19.0300,19.0400,19.0200,19.0400,190400,3623840.0000,3
2025-12-01,20251201142000000,sz.002732,19.0400,19.0600,19.0300,19.0500,219900,4188032.0000,3
2025-12-01,20251201142500000,sz.002732,19.0500,19.0600,19.0400,19.0600,145900,2779616.0000,3
2025-12-01,20251201143000000,sz.002732,19.0500,19.1600,19.0500,19.1600,360600,6879072.0000,3
2025-12-01,20251201143500000,sz.002732,19.1600,19.2800,19.1200,19.2500,465100,8920448.0000,3
2025-12-01,20251201144000000,sz.002732,19.2500,19.2500,19.0000,19.0600,1008100,19233760.0000,3
2025-12-01,20251201144500000,sz.002732,19.0600,19.0900,19.0100,19.0500,451900,8612064.0000,3
2025-12-01,20251201145000000,sz.002732,19.0500,19.1200,19.0500,19.0700,571000,10896192.0000,3
2025-12-01,20251201145500000,sz.002732,19.0700,19.1100,19.0500,19.1000,839700,16018368.0000,3
2025-12-01,20251201150000000,sz.002732,19.1000,19.1900,19.1000,19.1900,999700,19162272.0000,3
2025-12-02,20251202093500000,sz.002732,18.8200,19.0300,18.8200,18.8600,2368800,44769424.0000,3
2025-12-02,20251202094000000,sz.002732,18.8600,18.9400,18.8200,18.8200,935400,17650024.0000,3
2025-12-02,20251202094500000,sz.002732,18.8000,18.8700,18.6400,18.6500,1343400,25173552.0000,3
2025-12-02,20251202095000000,sz.002732,18.6400,18.7900,18.6400,18.7200,595300,11139424.0000,3
2025-12-02,20251202095500000,sz.002732,18.7300,18.9500,18.7300,18.9200,575700,10865568.0000,3
2025-12-02,20251202100000000,sz.002732,18.9100,18.9900,18.9100,18.9400,596700,11302264.0000,3
2025-12-02,20251202100500000,sz.002732,18.9400,18.9800,18.8800,18.9600,394400,7464616.0000,3
2025-12-02,20251202101000000,sz.002732,18.9600,19.0000,18.9300,18.9600,286100,5428000.0000,3
2025-12-02,20251202101500000,sz.002732,18.9700,18.9700,18.8600,18.8800,226300,4278328.0000,3
2025-12-02,20251202102000000,sz.002732,18.8800,18.9000,18.7800,18.7800,303300,5715072.0000,3
2025-12-02,20251202102500000,sz.002732,18.7900,18.8100,18.7300,18.7900,258100,4846496.0000,3
2025-12-02,20251202103000000,sz.002732,18.8000,18.9000,18.7900,18.9000,197800,3726896.0000,3
2025-12-02,20251202103500000,sz.002732,18.8800,18.9000,18.7900,18.8100,153300,2889232.0000,3
2025-12-02,20251202104000000,sz.002732,18.8000,18.8400,18.7900,18.8100,159600,3001168.0000,3
2025-12-02,20251202104500000,sz.002732,18.8100,18.8500,18.8000,18.8400,163700,3081088.0000,3
2025-12-02,20251202105000000,sz.002732,18.8300,18.8500,18.8200,18.8400,127100,2394480.0000,3
2025-12-02,20251202105500000,sz.002732,18.8200,18.8200,18.7900,18.8200,132900,2499808.0000,3
2025-12-02,20251202110000000,sz.002732,18.8100,18.8500,18.8000,18.8000,145500,2735920.0000,3
2025-12-02,20251202110500000,sz.002732,18.7900,18.8000,18.7700,18.7800,108500,2037808.0000,3
2025-12-02,20251202111000000,sz.002732,18.7800,18.8200,18.7500,18.8000,144400,2711744.0000,3
2025-12-02,20251202111500000,sz.002732,18.7900,18.8300,18.7800,18.8000,73100,1374480.0000,3
2025-12-02,20251202112000000,sz.002732,18.8000,18.8500,18.8000,18.8100,115000,2164944.0000,3
2025-12-02,20251202112500000,sz.002732,18.8000,18.8200,18.8000,18.8000,79100,1487568.0000,3
2025-12-02,20251202113000000,sz.002732,18.8100,18.8100,18.7900,18.8000,112300,2111280.0000,3
2025-12-02,20251202130500000,sz.002732,18.8000,18.9800,18.8000,18.9300,315600,5967040.0000,3
2025-12-02,20251202131000000,sz.002732,18.9300,18.9300,18.8200,18.8400,138700,2616784.0000,3
2025-12-02,20251202131500000,sz.002732,18.8500,18.8700,18.8200,18.8400,142900,2692144.0000,3
2025-12-02,20251202132000000,sz.002732,18.8500,18.8700,18.8200,18.8300,139300,2624992.0000,3
2025-12-02,20251202132500000,sz.002732,18.8300,18.8400,18.7800,18.7800,248400,4670864.0000,3
2025-12-02,20251202133000000,sz.002732,18.7800,18.8000,18.7600,18.8000,325500,6110960.0000,3
2025-12-02,20251202133500000,sz.002732,18.7900,18.8400,18.7800,18.8200,111900,2104960.0000,3
2025-12-02,20251202134000000,sz.002732,18.8200,18.8300,18.8000,18.8000,114700,2158096.0000,3
2025-12-02,20251202134500000,sz.002732,18.8000,18.8000,18.7600,18.7800,267500,5023632.0000,3
2025-12-02,20251202135000000,sz.002732,18.7800,18.8100,18.7800,18.8100,98600,1853392.0000,3
2025-12-02,20251202135500000,sz.002732,18.8100,18.8100,18.7600,18.7900,195000,3663056.0000,3
2025-12-02,20251202140000000,sz.002732,18.7800,18.8100,18.7700,18.7900,99400,1867184.0000,3
2025-12-02,20251202140500000,sz.002732,18.7900,18.8000,18.7700,18.7800,156700,2943024.0000,3
2025-12-02,20251202141000000,sz.002732,18.7700,18.7800,18.7200,18.7300,331100,6207232.0000,3
2025-12-02,20251202141500000,sz.002732,18.7200,18.7500,18.7200,18.7200,206200,3862432.0000,3
2025-12-02,20251202142000000,sz.002732,18.7200,18.7600,18.7200,18.7300,180000,3372896.0000,3
2025-12-02,20251202142500000,sz.002732,18.7400,18.7600,18.7300,18.7400,168300,3153232.0000,3
2025-12-02,20251202143000000,sz.002732,18.7400,18.7500,18.7300,18.7400,161500,3026688.0000,3
2025-12-02,20251202143500000,sz.002732,18.7400,18.7500,18.7100,18.7200,355800,6662608.0000,3
2025-12-02,20251202144000000,sz.002732,18.7000,18.7200,18.6700,18.7100,480700,8986560.0000,3
2025-12-02,20251202144500000,sz.002732,18.6900,18.7300,18.6900,18.6900,329800,6168752.0000,3
2025-12-02,20251202145000000,sz.002732,18.6900,18.7400,18.6900,18.7200,517500,9683088.0000,3
2025-12-02,20251202145500000,sz.002732,18.7200,18.7400,18.7100,18.7100,509500,9539264.0000,3
2025-12-02,20251202150000000,sz.002732,18.7200,18.7700,18.6900,18.7700,772300,14464672.0000,3
2025-12-03,20251203093500000,sz.002732,18.9000,18.9100,18.5400,18.6700,1217700,22809002.0000,3
2025-12-03,20251203094000000,sz.002732,18.6600,18.7600,18.6100,18.6800,366800,6849978.0000,3
2025-12-03,20251203094500000,sz.002732,18.7500,18.7500,18.6300,18.6300,284400,5310164.0000,3
2025-12-03,20251203095000000,sz.002732,18.6200,18.6200,18.5400,18.5400,491700,9135320.0000,3
2025-12-03,20251203095500000,sz.002732,18.5400,18.5600,18.4300,18.5000,432600,8004096.0000,3
2025-12-03,20251203100000000,sz.002732,18.4900,18.6400,18.4600,18.5300,332700,6158252.0000,3
2025-12-03,20251203100500000,sz.002732,18.5300,18.5400,18.5000,18.5200,144200,2670464.0000,3
2025-12-03,20251203101000000,sz.002732,18.5200,18.5200,18.3900,18.4200,578900,10675044.0000,3
2025-12-03,20251203101500000,sz.002732,18.4200,18.4300,18.3900,18.3900,415500,7646208.0000,3
2025-12-03,20251203102000000,sz.002732,18.4000,18.4500,18.3900,18.4300,233900,4307304.0000,3
2025-12-03,20251203102500000,sz.002732,18.4400,18.4600,18.4100,18.4100,222100,4092088.0000,3
2025-12-03,20251203103000000,sz.002732,18.4100,18.4400,18.3900,18.4400,198400,3651752.0000,3
2025-12-03,20251203103500000,sz.002732,18.4400,18.4500,18.4100,18.4300,101500,1871320.0000,3
2025-12-03,20251203104000000,sz.002732,18.4300,18.4300,18.3700,18.4000,242700,4463664.0000,3
2025-12-03,20251203104500000,sz.002732,18.3800,18.4900,18.3800,18.4900,162300,2990784.0000,3
2025-12-03,20251203105000000,sz.002732,18.4800,18.4900,18.4600,18.4800,101500,1875120.0000,3
2025-12-03,20251203105500000,sz.002732,18.4900,18.5300,18.4700,18.4700,167500,3098080.0000,3
2025-12-03,20251203110000000,sz.002732,18.4700,18.4900,18.4400,18.4400,48600,897144.0000,3
2025-12-03,20251203110500000,sz.002732,18.4400,18.4500,18.4300,18.4500,76300,1406984.0000,3
2025-12-03,20251203111000000,sz.002732,18.4500,18.4900,18.4200,18.4600,92700,1711120.0000,3
2025-12-03,20251203111500000,sz.002732,18.4600,18.4900,18.4500,18.4500,79700,1472368.0000,3
2025-12-03,20251203112000000,sz.002732,18.4500,18.4900,18.4400,18.4800,71300,1316512.0000,3
2025-12-03,20251203112500000,sz.002732,18.4900,18.5200,18.4500,18.5000,136500,2522944.0000,3
2025-12-03,20251203113000000,sz.002732,18.5000,18.5100,18.4800,18.4900,59600,1102256.0000,3
2025-12-03,20251203130500000,sz.002732,18.4700,18.4700,18.4000,18.4300,172600,3181808.0000,3
2025-12-03,20251203131000000,sz.002732,18.4200,18.5000,18.4200,18.4900,119200,2200664.0000,3
2025-12-03,20251203131500000,sz.002732,18.4900,18.5000,18.4600,18.4600,34900,644768.0000,3
2025-12-03,20251203132000000,sz.002732,18.4600,18.4600,18.4300,18.4400,62300,1149304.0000,3
2025-12-03,20251203132500000,sz.002732,18.4400,18.4500,18.4300,18.4300,38500,709904.0000,3
2025-12-03,20251203133000000,sz.002732,18.4300,18.4900,18.4300,18.4800,80700,1490656.0000,3
2025-12-03,20251203133500000,sz.002732,18.4900,18.5000,18.4700,18.4700,58900,1088704.0000,3
2025-12-03,20251203134000000,sz.002732,18.4700,18.4900,18.4500,18.4500,45200,834904.0000,3
2025-12-03,20251203134500000,sz.002732,18.4500,18.4600,18.4200,18.4300,124600,2296696.0000,3
2025-12-03,20251203135000000,sz.002732,18.4400,18.4400,18.4100,18.4100,109200,2011776.0000,3
2025-12-03,20251203135500000,sz.002732,18.4100,18.4200,18.3900,18.4000,146300,2692448.0000,3
2025-12-03,20251203140000000,sz.002732,18.3900,18.4200,18.3900,18.4000,81400,1498112.0000,3
2025-12-03,20251203140500000,sz.002732,18.4000,18.4000,18.3700,18.3800,172400,3169920.0000,3
2025-12-03,20251203141000000,sz.002732,18.3800,18.3900,18.3300,18.3700,245900,4513952.0000,3
2025-12-03,20251203141500000,sz.002732,18.3900,18.4000,18.3500,18.3600,101500,1865040.0000,3
2025-12-03,20251203142000000,sz.002732,18.3600,18.3700,18.3200,18.3300,188500,3457200.0000,3
2025-12-03,20251203142500000,sz.002732,18.3400,18.4300,18.3400,18.4200,187300,3443824.0000,3
2025-12-03,20251203143000000,sz.002732,18.4000,18.4200,18.3700,18.3900,87700,1613984.0000,3
2025-12-03,20251203143500000,sz.002732,18.4000,18.4700,18.3900,18.4700,186100,3428592.0000,3
2025-12-03,20251203144000000,sz.002732,18.4800,18.5000,18.4600,18.4700,242200,4476752.0000,3
2025-12-03,20251203144500000,sz.002732,18.4800,18.4800,18.4300,18.4700,215300,3974592.0000,3
2025-12-03,20251203145000000,sz.002732,18.4700,18.4900,18.4600,18.4800,251200,4640816.0000,3
2025-12-03,20251203145500000,sz.002732,18.4800,18.5500,18.4700,18.5200,382500,7080640.0000,3
2025-12-03,20251203150000000,sz.002732,18.5200,18.5400,18.4900,18.5400,736200,13639648.0000,3
2025-12-04,20251204093500000,sz.002732,18.3200,18.4800,18.1900,18.1900,862100,15775917.0000,3
2025-12-04,20251204094000000,sz.002732,18.1800,18.1800,18.0200,18.0700,1002300,18122635.0000,3
2025-12-04,20251204094500000,sz.002732,18.0600,18.0700,17.8000,17.8100,1389100,24893796.0000,3
2025-12-04,20251204095000000,sz.002732,17.8200,17.8900,17.6900,17.8300,841000,14954980.0000,3
2025-12-04,20251204095500000,sz.002732,17.8300,17.8600,17.7600,17.7700,574400,10236584.0000,3
2025-12-04,20251204100000000,sz.002732,17.7600,17.8500,17.7500,17.8400,325900,5800888.0000,3
2025-12-04,20251204100500000,sz.002732,17.8300,17.8900,17.8000,17.8000,296000,5285712.0000,3
2025-12-04,20251204101000000,sz.002732,17.8000,17.8400,17.7800,17.8400,199200,3545864.0000,3
2025-12-04,20251204101500000,sz.002732,17.8400,17.8600,17.7400,17.7800,317400,5647640.0000,3
2025-12-04,20251204102000000,sz.002732,17.7800,17.7800,17.6900,17.7000,269300,4774656.0000,3
2025-12-04,20251204102500000,sz.002732,17.7000,17.7700,17.6800,17.7700,181800,3221160.0000,3
2025-12-04,20251204103000000,sz.002732,17.7800,17.8200,17.7600,17.7700,204400,3635024.0000,3
2025-12-04,20251204103500000,sz.002732,17.7800,17.8100,17.7300,17.7500,180100,3200264.0000,3
2025-12-04,20251204104000000,sz.002732,17.7400,17.8000,17.7400,17.7900,123400,2192328.0000,3
2025-12-04,20251204104500000,sz.002732,17.7800,17.7900,17.7500,17.7600,153600,2728944.0000,3
2025-12-04,20251204105000000,sz.002732,17.7600,17.7700,17.7500,17.7600,90800,1612536.0000,3
2025-12-04,20251204105500000,sz.002732,17.7600,17.8500,17.7600,17.8400,139000,2476520.0000,3
2025-12-04,20251204110000000,sz.002732,17.8400,17.8700,17.8300,17.8400,198200,3538216.0000,3
2025-12-04,20251204110500000,sz.002732,17.8400,17.8500,17.7800,17.7800,86500,1540616.0000,3
2025-12-04,20251204111000000,sz.002732,17.7700,17.8000,17.7600,17.7900,102900,1829096.0000,3
2025-12-04,20251204111500000,sz.002732,17.7900,17.8000,17.7700,17.8000,72500,1289200.0000,3
2025-12-04,20251204112000000,sz.002732,17.8000,17.8200,17.7600,17.7800,90800,1614752.0000,3
2025-12-04,20251204112500000,sz.002732,17.7800,17.7800,17.7300,17.7400,97700,1734400.0000,3
2025-12-04,20251204113000000,sz.002732,17.7500,17.7600,17.7400,17.7500,51800,919456.0000,3
2025-12-04,20251204130500000,sz.002732,17.7300,17.7400,17.6900,17.7000,296700,5256400.0000,3
2025-12-04,20251204131000000,sz.002732,17.7000,17.7000,17.6400,17.6500,217600,3844976.0000,3
2025-12-04,20251204131500000,sz.002732,17.6700,17.7100,17.6600,17.7100,74300,1313792.0000,3
2025-12-04,20251204132000000,sz.002732,17.7000,17.7100,17.6900,17.7000,66100,1170000.0000,3
2025-12-04,20251204132500000,sz.002732,17.7000,17.7100,17.6900,17.7100,45100,798336.0000,3
2025-12-04,20251204133000000,sz.002732,17.7100,17.7200,17.6900,17.7000,79400,1405840.0000,3
2025-12-04,20251204133500000,sz.002732,17.7000,17.7000,17.6700,17.6800,88900,1572112.0000,3
2025-12-04,20251204134000000,sz.002732,17.6800,17.6900,17.6700,17.6700,66500,1175536.0000,3
2025-12-04,20251204134500000,sz.002732,17.6700,17.6900,17.6600,17.6800,76000,1343056.0000,3
2025-12-04,20251204135000000,sz.002732,17.6800,17.6800,17.5800,17.6000,301500,5312528.0000,3
2025-12-04,20251204135500000,sz.002732,17.6000,17.6100,17.5700,17.5700,182400,3207376.0000,3
2025-12-04,20251204140000000,sz.002732,17.5700,17.5700,17.4900,17.5500,369000,6467040.0000,3
2025-12-04,20251204140500000,sz.002732,17.5500,17.6100,17.5100,17.5900,136500,2398368.0000,3
2025-12-04,20251204141000000,sz.002732,17.5800,17.6200,17.5700,17.6000,51900,912624.0000,3
2025-12-04,20251204141500000,sz.002732,17.6100,17.6400,17.6100,17.6300,89300,1573520.0000,3
2025-12-04,20251204142000000,sz.002732,17.6300,17.6300,17.5700,17.5700,122300,2152288.0000,3
2025-12-04,20251204142500000,sz.002732,17.5700,17.5700,17.5300,17.5300,146200,2566752.0000,3
2025-12-04,20251204143000000,sz.002732,17.5300,17.5700,17.5200,17.5700,99500,1746240.0000,3
2025-12-04,20251204143500000,sz.002732,17.5700,17.6300,17.5700,17.6200,136100,2396544.0000,3
2025-12-04,20251204144000000,sz.002732,17.6100,17.6600,17.6100,17.6300,145600,2567392.0000,3
2025-12-04,20251204144500000,sz.002732,17.6200,17.6300,17.5900,17.6100,241300,4248944.0000,3
2025-12-04,20251204145000000,sz.002732,17.6200,17.6200,17.5900,17.6000,165700,2916928.0000,3
2025-12-04,20251204145500000,sz.002732,17.5900,17.6000,17.5900,17.6000,331800,5838064.0000,3
2025-12-04,20251204150000000,sz.002732,17.5900,17.6200,17.5900,17.6000,476200,8381936.0000,3
2025-12-05,20251205093500000,sz.002732,17.4900,17.4900,17.1800,17.3700,979700,16989116.0000,3
2025-12-05,20251205094000000,sz.002732,17.3700,17.4100,17.3100,17.3100,393100,6819264.0000,3
2025-12-05,20251205094500000,sz.002732,17.3000,17.3800,17.2600,17.3800,317100,5490764.0000,3
2025-12-05,20251205095000000,sz.002732,17.3700,17.4500,17.3200,17.3300,357800,6219516.0000,3
2025-12-05,20251205095500000,sz.002732,17.3200,17.3800,17.3200,17.3700,204200,3541760.0000,3
2025-12-05,20251205100000000,sz.002732,17.3700,17.4800,17.3400,17.4700,143800,2502724.0000,3
2025-12-05,20251205100500000,sz.002732,17.4800,17.5100,17.4600,17.4800,129800,2268808.0000,3
2025-12-05,20251205101000000,sz.002732,17.4700,17.5600,17.4700,17.5100,149400,2615196.0000,3
2025-12-05,20251205101500000,sz.002732,17.5100,17.6600,17.5100,17.5400,131700,2313348.0000,3
2025-12-05,20251205102000000,sz.002732,17.5600,17.5900,17.5300,17.5900,160400,2818328.0000,3
2025-12-05,20251205102500000,sz.002732,17.5600,17.6000,17.5200,17.6000,92700,1625892.0000,3
2025-12-05,20251205103000000,sz.002732,17.6000,17.6400,17.5600,17.6400,115000,2025368.0000,3
2025-12-05,20251205103500000,sz.002732,17.6400,17.6900,17.6200,17.6800,166400,2935888.0000,3
2025-12-05,20251205104000000,sz.002732,17.6800,17.6900,17.6300,17.6500,135700,2397792.0000,3
2025-12-05,20251205104500000,sz.002732,17.6600,17.6900,17.6100,17.6100,103300,1825032.0000,3
2025-12-05,20251205105000000,sz.002732,17.6000,17.6600,17.6000,17.6500,107600,1896524.0000,3
2025-12-05,20251205105500000,sz.002732,17.6500,17.6700,17.6300,17.6300,49200,868544.0000,3
2025-12-05,20251205110000000,sz.002732,17.6300,17.6500,17.6100,17.6400,53400,941536.0000,3
2025-12-05,20251205110500000,sz.002732,17.6400,17.7300,17.6400,17.7100,154500,2732472.0000,3
2025-12-05,20251205111000000,sz.002732,17.7100,17.7400,17.7000,17.7200,121200,2147344.0000,3
2025-12-05,20251205111500000,sz.002732,17.7100,17.7400,17.7100,17.7200,96600,1712272.0000,3
2025-12-05,20251205112000000,sz.002732,17.7200,17.7500,17.7200,17.7200,79000,1400960.0000,3
2025-12-05,20251205112500000,sz.002732,17.7200,17.7400,17.7000,17.7400,95700,1695600.0000,3
2025-12-05,20251205113000000,sz.002732,17.7400,17.7800,17.6900,17.7600,187000,3317352.0000,3
2025-12-05,20251205130500000,sz.002732,17.7700,17.7900,17.7100,17.7300,135500,2407080.0000,3
2025-12-05,20251205131000000,sz.002732,17.7200,17.7300,17.6400,17.6400,90900,1607656.0000,3
2025-12-05,20251205131500000,sz.002732,17.6400,17.6600,17.6000,17.6300,97800,1724456.0000,3
2025-12-05,20251205132000000,sz.002732,17.6300,17.6900,17.6200,17.6700,67500,1191248.0000,3
2025-12-05,20251205132500000,sz.002732,17.6700,17.6800,17.6200,17.6300,62200,1097504.0000,3
2025-12-05,20251205133000000,sz.002732,17.6400,17.6800,17.6400,17.6800,28000,494288.0000,3
2025-12-05,20251205133500000,sz.002732,17.6700,17.6900,17.6600,17.6800,71300,1259928.0000,3
2025-12-05,20251205134000000,sz.002732,17.6900,17.7200,17.6600,17.7200,61900,1094952.0000,3
2025-12-05,20251205134500000,sz.002732,17.7100,17.7100,17.6700,17.6900,49500,875392.0000,3
2025-12-05,20251205135000000,sz.002732,17.6900,17.7000,17.6500,17.7000,74700,1320896.0000,3
2025-12-05,20251205135500000,sz.002732,17.7000,17.7300,17.6900,17.7300,59700,1056648.0000,3
2025-12-05,20251205140000000,sz.002732,17.7300,17.7400,17.7000,17.7300,64300,1139088.0000,3
2025-12-05,20251205140500000,sz.002732,17.7400,17.7500,17.7300,17.7300,92100,1633440.0000,3
2025-12-05,20251205141000000,sz.002732,17.7300,17.8000,17.7200,17.7800,235700,4186496.0000,3
2025-12-05,20251205141500000,sz.002732,17.7800,17.7900,17.7400,17.7400,148500,2637912.0000,3
2025-12-05,20251205142000000,sz.002732,17.7400,17.7800,17.7400,17.7700,165500,2938032.0000,3
2025-12-05,20251205142500000,sz.002732,17.7700,17.7800,17.7500,17.7600,49900,886296.0000,3
2025-12-05,20251205143000000,sz.002732,17.7600,17.7600,17.7400,17.7400,105800,1877352.0000,3
2025-12-05,20251205143500000,sz.002732,17.7500,17.7600,17.7100,17.7400,192500,3414312.0000,3
2025-12-05,20251205144000000,sz.002732,17.7300,17.7700,17.7300,17.7400,113200,2008760.0000,3
2025-12-05,20251205144500000,sz.002732,17.7300,17.7600,17.7300,17.7500,165800,2942112.0000,3
2025-12-05,20251205145000000,sz.002732,17.7500,17.7800,17.7400,17.7800,278200,4942392.0000,3
2025-12-05,20251205145500000,sz.002732,17.7900,17.8100,17.7800,17.8000,371800,6616320.0000,3
2025-12-05,20251205150000000,sz.002732,17.8000,17.8000,17.7500,17.7600,273500,4859256.0000,3
2025-12-08,20251208093500000,sz.002732,17.7600,17.8000,17.6400,17.7800,654200,11585921.0000,3
2025-12-08,20251208094000000,sz.002732,17.7800,17.8000,17.6900,17.7300,203500,3612648.0000,3
2025-12-08,20251208094500000,sz.002732,17.7400,17.7900,17.7100,17.7700,171300,3040459.0000,3
2025-12-08,20251208095000000,sz.002732,17.7700,17.7700,17.7100,17.7300,142400,2526164.0000,3
2025-12-08,20251208095500000,sz.002732,17.7400,17.7800,17.7100,17.7100,124500,2210674.0000,3
2025-12-08,20251208100000000,sz.002732,17.7100,17.7300,17.6300,17.6300,232300,4103684.0000,3
2025-12-08,20251208100500000,sz.002732,17.6500,17.6800,17.6400,17.6400,106300,1877536.0000,3
2025-12-08,20251208101000000,sz.002732,17.6400,17.6400,17.5900,17.6000,200700,3535478.0000,3
2025-12-08,20251208101500000,sz.002732,17.6000,17.6400,17.5800,17.6400,241400,4246556.0000,3
2025-12-08,20251208102000000,sz.002732,17.6500,17.6500,17.6200,17.6400,66000,1163976.0000,3
2025-12-08,20251208102500000,sz.002732,17.6300,17.6500,17.6300,17.6500,103900,1832928.0000,3
2025-12-08,20251208103000000,sz.002732,17.6500,17.6700,17.6000,17.6700,160200,2822912.0000,3
2025-12-08,20251208103500000,sz.002732,17.6700,17.7000,17.6500,17.6600,80700,1426984.0000,3
2025-12-08,20251208104000000,sz.002732,17.6600,17.6800,17.6500,17.6500,68900,1216632.0000,3
2025-12-08,20251208104500000,sz.002732,17.6600,17.6800,17.6500,17.6800,40400,713684.0000,3
2025-12-08,20251208105000000,sz.002732,17.6800,17.7000,17.6800,17.7000,58600,1036548.0000,3
2025-12-08,20251208105500000,sz.002732,17.7000,17.7300,17.7000,17.7200,35200,623496.0000,3
2025-12-08,20251208110000000,sz.002732,17.7100,17.7400,17.6900,17.7300,85800,1519188.0000,3
2025-12-08,20251208110500000,sz.002732,17.7300,17.7400,17.7100,17.7300,35600,631020.0000,3
2025-12-08,20251208111000000,sz.002732,17.7200,17.7600,17.7100,17.7600,92200,1634928.0000,3
2025-12-08,20251208111500000,sz.002732,17.7600,17.7600,17.7300,17.7400,26300,466576.0000,3
2025-12-08,20251208112000000,sz.002732,17.7300,17.7500,17.7300,17.7500,51100,906600.0000,3
2025-12-08,20251208112500000,sz.002732,17.7500,17.7600,17.7400,17.7400,41600,738304.0000,3
2025-12-08,20251208113000000,sz.002732,17.7300,17.7500,17.7300,17.7500,20700,367140.0000,3
2025-12-08,20251208130500000,sz.002732,17.7500,17.7700,17.7300,17.7600,96200,1707928.0000,3
2025-12-08,20251208131000000,sz.002732,17.7500,17.7900,17.7200,17.7900,151200,2685172.0000,3
2025-12-08,20251208131500000,sz.002732,17.7800,17.8100,17.7800,17.8100,130300,2319088.0000,3
2025-12-08,20251208132000000,sz.002732,17.8100,17.9600,17.7800,17.9400,376300,6733544.0000,3
2025-12-08,20251208132500000,sz.002732,17.9500,17.9500,17.8400,17.8400,202700,3628784.0000,3
2025-12-08,20251208133000000,sz.002732,17.8300,17.8500,17.8200,17.8500,64000,1141192.0000,3
2025-12-08,20251208133500000,sz.002732,17.8500,17.8500,17.8000,17.8300,46200,823200.0000,3
2025-12-08,20251208134000000,sz.002732,17.8200,17.8700,17.8200,17.8700,66700,1190120.0000,3
2025-12-08,20251208134500000,sz.002732,17.8700,17.8700,17.8300,17.8500,50300,897984.0000,3
2025-12-08,20251208135000000,sz.002732,17.8500,17.8500,17.8000,17.8000,39800,709208.0000,3
2025-12-08,20251208135500000,sz.002732,17.8000,17.9100,17.8000,17.8600,130400,2327216.0000,3
2025-12-08,20251208140000000,sz.002732,17.8600,17.8900,17.8000,17.8100,103200,1840560.0000,3
2025-12-08,20251208140500000,sz.002732,17.8200,17.8200,17.7500,17.7600,116500,2070576.0000,3
2025-12-08,20251208141000000,sz.002732,17.7700,17.7800,17.7400,17.7500,125500,2228752.0000,3
2025-12-08,20251208141500000,sz.002732,17.7400,17.7500,17.7200,17.7200,115100,2040592.0000,3
2025-12-08,20251208142000000,sz.002732,17.7200,17.7200,17.6600,17.6900,226400,4005776.0000,3
2025-12-08,20251208142500000,sz.002732,17.6800,17.7100,17.6800,17.7000,81200,1436760.0000,3
2025-12-08,20251208143000000,sz.002732,17.7000,17.7000,17.6800,17.6900,79900,1413280.0000,3
2025-12-08,20251208143500000,sz.002732,17.6800,17.6900,17.6800,17.6900,72400,1280536.0000,3
2025-12-08,20251208144000000,sz.002732,17.7000,17.7200,17.6900,17.7100,102300,1810856.0000,3
2025-12-08,20251208144500000,sz.002732,17.7200,17.7400,17.7100,17.7300,73400,1301128.0000,3
2025-12-08,20251208145000000,sz.002732,17.7300,17.7700,17.7200,17.7400,142400,2527576.0000,3
2025-12-08,20251208145500000,sz.002732,17.7400,17.8100,17.7300,17.7800,243300,4322664.0000,3
2025-12-08,20251208150000000,sz.002732,17.7800,17.7800,17.7500,17.7700,252600,4488240.0000,3
2025-12-09,20251209093500000,sz.002732,17.7300,17.7300,17.6100,17.7100,335300,5927444.0000,3
2025-12-09,20251209094000000,sz.002732,17.7100,17.7600,17.6900,17.7100,130800,2316668.0000,3
2025-12-09,20251209094500000,sz.002732,17.7000,17.7400,17.6600,17.6800,191400,3383476.0000,3
2025-12-09,20251209095000000,sz.002732,17.6800,17.7700,17.6600,17.7600,162400,2875718.0000,3
2025-12-09,20251209095500000,sz.002732,17.7500,17.7600,17.6700,17.6800,94400,1672509.0000,3
2025-12-09,20251209100000000,sz.002732,17.6700,17.6800,17.6100,17.6200,168500,2972281.0000,3
2025-12-09,20251209100500000,sz.002732,17.6200,17.6300,17.5700,17.6300,174800,3075100.0000,3
2025-12-09,20251209101000000,sz.002732,17.6300,17.6400,17.5800,17.5800,384600,6766404.0000,3
2025-12-09,20251209101500000,sz.002732,17.5800,17.5800,17.5200,17.5700,220800,3873698.0000,3
2025-12-09,20251209102000000,sz.002732,17.5700,17.5900,17.5600,17.5900,100900,1772286.0000,3
2025-12-09,20251209102500000,sz.002732,17.5800,17.7300,17.5700,17.7300,110800,1955200.0000,3
2025-12-09,20251209103000000,sz.002732,17.7300,17.8200,17.7100,17.8200,326600,5803496.0000,3
2025-12-09,20251209103500000,sz.002732,17.8200,17.9100,17.8100,17.8300,333100,5945524.0000,3
2025-12-09,20251209104000000,sz.002732,17.8300,17.8900,17.8200,17.8300,231300,4130160.0000,3
2025-12-09,20251209104500000,sz.002732,17.8300,17.8400,17.7700,17.7700,83700,1490316.0000,3
2025-12-09,20251209105000000,sz.002732,17.7700,17.8000,17.7400,17.7900,58900,1046652.0000,3
2025-12-09,20251209105500000,sz.002732,17.7900,17.8400,17.7900,17.8300,69500,1237380.0000,3
2025-12-09,20251209110000000,sz.002732,17.8400,17.8500,17.7900,17.8000,70900,1263988.0000,3
2025-12-09,20251209110500000,sz.002732,17.8100,17.8100,17.7700,17.7700,38600,686732.0000,3
2025-12-09,20251209111000000,sz.002732,17.7700,17.8000,17.7400,17.8000,62000,1100864.0000,3
2025-12-09,20251209111500000,sz.002732,17.7900,17.7900,17.7200,17.7200,118900,2111320.0000,3
2025-12-09,20251209112000000,sz.002732,17.7200,17.7300,17.6900,17.7200,56300,996920.0000,3
2025-12-09,20251209112500000,sz.002732,17.7200,17.7200,17.6900,17.6900,34100,603720.0000,3
2025-12-09,20251209113000000,sz.002732,17.7000,17.7000,17.6600,17.7000,22300,394248.0000,3
2025-12-09,20251209130500000,sz.002732,17.6900,17.7600,17.6800,17.7600,75400,1334500.0000,3
2025-12-09,20251209131000000,sz.002732,17.7300,17.8000,17.7200,17.7800,65100,1156940.0000,3
2025-12-09,20251209131500000,sz.002732,17.7900,17.8500,17.7800,17.8500,230000,4099920.0000,3
2025-12-09,20251209132000000,sz.002732,17.8500,17.8500,17.8000,17.8100,70400,1254976.0000,3
2025-12-09,20251209132500000,sz.002732,17.8000,17.8000,17.7800,17.7900,31400,558640.0000,3
2025-12-09,20251209133000000,sz.002732,17.7900,17.7900,17.7600,17.7700,39700,705648.0000,3
2025-12-09,20251209133500000,sz.002732,17.7600,17.7800,17.7300,17.7800,54700,971336.0000,3
2025-12-09,20251209134000000,sz.002732,17.7800,17.7800,17.7500,17.7600,30400,539936.0000,3
2025-12-09,20251209134500000,sz.002732,17.7600,17.7900,17.7500,17.7800,36400,646776.0000,3
2025-12-09,20251209135000000,sz.002732,17.8000,17.8000,17.7600,17.7600,41600,739968.0000,3
2025-12-09,20251209135500000,sz.002732,17.7500,17.7600,17.7300,17.7500,92600,1643248.0000,3
2025-12-09,20251209140000000,sz.002732,17.7500,17.7600,17.7200,17.7500,76500,1357400.0000,3
2025-12-09,20251209140500000,sz.002732,17.7400,17.7500,17.7200,17.7400,55700,988040.0000,3
2025-12-09,20251209141000000,sz.002732,17.7500,17.8000,17.7500,17.7800,101600,1806784.0000,3
2025-12-09,20251209141500000,sz.002732,17.7800,17.7900,17.7600,17.7700,48100,855136.0000,3
2025-12-09,20251209142000000,sz.002732,17.7700,17.7700,17.7200,17.7400,97400,1728448.0000,3
2025-12-09,20251209142500000,sz.002732,17.7400,17.7700,17.7300,17.7600,80600,1430568.0000,3
2025-12-09,20251209143000000,sz.002732,17.7600,17.7900,17.7600,17.7800,36700,652280.0000,3
2025-12-09,20251209143500000,sz.002732,17.7600,17.7700,17.7400,17.7500,37000,656704.0000,3
2025-12-09,20251209144000000,sz.002732,17.7400,17.7600,17.7200,17.7200,119500,2119568.0000,3
2025-12-09,20251209144500000,sz.002732,17.7200,17.7300,17.6700,17.6800,183000,3238608.0000,3
2025-12-09,20251209145000000,sz.002732,17.6800,17.6800,17.6500,17.6600,120600,2130184.0000,3
2025-12-09,20251209145500000,sz.002732,17.6600,17.7000,17.6500,17.6900,168100,2970208.0000,3
2025-12-09,20251209150000000,sz.002732,17.6900,17.7300,17.6900,17.7000,164600,2913600.0000,3
2025-12-10,20251210093500000,sz.002732,17.6800,17.8600,17.6500,17.8600,359900,6383575.0000,3
2025-12-10,20251210094000000,sz.002732,17.8100,17.8600,17.6600,17.7200,351300,6240358.0000,3
2025-12-10,20251210094500000,sz.002732,17.7100,17.7900,17.6800,17.6800,152400,2700728.0000,3
2025-12-10,20251210095000000,sz.002732,17.6800,17.7600,17.6800,17.7500,167200,2961157.0000,3
2025-12-10,20251210095500000,sz.002732,17.7400,17.7600,17.6300,17.6400,203100,3594792.0000,3
2025-12-10,20251210100000000,sz.002732,17.6400,17.6800,17.6200,17.6500,105100,1855066.0000,3
2025-12-10,20251210100500000,sz.002732,17.6500,17.7500,17.6500,17.6500,75700,1340236.0000,3
2025-12-10,20251210101000000,sz.002732,17.6400,17.6900,17.6300,17.6900,76900,1357416.0000,3
2025-12-10,20251210101500000,sz.002732,17.6900,17.7100,17.6600,17.7000,62600,1106632.0000,3
2025-12-10,20251210102000000,sz.002732,17.6900,17.7100,17.6900,17.7000,75700,1340150.0000,3
2025-12-10,20251210102500000,sz.002732,17.6900,17.6900,17.6200,17.6200,101500,1791198.0000,3
2025-12-10,20251210103000000,sz.002732,17.6200,17.6200,17.5100,17.5100,207400,3641968.0000,3
2025-12-10,20251210103500000,sz.002732,17.5100,17.5800,17.5100,17.5500,108000,1894548.0000,3
2025-12-10,20251210104000000,sz.002732,17.5500,17.5600,17.4900,17.5100,248200,4345776.0000,3
2025-12-10,20251210104500000,sz.002732,17.5100,17.5200,17.4500,17.4600,205100,3586456.0000,3
2025-12-10,20251210105000000,sz.002732,17.4500,17.5000,17.4500,17.5000,82300,1438268.0000,3
2025-12-10,20251210105500000,sz.002732,17.4900,17.5100,17.4900,17.5100,60800,1063876.0000,3
2025-12-10,20251210110000000,sz.002732,17.5100,17.5200,17.4800,17.4900,54800,959124.0000,3
2025-12-10,20251210110500000,sz.002732,17.4800,17.4900,17.4600,17.4700,59700,1043076.0000,3
2025-12-10,20251210111000000,sz.002732,17.4700,17.4700,17.4200,17.4300,139700,2436780.0000,3
2025-12-10,20251210111500000,sz.002732,17.4300,17.4400,17.3900,17.3900,123300,2146360.0000,3
2025-12-10,20251210112000000,sz.002732,17.3900,17.4400,17.3800,17.4300,102900,1790340.0000,3
2025-12-10,20251210112500000,sz.002732,17.4300,17.4600,17.4300,17.4500,31900,556336.0000,3
2025-12-10,20251210113000000,sz.002732,17.4500,17.4900,17.4500,17.4900,30400,531184.0000,3
2025-12-10,20251210130500000,sz.002732,17.4800,17.4900,17.4600,17.4600,42900,749760.0000,3
2025-12-10,20251210131000000,sz.002732,17.4600,17.4600,17.4400,17.4500,30400,530524.0000,3
2025-12-10,20251210131500000,sz.002732,17.4500,17.4900,17.4500,17.4700,22500,393028.0000,3
2025-12-10,20251210132000000,sz.002732,17.4800,17.5400,17.4800,17.5300,121600,2129988.0000,3
2025-12-10,20251210132500000,sz.002732,17.5200,17.5300,17.4800,17.4800,28100,491904.0000,3
2025-12-10,20251210133000000,sz.002732,17.4900,17.5400,17.4800,17.5300,81000,1418788.0000,3
2025-12-10,20251210133500000,sz.002732,17.5500,17.5600,17.5300,17.5600,49600,870280.0000,3
2025-12-10,20251210134000000,sz.002732,17.5700,17.5700,17.5300,17.5300,28700,503864.0000,3
2025-12-10,20251210134500000,sz.002732,17.5200,17.5400,17.5200,17.5400,16100,282128.0000,3
2025-12-10,20251210135000000,sz.002732,17.5300,17.5700,17.5200,17.5300,49500,868540.0000,3
2025-12-10,20251210135500000,sz.002732,17.5300,17.5300,17.4700,17.4900,82400,1441868.0000,3
2025-12-10,20251210140000000,sz.002732,17.4900,17.5000,17.4900,17.5000,14300,250160.0000,3
2025-12-10,20251210140500000,sz.002732,17.4900,17.5200,17.4900,17.5200,48700,852256.0000,3
2025-12-10,20251210141000000,sz.002732,17.5100,17.5300,17.5100,17.5200,41100,720208.0000,3
2025-12-10,20251210141500000,sz.002732,17.5300,17.5600,17.5300,17.5600,27400,480800.0000,3
2025-12-10,20251210142000000,sz.002732,17.5500,17.5500,17.5200,17.5300,50000,876880.0000,3
2025-12-10,20251210142500000,sz.002732,17.5300,17.5600,17.5200,17.5500,65800,1154384.0000,3
2025-12-10,20251210143000000,sz.002732,17.5500,17.5600,17.5400,17.5600,33000,579160.0000,3
2025-12-10,20251210143500000,sz.002732,17.5600,17.5800,17.5600,17.5700,90900,1597512.0000,3
2025-12-10,20251210144000000,sz.002732,17.5600,17.5800,17.5500,17.5700,65700,1153936.0000,3
2025-12-10,20251210144500000,sz.002732,17.5600,17.5700,17.5400,17.5600,75400,1323648.0000,3
2025-12-10,20251210145000000,sz.002732,17.5600,17.5600,17.5100,17.5100,97500,1709816.0000,3
2025-12-10,20251210145500000,sz.002732,17.5200,17.5200,17.4900,17.4900,217500,3806864.0000,3
2025-12-10,20251210150000000,sz.002732,17.5000,17.5200,17.5000,17.5200,129600,2270168.0000,3
2025-12-11,20251211093500000,sz.002732,17.5800,17.5800,17.2700,17.2700,483000,8394232.0000,3
2025-12-11,20251211094000000,sz.002732,17.2800,17.3800,17.2800,17.3200,362400,6281203.0000,3
2025-12-11,20251211094500000,sz.002732,17.3200,17.3600,17.2800,17.2800,216600,3751137.0000,3
2025-12-11,20251211095000000,sz.002732,17.2800,17.2800,17.1700,17.1900,505600,8701284.0000,3
2025-12-11,20251211095500000,sz.002732,17.1900,17.2400,17.1900,17.2100,126900,2183876.0000,3
2025-12-11,20251211100000000,sz.002732,17.2000,17.2200,17.1800,17.1800,235100,4042280.0000,3
2025-12-11,20251211100500000,sz.002732,17.1700,17.1700,17.1000,17.1200,345700,5921700.0000,3
2025-12-11,20251211101000000,sz.002732,17.1300,17.2300,17.1100,17.2300,153100,2626064.0000,3
2025-12-11,20251211101500000,sz.002732,17.2200,17.2200,17.1600,17.1700,95200,1636208.0000,3
2025-12-11,20251211102000000,sz.002732,17.1700,17.2300,17.1600,17.2200,68200,1173484.0000,3
2025-12-11,20251211102500000,sz.002732,17.2100,17.2700,17.2000,17.2500,65900,1135964.0000,3
2025-12-11,20251211103000000,sz.002732,17.2600,17.2700,17.2300,17.2300,79400,1369672.0000,3
2025-12-11,20251211103500000,sz.002732,17.2300,17.2500,17.2200,17.2200,46800,806300.0000,3
2025-12-11,20251211104000000,sz.002732,17.2400,17.2500,17.2300,17.2400,55900,963220.0000,3
2025-12-11,20251211104500000,sz.002732,17.2500,17.2600,17.2300,17.2300,45600,786140.0000,3
2025-12-11,20251211105000000,sz.002732,17.2200,17.2400,17.2200,17.2300,51200,882164.0000,3
2025-12-11,20251211105500000,sz.002732,17.2400,17.2400,17.2200,17.2200,41800,720152.0000,3
2025-12-11,20251211110000000,sz.002732,17.2200,17.2200,17.2100,17.2200,35200,606036.0000,3
2025-12-11,20251211110500000,sz.002732,17.2200,17.2200,17.1900,17.2000,53100,912612.0000,3
2025-12-11,20251211111000000,sz.002732,17.2000,17.2100,17.1800,17.1800,33900,583032.0000,3
2025-12-11,20251211111500000,sz.002732,17.1900,17.2200,17.1900,17.2200,42400,729628.0000,3
2025-12-11,20251211112000000,sz.002732,17.2200,17.2200,17.2000,17.2200,18200,313192.0000,3
2025-12-11,20251211112500000,sz.002732,17.2100,17.2200,17.2000,17.2000,23300,400924.0000,3
2025-12-11,20251211113000000,sz.002732,17.2000,17.2100,17.1700,17.1700,173100,2976656.0000,3
2025-12-11,20251211130500000,sz.002732,17.1700,17.1700,17.1500,17.1600,81400,1397152.0000,3
2025-12-11,20251211131000000,sz.002732,17.1600,17.1700,17.1200,17.1400,148800,2549280.0000,3
2025-12-11,20251211131500000,sz.002732,17.1300,17.1400,17.0900,17.1000,147300,2520740.0000,3
2025-12-11,20251211132000000,sz.002732,17.1000,17.1500,17.1000,17.1200,83500,1429632.0000,3
2025-12-11,20251211132500000,sz.002732,17.1400,17.1400,17.1100,17.1200,34400,589056.0000,3
2025-12-11,20251211133000000,sz.002732,17.1200,17.1200,17.0900,17.1100,158700,2713748.0000,3
2025-12-11,20251211133500000,sz.002732,17.1000,17.1200,17.0700,17.1100,86700,1481664.0000,3
2025-12-11,20251211134000000,sz.002732,17.1100,17.1300,17.1100,17.1200,32000,547792.0000,3
2025-12-11,20251211134500000,sz.002732,17.1200,17.1200,17.0800,17.0900,51900,887608.0000,3
2025-12-11,20251211135000000,sz.002732,17.0800,17.1300,17.0800,17.1300,63600,1087664.0000,3
2025-12-11,20251211135500000,sz.002732,17.1200,17.1200,17.0900,17.1000,54200,927040.0000,3
2025-12-11,20251211140000000,sz.002732,17.0900,17.0900,17.0700,17.0700,67700,1156344.0000,3
2025-12-11,20251211140500000,sz.002732,17.0700,17.0900,16.9800,17.0100,403400,6865816.0000,3
2025-12-11,20251211141000000,sz.002732,17.0100,17.0100,16.9600,16.9900,161000,2734528.0000,3
2025-12-11,20251211141500000,sz.002732,16.9900,17.0300,16.9200,16.9500,204500,3469568.0000,3
2025-12-11,20251211142000000,sz.002732,16.9500,16.9500,16.9100,16.9200,167400,2832504.0000,3
2025-12-11,20251211142500000,sz.002732,16.9200,16.9700,16.9200,16.9700,122600,2076752.0000,3
2025-12-11,20251211143000000,sz.002732,16.9600,17.0200,16.9400,17.0100,133500,2265736.0000,3
2025-12-11,20251211143500000,sz.002732,17.0200,17.0600,16.9900,17.0500,120500,2049984.0000,3
2025-12-11,20251211144000000,sz.002732,17.0300,17.0500,17.0000,17.0000,113700,1935816.0000,3
2025-12-11,20251211144500000,sz.002732,17.0100,17.0300,16.9700,16.9900,146500,2489912.0000,3
2025-12-11,20251211145000000,sz.002732,17.0000,17.0000,16.9600,16.9600,154700,2627024.0000,3
2025-12-11,20251211145500000,sz.002732,16.9600,16.9700,16.9300,16.9600,247800,4199688.0000,3
2025-12-11,20251211150000000,sz.002732,16.9500,16.9700,16.9400,16.9700,187700,3183072.0000,3
2025-12-12,20251212093500000,sz.002732,16.9800,17.0400,16.8300,16.8500,227400,3845406.0000,3
2025-12-12,20251212094000000,sz.002732,16.8500,16.9200,16.8300,16.8500,143600,2420973.0000,3
2025-12-12,20251212094500000,sz.002732,16.8300,16.9800,16.8300,16.9800,74000,1251033.0000,3
2025-12-12,20251212095000000,sz.002732,16.9800,17.0000,16.9100,16.9500,114700,1944558.0000,3
2025-12-12,20251212095500000,sz.002732,16.9500,16.9800,16.9200,16.9700,29600,501545.0000,3
2025-12-12,20251212100000000,sz.002732,16.9400,17.0600,16.9400,17.0600,81300,1382595.0000,3
2025-12-12,20251212100500000,sz.002732,17.0500,17.1100,17.0500,17.0700,171700,2932182.0000,3
2025-12-12,20251212101000000,sz.002732,17.0800,17.1300,17.0700,17.1000,91000,1557686.0000,3
2025-12-12,20251212101500000,sz.002732,17.1100,17.1200,17.0500,17.1100,80300,1372114.0000,3
2025-12-12,20251212102000000,sz.002732,17.1100,17.1600,17.1000,17.1600,142500,2441842.0000,3
2025-12-12,20251212102500000,sz.002732,17.1500,17.1600,17.0800,17.0800,100800,1727262.0000,3
2025-12-12,20251212103000000,sz.002732,17.0800,17.1000,17.0700,17.0700,46400,792644.0000,3
2025-12-12,20251212103500000,sz.002732,17.0800,17.0800,17.0300,17.0500,49800,849520.0000,3
2025-12-12,20251212104000000,sz.002732,17.0500,17.0800,17.0500,17.0700,30800,525644.0000,3
2025-12-12,20251212104500000,sz.002732,17.0800,17.1100,17.0700,17.1100,34100,582664.0000,3
2025-12-12,20251212105000000,sz.002732,17.1100,17.1100,17.0900,17.1000,23400,400084.0000,3
2025-12-12,20251212105500000,sz.002732,17.1000,17.1100,17.0800,17.0800,30700,524916.0000,3
2025-12-12,20251212110000000,sz.002732,17.0900,17.1000,17.0800,17.0800,28400,485242.0000,3
2025-12-12,20251212110500000,sz.002732,17.0800,17.0800,17.0000,17.0500,83500,1422832.0000,3
2025-12-12,20251212111000000,sz.002732,17.0500,17.0500,17.0200,17.0400,25700,437842.0000,3
2025-12-12,20251212111500000,sz.002732,17.0500,17.0600,17.0300,17.0400,20300,346042.0000,3
2025-12-12,20251212112000000,sz.002732,17.0500,17.0700,17.0400,17.0500,50100,854062.0000,3
2025-12-12,20251212112500000,sz.002732,17.0500,17.0600,17.0500,17.0500,9000,153504.0000,3
2025-12-12,20251212113000000,sz.002732,17.0500,17.0600,17.0500,17.0600,13100,223378.0000,3
2025-12-12,20251212130500000,sz.002732,17.0600,17.0600,16.9900,17.0100,67900,1156070.0000,3
2025-12-12,20251212131000000,sz.002732,17.0100,17.0100,16.9600,16.9700,80700,1370340.0000,3
2025-12-12,20251212131500000,sz.002732,16.9600,16.9700,16.9000,16.9000,97600,1652848.0000,3
2025-12-12,20251212132000000,sz.002732,16.8900,16.9400,16.8900,16.9400,66000,1115948.0000,3
2025-12-12,20251212132500000,sz.002732,16.9300,16.9600,16.9200,16.9600,23800,403020.0000,3
2025-12-12,20251212133000000,sz.002732,16.9400,16.9600,16.9300,16.9500,25600,433892.0000,3
2025-12-12,20251212133500000,sz.002732,16.9600,16.9700,16.9500,16.9600,12400,210296.0000,3
2025-12-12,20251212134000000,sz.002732,16.9600,16.9800,16.9500,16.9600,36200,614224.0000,3
2025-12-12,20251212134500000,sz.002732,16.9600,16.9900,16.9500,16.9800,37500,636284.0000,3
2025-12-12,20251212135000000,sz.002732,16.9800,16.9900,16.9700,16.9800,12600,213956.0000,3
2025-12-12,20251212135500000,sz.002732,16.9800,16.9900,16.9700,16.9900,24100,409160.0000,3
2025-12-12,20251212140000000,sz.002732,16.9800,16.9900,16.9600,16.9900,69700,1182992.0000,3
2025-12-12,20251212140500000,sz.002732,16.9800,17.0000,16.9700,16.9700,39700,674076.0000,3
2025-12-12,20251212141000000,sz.002732,16.9700,16.9800,16.9600,16.9700,31300,531092.0000,3
2025-12-12,20251212141500000,sz.002732,16.9600,16.9700,16.9600,16.9600,19800,335864.0000,3
2025-12-12,20251212142000000,sz.002732,16.9600,16.9800,16.9600,16.9800,51600,875792.0000,3
2025-12-12,20251212142500000,sz.002732,16.9700,16.9800,16.9600,16.9700,44300,751848.0000,3
2025-12-12,20251212143000000,sz.002732,16.9700,16.9700,16.9400,16.9500,64000,1085084.0000,3
2025-12-12,20251212143500000,sz.002732,16.9400,16.9500,16.8800,16.8800,161200,2724484.0000,3
2025-12-12,20251212144000000,sz.002732,16.8700,16.8800,16.8500,16.8600,123800,2087524.0000,3
2025-12-12,20251212144500000,sz.002732,16.8500,16.8500,16.8100,16.8200,137000,2305324.0000,3
2025-12-12,20251212145000000,sz.002732,16.8200,16.8200,16.7800,16.8100,172400,2897048.0000,3
2025-12-12,20251212145500000,sz.002732,16.8000,16.8200,16.8000,16.8100,126500,2126360.0000,3
2025-12-12,20251212150000000,sz.002732,16.8100,16.8400,16.7700,16.8400,200300,3367080.0000,3
2025-12-15,20251215093500000,sz.002732,16.9200,17.1500,16.9200,17.1100,574700,9797886.0000,3
2025-12-15,20251215094000000,sz.002732,17.1000,17.3200,17.0600,17.3000,785000,13520626.0000,3
2025-12-15,20251215094500000,sz.002732,17.3100,17.3400,17.2400,17.2400,463400,8009832.0000,3
2025-12-15,20251215095000000,sz.002732,17.2400,17.3400,17.2400,17.2800,308800,5339092.0000,3
2025-12-15,20251215095500000,sz.002732,17.2900,17.4500,17.2900,17.3300,566600,9857944.0000,3
2025-12-15,20251215100000000,sz.002732,17.3400,17.3500,17.2800,17.3400,190100,3293572.0000,3
2025-12-15,20251215100500000,sz.002732,17.3300,17.3400,17.3000,17.3300,115400,1998708.0000,3
2025-12-15,20251215101000000,sz.002732,17.3300,17.3500,17.3100,17.3300,132700,2300076.0000,3
2025-12-15,20251215101500000,sz.002732,17.3300,17.3700,17.3300,17.3400,113700,1972916.0000,3
2025-12-15,20251215102000000,sz.002732,17.3400,17.4400,17.3300,17.3700,208200,3619996.0000,3
2025-12-15,20251215102500000,sz.002732,17.3800,17.3900,17.3600,17.3900,92900,1614664.0000,3
2025-12-15,20251215103000000,sz.002732,17.4000,17.4100,17.3900,17.4000,120500,2097288.0000,3
2025-12-15,20251215103500000,sz.002732,17.4000,17.4000,17.3700,17.3700,55500,965040.0000,3
2025-12-15,20251215104000000,sz.002732,17.3700,17.3900,17.3500,17.3800,48600,843844.0000,3
2025-12-15,20251215104500000,sz.002732,17.3800,17.3800,17.3200,17.3400,116600,2022604.0000,3
2025-12-15,20251215105000000,sz.002732,17.3400,17.3500,17.3300,17.3400,47300,820248.0000,3
2025-12-15,20251215105500000,sz.002732,17.3400,17.3500,17.3300,17.3400,35500,615576.0000,3
2025-12-15,20251215110000000,sz.002732,17.3400,17.3500,17.3200,17.3500,60800,1053696.0000,3
2025-12-15,20251215110500000,sz.002732,17.3500,17.3500,17.3300,17.3400,44400,769856.0000,3
2025-12-15,20251215111000000,sz.002732,17.3400,17.3500,17.3300,17.3300,52100,903232.0000,3
2025-12-15,20251215111500000,sz.002732,17.3300,17.3700,17.3300,17.3700,80200,1391032.0000,3
2025-12-15,20251215112000000,sz.002732,17.3700,17.4000,17.3600,17.3700,104200,1810856.0000,3
2025-12-15,20251215112500000,sz.002732,17.3800,17.4000,17.3700,17.3800,72900,1267592.0000,3
2025-12-15,20251215113000000,sz.002732,17.3800,17.3900,17.3600,17.3800,86100,1495624.0000,3
2025-12-15,20251215130500000,sz.002732,17.3800,17.4400,17.3800,17.4300,117300,2042920.0000,3
2025-12-15,20251215131000000,sz.002732,17.4200,17.4200,17.4000,17.4000,22600,393424.0000,3
2025-12-15,20251215131500000,sz.002732,17.4000,17.4000,17.3900,17.4000,27400,476640.0000,3
2025-12-15,20251215132000000,sz.002732,17.3900,17.4100,17.3900,17.4000,97800,1701464.0000,3
2025-12-15,20251215132500000,sz.002732,17.4000,17.4300,17.3900,17.3900,85900,1496024.0000,3
2025-12-15,20251215133000000,sz.002732,17.4000,17.4200,17.3900,17.3900,69300,1206288.0000,3
2025-12-15,20251215133500000,sz.002732,17.3900,17.4100,17.3800,17.4000,65700,1142768.0000,3
2025-12-15,20251215134000000,sz.002732,17.4000,17.4100,17.3900,17.4000,37600,654128.0000,3
2025-12-15,20251215134500000,sz.002732,17.4000,17.4200,17.4000,17.4200,43000,748608.0000,3
2025-12-15,20251215135000000,sz.002732,17.4100,17.4500,17.4100,17.4400,76200,1328480.0000,3
2025-12-15,20251215135500000,sz.002732,17.4400,17.4600,17.4400,17.4600,88100,1537112.0000,3
2025-12-15,20251215140000000,sz.002732,17.4600,17.4700,17.4200,17.4200,50800,886064.0000,3
2025-12-15,20251215140500000,sz.002732,17.4300,17.4400,17.4200,17.4300,43400,756376.0000,3
2025-12-15,20251215141000000,sz.002732,17.4300,17.4300,17.4100,17.4200,68100,1186624.0000,3
2025-12-15,20251215141500000,sz.002732,17.4200,17.4200,17.4000,17.4000,33200,578016.0000,3
2025-12-15,20251215142000000,sz.002732,17.4000,17.4200,17.4000,17.4100,41200,717120.0000,3
2025-12-15,20251215142500000,sz.002732,17.4000,17.4300,17.3800,17.3900,184400,3211112.0000,3
2025-12-15,20251215143000000,sz.002732,17.3800,17.3800,17.2700,17.2800,219000,3792456.0000,3
2025-12-15,20251215143500000,sz.002732,17.2900,17.3700,17.2900,17.3500,106000,1838816.0000,3
2025-12-15,20251215144000000,sz.002732,17.3400,17.3700,17.3300,17.3600,61900,1073896.0000,3
2025-12-15,20251215144500000,sz.002732,17.3700,17.3800,17.3500,17.3700,101400,1760992.0000,3
2025-12-15,20251215145000000,sz.002732,17.3800,17.4100,17.3800,17.4000,92200,1603496.0000,3
2025-12-15,20251215145500000,sz.002732,17.4100,17.4100,17.3500,17.3700,144400,2508096.0000,3
2025-12-15,20251215150000000,sz.002732,17.3600,17.3900,17.3600,17.3600,257700,4475728.0000,3
2025-12-16,20251216093500000,sz.002732,17.2100,17.7800,17.2100,17.6600,1528400,26930690.0000,3
2025-12-16,20251216094000000,sz.002732,17.6500,17.7400,17.5800,17.6300,627900,11092638.0000,3
2025-12-16,20251216094500000,sz.002732,17.6000,17.7000,17.5600,17.5800,376100,6630420.0000,3
2025-12-16,20251216095000000,sz.002732,17.5700,17.6900,17.5700,17.5900,234000,4123420.0000,3
2025-12-16,20251216095500000,sz.002732,17.5800,17.6000,17.4700,17.4700,261200,4587480.0000,3
2025-12-16,20251216100000000,sz.002732,17.4600,17.5000,17.4500,17.4600,233500,4079748.0000,3
2025-12-16,20251216100500000,sz.002732,17.4500,17.4600,17.3600,17.4500,329000,5729040.0000,3
2025-12-16,20251216101000000,sz.002732,17.4300,17.4500,17.3900,17.4500,116300,2025056.0000,3
2025-12-16,20251216101500000,sz.002732,17.4400,17.5100,17.4300,17.4500,128000,2237004.0000,3
2025-12-16,20251216102000000,sz.002732,17.4500,17.4600,17.3800,17.3800,74100,1290784.0000,3
2025-12-16,20251216102500000,sz.002732,17.3800,17.4900,17.3700,17.4900,108500,1889208.0000,3
2025-12-16,20251216103000000,sz.002732,17.4900,17.4900,17.3900,17.4200,90600,1578904.0000,3
2025-12-16,20251216103500000,sz.002732,17.4400,17.4400,17.3600,17.3700,97000,1686984.0000,3
2025-12-16,20251216104000000,sz.002732,17.3800,17.4100,17.3600,17.4100,73600,1279040.0000,3
2025-12-16,20251216104500000,sz.002732,17.4100,17.4300,17.3800,17.3800,56900,990688.0000,3
2025-12-16,20251216105000000,sz.002732,17.3700,17.3700,17.3100,17.3400,87900,1525016.0000,3
2025-12-16,20251216105500000,sz.002732,17.3500,17.3900,17.3500,17.3600,45500,790448.0000,3
2025-12-16,20251216110000000,sz.002732,17.3600,17.3600,17.3200,17.3300,41300,715752.0000,3
2025-12-16,20251216110500000,sz.002732,17.3300,17.3700,17.3000,17.3500,78500,1360000.0000,3
2025-12-16,20251216111000000,sz.002732,17.3500,17.4900,17.3500,17.4000,117100,2039040.0000,3
2025-12-16,20251216111500000,sz.002732,17.3900,17.4000,17.3300,17.3900,65600,1139568.0000,3
2025-12-16,20251216112000000,sz.002732,17.3800,17.4500,17.3500,17.4100,77400,1348128.0000,3
2025-12-16,20251216112500000,sz.002732,17.4100,17.4300,17.3900,17.3900,20400,355016.0000,3
2025-12-16,20251216113000000,sz.002732,17.3900,17.3900,17.3600,17.3700,17300,300576.0000,3
2025-12-16,20251216130500000,sz.002732,17.3700,17.4000,17.3400,17.3400,64000,1111736.0000,3
2025-12-16,20251216131000000,sz.002732,17.3500,17.3500,17.3000,17.3100,64400,1115280.0000,3
2025-12-16,20251216131500000,sz.002732,17.3000,17.3300,17.3000,17.3200,26100,451976.0000,3
2025-12-16,20251216132000000,sz.002732,17.3100,17.3400,17.2800,17.2800,44300,766936.0000,3
2025-12-16,20251216132500000,sz.002732,17.2900,17.3000,17.2400,17.2500,77900,1344512.0000,3
2025-12-16,20251216133000000,sz.002732,17.2600,17.3400,17.2400,17.3400,52300,903840.0000,3
2025-12-16,20251216133500000,sz.002732,17.3200,17.3800,17.3200,17.3800,19500,337976.0000,3
2025-12-16,20251216134000000,sz.002732,17.3800,17.4300,17.3700,17.4100,121900,2122536.0000,3
2025-12-16,20251216134500000,sz.002732,17.4300,17.5400,17.4100,17.4600,198600,3473440.0000,3
2025-12-16,20251216135000000,sz.002732,17.4600,17.4600,17.4200,17.4300,46200,805904.0000,3
2025-12-16,20251216135500000,sz.002732,17.4300,17.4300,17.4000,17.4100,24000,418016.0000,3
2025-12-16,20251216140000000,sz.002732,17.4100,17.4300,17.3800,17.3800,34300,597224.0000,3
2025-12-16,20251216140500000,sz.002732,17.3800,17.3900,17.3600,17.3900,46700,811280.0000,3
2025-12-16,20251216141000000,sz.002732,17.3800,17.4100,17.3600,17.4000,59800,1039744.0000,3
2025-12-16,20251216141500000,sz.002732,17.3900,17.4100,17.3800,17.4100,93400,1625024.0000,3
2025-12-16,20251216142000000,sz.002732,17.4000,17.4100,17.3800,17.3800,49700,864344.0000,3
2025-12-16,20251216142500000,sz.002732,17.3800,17.3900,17.3700,17.3800,50900,884744.0000,3
2025-12-16,20251216143000000,sz.002732,17.3900,17.4000,17.3700,17.3700,39700,690080.0000,3
2025-12-16,20251216143500000,sz.002732,17.3600,17.3900,17.3500,17.3900,80100,1391184.0000,3
2025-12-16,20251216144000000,sz.002732,17.3800,17.4000,17.3600,17.3700,69200,1202712.0000,3
2025-12-16,20251216144500000,sz.002732,17.3700,17.3900,17.3600,17.3800,50800,882512.0000,3
2025-12-16,20251216145000000,sz.002732,17.3800,17.3900,17.3400,17.3400,107200,1861328.0000,3
2025-12-16,20251216145500000,sz.002732,17.3500,17.3500,17.3100,17.3300,103500,1793552.0000,3
2025-12-16,20251216150000000,sz.002732,17.3300,17.3700,17.2900,17.3000,262100,4537848.0000,3
2025-12-17,20251217093500000,sz.002732,17.4500,17.4500,17.0500,17.1900,509000,8774549.0000,3
2025-12-17,20251217094000000,sz.002732,17.1800,17.2600,17.1200,17.2000,273500,4690588.0000,3
2025-12-17,20251217094500000,sz.002732,17.2000,17.3500,17.2000,17.2900,89700,1552357.0000,3
2025-12-17,20251217095000000,sz.002732,17.2900,17.3000,17.1600,17.2100,113000,1945046.0000,3
2025-12-17,20251217095500000,sz.002732,17.2100,17.2100,17.1100,17.1700,159500,2736906.0000,3
2025-12-17,20251217100000000,sz.002732,17.1700,17.2000,17.1300,17.1700,177900,3050702.0000,3
2025-12-17,20251217100500000,sz.002732,17.1700,17.3300,17.1300,17.3300,157500,2721478.0000,3
2025-12-17,20251217101000000,sz.002732,17.3300,17.4200,17.3100,17.3900,217500,3778044.0000,3
2025-12-17,20251217101500000,sz.002732,17.3700,17.4900,17.3700,17.4000,228700,3987510.0000,3
2025-12-17,20251217102000000,sz.002732,17.3900,17.4500,17.3800,17.4500,119600,2082772.0000,3
2025-12-17,20251217102500000,sz.002732,17.4400,17.4400,17.3700,17.3800,61200,1065040.0000,3
2025-12-17,20251217103000000,sz.002732,17.3700,17.3800,17.3200,17.3300,63200,1095856.0000,3
2025-12-17,20251217103500000,sz.002732,17.3100,17.3200,17.2700,17.2900,68800,1189896.0000,3
2025-12-17,20251217104000000,sz.002732,17.2900,17.3700,17.2800,17.3600,67100,1162956.0000,3
2025-12-17,20251217104500000,sz.002732,17.3500,17.3600,17.3000,17.3100,35000,606644.0000,3
2025-12-17,20251217105000000,sz.002732,17.3100,17.3100,17.2700,17.2900,41300,714436.0000,3
2025-12-17,20251217105500000,sz.002732,17.2900,17.3300,17.2700,17.3200,26900,464780.0000,3
2025-12-17,20251217110000000,sz.002732,17.3200,17.3600,17.3200,17.3400,52000,900984.0000,3
2025-12-17,20251217110500000,sz.002732,17.3400,17.3900,17.3300,17.3300,64100,1112116.0000,3
2025-12-17,20251217111000000,sz.002732,17.3300,17.3300,17.2900,17.3100,24600,425948.0000,3
2025-12-17,20251217111500000,sz.002732,17.3000,17.3100,17.2600,17.3000,43000,743488.0000,3
2025-12-17,20251217112000000,sz.002732,17.2800,17.2900,17.2500,17.2600,42400,731752.0000,3
2025-12-17,20251217112500000,sz.002732,17.2600,17.3000,17.2300,17.2600,68900,1188924.0000,3
2025-12-17,20251217113000000,sz.002732,17.2400,17.3300,17.2400,17.3200,49100,848832.0000,3
2025-12-17,20251217130500000,sz.002732,17.3200,17.3200,17.2400,17.2500,40400,697724.0000,3
2025-12-17,20251217131000000,sz.002732,17.2500,17.2500,17.1800,17.1900,46900,807176.0000,3
2025-12-17,20251217131500000,sz.002732,17.2000,17.2000,17.1400,17.1400,74600,1280224.0000,3
2025-12-17,20251217132000000,sz.002732,17.1400,17.1500,17.1100,17.1200,77700,1330172.0000,3
2025-12-17,20251217132500000,sz.002732,17.1200,17.1200,17.0700,17.1200,61600,1053424.0000,3
2025-12-17,20251217133000000,sz.002732,17.1200,17.1200,17.0800,17.0800,72500,1239620.0000,3
2025-12-17,20251217133500000,sz.002732,17.0800,17.0800,17.0400,17.0600,75800,1293204.0000,3
2025-12-17,20251217134000000,sz.002732,17.0600,17.0600,17.0200,17.0400,96400,1641976.0000,3
2025-12-17,20251217134500000,sz.002732,17.0400,17.0400,16.9800,16.9800,234900,3996900.0000,3
2025-12-17,20251217135000000,sz.002732,16.9800,17.0000,16.9500,17.0000,101800,1728648.0000,3
2025-12-17,20251217135500000,sz.002732,17.0000,17.1000,17.0000,17.0800,169100,2883444.0000,3
2025-12-17,20251217140000000,sz.002732,17.0900,17.0900,17.0500,17.0800,107900,1842196.0000,3
2025-12-17,20251217140500000,sz.002732,17.0900,17.1300,17.0700,17.1300,104500,1786840.0000,3
2025-12-17,20251217141000000,sz.002732,17.1300,17.1500,17.1200,17.1400,67300,1152816.0000,3
2025-12-17,20251217141500000,sz.002732,17.1500,17.2500,17.1400,17.2200,95700,1646600.0000,3
2025-12-17,20251217142000000,sz.002732,17.2200,17.2400,17.1800,17.1900,181400,3124472.0000,3
2025-12-17,20251217142500000,sz.002732,17.1900,17.2100,17.1800,17.2100,130300,2239456.0000,3
2025-12-17,20251217143000000,sz.002732,17.2000,17.2200,17.1900,17.2000,36900,634848.0000,3
2025-12-17,20251217143500000,sz.002732,17.2200,17.3000,17.2100,17.2700,122600,2115488.0000,3
2025-12-17,20251217144000000,sz.002732,17.2600,17.3000,17.2600,17.2800,123800,2139488.0000,3
2025-12-17,20251217144500000,sz.002732,17.2900,17.3100,17.2800,17.3100,115800,2003312.0000,3
2025-12-17,20251217145000000,sz.002732,17.3100,17.3200,17.2800,17.2800,120500,2084392.0000,3
2025-12-17,20251217145500000,sz.002732,17.2800,17.2900,17.2700,17.2700,88900,1535688.0000,3
2025-12-17,20251217150000000,sz.002732,17.2800,17.3000,17.2700,17.3000,88400,1528824.0000,3
2025-12-18,20251218093500000,sz.002732,17.1300,17.4000,17.1300,17.3900,285000,4924390.0000,3
2025-12-18,20251218094000000,sz.002732,17.3900,17.4700,17.3800,17.4000,316200,5507657.0000,3
2025-12-18,20251218094500000,sz.002732,17.4200,17.4200,17.3600,17.3900,106900,1858210.0000,3
2025-12-18,20251218095000000,sz.002732,17.3900,17.5300,17.3900,17.5200,258200,4506951.0000,3
2025-12-18,20251218095500000,sz.002732,17.5200,17.6100,17.5100,17.5400,290100,5097156.0000,3
2025-12-18,20251218100000000,sz.002732,17.5400,17.5500,17.5100,17.5500,136900,2399590.0000,3
2025-12-18,20251218100500000,sz.002732,17.5400,17.6100,17.5400,17.6000,277700,4881652.0000,3
2025-12-18,20251218101000000,sz.002732,17.5900,17.6400,17.5800,17.6400,207800,3659470.0000,3
2025-12-18,20251218101500000,sz.002732,17.6300,17.7500,17.6300,17.7300,325900,5764232.0000,3
2025-12-18,20251218102000000,sz.002732,17.7200,17.7300,17.6800,17.7300,139000,2460736.0000,3
2025-12-18,20251218102500000,sz.002732,17.7200,17.7400,17.7000,17.7200,159800,2832084.0000,3
2025-12-18,20251218103000000,sz.002732,17.7200,17.7200,17.6800,17.7100,133900,2369984.0000,3
2025-12-18,20251218103500000,sz.002732,17.7000,17.7200,17.6500,17.6900,170700,3021180.0000,3
2025-12-18,20251218104000000,sz.002732,17.6800,17.6900,17.6500,17.6600,159800,2822448.0000,3
2025-12-18,20251218104500000,sz.002732,17.6500,17.6800,17.6200,17.6200,72400,1277780.0000,3
2025-12-18,20251218105000000,sz.002732,17.6100,17.6800,17.6100,17.6600,100000,1763192.0000,3
2025-12-18,20251218105500000,sz.002732,17.6700,17.6800,17.6600,17.6600,23300,411784.0000,3
2025-12-18,20251218110000000,sz.002732,17.6700,17.6900,17.6600,17.6700,46800,827172.0000,3
2025-12-18,20251218110500000,sz.002732,17.6600,17.7000,17.6600,17.6900,46300,818908.0000,3
2025-12-18,20251218111000000,sz.002732,17.6900,17.7000,17.6700,17.7000,47900,847136.0000,3
2025-12-18,20251218111500000,sz.002732,17.7000,17.7000,17.6500,17.6800,51800,916256.0000,3
2025-12-18,20251218112000000,sz.002732,17.6800,17.6900,17.6700,17.6700,23100,408436.0000,3
2025-12-18,20251218112500000,sz.002732,17.6800,17.6900,17.6800,17.6900,18200,321812.0000,3
2025-12-18,20251218113000000,sz.002732,17.6900,17.6900,17.6600,17.6600,37300,659564.0000,3
2025-12-18,20251218130500000,sz.002732,17.6600,17.6600,17.6100,17.6300,43200,762212.0000,3
2025-12-18,20251218131000000,sz.002732,17.6500,17.6800,17.6500,17.6500,22800,402740.0000,3
2025-12-18,20251218131500000,sz.002732,17.6600,17.6800,17.6500,17.6700,24300,429304.0000,3
2025-12-18,20251218132000000,sz.002732,17.6600,17.6700,17.6600,17.6600,30100,531820.0000,3
2025-12-18,20251218132500000,sz.002732,17.6600,17.6600,17.6300,17.6300,24400,430704.0000,3
2025-12-18,20251218133000000,sz.002732,17.6300,17.6400,17.6200,17.6300,47500,837584.0000,3
2025-12-18,20251218133500000,sz.002732,17.6300,17.6500,17.6200,17.6200,64100,1130560.0000,3
2025-12-18,20251218134000000,sz.002732,17.6200,17.6200,17.5900,17.5900,113400,1996020.0000,3
2025-12-18,20251218134500000,sz.002732,17.5900,17.6000,17.5800,17.5900,22400,394028.0000,3
2025-12-18,20251218135000000,sz.002732,17.5900,17.6000,17.5700,17.5800,41000,721000.0000,3
2025-12-18,20251218135500000,sz.002732,17.5900,17.6000,17.5700,17.5900,27500,483648.0000,3
2025-12-18,20251218140000000,sz.002732,17.5900,17.5900,17.5800,17.5800,24900,437888.0000,3
2025-12-18,20251218140500000,sz.002732,17.5800,17.5800,17.5600,17.5600,42800,751928.0000,3
2025-12-18,20251218141000000,sz.002732,17.5600,17.5700,17.5600,17.5600,20500,359992.0000,3
2025-12-18,20251218141500000,sz.002732,17.5600,17.5700,17.5500,17.5600,20100,352944.0000,3
2025-12-18,20251218142000000,sz.002732,17.5600,17.5600,17.5400,17.5500,23500,412320.0000,3
2025-12-18,20251218142500000,sz.002732,17.5600,17.5700,17.5200,17.5200,55200,968112.0000,3
2025-12-18,20251218143000000,sz.002732,17.5200,17.5300,17.4800,17.5000,172000,3010408.0000,3
2025-12-18,20251218143500000,sz.002732,17.5200,17.5600,17.5200,17.5300,91000,1595216.0000,3
2025-12-18,20251218144000000,sz.002732,17.5400,17.5500,17.5300,17.5400,43100,755888.0000,3
2025-12-18,20251218144500000,sz.002732,17.5400,17.5500,17.5300,17.5400,100600,1764680.0000,3
2025-12-18,20251218145000000,sz.002732,17.5500,17.5500,17.5100,17.5300,78100,1369016.0000,3
2025-12-18,20251218145500000,sz.002732,17.5300,17.5300,17.5100,17.5100,112700,1974640.0000,3
2025-12-18,20251218150000000,sz.002732,17.5200,17.5300,17.4900,17.4900,133100,2329824.0000,3
2025-12-19,20251219093500000,sz.002732,17.4700,17.5800,17.3900,17.5300,257100,4494230.0000,3
2025-12-19,20251219094000000,sz.002732,17.5200,17.5400,17.4400,17.4600,119200,2081839.0000,3
2025-12-19,20251219094500000,sz.002732,17.4500,17.5100,17.4300,17.5000,96500,1683538.0000,3
2025-12-19,20251219095000000,sz.002732,17.4800,17.5400,17.4400,17.4400,100100,1750804.0000,3
2025-12-19,20251219095500000,sz.002732,17.4400,17.4700,17.4200,17.4500,72100,1257489.0000,3
2025-12-19,20251219100000000,sz.002732,17.4600,17.5400,17.4600,17.5400,71300,1248380.0000,3
2025-12-19,20251219100500000,sz.002732,17.5500,17.6100,17.5400,17.5800,143400,2520780.0000,3
2025-12-19,20251219101000000,sz.002732,17.5800,17.6600,17.5800,17.6200,103600,1826300.0000,3
2025-12-19,20251219101500000,sz.002732,17.6100,17.6500,17.6000,17.6100,74500,1312368.0000,3
2025-12-19,20251219102000000,sz.002732,17.6100,17.6200,17.5700,17.5700,72400,1273336.0000,3
2025-12-19,20251219102500000,sz.002732,17.5900,17.7300,17.5800,17.7200,128100,2260776.0000,3
2025-12-19,20251219103000000,sz.002732,17.7200,17.8400,17.6700,17.7800,296600,5264500.0000,3
2025-12-19,20251219103500000,sz.002732,17.7900,17.7900,17.7200,17.7700,241200,4284538.0000,3
2025-12-19,20251219104000000,sz.002732,17.7700,17.8500,17.7500,17.8500,338600,6030538.0000,3
2025-12-19,20251219104500000,sz.002732,17.8500,17.8800,17.8100,17.8500,313800,5599908.0000,3
2025-12-19,20251219105000000,sz.002732,17.8400,17.8800,17.8200,17.8600,322100,5748364.0000,3
2025-12-19,20251219105500000,sz.002732,17.8600,17.8700,17.8100,17.8500,114600,2043456.0000,3
2025-12-19,20251219110000000,sz.002732,17.8300,17.8800,17.8300,17.8600,102900,1837084.0000,3
2025-12-19,20251219110500000,sz.002732,17.8600,17.8800,17.8300,17.8400,97000,1732020.0000,3
2025-12-19,20251219111000000,sz.002732,17.8400,17.8500,17.8100,17.8300,108800,1939528.0000,3
2025-12-19,20251219111500000,sz.002732,17.8300,17.8300,17.7800,17.7900,80200,1427680.0000,3
2025-12-19,20251219112000000,sz.002732,17.7900,17.8600,17.7900,17.8600,119400,2128868.0000,3
2025-12-19,20251219112500000,sz.002732,17.8500,17.8600,17.8200,17.8500,135000,2409044.0000,3
2025-12-19,20251219113000000,sz.002732,17.8500,18.0000,17.8500,17.9800,398500,7140880.0000,3
2025-12-19,20251219130500000,sz.002732,18.0100,18.0300,17.9100,17.9600,353000,6344336.0000,3
2025-12-19,20251219131000000,sz.002732,17.9600,17.9800,17.9100,17.9100,60200,1080360.0000,3
2025-12-19,20251219131500000,sz.002732,17.9100,17.9400,17.8900,17.9000,110800,1984832.0000,3
2025-12-19,20251219132000000,sz.002732,17.9100,17.9400,17.9000,17.9400,42200,756224.0000,3
2025-12-19,20251219132500000,sz.002732,17.9200,17.9600,17.9200,17.9500,57800,1037080.0000,3
2025-12-19,20251219133000000,sz.002732,17.9600,18.0400,17.9400,18.0200,210100,3784176.0000,3
2025-12-19,20251219133500000,sz.002732,18.0300,18.0800,18.0200,18.0200,176700,3188456.0000,3
2025-12-19,20251219134000000,sz.002732,18.0200,18.0400,18.0200,18.0300,51300,924992.0000,3
2025-12-19,20251219134500000,sz.002732,18.0300,18.0500,18.0300,18.0400,92100,1661872.0000,3
2025-12-19,20251219135000000,sz.002732,18.0400,18.0500,18.0400,18.0400,59600,1075392.0000,3
2025-12-19,20251219135500000,sz.002732,18.0400,18.0500,18.0300,18.0300,50000,901888.0000,3
2025-12-19,20251219140000000,sz.002732,18.0300,18.0300,17.9800,17.9900,90400,1627568.0000,3
2025-12-19,20251219140500000,sz.002732,17.9900,18.0200,17.9700,18.0000,173000,3112976.0000,3
2025-12-19,20251219141000000,sz.002732,18.0000,18.0400,18.0000,18.0100,124500,2242976.0000,3
2025-12-19,20251219141500000,sz.002732,18.0200,18.0500,18.0100,18.0400,96800,1745936.0000,3
2025-12-19,20251219142000000,sz.002732,18.0500,18.0600,18.0400,18.0500,90200,1627640.0000,3
2025-12-19,20251219142500000,sz.002732,18.0400,18.0800,18.0300,18.0700,156400,2823952.0000,3
2025-12-19,20251219143000000,sz.002732,18.0700,18.0700,18.0400,18.0600,91400,1650984.0000,3
2025-12-19,20251219143500000,sz.002732,18.0700,18.1000,18.0500,18.0500,118900,2149168.0000,3
2025-12-19,20251219144000000,sz.002732,18.0500,18.0600,18.0400,18.0600,187900,3391128.0000,3
2025-12-19,20251219144500000,sz.002732,18.0500,18.0600,18.0400,18.0500,155500,2807312.0000,3
2025-12-19,20251219145000000,sz.002732,18.0500,18.0600,18.0400,18.0500,128900,2326504.0000,3
2025-12-19,20251219145500000,sz.002732,18.0400,18.0700,18.0400,18.0700,179100,3233696.0000,3
2025-12-19,20251219150000000,sz.002732,18.0600,18.0900,18.0600,18.0900,247800,4479808.0000,3
2025-12-22,20251222093500000,sz.002732,18.0000,18.0500,17.8800,18.0200,426300,7665768.0000,3
2025-12-22,20251222094000000,sz.002732,18.0300,18.0900,17.9900,18.0400,190200,3432097.0000,3
2025-12-22,20251222094500000,sz.002732,18.0400,18.0400,17.9500,18.0100,183100,3296022.0000,3
2025-12-22,20251222095000000,sz.002732,18.0000,18.0300,17.9200,17.9600,206700,3716863.0000,3
2025-12-22,20251222095500000,sz.002732,17.9600,18.0000,17.9000,17.9900,144300,2589400.0000,3
2025-12-22,20251222100000000,sz.002732,18.0000,18.0000,17.9700,17.9800,102200,1837858.0000,3
2025-12-22,20251222100500000,sz.002732,17.9800,18.0400,17.9800,17.9800,122000,2196422.0000,3
2025-12-22,20251222101000000,sz.002732,17.9800,17.9900,17.9500,17.9600,99200,1782122.0000,3
2025-12-22,20251222101500000,sz.002732,17.9600,18.0200,17.9600,17.9800,105300,1893924.0000,3
2025-12-22,20251222102000000,sz.002732,17.9900,18.0300,17.9800,18.0100,51300,923484.0000,3
2025-12-22,20251222102500000,sz.002732,18.0100,18.0600,18.0000,18.0500,93900,1692660.0000,3
2025-12-22,20251222103000000,sz.002732,18.0600,18.0700,17.9900,18.0500,83800,1510898.0000,3
2025-12-22,20251222103500000,sz.002732,18.0300,18.0400,17.9900,18.0100,48900,880642.0000,3
2025-12-22,20251222104000000,sz.002732,18.0000,18.0100,17.9800,18.0000,89700,1614132.0000,3
2025-12-22,20251222104500000,sz.002732,18.0000,18.0100,17.9800,17.9800,20700,372448.0000,3
2025-12-22,20251222105000000,sz.002732,17.9800,17.9900,17.9500,17.9700,95200,1711020.0000,3
2025-12-22,20251222105500000,sz.002732,17.9800,17.9800,17.9400,17.9800,42000,754056.0000,3
2025-12-22,20251222110000000,sz.002732,17.9900,17.9900,17.9500,17.9500,19600,352120.0000,3
2025-12-22,20251222110500000,sz.002732,17.9500,17.9700,17.9200,17.9700,54000,968800.0000,3
2025-12-22,20251222111000000,sz.002732,17.9500,17.9500,17.9300,17.9400,18100,324720.0000,3
2025-12-22,20251222111500000,sz.002732,17.9500,17.9500,17.9200,17.9300,50600,907580.0000,3
2025-12-22,20251222112000000,sz.002732,17.9500,17.9600,17.9300,17.9600,67600,1212816.0000,3
2025-12-22,20251222112500000,sz.002732,17.9600,17.9900,17.9500,17.9700,42300,760092.0000,3
2025-12-22,20251222113000000,sz.002732,17.9700,18.0000,17.9400,17.9800,46900,842864.0000,3
2025-12-22,20251222130500000,sz.002732,17.9800,17.9800,17.9100,17.9400,44300,794988.0000,3
2025-12-22,20251222131000000,sz.002732,17.9200,17.9500,17.9200,17.9400,63900,1145548.0000,3
2025-12-22,20251222131500000,sz.002732,17.9500,17.9900,17.9400,17.9900,55300,992880.0000,3
2025-12-22,20251222132000000,sz.002732,17.9600,17.9800,17.9000,17.9300,117100,2100432.0000,3
2025-12-22,20251222132500000,sz.002732,17.9200,17.9600,17.9100,17.9400,106600,1910860.0000,3
2025-12-22,20251222133000000,sz.002732,17.9300,17.9400,17.9200,17.9300,23500,421272.0000,3
2025-12-22,20251222133500000,sz.002732,17.9400,17.9500,17.9200,17.9400,36300,651248.0000,3
2025-12-22,20251222134000000,sz.002732,17.9300,17.9500,17.9200,17.9500,24200,433844.0000,3
2025-12-22,20251222134500000,sz.002732,17.9700,17.9800,17.9600,17.9800,75600,1358184.0000,3
2025-12-22,20251222135000000,sz.002732,17.9600,17.9600,17.9400,17.9400,48400,868980.0000,3
2025-12-22,20251222135500000,sz.002732,17.9500,17.9500,17.9100,17.9400,100700,1805252.0000,3
2025-12-22,20251222140000000,sz.002732,17.9300,17.9500,17.9300,17.9500,26500,475488.0000,3
2025-12-22,20251222140500000,sz.002732,17.9400,17.9500,17.9000,17.9100,100100,1794160.0000,3
2025-12-22,20251222141000000,sz.002732,17.9200,17.9200,17.9000,17.9200,67800,1214472.0000,3
2025-12-22,20251222141500000,sz.002732,17.9100,17.9300,17.9000,17.9200,60100,1076832.0000,3
2025-12-22,20251222142000000,sz.002732,17.9100,17.9300,17.9000,17.9000,45400,813072.0000,3
2025-12-22,20251222142500000,sz.002732,17.9000,17.9300,17.9000,17.9200,65300,1170068.0000,3
2025-12-22,20251222143000000,sz.002732,17.9200,17.9300,17.9000,17.9100,38500,689596.0000,3
2025-12-22,20251222143500000,sz.002732,17.9200,17.9200,17.8800,17.8900,132700,2375576.0000,3
2025-12-22,20251222144000000,sz.002732,17.8800,17.9300,17.8700,17.9200,107200,1918368.0000,3
2025-12-22,20251222144500000,sz.002732,17.9200,17.9200,17.9000,17.9000,40100,718040.0000,3
2025-12-22,20251222145000000,sz.002732,17.9100,17.9400,17.8900,17.9300,136500,2445592.0000,3
2025-12-22,20251222145500000,sz.002732,17.9500,17.9500,17.9000,17.9400,126400,2264976.0000,3
2025-12-22,20251222150000000,sz.002732,17.9400,18.0000,17.9300,18.0000,256800,4617184.0000,3
2025-12-23,20251223093500000,sz.002732,18.1900,18.2800,17.8700,18.0000,1353600,24482608.0000,3
2025-12-23,20251223094000000,sz.002732,17.9800,18.0200,17.7900,17.8500,431900,7726052.0000,3
2025-12-23,20251223094500000,sz.002732,17.8500,17.9300,17.7400,17.7400,369100,6573732.0000,3
2025-12-23,20251223095000000,sz.002732,17.7300,17.7900,17.7100,17.7500,217300,3856424.0000,3
2025-12-23,20251223095500000,sz.002732,17.7500,17.7500,17.6700,17.7400,224900,3981824.0000,3
2025-12-23,20251223100000000,sz.002732,17.7700,17.7900,17.7000,17.7000,131000,2322104.0000,3
2025-12-23,20251223100500000,sz.002732,17.7000,17.7200,17.6700,17.7200,139700,2472608.0000,3
2025-12-23,20251223101000000,sz.002732,17.7200,17.7200,17.6600,17.6800,144900,2562200.0000,3
2025-12-23,20251223101500000,sz.002732,17.6700,17.6800,17.6300,17.6300,147800,2610168.0000,3
2025-12-23,20251223102000000,sz.002732,17.6300,17.6700,17.6300,17.6400,90100,1590232.0000,3
2025-12-23,20251223102500000,sz.002732,17.6400,17.7500,17.6200,17.7500,210700,3723176.0000,3
2025-12-23,20251223103000000,sz.002732,17.7400,17.7600,17.6700,17.7000,111300,1973124.0000,3
2025-12-23,20251223103500000,sz.002732,17.7000,17.7100,17.6600,17.7100,51900,917840.0000,3
2025-12-23,20251223104000000,sz.002732,17.7100,17.8200,17.7100,17.7900,95300,1694312.0000,3
2025-12-23,20251223104500000,sz.002732,17.8000,17.8700,17.8000,17.8400,103700,1849852.0000,3
2025-12-23,20251223105000000,sz.002732,17.8400,17.8500,17.8200,17.8300,75400,1344640.0000,3
2025-12-23,20251223105500000,sz.002732,17.8500,17.8700,17.8200,17.8300,48800,870952.0000,3
2025-12-23,20251223110000000,sz.002732,17.8200,17.8300,17.8000,17.8000,57600,1026320.0000,3
2025-12-23,20251223110500000,sz.002732,17.8100,17.8200,17.7800,17.8200,28500,507328.0000,3
2025-12-23,20251223111000000,sz.002732,17.8300,17.8700,17.8100,17.8600,53900,961320.0000,3
2025-12-23,20251223111500000,sz.002732,17.8500,17.8700,17.8200,17.8200,90900,1622416.0000,3
2025-12-23,20251223112000000,sz.002732,17.8300,17.8600,17.8300,17.8500,25300,451552.0000,3
2025-12-23,20251223112500000,sz.002732,17.8500,17.8600,17.8400,17.8500,28700,512272.0000,3
2025-12-23,20251223113000000,sz.002732,17.8400,17.8500,17.8100,17.8100,55300,985896.0000,3
2025-12-23,20251223130500000,sz.002732,17.8300,17.8300,17.7600,17.7600,100200,1781544.0000,3
2025-12-23,20251223131000000,sz.002732,17.7600,17.8400,17.7600,17.8400,92200,1640936.0000,3
2025-12-23,20251223131500000,sz.002732,17.8500,17.8500,17.8100,17.8200,36200,645448.0000,3
2025-12-23,20251223132000000,sz.002732,17.8200,17.8500,17.8000,17.8200,41300,735784.0000,3
2025-12-23,20251223132500000,sz.002732,17.8100,17.8400,17.8000,17.8300,31700,564736.0000,3
2025-12-23,20251223133000000,sz.002732,17.8300,17.8300,17.8000,17.8000,21000,373960.0000,3
2025-12-23,20251223133500000,sz.002732,17.8000,17.8000,17.7600,17.7600,34400,611576.0000,3
2025-12-23,20251223134000000,sz.002732,17.7600,17.7700,17.7500,17.7500,25100,445680.0000,3
2025-12-23,20251223134500000,sz.002732,17.7400,17.7500,17.7200,17.7500,90700,1608248.0000,3
2025-12-23,20251223135000000,sz.002732,17.7400,17.7400,17.7200,17.7400,32500,576160.0000,3
2025-12-23,20251223135500000,sz.002732,17.7500,17.7500,17.7300,17.7500,28900,512800.0000,3
2025-12-23,20251223140000000,sz.002732,17.7400,17.7600,17.7400,17.7500,62900,1116464.0000,3
2025-12-23,20251223140500000,sz.002732,17.7500,17.7700,17.7400,17.7700,19100,339064.0000,3
2025-12-23,20251223141000000,sz.002732,17.7700,17.7900,17.7600,17.7600,45800,814184.0000,3
2025-12-23,20251223141500000,sz.002732,17.7700,17.7800,17.7600,17.7800,21100,374920.0000,3
2025-12-23,20251223142000000,sz.002732,17.7800,17.7900,17.7700,17.7700,28200,501264.0000,3
2025-12-23,20251223142500000,sz.002732,17.7800,17.7800,17.7100,17.7500,502000,8902936.0000,3
2025-12-23,20251223143000000,sz.002732,17.7500,17.7700,17.7400,17.7700,41100,729792.0000,3
2025-12-23,20251223143500000,sz.002732,17.7700,17.7700,17.7500,17.7500,105700,1876416.0000,3
2025-12-23,20251223144000000,sz.002732,17.7500,17.7600,17.7300,17.7500,45900,814488.0000,3
2025-12-23,20251223144500000,sz.002732,17.7400,17.7500,17.7200,17.7500,108500,1924864.0000,3
2025-12-23,20251223145000000,sz.002732,17.7500,17.7500,17.7400,17.7500,97800,1735456.0000,3
2025-12-23,20251223145500000,sz.002732,17.7400,17.7700,17.7300,17.7600,102600,1820872.0000,3
2025-12-23,20251223150000000,sz.002732,17.7600,17.8200,17.7500,17.8000,123200,2191296.0000,3
2025-12-24,20251224093500000,sz.002732,17.6300,17.7100,17.6000,17.7100,453200,7995585.0000,3
2025-12-24,20251224094000000,sz.002732,17.7000,17.7400,17.6700,17.6900,192000,3397538.0000,3
2025-12-24,20251224094500000,sz.002732,17.6700,17.6700,17.5700,17.5900,370100,6521121.0000,3
2025-12-24,20251224095000000,sz.002732,17.6000,17.6500,17.5800,17.5800,244900,4315316.0000,3
2025-12-24,20251224095500000,sz.002732,17.5800,17.5800,17.4900,17.5000,247800,4343292.0000,3
2025-12-24,20251224100000000,sz.002732,17.5100,17.6200,17.5100,17.6000,116600,2048988.0000,3
2025-12-24,20251224100500000,sz.002732,17.6000,17.6700,17.6000,17.6400,96300,1698816.0000,3
2025-12-24,20251224101000000,sz.002732,17.6300,17.6600,17.5700,17.5800,61300,1079688.0000,3
2025-12-24,20251224101500000,sz.002732,17.5800,17.5900,17.5200,17.5300,75100,1318192.0000,3
2025-12-24,20251224102000000,sz.002732,17.5300,17.5700,17.5200,17.5400,55700,976992.0000,3
2025-12-24,20251224102500000,sz.002732,17.5400,17.5700,17.5100,17.5300,65600,1150352.0000,3
2025-12-24,20251224103000000,sz.002732,17.5200,17.5400,17.5000,17.5200,61700,1080744.0000,3
2025-12-24,20251224103500000,sz.002732,17.5200,17.5500,17.5100,17.5500,64100,1123220.0000,3
2025-12-24,20251224104000000,sz.002732,17.5500,17.5800,17.5400,17.5400,52600,923924.0000,3
2025-12-24,20251224104500000,sz.002732,17.5600,17.6300,17.5500,17.6300,53800,947072.0000,3
2025-12-24,20251224105000000,sz.002732,17.6400,17.6600,17.6100,17.6200,59300,1045528.0000,3
2025-12-24,20251224105500000,sz.002732,17.6200,17.6400,17.6200,17.6300,29300,516508.0000,3
2025-12-24,20251224110000000,sz.002732,17.6400,17.6800,17.6300,17.6500,81500,1439536.0000,3
2025-12-24,20251224110500000,sz.002732,17.6500,17.6600,17.6300,17.6300,17900,315684.0000,3
2025-12-24,20251224111000000,sz.002732,17.6300,17.7100,17.6200,17.6800,115600,2043264.0000,3
2025-12-24,20251224111500000,sz.002732,17.6700,17.7500,17.6700,17.6900,135800,2405684.0000,3
2025-12-24,20251224112000000,sz.002732,17.7000,17.7300,17.7000,17.7200,77900,1379612.0000,3
2025-12-24,20251224112500000,sz.002732,17.7300,17.7500,17.6800,17.7500,73200,1297692.0000,3
2025-12-24,20251224113000000,sz.002732,17.7200,17.7300,17.6900,17.6900,14100,249656.0000,3
2025-12-24,20251224130500000,sz.002732,17.7000,17.7300,17.6900,17.7100,39900,706604.0000,3
2025-12-24,20251224131000000,sz.002732,17.7200,17.7400,17.7000,17.7000,37000,655808.0000,3
2025-12-24,20251224131500000,sz.002732,17.7000,17.7700,17.6900,17.7300,101400,1798336.0000,3
2025-12-24,20251224132000000,sz.002732,17.7200,17.7200,17.7000,17.7200,13900,246200.0000,3
2025-12-24,20251224132500000,sz.002732,17.7300,17.7300,17.7000,17.7100,15100,267392.0000,3
2025-12-24,20251224133000000,sz.002732,17.7100,17.7200,17.7000,17.7100,14500,256728.0000,3
2025-12-24,20251224133500000,sz.002732,17.7100,17.7100,17.6900,17.6900,24300,430168.0000,3
2025-12-24,20251224134000000,sz.002732,17.7100,17.7100,17.6800,17.6800,42300,748684.0000,3
2025-12-24,20251224134500000,sz.002732,17.6800,17.6800,17.6600,17.6700,48000,847928.0000,3
2025-12-24,20251224135000000,sz.002732,17.6700,17.7000,17.6700,17.6800,23200,410340.0000,3
2025-12-24,20251224135500000,sz.002732,17.6700,17.6700,17.6500,17.6600,36400,642888.0000,3
2025-12-24,20251224140000000,sz.002732,17.6500,17.6600,17.6400,17.6600,20700,365272.0000,3
2025-12-24,20251224140500000,sz.002732,17.6500,17.6600,17.6400,17.6500,36700,647952.0000,3
2025-12-24,20251224141000000,sz.002732,17.6600,17.6800,17.6500,17.6800,41600,734992.0000,3
2025-12-24,20251224141500000,sz.002732,17.6700,17.6800,17.6600,17.6700,15100,266780.0000,3
2025-12-24,20251224142000000,sz.002732,17.6700,17.6800,17.6500,17.6800,33700,595248.0000,3
2025-12-24,20251224142500000,sz.002732,17.6800,17.6800,17.6600,17.6700,35300,623748.0000,3
2025-12-24,20251224143000000,sz.002732,17.6700,17.6800,17.6600,17.6700,36700,648596.0000,3
2025-12-24,20251224143500000,sz.002732,17.6700,17.6800,17.6400,17.6400,74400,1313732.0000,3
2025-12-24,20251224144000000,sz.002732,17.6500,17.6600,17.6400,17.6500,34800,614100.0000,3
2025-12-24,20251224144500000,sz.002732,17.6400,17.6500,17.6300,17.6500,69200,1220832.0000,3
2025-12-24,20251224145000000,sz.002732,17.6400,17.6500,17.6200,17.6200,85300,1504080.0000,3
2025-12-24,20251224145500000,sz.002732,17.6300,17.6300,17.6100,17.6100,111800,1969908.0000,3
2025-12-24,20251224150000000,sz.002732,17.6200,17.6600,17.6100,17.6600,103400,1823904.0000,3
2025-12-25,20251225093500000,sz.002732,17.6600,17.6600,17.5500,17.6300,207300,3653669.0000,3
2025-12-25,20251225094000000,sz.002732,17.6500,17.6500,17.5900,17.6200,102900,1812785.0000,3
2025-12-25,20251225094500000,sz.002732,17.6400,17.6900,17.6300,17.6400,153000,2701854.0000,3
2025-12-25,20251225095000000,sz.002732,17.6400,17.6400,17.5900,17.6100,66500,1171159.0000,3
2025-12-25,20251225095500000,sz.002732,17.6000,17.6000,17.5300,17.5400,141600,2488234.0000,3
2025-12-25,20251225100000000,sz.002732,17.5400,17.5500,17.5200,17.5200,103700,1818179.0000,3
2025-12-25,20251225100500000,sz.002732,17.5200,17.5500,17.4800,17.5400,154400,2703985.0000,3
2025-12-25,20251225101000000,sz.002732,17.5400,17.5500,17.4900,17.4900,79300,1388921.0000,3
2025-12-25,20251225101500000,sz.002732,17.4900,17.5100,17.4300,17.4300,144800,2529924.0000,3
2025-12-25,20251225102000000,sz.002732,17.4200,17.4600,17.4000,17.4500,107200,1867734.0000,3
2025-12-25,20251225102500000,sz.002732,17.4500,17.4600,17.4200,17.4400,72200,1258438.0000,3
2025-12-25,20251225103000000,sz.002732,17.4300,17.4800,17.4300,17.4800,52900,922942.0000,3
2025-12-25,20251225103500000,sz.002732,17.4500,17.4800,17.4500,17.4700,28100,491072.0000,3
2025-12-25,20251225104000000,sz.002732,17.4700,17.5100,17.4700,17.5000,34100,596506.0000,3
2025-12-25,20251225104500000,sz.002732,17.5100,17.5800,17.4900,17.5600,123600,2166794.0000,3
2025-12-25,20251225105000000,sz.002732,17.5800,17.5800,17.5500,17.5500,80700,1417072.0000,3
2025-12-25,20251225105500000,sz.002732,17.5400,17.5400,17.5200,17.5200,27100,475082.0000,3
2025-12-25,20251225110000000,sz.002732,17.5200,17.5200,17.5100,17.5200,23600,413422.0000,3
2025-12-25,20251225110500000,sz.002732,17.5200,17.5200,17.5000,17.5100,22300,390384.0000,3
2025-12-25,20251225111000000,sz.002732,17.5100,17.5100,17.4900,17.5000,39600,693048.0000,3
2025-12-25,20251225111500000,sz.002732,17.5000,17.5500,17.5000,17.5500,103200,1807808.0000,3
2025-12-25,20251225112000000,sz.002732,17.5500,17.5700,17.5400,17.5600,63200,1109540.0000,3
2025-12-25,20251225112500000,sz.002732,17.5400,17.5400,17.5100,17.5200,16400,287508.0000,3
2025-12-25,20251225113000000,sz.002732,17.5300,17.5300,17.5100,17.5100,10900,190960.0000,3
2025-12-25,20251225130500000,sz.002732,17.5100,17.5100,17.4600,17.4600,93100,1626756.0000,3
2025-12-25,20251225131000000,sz.002732,17.4600,17.5100,17.4400,17.4900,69000,1205856.0000,3
2025-12-25,20251225131500000,sz.002732,17.5100,17.5200,17.4900,17.4900,26700,467380.0000,3
2025-12-25,20251225132000000,sz.002732,17.4900,17.5200,17.4800,17.4900,176100,3081336.0000,3
2025-12-25,20251225132500000,sz.002732,17.4900,17.5200,17.4700,17.5200,76700,1341772.0000,3
2025-12-25,20251225133000000,sz.002732,17.5200,17.5500,17.5200,17.5200,53300,934544.0000,3
2025-12-25,20251225133500000,sz.002732,17.5300,17.5400,17.5100,17.5200,28200,494260.0000,3
2025-12-25,20251225134000000,sz.002732,17.5200,17.5200,17.5000,17.5100,19800,346660.0000,3
2025-12-25,20251225134500000,sz.002732,17.5000,17.5100,17.4900,17.5000,37900,663200.0000,3
2025-12-25,20251225135000000,sz.002732,17.5000,17.5100,17.4900,17.5000,27600,483032.0000,3
2025-12-25,20251225135500000,sz.002732,17.5000,17.5100,17.4900,17.5100,31100,544088.0000,3
2025-12-25,20251225140000000,sz.002732,17.5100,17.5800,17.5100,17.5500,105000,1843288.0000,3
2025-12-25,20251225140500000,sz.002732,17.5500,17.5800,17.5400,17.5500,34800,611100.0000,3
2025-12-25,20251225141000000,sz.002732,17.5500,17.5700,17.5500,17.5700,60200,1057036.0000,3
2025-12-25,20251225141500000,sz.002732,17.5600,17.5800,17.5600,17.5800,24200,425124.0000,3
2025-12-25,20251225142000000,sz.002732,17.5800,17.5800,17.5600,17.5700,44500,781864.0000,3
2025-12-25,20251225142500000,sz.002732,17.5700,17.5700,17.5600,17.5700,17200,302172.0000,3
2025-12-25,20251225143000000,sz.002732,17.5600,17.5600,17.5400,17.5500,39200,688128.0000,3
2025-12-25,20251225143500000,sz.002732,17.5500,17.5500,17.5300,17.5500,33300,584128.0000,3
2025-12-25,20251225144000000,sz.002732,17.5500,17.5500,17.5300,17.5300,48700,853944.0000,3
2025-12-25,20251225144500000,sz.002732,17.5300,17.5400,17.5200,17.5300,55200,967700.0000,3
2025-12-25,20251225145000000,sz.002732,17.5200,17.5500,17.5200,17.5400,80400,1410072.0000,3
2025-12-25,20251225145500000,sz.002732,17.5400,17.5500,17.5300,17.5400,96800,1697628.0000,3
2025-12-25,20251225150000000,sz.002732,17.5400,17.5500,17.5000,17.5000,332900,5827668.0000,3
2025-12-26,20251226093500000,sz.002732,17.5000,17.5900,17.4900,17.5300,235700,4133922.0000,3
2025-12-26,20251226094000000,sz.002732,17.5300,17.5800,17.4700,17.4700,174000,3049146.0000,3
2025-12-26,20251226094500000,sz.002732,17.4900,17.5100,17.4300,17.4900,272900,4771245.0000,3
2025-12-26,20251226095000000,sz.002732,17.5000,17.5500,17.4700,17.5200,101400,1775491.0000,3
2025-12-26,20251226095500000,sz.002732,17.5300,17.5500,17.4300,17.4400,145500,2543656.0000,3
2025-12-26,20251226100000000,sz.002732,17.4400,17.4800,17.4100,17.4500,189700,3308556.0000,3
2025-12-26,20251226100500000,sz.002732,17.4400,17.4700,17.4300,17.4500,166300,2899648.0000,3
2025-12-26,20251226101000000,sz.002732,17.4500,17.4500,17.4100,17.4100,99800,1739052.0000,3
2025-12-26,20251226101500000,sz.002732,17.4100,17.4400,17.4100,17.4400,89500,1558664.0000,3
2025-12-26,20251226102000000,sz.002732,17.4400,17.4500,17.4200,17.4300,45200,787820.0000,3
2025-12-26,20251226102500000,sz.002732,17.4300,17.4900,17.4300,17.4800,40800,712552.0000,3
2025-12-26,20251226103000000,sz.002732,17.4800,17.4800,17.4500,17.4700,28800,502984.0000,3
2025-12-26,20251226103500000,sz.002732,17.4700,17.4800,17.4600,17.4600,29000,506772.0000,3
2025-12-26,20251226104000000,sz.002732,17.4600,17.4700,17.4500,17.4700,29100,508120.0000,3
2025-12-26,20251226104500000,sz.002732,17.4700,17.4900,17.4600,17.4900,44900,784340.0000,3
2025-12-26,20251226105000000,sz.002732,17.4900,17.4900,17.4600,17.4700,22700,396760.0000,3
2025-12-26,20251226105500000,sz.002732,17.4800,17.4900,17.4700,17.4900,20500,358332.0000,3
2025-12-26,20251226110000000,sz.002732,17.4800,17.4900,17.4700,17.4700,31400,548732.0000,3
2025-12-26,20251226110500000,sz.002732,17.4800,17.4800,17.4700,17.4800,9800,171286.0000,3
2025-12-26,20251226111000000,sz.002732,17.4800,17.4900,17.4500,17.4600,82000,1432408.0000,3
2025-12-26,20251226111500000,sz.002732,17.4600,17.4600,17.4300,17.4400,65900,1149738.0000,3
2025-12-26,20251226112000000,sz.002732,17.4500,17.4500,17.3500,17.3700,237400,4128336.0000,3
2025-12-26,20251226112500000,sz.002732,17.3500,17.3800,17.3100,17.3100,150500,2609996.0000,3
2025-12-26,20251226113000000,sz.002732,17.3100,17.4100,17.3100,17.3900,108400,1882464.0000,3
2025-12-26,20251226130500000,sz.002732,17.4000,17.4200,17.3800,17.3900,138200,2402572.0000,3
2025-12-26,20251226131000000,sz.002732,17.3900,17.4100,17.3800,17.3900,42800,744368.0000,3
2025-12-26,20251226131500000,sz.002732,17.4000,17.4000,17.3600,17.4000,43300,752420.0000,3
2025-12-26,20251226132000000,sz.002732,17.4000,17.4100,17.3800,17.4000,31500,548100.0000,3
2025-12-26,20251226132500000,sz.002732,17.4000,17.4000,17.3600,17.3600,126600,2199236.0000,3
2025-12-26,20251226133000000,sz.002732,17.3700,17.3900,17.3500,17.3600,70100,1217228.0000,3
2025-12-26,20251226133500000,sz.002732,17.3800,17.4000,17.3700,17.3900,79100,1374752.0000,3
2025-12-26,20251226134000000,sz.002732,17.4000,17.4000,17.3800,17.4000,27400,476560.0000,3
2025-12-26,20251226134500000,sz.002732,17.4000,17.4000,17.3800,17.3900,28900,502416.0000,3
2025-12-26,20251226135000000,sz.002732,17.3900,17.3900,17.3800,17.3800,21500,373816.0000,3
2025-12-26,20251226135500000,sz.002732,17.3800,17.4000,17.3800,17.3900,24200,420648.0000,3
2025-12-26,20251226140000000,sz.002732,17.3900,17.4300,17.3900,17.4100,35100,610912.0000,3
2025-12-26,20251226140500000,sz.002732,17.4200,17.4300,17.4100,17.4100,26900,468512.0000,3
2025-12-26,20251226141000000,sz.002732,17.4300,17.4300,17.3800,17.3900,48800,848776.0000,3
2025-12-26,20251226141500000,sz.002732,17.3900,17.4000,17.3600,17.3700,34500,599524.0000,3
2025-12-26,20251226142000000,sz.002732,17.3800,17.3900,17.3500,17.3500,44000,763992.0000,3
2025-12-26,20251226142500000,sz.002732,17.3500,17.3500,17.3400,17.3400,64000,1110120.0000,3
2025-12-26,20251226143000000,sz.002732,17.3400,17.3400,17.2800,17.3000,202200,3499360.0000,3
2025-12-26,20251226143500000,sz.002732,17.3100,17.3100,17.2800,17.2900,74400,1286460.0000,3
2025-12-26,20251226144000000,sz.002732,17.2900,17.3000,17.2700,17.2700,71300,1232424.0000,3
2025-12-26,20251226144500000,sz.002732,17.2800,17.2900,17.2800,17.2900,44800,774356.0000,3
2025-12-26,20251226145000000,sz.002732,17.2900,17.3000,17.2800,17.2800,96900,1675088.0000,3
2025-12-26,20251226145500000,sz.002732,17.2800,17.2900,17.2700,17.2900,95400,1648468.0000,3
2025-12-26,20251226150000000,sz.002732,17.2900,17.3000,17.2800,17.3000,128500,2221584.0000,3
2025-12-29,20251229093500000,sz.002732,17.2600,17.2900,17.0900,17.1300,343500,5899083.0000,3
2025-12-29,20251229094000000,sz.002732,17.1200,17.1700,17.1100,17.1300,163300,2798069.0000,3
2025-12-29,20251229094500000,sz.002732,17.1300,17.1300,17.0800,17.0900,194100,3319898.0000,3
2025-12-29,20251229095000000,sz.002732,17.0900,17.1000,17.0400,17.0800,160200,2734726.0000,3
2025-12-29,20251229095500000,sz.002732,17.0800,17.1000,17.0800,17.0900,71100,1214813.0000,3
2025-12-29,20251229100000000,sz.002732,17.0800,17.1300,17.0800,17.1300,32200,550818.0000,3
2025-12-29,20251229100500000,sz.002732,17.1300,17.1300,17.1000,17.1100,39700,679365.0000,3
2025-12-29,20251229101000000,sz.002732,17.1200,17.1200,17.1000,17.1000,51900,887740.0000,3
2025-12-29,20251229101500000,sz.002732,17.0900,17.1100,17.0900,17.1000,34500,589948.0000,3
2025-12-29,20251229102000000,sz.002732,17.1100,17.1400,17.0900,17.0900,55500,949476.0000,3
2025-12-29,20251229102500000,sz.002732,17.1000,17.1100,17.0800,17.0800,49200,841084.0000,3
2025-12-29,20251229103000000,sz.002732,17.0800,17.0800,17.0600,17.0600,105700,1804108.0000,3
2025-12-29,20251229103500000,sz.002732,17.0600,17.0700,17.0500,17.0500,70800,1207432.0000,3
2025-12-29,20251229104000000,sz.002732,17.0500,17.0500,17.0200,17.0500,91900,1565650.0000,3
2025-12-29,20251229104500000,sz.002732,17.0500,17.0600,17.0400,17.0400,99800,1701586.0000,3
2025-12-29,20251229105000000,sz.002732,17.0500,17.0500,17.0300,17.0400,56000,954156.0000,3
2025-12-29,20251229105500000,sz.002732,17.0400,17.0400,17.0200,17.0300,70700,1203864.0000,3
2025-12-29,20251229110000000,sz.002732,17.0300,17.0400,17.0300,17.0300,31800,541608.0000,3
2025-12-29,20251229110500000,sz.002732,17.0400,17.0400,17.0000,17.0100,151500,2577826.0000,3
2025-12-29,20251229111000000,sz.002732,17.0100,17.0100,16.9800,16.9800,136300,2316394.0000,3
2025-12-29,20251229111500000,sz.002732,16.9900,17.0000,16.9800,16.9900,55800,948296.0000,3
2025-12-29,20251229112000000,sz.002732,17.0000,17.0000,16.9900,17.0000,24800,421544.0000,3
2025-12-29,20251229112500000,sz.002732,17.0000,17.0200,17.0000,17.0000,20900,355432.0000,3
2025-12-29,20251229113000000,sz.002732,17.0100,17.0100,17.0000,17.0100,57200,972744.0000,3
2025-12-29,20251229130500000,sz.002732,17.0000,17.0100,16.9900,16.9900,80100,1361196.0000,3
2025-12-29,20251229131000000,sz.002732,16.9900,16.9900,16.9700,16.9700,65300,1108716.0000,3
2025-12-29,20251229131500000,sz.002732,16.9600,16.9900,16.9600,16.9800,44700,758720.0000,3
2025-12-29,20251229132000000,sz.002732,16.9900,17.0200,16.9900,17.0200,25600,435380.0000,3
2025-12-29,20251229132500000,sz.002732,17.0200,17.0300,17.0000,17.0100,26100,444160.0000,3
2025-12-29,20251229133000000,sz.002732,17.0100,17.0400,17.0100,17.0300,14500,246844.0000,3
2025-12-29,20251229133500000,sz.002732,17.0300,17.0500,17.0200,17.0400,30500,519640.0000,3
2025-12-29,20251229134000000,sz.002732,17.0500,17.0700,17.0500,17.0600,26700,455452.0000,3
2025-12-29,20251229134500000,sz.002732,17.0600,17.0600,17.0400,17.0500,29100,496168.0000,3
2025-12-29,20251229135000000,sz.002732,17.0500,17.1000,17.0400,17.0900,22900,391020.0000,3
2025-12-29,20251229135500000,sz.002732,17.0900,17.0900,17.0800,17.0800,17400,297228.0000,3
2025-12-29,20251229140000000,sz.002732,17.0800,17.0900,17.0700,17.0800,28500,486828.0000,3
2025-12-29,20251229140500000,sz.002732,17.0800,17.1400,17.0700,17.1300,62100,1062236.0000,3
2025-12-29,20251229141000000,sz.002732,17.1200,17.1200,17.0900,17.1000,45900,785196.0000,3
2025-12-29,20251229141500000,sz.002732,17.1000,17.1300,17.1000,17.1300,51400,879544.0000,3
2025-12-29,20251229142000000,sz.002732,17.1200,17.1300,17.1000,17.1200,43400,743004.0000,3
2025-12-29,20251229142500000,sz.002732,17.1200,17.1300,17.0900,17.1100,84100,1439564.0000,3
2025-12-29,20251229143000000,sz.002732,17.1000,17.1000,17.0800,17.0900,77400,1323120.0000,3
2025-12-29,20251229143500000,sz.002732,17.0800,17.0800,17.0500,17.0600,37300,636508.0000,3
2025-12-29,20251229144000000,sz.002732,17.0600,17.0700,17.0500,17.0600,42500,725036.0000,3
2025-12-29,20251229144500000,sz.002732,17.0600,17.0700,17.0500,17.0600,44800,764156.0000,3
2025-12-29,20251229145000000,sz.002732,17.0700,17.0700,17.0500,17.0600,57100,974120.0000,3
2025-12-29,20251229145500000,sz.002732,17.0600,17.0900,17.0600,17.0700,55300,944072.0000,3
2025-12-29,20251229150000000,sz.002732,17.0700,17.0800,17.0600,17.0800,59200,1010852.0000,3
2025-12-30,20251230093500000,sz.002732,17.0800,17.0800,16.9200,16.9400,240300,4081705.0000,3
2025-12-30,20251230094000000,sz.002732,16.9400,16.9900,16.9400,16.9500,123500,2094223.0000,3
2025-12-30,20251230094500000,sz.002732,16.9500,16.9500,16.8800,16.8900,213100,3605059.0000,3
2025-12-30,20251230095000000,sz.002732,16.8800,16.9000,16.8500,16.9000,210200,3547100.0000,3
2025-12-30,20251230095500000,sz.002732,16.9000,16.9600,16.8900,16.9400,54300,919468.0000,3
2025-12-30,20251230100000000,sz.002732,16.9300,16.9800,16.9200,16.9400,45200,765972.0000,3
2025-12-30,20251230100500000,sz.002732,16.9400,16.9800,16.9300,16.9300,59100,1001734.0000,3
2025-12-30,20251230101000000,sz.002732,16.9400,16.9700,16.9300,16.9500,38700,655873.0000,3
2025-12-30,20251230101500000,sz.002732,16.9500,16.9800,16.9500,16.9700,31600,536062.0000,3
2025-12-30,20251230102000000,sz.002732,16.9800,16.9900,16.9700,16.9700,30300,514528.0000,3
2025-12-30,20251230102500000,sz.002732,16.9700,17.0000,16.9600,16.9900,60000,1018444.0000,3
2025-12-30,20251230103000000,sz.002732,16.9900,17.0100,16.9800,17.0000,36000,611788.0000,3
2025-12-30,20251230103500000,sz.002732,16.9900,17.0100,16.9900,17.0100,45600,775338.0000,3
2025-12-30,20251230104000000,sz.002732,16.9900,17.0100,16.9900,17.0000,37400,635842.0000,3
2025-12-30,20251230104500000,sz.002732,16.9900,17.0200,16.9900,17.0200,44100,750162.0000,3
2025-12-30,20251230105000000,sz.002732,17.0200,17.0400,17.0200,17.0400,42500,723992.0000,3
2025-12-30,20251230105500000,sz.002732,17.0400,17.1000,17.0400,17.1000,108400,1851434.0000,3
2025-12-30,20251230110000000,sz.002732,17.0900,17.1000,17.0700,17.0800,39300,671570.0000,3
2025-12-30,20251230110500000,sz.002732,17.0700,17.0800,17.0600,17.0700,23600,402874.0000,3
2025-12-30,20251230111000000,sz.002732,17.0600,17.0800,17.0600,17.0700,10400,177508.0000,3
2025-12-30,20251230111500000,sz.002732,17.0600,17.0700,17.0400,17.0700,34600,589800.0000,3
2025-12-30,20251230112000000,sz.002732,17.0600,17.0600,17.0400,17.0500,22900,390522.0000,3
2025-12-30,20251230112500000,sz.002732,17.0500,17.0600,17.0400,17.0500,12200,208018.0000,3
2025-12-30,20251230113000000,sz.002732,17.0600,17.0800,17.0600,17.0600,52200,891148.0000,3
2025-12-30,20251230130500000,sz.002732,17.0600,17.0700,17.0300,17.0300,46700,796258.0000,3
2025-12-30,20251230131000000,sz.002732,17.0200,17.0400,17.0200,17.0200,24000,408614.0000,3
2025-12-30,20251230131500000,sz.002732,17.0200,17.0400,17.0100,17.0100,42600,725092.0000,3
2025-12-30,20251230132000000,sz.002732,17.0000,17.0200,16.9800,16.9800,41200,700396.0000,3
2025-12-30,20251230132500000,sz.002732,16.9900,17.0600,16.9900,17.0400,40500,689764.0000,3
2025-12-30,20251230133000000,sz.002732,17.0400,17.0500,17.0300,17.0400,18200,310230.0000,3
2025-12-30,20251230133500000,sz.002732,17.0300,17.0700,17.0200,17.0200,59600,1015824.0000,3
2025-12-30,20251230134000000,sz.002732,17.0700,17.0800,17.0200,17.0500,69100,1177844.0000,3
2025-12-30,20251230134500000,sz.002732,17.0400,17.0600,17.0300,17.0300,21800,371618.0000,3
2025-12-30,20251230135000000,sz.002732,17.0300,17.0500,17.0300,17.0500,20300,345948.0000,3
2025-12-30,20251230135500000,sz.002732,17.0400,17.0400,17.0300,17.0300,12900,219748.0000,3
2025-12-30,20251230140000000,sz.002732,17.0300,17.0300,16.9900,16.9900,37800,642940.0000,3
2025-12-30,20251230140500000,sz.002732,16.9900,16.9900,16.9700,16.9900,37000,628492.0000,3
2025-12-30,20251230141000000,sz.002732,16.9900,16.9900,16.9700,16.9900,20600,349796.0000,3
2025-12-30,20251230141500000,sz.002732,16.9900,17.0100,16.9800,17.0000,40800,693364.0000,3
2025-12-30,20251230142000000,sz.002732,17.0000,17.0100,16.9900,17.0000,29400,499780.0000,3
2025-12-30,20251230142500000,sz.002732,17.0000,17.0200,17.0000,17.0100,36100,614136.0000,3
2025-12-30,20251230143000000,sz.002732,17.0100,17.0400,16.9900,16.9900,75500,1283608.0000,3
2025-12-30,20251230143500000,sz.002732,16.9800,16.9900,16.9500,16.9600,97100,1647840.0000,3
2025-12-30,20251230144000000,sz.002732,16.9700,16.9800,16.9500,16.9700,65000,1102552.0000,3
2025-12-30,20251230144500000,sz.002732,16.9600,16.9600,16.9400,16.9400,88500,1499952.0000,3
2025-12-30,20251230145000000,sz.002732,16.9400,16.9500,16.9400,16.9400,60900,1031904.0000,3
2025-12-30,20251230145500000,sz.002732,16.9500,16.9500,16.9400,16.9500,54100,916784.0000,3
2025-12-30,20251230150000000,sz.002732,16.9500,16.9800,16.9400,16.9800,98000,1662172.0000,3
2025-12-31,20251231093500000,sz.002732,16.9800,17.0700,16.9300,16.9300,148200,2513433.0000,3
2025-12-31,20251231094000000,sz.002732,16.9200,16.9400,16.8800,16.9000,155200,2623705.0000,3
2025-12-31,20251231094500000,sz.002732,16.9100,16.9100,16.8800,16.8900,79000,1334811.0000,3
2025-12-31,20251231095000000,sz.002732,16.8900,16.8900,16.8500,16.8700,144700,2441498.0000,3
2025-12-31,20251231095500000,sz.002732,16.8700,16.9400,16.8700,16.9300,40900,691504.0000,3
2025-12-31,20251231100000000,sz.002732,16.9200,16.9300,16.8900,16.8900,34500,583173.0000,3
2025-12-31,20251231100500000,sz.002732,16.8900,16.8900,16.8700,16.8800,53100,896363.0000,3
2025-12-31,20251231101000000,sz.002732,16.8700,16.8900,16.8600,16.8800,36700,619323.0000,3
2025-12-31,20251231101500000,sz.002732,16.8800,16.9100,16.8500,16.8700,127300,2149390.0000,3
2025-12-31,20251231102000000,sz.002732,16.8600,16.8900,16.8600,16.8900,20800,351016.0000,3
2025-12-31,20251231102500000,sz.002732,16.9000,16.9300,16.9000,16.9200,25900,438148.0000,3
2025-12-31,20251231103000000,sz.002732,16.9200,16.9300,16.9000,16.9200,9300,157345.0000,3
2025-12-31,20251231103500000,sz.002732,16.9200,16.9400,16.9100,16.9300,41700,705704.0000,3
2025-12-31,20251231104000000,sz.002732,16.9400,16.9700,16.9300,16.9400,18200,308371.0000,3
2025-12-31,20251231104500000,sz.002732,16.9400,16.9600,16.9300,16.9400,36500,618610.0000,3
2025-12-31,20251231105000000,sz.002732,16.9400,16.9500,16.9300,16.9400,21300,360850.0000,3
2025-12-31,20251231105500000,sz.002732,16.9300,16.9400,16.9300,16.9300,9600,162536.0000,3
2025-12-31,20251231110000000,sz.002732,16.9300,16.9300,16.9300,16.9300,29100,492560.0000,3
2025-12-31,20251231110500000,sz.002732,16.9300,16.9700,16.9300,16.9700,31000,525428.0000,3
2025-12-31,20251231111000000,sz.002732,16.9700,16.9700,16.9600,16.9700,20000,339346.0000,3
2025-12-31,20251231111500000,sz.002732,16.9700,16.9800,16.9500,16.9800,29500,500412.0000,3
2025-12-31,20251231112000000,sz.002732,16.9900,17.0000,16.9600,16.9700,28900,490936.0000,3
2025-12-31,20251231112500000,sz.002732,16.9700,16.9800,16.9600,16.9600,7400,125582.0000,3
2025-12-31,20251231113000000,sz.002732,16.9600,16.9700,16.9500,16.9500,12200,206874.0000,3
2025-12-31,20251231130500000,sz.002732,16.9600,16.9700,16.9500,16.9600,15100,256038.0000,3
2025-12-31,20251231131000000,sz.002732,16.9600,16.9600,16.9300,16.9500,19700,333832.0000,3
2025-12-31,20251231131500000,sz.002732,16.9600,16.9700,16.9500,16.9700,15300,259600.0000,3
2025-12-31,20251231132000000,sz.002732,16.9800,17.0400,16.9800,17.0300,50200,854020.0000,3
2025-12-31,20251231132500000,sz.002732,17.0400,17.0400,16.9900,17.0100,84000,1429900.0000,3
2025-12-31,20251231133000000,sz.002732,17.0000,17.0200,16.9900,17.0000,22000,374104.0000,3
2025-12-31,20251231133500000,sz.002732,17.0100,17.0500,17.0100,17.0200,75200,1280984.0000,3
2025-12-31,20251231134000000,sz.002732,17.0200,17.0300,17.0000,17.0200,15200,258622.0000,3
2025-12-31,20251231134500000,sz.002732,17.0100,17.0100,16.9900,17.0000,18200,309338.0000,3
2025-12-31,20251231135000000,sz.002732,17.0000,17.0200,17.0000,17.0100,30700,522088.0000,3
2025-12-31,20251231135500000,sz.002732,17.0100,17.0200,17.0100,17.0200,7500,127628.0000,3
2025-12-31,20251231140000000,sz.002732,17.0200,17.0200,17.0000,17.0000,12200,207516.0000,3
2025-12-31,20251231140500000,sz.002732,17.0100,17.0200,17.0000,17.0200,15900,270492.0000,3
2025-12-31,20251231141000000,sz.002732,17.0100,17.0300,17.0100,17.0200,19800,336854.0000,3
2025-12-31,20251231141500000,sz.002732,17.0200,17.0300,17.0000,17.0200,16000,272248.0000,3
2025-12-31,20251231142000000,sz.002732,17.0200,17.0200,17.0100,17.0100,31300,532538.0000,3
2025-12-31,20251231142500000,sz.002732,17.0200,17.0300,17.0100,17.0300,49000,833992.0000,3
2025-12-31,20251231143000000,sz.002732,17.0300,17.0400,17.0200,17.0300,23900,407040.0000,3
2025-12-31,20251231143500000,sz.002732,17.0400,17.0400,17.0000,17.0100,52700,897084.0000,3
2025-12-31,20251231144000000,sz.002732,17.0100,17.0100,16.9800,16.9900,56200,955232.0000,3
2025-12-31,20251231144500000,sz.002732,16.9900,17.0300,16.9900,17.0000,70600,1201184.0000,3
2025-12-31,20251231145000000,sz.002732,17.0200,17.0300,17.0000,17.0200,64900,1104236.0000,3
2025-12-31,20251231145500000,sz.002732,17.0100,17.0200,16.9900,17.0000,60900,1035736.0000,3
2025-12-31,20251231150000000,sz.002732,17.0100,17.0200,17.0000,17.0200,113900,1938156.0000,3
2026-01-05,20260105093500000,sz.002732,17.0800,17.0800,16.9400,16.9600,163200,2775004.0000,3
2026-01-05,20260105094000000,sz.002732,16.9600,17.0400,16.9600,16.9800,134700,2290551.0000,3
2026-01-05,20260105094500000,sz.002732,17.0000,17.0700,16.9800,16.9800,60900,1036040.0000,3
2026-01-05,20260105095000000,sz.002732,16.9800,16.9900,16.9700,16.9800,59700,1013640.0000,3
2026-01-05,20260105095500000,sz.002732,16.9900,17.0300,16.9800,17.0000,77700,1320944.0000,3
2026-01-05,20260105100000000,sz.002732,17.0100,17.0400,17.0100,17.0200,57000,970268.0000,3
2026-01-05,20260105100500000,sz.002732,17.0300,17.0400,17.0200,17.0300,80400,1369345.0000,3
2026-01-05,20260105101000000,sz.002732,17.0200,17.0300,17.0000,17.0000,56300,958167.0000,3
2026-01-05,20260105101500000,sz.002732,17.0000,17.0200,16.9800,16.9800,76600,1302269.0000,3
2026-01-05,20260105102000000,sz.002732,16.9800,17.0100,16.9800,17.0100,22600,384305.0000,3
2026-01-05,20260105102500000,sz.002732,17.0100,17.0200,16.9900,17.0200,38100,648010.0000,3
2026-01-05,20260105103000000,sz.002732,17.0100,17.0300,17.0100,17.0300,31900,543149.0000,3
2026-01-05,20260105103500000,sz.002732,17.0200,17.0300,17.0000,17.0100,45200,769156.0000,3
2026-01-05,20260105104000000,sz.002732,17.0100,17.0100,17.0000,17.0100,32900,559477.0000,3
2026-01-05,20260105104500000,sz.002732,17.0100,17.0100,16.9900,17.0000,44800,761630.0000,3
2026-01-05,20260105105000000,sz.002732,17.0000,17.0500,16.9900,17.0500,104700,1780777.0000,3
2026-01-05,20260105105500000,sz.002732,17.0500,17.0500,17.0100,17.0100,32700,556817.0000,3
2026-01-05,20260105110000000,sz.002732,17.0100,17.0700,17.0100,17.0700,63200,1077210.0000,3
2026-01-05,20260105110500000,sz.002732,17.0600,17.0600,17.0200,17.0300,49900,850026.0000,3
2026-01-05,20260105111000000,sz.002732,17.0300,17.0400,17.0200,17.0200,34900,594291.0000,3
2026-01-05,20260105111500000,sz.002732,17.0200,17.0300,17.0200,17.0300,14600,248608.0000,3
2026-01-05,20260105112000000,sz.002732,17.0300,17.0400,17.0200,17.0200,53800,916038.0000,3
2026-01-05,20260105112500000,sz.002732,17.0200,17.0400,17.0200,17.0300,41000,698085.0000,3
2026-01-05,20260105113000000,sz.002732,17.0300,17.0300,17.0100,17.0300,60800,1034917.0000,3
2026-01-05,20260105130500000,sz.002732,17.0400,17.0500,17.0300,17.0400,30500,519556.0000,3
2026-01-05,20260105131000000,sz.002732,17.0400,17.0400,17.0200,17.0200,40800,694976.0000,3
2026-01-05,20260105131500000,sz.002732,17.0300,17.0500,17.0200,17.0400,27000,460047.0000,3
2026-01-05,20260105132000000,sz.002732,17.0400,17.0700,17.0300,17.0500,74900,1276962.0000,3
2026-01-05,20260105132500000,sz.002732,17.0500,17.0500,17.0300,17.0500,17200,293114.0000,3
2026-01-05,20260105133000000,sz.002732,17.0500,17.0600,17.0200,17.0300,108600,1850486.0000,3
2026-01-05,20260105133500000,sz.002732,17.0300,17.0600,17.0300,17.0400,41300,703992.0000,3
2026-01-05,20260105134000000,sz.002732,17.0400,17.0500,17.0200,17.0200,38100,648884.0000,3
2026-01-05,20260105134500000,sz.002732,17.0200,17.0500,17.0200,17.0500,71800,1222731.0000,3
2026-01-05,20260105135000000,sz.002732,17.0500,17.0500,17.0200,17.0300,41700,710201.0000,3
2026-01-05,20260105135500000,sz.002732,17.0300,17.0400,17.0100,17.0200,97900,1666500.0000,3
2026-01-05,20260105140000000,sz.002732,17.0100,17.0300,17.0100,17.0200,45100,767573.0000,3
2026-01-05,20260105140500000,sz.002732,17.0200,17.0200,17.0000,17.0200,49700,845441.0000,3
2026-01-05,20260105141000000,sz.002732,17.0100,17.0200,17.0000,17.0100,42600,724633.0000,3
2026-01-05,20260105141500000,sz.002732,17.0100,17.0200,17.0000,17.0200,51700,879595.0000,3
2026-01-05,20260105142000000,sz.002732,17.0100,17.0200,17.0000,17.0000,93800,1595343.0000,3
2026-01-05,20260105142500000,sz.002732,17.0000,17.0200,17.0000,17.0100,91600,1558692.0000,3
2026-01-05,20260105143000000,sz.002732,17.0100,17.0200,17.0100,17.0200,29800,507011.0000,3
2026-01-05,20260105143500000,sz.002732,17.0200,17.0400,17.0200,17.0200,366200,6236663.0000,3
2026-01-05,20260105144000000,sz.002732,17.0200,17.0300,17.0200,17.0200,29300,498809.0000,3
2026-01-05,20260105144500000,sz.002732,17.0200,17.0300,17.0100,17.0200,121300,2064008.0000,3
2026-01-05,20260105145000000,sz.002732,17.0200,17.0300,17.0100,17.0200,117200,1994201.0000,3
2026-01-05,20260105145500000,sz.002732,17.0200,17.0400,17.0200,17.0300,103700,1766152.0000,3
2026-01-05,20260105150000000,sz.002732,17.0400,17.0600,17.0300,17.0600,108200,1844794.0000,3
2026-01-06,20260106093500000,sz.002732,17.0700,17.1000,17.0100,17.0500,170100,2897605.0100,3
2026-01-06,20260106094000000,sz.002732,17.0200,17.0600,17.0200,17.0600,67200,1145617.0000,3
2026-01-06,20260106094500000,sz.002732,17.0600,17.0700,17.0300,17.0600,70000,1193849.0000,3
2026-01-06,20260106095000000,sz.002732,17.0600,17.0800,17.0400,17.0800,94000,1603332.0000,3
2026-01-06,20260106095500000,sz.002732,17.0800,17.1400,17.0700,17.1300,82100,1404201.0000,3
2026-01-06,20260106100000000,sz.002732,17.1200,17.1300,17.0900,17.1300,60600,1037270.0000,3
2026-01-06,20260106100500000,sz.002732,17.1300,17.1400,17.1100,17.1400,48100,823771.0000,3
2026-01-06,20260106101000000,sz.002732,17.1400,17.1600,17.1400,17.1400,69600,1193198.0000,3
2026-01-06,20260106101500000,sz.002732,17.1500,17.1500,17.1300,17.1500,44500,762757.0000,3
2026-01-06,20260106102000000,sz.002732,17.1500,17.1500,17.1400,17.1500,65100,1116038.0000,3
2026-01-06,20260106102500000,sz.002732,17.1500,17.1700,17.1400,17.1700,55100,945276.0000,3
2026-01-06,20260106103000000,sz.002732,17.1700,17.1700,17.1300,17.1500,100000,1714589.0000,3
2026-01-06,20260106103500000,sz.002732,17.1500,17.1500,17.1300,17.1400,84800,1453169.0000,3
2026-01-06,20260106104000000,sz.002732,17.1400,17.1400,17.1100,17.1200,171800,2941265.0000,3
2026-01-06,20260106104500000,sz.002732,17.1200,17.1300,17.1100,17.1300,64100,1097211.0000,3
2026-01-06,20260106105000000,sz.002732,17.1200,17.1400,17.1200,17.1400,31200,534355.0000,3
2026-01-06,20260106105500000,sz.002732,17.1200,17.1600,17.1200,17.1600,75700,1297707.0000,3
2026-01-06,20260106110000000,sz.002732,17.1600,17.1600,17.1500,17.1500,39400,675823.0000,3
2026-01-06,20260106110500000,sz.002732,17.1500,17.1600,17.1400,17.1400,25000,428805.0000,3
2026-01-06,20260106111000000,sz.002732,17.1400,17.1500,17.1400,17.1500,29000,497327.0000,3
2026-01-06,20260106111500000,sz.002732,17.1500,17.1500,17.1300,17.1400,56000,959768.0000,3
2026-01-06,20260106112000000,sz.002732,17.1400,17.1400,17.1300,17.1300,19900,340962.0000,3
2026-01-06,20260106112500000,sz.002732,17.1300,17.1500,17.1300,17.1300,31900,546778.0000,3
2026-01-06,20260106113000000,sz.002732,17.1300,17.1400,17.1200,17.1400,30200,517384.0000,3
2026-01-06,20260106130500000,sz.002732,17.1300,17.1400,17.1200,17.1300,79200,1356807.0000,3
2026-01-06,20260106131000000,sz.002732,17.1300,17.1400,17.1300,17.1300,13700,234720.0000,3
2026-01-06,20260106131500000,sz.002732,17.1300,17.1400,17.1300,17.1400,48000,822464.0000,3
2026-01-06,20260106132000000,sz.002732,17.1400,17.1400,17.1300,17.1300,28700,491752.0000,3
2026-01-06,20260106132500000,sz.002732,17.1300,17.1400,17.1200,17.1300,71700,1228157.0000,3
2026-01-06,20260106133000000,sz.002732,17.1300,17.1400,17.1200,17.1400,42900,734875.0000,3
2026-01-06,20260106133500000,sz.002732,17.1200,17.1400,17.1200,17.1300,42900,734936.0000,3
2026-01-06,20260106134000000,sz.002732,17.1300,17.1400,17.1200,17.1200,65400,1120097.0000,3
2026-01-06,20260106134500000,sz.002732,17.1200,17.1300,17.1100,17.1200,62800,1075036.0000,3
2026-01-06,20260106135000000,sz.002732,17.1200,17.1200,17.1000,17.1200,90500,1548240.0000,3
2026-01-06,20260106135500000,sz.002732,17.1200,17.1600,17.1200,17.1500,109500,1876821.0000,3
2026-01-06,20260106140000000,sz.002732,17.1600,17.1600,17.1200,17.1500,49200,843440.0000,3
2026-01-06,20260106140500000,sz.002732,17.1500,17.1600,17.1300,17.1500,69700,1195392.0000,3
2026-01-06,20260106141000000,sz.002732,17.1500,17.1600,17.1500,17.1500,18600,319073.0000,3
2026-01-06,20260106141500000,sz.002732,17.1500,17.1600,17.1500,17.1500,24900,427201.0000,3
2026-01-06,20260106142000000,sz.002732,17.1600,17.1600,17.1500,17.1600,29900,513019.0000,3
2026-01-06,20260106142500000,sz.002732,17.1500,17.1600,17.1400,17.1500,59200,1015284.0000,3
2026-01-06,20260106143000000,sz.002732,17.1500,17.1500,17.1400,17.1400,21800,373802.0000,3
2026-01-06,20260106143500000,sz.002732,17.1400,17.1500,17.1400,17.1400,39900,684097.0000,3
2026-01-06,20260106144000000,sz.002732,17.1400,17.1600,17.1400,17.1400,65800,1128374.0000,3
2026-01-06,20260106144500000,sz.002732,17.1400,17.1500,17.1300,17.1300,73300,1256144.0000,3
2026-01-06,20260106145000000,sz.002732,17.1300,17.1500,17.1300,17.1400,68600,1175723.0000,3
2026-01-06,20260106145500000,sz.002732,17.1400,17.1600,17.1400,17.1600,65300,1119687.0000,3
2026-01-06,20260106150000000,sz.002732,17.1600,17.1800,17.1500,17.1800,75800,1301680.0000,3
2026-01-07,20260107093500000,sz.002732,17.1800,17.1800,17.1100,17.1500,125800,2156664.0000,3
2026-01-07,20260107094000000,sz.002732,17.1500,17.1800,17.1300,17.1800,79500,1364588.0000,3
2026-01-07,20260107094500000,sz.002732,17.1800,17.1900,17.1600,17.1600,45200,776145.0000,3
2026-01-07,20260107095000000,sz.002732,17.1500,17.1800,17.1400,17.1400,86400,1482020.0000,3
2026-01-07,20260107095500000,sz.002732,17.1500,17.1500,17.1300,17.1400,52299,896250.8700,3
2026-01-07,20260107100000000,sz.002732,17.1400,17.1400,17.1200,17.1300,78001,1335697.1300,3
2026-01-07,20260107100500000,sz.002732,17.1300,17.1500,17.1100,17.1100,46000,787666.0000,3
2026-01-07,20260107101000000,sz.002732,17.1200,17.1200,17.1000,17.1100,99200,1697266.0000,3
2026-01-07,20260107101500000,sz.002732,17.1100,17.1200,17.0900,17.0900,94600,1617715.0000,3
2026-01-07,20260107102000000,sz.002732,17.0900,17.1000,17.0400,17.0600,165600,2827383.0000,3
2026-01-07,20260107102500000,sz.002732,17.0600,17.0600,17.0400,17.0400,83500,1423408.0000,3
2026-01-07,20260107103000000,sz.002732,17.0400,17.0800,17.0300,17.0700,55100,939735.0000,3
2026-01-07,20260107103500000,sz.002732,17.0700,17.0800,17.0600,17.0700,26500,452287.0000,3
2026-01-07,20260107104000000,sz.002732,17.0700,17.0800,17.0600,17.0700,32200,549719.0000,3
2026-01-07,20260107104500000,sz.002732,17.0700,17.0900,17.0600,17.0800,22000,375631.0000,3
2026-01-07,20260107105000000,sz.002732,17.0800,17.0900,17.0600,17.0800,58600,1000809.0000,3
2026-01-07,20260107105500000,sz.002732,17.0800,17.0800,17.0700,17.0800,23500,401270.0000,3
2026-01-07,20260107110000000,sz.002732,17.0800,17.0900,17.0700,17.0900,15500,264735.0000,3
2026-01-07,20260107110500000,sz.002732,17.0900,17.1000,17.0800,17.0900,23200,396457.0000,3
2026-01-07,20260107111000000,sz.002732,17.0900,17.1000,17.0900,17.1000,4800,82045.0000,3
2026-01-07,20260107111500000,sz.002732,17.0900,17.1000,17.0800,17.0800,26300,449431.0000,3
2026-01-07,20260107112000000,sz.002732,17.0800,17.0900,17.0800,17.0900,11900,203299.0000,3
2026-01-07,20260107112500000,sz.002732,17.0900,17.1100,17.0900,17.1100,25100,429163.0000,3
2026-01-07,20260107113000000,sz.002732,17.1100,17.1100,17.0900,17.1100,27700,473903.0000,3
2026-01-07,20260107130500000,sz.002732,17.1000,17.1500,17.1000,17.1500,91700,1570131.0000,3
2026-01-07,20260107131000000,sz.002732,17.1500,17.1800,17.1500,17.1800,70400,1208651.0000,3
2026-01-07,20260107131500000,sz.002732,17.1800,17.1800,17.1600,17.1600,32600,559857.0000,3
2026-01-07,20260107132000000,sz.002732,17.1600,17.1800,17.1600,17.1800,42300,726469.0000,3
2026-01-07,20260107132500000,sz.002732,17.1700,17.1900,17.1500,17.1600,49300,846595.0000,3
2026-01-07,20260107133000000,sz.002732,17.1600,17.1700,17.1500,17.1500,46100,790773.0000,3
2026-01-07,20260107133500000,sz.002732,17.1500,17.1500,17.1300,17.1400,15100,258831.0000,3
2026-01-07,20260107134000000,sz.002732,17.1400,17.1600,17.1400,17.1500,22700,389303.0000,3
2026-01-07,20260107134500000,sz.002732,17.1500,17.1600,17.1300,17.1300,35700,611966.0000,3
2026-01-07,20260107135000000,sz.002732,17.1300,17.1300,17.1000,17.1100,59700,1021801.0000,3
2026-01-07,20260107135500000,sz.002732,17.1100,17.1400,17.1100,17.1300,19700,337350.0000,3
2026-01-07,20260107140000000,sz.002732,17.1300,17.1400,17.1300,17.1300,20100,344353.0000,3
2026-01-07,20260107140500000,sz.002732,17.1300,17.1300,17.1200,17.1200,19000,325398.0000,3
2026-01-07,20260107141000000,sz.002732,17.1200,17.1500,17.1200,17.1500,24400,418162.0000,3
2026-01-07,20260107141500000,sz.002732,17.1500,17.1500,17.1300,17.1300,10100,173108.0000,3
2026-01-07,20260107142000000,sz.002732,17.1300,17.1500,17.1300,17.1400,23300,399340.0000,3
2026-01-07,20260107142500000,sz.002732,17.1400,17.1500,17.1300,17.1400,33800,579475.0000,3
2026-01-07,20260107143000000,sz.002732,17.1400,17.1500,17.1300,17.1400,38200,654772.0000,3
2026-01-07,20260107143500000,sz.002732,17.1400,17.1400,17.0900,17.0900,57200,979041.0000,3
2026-01-07,20260107144000000,sz.002732,17.0900,17.1000,17.0900,17.0900,18100,309393.0000,3
2026-01-07,20260107144500000,sz.002732,17.0900,17.0900,17.0600,17.0700,86400,1475404.0000,3
2026-01-07,20260107145000000,sz.002732,17.0700,17.0700,17.0500,17.0600,54300,926498.0000,3
2026-01-07,20260107145500000,sz.002732,17.0600,17.0600,17.0400,17.0500,121301,2067816.0400,3
2026-01-07,20260107150000000,sz.002732,17.0500,17.0600,17.0400,17.0600,153200,2612793.0000,3
2026-01-08,20260108093500000,sz.002732,17.0100,17.0300,16.9300,16.9600,249400,4235648.0000,3
2026-01-08,20260108094000000,sz.002732,16.9600,17.0000,16.9500,16.9800,90500,1536660.0000,3
2026-01-08,20260108094500000,sz.002732,16.9800,16.9800,16.9500,16.9600,109500,1856525.0000,3
2026-01-08,20260108095000000,sz.002732,16.9600,16.9900,16.9500,16.9900,59500,1009648.0000,3
2026-01-08,20260108095500000,sz.002732,16.9900,17.0100,16.9900,17.0100,27100,460795.0000,3
2026-01-08,20260108100000000,sz.002732,17.0100,17.0200,16.9900,16.9900,37200,632411.0000,3
2026-01-08,20260108100500000,sz.002732,17.0000,17.0100,16.9900,16.9900,59100,1004479.0000,3
2026-01-08,20260108101000000,sz.002732,16.9900,17.0100,16.9800,16.9900,32700,555695.0000,3
2026-01-08,20260108101500000,sz.002732,16.9900,17.0000,16.9900,16.9900,19100,324542.0000,3
2026-01-08,20260108102000000,sz.002732,17.0000,17.0100,16.9900,17.0000,29200,496384.0000,3
2026-01-08,20260108102500000,sz.002732,17.0000,17.0100,16.9800,16.9800,41700,708588.0000,3
2026-01-08,20260108103000000,sz.002732,16.9800,17.0300,16.9800,17.0300,47000,799286.0000,3
2026-01-08,20260108103500000,sz.002732,17.0300,17.0500,17.0200,17.0500,47100,802670.0000,3
2026-01-08,20260108104000000,sz.002732,17.0500,17.0700,17.0500,17.0700,41800,713138.0000,3
2026-01-08,20260108104500000,sz.002732,17.0700,17.0800,17.0500,17.0800,31700,540984.0000,3
2026-01-08,20260108105000000,sz.002732,17.0800,17.1000,17.0700,17.0900,34900,596277.0000,3
2026-01-08,20260108105500000,sz.002732,17.0900,17.1200,17.0900,17.1100,23100,395071.0000,3
2026-01-08,20260108110000000,sz.002732,17.1100,17.1100,17.0800,17.0800,49400,844581.0000,3
2026-01-08,20260108110500000,sz.002732,17.0800,17.0900,17.0800,17.0800,13500,230675.0000,3
2026-01-08,20260108111000000,sz.002732,17.0800,17.0900,17.0800,17.0800,40900,698822.0000,3
2026-01-08,20260108111500000,sz.002732,17.0900,17.0900,17.0500,17.0500,49100,838125.0000,3
2026-01-08,20260108112000000,sz.002732,17.0500,17.0600,17.0500,17.0600,17700,301823.0000,3
2026-01-08,20260108112500000,sz.002732,17.0600,17.0600,17.0400,17.0600,20800,354606.0000,3
2026-01-08,20260108113000000,sz.002732,17.0600,17.0700,17.0600,17.0700,20400,348107.0000,3
2026-01-08,20260108130500000,sz.002732,17.0700,17.0700,17.0300,17.0500,56300,960180.0000,3
2026-01-08,20260108131000000,sz.002732,17.0600,17.0600,17.0400,17.0400,32300,550841.0000,3
2026-01-08,20260108131500000,sz.002732,17.0400,17.0600,17.0400,17.0600,22700,387139.0000,3
2026-01-08,20260108132000000,sz.002732,17.0600,17.0900,17.0600,17.0900,55600,949264.0000,3
2026-01-08,20260108132500000,sz.002732,17.0900,17.1200,17.0800,17.1200,79100,1352640.0000,3
2026-01-08,20260108133000000,sz.002732,17.1200,17.1400,17.1000,17.1100,74300,1272402.0000,3
2026-01-08,20260108133500000,sz.002732,17.1100,17.1100,17.0900,17.1000,31600,540383.0000,3
2026-01-08,20260108134000000,sz.002732,17.1000,17.1100,17.0800,17.1100,16500,282017.0000,3
2026-01-08,20260108134500000,sz.002732,17.1100,17.1300,17.0900,17.1200,82500,1411877.0000,3
2026-01-08,20260108135000000,sz.002732,17.1200,17.1200,17.1000,17.1200,15400,263549.0000,3
2026-01-08,20260108135500000,sz.002732,17.1200,17.1500,17.1100,17.1400,63200,1082657.0000,3
2026-01-08,20260108140000000,sz.002732,17.1400,17.1600,17.1300,17.1500,57900,992967.0000,3
2026-01-08,20260108140500000,sz.002732,17.1500,17.1600,17.1400,17.1400,33400,572734.0000,3
2026-01-08,20260108141000000,sz.002732,17.1400,17.1500,17.1300,17.1300,37400,641136.0000,3
2026-01-08,20260108141500000,sz.002732,17.1300,17.1400,17.1000,17.1200,103300,1768228.0000,3
2026-01-08,20260108142000000,sz.002732,17.1200,17.1500,17.1200,17.1400,48200,825893.0000,3
2026-01-08,20260108142500000,sz.002732,17.1500,17.1500,17.1300,17.1400,49600,850133.0000,3
2026-01-08,20260108143000000,sz.002732,17.1400,17.1500,17.1300,17.1300,25700,440496.0000,3
2026-01-08,20260108143500000,sz.002732,17.1300,17.1500,17.1300,17.1300,37500,642681.0000,3
2026-01-08,20260108144000000,sz.002732,17.1300,17.1400,17.1300,17.1400,56700,971736.0000,3
2026-01-08,20260108144500000,sz.002732,17.1400,17.1400,17.1300,17.1300,56600,969909.0000,3
2026-01-08,20260108145000000,sz.002732,17.1400,17.1500,17.1300,17.1500,38100,653245.0000,3
2026-01-08,20260108145500000,sz.002732,17.1400,17.1600,17.1400,17.1600,98400,1687542.0000,3
2026-01-08,20260108150000000,sz.002732,17.1600,17.1700,17.1400,17.1700,121900,2091903.0000,3
2026-01-09,20260109093500000,sz.002732,17.1800,17.2000,17.1300,17.1500,126100,2165105.0000,3
2026-01-09,20260109094000000,sz.002732,17.1600,17.1700,17.1500,17.1600,74800,1283514.0000,3
2026-01-09,20260109094500000,sz.002732,17.1700,17.1800,17.1500,17.1600,92500,1587851.0000,3
2026-01-09,20260109095000000,sz.002732,17.1600,17.1600,17.1200,17.1300,136700,2342512.0000,3
2026-01-09,20260109095500000,sz.002732,17.1300,17.1600,17.1300,17.1500,78700,1348554.0000,3
2026-01-09,20260109100000000,sz.002732,17.1500,17.1600,17.1400,17.1500,51400,881416.0000,3
2026-01-09,20260109100500000,sz.002732,17.1600,17.1600,17.1400,17.1400,51500,883055.0000,3
2026-01-09,20260109101000000,sz.002732,17.1500,17.2100,17.1400,17.2100,135600,2329276.0000,3
2026-01-09,20260109101500000,sz.002732,17.2200,17.2400,17.2100,17.2200,96100,1655191.0000,3
2026-01-09,20260109102000000,sz.002732,17.2200,17.2300,17.1800,17.2100,84700,1456776.0000,3
2026-01-09,20260109102500000,sz.002732,17.2100,17.2100,17.1800,17.1800,69400,1193008.0000,3
2026-01-09,20260109103000000,sz.002732,17.1900,17.1900,17.1700,17.1700,30900,530713.0000,3
2026-01-09,20260109103500000,sz.002732,17.1700,17.1800,17.1700,17.1700,42600,731653.0000,3
2026-01-09,20260109104000000,sz.002732,17.1700,17.1800,17.1600,17.1600,40100,688393.0000,3
2026-01-09,20260109104500000,sz.002732,17.1600,17.1700,17.1600,17.1700,23500,403324.0000,3
2026-01-09,20260109105000000,sz.002732,17.1700,17.1700,17.1600,17.1700,63100,1082971.0000,3
2026-01-09,20260109105500000,sz.002732,17.1700,17.1700,17.1600,17.1600,46000,789554.0000,3
2026-01-09,20260109110000000,sz.002732,17.1700,17.1800,17.1700,17.1800,67200,1154119.0000,3
2026-01-09,20260109110500000,sz.002732,17.1800,17.1800,17.1500,17.1500,42000,720843.0000,3
2026-01-09,20260109111000000,sz.002732,17.1500,17.1700,17.1500,17.1600,58000,995314.0000,3
2026-01-09,20260109111500000,sz.002732,17.1600,17.1700,17.1500,17.1600,13100,224838.0000,3
2026-01-09,20260109112000000,sz.002732,17.1600,17.1700,17.1500,17.1500,30900,530204.0000,3
2026-01-09,20260109112500000,sz.002732,17.1500,17.1600,17.1200,17.1200,88900,1523697.0000,3
2026-01-09,20260109113000000,sz.002732,17.1300,17.1400,17.1100,17.1200,58700,1005168.0000,3
2026-01-09,20260109130500000,sz.002732,17.1200,17.1300,17.1000,17.1100,62300,1066130.0000,3
2026-01-09,20260109131000000,sz.002732,17.1100,17.1200,17.1000,17.1200,12900,220782.0000,3
2026-01-09,20260109131500000,sz.002732,17.1200,17.1300,17.1200,17.1300,32600,558321.0000,3
2026-01-09,20260109132000000,sz.002732,17.1300,17.1300,17.1100,17.1100,27400,468914.0000,3
2026-01-09,20260109132500000,sz.002732,17.1100,17.1200,17.1100,17.1200,20900,357688.0000,3
2026-01-09,20260109133000000,sz.002732,17.1200,17.1200,17.1100,17.1200,17200,294383.0000,3
2026-01-09,20260109133500000,sz.002732,17.1200,17.1400,17.1100,17.1200,21900,375061.0000,3
2026-01-09,20260109134000000,sz.002732,17.1200,17.1400,17.1200,17.1300,28800,493436.0000,3
2026-01-09,20260109134500000,sz.002732,17.1300,17.1500,17.1300,17.1300,25000,428343.0000,3
2026-01-09,20260109135000000,sz.002732,17.1300,17.1500,17.1300,17.1400,19400,332522.0000,3
2026-01-09,20260109135500000,sz.002732,17.1400,17.1500,17.1300,17.1400,48900,838123.0000,3
2026-01-09,20260109140000000,sz.002732,17.1500,17.1600,17.1400,17.1500,12200,209206.0000,3
2026-01-09,20260109140500000,sz.002732,17.1500,17.1900,17.1500,17.1800,105000,1803374.0000,3
2026-01-09,20260109141000000,sz.002732,17.1800,17.1900,17.1700,17.1800,88100,1513501.0000,3
2026-01-09,20260109141500000,sz.002732,17.1800,17.1800,17.1700,17.1700,25800,443089.0000,3
2026-01-09,20260109142000000,sz.002732,17.1700,17.1800,17.1700,17.1700,29800,511771.0000,3
2026-01-09,20260109142500000,sz.002732,17.1700,17.1900,17.1700,17.1800,28900,496441.0000,3
2026-01-09,20260109143000000,sz.002732,17.1800,17.1900,17.1800,17.1800,29100,499972.0000,3
2026-01-09,20260109143500000,sz.002732,17.1800,17.1900,17.1800,17.1800,37500,644385.0000,3
2026-01-09,20260109144000000,sz.002732,17.1900,17.2200,17.1800,17.2200,97300,1673598.0000,3
2026-01-09,20260109144500000,sz.002732,17.2200,17.2200,17.2100,17.2200,61600,1060458.0000,3
2026-01-09,20260109145000000,sz.002732,17.2100,17.2200,17.2100,17.2200,102700,1767805.0000,3
2026-01-09,20260109145500000,sz.002732,17.2100,17.2300,17.2100,17.2200,85800,1477654.0000,3
2026-01-09,20260109150000000,sz.002732,17.2300,17.2500,17.2200,17.2500,131400,2264515.0000,3
2026-01-12,20260112093500000,sz.002732,17.5900,17.5900,17.2700,17.3300,481600,8390250.0000,3
2026-01-12,20260112094000000,sz.002732,17.3000,17.3300,17.2700,17.2700,123800,2140837.0000,3
2026-01-12,20260112094500000,sz.002732,17.2800,17.3400,17.2600,17.3000,78900,1364834.0000,3
2026-01-12,20260112095000000,sz.002732,17.3000,17.3000,17.2700,17.2700,45600,788034.0000,3
2026-01-12,20260112095500000,sz.002732,17.2800,17.2800,17.2400,17.2400,78300,1351843.0000,3
2026-01-12,20260112100000000,sz.002732,17.2300,17.2300,17.2100,17.2100,77500,1334468.0000,3
2026-01-12,20260112100500000,sz.002732,17.2000,17.2500,17.2000,17.2400,53900,927983.0000,3
2026-01-12,20260112101000000,sz.002732,17.2400,17.2500,17.2300,17.2300,28700,494767.0000,3
2026-01-12,20260112101500000,sz.002732,17.2300,17.2500,17.2300,17.2500,21000,362145.0000,3
2026-01-12,20260112102000000,sz.002732,17.2500,17.2600,17.2400,17.2600,29900,515798.0000,3
2026-01-12,20260112102500000,sz.002732,17.2600,17.2700,17.2500,17.2700,23900,412503.0000,3
2026-01-12,20260112103000000,sz.002732,17.2700,17.2900,17.2600,17.2800,59500,1027556.0000,3
2026-01-12,20260112103500000,sz.002732,17.2800,17.3100,17.2700,17.3000,86500,1495926.0000,3
2026-01-12,20260112104000000,sz.002732,17.3000,17.3200,17.3000,17.3100,59100,1022520.0000,3
2026-01-12,20260112104500000,sz.002732,17.3000,17.3100,17.2800,17.2900,36600,632863.0000,3
2026-01-12,20260112105000000,sz.002732,17.2900,17.3200,17.2900,17.3100,41500,718111.0000,3
2026-01-12,20260112105500000,sz.002732,17.3100,17.3200,17.3100,17.3200,20700,358468.0000,3
2026-01-12,20260112110000000,sz.002732,17.3100,17.3200,17.3000,17.3100,113600,1965594.0000,3
2026-01-12,20260112110500000,sz.002732,17.3100,17.3500,17.3000,17.3400,101500,1759663.0000,3
2026-01-12,20260112111000000,sz.002732,17.3400,17.3500,17.3300,17.3400,40700,705891.0000,3
2026-01-12,20260112111500000,sz.002732,17.3400,17.3500,17.3300,17.3300,73600,1276393.0000,3
2026-01-12,20260112112000000,sz.002732,17.3300,17.3300,17.2900,17.3100,53900,933006.0000,3
2026-01-12,20260112112500000,sz.002732,17.3100,17.3200,17.3100,17.3200,7900,136797.0000,3
2026-01-12,20260112113000000,sz.002732,17.3200,17.3400,17.3200,17.3400,17700,306734.0000,3
2026-01-12,20260112130500000,sz.002732,17.3400,17.3400,17.3200,17.3300,41500,719086.0000,3
2026-01-12,20260112131000000,sz.002732,17.3200,17.3500,17.3200,17.3300,50300,871870.0000,3
2026-01-12,20260112131500000,sz.002732,17.3300,17.3300,17.2900,17.2900,49200,851532.0000,3
2026-01-12,20260112132000000,sz.002732,17.2900,17.2900,17.2600,17.2800,81700,1410640.0000,3
2026-01-12,20260112132500000,sz.002732,17.2800,17.2800,17.2600,17.2700,37300,644066.0000,3
2026-01-12,20260112133000000,sz.002732,17.2700,17.2800,17.2600,17.2700,41700,720026.0000,3
2026-01-12,20260112133500000,sz.002732,17.2800,17.2800,17.2700,17.2800,47900,827490.0000,3
2026-01-12,20260112134000000,sz.002732,17.2800,17.2900,17.2600,17.2900,79300,1369726.0000,3
2026-01-12,20260112134500000,sz.002732,17.2900,17.3300,17.2800,17.3100,62700,1084783.0000,3
2026-01-12,20260112135000000,sz.002732,17.3100,17.3100,17.3000,17.3100,37800,654272.0000,3
2026-01-12,20260112135500000,sz.002732,17.3100,17.3100,17.2900,17.2900,36700,634908.0000,3
2026-01-12,20260112140000000,sz.002732,17.3000,17.3000,17.2800,17.2900,28600,494345.0000,3
2026-01-12,20260112140500000,sz.002732,17.2900,17.3200,17.2900,17.3100,61100,1057617.0000,3
2026-01-12,20260112141000000,sz.002732,17.3100,17.3100,17.3000,17.3100,55900,967333.0000,3
2026-01-12,20260112141500000,sz.002732,17.3100,17.3100,17.2900,17.3100,36700,635023.0000,3
2026-01-12,20260112142000000,sz.002732,17.3100,17.3100,17.3000,17.3000,22500,389317.0000,3
2026-01-12,20260112142500000,sz.002732,17.3000,17.3200,17.3000,17.3200,46700,808224.0000,3
2026-01-12,20260112143000000,sz.002732,17.3200,17.3300,17.3100,17.3100,52500,909133.0000,3
2026-01-12,20260112143500000,sz.002732,17.3100,17.3100,17.3000,17.3000,78400,1356876.0000,3
2026-01-12,20260112144000000,sz.002732,17.3100,17.3300,17.3000,17.3100,108600,1880923.0000,3
2026-01-12,20260112144500000,sz.002732,17.3200,17.3200,17.3000,17.3100,87200,1509449.0000,3
2026-01-12,20260112145000000,sz.002732,17.3100,17.3600,17.3100,17.3400,152800,2648666.0000,3
2026-01-12,20260112145500000,sz.002732,17.3400,17.3700,17.3400,17.3700,87400,1516845.0000,3
2026-01-12,20260112150000000,sz.002732,17.3700,17.3700,17.3500,17.3700,162400,2820434.0000,3
2026-01-13,20260113093500000,sz.002732,17.3700,17.3700,17.2900,17.3300,196700,3408424.0000,3
2026-01-13,20260113094000000,sz.002732,17.3000,17.3300,17.2500,17.2900,195000,3369160.0000,3
2026-01-13,20260113094500000,sz.002732,17.2900,17.3100,17.2400,17.2400,160700,2776542.0000,3
2026-01-13,20260113095000000,sz.002732,17.2400,17.2900,17.2400,17.2800,156500,2702566.0000,3
2026-01-13,20260113095500000,sz.002732,17.2800,17.3200,17.2700,17.3000,137500,2378396.0000,3
2026-01-13,20260113100000000,sz.002732,17.3000,17.3600,17.2900,17.3400,112200,1944674.0000,3
2026-01-13,20260113100500000,sz.002732,17.3500,17.3500,17.3100,17.3300,58200,1008322.0000,3
2026-01-13,20260113101000000,sz.002732,17.3300,17.3700,17.3300,17.3700,149800,2599538.0000,3
2026-01-13,20260113101500000,sz.002732,17.3700,17.4000,17.3500,17.3600,78500,1363741.0000,3
2026-01-13,20260113102000000,sz.002732,17.3600,17.3700,17.3500,17.3700,64600,1121820.0000,3
2026-01-13,20260113102500000,sz.002732,17.3700,17.4000,17.3600,17.3900,170600,2965148.0000,3
2026-01-13,20260113103000000,sz.002732,17.3900,17.4400,17.3900,17.4400,102700,1788043.0000,3
2026-01-13,20260113103500000,sz.002732,17.4300,17.4600,17.4000,17.4000,179800,3134456.0000,3
2026-01-13,20260113104000000,sz.002732,17.4000,17.4400,17.4000,17.4300,94700,1650708.0000,3
2026-01-13,20260113104500000,sz.002732,17.4300,17.4700,17.4300,17.4400,101800,1776713.0000,3
2026-01-13,20260113105000000,sz.002732,17.4400,17.4700,17.4400,17.4600,57500,1004134.0000,3
2026-01-13,20260113105500000,sz.002732,17.4600,17.4700,17.4400,17.4400,49000,855212.0000,3
2026-01-13,20260113110000000,sz.002732,17.4400,17.4600,17.4400,17.4500,36300,633323.0000,3
2026-01-13,20260113110500000,sz.002732,17.4500,17.4500,17.4400,17.4400,24400,425654.0000,3
2026-01-13,20260113111000000,sz.002732,17.4400,17.4500,17.4300,17.4300,19500,340024.0000,3
2026-01-13,20260113111500000,sz.002732,17.4300,17.4400,17.4300,17.4300,17900,312097.0000,3
2026-01-13,20260113112000000,sz.002732,17.4300,17.4400,17.4200,17.4400,33600,585705.0000,3
2026-01-13,20260113112500000,sz.002732,17.4300,17.4300,17.4200,17.4200,22500,392150.0000,3
2026-01-13,20260113113000000,sz.002732,17.4200,17.4200,17.4100,17.4100,49900,868922.0000,3
2026-01-13,20260113130500000,sz.002732,17.4000,17.4100,17.3900,17.4100,95900,1668624.0000,3
2026-01-13,20260113131000000,sz.002732,17.4100,17.4200,17.3800,17.3900,39400,685493.0000,3
2026-01-13,20260113131500000,sz.002732,17.4000,17.4000,17.3700,17.3700,37100,644825.0000,3
2026-01-13,20260113132000000,sz.002732,17.3700,17.3800,17.3600,17.3600,51200,889226.0000,3
2026-01-13,20260113132500000,sz.002732,17.3600,17.3600,17.3300,17.3400,60800,1054680.0000,3
2026-01-13,20260113133000000,sz.002732,17.3400,17.3500,17.3300,17.3500,21900,379710.0000,3
2026-01-13,20260113133500000,sz.002732,17.3500,17.3600,17.3200,17.3300,26700,462969.0000,3
2026-01-13,20260113134000000,sz.002732,17.3200,17.3400,17.3200,17.3300,44100,764204.0000,3
2026-01-13,20260113134500000,sz.002732,17.3300,17.3700,17.3300,17.3700,61400,1065006.0000,3
2026-01-13,20260113135000000,sz.002732,17.3700,17.3700,17.3500,17.3600,11400,197918.0000,3
2026-01-13,20260113135500000,sz.002732,17.3600,17.3700,17.3500,17.3500,24300,421735.0000,3
2026-01-13,20260113140000000,sz.002732,17.3500,17.3700,17.3500,17.3700,38000,659776.0000,3
2026-01-13,20260113140500000,sz.002732,17.3700,17.3700,17.3400,17.3400,78700,1366088.0000,3
2026-01-13,20260113141000000,sz.002732,17.3400,17.3500,17.3400,17.3400,19300,334764.0000,3
2026-01-13,20260113141500000,sz.002732,17.3400,17.3600,17.3400,17.3500,10500,182126.0000,3
2026-01-13,20260113142000000,sz.002732,17.3500,17.3600,17.3300,17.3300,68200,1182399.0000,3
2026-01-13,20260113142500000,sz.002732,17.3300,17.3400,17.3300,17.3300,22400,388371.0000,3
2026-01-13,20260113143000000,sz.002732,17.3300,17.3400,17.3300,17.3300,26100,452475.0000,3
2026-01-13,20260113143500000,sz.002732,17.3300,17.3500,17.3300,17.3300,34300,594590.0000,3
2026-01-13,20260113144000000,sz.002732,17.3300,17.3300,17.2800,17.2900,123200,2132180.0000,3
2026-01-13,20260113144500000,sz.002732,17.2800,17.3000,17.2800,17.2900,31500,544590.0000,3
2026-01-13,20260113145000000,sz.002732,17.2900,17.2900,17.2600,17.2700,120600,2083094.0000,3
2026-01-13,20260113145500000,sz.002732,17.2800,17.3300,17.2700,17.3300,95600,1653139.0000,3
2026-01-13,20260113150000000,sz.002732,17.3300,17.3300,17.3100,17.3300,62700,1086127.0000,3
2026-01-14,20260114093500000,sz.002732,17.3200,17.3500,17.2700,17.3100,155073,2683462.6300,3
2026-01-14,20260114094000000,sz.002732,17.3100,17.3300,17.2700,17.3300,104100,1799900.0000,3
2026-01-14,20260114094500000,sz.002732,17.3000,17.3700,17.3000,17.3500,101400,1759170.0000,3
2026-01-14,20260114095000000,sz.002732,17.3600,17.3700,17.3400,17.3700,61500,1067739.0000,3
2026-01-14,20260114095500000,sz.002732,17.3600,17.3800,17.3600,17.3600,52700,915276.0000,3
2026-01-14,20260114100000000,sz.002732,17.3600,17.3600,17.3300,17.3300,52200,905115.0000,3
2026-01-14,20260114100500000,sz.002732,17.3300,17.3400,17.3200,17.3300,62100,1075944.0000,3
2026-01-14,20260114101000000,sz.002732,17.3300,17.3500,17.3000,17.3500,120600,2089548.0000,3
2026-01-14,20260114101500000,sz.002732,17.3500,17.3500,17.3200,17.3400,64400,1116268.0000,3
2026-01-14,20260114102000000,sz.002732,17.3400,17.3500,17.3300,17.3400,107000,1855407.0000,3
2026-01-14,20260114102500000,sz.002732,17.3300,17.3500,17.3300,17.3400,36000,624202.0000,3
2026-01-14,20260114103000000,sz.002732,17.3400,17.3600,17.3400,17.3500,75800,1314838.0000,3
2026-01-14,20260114103500000,sz.002732,17.3500,17.3700,17.3400,17.3700,142700,2476974.0000,3
2026-01-14,20260114104000000,sz.002732,17.3700,17.3700,17.3300,17.3400,102600,1780017.0000,3
2026-01-14,20260114104500000,sz.002732,17.3400,17.3500,17.3400,17.3400,67700,1174209.0000,3
2026-01-14,20260114105000000,sz.002732,17.3400,17.3600,17.3400,17.3500,69600,1207609.0000,3
2026-01-14,20260114105500000,sz.002732,17.3500,17.3500,17.3400,17.3500,19100,331339.0000,3
2026-01-14,20260114110000000,sz.002732,17.3400,17.3600,17.3400,17.3400,65000,1127648.0000,3
2026-01-14,20260114110500000,sz.002732,17.3400,17.3600,17.3400,17.3500,120700,2094520.0000,3
2026-01-14,20260114111000000,sz.002732,17.3500,17.3500,17.3400,17.3400,47200,818794.0000,3
2026-01-14,20260114111500000,sz.002732,17.3400,17.3600,17.3400,17.3500,80700,1400086.0000,3
2026-01-14,20260114112000000,sz.002732,17.3500,17.3600,17.3500,17.3600,34300,595265.0000,3
2026-01-14,20260114112500000,sz.002732,17.3600,17.3600,17.3500,17.3600,64700,1123122.0000,3
2026-01-14,20260114113000000,sz.002732,17.3600,17.3600,17.3500,17.3600,37200,645584.0000,3
2026-01-14,20260114130500000,sz.002732,17.3500,17.3700,17.3200,17.3500,227300,3942620.0000,3
2026-01-14,20260114131000000,sz.002732,17.3500,17.3500,17.2200,17.2800,250500,4328791.0000,3
2026-01-14,20260114131500000,sz.002732,17.2600,17.3000,17.2500,17.2500,145800,2518270.0000,3
2026-01-14,20260114132000000,sz.002732,17.2500,17.2500,17.1300,17.2100,320900,5514546.0000,3
2026-01-14,20260114132500000,sz.002732,17.2100,17.2300,17.1600,17.1900,83400,1434551.0000,3
2026-01-14,20260114133000000,sz.002732,17.1900,17.2100,17.1700,17.2100,51700,888969.0000,3
2026-01-14,20260114133500000,sz.002732,17.2100,17.2200,17.2000,17.2000,48800,839758.0000,3
2026-01-14,20260114134000000,sz.002732,17.2000,17.2300,17.1900,17.2100,38400,660778.0000,3
2026-01-14,20260114134500000,sz.002732,17.2200,17.2300,17.1800,17.1800,82700,1422259.0000,3
2026-01-14,20260114135000000,sz.002732,17.1800,17.1900,17.1700,17.1800,64700,1111421.0000,3
2026-01-14,20260114135500000,sz.002732,17.1800,17.2000,17.1800,17.1800,24600,422905.0000,3
2026-01-14,20260114140000000,sz.002732,17.1800,17.1900,17.1100,17.1100,155200,2662648.0000,3
2026-01-14,20260114140500000,sz.002732,17.1100,17.1300,17.0700,17.1300,93600,1600216.0000,3
2026-01-14,20260114141000000,sz.002732,17.1300,17.1300,17.0600,17.1000,90600,1547987.0000,3
2026-01-14,20260114141500000,sz.002732,17.1000,17.1900,17.1000,17.1800,27200,466592.0000,3
2026-01-14,20260114142000000,sz.002732,17.1800,17.2200,17.1800,17.2000,33800,581207.0000,3
2026-01-14,20260114142500000,sz.002732,17.2000,17.2000,17.1900,17.2000,34600,594823.0000,3
2026-01-14,20260114143000000,sz.002732,17.2000,17.2100,17.1900,17.2000,53600,922073.0000,3
2026-01-14,20260114143500000,sz.002732,17.2000,17.2100,17.1800,17.1800,79600,1368238.0000,3
2026-01-14,20260114144000000,sz.002732,17.1800,17.2000,17.1600,17.1800,46100,791684.0000,3
2026-01-14,20260114144500000,sz.002732,17.1900,17.2000,17.1700,17.1900,36300,623785.0000,3
2026-01-14,20260114145000000,sz.002732,17.1900,17.2400,17.1900,17.2200,42400,729860.0000,3
2026-01-14,20260114145500000,sz.002732,17.2200,17.2200,17.1900,17.2100,48500,834178.0000,3
2026-01-14,20260114150000000,sz.002732,17.2100,17.2300,17.2100,17.2300,82700,1423998.0000,3
2026-01-15,20260115093500000,sz.002732,17.1700,17.2800,17.1500,17.2700,191800,3302137.0000,3
2026-01-15,20260115094000000,sz.002732,17.2700,17.2900,17.2600,17.2700,81000,1399444.0000,3
2026-01-15,20260115094500000,sz.002732,17.2700,17.2900,17.2600,17.2900,74300,1283171.0000,3
2026-01-15,20260115095000000,sz.002732,17.2900,17.4000,17.2900,17.3200,193797,3359938.9500,3
2026-01-15,20260115095500000,sz.002732,17.3200,17.3200,17.2800,17.3000,27100,468774.0000,3
2026-01-15,20260115100000000,sz.002732,17.3000,17.3300,17.3000,17.3200,57600,997321.0000,3
2026-01-15,20260115100500000,sz.002732,17.3200,17.3200,17.2900,17.3000,30900,534515.0000,3
2026-01-15,20260115101000000,sz.002732,17.3000,17.3000,17.2600,17.2700,92400,1596174.0000,3
2026-01-15,20260115101500000,sz.002732,17.2700,17.2700,17.2400,17.2500,55800,962729.0000,3
2026-01-15,20260115102000000,sz.002732,17.2600,17.2800,17.2500,17.2600,15600,269268.0000,3
2026-01-15,20260115102500000,sz.002732,17.2600,17.2600,17.2400,17.2600,31800,548488.0000,3
2026-01-15,20260115103000000,sz.002732,17.2600,17.2600,17.2400,17.2600,29400,507103.0000,3
2026-01-15,20260115103500000,sz.002732,17.2600,17.2900,17.2400,17.2700,79900,1378907.0000,3
2026-01-15,20260115104000000,sz.002732,17.2700,17.2700,17.2500,17.2600,9700,167387.0000,3
2026-01-15,20260115104500000,sz.002732,17.2600,17.2600,17.2400,17.2400,16900,291454.0000,3
2026-01-15,20260115105000000,sz.002732,17.2500,17.2500,17.2300,17.2400,8600,148240.0000,3
2026-01-15,20260115105500000,sz.002732,17.2300,17.2400,17.2200,17.2200,44800,771813.0000,3
2026-01-15,20260115110000000,sz.002732,17.2200,17.2300,17.2100,17.2100,16800,289253.0000,3
2026-01-15,20260115110500000,sz.002732,17.2200,17.2200,17.1900,17.1900,51600,887708.0000,3
2026-01-15,20260115111000000,sz.002732,17.1900,17.2100,17.1900,17.2100,8500,146232.0000,3
2026-01-15,20260115111500000,sz.002732,17.2100,17.2200,17.1800,17.2000,34900,600256.0000,3
2026-01-15,20260115112000000,sz.002732,17.2000,17.2500,17.1900,17.2000,37100,638645.0000,3
2026-01-15,20260115112500000,sz.002732,17.2000,17.2200,17.1800,17.2000,23400,402340.0000,3
2026-01-15,20260115113000000,sz.002732,17.1900,17.1900,17.1700,17.1800,24900,427728.0000,3
2026-01-15,20260115130500000,sz.002732,17.1800,17.2000,17.1700,17.1800,24200,415828.0000,3
2026-01-15,20260115131000000,sz.002732,17.1800,17.2000,17.1800,17.2000,24600,422913.0000,3
2026-01-15,20260115131500000,sz.002732,17.2000,17.2700,17.2000,17.2500,53400,920686.0000,3
2026-01-15,20260115132000000,sz.002732,17.2500,17.2700,17.2300,17.2300,36300,626531.0000,3
2026-01-15,20260115132500000,sz.002732,17.2300,17.2400,17.2200,17.2400,15300,263588.0000,3
2026-01-15,20260115133000000,sz.002732,17.2300,17.2400,17.2200,17.2400,13700,236104.0000,3
2026-01-15,20260115133500000,sz.002732,17.2500,17.2500,17.2300,17.2400,24800,427502.0000,3
2026-01-15,20260115134000000,sz.002732,17.2300,17.2400,17.2200,17.2300,24400,420406.0000,3
2026-01-15,20260115134500000,sz.002732,17.2300,17.2400,17.2200,17.2300,8500,146452.0000,3
2026-01-15,20260115135000000,sz.002732,17.2300,17.2500,17.2300,17.2400,35700,615492.0000,3
2026-01-15,20260115135500000,sz.002732,17.2500,17.2500,17.2200,17.2300,45300,780517.0000,3
2026-01-15,20260115140000000,sz.002732,17.2300,17.2300,17.2100,17.2200,40900,704444.0000,3
2026-01-15,20260115140500000,sz.002732,17.2300,17.2600,17.2300,17.2600,20100,346719.0000,3
2026-01-15,20260115141000000,sz.002732,17.2600,17.2600,17.2400,17.2400,20700,356962.0000,3
2026-01-15,20260115141500000,sz.002732,17.2400,17.2400,17.2100,17.2300,24100,414941.0000,3
2026-01-15,20260115142000000,sz.002732,17.2200,17.2300,17.2100,17.2300,13300,229000.0000,3
2026-01-15,20260115142500000,sz.002732,17.2100,17.2200,17.2000,17.2200,22000,378630.0000,3
2026-01-15,20260115143000000,sz.002732,17.2200,17.2400,17.2100,17.2300,25300,435745.0000,3
2026-01-15,20260115143500000,sz.002732,17.2200,17.2300,17.2000,17.2000,53000,912490.0000,3
2026-01-15,20260115144000000,sz.002732,17.2000,17.2100,17.1900,17.2000,17600,302701.0000,3
2026-01-15,20260115144500000,sz.002732,17.2000,17.2200,17.2000,17.2200,32700,562871.0000,3
2026-01-15,20260115145000000,sz.002732,17.2200,17.2300,17.2100,17.2200,22300,384062.0000,3
2026-01-15,20260115145500000,sz.002732,17.2200,17.2300,17.2000,17.2200,49700,855515.0000,3
2026-01-15,20260115150000000,sz.002732,17.2100,17.2200,17.2100,17.2200,42400,729986.0000,3
2026-01-16,20260116093500000,sz.002732,17.2100,17.2800,17.2100,17.2700,200697,3459664.3100,3
2026-01-16,20260116094000000,sz.002732,17.2700,17.2700,17.1600,17.1600,116203,1999947.6900,3
2026-01-16,20260116094500000,sz.002732,17.1700,17.2100,17.1700,17.1900,31300,537717.0000,3
2026-01-16,20260116095000000,sz.002732,17.1900,17.2300,17.1900,17.2000,71000,1221593.0000,3
2026-01-16,20260116095500000,sz.002732,17.1900,17.2400,17.1900,17.2300,249400,4292203.0000,3
2026-01-16,20260116100000000,sz.002732,17.2300,17.2500,17.2000,17.2500,79900,1375985.0000,3
2026-01-16,20260116100500000,sz.002732,17.2300,17.2400,17.2200,17.2200,26400,454917.0000,3
2026-01-16,20260116101000000,sz.002732,17.2200,17.2200,17.2000,17.2000,26300,452611.0000,3
2026-01-16,20260116101500000,sz.002732,17.2000,17.2200,17.2000,17.2100,48700,838175.0000,3
2026-01-16,20260116102000000,sz.002732,17.2100,17.2400,17.2100,17.2200,24200,416988.0000,3
2026-01-16,20260116102500000,sz.002732,17.2200,17.2300,17.1900,17.1900,69500,1195813.0000,3
2026-01-16,20260116103000000,sz.002732,17.1900,17.2000,17.1800,17.2000,39400,677306.0000,3
2026-01-16,20260116103500000,sz.002732,17.2000,17.2000,17.1700,17.1700,69300,1190391.0000,3
2026-01-16,20260116104000000,sz.002732,17.1800,17.1900,17.1700,17.1800,31000,532582.0000,3
2026-01-16,20260116104500000,sz.002732,17.1800,17.1900,17.1800,17.1800,16600,285262.0000,3
2026-01-16,20260116105000000,sz.002732,17.1800,17.1900,17.1600,17.1800,48300,829566.0000,3
2026-01-16,20260116105500000,sz.002732,17.1900,17.1900,17.1800,17.1800,17700,304165.0000,3
2026-01-16,20260116110000000,sz.002732,17.1800,17.1900,17.1600,17.1700,52100,894685.0000,3
2026-01-16,20260116110500000,sz.002732,17.1700,17.2100,17.1600,17.1800,29900,513544.0000,3
2026-01-16,20260116111000000,sz.002732,17.1800,17.2000,17.1800,17.1900,15800,271587.0000,3
2026-01-16,20260116111500000,sz.002732,17.1900,17.2100,17.1800,17.1800,33600,577932.0000,3
2026-01-16,20260116112000000,sz.002732,17.1800,17.1900,17.1800,17.1900,6800,116872.0000,3
2026-01-16,20260116112500000,sz.002732,17.1800,17.1900,17.1700,17.1900,25600,439813.0000,3
2026-01-16,20260116113000000,sz.002732,17.1900,17.2100,17.1900,17.2000,19100,328558.0000,3
2026-01-16,20260116130500000,sz.002732,17.1900,17.1900,17.1700,17.1700,29600,508347.0000,3
2026-01-16,20260116131000000,sz.002732,17.1700,17.1700,17.1500,17.1600,46000,789442.0000,3
2026-01-16,20260116131500000,sz.002732,17.1600,17.1600,17.1500,17.1500,59400,1018819.0000,3
2026-01-16,20260116132000000,sz.002732,17.1500,17.1600,17.1500,17.1500,20600,353327.0000,3
2026-01-16,20260116132500000,sz.002732,17.1500,17.1600,17.1500,17.1600,21800,374042.0000,3
2026-01-16,20260116133000000,sz.002732,17.1600,17.1900,17.1500,17.1700,46400,796651.0000,3
2026-01-16,20260116133500000,sz.002732,17.1700,17.1800,17.1600,17.1600,14000,240423.0000,3
2026-01-16,20260116134000000,sz.002732,17.1600,17.1800,17.1600,17.1600,61900,1062353.0000,3
2026-01-16,20260116134500000,sz.002732,17.1600,17.2000,17.1600,17.1900,23300,400378.0000,3
2026-01-16,20260116135000000,sz.002732,17.1900,17.2000,17.1700,17.1700,31700,544879.0000,3
2026-01-16,20260116135500000,sz.002732,17.1700,17.1800,17.1600,17.1700,15900,273023.0000,3
2026-01-16,20260116140000000,sz.002732,17.1700,17.1900,17.1700,17.1700,15800,271407.0000,3
2026-01-16,20260116140500000,sz.002732,17.1700,17.1900,17.1700,17.1800,7700,132235.0000,3
2026-01-16,20260116141000000,sz.002732,17.1800,17.1800,17.1600,17.1600,12300,211193.0000,3
2026-01-16,20260116141500000,sz.002732,17.1600,17.1700,17.1600,17.1700,17200,295257.0000,3
2026-01-16,20260116142000000,sz.002732,17.1700,17.1800,17.1600,17.1800,34900,599401.0000,3
2026-01-16,20260116142500000,sz.002732,17.1800,17.1800,17.1600,17.1600,32200,552969.0000,3
2026-01-16,20260116143000000,sz.002732,17.1600,17.1800,17.1600,17.1700,29700,509891.0000,3
2026-01-16,20260116143500000,sz.002732,17.1800,17.1800,17.1600,17.1700,17700,303873.0000,3
2026-01-16,20260116144000000,sz.002732,17.1800,17.1800,17.1600,17.1600,31800,546068.0000,3
2026-01-16,20260116144500000,sz.002732,17.1700,17.1700,17.1500,17.1700,76900,1319805.0000,3
2026-01-16,20260116145000000,sz.002732,17.1600,17.1700,17.1500,17.1700,43800,751568.0000,3
2026-01-16,20260116145500000,sz.002732,17.1600,17.1800,17.1600,17.1600,56800,975110.0000,3
2026-01-16,20260116150000000,sz.002732,17.1600,17.1700,17.1600,17.1700,42300,726226.0000,3
2026-01-19,20260119093500000,sz.002732,17.1600,17.2300,17.1000,17.2200,132600,2277242.0000,3
2026-01-19,20260119094000000,sz.002732,17.2000,17.2900,17.2000,17.2600,143400,2473179.0000,3
2026-01-19,20260119094500000,sz.002732,17.2600,17.2700,17.2300,17.2500,96900,1671561.0000,3
2026-01-19,20260119095000000,sz.002732,17.2500,17.2600,17.2300,17.2500,76400,1317773.0000,3
2026-01-19,20260119095500000,sz.002732,17.2500,17.2500,17.2300,17.2500,12600,217227.0000,3
2026-01-19,20260119100000000,sz.002732,17.2600,17.2600,17.2400,17.2600,91400,1576914.0000,3
2026-01-19,20260119100500000,sz.002732,17.2600,17.2600,17.2500,17.2600,43100,743647.0000,3
2026-01-19,20260119101000000,sz.002732,17.2600,17.2600,17.2500,17.2600,21400,369338.0000,3
2026-01-19,20260119101500000,sz.002732,17.2600,17.2700,17.2500,17.2700,52600,907573.0000,3
2026-01-19,20260119102000000,sz.002732,17.2800,17.2900,17.2700,17.2800,89200,1541047.0000,3
2026-01-19,20260119102500000,sz.002732,17.2800,17.3300,17.2700,17.3000,140200,2425467.0000,3
2026-01-19,20260119103000000,sz.002732,17.3000,17.3400,17.3000,17.3200,53600,928281.0000,3
2026-01-19,20260119103500000,sz.002732,17.3200,17.3300,17.2900,17.3000,30800,533460.0000,3
2026-01-19,20260119104000000,sz.002732,17.3000,17.3200,17.3000,17.3100,40600,702898.0000,3
2026-01-19,20260119104500000,sz.002732,17.3100,17.3200,17.3100,17.3200,21300,368821.0000,3
2026-01-19,20260119105000000,sz.002732,17.3200,17.3400,17.3200,17.3300,39800,689546.0000,3
2026-01-19,20260119105500000,sz.002732,17.3300,17.3400,17.3200,17.3200,28100,487015.0000,3
2026-01-19,20260119110000000,sz.002732,17.3200,17.3300,17.3100,17.3300,46600,807210.0000,3
2026-01-19,20260119110500000,sz.002732,17.3300,17.3500,17.3200,17.3400,71704,1242777.2800,3
2026-01-19,20260119111000000,sz.002732,17.3400,17.3500,17.3300,17.3400,61900,1073142.0000,3
2026-01-19,20260119111500000,sz.002732,17.3400,17.3400,17.3300,17.3400,50500,875663.0000,3
2026-01-19,20260119112000000,sz.002732,17.3400,17.3500,17.3300,17.3300,28100,487066.0000,3
2026-01-19,20260119112500000,sz.002732,17.3300,17.3300,17.3200,17.3300,22500,389722.0000,3
2026-01-19,20260119113000000,sz.002732,17.3200,17.3300,17.3200,17.3200,8200,142039.0000,3
2026-01-19,20260119130500000,sz.002732,17.3200,17.3400,17.3200,17.3200,32600,564857.0000,3
2026-01-19,20260119131000000,sz.002732,17.3200,17.3300,17.2900,17.2900,40200,695892.0000,3
2026-01-19,20260119131500000,sz.002732,17.2900,17.3100,17.2900,17.3100,58200,1006704.0000,3
2026-01-19,20260119132000000,sz.002732,17.3100,17.3100,17.3000,17.3000,8100,140204.0000,3
2026-01-19,20260119132500000,sz.002732,17.3100,17.3100,17.3000,17.3100,20400,352979.0000,3
2026-01-19,20260119133000000,sz.002732,17.3100,17.3100,17.3000,17.3100,15100,261287.0000,3
2026-01-19,20260119133500000,sz.002732,17.3100,17.3200,17.3000,17.3100,21400,370415.0000,3
2026-01-19,20260119134000000,sz.002732,17.3100,17.3100,17.3000,17.3000,21100,365114.0000,3
2026-01-19,20260119134500000,sz.002732,17.3000,17.3100,17.2800,17.2800,53600,926928.0000,3
2026-01-19,20260119135000000,sz.002732,17.2900,17.3000,17.2600,17.2900,58200,1005518.0000,3
2026-01-19,20260119135500000,sz.002732,17.2800,17.2800,17.2700,17.2800,14800,255695.0000,3
2026-01-19,20260119140000000,sz.002732,17.2800,17.3100,17.2800,17.3000,18800,325155.0000,3
2026-01-19,20260119140500000,sz.002732,17.3000,17.3200,17.3000,17.3100,46900,811550.0000,3
2026-01-19,20260119141000000,sz.002732,17.3100,17.3200,17.3000,17.3200,23200,401587.0000,3
2026-01-19,20260119141500000,sz.002732,17.3200,17.3300,17.3200,17.3300,66100,1145121.0000,3
2026-01-19,20260119142000000,sz.002732,17.3300,17.3400,17.3200,17.3400,38500,667381.0000,3
2026-01-19,20260119142500000,sz.002732,17.3400,17.3400,17.3300,17.3400,20100,348519.0000,3
2026-01-19,20260119143000000,sz.002732,17.3400,17.3500,17.3300,17.3400,84500,1465274.0000,3
2026-01-19,20260119143500000,sz.002732,17.3400,17.3900,17.3400,17.3900,164500,2856663.0000,3
2026-01-19,20260119144000000,sz.002732,17.3900,17.3900,17.3700,17.3700,50000,868940.0000,3
2026-01-19,20260119144500000,sz.002732,17.3800,17.3900,17.3700,17.3800,80100,1392268.0000,3
2026-01-19,20260119145000000,sz.002732,17.3800,17.4400,17.3700,17.4100,197400,3436162.0000,3
2026-01-19,20260119145500000,sz.002732,17.4100,17.4200,17.4000,17.4200,131300,2286488.0000,3
2026-01-19,20260119150000000,sz.002732,17.4200,17.4600,17.4200,17.4600,203300,3547566.0000,3
2026-01-20,20260120093500000,sz.002732,17.4600,17.4600,17.4000,17.4400,139000,2422994.0000,3
2026-01-20,20260120094000000,sz.002732,17.4400,17.4500,17.4000,17.4100,122000,2124074.0000,3
2026-01-20,20260120094500000,sz.002732,17.4200,17.4400,17.4000,17.4000,86400,1504303.0000,3
2026-01-20,20260120095000000,sz.002732,17.4000,17.4300,17.4000,17.4300,6800,118505.0000,3
2026-01-20,20260120095500000,sz.002732,17.4200,17.4300,17.4100,17.4200,41500,722835.0000,3
2026-01-20,20260120100000000,sz.002732,17.4200,17.4900,17.4200,17.4700,91700,1601433.0000,3
2026-01-20,20260120100500000,sz.002732,17.4700,17.4800,17.4500,17.4700,49100,857643.0000,3
2026-01-20,20260120101000000,sz.002732,17.4700,17.4900,17.4600,17.4800,68100,1190133.0000,3
2026-01-20,20260120101500000,sz.002732,17.4800,17.4900,17.4700,17.4700,41400,723437.0000,3
2026-01-20,20260120102000000,sz.002732,17.4700,17.4800,17.4400,17.4500,53700,937618.0000,3
2026-01-20,20260120102500000,sz.002732,17.4400,17.4500,17.4000,17.4200,124900,2175123.0000,3
2026-01-20,20260120103000000,sz.002732,17.4200,17.4300,17.4000,17.4300,70904,1234746.6400,3
2026-01-20,20260120103500000,sz.002732,17.4100,17.4400,17.4100,17.4300,112900,1967249.0000,3
2026-01-20,20260120104000000,sz.002732,17.4200,17.4500,17.4200,17.4400,29200,509004.0000,3
2026-01-20,20260120104500000,sz.002732,17.4400,17.4500,17.4000,17.4000,47300,824351.0000,3
2026-01-20,20260120105000000,sz.002732,17.4100,17.4300,17.4100,17.4300,22800,397128.0000,3
2026-01-20,20260120105500000,sz.002732,17.4300,17.4300,17.3900,17.4200,75000,1305538.0000,3
2026-01-20,20260120110000000,sz.002732,17.4200,17.4700,17.4200,17.4700,98500,1718541.0000,3
2026-01-20,20260120110500000,sz.002732,17.4700,17.4700,17.4400,17.4600,15100,263529.0000,3
2026-01-20,20260120111000000,sz.002732,17.4600,17.4600,17.4100,17.4200,40100,699637.0000,3
2026-01-20,20260120111500000,sz.002732,17.4200,17.4500,17.4200,17.4400,9100,158568.0000,3
2026-01-20,20260120112000000,sz.002732,17.4400,17.4500,17.4400,17.4400,7300,127322.0000,3
2026-01-20,20260120112500000,sz.002732,17.4400,17.4500,17.4200,17.4300,14800,257957.0000,3
2026-01-20,20260120113000000,sz.002732,17.4300,17.4300,17.4200,17.4200,74700,1301376.0000,3
2026-01-20,20260120130500000,sz.002732,17.4100,17.4500,17.4000,17.4200,59100,1029811.0000,3
2026-01-20,20260120131000000,sz.002732,17.4200,17.4200,17.4000,17.4000,28900,503027.0000,3
2026-01-20,20260120131500000,sz.002732,17.4100,17.4200,17.4000,17.4200,10100,175854.0000,3
2026-01-20,20260120132000000,sz.002732,17.4200,17.4200,17.4000,17.4100,18400,320339.0000,3
2026-01-20,20260120132500000,sz.002732,17.4100,17.4200,17.3900,17.4000,35800,623026.0000,3
2026-01-20,20260120133000000,sz.002732,17.4000,17.4100,17.3900,17.4000,17600,306274.0000,3
2026-01-20,20260120133500000,sz.002732,17.4000,17.4100,17.4000,17.4100,36400,633502.0000,3
2026-01-20,20260120134000000,sz.002732,17.4100,17.4100,17.4000,17.4000,20300,353354.0000,3
2026-01-20,20260120134500000,sz.002732,17.4000,17.4300,17.4000,17.4100,40600,706775.0000,3
2026-01-20,20260120135000000,sz.002732,17.4100,17.4300,17.4100,17.4200,11200,195099.0000,3
2026-01-20,20260120135500000,sz.002732,17.4100,17.4300,17.4000,17.4100,24300,423051.0000,3
2026-01-20,20260120140000000,sz.002732,17.4100,17.4300,17.3900,17.4100,26800,466543.0000,3
2026-01-20,20260120140500000,sz.002732,17.4100,17.4100,17.3900,17.4100,39800,692653.0000,3
2026-01-20,20260120141000000,sz.002732,17.4100,17.4300,17.4100,17.4300,25200,438938.0000,3
2026-01-20,20260120141500000,sz.002732,17.4300,17.4300,17.4100,17.4300,26000,453039.0000,3
2026-01-20,20260120142000000,sz.002732,17.4300,17.4300,17.4100,17.4100,20700,360446.0000,3
2026-01-20,20260120142500000,sz.002732,17.4200,17.4200,17.4100,17.4200,14900,259480.0000,3
2026-01-20,20260120143000000,sz.002732,17.4200,17.4200,17.4100,17.4100,16700,290858.0000,3
2026-01-20,20260120143500000,sz.002732,17.4200,17.4200,17.3600,17.3600,118900,2067618.0000,3
2026-01-20,20260120144000000,sz.002732,17.3600,17.3800,17.3600,17.3700,31800,552393.0000,3
2026-01-20,20260120144500000,sz.002732,17.3700,17.3900,17.3700,17.3900,21100,366693.0000,3
2026-01-20,20260120145000000,sz.002732,17.3800,17.4000,17.3800,17.3800,31000,539010.0000,3
2026-01-20,20260120145500000,sz.002732,17.3900,17.4000,17.3800,17.4000,24900,433122.0000,3
2026-01-20,20260120150000000,sz.002732,17.3900,17.4600,17.3900,17.4600,143800,2507669.0000,3
2026-01-21,20260121093500000,sz.002732,17.4500,17.4500,17.3000,17.3000,244900,4250533.0000,3
2026-01-21,20260121094000000,sz.002732,17.2800,17.3500,17.2700,17.3400,131500,2274925.0000,3
2026-01-21,20260121094500000,sz.002732,17.3500,17.3700,17.3200,17.3400,71000,1231505.0000,3
2026-01-21,20260121095000000,sz.002732,17.3500,17.3500,17.3100,17.3400,56000,970809.0000,3
2026-01-21,20260121095500000,sz.002732,17.3400,17.3400,17.2800,17.2900,69800,1208799.0000,3
2026-01-21,20260121100000000,sz.002732,17.2900,17.3200,17.2700,17.3100,76700,1326686.0000,3
2026-01-21,20260121100500000,sz.002732,17.3100,17.3600,17.3100,17.3500,42800,742192.0000,3
2026-01-21,20260121101000000,sz.002732,17.3400,17.3400,17.3000,17.3400,53800,932377.0000,3
2026-01-21,20260121101500000,sz.002732,17.3400,17.3500,17.3300,17.3300,42400,735005.0000,3
2026-01-21,20260121102000000,sz.002732,17.3400,17.3900,17.3300,17.3500,17500,303765.0000,3
2026-01-21,20260121102500000,sz.002732,17.3500,17.3700,17.3300,17.3700,61399,1065043.6600,3
2026-01-21,20260121103000000,sz.002732,17.3700,17.3900,17.3600,17.3600,19000,330122.0000,3
2026-01-21,20260121103500000,sz.002732,17.3600,17.3800,17.3500,17.3500,17800,309044.0000,3
2026-01-21,20260121104000000,sz.002732,17.3500,17.3600,17.3500,17.3600,13100,227320.0000,3
2026-01-21,20260121104500000,sz.002732,17.3600,17.3800,17.3600,17.3700,18800,326567.0000,3
2026-01-21,20260121105000000,sz.002732,17.3700,17.3800,17.3400,17.3400,33800,586770.0000,3
2026-01-21,20260121105500000,sz.002732,17.3600,17.4000,17.3600,17.4000,40500,703412.0000,3
2026-01-21,20260121110000000,sz.002732,17.4000,17.4000,17.3800,17.3800,15700,272964.0000,3
2026-01-21,20260121110500000,sz.002732,17.3800,17.3800,17.3700,17.3800,8000,139039.0000,3
2026-01-21,20260121111000000,sz.002732,17.3800,17.3800,17.3700,17.3700,15500,269266.0000,3
2026-01-21,20260121111500000,sz.002732,17.3700,17.3900,17.3600,17.3700,36200,628831.0000,3
2026-01-21,20260121112000000,sz.002732,17.3700,17.3900,17.3700,17.3800,9100,158132.0000,3
2026-01-21,20260121112500000,sz.002732,17.3800,17.3900,17.3700,17.3800,16700,290224.0000,3
2026-01-21,20260121113000000,sz.002732,17.3800,17.3800,17.3700,17.3700,6300,109453.0000,3
2026-01-21,20260121130500000,sz.002732,17.3700,17.4100,17.3700,17.3900,34500,599919.0000,3
2026-01-21,20260121131000000,sz.002732,17.3900,17.4000,17.3900,17.3900,10500,182605.0000,3
2026-01-21,20260121131500000,sz.002732,17.3900,17.3900,17.3800,17.3900,6400,111271.0000,3
2026-01-21,20260121132000000,sz.002732,17.3800,17.3900,17.3700,17.3800,56600,983646.0000,3
2026-01-21,20260121132500000,sz.002732,17.3800,17.3900,17.3700,17.3800,9400,163405.0000,3
2026-01-21,20260121133000000,sz.002732,17.3800,17.3900,17.3700,17.3800,17500,304110.0000,3
2026-01-21,20260121133500000,sz.002732,17.3800,17.3900,17.3800,17.3900,9200,159901.0000,3
2026-01-21,20260121134000000,sz.002732,17.3800,17.4100,17.3800,17.4000,37800,657484.0000,3
2026-01-21,20260121134500000,sz.002732,17.4000,17.4100,17.3900,17.4100,11200,194931.0000,3
2026-01-21,20260121135000000,sz.002732,17.4100,17.4200,17.4100,17.4200,11200,195001.0000,3
2026-01-21,20260121135500000,sz.002732,17.4200,17.4200,17.4000,17.4000,32700,569092.0000,3
2026-01-21,20260121140000000,sz.002732,17.4100,17.4200,17.4000,17.4100,15600,271606.0000,3
2026-01-21,20260121140500000,sz.002732,17.4100,17.4200,17.4000,17.4100,27700,482221.0000,3
2026-01-21,20260121141000000,sz.002732,17.4100,17.4200,17.4000,17.4200,72500,1261835.0000,3
2026-01-21,20260121141500000,sz.002732,17.4200,17.4300,17.4200,17.4300,23200,404156.0000,3
2026-01-21,20260121142000000,sz.002732,17.4300,17.4400,17.4300,17.4300,46900,817498.0000,3
2026-01-21,20260121142500000,sz.002732,17.4300,17.4300,17.4000,17.4000,57500,1001432.0000,3
2026-01-21,20260121143000000,sz.002732,17.4100,17.4200,17.4100,17.4200,51800,901872.0000,3
2026-01-21,20260121143500000,sz.002732,17.4200,17.4200,17.4000,17.4200,40300,701835.0000,3
2026-01-21,20260121144000000,sz.002732,17.4200,17.4200,17.3900,17.4000,50300,875555.0000,3
2026-01-21,20260121144500000,sz.002732,17.4000,17.4100,17.3900,17.4000,26200,455886.0000,3
2026-01-21,20260121145000000,sz.002732,17.4100,17.4200,17.4100,17.4100,35200,613079.0000,3
2026-01-21,20260121145500000,sz.002732,17.4100,17.4200,17.4100,17.4100,42900,747187.0000,3
2026-01-21,20260121150000000,sz.002732,17.4100,17.4400,17.4100,17.4400,101500,1769347.0000,3
2026-01-22,20260122093500000,sz.002732,17.4400,17.4800,17.4200,17.4600,93900,1637886.0000,3
2026-01-22,20260122094000000,sz.002732,17.4600,17.4600,17.4000,17.4400,102800,1790835.0000,3
2026-01-22,20260122094500000,sz.002732,17.4500,17.4600,17.4200,17.4300,76000,1324000.0000,3
2026-01-22,20260122095000000,sz.002732,17.4500,17.4800,17.4300,17.4700,60600,1058436.0000,3
2026-01-22,20260122095500000,sz.002732,17.4700,17.5000,17.4600,17.4800,60900,1064662.0000,3
2026-01-22,20260122100000000,sz.002732,17.4800,17.4900,17.4600,17.4800,55700,973235.0000,3
2026-01-22,20260122100500000,sz.002732,17.4800,17.5200,17.4800,17.5000,66200,1158309.0000,3
2026-01-22,20260122101000000,sz.002732,17.5000,17.5200,17.5000,17.5100,52300,915704.0000,3
2026-01-22,20260122101500000,sz.002732,17.5000,17.5100,17.4800,17.4900,42500,743602.0000,3
2026-01-22,20260122102000000,sz.002732,17.4900,17.5000,17.4800,17.5000,89200,1559420.0000,3
2026-01-22,20260122102500000,sz.002732,17.5000,17.5300,17.5000,17.5300,75300,1318693.0000,3
2026-01-22,20260122103000000,sz.002732,17.5300,17.5400,17.5200,17.5400,87500,1534207.0000,3
2026-01-22,20260122103500000,sz.002732,17.5400,17.5400,17.5200,17.5300,51700,906156.0000,3
2026-01-22,20260122104000000,sz.002732,17.5300,17.5300,17.5100,17.5200,59400,1040852.0000,3
2026-01-22,20260122104500000,sz.002732,17.5300,17.5400,17.5200,17.5400,56900,997555.0000,3
2026-01-22,20260122105000000,sz.002732,17.5300,17.5400,17.5300,17.5400,32800,575190.0000,3
2026-01-22,20260122105500000,sz.002732,17.5400,17.5400,17.5200,17.5400,90000,1577401.0000,3
2026-01-22,20260122110000000,sz.002732,17.5400,17.5400,17.5200,17.5200,18400,322551.0000,3
2026-01-22,20260122110500000,sz.002732,17.5300,17.5300,17.5000,17.5100,76300,1335866.0000,3
2026-01-22,20260122111000000,sz.002732,17.5100,17.5300,17.5100,17.5200,7800,136618.0000,3
2026-01-22,20260122111500000,sz.002732,17.5200,17.5200,17.5100,17.5200,21700,380104.0000,3
2026-01-22,20260122112000000,sz.002732,17.5200,17.5200,17.5000,17.5100,12300,215388.0000,3
2026-01-22,20260122112500000,sz.002732,17.5100,17.5200,17.5100,17.5100,17900,313503.0000,3
2026-01-22,20260122113000000,sz.002732,17.5100,17.5200,17.5000,17.5200,16900,295911.0000,3
2026-01-22,20260122130500000,sz.002732,17.5200,17.5300,17.5100,17.5300,42800,749885.0000,3
2026-01-22,20260122131000000,sz.002732,17.5300,17.5600,17.5300,17.5400,76600,1343738.0000,3
2026-01-22,20260122131500000,sz.002732,17.5400,17.5600,17.5300,17.5600,28600,501909.0000,3
2026-01-22,20260122132000000,sz.002732,17.5600,17.5600,17.5400,17.5500,13400,235154.0000,3
2026-01-22,20260122132500000,sz.002732,17.5500,17.5500,17.5400,17.5400,15300,268403.0000,3
2026-01-22,20260122133000000,sz.002732,17.5400,17.5500,17.5300,17.5400,26200,459540.0000,3
2026-01-22,20260122133500000,sz.002732,17.5400,17.5500,17.5400,17.5500,9300,163191.0000,3
2026-01-22,20260122134000000,sz.002732,17.5500,17.5600,17.5400,17.5600,37200,652831.0000,3
2026-01-22,20260122134500000,sz.002732,17.5600,17.5600,17.5400,17.5500,14100,247465.0000,3
2026-01-22,20260122135000000,sz.002732,17.5500,17.5500,17.5400,17.5500,19500,342218.0000,3
2026-01-22,20260122135500000,sz.002732,17.5500,17.5500,17.5400,17.5500,37000,649121.0000,3
2026-01-22,20260122140000000,sz.002732,17.5500,17.5500,17.5400,17.5500,49200,863104.0000,3
2026-01-22,20260122140500000,sz.002732,17.5500,17.5700,17.5400,17.5700,52000,912951.0000,3
2026-01-22,20260122141000000,sz.002732,17.5600,17.6100,17.5600,17.5800,133500,2348754.0000,3
2026-01-22,20260122141500000,sz.002732,17.5900,17.5900,17.5500,17.5600,51300,901634.0000,3
2026-01-22,20260122142000000,sz.002732,17.5600,17.5600,17.5500,17.5600,33700,591652.0000,3
2026-01-22,20260122142500000,sz.002732,17.5700,17.5800,17.5600,17.5800,14100,247755.0000,3
2026-01-22,20260122143000000,sz.002732,17.5800,17.5900,17.5700,17.5800,32000,562542.0000,3
2026-01-22,20260122143500000,sz.002732,17.5800,17.6000,17.5700,17.5900,54200,953530.0000,3
2026-01-22,20260122144000000,sz.002732,17.5800,17.5900,17.5700,17.5800,43300,761239.0000,3
2026-01-22,20260122144500000,sz.002732,17.5800,17.5900,17.5500,17.5800,74200,1303873.0000,3
2026-01-22,20260122145000000,sz.002732,17.5800,17.5900,17.5700,17.5900,28400,499236.0000,3
2026-01-22,20260122145500000,sz.002732,17.5900,17.6000,17.5800,17.6000,132300,2327242.0000,3
2026-01-22,20260122150000000,sz.002732,17.6000,17.6100,17.5900,17.6000,116000,2041442.0000,3
2026-01-23,20260123093500000,sz.002732,17.6500,17.6500,17.5300,17.5900,79300,1394239.0000,3
2026-01-23,20260123094000000,sz.002732,17.5900,17.6200,17.5600,17.6000,85000,1494972.0000,3
2026-01-23,20260123094500000,sz.002732,17.6100,17.6300,17.5700,17.6000,94900,1669896.0000,3
2026-01-23,20260123095000000,sz.002732,17.6000,17.6000,17.5400,17.5600,177100,3107591.0000,3
2026-01-23,20260123095500000,sz.002732,17.5700,17.5700,17.5300,17.5400,184800,3242435.0000,3
2026-01-23,20260123100000000,sz.002732,17.5400,17.5400,17.5000,17.5200,94100,1648186.0000,3
2026-01-23,20260123100500000,sz.002732,17.5200,17.5600,17.5100,17.5500,80104,1404509.1600,3
2026-01-23,20260123101000000,sz.002732,17.5500,17.5500,17.5300,17.5500,27800,487604.0000,3
2026-01-23,20260123101500000,sz.002732,17.5500,17.5800,17.5400,17.5600,64900,1139883.0000,3
2026-01-23,20260123102000000,sz.002732,17.5800,17.6000,17.5500,17.5800,76300,1341314.0000,3
2026-01-23,20260123102500000,sz.002732,17.5800,17.5900,17.5600,17.5700,43000,755625.0000,3
2026-01-23,20260123103000000,sz.002732,17.5700,17.5800,17.5600,17.5800,59300,1042064.0000,3
2026-01-23,20260123103500000,sz.002732,17.5800,17.5900,17.5700,17.5700,17100,300570.0000,3
2026-01-23,20260123104000000,sz.002732,17.5800,17.5900,17.5700,17.5900,6900,121332.0000,3
2026-01-23,20260123104500000,sz.002732,17.5900,17.5900,17.5700,17.5800,22400,393795.0000,3
2026-01-23,20260123105000000,sz.002732,17.5800,17.5800,17.5500,17.5800,65600,1151956.0000,3
2026-01-23,20260123105500000,sz.002732,17.5800,17.5800,17.5700,17.5700,18000,316273.0000,3
2026-01-23,20260123110000000,sz.002732,17.5800,17.5800,17.5500,17.5800,47700,837895.0000,3
2026-01-23,20260123110500000,sz.002732,17.5800,17.6000,17.5700,17.5900,50500,888136.0000,3
2026-01-23,20260123111000000,sz.002732,17.6000,17.6100,17.5900,17.6100,73000,1284803.0000,3
2026-01-23,20260123111500000,sz.002732,17.6100,17.6100,17.5900,17.6000,49900,878329.0000,3
2026-01-23,20260123112000000,sz.002732,17.6000,17.6200,17.6000,17.6100,44300,780041.0000,3
2026-01-23,20260123112500000,sz.002732,17.6200,17.6200,17.5900,17.6000,29100,512307.0000,3
2026-01-23,20260123113000000,sz.002732,17.6100,17.6200,17.6100,17.6200,54200,954794.0000,3
2026-01-23,20260123130500000,sz.002732,17.6200,17.6300,17.6100,17.6200,31500,555049.0000,3
2026-01-23,20260123131000000,sz.002732,17.6100,17.6300,17.6100,17.6100,17600,310116.0000,3
2026-01-23,20260123131500000,sz.002732,17.6100,17.6500,17.6100,17.6400,60400,1065148.0000,3
2026-01-23,20260123132000000,sz.002732,17.6400,17.6500,17.6200,17.6400,63200,1114628.0000,3
2026-01-23,20260123132500000,sz.002732,17.6400,17.6400,17.6200,17.6200,6900,121626.0000,3
2026-01-23,20260123133000000,sz.002732,17.6200,17.6300,17.6100,17.6300,17800,313614.0000,3
2026-01-23,20260123133500000,sz.002732,17.6300,17.6300,17.6100,17.6200,58400,1028717.0000,3
2026-01-23,20260123134000000,sz.002732,17.6200,17.6300,17.6100,17.6100,15800,278403.0000,3
2026-01-23,20260123134500000,sz.002732,17.6200,17.6200,17.6100,17.6100,8200,144409.0000,3
2026-01-23,20260123135000000,sz.002732,17.6100,17.6200,17.6100,17.6200,28100,495015.0000,3
2026-01-23,20260123135500000,sz.002732,17.6200,17.6300,17.6100,17.6200,47100,830017.0000,3
2026-01-23,20260123140000000,sz.002732,17.6100,17.6200,17.6000,17.6100,31600,556488.0000,3
2026-01-23,20260123140500000,sz.002732,17.6100,17.6200,17.6100,17.6100,16500,290598.0000,3
2026-01-23,20260123141000000,sz.002732,17.6100,17.6200,17.5900,17.6000,37000,651363.0000,3
2026-01-23,20260123141500000,sz.002732,17.6000,17.6100,17.6000,17.6100,41500,730555.0000,3
2026-01-23,20260123142000000,sz.002732,17.6000,17.6200,17.6000,17.6100,64700,1139416.0000,3
2026-01-23,20260123142500000,sz.002732,17.6100,17.6300,17.6100,17.6200,70600,1243843.0000,3
2026-01-23,20260123143000000,sz.002732,17.6200,17.6300,17.6000,17.6200,107100,1886635.0000,3
2026-01-23,20260123143500000,sz.002732,17.6200,17.6300,17.6100,17.6200,59000,1039770.0000,3
2026-01-23,20260123144000000,sz.002732,17.6200,17.6300,17.6100,17.6200,69500,1224458.0000,3
2026-01-23,20260123144500000,sz.002732,17.6200,17.6600,17.6200,17.6600,152600,2691277.0000,3
2026-01-23,20260123145000000,sz.002732,17.6600,17.6600,17.6300,17.6500,91900,1621634.0000,3
2026-01-23,20260123145500000,sz.002732,17.6500,17.6500,17.6300,17.6500,61400,1083181.0000,3
2026-01-23,20260123150000000,sz.002732,17.6500,17.6500,17.6400,17.6500,122200,2156428.0000,3
2026-01-26,20260126093500000,sz.002732,17.6800,17.6800,17.6000,17.6100,152200,2685138.0000,3
2026-01-26,20260126094000000,sz.002732,17.5900,17.6300,17.5900,17.5900,102200,1798566.0000,3
2026-01-26,20260126094500000,sz.002732,17.6100,17.6600,17.5800,17.5900,138200,2432524.0000,3
2026-01-26,20260126095000000,sz.002732,17.5900,17.6100,17.5500,17.5500,89400,1571865.0000,3
2026-01-26,20260126095500000,sz.002732,17.5500,17.5800,17.5300,17.5300,128400,2253380.0000,3
2026-01-26,20260126100000000,sz.002732,17.5500,17.5800,17.5500,17.5500,65400,1148108.0000,3
2026-01-26,20260126100500000,sz.002732,17.5500,17.5700,17.5400,17.5400,33700,591673.0000,3
2026-01-26,20260126101000000,sz.002732,17.5400,17.5500,17.5200,17.5400,47500,832985.0000,3
2026-01-26,20260126101500000,sz.002732,17.5400,17.5600,17.5200,17.5300,18800,329844.0000,3
2026-01-26,20260126102000000,sz.002732,17.5300,17.5700,17.5100,17.5200,74200,1300714.0000,3
2026-01-26,20260126102500000,sz.002732,17.5200,17.5200,17.4700,17.4800,112400,1964460.0000,3
2026-01-26,20260126103000000,sz.002732,17.4800,17.5100,17.4700,17.5100,27900,487857.0000,3
2026-01-26,20260126103500000,sz.002732,17.5100,17.5700,17.5000,17.5600,37100,650712.0000,3
2026-01-26,20260126104000000,sz.002732,17.5600,17.5800,17.5500,17.5600,21600,379435.0000,3
2026-01-26,20260126104500000,sz.002732,17.5700,17.6000,17.5600,17.5900,28300,497280.0000,3
2026-01-26,20260126105000000,sz.002732,17.5900,17.5900,17.5600,17.5800,16200,284636.0000,3
2026-01-26,20260126105500000,sz.002732,17.5800,17.6000,17.5700,17.5900,29700,522356.0000,3
2026-01-26,20260126110000000,sz.002732,17.6000,17.6200,17.5700,17.6100,21000,369427.0000,3
2026-01-26,20260126110500000,sz.002732,17.6100,17.6500,17.6000,17.6500,30300,534175.0000,3
2026-01-26,20260126111000000,sz.002732,17.6400,17.6500,17.6200,17.6500,22700,400231.0000,3
2026-01-26,20260126111500000,sz.002732,17.6500,17.6600,17.6200,17.6300,56100,989030.0000,3
2026-01-26,20260126112000000,sz.002732,17.6300,17.6500,17.6300,17.6500,19000,335152.0000,3
2026-01-26,20260126112500000,sz.002732,17.6500,17.6500,17.6200,17.6200,25700,453223.0000,3
2026-01-26,20260126113000000,sz.002732,17.6200,17.6400,17.5800,17.5800,22700,399790.0000,3
2026-01-26,20260126130500000,sz.002732,17.5800,17.6100,17.5800,17.5900,50500,888557.0000,3
2026-01-26,20260126131000000,sz.002732,17.5900,17.6000,17.5900,17.5900,5200,91512.0000,3
2026-01-26,20260126131500000,sz.002732,17.5900,17.5900,17.5600,17.5600,16600,291770.0000,3
2026-01-26,20260126132000000,sz.002732,17.5600,17.5800,17.5400,17.5800,37800,663534.0000,3
2026-01-26,20260126132500000,sz.002732,17.5800,17.5800,17.5600,17.5700,19900,349452.0000,3
2026-01-26,20260126133000000,sz.002732,17.5600,17.5600,17.5100,17.5100,29400,515494.0000,3
2026-01-26,20260126133500000,sz.002732,17.5100,17.5700,17.4800,17.5000,47300,828483.0000,3
2026-01-26,20260126134000000,sz.002732,17.5000,17.5100,17.4800,17.4900,20700,362073.0000,3
2026-01-26,20260126134500000,sz.002732,17.4900,17.5400,17.4800,17.5200,25400,444600.0000,3
2026-01-26,20260126135000000,sz.002732,17.5100,17.5600,17.4900,17.5400,26800,469511.0000,3
2026-01-26,20260126135500000,sz.002732,17.5400,17.5700,17.5200,17.5400,30200,530059.0000,3
2026-01-26,20260126140000000,sz.002732,17.5400,17.5400,17.5300,17.5300,11300,198172.0000,3
2026-01-26,20260126140500000,sz.002732,17.5400,17.5600,17.5300,17.5600,23200,407083.0000,3
2026-01-26,20260126141000000,sz.002732,17.5600,17.6000,17.5600,17.6000,14700,258329.0000,3
2026-01-26,20260126141500000,sz.002732,17.5800,17.6100,17.5800,17.5900,25000,439885.0000,3
2026-01-26,20260126142000000,sz.002732,17.5900,17.6000,17.5600,17.5900,31100,546788.0000,3
2026-01-26,20260126142500000,sz.002732,17.5900,17.6200,17.5900,17.6200,58100,1022755.0000,3
2026-01-26,20260126143000000,sz.002732,17.6300,17.6400,17.6200,17.6200,36900,650413.0000,3
2026-01-26,20260126143500000,sz.002732,17.6300,17.6500,17.6300,17.6400,60200,1061804.0000,3
2026-01-26,20260126144000000,sz.002732,17.6400,17.6500,17.6300,17.6500,47400,835951.0000,3
2026-01-26,20260126144500000,sz.002732,17.6500,17.6500,17.6400,17.6500,89500,1579123.0000,3
2026-01-26,20260126145000000,sz.002732,17.6500,17.6700,17.6500,17.6600,81800,1444313.0000,3
2026-01-26,20260126145500000,sz.002732,17.6600,17.6600,17.6500,17.6500,53400,942813.0000,3
2026-01-26,20260126150000000,sz.002732,17.6600,17.6600,17.6500,17.6600,84400,1490430.0000,3
2026-01-27,20260127093500000,sz.002732,17.6000,17.6500,17.6000,17.6200,131200,2311637.0000,3
2026-01-27,20260127094000000,sz.002732,17.6100,17.6400,17.5700,17.6000,177400,3124399.0000,3
2026-01-27,20260127094500000,sz.002732,17.6000,17.6300,17.4800,17.4800,127800,2244157.0000,3
2026-01-27,20260127095000000,sz.002732,17.4900,17.5000,17.3900,17.4000,222400,3877592.0000,3
2026-01-27,20260127095500000,sz.002732,17.4000,17.4100,17.2800,17.2900,218700,3796823.0000,3
2026-01-27,20260127100000000,sz.002732,17.2900,17.2900,17.1500,17.1500,140900,2425783.0000,3
2026-01-27,20260127100500000,sz.002732,17.1700,17.3300,17.1700,17.2600,108200,1862856.0000,3
2026-01-27,20260127101000000,sz.002732,17.2600,17.2600,17.2200,17.2500,57700,994465.0000,3
2026-01-27,20260127101500000,sz.002732,17.2500,17.2800,17.2300,17.2400,57600,993318.0000,3
2026-01-27,20260127102000000,sz.002732,17.2300,17.2400,17.1900,17.2100,104300,1795113.0000,3
2026-01-27,20260127102500000,sz.002732,17.2100,17.2700,17.2000,17.2400,46400,799639.0000,3
2026-01-27,20260127103000000,sz.002732,17.2400,17.2400,17.1800,17.1800,49300,848306.0000,3
2026-01-27,20260127103500000,sz.002732,17.1800,17.2100,17.1800,17.1800,36700,631120.0000,3
2026-01-27,20260127104000000,sz.002732,17.1800,17.2400,17.1800,17.2400,17200,296156.0000,3
2026-01-27,20260127104500000,sz.002732,17.2400,17.2600,17.2200,17.2300,18900,325854.0000,3
2026-01-27,20260127105000000,sz.002732,17.2500,17.2500,17.2100,17.2100,53400,919983.0000,3
2026-01-27,20260127105500000,sz.002732,17.2100,17.2200,17.2000,17.2100,26000,447405.0000,3
2026-01-27,20260127110000000,sz.002732,17.2100,17.2200,17.2100,17.2100,13500,232345.0000,3
2026-01-27,20260127110500000,sz.002732,17.2100,17.2500,17.1900,17.2500,38600,664051.0000,3
2026-01-27,20260127111000000,sz.002732,17.2500,17.2500,17.2200,17.2200,11800,203388.0000,3
2026-01-27,20260127111500000,sz.002732,17.2100,17.2200,17.2000,17.2100,6700,115304.0000,3
2026-01-27,20260127112000000,sz.002732,17.2100,17.2200,17.2000,17.2200,20200,347527.0000,3
2026-01-27,20260127112500000,sz.002732,17.2200,17.2300,17.2200,17.2200,13100,225678.0000,3
2026-01-27,20260127113000000,sz.002732,17.2200,17.2400,17.2200,17.2300,7800,134371.0000,3
2026-01-27,20260127130500000,sz.002732,17.2300,17.2500,17.2200,17.2500,27000,465552.0000,3
2026-01-27,20260127131000000,sz.002732,17.2500,17.2600,17.2500,17.2500,11000,189761.0000,3
2026-01-27,20260127131500000,sz.002732,17.2500,17.3100,17.2500,17.3100,58000,1001553.0000,3
2026-01-27,20260127132000000,sz.002732,17.3100,17.3100,17.2900,17.3000,16600,287182.0000,3
2026-01-27,20260127132500000,sz.002732,17.3000,17.3000,17.2700,17.2800,28900,499558.0000,3
2026-01-27,20260127133000000,sz.002732,17.2800,17.3200,17.2800,17.3000,11800,204217.0000,3
2026-01-27,20260127133500000,sz.002732,17.3000,17.3400,17.3000,17.3300,20800,360226.0000,3
2026-01-27,20260127134000000,sz.002732,17.3300,17.3400,17.2800,17.3200,14300,247524.0000,3
2026-01-27,20260127134500000,sz.002732,17.3200,17.3200,17.3000,17.3000,4200,72682.0000,3
2026-01-27,20260127135000000,sz.002732,17.3000,17.3700,17.3000,17.3600,35900,622579.0000,3
2026-01-27,20260127135500000,sz.002732,17.3600,17.3600,17.3300,17.3400,7900,137004.0000,3
2026-01-27,20260127140000000,sz.002732,17.3400,17.3700,17.3400,17.3600,27800,482345.0000,3
2026-01-27,20260127140500000,sz.002732,17.3400,17.3600,17.3300,17.3400,30700,532748.0000,3
2026-01-27,20260127141000000,sz.002732,17.3400,17.3500,17.3300,17.3300,19100,331166.0000,3
2026-01-27,20260127141500000,sz.002732,17.3300,17.3500,17.3000,17.3500,71700,1242434.0000,3
2026-01-27,20260127142000000,sz.002732,17.3500,17.3500,17.2900,17.2900,48600,841467.0000,3
2026-01-27,20260127142500000,sz.002732,17.2900,17.3400,17.2900,17.3200,35600,616221.0000,3
2026-01-27,20260127143000000,sz.002732,17.3200,17.3400,17.3100,17.3400,39500,684636.0000,3
2026-01-27,20260127143500000,sz.002732,17.3400,17.3500,17.3300,17.3400,41600,721432.0000,3
2026-01-27,20260127144000000,sz.002732,17.3300,17.3500,17.3200,17.3400,47400,821573.0000,3
2026-01-27,20260127144500000,sz.002732,17.3400,17.3400,17.3100,17.3300,38300,663750.0000,3
2026-01-27,20260127145000000,sz.002732,17.3300,17.3400,17.3300,17.3300,47300,820047.0000,3
2026-01-27,20260127145500000,sz.002732,17.3400,17.3400,17.3200,17.3300,53000,918800.0000,3
2026-01-27,20260127150000000,sz.002732,17.3300,17.3400,17.3300,17.3300,51400,890816.0000,3
2026-01-28,20260128093500000,sz.002732,17.3100,17.3500,17.2500,17.3500,147500,2552285.0000,3
2026-01-28,20260128094000000,sz.002732,17.3500,17.4500,17.3500,17.4200,84200,1465702.0000,3
2026-01-28,20260128094500000,sz.002732,17.4100,17.4200,17.3500,17.3800,51100,888811.0000,3
2026-01-28,20260128095000000,sz.002732,17.3800,17.3800,17.3200,17.3400,21700,376291.0000,3
2026-01-28,20260128095500000,sz.002732,17.3400,17.3500,17.3100,17.3500,71800,1243956.0000,3
2026-01-28,20260128100000000,sz.002732,17.3500,17.3500,17.3200,17.3200,24000,415942.0000,3
2026-01-28,20260128100500000,sz.002732,17.3300,17.3700,17.3200,17.3400,46600,807830.0000,3
2026-01-28,20260128101000000,sz.002732,17.3400,17.3400,17.2600,17.2900,65200,1127492.0000,3
2026-01-28,20260128101500000,sz.002732,17.2700,17.3100,17.2700,17.2700,54600,943880.0000,3
2026-01-28,20260128102000000,sz.002732,17.2700,17.2900,17.2600,17.2800,47500,820291.0000,3
2026-01-28,20260128102500000,sz.002732,17.2800,17.3100,17.2800,17.2900,22600,390900.0000,3
2026-01-28,20260128103000000,sz.002732,17.2900,17.3500,17.2800,17.3500,17800,308035.0000,3
2026-01-28,20260128103500000,sz.002732,17.3500,17.3500,17.3200,17.3400,37200,644772.0000,3
2026-01-28,20260128104000000,sz.002732,17.3400,17.3400,17.3100,17.3200,27300,473039.0000,3
2026-01-28,20260128104500000,sz.002732,17.3200,17.3500,17.3200,17.3300,40600,703660.0000,3
2026-01-28,20260128105000000,sz.002732,17.3300,17.3400,17.3100,17.3300,26100,452136.0000,3
2026-01-28,20260128105500000,sz.002732,17.3300,17.3400,17.3200,17.3200,26800,464455.0000,3
2026-01-28,20260128110000000,sz.002732,17.3200,17.3300,17.2900,17.2900,15900,275257.0000,3
2026-01-28,20260128110500000,sz.002732,17.3000,17.3200,17.3000,17.3000,61800,1069369.0000,3
2026-01-28,20260128111000000,sz.002732,17.3000,17.3100,17.3000,17.3100,10000,173039.0000,3
2026-01-28,20260128111500000,sz.002732,17.3100,17.3200,17.2800,17.2800,12400,214453.0000,3
2026-01-28,20260128112000000,sz.002732,17.2800,17.3000,17.2800,17.3000,16300,281876.0000,3
2026-01-28,20260128112500000,sz.002732,17.3000,17.3100,17.2700,17.3000,98800,1707043.0000,3
2026-01-28,20260128113000000,sz.002732,17.3000,17.3000,17.2700,17.3000,109900,1897574.0000,3
2026-01-28,20260128130500000,sz.002732,17.2900,17.3200,17.2900,17.3100,28600,494853.0000,3
2026-01-28,20260128131000000,sz.002732,17.3100,17.3300,17.3100,17.3300,11700,202621.0000,3
2026-01-28,20260128131500000,sz.002732,17.3300,17.3700,17.3200,17.3700,73300,1270876.0000,3
2026-01-28,20260128132000000,sz.002732,17.3700,17.3700,17.3300,17.3300,35700,619077.0000,3
2026-01-28,20260128132500000,sz.002732,17.3300,17.3400,17.3200,17.3300,18500,320486.0000,3
2026-01-28,20260128133000000,sz.002732,17.3300,17.3800,17.3300,17.3700,38400,666642.0000,3
2026-01-28,20260128133500000,sz.002732,17.3600,17.3900,17.3600,17.3600,27100,470837.0000,3
2026-01-28,20260128134000000,sz.002732,17.3600,17.3900,17.3500,17.3600,28200,489654.0000,3
2026-01-28,20260128134500000,sz.002732,17.3600,17.3700,17.3400,17.3400,19700,341852.0000,3
2026-01-28,20260128135000000,sz.002732,17.3400,17.3500,17.3400,17.3500,9200,159570.0000,3
2026-01-28,20260128135500000,sz.002732,17.3400,17.3500,17.3200,17.3200,26600,461127.0000,3
2026-01-28,20260128140000000,sz.002732,17.3200,17.3300,17.2900,17.3000,20400,352996.0000,3
2026-01-28,20260128140500000,sz.002732,17.2900,17.3100,17.2900,17.3100,26300,454871.0000,3
2026-01-28,20260128141000000,sz.002732,17.3100,17.3100,17.3000,17.3100,21500,372047.0000,3
2026-01-28,20260128141500000,sz.002732,17.3000,17.3100,17.3000,17.3000,10300,178214.0000,3
2026-01-28,20260128142000000,sz.002732,17.3000,17.3100,17.2900,17.2900,27400,473947.0000,3
2026-01-28,20260128142500000,sz.002732,17.2900,17.3000,17.2900,17.2900,21700,375321.0000,3
2026-01-28,20260128143000000,sz.002732,17.2900,17.3000,17.2700,17.2800,115000,1988134.0000,3
2026-01-28,20260128143500000,sz.002732,17.2700,17.2700,17.2500,17.2600,92300,1592667.0000,3
2026-01-28,20260128144000000,sz.002732,17.2600,17.2600,17.2100,17.2300,148500,2558059.0000,3
2026-01-28,20260128144500000,sz.002732,17.2300,17.2600,17.2300,17.2500,44300,763853.0000,3
2026-01-28,20260128145000000,sz.002732,17.2500,17.2600,17.2300,17.2400,46100,795240.0000,3
2026-01-28,20260128145500000,sz.002732,17.2400,17.2700,17.2300,17.2600,42500,733134.0000,3
2026-01-28,20260128150000000,sz.002732,17.2500,17.2800,17.2300,17.2500,82800,1427400.0000,3
2026-01-29,20260129093500000,sz.002732,17.2000,17.2200,17.1200,17.2000,141100,2422831.0000,3
2026-01-29,20260129094000000,sz.002732,17.2200,17.3000,17.1800,17.3000,155100,2676347.0000,3
2026-01-29,20260129094500000,sz.002732,17.3000,17.3300,17.2400,17.2600,39600,684336.0000,3
2026-01-29,20260129095000000,sz.002732,17.2500,17.2800,17.2400,17.2600,32200,555852.0000,3
2026-01-29,20260129095500000,sz.002732,17.2600,17.2900,17.2500,17.2800,38100,658021.0000,3
2026-01-29,20260129100000000,sz.002732,17.2800,17.3300,17.2800,17.3300,49400,855166.0000,3
2026-01-29,20260129100500000,sz.002732,17.3300,17.3300,17.2800,17.3000,35600,616018.0000,3
2026-01-29,20260129101000000,sz.002732,17.3000,17.3500,17.3000,17.3400,156200,2705272.0000,3
2026-01-29,20260129101500000,sz.002732,17.3300,17.4200,17.3200,17.3400,93600,1624925.0000,3
2026-01-29,20260129102000000,sz.002732,17.3400,17.3800,17.3100,17.3100,66900,1159805.0000,3
2026-01-29,20260129102500000,sz.002732,17.3300,17.3700,17.3300,17.3500,147300,2554678.0000,3
2026-01-29,20260129103000000,sz.002732,17.3500,17.3600,17.3200,17.3200,36500,632962.0000,3
2026-01-29,20260129103500000,sz.002732,17.3200,17.3600,17.3200,17.3400,13200,228878.0000,3
2026-01-29,20260129104000000,sz.002732,17.3400,17.3400,17.3200,17.3200,13100,227096.0000,3
2026-01-29,20260129104500000,sz.002732,17.3300,17.3400,17.3100,17.3200,19700,341341.0000,3
2026-01-29,20260129105000000,sz.002732,17.3300,17.3300,17.3000,17.3100,12400,214792.0000,3
2026-01-29,20260129105500000,sz.002732,17.3100,17.3200,17.3000,17.3000,33600,581377.0000,3
2026-01-29,20260129110000000,sz.002732,17.3000,17.3200,17.3000,17.3100,18900,327152.0000,3
2026-01-29,20260129110500000,sz.002732,17.3100,17.3200,17.3000,17.3000,16600,287357.0000,3
2026-01-29,20260129111000000,sz.002732,17.3000,17.3100,17.3000,17.3100,13200,228430.0000,3
2026-01-29,20260129111500000,sz.002732,17.3100,17.3200,17.2800,17.2800,30800,532433.0000,3
2026-01-29,20260129112000000,sz.002732,17.2800,17.3100,17.2700,17.3100,98500,1703141.0000,3
2026-01-29,20260129112500000,sz.002732,17.2900,17.2900,17.2800,17.2800,12000,207478.0000,3
2026-01-29,20260129113000000,sz.002732,17.2800,17.3000,17.2800,17.2900,26700,461594.0000,3
2026-01-29,20260129130500000,sz.002732,17.2800,17.3000,17.2600,17.2600,36900,637656.0000,3
2026-01-29,20260129131000000,sz.002732,17.2600,17.3300,17.2600,17.3300,101300,1753505.0000,3
2026-01-29,20260129131500000,sz.002732,17.3300,17.3400,17.3200,17.3300,13100,227098.0000,3
2026-01-29,20260129132000000,sz.002732,17.3300,17.3500,17.3200,17.3300,31000,537368.0000,3
2026-01-29,20260129132500000,sz.002732,17.3300,17.3400,17.3100,17.3400,30300,525028.0000,3
2026-01-29,20260129133000000,sz.002732,17.3200,17.3500,17.3100,17.3100,33900,587802.0000,3
2026-01-29,20260129133500000,sz.002732,17.2900,17.3000,17.2500,17.2800,53900,930894.0000,3
2026-01-29,20260129134000000,sz.002732,17.2800,17.3200,17.2800,17.3100,33900,586624.0000,3
2026-01-29,20260129134500000,sz.002732,17.3000,17.3200,17.3000,17.3200,42800,740889.0000,3
2026-01-29,20260129135000000,sz.002732,17.3200,17.3500,17.3000,17.3200,40600,703609.0000,3
2026-01-29,20260129135500000,sz.002732,17.3000,17.3300,17.3000,17.3100,22200,384263.0000,3
2026-01-29,20260129140000000,sz.002732,17.3100,17.3200,17.2800,17.2900,30300,524071.0000,3
2026-01-29,20260129140500000,sz.002732,17.2900,17.3200,17.2800,17.3200,24100,416812.0000,3
2026-01-29,20260129141000000,sz.002732,17.3200,17.3200,17.3000,17.3000,15800,273582.0000,3
2026-01-29,20260129141500000,sz.002732,17.3100,17.3100,17.2600,17.2700,80700,1395145.0000,3
2026-01-29,20260129142000000,sz.002732,17.2700,17.3200,17.2700,17.3200,44500,769923.0000,3
2026-01-29,20260129142500000,sz.002732,17.3300,17.3400,17.3100,17.3200,57000,987553.0000,3
2026-01-29,20260129143000000,sz.002732,17.3400,17.3700,17.3200,17.3500,99300,1722836.0000,3
2026-01-29,20260129143500000,sz.002732,17.3500,17.3600,17.3300,17.3300,59600,1033657.0000,3
2026-01-29,20260129144000000,sz.002732,17.3300,17.3500,17.3300,17.3500,15100,261895.0000,3
2026-01-29,20260129144500000,sz.002732,17.3500,17.3600,17.3400,17.3500,39400,683726.0000,3
2026-01-29,20260129145000000,sz.002732,17.3500,17.3600,17.3400,17.3600,57800,1003023.0000,3
2026-01-29,20260129145500000,sz.002732,17.3600,17.3600,17.3400,17.3500,77800,1349956.0000,3
2026-01-29,20260129150000000,sz.002732,17.3500,17.3500,17.3400,17.3500,72400,1256047.0000,3
2026-01-30,20260130093500000,sz.002732,17.2900,17.3700,17.2100,17.2900,135260,2340337.6000,3
2026-01-30,20260130094000000,sz.002732,17.2900,17.4300,17.2800,17.4000,78900,1368517.0000,3
2026-01-30,20260130094500000,sz.002732,17.4000,17.5500,17.4000,17.5500,313100,5469437.0000,3
2026-01-30,20260130095000000,sz.002732,17.5500,17.6000,17.5200,17.5900,287900,5060778.0000,3
2026-01-30,20260130095500000,sz.002732,17.5800,17.6300,17.5700,17.5700,247000,4347385.0000,3
2026-01-30,20260130100000000,sz.002732,17.5600,17.6100,17.5500,17.5500,119900,2107710.0000,3
2026-01-30,20260130100500000,sz.002732,17.5500,17.5700,17.5200,17.5500,153200,2688212.0000,3
2026-01-30,20260130101000000,sz.002732,17.5500,17.5800,17.4800,17.5100,73300,1285123.0000,3
2026-01-30,20260130101500000,sz.002732,17.5000,17.5200,17.4800,17.4900,52700,922036.0000,3
2026-01-30,20260130102000000,sz.002732,17.4800,17.4800,17.4300,17.4500,57600,1004815.0000,3
2026-01-30,20260130102500000,sz.002732,17.4500,17.5100,17.4400,17.4400,132700,2319826.0000,3
2026-01-30,20260130103000000,sz.002732,17.4400,17.4800,17.4400,17.4400,49000,855129.0000,3
2026-01-30,20260130103500000,sz.002732,17.4400,17.4700,17.4100,17.4100,59300,1033929.0000,3
2026-01-30,20260130104000000,sz.002732,17.4100,17.4900,17.4000,17.4900,89900,1567690.0000,3
2026-01-30,20260130104500000,sz.002732,17.4900,17.4900,17.4600,17.4700,55300,966287.0000,3
2026-01-30,20260130105000000,sz.002732,17.4700,17.4800,17.4500,17.4700,23600,412176.0000,3
2026-01-30,20260130105500000,sz.002732,17.4600,17.4800,17.4300,17.4500,31800,555276.0000,3
2026-01-30,20260130110000000,sz.002732,17.4300,17.4500,17.4100,17.4500,37100,646516.0000,3
2026-01-30,20260130110500000,sz.002732,17.4200,17.4400,17.3900,17.3900,81500,1418704.0000,3
2026-01-30,20260130111000000,sz.002732,17.3800,17.4200,17.3800,17.4000,23300,405214.0000,3
2026-01-30,20260130111500000,sz.002732,17.3900,17.4800,17.3700,17.4800,206900,3609983.0000,3
2026-01-30,20260130112000000,sz.002732,17.4700,17.4700,17.3800,17.4600,127300,2222778.0000,3
2026-01-30,20260130112500000,sz.002732,17.4600,17.4800,17.4200,17.4200,104900,1832168.0000,3
2026-01-30,20260130113000000,sz.002732,17.4100,17.4900,17.4000,17.4800,41800,729348.0000,3
2026-01-30,20260130130500000,sz.002732,17.4800,17.5000,17.4300,17.5000,95100,1661944.0000,3
2026-01-30,20260130131000000,sz.002732,17.5000,17.5200,17.4900,17.5100,86400,1513343.0000,3
2026-01-30,20260130131500000,sz.002732,17.5200,17.5200,17.4700,17.4800,32500,568704.0000,3
2026-01-30,20260130132000000,sz.002732,17.4700,17.5200,17.4700,17.5100,36500,638268.0000,3
2026-01-30,20260130132500000,sz.002732,17.5000,17.5700,17.5000,17.5500,58200,1020210.0000,3
2026-01-30,20260130133000000,sz.002732,17.5500,17.6000,17.5400,17.5700,58600,1030221.0000,3
2026-01-30,20260130133500000,sz.002732,17.5800,17.6000,17.5800,17.5900,69300,1219159.0000,3
2026-01-30,20260130134000000,sz.002732,17.5900,17.6000,17.5800,17.5800,33600,591137.0000,3
2026-01-30,20260130134500000,sz.002732,17.5800,17.5900,17.5700,17.5800,30700,539664.0000,3
2026-01-30,20260130135000000,sz.002732,17.5800,17.6000,17.5700,17.5900,32900,578430.0000,3
2026-01-30,20260130135500000,sz.002732,17.5900,17.6300,17.5700,17.6200,98100,1726911.0000,3
2026-01-30,20260130140000000,sz.002732,17.6200,17.6300,17.5700,17.6000,24000,422659.0000,3
2026-01-30,20260130140500000,sz.002732,17.5700,17.6000,17.5700,17.5800,17600,309499.0000,3
2026-01-30,20260130141000000,sz.002732,17.5800,17.6000,17.5700,17.5900,36300,638541.0000,3
2026-01-30,20260130141500000,sz.002732,17.5800,17.5900,17.5700,17.5700,20300,356786.0000,3
2026-01-30,20260130142000000,sz.002732,17.5700,17.6100,17.5500,17.5900,50300,884160.0000,3
2026-01-30,20260130142500000,sz.002732,17.6000,17.6100,17.5800,17.5900,17300,304425.0000,3
2026-01-30,20260130143000000,sz.002732,17.5900,17.6000,17.5800,17.5900,40600,713992.0000,3
2026-01-30,20260130143500000,sz.002732,17.5900,17.6000,17.5700,17.5800,25300,444906.0000,3
2026-01-30,20260130144000000,sz.002732,17.5700,17.5900,17.5700,17.5700,47600,836649.0000,3
2026-01-30,20260130144500000,sz.002732,17.5700,17.6100,17.5700,17.6100,118500,2085060.0000,3
2026-01-30,20260130145000000,sz.002732,17.6100,17.6300,17.6000,17.6200,94100,1657554.0000,3
2026-01-30,20260130145500000,sz.002732,17.6100,17.6300,17.6000,17.6100,82900,1460457.0000,3
2026-01-30,20260130150000000,sz.002732,17.6100,17.6300,17.6100,17.6300,108600,1913825.0000,3
2026-02-02,20260202093500000,sz.002732,17.5700,17.6300,17.4600,17.6100,300700,5270868.0000,3
2026-02-02,20260202094000000,sz.002732,17.6100,17.6300,17.5500,17.6100,82600,1454561.0000,3
2026-02-02,20260202094500000,sz.002732,17.6100,17.7400,17.6000,17.7000,228100,4038576.0000,3
2026-02-02,20260202095000000,sz.002732,17.7000,17.8100,17.6900,17.7900,387100,6874866.0000,3
2026-02-02,20260202095500000,sz.002732,17.7800,17.7800,17.7100,17.7600,93600,1661035.0000,3
2026-02-02,20260202100000000,sz.002732,17.7600,17.7700,17.7000,17.7400,75700,1343410.0000,3
2026-02-02,20260202100500000,sz.002732,17.7400,17.7500,17.7000,17.7400,101800,1804603.0000,3
2026-02-02,20260202101000000,sz.002732,17.7300,17.7500,17.7100,17.7400,55700,987847.0000,3
2026-02-02,20260202101500000,sz.002732,17.7300,17.7900,17.7300,17.7600,77500,1377196.0000,3
2026-02-02,20260202102000000,sz.002732,17.7700,17.7800,17.7300,17.7400,71300,1265621.0000,3
2026-02-02,20260202102500000,sz.002732,17.7400,17.7600,17.7000,17.7300,29500,523056.0000,3
2026-02-02,20260202103000000,sz.002732,17.7300,17.7400,17.7200,17.7400,22000,390137.0000,3
2026-02-02,20260202103500000,sz.002732,17.7400,17.7800,17.7400,17.7800,89800,1594271.0000,3
2026-02-02,20260202104000000,sz.002732,17.7800,17.8200,17.7700,17.7700,104700,1863066.0000,3
2026-02-02,20260202104500000,sz.002732,17.7700,17.8200,17.7700,17.8000,74600,1328061.0000,3
2026-02-02,20260202105000000,sz.002732,17.7800,17.8100,17.7800,17.8000,38900,692526.0000,3
2026-02-02,20260202105500000,sz.002732,17.8000,17.8200,17.7900,17.7900,34700,617838.0000,3
2026-02-02,20260202110000000,sz.002732,17.7900,17.8000,17.7600,17.7600,26400,469383.0000,3
2026-02-02,20260202110500000,sz.002732,17.7600,17.7700,17.7400,17.7500,20200,358617.0000,3
2026-02-02,20260202111000000,sz.002732,17.7700,17.7700,17.7400,17.7500,30100,534301.0000,3
2026-02-02,20260202111500000,sz.002732,17.7400,17.7600,17.7300,17.7500,14300,253791.0000,3
2026-02-02,20260202112000000,sz.002732,17.7500,17.7600,17.7400,17.7500,22500,399386.0000,3
2026-02-02,20260202112500000,sz.002732,17.7500,17.7500,17.7100,17.7100,41300,732206.0000,3
2026-02-02,20260202113000000,sz.002732,17.7100,17.7200,17.6700,17.6800,53900,954293.0000,3
2026-02-02,20260202130500000,sz.002732,17.6700,17.7000,17.6700,17.6900,40500,716203.0000,3
2026-02-02,20260202131000000,sz.002732,17.6900,17.7000,17.6800,17.7000,27400,484741.0000,3
2026-02-02,20260202131500000,sz.002732,17.7100,17.7200,17.6900,17.7200,8600,152307.0000,3
2026-02-02,20260202132000000,sz.002732,17.7100,17.7400,17.7100,17.7200,44700,792364.0000,3
2026-02-02,20260202132500000,sz.002732,17.7100,17.7200,17.7000,17.7000,53600,949258.0000,3
2026-02-02,20260202133000000,sz.002732,17.7000,17.7000,17.6600,17.6600,22600,399776.0000,3
2026-02-02,20260202133500000,sz.002732,17.6600,17.6900,17.6600,17.6900,29400,519970.0000,3
2026-02-02,20260202134000000,sz.002732,17.6800,17.6800,17.6400,17.6500,55900,987231.0000,3
2026-02-02,20260202134500000,sz.002732,17.6500,17.6700,17.6400,17.6400,36900,651292.0000,3
2026-02-02,20260202135000000,sz.002732,17.6600,17.6600,17.5900,17.5900,162100,2856289.0000,3
2026-02-02,20260202135500000,sz.002732,17.5900,17.6100,17.5600,17.5800,66000,1160749.0000,3
2026-02-02,20260202140000000,sz.002732,17.5800,17.6400,17.5700,17.6400,29400,517911.0000,3
2026-02-02,20260202140500000,sz.002732,17.6400,17.6600,17.6300,17.6300,18400,324585.0000,3
2026-02-02,20260202141000000,sz.002732,17.6300,17.6600,17.6000,17.6000,32300,569026.0000,3
2026-02-02,20260202141500000,sz.002732,17.6000,17.6400,17.5900,17.6400,20200,355698.0000,3
2026-02-02,20260202142000000,sz.002732,17.6400,17.6500,17.6100,17.6200,32300,569604.0000,3
2026-02-02,20260202142500000,sz.002732,17.6200,17.6700,17.6200,17.6300,46300,816885.0000,3
2026-02-02,20260202143000000,sz.002732,17.6300,17.6300,17.6000,17.6000,35500,625405.0000,3
2026-02-02,20260202143500000,sz.002732,17.6000,17.6300,17.6000,17.6000,30800,542286.0000,3
2026-02-02,20260202144000000,sz.002732,17.6000,17.6200,17.5600,17.5600,39800,699937.0000,3
2026-02-02,20260202144500000,sz.002732,17.5800,17.5900,17.5400,17.5400,65800,1155814.0000,3
2026-02-02,20260202145000000,sz.002732,17.5400,17.5600,17.5100,17.5100,78600,1377920.0000,3
2026-02-02,20260202145500000,sz.002732,17.5100,17.5400,17.4800,17.5000,121600,2129073.0000,3
2026-02-02,20260202150000000,sz.002732,17.5100,17.5100,17.4800,17.4800,67800,1185858.0000,3
2026-02-03,20260203093500000,sz.002732,17.5300,17.6900,17.5200,17.6400,269100,4737306.0000,3
2026-02-03,20260203094000000,sz.002732,17.6400,17.7100,17.5800,17.6900,280200,4947363.0000,3
2026-02-03,20260203094500000,sz.002732,17.7000,17.7700,17.6700,17.7000,190300,3372340.0000,3
2026-02-03,20260203095000000,sz.002732,17.7100,17.7500,17.5900,17.5900,112700,1993175.0000,3
2026-02-03,20260203095500000,sz.002732,17.6100,17.6300,17.5700,17.6200,125600,2210182.0000,3
2026-02-03,20260203100000000,sz.002732,17.6200,17.6800,17.6100,17.6700,57200,1009884.0000,3
2026-02-03,20260203100500000,sz.002732,17.6700,17.7300,17.6400,17.6700,137600,2432117.0000,3
2026-02-03,20260203101000000,sz.002732,17.6800,17.7400,17.6700,17.7300,112000,1982655.0000,3
2026-02-03,20260203101500000,sz.002732,17.7300,17.7400,17.6600,17.7200,100600,1780983.0000,3
2026-02-03,20260203102000000,sz.002732,17.7200,17.7400,17.6900,17.6900,35000,620427.0000,3
2026-02-03,20260203102500000,sz.002732,17.6900,17.7200,17.6800,17.7100,62200,1100772.0000,3
2026-02-03,20260203103000000,sz.002732,17.7100,17.7200,17.6800,17.6800,54600,966518.0000,3
2026-02-03,20260203103500000,sz.002732,17.6900,17.7100,17.6000,17.6200,89900,1586625.0000,3
2026-02-03,20260203104000000,sz.002732,17.6200,17.6600,17.6200,17.6300,38200,673800.0000,3
2026-02-03,20260203104500000,sz.002732,17.6300,17.6400,17.5900,17.5900,36700,646415.0000,3
2026-02-03,20260203105000000,sz.002732,17.5900,17.6200,17.5900,17.6000,22000,387352.0000,3
2026-02-03,20260203105500000,sz.002732,17.6000,17.6200,17.5800,17.6100,94100,1654987.0000,3
2026-02-03,20260203110000000,sz.002732,17.6200,17.6300,17.6100,17.6100,40600,715415.0000,3
2026-02-03,20260203110500000,sz.002732,17.6100,17.6400,17.6100,17.6200,40900,720700.0000,3
2026-02-03,20260203111000000,sz.002732,17.6200,17.6400,17.6200,17.6200,19500,343680.0000,3
2026-02-03,20260203111500000,sz.002732,17.6200,17.6200,17.5900,17.5900,20500,360831.0000,3
2026-02-03,20260203112000000,sz.002732,17.5900,17.6200,17.5800,17.6100,26600,468338.0000,3
2026-02-03,20260203112500000,sz.002732,17.6100,17.6500,17.6100,17.6500,151600,2671296.0000,3
2026-02-03,20260203113000000,sz.002732,17.6500,17.6500,17.6200,17.6400,12900,227505.0000,3
2026-02-03,20260203130500000,sz.002732,17.6400,17.6600,17.6200,17.6600,40300,710824.0000,3
2026-02-03,20260203131000000,sz.002732,17.6600,17.6600,17.6300,17.6400,46100,813615.0000,3
2026-02-03,20260203131500000,sz.002732,17.6400,17.6500,17.6300,17.6500,14400,254122.0000,3
2026-02-03,20260203132000000,sz.002732,17.6400,17.6400,17.6200,17.6200,21600,380758.0000,3
2026-02-03,20260203132500000,sz.002732,17.6200,17.6400,17.6200,17.6300,4800,84613.0000,3
2026-02-03,20260203133000000,sz.002732,17.6300,17.6300,17.6200,17.6200,15300,269711.0000,3
2026-02-03,20260203133500000,sz.002732,17.6200,17.6600,17.6100,17.6600,56260,992256.4000,3
2026-02-03,20260203134000000,sz.002732,17.6600,17.6700,17.6500,17.6600,42500,750638.0000,3
2026-02-03,20260203134500000,sz.002732,17.6600,17.6700,17.6500,17.6700,29000,512156.0000,3
2026-02-03,20260203135000000,sz.002732,17.6800,17.6800,17.6500,17.6700,54300,959048.0000,3
2026-02-03,20260203135500000,sz.002732,17.6700,17.6800,17.6700,17.6700,26000,459570.0000,3
2026-02-03,20260203140000000,sz.002732,17.6700,17.7000,17.6600,17.6600,33400,590596.0000,3
2026-02-03,20260203140500000,sz.002732,17.6600,17.6800,17.6600,17.6600,43900,775666.0000,3
2026-02-03,20260203141000000,sz.002732,17.6600,17.6700,17.6500,17.6500,22900,404484.0000,3
2026-02-03,20260203141500000,sz.002732,17.6500,17.6600,17.6500,17.6600,26300,464458.0000,3
2026-02-03,20260203142000000,sz.002732,17.6600,17.6800,17.6600,17.6800,51500,909992.0000,3
2026-02-03,20260203142500000,sz.002732,17.6800,17.7200,17.6700,17.7100,70000,1239131.0000,3
2026-02-03,20260203143000000,sz.002732,17.7100,17.7200,17.7000,17.7200,51800,917394.0000,3
2026-02-03,20260203143500000,sz.002732,17.7100,17.7200,17.6900,17.7200,78800,1395204.0000,3
2026-02-03,20260203144000000,sz.002732,17.7200,17.7200,17.7000,17.7000,59500,1053435.0000,3
2026-02-03,20260203144500000,sz.002732,17.7000,17.7100,17.7000,17.7100,95100,1683462.0000,3
2026-02-03,20260203145000000,sz.002732,17.7200,17.7300,17.7000,17.7300,83200,1474140.0000,3
2026-02-03,20260203145500000,sz.002732,17.7200,17.7500,17.7200,17.7300,141700,2512527.0000,3
2026-02-03,20260203150000000,sz.002732,17.7200,17.7400,17.7200,17.7300,66000,1170154.0000,3
2026-02-04,20260204093500000,sz.002732,17.8900,17.8900,17.7600,17.7800,472200,8419426.0000,3
2026-02-04,20260204094000000,sz.002732,17.7800,17.8600,17.7500,17.7900,291700,5195841.0000,3
2026-02-04,20260204094500000,sz.002732,17.7900,17.8800,17.7900,17.8500,168200,3001036.0000,3
2026-02-04,20260204095000000,sz.002732,17.8500,17.8700,17.7900,17.8300,108000,1926092.0000,3
2026-02-04,20260204095500000,sz.002732,17.8200,17.8500,17.7900,17.8200,107900,1922253.0000,3
2026-02-04,20260204100000000,sz.002732,17.8300,17.8400,17.8200,17.8400,96500,1720057.0000,3
2026-02-04,20260204100500000,sz.002732,17.8400,17.8700,17.7800,17.8500,74000,1319273.0000,3
2026-02-04,20260204101000000,sz.002732,17.8500,17.8600,17.8300,17.8300,25700,458619.0000,3
2026-02-04,20260204101500000,sz.002732,17.8300,17.8600,17.8200,17.8200,41700,744228.0000,3
2026-02-04,20260204102000000,sz.002732,17.8200,17.8400,17.7700,17.7800,53700,955936.0000,3
2026-02-04,20260204102500000,sz.002732,17.7800,17.7800,17.7600,17.7700,34800,618388.0000,3
2026-02-04,20260204103000000,sz.002732,17.7700,17.8100,17.7600,17.7900,36200,643732.0000,3
2026-02-04,20260204103500000,sz.002732,17.7900,17.8300,17.7900,17.8300,18000,320708.0000,3
2026-02-04,20260204104000000,sz.002732,17.8300,17.8500,17.8100,17.8500,58900,1049912.0000,3
2026-02-04,20260204104500000,sz.002732,17.8500,17.8600,17.8200,17.8300,99900,1781944.0000,3
2026-02-04,20260204105000000,sz.002732,17.8300,17.8400,17.8200,17.8200,17200,306637.0000,3
2026-02-04,20260204105500000,sz.002732,17.8200,17.8600,17.8100,17.8500,52300,932846.0000,3
2026-02-04,20260204110000000,sz.002732,17.8600,17.8600,17.8200,17.8200,22600,403268.0000,3
2026-02-04,20260204110500000,sz.002732,17.8200,17.8200,17.7800,17.8000,83700,1489568.0000,3
2026-02-04,20260204111000000,sz.002732,17.8000,17.8000,17.7800,17.7900,47000,836078.0000,3
2026-02-04,20260204111500000,sz.002732,17.7900,17.7900,17.7300,17.7300,167400,2972649.0000,3
2026-02-04,20260204112000000,sz.002732,17.7300,17.7600,17.7300,17.7600,55700,987978.0000,3
2026-02-04,20260204112500000,sz.002732,17.7600,17.8000,17.7600,17.7900,27700,492413.0000,3
2026-02-04,20260204113000000,sz.002732,17.7900,17.7900,17.7500,17.7500,58500,1039398.0000,3
2026-02-04,20260204130500000,sz.002732,17.7500,17.8300,17.7300,17.8000,85900,1528852.0000,3
2026-02-04,20260204131000000,sz.002732,17.7900,17.8200,17.7800,17.7800,51900,924160.0000,3
2026-02-04,20260204131500000,sz.002732,17.7800,17.8100,17.7600,17.7800,53800,956897.0000,3
2026-02-04,20260204132000000,sz.002732,17.7800,17.7900,17.7500,17.7800,19800,351819.0000,3
2026-02-04,20260204132500000,sz.002732,17.7800,17.7800,17.7500,17.7600,47000,834779.0000,3
2026-02-04,20260204133000000,sz.002732,17.7600,17.7800,17.7500,17.7800,35100,623453.0000,3
2026-02-04,20260204133500000,sz.002732,17.7800,17.7900,17.7600,17.7600,31900,567104.0000,3
2026-02-04,20260204134000000,sz.002732,17.7700,17.7700,17.7600,17.7700,14800,262942.0000,3
2026-02-04,20260204134500000,sz.002732,17.7700,17.7800,17.7600,17.7800,36200,643295.0000,3
2026-02-04,20260204135000000,sz.002732,17.7700,17.7800,17.7600,17.7600,42400,753341.0000,3
2026-02-04,20260204135500000,sz.002732,17.7600,17.7700,17.7600,17.7600,23100,410307.0000,3
2026-02-04,20260204140000000,sz.002732,17.7600,17.7700,17.7500,17.7700,35300,626810.0000,3
2026-02-04,20260204140500000,sz.002732,17.7700,17.7800,17.7500,17.7800,31300,556132.0000,3
2026-02-04,20260204141000000,sz.002732,17.7700,17.7800,17.7700,17.7700,13300,236347.0000,3
2026-02-04,20260204141500000,sz.002732,17.7700,17.7800,17.7700,17.7800,40100,712772.0000,3
2026-02-04,20260204142000000,sz.002732,17.7800,17.7800,17.7700,17.7800,9300,165350.0000,3
2026-02-04,20260204142500000,sz.002732,17.7700,17.7800,17.7600,17.7700,35300,627188.0000,3
2026-02-04,20260204143000000,sz.002732,17.7700,17.7800,17.7700,17.7800,15400,273772.0000,3
2026-02-04,20260204143500000,sz.002732,17.7800,17.7800,17.7600,17.7800,50500,897422.0000,3
2026-02-04,20260204144000000,sz.002732,17.7800,17.7800,17.7700,17.7700,14100,250609.0000,3
2026-02-04,20260204144500000,sz.002732,17.7700,17.8300,17.7700,17.8200,230700,4103716.0000,3
2026-02-04,20260204145000000,sz.002732,17.8100,17.8100,17.7900,17.7900,46000,818992.0000,3
2026-02-04,20260204145500000,sz.002732,17.8000,17.8000,17.7800,17.7900,58500,1040656.0000,3
2026-02-04,20260204150000000,sz.002732,17.7900,17.8100,17.7700,17.8100,86300,1535631.0000,3
2026-02-05,20260205093500000,sz.002732,17.7200,17.8000,17.7100,17.8000,175600,3118709.0000,3
2026-02-05,20260205094000000,sz.002732,17.8100,17.8500,17.7700,17.8200,137800,2451693.0000,3
2026-02-05,20260205094500000,sz.002732,17.8300,17.9700,17.8300,17.9000,208900,3738596.0000,3
2026-02-05,20260205095000000,sz.002732,17.9000,17.9800,17.8900,17.9500,109700,1969336.0000,3
2026-02-05,20260205095500000,sz.002732,17.9400,18.0700,17.9300,18.0300,384100,6910245.0000,3
2026-02-05,20260205100000000,sz.002732,18.0300,18.0700,18.0100,18.0400,153800,2776416.0000,3
2026-02-05,20260205100500000,sz.002732,18.0400,18.0800,18.0300,18.0600,130300,2353369.0000,3
2026-02-05,20260205101000000,sz.002732,18.0600,18.0900,18.0500,18.0800,103200,1865526.0000,3
2026-02-05,20260205101500000,sz.002732,18.0800,18.1200,18.0700,18.1200,126800,2294659.0000,3
2026-02-05,20260205102000000,sz.002732,18.1100,18.1500,18.0800,18.0900,169000,3059623.0000,3
2026-02-05,20260205102500000,sz.002732,18.0900,18.1200,18.0800,18.1000,54700,989491.0000,3
2026-02-05,20260205103000000,sz.002732,18.1000,18.1600,18.0900,18.1200,133900,2428307.0000,3
2026-02-05,20260205103500000,sz.002732,18.1000,18.1300,18.0900,18.1000,77091,1395353.1000,3
2026-02-05,20260205104000000,sz.002732,18.1000,18.1100,18.0400,18.0400,53900,974081.0000,3
2026-02-05,20260205104500000,sz.002732,18.0400,18.0500,18.0200,18.0200,43600,786425.0000,3
2026-02-05,20260205105000000,sz.002732,18.0200,18.0200,18.0000,18.0100,68409,1231764.0000,3
2026-02-05,20260205105500000,sz.002732,18.0100,18.0100,17.9600,17.9800,61791,1111101.7300,3
2026-02-05,20260205110000000,sz.002732,17.9800,17.9800,17.9300,17.9300,59000,1058826.0000,3
2026-02-05,20260205110500000,sz.002732,17.9300,17.9900,17.9300,17.9600,21200,380618.9100,3
2026-02-05,20260205111000000,sz.002732,17.9600,17.9800,17.9400,17.9700,14600,262120.0000,3
2026-02-05,20260205111500000,sz.002732,17.9700,17.9700,17.9500,17.9500,11600,208319.0000,3
2026-02-05,20260205112000000,sz.002732,17.9600,18.0000,17.9600,18.0000,42100,756772.0000,3
2026-02-05,20260205112500000,sz.002732,18.0000,18.0100,17.9700,17.9900,45000,808980.0000,3
2026-02-05,20260205113000000,sz.002732,17.9700,18.0000,17.9600,17.9900,15400,276955.0000,3
2026-02-05,20260205130500000,sz.002732,17.9900,18.0200,17.9700,17.9700,43100,775709.0000,3
2026-02-05,20260205131000000,sz.002732,17.9700,17.9900,17.9500,17.9500,34000,610828.0000,3
2026-02-05,20260205131500000,sz.002732,17.9500,17.9600,17.9400,17.9600,22200,398520.0000,3
2026-02-05,20260205132000000,sz.002732,17.9600,18.0100,17.9500,18.0000,27900,501726.0000,3
2026-02-05,20260205132500000,sz.002732,17.9900,18.0000,17.9700,17.9800,20400,366936.0000,3
2026-02-05,20260205133000000,sz.002732,17.9900,18.0000,17.9800,17.9900,22000,395781.0000,3
2026-02-05,20260205133500000,sz.002732,18.0000,18.0000,17.9700,17.9700,33100,595094.0000,3
2026-02-05,20260205134000000,sz.002732,17.9900,18.0100,17.9700,18.0000,33500,602716.0000,3
2026-02-05,20260205134500000,sz.002732,18.0100,18.0200,17.9800,18.0000,21900,394177.0000,3
2026-02-05,20260205135000000,sz.002732,17.9800,18.0100,17.9800,17.9800,37600,676438.0000,3
2026-02-05,20260205135500000,sz.002732,17.9700,17.9900,17.9300,17.9500,38400,689148.0000,3
2026-02-05,20260205140000000,sz.002732,17.9500,17.9700,17.9500,17.9700,18400,330545.0000,3
2026-02-05,20260205140500000,sz.002732,17.9500,17.9600,17.9200,17.9500,39000,699473.0000,3
2026-02-05,20260205141000000,sz.002732,17.9500,17.9700,17.9400,17.9500,12100,217199.0000,3
2026-02-05,20260205141500000,sz.002732,17.9500,17.9500,17.9300,17.9400,10500,188371.0000,3
2026-02-05,20260205142000000,sz.002732,17.9300,17.9300,17.9100,17.9200,49000,878020.0000,3
2026-02-05,20260205142500000,sz.002732,17.9200,17.9200,17.9100,17.9100,4800,85973.0000,3
2026-02-05,20260205143000000,sz.002732,17.9200,17.9300,17.9000,17.9200,41700,746823.0000,3
2026-02-05,20260205143500000,sz.002732,17.9200,17.9500,17.9200,17.9400,31900,571856.0000,3
2026-02-05,20260205144000000,sz.002732,17.9400,17.9500,17.9200,17.9500,25300,453702.0000,3
2026-02-05,20260205144500000,sz.002732,17.9500,17.9500,17.9000,17.9100,48600,871270.0000,3
2026-02-05,20260205145000000,sz.002732,17.9100,17.9400,17.9000,17.9200,84600,1515948.0000,3
2026-02-05,20260205145500000,sz.002732,17.9300,17.9400,17.9100,17.9400,56900,1020076.0000,3
2026-02-05,20260205150000000,sz.002732,17.9300,17.9400,17.9000,17.9100,83600,1497727.0000,3
2026-02-06,20260206093500000,sz.002732,17.8500,18.0300,17.7300,17.8900,412500,7375489.0000,3
2026-02-06,20260206094000000,sz.002732,17.8900,18.0000,17.8400,17.9300,206300,3696848.0000,3
2026-02-06,20260206094500000,sz.002732,17.9600,17.9900,17.8700,17.8700,141100,2530281.0000,3
2026-02-06,20260206095000000,sz.002732,17.8700,17.9400,17.8500,17.9200,225600,4035515.0000,3
2026-02-06,20260206095500000,sz.002732,17.9100,17.9500,17.9100,17.9400,100900,1809146.0000,3
2026-02-06,20260206100000000,sz.002732,17.9400,17.9900,17.9100,17.9900,76700,1377897.0000,3
2026-02-06,20260206100500000,sz.002732,17.9800,18.0000,17.9400,17.9500,70800,1272607.0000,3
2026-02-06,20260206101000000,sz.002732,17.9500,17.9700,17.9200,17.9200,44900,805376.0000,3
2026-02-06,20260206101500000,sz.002732,17.9200,17.9400,17.9100,17.9200,33500,600449.0000,3
2026-02-06,20260206102000000,sz.002732,17.9300,17.9900,17.9200,17.9800,40400,725620.0000,3
2026-02-06,20260206102500000,sz.002732,17.9800,18.0000,17.9500,17.9900,56700,1019679.0000,3
2026-02-06,20260206103000000,sz.002732,17.9800,18.0300,17.9800,18.0200,60200,1083444.0000,3
2026-02-06,20260206103500000,sz.002732,18.0200,18.0200,17.9900,18.0100,18600,334869.0000,3
2026-02-06,20260206104000000,sz.002732,18.0100,18.0400,18.0000,18.0300,60900,1097367.0000,3
2026-02-06,20260206104500000,sz.002732,18.0300,18.0500,18.0100,18.0300,71500,1289418.0000,3
2026-02-06,20260206105000000,sz.002732,18.0200,18.0200,18.0000,18.0100,59500,1071836.0000,3
2026-02-06,20260206105500000,sz.002732,18.0100,18.0100,17.9700,17.9800,71700,1289708.0000,3
2026-02-06,20260206110000000,sz.002732,17.9800,17.9800,17.9600,17.9800,44600,801250.0000,3
2026-02-06,20260206110500000,sz.002732,17.9800,17.9800,17.9400,17.9600,14500,260453.0000,3
2026-02-06,20260206111000000,sz.002732,17.9600,17.9800,17.9500,17.9800,18300,328725.0000,3
2026-02-06,20260206111500000,sz.002732,17.9800,17.9900,17.9700,17.9900,21000,377618.0000,3
2026-02-06,20260206112000000,sz.002732,17.9900,18.0000,17.9600,17.9600,33400,600708.0000,3
2026-02-06,20260206112500000,sz.002732,17.9600,17.9800,17.9600,17.9800,27000,485073.0000,3
2026-02-06,20260206113000000,sz.002732,17.9800,17.9900,17.9800,17.9900,9800,176230.0000,3
2026-02-06,20260206130500000,sz.002732,17.9900,18.0000,17.9800,18.0000,20600,370624.0000,3
2026-02-06,20260206131000000,sz.002732,18.0000,18.0200,18.0000,18.0100,34900,628612.0000,3
2026-02-06,20260206131500000,sz.002732,18.0100,18.0500,18.0100,18.0400,80200,1446211.0000,3
2026-02-06,20260206132000000,sz.002732,18.0400,18.0500,18.0100,18.0200,43300,780896.0000,3
2026-02-06,20260206132500000,sz.002732,18.0200,18.0300,17.9900,17.9900,48300,869521.0000,3
2026-02-06,20260206133000000,sz.002732,17.9900,18.0200,17.9900,18.0200,12000,216060.0000,3
2026-02-06,20260206133500000,sz.002732,18.0200,18.0200,18.0000,18.0100,40700,732880.0000,3
2026-02-06,20260206134000000,sz.002732,18.0100,18.0100,18.0000,18.0000,14400,259216.0000,3
2026-02-06,20260206134500000,sz.002732,18.0000,18.0100,18.0000,18.0100,23800,428605.0000,3
2026-02-06,20260206135000000,sz.002732,18.0000,18.0100,17.9800,17.9800,31700,570382.0000,3
2026-02-06,20260206135500000,sz.002732,17.9800,17.9900,17.9800,17.9800,23500,422570.0000,3
2026-02-06,20260206140000000,sz.002732,18.0000,18.0000,17.9800,18.0000,11600,208757.0000,3
2026-02-06,20260206140500000,sz.002732,17.9900,18.0000,17.9800,17.9900,34200,615278.0000,3
2026-02-06,20260206141000000,sz.002732,17.9900,17.9900,17.9700,17.9900,15200,273333.0000,3
2026-02-06,20260206141500000,sz.002732,17.9900,17.9900,17.9600,17.9600,26400,474436.0000,3
2026-02-06,20260206142000000,sz.002732,17.9600,17.9600,17.9400,17.9500,41000,735860.0000,3
2026-02-06,20260206142500000,sz.002732,17.9400,17.9500,17.9400,17.9500,20100,360663.0000,3
2026-02-06,20260206143000000,sz.002732,17.9500,17.9500,17.9000,17.9100,45500,815615.0000,3
2026-02-06,20260206143500000,sz.002732,17.9100,17.9100,17.8900,17.8900,51300,917998.0000,3
2026-02-06,20260206144000000,sz.002732,17.8800,17.8900,17.8500,17.8600,124400,2221440.0000,3
2026-02-06,20260206144500000,sz.002732,17.8600,17.8800,17.8400,17.8700,75400,1346520.0000,3
2026-02-06,20260206145000000,sz.002732,17.8700,17.9000,17.8500,17.8700,103800,1855461.0000,3
2026-02-06,20260206145500000,sz.002732,17.8700,17.8800,17.8500,17.8600,122500,2188068.0000,3
2026-02-06,20260206150000000,sz.002732,17.8600,17.8600,17.8300,17.8500,91300,1629600.0000,3
2026-02-09,20260209093500000,sz.002732,17.9700,17.9800,17.8600,17.9000,294400,5272112.0000,3
2026-02-09,20260209094000000,sz.002732,17.9000,17.9000,17.8000,17.8300,157900,2818062.0000,3
2026-02-09,20260209094500000,sz.002732,17.8300,17.8300,17.7500,17.7900,195200,3471497.0000,3
2026-02-09,20260209095000000,sz.002732,17.8000,17.9100,17.8000,17.9000,114100,2038997.0000,3
2026-02-09,20260209095500000,sz.002732,17.9000,17.9200,17.8600,17.9200,51300,917565.0000,3
2026-02-09,20260209100000000,sz.002732,17.9200,17.9400,17.9000,17.9200,44600,799205.0000,3
2026-02-09,20260209100500000,sz.002732,17.9100,17.9400,17.9000,17.9200,60100,1076585.0000,3
2026-02-09,20260209101000000,sz.002732,17.9200,17.9300,17.8900,17.8900,46600,834517.0000,3
2026-02-09,20260209101500000,sz.002732,17.9000,17.9200,17.8800,17.9200,33000,590663.0000,3
2026-02-09,20260209102000000,sz.002732,17.9200,17.9400,17.8900,17.9100,60700,1087654.0000,3
2026-02-09,20260209102500000,sz.002732,17.9100,17.9500,17.9000,17.9500,25900,464371.0000,3
2026-02-09,20260209103000000,sz.002732,17.9500,17.9500,17.9100,17.9100,55400,993420.0000,3
2026-02-09,20260209103500000,sz.002732,17.9100,17.9200,17.8900,17.9100,23200,415191.0000,3
2026-02-09,20260209104000000,sz.002732,17.9100,17.9500,17.9100,17.9500,19900,356807.0000,3
2026-02-09,20260209104500000,sz.002732,17.9400,17.9900,17.9400,17.9500,55900,1004016.0000,3
2026-02-09,20260209105000000,sz.002732,17.9500,17.9800,17.9400,17.9600,29100,522440.0000,3
2026-02-09,20260209105500000,sz.002732,17.9600,17.9600,17.9300,17.9400,40600,728295.0000,3
2026-02-09,20260209110000000,sz.002732,17.9400,17.9500,17.9200,17.9200,23300,417840.0000,3
2026-02-09,20260209110500000,sz.002732,17.9200,17.9300,17.9100,17.9200,20900,374467.0000,3
2026-02-09,20260209111000000,sz.002732,17.9200,17.9200,17.8900,17.8900,17300,309806.0000,3
2026-02-09,20260209111500000,sz.002732,17.9200,17.9300,17.8800,17.9300,32100,574668.0000,3
2026-02-09,20260209112000000,sz.002732,17.9300,17.9400,17.9200,17.9400,22500,403375.0000,3
2026-02-09,20260209112500000,sz.002732,17.9300,17.9500,17.9300,17.9400,14700,263705.0000,3
2026-02-09,20260209113000000,sz.002732,17.9400,17.9600,17.9400,17.9500,39300,705344.0000,3
2026-02-09,20260209130500000,sz.002732,17.9600,17.9600,17.9100,17.9100,43000,771218.0000,3
2026-02-09,20260209131000000,sz.002732,17.9100,17.9100,17.8700,17.8900,43300,774637.0000,3
2026-02-09,20260209131500000,sz.002732,17.9000,17.9100,17.8800,17.8900,14100,252208.0000,3
2026-02-09,20260209132000000,sz.002732,17.8900,17.9300,17.8900,17.9100,19500,349311.0000,3
2026-02-09,20260209132500000,sz.002732,17.9100,17.9300,17.9100,17.9200,15300,274170.0000,3
2026-02-09,20260209133000000,sz.002732,17.9200,17.9300,17.9100,17.9200,14000,250920.0000,3
2026-02-09,20260209133500000,sz.002732,17.9200,17.9200,17.8900,17.9100,26200,469024.0000,3
2026-02-09,20260209134000000,sz.002732,17.9200,17.9400,17.9100,17.9100,18800,337010.0000,3
2026-02-09,20260209134500000,sz.002732,17.9100,17.9200,17.9100,17.9100,18200,326023.0000,3
2026-02-09,20260209135000000,sz.002732,17.9100,17.9200,17.9000,17.9100,22000,394036.0000,3
2026-02-09,20260209135500000,sz.002732,17.9100,17.9100,17.8900,17.9000,25500,456343.0000,3
2026-02-09,20260209140000000,sz.002732,17.9000,17.9000,17.8800,17.8900,15500,277326.0000,3
2026-02-09,20260209140500000,sz.002732,17.9000,17.9100,17.8900,17.9100,22100,395609.0000,3
2026-02-09,20260209141000000,sz.002732,17.9000,17.9000,17.8900,17.9000,16400,293534.0000,3
2026-02-09,20260209141500000,sz.002732,17.9000,17.9000,17.8900,17.8900,13000,232621.0000,3
2026-02-09,20260209142000000,sz.002732,17.9000,17.9000,17.8800,17.8900,53400,955197.0000,3
2026-02-09,20260209142500000,sz.002732,17.8900,17.9000,17.8800,17.9000,31400,561685.0000,3
2026-02-09,20260209143000000,sz.002732,17.9000,17.9000,17.8800,17.8900,33100,592271.0000,3
2026-02-09,20260209143500000,sz.002732,17.8900,17.8900,17.8700,17.8700,31800,568648.0000,3
2026-02-09,20260209144000000,sz.002732,17.8700,17.8900,17.8600,17.8900,41200,736457.0000,3
2026-02-09,20260209144500000,sz.002732,17.8900,17.9000,17.8800,17.9000,20400,365017.0000,3
2026-02-09,20260209145000000,sz.002732,17.9000,17.9200,17.8800,17.9200,144800,2591647.0000,3
2026-02-09,20260209145500000,sz.002732,17.9200,17.9500,17.9100,17.9300,97200,1743250.0000,3
2026-02-09,20260209150000000,sz.002732,17.9300,17.9500,17.9300,17.9500,36700,658515.0000,3
2026-02-10,20260210093500000,sz.002732,17.9400,17.9400,17.7900,17.8100,118800,2118723.0000,3
2026-02-10,20260210094000000,sz.002732,17.8100,17.8500,17.7900,17.7900,75700,1348436.0000,3
2026-02-10,20260210094500000,sz.002732,17.7800,17.8900,17.7800,17.8600,71800,1279016.0000,3
2026-02-10,20260210095000000,sz.002732,17.8600,17.8800,17.8000,17.8800,121300,2163749.0000,3
2026-02-10,20260210095500000,sz.002732,17.8800,17.8800,17.7800,17.8200,30400,541350.0000,3
2026-02-10,20260210100000000,sz.002732,17.7900,17.8300,17.7900,17.8200,34000,605431.0000,3
2026-02-10,20260210100500000,sz.002732,17.8300,17.8700,17.8300,17.8300,84900,1514972.0000,3
2026-02-10,20260210101000000,sz.002732,17.8300,17.8600,17.8200,17.8300,27800,495923.0000,3
2026-02-10,20260210101500000,sz.002732,17.8300,17.8400,17.8200,17.8200,27800,495581.0000,3
2026-02-10,20260210102000000,sz.002732,17.8200,17.8500,17.8200,17.8300,35000,624232.0000,3
2026-02-10,20260210102500000,sz.002732,17.8300,17.8800,17.8300,17.8700,65600,1171030.0000,3
2026-02-10,20260210103000000,sz.002732,17.8700,17.9100,17.8700,17.8700,63700,1139107.0000,3
2026-02-10,20260210103500000,sz.002732,17.8700,17.9000,17.8700,17.8900,19400,346990.0000,3
2026-02-10,20260210104000000,sz.002732,17.8900,17.9000,17.8800,17.9000,27700,495544.0000,3
2026-02-10,20260210104500000,sz.002732,17.8900,17.9300,17.8800,17.9300,15500,277446.0000,3
2026-02-10,20260210105000000,sz.002732,17.9300,17.9300,17.9000,17.9000,12000,214901.0000,3
2026-02-10,20260210105500000,sz.002732,17.9000,17.9100,17.8900,17.9100,35700,638918.0000,3
2026-02-10,20260210110000000,sz.002732,17.9100,17.9200,17.9000,17.9200,14400,257885.0000,3
2026-02-10,20260210110500000,sz.002732,17.9200,17.9200,17.9000,17.9200,14200,254390.0000,3
2026-02-10,20260210111000000,sz.002732,17.9100,17.9500,17.9100,17.9500,32700,586584.0000,3
2026-02-10,20260210111500000,sz.002732,17.9500,17.9800,17.9400,17.9700,58700,1054252.0000,3
2026-02-10,20260210112000000,sz.002732,17.9700,17.9900,17.9700,17.9900,29300,526840.0000,3
2026-02-10,20260210112500000,sz.002732,17.9900,18.0000,17.9600,17.9600,30800,554013.0000,3
2026-02-10,20260210113000000,sz.002732,17.9600,17.9800,17.9600,17.9700,13500,242537.0000,3
2026-02-10,20260210130500000,sz.002732,17.9800,18.0000,17.9500,17.9800,21300,382880.0000,3
2026-02-10,20260210131000000,sz.002732,17.9800,18.0300,17.9500,18.0000,49600,892630.0000,3
2026-02-10,20260210131500000,sz.002732,18.0000,18.0300,18.0000,18.0000,53400,962263.0000,3
2026-02-10,20260210132000000,sz.002732,18.0000,18.0100,17.9800,17.9800,18600,334667.0000,3
2026-02-10,20260210132500000,sz.002732,17.9800,17.9900,17.9700,17.9800,20900,375673.0000,3
2026-02-10,20260210133000000,sz.002732,17.9800,17.9900,17.9700,17.9800,11300,203206.0000,3
2026-02-10,20260210133500000,sz.002732,17.9800,18.0100,17.9800,17.9900,32400,583123.0000,3
2026-02-10,20260210134000000,sz.002732,17.9900,18.0000,17.9700,17.9900,22600,406352.0000,3
2026-02-10,20260210134500000,sz.002732,17.9900,17.9900,17.9700,17.9800,14200,255374.0000,3
2026-02-10,20260210135000000,sz.002732,17.9700,17.9900,17.9500,17.9600,42200,758259.0000,3
2026-02-10,20260210135500000,sz.002732,17.9600,17.9800,17.9600,17.9700,25200,452844.0000,3
2026-02-10,20260210140000000,sz.002732,17.9700,17.9800,17.9700,17.9700,35300,634365.0000,3
2026-02-10,20260210140500000,sz.002732,17.9700,17.9900,17.9600,17.9900,68100,1224254.0000,3
2026-02-10,20260210141000000,sz.002732,17.9900,17.9900,17.9600,17.9700,89200,1603706.0000,3
2026-02-10,20260210141500000,sz.002732,17.9700,17.9800,17.9600,17.9600,40200,722337.0000,3
2026-02-10,20260210142000000,sz.002732,17.9600,17.9700,17.9600,17.9600,23800,427579.0000,3
2026-02-10,20260210142500000,sz.002732,17.9600,17.9700,17.9600,17.9700,30000,538833.0000,3
2026-02-10,20260210143000000,sz.002732,17.9700,17.9700,17.9600,17.9700,46700,839130.0000,3
2026-02-10,20260210143500000,sz.002732,17.9700,17.9800,17.9300,17.9500,110200,1978384.0000,3
2026-02-10,20260210144000000,sz.002732,17.9500,17.9800,17.9500,17.9700,44100,792373.0000,3
2026-02-10,20260210144500000,sz.002732,17.9700,17.9800,17.9500,17.9600,55100,990094.0000,3
2026-02-10,20260210145000000,sz.002732,17.9700,17.9800,17.9400,17.9400,73900,1327050.0000,3
2026-02-10,20260210145500000,sz.002732,17.9400,17.9600,17.9200,17.9200,77500,1390397.0000,3
2026-02-10,20260210150000000,sz.002732,17.9200,17.9600,17.9200,17.9600,33900,608341.0000,3
2026-02-11,20260211093500000,sz.002732,17.9600,17.9600,17.8200,17.8700,76800,1373516.0000,3
2026-02-11,20260211094000000,sz.002732,17.8700,17.8700,17.7900,17.8000,95700,1705477.0000,3
2026-02-11,20260211094500000,sz.002732,17.8000,17.8300,17.7900,17.8100,52200,929517.0000,3
2026-02-11,20260211095000000,sz.002732,17.8100,17.8500,17.8100,17.8400,55700,992925.0000,3
2026-02-11,20260211095500000,sz.002732,17.8300,17.9100,17.8300,17.8700,36800,657467.0000,3
2026-02-11,20260211100000000,sz.002732,17.8700,17.9200,17.8600,17.9000,26800,479399.0000,3
2026-02-11,20260211100500000,sz.002732,17.8800,17.9200,17.8700,17.9200,26500,474221.0000,3
2026-02-11,20260211101000000,sz.002732,17.9200,17.9200,17.8600,17.8900,35100,627732.0000,3
2026-02-11,20260211101500000,sz.002732,17.8800,17.9400,17.8800,17.9000,19900,356300.0000,3
2026-02-11,20260211102000000,sz.002732,17.9000,17.9100,17.8900,17.9100,15400,275691.0000,3
2026-02-11,20260211102500000,sz.002732,17.9000,17.9000,17.8800,17.8900,22200,397048.0000,3
2026-02-11,20260211103000000,sz.002732,17.8900,17.8900,17.8600,17.8700,43400,775614.0000,3
2026-02-11,20260211103500000,sz.002732,17.8700,17.8900,17.8700,17.8800,23300,416662.0000,3
2026-02-11,20260211104000000,sz.002732,17.8800,17.8900,17.8800,17.8800,6100,109078.0000,3
2026-02-11,20260211104500000,sz.002732,17.8800,17.8900,17.8700,17.8800,10500,187728.0000,3
2026-02-11,20260211105000000,sz.002732,17.8800,17.9200,17.8700,17.8900,28700,513334.0000,3
2026-02-11,20260211105500000,sz.002732,17.8900,17.9000,17.8800,17.9000,10500,187845.0000,3
2026-02-11,20260211110000000,sz.002732,17.9000,17.9000,17.8800,17.8800,16900,302258.0000,3
2026-02-11,20260211110500000,sz.002732,17.8900,17.9000,17.8700,17.9000,15900,284227.0000,3
2026-02-11,20260211111000000,sz.002732,17.9000,17.9000,17.8800,17.8900,11500,205677.0000,3
2026-02-11,20260211111500000,sz.002732,17.8800,17.8900,17.8600,17.8600,37800,675604.0000,3
2026-02-11,20260211112000000,sz.002732,17.8600,17.8700,17.8500,17.8600,11000,196447.0000,3
2026-02-11,20260211112500000,sz.002732,17.8600,17.8600,17.8400,17.8600,18200,324885.0000,3
2026-02-11,20260211113000000,sz.002732,17.8600,17.8600,17.8300,17.8300,19100,340730.0000,3
2026-02-11,20260211130500000,sz.002732,17.8500,17.8500,17.8400,17.8500,17600,314095.0000,3
2026-02-11,20260211131000000,sz.002732,17.8500,17.8700,17.8400,17.8500,23700,423012.0000,3
2026-02-11,20260211131500000,sz.002732,17.8500,17.8700,17.8500,17.8600,20000,357242.0000,3
2026-02-11,20260211132000000,sz.002732,17.8600,17.8700,17.8100,17.8200,109700,1957557.0000,3
2026-02-11,20260211132500000,sz.002732,17.8200,17.8800,17.8200,17.8500,18300,326420.0000,3
2026-02-11,20260211133000000,sz.002732,17.8500,17.8600,17.8300,17.8300,6300,112394.0000,3
2026-02-11,20260211133500000,sz.002732,17.8300,17.8400,17.8200,17.8300,14900,265676.0000,3
2026-02-11,20260211134000000,sz.002732,17.8300,17.8700,17.8300,17.8700,36000,642600.0000,3
2026-02-11,20260211134500000,sz.002732,17.8700,17.8800,17.8600,17.8800,9800,175141.0000,3
2026-02-11,20260211135000000,sz.002732,17.8800,17.8900,17.8700,17.8800,21900,391598.0000,3
2026-02-11,20260211135500000,sz.002732,17.8900,17.8900,17.8800,17.8900,8300,148452.0000,3
2026-02-11,20260211140000000,sz.002732,17.8900,17.8900,17.8600,17.8600,18000,321702.0000,3
2026-02-11,20260211140500000,sz.002732,17.8600,17.8800,17.8300,17.8700,51400,917606.0000,3
2026-02-11,20260211141000000,sz.002732,17.8700,17.8800,17.8500,17.8600,23000,410962.0000,3
2026-02-11,20260211141500000,sz.002732,17.8600,17.8800,17.8600,17.8800,10000,178742.0000,3
2026-02-11,20260211142000000,sz.002732,17.8800,17.9000,17.8700,17.9000,18700,334388.0000,3
2026-02-11,20260211142500000,sz.002732,17.9000,17.9000,17.8800,17.8900,14600,261095.0000,3
2026-02-11,20260211143000000,sz.002732,17.8900,17.8900,17.8700,17.8800,15800,282436.0000,3
2026-02-11,20260211143500000,sz.002732,17.8900,17.8900,17.8400,17.8600,31600,564595.0000,3
2026-02-11,20260211144000000,sz.002732,17.8600,17.8600,17.8300,17.8400,42200,752925.0000,3
2026-02-11,20260211144500000,sz.002732,17.8400,17.8600,17.8300,17.8400,25200,449701.0000,3
2026-02-11,20260211145000000,sz.002732,17.8300,17.8600,17.8200,17.8500,43700,779469.0000,3
2026-02-11,20260211145500000,sz.002732,17.8400,17.8600,17.8200,17.8300,42200,752611.0000,3
2026-02-11,20260211150000000,sz.002732,17.8100,17.8400,17.8100,17.8200,38700,689731.0000,3
2026-02-12,20260212093500000,sz.002732,17.8400,17.9200,17.7300,17.7600,95100,1693158.0000,3
2026-02-12,20260212094000000,sz.002732,17.7900,17.8000,17.6900,17.6900,94600,1676235.0000,3
2026-02-12,20260212094500000,sz.002732,17.6900,17.7200,17.5500,17.5500,155700,2747694.0100,3
2026-02-12,20260212095000000,sz.002732,17.5500,17.6000,17.5400,17.6000,134800,2366928.0000,3
2026-02-12,20260212095500000,sz.002732,17.6000,17.6300,17.5700,17.6100,64800,1139693.0000,3
2026-02-12,20260212100000000,sz.002732,17.6000,17.6300,17.5900,17.6300,61100,1076375.0000,3
2026-02-12,20260212100500000,sz.002732,17.6300,17.6500,17.6000,17.6500,49200,867753.0000,3
2026-02-12,20260212101000000,sz.002732,17.6400,17.6700,17.6100,17.6400,36500,643989.0000,3
2026-02-12,20260212101500000,sz.002732,17.6400,17.7100,17.6200,17.7100,64600,1141261.0000,3
2026-02-12,20260212102000000,sz.002732,17.7100,17.7200,17.6900,17.7200,46000,814367.0000,3
2026-02-12,20260212102500000,sz.002732,17.7100,17.7500,17.7100,17.7500,13800,244515.0000,3
2026-02-12,20260212103000000,sz.002732,17.7500,17.7500,17.6900,17.7000,30100,533411.0000,3
2026-02-12,20260212103500000,sz.002732,17.7000,17.7200,17.7000,17.7200,8800,155861.0000,3
2026-02-12,20260212104000000,sz.002732,17.7200,17.7300,17.7100,17.7300,7200,127606.0000,3
2026-02-12,20260212104500000,sz.002732,17.7100,17.7400,17.7100,17.7100,12900,228609.0000,3
2026-02-12,20260212105000000,sz.002732,17.7200,17.7500,17.7100,17.7200,19800,351125.0000,3
2026-02-12,20260212105500000,sz.002732,17.7200,17.7200,17.6700,17.7000,25200,446047.0000,3
2026-02-12,20260212110000000,sz.002732,17.7200,17.7200,17.6600,17.6900,36300,642105.0000,3
2026-02-12,20260212110500000,sz.002732,17.6900,17.7000,17.6700,17.6700,20600,364182.0000,3
2026-02-12,20260212111000000,sz.002732,17.6700,17.6900,17.6500,17.6700,27500,485842.0000,3
2026-02-12,20260212111500000,sz.002732,17.6700,17.6700,17.6600,17.6600,13400,236735.0000,3
2026-02-12,20260212112000000,sz.002732,17.6700,17.6800,17.6700,17.6700,5600,98968.0000,3
2026-02-12,20260212112500000,sz.002732,17.6700,17.7100,17.6700,17.7000,39700,702023.0000,3
2026-02-12,20260212113000000,sz.002732,17.7000,17.7000,17.6700,17.6800,22400,395990.0000,3
2026-02-12,20260212130500000,sz.002732,17.6700,17.6900,17.6700,17.6800,22800,403118.0000,3
2026-02-12,20260212131000000,sz.002732,17.6800,17.6900,17.6700,17.6800,13999,247455.3300,3
2026-02-12,20260212131500000,sz.002732,17.6800,17.6800,17.6500,17.6800,18700,330373.0000,3
2026-02-12,20260212132000000,sz.002732,17.6800,17.6900,17.6600,17.6600,6800,120211.0000,3
2026-02-12,20260212132500000,sz.002732,17.6600,17.6600,17.6500,17.6600,13200,233074.0000,3
2026-02-12,20260212133000000,sz.002732,17.6600,17.6600,17.6500,17.6600,10400,183596.0000,3
2026-02-12,20260212133500000,sz.002732,17.6600,17.6600,17.6300,17.6300,14700,259352.0000,3
2026-02-12,20260212134000000,sz.002732,17.6400,17.6500,17.6400,17.6500,23900,421635.0000,3
2026-02-12,20260212134500000,sz.002732,17.6500,17.6500,17.6300,17.6400,13400,236351.0000,3
2026-02-12,20260212135000000,sz.002732,17.6400,17.6500,17.6300,17.6500,18800,331606.0000,3
2026-02-12,20260212135500000,sz.002732,17.6500,17.6500,17.6200,17.6300,17700,311983.0000,3
2026-02-12,20260212140000000,sz.002732,17.6300,17.6300,17.6100,17.6200,24100,424540.0000,3
2026-02-12,20260212140500000,sz.002732,17.6100,17.6300,17.6000,17.6200,27300,480956.0000,3
2026-02-12,20260212141000000,sz.002732,17.6100,17.6300,17.6100,17.6200,26700,470214.0000,3
2026-02-12,20260212141500000,sz.002732,17.6200,17.6200,17.6000,17.6000,30900,544149.0000,3
2026-02-12,20260212142000000,sz.002732,17.6000,17.6200,17.6000,17.6000,8300,146106.0000,3
2026-02-12,20260212142500000,sz.002732,17.6000,17.6100,17.5900,17.5900,19700,346751.0000,3
2026-02-12,20260212143000000,sz.002732,17.5900,17.6000,17.5800,17.5900,31700,557528.0000,3
2026-02-12,20260212143500000,sz.002732,17.5800,17.5800,17.5600,17.5700,42600,748377.0000,3
2026-02-12,20260212144000000,sz.002732,17.5700,17.5800,17.5500,17.5500,61800,1085325.0000,3
2026-02-12,20260212144500000,sz.002732,17.5500,17.5500,17.5300,17.5400,47400,831246.0000,3
2026-02-12,20260212145000000,sz.002732,17.5400,17.5400,17.5000,17.5300,78700,1379086.0000,3
2026-02-12,20260212145500000,sz.002732,17.5200,17.5200,17.4900,17.5100,108600,1900503.0000,3
2026-02-12,20260212150000000,sz.002732,17.5100,17.5800,17.5100,17.5800,75400,1323487.0000,3
2026-02-13,20260213093500000,sz.002732,17.6000,17.7500,17.5900,17.6000,126400,2231377.0000,3
2026-02-13,20260213094000000,sz.002732,17.5900,17.6500,17.5900,17.6500,26700,470314.0000,3
2026-02-13,20260213094500000,sz.002732,17.6500,17.6500,17.6000,17.6400,45700,805195.0000,3
2026-02-13,20260213095000000,sz.002732,17.6200,17.6600,17.6200,17.6600,30400,535953.0000,3
2026-02-13,20260213095500000,sz.002732,17.6500,17.6600,17.6400,17.6500,28600,504850.0000,3
2026-02-13,20260213100000000,sz.002732,17.6600,17.7300,17.6500,17.7200,64200,1135113.0000,3
2026-02-13,20260213100500000,sz.002732,17.7200,17.7200,17.6800,17.6800,26700,472421.0000,3
2026-02-13,20260213101000000,sz.002732,17.6800,17.7100,17.6800,17.7100,13200,233686.0000,3
2026-02-13,20260213101500000,sz.002732,17.7100,17.7600,17.6900,17.6900,77300,1370183.0000,3
2026-02-13,20260213102000000,sz.002732,17.6900,17.7300,17.6800,17.7000,15300,270849.0000,3
2026-02-13,20260213102500000,sz.002732,17.7000,17.7300,17.7000,17.7100,63700,1127881.0000,3
2026-02-13,20260213103000000,sz.002732,17.7100,17.7100,17.7000,17.7000,32700,578876.0000,3
2026-02-13,20260213103500000,sz.002732,17.7000,17.7200,17.6800,17.7000,46000,814425.0000,3
2026-02-13,20260213104000000,sz.002732,17.7000,17.7100,17.6800,17.6800,49600,877613.0000,3
2026-02-13,20260213104500000,sz.002732,17.6800,17.7000,17.6200,17.6200,74600,1318827.0000,3
2026-02-13,20260213105000000,sz.002732,17.6200,17.6400,17.6000,17.6200,45600,803277.0000,3
2026-02-13,20260213105500000,sz.002732,17.6200,17.6300,17.6000,17.6000,13900,244770.0000,3
2026-02-13,20260213110000000,sz.002732,17.6000,17.6300,17.6000,17.6300,22800,401612.0000,3
2026-02-13,20260213110500000,sz.002732,17.6200,17.6400,17.6100,17.6300,26100,460006.0000,3
2026-02-13,20260213111000000,sz.002732,17.6200,17.6400,17.6200,17.6200,11000,193889.0000,3
2026-02-13,20260213111500000,sz.002732,17.6200,17.6300,17.6200,17.6200,7600,133965.0000,3
2026-02-13,20260213112000000,sz.002732,17.6200,17.6300,17.5700,17.6000,55300,973100.0000,3
2026-02-13,20260213112500000,sz.002732,17.6000,17.6200,17.6000,17.6200,17100,301175.0000,3
2026-02-13,20260213113000000,sz.002732,17.6200,17.6300,17.6000,17.6000,21500,378541.0000,3
2026-02-13,20260213130500000,sz.002732,17.6200,17.6600,17.6200,17.6500,35600,627751.0000,3
2026-02-13,20260213131000000,sz.002732,17.6500,17.6800,17.6400,17.6600,42300,746881.0000,3
2026-02-13,20260213131500000,sz.002732,17.6600,17.6700,17.6400,17.6600,36600,646140.0000,3
2026-02-13,20260213132000000,sz.002732,17.6600,17.6700,17.6600,17.6600,9200,162489.0000,3
2026-02-13,20260213132500000,sz.002732,17.6600,17.7000,17.6500,17.6900,25100,443511.0000,3
2026-02-13,20260213133000000,sz.002732,17.6900,17.7200,17.6800,17.7000,23500,415826.0000,3
2026-02-13,20260213133500000,sz.002732,17.7000,17.7000,17.6700,17.6900,11200,198113.0000,3
2026-02-13,20260213134000000,sz.002732,17.6900,17.7100,17.6800,17.6900,13800,244148.0000,3
2026-02-13,20260213134500000,sz.002732,17.6900,17.7000,17.6800,17.7000,5800,102624.0000,3
2026-02-13,20260213135000000,sz.002732,17.6900,17.7100,17.6800,17.7000,13300,235319.0000,3
2026-02-13,20260213135500000,sz.002732,17.7000,17.7000,17.6800,17.7000,14400,254736.0000,3
2026-02-13,20260213140000000,sz.002732,17.7000,17.7000,17.6700,17.6900,15000,265283.0000,3
2026-02-13,20260213140500000,sz.002732,17.6900,17.6900,17.6800,17.6900,8200,145006.0000,3
2026-02-13,20260213141000000,sz.002732,17.6900,17.6900,17.6700,17.6800,16800,297020.0000,3
2026-02-13,20260213141500000,sz.002732,17.6800,17.6800,17.6500,17.6700,18000,317924.0000,3
2026-02-13,20260213142000000,sz.002732,17.6700,17.6700,17.6500,17.6600,8200,144801.0000,3
2026-02-13,20260213142500000,sz.002732,17.6500,17.6700,17.6500,17.6600,18100,319556.0000,3
2026-02-13,20260213143000000,sz.002732,17.6500,17.6700,17.6300,17.6300,13600,240029.0000,3
2026-02-13,20260213143500000,sz.002732,17.6300,17.6400,17.6200,17.6200,52800,930698.0000,3
2026-02-13,20260213144000000,sz.002732,17.6200,17.6200,17.5700,17.5700,135700,2388186.0000,3
2026-02-13,20260213144500000,sz.002732,17.5600,17.5700,17.5300,17.5400,49400,867002.0000,3
2026-02-13,20260213145000000,sz.002732,17.5400,17.5400,17.5100,17.5400,51900,909755.0000,3
2026-02-13,20260213145500000,sz.002732,17.5400,17.5500,17.5300,17.5300,90100,1580220.0000,3
2026-02-13,20260213150000000,sz.002732,17.5400,17.5900,17.5400,17.5700,85700,1504400.0000,3
2026-02-24,20260224093500000,sz.002732,17.6900,17.8200,17.6900,17.7300,254200,4507976.0000,3
2026-02-24,20260224094000000,sz.002732,17.7100,17.7500,17.6600,17.7000,56600,1001123.0000,3
2026-02-24,20260224094500000,sz.002732,17.7100,17.7200,17.6200,17.6300,47500,838987.0000,3
2026-02-24,20260224095000000,sz.002732,17.6300,17.6400,17.6000,17.6300,43300,762963.0000,3
2026-02-24,20260224095500000,sz.002732,17.6100,17.6300,17.5900,17.5900,55700,980882.0000,3
2026-02-24,20260224100000000,sz.002732,17.5900,17.6200,17.5700,17.5900,163100,2869146.0000,3
2026-02-24,20260224100500000,sz.002732,17.5900,17.6500,17.5900,17.6500,128200,2256975.0000,3
2026-02-24,20260224101000000,sz.002732,17.6500,17.6600,17.6100,17.6300,41200,726492.0000,3
2026-02-24,20260224101500000,sz.002732,17.6300,17.6500,17.6000,17.6300,36100,635974.0000,3
2026-02-24,20260224102000000,sz.002732,17.6300,17.6900,17.6300,17.6800,69800,1233547.0000,3
2026-02-24,20260224102500000,sz.002732,17.6800,17.6900,17.6600,17.6800,19100,337566.0000,3
2026-02-24,20260224103000000,sz.002732,17.6800,17.7100,17.6700,17.6800,34400,608298.0000,3
2026-02-24,20260224103500000,sz.002732,17.6800,17.7400,17.6700,17.7400,42700,755619.0000,3
2026-02-24,20260224104000000,sz.002732,17.7200,17.7500,17.7200,17.7500,86300,1531150.0000,3
2026-02-24,20260224104500000,sz.002732,17.7500,17.8000,17.7500,17.7700,143500,2549158.0000,3
2026-02-24,20260224105000000,sz.002732,17.7700,17.7800,17.7600,17.7800,29900,531385.0000,3
2026-02-24,20260224105500000,sz.002732,17.7800,17.8100,17.7700,17.8000,93300,1660049.0000,3
2026-02-24,20260224110000000,sz.002732,17.8000,17.8000,17.7800,17.8000,43600,775467.0000,3
2026-02-24,20260224110500000,sz.002732,17.8000,17.8000,17.7300,17.7300,33700,598394.0000,3
2026-02-24,20260224111000000,sz.002732,17.7300,17.7300,17.6900,17.6900,14700,260357.0000,3
2026-02-24,20260224111500000,sz.002732,17.6900,17.6900,17.6800,17.6800,14800,261749.0000,3
2026-02-24,20260224112000000,sz.002732,17.6800,17.6900,17.6800,17.6800,6400,113201.0000,3
2026-02-24,20260224112500000,sz.002732,17.6900,17.6900,17.6600,17.6700,34200,604654.0000,3
2026-02-24,20260224113000000,sz.002732,17.6700,17.6800,17.6500,17.6600,12300,217222.0000,3
2026-02-24,20260224130500000,sz.002732,17.6700,17.6900,17.6500,17.6700,31100,549381.0000,3
2026-02-24,20260224131000000,sz.002732,17.6700,17.6800,17.6600,17.6600,9100,160787.0000,3
2026-02-24,20260224131500000,sz.002732,17.6600,17.6800,17.6600,17.6700,8800,155517.0000,3
2026-02-24,20260224132000000,sz.002732,17.6700,17.6900,17.6700,17.6800,7100,125539.0000,3
2026-02-24,20260224132500000,sz.002732,17.6900,17.6900,17.6800,17.6900,14300,252913.0000,3
2026-02-24,20260224133000000,sz.002732,17.6900,17.6900,17.6800,17.6800,13300,235217.0000,3
2026-02-24,20260224133500000,sz.002732,17.6800,17.7000,17.6800,17.6900,14900,263588.0000,3
2026-02-24,20260224134000000,sz.002732,17.6900,17.7000,17.6900,17.6900,22100,390965.0000,3
2026-02-24,20260224134500000,sz.002732,17.6800,17.7000,17.6800,17.7000,17600,311229.0000,3
2026-02-24,20260224135000000,sz.002732,17.7000,17.7400,17.6900,17.7300,85700,1517082.0000,3
2026-02-24,20260224135500000,sz.002732,17.7300,17.7400,17.7100,17.7100,18300,324369.0000,3
2026-02-24,20260224140000000,sz.002732,17.7200,17.7200,17.7000,17.7000,15700,277989.0000,3
2026-02-24,20260224140500000,sz.002732,17.7000,17.7300,17.7000,17.7300,17800,315282.0000,3
2026-02-24,20260224141000000,sz.002732,17.7200,17.7300,17.7100,17.7200,17400,308347.0000,3
2026-02-24,20260224141500000,sz.002732,17.7100,17.7400,17.7100,17.7300,19600,347452.0000,3
2026-02-24,20260224142000000,sz.002732,17.7300,17.7600,17.7300,17.7600,31500,558783.0000,3
2026-02-24,20260224142500000,sz.002732,17.7600,17.7700,17.7500,17.7700,43500,772433.0000,3
2026-02-24,20260224143000000,sz.002732,17.7700,17.7700,17.7400,17.7500,15500,275119.0000,3
2026-02-24,20260224143500000,sz.002732,17.7500,17.7600,17.7400,17.7600,54200,961891.0000,3
2026-02-24,20260224144000000,sz.002732,17.7500,17.7600,17.7400,17.7500,59900,1063554.0000,3
2026-02-24,20260224144500000,sz.002732,17.7500,17.7600,17.7400,17.7500,11700,207650.0000,3
2026-02-24,20260224145000000,sz.002732,17.7500,17.7500,17.7300,17.7300,34700,615531.0000,3
2026-02-24,20260224145500000,sz.002732,17.7300,17.7500,17.7300,17.7500,119600,2121742.0000,3
2026-02-24,20260224150000000,sz.002732,17.7300,17.8000,17.7200,17.7900,76500,1359351.0000,3
2026-02-25,20260225093500000,sz.002732,17.8500,17.9000,17.8000,17.8300,116000,2070729.0000,3
2026-02-25,20260225094000000,sz.002732,17.8300,17.8300,17.7500,17.8000,32300,575131.0000,3
2026-02-25,20260225094500000,sz.002732,17.8000,17.8700,17.8000,17.8400,68673,1224518.4000,3
2026-02-25,20260225095000000,sz.002732,17.8500,17.8800,17.8400,17.8700,49200,878501.0000,3
2026-02-25,20260225095500000,sz.002732,17.8700,17.8900,17.8700,17.8800,112300,2007924.0000,3
2026-02-25,20260225100000000,sz.002732,17.8800,17.8900,17.8700,17.8900,30300,541935.0000,3
2026-02-25,20260225100500000,sz.002732,17.8900,17.9000,17.8700,17.8900,51700,924885.0000,3
2026-02-25,20260225101000000,sz.002732,17.8900,17.9000,17.8800,17.8800,28900,516926.0000,3
2026-02-25,20260225101500000,sz.002732,17.8900,17.8900,17.8700,17.8700,38400,686551.0000,3
2026-02-25,20260225102000000,sz.002732,17.8800,17.8900,17.8700,17.8900,17800,318233.0000,3
2026-02-25,20260225102500000,sz.002732,17.8900,17.8900,17.8600,17.8600,18100,323487.0000,3
2026-02-25,20260225103000000,sz.002732,17.8600,17.8700,17.8500,17.8600,20000,357125.0000,3
2026-02-25,20260225103500000,sz.002732,17.8600,17.8800,17.8600,17.8800,24800,443243.0000,3
2026-02-25,20260225104000000,sz.002732,17.8800,17.8800,17.8600,17.8600,14500,259119.0000,3
2026-02-25,20260225104500000,sz.002732,17.8600,17.8800,17.8600,17.8600,29600,529065.0000,3
2026-02-25,20260225105000000,sz.002732,17.8600,17.8800,17.8600,17.8700,7000,125127.0000,3
2026-02-25,20260225105500000,sz.002732,17.8700,17.8800,17.8600,17.8700,35300,630907.0000,3
2026-02-25,20260225110000000,sz.002732,17.8700,17.8800,17.8600,17.8700,15600,278792.0000,3
2026-02-25,20260225110500000,sz.002732,17.8700,17.8900,17.8700,17.8800,18400,329038.0000,3
2026-02-25,20260225111000000,sz.002732,17.8800,17.8900,17.8800,17.8800,8400,150235.0000,3
2026-02-25,20260225111500000,sz.002732,17.8900,17.8900,17.8800,17.8900,14600,261184.0000,3
2026-02-25,20260225112000000,sz.002732,17.8900,17.8900,17.8800,17.8800,15300,273685.0000,3
2026-02-25,20260225112500000,sz.002732,17.8800,17.8800,17.8600,17.8700,44800,800713.0000,3
2026-02-25,20260225113000000,sz.002732,17.8700,17.8800,17.8600,17.8600,10000,178684.0000,3
2026-02-25,20260225130500000,sz.002732,17.8600,17.9000,17.8600,17.8700,32000,572276.0000,3
2026-02-25,20260225131000000,sz.002732,17.8700,17.8800,17.8600,17.8800,8300,148354.0000,3
2026-02-25,20260225131500000,sz.002732,17.8800,17.8800,17.8400,17.8400,88100,1573117.0000,3
2026-02-25,20260225132000000,sz.002732,17.8400,17.8500,17.8200,17.8200,25900,461921.0000,3
2026-02-25,20260225132500000,sz.002732,17.8200,17.8400,17.8100,17.8400,22600,402846.0000,3
2026-02-25,20260225133000000,sz.002732,17.8400,17.8400,17.8100,17.8100,22000,392151.0000,3
2026-02-25,20260225133500000,sz.002732,17.8100,17.8300,17.7900,17.8000,30400,541288.0000,3
2026-02-25,20260225134000000,sz.002732,17.8000,17.8000,17.7800,17.7900,24300,432236.0000,3
2026-02-25,20260225134500000,sz.002732,17.8000,17.8100,17.7900,17.8100,16300,290228.0000,3
2026-02-25,20260225135000000,sz.002732,17.8100,17.8100,17.8000,17.8100,9100,162050.0000,3
2026-02-25,20260225135500000,sz.002732,17.8100,17.8100,17.8000,17.8000,18100,322309.0000,3
2026-02-25,20260225140000000,sz.002732,17.8000,17.8200,17.8000,17.8100,30100,535956.0000,3
2026-02-25,20260225140500000,sz.002732,17.8100,17.8200,17.8000,17.8200,19500,347384.0000,3
2026-02-25,20260225141000000,sz.002732,17.8200,17.8200,17.7700,17.7700,32500,578238.0000,3
2026-02-25,20260225141500000,sz.002732,17.7700,17.7800,17.7600,17.7600,22500,399821.0000,3
2026-02-25,20260225142000000,sz.002732,17.7600,17.7900,17.7600,17.7900,33900,602873.0000,3
2026-02-25,20260225142500000,sz.002732,17.7700,17.8000,17.7700,17.7900,40500,720531.0000,3
2026-02-25,20260225143000000,sz.002732,17.7900,17.7900,17.7700,17.7800,39700,705999.0000,3
2026-02-25,20260225143500000,sz.002732,17.7700,17.7800,17.7600,17.7700,59700,1060739.0000,3
2026-02-25,20260225144000000,sz.002732,17.7700,17.7800,17.7600,17.7600,24300,431735.0000,3
2026-02-25,20260225144500000,sz.002732,17.7600,17.7700,17.7600,17.7600,39500,701586.0000,3
2026-02-25,20260225145000000,sz.002732,17.7600,17.7700,17.7500,17.7600,89400,1587670.0000,3
2026-02-25,20260225145500000,sz.002732,17.7600,17.7900,17.7500,17.7900,137200,2438151.0000,3
2026-02-25,20260225150000000,sz.002732,17.7800,17.7900,17.7600,17.7600,118100,2098117.0000,3
2026-02-26,20260226093500000,sz.002732,17.7600,17.8300,17.7600,17.8200,68700,1222287.0000,3
2026-02-26,20260226094000000,sz.002732,17.8200,17.8900,17.8200,17.8800,83000,1481614.0000,3
2026-02-26,20260226094500000,sz.002732,17.8800,17.8800,17.8300,17.8400,34300,612501.0000,3
2026-02-26,20260226095000000,sz.002732,17.8200,17.8400,17.8000,17.8400,16600,295855.0000,3
2026-02-26,20260226095500000,sz.002732,17.8400,17.8500,17.7600,17.7600,47300,841280.0000,3
2026-02-26,20260226100000000,sz.002732,17.7600,17.7800,17.7200,17.7800,92600,1643296.0000,3
2026-02-26,20260226100500000,sz.002732,17.7800,17.8100,17.7800,17.7900,26700,475006.0000,3
2026-02-26,20260226101000000,sz.002732,17.7900,17.7900,17.7600,17.7600,12700,225716.0000,3
2026-02-26,20260226101500000,sz.002732,17.7400,17.7600,17.7400,17.7500,22500,399418.0000,3
2026-02-26,20260226102000000,sz.002732,17.7400,17.7500,17.7200,17.7300,31200,553270.0000,3
2026-02-26,20260226102500000,sz.002732,17.7200,17.7300,17.6800,17.6800,64900,1148417.0000,3
2026-02-26,20260226103000000,sz.002732,17.6700,17.6900,17.6600,17.6700,34300,606287.0000,3
2026-02-26,20260226103500000,sz.002732,17.6800,17.6900,17.6700,17.6700,26900,475516.0000,3
2026-02-26,20260226104000000,sz.002732,17.6700,17.6800,17.6300,17.6700,53600,946529.0000,3
2026-02-26,20260226104500000,sz.002732,17.6700,17.6700,17.6400,17.6400,14500,255962.0000,3
2026-02-26,20260226105000000,sz.002732,17.6400,17.6600,17.6300,17.6500,29900,527699.0000,3
2026-02-26,20260226105500000,sz.002732,17.6500,17.6600,17.6300,17.6600,24800,437550.0000,3
2026-02-26,20260226110000000,sz.002732,17.6500,17.6600,17.6400,17.6500,15800,278921.0000,3
2026-02-26,20260226110500000,sz.002732,17.6500,17.6700,17.6500,17.6700,11200,197772.0000,3
2026-02-26,20260226111000000,sz.002732,17.6700,17.6900,17.6700,17.6900,7100,125532.0000,3
2026-02-26,20260226111500000,sz.002732,17.7000,17.7000,17.6800,17.6800,2800,49526.0000,3
2026-02-26,20260226112000000,sz.002732,17.6800,17.6900,17.6600,17.6700,9400,166113.0000,3
2026-02-26,20260226112500000,sz.002732,17.6700,17.6700,17.6500,17.6600,13900,245491.0000,3
2026-02-26,20260226113000000,sz.002732,17.6600,17.6800,17.6500,17.6500,11500,203245.0000,3
2026-02-26,20260226130500000,sz.002732,17.6600,17.6700,17.6200,17.6200,32000,564450.0000,3
2026-02-26,20260226131000000,sz.002732,17.6300,17.6500,17.6100,17.6400,46500,819628.0000,3
2026-02-26,20260226131500000,sz.002732,17.6400,17.6400,17.6000,17.6200,30800,542471.0000,3
2026-02-26,20260226132000000,sz.002732,17.6100,17.6200,17.5900,17.5900,24800,436609.0000,3
2026-02-26,20260226132500000,sz.002732,17.5900,17.6100,17.5800,17.5800,39200,689465.0000,3
2026-02-26,20260226133000000,sz.002732,17.5800,17.5900,17.5800,17.5900,22400,393800.0000,3
2026-02-26,20260226133500000,sz.002732,17.5900,17.6100,17.5800,17.6000,29300,515390.0000,3
2026-02-26,20260226134000000,sz.002732,17.6000,17.6000,17.5800,17.6000,12900,226928.0000,3
2026-02-26,20260226134500000,sz.002732,17.5900,17.6000,17.5800,17.5800,21700,381664.0000,3
2026-02-26,20260226135000000,sz.002732,17.5800,17.6000,17.5500,17.5600,62100,1091314.0000,3
2026-02-26,20260226135500000,sz.002732,17.5600,17.5900,17.5600,17.5700,22400,393681.0000,3
2026-02-26,20260226140000000,sz.002732,17.5700,17.6000,17.5700,17.5700,23100,406300.0000,3
2026-02-26,20260226140500000,sz.002732,17.5900,17.5900,17.5500,17.5800,19900,349408.0000,3
2026-02-26,20260226141000000,sz.002732,17.5800,17.5900,17.5700,17.5800,30700,539699.0000,3
2026-02-26,20260226141500000,sz.002732,17.5800,17.6000,17.5800,17.5900,30600,538150.0000,3
2026-02-26,20260226142000000,sz.002732,17.6000,17.6100,17.5700,17.5800,24900,437879.0000,3
2026-02-26,20260226142500000,sz.002732,17.5800,17.5800,17.5600,17.5700,15900,279307.0000,3
2026-02-26,20260226143000000,sz.002732,17.5700,17.5700,17.5500,17.5500,50700,890353.0000,3
2026-02-26,20260226143500000,sz.002732,17.5600,17.5900,17.5400,17.5800,120300,2112576.0000,3
2026-02-26,20260226144000000,sz.002732,17.5800,17.5800,17.5600,17.5800,20100,353213.0000,3
2026-02-26,20260226144500000,sz.002732,17.5800,17.6100,17.5800,17.6000,40200,707326.0000,3
2026-02-26,20260226145000000,sz.002732,17.5800,17.6100,17.5800,17.6000,40000,704067.0000,3
2026-02-26,20260226145500000,sz.002732,17.6000,17.6100,17.5900,17.6000,43700,768812.0000,3
2026-02-26,20260226150000000,sz.002732,17.5800,17.6500,17.5800,17.6500,64000,1127604.0000,3
