date,time,code,open,high,low,close,volume,amount,adjustflag
2025-02-26,20250226093500000,sz.002842,7.4000,7.4100,7.3100,7.3400,1536400,11293061.0000,3
2025-02-26,20250226094000000,sz.002842,7.3400,7.3600,7.3200,7.3600,626200,4594131.0000,3
2025-02-26,20250226094500000,sz.002842,7.3600,7.3600,7.3000,7.3300,439000,3214118.0000,3
2025-02-26,20250226095000000,sz.002842,7.3300,7.3300,7.3000,7.3200,376500,2754396.0000,3
2025-02-26,20250226095500000,sz.002842,7.3200,7.3300,7.3100,7.3100,340000,2487596.0000,3
2025-02-26,20250226100000000,sz.002842,7.3100,7.3200,7.2700,7.2900,491700,3585114.0000,3
2025-02-26,20250226100500000,sz.002842,7.2900,7.3400,7.2900,7.3400,337400,2465400.0000,3
2025-02-26,20250226101000000,sz.002842,7.3400,7.4500,7.3300,7.3800,451800,3340904.0000,3
2025-02-26,20250226101500000,sz.002842,7.3800,7.4600,7.3800,7.3900,518200,3845280.0000,3
2025-02-26,20250226102000000,sz.002842,7.3900,7.4000,7.3800,7.3800,133000,983128.0000,3
2025-02-26,20250226102500000,sz.002842,7.3800,7.3900,7.3600,7.3700,185200,1364972.0000,3
2025-02-26,20250226103000000,sz.002842,7.3800,7.3900,7.3500,7.3500,141500,1042648.0000,3
2025-02-26,20250226103500000,sz.002842,7.3600,7.3700,7.3400,7.3400,209800,1542628.0000,3
2025-02-26,20250226104000000,sz.002842,7.3500,7.4000,7.3300,7.4000,163600,1203508.0000,3
2025-02-26,20250226104500000,sz.002842,7.4000,7.4000,7.3600,7.3600,105400,777700.0000,3
2025-02-26,20250226105000000,sz.002842,7.3600,7.3900,7.3600,7.3700,59800,441052.0000,3
2025-02-26,20250226105500000,sz.002842,7.3800,7.3800,7.3600,7.3700,76900,566736.0000,3
2025-02-26,20250226110000000,sz.002842,7.3600,7.4500,7.3600,7.4400,831300,6133752.0000,3
2025-02-26,20250226110500000,sz.002842,7.4400,7.4400,7.4000,7.4200,136300,1011592.0000,3
2025-02-26,20250226111000000,sz.002842,7.4200,7.4400,7.4100,7.4100,197100,1462200.0000,3
2025-02-26,20250226111500000,sz.002842,7.4100,7.4400,7.3900,7.4400,191900,1421644.0000,3
2025-02-26,20250226112000000,sz.002842,7.4300,7.4400,7.4000,7.4000,113500,842476.0000,3
2025-02-26,20250226112500000,sz.002842,7.4000,7.4200,7.3900,7.3900,206000,1524288.0000,3
2025-02-26,20250226113000000,sz.002842,7.4000,7.4000,7.3800,7.3900,90500,668656.0000,3
2025-02-26,20250226130500000,sz.002842,7.3900,7.4300,7.3900,7.4300,129600,960684.0000,3
2025-02-26,20250226131000000,sz.002842,7.4200,7.4200,7.4000,7.4100,49900,369908.0000,3
2025-02-26,20250226131500000,sz.002842,7.4000,7.4100,7.3800,7.3800,106100,784360.0000,3
2025-02-26,20250226132000000,sz.002842,7.3800,7.4000,7.3800,7.3900,127700,943636.0000,3
2025-02-26,20250226132500000,sz.002842,7.3800,7.4200,7.3800,7.4200,138200,1021788.0000,3
2025-02-26,20250226133000000,sz.002842,7.4100,7.4200,7.3800,7.4000,94900,701544.0000,3
2025-02-26,20250226133500000,sz.002842,7.4000,7.4100,7.3900,7.3900,97100,718312.0000,3
2025-02-26,20250226134000000,sz.002842,7.3900,7.4000,7.3800,7.4000,111900,826492.0000,3
2025-02-26,20250226134500000,sz.002842,7.3900,7.4000,7.3800,7.4000,109600,809488.0000,3
2025-02-26,20250226135000000,sz.002842,7.4000,7.4500,7.3900,7.4000,257700,1913100.0000,3
2025-02-26,20250226135500000,sz.002842,7.4100,7.4200,7.4100,7.4200,154600,1146520.0000,3
2025-02-26,20250226140000000,sz.002842,7.4200,7.4300,7.4100,7.4100,121500,901608.0000,3
2025-02-26,20250226140500000,sz.002842,7.4200,7.4300,7.4100,7.4300,150900,1119072.0000,3
2025-02-26,20250226141000000,sz.002842,7.4100,7.4300,7.4000,7.4100,199100,1475232.0000,3
2025-02-26,20250226141500000,sz.002842,7.4100,7.4200,7.4100,7.4100,131900,977664.0000,3
2025-02-26,20250226142000000,sz.002842,7.4100,7.4100,7.4000,7.4000,95400,706704.0000,3
2025-02-26,20250226142500000,sz.002842,7.4000,7.4100,7.3900,7.3900,119200,882136.0000,3
2025-02-26,20250226143000000,sz.002842,7.3900,7.4100,7.3900,7.4100,155200,1148656.0000,3
2025-02-26,20250226143500000,sz.002842,7.4000,7.4200,7.3900,7.4200,327800,2425816.0000,3
2025-02-26,20250226144000000,sz.002842,7.4200,7.4200,7.4000,7.4100,205800,1525976.0000,3
2025-02-26,20250226144500000,sz.002842,7.4000,7.4100,7.3900,7.4000,349900,2588976.0000,3
2025-02-26,20250226145000000,sz.002842,7.4000,7.4200,7.4000,7.4100,318000,2354976.0000,3
2025-02-26,20250226145500000,sz.002842,7.4100,7.4200,7.4000,7.4200,449400,3331792.0000,3
2025-02-26,20250226150000000,sz.002842,7.4200,7.4300,7.4100,7.4200,652300,4841680.0000,3
2025-02-27,20250227093500000,sz.002842,7.4000,7.5900,7.3900,7.5700,1037000,7757794.0000,3
2025-02-27,20250227094000000,sz.002842,7.5700,7.6000,7.5200,7.5700,981100,7417786.0000,3
2025-02-27,20250227094500000,sz.002842,7.5700,7.5700,7.4900,7.5600,436600,3284947.0000,3
2025-02-27,20250227095000000,sz.002842,7.5600,7.5600,7.5100,7.5500,281900,2122578.0000,3
2025-02-27,20250227095500000,sz.002842,7.5500,7.5600,7.4800,7.4800,420500,3162186.0000,3
2025-02-27,20250227100000000,sz.002842,7.4800,7.5200,7.4600,7.5100,457600,3426716.0000,3
2025-02-27,20250227100500000,sz.002842,7.5100,7.5200,7.4900,7.5000,189200,1419710.0000,3
2025-02-27,20250227101000000,sz.002842,7.5000,7.5300,7.4700,7.5300,421400,3154572.0000,3
2025-02-27,20250227101500000,sz.002842,7.5300,7.5800,7.4800,7.5000,459200,3464256.0000,3
2025-02-27,20250227102000000,sz.002842,7.5000,7.5000,7.4600,7.4700,291500,2179516.0000,3
2025-02-27,20250227102500000,sz.002842,7.4700,7.4700,7.4500,7.4500,139500,1040504.0000,3
2025-02-27,20250227103000000,sz.002842,7.4500,7.4600,7.4300,7.4300,260700,1939496.0000,3
2025-02-27,20250227103500000,sz.002842,7.4300,7.4400,7.4100,7.4400,192400,1428836.0000,3
2025-02-27,20250227104000000,sz.002842,7.4400,7.4400,7.4100,7.4100,226500,1682344.0000,3
2025-02-27,20250227104500000,sz.002842,7.4100,7.4500,7.4100,7.4400,128600,956212.0000,3
2025-02-27,20250227105000000,sz.002842,7.4500,7.4500,7.4200,7.4200,91400,679048.0000,3
2025-02-27,20250227105500000,sz.002842,7.4200,7.4200,7.4000,7.4000,101000,748548.0000,3
2025-02-27,20250227110000000,sz.002842,7.4000,7.4100,7.4000,7.4000,188000,1391672.0000,3
2025-02-27,20250227110500000,sz.002842,7.4100,7.4100,7.3900,7.4000,189900,1404992.0000,3
2025-02-27,20250227111000000,sz.002842,7.3900,7.4000,7.3600,7.3600,412400,3042388.0000,3
2025-02-27,20250227111500000,sz.002842,7.3600,7.3800,7.3500,7.3500,124900,918828.0000,3
2025-02-27,20250227112000000,sz.002842,7.3400,7.3400,7.3200,7.3200,103500,758812.0000,3
2025-02-27,20250227112500000,sz.002842,7.3200,7.3300,7.3100,7.3300,138700,1015196.0000,3
2025-02-27,20250227113000000,sz.002842,7.3400,7.3400,7.3200,7.3200,73600,539080.0000,3
2025-02-27,20250227130500000,sz.002842,7.3200,7.3300,7.3100,7.3200,117800,862204.0000,3
2025-02-27,20250227131000000,sz.002842,7.3200,7.3500,7.3200,7.3300,188500,1381548.0000,3
2025-02-27,20250227131500000,sz.002842,7.3300,7.3500,7.3200,7.3300,110600,810908.0000,3
2025-02-27,20250227132000000,sz.002842,7.3300,7.3400,7.3300,7.3400,79500,583144.0000,3
2025-02-27,20250227132500000,sz.002842,7.3400,7.3600,7.3300,7.3600,90200,663164.0000,3
2025-02-27,20250227133000000,sz.002842,7.3600,7.3600,7.3400,7.3400,114800,843644.0000,3
2025-02-27,20250227133500000,sz.002842,7.3500,7.3600,7.3400,7.3600,71300,524308.0000,3
2025-02-27,20250227134000000,sz.002842,7.3600,7.3600,7.3400,7.3500,90000,661472.0000,3
2025-02-27,20250227134500000,sz.002842,7.3500,7.3800,7.3400,7.3700,140100,1030056.0000,3
2025-02-27,20250227135000000,sz.002842,7.3700,7.4000,7.3700,7.4000,121200,895824.0000,3
2025-02-27,20250227135500000,sz.002842,7.4000,7.4000,7.3800,7.4000,74000,546828.0000,3
2025-02-27,20250227140000000,sz.002842,7.4000,7.4000,7.3700,7.3700,98500,726780.0000,3
2025-02-27,20250227140500000,sz.002842,7.3700,7.3900,7.3700,7.3800,60600,447060.0000,3
2025-02-27,20250227141000000,sz.002842,7.3800,7.3900,7.3800,7.3900,24900,183888.0000,3
2025-02-27,20250227141500000,sz.002842,7.4000,7.4300,7.4000,7.4300,137900,1021672.0000,3
2025-02-27,20250227142000000,sz.002842,7.4300,7.4500,7.4100,7.4100,102900,764740.0000,3
2025-02-27,20250227142500000,sz.002842,7.4100,7.4400,7.4100,7.4300,106500,790856.0000,3
2025-02-27,20250227143000000,sz.002842,7.4300,7.4500,7.4200,7.4300,127800,950268.0000,3
2025-02-27,20250227143500000,sz.002842,7.4400,7.4400,7.4200,7.4300,107100,796160.0000,3
2025-02-27,20250227144000000,sz.002842,7.4300,7.4400,7.4200,7.4400,150500,1119128.0000,3
2025-02-27,20250227144500000,sz.002842,7.4400,7.4400,7.4300,7.4300,90800,674944.0000,3
2025-02-27,20250227145000000,sz.002842,7.4400,7.4500,7.4300,7.4500,282500,2101448.0000,3
2025-02-27,20250227145500000,sz.002842,7.4500,7.4600,7.4300,7.4400,306400,2279920.0000,3
2025-02-27,20250227150000000,sz.002842,7.4400,7.4500,7.4300,7.4300,404600,3009248.0000,3
2025-02-28,20250228093500000,sz.002842,7.4400,7.6400,7.4400,7.6200,1692200,12744680.0000,3
2025-02-28,20250228094000000,sz.002842,7.6200,7.8700,7.6000,7.7700,2509800,19488395.0000,3
2025-02-28,20250228094500000,sz.002842,7.7700,7.8500,7.6400,7.7300,1403900,10881320.0000,3
2025-02-28,20250228095000000,sz.002842,7.7300,7.7800,7.6900,7.7000,749300,5787508.0000,3
2025-02-28,20250228095500000,sz.002842,7.7000,7.7000,7.6000,7.6100,662500,5056376.0000,3
2025-02-28,20250228100000000,sz.002842,7.6100,7.6300,7.5900,7.6000,351600,2675684.0000,3
2025-02-28,20250228100500000,sz.002842,7.6000,7.6100,7.5600,7.5800,353800,2683188.0000,3
2025-02-28,20250228101000000,sz.002842,7.5900,7.6400,7.5800,7.6400,136800,1039844.0000,3
2025-02-28,20250228101500000,sz.002842,7.6400,7.6400,7.6000,7.6100,163000,1242344.0000,3
2025-02-28,20250228102000000,sz.002842,7.6100,7.6200,7.5800,7.6000,91600,696004.0000,3
2025-02-28,20250228102500000,sz.002842,7.6000,7.6500,7.6000,7.6400,122200,930256.0000,3
2025-02-28,20250228103000000,sz.002842,7.6400,7.6500,7.6300,7.6300,134900,1030528.0000,3
2025-02-28,20250228103500000,sz.002842,7.6300,7.6300,7.6100,7.6100,187500,1429328.0000,3
2025-02-28,20250228104000000,sz.002842,7.6200,7.6200,7.6000,7.6200,89600,682056.0000,3
2025-02-28,20250228104500000,sz.002842,7.6200,7.6500,7.6200,7.6500,117300,895092.0000,3
2025-02-28,20250228105000000,sz.002842,7.6500,7.6500,7.6100,7.6100,180800,1380348.0000,3
2025-02-28,20250228105500000,sz.002842,7.6100,7.6200,7.5800,7.5900,253300,1925672.0000,3
2025-02-28,20250228110000000,sz.002842,7.5900,7.5900,7.5500,7.5800,178500,1350512.0000,3
2025-02-28,20250228110500000,sz.002842,7.5800,7.5800,7.5400,7.5700,144500,1091672.0000,3
2025-02-28,20250228111000000,sz.002842,7.5700,7.5900,7.5200,7.5200,115200,870256.0000,3
2025-02-28,20250228111500000,sz.002842,7.5200,7.5700,7.5200,7.5300,64500,486784.0000,3
2025-02-28,20250228112000000,sz.002842,7.5300,7.5300,7.5100,7.5100,64600,485880.0000,3
2025-02-28,20250228112500000,sz.002842,7.5200,7.5600,7.5200,7.5500,67500,509480.0000,3
2025-02-28,20250228113000000,sz.002842,7.5500,7.5600,7.5300,7.5400,90600,684216.0000,3
2025-02-28,20250228130500000,sz.002842,7.5300,7.5300,7.4900,7.4900,120900,908448.0000,3
2025-02-28,20250228131000000,sz.002842,7.4900,7.5100,7.4800,7.5000,85800,642976.0000,3
2025-02-28,20250228131500000,sz.002842,7.5000,7.6400,7.4900,7.6100,337800,2557840.0000,3
2025-02-28,20250228132000000,sz.002842,7.6100,7.6400,7.5700,7.5700,202400,1540720.0000,3
2025-02-28,20250228132500000,sz.002842,7.5700,7.5700,7.5300,7.5500,60300,455400.0000,3
2025-02-28,20250228133000000,sz.002842,7.5500,7.5700,7.5300,7.5700,112400,848952.0000,3
2025-02-28,20250228133500000,sz.002842,7.5700,7.5700,7.5300,7.5300,56100,423592.0000,3
2025-02-28,20250228134000000,sz.002842,7.5300,7.5500,7.5200,7.5200,59900,451288.0000,3
2025-02-28,20250228134500000,sz.002842,7.5200,7.5500,7.5200,7.5300,82700,623248.0000,3
2025-02-28,20250228135000000,sz.002842,7.5400,7.5500,7.5200,7.5400,168600,1270088.0000,3
2025-02-28,20250228135500000,sz.002842,7.5300,7.5600,7.5200,7.5500,126500,954312.0000,3
2025-02-28,20250228140000000,sz.002842,7.5500,7.5900,7.5400,7.5500,174300,1319392.0000,3
2025-02-28,20250228140500000,sz.002842,7.5400,7.5500,7.5300,7.5300,63300,477368.0000,3
2025-02-28,20250228141000000,sz.002842,7.5300,7.5500,7.5300,7.5300,71100,535616.0000,3
2025-02-28,20250228141500000,sz.002842,7.5300,7.5400,7.4800,7.4800,513500,3856304.0000,3
2025-02-28,20250228142000000,sz.002842,7.4800,7.4800,7.4400,7.4500,147300,1098704.0000,3
2025-02-28,20250228142500000,sz.002842,7.4500,7.4800,7.4500,7.4700,170500,1272376.0000,3
2025-02-28,20250228143000000,sz.002842,7.4700,7.4900,7.4500,7.4800,195600,1461472.0000,3
2025-02-28,20250228143500000,sz.002842,7.4800,7.4900,7.4600,7.4600,152400,1138728.0000,3
2025-02-28,20250228144000000,sz.002842,7.4600,7.4800,7.4400,7.4400,454900,3393496.0000,3
2025-02-28,20250228144500000,sz.002842,7.4400,7.4800,7.4300,7.4600,263100,1962488.0000,3
2025-02-28,20250228145000000,sz.002842,7.4600,7.4700,7.4500,7.4600,216700,1615824.0000,3
2025-02-28,20250228145500000,sz.002842,7.4600,7.4700,7.4400,7.4500,407000,3034296.0000,3
2025-02-28,20250228150000000,sz.002842,7.4400,7.4900,7.4400,7.4600,448900,3350880.0000,3
2025-03-03,20250303093500000,sz.002842,7.3900,7.6000,7.3900,7.4900,1618300,12133832.0000,3
2025-03-03,20250303094000000,sz.002842,7.4900,7.5900,7.4800,7.5900,701100,5286771.0000,3
2025-03-03,20250303094500000,sz.002842,7.5900,7.5900,7.5100,7.5500,429700,3248578.0000,3
2025-03-03,20250303095000000,sz.002842,7.5500,7.5800,7.5400,7.5400,342000,2584128.0000,3
2025-03-03,20250303095500000,sz.002842,7.5400,7.6300,7.5200,7.6300,570600,4317016.0000,3
2025-03-03,20250303100000000,sz.002842,7.6300,7.6300,7.5800,7.6000,289800,2205552.0000,3
2025-03-03,20250303100500000,sz.002842,7.6000,7.6000,7.5500,7.5500,266800,2021354.0000,3
2025-03-03,20250303101000000,sz.002842,7.5500,7.5900,7.5400,7.5800,216800,1638496.0000,3
2025-03-03,20250303101500000,sz.002842,7.5800,7.5900,7.5500,7.5500,252400,1911254.0000,3
2025-03-03,20250303102000000,sz.002842,7.5500,7.5900,7.5500,7.5800,172900,1309352.0000,3
2025-03-03,20250303102500000,sz.002842,7.5700,7.5900,7.5700,7.5700,170100,1289012.0000,3
2025-03-03,20250303103000000,sz.002842,7.5700,7.5900,7.5600,7.5900,165600,1255020.0000,3
2025-03-03,20250303103500000,sz.002842,7.5800,7.6000,7.5600,7.5900,186300,1412836.0000,3
2025-03-03,20250303104000000,sz.002842,7.5900,7.6100,7.5600,7.5700,148000,1123572.0000,3
2025-03-03,20250303104500000,sz.002842,7.5700,7.5900,7.5500,7.5900,92000,695856.0000,3
2025-03-03,20250303105000000,sz.002842,7.5900,7.6000,7.5800,7.5800,110900,841632.0000,3
2025-03-03,20250303105500000,sz.002842,7.5800,7.6000,7.5800,7.5900,105600,801280.0000,3
2025-03-03,20250303110000000,sz.002842,7.5800,7.5900,7.5600,7.5700,88900,674040.0000,3
2025-03-03,20250303110500000,sz.002842,7.5700,7.6500,7.5700,7.6500,343200,2609900.0000,3
2025-03-03,20250303111000000,sz.002842,7.6500,7.7100,7.6000,7.6600,1058800,8131232.0000,3
2025-03-03,20250303111500000,sz.002842,7.6600,7.7700,7.6600,7.7000,682000,5263776.0000,3
2025-03-03,20250303112000000,sz.002842,7.7000,7.7000,7.6600,7.6600,109800,842904.0000,3
2025-03-03,20250303112500000,sz.002842,7.6600,7.6700,7.6300,7.6400,117200,896560.0000,3
2025-03-03,20250303113000000,sz.002842,7.6400,7.6500,7.6300,7.6500,60600,462824.0000,3
2025-03-03,20250303130500000,sz.002842,7.6800,7.6800,7.6500,7.6600,236800,1815928.0000,3
2025-03-03,20250303131000000,sz.002842,7.6700,7.6800,7.6700,7.6700,142500,1093796.0000,3
2025-03-03,20250303131500000,sz.002842,7.6800,7.6800,7.6200,7.6200,277700,2125400.0000,3
2025-03-03,20250303132000000,sz.002842,7.6200,7.6500,7.6200,7.6500,96000,733328.0000,3
2025-03-03,20250303132500000,sz.002842,7.6500,7.6600,7.6300,7.6300,88700,678248.0000,3
2025-03-03,20250303133000000,sz.002842,7.6300,7.6500,7.6300,7.6500,47700,364336.0000,3
2025-03-03,20250303133500000,sz.002842,7.6500,7.6500,7.6200,7.6300,92900,708944.0000,3
2025-03-03,20250303134000000,sz.002842,7.6300,7.6300,7.5800,7.5900,212600,1615536.0000,3
2025-03-03,20250303134500000,sz.002842,7.5900,7.6100,7.5800,7.6000,177400,1347768.0000,3
2025-03-03,20250303135000000,sz.002842,7.6100,7.6100,7.5800,7.5800,171500,1301272.0000,3
2025-03-03,20250303135500000,sz.002842,7.5800,7.5900,7.5600,7.5700,107500,814008.0000,3
2025-03-03,20250303140000000,sz.002842,7.5700,7.6000,7.5600,7.5900,140900,1067288.0000,3
2025-03-03,20250303140500000,sz.002842,7.5900,7.6000,7.5600,7.5600,76000,575800.0000,3
2025-03-03,20250303141000000,sz.002842,7.5600,7.5800,7.5600,7.5600,60600,458536.0000,3
2025-03-03,20250303141500000,sz.002842,7.5600,7.5700,7.5600,7.5700,103200,780672.0000,3
2025-03-03,20250303142000000,sz.002842,7.5600,7.5800,7.5600,7.5600,68700,519728.0000,3
2025-03-03,20250303142500000,sz.002842,7.5600,7.5800,7.5600,7.5800,94100,712752.0000,3
2025-03-03,20250303143000000,sz.002842,7.5900,7.5900,7.5600,7.5800,111200,841936.0000,3
2025-03-03,20250303143500000,sz.002842,7.5800,7.5800,7.5600,7.5600,171300,1296376.0000,3
2025-03-03,20250303144000000,sz.002842,7.5600,7.5600,7.5200,7.5300,250300,1888144.0000,3
2025-03-03,20250303144500000,sz.002842,7.5300,7.5300,7.5100,7.5200,348700,2622048.0000,3
2025-03-03,20250303145000000,sz.002842,7.5200,7.5500,7.5200,7.5500,252200,1900504.0000,3
2025-03-03,20250303145500000,sz.002842,7.5500,7.6800,7.5400,7.6800,1164200,8884512.0000,3
2025-03-03,20250303150000000,sz.002842,7.6800,7.6800,7.6400,7.6500,849700,6504456.0000,3
2025-03-04,20250304093500000,sz.002842,7.5400,7.7500,7.5400,7.7000,1488100,11412631.0000,3
2025-03-04,20250304094000000,sz.002842,7.6800,7.7200,7.6700,7.6900,515000,3966949.0000,3
2025-03-04,20250304094500000,sz.002842,7.6900,7.6900,7.6500,7.6900,456100,3497308.0000,3
2025-03-04,20250304095000000,sz.002842,7.6900,7.7100,7.6700,7.6800,302900,2330510.0000,3
2025-03-04,20250304095500000,sz.002842,7.6800,7.7100,7.6700,7.6800,566800,4356096.0000,3
2025-03-04,20250304100000000,sz.002842,7.6800,7.7100,7.6800,7.6900,483500,3720616.0000,3
2025-03-04,20250304100500000,sz.002842,7.6900,7.6900,7.6600,7.6600,393200,3016916.0000,3
2025-03-04,20250304101000000,sz.002842,7.6600,7.6800,7.6400,7.6700,220100,1685272.0000,3
2025-03-04,20250304101500000,sz.002842,7.6800,7.7100,7.6800,7.6800,241800,1860316.0000,3
2025-03-04,20250304102000000,sz.002842,7.6800,7.7000,7.6700,7.7000,245700,1887524.0000,3
2025-03-04,20250304102500000,sz.002842,7.7000,7.7300,7.6900,7.7200,421700,3250152.0000,3
2025-03-04,20250304103000000,sz.002842,7.7200,7.7700,7.7200,7.7300,463700,3590392.0000,3
2025-03-04,20250304103500000,sz.002842,7.7300,7.7800,7.7100,7.7800,285400,2211636.0000,3
2025-03-04,20250304104000000,sz.002842,7.7800,7.7800,7.7300,7.7500,214700,1665820.0000,3
2025-03-04,20250304104500000,sz.002842,7.7500,7.7700,7.7500,7.7500,227800,1767988.0000,3
2025-03-04,20250304105000000,sz.002842,7.7600,7.7600,7.7200,7.7400,216000,1671592.0000,3
2025-03-04,20250304105500000,sz.002842,7.7400,7.7500,7.7300,7.7300,80600,623344.0000,3
2025-03-04,20250304110000000,sz.002842,7.7300,7.7400,7.6800,7.6800,305400,2355348.0000,3
2025-03-04,20250304110500000,sz.002842,7.6800,7.7200,7.6800,7.7000,339200,2610084.0000,3
2025-03-04,20250304111000000,sz.002842,7.7000,7.7200,7.6700,7.6800,446300,3431964.0000,3
2025-03-04,20250304111500000,sz.002842,7.6800,7.7000,7.6800,7.6800,39600,304304.0000,3
2025-03-04,20250304112000000,sz.002842,7.6800,7.7400,7.6800,7.7400,149600,1153240.0000,3
2025-03-04,20250304112500000,sz.002842,7.7400,7.7400,7.7300,7.7300,194800,1507044.0000,3
2025-03-04,20250304113000000,sz.002842,7.7300,7.7300,7.7100,7.7200,56600,436768.0000,3
2025-03-04,20250304130500000,sz.002842,7.7200,7.7300,7.6800,7.7000,128600,991044.0000,3
2025-03-04,20250304131000000,sz.002842,7.6900,7.7100,7.6800,7.7100,137400,1057064.0000,3
2025-03-04,20250304131500000,sz.002842,7.7000,7.7100,7.6900,7.6900,90800,699516.0000,3
2025-03-04,20250304132000000,sz.002842,7.6900,7.7000,7.6900,7.6900,115100,885576.0000,3
2025-03-04,20250304132500000,sz.002842,7.6900,7.6900,7.6600,7.6600,206300,1584720.0000,3
2025-03-04,20250304133000000,sz.002842,7.6600,7.6700,7.6500,7.6500,91700,702200.0000,3
2025-03-04,20250304133500000,sz.002842,7.6500,7.6600,7.6200,7.6400,200500,1531192.0000,3
2025-03-04,20250304134000000,sz.002842,7.6300,7.6300,7.6000,7.6200,185900,1415736.0000,3
2025-03-04,20250304134500000,sz.002842,7.6200,7.6200,7.5800,7.5800,214100,1628320.0000,3
2025-03-04,20250304135000000,sz.002842,7.5800,7.5900,7.5500,7.5900,394600,2985464.0000,3
2025-03-04,20250304135500000,sz.002842,7.5900,7.5900,7.5700,7.5800,189700,1437720.0000,3
2025-03-04,20250304140000000,sz.002842,7.5800,7.5800,7.5500,7.5600,168200,1271616.0000,3
2025-03-04,20250304140500000,sz.002842,7.5600,7.5700,7.5500,7.5700,138300,1045264.0000,3
2025-03-04,20250304141000000,sz.002842,7.5700,7.6200,7.5600,7.6000,340700,2582120.0000,3
2025-03-04,20250304141500000,sz.002842,7.6000,7.6000,7.5700,7.5800,121600,921768.0000,3
2025-03-04,20250304142000000,sz.002842,7.5700,7.5800,7.5700,7.5800,57600,436464.0000,3
2025-03-04,20250304142500000,sz.002842,7.5800,7.5800,7.5600,7.5800,138100,1045608.0000,3
2025-03-04,20250304143000000,sz.002842,7.5800,7.5800,7.5700,7.5800,145000,1098752.0000,3
2025-03-04,20250304143500000,sz.002842,7.5800,7.6000,7.5800,7.6000,81400,618032.0000,3
2025-03-04,20250304144000000,sz.002842,7.6000,7.6200,7.6000,7.6100,157700,1199368.0000,3
2025-03-04,20250304144500000,sz.002842,7.6200,7.6200,7.6000,7.6100,173400,1319264.0000,3
2025-03-04,20250304145000000,sz.002842,7.6100,7.6200,7.6100,7.6100,246200,1874496.0000,3
2025-03-04,20250304145500000,sz.002842,7.6100,7.6200,7.6000,7.6000,425200,3234424.0000,3
2025-03-04,20250304150000000,sz.002842,7.6000,7.6200,7.6000,7.6000,347700,2643880.0000,3
2025-03-05,20250305093500000,sz.002842,7.5800,7.6500,7.5600,7.5700,523700,3983595.0000,3
2025-03-05,20250305094000000,sz.002842,7.5700,7.5900,7.4300,7.4400,820800,6149824.0000,3
2025-03-05,20250305094500000,sz.002842,7.4400,7.4700,7.3200,7.3500,1079400,7989383.0000,3
2025-03-05,20250305095000000,sz.002842,7.3500,7.4500,7.3500,7.4300,390100,2894720.0000,3
2025-03-05,20250305095500000,sz.002842,7.4300,7.4400,7.4000,7.4200,235600,1746950.0000,3
2025-03-05,20250305100000000,sz.002842,7.4100,7.4200,7.3400,7.3400,428200,3156434.0000,3
2025-03-05,20250305100500000,sz.002842,7.3400,7.4100,7.3400,7.4100,230200,1696692.0000,3
2025-03-05,20250305101000000,sz.002842,7.4100,7.4400,7.4000,7.4400,155000,1148096.0000,3
2025-03-05,20250305101500000,sz.002842,7.4300,7.4300,7.4100,7.4100,160600,1192192.0000,3
2025-03-05,20250305102000000,sz.002842,7.4200,7.4600,7.4100,7.4500,90300,672158.0000,3
2025-03-05,20250305102500000,sz.002842,7.4400,7.4500,7.4100,7.4100,149500,1110166.0000,3
2025-03-05,20250305103000000,sz.002842,7.4100,7.4100,7.3700,7.3700,147800,1092604.0000,3
2025-03-05,20250305103500000,sz.002842,7.3700,7.4200,7.3700,7.4100,230300,1701840.0000,3
2025-03-05,20250305104000000,sz.002842,7.4000,7.4300,7.4000,7.4300,96900,718848.0000,3
2025-03-05,20250305104500000,sz.002842,7.4300,7.4300,7.3800,7.3900,142600,1056220.0000,3
2025-03-05,20250305105000000,sz.002842,7.3900,7.4000,7.3700,7.4000,153500,1133120.0000,3
2025-03-05,20250305105500000,sz.002842,7.4000,7.4400,7.4000,7.4400,186700,1384752.0000,3
2025-03-05,20250305110000000,sz.002842,7.4400,7.4500,7.4300,7.4300,86700,644480.0000,3
2025-03-05,20250305110500000,sz.002842,7.4300,7.4400,7.4200,7.4400,38600,286856.0000,3
2025-03-05,20250305111000000,sz.002842,7.4400,7.4400,7.4100,7.4400,96900,719900.0000,3
2025-03-05,20250305111500000,sz.002842,7.4400,7.4600,7.4300,7.4400,54600,406600.0000,3
2025-03-05,20250305112000000,sz.002842,7.4400,7.4500,7.4300,7.4300,56400,419700.0000,3
2025-03-05,20250305112500000,sz.002842,7.4300,7.4500,7.4300,7.4500,82700,614928.0000,3
2025-03-05,20250305113000000,sz.002842,7.4500,7.4600,7.4400,7.4500,53200,396044.0000,3
2025-03-05,20250305130500000,sz.002842,7.4600,7.4600,7.4400,7.4500,25400,189224.0000,3
2025-03-05,20250305131000000,sz.002842,7.4400,7.4800,7.4400,7.4600,118900,887604.0000,3
2025-03-05,20250305131500000,sz.002842,7.4600,7.4600,7.4400,7.4400,51900,386680.0000,3
2025-03-05,20250305132000000,sz.002842,7.4400,7.4500,7.4300,7.4500,46500,345936.0000,3
2025-03-05,20250305132500000,sz.002842,7.4500,7.4500,7.4400,7.4400,95600,711688.0000,3
2025-03-05,20250305133000000,sz.002842,7.4400,7.4500,7.4300,7.4300,25700,191168.0000,3
2025-03-05,20250305133500000,sz.002842,7.4300,7.4400,7.4300,7.4300,154000,1145180.0000,3
2025-03-05,20250305134000000,sz.002842,7.4300,7.4400,7.4200,7.4400,123200,915556.0000,3
2025-03-05,20250305134500000,sz.002842,7.4400,7.4600,7.4400,7.4500,116300,865672.0000,3
2025-03-05,20250305135000000,sz.002842,7.4500,7.4800,7.4500,7.4700,324600,2415048.0000,3
2025-03-05,20250305135500000,sz.002842,7.4800,7.4900,7.4600,7.4700,92600,691896.0000,3
2025-03-05,20250305140000000,sz.002842,7.4700,7.4900,7.4700,7.4800,130400,974828.0000,3
2025-03-05,20250305140500000,sz.002842,7.4900,7.4900,7.4600,7.4700,176800,1321140.0000,3
2025-03-05,20250305141000000,sz.002842,7.4700,7.5200,7.4700,7.5000,148400,1112520.0000,3
2025-03-05,20250305141500000,sz.002842,7.5000,7.5100,7.5000,7.5000,53300,399860.0000,3
2025-03-05,20250305142000000,sz.002842,7.5000,7.5200,7.5000,7.5100,62900,472100.0000,3
2025-03-05,20250305142500000,sz.002842,7.5200,7.5200,7.4900,7.5100,139100,1044300.0000,3
2025-03-05,20250305143000000,sz.002842,7.5200,7.5300,7.5100,7.5300,49800,374564.0000,3
2025-03-05,20250305143500000,sz.002842,7.5300,7.5500,7.5200,7.5300,113700,857592.0000,3
2025-03-05,20250305144000000,sz.002842,7.5300,7.5500,7.5300,7.5400,72500,546652.0000,3
2025-03-05,20250305144500000,sz.002842,7.5300,7.5400,7.5200,7.5200,119900,902604.0000,3
2025-03-05,20250305145000000,sz.002842,7.5200,7.5600,7.5200,7.5400,243300,1835184.0000,3
2025-03-05,20250305145500000,sz.002842,7.5400,7.5500,7.5100,7.5100,273700,2060912.0000,3
2025-03-05,20250305150000000,sz.002842,7.5100,7.5400,7.5100,7.5300,246300,1853580.0000,3
2025-03-06,20250306093500000,sz.002842,7.5300,7.6200,7.4600,7.4600,473600,3578806.0000,3
2025-03-06,20250306094000000,sz.002842,7.4600,7.4900,7.4100,7.4800,449400,3347135.0000,3
2025-03-06,20250306094500000,sz.002842,7.4800,7.5100,7.4600,7.4700,252100,1887785.0000,3
2025-03-06,20250306095000000,sz.002842,7.4700,7.5300,7.4700,7.4900,263300,1975739.0000,3
2025-03-06,20250306095500000,sz.002842,7.5000,7.5400,7.4500,7.5400,503000,3770810.0000,3
2025-03-06,20250306100000000,sz.002842,7.5300,7.5300,7.5000,7.5000,89600,672632.0000,3
2025-03-06,20250306100500000,sz.002842,7.5000,7.5000,7.4500,7.4600,230100,1718884.0000,3
2025-03-06,20250306101000000,sz.002842,7.4600,7.4700,7.4500,7.4500,122000,910266.0000,3
2025-03-06,20250306101500000,sz.002842,7.4500,7.4600,7.4200,7.4300,249000,1851710.0000,3
2025-03-06,20250306102000000,sz.002842,7.4300,7.4400,7.4200,7.4400,186400,1384748.0000,3
2025-03-06,20250306102500000,sz.002842,7.4400,7.4500,7.4300,7.4500,71000,528214.0000,3
2025-03-06,20250306103000000,sz.002842,7.4400,7.4500,7.4400,7.4400,51400,382586.0000,3
2025-03-06,20250306103500000,sz.002842,7.4400,7.4700,7.4400,7.4600,162500,1210336.0000,3
2025-03-06,20250306104000000,sz.002842,7.4600,7.4600,7.4400,7.4400,145200,1080724.0000,3
2025-03-06,20250306104500000,sz.002842,7.4400,7.4600,7.4300,7.4500,145400,1082148.0000,3
2025-03-06,20250306105000000,sz.002842,7.4400,7.4500,7.4300,7.4400,63000,468706.0000,3
2025-03-06,20250306105500000,sz.002842,7.4400,7.4400,7.4100,7.4200,328200,2436832.0000,3
2025-03-06,20250306110000000,sz.002842,7.4200,7.4500,7.4200,7.4500,127500,946888.0000,3
2025-03-06,20250306110500000,sz.002842,7.4500,7.4500,7.4300,7.4400,69900,519784.0000,3
2025-03-06,20250306111000000,sz.002842,7.4400,7.4400,7.4300,7.4300,129100,959238.0000,3
2025-03-06,20250306111500000,sz.002842,7.4300,7.4400,7.4000,7.4200,489200,3628036.0000,3
2025-03-06,20250306112000000,sz.002842,7.4200,7.4300,7.4100,7.4100,191100,1417776.0000,3
2025-03-06,20250306112500000,sz.002842,7.4100,7.4200,7.3900,7.4000,333600,2468780.0000,3
2025-03-06,20250306113000000,sz.002842,7.4000,7.4100,7.4000,7.4100,131100,970500.0000,3
2025-03-06,20250306130500000,sz.002842,7.4000,7.4100,7.3600,7.3700,666300,4917800.0000,3
2025-03-06,20250306131000000,sz.002842,7.3700,7.3800,7.3500,7.3700,190500,1402432.0000,3
2025-03-06,20250306131500000,sz.002842,7.3800,7.3800,7.3700,7.3800,149800,1104540.0000,3
2025-03-06,20250306132000000,sz.002842,7.3700,7.4000,7.3700,7.3900,439400,3241688.0000,3
2025-03-06,20250306132500000,sz.002842,7.3900,7.3900,7.3700,7.3900,188100,1389060.0000,3
2025-03-06,20250306133000000,sz.002842,7.4000,7.4000,7.3900,7.4000,85300,631128.0000,3
2025-03-06,20250306133500000,sz.002842,7.4000,7.4000,7.3800,7.3800,185000,1366916.0000,3
2025-03-06,20250306134000000,sz.002842,7.3800,7.4200,7.3800,7.4200,139600,1033388.0000,3
2025-03-06,20250306134500000,sz.002842,7.4200,7.4300,7.4100,7.4100,297800,2210588.0000,3
2025-03-06,20250306135000000,sz.002842,7.4100,7.4100,7.4000,7.4000,48300,357528.0000,3
2025-03-06,20250306135500000,sz.002842,7.4000,7.4200,7.4000,7.4000,68800,509664.0000,3
2025-03-06,20250306140000000,sz.002842,7.4000,7.4100,7.3800,7.3800,116000,858096.0000,3
2025-03-06,20250306140500000,sz.002842,7.3900,7.4100,7.3800,7.4000,58700,434208.0000,3
2025-03-06,20250306141000000,sz.002842,7.4100,7.4300,7.4000,7.4200,147100,1091228.0000,3
2025-03-06,20250306141500000,sz.002842,7.4300,7.4300,7.4200,7.4300,35900,266504.0000,3
2025-03-06,20250306142000000,sz.002842,7.4300,7.4300,7.4000,7.4100,78500,581704.0000,3
2025-03-06,20250306142500000,sz.002842,7.4100,7.4200,7.4000,7.4100,60600,448880.0000,3
2025-03-06,20250306143000000,sz.002842,7.4100,7.4100,7.3900,7.4000,138500,1024648.0000,3
2025-03-06,20250306143500000,sz.002842,7.4000,7.4100,7.3900,7.4000,115800,857028.0000,3
2025-03-06,20250306144000000,sz.002842,7.4000,7.4100,7.3900,7.3900,87600,648160.0000,3
2025-03-06,20250306144500000,sz.002842,7.4000,7.4000,7.3800,7.3800,221700,1638160.0000,3
2025-03-06,20250306145000000,sz.002842,7.3800,7.3900,7.3800,7.3900,312600,2309384.0000,3
2025-03-06,20250306145500000,sz.002842,7.3900,7.4000,7.3800,7.3900,391500,2891984.0000,3
2025-03-06,20250306150000000,sz.002842,7.3900,7.4000,7.3900,7.4000,301700,2231464.0000,3
2025-03-07,20250307093500000,sz.002842,7.4300,7.5000,7.4000,7.4400,1198900,8946755.0000,3
2025-03-07,20250307094000000,sz.002842,7.4400,7.5200,7.4400,7.5000,656300,4914451.0000,3
2025-03-07,20250307094500000,sz.002842,7.5000,7.5100,7.4800,7.4900,296200,2219814.0000,3
2025-03-07,20250307095000000,sz.002842,7.4900,7.5400,7.4800,7.5200,627400,4716342.0000,3
2025-03-07,20250307095500000,sz.002842,7.5200,7.5200,7.4800,7.4800,265600,1992580.0000,3
2025-03-07,20250307100000000,sz.002842,7.4900,7.5100,7.4900,7.5000,237000,1777420.0000,3
2025-03-07,20250307100500000,sz.002842,7.5100,7.5300,7.5000,7.5200,284300,2137764.0000,3
2025-03-07,20250307101000000,sz.002842,7.5200,7.5300,7.5100,7.5200,183200,1378614.0000,3
2025-03-07,20250307101500000,sz.002842,7.5300,7.6100,7.5200,7.5800,982400,7435414.0000,3
2025-03-07,20250307102000000,sz.002842,7.5800,7.6000,7.5700,7.5800,187300,1419944.0000,3
2025-03-07,20250307102500000,sz.002842,7.5800,7.6100,7.5800,7.6000,219200,1664004.0000,3
2025-03-07,20250307103000000,sz.002842,7.6000,7.6800,7.5900,7.6600,581900,4449396.0000,3
2025-03-07,20250307103500000,sz.002842,7.6600,7.7800,7.6400,7.7800,1129600,8698328.0000,3
2025-03-07,20250307104000000,sz.002842,7.7800,7.8200,7.7100,7.7200,1236200,9597592.0000,3
2025-03-07,20250307104500000,sz.002842,7.7200,7.7400,7.6800,7.6900,555000,4276448.0000,3
2025-03-07,20250307105000000,sz.002842,7.6900,7.7100,7.6900,7.7000,217700,1675860.0000,3
2025-03-07,20250307105500000,sz.002842,7.7000,7.7000,7.6800,7.6800,160700,1235484.0000,3
2025-03-07,20250307110000000,sz.002842,7.6700,7.7200,7.6600,7.6800,255800,1967776.0000,3
2025-03-07,20250307110500000,sz.002842,7.6800,7.6800,7.6300,7.6500,220600,1688184.0000,3
2025-03-07,20250307111000000,sz.002842,7.6500,7.6600,7.6400,7.6500,143500,1097544.0000,3
2025-03-07,20250307111500000,sz.002842,7.6500,7.6900,7.6400,7.6400,147700,1131616.0000,3
2025-03-07,20250307112000000,sz.002842,7.6400,7.6500,7.6200,7.6300,113100,863408.0000,3
2025-03-07,20250307112500000,sz.002842,7.6300,7.6400,7.6200,7.6400,100500,767232.0000,3
2025-03-07,20250307113000000,sz.002842,7.6300,7.6400,7.6200,7.6400,82400,628048.0000,3
2025-03-07,20250307130500000,sz.002842,7.6400,7.6600,7.6000,7.6500,366000,2791184.0000,3
2025-03-07,20250307131000000,sz.002842,7.6500,7.6600,7.6400,7.6500,141100,1078984.0000,3
2025-03-07,20250307131500000,sz.002842,7.6500,7.6600,7.6300,7.6400,101500,775968.0000,3
2025-03-07,20250307132000000,sz.002842,7.6400,7.6400,7.6200,7.6300,94200,718680.0000,3
2025-03-07,20250307132500000,sz.002842,7.6300,7.6300,7.6200,7.6200,70100,534376.0000,3
2025-03-07,20250307133000000,sz.002842,7.6200,7.6200,7.6100,7.6100,42300,322256.0000,3
2025-03-07,20250307133500000,sz.002842,7.6100,7.6200,7.6100,7.6200,105500,803416.0000,3
2025-03-07,20250307134000000,sz.002842,7.6200,7.6200,7.5700,7.5700,263200,2000472.0000,3
2025-03-07,20250307134500000,sz.002842,7.5700,7.6100,7.5700,7.6100,219300,1666032.0000,3
2025-03-07,20250307135000000,sz.002842,7.6000,7.6200,7.5700,7.5900,319600,2429296.0000,3
2025-03-07,20250307135500000,sz.002842,7.5900,7.6000,7.5900,7.5900,75800,575512.0000,3
2025-03-07,20250307140000000,sz.002842,7.5800,7.6300,7.5800,7.6300,142500,1083848.0000,3
2025-03-07,20250307140500000,sz.002842,7.6300,7.6300,7.5800,7.5900,174800,1330264.0000,3
2025-03-07,20250307141000000,sz.002842,7.5800,7.5900,7.5600,7.5700,142800,1082000.0000,3
2025-03-07,20250307141500000,sz.002842,7.5700,7.6000,7.5700,7.5900,85000,644968.0000,3
2025-03-07,20250307142000000,sz.002842,7.6000,7.6000,7.5700,7.5900,78500,595336.0000,3
2025-03-07,20250307142500000,sz.002842,7.5900,7.5900,7.5800,7.5800,40500,307136.0000,3
2025-03-07,20250307143000000,sz.002842,7.5800,7.5900,7.5700,7.5700,93000,704416.0000,3
2025-03-07,20250307143500000,sz.002842,7.5600,7.5600,7.5400,7.5400,194300,1467088.0000,3
2025-03-07,20250307144000000,sz.002842,7.5400,7.5700,7.5400,7.5700,266700,2014032.0000,3
2025-03-07,20250307144500000,sz.002842,7.5700,7.5700,7.5400,7.5400,207800,1568328.0000,3
2025-03-07,20250307145000000,sz.002842,7.5400,7.5800,7.5300,7.5600,421600,3186744.0000,3
2025-03-07,20250307145500000,sz.002842,7.5600,7.5900,7.5600,7.5700,344000,2606800.0000,3
2025-03-07,20250307150000000,sz.002842,7.5700,7.5900,7.5700,7.5900,353000,2677128.0000,3
2025-03-10,20250310093500000,sz.002842,7.6400,7.7800,7.6400,7.7100,1622100,12522852.0000,3
2025-03-10,20250310094000000,sz.002842,7.7100,7.8400,7.6900,7.8300,1487100,11552397.0000,3
2025-03-10,20250310094500000,sz.002842,7.8300,7.8300,7.7300,7.7700,701900,5465236.0000,3
2025-03-10,20250310095000000,sz.002842,7.7700,7.8100,7.7200,7.7600,549100,4265464.0000,3
2025-03-10,20250310095500000,sz.002842,7.7600,7.8000,7.7500,7.7900,430600,3351872.0000,3
2025-03-10,20250310100000000,sz.002842,7.7900,7.8100,7.7600,7.7700,476400,3710676.0000,3
2025-03-10,20250310100500000,sz.002842,7.7700,7.7700,7.7100,7.7100,299700,2315552.0000,3
2025-03-10,20250310101000000,sz.002842,7.7100,7.7100,7.6700,7.6700,319900,2459836.0000,3
2025-03-10,20250310101500000,sz.002842,7.6700,7.7000,7.6700,7.7000,107800,827856.0000,3
2025-03-10,20250310102000000,sz.002842,7.7000,7.7000,7.6600,7.7000,277500,2129696.0000,3
2025-03-10,20250310102500000,sz.002842,7.7000,7.7100,7.6800,7.6900,88900,684452.0000,3
2025-03-10,20250310103000000,sz.002842,7.6900,7.7000,7.6800,7.6900,108100,830972.0000,3
2025-03-10,20250310103500000,sz.002842,7.6900,7.7400,7.6800,7.7300,150100,1157064.0000,3
2025-03-10,20250310104000000,sz.002842,7.7300,7.7400,7.7200,7.7400,91100,704092.0000,3
2025-03-10,20250310104500000,sz.002842,7.7400,7.7400,7.7000,7.7000,312700,2413608.0000,3
2025-03-10,20250310105000000,sz.002842,7.7000,7.7100,7.7000,7.7100,31000,238968.0000,3
2025-03-10,20250310105500000,sz.002842,7.7100,7.7100,7.6800,7.6800,74900,575992.0000,3
2025-03-10,20250310110000000,sz.002842,7.6800,7.6900,7.6700,7.6800,52700,404580.0000,3
2025-03-10,20250310110500000,sz.002842,7.6700,7.6800,7.6600,7.6800,108500,832480.0000,3
2025-03-10,20250310111000000,sz.002842,7.6800,7.7100,7.6800,7.7000,96800,744380.0000,3
2025-03-10,20250310111500000,sz.002842,7.7000,7.7200,7.7000,7.7100,77300,595596.0000,3
2025-03-10,20250310112000000,sz.002842,7.7000,7.7700,7.7000,7.7700,221900,1716228.0000,3
2025-03-10,20250310112500000,sz.002842,7.7700,7.7700,7.6800,7.7000,90600,699312.0000,3
2025-03-10,20250310113000000,sz.002842,7.7000,7.7000,7.6800,7.6800,63000,484212.0000,3
2025-03-10,20250310130500000,sz.002842,7.6800,7.6800,7.6400,7.6400,208300,1595560.0000,3
2025-03-10,20250310131000000,sz.002842,7.6400,7.6500,7.6400,7.6400,92900,709832.0000,3
2025-03-10,20250310131500000,sz.002842,7.6400,7.6700,7.6400,7.6600,69100,528944.0000,3
2025-03-10,20250310132000000,sz.002842,7.6600,7.6700,7.6500,7.6600,44500,340900.0000,3
2025-03-10,20250310132500000,sz.002842,7.6500,7.6900,7.6500,7.6900,79500,610196.0000,3
2025-03-10,20250310133000000,sz.002842,7.6900,7.7400,7.6900,7.7400,185200,1428216.0000,3
2025-03-10,20250310133500000,sz.002842,7.7400,7.7500,7.7200,7.7200,232700,1800436.0000,3
2025-03-10,20250310134000000,sz.002842,7.7200,7.7400,7.7000,7.7100,254700,1967684.0000,3
2025-03-10,20250310134500000,sz.002842,7.7100,7.7300,7.7100,7.7200,85800,662152.0000,3
2025-03-10,20250310135000000,sz.002842,7.7200,7.7200,7.7000,7.7100,85000,655296.0000,3
2025-03-10,20250310135500000,sz.002842,7.7100,7.7100,7.6800,7.6800,57700,443768.0000,3
2025-03-10,20250310140000000,sz.002842,7.6900,7.7000,7.6900,7.6900,30000,230760.0000,3
2025-03-10,20250310140500000,sz.002842,7.6900,7.7000,7.6800,7.6900,74400,571584.0000,3
2025-03-10,20250310141000000,sz.002842,7.6900,7.7000,7.6800,7.6800,47100,361928.0000,3
2025-03-10,20250310141500000,sz.002842,7.6900,7.7000,7.6700,7.7000,101200,777720.0000,3
2025-03-10,20250310142000000,sz.002842,7.7000,7.7100,7.6900,7.7100,92600,713000.0000,3
2025-03-10,20250310142500000,sz.002842,7.7100,7.7200,7.7000,7.7000,98300,757680.0000,3
2025-03-10,20250310143000000,sz.002842,7.7100,7.7100,7.7000,7.7000,56700,436912.0000,3
2025-03-10,20250310143500000,sz.002842,7.7000,7.7200,7.7000,7.7100,192400,1482960.0000,3
2025-03-10,20250310144000000,sz.002842,7.7100,7.7300,7.7100,7.7200,144200,1112944.0000,3
2025-03-10,20250310144500000,sz.002842,7.7100,7.7200,7.7000,7.7200,183600,1415840.0000,3
2025-03-10,20250310145000000,sz.002842,7.7200,7.7500,7.7200,7.7400,345200,2670640.0000,3
2025-03-10,20250310145500000,sz.002842,7.7400,7.7400,7.7200,7.7300,542300,4192784.0000,3
2025-03-10,20250310150000000,sz.002842,7.7300,7.7500,7.7300,7.7400,499000,3861520.0000,3
2025-03-11,20250311093500000,sz.002842,7.6000,7.6700,7.6000,7.6100,989400,7546468.0000,3
2025-03-11,20250311094000000,sz.002842,7.6100,7.6100,7.5400,7.5900,848900,6428664.0000,3
2025-03-11,20250311094500000,sz.002842,7.5900,7.6400,7.5900,7.6000,283500,2158707.0000,3
2025-03-11,20250311095000000,sz.002842,7.6000,7.6400,7.5900,7.6000,186300,1419233.0000,3
2025-03-11,20250311095500000,sz.002842,7.6100,7.6400,7.6000,7.6300,273800,2085788.0000,3
2025-03-11,20250311100000000,sz.002842,7.6300,7.6800,7.6300,7.6700,285100,2185064.0000,3
2025-03-11,20250311100500000,sz.002842,7.6700,7.6900,7.6500,7.6600,304400,2332042.0000,3
2025-03-11,20250311101000000,sz.002842,7.6600,7.6600,7.6100,7.6100,130700,996980.0000,3
2025-03-11,20250311101500000,sz.002842,7.6100,7.6200,7.5900,7.5900,300000,2279372.0000,3
2025-03-11,20250311102000000,sz.002842,7.5900,7.6000,7.5800,7.6000,427700,3244204.0000,3
2025-03-11,20250311102500000,sz.002842,7.6000,7.6200,7.5900,7.6000,79800,606900.0000,3
2025-03-11,20250311103000000,sz.002842,7.6000,7.6300,7.5800,7.5800,212000,1609708.0000,3
2025-03-11,20250311103500000,sz.002842,7.5700,7.5900,7.5700,7.5800,141600,1073220.0000,3
2025-03-11,20250311104000000,sz.002842,7.5800,7.6000,7.5700,7.5800,68400,519408.0000,3
2025-03-11,20250311104500000,sz.002842,7.5800,7.5900,7.5500,7.5500,185200,1399964.0000,3
2025-03-11,20250311105000000,sz.002842,7.5500,7.5800,7.5400,7.5500,199800,1510532.0000,3
2025-03-11,20250311105500000,sz.002842,7.5400,7.5700,7.5400,7.5600,80800,610484.0000,3
2025-03-11,20250311110000000,sz.002842,7.5700,7.5800,7.5600,7.5700,84600,640700.0000,3
2025-03-11,20250311110500000,sz.002842,7.5700,7.5700,7.5400,7.5500,105100,793848.0000,3
2025-03-11,20250311111000000,sz.002842,7.5400,7.5500,7.5200,7.5500,228200,1719328.0000,3
2025-03-11,20250311111500000,sz.002842,7.5500,7.5600,7.5300,7.5600,56100,423276.0000,3
2025-03-11,20250311112000000,sz.002842,7.5600,7.5700,7.5500,7.5700,67400,509616.0000,3
2025-03-11,20250311112500000,sz.002842,7.5500,7.5700,7.5500,7.5600,50100,378944.0000,3
2025-03-11,20250311113000000,sz.002842,7.5700,7.5700,7.5500,7.5700,49200,372816.0000,3
2025-03-11,20250311130500000,sz.002842,7.5600,7.5900,7.5600,7.5800,125400,948964.0000,3
2025-03-11,20250311131000000,sz.002842,7.5900,7.6000,7.5800,7.5900,71100,539788.0000,3
2025-03-11,20250311131500000,sz.002842,7.5900,7.6500,7.5800,7.6300,230200,1754780.0000,3
2025-03-11,20250311132000000,sz.002842,7.6300,7.6800,7.6100,7.6800,334900,2562188.0000,3
2025-03-11,20250311132500000,sz.002842,7.6700,7.6900,7.6600,7.6700,128400,985616.0000,3
2025-03-11,20250311133000000,sz.002842,7.6700,7.7000,7.6600,7.6800,294500,2263100.0000,3
2025-03-11,20250311133500000,sz.002842,7.6800,7.6800,7.6600,7.6800,98700,756828.0000,3
2025-03-11,20250311134000000,sz.002842,7.6800,7.7300,7.6800,7.7200,253600,1952992.0000,3
2025-03-11,20250311134500000,sz.002842,7.7200,7.7200,7.6700,7.6900,126200,972224.0000,3
2025-03-11,20250311135000000,sz.002842,7.6800,7.6900,7.6700,7.6900,159500,1224520.0000,3
2025-03-11,20250311135500000,sz.002842,7.6900,7.6900,7.6800,7.6900,32900,252804.0000,3
2025-03-11,20250311140000000,sz.002842,7.6900,7.7000,7.6800,7.7000,54900,422360.0000,3
2025-03-11,20250311140500000,sz.002842,7.7000,7.7100,7.6900,7.7100,84200,648572.0000,3
2025-03-11,20250311141000000,sz.002842,7.7100,7.7200,7.7000,7.7100,101400,781624.0000,3
2025-03-11,20250311141500000,sz.002842,7.7000,7.7200,7.7000,7.7200,128300,988820.0000,3
2025-03-11,20250311142000000,sz.002842,7.7200,7.7200,7.7100,7.7100,122000,941504.0000,3
2025-03-11,20250311142500000,sz.002842,7.7100,7.7100,7.7000,7.7100,112300,865488.0000,3
2025-03-11,20250311143000000,sz.002842,7.7100,7.7200,7.7100,7.7100,59700,460416.0000,3
2025-03-11,20250311143500000,sz.002842,7.7100,7.7400,7.7100,7.7400,289900,2240212.0000,3
2025-03-11,20250311144000000,sz.002842,7.7400,7.7500,7.7200,7.7200,403200,3120200.0000,3
2025-03-11,20250311144500000,sz.002842,7.7200,7.7300,7.7200,7.7300,119700,924328.0000,3
2025-03-11,20250311145000000,sz.002842,7.7300,7.7500,7.7300,7.7300,177700,1374712.0000,3
2025-03-11,20250311145500000,sz.002842,7.7300,7.7500,7.7300,7.7400,577600,4470968.0000,3
2025-03-11,20250311150000000,sz.002842,7.7400,7.7500,7.7400,7.7500,430000,3331392.0000,3
2025-03-12,20250312093500000,sz.002842,7.7600,7.8900,7.7100,7.8800,2677600,20936444.0000,3
2025-03-12,20250312094000000,sz.002842,7.8800,8.1600,7.8600,8.1100,3514200,28230836.0000,3
2025-03-12,20250312094500000,sz.002842,8.1100,8.1200,7.9700,7.9900,1271400,10234260.0000,3
2025-03-12,20250312095000000,sz.002842,7.9900,8.0300,7.9400,8.0100,1110300,8861904.0000,3
2025-03-12,20250312095500000,sz.002842,8.0100,8.2900,7.9700,8.2800,2714700,22074016.0000,3
2025-03-12,20250312100000000,sz.002842,8.2800,8.3500,8.1700,8.2400,2967800,24549888.0000,3
2025-03-12,20250312100500000,sz.002842,8.2400,8.3000,8.2300,8.2800,1143300,9450576.0000,3
2025-03-12,20250312101000000,sz.002842,8.2800,8.3000,8.2200,8.2800,1031900,8534960.0000,3
2025-03-12,20250312101500000,sz.002842,8.2800,8.3600,8.2100,8.3000,1467400,12171024.0000,3
2025-03-12,20250312102000000,sz.002842,8.3000,8.3900,8.2600,8.3700,965300,8031920.0000,3
2025-03-12,20250312102500000,sz.002842,8.3700,8.4300,8.2800,8.2900,992000,8301696.0000,3
2025-03-12,20250312103000000,sz.002842,8.2900,8.2900,8.1900,8.2000,472500,3883360.0000,3
2025-03-12,20250312103500000,sz.002842,8.2000,8.3000,8.1900,8.2200,464300,3828800.0000,3
2025-03-12,20250312104000000,sz.002842,8.2200,8.2300,8.2000,8.2100,317800,2608320.0000,3
2025-03-12,20250312104500000,sz.002842,8.2100,8.2400,8.1900,8.2200,295600,2428592.0000,3
2025-03-12,20250312105000000,sz.002842,8.2100,8.2200,8.1800,8.1800,259700,2128704.0000,3
2025-03-12,20250312105500000,sz.002842,8.1800,8.2100,8.1500,8.2000,196300,1604640.0000,3
2025-03-12,20250312110000000,sz.002842,8.2000,8.2100,8.1600,8.1600,147200,1204272.0000,3
2025-03-12,20250312110500000,sz.002842,8.1600,8.1700,8.1400,8.1500,216600,1764976.0000,3
2025-03-12,20250312111000000,sz.002842,8.1500,8.1700,8.1300,8.1400,195000,1589456.0000,3
2025-03-12,20250312111500000,sz.002842,8.1400,8.1500,8.1300,8.1400,120900,983280.0000,3
2025-03-12,20250312112000000,sz.002842,8.1400,8.1400,8.1000,8.1000,185100,1502144.0000,3
2025-03-12,20250312112500000,sz.002842,8.1000,8.1100,8.0800,8.0800,113400,917376.0000,3
2025-03-12,20250312113000000,sz.002842,8.0900,8.1000,8.0800,8.0900,178000,1440112.0000,3
2025-03-12,20250312130500000,sz.002842,8.1000,8.1000,8.0600,8.0600,334400,2702768.0000,3
2025-03-12,20250312131000000,sz.002842,8.0600,8.0800,8.0500,8.0700,145100,1169520.0000,3
2025-03-12,20250312131500000,sz.002842,8.0800,8.0900,8.0600,8.0600,142300,1149344.0000,3
2025-03-12,20250312132000000,sz.002842,8.0700,8.0800,8.0600,8.0700,121600,981328.0000,3
2025-03-12,20250312132500000,sz.002842,8.0700,8.0800,8.0600,8.0700,97000,782944.0000,3
2025-03-12,20250312133000000,sz.002842,8.0800,8.1000,8.0700,8.0700,142300,1149360.0000,3
2025-03-12,20250312133500000,sz.002842,8.0700,8.0700,8.0600,8.0600,132300,1066544.0000,3
2025-03-12,20250312134000000,sz.002842,8.0600,8.0800,8.0600,8.0600,79800,644016.0000,3
2025-03-12,20250312134500000,sz.002842,8.0600,8.0700,8.0500,8.0600,104700,843920.0000,3
2025-03-12,20250312135000000,sz.002842,8.0600,8.0600,8.0300,8.0500,179300,1443040.0000,3
2025-03-12,20250312135500000,sz.002842,8.0500,8.0600,8.0300,8.0300,125100,1006112.0000,3
2025-03-12,20250312140000000,sz.002842,8.0300,8.0500,8.0300,8.0300,90300,725792.0000,3
2025-03-12,20250312140500000,sz.002842,8.0300,8.0500,8.0300,8.0400,77700,624400.0000,3
2025-03-12,20250312141000000,sz.002842,8.0300,8.0700,8.0300,8.0700,116100,933968.0000,3
2025-03-12,20250312141500000,sz.002842,8.0700,8.0700,8.0400,8.0500,116100,934928.0000,3
2025-03-12,20250312142000000,sz.002842,8.0500,8.0600,8.0300,8.0300,210800,1694080.0000,3
2025-03-12,20250312142500000,sz.002842,8.0300,8.0400,7.9900,8.0000,393400,3151248.0000,3
2025-03-12,20250312143000000,sz.002842,8.0000,8.0000,7.9800,8.0000,219700,1755872.0000,3
2025-03-12,20250312143500000,sz.002842,8.0000,8.0200,7.9900,8.0100,236900,1894736.0000,3
2025-03-12,20250312144000000,sz.002842,8.0100,8.0200,8.0000,8.0200,180300,1444752.0000,3
2025-03-12,20250312144500000,sz.002842,8.0200,8.0200,8.0000,8.0200,191800,1536128.0000,3
2025-03-12,20250312145000000,sz.002842,8.0100,8.0300,8.0100,8.0300,413500,3316896.0000,3
2025-03-12,20250312145500000,sz.002842,8.0300,8.0300,8.0100,8.0200,323900,2597024.0000,3
2025-03-12,20250312150000000,sz.002842,8.0200,8.0800,8.0100,8.0800,790600,6365904.0000,3
2025-03-13,20250313093500000,sz.002842,8.0000,8.0600,7.9000,7.9300,3074900,24537432.0000,3
2025-03-13,20250313094000000,sz.002842,7.9300,7.9400,7.7900,7.8000,2846900,22340120.0000,3
2025-03-13,20250313094500000,sz.002842,7.8000,7.8100,7.7400,7.7500,1326000,10306940.0000,3
2025-03-13,20250313095000000,sz.002842,7.7500,7.8100,7.7500,7.7700,955300,7437848.0000,3
2025-03-13,20250313095500000,sz.002842,7.7700,7.8100,7.7500,7.7800,784200,6105320.0000,3
2025-03-13,20250313100000000,sz.002842,7.7800,7.7800,7.7200,7.7400,670600,5193624.0000,3
2025-03-13,20250313100500000,sz.002842,7.7400,7.7800,7.7300,7.7800,388400,3010472.0000,3
2025-03-13,20250313101000000,sz.002842,7.7800,7.7800,7.7500,7.7600,213600,1658416.0000,3
2025-03-13,20250313101500000,sz.002842,7.7500,7.7700,7.7300,7.7400,357900,2770704.0000,3
2025-03-13,20250313102000000,sz.002842,7.7400,7.7400,7.6800,7.7000,820400,6318752.0000,3
2025-03-13,20250313102500000,sz.002842,7.7000,7.7000,7.6800,7.6900,256500,1971408.0000,3
2025-03-13,20250313103000000,sz.002842,7.6900,7.6900,7.6800,7.6900,255200,1961200.0000,3
2025-03-13,20250313103500000,sz.002842,7.6900,7.6900,7.6500,7.6500,451400,3460616.0000,3
2025-03-13,20250313104000000,sz.002842,7.6500,7.6500,7.6100,7.6400,165900,1267728.0000,3
2025-03-13,20250313104500000,sz.002842,7.6300,7.7100,7.6300,7.7100,316100,2423440.0000,3
2025-03-13,20250313105000000,sz.002842,7.7100,7.7100,7.6600,7.6700,114200,876896.0000,3
2025-03-13,20250313105500000,sz.002842,7.6800,7.7000,7.6800,7.6900,159200,1224576.0000,3
2025-03-13,20250313110000000,sz.002842,7.6900,7.7400,7.6900,7.7400,103000,794848.0000,3
2025-03-13,20250313110500000,sz.002842,7.7400,7.7500,7.7100,7.7400,370500,2866344.0000,3
2025-03-13,20250313111000000,sz.002842,7.7400,7.7600,7.7100,7.7300,212400,1644240.0000,3
2025-03-13,20250313111500000,sz.002842,7.7200,7.7300,7.6900,7.7000,188200,1449328.0000,3
2025-03-13,20250313112000000,sz.002842,7.7000,7.7000,7.6700,7.6700,77400,594784.0000,3
2025-03-13,20250313112500000,sz.002842,7.6700,7.6800,7.6500,7.6600,116300,891456.0000,3
2025-03-13,20250313113000000,sz.002842,7.6600,7.6700,7.6500,7.6700,202900,1553912.0000,3
2025-03-13,20250313130500000,sz.002842,7.6700,7.6700,7.6300,7.6500,396500,3035016.0000,3
2025-03-13,20250313131000000,sz.002842,7.6500,7.6700,7.6400,7.6500,109200,835504.0000,3
2025-03-13,20250313131500000,sz.002842,7.6500,7.6600,7.6200,7.6500,320600,2448568.0000,3
2025-03-13,20250313132000000,sz.002842,7.6600,7.6600,7.6300,7.6300,218800,1672512.0000,3
2025-03-13,20250313132500000,sz.002842,7.6300,7.6500,7.6100,7.6300,327200,2496264.0000,3
2025-03-13,20250313133000000,sz.002842,7.6300,7.6600,7.6200,7.6400,248300,1897016.0000,3
2025-03-13,20250313133500000,sz.002842,7.6400,7.6600,7.6300,7.6400,122200,934080.0000,3
2025-03-13,20250313134000000,sz.002842,7.6300,7.6300,7.6100,7.6300,213200,1624312.0000,3
2025-03-13,20250313134500000,sz.002842,7.6300,7.6500,7.6200,7.6400,92300,704752.0000,3
2025-03-13,20250313135000000,sz.002842,7.6300,7.6600,7.6200,7.6500,86000,656688.0000,3
2025-03-13,20250313135500000,sz.002842,7.6600,7.6700,7.6400,7.6600,187200,1433184.0000,3
2025-03-13,20250313140000000,sz.002842,7.6500,7.6500,7.6300,7.6400,106100,810760.0000,3
2025-03-13,20250313140500000,sz.002842,7.6400,7.6600,7.6300,7.6500,121800,931184.0000,3
2025-03-13,20250313141000000,sz.002842,7.6500,7.6600,7.6500,7.6600,63200,483640.0000,3
2025-03-13,20250313141500000,sz.002842,7.6600,7.6700,7.6500,7.6700,200400,1535264.0000,3
2025-03-13,20250313142000000,sz.002842,7.6800,7.7100,7.6800,7.7000,171500,1318944.0000,3
2025-03-13,20250313142500000,sz.002842,7.7000,7.7200,7.6900,7.6900,158600,1222208.0000,3
2025-03-13,20250313143000000,sz.002842,7.6900,7.7500,7.6900,7.7500,128900,995264.0000,3
2025-03-13,20250313143500000,sz.002842,7.7500,7.7500,7.7300,7.7400,177600,1375168.0000,3
2025-03-13,20250313144000000,sz.002842,7.7500,7.7600,7.7400,7.7400,138200,1071024.0000,3
2025-03-13,20250313144500000,sz.002842,7.7400,7.7500,7.7100,7.7500,297200,2296448.0000,3
2025-03-13,20250313145000000,sz.002842,7.7400,7.7600,7.7400,7.7500,250600,1943328.0000,3
2025-03-13,20250313145500000,sz.002842,7.7500,7.7500,7.7100,7.7300,374800,2897504.0000,3
2025-03-13,20250313150000000,sz.002842,7.7300,7.7600,7.7300,7.7400,241000,1865360.0000,3
2025-03-14,20250314093500000,sz.002842,8.5000,8.5100,8.5000,8.5100,8676500,73826888.0000,3
2025-03-14,20250314094000000,sz.002842,8.5100,8.5100,8.5100,8.5100,1782800,15171832.0000,3
2025-03-14,20250314094500000,sz.002842,8.5100,8.5100,8.0500,8.1000,10787600,89983008.0000,3
2025-03-14,20250314095000000,sz.002842,8.1000,8.1200,8.0600,8.0600,2961500,23947632.0000,3
2025-03-14,20250314095500000,sz.002842,8.0600,8.0700,7.9400,7.9700,2278200,18258976.0000,3
2025-03-14,20250314100000000,sz.002842,7.9700,8.0100,7.9700,8.0000,1224700,9790096.0000,3
2025-03-14,20250314100500000,sz.002842,8.0000,8.0100,7.8900,7.9000,1005800,7993216.0000,3
2025-03-14,20250314101000000,sz.002842,7.9000,7.9300,7.8600,7.8900,980600,7738672.0000,3
2025-03-14,20250314101500000,sz.002842,7.8900,7.9800,7.8900,7.9700,746600,5924080.0000,3
2025-03-14,20250314102000000,sz.002842,7.9700,7.9800,7.9400,7.9500,424800,3379760.0000,3
2025-03-14,20250314102500000,sz.002842,7.9500,7.9500,7.9000,7.9100,313800,2486864.0000,3
2025-03-14,20250314103000000,sz.002842,7.9100,7.9100,7.8200,7.8600,837700,6577984.0000,3
2025-03-14,20250314103500000,sz.002842,7.8600,7.9600,7.8600,7.9200,483100,3824592.0000,3
2025-03-14,20250314104000000,sz.002842,7.9300,7.9800,7.9100,7.9500,338600,2691136.0000,3
2025-03-14,20250314104500000,sz.002842,7.9500,7.9600,7.9200,7.9300,225400,1790656.0000,3
2025-03-14,20250314105000000,sz.002842,7.9300,7.9700,7.9200,7.9700,283300,2248640.0000,3
2025-03-14,20250314105500000,sz.002842,7.9700,7.9900,7.9600,7.9800,354100,2823520.0000,3
2025-03-14,20250314110000000,sz.002842,7.9800,8.0000,7.9700,7.9900,393900,3147104.0000,3
2025-03-14,20250314110500000,sz.002842,7.9900,8.0000,7.9400,7.9400,429600,3423552.0000,3
2025-03-14,20250314111000000,sz.002842,7.9400,7.9600,7.9300,7.9600,226500,1799520.0000,3
2025-03-14,20250314111500000,sz.002842,7.9600,7.9600,7.9300,7.9500,232000,1842944.0000,3
2025-03-14,20250314112000000,sz.002842,7.9500,7.9600,7.9300,7.9400,152200,1209440.0000,3
2025-03-14,20250314112500000,sz.002842,7.9400,7.9400,7.9100,7.9200,235600,1867200.0000,3
2025-03-14,20250314113000000,sz.002842,7.9200,7.9900,7.9200,7.9400,223300,1774336.0000,3
2025-03-14,20250314130500000,sz.002842,7.9500,8.0000,7.9400,8.0000,424600,3382240.0000,3
2025-03-14,20250314131000000,sz.002842,8.0000,8.0000,7.9500,7.9500,309100,2466368.0000,3
2025-03-14,20250314131500000,sz.002842,7.9500,7.9500,7.9300,7.9400,235800,1872672.0000,3
2025-03-14,20250314132000000,sz.002842,7.9400,7.9400,7.9300,7.9300,139300,1105152.0000,3
2025-03-14,20250314132500000,sz.002842,7.9300,7.9300,7.9000,7.9100,321300,2544192.0000,3
2025-03-14,20250314133000000,sz.002842,7.9100,7.9500,7.9000,7.9400,128300,1016352.0000,3
2025-03-14,20250314133500000,sz.002842,7.9400,7.9800,7.9300,7.9700,197500,1571808.0000,3
2025-03-14,20250314134000000,sz.002842,7.9700,7.9800,7.9500,7.9500,194400,1548480.0000,3
2025-03-14,20250314134500000,sz.002842,7.9600,7.9600,7.9100,7.9200,331800,2632992.0000,3
2025-03-14,20250314135000000,sz.002842,7.9200,7.9400,7.8900,7.9000,424700,3359040.0000,3
2025-03-14,20250314135500000,sz.002842,7.9000,7.9400,7.9000,7.9300,100000,792736.0000,3
2025-03-14,20250314140000000,sz.002842,7.9300,7.9500,7.9200,7.9500,171900,1364256.0000,3
2025-03-14,20250314140500000,sz.002842,7.9500,7.9600,7.9300,7.9500,195700,1555136.0000,3
2025-03-14,20250314141000000,sz.002842,7.9500,7.9800,7.9400,7.9700,170400,1356672.0000,3
2025-03-14,20250314141500000,sz.002842,7.9700,7.9700,7.9500,7.9600,303600,2415424.0000,3
2025-03-14,20250314142000000,sz.002842,7.9500,8.0500,7.9500,8.0400,436300,3486272.0000,3
2025-03-14,20250314142500000,sz.002842,8.0400,8.0400,7.9900,8.0100,391500,3138080.0000,3
2025-03-14,20250314143000000,sz.002842,8.0100,8.0300,8.0000,8.0200,538100,4314848.0000,3
2025-03-14,20250314143500000,sz.002842,8.0100,8.0700,8.0000,8.0600,490500,3938048.0000,3
2025-03-14,20250314144000000,sz.002842,8.0600,8.0700,8.0400,8.0500,283200,2281024.0000,3
2025-03-14,20250314144500000,sz.002842,8.0500,8.0700,8.0400,8.0500,426800,3437024.0000,3
2025-03-14,20250314145000000,sz.002842,8.0500,8.0600,8.0200,8.0200,414900,3336256.0000,3
2025-03-14,20250314145500000,sz.002842,8.0200,8.0200,7.9500,8.0000,625200,4998944.0000,3
2025-03-14,20250314150000000,sz.002842,8.0000,8.0200,7.9500,7.9500,370800,2955968.0000,3
2025-03-17,20250317093500000,sz.002842,7.8700,7.8700,7.6800,7.7200,4520500,35181104.0000,3
2025-03-17,20250317094000000,sz.002842,7.7200,7.7300,7.6200,7.6500,2037900,15664552.0000,3
2025-03-17,20250317094500000,sz.002842,7.6500,7.8200,7.6400,7.7900,1359100,10479996.0000,3
2025-03-17,20250317095000000,sz.002842,7.7900,7.7900,7.7000,7.7100,1298200,10048760.0000,3
2025-03-17,20250317095500000,sz.002842,7.7100,7.7200,7.6500,7.6900,1460800,11219992.0000,3
2025-03-17,20250317100000000,sz.002842,7.6900,7.6900,7.6100,7.6200,1768500,13502056.0000,3
2025-03-17,20250317100500000,sz.002842,7.6200,7.6600,7.6200,7.6400,853800,6520984.0000,3
2025-03-17,20250317101000000,sz.002842,7.6400,7.6500,7.6300,7.6300,444900,3398344.0000,3
2025-03-17,20250317101500000,sz.002842,7.6300,7.6700,7.6300,7.6500,449300,3437320.0000,3
2025-03-17,20250317102000000,sz.002842,7.6500,7.6900,7.6500,7.6800,326300,2498480.0000,3
2025-03-17,20250317102500000,sz.002842,7.6800,7.6900,7.6500,7.6600,397700,3048728.0000,3
2025-03-17,20250317103000000,sz.002842,7.6600,7.6700,7.6500,7.6600,367900,2816704.0000,3
2025-03-17,20250317103500000,sz.002842,7.6500,7.7000,7.6500,7.6900,372200,2852576.0000,3
2025-03-17,20250317104000000,sz.002842,7.6900,7.7000,7.6600,7.6700,281100,2158424.0000,3
2025-03-17,20250317104500000,sz.002842,7.6700,7.6700,7.6500,7.6700,202700,1552048.0000,3
2025-03-17,20250317105000000,sz.002842,7.6600,7.6700,7.6400,7.6500,624400,4777328.0000,3
2025-03-17,20250317105500000,sz.002842,7.6500,7.6600,7.6300,7.6300,382200,2919928.0000,3
2025-03-17,20250317110000000,sz.002842,7.6300,7.6500,7.6300,7.6500,367300,2806112.0000,3
2025-03-17,20250317110500000,sz.002842,7.6500,7.6500,7.6300,7.6500,247100,1887856.0000,3
2025-03-17,20250317111000000,sz.002842,7.6500,7.6600,7.6400,7.6500,120000,918368.0000,3
2025-03-17,20250317111500000,sz.002842,7.6500,7.6600,7.6200,7.6300,509500,3887840.0000,3
2025-03-17,20250317112000000,sz.002842,7.6300,7.6300,7.6100,7.6100,550200,4190192.0000,3
2025-03-17,20250317112500000,sz.002842,7.6100,7.6200,7.6000,7.6200,888800,6759024.0000,3
2025-03-17,20250317113000000,sz.002842,7.6200,7.6300,7.6000,7.6000,458100,3485952.0000,3
2025-03-17,20250317130500000,sz.002842,7.6100,7.6400,7.6000,7.6200,376300,2863152.0000,3
2025-03-17,20250317131000000,sz.002842,7.6200,7.6200,7.6100,7.6200,122800,934704.0000,3
2025-03-17,20250317131500000,sz.002842,7.6200,7.6200,7.5900,7.5900,333600,2537072.0000,3
2025-03-17,20250317132000000,sz.002842,7.5900,7.6100,7.5900,7.5900,97000,737104.0000,3
2025-03-17,20250317132500000,sz.002842,7.6000,7.6100,7.5900,7.6000,250700,1904320.0000,3
2025-03-17,20250317133000000,sz.002842,7.6000,7.6400,7.6000,7.6200,292200,2226128.0000,3
2025-03-17,20250317133500000,sz.002842,7.6200,7.6300,7.6000,7.6100,236900,1803024.0000,3
2025-03-17,20250317134000000,sz.002842,7.6100,7.6100,7.6000,7.6000,229700,1746704.0000,3
2025-03-17,20250317134500000,sz.002842,7.6000,7.6200,7.6000,7.6100,215200,1636768.0000,3
2025-03-17,20250317135000000,sz.002842,7.6100,7.6200,7.6000,7.6200,229800,1748864.0000,3
2025-03-17,20250317135500000,sz.002842,7.6200,7.6200,7.6100,7.6100,337500,2571216.0000,3
2025-03-17,20250317140000000,sz.002842,7.6100,7.7700,7.6000,7.6600,751100,5758640.0000,3
2025-03-17,20250317140500000,sz.002842,7.6600,7.6800,7.6500,7.6500,230400,1764944.0000,3
2025-03-17,20250317141000000,sz.002842,7.6500,7.6500,7.6200,7.6500,159100,1214864.0000,3
2025-03-17,20250317141500000,sz.002842,7.6500,7.6700,7.6400,7.6500,103900,794896.0000,3
2025-03-17,20250317142000000,sz.002842,7.6500,7.6700,7.6400,7.6600,312600,2394304.0000,3
2025-03-17,20250317142500000,sz.002842,7.6600,7.6800,7.6400,7.6600,300800,2305456.0000,3
2025-03-17,20250317143000000,sz.002842,7.6600,7.6700,7.6500,7.6600,148100,1134144.0000,3
2025-03-17,20250317143500000,sz.002842,7.6600,7.6600,7.6400,7.6400,188900,1445504.0000,3
2025-03-17,20250317144000000,sz.002842,7.6400,7.6500,7.6300,7.6300,338600,2585152.0000,3
2025-03-17,20250317144500000,sz.002842,7.6300,7.6400,7.6100,7.6200,615300,4686768.0000,3
2025-03-17,20250317145000000,sz.002842,7.6200,7.6200,7.5900,7.5900,1076000,8180688.0000,3
2025-03-17,20250317145500000,sz.002842,7.5900,7.6400,7.5900,7.6400,1202000,9148064.0000,3
2025-03-17,20250317150000000,sz.002842,7.6400,7.6400,7.6200,7.6200,464200,3539168.0000,3
2025-03-18,20250318093500000,sz.002842,7.6100,8.3800,7.6100,7.8500,16044100,131886872.0000,3
2025-03-18,20250318094000000,sz.002842,7.8500,7.8500,7.7800,7.7900,1456800,11393280.0000,3
2025-03-18,20250318094500000,sz.002842,7.7900,7.8400,7.7900,7.8200,823000,6426640.0000,3
2025-03-18,20250318095000000,sz.002842,7.8200,7.8200,7.7800,7.7800,632200,4927632.0000,3
2025-03-18,20250318095500000,sz.002842,7.7800,7.8100,7.7600,7.8100,695200,5410448.0000,3
2025-03-18,20250318100000000,sz.002842,7.8100,7.8600,7.8000,7.8400,609100,4765504.0000,3
2025-03-18,20250318100500000,sz.002842,7.8400,7.8600,7.8000,7.8400,551200,4311888.0000,3
2025-03-18,20250318101000000,sz.002842,7.8400,7.8400,7.8100,7.8100,484300,3786496.0000,3
2025-03-18,20250318101500000,sz.002842,7.8100,7.8900,7.8100,7.8700,642800,5051408.0000,3
2025-03-18,20250318102000000,sz.002842,7.8600,7.8700,7.8300,7.8600,255200,2003680.0000,3
2025-03-18,20250318102500000,sz.002842,7.8600,7.8700,7.8400,7.8700,438300,3441072.0000,3
2025-03-18,20250318103000000,sz.002842,7.8700,7.8900,7.8400,7.8400,418100,3287616.0000,3
2025-03-18,20250318103500000,sz.002842,7.8400,7.8600,7.8400,7.8500,312000,2449392.0000,3
2025-03-18,20250318104000000,sz.002842,7.8500,7.9200,7.8500,7.8700,507100,4003328.0000,3
2025-03-18,20250318104500000,sz.002842,7.8600,7.8900,7.8600,7.8700,212600,1674416.0000,3
2025-03-18,20250318105000000,sz.002842,7.8800,7.8900,7.8700,7.8800,242000,1907392.0000,3
2025-03-18,20250318105500000,sz.002842,7.8800,7.8800,7.8400,7.8500,367500,2888320.0000,3
2025-03-18,20250318110000000,sz.002842,7.8500,7.8500,7.8200,7.8300,258100,2022560.0000,3
2025-03-18,20250318110500000,sz.002842,7.8300,7.8500,7.8300,7.8300,139500,1093584.0000,3
2025-03-18,20250318111000000,sz.002842,7.8300,7.8400,7.8000,7.8100,313400,2449648.0000,3
2025-03-18,20250318111500000,sz.002842,7.8100,7.8300,7.8100,7.8100,150500,1175728.0000,3
2025-03-18,20250318112000000,sz.002842,7.8100,7.8200,7.8100,7.8100,88000,687744.0000,3
2025-03-18,20250318112500000,sz.002842,7.8100,7.8300,7.8100,7.8200,83600,653632.0000,3
2025-03-18,20250318113000000,sz.002842,7.8200,7.8300,7.8000,7.8100,227600,1777152.0000,3
2025-03-18,20250318130500000,sz.002842,7.8100,7.8200,7.7800,7.8000,543400,4239888.0000,3
2025-03-18,20250318131000000,sz.002842,7.8000,7.8100,7.7900,7.8000,127200,992160.0000,3
2025-03-18,20250318131500000,sz.002842,7.7900,7.8000,7.7900,7.8000,83300,649664.0000,3
2025-03-18,20250318132000000,sz.002842,7.8000,7.8000,7.7800,7.7900,123600,963344.0000,3
2025-03-18,20250318132500000,sz.002842,7.7800,7.7900,7.7800,7.7900,100200,779968.0000,3
2025-03-18,20250318133000000,sz.002842,7.7900,7.7900,7.7800,7.7800,113900,886560.0000,3
2025-03-18,20250318133500000,sz.002842,7.7800,7.7900,7.7800,7.7800,186100,1448560.0000,3
2025-03-18,20250318134000000,sz.002842,7.7800,7.7900,7.7700,7.7700,203500,1583424.0000,3
2025-03-18,20250318134500000,sz.002842,7.7700,7.7800,7.7700,7.7700,127900,994688.0000,3
2025-03-18,20250318135000000,sz.002842,7.7800,7.8100,7.7800,7.8000,104700,816240.0000,3
2025-03-18,20250318135500000,sz.002842,7.8000,7.8100,7.7900,7.8100,119300,930784.0000,3
2025-03-18,20250318140000000,sz.002842,7.8100,7.8700,7.8100,7.8400,634300,4982992.0000,3
2025-03-18,20250318140500000,sz.002842,7.8300,7.8400,7.8100,7.8300,96100,752448.0000,3
2025-03-18,20250318141000000,sz.002842,7.8200,7.8300,7.8100,7.8300,107000,836832.0000,3
2025-03-18,20250318141500000,sz.002842,7.8200,7.8400,7.8200,7.8400,87600,685616.0000,3
2025-03-18,20250318142000000,sz.002842,7.8400,7.8400,7.8300,7.8300,99900,782880.0000,3
2025-03-18,20250318142500000,sz.002842,7.8400,7.8500,7.8300,7.8500,334600,2624192.0000,3
2025-03-18,20250318143000000,sz.002842,7.8500,7.8500,7.8300,7.8400,180900,1418656.0000,3
2025-03-18,20250318143500000,sz.002842,7.8400,7.8400,7.8300,7.8300,139300,1091088.0000,3
2025-03-18,20250318144000000,sz.002842,7.8300,7.8400,7.8200,7.8300,397300,3111152.0000,3
2025-03-18,20250318144500000,sz.002842,7.8300,7.8400,7.8300,7.8400,194000,1520160.0000,3
2025-03-18,20250318145000000,sz.002842,7.8500,7.8500,7.8400,7.8400,422800,3316656.0000,3
2025-03-18,20250318145500000,sz.002842,7.8400,7.8900,7.8400,7.8900,886800,6975408.0000,3
2025-03-18,20250318150000000,sz.002842,7.8900,7.8900,7.8700,7.8800,890100,7013376.0000,3
2025-03-19,20250319093500000,sz.002842,7.8000,7.8000,7.6400,7.6700,3427200,26412388.0000,3
2025-03-19,20250319094000000,sz.002842,7.6700,7.6800,7.6400,7.6400,1391100,10645684.0000,3
2025-03-19,20250319094500000,sz.002842,7.6400,7.6700,7.6300,7.6400,770200,5889080.0000,3
2025-03-19,20250319095000000,sz.002842,7.6400,7.6600,7.6400,7.6400,889100,6797220.0000,3
2025-03-19,20250319095500000,sz.002842,7.6400,7.6500,7.6000,7.6100,1481200,11287912.0000,3
2025-03-19,20250319100000000,sz.002842,7.6100,7.6200,7.5300,7.5500,1566200,11854732.0000,3
2025-03-19,20250319100500000,sz.002842,7.5500,7.5600,7.5300,7.5300,870500,6568632.0000,3
2025-03-19,20250319101000000,sz.002842,7.5300,7.5700,7.5300,7.5600,689300,5206448.0000,3
2025-03-19,20250319101500000,sz.002842,7.5500,7.5600,7.5300,7.5300,753700,5681768.0000,3
2025-03-19,20250319102000000,sz.002842,7.5300,7.5400,7.5100,7.5200,473400,3560104.0000,3
2025-03-19,20250319102500000,sz.002842,7.5200,7.5400,7.5200,7.5300,544000,4095328.0000,3
2025-03-19,20250319103000000,sz.002842,7.5300,7.5500,7.5200,7.5400,482500,3634296.0000,3
2025-03-19,20250319103500000,sz.002842,7.5400,7.5400,7.5300,7.5400,180300,1358656.0000,3
2025-03-19,20250319104000000,sz.002842,7.5400,7.5500,7.5400,7.5500,345400,2605256.0000,3
2025-03-19,20250319104500000,sz.002842,7.5400,7.5600,7.5400,7.5400,386100,2913608.0000,3
2025-03-19,20250319105000000,sz.002842,7.5400,7.6000,7.5400,7.6000,306100,2317360.0000,3
2025-03-19,20250319105500000,sz.002842,7.6000,7.6000,7.5700,7.5800,346500,2627320.0000,3
2025-03-19,20250319110000000,sz.002842,7.5800,7.6000,7.5600,7.5600,271700,2059544.0000,3
2025-03-19,20250319110500000,sz.002842,7.5600,7.5900,7.5500,7.5700,198900,1506232.0000,3
2025-03-19,20250319111000000,sz.002842,7.5700,7.6000,7.5700,7.5900,158100,1198640.0000,3
2025-03-19,20250319111500000,sz.002842,7.5900,7.6000,7.5800,7.6000,144000,1092800.0000,3
2025-03-19,20250319112000000,sz.002842,7.6000,7.6000,7.5800,7.5900,236300,1794096.0000,3
2025-03-19,20250319112500000,sz.002842,7.5900,7.5900,7.5700,7.5800,265200,2009864.0000,3
2025-03-19,20250319113000000,sz.002842,7.5800,7.5800,7.5500,7.5600,373600,2825456.0000,3
2025-03-19,20250319130500000,sz.002842,7.5700,7.5800,7.5500,7.5800,437100,3306640.0000,3
2025-03-19,20250319131000000,sz.002842,7.5800,7.5800,7.5600,7.5600,165700,1253488.0000,3
2025-03-19,20250319131500000,sz.002842,7.5700,7.5800,7.5600,7.5700,215000,1628344.0000,3
2025-03-19,20250319132000000,sz.002842,7.5700,7.5900,7.5600,7.5600,329100,2491408.0000,3
2025-03-19,20250319132500000,sz.002842,7.5600,7.5700,7.5500,7.5500,188300,1423248.0000,3
2025-03-19,20250319133000000,sz.002842,7.5500,7.5600,7.5300,7.5400,382500,2886032.0000,3
2025-03-19,20250319133500000,sz.002842,7.5400,7.5400,7.5200,7.5300,316900,2386576.0000,3
2025-03-19,20250319134000000,sz.002842,7.5200,7.5300,7.5100,7.5200,588100,4420096.0000,3
2025-03-19,20250319134500000,sz.002842,7.5200,7.5400,7.5200,7.5300,170700,1285040.0000,3
2025-03-19,20250319135000000,sz.002842,7.5300,7.5500,7.5100,7.5400,467400,3516608.0000,3
2025-03-19,20250319135500000,sz.002842,7.5400,7.5500,7.5300,7.5400,265700,2002592.0000,3
2025-03-19,20250319140000000,sz.002842,7.5400,7.5400,7.5200,7.5300,178600,1345440.0000,3
2025-03-19,20250319140500000,sz.002842,7.5300,7.5300,7.5000,7.5300,647300,4862384.0000,3
2025-03-19,20250319141000000,sz.002842,7.5300,7.5300,7.5100,7.5300,372600,2802464.0000,3
2025-03-19,20250319141500000,sz.002842,7.5300,7.5500,7.5300,7.5300,296100,2232096.0000,3
2025-03-19,20250319142000000,sz.002842,7.5300,7.5600,7.5300,7.5300,245800,1853280.0000,3
2025-03-19,20250319142500000,sz.002842,7.5400,7.5500,7.5200,7.5400,198000,1491296.0000,3
2025-03-19,20250319143000000,sz.002842,7.5500,7.5500,7.5300,7.5300,123900,934544.0000,3
2025-03-19,20250319143500000,sz.002842,7.5300,7.5300,7.5000,7.5200,712100,5350144.0000,3
2025-03-19,20250319144000000,sz.002842,7.5200,7.5200,7.4700,7.4800,1431800,10735312.0000,3
2025-03-19,20250319144500000,sz.002842,7.4800,7.4900,7.4500,7.4900,780500,5830400.0000,3
2025-03-19,20250319145000000,sz.002842,7.4900,7.5000,7.4800,7.4900,532000,3985680.0000,3
2025-03-19,20250319145500000,sz.002842,7.4900,7.5100,7.4900,7.5100,856800,6427488.0000,3
2025-03-19,20250319150000000,sz.002842,7.5100,7.5400,7.5100,7.5300,381800,2872544.0000,3
2025-03-20,20250320093500000,sz.002842,7.4400,7.5900,7.4300,7.4800,2712700,20298806.0000,3
2025-03-20,20250320094000000,sz.002842,7.4800,7.5000,7.4600,7.5000,338200,2528678.0000,3
2025-03-20,20250320094500000,sz.002842,7.4900,7.5000,7.4600,7.4900,590500,4414182.0000,3
2025-03-20,20250320095000000,sz.002842,7.4900,7.4900,7.4300,7.4500,391700,2919092.0000,3
2025-03-20,20250320095500000,sz.002842,7.4500,7.4700,7.4300,7.4500,366500,2729994.0000,3
2025-03-20,20250320100000000,sz.002842,7.4400,7.4600,7.4200,7.4200,409900,3050952.0000,3
2025-03-20,20250320100500000,sz.002842,7.4400,7.4600,7.4100,7.4600,453900,3371944.0000,3
2025-03-20,20250320101000000,sz.002842,7.4500,7.4600,7.4300,7.4400,593500,4409264.0000,3
2025-03-20,20250320101500000,sz.002842,7.4300,7.4400,7.4100,7.4100,243000,1804412.0000,3
2025-03-20,20250320102000000,sz.002842,7.4200,7.4500,7.4100,7.4400,455200,3384904.0000,3
2025-03-20,20250320102500000,sz.002842,7.4400,7.4500,7.4100,7.4100,277600,2062780.0000,3
2025-03-20,20250320103000000,sz.002842,7.4100,7.4200,7.4000,7.4100,431700,3197748.0000,3
2025-03-20,20250320103500000,sz.002842,7.4100,7.4200,7.4000,7.4100,222600,1648812.0000,3
2025-03-20,20250320104000000,sz.002842,7.4100,7.4300,7.4100,7.4100,193800,1437544.0000,3
2025-03-20,20250320104500000,sz.002842,7.4200,7.4400,7.4100,7.4200,174800,1296868.0000,3
2025-03-20,20250320105000000,sz.002842,7.4200,7.4300,7.4100,7.4200,122700,910776.0000,3
2025-03-20,20250320105500000,sz.002842,7.4200,7.4500,7.4200,7.4400,159600,1186204.0000,3
2025-03-20,20250320110000000,sz.002842,7.4400,7.4400,7.4300,7.4300,96800,720232.0000,3
2025-03-20,20250320110500000,sz.002842,7.4300,7.4400,7.4200,7.4300,103700,770272.0000,3
2025-03-20,20250320111000000,sz.002842,7.4200,7.4400,7.4200,7.4300,153200,1136396.0000,3
2025-03-20,20250320111500000,sz.002842,7.4200,7.4400,7.4200,7.4400,158600,1179024.0000,3
2025-03-20,20250320112000000,sz.002842,7.4500,7.4600,7.4400,7.4500,89100,664160.0000,3
2025-03-20,20250320112500000,sz.002842,7.4500,7.4500,7.4400,7.4400,33700,250936.0000,3
2025-03-20,20250320113000000,sz.002842,7.4400,7.5000,7.4400,7.4800,210400,1572424.0000,3
2025-03-20,20250320130500000,sz.002842,7.4800,7.4900,7.4600,7.4700,217700,1628708.0000,3
2025-03-20,20250320131000000,sz.002842,7.4700,7.4800,7.4700,7.4800,117800,881016.0000,3
2025-03-20,20250320131500000,sz.002842,7.4900,7.5000,7.4800,7.4900,108900,815736.0000,3
2025-03-20,20250320132000000,sz.002842,7.5000,7.5000,7.4800,7.4900,67300,504136.0000,3
2025-03-20,20250320132500000,sz.002842,7.5000,7.5100,7.4900,7.5000,192000,1439728.0000,3
2025-03-20,20250320133000000,sz.002842,7.5100,7.5100,7.4800,7.4900,235600,1766320.0000,3
2025-03-20,20250320133500000,sz.002842,7.4900,7.4900,7.4600,7.4600,176900,1322872.0000,3
2025-03-20,20250320134000000,sz.002842,7.4600,7.4700,7.4500,7.4500,169400,1263136.0000,3
2025-03-20,20250320134500000,sz.002842,7.4500,7.4700,7.4500,7.4700,90200,672520.0000,3
2025-03-20,20250320135000000,sz.002842,7.4700,7.4800,7.4600,7.4600,118000,881600.0000,3
2025-03-20,20250320135500000,sz.002842,7.4700,7.4700,7.4500,7.4600,103700,773384.0000,3
2025-03-20,20250320140000000,sz.002842,7.4700,7.4700,7.4400,7.4400,82700,616240.0000,3
2025-03-20,20250320140500000,sz.002842,7.4400,7.4500,7.4200,7.4300,245000,1820552.0000,3
2025-03-20,20250320141000000,sz.002842,7.4400,7.4400,7.4300,7.4400,133200,989528.0000,3
2025-03-20,20250320141500000,sz.002842,7.4300,7.4400,7.4200,7.4200,145500,1081336.0000,3
2025-03-20,20250320142000000,sz.002842,7.4300,7.4700,7.4300,7.4500,169900,1265664.0000,3
2025-03-20,20250320142500000,sz.002842,7.4500,7.4600,7.4200,7.4300,149600,1113616.0000,3
2025-03-20,20250320143000000,sz.002842,7.4300,7.4400,7.4200,7.4300,77200,573552.0000,3
2025-03-20,20250320143500000,sz.002842,7.4200,7.4500,7.4200,7.4300,234300,1741408.0000,3
2025-03-20,20250320144000000,sz.002842,7.4400,7.4400,7.4200,7.4200,130800,971896.0000,3
2025-03-20,20250320144500000,sz.002842,7.4200,7.4300,7.4100,7.4200,349900,2595512.0000,3
2025-03-20,20250320145000000,sz.002842,7.4200,7.4300,7.4100,7.4300,373500,2769736.0000,3
2025-03-20,20250320145500000,sz.002842,7.4200,7.4200,7.4000,7.4000,794600,5886936.0000,3
2025-03-20,20250320150000000,sz.002842,7.4100,7.4100,7.4000,7.4000,540900,4003928.0000,3
2025-03-21,20250321093500000,sz.002842,7.3300,7.3400,7.2300,7.2500,1999000,14535931.0000,3
2025-03-21,20250321094000000,sz.002842,7.2400,7.3200,7.2200,7.3200,1604200,11639617.0000,3
2025-03-21,20250321094500000,sz.002842,7.3000,7.3500,7.2500,7.2500,480500,3504330.0000,3
2025-03-21,20250321095000000,sz.002842,7.2600,7.2700,7.2300,7.2300,542400,3932526.0000,3
2025-03-21,20250321095500000,sz.002842,7.2300,7.2400,7.2100,7.2200,728200,5258932.0000,3
2025-03-21,20250321100000000,sz.002842,7.2200,7.2200,7.1900,7.2200,807200,5813792.0000,3
2025-03-21,20250321100500000,sz.002842,7.2200,7.2400,7.2100,7.2300,345100,2492912.0000,3
2025-03-21,20250321101000000,sz.002842,7.2300,7.2600,7.2300,7.2300,364700,2640380.0000,3
2025-03-21,20250321101500000,sz.002842,7.2400,7.2500,7.2200,7.2500,272700,1971644.0000,3
2025-03-21,20250321102000000,sz.002842,7.2400,7.2600,7.2000,7.2000,794900,5741580.0000,3
2025-03-21,20250321102500000,sz.002842,7.2100,7.2100,7.1500,7.1800,729000,5233248.0000,3
2025-03-21,20250321103000000,sz.002842,7.1800,7.1900,7.1500,7.1600,432900,3099156.0000,3
2025-03-21,20250321103500000,sz.002842,7.1600,7.2000,7.1500,7.1900,545400,3912384.0000,3
2025-03-21,20250321104000000,sz.002842,7.1900,7.2000,7.1700,7.1800,216200,1553264.0000,3
2025-03-21,20250321104500000,sz.002842,7.1800,7.1800,7.1500,7.1700,302400,2166408.0000,3
2025-03-21,20250321105000000,sz.002842,7.1700,7.2000,7.1600,7.1900,177400,1274208.0000,3
2025-03-21,20250321105500000,sz.002842,7.1900,7.1900,7.1500,7.1500,356000,2551632.0000,3
2025-03-21,20250321110000000,sz.002842,7.1600,7.1700,7.1500,7.1600,381000,2725096.0000,3
2025-03-21,20250321110500000,sz.002842,7.1600,7.1600,7.1500,7.1600,274000,1957840.0000,3
2025-03-21,20250321111000000,sz.002842,7.1500,7.1800,7.1500,7.1800,201100,1441560.0000,3
2025-03-21,20250321111500000,sz.002842,7.1800,7.1800,7.1700,7.1700,95800,687040.0000,3
2025-03-21,20250321112000000,sz.002842,7.1700,7.1700,7.1500,7.1600,131200,940680.0000,3
2025-03-21,20250321112500000,sz.002842,7.1500,7.1600,7.1400,7.1500,106500,761480.0000,3
2025-03-21,20250321113000000,sz.002842,7.1400,7.1500,7.1300,7.1300,196800,1403904.0000,3
2025-03-21,20250321130500000,sz.002842,7.1300,7.1500,7.1300,7.1400,197200,1406824.0000,3
2025-03-21,20250321131000000,sz.002842,7.1300,7.1400,7.1200,7.1200,224600,1599584.0000,3
2025-03-21,20250321131500000,sz.002842,7.1200,7.1200,7.1000,7.1100,359500,2557584.0000,3
2025-03-21,20250321132000000,sz.002842,7.1100,7.1400,7.1100,7.1200,277300,1974120.0000,3
2025-03-21,20250321132500000,sz.002842,7.1100,7.1300,7.1100,7.1100,282400,2010936.0000,3
2025-03-21,20250321133000000,sz.002842,7.1100,7.1100,7.0900,7.1000,415900,2952672.0000,3
2025-03-21,20250321133500000,sz.002842,7.1000,7.1000,7.0900,7.1000,174800,1239320.0000,3
2025-03-21,20250321134000000,sz.002842,7.0900,7.1100,7.0800,7.0800,484100,3432304.0000,3
2025-03-21,20250321134500000,sz.002842,7.0800,7.0900,7.0800,7.0900,136100,964104.0000,3
2025-03-21,20250321135000000,sz.002842,7.0900,7.1000,7.0800,7.0800,302200,2141120.0000,3
2025-03-21,20250321135500000,sz.002842,7.0800,7.1000,7.0800,7.1000,332000,2353824.0000,3
2025-03-21,20250321140000000,sz.002842,7.1000,7.1000,7.0900,7.1000,74300,527568.0000,3
2025-03-21,20250321140500000,sz.002842,7.0900,7.1000,7.0700,7.0800,193200,1368296.0000,3
2025-03-21,20250321141000000,sz.002842,7.0800,7.1100,7.0800,7.1000,210600,1494808.0000,3
2025-03-21,20250321141500000,sz.002842,7.1000,7.1100,7.0900,7.1000,112000,795544.0000,3
2025-03-21,20250321142000000,sz.002842,7.0900,7.1000,7.0800,7.1000,244300,1731816.0000,3
2025-03-21,20250321142500000,sz.002842,7.0900,7.1200,7.0900,7.1200,253600,1801392.0000,3
2025-03-21,20250321143000000,sz.002842,7.1200,7.1200,7.1000,7.1100,103400,735040.0000,3
2025-03-21,20250321143500000,sz.002842,7.1100,7.1300,7.1100,7.1200,197700,1407904.0000,3
2025-03-21,20250321144000000,sz.002842,7.1100,7.1300,7.1100,7.1200,209600,1491608.0000,3
2025-03-21,20250321144500000,sz.002842,7.1200,7.1200,7.1000,7.1200,201600,1433472.0000,3
2025-03-21,20250321145000000,sz.002842,7.1200,7.1300,7.1100,7.1200,342800,2439672.0000,3
2025-03-21,20250321145500000,sz.002842,7.1200,7.1300,7.1100,7.1300,490000,3487552.0000,3
2025-03-21,20250321150000000,sz.002842,7.1200,7.1300,7.1100,7.1100,394700,2809008.0000,3
2025-03-24,20250324093500000,sz.002842,7.0200,7.1000,6.9500,7.0100,1345900,9411451.0000,3
2025-03-24,20250324094000000,sz.002842,7.0100,7.0100,6.9400,7.0000,571100,3973922.0000,3
2025-03-24,20250324094500000,sz.002842,7.0100,7.0900,6.9800,7.0000,872900,6127615.0000,3
2025-03-24,20250324095000000,sz.002842,6.9900,7.0300,6.9700,7.0200,307700,2150440.0000,3
2025-03-24,20250324095500000,sz.002842,7.0200,7.0200,6.9800,6.9900,268400,1878526.0000,3
2025-03-24,20250324100000000,sz.002842,6.9900,7.0000,6.9800,7.0000,170600,1192490.0000,3
2025-03-24,20250324100500000,sz.002842,6.9900,6.9900,6.9500,6.9600,254800,1773584.0000,3
2025-03-24,20250324101000000,sz.002842,6.9500,6.9600,6.9400,6.9500,313600,2177662.0000,3
2025-03-24,20250324101500000,sz.002842,6.9500,7.0300,6.9400,7.0100,423300,2954280.0000,3
2025-03-24,20250324102000000,sz.002842,7.0400,7.0400,6.9900,7.0000,290800,2041606.0000,3
2025-03-24,20250324102500000,sz.002842,7.0000,7.0000,6.9600,6.9600,160900,1122900.0000,3
2025-03-24,20250324103000000,sz.002842,6.9700,6.9800,6.9600,6.9600,155800,1085684.0000,3
2025-03-24,20250324103500000,sz.002842,6.9700,6.9700,6.9500,6.9600,145200,1010516.0000,3
2025-03-24,20250324104000000,sz.002842,6.9600,6.9700,6.9400,6.9600,307200,2136892.0000,3
2025-03-24,20250324104500000,sz.002842,6.9600,6.9700,6.9500,6.9600,118300,823112.0000,3
2025-03-24,20250324105000000,sz.002842,6.9600,6.9600,6.9100,6.9100,397400,2752656.0000,3
2025-03-24,20250324105500000,sz.002842,6.9100,6.9200,6.9000,6.9200,138100,954528.0000,3
2025-03-24,20250324110000000,sz.002842,6.9300,6.9400,6.9100,6.9300,228000,1579060.0000,3
2025-03-24,20250324110500000,sz.002842,6.9300,6.9400,6.9200,6.9300,130100,901784.0000,3
2025-03-24,20250324111000000,sz.002842,6.9300,6.9400,6.9200,6.9300,130600,905192.0000,3
2025-03-24,20250324111500000,sz.002842,6.9200,6.9500,6.9200,6.9500,189100,1311932.0000,3
2025-03-24,20250324112000000,sz.002842,6.9600,6.9700,6.9400,6.9500,110300,767196.0000,3
2025-03-24,20250324112500000,sz.002842,6.9500,6.9500,6.9200,6.9300,76800,532480.0000,3
2025-03-24,20250324113000000,sz.002842,6.9300,6.9300,6.9000,6.9200,212100,1465936.0000,3
2025-03-24,20250324130500000,sz.002842,6.9000,6.9100,6.8800,6.8900,444700,3066584.0000,3
2025-03-24,20250324131000000,sz.002842,6.8800,6.9500,6.8600,6.9400,689100,4749752.0000,3
2025-03-24,20250324131500000,sz.002842,6.9400,7.0300,6.9300,7.0300,620200,4323412.0000,3
2025-03-24,20250324132000000,sz.002842,7.0300,7.0400,6.9800,6.9800,389900,2737200.0000,3
2025-03-24,20250324132500000,sz.002842,6.9800,6.9900,6.9400,6.9800,652900,4544104.0000,3
2025-03-24,20250324133000000,sz.002842,6.9700,6.9800,6.9500,6.9700,183900,1282160.0000,3
2025-03-24,20250324133500000,sz.002842,6.9700,7.0000,6.9600,6.9800,142800,997104.0000,3
2025-03-24,20250324134000000,sz.002842,7.0000,7.0600,6.9800,7.0600,499300,3508672.0000,3
2025-03-24,20250324134500000,sz.002842,7.0600,7.0600,6.9800,6.9900,199800,1400592.0000,3
2025-03-24,20250324135000000,sz.002842,6.9900,6.9900,6.9400,6.9600,245000,1706408.0000,3
2025-03-24,20250324135500000,sz.002842,6.9600,7.0000,6.9600,7.0000,174200,1215856.0000,3
2025-03-24,20250324140000000,sz.002842,7.0000,7.0200,6.9700,7.0200,140100,979856.0000,3
2025-03-24,20250324140500000,sz.002842,7.0100,7.0200,6.9800,7.0000,338500,2370128.0000,3
2025-03-24,20250324141000000,sz.002842,6.9900,7.0500,6.9900,7.0300,335900,2361264.0000,3
2025-03-24,20250324141500000,sz.002842,7.0200,7.0500,7.0200,7.0400,247100,1738016.0000,3
2025-03-24,20250324142000000,sz.002842,7.0400,7.0800,7.0200,7.0400,340600,2399984.0000,3
2025-03-24,20250324142500000,sz.002842,7.0400,7.0500,7.0100,7.0400,210700,1481416.0000,3
2025-03-24,20250324143000000,sz.002842,7.0500,7.0800,7.0400,7.0800,329600,2325720.0000,3
2025-03-24,20250324143500000,sz.002842,7.0800,7.0800,7.0700,7.0800,233800,1654720.0000,3
2025-03-24,20250324144000000,sz.002842,7.0800,7.1000,7.0700,7.1000,229700,1628840.0000,3
2025-03-24,20250324144500000,sz.002842,7.0900,7.1000,7.0700,7.0900,156700,1109736.0000,3
2025-03-24,20250324145000000,sz.002842,7.0900,7.0900,7.0700,7.0900,156000,1105480.0000,3
2025-03-24,20250324145500000,sz.002842,7.0800,7.1300,7.0800,7.1300,919200,6535160.0000,3
2025-03-24,20250324150000000,sz.002842,7.1200,7.1600,7.1200,7.1500,1078900,7702472.0000,3
2025-03-25,20250325093500000,sz.002842,7.1200,7.2000,7.0000,7.1100,1576600,11226286.0000,3
2025-03-25,20250325094000000,sz.002842,7.1200,7.1600,7.0900,7.1000,452400,3223733.0000,3
2025-03-25,20250325094500000,sz.002842,7.1000,7.1000,7.0400,7.0500,531000,3753153.0000,3
2025-03-25,20250325095000000,sz.002842,7.0500,7.1000,7.0400,7.1000,238700,1686604.0000,3
2025-03-25,20250325095500000,sz.002842,7.1100,7.1200,7.0900,7.1000,287200,2040368.0000,3
2025-03-25,20250325100000000,sz.002842,7.1100,7.1200,7.1000,7.1100,316200,2247330.0000,3
2025-03-25,20250325100500000,sz.002842,7.1100,7.1400,7.0800,7.0800,498600,3542814.0000,3
2025-03-25,20250325101000000,sz.002842,7.0700,7.0700,7.0500,7.0500,263700,1860880.0000,3
2025-03-25,20250325101500000,sz.002842,7.0500,7.0600,7.0400,7.0500,184200,1298708.0000,3
2025-03-25,20250325102000000,sz.002842,7.0300,7.0500,7.0300,7.0500,286600,2016492.0000,3
2025-03-25,20250325102500000,sz.002842,7.0500,7.0700,7.0300,7.0400,173300,1219760.0000,3
2025-03-25,20250325103000000,sz.002842,7.0400,7.0800,7.0300,7.0800,175500,1238732.0000,3
2025-03-25,20250325103500000,sz.002842,7.0800,7.1000,7.0700,7.1000,223500,1584852.0000,3
2025-03-25,20250325104000000,sz.002842,7.1000,7.1000,7.0700,7.0800,120600,854772.0000,3
2025-03-25,20250325104500000,sz.002842,7.0800,7.0900,7.0600,7.0700,221200,1563408.0000,3
2025-03-25,20250325105000000,sz.002842,7.0700,7.0900,7.0400,7.0400,121500,858836.0000,3
2025-03-25,20250325105500000,sz.002842,7.0500,7.0700,7.0400,7.0700,153300,1081132.0000,3
2025-03-25,20250325110000000,sz.002842,7.0500,7.0700,7.0400,7.0400,84300,594380.0000,3
2025-03-25,20250325110500000,sz.002842,7.0400,7.0600,7.0400,7.0600,90700,639112.0000,3
2025-03-25,20250325111000000,sz.002842,7.0500,7.0700,7.0300,7.0400,154400,1088180.0000,3
2025-03-25,20250325111500000,sz.002842,7.0500,7.0700,7.0500,7.0600,108900,769072.0000,3
2025-03-25,20250325112000000,sz.002842,7.0600,7.0700,7.0300,7.0400,134400,946628.0000,3
2025-03-25,20250325112500000,sz.002842,7.0300,7.0300,7.0100,7.0100,198700,1395224.0000,3
2025-03-25,20250325113000000,sz.002842,7.0100,7.0500,7.0100,7.0500,143600,1008888.0000,3
2025-03-25,20250325130500000,sz.002842,7.0600,7.0800,7.0500,7.0700,141800,1001308.0000,3
2025-03-25,20250325131000000,sz.002842,7.0700,7.1000,7.0700,7.1000,188000,1332732.0000,3
2025-03-25,20250325131500000,sz.002842,7.1100,7.1500,7.1100,7.1500,281900,2007856.0000,3
2025-03-25,20250325132000000,sz.002842,7.1400,7.1500,7.1200,7.1500,225100,1605316.0000,3
2025-03-25,20250325132500000,sz.002842,7.1400,7.1500,7.1200,7.1400,94900,677120.0000,3
2025-03-25,20250325133000000,sz.002842,7.1300,7.1300,7.1200,7.1300,83000,591280.0000,3
2025-03-25,20250325133500000,sz.002842,7.1300,7.1500,7.1300,7.1400,107600,768444.0000,3
2025-03-25,20250325134000000,sz.002842,7.1400,7.1500,7.1300,7.1300,88400,631452.0000,3
2025-03-25,20250325134500000,sz.002842,7.1300,7.1400,7.1000,7.1100,77900,554880.0000,3
2025-03-25,20250325135000000,sz.002842,7.1000,7.1100,7.1000,7.1100,61100,433952.0000,3
2025-03-25,20250325135500000,sz.002842,7.1000,7.1200,7.0900,7.1100,118400,841076.0000,3
2025-03-25,20250325140000000,sz.002842,7.1000,7.1300,7.1000,7.1300,230200,1635632.0000,3
2025-03-25,20250325140500000,sz.002842,7.1300,7.1300,7.1200,7.1300,87000,620116.0000,3
2025-03-25,20250325141000000,sz.002842,7.1300,7.1300,7.1000,7.1100,158800,1130500.0000,3
2025-03-25,20250325141500000,sz.002842,7.1100,7.1100,7.0700,7.1000,225800,1601888.0000,3
2025-03-25,20250325142000000,sz.002842,7.1000,7.1300,7.1000,7.1200,115500,822576.0000,3
2025-03-25,20250325142500000,sz.002842,7.1200,7.1600,7.1200,7.1600,249600,1781324.0000,3
2025-03-25,20250325143000000,sz.002842,7.1600,7.1600,7.1400,7.1400,209500,1497172.0000,3
2025-03-25,20250325143500000,sz.002842,7.1500,7.1500,7.1400,7.1400,114900,821120.0000,3
2025-03-25,20250325144000000,sz.002842,7.1400,7.1400,7.1100,7.1200,61200,436096.0000,3
2025-03-25,20250325144500000,sz.002842,7.1100,7.1400,7.1100,7.1400,169000,1204464.0000,3
2025-03-25,20250325145000000,sz.002842,7.1400,7.1400,7.0800,7.1100,412700,2934080.0000,3
2025-03-25,20250325145500000,sz.002842,7.1200,7.1400,7.1100,7.1300,370900,2646504.0000,3
2025-03-25,20250325150000000,sz.002842,7.1400,7.1600,7.1300,7.1600,623300,4460024.0000,3
2025-03-26,20250326093500000,sz.002842,7.5000,7.7000,7.0600,7.0600,9769800,71680336.0000,3
2025-03-26,20250326094000000,sz.002842,7.1100,7.1100,7.0400,7.0700,1782500,12605336.0000,3
2025-03-26,20250326094500000,sz.002842,7.0700,7.2000,7.0700,7.1700,849200,6078440.0000,3
2025-03-26,20250326095000000,sz.002842,7.1700,7.1900,7.0900,7.1000,666100,4751616.0000,3
2025-03-26,20250326095500000,sz.002842,7.1100,7.1300,7.0900,7.1300,238700,1696080.0000,3
2025-03-26,20250326100000000,sz.002842,7.1200,7.1900,7.1200,7.1900,319500,2287624.0000,3
2025-03-26,20250326100500000,sz.002842,7.1800,7.1800,7.1400,7.1500,179900,1288088.0000,3
2025-03-26,20250326101000000,sz.002842,7.1300,7.1300,7.1100,7.1200,224100,1596016.0000,3
2025-03-26,20250326101500000,sz.002842,7.1200,7.1200,7.0900,7.1100,232000,1648096.0000,3
2025-03-26,20250326102000000,sz.002842,7.1100,7.1600,7.1100,7.1300,182300,1301296.0000,3
2025-03-26,20250326102500000,sz.002842,7.1300,7.1400,7.1200,7.1300,121200,864808.0000,3
2025-03-26,20250326103000000,sz.002842,7.1300,7.1400,7.1200,7.1400,73100,521000.0000,3
2025-03-26,20250326103500000,sz.002842,7.1500,7.1500,7.1300,7.1400,140100,1000864.0000,3
2025-03-26,20250326104000000,sz.002842,7.1400,7.1400,7.1100,7.1200,141600,1008384.0000,3
2025-03-26,20250326104500000,sz.002842,7.1200,7.1300,7.1200,7.1200,44600,318056.0000,3
2025-03-26,20250326105000000,sz.002842,7.1300,7.1400,7.1200,7.1200,107100,763864.0000,3
2025-03-26,20250326105500000,sz.002842,7.1300,7.1500,7.1300,7.1500,82000,585536.0000,3
2025-03-26,20250326110000000,sz.002842,7.1500,7.1500,7.1300,7.1300,95400,680872.0000,3
2025-03-26,20250326110500000,sz.002842,7.1300,7.1400,7.1200,7.1300,109600,781808.0000,3
2025-03-26,20250326111000000,sz.002842,7.1300,7.1300,7.1200,7.1300,70700,503304.0000,3
2025-03-26,20250326111500000,sz.002842,7.1300,7.1400,7.1200,7.1400,92000,656176.0000,3
2025-03-26,20250326112000000,sz.002842,7.1400,7.1500,7.1300,7.1500,126500,903816.0000,3
2025-03-26,20250326112500000,sz.002842,7.1500,7.1700,7.1400,7.1500,157600,1128752.0000,3
2025-03-26,20250326113000000,sz.002842,7.1500,7.1600,7.1500,7.1600,40400,288920.0000,3
2025-03-26,20250326130500000,sz.002842,7.1700,7.1700,7.1200,7.1500,281400,2010440.0000,3
2025-03-26,20250326131000000,sz.002842,7.1500,7.1500,7.1300,7.1300,33600,239840.0000,3
2025-03-26,20250326131500000,sz.002842,7.1400,7.1400,7.1200,7.1200,88400,630000.0000,3
2025-03-26,20250326132000000,sz.002842,7.1300,7.1300,7.1200,7.1300,68600,488976.0000,3
2025-03-26,20250326132500000,sz.002842,7.1300,7.1300,7.1100,7.1100,111700,795128.0000,3
2025-03-26,20250326133000000,sz.002842,7.1200,7.1700,7.1100,7.1600,284200,2028560.0000,3
2025-03-26,20250326133500000,sz.002842,7.1600,7.1600,7.1400,7.1500,107800,771096.0000,3
2025-03-26,20250326134000000,sz.002842,7.1600,7.1600,7.1300,7.1300,186200,1330360.0000,3
2025-03-26,20250326134500000,sz.002842,7.1300,7.1400,7.1300,7.1300,68700,490240.0000,3
2025-03-26,20250326135000000,sz.002842,7.1300,7.1400,7.1200,7.1200,157300,1121280.0000,3
2025-03-26,20250326135500000,sz.002842,7.1200,7.1300,7.1200,7.1200,44800,319176.0000,3
2025-03-26,20250326140000000,sz.002842,7.1200,7.1200,7.1200,7.1200,21100,150232.0000,3
2025-03-26,20250326140500000,sz.002842,7.1200,7.1400,7.1200,7.1400,77700,553888.0000,3
2025-03-26,20250326141000000,sz.002842,7.1300,7.1400,7.1300,7.1400,102400,730880.0000,3
2025-03-26,20250326141500000,sz.002842,7.1300,7.1400,7.1300,7.1300,52600,375160.0000,3
2025-03-26,20250326142000000,sz.002842,7.1300,7.1400,7.1300,7.1400,160900,1148080.0000,3
2025-03-26,20250326142500000,sz.002842,7.1300,7.1400,7.1300,7.1300,73700,525656.0000,3
2025-03-26,20250326143000000,sz.002842,7.1300,7.1400,7.1300,7.1400,95900,684464.0000,3
2025-03-26,20250326143500000,sz.002842,7.1400,7.1700,7.1300,7.1500,275300,1966328.0000,3
2025-03-26,20250326144000000,sz.002842,7.1500,7.1500,7.1400,7.1400,62200,444696.0000,3
2025-03-26,20250326144500000,sz.002842,7.1500,7.1500,7.1300,7.1500,187200,1336360.0000,3
2025-03-26,20250326145000000,sz.002842,7.1500,7.1500,7.1300,7.1400,180300,1287448.0000,3
2025-03-26,20250326145500000,sz.002842,7.1400,7.1500,7.1300,7.1500,270700,1932080.0000,3
2025-03-26,20250326150000000,sz.002842,7.1500,7.1500,7.1300,7.1300,391000,2790752.0000,3
2025-03-27,20250327093500000,sz.002842,7.0100,7.0700,6.9000,6.9300,2774100,19375224.0000,3
2025-03-27,20250327094000000,sz.002842,6.9400,7.0900,6.9400,6.9800,1445500,10130314.0000,3
2025-03-27,20250327094500000,sz.002842,6.9800,7.0100,6.9400,6.9500,744900,5190634.0000,3
2025-03-27,20250327095000000,sz.002842,6.9500,7.0200,6.9100,6.9900,876200,6092852.0000,3
2025-03-27,20250327095500000,sz.002842,6.9900,6.9900,6.9200,6.9500,390300,2709788.0000,3
2025-03-27,20250327100000000,sz.002842,6.9400,6.9600,6.9300,6.9400,412400,2862632.0000,3
2025-03-27,20250327100500000,sz.002842,6.9500,6.9600,6.9300,6.9400,381400,2647164.0000,3
2025-03-27,20250327101000000,sz.002842,6.9500,6.9500,6.9300,6.9400,309900,2149516.0000,3
2025-03-27,20250327101500000,sz.002842,6.9400,6.9600,6.9300,6.9400,194000,1346884.0000,3
2025-03-27,20250327102000000,sz.002842,6.9400,6.9400,6.9100,6.9200,472400,3269984.0000,3
2025-03-27,20250327102500000,sz.002842,6.9200,6.9300,6.9100,6.9200,215600,1491584.0000,3
2025-03-27,20250327103000000,sz.002842,6.9200,6.9200,6.8900,6.9000,515800,3560096.0000,3
2025-03-27,20250327103500000,sz.002842,6.9000,6.9100,6.8900,6.9100,243500,1680316.0000,3
2025-03-27,20250327104000000,sz.002842,6.9000,6.9500,6.9000,6.9400,231800,1604108.0000,3
2025-03-27,20250327104500000,sz.002842,6.9400,6.9400,6.9200,6.9400,152400,1055996.0000,3
2025-03-27,20250327105000000,sz.002842,6.9300,6.9500,6.9300,6.9500,143500,994972.0000,3
2025-03-27,20250327105500000,sz.002842,6.9500,6.9600,6.9300,6.9400,135500,941012.0000,3
2025-03-27,20250327110000000,sz.002842,6.9400,6.9500,6.9300,6.9400,42600,295004.0000,3
2025-03-27,20250327110500000,sz.002842,6.9400,6.9400,6.9200,6.9300,136200,944120.0000,3
2025-03-27,20250327111000000,sz.002842,6.9400,6.9500,6.9300,6.9500,124000,859720.0000,3
2025-03-27,20250327111500000,sz.002842,6.9400,6.9400,6.9300,6.9400,78900,547520.0000,3
2025-03-27,20250327112000000,sz.002842,6.9300,6.9300,6.9100,6.9100,218700,1514192.0000,3
2025-03-27,20250327112500000,sz.002842,6.9200,6.9200,6.9100,6.9100,122300,845384.0000,3
2025-03-27,20250327113000000,sz.002842,6.9100,6.9100,6.8900,6.9000,283400,1955392.0000,3
2025-03-27,20250327130500000,sz.002842,6.9100,6.9100,6.9000,6.9000,152400,1052064.0000,3
2025-03-27,20250327131000000,sz.002842,6.9000,6.9000,6.8900,6.8900,118500,817368.0000,3
2025-03-27,20250327131500000,sz.002842,6.9000,6.9000,6.8900,6.8900,187300,1290384.0000,3
2025-03-27,20250327132000000,sz.002842,6.9000,6.9000,6.8800,6.8900,211000,1453472.0000,3
2025-03-27,20250327132500000,sz.002842,6.8900,6.8900,6.8800,6.8800,105100,723712.0000,3
2025-03-27,20250327133000000,sz.002842,6.8800,6.9000,6.8800,6.8900,165000,1136832.0000,3
2025-03-27,20250327133500000,sz.002842,6.8800,6.9000,6.8800,6.9000,108900,750416.0000,3
2025-03-27,20250327134000000,sz.002842,6.8900,6.9000,6.8800,6.8900,82000,564800.0000,3
2025-03-27,20250327134500000,sz.002842,6.8800,6.9000,6.8800,6.9000,78000,537728.0000,3
2025-03-27,20250327135000000,sz.002842,6.9000,6.9100,6.8900,6.9100,66700,459840.0000,3
2025-03-27,20250327135500000,sz.002842,6.9000,6.9100,6.8900,6.8900,174600,1204704.0000,3
2025-03-27,20250327140000000,sz.002842,6.8900,6.9000,6.8900,6.9000,111600,769544.0000,3
2025-03-27,20250327140500000,sz.002842,6.9000,6.9000,6.8800,6.8900,295900,2038104.0000,3
2025-03-27,20250327141000000,sz.002842,6.8900,6.9000,6.8900,6.8900,117800,812440.0000,3
2025-03-27,20250327141500000,sz.002842,6.8900,6.9000,6.8800,6.8900,117800,811528.0000,3
2025-03-27,20250327142000000,sz.002842,6.8800,6.9000,6.8800,6.9000,161400,1111920.0000,3
2025-03-27,20250327142500000,sz.002842,6.9000,6.9200,6.9000,6.9000,148000,1022472.0000,3
2025-03-27,20250327143000000,sz.002842,6.9000,6.9100,6.8900,6.8900,194200,1339120.0000,3
2025-03-27,20250327143500000,sz.002842,6.9100,6.9100,6.8900,6.9000,127500,880136.0000,3
2025-03-27,20250327144000000,sz.002842,6.8900,6.9000,6.8800,6.8900,264600,1822024.0000,3
2025-03-27,20250327144500000,sz.002842,6.8800,6.8900,6.8800,6.8900,165600,1140656.0000,3
2025-03-27,20250327145000000,sz.002842,6.8800,6.8900,6.8800,6.8900,204400,1407456.0000,3
2025-03-27,20250327145500000,sz.002842,6.8800,6.8900,6.8600,6.8700,672800,4624888.0000,3
2025-03-27,20250327150000000,sz.002842,6.8700,6.8700,6.8500,6.8500,533400,3655656.0000,3
2025-03-28,20250328093500000,sz.002842,6.7700,6.8400,6.7000,6.7400,1528900,10300859.0000,3
2025-03-28,20250328094000000,sz.002842,6.7400,6.8000,6.7100,6.8000,533900,3609101.0000,3
2025-03-28,20250328094500000,sz.002842,6.8000,6.8100,6.7600,6.7600,144300,976897.0000,3
2025-03-28,20250328095000000,sz.002842,6.7600,6.8100,6.7600,6.7800,471200,3196763.0000,3
2025-03-28,20250328095500000,sz.002842,6.7900,6.7900,6.7500,6.7500,160600,1086402.0000,3
2025-03-28,20250328100000000,sz.002842,6.7500,6.7600,6.7400,6.7400,156100,1053996.0000,3
2025-03-28,20250328100500000,sz.002842,6.7500,6.7600,6.7500,6.7500,192100,1297074.0000,3
2025-03-28,20250328101000000,sz.002842,6.7500,6.7800,6.7400,6.7500,212700,1437130.0000,3
2025-03-28,20250328101500000,sz.002842,6.7500,6.7800,6.7500,6.7700,100600,680424.0000,3
2025-03-28,20250328102000000,sz.002842,6.7700,6.7700,6.7500,6.7700,106900,722334.0000,3
2025-03-28,20250328102500000,sz.002842,6.7700,6.7700,6.7300,6.7400,211900,1429256.0000,3
2025-03-28,20250328103000000,sz.002842,6.7400,6.7500,6.7200,6.7300,181900,1225132.0000,3
2025-03-28,20250328103500000,sz.002842,6.7300,6.7400,6.7100,6.7100,352000,2364618.0000,3
2025-03-28,20250328104000000,sz.002842,6.7200,6.7300,6.7100,6.7300,278400,1868540.0000,3
2025-03-28,20250328104500000,sz.002842,6.7200,6.7300,6.7100,6.7300,169000,1135858.0000,3
2025-03-28,20250328105000000,sz.002842,6.7300,6.7300,6.7200,6.7300,51100,343736.0000,3
2025-03-28,20250328105500000,sz.002842,6.7300,6.7300,6.7200,6.7300,128900,866376.0000,3
2025-03-28,20250328110000000,sz.002842,6.7400,6.7500,6.7300,6.7500,41600,280368.0000,3
2025-03-28,20250328110500000,sz.002842,6.7500,6.7500,6.7400,6.7400,68400,461172.0000,3
2025-03-28,20250328111000000,sz.002842,6.7400,6.7500,6.7400,6.7400,32200,217044.0000,3
2025-03-28,20250328111500000,sz.002842,6.7400,6.7400,6.7200,6.7400,107300,722272.0000,3
2025-03-28,20250328112000000,sz.002842,6.7400,6.7400,6.7100,6.7100,100900,678440.0000,3
2025-03-28,20250328112500000,sz.002842,6.7200,6.7300,6.7200,6.7300,77100,518380.0000,3
2025-03-28,20250328113000000,sz.002842,6.7200,6.7300,6.7200,6.7200,31000,208332.0000,3
2025-03-28,20250328130500000,sz.002842,6.7200,6.7200,6.7100,6.7200,64400,432628.0000,3
2025-03-28,20250328131000000,sz.002842,6.7200,6.7200,6.7100,6.7100,24200,162528.0000,3
2025-03-28,20250328131500000,sz.002842,6.7200,6.7200,6.7100,6.7100,150200,1008408.0000,3
2025-03-28,20250328132000000,sz.002842,6.7000,6.7100,6.6900,6.6900,419900,2812836.0000,3
2025-03-28,20250328132500000,sz.002842,6.6900,6.7000,6.6800,6.6800,143700,960840.0000,3
2025-03-28,20250328133000000,sz.002842,6.6800,6.6800,6.6700,6.6700,204000,1361576.0000,3
2025-03-28,20250328133500000,sz.002842,6.6700,6.6800,6.6600,6.6700,229400,1529400.0000,3
2025-03-28,20250328134000000,sz.002842,6.6700,6.6800,6.6700,6.6800,63000,420716.0000,3
2025-03-28,20250328134500000,sz.002842,6.6800,6.7000,6.6800,6.7000,69900,467772.0000,3
2025-03-28,20250328135000000,sz.002842,6.6900,6.7100,6.6900,6.7100,104700,701420.0000,3
2025-03-28,20250328135500000,sz.002842,6.7200,6.7200,6.6900,6.6900,61500,412336.0000,3
2025-03-28,20250328140000000,sz.002842,6.7000,6.7100,6.7000,6.7000,73800,494644.0000,3
2025-03-28,20250328140500000,sz.002842,6.7000,6.7300,6.6900,6.7200,210600,1413408.0000,3
2025-03-28,20250328141000000,sz.002842,6.7200,6.7200,6.7100,6.7100,42000,282220.0000,3
2025-03-28,20250328141500000,sz.002842,6.7100,6.7200,6.7000,6.7000,123100,825164.0000,3
2025-03-28,20250328142000000,sz.002842,6.7000,6.7200,6.7000,6.7200,197700,1327536.0000,3
2025-03-28,20250328142500000,sz.002842,6.7200,6.7400,6.7200,6.7400,66700,448868.0000,3
2025-03-28,20250328143000000,sz.002842,6.7400,6.7500,6.7300,6.7500,145700,981940.0000,3
2025-03-28,20250328143500000,sz.002842,6.7500,6.7800,6.7300,6.7300,240400,1624968.0000,3
2025-03-28,20250328144000000,sz.002842,6.7300,6.7500,6.7300,6.7400,69100,465824.0000,3
2025-03-28,20250328144500000,sz.002842,6.7400,6.7400,6.7200,6.7200,72800,489696.0000,3
2025-03-28,20250328145000000,sz.002842,6.7200,6.7300,6.7100,6.7100,115000,772556.0000,3
2025-03-28,20250328145500000,sz.002842,6.7200,6.7200,6.7000,6.7100,251500,1688124.0000,3
2025-03-28,20250328150000000,sz.002842,6.7100,6.7200,6.6800,6.6800,397100,2657320.0000,3
2025-03-31,20250331093500000,sz.002842,6.6300,6.6500,6.5800,6.6400,802600,5310796.0000,3
2025-03-31,20250331094000000,sz.002842,6.6300,6.6500,6.6100,6.6300,216200,1433127.0000,3
2025-03-31,20250331094500000,sz.002842,6.6400,6.6600,6.6200,6.6500,185100,1229257.0000,3
2025-03-31,20250331095000000,sz.002842,6.6600,6.6800,6.6400,6.6600,222800,1484531.0000,3
2025-03-31,20250331095500000,sz.002842,6.6400,6.6900,6.6400,6.6900,315400,2101065.0000,3
2025-03-31,20250331100000000,sz.002842,6.6800,6.6900,6.6600,6.6600,488500,3258137.0000,3
2025-03-31,20250331100500000,sz.002842,6.6600,6.6700,6.6500,6.6500,156600,1041741.0000,3
2025-03-31,20250331101000000,sz.002842,6.6500,6.6600,6.6200,6.6300,346400,2298666.0000,3
2025-03-31,20250331101500000,sz.002842,6.6300,6.6300,6.5900,6.6000,387700,2562308.0000,3
2025-03-31,20250331102000000,sz.002842,6.6000,6.6000,6.5600,6.5700,315200,2070948.0000,3
2025-03-31,20250331102500000,sz.002842,6.5700,6.5700,6.5500,6.5600,216900,1422914.0000,3
2025-03-31,20250331103000000,sz.002842,6.5600,6.5600,6.5300,6.5300,324000,2120830.0000,3
2025-03-31,20250331103500000,sz.002842,6.5300,6.5500,6.5300,6.5400,115900,758100.0000,3
2025-03-31,20250331104000000,sz.002842,6.5400,6.5500,6.5300,6.5400,64200,419778.0000,3
2025-03-31,20250331104500000,sz.002842,6.5400,6.5500,6.5400,6.5500,34800,227694.0000,3
2025-03-31,20250331105000000,sz.002842,6.5500,6.5500,6.5400,6.5400,92900,608270.0000,3
2025-03-31,20250331105500000,sz.002842,6.5400,6.5500,6.5400,6.5400,112100,733632.0000,3
2025-03-31,20250331110000000,sz.002842,6.5400,6.5500,6.5400,6.5500,82000,536660.0000,3
2025-03-31,20250331110500000,sz.002842,6.5400,6.5500,6.5300,6.5300,342700,2240324.0000,3
2025-03-31,20250331111000000,sz.002842,6.5300,6.5400,6.5300,6.5300,28400,185482.0000,3
2025-03-31,20250331111500000,sz.002842,6.5300,6.5400,6.5100,6.5200,206700,1347296.0000,3
2025-03-31,20250331112000000,sz.002842,6.5200,6.5400,6.5200,6.5300,149300,974764.0000,3
2025-03-31,20250331112500000,sz.002842,6.5400,6.5400,6.5100,6.5100,68200,445040.0000,3
2025-03-31,20250331113000000,sz.002842,6.5200,6.5200,6.5000,6.5100,125100,813708.0000,3
2025-03-31,20250331130500000,sz.002842,6.5000,6.5700,6.4900,6.5700,394900,2575860.0000,3
2025-03-31,20250331131000000,sz.002842,6.5600,6.5700,6.5500,6.5700,72800,477512.0000,3
2025-03-31,20250331131500000,sz.002842,6.5700,6.5900,6.5600,6.5800,76000,499824.0000,3
2025-03-31,20250331132000000,sz.002842,6.5800,6.6000,6.5700,6.5700,40900,269228.0000,3
2025-03-31,20250331132500000,sz.002842,6.5600,6.5800,6.5600,6.5800,62500,410336.0000,3
2025-03-31,20250331133000000,sz.002842,6.5800,6.5800,6.5700,6.5800,9500,62428.0000,3
2025-03-31,20250331133500000,sz.002842,6.5800,6.5900,6.5600,6.5800,57300,376368.0000,3
2025-03-31,20250331134000000,sz.002842,6.5700,6.5900,6.5700,6.5800,14700,96716.0000,3
2025-03-31,20250331134500000,sz.002842,6.5900,6.5900,6.5800,6.5800,12300,80932.0000,3
2025-03-31,20250331135000000,sz.002842,6.5800,6.5900,6.5700,6.5800,89000,586020.0000,3
2025-03-31,20250331135500000,sz.002842,6.5800,6.5900,6.5700,6.5700,45500,299432.0000,3
2025-03-31,20250331140000000,sz.002842,6.5700,6.5800,6.5700,6.5800,28100,184688.0000,3
2025-03-31,20250331140500000,sz.002842,6.5800,6.5900,6.5600,6.5900,118000,775804.0000,3
2025-03-31,20250331141000000,sz.002842,6.5900,6.6000,6.5900,6.6000,39800,262288.0000,3
2025-03-31,20250331141500000,sz.002842,6.6000,6.6400,6.5900,6.6200,205500,1359476.0000,3
2025-03-31,20250331142000000,sz.002842,6.6300,6.6500,6.6300,6.6500,141700,941848.0000,3
2025-03-31,20250331142500000,sz.002842,6.6400,6.6500,6.6300,6.6500,120700,801780.0000,3
2025-03-31,20250331143000000,sz.002842,6.6500,6.6600,6.6200,6.6200,143400,950768.0000,3
2025-03-31,20250331143500000,sz.002842,6.6200,6.6500,6.6200,6.6500,47200,313264.0000,3
2025-03-31,20250331144000000,sz.002842,6.6400,6.6500,6.6400,6.6500,98300,652972.0000,3
2025-03-31,20250331144500000,sz.002842,6.6400,6.6500,6.6300,6.6300,125200,831236.0000,3
2025-03-31,20250331145000000,sz.002842,6.6400,6.6500,6.6300,6.6300,74800,496528.0000,3
2025-03-31,20250331145500000,sz.002842,6.6300,6.6400,6.6100,6.6200,144200,954980.0000,3
2025-03-31,20250331150000000,sz.002842,6.6100,6.6200,6.6000,6.6000,174000,1148876.0000,3
2025-04-01,20250401093500000,sz.002842,6.6600,6.7100,6.6200,6.7100,572900,3817499.0000,3
2025-04-01,20250401094000000,sz.002842,6.7100,6.7100,6.6700,6.6700,259900,1735466.0000,3
2025-04-01,20250401094500000,sz.002842,6.6600,6.6800,6.6500,6.6600,173100,1152594.0000,3
2025-04-01,20250401095000000,sz.002842,6.6600,6.6600,6.6300,6.6400,194300,1291832.0000,3
2025-04-01,20250401095500000,sz.002842,6.6400,6.6500,6.6300,6.6500,175400,1165544.0000,3
2025-04-01,20250401100000000,sz.002842,6.6500,6.6600,6.6300,6.6600,98100,652455.0000,3
2025-04-01,20250401100500000,sz.002842,6.6500,6.6600,6.6400,6.6600,76600,509738.0000,3
2025-04-01,20250401101000000,sz.002842,6.6600,6.6800,6.6600,6.6700,119800,798693.0000,3
2025-04-01,20250401101500000,sz.002842,6.6700,6.7000,6.6600,6.7000,260700,1743384.0000,3
2025-04-01,20250401102000000,sz.002842,6.6900,6.7000,6.6900,6.7000,64600,432034.0000,3
2025-04-01,20250401102500000,sz.002842,6.7000,6.7200,6.6900,6.7200,246600,1653268.0000,3
2025-04-01,20250401103000000,sz.002842,6.7100,6.7200,6.7000,6.7000,62300,418063.0000,3
2025-04-01,20250401103500000,sz.002842,6.7000,6.7200,6.7000,6.7100,280200,1880518.0000,3
2025-04-01,20250401104000000,sz.002842,6.7200,6.7300,6.7100,6.7300,133200,895426.0000,3
2025-04-01,20250401104500000,sz.002842,6.7300,6.7300,6.7100,6.7100,90800,609978.0000,3
2025-04-01,20250401105000000,sz.002842,6.7200,6.7200,6.7100,6.7100,45200,303698.0000,3
2025-04-01,20250401105500000,sz.002842,6.7100,6.7100,6.7000,6.7100,78900,529054.0000,3
2025-04-01,20250401110000000,sz.002842,6.7100,6.7100,6.7000,6.7000,95700,641712.0000,3
2025-04-01,20250401110500000,sz.002842,6.7000,6.7400,6.7000,6.7400,189900,1276894.0000,3
2025-04-01,20250401111000000,sz.002842,6.7400,6.7600,6.7200,6.7400,425700,2866956.0000,3
2025-04-01,20250401111500000,sz.002842,6.7400,6.7700,6.7300,6.7600,351200,2370762.0000,3
2025-04-01,20250401112000000,sz.002842,6.7600,6.7700,6.7500,6.7600,114900,776416.0000,3
2025-04-01,20250401112500000,sz.002842,6.7600,6.7800,6.7600,6.7700,238700,1616180.0000,3
2025-04-01,20250401113000000,sz.002842,6.7800,6.8300,6.7700,6.8000,480700,3268538.0000,3
2025-04-01,20250401130500000,sz.002842,6.8000,6.8300,6.7900,6.8100,468600,3189586.0000,3
2025-04-01,20250401131000000,sz.002842,6.8000,6.8100,6.7900,6.8000,594900,4043440.0000,3
2025-04-01,20250401131500000,sz.002842,6.7900,6.8100,6.7900,6.8000,189600,1288648.0000,3
2025-04-01,20250401132000000,sz.002842,6.8000,6.8500,6.7900,6.8000,451500,3081460.0000,3
2025-04-01,20250401132500000,sz.002842,6.8100,6.8500,6.7900,6.8300,212600,1448540.0000,3
2025-04-01,20250401133000000,sz.002842,6.8300,6.8300,6.8000,6.8200,93000,634096.0000,3
2025-04-01,20250401133500000,sz.002842,6.8200,6.8300,6.8200,6.8200,143400,978284.0000,3
2025-04-01,20250401134000000,sz.002842,6.8200,6.8300,6.8100,6.8200,245100,1671140.0000,3
2025-04-01,20250401134500000,sz.002842,6.8200,6.8400,6.8100,6.8100,226300,1545336.0000,3
2025-04-01,20250401135000000,sz.002842,6.8200,6.8600,6.8200,6.8400,256500,1754912.0000,3
2025-04-01,20250401135500000,sz.002842,6.8500,6.8700,6.8400,6.8400,240500,1648000.0000,3
2025-04-01,20250401140000000,sz.002842,6.8500,6.8700,6.8400,6.8700,174600,1195784.0000,3
2025-04-01,20250401140500000,sz.002842,6.8600,6.9500,6.8600,6.9000,966300,6668680.0000,3
2025-04-01,20250401141000000,sz.002842,6.9000,6.9300,6.8800,6.9300,252100,1740956.0000,3
2025-04-01,20250401141500000,sz.002842,6.9300,6.9500,6.9100,6.9500,407400,2824744.0000,3
2025-04-01,20250401142000000,sz.002842,6.9600,6.9700,6.9400,6.9500,488500,3398532.0000,3
2025-04-01,20250401142500000,sz.002842,6.9600,6.9600,6.9400,6.9400,205700,1430000.0000,3
2025-04-01,20250401143000000,sz.002842,6.9500,6.9600,6.9400,6.9500,281500,1956400.0000,3
2025-04-01,20250401143500000,sz.002842,6.9500,6.9800,6.9500,6.9700,509400,3548936.0000,3
2025-04-01,20250401144000000,sz.002842,6.9700,6.9800,6.9600,6.9700,250000,1742880.0000,3
2025-04-01,20250401144500000,sz.002842,6.9700,6.9900,6.9700,6.9800,500100,3491176.0000,3
2025-04-01,20250401145000000,sz.002842,6.9700,6.9900,6.9600,6.9800,355500,2479824.0000,3
2025-04-01,20250401145500000,sz.002842,6.9800,6.9900,6.9700,6.9800,456800,3187592.0000,3
2025-04-01,20250401150000000,sz.002842,6.9800,6.9800,6.9700,6.9800,647900,4519808.0000,3
2025-04-02,20250402093500000,sz.002842,6.9000,6.9500,6.9000,6.9200,488100,3377879.0000,3
2025-04-02,20250402094000000,sz.002842,6.9200,7.0100,6.9100,6.9600,512400,3565633.0000,3
2025-04-02,20250402094500000,sz.002842,6.9600,7.0100,6.9500,7.0100,309400,2157533.0000,3
2025-04-02,20250402095000000,sz.002842,7.0100,7.0500,6.9900,7.0300,333700,2342365.0000,3
2025-04-02,20250402095500000,sz.002842,7.0300,7.1000,7.0200,7.0700,733300,5186685.0000,3
2025-04-02,20250402100000000,sz.002842,7.0800,7.0900,7.0600,7.0800,235000,1663337.0000,3
2025-04-02,20250402100500000,sz.002842,7.0900,7.0900,7.0600,7.0600,216100,1528702.0000,3
2025-04-02,20250402101000000,sz.002842,7.0600,7.0600,7.0400,7.0400,144900,1022000.0000,3
2025-04-02,20250402101500000,sz.002842,7.0400,7.0500,7.0200,7.0200,186400,1309662.0000,3
2025-04-02,20250402102000000,sz.002842,7.0200,7.0500,7.0100,7.0500,214900,1511204.0000,3
2025-04-02,20250402102500000,sz.002842,7.0500,7.1700,7.0400,7.1100,1008700,7173492.0000,3
2025-04-02,20250402103000000,sz.002842,7.1100,7.1700,7.1000,7.1400,691700,4935124.0000,3
2025-04-02,20250402103500000,sz.002842,7.1500,7.1900,7.1300,7.1400,662400,4741660.0000,3
2025-04-02,20250402104000000,sz.002842,7.1500,7.2400,7.1400,7.2200,1200200,8634080.0000,3
2025-04-02,20250402104500000,sz.002842,7.2300,7.2700,7.2000,7.2600,942400,6816484.0000,3
2025-04-02,20250402105000000,sz.002842,7.2700,7.3500,7.2500,7.3100,1915700,13989392.0000,3
2025-04-02,20250402105500000,sz.002842,7.3100,7.4300,7.2900,7.4200,1767100,12974008.0000,3
2025-04-02,20250402110000000,sz.002842,7.4200,7.5000,7.3800,7.3800,1992600,14847288.0000,3
2025-04-02,20250402110500000,sz.002842,7.3800,7.4700,7.3000,7.4700,1004500,7409952.0000,3
2025-04-02,20250402111000000,sz.002842,7.4700,7.5000,7.3700,7.3800,1052600,7857976.0000,3
2025-04-02,20250402111500000,sz.002842,7.3900,7.4900,7.3800,7.4100,1096400,8179280.0000,3
2025-04-02,20250402112000000,sz.002842,7.4100,7.4100,7.3300,7.3300,576200,4246120.0000,3
2025-04-02,20250402112500000,sz.002842,7.3400,7.3800,7.3300,7.3600,446200,3281728.0000,3
2025-04-02,20250402113000000,sz.002842,7.3700,7.3700,7.3400,7.3500,120700,888040.0000,3
2025-04-02,20250402130500000,sz.002842,7.3400,7.3400,7.2700,7.2900,330700,2415520.0000,3
2025-04-02,20250402131000000,sz.002842,7.3000,7.3000,7.2500,7.2600,215100,1565440.0000,3
2025-04-02,20250402131500000,sz.002842,7.2500,7.2900,7.2500,7.2500,742700,5392760.0000,3
2025-04-02,20250402132000000,sz.002842,7.2500,7.2600,7.2400,7.2500,490600,3556608.0000,3
2025-04-02,20250402132500000,sz.002842,7.2400,7.2500,7.2100,7.2300,362100,2615136.0000,3
2025-04-02,20250402133000000,sz.002842,7.2300,7.3000,7.2100,7.2300,231800,1678192.0000,3
2025-04-02,20250402133500000,sz.002842,7.2300,7.2400,7.1900,7.1900,252100,1818000.0000,3
2025-04-02,20250402134000000,sz.002842,7.2000,7.2000,7.1800,7.1900,385200,2768000.0000,3
2025-04-02,20250402134500000,sz.002842,7.1900,7.2500,7.1800,7.2400,159400,1148064.0000,3
2025-04-02,20250402135000000,sz.002842,7.2300,7.2400,7.2100,7.2300,162900,1176848.0000,3
2025-04-02,20250402135500000,sz.002842,7.2300,7.3500,7.2200,7.3100,290300,2113456.0000,3
2025-04-02,20250402140000000,sz.002842,7.2900,7.3400,7.2700,7.3400,164100,1197408.0000,3
2025-04-02,20250402140500000,sz.002842,7.3100,7.3800,7.3000,7.3100,512300,3757936.0000,3
2025-04-02,20250402141000000,sz.002842,7.3100,7.3100,7.2800,7.2800,359600,2620576.0000,3
2025-04-02,20250402141500000,sz.002842,7.2900,7.2900,7.2400,7.2600,135700,985184.0000,3
2025-04-02,20250402142000000,sz.002842,7.2600,7.3000,7.2400,7.2900,171800,1251216.0000,3
2025-04-02,20250402142500000,sz.002842,7.2900,7.3000,7.2700,7.2800,79300,577632.0000,3
2025-04-02,20250402143000000,sz.002842,7.2800,7.2900,7.2600,7.2700,198500,1445376.0000,3
2025-04-02,20250402143500000,sz.002842,7.2800,7.3000,7.2800,7.2800,119100,867904.0000,3
2025-04-02,20250402144000000,sz.002842,7.2800,7.2800,7.2400,7.2600,231400,1678736.0000,3
2025-04-02,20250402144500000,sz.002842,7.2500,7.2700,7.2500,7.2600,125600,912224.0000,3
2025-04-02,20250402145000000,sz.002842,7.2700,7.2900,7.2600,7.2700,221800,1612336.0000,3
2025-04-02,20250402145500000,sz.002842,7.2700,7.2900,7.2500,7.2600,441400,3204032.0000,3
2025-04-02,20250402150000000,sz.002842,7.2600,7.2700,7.2500,7.2500,411500,2984688.0000,3
2025-04-03,20250403093500000,sz.002842,7.3800,7.4000,7.2200,7.2500,2306400,16880332.0000,3
2025-04-03,20250403094000000,sz.002842,7.2400,7.3300,7.2300,7.2600,681000,4955020.0000,3
2025-04-03,20250403094500000,sz.002842,7.2600,7.2900,7.2500,7.2700,314800,2287838.0000,3
2025-04-03,20250403095000000,sz.002842,7.2700,7.2800,7.2500,7.2600,335700,2437536.0000,3
2025-04-03,20250403095500000,sz.002842,7.2600,7.2600,7.1800,7.1800,929000,6694618.0000,3
2025-04-03,20250403100000000,sz.002842,7.1800,7.2600,7.1800,7.2600,319700,2307452.0000,3
2025-04-03,20250403100500000,sz.002842,7.2500,7.3200,7.2300,7.2900,518100,3777692.0000,3
2025-04-03,20250403101000000,sz.002842,7.2900,7.2900,7.2300,7.2400,141300,1025936.0000,3
2025-04-03,20250403101500000,sz.002842,7.2400,7.2400,7.2100,7.2300,301900,2179080.0000,3
2025-04-03,20250403102000000,sz.002842,7.2300,7.2600,7.2100,7.2600,115300,833248.0000,3
2025-04-03,20250403102500000,sz.002842,7.2600,7.2800,7.2300,7.2300,233200,1691604.0000,3
2025-04-03,20250403103000000,sz.002842,7.2200,7.2500,7.2200,7.2400,36400,263276.0000,3
2025-04-03,20250403103500000,sz.002842,7.2400,7.2400,7.2300,7.2300,77300,559156.0000,3
2025-04-03,20250403104000000,sz.002842,7.2300,7.2400,7.2200,7.2200,260400,1878096.0000,3
2025-04-03,20250403104500000,sz.002842,7.2100,7.2200,7.2000,7.2100,69000,497260.0000,3
2025-04-03,20250403105000000,sz.002842,7.2100,7.2100,7.2000,7.2000,105200,758488.0000,3
2025-04-03,20250403105500000,sz.002842,7.2000,7.2000,7.1800,7.1900,309400,2225860.0000,3
2025-04-03,20250403110000000,sz.002842,7.1800,7.1900,7.1700,7.1800,172800,1240620.0000,3
2025-04-03,20250403110500000,sz.002842,7.1800,7.1900,7.1600,7.1600,157700,1131696.0000,3
2025-04-03,20250403111000000,sz.002842,7.1600,7.1800,7.1600,7.1700,193300,1385008.0000,3
2025-04-03,20250403111500000,sz.002842,7.1900,7.2000,7.1800,7.1900,61600,442784.0000,3
2025-04-03,20250403112000000,sz.002842,7.1900,7.2000,7.1800,7.1900,141200,1014732.0000,3
2025-04-03,20250403112500000,sz.002842,7.2200,7.2400,7.2000,7.2000,153900,1109732.0000,3
2025-04-03,20250403113000000,sz.002842,7.1900,7.2000,7.1700,7.1800,116900,839592.0000,3
2025-04-03,20250403130500000,sz.002842,7.1800,7.2200,7.1800,7.1900,84100,605492.0000,3
2025-04-03,20250403131000000,sz.002842,7.1900,7.1900,7.1600,7.1700,181700,1303372.0000,3
2025-04-03,20250403131500000,sz.002842,7.1700,7.1800,7.1600,7.1800,87200,625576.0000,3
2025-04-03,20250403132000000,sz.002842,7.1700,7.1800,7.1600,7.1700,147200,1054884.0000,3
2025-04-03,20250403132500000,sz.002842,7.1800,7.1900,7.1700,7.1800,135000,970032.0000,3
2025-04-03,20250403133000000,sz.002842,7.1700,7.1900,7.1700,7.1800,49700,356868.0000,3
2025-04-03,20250403133500000,sz.002842,7.1800,7.1900,7.1600,7.1800,98900,709660.0000,3
2025-04-03,20250403134000000,sz.002842,7.1800,7.1800,7.1700,7.1800,66400,476464.0000,3
2025-04-03,20250403134500000,sz.002842,7.1800,7.1800,7.1400,7.1500,287000,2053792.0000,3
2025-04-03,20250403135000000,sz.002842,7.1600,7.1800,7.1400,7.1800,129400,925932.0000,3
2025-04-03,20250403135500000,sz.002842,7.1800,7.1900,7.1700,7.1800,94000,675048.0000,3
2025-04-03,20250403140000000,sz.002842,7.1900,7.1900,7.1700,7.1800,106900,766808.0000,3
2025-04-03,20250403140500000,sz.002842,7.1800,7.2000,7.1800,7.1900,90000,646824.0000,3
2025-04-03,20250403141000000,sz.002842,7.1900,7.2100,7.1900,7.2000,97000,698360.0000,3
2025-04-03,20250403141500000,sz.002842,7.2000,7.2000,7.1700,7.1700,79000,567568.0000,3
2025-04-03,20250403142000000,sz.002842,7.1800,7.1800,7.1600,7.1700,83400,598024.0000,3
2025-04-03,20250403142500000,sz.002842,7.1600,7.1800,7.1600,7.1600,83100,595536.0000,3
2025-04-03,20250403143000000,sz.002842,7.1600,7.1800,7.1500,7.1800,158900,1138320.0000,3
2025-04-03,20250403143500000,sz.002842,7.1800,7.1900,7.1600,7.1700,134900,968224.0000,3
2025-04-03,20250403144000000,sz.002842,7.1800,7.1800,7.1500,7.1600,217500,1559440.0000,3
2025-04-03,20250403144500000,sz.002842,7.1600,7.1600,7.1500,7.1600,213700,1527968.0000,3
2025-04-03,20250403145000000,sz.002842,7.1500,7.1600,7.1400,7.1500,166000,1187208.0000,3
2025-04-03,20250403145500000,sz.002842,7.1500,7.1700,7.1400,7.1600,299700,2143672.0000,3
2025-04-03,20250403150000000,sz.002842,7.1600,7.2000,7.1500,7.2000,293500,2108944.0000,3
2025-04-07,20250407093500000,sz.002842,6.7800,6.7800,6.5600,6.6500,1855800,12413079.0000,3
2025-04-07,20250407094000000,sz.002842,6.6600,6.6600,6.4800,6.4800,1660600,10831789.0000,3
2025-04-07,20250407094500000,sz.002842,6.4800,6.4800,6.4800,6.4800,456900,2960712.0000,3
2025-04-07,20250407095000000,sz.002842,6.4800,6.4800,6.4800,6.4800,184400,1194912.0000,3
2025-04-07,20250407095500000,sz.002842,6.4800,6.4800,6.4800,6.4800,209500,1357560.0000,3
2025-04-07,20250407100000000,sz.002842,6.4800,6.4800,6.4800,6.4800,136500,884520.0000,3
2025-04-07,20250407100500000,sz.002842,6.4800,6.4800,6.4800,6.4800,97700,633096.0000,3
2025-04-07,20250407101000000,sz.002842,6.4800,6.4800,6.4800,6.4800,120900,783432.0000,3
2025-04-07,20250407101500000,sz.002842,6.4800,6.4800,6.4800,6.4800,16300,105624.0000,3
2025-04-07,20250407102000000,sz.002842,6.4800,6.4800,6.4800,6.4800,38600,250128.0000,3
2025-04-07,20250407102500000,sz.002842,6.4800,6.4800,6.4800,6.4800,44500,288360.0000,3
2025-04-07,20250407103000000,sz.002842,6.4800,6.4800,6.4800,6.4800,55000,356400.0000,3
2025-04-07,20250407103500000,sz.002842,6.4800,6.4800,6.4800,6.4800,29800,193104.0000,3
2025-04-07,20250407104000000,sz.002842,6.4800,6.4800,6.4800,6.4800,19400,125712.0000,3
2025-04-07,20250407104500000,sz.002842,6.4800,6.4800,6.4800,6.4800,20300,131544.0000,3
2025-04-07,20250407105000000,sz.002842,6.4800,6.5000,6.4800,6.4900,642200,4162396.0000,3
2025-04-07,20250407105500000,sz.002842,6.4800,6.4900,6.4800,6.4900,352300,2284076.0000,3
2025-04-07,20250407110000000,sz.002842,6.4800,6.4900,6.4800,6.4800,120100,778424.0000,3
2025-04-07,20250407110500000,sz.002842,6.4800,6.4800,6.4800,6.4800,30200,195696.0000,3
2025-04-07,20250407111000000,sz.002842,6.4800,6.4800,6.4800,6.4800,21000,136080.0000,3
2025-04-07,20250407111500000,sz.002842,6.4800,6.4800,6.4800,6.4800,14300,92664.0000,3
2025-04-07,20250407112000000,sz.002842,6.4800,6.4800,6.4800,6.4800,5600,36288.0000,3
2025-04-07,20250407112500000,sz.002842,6.4800,6.4800,6.4800,6.4800,36900,239112.0000,3
2025-04-07,20250407113000000,sz.002842,6.4800,6.4800,6.4800,6.4800,90600,587088.0000,3
2025-04-07,20250407130500000,sz.002842,6.4800,6.4800,6.4800,6.4800,97900,634392.0000,3
2025-04-07,20250407131000000,sz.002842,6.4800,6.4800,6.4800,6.4800,8900,57672.0000,3
2025-04-07,20250407131500000,sz.002842,6.4800,6.4800,6.4800,6.4800,3000,19440.0000,3
2025-04-07,20250407132000000,sz.002842,6.4800,6.4800,6.4800,6.4800,2100,13608.0000,3
2025-04-07,20250407132500000,sz.002842,6.4800,6.4800,6.4800,6.4800,3600,23328.0000,3
2025-04-07,20250407133000000,sz.002842,6.4800,6.4800,6.4800,6.4800,27000,174960.0000,3
2025-04-07,20250407133500000,sz.002842,6.4800,6.4800,6.4800,6.4800,3300,21384.0000,3
2025-04-07,20250407134000000,sz.002842,6.4800,6.4800,6.4800,6.4800,8800,57024.0000,3
2025-04-07,20250407134500000,sz.002842,6.4800,6.4800,6.4800,6.4800,300,1944.0000,3
2025-04-07,20250407135000000,sz.002842,6.4800,6.4800,6.4800,6.4800,2000,12960.0000,3
2025-04-07,20250407135500000,sz.002842,6.4800,6.4800,6.4800,6.4800,300,1944.0000,3
2025-04-07,20250407140000000,sz.002842,6.4800,6.4800,6.4800,6.4800,800,5184.0000,3
2025-04-07,20250407140500000,sz.002842,6.4800,6.4800,6.4800,6.4800,5000,32400.0000,3
2025-04-07,20250407141000000,sz.002842,6.4800,6.4800,6.4800,6.4800,0,0.0000,3
2025-04-07,20250407141500000,sz.002842,6.4800,6.4800,6.4800,6.4800,6600,42768.0000,3
2025-04-07,20250407142000000,sz.002842,6.4800,6.4800,6.4800,6.4800,5000,32400.0000,3
2025-04-07,20250407142500000,sz.002842,6.4800,6.4800,6.4800,6.4800,4800,31104.0000,3
2025-04-07,20250407143000000,sz.002842,6.4800,6.4800,6.4800,6.4800,23800,154224.0000,3
2025-04-07,20250407143500000,sz.002842,6.4800,6.4800,6.4800,6.4800,3200,20736.0000,3
2025-04-07,20250407144000000,sz.002842,6.4800,6.4800,6.4800,6.4800,10000,64800.0000,3
2025-04-07,20250407144500000,sz.002842,6.4800,6.4800,6.4800,6.4800,31600,204768.0000,3
2025-04-07,20250407145000000,sz.002842,6.4800,6.4800,6.4800,6.4800,800,5184.0000,3
2025-04-07,20250407145500000,sz.002842,6.4800,6.4800,6.4800,6.4800,43100,279288.0000,3
2025-04-07,20250407150000000,sz.002842,6.4800,6.4800,6.4800,6.4800,7500,48600.0000,3
2025-04-08,20250408093500000,sz.002842,6.4000,6.4000,6.1800,6.2600,1755600,11005078.0000,3
2025-04-08,20250408094000000,sz.002842,6.2600,6.3600,6.2600,6.3200,908500,5745750.0000,3
2025-04-08,20250408094500000,sz.002842,6.3200,6.3200,6.2500,6.2500,733400,4610750.0000,3
2025-04-08,20250408095000000,sz.002842,6.2500,6.2500,6.2000,6.2100,701300,4361474.0000,3
2025-04-08,20250408095500000,sz.002842,6.2100,6.2100,6.0800,6.1000,826100,5065068.0000,3
2025-04-08,20250408100000000,sz.002842,6.1200,6.1700,6.1100,6.1700,511400,3136024.0000,3
2025-04-08,20250408100500000,sz.002842,6.1600,6.1800,6.1500,6.1700,411900,2540612.0000,3
2025-04-08,20250408101000000,sz.002842,6.1700,6.2200,6.1600,6.2200,228600,1413252.0000,3
2025-04-08,20250408101500000,sz.002842,6.2100,6.2600,6.2000,6.2400,184200,1147964.0000,3
2025-04-08,20250408102000000,sz.002842,6.2400,6.2400,6.2200,6.2300,189100,1177460.0000,3
2025-04-08,20250408102500000,sz.002842,6.2300,6.2300,6.2000,6.2000,92800,576452.0000,3
2025-04-08,20250408103000000,sz.002842,6.2000,6.2100,6.1900,6.2100,180900,1121740.0000,3
2025-04-08,20250408103500000,sz.002842,6.2100,6.2700,6.1900,6.2600,166000,1034180.0000,3
2025-04-08,20250408104000000,sz.002842,6.2600,6.3000,6.2500,6.2800,663200,4158372.0000,3
2025-04-08,20250408104500000,sz.002842,6.2800,6.2800,6.2500,6.2500,131100,819696.0000,3
2025-04-08,20250408105000000,sz.002842,6.2600,6.2600,6.2200,6.2400,169400,1057976.0000,3
2025-04-08,20250408105500000,sz.002842,6.2400,6.2400,6.2200,6.2300,25500,158920.0000,3
2025-04-08,20250408110000000,sz.002842,6.2200,6.2300,6.2100,6.2100,49400,307396.0000,3
2025-04-08,20250408110500000,sz.002842,6.2200,6.2400,6.2200,6.2200,78600,488968.0000,3
2025-04-08,20250408111000000,sz.002842,6.2200,6.2200,6.1900,6.2000,162400,1008268.0000,3
2025-04-08,20250408111500000,sz.002842,6.2000,6.2000,6.1800,6.1800,96400,596344.0000,3
2025-04-08,20250408112000000,sz.002842,6.1800,6.2300,6.1800,6.2200,68200,423152.0000,3
2025-04-08,20250408112500000,sz.002842,6.2200,6.2300,6.2100,6.2200,95000,590880.0000,3
2025-04-08,20250408113000000,sz.002842,6.2200,6.2300,6.2100,6.2300,63000,391932.0000,3
2025-04-08,20250408130500000,sz.002842,6.2300,6.2500,6.2100,6.2100,215700,1342352.0000,3
2025-04-08,20250408131000000,sz.002842,6.2100,6.2200,6.2000,6.2000,47900,297284.0000,3
2025-04-08,20250408131500000,sz.002842,6.1900,6.2100,6.1800,6.2000,114600,709868.0000,3
2025-04-08,20250408132000000,sz.002842,6.2000,6.2100,6.1800,6.1800,212000,1313440.0000,3
2025-04-08,20250408132500000,sz.002842,6.1800,6.1900,6.1700,6.1700,146200,904036.0000,3
2025-04-08,20250408133000000,sz.002842,6.1700,6.1800,6.1300,6.1400,441700,2719464.0000,3
2025-04-08,20250408133500000,sz.002842,6.1300,6.1400,6.1000,6.1000,404100,2471864.0000,3
2025-04-08,20250408134000000,sz.002842,6.1100,6.1300,6.0800,6.1300,431400,2630108.0000,3
2025-04-08,20250408134500000,sz.002842,6.1200,6.1200,6.0900,6.0900,184900,1128324.0000,3
2025-04-08,20250408135000000,sz.002842,6.0900,6.1000,6.0600,6.0800,294800,1794216.0000,3
2025-04-08,20250408135500000,sz.002842,6.0700,6.0800,6.0700,6.0700,173500,1053480.0000,3
2025-04-08,20250408140000000,sz.002842,6.0700,6.0800,6.0600,6.0800,135600,823920.0000,3
2025-04-08,20250408140500000,sz.002842,6.0800,6.1000,6.0800,6.0900,190000,1156208.0000,3
2025-04-08,20250408141000000,sz.002842,6.0900,6.0900,6.0800,6.0800,198300,1206720.0000,3
2025-04-08,20250408141500000,sz.002842,6.0800,6.0800,6.0600,6.0600,234000,1418240.0000,3
2025-04-08,20250408142000000,sz.002842,6.0600,6.0600,6.0400,6.0400,168500,1019528.0000,3
2025-04-08,20250408142500000,sz.002842,6.0400,6.0400,6.0100,6.0200,203800,1228216.0000,3
2025-04-08,20250408143000000,sz.002842,6.0300,6.0600,6.0200,6.0600,344100,2080112.0000,3
2025-04-08,20250408143500000,sz.002842,6.0600,6.0700,6.0600,6.0600,181300,1099136.0000,3
2025-04-08,20250408144000000,sz.002842,6.0600,6.1000,6.0500,6.1000,194700,1183072.0000,3
2025-04-08,20250408144500000,sz.002842,6.1000,6.1400,6.1000,6.1300,261800,1603472.0000,3
2025-04-08,20250408145000000,sz.002842,6.1300,6.1600,6.1300,6.1600,300400,1843680.0000,3
2025-04-08,20250408145500000,sz.002842,6.1500,6.1700,6.1400,6.1700,567200,3489856.0000,3
2025-04-08,20250408150000000,sz.002842,6.1700,6.1900,6.1700,6.1700,414800,2561200.0000,3
2025-04-09,20250409093500000,sz.002842,6.0300,6.0300,5.8100,5.8200,1141700,6717510.0000,3
2025-04-09,20250409094000000,sz.002842,5.8200,5.8200,5.7200,5.7700,1101900,6348891.0000,3
2025-04-09,20250409094500000,sz.002842,5.7700,5.7900,5.7200,5.7700,693600,3983799.0000,3
2025-04-09,20250409095000000,sz.002842,5.7600,5.7900,5.7300,5.7800,477500,2748810.0000,3
2025-04-09,20250409095500000,sz.002842,5.7800,5.8100,5.7600,5.7900,262300,1517770.0000,3
2025-04-09,20250409100000000,sz.002842,5.7900,5.8600,5.7900,5.8600,475500,2769668.0000,3
2025-04-09,20250409100500000,sz.002842,5.8700,5.9800,5.8600,5.9200,395200,2334892.0000,3
2025-04-09,20250409101000000,sz.002842,5.9100,5.9300,5.9000,5.9100,160000,946556.0000,3
2025-04-09,20250409101500000,sz.002842,5.9100,6.0000,5.9100,6.0000,194300,1160764.0000,3
2025-04-09,20250409102000000,sz.002842,5.9900,6.0400,5.9800,6.0100,233500,1402326.0000,3
2025-04-09,20250409102500000,sz.002842,6.0100,6.0400,5.9800,6.0400,152400,914238.0000,3
2025-04-09,20250409103000000,sz.002842,6.0500,6.0600,6.0200,6.0300,105000,634442.0000,3
2025-04-09,20250409103500000,sz.002842,6.0300,6.0400,6.0100,6.0300,85600,515958.0000,3
2025-04-09,20250409104000000,sz.002842,6.0400,6.0400,6.0100,6.0100,104300,627940.0000,3
2025-04-09,20250409104500000,sz.002842,6.0000,6.0000,5.9500,5.9500,236000,1413520.0000,3
2025-04-09,20250409105000000,sz.002842,5.9600,5.9800,5.9500,5.9700,124800,745412.0000,3
2025-04-09,20250409105500000,sz.002842,5.9700,6.0000,5.9700,6.0000,72500,433716.0000,3
2025-04-09,20250409110000000,sz.002842,5.9900,6.0100,5.9900,5.9900,73900,443068.0000,3
2025-04-09,20250409110500000,sz.002842,6.0000,6.0200,5.9900,5.9900,148900,894136.0000,3
2025-04-09,20250409111000000,sz.002842,5.9900,5.9900,5.9600,5.9600,44900,268088.0000,3
2025-04-09,20250409111500000,sz.002842,5.9600,5.9800,5.9600,5.9800,12500,74688.0000,3
2025-04-09,20250409112000000,sz.002842,5.9700,5.9900,5.9700,5.9900,35200,210464.0000,3
2025-04-09,20250409112500000,sz.002842,5.9800,6.0000,5.9800,5.9900,27600,165312.0000,3
2025-04-09,20250409113000000,sz.002842,5.9900,6.0200,5.9800,6.0000,87400,524508.0000,3
2025-04-09,20250409130500000,sz.002842,6.0200,6.0200,5.9900,6.0100,251200,1507460.0000,3
2025-04-09,20250409131000000,sz.002842,6.0100,6.0200,6.0000,6.0200,51200,308088.0000,3
2025-04-09,20250409131500000,sz.002842,6.0100,6.0800,6.0100,6.0800,208700,1261968.0000,3
2025-04-09,20250409132000000,sz.002842,6.0900,6.1500,6.0900,6.1400,359200,2200688.0000,3
2025-04-09,20250409132500000,sz.002842,6.1400,6.1700,6.1400,6.1500,137400,845872.0000,3
2025-04-09,20250409133000000,sz.002842,6.1500,6.1500,6.1300,6.1400,100300,616432.0000,3
2025-04-09,20250409133500000,sz.002842,6.1400,6.1500,6.1300,6.1400,31400,192232.0000,3
2025-04-09,20250409134000000,sz.002842,6.1500,6.1900,6.1500,6.1900,137700,850612.0000,3
2025-04-09,20250409134500000,sz.002842,6.2000,6.2300,6.1900,6.2300,255900,1588916.0000,3
2025-04-09,20250409135000000,sz.002842,6.2200,6.2300,6.2100,6.2200,98900,615008.0000,3
2025-04-09,20250409135500000,sz.002842,6.2300,6.2500,6.2200,6.2400,503100,3140748.0000,3
2025-04-09,20250409140000000,sz.002842,6.2300,6.2500,6.2300,6.2300,176000,1097392.0000,3
2025-04-09,20250409140500000,sz.002842,6.2300,6.2400,6.2000,6.2300,245900,1531592.0000,3
2025-04-09,20250409141000000,sz.002842,6.2300,6.2500,6.2200,6.2500,68500,427072.0000,3
2025-04-09,20250409141500000,sz.002842,6.2400,6.2500,6.2300,6.2500,82700,515548.0000,3
2025-04-09,20250409142000000,sz.002842,6.2500,6.2500,6.2300,6.2400,43600,272008.0000,3
2025-04-09,20250409142500000,sz.002842,6.2300,6.2500,6.2300,6.2400,138900,866648.0000,3
2025-04-09,20250409143000000,sz.002842,6.2400,6.2700,6.2300,6.2700,298500,1864756.0000,3
2025-04-09,20250409143500000,sz.002842,6.2700,6.2900,6.2600,6.2800,136400,856256.0000,3
2025-04-09,20250409144000000,sz.002842,6.2800,6.2800,6.2200,6.2200,435400,2720252.0000,3
2025-04-09,20250409144500000,sz.002842,6.2200,6.2400,6.2200,6.2200,116200,723056.0000,3
2025-04-09,20250409145000000,sz.002842,6.2200,6.2200,6.1800,6.1900,168800,1046388.0000,3
2025-04-09,20250409145500000,sz.002842,6.1900,6.1900,6.1800,6.1800,105900,654892.0000,3
2025-04-09,20250409150000000,sz.002842,6.1800,6.1900,6.1600,6.1800,241000,1488308.0000,3
2025-04-10,20250410093500000,sz.002842,6.2500,6.3800,6.2500,6.3400,1077400,6812006.0000,3
2025-04-10,20250410094000000,sz.002842,6.3300,6.3800,6.3300,6.3800,391900,2493699.0000,3
2025-04-10,20250410094500000,sz.002842,6.3800,6.3800,6.3500,6.3600,353100,2247400.0000,3
2025-04-10,20250410095000000,sz.002842,6.3500,6.3600,6.3400,6.3600,344600,2188822.0000,3
2025-04-10,20250410095500000,sz.002842,6.3600,6.3900,6.3500,6.3800,232100,1479555.0000,3
2025-04-10,20250410100000000,sz.002842,6.3800,6.3800,6.3600,6.3800,339700,2164542.0000,3
2025-04-10,20250410100500000,sz.002842,6.3900,6.4000,6.3800,6.3900,306300,1957374.0000,3
2025-04-10,20250410101000000,sz.002842,6.4000,6.4000,6.3700,6.3800,122400,780554.0000,3
2025-04-10,20250410101500000,sz.002842,6.3800,6.4000,6.3800,6.3900,134000,856148.0000,3
2025-04-10,20250410102000000,sz.002842,6.3900,6.4400,6.3800,6.4300,288000,1846132.0000,3
2025-04-10,20250410102500000,sz.002842,6.4300,6.4700,6.4300,6.4500,258600,1668890.0000,3
2025-04-10,20250410103000000,sz.002842,6.4400,6.4500,6.4200,6.4400,232900,1498850.0000,3
2025-04-10,20250410103500000,sz.002842,6.4500,6.4500,6.4100,6.4100,165900,1066680.0000,3
2025-04-10,20250410104000000,sz.002842,6.4000,6.4200,6.3900,6.4100,102500,655070.0000,3
2025-04-10,20250410104500000,sz.002842,6.4100,6.4100,6.3600,6.3700,186700,1192514.0000,3
2025-04-10,20250410105000000,sz.002842,6.3700,6.3700,6.3400,6.3500,134600,855124.0000,3
2025-04-10,20250410105500000,sz.002842,6.3500,6.3500,6.3100,6.3500,185900,1174950.0000,3
2025-04-10,20250410110000000,sz.002842,6.3400,6.3700,6.3400,6.3600,80800,512798.0000,3
2025-04-10,20250410110500000,sz.002842,6.3500,6.3600,6.3400,6.3500,82600,525016.0000,3
2025-04-10,20250410111000000,sz.002842,6.3500,6.3600,6.3500,6.3600,37000,234676.0000,3
2025-04-10,20250410111500000,sz.002842,6.3600,6.3600,6.3300,6.3300,153800,975220.0000,3
2025-04-10,20250410112000000,sz.002842,6.3300,6.3600,6.3300,6.3500,150500,954784.0000,3
2025-04-10,20250410112500000,sz.002842,6.3500,6.3500,6.3300,6.3300,43400,275060.0000,3
2025-04-10,20250410113000000,sz.002842,6.3400,6.3400,6.3200,6.3300,97200,615408.0000,3
2025-04-10,20250410130500000,sz.002842,6.3300,6.3400,6.3100,6.3200,146000,922788.0000,3
2025-04-10,20250410131000000,sz.002842,6.3200,6.3300,6.3100,6.3300,34300,216752.0000,3
2025-04-10,20250410131500000,sz.002842,6.3300,6.3400,6.3200,6.3300,39400,249400.0000,3
2025-04-10,20250410132000000,sz.002842,6.3300,6.3500,6.3200,6.3300,92600,587664.0000,3
2025-04-10,20250410132500000,sz.002842,6.3400,6.3500,6.3300,6.3500,113900,721928.0000,3
2025-04-10,20250410133000000,sz.002842,6.3500,6.3500,6.3400,6.3500,63700,404448.0000,3
2025-04-10,20250410133500000,sz.002842,6.3500,6.3600,6.3400,6.3400,54000,342904.0000,3
2025-04-10,20250410134000000,sz.002842,6.3400,6.3600,6.3400,6.3600,22400,142004.0000,3
2025-04-10,20250410134500000,sz.002842,6.3600,6.3700,6.3500,6.3700,114300,726816.0000,3
2025-04-10,20250410135000000,sz.002842,6.3700,6.3700,6.3500,6.3500,122700,779900.0000,3
2025-04-10,20250410135500000,sz.002842,6.3500,6.3700,6.3400,6.3700,171700,1092588.0000,3
2025-04-10,20250410140000000,sz.002842,6.3700,6.3700,6.3000,6.3200,574000,3629948.0000,3
2025-04-10,20250410140500000,sz.002842,6.3200,6.3300,6.3000,6.3100,126300,797132.0000,3
2025-04-10,20250410141000000,sz.002842,6.3100,6.3900,6.3100,6.3600,141100,896008.0000,3
2025-04-10,20250410141500000,sz.002842,6.3600,6.3600,6.3500,6.3600,23400,148740.0000,3
2025-04-10,20250410142000000,sz.002842,6.3600,6.3600,6.3300,6.3400,64600,409884.0000,3
2025-04-10,20250410142500000,sz.002842,6.3400,6.3500,6.3400,6.3500,73000,463032.0000,3
2025-04-10,20250410143000000,sz.002842,6.3400,6.3500,6.3200,6.3200,85800,543284.0000,3
2025-04-10,20250410143500000,sz.002842,6.3300,6.3800,6.3200,6.3700,320400,2038132.0000,3
2025-04-10,20250410144000000,sz.002842,6.3500,6.3500,6.3200,6.3200,146400,926000.0000,3
2025-04-10,20250410144500000,sz.002842,6.3200,6.3400,6.3100,6.3300,135200,855156.0000,3
2025-04-10,20250410145000000,sz.002842,6.3300,6.3500,6.3300,6.3400,190800,1209732.0000,3
2025-04-10,20250410145500000,sz.002842,6.3400,6.3500,6.3300,6.3400,451000,2858224.0000,3
2025-04-10,20250410150000000,sz.002842,6.3300,6.3300,6.3200,6.3200,360600,2281052.0000,3
2025-04-11,20250411093500000,sz.002842,6.2600,6.3800,6.2600,6.3700,1323100,8371179.0000,3
2025-04-11,20250411094000000,sz.002842,6.3700,6.5600,6.3600,6.5600,1483500,9563673.0000,3
2025-04-11,20250411094500000,sz.002842,6.5600,6.5600,6.4100,6.4100,617100,3996024.0000,3
2025-04-11,20250411095000000,sz.002842,6.4200,6.4400,6.4200,6.4300,170000,1093036.0000,3
2025-04-11,20250411095500000,sz.002842,6.4400,6.4500,6.4300,6.4400,71200,458544.0000,3
2025-04-11,20250411100000000,sz.002842,6.4300,6.4300,6.4000,6.4100,250500,1607452.0000,3
2025-04-11,20250411100500000,sz.002842,6.4100,6.4100,6.4000,6.4000,374100,2394836.0000,3
2025-04-11,20250411101000000,sz.002842,6.4000,6.4000,6.3500,6.3700,266000,1692548.0000,3
2025-04-11,20250411101500000,sz.002842,6.3600,6.3800,6.3400,6.3600,158400,1006874.0000,3
2025-04-11,20250411102000000,sz.002842,6.3600,6.3600,6.3400,6.3500,117000,742778.0000,3
2025-04-11,20250411102500000,sz.002842,6.3500,6.3800,6.3500,6.3500,165700,1053820.0000,3
2025-04-11,20250411103000000,sz.002842,6.3600,6.3600,6.3500,6.3600,17400,110604.0000,3
2025-04-11,20250411103500000,sz.002842,6.3500,6.3600,6.3400,6.3400,74900,476120.0000,3
2025-04-11,20250411104000000,sz.002842,6.3500,6.3600,6.3400,6.3600,78600,499268.0000,3
2025-04-11,20250411104500000,sz.002842,6.3500,6.3700,6.3500,6.3500,100800,640932.0000,3
2025-04-11,20250411105000000,sz.002842,6.3500,6.3600,6.3500,6.3500,24100,153088.0000,3
2025-04-11,20250411105500000,sz.002842,6.3500,6.3600,6.3200,6.3200,184100,1166120.0000,3
2025-04-11,20250411110000000,sz.002842,6.3100,6.3200,6.3000,6.3100,146900,926820.0000,3
2025-04-11,20250411110500000,sz.002842,6.3100,6.3100,6.2900,6.3100,187100,1179340.0000,3
2025-04-11,20250411111000000,sz.002842,6.3100,6.3100,6.3000,6.3100,136500,860880.0000,3
2025-04-11,20250411111500000,sz.002842,6.3100,6.3200,6.3100,6.3200,48000,303056.0000,3
2025-04-11,20250411112000000,sz.002842,6.3200,6.3300,6.3100,6.3300,55500,350776.0000,3
2025-04-11,20250411112500000,sz.002842,6.3200,6.3200,6.3000,6.3100,93200,587992.0000,3
2025-04-11,20250411113000000,sz.002842,6.3100,6.3200,6.3100,6.3200,67100,423440.0000,3
2025-04-11,20250411130500000,sz.002842,6.3100,6.3400,6.3100,6.3400,187500,1185788.0000,3
2025-04-11,20250411131000000,sz.002842,6.3300,6.3500,6.3300,6.3300,122800,778536.0000,3
2025-04-11,20250411131500000,sz.002842,6.3200,6.3400,6.3200,6.3300,84500,535060.0000,3
2025-04-11,20250411132000000,sz.002842,6.3300,6.3300,6.3200,6.3300,54900,347312.0000,3
2025-04-11,20250411132500000,sz.002842,6.3300,6.3300,6.3100,6.3100,90900,574656.0000,3
2025-04-11,20250411133000000,sz.002842,6.3200,6.3300,6.3200,6.3300,177800,1124180.0000,3
2025-04-11,20250411133500000,sz.002842,6.3300,6.3400,6.3200,6.3300,163300,1033676.0000,3
2025-04-11,20250411134000000,sz.002842,6.3300,6.3500,6.3200,6.3500,108900,689864.0000,3
2025-04-11,20250411134500000,sz.002842,6.3500,6.3600,6.3400,6.3500,219900,1396224.0000,3
2025-04-11,20250411135000000,sz.002842,6.3600,6.3600,6.3400,6.3400,189800,1205916.0000,3
2025-04-11,20250411135500000,sz.002842,6.3400,6.3500,6.3300,6.3300,134100,849596.0000,3
2025-04-11,20250411140000000,sz.002842,6.3300,6.3500,6.3300,6.3400,87200,552816.0000,3
2025-04-11,20250411140500000,sz.002842,6.3400,6.3500,6.3300,6.3500,206500,1309404.0000,3
2025-04-11,20250411141000000,sz.002842,6.3400,6.3400,6.3300,6.3400,81900,518896.0000,3
2025-04-11,20250411141500000,sz.002842,6.3400,6.3500,6.3300,6.3300,101600,643596.0000,3
2025-04-11,20250411142000000,sz.002842,6.3300,6.3300,6.3200,6.3300,46100,291736.0000,3
2025-04-11,20250411142500000,sz.002842,6.3300,6.3300,6.3200,6.3300,173200,1094980.0000,3
2025-04-11,20250411143000000,sz.002842,6.3300,6.3400,6.3200,6.3200,45200,285932.0000,3
2025-04-11,20250411143500000,sz.002842,6.3300,6.3300,6.3100,6.3300,179300,1133844.0000,3
2025-04-11,20250411144000000,sz.002842,6.3300,6.3400,6.3100,6.3200,210100,1327516.0000,3
2025-04-11,20250411144500000,sz.002842,6.3100,6.3200,6.3000,6.3200,125800,794416.0000,3
2025-04-11,20250411145000000,sz.002842,6.3200,6.3200,6.3100,6.3200,468900,2961884.0000,3
2025-04-11,20250411145500000,sz.002842,6.3100,6.3200,6.3100,6.3100,297800,1880176.0000,3
2025-04-11,20250411150000000,sz.002842,6.3000,6.3200,6.3000,6.3200,195500,1233576.0000,3
2025-04-14,20250414093500000,sz.002842,6.2800,6.3300,6.2600,6.3100,1897600,11952888.0000,3
2025-04-14,20250414094000000,sz.002842,6.3200,6.3400,6.3100,6.3400,1017900,6439990.0000,3
2025-04-14,20250414094500000,sz.002842,6.3300,6.3800,6.3300,6.3700,1175500,7470982.0000,3
2025-04-14,20250414095000000,sz.002842,6.3700,6.3700,6.3600,6.3600,764500,4866296.0000,3
2025-04-14,20250414095500000,sz.002842,6.3500,6.3700,6.3400,6.3700,282900,1798194.0000,3
2025-04-14,20250414100000000,sz.002842,6.3700,6.3700,6.3500,6.3500,195800,1246054.0000,3
2025-04-14,20250414100500000,sz.002842,6.3500,6.3500,6.3200,6.3500,621000,3936496.0000,3
2025-04-14,20250414101000000,sz.002842,6.3500,6.3700,6.3400,6.3600,235500,1498828.0000,3
2025-04-14,20250414101500000,sz.002842,6.3700,6.4100,6.3600,6.4100,422400,2698112.0000,3
2025-04-14,20250414102000000,sz.002842,6.4100,6.4300,6.4100,6.4100,331500,2127324.0000,3
2025-04-14,20250414102500000,sz.002842,6.4100,6.4200,6.4000,6.4200,198600,1272800.0000,3
2025-04-14,20250414103000000,sz.002842,6.4100,6.4200,6.4100,6.4100,183800,1179604.0000,3
2025-04-14,20250414103500000,sz.002842,6.4100,6.4500,6.4100,6.4300,305400,1965084.0000,3
2025-04-14,20250414104000000,sz.002842,6.4400,6.4400,6.4300,6.4400,64200,413272.0000,3
2025-04-14,20250414104500000,sz.002842,6.4400,6.4400,6.4200,6.4200,281100,1807852.0000,3
2025-04-14,20250414105000000,sz.002842,6.4200,6.4400,6.4200,6.4400,211000,1357768.0000,3
2025-04-14,20250414105500000,sz.002842,6.4300,6.4400,6.4300,6.4300,78000,501288.0000,3
2025-04-14,20250414110000000,sz.002842,6.4300,6.4400,6.4200,6.4300,112900,726216.0000,3
2025-04-14,20250414110500000,sz.002842,6.4200,6.4300,6.4200,6.4300,29700,190704.0000,3
2025-04-14,20250414111000000,sz.002842,6.4200,6.4300,6.4200,6.4300,290700,1867208.0000,3
2025-04-14,20250414111500000,sz.002842,6.4200,6.4200,6.4100,6.4200,80500,516556.0000,3
2025-04-14,20250414112000000,sz.002842,6.4200,6.4200,6.4100,6.4200,34900,223936.0000,3
2025-04-14,20250414112500000,sz.002842,6.4200,6.4200,6.4100,6.4200,19000,122180.0000,3
2025-04-14,20250414113000000,sz.002842,6.4200,6.4300,6.4100,6.4200,128400,824336.0000,3
2025-04-14,20250414130500000,sz.002842,6.4200,6.4800,6.4200,6.4700,831900,5367112.0000,3
2025-04-14,20250414131000000,sz.002842,6.4600,6.4600,6.4300,6.4400,87100,561488.0000,3
2025-04-14,20250414131500000,sz.002842,6.4400,6.4500,6.4300,6.4300,74400,479208.0000,3
2025-04-14,20250414132000000,sz.002842,6.4300,6.4300,6.4200,6.4200,57400,368968.0000,3
2025-04-14,20250414132500000,sz.002842,6.4200,6.4300,6.4100,6.4100,84700,543696.0000,3
2025-04-14,20250414133000000,sz.002842,6.4100,6.4300,6.4100,6.4200,96900,622152.0000,3
2025-04-14,20250414133500000,sz.002842,6.4300,6.4300,6.4100,6.4200,61400,394016.0000,3
2025-04-14,20250414134000000,sz.002842,6.4100,6.4200,6.4100,6.4100,180100,1154428.0000,3
2025-04-14,20250414134500000,sz.002842,6.4100,6.4100,6.4000,6.4100,26500,169704.0000,3
2025-04-14,20250414135000000,sz.002842,6.4100,6.4200,6.4000,6.4100,121500,778652.0000,3
2025-04-14,20250414135500000,sz.002842,6.4100,6.4100,6.4000,6.4100,73600,471224.0000,3
2025-04-14,20250414140000000,sz.002842,6.4100,6.4200,6.4000,6.4200,67700,433888.0000,3
2025-04-14,20250414140500000,sz.002842,6.4200,6.4200,6.4100,6.4200,45300,290608.0000,3
2025-04-14,20250414141000000,sz.002842,6.4200,6.4200,6.4000,6.4100,92700,594304.0000,3
2025-04-14,20250414141500000,sz.002842,6.4100,6.4200,6.4100,6.4100,59400,381136.0000,3
2025-04-14,20250414142000000,sz.002842,6.4200,6.4300,6.4100,6.4100,73600,472872.0000,3
2025-04-14,20250414142500000,sz.002842,6.4200,6.4200,6.4100,6.4100,42200,270656.0000,3
2025-04-14,20250414143000000,sz.002842,6.4200,6.4200,6.4000,6.4200,123400,791000.0000,3
2025-04-14,20250414143500000,sz.002842,6.4200,6.4200,6.4100,6.4200,53000,340224.0000,3
2025-04-14,20250414144000000,sz.002842,6.4100,6.4200,6.4100,6.4100,130900,839664.0000,3
2025-04-14,20250414144500000,sz.002842,6.4100,6.4200,6.4100,6.4200,125700,806448.0000,3
2025-04-14,20250414145000000,sz.002842,6.4100,6.4300,6.4100,6.4200,245200,1574272.0000,3
2025-04-14,20250414145500000,sz.002842,6.4200,6.4300,6.4200,6.4300,172500,1108864.0000,3
2025-04-14,20250414150000000,sz.002842,6.4300,6.4400,6.4200,6.4300,220700,1418848.0000,3
2025-04-15,20250415093500000,sz.002842,6.4300,6.4300,6.3600,6.4100,514200,3292282.0000,3
2025-04-15,20250415094000000,sz.002842,6.4100,6.4100,6.3400,6.3600,844400,5369485.0000,3
2025-04-15,20250415094500000,sz.002842,6.3600,6.3600,6.3300,6.3400,334200,2119643.0000,3
2025-04-15,20250415095000000,sz.002842,6.3300,6.3900,6.3200,6.3700,479800,3042700.0000,3
2025-04-15,20250415095500000,sz.002842,6.3700,6.3900,6.3500,6.3800,232100,1479003.0000,3
2025-04-15,20250415100000000,sz.002842,6.3700,6.3800,6.3500,6.3500,524200,3335903.0000,3
2025-04-15,20250415100500000,sz.002842,6.3500,6.3500,6.3200,6.3300,260800,1651310.0000,3
2025-04-15,20250415101000000,sz.002842,6.3200,6.3700,6.3200,6.3500,299500,1897924.0000,3
2025-04-15,20250415101500000,sz.002842,6.3700,6.3700,6.3500,6.3700,58500,372280.0000,3
2025-04-15,20250415102000000,sz.002842,6.3700,6.3700,6.3600,6.3700,64300,408954.0000,3
2025-04-15,20250415102500000,sz.002842,6.3700,6.3700,6.3500,6.3700,147200,935784.0000,3
2025-04-15,20250415103000000,sz.002842,6.3700,6.3700,6.3600,6.3700,66200,421812.0000,3
2025-04-15,20250415103500000,sz.002842,6.3700,6.3900,6.3700,6.3800,158900,1012980.0000,3
2025-04-15,20250415104000000,sz.002842,6.3900,6.3900,6.3800,6.3800,95700,610798.0000,3
2025-04-15,20250415104500000,sz.002842,6.3900,6.4000,6.3800,6.4000,156000,995972.0000,3
2025-04-15,20250415105000000,sz.002842,6.4000,6.4000,6.3700,6.3800,122900,785296.0000,3
2025-04-15,20250415105500000,sz.002842,6.3800,6.3800,6.3700,6.3700,20200,128706.0000,3
2025-04-15,20250415110000000,sz.002842,6.3800,6.3800,6.3600,6.3700,77700,495280.0000,3
2025-04-15,20250415110500000,sz.002842,6.3600,6.3700,6.3600,6.3700,48500,308744.0000,3
2025-04-15,20250415111000000,sz.002842,6.3700,6.3700,6.3500,6.3600,103800,660060.0000,3
2025-04-15,20250415111500000,sz.002842,6.3600,6.3700,6.3600,6.3600,73800,469662.0000,3
2025-04-15,20250415112000000,sz.002842,6.3700,6.3800,6.3600,6.3600,136200,867646.0000,3
2025-04-15,20250415112500000,sz.002842,6.3600,6.3700,6.3500,6.3500,185600,1180292.0000,3
2025-04-15,20250415113000000,sz.002842,6.3500,6.3600,6.3400,6.3400,105600,670694.0000,3
2025-04-15,20250415130500000,sz.002842,6.3500,6.3500,6.3400,6.3400,141200,895842.0000,3
2025-04-15,20250415131000000,sz.002842,6.3500,6.3600,6.3400,6.3400,168400,1068712.0000,3
2025-04-15,20250415131500000,sz.002842,6.3400,6.3700,6.3400,6.3500,174000,1105292.0000,3
2025-04-15,20250415132000000,sz.002842,6.3500,6.3700,6.3500,6.3700,87900,558540.0000,3
2025-04-15,20250415132500000,sz.002842,6.3600,6.3700,6.3600,6.3600,92700,589668.0000,3
2025-04-15,20250415133000000,sz.002842,6.3600,6.3700,6.3600,6.3600,57000,362652.0000,3
2025-04-15,20250415133500000,sz.002842,6.3600,6.3700,6.3600,6.3600,21400,136132.0000,3
2025-04-15,20250415134000000,sz.002842,6.3600,6.3700,6.3500,6.3600,47500,302100.0000,3
2025-04-15,20250415134500000,sz.002842,6.3700,6.3900,6.3700,6.3800,175400,1118980.0000,3
2025-04-15,20250415135000000,sz.002842,6.3900,6.3900,6.3700,6.3800,110500,704936.0000,3
2025-04-15,20250415135500000,sz.002842,6.3900,6.3900,6.3800,6.3800,70200,448240.0000,3
2025-04-15,20250415140000000,sz.002842,6.3700,6.3900,6.3700,6.3900,93600,596696.0000,3
2025-04-15,20250415140500000,sz.002842,6.3800,6.3900,6.3700,6.3700,48700,310792.0000,3
2025-04-15,20250415141000000,sz.002842,6.3600,6.3800,6.3600,6.3700,26800,170668.0000,3
2025-04-15,20250415141500000,sz.002842,6.3600,6.3800,6.3600,6.3700,50200,319600.0000,3
2025-04-15,20250415142000000,sz.002842,6.3800,6.3800,6.3700,6.3700,5400,34444.0000,3
2025-04-15,20250415142500000,sz.002842,6.3800,6.3800,6.3700,6.3700,62700,399976.0000,3
2025-04-15,20250415143000000,sz.002842,6.3800,6.3800,6.3700,6.3800,10400,66312.0000,3
2025-04-15,20250415143500000,sz.002842,6.3700,6.3700,6.3600,6.3600,62900,400660.0000,3
2025-04-15,20250415144000000,sz.002842,6.3700,6.3800,6.3700,6.3800,52500,334492.0000,3
2025-04-15,20250415144500000,sz.002842,6.3700,6.3800,6.3700,6.3800,88600,564608.0000,3
2025-04-15,20250415145000000,sz.002842,6.3800,6.3800,6.3700,6.3800,194000,1236872.0000,3
2025-04-15,20250415145500000,sz.002842,6.3800,6.3800,6.3700,6.3700,142500,908744.0000,3
2025-04-15,20250415150000000,sz.002842,6.3800,6.3800,6.3700,6.3700,105000,669068.0000,3
2025-04-16,20250416093500000,sz.002842,6.3900,6.4100,6.3400,6.4000,467200,2979293.0000,3
2025-04-16,20250416094000000,sz.002842,6.3900,6.3900,6.3700,6.3900,102100,651388.0000,3
2025-04-16,20250416094500000,sz.002842,6.3900,6.3900,6.3600,6.3700,188800,1202988.0000,3
2025-04-16,20250416095000000,sz.002842,6.3600,6.3700,6.3200,6.3300,364900,2314017.0000,3
2025-04-16,20250416095500000,sz.002842,6.3300,6.3400,6.3000,6.3000,296900,1873850.0000,3
2025-04-16,20250416100000000,sz.002842,6.3000,6.3100,6.2800,6.2900,221100,1391589.0000,3
2025-04-16,20250416100500000,sz.002842,6.2800,6.2800,6.2600,6.2600,309700,1941464.0000,3
2025-04-16,20250416101000000,sz.002842,6.2700,6.2700,6.2500,6.2600,130500,817106.0000,3
2025-04-16,20250416101500000,sz.002842,6.2600,6.2600,6.2500,6.2600,99200,620942.0000,3
2025-04-16,20250416102000000,sz.002842,6.2500,6.2600,6.2400,6.2400,229000,1431572.0000,3
2025-04-16,20250416102500000,sz.002842,6.2400,6.2500,6.2400,6.2500,97400,608400.0000,3
2025-04-16,20250416103000000,sz.002842,6.2500,6.2500,6.2300,6.2300,153800,959315.0000,3
2025-04-16,20250416103500000,sz.002842,6.2300,6.2400,6.2200,6.2200,200400,1247636.0000,3
2025-04-16,20250416104000000,sz.002842,6.2300,6.2400,6.2200,6.2300,73300,456732.0000,3
2025-04-16,20250416104500000,sz.002842,6.2300,6.2300,6.1800,6.1800,553300,3434332.0000,3
2025-04-16,20250416105000000,sz.002842,6.1700,6.2200,6.1700,6.2100,264300,1636592.0000,3
2025-04-16,20250416105500000,sz.002842,6.2100,6.2300,6.2100,6.2300,40400,251432.0000,3
2025-04-16,20250416110000000,sz.002842,6.2300,6.2300,6.2100,6.2100,120600,749048.0000,3
2025-04-16,20250416110500000,sz.002842,6.2100,6.2200,6.1900,6.2200,87700,544036.0000,3
2025-04-16,20250416111000000,sz.002842,6.2000,6.2200,6.1900,6.2000,121600,753474.0000,3
2025-04-16,20250416111500000,sz.002842,6.2000,6.2100,6.1900,6.2000,41600,257922.0000,3
2025-04-16,20250416112000000,sz.002842,6.1900,6.2000,6.1800,6.1900,250000,1547420.0000,3
2025-04-16,20250416112500000,sz.002842,6.1900,6.1900,6.1800,6.1900,98300,607826.0000,3
2025-04-16,20250416113000000,sz.002842,6.1800,6.1800,6.1400,6.1500,581900,3587534.0000,3
2025-04-16,20250416130500000,sz.002842,6.1300,6.1500,6.1100,6.1500,256800,1574290.0000,3
2025-04-16,20250416131000000,sz.002842,6.1500,6.1800,6.1400,6.1500,132900,819066.0000,3
2025-04-16,20250416131500000,sz.002842,6.1800,6.2000,6.1700,6.2000,97400,602936.0000,3
2025-04-16,20250416132000000,sz.002842,6.1900,6.2200,6.1900,6.2000,142000,881536.0000,3
2025-04-16,20250416132500000,sz.002842,6.2000,6.2000,6.1900,6.1900,72700,450100.0000,3
2025-04-16,20250416133000000,sz.002842,6.1900,6.2300,6.1900,6.2200,141200,877488.0000,3
2025-04-16,20250416133500000,sz.002842,6.2300,6.2400,6.2300,6.2300,134100,835612.0000,3
2025-04-16,20250416134000000,sz.002842,6.2300,6.2400,6.2100,6.2100,62400,388432.0000,3
2025-04-16,20250416134500000,sz.002842,6.2100,6.2100,6.1800,6.1800,70200,434212.0000,3
2025-04-16,20250416135000000,sz.002842,6.1800,6.1800,6.1700,6.1800,82200,509524.0000,3
2025-04-16,20250416135500000,sz.002842,6.1800,6.2000,6.1800,6.1900,35800,221592.0000,3
2025-04-16,20250416140000000,sz.002842,6.2000,6.2100,6.1900,6.1900,53400,330916.0000,3
2025-04-16,20250416140500000,sz.002842,6.1900,6.2100,6.1900,6.2100,25500,157960.0000,3
2025-04-16,20250416141000000,sz.002842,6.2000,6.2100,6.1800,6.2000,45500,281628.0000,3
2025-04-16,20250416141500000,sz.002842,6.2100,6.2200,6.2000,6.2200,84900,527616.0000,3
2025-04-16,20250416142000000,sz.002842,6.2200,6.2200,6.2100,6.2100,14600,90672.0000,3
2025-04-16,20250416142500000,sz.002842,6.2000,6.2100,6.2000,6.2100,14900,92424.0000,3
2025-04-16,20250416143000000,sz.002842,6.2100,6.2300,6.2100,6.2200,39900,247864.0000,3
2025-04-16,20250416143500000,sz.002842,6.2200,6.2200,6.1900,6.2100,208600,1295144.0000,3
2025-04-16,20250416144000000,sz.002842,6.2100,6.2100,6.2000,6.2000,27200,169064.0000,3
2025-04-16,20250416144500000,sz.002842,6.2000,6.2400,6.2000,6.2400,191800,1192080.0000,3
2025-04-16,20250416145000000,sz.002842,6.2400,6.2500,6.2300,6.2500,152800,953032.0000,3
2025-04-16,20250416145500000,sz.002842,6.2500,6.2500,6.2300,6.2300,249000,1553616.0000,3
2025-04-16,20250416150000000,sz.002842,6.2400,6.2400,6.2300,6.2400,95000,592756.0000,3
2025-04-17,20250417093500000,sz.002842,6.2400,6.2800,6.2000,6.2600,406800,2543336.0000,3
2025-04-17,20250417094000000,sz.002842,6.2600,6.3100,6.2400,6.3000,525500,3294176.0000,3
2025-04-17,20250417094500000,sz.002842,6.3100,6.3400,6.3000,6.3100,223700,1414286.0000,3
2025-04-17,20250417095000000,sz.002842,6.3200,6.3200,6.3000,6.3200,135100,852657.0000,3
2025-04-17,20250417095500000,sz.002842,6.3200,6.3200,6.3000,6.3100,81600,515374.0000,3
2025-04-17,20250417100000000,sz.002842,6.3100,6.3200,6.2900,6.3000,107000,674608.0000,3
2025-04-17,20250417100500000,sz.002842,6.2900,6.3100,6.2900,6.2900,65900,414947.0000,3
2025-04-17,20250417101000000,sz.002842,6.3000,6.3000,6.2900,6.2900,108800,685270.0000,3
2025-04-17,20250417101500000,sz.002842,6.2800,6.3000,6.2800,6.2800,88700,557211.0000,3
2025-04-17,20250417102000000,sz.002842,6.2900,6.3200,6.2900,6.3100,132300,834624.0000,3
2025-04-17,20250417102500000,sz.002842,6.3200,6.3200,6.3100,6.3100,102400,645986.0000,3
2025-04-17,20250417103000000,sz.002842,6.3100,6.3200,6.3000,6.3100,56800,359000.0000,3
2025-04-17,20250417103500000,sz.002842,6.3200,6.3700,6.3200,6.3600,743600,4718329.0000,3
2025-04-17,20250417104000000,sz.002842,6.3400,6.3700,6.3400,6.3700,214600,1364964.0000,3
2025-04-17,20250417104500000,sz.002842,6.3700,6.3700,6.3600,6.3600,125800,800760.0000,3
2025-04-17,20250417105000000,sz.002842,6.3500,6.3600,6.3500,6.3600,35000,222222.0000,3
2025-04-17,20250417105500000,sz.002842,6.3500,6.3500,6.3500,6.3500,11700,74294.0000,3
2025-04-17,20250417110000000,sz.002842,6.3500,6.3500,6.3400,6.3400,57700,365826.0000,3
2025-04-17,20250417110500000,sz.002842,6.3500,6.3500,6.3400,6.3400,38200,242630.0000,3
2025-04-17,20250417111000000,sz.002842,6.3400,6.3600,6.3400,6.3500,148800,944248.0000,3
2025-04-17,20250417111500000,sz.002842,6.3500,6.3600,6.3500,6.3600,57700,366832.0000,3
2025-04-17,20250417112000000,sz.002842,6.3500,6.3800,6.3500,6.3700,124900,795092.0000,3
2025-04-17,20250417112500000,sz.002842,6.3800,6.4000,6.3700,6.3900,372500,2379368.0000,3
2025-04-17,20250417113000000,sz.002842,6.3900,6.4000,6.3800,6.3900,64900,415266.0000,3
2025-04-17,20250417130500000,sz.002842,6.3900,6.3900,6.3600,6.3800,102700,654146.0000,3
2025-04-17,20250417131000000,sz.002842,6.3700,6.3700,6.3600,6.3600,58400,371672.0000,3
2025-04-17,20250417131500000,sz.002842,6.3700,6.3800,6.3500,6.3600,78400,499544.0000,3
2025-04-17,20250417132000000,sz.002842,6.3500,6.3700,6.3500,6.3600,99500,632436.0000,3
2025-04-17,20250417132500000,sz.002842,6.3600,6.3600,6.3500,6.3500,26100,165820.0000,3
2025-04-17,20250417133000000,sz.002842,6.3500,6.3600,6.3500,6.3500,9100,57792.0000,3
2025-04-17,20250417133500000,sz.002842,6.3600,6.3600,6.3400,6.3400,51600,327396.0000,3
2025-04-17,20250417134000000,sz.002842,6.3500,6.3500,6.3500,6.3500,3000,19044.0000,3
2025-04-17,20250417134500000,sz.002842,6.3500,6.3500,6.3400,6.3400,91700,581536.0000,3
2025-04-17,20250417135000000,sz.002842,6.3500,6.3500,6.3400,6.3500,3000,19036.0000,3
2025-04-17,20250417135500000,sz.002842,6.3400,6.3500,6.3400,6.3400,35900,227612.0000,3
2025-04-17,20250417140000000,sz.002842,6.3400,6.3400,6.3300,6.3300,18800,119112.0000,3
2025-04-17,20250417140500000,sz.002842,6.3300,6.3400,6.3300,6.3400,31600,200304.0000,3
2025-04-17,20250417141000000,sz.002842,6.3400,6.3400,6.3300,6.3400,45400,287464.0000,3
2025-04-17,20250417141500000,sz.002842,6.3400,6.3500,6.3400,6.3500,74300,471402.0000,3
2025-04-17,20250417142000000,sz.002842,6.3500,6.3500,6.3400,6.3400,128700,816066.0000,3
2025-04-17,20250417142500000,sz.002842,6.3400,6.3400,6.3300,6.3300,285300,1806318.0000,3
2025-04-17,20250417143000000,sz.002842,6.3300,6.3400,6.3300,6.3400,64600,409286.0000,3
2025-04-17,20250417143500000,sz.002842,6.3400,6.3500,6.3300,6.3300,40200,254856.0000,3
2025-04-17,20250417144000000,sz.002842,6.3300,6.3500,6.3300,6.3400,39000,247060.0000,3
2025-04-17,20250417144500000,sz.002842,6.3400,6.3500,6.3400,6.3400,110800,703108.0000,3
2025-04-17,20250417145000000,sz.002842,6.3500,6.3500,6.3400,6.3500,65000,412276.0000,3
2025-04-17,20250417145500000,sz.002842,6.3500,6.3500,6.3300,6.3400,347800,2206400.0000,3
2025-04-17,20250417150000000,sz.002842,6.3300,6.3400,6.3300,6.3300,88600,561228.0000,3
2025-04-18,20250418093500000,sz.002842,6.3500,6.4100,6.3200,6.4000,453900,2894477.0000,3
2025-04-18,20250418094000000,sz.002842,6.3900,6.5200,6.3900,6.5100,2204000,14278121.0000,3
2025-04-18,20250418094500000,sz.002842,6.5200,6.5600,6.4700,6.4800,1498300,9771238.0000,3
2025-04-18,20250418095000000,sz.002842,6.4900,6.4900,6.4600,6.4700,454700,2942796.0000,3
2025-04-18,20250418095500000,sz.002842,6.4700,6.4700,6.4100,6.4100,371500,2396056.0000,3
2025-04-18,20250418100000000,sz.002842,6.4200,6.4200,6.3900,6.4100,328200,2101504.0000,3
2025-04-18,20250418100500000,sz.002842,6.4300,6.4500,6.4200,6.4500,269700,1735576.0000,3
2025-04-18,20250418101000000,sz.002842,6.4500,6.4900,6.4400,6.4400,243400,1574528.0000,3
2025-04-18,20250418101500000,sz.002842,6.4400,6.4400,6.4200,6.4200,106400,683288.0000,3
2025-04-18,20250418102000000,sz.002842,6.4200,6.4200,6.4100,6.4200,92100,591296.0000,3
2025-04-18,20250418102500000,sz.002842,6.4200,6.4200,6.4000,6.4100,84900,544228.0000,3
2025-04-18,20250418103000000,sz.002842,6.4100,6.4600,6.4000,6.4400,146000,938808.0000,3
2025-04-18,20250418103500000,sz.002842,6.4400,6.4800,6.4400,6.4400,159900,1032032.0000,3
2025-04-18,20250418104000000,sz.002842,6.4400,6.4600,6.4400,6.4500,56400,363708.0000,3
2025-04-18,20250418104500000,sz.002842,6.4500,6.4800,6.4500,6.4700,147000,950364.0000,3
2025-04-18,20250418105000000,sz.002842,6.4700,6.4700,6.4500,6.4600,28600,184700.0000,3
2025-04-18,20250418105500000,sz.002842,6.4400,6.4400,6.4300,6.4300,32600,210368.0000,3
2025-04-18,20250418110000000,sz.002842,6.4400,6.4400,6.4200,6.4200,79600,511404.0000,3
2025-04-18,20250418110500000,sz.002842,6.4300,6.4300,6.4000,6.4000,98400,630956.0000,3
2025-04-18,20250418111000000,sz.002842,6.4000,6.4100,6.4000,6.4100,76100,487092.0000,3
2025-04-18,20250418111500000,sz.002842,6.4000,6.4200,6.4000,6.4100,124000,795240.0000,3
2025-04-18,20250418112000000,sz.002842,6.4100,6.4200,6.4100,6.4100,132900,852168.0000,3
2025-04-18,20250418112500000,sz.002842,6.4200,6.4200,6.4000,6.4100,97300,623808.0000,3
2025-04-18,20250418113000000,sz.002842,6.4000,6.4200,6.4000,6.4100,34100,218508.0000,3
2025-04-18,20250418130500000,sz.002842,6.4200,6.4300,6.4100,6.4300,51600,331232.0000,3
2025-04-18,20250418131000000,sz.002842,6.4200,6.4500,6.4200,6.4500,58000,372996.0000,3
2025-04-18,20250418131500000,sz.002842,6.4400,6.4500,6.4200,6.4200,57600,370616.0000,3
2025-04-18,20250418132000000,sz.002842,6.4200,6.4300,6.4200,6.4200,47300,303904.0000,3
2025-04-18,20250418132500000,sz.002842,6.4300,6.4400,6.4200,6.4300,80700,519028.0000,3
2025-04-18,20250418133000000,sz.002842,6.4400,6.4400,6.4200,6.4300,54800,352492.0000,3
2025-04-18,20250418133500000,sz.002842,6.4300,6.4400,6.4300,6.4300,20900,134584.0000,3
2025-04-18,20250418134000000,sz.002842,6.4400,6.4600,6.4300,6.4500,131100,844228.0000,3
2025-04-18,20250418134500000,sz.002842,6.4500,6.4700,6.4400,6.4500,107100,691680.0000,3
2025-04-18,20250418135000000,sz.002842,6.4500,6.4600,6.4500,6.4500,79000,509644.0000,3
2025-04-18,20250418135500000,sz.002842,6.4500,6.4600,6.4500,6.4600,75000,484604.0000,3
2025-04-18,20250418140000000,sz.002842,6.4700,6.4800,6.4500,6.4800,192200,1243616.0000,3
2025-04-18,20250418140500000,sz.002842,6.4700,6.4800,6.4600,6.4600,88800,574408.0000,3
2025-04-18,20250418141000000,sz.002842,6.4700,6.4800,6.4600,6.4700,185800,1202328.0000,3
2025-04-18,20250418141500000,sz.002842,6.4800,6.4800,6.4600,6.4700,158300,1024360.0000,3
2025-04-18,20250418142000000,sz.002842,6.4700,6.4800,6.4600,6.4700,149000,964048.0000,3
2025-04-18,20250418142500000,sz.002842,6.4700,6.4700,6.4600,6.4600,84300,544784.0000,3
2025-04-18,20250418143000000,sz.002842,6.4600,6.4700,6.4600,6.4700,48600,313980.0000,3
2025-04-18,20250418143500000,sz.002842,6.4600,6.4600,6.4400,6.4400,246100,1587836.0000,3
2025-04-18,20250418144000000,sz.002842,6.4500,6.4500,6.4400,6.4400,50000,322840.0000,3
2025-04-18,20250418144500000,sz.002842,6.4400,6.4400,6.4200,6.4200,141500,909544.0000,3
2025-04-18,20250418145000000,sz.002842,6.4200,6.4300,6.4100,6.4200,161300,1036000.0000,3
2025-04-18,20250418145500000,sz.002842,6.4200,6.4300,6.4100,6.4200,114400,734744.0000,3
2025-04-18,20250418150000000,sz.002842,6.4300,6.4300,6.4200,6.4300,89500,575224.0000,3
2025-04-21,20250421093500000,sz.002842,6.4000,6.5800,6.4000,6.5800,1370100,8857540.0000,3
2025-04-21,20250421094000000,sz.002842,6.5800,6.7000,6.5500,6.6900,2162200,14288400.0000,3
2025-04-21,20250421094500000,sz.002842,6.6800,6.6900,6.6400,6.6500,1014400,6750190.0000,3
2025-04-21,20250421095000000,sz.002842,6.6600,6.6600,6.6400,6.6500,279900,1861294.0000,3
2025-04-21,20250421095500000,sz.002842,6.6400,6.6600,6.6200,6.6300,345600,2295432.0000,3
2025-04-21,20250421100000000,sz.002842,6.6300,6.6300,6.5900,6.6000,231300,1528128.0000,3
2025-04-21,20250421100500000,sz.002842,6.6100,6.6800,6.6000,6.6500,653900,4339584.0000,3
2025-04-21,20250421101000000,sz.002842,6.6600,6.6700,6.6400,6.6400,188600,1255396.0000,3
2025-04-21,20250421101500000,sz.002842,6.6400,6.6600,6.6400,6.6400,116900,777864.0000,3
2025-04-21,20250421102000000,sz.002842,6.6400,6.6600,6.6400,6.6400,74400,494684.0000,3
2025-04-21,20250421102500000,sz.002842,6.6600,6.6600,6.6400,6.6400,208200,1384520.0000,3
2025-04-21,20250421103000000,sz.002842,6.6500,6.6500,6.6400,6.6400,45500,302496.0000,3
2025-04-21,20250421103500000,sz.002842,6.6600,6.8400,6.6500,6.7900,2206300,14857760.0000,3
2025-04-21,20250421104000000,sz.002842,6.7900,6.8100,6.7400,6.7400,476800,3228464.0000,3
2025-04-21,20250421104500000,sz.002842,6.7500,6.7600,6.7300,6.7600,227600,1534444.0000,3
2025-04-21,20250421105000000,sz.002842,6.7600,6.7600,6.7100,6.7100,94700,637904.0000,3
2025-04-21,20250421105500000,sz.002842,6.7200,6.7200,6.7000,6.7100,54900,368204.0000,3
2025-04-21,20250421110000000,sz.002842,6.7000,6.7000,6.6900,6.6900,38800,259852.0000,3
2025-04-21,20250421110500000,sz.002842,6.7000,6.7000,6.6800,6.6900,110900,741436.0000,3
2025-04-21,20250421111000000,sz.002842,6.6900,6.7100,6.6900,6.6900,99800,668680.0000,3
2025-04-21,20250421111500000,sz.002842,6.6900,6.7000,6.6900,6.7000,40000,267864.0000,3
2025-04-21,20250421112000000,sz.002842,6.7000,6.7000,6.6700,6.6700,88400,591224.0000,3
2025-04-21,20250421112500000,sz.002842,6.6700,6.7100,6.6700,6.7000,43200,288808.0000,3
2025-04-21,20250421113000000,sz.002842,6.6900,6.6900,6.6600,6.6600,40000,267264.0000,3
2025-04-21,20250421130500000,sz.002842,6.6600,6.6700,6.6300,6.6300,212600,1412664.0000,3
2025-04-21,20250421131000000,sz.002842,6.6200,6.6400,6.6100,6.6400,132600,877712.0000,3
2025-04-21,20250421131500000,sz.002842,6.6400,6.6400,6.6300,6.6400,23300,154376.0000,3
2025-04-21,20250421132000000,sz.002842,6.6400,6.6400,6.6200,6.6200,55200,366216.0000,3
2025-04-21,20250421132500000,sz.002842,6.6200,6.6400,6.6200,6.6400,90300,598504.0000,3
2025-04-21,20250421133000000,sz.002842,6.6400,6.6500,6.6300,6.6400,117100,777352.0000,3
2025-04-21,20250421133500000,sz.002842,6.6400,6.6500,6.6400,6.6400,42400,281904.0000,3
2025-04-21,20250421134000000,sz.002842,6.6500,6.6500,6.6400,6.6400,49800,330704.0000,3
2025-04-21,20250421134500000,sz.002842,6.6400,6.6500,6.6400,6.6400,28000,186168.0000,3
2025-04-21,20250421135000000,sz.002842,6.6500,6.6500,6.6400,6.6500,59000,392312.0000,3
2025-04-21,20250421135500000,sz.002842,6.6400,6.6500,6.6400,6.6500,22700,150712.0000,3
2025-04-21,20250421140000000,sz.002842,6.6400,6.6500,6.6300,6.6400,71800,476720.0000,3
2025-04-21,20250421140500000,sz.002842,6.6500,6.6600,6.6400,6.6600,70400,468112.0000,3
2025-04-21,20250421141000000,sz.002842,6.6600,6.6600,6.6400,6.6400,109300,726600.0000,3
2025-04-21,20250421141500000,sz.002842,6.6400,6.6500,6.6400,6.6400,15500,103000.0000,3
2025-04-21,20250421142000000,sz.002842,6.6400,6.6600,6.6400,6.6600,29300,194776.0000,3
2025-04-21,20250421142500000,sz.002842,6.6500,6.7800,6.6400,6.7800,875600,5924328.0000,3
2025-04-21,20250421143000000,sz.002842,6.7500,6.7900,6.6900,6.7200,605300,4073496.0000,3
2025-04-21,20250421143500000,sz.002842,6.7100,6.7700,6.7000,6.7500,376100,2535264.0000,3
2025-04-21,20250421144000000,sz.002842,6.7600,6.7900,6.7500,6.7600,364200,2465696.0000,3
2025-04-21,20250421144500000,sz.002842,6.7600,6.7700,6.7500,6.7600,380800,2576080.0000,3
2025-04-21,20250421145000000,sz.002842,6.7600,6.7600,6.7200,6.7300,463200,3123232.0000,3
2025-04-21,20250421145500000,sz.002842,6.7300,6.7400,6.7300,6.7300,400600,2698872.0000,3
2025-04-21,20250421150000000,sz.002842,6.7300,6.7400,6.7200,6.7400,624200,4204336.0000,3
2025-04-22,20250422093500000,sz.002842,6.7400,6.7900,6.6900,6.7700,786700,5295949.0000,3
2025-04-22,20250422094000000,sz.002842,6.7500,6.8400,6.7500,6.8200,756600,5143648.0000,3
2025-04-22,20250422094500000,sz.002842,6.8400,6.8500,6.8000,6.8100,568600,3881646.0000,3
2025-04-22,20250422095000000,sz.002842,6.8100,6.8300,6.8000,6.8200,306400,2089180.0000,3
2025-04-22,20250422095500000,sz.002842,6.8300,6.8300,6.7500,6.7700,657000,4450413.0000,3
2025-04-22,20250422100000000,sz.002842,6.7600,6.7700,6.7400,6.7500,315000,2127092.0000,3
2025-04-22,20250422100500000,sz.002842,6.7400,6.7500,6.6900,6.7000,824100,5526348.0000,3
2025-04-22,20250422101000000,sz.002842,6.6900,6.7200,6.6800,6.7000,242000,1619740.0000,3
2025-04-22,20250422101500000,sz.002842,6.7000,6.7200,6.6900,6.7100,222800,1494000.0000,3
2025-04-22,20250422102000000,sz.002842,6.7100,6.7200,6.7100,6.7100,50900,341752.0000,3
2025-04-22,20250422102500000,sz.002842,6.7100,6.7200,6.7100,6.7100,53500,359306.0000,3
2025-04-22,20250422103000000,sz.002842,6.7000,6.7200,6.7000,6.7000,131500,881760.0000,3
2025-04-22,20250422103500000,sz.002842,6.7100,6.7200,6.6900,6.7100,150300,1007450.0000,3
2025-04-22,20250422104000000,sz.002842,6.7100,6.7200,6.7000,6.7000,77100,517364.0000,3
2025-04-22,20250422104500000,sz.002842,6.7100,6.7100,6.6900,6.6900,246700,1651656.0000,3
2025-04-22,20250422105000000,sz.002842,6.6900,6.7000,6.6800,6.7000,137600,920972.0000,3
2025-04-22,20250422105500000,sz.002842,6.6900,6.6900,6.6800,6.6900,117600,786400.0000,3
2025-04-22,20250422110000000,sz.002842,6.6900,6.7100,6.6800,6.7100,115700,774740.0000,3
2025-04-22,20250422110500000,sz.002842,6.7100,6.7100,6.6600,6.6600,221600,1480032.0000,3
2025-04-22,20250422111000000,sz.002842,6.6600,6.6800,6.6600,6.6700,244300,1629304.0000,3
2025-04-22,20250422111500000,sz.002842,6.6700,6.6800,6.6700,6.6800,118400,789864.0000,3
2025-04-22,20250422112000000,sz.002842,6.6800,6.6800,6.6600,6.6700,60800,405124.0000,3
2025-04-22,20250422112500000,sz.002842,6.6700,6.6900,6.6600,6.6900,117900,786820.0000,3
2025-04-22,20250422113000000,sz.002842,6.6900,6.7000,6.6900,6.7000,43400,290448.0000,3
2025-04-22,20250422130500000,sz.002842,6.7000,6.7500,6.6900,6.7400,291500,1959112.0000,3
2025-04-22,20250422131000000,sz.002842,6.7400,6.7500,6.7300,6.7500,105900,714352.0000,3
2025-04-22,20250422131500000,sz.002842,6.7600,6.7600,6.7400,6.7500,110000,742060.0000,3
2025-04-22,20250422132000000,sz.002842,6.7500,6.7900,6.7500,6.7900,119400,808156.0000,3
2025-04-22,20250422132500000,sz.002842,6.7900,6.8700,6.7800,6.8700,676300,4615640.0000,3
2025-04-22,20250422133000000,sz.002842,6.8600,6.8800,6.8100,6.8700,484000,3313928.0000,3
2025-04-22,20250422133500000,sz.002842,6.8700,6.9000,6.8600,6.8900,546200,3759336.0000,3
2025-04-22,20250422134000000,sz.002842,6.8900,6.9500,6.8900,6.9300,790500,5477880.0000,3
2025-04-22,20250422134500000,sz.002842,6.9400,6.9500,6.9100,6.9200,308800,2139520.0000,3
2025-04-22,20250422135000000,sz.002842,6.9200,6.9800,6.9200,6.9800,694700,4824904.0000,3
2025-04-22,20250422135500000,sz.002842,6.9800,6.9800,6.9500,6.9600,232600,1620760.0000,3
2025-04-22,20250422140000000,sz.002842,6.9700,6.9700,6.9400,6.9500,279800,1946824.0000,3
2025-04-22,20250422140500000,sz.002842,6.9400,6.9400,6.9100,6.9400,374400,2592552.0000,3
2025-04-22,20250422141000000,sz.002842,6.9300,6.9600,6.9200,6.9300,622500,4314336.0000,3
2025-04-22,20250422141500000,sz.002842,6.9300,6.9300,6.9100,6.9300,161600,1119552.0000,3
2025-04-22,20250422142000000,sz.002842,6.9200,6.9200,6.8900,6.8900,202100,1394864.0000,3
2025-04-22,20250422142500000,sz.002842,6.8800,6.9000,6.8700,6.9000,185500,1275576.0000,3
2025-04-22,20250422143000000,sz.002842,6.9000,6.9000,6.8700,6.8700,65700,451976.0000,3
2025-04-22,20250422143500000,sz.002842,6.8800,6.8800,6.8600,6.8600,184400,1267472.0000,3
2025-04-22,20250422144000000,sz.002842,6.8600,6.8800,6.8600,6.8700,149400,1025528.0000,3
2025-04-22,20250422144500000,sz.002842,6.8600,6.8700,6.8500,6.8600,163600,1121816.0000,3
2025-04-22,20250422145000000,sz.002842,6.8600,6.8700,6.8500,6.8600,232800,1596408.0000,3
2025-04-22,20250422145500000,sz.002842,6.8400,6.8600,6.8200,6.8400,552500,3778440.0000,3
2025-04-22,20250422150000000,sz.002842,6.8400,6.8400,6.8100,6.8400,452000,3086544.0000,3
2025-04-23,20250423093500000,sz.002842,6.9700,6.9700,6.8200,6.8400,1115200,7683765.0000,3
2025-04-23,20250423094000000,sz.002842,6.8400,6.9100,6.8300,6.8600,562100,3862042.0000,3
2025-04-23,20250423094500000,sz.002842,6.8700,6.8700,6.8500,6.8500,282000,1933902.0000,3
2025-04-23,20250423095000000,sz.002842,6.8400,6.9300,6.8400,6.8900,472000,3248177.0000,3
2025-04-23,20250423095500000,sz.002842,6.9000,6.9500,6.8900,6.9400,340900,2357744.0000,3
2025-04-23,20250423100000000,sz.002842,6.9300,6.9700,6.9300,6.9400,265100,1840862.0000,3
2025-04-23,20250423100500000,sz.002842,6.9500,6.9900,6.9200,6.9900,536500,3730684.0000,3
2025-04-23,20250423101000000,sz.002842,7.0000,7.0500,7.0000,7.0300,692400,4865092.0000,3
2025-04-23,20250423101500000,sz.002842,7.0300,7.0300,6.9500,6.9600,327900,2291084.0000,3
2025-04-23,20250423102000000,sz.002842,6.9600,6.9700,6.9400,6.9700,88600,616408.0000,3
2025-04-23,20250423102500000,sz.002842,6.9700,6.9700,6.9300,6.9500,162000,1125540.0000,3
2025-04-23,20250423103000000,sz.002842,6.9600,6.9600,6.9300,6.9300,128800,895320.0000,3
2025-04-23,20250423103500000,sz.002842,6.9300,6.9700,6.9200,6.9300,169600,1175100.0000,3
2025-04-23,20250423104000000,sz.002842,6.9300,6.9300,6.9100,6.9300,97600,674992.0000,3
2025-04-23,20250423104500000,sz.002842,6.9200,6.9300,6.9200,6.9300,34400,238444.0000,3
2025-04-23,20250423105000000,sz.002842,6.9300,6.9300,6.8600,6.8700,544000,3745392.0000,3
2025-04-23,20250423105500000,sz.002842,6.8700,6.8800,6.8400,6.8700,339400,2327764.0000,3
2025-04-23,20250423110000000,sz.002842,6.8700,6.8800,6.8600,6.8700,51200,351620.0000,3
2025-04-23,20250423110500000,sz.002842,6.8700,6.8800,6.8600,6.8700,55900,384044.0000,3
2025-04-23,20250423111000000,sz.002842,6.8700,6.8700,6.8600,6.8600,77200,530136.0000,3
2025-04-23,20250423111500000,sz.002842,6.8600,6.8700,6.8400,6.8400,120500,825724.0000,3
2025-04-23,20250423112000000,sz.002842,6.8400,6.8500,6.8300,6.8500,89800,613828.0000,3
2025-04-23,20250423112500000,sz.002842,6.8500,6.8500,6.8300,6.8300,87200,596836.0000,3
2025-04-23,20250423113000000,sz.002842,6.8400,6.8600,6.8300,6.8600,278700,1905400.0000,3
2025-04-23,20250423130500000,sz.002842,6.8600,6.8700,6.8500,6.8600,129200,886236.0000,3
2025-04-23,20250423131000000,sz.002842,6.8600,6.8700,6.8500,6.8500,95500,655328.0000,3
2025-04-23,20250423131500000,sz.002842,6.8400,6.8600,6.8400,6.8600,61100,418724.0000,3
2025-04-23,20250423132000000,sz.002842,6.8600,6.8800,6.8600,6.8600,54800,375748.0000,3
2025-04-23,20250423132500000,sz.002842,6.8600,6.8700,6.8500,6.8500,147600,1012048.0000,3
2025-04-23,20250423133000000,sz.002842,6.8600,6.8700,6.8400,6.8600,77800,533296.0000,3
2025-04-23,20250423133500000,sz.002842,6.8600,6.8600,6.8500,6.8500,77300,530248.0000,3
2025-04-23,20250423134000000,sz.002842,6.8500,6.8700,6.8500,6.8600,29600,203040.0000,3
2025-04-23,20250423134500000,sz.002842,6.8600,6.8600,6.8500,6.8500,54300,372324.0000,3
2025-04-23,20250423135000000,sz.002842,6.8500,6.8600,6.8500,6.8600,89200,611316.0000,3
2025-04-23,20250423135500000,sz.002842,6.8500,6.8500,6.8300,6.8400,178100,1218796.0000,3
2025-04-23,20250423140000000,sz.002842,6.8400,6.8500,6.8400,6.8400,57900,396248.0000,3
2025-04-23,20250423140500000,sz.002842,6.8400,6.8400,6.8200,6.8400,142300,972100.0000,3
2025-04-23,20250423141000000,sz.002842,6.8300,6.8300,6.8100,6.8200,168800,1152552.0000,3
2025-04-23,20250423141500000,sz.002842,6.8200,6.8300,6.8200,6.8300,80400,548512.0000,3
2025-04-23,20250423142000000,sz.002842,6.8200,6.8400,6.8200,6.8400,53200,363032.0000,3
2025-04-23,20250423142500000,sz.002842,6.8300,6.8400,6.8300,6.8300,36500,249444.0000,3
2025-04-23,20250423143000000,sz.002842,6.8300,6.8500,6.8300,6.8500,66500,454416.0000,3
2025-04-23,20250423143500000,sz.002842,6.8400,6.8500,6.8300,6.8400,35100,240076.0000,3
2025-04-23,20250423144000000,sz.002842,6.8400,6.8500,6.8400,6.8400,59900,409916.0000,3
2025-04-23,20250423144500000,sz.002842,6.8400,6.8400,6.8300,6.8300,149100,1019360.0000,3
2025-04-23,20250423145000000,sz.002842,6.8400,6.8400,6.8300,6.8300,120400,822580.0000,3
2025-04-23,20250423145500000,sz.002842,6.8300,6.8400,6.8200,6.8400,124400,850004.0000,3
2025-04-23,20250423150000000,sz.002842,6.8400,6.8500,6.8200,6.8500,192400,1316444.0000,3
2025-04-24,20250424093500000,sz.002842,6.8500,6.8900,6.8200,6.8300,636200,4357387.0000,3
2025-04-24,20250424094000000,sz.002842,6.8300,6.8500,6.8100,6.8500,226600,1546098.0000,3
2025-04-24,20250424094500000,sz.002842,6.8500,6.8600,6.8400,6.8400,80600,552040.0000,3
2025-04-24,20250424095000000,sz.002842,6.8400,6.8500,6.8100,6.8100,325700,2223048.0000,3
2025-04-24,20250424095500000,sz.002842,6.8100,6.8200,6.7900,6.7900,181600,1235003.0000,3
2025-04-24,20250424100000000,sz.002842,6.7800,6.8100,6.7800,6.8100,186600,1267070.0000,3
2025-04-24,20250424100500000,sz.002842,6.8100,6.8200,6.7900,6.8200,327900,2229447.0000,3
2025-04-24,20250424101000000,sz.002842,6.8200,6.8300,6.8100,6.8200,59200,403930.0000,3
2025-04-24,20250424101500000,sz.002842,6.8300,6.8300,6.8000,6.8100,110400,752078.0000,3
2025-04-24,20250424102000000,sz.002842,6.8100,6.8200,6.8100,6.8200,58800,400773.0000,3
2025-04-24,20250424102500000,sz.002842,6.8200,6.8300,6.8100,6.8300,67600,460871.0000,3
2025-04-24,20250424103000000,sz.002842,6.8300,6.8300,6.8200,6.8300,91100,622027.0000,3
2025-04-24,20250424103500000,sz.002842,6.8300,6.8300,6.8100,6.8100,105600,720733.0000,3
2025-04-24,20250424104000000,sz.002842,6.8100,6.8300,6.8100,6.8200,110300,751787.0000,3
2025-04-24,20250424104500000,sz.002842,6.8200,6.8300,6.8100,6.8300,59100,402892.0000,3
2025-04-24,20250424105000000,sz.002842,6.8200,6.8200,6.7800,6.7800,315300,2144664.0000,3
2025-04-24,20250424105500000,sz.002842,6.7800,6.7800,6.7500,6.7500,418100,2829328.0000,3
2025-04-24,20250424110000000,sz.002842,6.7600,6.7700,6.7400,6.7600,238700,1611992.0000,3
2025-04-24,20250424110500000,sz.002842,6.7700,6.7700,6.7500,6.7600,58600,395860.0000,3
2025-04-24,20250424111000000,sz.002842,6.7600,6.7600,6.7200,6.7200,134600,907528.0000,3
2025-04-24,20250424111500000,sz.002842,6.7200,6.7400,6.7000,6.7200,409600,2746872.0000,3
2025-04-24,20250424112000000,sz.002842,6.7300,6.7300,6.7100,6.7100,41200,276836.0000,3
2025-04-24,20250424112500000,sz.002842,6.7100,6.7200,6.7000,6.7100,140000,939604.0000,3
2025-04-24,20250424113000000,sz.002842,6.7200,6.7200,6.7000,6.7200,45200,303372.0000,3
2025-04-24,20250424130500000,sz.002842,6.7000,6.7200,6.7000,6.7100,95300,639340.0000,3
2025-04-24,20250424131000000,sz.002842,6.7000,6.7100,6.7000,6.7000,46700,313052.0000,3
2025-04-24,20250424131500000,sz.002842,6.7100,6.7100,6.6900,6.7100,86200,577650.0000,3
2025-04-24,20250424132000000,sz.002842,6.7100,6.7100,6.7100,6.7100,44000,295018.0000,3
2025-04-24,20250424132500000,sz.002842,6.7100,6.7300,6.7100,6.7300,47200,317220.0000,3
2025-04-24,20250424133000000,sz.002842,6.7300,6.7300,6.7100,6.7200,39900,268134.0000,3
2025-04-24,20250424133500000,sz.002842,6.7300,6.7500,6.7200,6.7500,117100,788172.0000,3
2025-04-24,20250424134000000,sz.002842,6.7400,6.7700,6.7300,6.7700,67600,456170.0000,3
2025-04-24,20250424134500000,sz.002842,6.7700,6.7700,6.7600,6.7700,92400,625548.0000,3
2025-04-24,20250424135000000,sz.002842,6.7600,6.7900,6.7600,6.7700,72100,488780.0000,3
2025-04-24,20250424135500000,sz.002842,6.7700,6.7700,6.7600,6.7600,74100,501172.0000,3
2025-04-24,20250424140000000,sz.002842,6.7700,6.7800,6.7700,6.7700,128200,868960.0000,3
2025-04-24,20250424140500000,sz.002842,6.7700,6.7700,6.7700,6.7700,45900,310980.0000,3
2025-04-24,20250424141000000,sz.002842,6.7700,6.7800,6.7600,6.7600,34200,231608.0000,3
2025-04-24,20250424141500000,sz.002842,6.7700,6.7700,6.7600,6.7600,14300,96688.0000,3
2025-04-24,20250424142000000,sz.002842,6.7600,6.7700,6.7500,6.7600,82700,559036.0000,3
2025-04-24,20250424142500000,sz.002842,6.7500,6.7600,6.7400,6.7500,80400,542688.0000,3
2025-04-24,20250424143000000,sz.002842,6.7400,6.7500,6.7400,6.7400,35600,239832.0000,3
2025-04-24,20250424143500000,sz.002842,6.7500,6.7500,6.7300,6.7500,44500,299728.0000,3
2025-04-24,20250424144000000,sz.002842,6.7400,6.7400,6.7400,6.7400,59200,399008.0000,3
2025-04-24,20250424144500000,sz.002842,6.7400,6.7400,6.7300,6.7300,70100,472244.0000,3
2025-04-24,20250424145000000,sz.002842,6.7400,6.7400,6.7300,6.7400,105700,711984.0000,3
2025-04-24,20250424145500000,sz.002842,6.7400,6.7500,6.7200,6.7500,179000,1206028.0000,3
2025-04-24,20250424150000000,sz.002842,6.7500,6.7700,6.7300,6.7300,104500,705280.0000,3
2025-04-25,20250425093500000,sz.002842,6.7000,6.8500,6.7000,6.8500,428000,2903261.0000,3
2025-04-25,20250425094000000,sz.002842,6.8300,6.8300,6.7500,6.7500,157100,1064020.0000,3
2025-04-25,20250425094500000,sz.002842,6.7600,6.7600,6.7300,6.7300,67300,453631.0000,3
2025-04-25,20250425095000000,sz.002842,6.7300,6.7400,6.7100,6.7100,189500,1272928.0000,3
2025-04-25,20250425095500000,sz.002842,6.7100,6.7300,6.7100,6.7200,189100,1269907.0000,3
2025-04-25,20250425100000000,sz.002842,6.7200,6.7200,6.7000,6.7100,263900,1769067.0000,3
2025-04-25,20250425100500000,sz.002842,6.7100,6.7700,6.7100,6.7600,332000,2236883.0000,3
2025-04-25,20250425101000000,sz.002842,6.7600,6.8000,6.7600,6.7900,259900,1763692.0000,3
2025-04-25,20250425101500000,sz.002842,6.7800,6.7800,6.7600,6.7600,96000,650542.0000,3
2025-04-25,20250425102000000,sz.002842,6.7700,6.7700,6.7500,6.7600,36000,243307.0000,3
2025-04-25,20250425102500000,sz.002842,6.7600,6.7700,6.7300,6.7300,63700,430026.0000,3
2025-04-25,20250425103000000,sz.002842,6.7300,6.7500,6.7200,6.7500,92900,625113.0000,3
2025-04-25,20250425103500000,sz.002842,6.7500,6.7500,6.7200,6.7300,117900,793591.0000,3
2025-04-25,20250425104000000,sz.002842,6.7300,6.7300,6.7200,6.7200,68800,462635.0000,3
2025-04-25,20250425104500000,sz.002842,6.7200,6.7200,6.7100,6.7100,52600,353896.0000,3
2025-04-25,20250425105000000,sz.002842,6.7200,6.7200,6.7000,6.7000,61200,409965.0000,3
2025-04-25,20250425105500000,sz.002842,6.7100,6.7100,6.7000,6.7100,41600,279108.0000,3
2025-04-25,20250425110000000,sz.002842,6.7100,6.7200,6.7000,6.7000,70100,470292.0000,3
2025-04-25,20250425110500000,sz.002842,6.7100,6.7400,6.7100,6.7400,76200,512276.0000,3
2025-04-25,20250425111000000,sz.002842,6.7500,6.7600,6.7500,6.7600,91700,619284.0000,3
2025-04-25,20250425111500000,sz.002842,6.7600,6.7700,6.7500,6.7600,40200,271814.0000,3
2025-04-25,20250425112000000,sz.002842,6.7600,6.7700,6.7400,6.7400,117500,794128.0000,3
2025-04-25,20250425112500000,sz.002842,6.7400,6.7600,6.7400,6.7600,69600,469692.0000,3
2025-04-25,20250425113000000,sz.002842,6.7500,6.7600,6.7500,6.7500,27300,184346.0000,3
2025-04-25,20250425130500000,sz.002842,6.7500,6.7500,6.7300,6.7300,152400,1027850.0000,3
2025-04-25,20250425131000000,sz.002842,6.7300,6.7300,6.7200,6.7300,71700,482408.0000,3
2025-04-25,20250425131500000,sz.002842,6.7300,6.7400,6.7200,6.7400,79400,534692.0000,3
2025-04-25,20250425132000000,sz.002842,6.7400,6.7400,6.7200,6.7200,47100,316886.0000,3
2025-04-25,20250425132500000,sz.002842,6.7200,6.7200,6.7000,6.7100,124900,838188.0000,3
2025-04-25,20250425133000000,sz.002842,6.7100,6.7100,6.7000,6.7100,25900,173598.0000,3
2025-04-25,20250425133500000,sz.002842,6.7100,6.7100,6.7000,6.7100,61900,415202.0000,3
2025-04-25,20250425134000000,sz.002842,6.7000,6.7100,6.7000,6.7100,29700,199044.0000,3
2025-04-25,20250425134500000,sz.002842,6.7100,6.7100,6.6900,6.7000,166200,1113940.0000,3
2025-04-25,20250425135000000,sz.002842,6.7000,6.7000,6.6900,6.6900,24800,166014.0000,3
2025-04-25,20250425135500000,sz.002842,6.6900,6.7000,6.6900,6.6900,37900,253562.0000,3
2025-04-25,20250425140000000,sz.002842,6.6900,6.6900,6.6700,6.6700,138400,924150.0000,3
2025-04-25,20250425140500000,sz.002842,6.6700,6.6800,6.6600,6.6700,47600,317506.0000,3
2025-04-25,20250425141000000,sz.002842,6.6700,6.6800,6.6600,6.6600,104600,697524.0000,3
2025-04-25,20250425141500000,sz.002842,6.6600,6.6800,6.6600,6.6700,82000,546562.0000,3
2025-04-25,20250425142000000,sz.002842,6.6700,6.6800,6.6700,6.6700,114700,765056.0000,3
2025-04-25,20250425142500000,sz.002842,6.6800,6.6900,6.6700,6.6900,100300,670338.0000,3
2025-04-25,20250425143000000,sz.002842,6.6800,6.7000,6.6800,6.6900,69200,462994.0000,3
2025-04-25,20250425143500000,sz.002842,6.6900,6.6900,6.6700,6.6700,103900,694348.0000,3
2025-04-25,20250425144000000,sz.002842,6.6700,6.6800,6.6700,6.6700,20000,133182.0000,3
2025-04-25,20250425144500000,sz.002842,6.6800,6.6900,6.6700,6.6800,143300,957284.0000,3
2025-04-25,20250425145000000,sz.002842,6.6800,6.6800,6.6700,6.6800,108500,724196.0000,3
2025-04-25,20250425145500000,sz.002842,6.6700,6.6700,6.6600,6.6600,368700,2457640.0000,3
2025-04-25,20250425150000000,sz.002842,6.6700,6.6800,6.6600,6.6800,232800,1553568.0000,3
2025-04-28,20250428093500000,sz.002842,6.7500,6.7500,6.6700,6.6800,748400,5014401.0000,3
2025-04-28,20250428094000000,sz.002842,6.6800,6.6900,6.6500,6.6600,462600,3082043.0000,3
2025-04-28,20250428094500000,sz.002842,6.6600,6.6700,6.6400,6.6600,312800,2081501.0000,3
2025-04-28,20250428095000000,sz.002842,6.6500,6.7000,6.6400,6.6500,504000,3353864.0000,3
2025-04-28,20250428095500000,sz.002842,6.6800,6.6800,6.6300,6.6300,507500,3377779.0000,3
2025-04-28,20250428100000000,sz.002842,6.6300,6.6400,6.6100,6.6200,241900,1599996.0000,3
2025-04-28,20250428100500000,sz.002842,6.6200,6.6800,6.6100,6.6600,146900,975666.0000,3
2025-04-28,20250428101000000,sz.002842,6.6600,6.6800,6.6500,6.6600,187100,1246676.0000,3
2025-04-28,20250428101500000,sz.002842,6.6500,6.6500,6.6300,6.6400,76900,510662.0000,3
2025-04-28,20250428102000000,sz.002842,6.6500,6.6600,6.6200,6.6500,87300,579846.0000,3
2025-04-28,20250428102500000,sz.002842,6.6500,6.6500,6.6300,6.6400,30000,198990.0000,3
2025-04-28,20250428103000000,sz.002842,6.6400,6.6600,6.6400,6.6600,96800,643276.0000,3
2025-04-28,20250428103500000,sz.002842,6.6500,6.6700,6.6500,6.6600,44600,297084.0000,3
2025-04-28,20250428104000000,sz.002842,6.6600,6.6700,6.6600,6.6700,27100,180756.0000,3
2025-04-28,20250428104500000,sz.002842,6.6800,6.6800,6.6500,6.6500,56100,373878.0000,3
2025-04-28,20250428105000000,sz.002842,6.6500,6.6500,6.6400,6.6400,26500,176104.0000,3
2025-04-28,20250428105500000,sz.002842,6.6400,6.6500,6.6300,6.6300,110000,730422.0000,3
2025-04-28,20250428110000000,sz.002842,6.6300,6.6300,6.6200,6.6200,104800,694026.0000,3
2025-04-28,20250428110500000,sz.002842,6.6200,6.6300,6.6200,6.6200,20000,132398.0000,3
2025-04-28,20250428111000000,sz.002842,6.6300,6.6300,6.6200,6.6200,16200,107384.0000,3
2025-04-28,20250428111500000,sz.002842,6.6300,6.6300,6.6200,6.6300,21000,139164.0000,3
2025-04-28,20250428112000000,sz.002842,6.6200,6.6400,6.6200,6.6300,49900,330658.0000,3
2025-04-28,20250428112500000,sz.002842,6.6300,6.6300,6.6200,6.6200,83000,549654.0000,3
2025-04-28,20250428113000000,sz.002842,6.6200,6.6300,6.6100,6.6300,22700,150352.0000,3
2025-04-28,20250428130500000,sz.002842,6.6300,6.8000,6.6300,6.7100,778200,5242484.0000,3
2025-04-28,20250428131000000,sz.002842,6.7100,6.7500,6.7000,6.7500,179700,1209476.0000,3
2025-04-28,20250428131500000,sz.002842,6.7600,6.7900,6.7500,6.7500,370500,2510968.0000,3
2025-04-28,20250428132000000,sz.002842,6.7500,6.7500,6.7100,6.7100,114900,772236.0000,3
2025-04-28,20250428132500000,sz.002842,6.7100,6.7400,6.7100,6.7300,61400,412776.0000,3
2025-04-28,20250428133000000,sz.002842,6.7300,6.7400,6.7200,6.7300,356400,2395284.0000,3
2025-04-28,20250428133500000,sz.002842,6.7300,6.7300,6.7100,6.7100,64600,434016.0000,3
2025-04-28,20250428134000000,sz.002842,6.7100,6.7200,6.6300,6.6300,1136800,7618184.0000,3
2025-04-28,20250428134500000,sz.002842,6.6300,6.6300,6.5900,6.5900,657900,4350864.0000,3
2025-04-28,20250428135000000,sz.002842,6.5800,6.5900,6.5400,6.5800,433200,2843092.0000,3
2025-04-28,20250428135500000,sz.002842,6.5700,6.5800,6.5500,6.5500,125500,823200.0000,3
2025-04-28,20250428140000000,sz.002842,6.5600,6.5600,6.5500,6.5500,179500,1177016.0000,3
2025-04-28,20250428140500000,sz.002842,6.5600,6.5700,6.5600,6.5700,102600,673292.0000,3
2025-04-28,20250428141000000,sz.002842,6.5700,6.5700,6.5600,6.5600,25700,168620.0000,3
2025-04-28,20250428141500000,sz.002842,6.5500,6.5600,6.5500,6.5600,242100,1586512.0000,3
2025-04-28,20250428142000000,sz.002842,6.5500,6.5500,6.5400,6.5400,76700,501932.0000,3
2025-04-28,20250428142500000,sz.002842,6.5400,6.5600,6.5300,6.5500,172300,1127320.0000,3
2025-04-28,20250428143000000,sz.002842,6.5500,6.5500,6.5500,6.5500,77100,505004.0000,3
2025-04-28,20250428143500000,sz.002842,6.5500,6.5500,6.5200,6.5200,146100,953784.0000,3
2025-04-28,20250428144000000,sz.002842,6.5200,6.5500,6.5200,6.5400,213300,1392644.0000,3
2025-04-28,20250428144500000,sz.002842,6.5400,6.5400,6.5200,6.5200,147800,965620.0000,3
2025-04-28,20250428145000000,sz.002842,6.5300,6.5300,6.5000,6.5100,242000,1578012.0000,3
2025-04-28,20250428145500000,sz.002842,6.5100,6.5400,6.5100,6.5300,216000,1409276.0000,3
2025-04-28,20250428150000000,sz.002842,6.5300,6.5500,6.5200,6.5500,257600,1685456.0000,3
2025-04-29,20250429093500000,sz.002842,6.6200,6.7800,6.6200,6.7300,1913500,12820548.0000,3
2025-04-29,20250429094000000,sz.002842,6.7300,6.7800,6.7100,6.7100,858100,5794868.0000,3
2025-04-29,20250429094500000,sz.002842,6.7100,6.7500,6.6800,6.7500,777000,5219074.0000,3
2025-04-29,20250429095000000,sz.002842,6.7600,6.7800,6.7600,6.7800,857800,5803254.0000,3
2025-04-29,20250429095500000,sz.002842,6.7800,6.7900,6.7500,6.7500,759700,5145560.0000,3
2025-04-29,20250429100000000,sz.002842,6.7400,6.7800,6.7200,6.7200,548900,3703432.0000,3
2025-04-29,20250429100500000,sz.002842,6.7200,6.7800,6.7200,6.7700,317600,2142296.0000,3
2025-04-29,20250429101000000,sz.002842,6.7800,6.7900,6.7600,6.7700,354700,2402364.0000,3
2025-04-29,20250429101500000,sz.002842,6.7700,6.7700,6.7500,6.7600,208100,1406712.0000,3
2025-04-29,20250429102000000,sz.002842,6.7500,6.7600,6.7400,6.7400,155000,1046036.0000,3
2025-04-29,20250429102500000,sz.002842,6.7400,6.7600,6.7200,6.7300,284200,1915164.0000,3
2025-04-29,20250429103000000,sz.002842,6.7400,6.7400,6.7200,6.7200,80900,544008.0000,3
2025-04-29,20250429103500000,sz.002842,6.7200,6.7300,6.7100,6.7300,162400,1091024.0000,3
2025-04-29,20250429104000000,sz.002842,6.7300,6.7300,6.7100,6.7200,179300,1204200.0000,3
2025-04-29,20250429104500000,sz.002842,6.7200,6.7300,6.7100,6.7100,190300,1277760.0000,3
2025-04-29,20250429105000000,sz.002842,6.7100,6.7400,6.7100,6.7200,145300,976856.0000,3
2025-04-29,20250429105500000,sz.002842,6.7200,6.7300,6.7100,6.7300,76100,511380.0000,3
2025-04-29,20250429110000000,sz.002842,6.7300,6.7300,6.7100,6.7200,176100,1183512.0000,3
2025-04-29,20250429110500000,sz.002842,6.7200,6.7400,6.7200,6.7400,141800,953708.0000,3
2025-04-29,20250429111000000,sz.002842,6.7400,6.7500,6.7300,6.7400,54100,364460.0000,3
2025-04-29,20250429111500000,sz.002842,6.7400,6.7400,6.7300,6.7400,57800,389484.0000,3
2025-04-29,20250429112000000,sz.002842,6.7300,6.7400,6.7200,6.7200,184500,1240644.0000,3
2025-04-29,20250429112500000,sz.002842,6.7200,6.7200,6.7100,6.7200,37700,253176.0000,3
2025-04-29,20250429113000000,sz.002842,6.7100,6.7300,6.7100,6.7200,103700,696672.0000,3
2025-04-29,20250429130500000,sz.002842,6.7200,6.7300,6.7100,6.7200,120800,811736.0000,3
2025-04-29,20250429131000000,sz.002842,6.7100,6.7200,6.7100,6.7200,210400,1411812.0000,3
2025-04-29,20250429131500000,sz.002842,6.7200,6.7400,6.7200,6.7400,72900,490244.0000,3
2025-04-29,20250429132000000,sz.002842,6.7300,6.7300,6.7000,6.7000,413700,2778140.0000,3
2025-04-29,20250429132500000,sz.002842,6.7000,6.7000,6.6800,6.6800,326200,2183464.0000,3
2025-04-29,20250429133000000,sz.002842,6.6900,6.6900,6.6700,6.6800,187000,1248720.0000,3
2025-04-29,20250429133500000,sz.002842,6.6700,6.6900,6.6700,6.6900,114000,761660.0000,3
2025-04-29,20250429134000000,sz.002842,6.6900,6.6900,6.6800,6.6900,40300,269344.0000,3
2025-04-29,20250429134500000,sz.002842,6.6900,6.7000,6.6800,6.7000,38100,254928.0000,3
2025-04-29,20250429135000000,sz.002842,6.6900,6.7000,6.6800,6.6900,128900,862240.0000,3
2025-04-29,20250429135500000,sz.002842,6.6800,6.6900,6.6700,6.6800,198300,1324352.0000,3
2025-04-29,20250429140000000,sz.002842,6.6700,6.6800,6.6600,6.6700,231800,1545208.0000,3
2025-04-29,20250429140500000,sz.002842,6.6700,6.6800,6.6700,6.6800,171800,1146136.0000,3
2025-04-29,20250429141000000,sz.002842,6.6800,6.7100,6.6800,6.7100,85400,571248.0000,3
2025-04-29,20250429141500000,sz.002842,6.7000,6.7100,6.6800,6.6900,359900,2408056.0000,3
2025-04-29,20250429142000000,sz.002842,6.6900,6.7000,6.6900,6.6900,134400,899352.0000,3
2025-04-29,20250429142500000,sz.002842,6.6900,6.6900,6.6700,6.6700,74300,496216.0000,3
2025-04-29,20250429143000000,sz.002842,6.6800,6.6800,6.6600,6.6700,173800,1159304.0000,3
2025-04-29,20250429143500000,sz.002842,6.6700,6.6800,6.6600,6.6800,104000,693624.0000,3
2025-04-29,20250429144000000,sz.002842,6.6700,6.6800,6.6600,6.6600,155000,1033968.0000,3
2025-04-29,20250429144500000,sz.002842,6.6700,6.6700,6.6500,6.6600,306200,2039328.0000,3
2025-04-29,20250429145000000,sz.002842,6.6600,6.6700,6.6500,6.6600,398600,2654720.0000,3
2025-04-29,20250429145500000,sz.002842,6.6500,6.6600,6.6400,6.6500,210700,1401664.0000,3
2025-04-29,20250429150000000,sz.002842,6.6500,6.6600,6.6400,6.6600,140000,931464.0000,3
2025-04-30,20250430093500000,sz.002842,6.6900,6.7700,6.6500,6.6900,1062200,7118257.0000,3
2025-04-30,20250430094000000,sz.002842,6.6900,6.7100,6.6500,6.6500,585500,3913658.0000,3
2025-04-30,20250430094500000,sz.002842,6.6600,6.6600,6.6100,6.6200,850000,5630617.0000,3
2025-04-30,20250430095000000,sz.002842,6.6200,6.6500,6.6200,6.6200,247300,1640224.0000,3
2025-04-30,20250430095500000,sz.002842,6.6200,6.6700,6.6200,6.6700,236500,1572290.0000,3
2025-04-30,20250430100000000,sz.002842,6.6600,6.6700,6.6500,6.6600,124200,827258.0000,3
2025-04-30,20250430100500000,sz.002842,6.6600,6.6800,6.6600,6.6700,186400,1243336.0000,3
2025-04-30,20250430101000000,sz.002842,6.6800,6.6800,6.6600,6.6700,124000,826660.0000,3
2025-04-30,20250430101500000,sz.002842,6.6600,6.6700,6.6500,6.6600,95600,636580.0000,3
2025-04-30,20250430102000000,sz.002842,6.6600,6.6800,6.6600,6.6800,64300,428618.0000,3
2025-04-30,20250430102500000,sz.002842,6.6800,6.6800,6.6600,6.6600,81400,543042.0000,3
2025-04-30,20250430103000000,sz.002842,6.6700,6.6800,6.6600,6.6800,53800,358700.0000,3
2025-04-30,20250430103500000,sz.002842,6.6700,6.6800,6.6700,6.6700,22100,147488.0000,3
2025-04-30,20250430104000000,sz.002842,6.6800,6.6800,6.6700,6.6700,123500,823800.0000,3
2025-04-30,20250430104500000,sz.002842,6.6800,6.6800,6.6700,6.6800,39400,262856.0000,3
2025-04-30,20250430105000000,sz.002842,6.6800,6.6800,6.6600,6.6800,67500,450256.0000,3
2025-04-30,20250430105500000,sz.002842,6.6800,6.6900,6.6700,6.6800,297400,1986636.0000,3
2025-04-30,20250430110000000,sz.002842,6.6800,6.6900,6.6800,6.6900,23100,154492.0000,3
2025-04-30,20250430110500000,sz.002842,6.6900,6.7000,6.6800,6.7000,55500,371314.0000,3
2025-04-30,20250430111000000,sz.002842,6.7000,6.7000,6.6900,6.7000,33900,226926.0000,3
2025-04-30,20250430111500000,sz.002842,6.6900,6.6900,6.6700,6.6700,114900,767668.0000,3
2025-04-30,20250430112000000,sz.002842,6.6700,6.6800,6.6700,6.6700,44400,296344.0000,3
2025-04-30,20250430112500000,sz.002842,6.6800,6.6800,6.6600,6.6700,147700,984852.0000,3
2025-04-30,20250430113000000,sz.002842,6.6700,6.6700,6.6600,6.6700,48800,325386.0000,3
2025-04-30,20250430130500000,sz.002842,6.6700,6.6700,6.6500,6.6700,250700,1670198.0000,3
2025-04-30,20250430131000000,sz.002842,6.6700,6.6900,6.6600,6.6800,73100,487804.0000,3
2025-04-30,20250430131500000,sz.002842,6.6800,6.6800,6.6700,6.6800,32700,218380.0000,3
2025-04-30,20250430132000000,sz.002842,6.6800,6.6900,6.6800,6.6800,67500,451016.0000,3
2025-04-30,20250430132500000,sz.002842,6.6800,6.6800,6.6600,6.6700,54900,366628.0000,3
2025-04-30,20250430133000000,sz.002842,6.6700,6.6800,6.6600,6.6800,36400,242752.0000,3
2025-04-30,20250430133500000,sz.002842,6.6800,6.7000,6.6800,6.7000,207600,1387108.0000,3
2025-04-30,20250430134000000,sz.002842,6.7000,6.7000,6.6800,6.6900,41800,279664.0000,3
2025-04-30,20250430134500000,sz.002842,6.6900,6.7100,6.6900,6.7100,66600,446192.0000,3
2025-04-30,20250430135000000,sz.002842,6.7100,6.7100,6.7000,6.7100,35900,240848.0000,3
2025-04-30,20250430135500000,sz.002842,6.7100,6.7100,6.7000,6.7000,17400,116716.0000,3
2025-04-30,20250430140000000,sz.002842,6.7100,6.7200,6.7100,6.7100,108100,725596.0000,3
2025-04-30,20250430140500000,sz.002842,6.7200,6.7300,6.7100,6.7100,62700,421348.0000,3
2025-04-30,20250430141000000,sz.002842,6.7200,6.7200,6.7100,6.7200,59800,401504.0000,3
2025-04-30,20250430141500000,sz.002842,6.7300,6.7600,6.7200,6.7300,215700,1453868.0000,3
2025-04-30,20250430142000000,sz.002842,6.7500,6.7900,6.7400,6.7500,490600,3320264.0000,3
2025-04-30,20250430142500000,sz.002842,6.7400,6.7700,6.7400,6.7700,227400,1535964.0000,3
2025-04-30,20250430143000000,sz.002842,6.7700,6.7700,6.7600,6.7700,156800,1061476.0000,3
2025-04-30,20250430143500000,sz.002842,6.7700,6.7800,6.7400,6.7500,515400,3483076.0000,3
2025-04-30,20250430144000000,sz.002842,6.7500,6.7500,6.7200,6.7200,70700,475872.0000,3
2025-04-30,20250430144500000,sz.002842,6.7200,6.7300,6.7100,6.7100,232100,1559212.0000,3
2025-04-30,20250430145000000,sz.002842,6.7100,6.7200,6.7100,6.7200,170700,1146104.0000,3
2025-04-30,20250430145500000,sz.002842,6.7300,6.7400,6.7200,6.7400,101700,684336.0000,3
2025-04-30,20250430150000000,sz.002842,6.7300,6.7500,6.7300,6.7500,274500,1852096.0000,3
2025-05-06,20250506093500000,sz.002842,6.7500,6.8500,6.7500,6.8400,1112700,7582140.0000,3
2025-05-06,20250506094000000,sz.002842,6.8400,6.9100,6.8400,6.9100,927900,6387095.0000,3
2025-05-06,20250506094500000,sz.002842,6.9200,6.9700,6.9100,6.9600,981600,6820025.0000,3
2025-05-06,20250506095000000,sz.002842,6.9700,6.9800,6.9400,6.9400,729500,5080632.0000,3
2025-05-06,20250506095500000,sz.002842,6.9500,6.9500,6.9300,6.9300,368000,2552078.0000,3
2025-05-06,20250506100000000,sz.002842,6.9400,6.9500,6.9300,6.9400,211000,1463426.0000,3
2025-05-06,20250506100500000,sz.002842,6.9400,6.9700,6.9200,6.9500,533300,3705900.0000,3
2025-05-06,20250506101000000,sz.002842,6.9400,6.9700,6.9400,6.9400,450100,3128752.0000,3
2025-05-06,20250506101500000,sz.002842,6.9400,6.9500,6.9400,6.9400,200600,1393036.0000,3
2025-05-06,20250506102000000,sz.002842,6.9500,6.9700,6.9400,6.9700,499400,3475728.0000,3
2025-05-06,20250506102500000,sz.002842,6.9600,6.9700,6.9500,6.9600,162200,1129004.0000,3
2025-05-06,20250506103000000,sz.002842,6.9600,6.9700,6.9300,6.9300,246300,1710948.0000,3
2025-05-06,20250506103500000,sz.002842,6.9400,6.9600,6.9300,6.9500,261300,1815344.0000,3
2025-05-06,20250506104000000,sz.002842,6.9500,6.9600,6.9500,6.9500,82500,573548.0000,3
2025-05-06,20250506104500000,sz.002842,6.9500,6.9600,6.9500,6.9600,161300,1122336.0000,3
2025-05-06,20250506105000000,sz.002842,6.9600,6.9600,6.9500,6.9600,27200,189232.0000,3
2025-05-06,20250506105500000,sz.002842,6.9500,6.9900,6.9500,6.9900,795900,5549596.0000,3
2025-05-06,20250506110000000,sz.002842,6.9900,6.9900,6.9800,6.9900,85400,596716.0000,3
2025-05-06,20250506110500000,sz.002842,6.9900,7.0000,6.9800,6.9900,460300,3217976.0000,3
2025-05-06,20250506111000000,sz.002842,6.9900,7.0000,6.9800,6.9800,151700,1060040.0000,3
2025-05-06,20250506111500000,sz.002842,6.9800,6.9900,6.9800,6.9800,50400,351700.0000,3
2025-05-06,20250506112000000,sz.002842,6.9900,7.0000,6.9700,6.9700,274700,1917520.0000,3
2025-05-06,20250506112500000,sz.002842,6.9800,6.9900,6.9700,6.9900,91500,639168.0000,3
2025-05-06,20250506113000000,sz.002842,6.9900,7.0000,6.9900,7.0000,33800,236428.0000,3
2025-05-06,20250506130500000,sz.002842,7.0000,7.0000,6.9700,6.9900,304400,2127824.0000,3
2025-05-06,20250506131000000,sz.002842,6.9900,7.0400,6.9900,7.0300,520800,3653888.0000,3
2025-05-06,20250506131500000,sz.002842,7.0300,7.0300,7.0200,7.0200,86200,605920.0000,3
2025-05-06,20250506132000000,sz.002842,7.0300,7.0400,7.0200,7.0300,114100,802304.0000,3
2025-05-06,20250506132500000,sz.002842,7.0400,7.0400,7.0300,7.0300,86200,606008.0000,3
2025-05-06,20250506133000000,sz.002842,7.0200,7.0300,7.0100,7.0300,80000,561480.0000,3
2025-05-06,20250506133500000,sz.002842,7.0300,7.0400,7.0200,7.0400,134400,944880.0000,3
2025-05-06,20250506134000000,sz.002842,7.0400,7.0400,7.0200,7.0300,82500,579888.0000,3
2025-05-06,20250506134500000,sz.002842,7.0300,7.0300,7.0200,7.0200,51700,363280.0000,3
2025-05-06,20250506135000000,sz.002842,7.0300,7.0300,7.0100,7.0200,120100,843000.0000,3
2025-05-06,20250506135500000,sz.002842,7.0100,7.0200,7.0100,7.0200,42200,295816.0000,3
2025-05-06,20250506140000000,sz.002842,7.0200,7.0400,7.0200,7.0300,248000,1742480.0000,3
2025-05-06,20250506140500000,sz.002842,7.0300,7.0300,7.0200,7.0300,116700,820320.0000,3
2025-05-06,20250506141000000,sz.002842,7.0200,7.0300,7.0200,7.0300,55700,391432.0000,3
2025-05-06,20250506141500000,sz.002842,7.0200,7.0400,7.0200,7.0400,294700,2072008.0000,3
2025-05-06,20250506142000000,sz.002842,7.0400,7.0500,7.0300,7.0500,210300,1480744.0000,3
2025-05-06,20250506142500000,sz.002842,7.0500,7.0500,7.0400,7.0400,174800,1232200.0000,3
2025-05-06,20250506143000000,sz.002842,7.0500,7.0500,7.0400,7.0500,167700,1181176.0000,3
2025-05-06,20250506143500000,sz.002842,7.0500,7.0500,7.0300,7.0400,310100,2183800.0000,3
2025-05-06,20250506144000000,sz.002842,7.0400,7.0500,7.0300,7.0500,95600,673136.0000,3
2025-05-06,20250506144500000,sz.002842,7.0500,7.1000,7.0500,7.0900,864800,6115424.0000,3
2025-05-06,20250506145000000,sz.002842,7.0900,7.1000,7.0800,7.0800,339300,2404360.0000,3
2025-05-06,20250506145500000,sz.002842,7.0800,7.0900,7.0800,7.0900,271100,1919704.0000,3
2025-05-06,20250506150000000,sz.002842,7.0800,7.0900,7.0700,7.0800,328400,2325632.0000,3
2025-05-07,20250507093500000,sz.002842,7.2800,7.2800,7.0700,7.1200,1565500,11213676.0000,3
2025-05-07,20250507094000000,sz.002842,7.1200,7.1200,7.0600,7.0800,729700,5170231.0000,3
2025-05-07,20250507094500000,sz.002842,7.0800,7.0800,7.0500,7.0700,413000,2915625.0000,3
2025-05-07,20250507095000000,sz.002842,7.0700,7.0800,7.0300,7.0300,371900,2624762.0000,3
2025-05-07,20250507095500000,sz.002842,7.0300,7.0400,6.9800,6.9800,1102500,7735874.0000,3
2025-05-07,20250507100000000,sz.002842,6.9900,7.0200,6.9800,7.0000,795200,5559728.0000,3
2025-05-07,20250507100500000,sz.002842,7.0000,7.0200,7.0000,7.0200,219700,1539464.0000,3
2025-05-07,20250507101000000,sz.002842,7.0100,7.0700,7.0100,7.0400,294000,2071656.0000,3
2025-05-07,20250507101500000,sz.002842,7.0400,7.0600,7.0300,7.0500,126200,889032.0000,3
2025-05-07,20250507102000000,sz.002842,7.0500,7.0500,7.0300,7.0500,144900,1020324.0000,3
2025-05-07,20250507102500000,sz.002842,7.0500,7.0500,7.0300,7.0400,129300,910016.0000,3
2025-05-07,20250507103000000,sz.002842,7.0400,7.0400,7.0100,7.0200,154100,1082356.0000,3
2025-05-07,20250507103500000,sz.002842,7.0100,7.0300,7.0100,7.0300,67500,473636.0000,3
2025-05-07,20250507104000000,sz.002842,7.0200,7.0300,7.0200,7.0300,90500,635580.0000,3
2025-05-07,20250507104500000,sz.002842,7.0300,7.0300,7.0200,7.0200,65700,461416.0000,3
2025-05-07,20250507105000000,sz.002842,7.0300,7.0300,7.0200,7.0200,125900,883880.0000,3
2025-05-07,20250507105500000,sz.002842,7.0200,7.0500,7.0200,7.0400,168700,1186380.0000,3
2025-05-07,20250507110000000,sz.002842,7.0500,7.0500,7.0200,7.0300,157000,1104288.0000,3
2025-05-07,20250507110500000,sz.002842,7.0200,7.0300,7.0100,7.0200,121300,850988.0000,3
2025-05-07,20250507111000000,sz.002842,7.0300,7.0300,7.0200,7.0300,132500,931332.0000,3
2025-05-07,20250507111500000,sz.002842,7.0300,7.0400,7.0300,7.0400,8400,59108.0000,3
2025-05-07,20250507112000000,sz.002842,7.0300,7.0400,7.0200,7.0400,170200,1196104.0000,3
2025-05-07,20250507112500000,sz.002842,7.0300,7.0400,7.0200,7.0300,174900,1229880.0000,3
2025-05-07,20250507113000000,sz.002842,7.0300,7.0300,7.0100,7.0100,118000,828312.0000,3
2025-05-07,20250507130500000,sz.002842,7.0100,7.0300,7.0100,7.0200,191800,1345724.0000,3
2025-05-07,20250507131000000,sz.002842,7.0200,7.0300,7.0100,7.0200,32000,224652.0000,3
2025-05-07,20250507131500000,sz.002842,7.0100,7.0200,7.0100,7.0200,173600,1217308.0000,3
2025-05-07,20250507132000000,sz.002842,7.0100,7.0300,7.0000,7.0200,93400,654916.0000,3
2025-05-07,20250507132500000,sz.002842,7.0300,7.0300,7.0200,7.0200,107500,754768.0000,3
2025-05-07,20250507133000000,sz.002842,7.0100,7.0300,7.0100,7.0300,20800,145904.0000,3
2025-05-07,20250507133500000,sz.002842,7.0300,7.0500,7.0200,7.0300,98900,695532.0000,3
2025-05-07,20250507134000000,sz.002842,7.0400,7.1400,7.0300,7.1000,2198500,15606716.0000,3
2025-05-07,20250507134500000,sz.002842,7.0800,7.0900,7.0600,7.0700,74500,526384.0000,3
2025-05-07,20250507135000000,sz.002842,7.0600,7.0700,7.0500,7.0500,62600,442032.0000,3
2025-05-07,20250507135500000,sz.002842,7.0500,7.0600,7.0400,7.0400,30700,216472.0000,3
2025-05-07,20250507140000000,sz.002842,7.0500,7.0500,7.0300,7.0300,76500,538312.0000,3
2025-05-07,20250507140500000,sz.002842,7.0300,7.0400,7.0200,7.0300,103800,729136.0000,3
2025-05-07,20250507141000000,sz.002842,7.0300,7.0500,7.0300,7.0300,68000,478632.0000,3
2025-05-07,20250507141500000,sz.002842,7.0400,7.0500,7.0300,7.0300,54100,380744.0000,3
2025-05-07,20250507142000000,sz.002842,7.0300,7.0300,7.0200,7.0300,82900,582440.0000,3
2025-05-07,20250507142500000,sz.002842,7.0200,7.0300,7.0200,7.0200,55900,393216.0000,3
2025-05-07,20250507143000000,sz.002842,7.0200,7.0400,7.0200,7.0200,127500,896312.0000,3
2025-05-07,20250507143500000,sz.002842,7.0400,7.0500,7.0300,7.0500,84000,591200.0000,3
2025-05-07,20250507144000000,sz.002842,7.0500,7.0700,7.0400,7.0700,152000,1073192.0000,3
2025-05-07,20250507144500000,sz.002842,7.0700,7.0900,7.0700,7.0800,207900,1471208.0000,3
2025-05-07,20250507145000000,sz.002842,7.0800,7.0900,7.0700,7.0700,129400,915824.0000,3
2025-05-07,20250507145500000,sz.002842,7.0700,7.0800,7.0600,7.0800,223900,1583600.0000,3
2025-05-07,20250507150000000,sz.002842,7.0800,7.0900,7.0800,7.0900,182600,1293968.0000,3
2025-05-08,20250508093500000,sz.002842,7.0600,7.2800,7.0600,7.2100,1818400,13084819.0000,3
2025-05-08,20250508094000000,sz.002842,7.2200,7.2200,7.1700,7.1900,611800,4396397.0000,3
2025-05-08,20250508094500000,sz.002842,7.1900,7.2600,7.1900,7.2300,992700,7176508.0000,3
2025-05-08,20250508095000000,sz.002842,7.2300,7.2900,7.2300,7.2600,912700,6634330.0000,3
2025-05-08,20250508095500000,sz.002842,7.2600,7.3000,7.2500,7.2900,897700,6533418.0000,3
2025-05-08,20250508100000000,sz.002842,7.2900,7.3000,7.2600,7.2900,293800,2140428.0000,3
2025-05-08,20250508100500000,sz.002842,7.2900,7.3000,7.2600,7.2700,244000,1775604.0000,3
2025-05-08,20250508101000000,sz.002842,7.2800,7.2800,7.2400,7.2500,232500,1688256.0000,3
2025-05-08,20250508101500000,sz.002842,7.2500,7.2800,7.2400,7.2500,329900,2395176.0000,3
2025-05-08,20250508102000000,sz.002842,7.2500,7.2600,7.2400,7.2400,195100,1414388.0000,3
2025-05-08,20250508102500000,sz.002842,7.2300,7.2400,7.2100,7.2300,235000,1696936.0000,3
2025-05-08,20250508103000000,sz.002842,7.2300,7.2700,7.2300,7.2700,229400,1661324.0000,3
2025-05-08,20250508103500000,sz.002842,7.2700,7.2900,7.2600,7.2700,505200,3673336.0000,3
2025-05-08,20250508104000000,sz.002842,7.2700,7.2700,7.2600,7.2600,130600,949340.0000,3
2025-05-08,20250508104500000,sz.002842,7.2600,7.2700,7.2500,7.2500,83100,603320.0000,3
2025-05-08,20250508105000000,sz.002842,7.2500,7.2600,7.2500,7.2500,98600,715472.0000,3
2025-05-08,20250508105500000,sz.002842,7.2500,7.2600,7.2500,7.2500,102200,740964.0000,3
2025-05-08,20250508110000000,sz.002842,7.2500,7.2600,7.2500,7.2500,144500,1047720.0000,3
2025-05-08,20250508110500000,sz.002842,7.2700,7.3000,7.2600,7.2900,466800,3399784.0000,3
2025-05-08,20250508111000000,sz.002842,7.2800,7.2900,7.2800,7.2800,243500,1773016.0000,3
2025-05-08,20250508111500000,sz.002842,7.2900,7.3000,7.2800,7.2800,200500,1461584.0000,3
2025-05-08,20250508112000000,sz.002842,7.2900,7.2900,7.2800,7.2800,116700,849736.0000,3
2025-05-08,20250508112500000,sz.002842,7.2700,7.2700,7.2600,7.2700,38500,279660.0000,3
2025-05-08,20250508113000000,sz.002842,7.2600,7.2700,7.2600,7.2700,37100,269456.0000,3
2025-05-08,20250508130500000,sz.002842,7.2700,7.2700,7.2400,7.2500,151000,1095860.0000,3
2025-05-08,20250508131000000,sz.002842,7.2500,7.2500,7.2300,7.2300,108700,786224.0000,3
2025-05-08,20250508131500000,sz.002842,7.2300,7.2400,7.2200,7.2200,45800,331160.0000,3
2025-05-08,20250508132000000,sz.002842,7.2200,7.2300,7.2200,7.2300,138600,1000960.0000,3
2025-05-08,20250508132500000,sz.002842,7.2400,7.2500,7.2300,7.2400,52700,381632.0000,3
2025-05-08,20250508133000000,sz.002842,7.2400,7.2400,7.2300,7.2300,46600,337248.0000,3
2025-05-08,20250508133500000,sz.002842,7.2400,7.2500,7.2300,7.2400,91600,662952.0000,3
2025-05-08,20250508134000000,sz.002842,7.2500,7.2600,7.2500,7.2500,108000,783032.0000,3
2025-05-08,20250508134500000,sz.002842,7.2500,7.2600,7.2400,7.2500,57200,414784.0000,3
2025-05-08,20250508135000000,sz.002842,7.2500,7.2700,7.2400,7.2400,149700,1086200.0000,3
2025-05-08,20250508135500000,sz.002842,7.2400,7.2600,7.2400,7.2400,87900,636832.0000,3
2025-05-08,20250508140000000,sz.002842,7.2500,7.2800,7.2500,7.2700,83600,607288.0000,3
2025-05-08,20250508140500000,sz.002842,7.2700,7.2700,7.2600,7.2600,49300,358392.0000,3
2025-05-08,20250508141000000,sz.002842,7.2600,7.2700,7.2600,7.2700,42900,312336.0000,3
2025-05-08,20250508141500000,sz.002842,7.2800,7.2800,7.2700,7.2800,43100,313480.0000,3
2025-05-08,20250508142000000,sz.002842,7.2800,7.2800,7.2700,7.2800,69100,502472.0000,3
2025-05-08,20250508142500000,sz.002842,7.2800,7.2800,7.2700,7.2700,128600,935000.0000,3
2025-05-08,20250508143000000,sz.002842,7.2700,7.2900,7.2700,7.2700,183700,1337128.0000,3
2025-05-08,20250508143500000,sz.002842,7.2800,7.2800,7.2700,7.2700,263000,1913240.0000,3
2025-05-08,20250508144000000,sz.002842,7.2700,7.2800,7.2700,7.2800,159700,1161400.0000,3
2025-05-08,20250508144500000,sz.002842,7.2800,7.2900,7.2800,7.2900,569600,4148488.0000,3
2025-05-08,20250508145000000,sz.002842,7.2800,7.2900,7.2800,7.2800,151600,1104624.0000,3
2025-05-08,20250508145500000,sz.002842,7.2800,7.2900,7.2800,7.2900,206600,1504864.0000,3
2025-05-08,20250508150000000,sz.002842,7.2900,7.2900,7.2800,7.2900,273900,1995960.0000,3
2025-05-09,20250509093500000,sz.002842,7.2600,7.5900,7.2600,7.4700,3322100,24834808.0000,3
2025-05-09,20250509094000000,sz.002842,7.4700,7.5200,7.4100,7.4700,2227800,16646124.0000,3
2025-05-09,20250509094500000,sz.002842,7.4700,7.6000,7.4700,7.5900,2692700,20317460.0000,3
2025-05-09,20250509095000000,sz.002842,7.5800,7.6900,7.5100,7.6900,4326700,32972096.0000,3
2025-05-09,20250509095500000,sz.002842,7.7000,7.7500,7.6700,7.6700,2246500,17329480.0000,3
2025-05-09,20250509100000000,sz.002842,7.6700,7.7200,7.6100,7.7100,1158600,8879936.0000,3
2025-05-09,20250509100500000,sz.002842,7.7100,8.0200,7.7000,8.0200,8142000,64580656.0000,3
2025-05-09,20250509101000000,sz.002842,8.0200,8.0200,8.0200,8.0200,1492000,11966320.0000,3
2025-05-09,20250509101500000,sz.002842,8.0200,8.0200,8.0200,8.0200,1957700,15700560.0000,3
2025-05-09,20250509102000000,sz.002842,8.0200,8.0200,7.8900,8.0200,7715800,61835696.0000,3
2025-05-09,20250509102500000,sz.002842,8.0200,8.0200,8.0200,8.0200,3462100,27766624.0000,3
2025-05-09,20250509103000000,sz.002842,8.0200,8.0200,7.9000,8.0200,4211500,33749088.0000,3
2025-05-09,20250509103500000,sz.002842,8.0200,8.0200,8.0200,8.0200,1182200,9481248.0000,3
2025-05-09,20250509104000000,sz.002842,8.0200,8.0200,8.0200,8.0200,511200,4099776.0000,3
2025-05-09,20250509104500000,sz.002842,8.0200,8.0200,8.0200,8.0200,1158200,9289088.0000,3
2025-05-09,20250509105000000,sz.002842,8.0200,8.0200,8.0200,8.0200,192800,1546240.0000,3
2025-05-09,20250509105500000,sz.002842,8.0200,8.0200,8.0200,8.0200,249500,2000992.0000,3
2025-05-09,20250509110000000,sz.002842,8.0200,8.0200,8.0200,8.0200,429500,3444640.0000,3
2025-05-09,20250509110500000,sz.002842,8.0200,8.0200,8.0200,8.0200,255700,2050496.0000,3
2025-05-09,20250509111000000,sz.002842,8.0200,8.0200,8.0200,8.0200,93600,750688.0000,3
2025-05-09,20250509111500000,sz.002842,8.0200,8.0200,8.0200,8.0200,22300,178848.0000,3
2025-05-09,20250509112000000,sz.002842,8.0200,8.0200,8.0200,8.0200,152500,1223040.0000,3
2025-05-09,20250509112500000,sz.002842,8.0200,8.0200,8.0200,8.0200,84200,675264.0000,3
2025-05-09,20250509113000000,sz.002842,8.0200,8.0200,8.0200,8.0200,412000,3304192.0000,3
2025-05-09,20250509130500000,sz.002842,8.0200,8.0200,8.0200,8.0200,366200,2937216.0000,3
2025-05-09,20250509131000000,sz.002842,8.0200,8.0200,8.0200,8.0200,224200,1798080.0000,3
2025-05-09,20250509131500000,sz.002842,8.0200,8.0200,8.0200,8.0200,38600,309568.0000,3
2025-05-09,20250509132000000,sz.002842,8.0200,8.0200,8.0200,8.0200,74800,599712.0000,3
2025-05-09,20250509132500000,sz.002842,8.0200,8.0200,8.0200,8.0200,52800,423456.0000,3
2025-05-09,20250509133000000,sz.002842,8.0200,8.0200,8.0200,8.0200,62900,504192.0000,3
2025-05-09,20250509133500000,sz.002842,8.0200,8.0200,8.0200,8.0200,14800,118720.0000,3
2025-05-09,20250509134000000,sz.002842,8.0200,8.0200,8.0200,8.0200,43400,348064.0000,3
2025-05-09,20250509134500000,sz.002842,8.0200,8.0200,8.0200,8.0200,71700,574848.0000,3
2025-05-09,20250509135000000,sz.002842,8.0200,8.0200,8.0200,8.0200,32600,261440.0000,3
2025-05-09,20250509135500000,sz.002842,8.0200,8.0200,8.0200,8.0200,30100,241408.0000,3
2025-05-09,20250509140000000,sz.002842,8.0200,8.0200,8.0200,8.0200,7700,61760.0000,3
2025-05-09,20250509140500000,sz.002842,8.0200,8.0200,8.0200,8.0200,24500,196480.0000,3
2025-05-09,20250509141000000,sz.002842,8.0200,8.0200,8.0200,8.0200,14700,117920.0000,3
2025-05-09,20250509141500000,sz.002842,8.0200,8.0200,8.0200,8.0200,18000,144352.0000,3
2025-05-09,20250509142000000,sz.002842,8.0200,8.0200,8.0200,8.0200,18700,149984.0000,3
2025-05-09,20250509142500000,sz.002842,8.0200,8.0200,8.0200,8.0200,37500,300736.0000,3
2025-05-09,20250509143000000,sz.002842,8.0200,8.0200,8.0200,8.0200,37200,298432.0000,3
2025-05-09,20250509143500000,sz.002842,8.0200,8.0200,8.0200,8.0200,29000,232672.0000,3
2025-05-09,20250509144000000,sz.002842,8.0200,8.0200,8.0200,8.0200,11600,93024.0000,3
2025-05-09,20250509144500000,sz.002842,8.0200,8.0200,8.0200,8.0200,23900,191488.0000,3
2025-05-09,20250509145000000,sz.002842,8.0200,8.0200,8.0200,8.0200,330100,2647488.0000,3
2025-05-09,20250509145500000,sz.002842,8.0200,8.0200,8.0200,8.0200,452200,3626432.0000,3
2025-05-09,20250509150000000,sz.002842,8.0200,8.0200,8.0200,8.0200,276100,2214688.0000,3
2025-05-12,20250512093500000,sz.002842,8.0000,8.0000,7.6000,7.6800,13900900,108149360.0000,3
2025-05-12,20250512094000000,sz.002842,7.6700,7.7900,7.6400,7.7900,4413000,34017024.0000,3
2025-05-12,20250512094500000,sz.002842,7.7700,7.8200,7.6800,7.8200,3425600,26479904.0000,3
2025-05-12,20250512095000000,sz.002842,7.8200,7.8500,7.7200,7.8100,2469200,19254736.0000,3
2025-05-12,20250512095500000,sz.002842,7.8100,7.9800,7.8000,7.9700,1797500,14098752.0000,3
2025-05-12,20250512100000000,sz.002842,7.9600,8.3100,7.9300,8.2100,9315900,75584224.0000,3
2025-05-12,20250512100500000,sz.002842,8.2100,8.3000,8.0200,8.0700,3761800,30641952.0000,3
2025-05-12,20250512101000000,sz.002842,8.0600,8.3100,8.0200,8.3100,3057600,24859232.0000,3
2025-05-12,20250512101500000,sz.002842,8.3200,8.3300,8.1600,8.2100,2312700,19076320.0000,3
2025-05-12,20250512102000000,sz.002842,8.2100,8.2200,8.0800,8.1200,1794100,14601600.0000,3
2025-05-12,20250512102500000,sz.002842,8.1200,8.1200,8.0000,8.0600,1831900,14739680.0000,3
2025-05-12,20250512103000000,sz.002842,8.0700,8.0800,8.0100,8.0100,848800,6821600.0000,3
2025-05-12,20250512103500000,sz.002842,8.0200,8.0700,7.9600,8.0000,1413200,11305088.0000,3
2025-05-12,20250512104000000,sz.002842,7.9900,7.9900,7.9400,7.9600,667200,5313952.0000,3
2025-05-12,20250512104500000,sz.002842,7.9600,8.0100,7.9400,8.0000,525100,4183488.0000,3
2025-05-12,20250512105000000,sz.002842,8.0000,8.0000,7.9500,7.9800,599300,4780096.0000,3
2025-05-12,20250512105500000,sz.002842,7.9600,7.9800,7.8700,7.8700,888100,7026752.0000,3
2025-05-12,20250512110000000,sz.002842,7.8800,7.8900,7.8200,7.8600,1064400,8368064.0000,3
2025-05-12,20250512110500000,sz.002842,7.8500,7.8600,7.7800,7.8200,1446500,11299328.0000,3
2025-05-12,20250512111000000,sz.002842,7.8200,7.8400,7.7600,7.7900,1139200,8874592.0000,3
2025-05-12,20250512111500000,sz.002842,7.7800,7.8100,7.7800,7.7800,561100,4370272.0000,3
2025-05-12,20250512112000000,sz.002842,7.7800,7.8500,7.7600,7.8400,740500,5775520.0000,3
2025-05-12,20250512112500000,sz.002842,7.8400,7.8600,7.7800,7.8100,554900,4342720.0000,3
2025-05-12,20250512113000000,sz.002842,7.8200,7.8300,7.8000,7.8300,307500,2402592.0000,3
2025-05-12,20250512130500000,sz.002842,7.8400,7.8700,7.8000,7.8200,811900,6359200.0000,3
2025-05-12,20250512131000000,sz.002842,7.8200,7.8200,7.7700,7.7900,704000,5483744.0000,3
2025-05-12,20250512131500000,sz.002842,7.8000,7.8000,7.6800,7.7300,2287200,17655488.0000,3
2025-05-12,20250512132000000,sz.002842,7.7300,7.7700,7.7300,7.7600,532100,4122176.0000,3
2025-05-12,20250512132500000,sz.002842,7.7500,7.7500,7.7000,7.7200,680900,5255008.0000,3
2025-05-12,20250512133000000,sz.002842,7.7000,7.7400,7.7000,7.7200,751900,5801248.0000,3
2025-05-12,20250512133500000,sz.002842,7.7100,7.7200,7.7000,7.7100,631400,4865824.0000,3
2025-05-12,20250512134000000,sz.002842,7.7100,7.7800,7.6800,7.7800,2478400,19119136.0000,3
2025-05-12,20250512134500000,sz.002842,7.7800,7.8200,7.7300,7.7400,740300,5753600.0000,3
2025-05-12,20250512135000000,sz.002842,7.7400,7.7800,7.7000,7.7600,1089900,8420032.0000,3
2025-05-12,20250512135500000,sz.002842,7.7600,7.8300,7.7600,7.8100,556300,4333564.0000,3
2025-05-12,20250512140000000,sz.002842,7.8100,7.8100,7.7600,7.7600,374500,2914880.0000,3
2025-05-12,20250512140500000,sz.002842,7.7600,7.7700,7.7400,7.7700,843300,6540100.0000,3
2025-05-12,20250512141000000,sz.002842,7.7700,7.7800,7.7500,7.7600,331500,2574336.0000,3
2025-05-12,20250512141500000,sz.002842,7.7700,7.7800,7.7600,7.7800,523800,4068416.0000,3
2025-05-12,20250512142000000,sz.002842,7.7900,7.7900,7.7500,7.7500,586400,4553859.0000,3
2025-05-12,20250512142500000,sz.002842,7.7500,7.7700,7.7500,7.7700,460000,3569853.0000,3
2025-05-12,20250512143000000,sz.002842,7.7700,7.7800,7.7600,7.7800,124100,964736.0000,3
2025-05-12,20250512143500000,sz.002842,7.7700,7.7700,7.7400,7.7400,964600,7481152.0000,3
2025-05-12,20250512144000000,sz.002842,7.7500,7.7500,7.7000,7.7100,1849500,14267456.0000,3
2025-05-12,20250512144500000,sz.002842,7.7100,7.7400,7.7100,7.7200,731400,5643776.0000,3
2025-05-12,20250512145000000,sz.002842,7.7300,7.7500,7.7100,7.7300,907700,7012096.0000,3
2025-05-12,20250512145500000,sz.002842,7.7200,7.7700,7.7000,7.7700,2637500,20377728.0000,3
2025-05-12,20250512150000000,sz.002842,7.7700,7.7900,7.7600,7.7800,1506600,11718392.0000,3
2025-05-13,20250513093500000,sz.002842,7.7000,7.7300,7.6100,7.6900,7722100,59166708.0000,3
2025-05-13,20250513094000000,sz.002842,7.6900,7.7400,7.5800,7.6200,4061700,31067108.0000,3
2025-05-13,20250513094500000,sz.002842,7.6100,7.7000,7.6100,7.6400,1861900,14242432.0000,3
2025-05-13,20250513095000000,sz.002842,7.6300,7.6500,7.6000,7.6000,1947500,14838920.0000,3
2025-05-13,20250513095500000,sz.002842,7.6000,7.6300,7.5700,7.6200,2605400,19779168.0000,3
2025-05-13,20250513100000000,sz.002842,7.6100,7.6800,7.6000,7.6600,1448700,11056272.0000,3
2025-05-13,20250513100500000,sz.002842,7.6500,7.6500,7.6000,7.6100,637000,4851472.0000,3
2025-05-13,20250513101000000,sz.002842,7.6100,7.6200,7.5700,7.5700,1017500,7721872.0000,3
2025-05-13,20250513101500000,sz.002842,7.5700,7.5800,7.5500,7.5600,1151600,8710000.0000,3
2025-05-13,20250513102000000,sz.002842,7.5600,7.5700,7.5200,7.5200,1620000,12219984.0000,3
2025-05-13,20250513102500000,sz.002842,7.5200,7.5400,7.5200,7.5300,1010300,7602368.0000,3
2025-05-13,20250513103000000,sz.002842,7.5300,7.5300,7.5000,7.5000,1567100,11770640.0000,3
2025-05-13,20250513103500000,sz.002842,7.5000,7.5100,7.4800,7.4900,945900,7087792.0000,3
2025-05-13,20250513104000000,sz.002842,7.4900,7.5000,7.4500,7.4800,1488100,11122624.0000,3
2025-05-13,20250513104500000,sz.002842,7.4800,7.5100,7.4800,7.4800,640600,4800368.0000,3
2025-05-13,20250513105000000,sz.002842,7.4800,7.5000,7.4800,7.4900,211400,1583840.0000,3
2025-05-13,20250513105500000,sz.002842,7.4800,7.4900,7.4600,7.4800,593700,4438720.0000,3
2025-05-13,20250513110000000,sz.002842,7.5100,7.5400,7.5100,7.5100,465900,3500272.0000,3
2025-05-13,20250513110500000,sz.002842,7.5100,7.5900,7.5000,7.5400,663900,5013712.0000,3
2025-05-13,20250513111000000,sz.002842,7.5400,7.5400,7.5100,7.5100,393600,2961792.0000,3
2025-05-13,20250513111500000,sz.002842,7.5100,7.5500,7.5100,7.5300,146300,1100720.0000,3
2025-05-13,20250513112000000,sz.002842,7.5300,7.5400,7.5000,7.5000,244900,1840544.0000,3
2025-05-13,20250513112500000,sz.002842,7.5000,7.5100,7.4800,7.4800,244900,1836032.0000,3
2025-05-13,20250513113000000,sz.002842,7.4800,7.5000,7.4800,7.5000,279100,2089792.0000,3
2025-05-13,20250513130500000,sz.002842,7.5000,7.5500,7.5000,7.5400,552000,4148528.0000,3
2025-05-13,20250513131000000,sz.002842,7.5400,7.5400,7.5000,7.5300,445400,3350912.0000,3
2025-05-13,20250513131500000,sz.002842,7.5300,7.5900,7.5300,7.5800,576900,4365808.0000,3
2025-05-13,20250513132000000,sz.002842,7.5800,7.7100,7.5800,7.6600,2282100,17458736.0000,3
2025-05-13,20250513132500000,sz.002842,7.6600,7.6600,7.6200,7.6500,430000,3287200.0000,3
2025-05-13,20250513133000000,sz.002842,7.6500,7.6500,7.6100,7.6100,344300,2626240.0000,3
2025-05-13,20250513133500000,sz.002842,7.6300,7.6600,7.6200,7.6500,340600,2601376.0000,3
2025-05-13,20250513134000000,sz.002842,7.6500,7.6500,7.6300,7.6400,308000,2353184.0000,3
2025-05-13,20250513134500000,sz.002842,7.6400,7.6600,7.6400,7.6400,309600,2367904.0000,3
2025-05-13,20250513135000000,sz.002842,7.6400,7.6500,7.6300,7.6500,280500,2143648.0000,3
2025-05-13,20250513135500000,sz.002842,7.6400,7.7000,7.6400,7.6600,487800,3740032.0000,3
2025-05-13,20250513140000000,sz.002842,7.6600,7.6800,7.6600,7.6600,575000,4408544.0000,3
2025-05-13,20250513140500000,sz.002842,7.6600,7.6900,7.6400,7.6900,436600,3347296.0000,3
2025-05-13,20250513141000000,sz.002842,7.6900,7.6900,7.6600,7.6600,290600,2228448.0000,3
2025-05-13,20250513141500000,sz.002842,7.6600,7.6600,7.6300,7.6400,290600,2221664.0000,3
2025-05-13,20250513142000000,sz.002842,7.6400,7.7300,7.6400,7.6900,1089900,8386368.0000,3
2025-05-13,20250513142500000,sz.002842,7.6900,7.7300,7.6900,7.7100,647500,4993792.0000,3
2025-05-13,20250513143000000,sz.002842,7.7200,7.7200,7.7000,7.7000,388300,2993376.0000,3
2025-05-13,20250513143500000,sz.002842,7.7000,7.7000,7.6500,7.6500,439900,3374560.0000,3
2025-05-13,20250513144000000,sz.002842,7.6600,7.6700,7.6400,7.6700,638500,4887584.0000,3
2025-05-13,20250513144500000,sz.002842,7.6600,7.6800,7.6400,7.6800,614400,4703936.0000,3
2025-05-13,20250513145000000,sz.002842,7.6700,7.6800,7.6400,7.6500,610900,4675904.0000,3
2025-05-13,20250513145500000,sz.002842,7.6500,7.6900,7.6400,7.6700,1345100,10311616.0000,3
2025-05-13,20250513150000000,sz.002842,7.6800,7.6800,7.6600,7.6800,1243700,9546432.0000,3
2025-05-14,20250514093500000,sz.002842,7.6500,7.7400,7.6200,7.7200,3948500,30372410.0000,3
2025-05-14,20250514094000000,sz.002842,7.7300,7.8200,7.7100,7.7400,3749000,29153782.0000,3
2025-05-14,20250514094500000,sz.002842,7.7400,7.7900,7.7100,7.7600,1425000,11042264.0000,3
2025-05-14,20250514095000000,sz.002842,7.7700,7.7800,7.7100,7.7200,964000,7466576.0000,3
2025-05-14,20250514095500000,sz.002842,7.7200,7.8000,7.7200,7.7900,2102100,16350392.0000,3
2025-05-14,20250514100000000,sz.002842,7.8000,7.8000,7.7300,7.7300,1729400,13440688.0000,3
2025-05-14,20250514100500000,sz.002842,7.7300,7.7400,7.7100,7.7200,893900,6903856.0000,3
2025-05-14,20250514101000000,sz.002842,7.7000,7.7400,7.6800,7.6800,1026800,7919024.0000,3
2025-05-14,20250514101500000,sz.002842,7.6800,7.7000,7.6500,7.6700,823300,6314416.0000,3
2025-05-14,20250514102000000,sz.002842,7.6800,7.6900,7.6400,7.6600,557000,4269768.0000,3
2025-05-14,20250514102500000,sz.002842,7.6600,7.6700,7.6400,7.6600,285200,2183768.0000,3
2025-05-14,20250514103000000,sz.002842,7.6700,7.6700,7.6400,7.6700,500000,3828400.0000,3
2025-05-14,20250514103500000,sz.002842,7.6700,7.6900,7.6500,7.6800,367100,2817488.0000,3
2025-05-14,20250514104000000,sz.002842,7.6800,7.6900,7.6600,7.6700,306000,2348384.0000,3
2025-05-14,20250514104500000,sz.002842,7.6700,7.6700,7.6400,7.6400,330700,2529344.0000,3
2025-05-14,20250514105000000,sz.002842,7.6500,7.7900,7.6500,7.7400,1636200,12648192.0000,3
2025-05-14,20250514105500000,sz.002842,7.7300,7.7900,7.7200,7.7700,1167000,9056752.0000,3
2025-05-14,20250514110000000,sz.002842,7.7700,7.7800,7.7500,7.7700,470500,3654432.0000,3
2025-05-14,20250514110500000,sz.002842,7.7800,7.7800,7.7500,7.7600,983600,7636816.0000,3
2025-05-14,20250514111000000,sz.002842,7.7600,7.8300,7.7600,7.8100,1557100,12139248.0000,3
2025-05-14,20250514111500000,sz.002842,7.8100,7.9500,7.8100,7.8900,3437200,27081952.0000,3
2025-05-14,20250514112000000,sz.002842,7.8900,8.1000,7.8900,7.9500,4686100,37461968.0000,3
2025-05-14,20250514112500000,sz.002842,7.9700,8.0200,7.9300,7.9600,1377100,10967776.0000,3
2025-05-14,20250514113000000,sz.002842,7.9600,7.9800,7.9200,7.9800,789600,6267728.0000,3
2025-05-14,20250514130500000,sz.002842,7.9700,8.0000,7.8700,7.9000,932400,7390784.0000,3
2025-05-14,20250514131000000,sz.002842,7.8800,7.8800,7.8400,7.8700,509600,4007712.0000,3
2025-05-14,20250514131500000,sz.002842,7.8700,7.8800,7.8400,7.8500,275300,2162432.0000,3
2025-05-14,20250514132000000,sz.002842,7.8400,7.8800,7.8200,7.8700,502000,3937440.0000,3
2025-05-14,20250514132500000,sz.002842,7.8700,7.8900,7.8300,7.8900,460000,3614144.0000,3
2025-05-14,20250514133000000,sz.002842,7.8900,7.8900,7.8400,7.8700,423000,3326208.0000,3
2025-05-14,20250514133500000,sz.002842,7.8700,7.8700,7.8400,7.8500,207500,1629760.0000,3
2025-05-14,20250514134000000,sz.002842,7.8600,7.9000,7.8500,7.8700,407300,3208064.0000,3
2025-05-14,20250514134500000,sz.002842,7.8700,7.8900,7.8700,7.8800,412100,3246816.0000,3
2025-05-14,20250514135000000,sz.002842,7.8800,7.8800,7.8500,7.8500,468600,3684448.0000,3
2025-05-14,20250514135500000,sz.002842,7.8600,7.8600,7.8500,7.8600,377200,2963232.0000,3
2025-05-14,20250514140000000,sz.002842,7.8600,7.8600,7.8400,7.8500,339100,2661024.0000,3
2025-05-14,20250514140500000,sz.002842,7.8400,7.8500,7.8400,7.8400,228900,1795552.0000,3
2025-05-14,20250514141000000,sz.002842,7.8500,7.8500,7.8200,7.8300,1171600,9184288.0000,3
2025-05-14,20250514141500000,sz.002842,7.8400,7.8700,7.8300,7.8700,273900,2151360.0000,3
2025-05-14,20250514142000000,sz.002842,7.8700,7.8700,7.8400,7.8600,261900,2057984.0000,3
2025-05-14,20250514142500000,sz.002842,7.8500,7.8500,7.8300,7.8300,189800,1488480.0000,3
2025-05-14,20250514143000000,sz.002842,7.8300,7.8500,7.8200,7.8500,385900,3023360.0000,3
2025-05-14,20250514143500000,sz.002842,7.8700,7.9500,7.8700,7.8800,1003700,7928992.0000,3
2025-05-14,20250514144000000,sz.002842,7.8800,7.8800,7.8500,7.8500,266900,2099072.0000,3
2025-05-14,20250514144500000,sz.002842,7.8500,7.8800,7.8500,7.8600,283400,2229344.0000,3
2025-05-14,20250514145000000,sz.002842,7.8600,7.8900,7.8600,7.8700,807200,6355968.0000,3
2025-05-14,20250514145500000,sz.002842,7.8700,7.8700,7.8600,7.8700,891900,7013952.0000,3
2025-05-14,20250514150000000,sz.002842,7.8800,7.8800,7.8400,7.8400,1237800,9717152.0000,3
2025-05-15,20250515093500000,sz.002842,7.7600,7.8200,7.7300,7.7600,4168700,32389584.0000,3
2025-05-15,20250515094000000,sz.002842,7.7400,7.9400,7.7000,7.9400,3616700,28314092.0000,3
2025-05-15,20250515094500000,sz.002842,7.9200,8.0000,7.8800,7.8800,2845100,22598972.0000,3
2025-05-15,20250515095000000,sz.002842,7.8800,8.0500,7.8400,8.0300,3432000,27369200.0000,3
2025-05-15,20250515095500000,sz.002842,8.0200,8.0800,7.9800,8.0600,2986100,23959256.0000,3
2025-05-15,20250515100000000,sz.002842,8.0500,8.0600,7.9700,7.9700,1317700,10557328.0000,3
2025-05-15,20250515100500000,sz.002842,7.9700,7.9700,7.9200,7.9400,1439700,11416176.0000,3
2025-05-15,20250515101000000,sz.002842,7.9400,8.0700,7.9200,8.0200,1494300,11968240.0000,3
2025-05-15,20250515101500000,sz.002842,8.0300,8.0500,8.0000,8.0400,637800,5117632.0000,3
2025-05-15,20250515102000000,sz.002842,8.0500,8.2100,8.0400,8.2000,4026700,32748704.0000,3
2025-05-15,20250515102500000,sz.002842,8.2100,8.2100,8.0400,8.0500,1964000,15985280.0000,3
2025-05-15,20250515103000000,sz.002842,8.0500,8.0900,8.0200,8.0800,929800,7494080.0000,3
2025-05-15,20250515103500000,sz.002842,8.0800,8.0800,7.9800,8.0000,972600,7785344.0000,3
2025-05-15,20250515104000000,sz.002842,8.0000,8.0100,7.9600,8.0100,756600,6042176.0000,3
2025-05-15,20250515104500000,sz.002842,8.0100,8.0500,8.0000,8.0300,658500,5288784.0000,3
2025-05-15,20250515105000000,sz.002842,8.0300,8.0600,8.0300,8.0400,462800,3722624.0000,3
2025-05-15,20250515105500000,sz.002842,8.0400,8.0800,8.0300,8.0300,413200,3327840.0000,3
2025-05-15,20250515110000000,sz.002842,8.0300,8.1300,8.0000,8.0700,1069700,8619840.0000,3
2025-05-15,20250515110500000,sz.002842,8.0800,8.1300,8.0700,8.0900,782700,6343648.0000,3
2025-05-15,20250515111000000,sz.002842,8.0800,8.0900,8.0700,8.0800,354200,2860544.0000,3
2025-05-15,20250515111500000,sz.002842,8.0800,8.1200,8.0700,8.0800,313300,2535168.0000,3
2025-05-15,20250515112000000,sz.002842,8.0700,8.0800,8.0600,8.0700,353500,2853344.0000,3
2025-05-15,20250515112500000,sz.002842,8.0700,8.1000,8.0600,8.0700,242700,1960928.0000,3
2025-05-15,20250515113000000,sz.002842,8.0700,8.0700,8.0300,8.0600,264200,2126496.0000,3
2025-05-15,20250515130500000,sz.002842,8.0600,8.2000,8.0400,8.1400,1814700,14795648.0000,3
2025-05-15,20250515131000000,sz.002842,8.1500,8.1900,8.1100,8.1400,1028100,8381184.0000,3
2025-05-15,20250515131500000,sz.002842,8.1400,8.2700,8.1300,8.2300,2913800,23922656.0000,3
2025-05-15,20250515132000000,sz.002842,8.2200,8.2700,8.1600,8.1600,1373400,11317344.0000,3
2025-05-15,20250515132500000,sz.002842,8.1600,8.2300,8.1600,8.1800,562300,4606464.0000,3
2025-05-15,20250515133000000,sz.002842,8.1800,8.1800,8.1300,8.1500,650400,5300096.0000,3
2025-05-15,20250515133500000,sz.002842,8.1500,8.1600,8.1000,8.1000,328400,2668320.0000,3
2025-05-15,20250515134000000,sz.002842,8.1000,8.1300,8.0700,8.0900,429400,3479232.0000,3
2025-05-15,20250515134500000,sz.002842,8.1000,8.1100,8.0900,8.0900,273500,2215040.0000,3
2025-05-15,20250515135000000,sz.002842,8.0900,8.1300,8.0800,8.1300,361900,2933408.0000,3
2025-05-15,20250515135500000,sz.002842,8.1300,8.1400,8.1200,8.1200,348100,2831008.0000,3
2025-05-15,20250515140000000,sz.002842,8.1200,8.1300,8.0900,8.1100,195500,1584608.0000,3
2025-05-15,20250515140500000,sz.002842,8.1200,8.1300,8.0500,8.0500,660500,5342944.0000,3
2025-05-15,20250515141000000,sz.002842,8.0600,8.1000,8.0600,8.0900,506200,4087424.0000,3
2025-05-15,20250515141500000,sz.002842,8.0900,8.1000,8.0800,8.1000,217100,1755776.0000,3
2025-05-15,20250515142000000,sz.002842,8.0900,8.1200,8.0800,8.1200,500200,4053216.0000,3
2025-05-15,20250515142500000,sz.002842,8.1100,8.1300,8.1000,8.1000,554500,4499168.0000,3
2025-05-15,20250515143000000,sz.002842,8.1000,8.1000,8.0700,8.0700,410700,3320512.0000,3
2025-05-15,20250515143500000,sz.002842,8.0700,8.0900,8.0600,8.0700,368800,2977984.0000,3
2025-05-15,20250515144000000,sz.002842,8.0600,8.0900,8.0600,8.0800,639300,5161824.0000,3
2025-05-15,20250515144500000,sz.002842,8.0700,8.0900,8.0600,8.0700,545800,4406592.0000,3
2025-05-15,20250515145000000,sz.002842,8.0700,8.0800,8.0600,8.0700,751600,6066560.0000,3
2025-05-15,20250515145500000,sz.002842,8.0700,8.1100,8.0600,8.1100,1160300,9368704.0000,3
2025-05-15,20250515150000000,sz.002842,8.1100,8.1300,8.1100,8.1100,1670000,13549728.0000,3
2025-05-16,20250516093500000,sz.002842,7.9200,8.2500,7.8400,8.2100,7831400,63093148.0000,3
2025-05-16,20250516094000000,sz.002842,8.2300,8.4000,8.1700,8.3000,6392600,53052324.0000,3
2025-05-16,20250516094500000,sz.002842,8.3000,8.3400,8.2300,8.2400,3043600,25228768.0000,3
2025-05-16,20250516095000000,sz.002842,8.2400,8.3000,8.2200,8.3000,1766500,14590064.0000,3
2025-05-16,20250516095500000,sz.002842,8.3000,8.4400,8.2800,8.3600,3194300,26758176.0000,3
2025-05-16,20250516100000000,sz.002842,8.3600,8.3800,8.3000,8.3600,1474600,12309680.0000,3
2025-05-16,20250516100500000,sz.002842,8.3400,8.7700,8.3200,8.5500,8027700,68760560.0000,3
2025-05-16,20250516101000000,sz.002842,8.5700,8.6500,8.5000,8.5800,4640200,39807632.0000,3
2025-05-16,20250516101500000,sz.002842,8.5500,8.5600,8.4900,8.5000,1579900,13445952.0000,3
2025-05-16,20250516102000000,sz.002842,8.4900,8.5000,8.4400,8.4900,1285600,10886528.0000,3
2025-05-16,20250516102500000,sz.002842,8.4900,8.5000,8.4100,8.4600,982500,8304512.0000,3
2025-05-16,20250516103000000,sz.002842,8.4600,8.4600,8.4000,8.4300,625000,5270048.0000,3
2025-05-16,20250516103500000,sz.002842,8.4200,8.5000,8.4200,8.4600,662600,5610304.0000,3
2025-05-16,20250516104000000,sz.002842,8.4700,8.5400,8.4700,8.5200,754900,6419552.0000,3
2025-05-16,20250516104500000,sz.002842,8.5200,8.5600,8.4800,8.5600,818300,6974464.0000,3
2025-05-16,20250516105000000,sz.002842,8.5600,8.7300,8.5500,8.6600,1640300,14173760.0000,3
2025-05-16,20250516105500000,sz.002842,8.6600,8.6700,8.5900,8.6000,900800,7768416.0000,3
2025-05-16,20250516110000000,sz.002842,8.6100,8.6500,8.5900,8.6400,559000,4823008.0000,3
2025-05-16,20250516110500000,sz.002842,8.6300,8.6600,8.6200,8.6200,954200,8245728.0000,3
2025-05-16,20250516111000000,sz.002842,8.6200,8.6300,8.5400,8.5500,536200,4606368.0000,3
2025-05-16,20250516111500000,sz.002842,8.5400,8.5700,8.5000,8.5600,347600,2966592.0000,3
2025-05-16,20250516112000000,sz.002842,8.5600,8.5600,8.5000,8.5100,283600,2414272.0000,3
2025-05-16,20250516112500000,sz.002842,8.5200,8.5200,8.4500,8.4500,464300,3941600.0000,3
2025-05-16,20250516113000000,sz.002842,8.4500,8.5200,8.4500,8.5100,333300,2828640.0000,3
2025-05-16,20250516130500000,sz.002842,8.5500,8.6500,8.5400,8.5500,724100,6224800.0000,3
2025-05-16,20250516131000000,sz.002842,8.5600,8.5900,8.5500,8.5700,237800,2037376.0000,3
2025-05-16,20250516131500000,sz.002842,8.5700,8.5800,8.5500,8.5500,277000,2372864.0000,3
2025-05-16,20250516132000000,sz.002842,8.5400,8.5600,8.5200,8.5300,299100,2555360.0000,3
2025-05-16,20250516132500000,sz.002842,8.5200,8.5200,8.4800,8.4900,375800,3192640.0000,3
2025-05-16,20250516133000000,sz.002842,8.4900,8.5900,8.4800,8.5900,440200,3765632.0000,3
2025-05-16,20250516133500000,sz.002842,8.5900,8.7300,8.5700,8.7300,2070900,17981280.0000,3
2025-05-16,20250516134000000,sz.002842,8.7300,8.8900,8.7100,8.7800,3611000,31783328.0000,3
2025-05-16,20250516134500000,sz.002842,8.8000,8.8800,8.7900,8.8000,1350700,11947104.0000,3
2025-05-16,20250516135000000,sz.002842,8.7900,8.8100,8.7600,8.7900,595100,5228704.0000,3
2025-05-16,20250516135500000,sz.002842,8.8000,8.8000,8.7500,8.7500,405300,3555200.0000,3
2025-05-16,20250516140000000,sz.002842,8.7400,8.7800,8.6800,8.7500,688700,6008960.0000,3
2025-05-16,20250516140500000,sz.002842,8.7500,8.7800,8.5800,8.6800,824300,7151104.0000,3
2025-05-16,20250516141000000,sz.002842,8.6600,8.6800,8.5900,8.6500,370300,3188544.0000,3
2025-05-16,20250516141500000,sz.002842,8.6600,8.7100,8.6500,8.6800,443600,3847136.0000,3
2025-05-16,20250516142000000,sz.002842,8.6800,8.6800,8.6700,8.6700,817800,7091520.0000,3
2025-05-16,20250516142500000,sz.002842,8.6700,8.6700,8.6100,8.6100,194400,1678624.0000,3
2025-05-16,20250516143000000,sz.002842,8.6100,8.6100,8.6000,8.6000,424500,3652480.0000,3
2025-05-16,20250516143500000,sz.002842,8.6000,8.6100,8.5100,8.5300,805400,6909977.0000,3
2025-05-16,20250516144000000,sz.002842,8.5400,8.5700,8.5400,8.5600,299100,2556932.0000,3
2025-05-16,20250516144500000,sz.002842,8.5600,8.5900,8.5300,8.5400,328000,2809472.0000,3
2025-05-16,20250516145000000,sz.002842,8.5400,8.5500,8.5300,8.5400,489900,4182977.0000,3
2025-05-16,20250516145500000,sz.002842,8.5300,8.5400,8.5200,8.5200,1101200,9391809.0000,3
2025-05-16,20250516150000000,sz.002842,8.5200,8.5700,8.5200,8.5600,1456100,12443581.0000,3
2025-05-19,20250519093500000,sz.002842,8.6500,8.6500,8.2900,8.4600,7958000,67251728.0000,3
2025-05-19,20250519094000000,sz.002842,8.4400,8.4500,8.2900,8.2900,3976800,33135080.0000,3
2025-05-19,20250519094500000,sz.002842,8.2900,8.3300,8.2300,8.2500,3620300,29984440.0000,3
2025-05-19,20250519095000000,sz.002842,8.2500,8.3000,8.2100,8.2400,2081600,17191760.0000,3
2025-05-19,20250519095500000,sz.002842,8.2400,8.2500,8.1800,8.2200,2260200,18552480.0000,3
2025-05-19,20250519100000000,sz.002842,8.2200,8.2900,8.2100,8.2900,1061500,8764832.0000,3
2025-05-19,20250519100500000,sz.002842,8.2900,8.3400,8.2500,8.3100,1160000,9617696.0000,3
2025-05-19,20250519101000000,sz.002842,8.3000,8.3100,8.2400,8.2500,810500,6698896.0000,3
2025-05-19,20250519101500000,sz.002842,8.2400,8.3200,8.2400,8.3100,1031800,8522272.0000,3
2025-05-19,20250519102000000,sz.002842,8.3100,8.3100,8.2200,8.2500,842400,6965280.0000,3
2025-05-19,20250519102500000,sz.002842,8.2400,8.2800,8.2200,8.2500,569600,4699568.0000,3
2025-05-19,20250519103000000,sz.002842,8.2500,8.2600,8.2000,8.2300,722300,5937488.0000,3
2025-05-19,20250519103500000,sz.002842,8.2300,8.2400,8.2100,8.2200,466700,3838480.0000,3
2025-05-19,20250519104000000,sz.002842,8.2100,8.2200,8.1800,8.1800,1193000,9776544.0000,3
2025-05-19,20250519104500000,sz.002842,8.1800,8.2200,8.1800,8.2000,672700,5517936.0000,3
2025-05-19,20250519105000000,sz.002842,8.1900,8.2400,8.1900,8.2300,263000,2162464.0000,3
2025-05-19,20250519105500000,sz.002842,8.2400,8.2400,8.2000,8.2000,396000,3251904.0000,3
2025-05-19,20250519110000000,sz.002842,8.2000,8.2300,8.2000,8.2100,556100,4568912.0000,3
2025-05-19,20250519110500000,sz.002842,8.2100,8.2600,8.2000,8.2500,443900,3652688.0000,3
2025-05-19,20250519111000000,sz.002842,8.2500,8.2600,8.2100,8.2300,376300,3097984.0000,3
2025-05-19,20250519111500000,sz.002842,8.2300,8.2400,8.2100,8.2100,302900,2491616.0000,3
2025-05-19,20250519112000000,sz.002842,8.2100,8.2100,8.1800,8.1900,550900,4514944.0000,3
2025-05-19,20250519112500000,sz.002842,8.1900,8.2100,8.1800,8.1900,342100,2803872.0000,3
2025-05-19,20250519113000000,sz.002842,8.1800,8.2100,8.1800,8.1900,324500,2658368.0000,3
2025-05-19,20250519130500000,sz.002842,8.2000,8.2100,8.1200,8.1500,1745200,14217392.0000,3
2025-05-19,20250519131000000,sz.002842,8.1500,8.1800,8.1100,8.1600,654400,5323936.0000,3
2025-05-19,20250519131500000,sz.002842,8.1600,8.1700,8.1300,8.1400,373700,3047904.0000,3
2025-05-19,20250519132000000,sz.002842,8.1400,8.1600,8.1200,8.1300,480200,3905728.0000,3
2025-05-19,20250519132500000,sz.002842,8.1200,8.1500,8.1200,8.1200,463000,3765472.0000,3
2025-05-19,20250519133000000,sz.002842,8.1100,8.1400,8.1100,8.1300,954800,7749440.0000,3
2025-05-19,20250519133500000,sz.002842,8.1200,8.1700,8.1200,8.1700,590000,4806080.0000,3
2025-05-19,20250519134000000,sz.002842,8.1600,8.1900,8.1600,8.1600,828700,6764640.0000,3
2025-05-19,20250519134500000,sz.002842,8.1600,8.1700,8.1500,8.1500,260500,2126016.0000,3
2025-05-19,20250519135000000,sz.002842,8.1500,8.1500,8.1400,8.1400,229700,1870912.0000,3
2025-05-19,20250519135500000,sz.002842,8.1400,8.1500,8.1300,8.1500,243100,1979488.0000,3
2025-05-19,20250519140000000,sz.002842,8.1500,8.1600,8.1200,8.1500,527100,4287776.0000,3
2025-05-19,20250519140500000,sz.002842,8.1400,8.1500,8.1300,8.1500,331800,2701472.0000,3
2025-05-19,20250519141000000,sz.002842,8.1500,8.1700,8.1400,8.1500,390600,3187104.0000,3
2025-05-19,20250519141500000,sz.002842,8.1500,8.1800,8.1400,8.1600,436300,3561760.0000,3
2025-05-19,20250519142000000,sz.002842,8.1600,8.1600,8.1300,8.1400,467200,3804512.0000,3
2025-05-19,20250519142500000,sz.002842,8.1400,8.1500,8.1200,8.1300,403100,3277408.0000,3
2025-05-19,20250519143000000,sz.002842,8.1400,8.1500,8.1200,8.1200,367100,2986016.0000,3
2025-05-19,20250519143500000,sz.002842,8.1200,8.1500,8.1200,8.1400,460000,3740416.0000,3
2025-05-19,20250519144000000,sz.002842,8.1400,8.1400,8.1200,8.1400,400200,3253440.0000,3
2025-05-19,20250519144500000,sz.002842,8.1300,8.1400,8.1200,8.1300,681600,5543168.0000,3
2025-05-19,20250519145000000,sz.002842,8.1300,8.1500,8.1300,8.1300,986300,8022272.0000,3
2025-05-19,20250519145500000,sz.002842,8.1400,8.1500,8.1200,8.1300,1357300,11042304.0000,3
2025-05-19,20250519150000000,sz.002842,8.1300,8.1300,8.1100,8.1200,1450800,11784416.0000,3
2025-05-20,20250520093500000,sz.002842,8.1100,8.1100,7.9800,8.0300,3044900,24471384.0000,3
2025-05-20,20250520094000000,sz.002842,8.0300,8.0900,8.0200,8.0600,1685700,13598368.0000,3
2025-05-20,20250520094500000,sz.002842,8.0600,8.0900,8.0100,8.0100,1394100,11214344.0000,3
2025-05-20,20250520095000000,sz.002842,8.0200,8.0400,7.9900,8.0100,1474400,11812624.0000,3
2025-05-20,20250520095500000,sz.002842,8.0000,8.0000,7.9600,7.9600,2214900,17661624.0000,3
2025-05-20,20250520100000000,sz.002842,7.9600,7.9700,7.9300,7.9600,1342800,10673456.0000,3
2025-05-20,20250520100500000,sz.002842,7.9500,8.0000,7.9500,7.9900,696200,5555872.0000,3
2025-05-20,20250520101000000,sz.002842,8.0000,8.0200,7.9700,7.9800,960500,7672808.0000,3
2025-05-20,20250520101500000,sz.002842,7.9800,8.0100,7.9800,8.0100,646200,5164600.0000,3
2025-05-20,20250520102000000,sz.002842,8.0000,8.0400,8.0000,8.0300,468300,3757056.0000,3
2025-05-20,20250520102500000,sz.002842,8.0300,8.0600,8.0100,8.0600,382000,3068056.0000,3
2025-05-20,20250520103000000,sz.002842,8.0600,8.0600,8.0200,8.0400,369100,2967344.0000,3
2025-05-20,20250520103500000,sz.002842,8.0400,8.1000,8.0400,8.0900,990700,8005840.0000,3
2025-05-20,20250520104000000,sz.002842,8.0900,8.0900,8.0600,8.0700,341000,2754792.0000,3
2025-05-20,20250520104500000,sz.002842,8.0700,8.1100,8.0600,8.0800,350200,2832400.0000,3
2025-05-20,20250520105000000,sz.002842,8.0700,8.1000,8.0300,8.1000,385500,3110472.0000,3
2025-05-20,20250520105500000,sz.002842,8.1000,8.1700,8.0800,8.1500,846600,6894256.0000,3
2025-05-20,20250520110000000,sz.002842,8.1400,8.1700,8.1100,8.1300,670400,5460672.0000,3
2025-05-20,20250520110500000,sz.002842,8.1300,8.1300,8.0800,8.1000,408300,3307616.0000,3
2025-05-20,20250520111000000,sz.002842,8.0900,8.1100,8.0700,8.1000,198500,1606352.0000,3
2025-05-20,20250520111500000,sz.002842,8.1000,8.1000,8.0700,8.0700,175300,1417328.0000,3
2025-05-20,20250520112000000,sz.002842,8.0700,8.1000,8.0700,8.0800,152700,1233680.0000,3
2025-05-20,20250520112500000,sz.002842,8.0800,8.1100,8.0700,8.0900,345500,2792832.0000,3
2025-05-20,20250520113000000,sz.002842,8.0900,8.1000,8.0800,8.0900,98900,800112.0000,3
2025-05-20,20250520130500000,sz.002842,8.1200,8.1500,8.1000,8.1200,626100,5088304.0000,3
2025-05-20,20250520131000000,sz.002842,8.1300,8.1500,8.1200,8.1300,486400,3957504.0000,3
2025-05-20,20250520131500000,sz.002842,8.1300,8.1700,8.1300,8.1500,473900,3860128.0000,3
2025-05-20,20250520132000000,sz.002842,8.1400,8.1500,8.1400,8.1500,207000,1686080.0000,3
2025-05-20,20250520132500000,sz.002842,8.1500,8.1600,8.1300,8.1400,335800,2737088.0000,3
2025-05-20,20250520133000000,sz.002842,8.1400,8.1600,8.1400,8.1600,205700,1676672.0000,3
2025-05-20,20250520133500000,sz.002842,8.1700,8.2000,8.1600,8.1900,950500,7770176.0000,3
2025-05-20,20250520134000000,sz.002842,8.1900,8.2100,8.1500,8.1600,681900,5578832.0000,3
2025-05-20,20250520134500000,sz.002842,8.1600,8.1800,8.1500,8.1700,652200,5328640.0000,3
2025-05-20,20250520135000000,sz.002842,8.1600,8.1700,8.1300,8.1400,422800,3445680.0000,3
2025-05-20,20250520135500000,sz.002842,8.1500,8.1600,8.1400,8.1600,243500,1985024.0000,3
2025-05-20,20250520140000000,sz.002842,8.1600,8.1700,8.1500,8.1600,219100,1788016.0000,3
2025-05-20,20250520140500000,sz.002842,8.1800,8.1800,8.1600,8.1600,325400,2657984.0000,3
2025-05-20,20250520141000000,sz.002842,8.1700,8.2000,8.1600,8.1900,809500,6626928.0000,3
2025-05-20,20250520141500000,sz.002842,8.2000,8.2600,8.1800,8.2500,1069300,8796432.0000,3
2025-05-20,20250520142000000,sz.002842,8.2500,8.2600,8.2100,8.2200,554300,4566416.0000,3
2025-05-20,20250520142500000,sz.002842,8.2200,8.2300,8.2000,8.2100,286200,2352016.0000,3
2025-05-20,20250520143000000,sz.002842,8.2100,8.2100,8.1800,8.2100,393300,3224368.0000,3
2025-05-20,20250520143500000,sz.002842,8.2000,8.2300,8.1900,8.2300,331400,2719152.0000,3
2025-05-20,20250520144000000,sz.002842,8.2300,8.2300,8.2000,8.2200,512500,4209424.0000,3
2025-05-20,20250520144500000,sz.002842,8.2200,8.2200,8.1900,8.2100,814100,6680240.0000,3
2025-05-20,20250520145000000,sz.002842,8.2200,8.2300,8.2100,8.2100,590100,4850240.0000,3
2025-05-20,20250520145500000,sz.002842,8.2100,8.2200,8.2100,8.2100,883800,7260000.0000,3
2025-05-20,20250520150000000,sz.002842,8.2100,8.2200,8.2100,8.2200,1527500,12554144.0000,3
2025-05-21,20250521093500000,sz.002842,8.1400,8.1900,8.0200,8.0300,2203300,17805160.0000,3
2025-05-21,20250521094000000,sz.002842,8.0200,8.0900,8.0100,8.0300,1172600,9430222.0000,3
2025-05-21,20250521094500000,sz.002842,8.0300,8.0500,8.0200,8.0400,709500,5700996.0000,3
2025-05-21,20250521095000000,sz.002842,8.0400,8.0500,8.0100,8.0200,1018400,8171982.0000,3
2025-05-21,20250521095500000,sz.002842,8.0200,8.0300,7.9900,8.0000,1727700,13832104.0000,3
2025-05-21,20250521100000000,sz.002842,8.0100,8.0400,7.9900,8.0100,772200,6191476.0000,3
2025-05-21,20250521100500000,sz.002842,8.0100,8.0100,7.9900,7.9900,668800,5346748.0000,3
2025-05-21,20250521101000000,sz.002842,7.9900,8.0000,7.9700,7.9700,635500,5073096.0000,3
2025-05-21,20250521101500000,sz.002842,7.9800,8.0000,7.9600,7.9600,788500,6286416.0000,3
2025-05-21,20250521102000000,sz.002842,7.9500,7.9800,7.9500,7.9600,489300,3894880.0000,3
2025-05-21,20250521102500000,sz.002842,7.9600,7.9800,7.9600,7.9700,305300,2433624.0000,3
2025-05-21,20250521103000000,sz.002842,7.9800,8.0000,7.9600,7.9800,398000,3174920.0000,3
2025-05-21,20250521103500000,sz.002842,7.9900,8.0000,7.9300,7.9300,2334400,18521272.0000,3
2025-05-21,20250521104000000,sz.002842,7.9200,7.9300,7.8400,7.8400,2931000,23059744.0000,3
2025-05-21,20250521104500000,sz.002842,7.8500,7.9000,7.8400,7.9000,770700,6067936.0000,3
2025-05-21,20250521105000000,sz.002842,7.9000,7.9100,7.8600,7.8900,506400,3991184.0000,3
2025-05-21,20250521105500000,sz.002842,7.8900,7.8900,7.8600,7.8800,335700,2643648.0000,3
2025-05-21,20250521110000000,sz.002842,7.8700,7.8800,7.8500,7.8700,599200,4710048.0000,3
2025-05-21,20250521110500000,sz.002842,7.8700,7.8900,7.8600,7.8900,333400,2626704.0000,3
2025-05-21,20250521111000000,sz.002842,7.8900,7.9000,7.8700,7.8700,437300,3447072.0000,3
2025-05-21,20250521111500000,sz.002842,7.8800,7.8900,7.8700,7.8900,212200,1672320.0000,3
2025-05-21,20250521112000000,sz.002842,7.8900,7.9200,7.8900,7.9100,436900,3451664.0000,3
2025-05-21,20250521112500000,sz.002842,7.9100,7.9300,7.9000,7.9100,180600,1429344.0000,3
2025-05-21,20250521113000000,sz.002842,7.9100,7.9400,7.9100,7.9400,82000,649872.0000,3
2025-05-21,20250521130500000,sz.002842,7.9200,7.9400,7.8800,7.9000,365200,2886944.0000,3
2025-05-21,20250521131000000,sz.002842,7.9000,7.9100,7.8600,7.8600,270000,2128176.0000,3
2025-05-21,20250521131500000,sz.002842,7.8700,7.8800,7.8600,7.8700,365300,2872848.0000,3
2025-05-21,20250521132000000,sz.002842,7.8600,7.9000,7.8600,7.8900,215700,1699376.0000,3
2025-05-21,20250521132500000,sz.002842,7.8800,7.9500,7.8800,7.9200,402000,3184992.0000,3
2025-05-21,20250521133000000,sz.002842,7.9200,7.9300,7.9000,7.9200,191200,1514416.0000,3
2025-05-21,20250521133500000,sz.002842,7.9200,7.9300,7.9100,7.9200,137600,1090688.0000,3
2025-05-21,20250521134000000,sz.002842,7.9300,7.9400,7.9100,7.9100,219700,1740288.0000,3
2025-05-21,20250521134500000,sz.002842,7.9000,7.9100,7.8900,7.9000,217700,1719680.0000,3
2025-05-21,20250521135000000,sz.002842,7.9000,7.9200,7.9000,7.9100,132500,1047952.0000,3
2025-05-21,20250521135500000,sz.002842,7.9100,7.9300,7.9100,7.9200,105100,832256.0000,3
2025-05-21,20250521140000000,sz.002842,7.9300,7.9300,7.9100,7.9200,220900,1750336.0000,3
2025-05-21,20250521140500000,sz.002842,7.9200,7.9300,7.9000,7.9100,274700,2173536.0000,3
2025-05-21,20250521141000000,sz.002842,7.9100,7.9400,7.9000,7.9100,207500,1642944.0000,3
2025-05-21,20250521141500000,sz.002842,7.9100,7.9100,7.8900,7.9000,241900,1911552.0000,3
2025-05-21,20250521142000000,sz.002842,7.9000,7.9000,7.8700,7.8800,465900,3671664.0000,3
2025-05-21,20250521142500000,sz.002842,7.8900,7.8900,7.8800,7.8900,203600,1604752.0000,3
2025-05-21,20250521143000000,sz.002842,7.8800,7.8900,7.8800,7.8800,216600,1706960.0000,3
2025-05-21,20250521143500000,sz.002842,7.8800,7.9000,7.8800,7.8900,289300,2282864.0000,3
2025-05-21,20250521144000000,sz.002842,7.8900,7.9000,7.8800,7.8800,210200,1657520.0000,3
2025-05-21,20250521144500000,sz.002842,7.8900,7.9000,7.8800,7.8900,396500,3126240.0000,3
2025-05-21,20250521145000000,sz.002842,7.8900,7.8900,7.8700,7.8800,794400,6255024.0000,3
2025-05-21,20250521145500000,sz.002842,7.8800,7.9100,7.8600,7.8900,1948700,15318080.0000,3
2025-05-21,20250521150000000,sz.002842,7.8800,7.8800,7.8500,7.8600,1093700,8591216.0000,3
2025-05-22,20250522093500000,sz.002842,7.8000,7.8500,7.7200,7.7800,1689700,13126088.0000,3
2025-05-22,20250522094000000,sz.002842,7.7700,7.8200,7.7600,7.8200,600000,4677786.0000,3
2025-05-22,20250522094500000,sz.002842,7.8200,7.8400,7.7900,7.8400,640200,4999624.0000,3
2025-05-22,20250522095000000,sz.002842,7.8700,7.8700,7.8200,7.8300,444100,3483428.0000,3
2025-05-22,20250522095500000,sz.002842,7.8300,7.8400,7.8000,7.8000,371600,2904904.0000,3
2025-05-22,20250522100000000,sz.002842,7.8000,7.8300,7.8000,7.8000,209500,1636722.0000,3
2025-05-22,20250522100500000,sz.002842,7.8100,7.8100,7.7800,7.7900,263200,2051874.0000,3
2025-05-22,20250522101000000,sz.002842,7.7900,7.8100,7.7800,7.8100,579200,4509758.0000,3
2025-05-22,20250522101500000,sz.002842,7.8000,7.8000,7.7500,7.7600,833800,6474760.0000,3
2025-05-22,20250522102000000,sz.002842,7.7500,7.7700,7.7500,7.7500,475900,3690376.0000,3
2025-05-22,20250522102500000,sz.002842,7.7500,7.7600,7.7400,7.7400,290400,2249680.0000,3
2025-05-22,20250522103000000,sz.002842,7.7300,7.7500,7.7300,7.7500,459800,3556160.0000,3
2025-05-22,20250522103500000,sz.002842,7.7500,7.7600,7.7400,7.7600,145200,1125728.0000,3
2025-05-22,20250522104000000,sz.002842,7.7600,7.7600,7.7400,7.7400,211400,1637284.0000,3
2025-05-22,20250522104500000,sz.002842,7.7400,7.7600,7.7300,7.7400,174200,1349304.0000,3
2025-05-22,20250522105000000,sz.002842,7.7300,7.7400,7.7100,7.7100,564900,4364648.0000,3
2025-05-22,20250522105500000,sz.002842,7.7100,7.7300,7.7000,7.7100,563400,4345972.0000,3
2025-05-22,20250522110000000,sz.002842,7.7200,7.7300,7.7100,7.7200,126900,979400.0000,3
2025-05-22,20250522110500000,sz.002842,7.7100,7.7300,7.6900,7.7100,583800,4499264.0000,3
2025-05-22,20250522111000000,sz.002842,7.7100,7.7400,7.7000,7.7200,222900,1720784.0000,3
2025-05-22,20250522111500000,sz.002842,7.7200,7.7300,7.7000,7.7100,234700,1810384.0000,3
2025-05-22,20250522112000000,sz.002842,7.7000,7.7200,7.6900,7.7100,299800,2307280.0000,3
2025-05-22,20250522112500000,sz.002842,7.7000,7.7300,7.7000,7.7300,153600,1184952.0000,3
2025-05-22,20250522113000000,sz.002842,7.7300,7.7500,7.7200,7.7500,141200,1092552.0000,3
2025-05-22,20250522130500000,sz.002842,7.7600,7.7700,7.7400,7.7400,253700,1966648.0000,3
2025-05-22,20250522131000000,sz.002842,7.7400,7.7500,7.7300,7.7400,148400,1147088.0000,3
2025-05-22,20250522131500000,sz.002842,7.7300,7.7400,7.7200,7.7200,63200,488392.0000,3
2025-05-22,20250522132000000,sz.002842,7.7300,7.7400,7.7100,7.7300,217800,1683776.0000,3
2025-05-22,20250522132500000,sz.002842,7.7300,7.7400,7.7100,7.7300,124900,964352.0000,3
2025-05-22,20250522133000000,sz.002842,7.7200,7.7200,7.7000,7.7100,82600,636688.0000,3
2025-05-22,20250522133500000,sz.002842,7.7100,7.7300,7.7100,7.7100,307600,2373664.0000,3
2025-05-22,20250522134000000,sz.002842,7.7100,7.7300,7.7100,7.7300,123400,953264.0000,3
2025-05-22,20250522134500000,sz.002842,7.7200,7.7300,7.7000,7.7100,121900,940216.0000,3
2025-05-22,20250522135000000,sz.002842,7.7100,7.7200,7.7000,7.7200,194500,1500016.0000,3
2025-05-22,20250522135500000,sz.002842,7.7200,7.7200,7.7000,7.7200,216300,1666424.0000,3
2025-05-22,20250522140000000,sz.002842,7.7100,7.7400,7.7100,7.7300,275500,2128040.0000,3
2025-05-22,20250522140500000,sz.002842,7.7300,7.7300,7.7200,7.7300,89400,690352.0000,3
2025-05-22,20250522141000000,sz.002842,7.7200,7.7300,7.7100,7.7200,230900,1781520.0000,3
2025-05-22,20250522141500000,sz.002842,7.7100,7.7200,7.7100,7.7200,86200,664976.0000,3
2025-05-22,20250522142000000,sz.002842,7.7100,7.7200,7.7000,7.7000,334600,2574440.0000,3
2025-05-22,20250522142500000,sz.002842,7.7000,7.7100,7.6900,7.7000,115400,888928.0000,3
2025-05-22,20250522143000000,sz.002842,7.7000,7.7100,7.6800,7.7000,171900,1322200.0000,3
2025-05-22,20250522143500000,sz.002842,7.7000,7.7100,7.6900,7.7100,215500,1660032.0000,3
2025-05-22,20250522144000000,sz.002842,7.7100,7.7200,7.7000,7.7000,219700,1694152.0000,3
2025-05-22,20250522144500000,sz.002842,7.6900,7.7100,7.6900,7.7000,156100,1202248.0000,3
2025-05-22,20250522145000000,sz.002842,7.7100,7.7100,7.6900,7.7000,541900,4171464.0000,3
2025-05-22,20250522145500000,sz.002842,7.7000,7.7100,7.7000,7.7100,458900,3535432.0000,3
2025-05-22,20250522150000000,sz.002842,7.7100,7.7100,7.6900,7.7000,273800,2108336.0000,3
2025-05-23,20250523093500000,sz.002842,7.6800,7.7400,7.6800,7.7300,695100,5361183.0000,3
2025-05-23,20250523094000000,sz.002842,7.7300,7.7300,7.6700,7.7100,479000,3683045.0000,3
2025-05-23,20250523094500000,sz.002842,7.7100,7.7200,7.6600,7.6900,405400,3115692.0000,3
2025-05-23,20250523095000000,sz.002842,7.7000,7.7000,7.6700,7.6900,495100,3802697.0000,3
2025-05-23,20250523095500000,sz.002842,7.7000,7.7500,7.6900,7.7500,476000,3674723.0000,3
2025-05-23,20250523100000000,sz.002842,7.7500,7.8000,7.7300,7.8000,566200,4397860.0000,3
2025-05-23,20250523100500000,sz.002842,7.8000,7.8000,7.7700,7.7900,287100,2235564.0000,3
2025-05-23,20250523101000000,sz.002842,7.7900,7.7900,7.7300,7.7300,886700,6873354.0000,3
2025-05-23,20250523101500000,sz.002842,7.7300,7.7600,7.7300,7.7600,190700,1478766.0000,3
2025-05-23,20250523102000000,sz.002842,7.7600,7.7600,7.7200,7.7200,254600,1970464.0000,3
2025-05-23,20250523102500000,sz.002842,7.7300,7.7500,7.7200,7.7400,172700,1335612.0000,3
2025-05-23,20250523103000000,sz.002842,7.7500,7.7700,7.7400,7.7700,175800,1364748.0000,3
2025-05-23,20250523103500000,sz.002842,7.7700,7.8000,7.7600,7.7900,428600,3336656.0000,3
2025-05-23,20250523104000000,sz.002842,7.8000,7.8200,7.7900,7.8100,367100,2866460.0000,3
2025-05-23,20250523104500000,sz.002842,7.8100,7.8100,7.7500,7.7800,513900,3998872.0000,3
2025-05-23,20250523105000000,sz.002842,7.7800,7.7900,7.7400,7.7900,379800,2948632.0000,3
2025-05-23,20250523105500000,sz.002842,7.7900,7.8000,7.7200,7.7700,354000,2746580.0000,3
2025-05-23,20250523110000000,sz.002842,7.7700,7.7800,7.7400,7.7800,276800,2146040.0000,3
2025-05-23,20250523110500000,sz.002842,7.7800,7.8000,7.7500,7.7900,213100,1656900.0000,3
2025-05-23,20250523111000000,sz.002842,7.7900,7.8000,7.7900,7.8000,177500,1382860.0000,3
2025-05-23,20250523111500000,sz.002842,7.7900,7.8000,7.7800,7.7800,153800,1198032.0000,3
2025-05-23,20250523112000000,sz.002842,7.7800,7.7900,7.7800,7.7800,100000,778560.0000,3
2025-05-23,20250523112500000,sz.002842,7.7800,7.7800,7.7700,7.7700,65400,508808.0000,3
2025-05-23,20250523113000000,sz.002842,7.7700,7.7800,7.7500,7.7600,139100,1080724.0000,3
2025-05-23,20250523130500000,sz.002842,7.7600,7.7600,7.7300,7.7400,108800,842700.0000,3
2025-05-23,20250523131000000,sz.002842,7.7300,7.7400,7.7200,7.7300,105700,817200.0000,3
2025-05-23,20250523131500000,sz.002842,7.7200,7.7400,7.7200,7.7400,90800,702056.0000,3
2025-05-23,20250523132000000,sz.002842,7.7400,7.7500,7.7400,7.7500,148800,1152188.0000,3
2025-05-23,20250523132500000,sz.002842,7.7500,7.7600,7.7500,7.7500,53500,414728.0000,3
2025-05-23,20250523133000000,sz.002842,7.7500,7.7600,7.7400,7.7400,52000,402704.0000,3
2025-05-23,20250523133500000,sz.002842,7.7400,7.7500,7.7300,7.7300,109400,846536.0000,3
2025-05-23,20250523134000000,sz.002842,7.7300,7.7400,7.7300,7.7300,83500,645552.0000,3
2025-05-23,20250523134500000,sz.002842,7.7300,7.7300,7.7200,7.7300,111700,863168.0000,3
2025-05-23,20250523135000000,sz.002842,7.7300,7.7300,7.7100,7.7100,224600,1731664.0000,3
2025-05-23,20250523135500000,sz.002842,7.7100,7.7300,7.7100,7.7200,167500,1293392.0000,3
2025-05-23,20250523140000000,sz.002842,7.7300,7.7300,7.7000,7.7000,112800,869864.0000,3
2025-05-23,20250523140500000,sz.002842,7.7000,7.7100,7.6800,7.6900,233500,1796816.0000,3
2025-05-23,20250523141000000,sz.002842,7.7000,7.7000,7.6700,7.6800,333500,2561576.0000,3
2025-05-23,20250523141500000,sz.002842,7.6700,7.6800,7.6500,7.6500,290800,2228880.0000,3
2025-05-23,20250523142000000,sz.002842,7.6500,7.6600,7.6400,7.6600,372900,2852728.0000,3
2025-05-23,20250523142500000,sz.002842,7.6500,7.6700,7.6500,7.6700,143600,1100440.0000,3
2025-05-23,20250523143000000,sz.002842,7.6600,7.6600,7.6400,7.6400,221000,1691168.0000,3
2025-05-23,20250523143500000,sz.002842,7.6500,7.6500,7.6000,7.6100,485100,3694264.0000,3
2025-05-23,20250523144000000,sz.002842,7.6200,7.6300,7.6100,7.6200,218100,1662016.0000,3
2025-05-23,20250523144500000,sz.002842,7.6200,7.6400,7.6200,7.6300,186300,1421536.0000,3
2025-05-23,20250523145000000,sz.002842,7.6300,7.6300,7.6200,7.6200,151300,1153504.0000,3
2025-05-23,20250523145500000,sz.002842,7.6200,7.6300,7.6100,7.6200,610600,4653208.0000,3
2025-05-23,20250523150000000,sz.002842,7.6200,7.6400,7.6100,7.6100,359300,2737904.0000,3
2025-05-26,20250526093500000,sz.002842,7.6700,7.7000,7.5900,7.7000,902500,6909093.0000,3
2025-05-26,20250526094000000,sz.002842,7.6800,7.7400,7.6800,7.7000,838900,6470180.0000,3
2025-05-26,20250526094500000,sz.002842,7.7000,7.7200,7.6800,7.7200,449700,3462551.0000,3
2025-05-26,20250526095000000,sz.002842,7.7100,7.7600,7.7100,7.7300,569800,4406552.0000,3
2025-05-26,20250526095500000,sz.002842,7.7100,7.7300,7.7000,7.7300,281600,2174080.0000,3
2025-05-26,20250526100000000,sz.002842,7.7300,7.7300,7.7200,7.7300,303900,2347828.0000,3
2025-05-26,20250526100500000,sz.002842,7.7200,7.7300,7.7000,7.7000,528800,4078964.0000,3
2025-05-26,20250526101000000,sz.002842,7.7000,7.7000,7.6800,7.6900,190300,1464382.0000,3
2025-05-26,20250526101500000,sz.002842,7.6800,7.6900,7.6700,7.6900,196300,1508152.0000,3
2025-05-26,20250526102000000,sz.002842,7.6800,7.6900,7.6600,7.6600,189600,1454410.0000,3
2025-05-26,20250526102500000,sz.002842,7.6600,7.6800,7.6600,7.6800,134600,1032592.0000,3
2025-05-26,20250526103000000,sz.002842,7.6700,7.6800,7.6700,7.6800,108900,836152.0000,3
2025-05-26,20250526103500000,sz.002842,7.6800,7.6800,7.6500,7.6500,394500,3021484.0000,3
2025-05-26,20250526104000000,sz.002842,7.6500,7.6500,7.6400,7.6500,164700,1259412.0000,3
2025-05-26,20250526104500000,sz.002842,7.6500,7.6600,7.6400,7.6500,174700,1335708.0000,3
2025-05-26,20250526105000000,sz.002842,7.6400,7.6500,7.6400,7.6500,72900,557140.0000,3
2025-05-26,20250526105500000,sz.002842,7.6500,7.6700,7.6500,7.6500,395800,3029356.0000,3
2025-05-26,20250526110000000,sz.002842,7.6500,7.6700,7.6400,7.6700,174500,1336172.0000,3
2025-05-26,20250526110500000,sz.002842,7.6700,7.6700,7.6600,7.6600,66300,508456.0000,3
2025-05-26,20250526111000000,sz.002842,7.6600,7.6600,7.6400,7.6400,141900,1085568.0000,3
2025-05-26,20250526111500000,sz.002842,7.6400,7.6400,7.6200,7.6300,120100,916560.0000,3
2025-05-26,20250526112000000,sz.002842,7.6200,7.6300,7.6100,7.6300,77000,586696.0000,3
2025-05-26,20250526112500000,sz.002842,7.6200,7.6300,7.5900,7.5900,348800,2652580.0000,3
2025-05-26,20250526113000000,sz.002842,7.5900,7.6100,7.5900,7.6100,111500,847732.0000,3
2025-05-26,20250526130500000,sz.002842,7.6100,7.6400,7.6100,7.6200,544200,4145296.0000,3
2025-05-26,20250526131000000,sz.002842,7.6100,7.6200,7.6100,7.6200,111200,846356.0000,3
2025-05-26,20250526131500000,sz.002842,7.6200,7.6200,7.6000,7.6100,61900,470872.0000,3
2025-05-26,20250526132000000,sz.002842,7.6200,7.6400,7.6200,7.6200,106800,814652.0000,3
2025-05-26,20250526132500000,sz.002842,7.6200,7.6400,7.6200,7.6300,96000,732916.0000,3
2025-05-26,20250526133000000,sz.002842,7.6400,7.6400,7.6100,7.6100,152800,1164844.0000,3
2025-05-26,20250526133500000,sz.002842,7.6200,7.6200,7.6100,7.6200,62600,476812.0000,3
2025-05-26,20250526134000000,sz.002842,7.6200,7.6300,7.6200,7.6300,81000,617688.0000,3
2025-05-26,20250526134500000,sz.002842,7.6300,7.6700,7.6200,7.6700,614800,4704284.0000,3
2025-05-26,20250526135000000,sz.002842,7.6700,7.6700,7.6600,7.6700,20400,156384.0000,3
2025-05-26,20250526135500000,sz.002842,7.6700,7.6700,7.6600,7.6700,160600,1231248.0000,3
2025-05-26,20250526140000000,sz.002842,7.6700,7.6900,7.6700,7.6700,108500,832392.0000,3
2025-05-26,20250526140500000,sz.002842,7.6900,7.6900,7.6600,7.6900,162800,1250544.0000,3
2025-05-26,20250526141000000,sz.002842,7.6900,7.6900,7.6600,7.6700,138600,1064056.0000,3
2025-05-26,20250526141500000,sz.002842,7.6700,7.6800,7.6700,7.6700,64900,498240.0000,3
2025-05-26,20250526142000000,sz.002842,7.6600,7.6700,7.6500,7.6500,171800,1315616.0000,3
2025-05-26,20250526142500000,sz.002842,7.6500,7.6500,7.6400,7.6500,79600,608704.0000,3
2025-05-26,20250526143000000,sz.002842,7.6400,7.6600,7.6400,7.6600,94400,721712.0000,3
2025-05-26,20250526143500000,sz.002842,7.6500,7.6600,7.6400,7.6500,196000,1500360.0000,3
2025-05-26,20250526144000000,sz.002842,7.6500,7.6700,7.6500,7.6600,149000,1141232.0000,3
2025-05-26,20250526144500000,sz.002842,7.6600,7.6700,7.6400,7.6500,261400,2000808.0000,3
2025-05-26,20250526145000000,sz.002842,7.6600,7.6700,7.6500,7.6600,125600,962576.0000,3
2025-05-26,20250526145500000,sz.002842,7.6600,7.6700,7.6500,7.6700,403800,3093088.0000,3
2025-05-26,20250526150000000,sz.002842,7.6600,7.6800,7.6600,7.6800,290600,2230224.0000,3
2025-05-27,20250527093500000,sz.002842,7.7600,7.8200,7.6900,7.7300,1268300,9836400.0000,3
2025-05-27,20250527094000000,sz.002842,7.7200,7.7200,7.6300,7.6300,726300,5572999.0000,3
2025-05-27,20250527094500000,sz.002842,7.6300,7.6400,7.5900,7.5900,668500,5085233.0000,3
2025-05-27,20250527095000000,sz.002842,7.6000,7.6100,7.5700,7.5800,1406600,10670048.0000,3
2025-05-27,20250527095500000,sz.002842,7.5700,7.6200,7.5600,7.6200,853100,6459000.0000,3
2025-05-27,20250527100000000,sz.002842,7.6200,7.6400,7.6100,7.6100,156200,1191576.0000,3
2025-05-27,20250527100500000,sz.002842,7.6200,7.6300,7.5800,7.5900,260400,1979264.0000,3
2025-05-27,20250527101000000,sz.002842,7.6000,7.6100,7.5800,7.6000,168200,1277536.0000,3
2025-05-27,20250527101500000,sz.002842,7.6000,7.6200,7.6000,7.6100,177100,1347072.0000,3
2025-05-27,20250527102000000,sz.002842,7.6100,7.6200,7.5900,7.6100,141600,1076828.0000,3
2025-05-27,20250527102500000,sz.002842,7.6000,7.6400,7.5900,7.6400,187500,1427632.0000,3
2025-05-27,20250527103000000,sz.002842,7.6300,7.6600,7.6300,7.6500,299100,2286896.0000,3
2025-05-27,20250527103500000,sz.002842,7.6500,7.6800,7.6400,7.6800,344400,2637144.0000,3
2025-05-27,20250527104000000,sz.002842,7.6800,7.6800,7.6400,7.6500,148400,1136556.0000,3
2025-05-27,20250527104500000,sz.002842,7.6500,7.6600,7.6400,7.6500,168100,1285688.0000,3
2025-05-27,20250527105000000,sz.002842,7.6500,7.6500,7.6200,7.6300,75400,575512.0000,3
2025-05-27,20250527105500000,sz.002842,7.6300,7.6500,7.6300,7.6500,98700,754556.0000,3
2025-05-27,20250527110000000,sz.002842,7.6500,7.6500,7.6200,7.6300,112700,860492.0000,3
2025-05-27,20250527110500000,sz.002842,7.6300,7.6400,7.6200,7.6400,50900,388448.0000,3
2025-05-27,20250527111000000,sz.002842,7.6300,7.6400,7.6200,7.6300,79500,606292.0000,3
2025-05-27,20250527111500000,sz.002842,7.6300,7.6300,7.6100,7.6200,137900,1049820.0000,3
2025-05-27,20250527112000000,sz.002842,7.6300,7.6300,7.6100,7.6200,88100,670700.0000,3
2025-05-27,20250527112500000,sz.002842,7.6100,7.6300,7.6000,7.6100,128500,977908.0000,3
2025-05-27,20250527113000000,sz.002842,7.6100,7.6300,7.6000,7.6200,103000,784408.0000,3
2025-05-27,20250527130500000,sz.002842,7.6200,7.6400,7.6100,7.6300,192500,1467272.0000,3
2025-05-27,20250527131000000,sz.002842,7.6200,7.6600,7.6200,7.6600,201300,1539600.0000,3
2025-05-27,20250527131500000,sz.002842,7.6600,7.6800,7.6500,7.6600,197900,1518224.0000,3
2025-05-27,20250527132000000,sz.002842,7.6600,7.6900,7.6600,7.6700,213200,1636140.0000,3
2025-05-27,20250527132500000,sz.002842,7.6700,7.6700,7.6400,7.6500,151800,1161340.0000,3
2025-05-27,20250527133000000,sz.002842,7.6400,7.6500,7.6300,7.6500,126600,966744.0000,3
2025-05-27,20250527133500000,sz.002842,7.6500,7.6700,7.6500,7.6700,215300,1649920.0000,3
2025-05-27,20250527134000000,sz.002842,7.6700,7.6900,7.6700,7.6800,165000,1267144.0000,3
2025-05-27,20250527134500000,sz.002842,7.6800,7.6800,7.6500,7.6500,298000,2282568.0000,3
2025-05-27,20250527135000000,sz.002842,7.6500,7.6500,7.6400,7.6400,164200,1255464.0000,3
2025-05-27,20250527135500000,sz.002842,7.6400,7.6500,7.6300,7.6500,50600,386664.0000,3
2025-05-27,20250527140000000,sz.002842,7.6400,7.6500,7.6400,7.6400,60100,459472.0000,3
2025-05-27,20250527140500000,sz.002842,7.6500,7.6600,7.6400,7.6500,307400,2351064.0000,3
2025-05-27,20250527141000000,sz.002842,7.6500,7.6500,7.6400,7.6400,120100,918648.0000,3
2025-05-27,20250527141500000,sz.002842,7.6500,7.6700,7.6500,7.6700,101900,780488.0000,3
2025-05-27,20250527142000000,sz.002842,7.6700,7.6900,7.6700,7.6900,115900,889704.0000,3
2025-05-27,20250527142500000,sz.002842,7.6900,7.6900,7.6700,7.6700,134500,1032272.0000,3
2025-05-27,20250527143000000,sz.002842,7.6700,7.6800,7.6600,7.6700,72600,557120.0000,3
2025-05-27,20250527143500000,sz.002842,7.6700,7.6800,7.6600,7.6600,208400,1597592.0000,3
2025-05-27,20250527144000000,sz.002842,7.6600,7.6700,7.6600,7.6700,91000,697752.0000,3
2025-05-27,20250527144500000,sz.002842,7.6700,7.6700,7.6500,7.6600,159900,1225336.0000,3
2025-05-27,20250527145000000,sz.002842,7.6700,7.6800,7.6600,7.6600,283600,2173928.0000,3
2025-05-27,20250527145500000,sz.002842,7.6600,7.6800,7.6600,7.6700,368200,2823040.0000,3
2025-05-27,20250527150000000,sz.002842,7.6600,7.6800,7.6600,7.6800,333900,2563736.0000,3
2025-05-28,20250528093500000,sz.002842,7.6400,7.6900,7.5800,7.6400,1347700,10290256.0000,3
2025-05-28,20250528094000000,sz.002842,7.6400,7.6500,7.6100,7.6400,823700,6270491.0000,3
2025-05-28,20250528094500000,sz.002842,7.6000,7.6300,7.5400,7.5400,1813100,13702121.0000,3
2025-05-28,20250528095000000,sz.002842,7.5400,7.5500,7.5100,7.5100,974000,7327108.0000,3
2025-05-28,20250528095500000,sz.002842,7.5100,7.5200,7.4800,7.4900,859700,6446316.0000,3
2025-05-28,20250528100000000,sz.002842,7.5000,7.5300,7.4900,7.5100,561700,4217368.0000,3
2025-05-28,20250528100500000,sz.002842,7.4900,7.5000,7.4800,7.4900,356600,2670552.0000,3
2025-05-28,20250528101000000,sz.002842,7.5000,7.5000,7.4800,7.4900,234000,1750888.0000,3
2025-05-28,20250528101500000,sz.002842,7.4900,7.4900,7.4400,7.4500,711300,5306772.0000,3
2025-05-28,20250528102000000,sz.002842,7.4500,7.4600,7.4300,7.4600,450000,3350920.0000,3
2025-05-28,20250528102500000,sz.002842,7.4600,7.4600,7.4500,7.4500,252600,1882900.0000,3
2025-05-28,20250528103000000,sz.002842,7.4600,7.4900,7.4600,7.4800,119600,893984.0000,3
2025-05-28,20250528103500000,sz.002842,7.4900,7.5000,7.4800,7.4800,190100,1423880.0000,3
2025-05-28,20250528104000000,sz.002842,7.4800,7.5000,7.4800,7.5000,177700,1330308.0000,3
2025-05-28,20250528104500000,sz.002842,7.4900,7.5100,7.4800,7.5000,193600,1451264.0000,3
2025-05-28,20250528105000000,sz.002842,7.5000,7.5300,7.4900,7.5200,194300,1459400.0000,3
2025-05-28,20250528105500000,sz.002842,7.5100,7.5200,7.5100,7.5200,51400,386248.0000,3
2025-05-28,20250528110000000,sz.002842,7.5200,7.5200,7.4900,7.5000,172700,1295536.0000,3
2025-05-28,20250528110500000,sz.002842,7.5000,7.5000,7.4800,7.4800,183900,1376936.0000,3
2025-05-28,20250528111000000,sz.002842,7.4800,7.4900,7.4700,7.4700,161300,1206712.0000,3
2025-05-28,20250528111500000,sz.002842,7.4700,7.4800,7.4500,7.4500,209200,1561304.0000,3
2025-05-28,20250528112000000,sz.002842,7.4600,7.5200,7.4600,7.4900,558300,4176592.0000,3
2025-05-28,20250528112500000,sz.002842,7.4900,7.4900,7.4700,7.4800,113700,850872.0000,3
2025-05-28,20250528113000000,sz.002842,7.4800,7.5400,7.4800,7.5300,330400,2486336.0000,3
2025-05-28,20250528130500000,sz.002842,7.5600,7.6800,7.5600,7.5600,987900,7521976.0000,3
2025-05-28,20250528131000000,sz.002842,7.5600,7.6100,7.5500,7.6100,380800,2888416.0000,3
2025-05-28,20250528131500000,sz.002842,7.6100,7.6100,7.5700,7.6000,314500,2389080.0000,3
2025-05-28,20250528132000000,sz.002842,7.6100,7.6100,7.5800,7.5900,123500,937712.0000,3
2025-05-28,20250528132500000,sz.002842,7.5800,7.6000,7.5700,7.5900,123800,939168.0000,3
2025-05-28,20250528133000000,sz.002842,7.6000,7.6500,7.5900,7.6500,337300,2567728.0000,3
2025-05-28,20250528133500000,sz.002842,7.6400,7.6500,7.6200,7.6200,379800,2900400.0000,3
2025-05-28,20250528134000000,sz.002842,7.6200,7.6400,7.6200,7.6200,271300,2070000.0000,3
2025-05-28,20250528134500000,sz.002842,7.6200,7.6300,7.6100,7.6100,220200,1677888.0000,3
2025-05-28,20250528135000000,sz.002842,7.6200,7.6400,7.6100,7.6300,289400,2207288.0000,3
2025-05-28,20250528135500000,sz.002842,7.6300,7.6400,7.6000,7.6000,219800,1673712.0000,3
2025-05-28,20250528140000000,sz.002842,7.6000,7.6100,7.5900,7.5900,174500,1325840.0000,3
2025-05-28,20250528140500000,sz.002842,7.6000,7.6000,7.5600,7.5800,121400,920304.0000,3
2025-05-28,20250528141000000,sz.002842,7.5800,7.6000,7.5800,7.5800,317000,2406480.0000,3
2025-05-28,20250528141500000,sz.002842,7.5900,7.5900,7.5800,7.5900,108600,823728.0000,3
2025-05-28,20250528142000000,sz.002842,7.5800,7.5900,7.5700,7.5700,161900,1226648.0000,3
2025-05-28,20250528142500000,sz.002842,7.5800,7.5900,7.5600,7.5700,124400,941864.0000,3
2025-05-28,20250528143000000,sz.002842,7.5800,7.6000,7.5800,7.5900,78500,595552.0000,3
2025-05-28,20250528143500000,sz.002842,7.6000,7.6200,7.5800,7.6200,202700,1539520.0000,3
2025-05-28,20250528144000000,sz.002842,7.6200,7.6200,7.5900,7.6000,152300,1157824.0000,3
2025-05-28,20250528144500000,sz.002842,7.6000,7.6100,7.5900,7.6100,275500,2095248.0000,3
2025-05-28,20250528145000000,sz.002842,7.6000,7.6100,7.5900,7.6000,243300,1848744.0000,3
2025-05-28,20250528145500000,sz.002842,7.6000,7.6000,7.5800,7.5900,367700,2790352.0000,3
2025-05-28,20250528150000000,sz.002842,7.6000,7.6000,7.5900,7.6000,302700,2299792.0000,3
2025-05-29,20250529093500000,sz.002842,7.5600,7.6200,7.5300,7.5400,967000,7325071.0000,3
2025-05-29,20250529094000000,sz.002842,7.5400,7.6300,7.5400,7.6100,663500,5039395.0000,3
2025-05-29,20250529094500000,sz.002842,7.6200,7.6600,7.6000,7.6600,704300,5378188.0000,3
2025-05-29,20250529095000000,sz.002842,7.6600,7.6700,7.6200,7.6300,900500,6891552.0000,3
2025-05-29,20250529095500000,sz.002842,7.6300,7.7400,7.6300,7.7200,1253800,9628650.0000,3
2025-05-29,20250529100000000,sz.002842,7.7300,7.7700,7.6900,7.7500,948700,7336032.0000,3
2025-05-29,20250529100500000,sz.002842,7.7500,7.7700,7.7400,7.7600,876300,6796000.0000,3
2025-05-29,20250529101000000,sz.002842,7.7600,7.8200,7.7600,7.8000,1373700,10708136.0000,3
2025-05-29,20250529101500000,sz.002842,7.8000,7.8200,7.7900,7.8000,708100,5528620.0000,3
2025-05-29,20250529102000000,sz.002842,7.8000,7.8200,7.7900,7.8000,440000,3435244.0000,3
2025-05-29,20250529102500000,sz.002842,7.8000,7.8200,7.7900,7.7900,303700,2368776.0000,3
2025-05-29,20250529103000000,sz.002842,7.8000,7.8300,7.7900,7.8200,811300,6340480.0000,3
2025-05-29,20250529103500000,sz.002842,7.8300,7.8400,7.8000,7.8200,540200,4224760.0000,3
2025-05-29,20250529104000000,sz.002842,7.8200,7.8400,7.8000,7.8400,425600,3329504.0000,3
2025-05-29,20250529104500000,sz.002842,7.8300,7.9300,7.8300,7.8800,1567200,12352784.0000,3
2025-05-29,20250529105000000,sz.002842,7.8900,8.0100,7.8800,7.9800,3377400,26898376.0000,3
2025-05-29,20250529105500000,sz.002842,8.0000,8.0500,7.9700,7.9700,2302200,18442320.0000,3
2025-05-29,20250529110000000,sz.002842,7.9700,7.9700,7.9300,7.9300,357200,2839072.0000,3
2025-05-29,20250529110500000,sz.002842,7.9400,7.9900,7.9200,7.9500,518300,4119648.0000,3
2025-05-29,20250529111000000,sz.002842,7.9500,8.0000,7.9300,7.9700,553200,4407408.0000,3
2025-05-29,20250529111500000,sz.002842,7.9700,8.0200,7.9600,7.9900,752400,6015040.0000,3
2025-05-29,20250529112000000,sz.002842,7.9900,7.9900,7.9200,7.9300,163300,1298464.0000,3
2025-05-29,20250529112500000,sz.002842,7.9300,7.9300,7.9000,7.9300,309300,2449040.0000,3
2025-05-29,20250529113000000,sz.002842,7.9300,7.9600,7.9200,7.9400,236300,1875408.0000,3
2025-05-29,20250529130500000,sz.002842,7.9300,7.9600,7.9200,7.9200,429800,3414448.0000,3
2025-05-29,20250529131000000,sz.002842,7.9200,7.9300,7.9100,7.9200,145400,1151504.0000,3
2025-05-29,20250529131500000,sz.002842,7.9200,7.9200,7.8900,7.8900,183700,1450800.0000,3
2025-05-29,20250529132000000,sz.002842,7.9000,7.9000,7.8800,7.8900,182500,1439152.0000,3
2025-05-29,20250529132500000,sz.002842,7.8800,7.8800,7.8700,7.8700,227800,1793920.0000,3
2025-05-29,20250529133000000,sz.002842,7.8800,7.8800,7.8700,7.8800,193200,1521248.0000,3
2025-05-29,20250529133500000,sz.002842,7.8800,7.8800,7.8600,7.8600,148700,1170128.0000,3
2025-05-29,20250529134000000,sz.002842,7.8700,7.8800,7.8600,7.8800,52100,409952.0000,3
2025-05-29,20250529134500000,sz.002842,7.8800,7.8800,7.8600,7.8700,100600,791984.0000,3
2025-05-29,20250529135000000,sz.002842,7.8700,7.8700,7.8500,7.8600,359100,2822400.0000,3
2025-05-29,20250529135500000,sz.002842,7.8600,7.8700,7.8600,7.8700,185700,1459920.0000,3
2025-05-29,20250529140000000,sz.002842,7.8700,7.8700,7.8500,7.8500,97700,767872.0000,3
2025-05-29,20250529140500000,sz.002842,7.8600,7.8600,7.8200,7.8200,423300,3319136.0000,3
2025-05-29,20250529141000000,sz.002842,7.8300,7.8400,7.8200,7.8300,88500,693744.0000,3
2025-05-29,20250529141500000,sz.002842,7.8400,7.8400,7.8200,7.8200,202600,1585808.0000,3
2025-05-29,20250529142000000,sz.002842,7.8200,7.8200,7.8000,7.8100,230200,1796880.0000,3
2025-05-29,20250529142500000,sz.002842,7.8000,7.8100,7.7900,7.8000,202900,1582288.0000,3
2025-05-29,20250529143000000,sz.002842,7.8100,7.8100,7.7900,7.8000,145700,1136352.0000,3
2025-05-29,20250529143500000,sz.002842,7.8000,7.8400,7.8000,7.8400,388100,3035984.0000,3
2025-05-29,20250529144000000,sz.002842,7.8300,7.8300,7.8100,7.8100,390800,3055472.0000,3
2025-05-29,20250529144500000,sz.002842,7.8200,7.8200,7.8000,7.8100,343400,2681456.0000,3
2025-05-29,20250529145000000,sz.002842,7.8100,7.8100,7.8000,7.8100,357300,2788912.0000,3
2025-05-29,20250529145500000,sz.002842,7.8100,7.8400,7.8000,7.8300,563800,4413280.0000,3
2025-05-29,20250529150000000,sz.002842,7.8300,7.8400,7.8200,7.8300,556900,4361344.0000,3
2025-05-30,20250530093500000,sz.002842,7.8300,7.8300,7.6900,7.7000,2426000,18842412.0000,3
2025-05-30,20250530094000000,sz.002842,7.7200,7.8800,7.7100,7.8700,1610900,12564036.0000,3
2025-05-30,20250530094500000,sz.002842,7.8600,7.8600,7.7800,7.8300,1138900,8907400.0000,3
2025-05-30,20250530095000000,sz.002842,7.8300,7.8500,7.8000,7.8000,1115700,8715564.0000,3
2025-05-30,20250530095500000,sz.002842,7.8000,7.8700,7.7700,7.8500,1145000,8941848.0000,3
2025-05-30,20250530100000000,sz.002842,7.8400,7.8500,7.8200,7.8200,550700,4314676.0000,3
2025-05-30,20250530100500000,sz.002842,7.8300,7.8700,7.8100,7.8600,576100,4514144.0000,3
2025-05-30,20250530101000000,sz.002842,7.8700,7.8800,7.8500,7.8600,538400,4232592.0000,3
2025-05-30,20250530101500000,sz.002842,7.8600,7.8600,7.8300,7.8400,308900,2423912.0000,3
2025-05-30,20250530102000000,sz.002842,7.8400,7.8500,7.8100,7.8400,423300,3317192.0000,3
2025-05-30,20250530102500000,sz.002842,7.8400,7.9500,7.8400,7.9200,815300,6443896.0000,3
2025-05-30,20250530103000000,sz.002842,7.9200,7.9300,7.8900,7.9000,540400,4281656.0000,3
2025-05-30,20250530103500000,sz.002842,7.9000,7.9000,7.8600,7.8700,340600,2682800.0000,3
2025-05-30,20250530104000000,sz.002842,7.8700,7.8700,7.8300,7.8400,426500,3348224.0000,3
2025-05-30,20250530104500000,sz.002842,7.8500,7.8500,7.8300,7.8500,189600,1487312.0000,3
2025-05-30,20250530105000000,sz.002842,7.8500,7.8600,7.8300,7.8300,358800,2813768.0000,3
2025-05-30,20250530105500000,sz.002842,7.8400,7.8600,7.8400,7.8400,174700,1371496.0000,3
2025-05-30,20250530110000000,sz.002842,7.8500,7.8500,7.8300,7.8400,129400,1014496.0000,3
2025-05-30,20250530110500000,sz.002842,7.8500,7.8500,7.8100,7.8100,245400,1919456.0000,3
2025-05-30,20250530111000000,sz.002842,7.8100,7.8200,7.8000,7.8100,250000,1951520.0000,3
2025-05-30,20250530111500000,sz.002842,7.8200,7.8700,7.8200,7.8500,183700,1441544.0000,3
2025-05-30,20250530112000000,sz.002842,7.8500,7.8700,7.8500,7.8500,137400,1079720.0000,3
2025-05-30,20250530112500000,sz.002842,7.8500,7.8500,7.8200,7.8300,117100,917824.0000,3
2025-05-30,20250530113000000,sz.002842,7.8300,7.8500,7.8200,7.8500,176500,1382856.0000,3
2025-05-30,20250530130500000,sz.002842,7.8500,7.9600,7.8500,7.8800,934700,7395528.0000,3
2025-05-30,20250530131000000,sz.002842,7.8900,7.9000,7.8700,7.9000,310000,2444112.0000,3
2025-05-30,20250530131500000,sz.002842,7.9000,7.9700,7.9000,7.9600,479900,3808264.0000,3
2025-05-30,20250530132000000,sz.002842,7.9700,8.0000,7.9500,7.9900,1066400,8509888.0000,3
2025-05-30,20250530132500000,sz.002842,8.0000,8.0400,7.9900,7.9900,853100,6836872.0000,3
2025-05-30,20250530133000000,sz.002842,8.0000,8.0300,7.9800,8.0200,486100,3894816.0000,3
2025-05-30,20250530133500000,sz.002842,8.0100,8.1000,8.0000,8.0600,1627300,13114944.0000,3
2025-05-30,20250530134000000,sz.002842,8.0600,8.1700,8.0500,8.1700,2599300,21099760.0000,3
2025-05-30,20250530134500000,sz.002842,8.1700,8.2700,8.1200,8.2600,3407000,27979264.0000,3
2025-05-30,20250530135000000,sz.002842,8.2400,8.2400,8.1300,8.1500,1240200,10156432.0000,3
2025-05-30,20250530135500000,sz.002842,8.1500,8.1500,8.1000,8.1100,524200,4255632.0000,3
2025-05-30,20250530140000000,sz.002842,8.1100,8.1300,8.0900,8.1000,466700,3784704.0000,3
2025-05-30,20250530140500000,sz.002842,8.1000,8.1000,8.0700,8.0900,348600,2818304.0000,3
2025-05-30,20250530141000000,sz.002842,8.0800,8.1000,8.0800,8.0900,210900,1706336.0000,3
2025-05-30,20250530141500000,sz.002842,8.0900,8.1000,8.0800,8.0900,202600,1639936.0000,3
2025-05-30,20250530142000000,sz.002842,8.0900,8.1100,8.0600,8.0600,309800,2502224.0000,3
2025-05-30,20250530142500000,sz.002842,8.0600,8.0700,8.0400,8.0400,245000,1973552.0000,3
2025-05-30,20250530143000000,sz.002842,8.0400,8.0700,8.0300,8.0500,417800,3360048.0000,3
2025-05-30,20250530143500000,sz.002842,8.0500,8.0700,8.0400,8.0500,259200,2087872.0000,3
2025-05-30,20250530144000000,sz.002842,8.0500,8.0500,8.0300,8.0300,309200,2485424.0000,3
2025-05-30,20250530144500000,sz.002842,8.0300,8.0900,8.0300,8.0800,897900,7238016.0000,3
2025-05-30,20250530145000000,sz.002842,8.0700,8.0900,8.0600,8.0600,594800,4801424.0000,3
2025-05-30,20250530145500000,sz.002842,8.0600,8.1100,8.0600,8.1000,1412400,11418784.0000,3
2025-05-30,20250530150000000,sz.002842,8.1000,8.1100,8.0800,8.1100,956700,7751888.0000,3
2025-06-03,20250603093500000,sz.002842,8.1100,8.1800,7.9700,7.9800,2754400,22239576.0000,3
2025-06-03,20250603094000000,sz.002842,7.9800,8.0300,7.9700,7.9900,1141100,9119744.0000,3
2025-06-03,20250603094500000,sz.002842,7.9900,8.0800,7.9900,8.0700,926100,7435416.0000,3
2025-06-03,20250603095000000,sz.002842,8.0600,8.0700,8.0100,8.0200,680000,5457672.0000,3
2025-06-03,20250603095500000,sz.002842,8.0200,8.1100,8.0200,8.0900,832200,6722656.0000,3
2025-06-03,20250603100000000,sz.002842,8.0900,8.1100,8.0800,8.0900,414600,3357344.0000,3
2025-06-03,20250603100500000,sz.002842,8.0900,8.1700,8.0800,8.1000,949400,7715924.0000,3
2025-06-03,20250603101000000,sz.002842,8.1000,8.1100,8.0600,8.0900,475900,3847864.0000,3
2025-06-03,20250603101500000,sz.002842,8.0900,8.1200,8.0800,8.1000,371000,3004628.0000,3
2025-06-03,20250603102000000,sz.002842,8.1000,8.1300,8.1000,8.1200,258300,2094848.0000,3
2025-06-03,20250603102500000,sz.002842,8.1100,8.1500,8.0900,8.1000,415200,3373712.0000,3
2025-06-03,20250603103000000,sz.002842,8.1000,8.1100,8.0700,8.0800,240800,1948208.0000,3
2025-06-03,20250603103500000,sz.002842,8.0800,8.1000,8.0700,8.0800,269900,2183048.0000,3
2025-06-03,20250603104000000,sz.002842,8.0800,8.1600,8.0800,8.1300,852900,6944624.0000,3
2025-06-03,20250603104500000,sz.002842,8.1200,8.1800,8.1100,8.1400,746900,6082744.0000,3
2025-06-03,20250603105000000,sz.002842,8.1400,8.2300,8.1200,8.1800,1663600,13604728.0000,3
2025-06-03,20250603105500000,sz.002842,8.1800,8.3900,8.1600,8.3200,3646500,30224016.0000,3
2025-06-03,20250603110000000,sz.002842,8.3200,8.3700,8.2400,8.2500,1285300,10682256.0000,3
2025-06-03,20250603110500000,sz.002842,8.2500,8.3200,8.2300,8.2700,873200,7206624.0000,3
2025-06-03,20250603111000000,sz.002842,8.2700,8.2700,8.2100,8.2100,609200,5014400.0000,3
2025-06-03,20250603111500000,sz.002842,8.2100,8.2300,8.2000,8.2200,443100,3643600.0000,3
2025-06-03,20250603112000000,sz.002842,8.2200,8.2200,8.2000,8.2100,358400,2943488.0000,3
2025-06-03,20250603112500000,sz.002842,8.2100,8.2800,8.2000,8.2700,548500,4511552.0000,3
2025-06-03,20250603113000000,sz.002842,8.2800,8.2900,8.2400,8.2700,417500,3455776.0000,3
2025-06-03,20250603130500000,sz.002842,8.2800,8.3000,8.2200,8.2300,851200,7029680.0000,3
2025-06-03,20250603131000000,sz.002842,8.2200,8.2700,8.2100,8.2700,269100,2213808.0000,3
2025-06-03,20250603131500000,sz.002842,8.2700,8.2900,8.2400,8.2600,473700,3915744.0000,3
2025-06-03,20250603132000000,sz.002842,8.2500,8.2600,8.2400,8.2500,213000,1756928.0000,3
2025-06-03,20250603132500000,sz.002842,8.2500,8.3000,8.2200,8.3000,513800,4245344.0000,3
2025-06-03,20250603133000000,sz.002842,8.3000,8.3200,8.2800,8.2900,674400,5601120.0000,3
2025-06-03,20250603133500000,sz.002842,8.3000,8.4800,8.2800,8.4800,3595500,30261280.0000,3
2025-06-03,20250603134000000,sz.002842,8.4800,8.4800,8.3800,8.4000,924600,7785360.0000,3
2025-06-03,20250603134500000,sz.002842,8.4000,8.4400,8.3900,8.4200,651400,5487024.0000,3
2025-06-03,20250603135000000,sz.002842,8.4200,8.4200,8.3900,8.4000,283900,2386736.0000,3
2025-06-03,20250603135500000,sz.002842,8.4100,8.5600,8.4000,8.5200,2244200,19075648.0000,3
2025-06-03,20250603140000000,sz.002842,8.5200,8.7200,8.5200,8.6100,4141800,35768736.0000,3
2025-06-03,20250603140500000,sz.002842,8.6100,8.6100,8.5200,8.5300,702300,6012064.0000,3
2025-06-03,20250603141000000,sz.002842,8.5300,8.5400,8.4800,8.4800,936500,7979072.0000,3
2025-06-03,20250603141500000,sz.002842,8.5000,8.5200,8.4200,8.4600,841600,7124288.0000,3
2025-06-03,20250603142000000,sz.002842,8.4700,8.4700,8.4300,8.4400,795200,6714624.0000,3
2025-06-03,20250603142500000,sz.002842,8.4400,8.4600,8.4200,8.4400,668200,5641568.0000,3
2025-06-03,20250603143000000,sz.002842,8.4400,8.4800,8.4400,8.4700,435400,3684288.0000,3
2025-06-03,20250603143500000,sz.002842,8.4700,8.4700,8.4100,8.4300,718000,6057728.0000,3
2025-06-03,20250603144000000,sz.002842,8.4200,8.4300,8.4100,8.4200,451200,3797984.0000,3
2025-06-03,20250603144500000,sz.002842,8.4200,8.4300,8.3800,8.3900,822200,6912384.0000,3
2025-06-03,20250603145000000,sz.002842,8.3900,8.4200,8.3800,8.4200,761400,6391776.0000,3
2025-06-03,20250603145500000,sz.002842,8.4100,8.4200,8.4000,8.4200,864900,7277056.0000,3
2025-06-03,20250603150000000,sz.002842,8.4200,8.5400,8.4100,8.5400,1191200,10131040.0000,3
2025-06-04,20250604093500000,sz.002842,8.4800,8.6500,8.4400,8.6400,4859700,41511528.0000,3
2025-06-04,20250604094000000,sz.002842,8.6500,8.8500,8.6500,8.8500,7363600,64319352.0000,3
2025-06-04,20250604094500000,sz.002842,8.8500,8.8500,8.6600,8.7000,3298800,28802752.0000,3
2025-06-04,20250604095000000,sz.002842,8.6900,8.6900,8.5700,8.6300,2053900,17712832.0000,3
2025-06-04,20250604095500000,sz.002842,8.6200,8.8500,8.6200,8.7800,2719600,23842704.0000,3
2025-06-04,20250604100000000,sz.002842,8.7900,8.8300,8.7700,8.8200,1592800,14016640.0000,3
2025-06-04,20250604100500000,sz.002842,8.8100,8.8100,8.7100,8.7300,1343000,11779184.0000,3
2025-06-04,20250604101000000,sz.002842,8.7400,8.7400,8.6500,8.7200,1223400,10631568.0000,3
2025-06-04,20250604101500000,sz.002842,8.7200,8.7300,8.6700,8.6800,693300,6028048.0000,3
2025-06-04,20250604102000000,sz.002842,8.6700,8.6900,8.6200,8.6200,1127500,9755904.0000,3
2025-06-04,20250604102500000,sz.002842,8.6200,8.6700,8.6000,8.6500,1391600,12003808.0000,3
2025-06-04,20250604103000000,sz.002842,8.6500,8.6500,8.5700,8.6100,1105400,9503344.0000,3
2025-06-04,20250604103500000,sz.002842,8.6100,8.6600,8.6100,8.6500,1001900,8652912.0000,3
2025-06-04,20250604104000000,sz.002842,8.6400,8.6900,8.5900,8.6000,1044700,9020432.0000,3
2025-06-04,20250604104500000,sz.002842,8.6000,8.6200,8.5700,8.6200,604700,5193648.0000,3
2025-06-04,20250604105000000,sz.002842,8.6200,8.6700,8.6100,8.6500,667200,5759936.0000,3
2025-06-04,20250604105500000,sz.002842,8.6500,8.6600,8.6300,8.6400,365500,3159456.0000,3
2025-06-04,20250604110000000,sz.002842,8.6400,8.6500,8.6300,8.6300,249500,2154816.0000,3
2025-06-04,20250604110500000,sz.002842,8.6300,8.6800,8.6300,8.6500,392400,3395712.0000,3
2025-06-04,20250604111000000,sz.002842,8.6600,8.6600,8.6300,8.6600,392900,3398496.0000,3
2025-06-04,20250604111500000,sz.002842,8.6600,8.7000,8.6500,8.6600,287000,2489248.0000,3
2025-06-04,20250604112000000,sz.002842,8.6600,8.6600,8.6000,8.6000,484000,4171360.0000,3
2025-06-04,20250604112500000,sz.002842,8.6000,8.6200,8.5600,8.5600,498300,4277984.0000,3
2025-06-04,20250604113000000,sz.002842,8.5700,8.6000,8.5600,8.5900,495000,4244192.0000,3
2025-06-04,20250604130500000,sz.002842,8.5800,8.6600,8.5800,8.6600,619600,5340576.0000,3
2025-06-04,20250604131000000,sz.002842,8.6700,8.8300,8.6300,8.7700,1584800,13844608.0000,3
2025-06-04,20250604131500000,sz.002842,8.7800,8.8100,8.7300,8.7600,1087300,9546848.0000,3
2025-06-04,20250604132000000,sz.002842,8.7700,8.7800,8.7100,8.7500,626000,5474272.0000,3
2025-06-04,20250604132500000,sz.002842,8.7400,8.7500,8.7100,8.7300,399900,3491456.0000,3
2025-06-04,20250604133000000,sz.002842,8.7300,8.7800,8.6900,8.7800,611100,5333824.0000,3
2025-06-04,20250604133500000,sz.002842,8.7800,8.7900,8.7300,8.7400,546200,4783744.0000,3
2025-06-04,20250604134000000,sz.002842,8.7400,8.7500,8.7200,8.7300,141200,1233408.0000,3
2025-06-04,20250604134500000,sz.002842,8.7200,8.8000,8.7200,8.8000,601800,5273088.0000,3
2025-06-04,20250604135000000,sz.002842,8.7900,8.8000,8.7300,8.7400,234300,2052640.0000,3
2025-06-04,20250604135500000,sz.002842,8.7400,8.7700,8.7300,8.7700,247000,2159328.0000,3
2025-06-04,20250604140000000,sz.002842,8.7600,8.7700,8.7300,8.7300,188000,1644832.0000,3
2025-06-04,20250604140500000,sz.002842,8.7400,8.7400,8.7200,8.7300,241300,2105888.0000,3
2025-06-04,20250604141000000,sz.002842,8.7300,8.7300,8.7000,8.7000,233500,2034528.0000,3
2025-06-04,20250604141500000,sz.002842,8.6900,8.7300,8.6800,8.7100,332200,2891680.0000,3
2025-06-04,20250604142000000,sz.002842,8.7200,8.7200,8.7000,8.7200,243700,2122432.0000,3
2025-06-04,20250604142500000,sz.002842,8.7200,8.7300,8.7100,8.7300,202100,1761856.0000,3
2025-06-04,20250604143000000,sz.002842,8.7200,8.7200,8.7100,8.7200,259400,2260640.0000,3
2025-06-04,20250604143500000,sz.002842,8.7200,8.7400,8.7100,8.7200,527900,4600864.0000,3
2025-06-04,20250604144000000,sz.002842,8.7200,8.7500,8.7200,8.7200,477300,4169312.0000,3
2025-06-04,20250604144500000,sz.002842,8.7200,8.7400,8.7200,8.7400,514400,4490592.0000,3
2025-06-04,20250604145000000,sz.002842,8.7300,8.7400,8.7100,8.7100,827600,7217504.0000,3
2025-06-04,20250604145500000,sz.002842,8.7000,8.7300,8.7000,8.7100,954400,8319968.0000,3
2025-06-04,20250604150000000,sz.002842,8.7200,8.7900,8.7100,8.7500,1664800,14543744.0000,3
2025-06-05,20250605093500000,sz.002842,8.6600,8.9100,8.6600,8.6800,4557300,40003208.0000,3
2025-06-05,20250605094000000,sz.002842,8.6800,8.7200,8.6700,8.6700,2089500,18146488.0000,3
2025-06-05,20250605094500000,sz.002842,8.6600,8.6600,8.5000,8.5300,3671200,31475264.0000,3
2025-06-05,20250605095000000,sz.002842,8.5300,8.6100,8.5200,8.6100,1171400,10036168.0000,3
2025-06-05,20250605095500000,sz.002842,8.6100,8.6400,8.5800,8.6100,1169500,10065024.0000,3
2025-06-05,20250605100000000,sz.002842,8.6200,8.7100,8.6200,8.6400,849500,7368728.0000,3
2025-06-05,20250605100500000,sz.002842,8.6300,8.6500,8.6000,8.6000,683200,5897944.0000,3
2025-06-05,20250605101000000,sz.002842,8.6100,8.6500,8.5900,8.6500,867900,7468936.0000,3
2025-06-05,20250605101500000,sz.002842,8.6400,8.6500,8.5900,8.5900,595500,5129520.0000,3
2025-06-05,20250605102000000,sz.002842,8.6000,8.6100,8.5800,8.5900,510700,4389328.0000,3
2025-06-05,20250605102500000,sz.002842,8.5900,8.5900,8.5600,8.5800,918600,7865344.0000,3
2025-06-05,20250605103000000,sz.002842,8.5700,8.6000,8.5300,8.5500,594600,5095488.0000,3
2025-06-05,20250605103500000,sz.002842,8.5400,8.5500,8.5200,8.5400,802800,6847808.0000,3
2025-06-05,20250605104000000,sz.002842,8.5300,8.5600,8.5200,8.5300,493200,4210976.0000,3
2025-06-05,20250605104500000,sz.002842,8.5300,8.5600,8.5100,8.5300,749200,6389152.0000,3
2025-06-05,20250605105000000,sz.002842,8.5200,8.5700,8.5200,8.5600,416800,3559936.0000,3
2025-06-05,20250605105500000,sz.002842,8.5600,8.5800,8.5600,8.5700,246400,2113072.0000,3
2025-06-05,20250605110000000,sz.002842,8.5700,8.5800,8.5500,8.5600,338100,2895392.0000,3
2025-06-05,20250605110500000,sz.002842,8.5600,8.5700,8.5500,8.5700,137100,1173952.0000,3
2025-06-05,20250605111000000,sz.002842,8.5700,8.5700,8.5500,8.5700,268800,2301184.0000,3
2025-06-05,20250605111500000,sz.002842,8.5700,8.5800,8.5500,8.5500,242600,2077776.0000,3
2025-06-05,20250605112000000,sz.002842,8.5500,8.5700,8.5500,8.5500,478200,4092288.0000,3
2025-06-05,20250605112500000,sz.002842,8.5500,8.5600,8.5400,8.5400,197200,1686480.0000,3
2025-06-05,20250605113000000,sz.002842,8.5500,8.5600,8.5300,8.5500,308900,2639712.0000,3
2025-06-05,20250605130500000,sz.002842,8.5200,8.5400,8.5000,8.5000,519100,4424448.0000,3
2025-06-05,20250605131000000,sz.002842,8.5100,8.5100,8.4800,8.5000,359900,3059280.0000,3
2025-06-05,20250605131500000,sz.002842,8.5000,8.5200,8.4900,8.4900,370600,3149840.0000,3
2025-06-05,20250605132000000,sz.002842,8.4900,8.5100,8.4800,8.4900,519800,4414128.0000,3
2025-06-05,20250605132500000,sz.002842,8.5000,8.5100,8.4900,8.5000,261600,2225072.0000,3
2025-06-05,20250605133000000,sz.002842,8.5000,8.5000,8.4700,8.4900,411900,3496384.0000,3
2025-06-05,20250605133500000,sz.002842,8.4800,8.5000,8.4700,8.5000,311800,2645072.0000,3
2025-06-05,20250605134000000,sz.002842,8.4900,8.5000,8.4500,8.4600,676800,5728560.0000,3
2025-06-05,20250605134500000,sz.002842,8.4600,8.4900,8.4600,8.4800,357800,3033424.0000,3
2025-06-05,20250605135000000,sz.002842,8.4800,8.5000,8.4700,8.4700,281600,2389616.0000,3
2025-06-05,20250605135500000,sz.002842,8.4800,8.4800,8.4400,8.4500,452300,3826032.0000,3
2025-06-05,20250605140000000,sz.002842,8.4500,8.5400,8.4300,8.5200,1536700,12999488.0000,3
2025-06-05,20250605140500000,sz.002842,8.5200,8.5500,8.5200,8.5300,576400,4919280.0000,3
2025-06-05,20250605141000000,sz.002842,8.5300,8.5300,8.5200,8.5300,139800,1191424.0000,3
2025-06-05,20250605141500000,sz.002842,8.5300,8.5300,8.5000,8.5000,206100,1752992.0000,3
2025-06-05,20250605142000000,sz.002842,8.5100,8.5400,8.5000,8.5300,170200,1449616.0000,3
2025-06-05,20250605142500000,sz.002842,8.5400,8.5400,8.5200,8.5300,240700,2052064.0000,3
2025-06-05,20250605143000000,sz.002842,8.5300,8.5300,8.5000,8.5300,409500,3485552.0000,3
2025-06-05,20250605143500000,sz.002842,8.5100,8.5300,8.5000,8.5200,358300,3050848.0000,3
2025-06-05,20250605144000000,sz.002842,8.5200,8.5400,8.5000,8.5300,430900,3666880.0000,3
2025-06-05,20250605144500000,sz.002842,8.5300,8.5300,8.5200,8.5300,427000,3640816.0000,3
2025-06-05,20250605145000000,sz.002842,8.5300,8.5300,8.5100,8.5200,625000,5325792.0000,3
2025-06-05,20250605145500000,sz.002842,8.5200,8.5400,8.5100,8.5300,646000,5505280.0000,3
2025-06-05,20250605150000000,sz.002842,8.5300,8.5500,8.5200,8.5500,1074700,9176224.0000,3
2025-06-06,20250606093500000,sz.002842,8.7200,8.8000,8.6600,8.6900,4427000,38623588.0000,3
2025-06-06,20250606094000000,sz.002842,8.6900,8.8100,8.6400,8.6500,1902800,16618412.0000,3
2025-06-06,20250606094500000,sz.002842,8.6400,8.6900,8.6100,8.6900,1243700,10743752.0000,3
2025-06-06,20250606095000000,sz.002842,8.7000,8.7100,8.6400,8.6700,890700,7725120.0000,3
2025-06-06,20250606095500000,sz.002842,8.6700,8.7200,8.6500,8.6900,694800,6038072.0000,3
2025-06-06,20250606100000000,sz.002842,8.6800,8.8200,8.6700,8.8000,1865700,16365904.0000,3
2025-06-06,20250606100500000,sz.002842,8.8100,8.8500,8.7500,8.7600,2098800,18495936.0000,3
2025-06-06,20250606101000000,sz.002842,8.7500,8.7700,8.7000,8.7000,537500,4693032.0000,3
2025-06-06,20250606101500000,sz.002842,8.7000,8.7100,8.6500,8.6600,515800,4477648.0000,3
2025-06-06,20250606102000000,sz.002842,8.6500,8.6800,8.6400,8.6600,536700,4647136.0000,3
2025-06-06,20250606102500000,sz.002842,8.6800,8.6800,8.6400,8.6500,642600,5563048.0000,3
2025-06-06,20250606103000000,sz.002842,8.6600,8.6900,8.6500,8.6800,658700,5715776.0000,3
2025-06-06,20250606103500000,sz.002842,8.6800,8.7200,8.6700,8.6900,407800,3546448.0000,3
2025-06-06,20250606104000000,sz.002842,8.7000,8.7000,8.6000,8.6000,492500,4257952.0000,3
2025-06-06,20250606104500000,sz.002842,8.6300,8.6500,8.5800,8.6500,378600,3265664.0000,3
2025-06-06,20250606105000000,sz.002842,8.6400,8.6700,8.6400,8.6600,298900,2588032.0000,3
2025-06-06,20250606105500000,sz.002842,8.6600,8.6700,8.6400,8.6700,205300,1777216.0000,3
2025-06-06,20250606110000000,sz.002842,8.6700,8.6700,8.6400,8.6500,157000,1358256.0000,3
2025-06-06,20250606110500000,sz.002842,8.6500,8.6600,8.6200,8.6200,153100,1323712.0000,3
2025-06-06,20250606111000000,sz.002842,8.6200,8.6500,8.6100,8.6400,373000,3219424.0000,3
2025-06-06,20250606111500000,sz.002842,8.6300,8.6500,8.6300,8.6400,108200,934544.0000,3
2025-06-06,20250606112000000,sz.002842,8.6300,8.6400,8.6300,8.6300,136000,1174336.0000,3
2025-06-06,20250606112500000,sz.002842,8.6300,8.6600,8.6100,8.6500,371400,3203280.0000,3
2025-06-06,20250606113000000,sz.002842,8.6400,8.6600,8.6400,8.6600,151200,1308432.0000,3
2025-06-06,20250606130500000,sz.002842,8.6600,8.6600,8.6300,8.6300,320800,2774192.0000,3
2025-06-06,20250606131000000,sz.002842,8.6300,8.6400,8.6300,8.6400,162800,1405760.0000,3
2025-06-06,20250606131500000,sz.002842,8.6400,8.6700,8.6400,8.6500,239100,2069856.0000,3
2025-06-06,20250606132000000,sz.002842,8.6400,8.6500,8.6400,8.6400,195700,1691328.0000,3
2025-06-06,20250606132500000,sz.002842,8.6400,8.6400,8.6200,8.6200,204000,1760592.0000,3
2025-06-06,20250606133000000,sz.002842,8.6200,8.6400,8.6200,8.6300,158100,1363648.0000,3
2025-06-06,20250606133500000,sz.002842,8.6400,8.6700,8.6400,8.6400,240300,2078736.0000,3
2025-06-06,20250606134000000,sz.002842,8.6500,8.6500,8.6300,8.6300,211200,1826048.0000,3
2025-06-06,20250606134500000,sz.002842,8.6400,8.6500,8.6200,8.6400,275500,2376064.0000,3
2025-06-06,20250606135000000,sz.002842,8.6600,8.6800,8.6400,8.6500,268300,2321168.0000,3
2025-06-06,20250606135500000,sz.002842,8.6500,8.6500,8.6300,8.6300,205300,1774464.0000,3
2025-06-06,20250606140000000,sz.002842,8.6300,8.6500,8.6300,8.6500,91300,788864.0000,3
2025-06-06,20250606140500000,sz.002842,8.6500,8.6500,8.6300,8.6300,182000,1571520.0000,3
2025-06-06,20250606141000000,sz.002842,8.6300,8.6300,8.6100,8.6300,311300,2683920.0000,3
2025-06-06,20250606141500000,sz.002842,8.6300,8.6800,8.6200,8.6800,342300,2960080.0000,3
2025-06-06,20250606142000000,sz.002842,8.6900,8.6900,8.6600,8.6700,257000,2228256.0000,3
2025-06-06,20250606142500000,sz.002842,8.6700,8.7000,8.6700,8.6900,364400,3164624.0000,3
2025-06-06,20250606143000000,sz.002842,8.6900,8.7000,8.6600,8.6900,442200,3840016.0000,3
2025-06-06,20250606143500000,sz.002842,8.6900,8.7200,8.6800,8.7200,583200,5074992.0000,3
2025-06-06,20250606144000000,sz.002842,8.7300,8.7300,8.6800,8.6900,336000,2922336.0000,3
2025-06-06,20250606144500000,sz.002842,8.6900,8.6900,8.6700,8.6900,260900,2264464.0000,3
2025-06-06,20250606145000000,sz.002842,8.6900,8.7100,8.6800,8.6900,468800,4075808.0000,3
2025-06-06,20250606145500000,sz.002842,8.6900,8.7000,8.6800,8.6900,792500,6889664.0000,3
2025-06-06,20250606150000000,sz.002842,8.7000,8.7300,8.6900,8.7300,904600,7883264.0000,3
2025-06-09,20250609093500000,sz.002842,8.7300,8.7800,8.4500,8.4700,3271200,28144624.0000,3
2025-06-09,20250609094000000,sz.002842,8.4800,8.5900,8.4800,8.5800,1854600,15822824.0000,3
2025-06-09,20250609094500000,sz.002842,8.5900,8.6000,8.5300,8.5600,1531600,13115988.0000,3
2025-06-09,20250609095000000,sz.002842,8.5700,8.7400,8.5600,8.6800,1075000,9330116.0000,3
2025-06-09,20250609095500000,sz.002842,8.6800,8.7100,8.6100,8.6200,684800,5928552.0000,3
2025-06-09,20250609100000000,sz.002842,8.6100,8.7100,8.6000,8.7000,632200,5483720.0000,3
2025-06-09,20250609100500000,sz.002842,8.6900,8.7000,8.6400,8.6400,547100,4738784.0000,3
2025-06-09,20250609101000000,sz.002842,8.6400,8.6700,8.6400,8.6400,414600,3587256.0000,3
2025-06-09,20250609101500000,sz.002842,8.6500,8.6500,8.5500,8.5800,948600,8150968.0000,3
2025-06-09,20250609102000000,sz.002842,8.5900,8.6100,8.5600,8.5700,592700,5085728.0000,3
2025-06-09,20250609102500000,sz.002842,8.5800,8.6200,8.5700,8.6000,420700,3616152.0000,3
2025-06-09,20250609103000000,sz.002842,8.6000,8.6100,8.5900,8.6000,237100,2039856.0000,3
2025-06-09,20250609103500000,sz.002842,8.6000,8.6600,8.6000,8.6500,312400,2696248.0000,3
2025-06-09,20250609104000000,sz.002842,8.6500,8.6800,8.6500,8.6500,280300,2427592.0000,3
2025-06-09,20250609104500000,sz.002842,8.6600,8.6700,8.6300,8.6400,231500,2003000.0000,3
2025-06-09,20250609105000000,sz.002842,8.6300,8.6400,8.6000,8.6300,281400,2427224.0000,3
2025-06-09,20250609105500000,sz.002842,8.6300,8.6500,8.6100,8.6100,211400,1823888.0000,3
2025-06-09,20250609110000000,sz.002842,8.6200,8.6300,8.6000,8.6300,237300,2044432.0000,3
2025-06-09,20250609110500000,sz.002842,8.6300,8.6400,8.6200,8.6300,195900,1690184.0000,3
2025-06-09,20250609111000000,sz.002842,8.6200,8.6300,8.6100,8.6100,153600,1324072.0000,3
2025-06-09,20250609111500000,sz.002842,8.6200,8.6200,8.5900,8.5900,377600,3250184.0000,3
2025-06-09,20250609112000000,sz.002842,8.5900,8.6000,8.5900,8.5900,151100,1298088.0000,3
2025-06-09,20250609112500000,sz.002842,8.6000,8.6600,8.5900,8.6300,523500,4507328.0000,3
2025-06-09,20250609113000000,sz.002842,8.6300,8.6500,8.6300,8.6300,159900,1380288.0000,3
2025-06-09,20250609130500000,sz.002842,8.6500,8.6500,8.6100,8.6200,170300,1469280.0000,3
2025-06-09,20250609131000000,sz.002842,8.6100,8.6300,8.6100,8.6300,146900,1265912.0000,3
2025-06-09,20250609131500000,sz.002842,8.6200,8.6700,8.6200,8.6700,324400,2808496.0000,3
2025-06-09,20250609132000000,sz.002842,8.6700,8.6800,8.6600,8.6700,245700,2129248.0000,3
2025-06-09,20250609132500000,sz.002842,8.6600,8.6900,8.6500,8.6900,354700,3074592.0000,3
2025-06-09,20250609133000000,sz.002842,8.6800,8.7000,8.6500,8.6600,395100,3428128.0000,3
2025-06-09,20250609133500000,sz.002842,8.6700,8.7000,8.6700,8.6800,252700,2196464.0000,3
2025-06-09,20250609134000000,sz.002842,8.6900,8.7200,8.6800,8.7000,403500,3511952.0000,3
2025-06-09,20250609134500000,sz.002842,8.6900,8.7900,8.6900,8.7400,1308800,11463120.0000,3
2025-06-09,20250609135000000,sz.002842,8.7500,8.7600,8.7000,8.7100,386000,3371056.0000,3
2025-06-09,20250609135500000,sz.002842,8.7100,8.7100,8.6900,8.6900,85000,739472.0000,3
2025-06-09,20250609140000000,sz.002842,8.7000,8.7400,8.6900,8.7400,470000,4092112.0000,3
2025-06-09,20250609140500000,sz.002842,8.7400,8.7800,8.7300,8.7600,938300,8220400.0000,3
2025-06-09,20250609141000000,sz.002842,8.7700,8.8100,8.7500,8.7800,722900,6350192.0000,3
2025-06-09,20250609141500000,sz.002842,8.7700,8.7800,8.7400,8.7500,255000,2234768.0000,3
2025-06-09,20250609142000000,sz.002842,8.7500,8.7700,8.7400,8.7500,190200,1664160.0000,3
2025-06-09,20250609142500000,sz.002842,8.7500,8.7600,8.7500,8.7600,180400,1579312.0000,3
2025-06-09,20250609143000000,sz.002842,8.7500,8.7500,8.7200,8.7200,565600,4930608.0000,3
2025-06-09,20250609143500000,sz.002842,8.7300,8.7300,8.6900,8.7000,284900,2480752.0000,3
2025-06-09,20250609144000000,sz.002842,8.6900,8.7000,8.6800,8.6900,189100,1643824.0000,3
2025-06-09,20250609144500000,sz.002842,8.7000,8.7000,8.6900,8.6900,228900,1989504.0000,3
2025-06-09,20250609145000000,sz.002842,8.7000,8.7300,8.7000,8.7100,405700,3534704.0000,3
2025-06-09,20250609145500000,sz.002842,8.7100,8.7200,8.6900,8.6900,625400,5441728.0000,3
2025-06-09,20250609150000000,sz.002842,8.6900,8.7300,8.6900,8.7300,660300,5749328.0000,3
2025-06-10,20250610093500000,sz.002842,8.7300,8.7400,8.6000,8.6100,1543500,13368599.0000,3
2025-06-10,20250610094000000,sz.002842,8.6100,8.6100,8.5600,8.5700,1776400,15245691.0000,3
2025-06-10,20250610094500000,sz.002842,8.5700,8.6500,8.5700,8.6000,954100,8212974.0000,3
2025-06-10,20250610095000000,sz.002842,8.6000,8.6100,8.5600,8.5700,531500,4558440.0000,3
2025-06-10,20250610095500000,sz.002842,8.5800,8.5800,8.5500,8.5700,716500,6134732.0000,3
2025-06-10,20250610100000000,sz.002842,8.5700,8.5800,8.5500,8.5500,484200,4144696.0000,3
2025-06-10,20250610100500000,sz.002842,8.5500,8.5500,8.5200,8.5300,607000,5178916.0000,3
2025-06-10,20250610101000000,sz.002842,8.5400,8.5600,8.5300,8.5600,297400,2540228.0000,3
2025-06-10,20250610101500000,sz.002842,8.5600,8.5900,8.5400,8.5900,249900,2141432.0000,3
2025-06-10,20250610102000000,sz.002842,8.5900,8.5900,8.5700,8.5900,341800,2930780.0000,3
2025-06-10,20250610102500000,sz.002842,8.5900,8.6200,8.5500,8.6200,356100,3055688.0000,3
2025-06-10,20250610103000000,sz.002842,8.6100,8.6500,8.6000,8.6200,250900,2163544.0000,3
2025-06-10,20250610103500000,sz.002842,8.6200,8.6400,8.5900,8.5900,334400,2878128.0000,3
2025-06-10,20250610104000000,sz.002842,8.5900,8.5900,8.5600,8.5700,157100,1346984.0000,3
2025-06-10,20250610104500000,sz.002842,8.5700,8.5700,8.5000,8.5300,1622700,13820880.0000,3
2025-06-10,20250610105000000,sz.002842,8.5300,8.5500,8.5200,8.5400,313300,2674768.0000,3
2025-06-10,20250610105500000,sz.002842,8.5500,8.5700,8.5400,8.5700,131400,1123504.0000,3
2025-06-10,20250610110000000,sz.002842,8.5700,8.5700,8.5600,8.5700,62900,538464.0000,3
2025-06-10,20250610110500000,sz.002842,8.5600,8.5900,8.5400,8.5600,426700,3652032.0000,3
2025-06-10,20250610111000000,sz.002842,8.5600,8.5800,8.5500,8.5700,398800,3412384.0000,3
2025-06-10,20250610111500000,sz.002842,8.5700,8.5700,8.5500,8.5500,87800,751016.0000,3
2025-06-10,20250610112000000,sz.002842,8.5500,8.5500,8.5200,8.5300,257600,2199688.0000,3
2025-06-10,20250610112500000,sz.002842,8.5400,8.5400,8.5300,8.5300,118200,1008928.0000,3
2025-06-10,20250610113000000,sz.002842,8.5300,8.5500,8.5300,8.5400,310200,2646568.0000,3
2025-06-10,20250610130500000,sz.002842,8.5500,8.5500,8.4700,8.5100,746600,6349472.0000,3
2025-06-10,20250610131000000,sz.002842,8.5100,8.5100,8.4800,8.4900,237100,2015240.0000,3
2025-06-10,20250610131500000,sz.002842,8.4800,8.4900,8.4400,8.4500,685800,5801432.0000,3
2025-06-10,20250610132000000,sz.002842,8.4400,8.4500,8.3800,8.3900,1146100,9648328.0000,3
2025-06-10,20250610132500000,sz.002842,8.3900,8.4300,8.3600,8.4200,1567700,13139184.0000,3
2025-06-10,20250610133000000,sz.002842,8.4100,8.4500,8.3900,8.4000,701900,5916832.0000,3
2025-06-10,20250610133500000,sz.002842,8.4100,8.4300,8.3900,8.4200,365800,3076496.0000,3
2025-06-10,20250610134000000,sz.002842,8.4200,8.4300,8.4000,8.4100,364100,3065648.0000,3
2025-06-10,20250610134500000,sz.002842,8.4100,8.4400,8.4100,8.4300,139800,1178224.0000,3
2025-06-10,20250610135000000,sz.002842,8.4400,8.4400,8.4200,8.4200,285900,2409424.0000,3
2025-06-10,20250610135500000,sz.002842,8.4300,8.4300,8.3900,8.4100,386200,3246672.0000,3
2025-06-10,20250610140000000,sz.002842,8.4200,8.4300,8.4000,8.4300,136100,1145008.0000,3
2025-06-10,20250610140500000,sz.002842,8.4300,8.4400,8.4000,8.4100,238900,2009920.0000,3
2025-06-10,20250610141000000,sz.002842,8.4000,8.4100,8.3800,8.4000,198600,1666304.0000,3
2025-06-10,20250610141500000,sz.002842,8.4000,8.4000,8.3600,8.3700,345400,2890896.0000,3
2025-06-10,20250610142000000,sz.002842,8.3600,8.4000,8.3600,8.3900,334600,2804416.0000,3
2025-06-10,20250610142500000,sz.002842,8.3900,8.4000,8.3800,8.3800,266900,2239888.0000,3
2025-06-10,20250610143000000,sz.002842,8.4000,8.4000,8.3900,8.4000,128500,1078800.0000,3
2025-06-10,20250610143500000,sz.002842,8.4000,8.4300,8.4000,8.4200,376800,3169088.0000,3
2025-06-10,20250610144000000,sz.002842,8.4200,8.4300,8.4200,8.4200,193100,1626064.0000,3
2025-06-10,20250610144500000,sz.002842,8.4200,8.4200,8.4000,8.4000,301900,2538896.0000,3
2025-06-10,20250610145000000,sz.002842,8.4000,8.4000,8.3900,8.4000,608700,5108544.0000,3
2025-06-10,20250610145500000,sz.002842,8.3900,8.4000,8.3800,8.4000,429000,3598624.0000,3
2025-06-10,20250610150000000,sz.002842,8.3900,8.4000,8.3800,8.3900,330000,2767856.0000,3
2025-06-11,20250611093500000,sz.002842,8.5600,9.0000,8.5600,8.9400,11616600,102450848.0000,3
2025-06-11,20250611094000000,sz.002842,8.9700,9.2300,8.8900,9.2300,7054500,64388768.0000,3
2025-06-11,20250611094500000,sz.002842,9.2300,9.2300,9.2300,9.2300,2564700,23672864.0000,3
2025-06-11,20250611095000000,sz.002842,9.2300,9.2300,9.2300,9.2300,502000,4633456.0000,3
2025-06-11,20250611095500000,sz.002842,9.2300,9.2300,9.2300,9.2300,339500,3133584.0000,3
2025-06-11,20250611100000000,sz.002842,9.2300,9.2300,9.2300,9.2300,295400,2726304.0000,3
2025-06-11,20250611100500000,sz.002842,9.2300,9.2300,9.2300,9.2300,111100,1025440.0000,3
2025-06-11,20250611101000000,sz.002842,9.2300,9.2300,9.2300,9.2300,1200100,11076464.0000,3
2025-06-11,20250611101500000,sz.002842,9.2300,9.2300,9.2300,9.2300,705100,6508752.0000,3
2025-06-11,20250611102000000,sz.002842,9.2300,9.2300,9.2300,9.2300,46700,431040.0000,3
2025-06-11,20250611102500000,sz.002842,9.2300,9.2300,9.2300,9.2300,125100,1154672.0000,3
2025-06-11,20250611103000000,sz.002842,9.2300,9.2300,9.2300,9.2300,58700,541328.0000,3
2025-06-11,20250611103500000,sz.002842,9.2300,9.2300,9.2300,9.2300,32400,299264.0000,3
2025-06-11,20250611104000000,sz.002842,9.2300,9.2300,9.2300,9.2300,262400,2421952.0000,3
2025-06-11,20250611104500000,sz.002842,9.2300,9.2300,9.2300,9.2300,72700,671024.0000,3
2025-06-11,20250611105000000,sz.002842,9.2300,9.2300,9.2300,9.2300,94100,868720.0000,3
2025-06-11,20250611105500000,sz.002842,9.2300,9.2300,9.2300,9.2300,53400,492880.0000,3
2025-06-11,20250611110000000,sz.002842,9.2300,9.2300,9.2300,9.2300,50400,465200.0000,3
2025-06-11,20250611110500000,sz.002842,9.2300,9.2300,9.2300,9.2300,71500,659936.0000,3
2025-06-11,20250611111000000,sz.002842,9.2300,9.2300,9.2300,9.2300,263000,2427488.0000,3
2025-06-11,20250611111500000,sz.002842,9.2300,9.2300,9.2300,9.2300,23900,220608.0000,3
2025-06-11,20250611112000000,sz.002842,9.2300,9.2300,9.2300,9.2300,26300,242736.0000,3
2025-06-11,20250611112500000,sz.002842,9.2300,9.2300,9.2300,9.2300,52600,485504.0000,3
2025-06-11,20250611113000000,sz.002842,9.2300,9.2300,9.2300,9.2300,54000,498384.0000,3
2025-06-11,20250611130500000,sz.002842,9.2300,9.2300,9.2300,9.2300,88700,818464.0000,3
2025-06-11,20250611131000000,sz.002842,9.2300,9.2300,9.2300,9.2300,45000,415344.0000,3
2025-06-11,20250611131500000,sz.002842,9.2300,9.2300,9.2300,9.2300,10400,96000.0000,3
2025-06-11,20250611132000000,sz.002842,9.2300,9.2300,9.2300,9.2300,14400,132912.0000,3
2025-06-11,20250611132500000,sz.002842,9.2300,9.2300,9.2300,9.2300,11000,101520.0000,3
2025-06-11,20250611133000000,sz.002842,9.2300,9.2300,9.2300,9.2300,214800,1982608.0000,3
2025-06-11,20250611133500000,sz.002842,9.2300,9.2300,9.2300,9.2300,28900,266752.0000,3
2025-06-11,20250611134000000,sz.002842,9.2300,9.2300,9.2300,9.2300,33300,307360.0000,3
2025-06-11,20250611134500000,sz.002842,9.2300,9.2300,9.2300,9.2300,15300,141216.0000,3
2025-06-11,20250611135000000,sz.002842,9.2300,9.2300,9.2300,9.2300,9200,84912.0000,3
2025-06-11,20250611135500000,sz.002842,9.2300,9.2300,9.2300,9.2300,4600,42464.0000,3
2025-06-11,20250611140000000,sz.002842,9.2300,9.2300,9.2300,9.2300,10300,94960.0000,3
2025-06-11,20250611140500000,sz.002842,9.2300,9.2300,9.2300,9.2300,7500,69216.0000,3
2025-06-11,20250611141000000,sz.002842,9.2300,9.2300,9.2300,9.2300,5300,48928.0000,3
2025-06-11,20250611141500000,sz.002842,9.2300,9.2300,9.2300,9.2300,21100,194752.0000,3
2025-06-11,20250611142000000,sz.002842,9.2300,9.2300,9.2300,9.2300,17500,161520.0000,3
2025-06-11,20250611142500000,sz.002842,9.2300,9.2300,9.2300,9.2300,20600,190048.0000,3
2025-06-11,20250611143000000,sz.002842,9.2300,9.2300,9.2300,9.2300,7500,69232.0000,3
2025-06-11,20250611143500000,sz.002842,9.2300,9.2300,9.2300,9.2300,152700,1409408.0000,3
2025-06-11,20250611144000000,sz.002842,9.2300,9.2300,9.2300,9.2300,17200,158768.0000,3
2025-06-11,20250611144500000,sz.002842,9.2300,9.2300,9.2300,9.2300,14200,131056.0000,3
2025-06-11,20250611145000000,sz.002842,9.2300,9.2300,9.2300,9.2300,27000,249216.0000,3
2025-06-11,20250611145500000,sz.002842,9.2300,9.2300,9.2300,9.2300,149700,1381728.0000,3
2025-06-11,20250611150000000,sz.002842,9.2300,9.2300,9.2300,9.2300,255700,2360112.0000,3
2025-06-12,20250612093500000,sz.002842,9.4900,9.5500,8.9100,8.9200,14231800,131087328.0000,3
2025-06-12,20250612094000000,sz.002842,8.9200,8.9800,8.9100,8.9600,3104800,27748752.0000,3
2025-06-12,20250612094500000,sz.002842,8.9400,8.9800,8.8800,8.9800,3910000,34927952.0000,3
2025-06-12,20250612095000000,sz.002842,8.9500,8.9900,8.9100,8.9100,2897800,25900752.0000,3
2025-06-12,20250612095500000,sz.002842,8.9100,8.9200,8.8500,8.9200,2312900,20559584.0000,3
2025-06-12,20250612100000000,sz.002842,8.9100,8.9400,8.8700,8.9300,1384900,12332480.0000,3
2025-06-12,20250612100500000,sz.002842,8.9300,8.9500,8.8900,8.9100,1058300,9438992.0000,3
2025-06-12,20250612101000000,sz.002842,8.9200,8.9400,8.9100,8.9100,868400,7749248.0000,3
2025-06-12,20250612101500000,sz.002842,8.9100,8.9100,8.8800,8.9000,773300,6879872.0000,3
2025-06-12,20250612102000000,sz.002842,8.9000,8.9300,8.8900,8.9300,710500,6332480.0000,3
2025-06-12,20250612102500000,sz.002842,8.9300,8.9400,8.8500,8.8800,1903100,16908992.0000,3
2025-06-12,20250612103000000,sz.002842,8.8800,8.9200,8.8800,8.8800,657800,5852448.0000,3
2025-06-12,20250612103500000,sz.002842,8.8800,8.8900,8.8500,8.8700,933500,8277664.0000,3
2025-06-12,20250612104000000,sz.002842,8.8700,8.8700,8.8300,8.8600,926300,8202336.0000,3
2025-06-12,20250612104500000,sz.002842,8.8600,8.8700,8.8400,8.8400,549600,4865248.0000,3
2025-06-12,20250612105000000,sz.002842,8.8400,8.8800,8.8400,8.8800,633200,5615360.0000,3
2025-06-12,20250612105500000,sz.002842,8.8800,8.9100,8.8800,8.8900,471900,4197376.0000,3
2025-06-12,20250612110000000,sz.002842,8.8900,8.9200,8.8800,8.8900,671900,5977344.0000,3
2025-06-12,20250612110500000,sz.002842,8.8900,8.9100,8.8600,8.8800,998800,8870464.0000,3
2025-06-12,20250612111000000,sz.002842,8.8700,8.9500,8.8700,8.9100,833000,7424576.0000,3
2025-06-12,20250612111500000,sz.002842,8.9000,9.0400,8.9000,9.0100,2140500,19278368.0000,3
2025-06-12,20250612112000000,sz.002842,9.0100,9.0100,8.9500,8.9600,623900,5599776.0000,3
2025-06-12,20250612112500000,sz.002842,8.9500,8.9900,8.9500,8.9800,422900,3796896.0000,3
2025-06-12,20250612113000000,sz.002842,8.9800,9.0000,8.9500,8.9700,325900,2926112.0000,3
2025-06-12,20250612130500000,sz.002842,8.9800,9.0600,8.9600,8.9800,1079600,9709920.0000,3
2025-06-12,20250612131000000,sz.002842,8.9700,8.9800,8.9400,8.9800,481800,4313568.0000,3
2025-06-12,20250612131500000,sz.002842,8.9800,9.0500,8.9600,9.0100,802500,7237408.0000,3
2025-06-12,20250612132000000,sz.002842,9.0100,9.0300,8.9700,8.9900,714200,6423360.0000,3
2025-06-12,20250612132500000,sz.002842,9.0000,9.0200,8.9600,8.9700,509000,4577664.0000,3
2025-06-12,20250612133000000,sz.002842,8.9700,8.9700,8.9500,8.9500,282700,2532896.0000,3
2025-06-12,20250612133500000,sz.002842,8.9600,8.9800,8.9400,8.9500,683400,6121024.0000,3
2025-06-12,20250612134000000,sz.002842,8.9400,8.9600,8.9400,8.9600,323700,2897120.0000,3
2025-06-12,20250612134500000,sz.002842,8.9600,8.9900,8.9500,8.9900,466300,4183424.0000,3
2025-06-12,20250612135000000,sz.002842,8.9800,9.0000,8.9600,8.9900,486300,4365344.0000,3
2025-06-12,20250612135500000,sz.002842,8.9900,8.9900,8.9600,8.9700,441000,3960000.0000,3
2025-06-12,20250612140000000,sz.002842,8.9700,8.9700,8.9400,8.9400,395900,3546048.0000,3
2025-06-12,20250612140500000,sz.002842,8.9400,9.0300,8.9400,8.9800,862900,7754592.0000,3
2025-06-12,20250612141000000,sz.002842,8.9900,9.0000,8.9800,9.0000,227000,2040768.0000,3
2025-06-12,20250612141500000,sz.002842,9.0100,9.0100,8.9700,8.9800,629000,5658592.0000,3
2025-06-12,20250612142000000,sz.002842,8.9800,9.0200,8.9800,8.9900,475400,4279040.0000,3
2025-06-12,20250612142500000,sz.002842,9.0000,9.0000,8.9700,8.9700,527100,4734912.0000,3
2025-06-12,20250612143000000,sz.002842,8.9800,8.9900,8.9600,8.9700,725300,6508192.0000,3
2025-06-12,20250612143500000,sz.002842,8.9700,9.0700,8.9700,9.0500,1083300,9764832.0000,3
2025-06-12,20250612144000000,sz.002842,9.0400,9.0700,9.0200,9.0600,775800,7014688.0000,3
2025-06-12,20250612144500000,sz.002842,9.0500,9.0600,9.0300,9.0300,795300,7198080.0000,3
2025-06-12,20250612145000000,sz.002842,9.0400,9.0400,9.0000,9.0100,1221400,11009344.0000,3
2025-06-12,20250612145500000,sz.002842,9.0100,9.0300,9.0000,9.0200,1716300,15476448.0000,3
2025-06-12,20250612150000000,sz.002842,9.0200,9.0600,8.9300,9.0600,2780000,25042368.0000,3
2025-06-13,20250613093500000,sz.002842,8.9200,9.1200,8.8200,8.8600,6305700,56353952.0000,3
2025-06-13,20250613094000000,sz.002842,8.8700,8.9800,8.8500,8.9500,2348500,20932144.0000,3
2025-06-13,20250613094500000,sz.002842,8.9600,9.0000,8.8800,8.9100,1585100,14153920.0000,3
2025-06-13,20250613095000000,sz.002842,8.9200,9.0100,8.9000,8.9100,1335200,11947848.0000,3
2025-06-13,20250613095500000,sz.002842,8.9100,8.9100,8.8300,8.8300,1313900,11632352.0000,3
2025-06-13,20250613100000000,sz.002842,8.8400,8.8700,8.8200,8.8200,797800,7051064.0000,3
2025-06-13,20250613100500000,sz.002842,8.8300,8.8500,8.8000,8.8100,1523000,13429136.0000,3
2025-06-13,20250613101000000,sz.002842,8.8100,8.8200,8.7500,8.7800,1544900,13572976.0000,3
2025-06-13,20250613101500000,sz.002842,8.7900,8.9100,8.7400,8.8700,1860000,16421760.0000,3
2025-06-13,20250613102000000,sz.002842,8.8600,8.8700,8.7400,8.7500,877700,7712080.0000,3
2025-06-13,20250613102500000,sz.002842,8.7500,8.7500,8.7000,8.7400,1094900,9553440.0000,3
2025-06-13,20250613103000000,sz.002842,8.7300,8.7500,8.7200,8.7500,508100,4439520.0000,3
2025-06-13,20250613103500000,sz.002842,8.7500,8.7700,8.7100,8.7200,869900,7594752.0000,3
2025-06-13,20250613104000000,sz.002842,8.7100,8.7300,8.6800,8.6900,604500,5262368.0000,3
2025-06-13,20250613104500000,sz.002842,8.7000,8.7200,8.6800,8.7000,586300,5099680.0000,3
2025-06-13,20250613105000000,sz.002842,8.6900,8.7100,8.6700,8.6900,771600,6702864.0000,3
2025-06-13,20250613105500000,sz.002842,8.6900,8.7500,8.6700,8.7300,415600,3624464.0000,3
2025-06-13,20250613110000000,sz.002842,8.7400,8.7600,8.7100,8.7200,418700,3653168.0000,3
2025-06-13,20250613110500000,sz.002842,8.7200,8.7200,8.6900,8.6900,412200,3587952.0000,3
2025-06-13,20250613111000000,sz.002842,8.6800,8.7200,8.6700,8.6800,475200,4131472.0000,3
2025-06-13,20250613111500000,sz.002842,8.7000,8.7300,8.6900,8.6900,314100,2733696.0000,3
2025-06-13,20250613112000000,sz.002842,8.7000,8.7000,8.6200,8.6400,1112600,9627344.0000,3
2025-06-13,20250613112500000,sz.002842,8.6400,8.6500,8.6100,8.6100,1001100,8631040.0000,3
2025-06-13,20250613113000000,sz.002842,8.6200,8.6500,8.6200,8.6400,405100,3497008.0000,3
2025-06-13,20250613130500000,sz.002842,8.6400,8.6500,8.6100,8.6200,819700,7066672.0000,3
2025-06-13,20250613131000000,sz.002842,8.6000,8.6400,8.6000,8.6000,508100,4375840.0000,3
2025-06-13,20250613131500000,sz.002842,8.6000,8.6200,8.5700,8.6200,685400,5887232.0000,3
2025-06-13,20250613132000000,sz.002842,8.6000,8.6300,8.6000,8.6100,448800,3865344.0000,3
2025-06-13,20250613132500000,sz.002842,8.6100,8.6300,8.6000,8.6300,421800,3633440.0000,3
2025-06-13,20250613133000000,sz.002842,8.6200,8.7000,8.6200,8.6900,592900,5134624.0000,3
2025-06-13,20250613133500000,sz.002842,8.7000,8.7500,8.7000,8.7400,688400,6006368.0000,3
2025-06-13,20250613134000000,sz.002842,8.7500,8.7600,8.7200,8.7200,595500,5203232.0000,3
2025-06-13,20250613134500000,sz.002842,8.7200,8.7600,8.7200,8.7200,371600,3246048.0000,3
2025-06-13,20250613135000000,sz.002842,8.7200,8.7400,8.7000,8.7200,239400,2087168.0000,3
2025-06-13,20250613135500000,sz.002842,8.7300,8.7900,8.7200,8.7900,499900,4381920.0000,3
2025-06-13,20250613140000000,sz.002842,8.7900,8.8100,8.7400,8.7500,369800,3247008.0000,3
2025-06-13,20250613140500000,sz.002842,8.7600,8.7800,8.7000,8.7100,626700,5465728.0000,3
2025-06-13,20250613141000000,sz.002842,8.7000,8.7200,8.6700,8.6800,771200,6697184.0000,3
2025-06-13,20250613141500000,sz.002842,8.6800,8.7200,8.6700,8.7100,558800,4864544.0000,3
2025-06-13,20250613142000000,sz.002842,8.7100,8.7100,8.6800,8.6800,385500,3349504.0000,3
2025-06-13,20250613142500000,sz.002842,8.6900,8.6900,8.6800,8.6900,249800,2169664.0000,3
2025-06-13,20250613143000000,sz.002842,8.6800,8.7000,8.6800,8.6900,328900,2856960.0000,3
2025-06-13,20250613143500000,sz.002842,8.7000,8.7100,8.6800,8.6900,440300,3829216.0000,3
2025-06-13,20250613144000000,sz.002842,8.6900,8.6900,8.6600,8.6600,775700,6727968.0000,3
2025-06-13,20250613144500000,sz.002842,8.6700,8.6700,8.6500,8.6600,501600,4344928.0000,3
2025-06-13,20250613145000000,sz.002842,8.6600,8.7000,8.6500,8.6900,1107900,9610144.0000,3
2025-06-13,20250613145500000,sz.002842,8.6900,8.7100,8.6700,8.6700,964900,8385216.0000,3
2025-06-13,20250613150000000,sz.002842,8.6800,8.7000,8.6800,8.7000,1051000,9138432.0000,3
2025-06-16,20250616093500000,sz.002842,8.5100,8.6500,8.4700,8.6300,2582200,22136716.0000,3
2025-06-16,20250616094000000,sz.002842,8.6200,8.6800,8.6100,8.6500,1342600,11605240.0000,3
2025-06-16,20250616094500000,sz.002842,8.6600,8.7500,8.6600,8.6800,1429400,12432164.0000,3
2025-06-16,20250616095000000,sz.002842,8.6800,8.7700,8.6800,8.7600,1478600,12897936.0000,3
2025-06-16,20250616095500000,sz.002842,8.7600,8.8600,8.7500,8.8100,1778600,15665080.0000,3
2025-06-16,20250616100000000,sz.002842,8.8000,8.8000,8.5900,8.7100,1602300,13970336.0000,3
2025-06-16,20250616100500000,sz.002842,8.7100,8.7500,8.7000,8.7200,425700,3713744.0000,3
2025-06-16,20250616101000000,sz.002842,8.7200,8.7800,8.7100,8.7600,572900,5014328.0000,3
2025-06-16,20250616101500000,sz.002842,8.7600,8.8100,8.7600,8.8100,760500,6678352.0000,3
2025-06-16,20250616102000000,sz.002842,8.8000,8.8100,8.7500,8.7800,935700,8206272.0000,3
2025-06-16,20250616102500000,sz.002842,8.7800,8.7800,8.7200,8.7400,484100,4230824.0000,3
2025-06-16,20250616103000000,sz.002842,8.7400,8.7400,8.7000,8.7100,623700,5433392.0000,3
2025-06-16,20250616103500000,sz.002842,8.7200,8.7600,8.7100,8.7500,366200,3196840.0000,3
2025-06-16,20250616104000000,sz.002842,8.7600,8.7600,8.7200,8.7300,358600,3133352.0000,3
2025-06-16,20250616104500000,sz.002842,8.7300,8.7400,8.7000,8.7200,230000,2005760.0000,3
2025-06-16,20250616105000000,sz.002842,8.7100,8.7300,8.6800,8.6800,422000,3671576.0000,3
2025-06-16,20250616105500000,sz.002842,8.6800,8.6900,8.6400,8.6600,405000,3504984.0000,3
2025-06-16,20250616110000000,sz.002842,8.6600,8.6800,8.6400,8.6400,296900,2568640.0000,3
2025-06-16,20250616110500000,sz.002842,8.6500,8.6600,8.6300,8.6500,247300,2137520.0000,3
2025-06-16,20250616111000000,sz.002842,8.6400,8.6600,8.6400,8.6500,150100,1297216.0000,3
2025-06-16,20250616111500000,sz.002842,8.6600,8.6600,8.6200,8.6300,338400,2920544.0000,3
2025-06-16,20250616112000000,sz.002842,8.6300,8.6300,8.6100,8.6100,261100,2250992.0000,3
2025-06-16,20250616112500000,sz.002842,8.6100,8.6300,8.6100,8.6200,298200,2569808.0000,3
2025-06-16,20250616113000000,sz.002842,8.6100,8.6200,8.6000,8.6200,336300,2895744.0000,3
2025-06-16,20250616130500000,sz.002842,8.6300,8.7000,8.6300,8.6600,437100,3783056.0000,3
2025-06-16,20250616131000000,sz.002842,8.6600,8.6800,8.6500,8.6800,153000,1325872.0000,3
2025-06-16,20250616131500000,sz.002842,8.6700,8.6900,8.6700,8.6700,104500,906800.0000,3
2025-06-16,20250616132000000,sz.002842,8.6800,8.6900,8.6600,8.6700,274800,2381952.0000,3
2025-06-16,20250616132500000,sz.002842,8.6700,8.6900,8.6700,8.6700,226600,1965568.0000,3
2025-06-16,20250616133000000,sz.002842,8.6700,8.7100,8.6600,8.6900,338400,2939808.0000,3
2025-06-16,20250616133500000,sz.002842,8.7000,8.7000,8.6700,8.6800,280000,2430448.0000,3
2025-06-16,20250616134000000,sz.002842,8.6700,8.6800,8.6600,8.6800,1038700,9005296.0000,3
2025-06-16,20250616134500000,sz.002842,8.6800,8.6900,8.6700,8.6800,191600,1662416.0000,3
2025-06-16,20250616135000000,sz.002842,8.6700,8.6900,8.6700,8.6800,158200,1372544.0000,3
2025-06-16,20250616135500000,sz.002842,8.6800,8.6800,8.6600,8.6700,192800,1670896.0000,3
2025-06-16,20250616140000000,sz.002842,8.6700,8.6800,8.6500,8.6700,184300,1596992.0000,3
2025-06-16,20250616140500000,sz.002842,8.6700,8.6700,8.6500,8.6500,149300,1293616.0000,3
2025-06-16,20250616141000000,sz.002842,8.6500,8.6600,8.6500,8.6500,276600,2392960.0000,3
2025-06-16,20250616141500000,sz.002842,8.6500,8.6600,8.6500,8.6500,138400,1197456.0000,3
2025-06-16,20250616142000000,sz.002842,8.6600,8.6800,8.6500,8.6800,270700,2344464.0000,3
2025-06-16,20250616142500000,sz.002842,8.6800,8.7200,8.6600,8.7200,455200,3955952.0000,3
2025-06-16,20250616143000000,sz.002842,8.7300,8.8200,8.7200,8.8200,1641500,14403872.0000,3
2025-06-16,20250616143500000,sz.002842,8.8100,8.8100,8.7800,8.8100,1491800,13121472.0000,3
2025-06-16,20250616144000000,sz.002842,8.8200,8.8300,8.7800,8.7800,1126600,9925184.0000,3
2025-06-16,20250616144500000,sz.002842,8.7800,8.7800,8.7600,8.7700,744500,6529136.0000,3
2025-06-16,20250616145000000,sz.002842,8.7800,8.8000,8.7700,8.7700,859800,7553504.0000,3
2025-06-16,20250616145500000,sz.002842,8.7800,8.7800,8.7500,8.7500,843300,7394512.0000,3
2025-06-16,20250616150000000,sz.002842,8.7500,8.7600,8.7500,8.7500,1343800,11760976.0000,3
2025-06-17,20250617093500000,sz.002842,8.8400,8.9400,8.7100,8.7400,2703300,23891092.0000,3
2025-06-17,20250617094000000,sz.002842,8.7400,8.8200,8.7200,8.8200,801800,7025668.0000,3
2025-06-17,20250617094500000,sz.002842,8.8200,8.8300,8.7700,8.7900,903100,7951760.0000,3
2025-06-17,20250617095000000,sz.002842,8.8000,8.8200,8.7500,8.7700,547700,4812996.0000,3
2025-06-17,20250617095500000,sz.002842,8.7700,8.7800,8.7300,8.7400,528100,4620308.0000,3
2025-06-17,20250617100000000,sz.002842,8.7300,8.7400,8.7000,8.7400,629900,5492788.0000,3
2025-06-17,20250617100500000,sz.002842,8.7400,8.7400,8.6800,8.7300,762300,6632044.0000,3
2025-06-17,20250617101000000,sz.002842,8.7300,8.7500,8.7000,8.7400,311600,2717908.0000,3
2025-06-17,20250617101500000,sz.002842,8.7400,8.7500,8.7100,8.7200,313600,2735148.0000,3
2025-06-17,20250617102000000,sz.002842,8.7200,8.7700,8.7100,8.7500,348700,3049336.0000,3
2025-06-17,20250617102500000,sz.002842,8.7600,8.7700,8.7300,8.7400,210000,1836200.0000,3
2025-06-17,20250617103000000,sz.002842,8.7500,8.7500,8.6900,8.7000,415700,3620744.0000,3
2025-06-17,20250617103500000,sz.002842,8.7000,8.7700,8.6900,8.7600,314800,2745112.0000,3
2025-06-17,20250617104000000,sz.002842,8.7600,8.7700,8.7200,8.7300,187400,1638824.0000,3
2025-06-17,20250617104500000,sz.002842,8.7200,8.7300,8.7000,8.7200,185300,1614464.0000,3
2025-06-17,20250617105000000,sz.002842,8.7100,8.7200,8.6800,8.6900,305700,2658584.0000,3
2025-06-17,20250617105500000,sz.002842,8.6900,8.7100,8.6800,8.7100,242900,2111056.0000,3
2025-06-17,20250617110000000,sz.002842,8.7100,8.7100,8.6800,8.6900,216500,1881952.0000,3
2025-06-17,20250617110500000,sz.002842,8.6900,8.7100,8.6700,8.6800,268700,2334656.0000,3
2025-06-17,20250617111000000,sz.002842,8.6800,8.6800,8.6700,8.6800,156600,1357984.0000,3
2025-06-17,20250617111500000,sz.002842,8.6700,8.6800,8.6600,8.6700,242700,2104992.0000,3
2025-06-17,20250617112000000,sz.002842,8.6600,8.7000,8.6600,8.6700,189700,1645976.0000,3
2025-06-17,20250617112500000,sz.002842,8.6700,8.6900,8.6700,8.6800,126900,1101336.0000,3
2025-06-17,20250617113000000,sz.002842,8.6800,8.7200,8.6800,8.7100,93900,816480.0000,3
2025-06-17,20250617130500000,sz.002842,8.7500,8.7500,8.6800,8.6800,356400,3103600.0000,3
2025-06-17,20250617131000000,sz.002842,8.6800,8.6900,8.6700,8.6800,156500,1358280.0000,3
2025-06-17,20250617131500000,sz.002842,8.6900,8.7000,8.6700,8.6900,177800,1543624.0000,3
2025-06-17,20250617132000000,sz.002842,8.6800,8.6900,8.6400,8.6500,597300,5174816.0000,3
2025-06-17,20250617132500000,sz.002842,8.6600,8.6600,8.6200,8.6400,286000,2469808.0000,3
2025-06-17,20250617133000000,sz.002842,8.6300,8.6500,8.6300,8.6400,311500,2691112.0000,3
2025-06-17,20250617133500000,sz.002842,8.6400,8.6600,8.6400,8.6400,287800,2488384.0000,3
2025-06-17,20250617134000000,sz.002842,8.6400,8.6600,8.6400,8.6400,169700,1466912.0000,3
2025-06-17,20250617134500000,sz.002842,8.6400,8.6500,8.6300,8.6400,347900,3004336.0000,3
2025-06-17,20250617135000000,sz.002842,8.6400,8.6500,8.6300,8.6500,201600,1743096.0000,3
2025-06-17,20250617135500000,sz.002842,8.6600,8.6600,8.6200,8.6200,348800,3012480.0000,3
2025-06-17,20250617140000000,sz.002842,8.6200,8.6300,8.6000,8.6100,426200,3669520.0000,3
2025-06-17,20250617140500000,sz.002842,8.6100,8.6200,8.5900,8.6100,295200,2538544.0000,3
2025-06-17,20250617141000000,sz.002842,8.6100,8.6100,8.5800,8.5900,300900,2585016.0000,3
2025-06-17,20250617141500000,sz.002842,8.6000,8.6000,8.5800,8.5800,258900,2222536.0000,3
2025-06-17,20250617142000000,sz.002842,8.5800,8.5800,8.5600,8.5700,381100,3266080.0000,3
2025-06-17,20250617142500000,sz.002842,8.5700,8.5900,8.5600,8.5700,286300,2455200.0000,3
2025-06-17,20250617143000000,sz.002842,8.5700,8.5900,8.5700,8.5800,167500,1436960.0000,3
2025-06-17,20250617143500000,sz.002842,8.5800,8.6000,8.5700,8.5800,550300,4723184.0000,3
2025-06-17,20250617144000000,sz.002842,8.5900,8.6100,8.5800,8.6100,563000,4836656.0000,3
2025-06-17,20250617144500000,sz.002842,8.6000,8.6100,8.5900,8.6000,342600,2947216.0000,3
2025-06-17,20250617145000000,sz.002842,8.6000,8.6100,8.5900,8.6000,451200,3878832.0000,3
2025-06-17,20250617145500000,sz.002842,8.6000,8.6100,8.5900,8.6000,524100,4504160.0000,3
2025-06-17,20250617150000000,sz.002842,8.5900,8.6100,8.5900,8.6100,648500,5578032.0000,3
2025-06-18,20250618093500000,sz.002842,8.6000,8.6000,8.4500,8.5500,1837800,15636428.0000,3
2025-06-18,20250618094000000,sz.002842,8.5500,8.6100,8.5000,8.5000,613200,5246346.0000,3
2025-06-18,20250618094500000,sz.002842,8.5100,8.5100,8.4500,8.4700,666800,5655402.0000,3
2025-06-18,20250618095000000,sz.002842,8.4700,8.5300,8.4600,8.4900,468400,3977850.0000,3
2025-06-18,20250618095500000,sz.002842,8.4800,8.5000,8.4600,8.4700,377100,3196270.0000,3
2025-06-18,20250618100000000,sz.002842,8.4700,8.4700,8.4300,8.4300,797200,6734176.0000,3
2025-06-18,20250618100500000,sz.002842,8.4300,8.4300,8.3500,8.3600,1004300,8424644.0000,3
2025-06-18,20250618101000000,sz.002842,8.3600,8.4000,8.3500,8.4000,518400,4340496.0000,3
2025-06-18,20250618101500000,sz.002842,8.4000,8.4400,8.3900,8.4000,440800,3706604.0000,3
2025-06-18,20250618102000000,sz.002842,8.4000,8.4000,8.3600,8.3800,282700,2369212.0000,3
2025-06-18,20250618102500000,sz.002842,8.3700,8.3900,8.3500,8.3700,349300,2924264.0000,3
2025-06-18,20250618103000000,sz.002842,8.3700,8.4100,8.3700,8.3900,253400,2126248.0000,3
2025-06-18,20250618103500000,sz.002842,8.4000,8.4300,8.3800,8.4100,186200,1566276.0000,3
2025-06-18,20250618104000000,sz.002842,8.4100,8.4200,8.3800,8.3800,225900,1897184.0000,3
2025-06-18,20250618104500000,sz.002842,8.3800,8.3900,8.3700,8.3900,200700,1681496.0000,3
2025-06-18,20250618105000000,sz.002842,8.3900,8.4000,8.3800,8.3900,111200,932864.0000,3
2025-06-18,20250618105500000,sz.002842,8.3900,8.3900,8.3100,8.3400,634200,5297024.0000,3
2025-06-18,20250618110000000,sz.002842,8.3400,8.3600,8.3300,8.3400,161200,1345320.0000,3
2025-06-18,20250618110500000,sz.002842,8.3500,8.3700,8.3400,8.3600,244100,2038304.0000,3
2025-06-18,20250618111000000,sz.002842,8.3600,8.3700,8.3600,8.3700,137200,1147312.0000,3
2025-06-18,20250618111500000,sz.002842,8.3600,8.3800,8.3500,8.3800,164300,1374024.0000,3
2025-06-18,20250618112000000,sz.002842,8.3800,8.3800,8.3600,8.3700,172100,1441424.0000,3
2025-06-18,20250618112500000,sz.002842,8.3600,8.3900,8.3600,8.3600,89900,752968.0000,3
2025-06-18,20250618113000000,sz.002842,8.3600,8.3700,8.3500,8.3700,94300,788840.0000,3
2025-06-18,20250618130500000,sz.002842,8.3800,8.4000,8.3500,8.3600,360600,3015584.0000,3
2025-06-18,20250618131000000,sz.002842,8.3600,8.4000,8.3600,8.4000,149500,1251440.0000,3
2025-06-18,20250618131500000,sz.002842,8.4000,8.4000,8.3700,8.3700,128500,1077720.0000,3
2025-06-18,20250618132000000,sz.002842,8.3800,8.4000,8.3700,8.4000,109700,919672.0000,3
2025-06-18,20250618132500000,sz.002842,8.4000,8.4000,8.3900,8.3900,193900,1626848.0000,3
2025-06-18,20250618133000000,sz.002842,8.3900,8.4100,8.3900,8.4000,128300,1078224.0000,3
2025-06-18,20250618133500000,sz.002842,8.4000,8.4200,8.3900,8.3900,173800,1460880.0000,3
2025-06-18,20250618134000000,sz.002842,8.4000,8.4000,8.3800,8.3900,108500,910832.0000,3
2025-06-18,20250618134500000,sz.002842,8.4000,8.4100,8.3800,8.3800,107700,903880.0000,3
2025-06-18,20250618135000000,sz.002842,8.3800,8.3900,8.3700,8.3800,262200,2196392.0000,3
2025-06-18,20250618135500000,sz.002842,8.3800,8.3800,8.3600,8.3700,121700,1018096.0000,3
2025-06-18,20250618140000000,sz.002842,8.3700,8.3800,8.3600,8.3600,127700,1068720.0000,3
2025-06-18,20250618140500000,sz.002842,8.3600,8.3700,8.3600,8.3600,84900,709984.0000,3
2025-06-18,20250618141000000,sz.002842,8.3600,8.3800,8.3600,8.3700,107700,901512.0000,3
2025-06-18,20250618141500000,sz.002842,8.3800,8.3800,8.3600,8.3700,130400,1090888.0000,3
2025-06-18,20250618142000000,sz.002842,8.3700,8.3700,8.3500,8.3600,242200,2023720.0000,3
2025-06-18,20250618142500000,sz.002842,8.3600,8.3600,8.3400,8.3500,368200,3073728.0000,3
2025-06-18,20250618143000000,sz.002842,8.3600,8.3600,8.3500,8.3500,154200,1288400.0000,3
2025-06-18,20250618143500000,sz.002842,8.3500,8.3700,8.3500,8.3700,184200,1539328.0000,3
2025-06-18,20250618144000000,sz.002842,8.3700,8.3900,8.3600,8.3800,267000,2235456.0000,3
2025-06-18,20250618144500000,sz.002842,8.3800,8.3800,8.3700,8.3800,157900,1322464.0000,3
2025-06-18,20250618145000000,sz.002842,8.3800,8.3800,8.3600,8.3600,425900,3564296.0000,3
2025-06-18,20250618145500000,sz.002842,8.3600,8.3800,8.3600,8.3700,368800,3085288.0000,3
2025-06-18,20250618150000000,sz.002842,8.3700,8.3800,8.3600,8.3800,380000,3181984.0000,3
2025-06-19,20250619093500000,sz.002842,8.4000,8.4100,8.2400,8.2800,887100,7345306.0000,3
2025-06-19,20250619094000000,sz.002842,8.3000,8.3500,8.2900,8.3300,304000,2531376.0000,3
2025-06-19,20250619094500000,sz.002842,8.3300,8.4100,8.3200,8.4000,494900,4143064.0000,3
2025-06-19,20250619095000000,sz.002842,8.4000,8.4100,8.3300,8.3300,500700,4194502.0000,3
2025-06-19,20250619095500000,sz.002842,8.3300,8.4100,8.3300,8.3700,289500,2425212.0000,3
2025-06-19,20250619100000000,sz.002842,8.3700,8.4500,8.3400,8.4500,506900,4246634.0000,3
2025-06-19,20250619100500000,sz.002842,8.4600,8.4800,8.3800,8.4000,925100,7803078.0000,3
2025-06-19,20250619101000000,sz.002842,8.3900,8.4300,8.3700,8.4100,443800,3728848.0000,3
2025-06-19,20250619101500000,sz.002842,8.4100,8.4100,8.3800,8.4000,254500,2137812.0000,3
2025-06-19,20250619102000000,sz.002842,8.4000,8.4100,8.3700,8.3700,312600,2622332.0000,3
2025-06-19,20250619102500000,sz.002842,8.3700,8.3800,8.3700,8.3700,108100,905020.0000,3
2025-06-19,20250619103000000,sz.002842,8.3700,8.3700,8.3300,8.3300,240900,2012456.0000,3
2025-06-19,20250619103500000,sz.002842,8.3300,8.3500,8.3200,8.3300,163100,1358776.0000,3
2025-06-19,20250619104000000,sz.002842,8.3200,8.3300,8.3100,8.3100,133300,1108748.0000,3
2025-06-19,20250619104500000,sz.002842,8.3100,8.3200,8.3100,8.3100,162000,1346780.0000,3
2025-06-19,20250619105000000,sz.002842,8.3100,8.3200,8.2900,8.2900,324200,2691584.0000,3
2025-06-19,20250619105500000,sz.002842,8.2900,8.2900,8.2700,8.2800,160600,1329536.0000,3
2025-06-19,20250619110000000,sz.002842,8.2800,8.2800,8.2300,8.2300,619400,5108812.0000,3
2025-06-19,20250619110500000,sz.002842,8.2400,8.2400,8.2100,8.2300,370200,3044804.0000,3
2025-06-19,20250619111000000,sz.002842,8.2300,8.2600,8.2300,8.2500,135800,1119492.0000,3
2025-06-19,20250619111500000,sz.002842,8.2400,8.2500,8.2300,8.2300,95600,787820.0000,3
2025-06-19,20250619112000000,sz.002842,8.2300,8.2400,8.2100,8.2200,195900,1610792.0000,3
2025-06-19,20250619112500000,sz.002842,8.2200,8.2200,8.2000,8.2000,311900,2558612.0000,3
2025-06-19,20250619113000000,sz.002842,8.2000,8.2000,8.1700,8.1900,473000,3869812.0000,3
2025-06-19,20250619130500000,sz.002842,8.1800,8.2000,8.1700,8.2000,490700,4013848.0000,3
2025-06-19,20250619131000000,sz.002842,8.1900,8.2000,8.1800,8.1800,108500,888408.0000,3
2025-06-19,20250619131500000,sz.002842,8.1800,8.2100,8.1800,8.2000,186400,1527312.0000,3
2025-06-19,20250619132000000,sz.002842,8.2000,8.2200,8.1900,8.1900,182900,1500536.0000,3
2025-06-19,20250619132500000,sz.002842,8.2000,8.2100,8.1900,8.2000,126600,1037536.0000,3
2025-06-19,20250619133000000,sz.002842,8.2000,8.2100,8.1900,8.1900,301300,2469032.0000,3
2025-06-19,20250619133500000,sz.002842,8.2000,8.2300,8.2000,8.2300,137500,1129944.0000,3
2025-06-19,20250619134000000,sz.002842,8.2300,8.2300,8.1900,8.1900,339400,2782800.0000,3
2025-06-19,20250619134500000,sz.002842,8.2000,8.2200,8.2000,8.2100,71800,589304.0000,3
2025-06-19,20250619135000000,sz.002842,8.2100,8.2100,8.1900,8.1900,74000,606760.0000,3
2025-06-19,20250619135500000,sz.002842,8.2100,8.2200,8.1900,8.2000,119600,980544.0000,3
2025-06-19,20250619140000000,sz.002842,8.2000,8.2100,8.1900,8.2100,131100,1074992.0000,3
2025-06-19,20250619140500000,sz.002842,8.2100,8.2100,8.1900,8.1900,200100,1640992.0000,3
2025-06-19,20250619141000000,sz.002842,8.1900,8.2000,8.1800,8.1800,116400,953024.0000,3
2025-06-19,20250619141500000,sz.002842,8.1900,8.2000,8.1800,8.1800,130700,1069904.0000,3
2025-06-19,20250619142000000,sz.002842,8.1800,8.1800,8.1500,8.1800,407400,3324704.0000,3
2025-06-19,20250619142500000,sz.002842,8.1800,8.1800,8.1500,8.1500,107000,873832.0000,3
2025-06-19,20250619143000000,sz.002842,8.1600,8.1600,8.1200,8.1400,355000,2891016.0000,3
2025-06-19,20250619143500000,sz.002842,8.1600,8.1600,8.1100,8.1100,261100,2122928.0000,3
2025-06-19,20250619144000000,sz.002842,8.1100,8.1200,8.0900,8.0900,471400,3820176.0000,3
2025-06-19,20250619144500000,sz.002842,8.1000,8.1300,8.0900,8.1200,332700,2696568.0000,3
2025-06-19,20250619145000000,sz.002842,8.1200,8.1300,8.1100,8.1300,424200,3443800.0000,3
2025-06-19,20250619145500000,sz.002842,8.1400,8.1400,8.1100,8.1200,365300,2966456.0000,3
2025-06-19,20250619150000000,sz.002842,8.1100,8.1300,8.1100,8.1300,642900,5221648.0000,3
2025-06-20,20250620093500000,sz.002842,8.0800,8.2200,8.0800,8.1700,1422700,11634957.0000,3
2025-06-20,20250620094000000,sz.002842,8.1600,8.2100,8.1600,8.2000,526100,4299720.0000,3
2025-06-20,20250620094500000,sz.002842,8.2100,8.2200,8.1700,8.1800,333300,2733029.0000,3
2025-06-20,20250620095000000,sz.002842,8.1900,8.2300,8.1700,8.1900,491500,4029656.0000,3
2025-06-20,20250620095500000,sz.002842,8.1900,8.2000,8.1800,8.1900,317700,2602126.0000,3
2025-06-20,20250620100000000,sz.002842,8.1900,8.2200,8.1800,8.2000,339500,2785504.0000,3
2025-06-20,20250620100500000,sz.002842,8.2000,8.2000,8.1600,8.1600,214000,1751568.0000,3
2025-06-20,20250620101000000,sz.002842,8.1600,8.1800,8.1400,8.1500,363100,2964232.0000,3
2025-06-20,20250620101500000,sz.002842,8.1500,8.1600,8.0900,8.0900,418600,3397416.0000,3
2025-06-20,20250620102000000,sz.002842,8.0900,8.1000,8.0600,8.1000,304100,2456472.0000,3
2025-06-20,20250620102500000,sz.002842,8.0800,8.1200,8.0700,8.1200,197900,1599624.0000,3
2025-06-20,20250620103000000,sz.002842,8.1100,8.1200,8.1000,8.1200,49300,399964.0000,3
2025-06-20,20250620103500000,sz.002842,8.1200,8.1300,8.0800,8.0900,124900,1012524.0000,3
2025-06-20,20250620104000000,sz.002842,8.0800,8.1100,8.0800,8.0900,88200,713984.0000,3
2025-06-20,20250620104500000,sz.002842,8.1000,8.2300,8.0900,8.1600,726000,5943812.0000,3
2025-06-20,20250620105000000,sz.002842,8.1600,8.1700,8.1300,8.1400,295400,2412712.0000,3
2025-06-20,20250620105500000,sz.002842,8.1400,8.1500,8.1300,8.1300,66800,543528.0000,3
2025-06-20,20250620110000000,sz.002842,8.1400,8.1400,8.1100,8.1200,88200,716188.0000,3
2025-06-20,20250620110500000,sz.002842,8.1300,8.1300,8.0900,8.0900,279100,2260596.0000,3
2025-06-20,20250620111000000,sz.002842,8.0800,8.0900,8.0600,8.0800,240500,1942068.0000,3
2025-06-20,20250620111500000,sz.002842,8.0900,8.1000,8.0800,8.0900,114600,927092.0000,3
2025-06-20,20250620112000000,sz.002842,8.1000,8.1100,8.0900,8.1000,62700,507684.0000,3
2025-06-20,20250620112500000,sz.002842,8.1000,8.1000,8.0600,8.0600,101700,821156.0000,3
2025-06-20,20250620113000000,sz.002842,8.0700,8.0900,8.0600,8.0800,63700,514340.0000,3
2025-06-20,20250620130500000,sz.002842,8.0900,8.1100,8.0500,8.0700,374700,3032632.0000,3
2025-06-20,20250620131000000,sz.002842,8.0700,8.1200,8.0700,8.1100,65900,533848.0000,3
2025-06-20,20250620131500000,sz.002842,8.1100,8.1300,8.1100,8.1200,39400,319872.0000,3
2025-06-20,20250620132000000,sz.002842,8.1200,8.1400,8.1000,8.1200,129700,1053140.0000,3
2025-06-20,20250620132500000,sz.002842,8.1300,8.1300,8.1100,8.1100,92800,753740.0000,3
2025-06-20,20250620133000000,sz.002842,8.1100,8.1100,8.0900,8.1000,83600,677292.0000,3
2025-06-20,20250620133500000,sz.002842,8.1000,8.1100,8.0900,8.0900,124600,1009356.0000,3
2025-06-20,20250620134000000,sz.002842,8.0900,8.1000,8.0900,8.0900,52000,420788.0000,3
2025-06-20,20250620134500000,sz.002842,8.1000,8.1100,8.0900,8.1000,49700,402516.0000,3
2025-06-20,20250620135000000,sz.002842,8.0900,8.1000,8.0900,8.0900,80700,652888.0000,3
2025-06-20,20250620135500000,sz.002842,8.0900,8.0900,8.0800,8.0900,161600,1306192.0000,3
2025-06-20,20250620140000000,sz.002842,8.0900,8.1000,8.0800,8.0900,82800,669928.0000,3
2025-06-20,20250620140500000,sz.002842,8.0900,8.0900,8.0700,8.0700,74000,597776.0000,3
2025-06-20,20250620141000000,sz.002842,8.0700,8.0800,8.0600,8.0600,152500,1231312.0000,3
2025-06-20,20250620141500000,sz.002842,8.0700,8.0900,8.0600,8.0900,138800,1121344.0000,3
2025-06-20,20250620142000000,sz.002842,8.0900,8.0900,8.0700,8.0900,117200,947120.0000,3
2025-06-20,20250620142500000,sz.002842,8.0800,8.1000,8.0700,8.0700,195300,1577960.0000,3
2025-06-20,20250620143000000,sz.002842,8.0800,8.1000,8.0700,8.0700,131400,1061920.0000,3
2025-06-20,20250620143500000,sz.002842,8.0800,8.1100,8.0800,8.0900,263300,2130384.0000,3
2025-06-20,20250620144000000,sz.002842,8.0900,8.1000,8.0900,8.1000,222000,1796536.0000,3
2025-06-20,20250620144500000,sz.002842,8.0900,8.1100,8.0900,8.0900,225400,1824488.0000,3
2025-06-20,20250620145000000,sz.002842,8.0900,8.1000,8.0800,8.0900,297000,2401448.0000,3
2025-06-20,20250620145500000,sz.002842,8.0900,8.0900,8.0700,8.0900,343000,2771776.0000,3
2025-06-20,20250620150000000,sz.002842,8.0900,8.1000,8.0800,8.0800,396500,3205248.0000,3
2025-06-23,20250623093500000,sz.002842,8.0800,8.1200,8.0300,8.1100,1235700,9990537.0000,3
2025-06-23,20250623094000000,sz.002842,8.1100,8.1400,8.0800,8.1300,390100,3164742.0000,3
2025-06-23,20250623094500000,sz.002842,8.1300,8.2000,8.1300,8.1500,648300,5285133.0000,3
2025-06-23,20250623095000000,sz.002842,8.1600,8.2100,8.1600,8.1900,564900,4620898.0000,3
2025-06-23,20250623095500000,sz.002842,8.2000,8.2500,8.1800,8.1900,688100,5648470.0000,3
2025-06-23,20250623100000000,sz.002842,8.1900,8.2200,8.1900,8.2000,203300,1667776.0000,3
2025-06-23,20250623100500000,sz.002842,8.2000,8.2100,8.1600,8.1600,514500,4205500.0000,3
2025-06-23,20250623101000000,sz.002842,8.1600,8.1900,8.1500,8.1800,400400,3271196.0000,3
2025-06-23,20250623101500000,sz.002842,8.1800,8.1900,8.1500,8.1600,320100,2613228.0000,3
2025-06-23,20250623102000000,sz.002842,8.1600,8.1700,8.1400,8.1500,276000,2250416.0000,3
2025-06-23,20250623102500000,sz.002842,8.1300,8.1500,8.1200,8.1300,293800,2387380.0000,3
2025-06-23,20250623103000000,sz.002842,8.1300,8.1500,8.1300,8.1500,109700,893644.0000,3
2025-06-23,20250623103500000,sz.002842,8.1400,8.1600,8.1300,8.1400,227300,1850496.0000,3
2025-06-23,20250623104000000,sz.002842,8.1400,8.1600,8.1300,8.1500,191700,1562144.0000,3
2025-06-23,20250623104500000,sz.002842,8.1600,8.1900,8.1500,8.1600,283400,2317640.0000,3
2025-06-23,20250623105000000,sz.002842,8.1600,8.1800,8.1500,8.1600,139000,1135064.0000,3
2025-06-23,20250623105500000,sz.002842,8.1600,8.1700,8.1500,8.1500,88800,724560.0000,3
2025-06-23,20250623110000000,sz.002842,8.1600,8.1600,8.1400,8.1400,62900,512720.0000,3
2025-06-23,20250623110500000,sz.002842,8.1400,8.1900,8.1400,8.1800,316500,2587108.0000,3
2025-06-23,20250623111000000,sz.002842,8.1800,8.1800,8.1500,8.1700,89300,729760.0000,3
2025-06-23,20250623111500000,sz.002842,8.1600,8.1800,8.1600,8.1600,43600,356132.0000,3
2025-06-23,20250623112000000,sz.002842,8.1800,8.1800,8.1600,8.1700,127400,1040572.0000,3
2025-06-23,20250623112500000,sz.002842,8.1700,8.1700,8.1500,8.1600,157600,1286512.0000,3
2025-06-23,20250623113000000,sz.002842,8.1500,8.1600,8.1300,8.1500,433200,3525244.0000,3
2025-06-23,20250623130500000,sz.002842,8.1400,8.1500,8.1300,8.1400,91500,745032.0000,3
2025-06-23,20250623131000000,sz.002842,8.1300,8.1400,8.1100,8.1200,168900,1372912.0000,3
2025-06-23,20250623131500000,sz.002842,8.1200,8.1200,8.0700,8.0900,280400,2267672.0000,3
2025-06-23,20250623132000000,sz.002842,8.1000,8.1000,8.0800,8.0900,148200,1198768.0000,3
2025-06-23,20250623132500000,sz.002842,8.0800,8.1000,8.0800,8.0900,163100,1319760.0000,3
2025-06-23,20250623133000000,sz.002842,8.1000,8.1300,8.0900,8.1200,125900,1022192.0000,3
2025-06-23,20250623133500000,sz.002842,8.1300,8.1300,8.1200,8.1300,192700,1565720.0000,3
2025-06-23,20250623134000000,sz.002842,8.1300,8.1300,8.1100,8.1200,127800,1037728.0000,3
2025-06-23,20250623134500000,sz.002842,8.1200,8.1600,8.1200,8.1600,293300,2387520.0000,3
2025-06-23,20250623135000000,sz.002842,8.1600,8.1600,8.1300,8.1400,176000,1433296.0000,3
2025-06-23,20250623135500000,sz.002842,8.1400,8.1600,8.1300,8.1500,109800,894200.0000,3
2025-06-23,20250623140000000,sz.002842,8.1600,8.1600,8.1300,8.1300,157600,1282424.0000,3
2025-06-23,20250623140500000,sz.002842,8.1300,8.1500,8.1300,8.1400,210900,1715648.0000,3
2025-06-23,20250623141000000,sz.002842,8.1400,8.1600,8.1300,8.1600,143700,1170480.0000,3
2025-06-23,20250623141500000,sz.002842,8.1600,8.1600,8.1400,8.1600,146800,1196704.0000,3
2025-06-23,20250623142000000,sz.002842,8.1600,8.1700,8.1400,8.1500,122500,998808.0000,3
2025-06-23,20250623142500000,sz.002842,8.1400,8.1600,8.1300,8.1500,158000,1287160.0000,3
2025-06-23,20250623143000000,sz.002842,8.1400,8.1600,8.1400,8.1500,111000,904496.0000,3
2025-06-23,20250623143500000,sz.002842,8.1500,8.1600,8.1400,8.1500,240100,1956984.0000,3
2025-06-23,20250623144000000,sz.002842,8.1500,8.1500,8.1400,8.1500,89600,730000.0000,3
2025-06-23,20250623144500000,sz.002842,8.1400,8.1500,8.1300,8.1400,387800,3157160.0000,3
2025-06-23,20250623145000000,sz.002842,8.1400,8.1500,8.1400,8.1400,190300,1549328.0000,3
2025-06-23,20250623145500000,sz.002842,8.1400,8.1500,8.1300,8.1400,366000,2978536.0000,3
2025-06-23,20250623150000000,sz.002842,8.1500,8.1600,8.1400,8.1500,341800,2785504.0000,3
2025-06-24,20250624093500000,sz.002842,8.1500,8.1900,8.1000,8.1700,1016000,8260587.0000,3
2025-06-24,20250624094000000,sz.002842,8.1900,8.2100,8.1700,8.2100,415700,3407315.0000,3
2025-06-24,20250624094500000,sz.002842,8.2000,8.2200,8.1900,8.2100,402900,3305475.0000,3
2025-06-24,20250624095000000,sz.002842,8.2000,8.3000,8.2000,8.2800,800600,6606207.0000,3
2025-06-24,20250624095500000,sz.002842,8.2900,8.2900,8.2200,8.2300,313500,2587568.0000,3
2025-06-24,20250624100000000,sz.002842,8.2200,8.2600,8.2200,8.2600,191900,1582064.0000,3
2025-06-24,20250624100500000,sz.002842,8.2600,8.2600,8.2300,8.2500,247000,2036320.0000,3
2025-06-24,20250624101000000,sz.002842,8.2500,8.2500,8.2200,8.2200,258500,2128254.0000,3
2025-06-24,20250624101500000,sz.002842,8.2200,8.2700,8.2200,8.2500,416000,3430718.0000,3
2025-06-24,20250624102000000,sz.002842,8.2600,8.2800,8.2500,8.2600,225600,1865360.0000,3
2025-06-24,20250624102500000,sz.002842,8.2600,8.2600,8.2200,8.2300,921500,7570140.0000,3
2025-06-24,20250624103000000,sz.002842,8.2200,8.2300,8.1900,8.1900,421200,3455128.0000,3
2025-06-24,20250624103500000,sz.002842,8.1900,8.2100,8.1900,8.2100,180200,1478092.0000,3
2025-06-24,20250624104000000,sz.002842,8.2100,8.2300,8.2000,8.2100,215900,1772340.0000,3
2025-06-24,20250624104500000,sz.002842,8.2100,8.2200,8.1900,8.1900,133600,1096024.0000,3
2025-06-24,20250624105000000,sz.002842,8.1900,8.1900,8.1700,8.1800,172000,1407472.0000,3
2025-06-24,20250624105500000,sz.002842,8.1800,8.1900,8.1800,8.1800,135600,1109740.0000,3
2025-06-24,20250624110000000,sz.002842,8.1800,8.1900,8.1600,8.1700,320000,2615148.0000,3
2025-06-24,20250624110500000,sz.002842,8.1700,8.1800,8.1600,8.1700,107200,875844.0000,3
2025-06-24,20250624111000000,sz.002842,8.1800,8.2000,8.1700,8.1800,119000,974084.0000,3
2025-06-24,20250624111500000,sz.002842,8.1700,8.1800,8.1500,8.1500,477900,3899492.0000,3
2025-06-24,20250624112000000,sz.002842,8.1500,8.1700,8.1500,8.1700,141700,1156288.0000,3
2025-06-24,20250624112500000,sz.002842,8.1700,8.1800,8.1600,8.1800,71800,586604.0000,3
2025-06-24,20250624113000000,sz.002842,8.1800,8.1900,8.1600,8.1900,173800,1420336.0000,3
2025-06-24,20250624130500000,sz.002842,8.1900,8.1900,8.1600,8.1900,352700,2883592.0000,3
2025-06-24,20250624131000000,sz.002842,8.1900,8.2000,8.1700,8.2000,135000,1104848.0000,3
2025-06-24,20250624131500000,sz.002842,8.2400,8.2500,8.2200,8.2300,475900,3916456.0000,3
2025-06-24,20250624132000000,sz.002842,8.2400,8.2400,8.2100,8.2200,981200,8066136.0000,3
2025-06-24,20250624132500000,sz.002842,8.2200,8.2200,8.2000,8.2100,120800,991608.0000,3
2025-06-24,20250624133000000,sz.002842,8.2200,8.2300,8.2200,8.2200,52200,429184.0000,3
2025-06-24,20250624133500000,sz.002842,8.2300,8.2400,8.2100,8.2200,157000,1291376.0000,3
2025-06-24,20250624134000000,sz.002842,8.2400,8.2600,8.2200,8.2300,240100,1979312.0000,3
2025-06-24,20250624134500000,sz.002842,8.2300,8.2300,8.2200,8.2300,78000,641776.0000,3
2025-06-24,20250624135000000,sz.002842,8.2300,8.2300,8.2100,8.2200,97700,802896.0000,3
2025-06-24,20250624135500000,sz.002842,8.2200,8.2200,8.1900,8.2100,188800,1549080.0000,3
2025-06-24,20250624140000000,sz.002842,8.2000,8.2100,8.1900,8.1900,66400,544176.0000,3
2025-06-24,20250624140500000,sz.002842,8.1900,8.2000,8.1800,8.1800,248400,2034120.0000,3
2025-06-24,20250624141000000,sz.002842,8.1800,8.1900,8.1800,8.1900,86000,704040.0000,3
2025-06-24,20250624141500000,sz.002842,8.1800,8.1900,8.1700,8.1800,223500,1828152.0000,3
2025-06-24,20250624142000000,sz.002842,8.1800,8.1800,8.1700,8.1800,129000,1054760.0000,3
2025-06-24,20250624142500000,sz.002842,8.1800,8.2000,8.1700,8.1900,198200,1622640.0000,3
2025-06-24,20250624143000000,sz.002842,8.1900,8.2200,8.1900,8.2100,278200,2283536.0000,3
2025-06-24,20250624143500000,sz.002842,8.2100,8.2600,8.2100,8.2400,565400,4657512.0000,3
2025-06-24,20250624144000000,sz.002842,8.2500,8.2500,8.2200,8.2200,358600,2955240.0000,3
2025-06-24,20250624144500000,sz.002842,8.2200,8.2400,8.2200,8.2400,242600,1995840.0000,3
2025-06-24,20250624145000000,sz.002842,8.2300,8.2500,8.2300,8.2500,430400,3545712.0000,3
2025-06-24,20250624145500000,sz.002842,8.2400,8.2400,8.2200,8.2400,393400,3239520.0000,3
2025-06-24,20250624150000000,sz.002842,8.2400,8.2600,8.2300,8.2400,462200,3810648.0000,3
2025-06-25,20250625093500000,sz.002842,8.2000,8.3400,8.2000,8.2200,1453100,12016231.0000,3
2025-06-25,20250625094000000,sz.002842,8.2100,8.2800,8.2000,8.2700,472100,3885895.0000,3
2025-06-25,20250625094500000,sz.002842,8.2600,8.3000,8.2500,8.2700,397900,3291474.0000,3
2025-06-25,20250625095000000,sz.002842,8.2700,8.3400,8.2600,8.3200,445300,3698268.0000,3
2025-06-25,20250625095500000,sz.002842,8.3200,8.3300,8.2800,8.2900,315700,2621272.0000,3
2025-06-25,20250625100000000,sz.002842,8.3000,8.3400,8.2900,8.3400,566400,4712698.0000,3
2025-06-25,20250625100500000,sz.002842,8.3400,8.4000,8.3300,8.4000,873200,7300846.0000,3
2025-06-25,20250625101000000,sz.002842,8.3900,8.4500,8.3500,8.4300,1416800,11903788.0000,3
2025-06-25,20250625101500000,sz.002842,8.4200,8.4300,8.3900,8.3900,884800,7437320.0000,3
2025-06-25,20250625102000000,sz.002842,8.4000,8.4100,8.3600,8.3700,527100,4423780.0000,3
2025-06-25,20250625102500000,sz.002842,8.3700,8.3700,8.3000,8.3100,530700,4419620.0000,3
2025-06-25,20250625103000000,sz.002842,8.3000,8.3200,8.3000,8.3100,252200,2096176.0000,3
2025-06-25,20250625103500000,sz.002842,8.3000,8.3100,8.2800,8.2900,389300,3230480.0000,3
2025-06-25,20250625104000000,sz.002842,8.2900,8.3100,8.2800,8.2800,323600,2685616.0000,3
2025-06-25,20250625104500000,sz.002842,8.2800,8.2900,8.2700,8.2700,161000,1333656.0000,3
2025-06-25,20250625105000000,sz.002842,8.2700,8.2800,8.2600,8.2700,199600,1649864.0000,3
2025-06-25,20250625105500000,sz.002842,8.2600,8.2800,8.2600,8.2700,170200,1407520.0000,3
2025-06-25,20250625110000000,sz.002842,8.2600,8.2800,8.2600,8.2700,232600,1924424.0000,3
2025-06-25,20250625110500000,sz.002842,8.2600,8.2700,8.2500,8.2600,333000,2750328.0000,3
2025-06-25,20250625111000000,sz.002842,8.2600,8.2600,8.2400,8.2500,286500,2362312.0000,3
2025-06-25,20250625111500000,sz.002842,8.2500,8.2600,8.2400,8.2500,125800,1037928.0000,3
2025-06-25,20250625112000000,sz.002842,8.2500,8.2500,8.2300,8.2400,234700,1934344.0000,3
2025-06-25,20250625112500000,sz.002842,8.2400,8.2600,8.2300,8.2600,203200,1674224.0000,3
2025-06-25,20250625113000000,sz.002842,8.2600,8.2900,8.2500,8.2800,101200,837680.0000,3
2025-06-25,20250625130500000,sz.002842,8.2800,8.2900,8.2600,8.2600,197400,1633912.0000,3
2025-06-25,20250625131000000,sz.002842,8.2600,8.2600,8.2400,8.2500,427900,3530792.0000,3
2025-06-25,20250625131500000,sz.002842,8.2600,8.2900,8.2500,8.2800,144900,1197688.0000,3
2025-06-25,20250625132000000,sz.002842,8.2800,8.2800,8.2600,8.2700,207700,1718592.0000,3
2025-06-25,20250625132500000,sz.002842,8.2600,8.3200,8.2600,8.3000,300300,2489096.0000,3
2025-06-25,20250625133000000,sz.002842,8.3100,8.3100,8.2800,8.2900,202700,1681608.0000,3
2025-06-25,20250625133500000,sz.002842,8.2900,8.2900,8.2600,8.2600,177700,1470208.0000,3
2025-06-25,20250625134000000,sz.002842,8.2700,8.2700,8.2600,8.2700,110700,914992.0000,3
2025-06-25,20250625134500000,sz.002842,8.2700,8.2700,8.2600,8.2600,58700,485296.0000,3
2025-06-25,20250625135000000,sz.002842,8.2700,8.2700,8.2500,8.2500,371000,3064000.0000,3
2025-06-25,20250625135500000,sz.002842,8.2500,8.2700,8.2400,8.2700,389600,3213808.0000,3
2025-06-25,20250625140000000,sz.002842,8.2700,8.2900,8.2600,8.2600,163100,1350360.0000,3
2025-06-25,20250625140500000,sz.002842,8.2600,8.2800,8.2600,8.2600,123200,1018560.0000,3
2025-06-25,20250625141000000,sz.002842,8.2600,8.2800,8.2500,8.2800,220000,1817784.0000,3
2025-06-25,20250625141500000,sz.002842,8.2800,8.2800,8.2600,8.2700,269700,2231336.0000,3
2025-06-25,20250625142000000,sz.002842,8.2700,8.2700,8.2600,8.2700,246700,2039392.0000,3
2025-06-25,20250625142500000,sz.002842,8.2600,8.2900,8.2600,8.2700,318500,2635992.0000,3
2025-06-25,20250625143000000,sz.002842,8.2800,8.2900,8.2700,8.2800,268100,2219840.0000,3
2025-06-25,20250625143500000,sz.002842,8.2800,8.2800,8.2600,8.2600,446100,3688336.0000,3
2025-06-25,20250625144000000,sz.002842,8.2700,8.2800,8.2600,8.2700,114900,950024.0000,3
2025-06-25,20250625144500000,sz.002842,8.2800,8.2900,8.2700,8.2700,398800,3301696.0000,3
2025-06-25,20250625145000000,sz.002842,8.2800,8.2800,8.2600,8.2600,1271700,10519296.0000,3
2025-06-25,20250625145500000,sz.002842,8.2600,8.2700,8.2600,8.2600,581300,4804048.0000,3
2025-06-25,20250625150000000,sz.002842,8.2600,8.2700,8.2500,8.2700,703600,5813072.0000,3
2025-06-26,20250626093500000,sz.002842,8.3500,8.3900,8.2700,8.2800,1824000,15189431.0000,3
2025-06-26,20250626094000000,sz.002842,8.2800,8.2900,8.2100,8.2100,964100,7957113.0000,3
2025-06-26,20250626094500000,sz.002842,8.2100,8.2100,8.1700,8.1800,922100,7550136.0000,3
2025-06-26,20250626095000000,sz.002842,8.1900,8.2900,8.1800,8.2800,942600,7751360.0000,3
2025-06-26,20250626095500000,sz.002842,8.2700,8.3300,8.2700,8.3300,684900,5689920.0000,3
2025-06-26,20250626100000000,sz.002842,8.3300,8.3300,8.2900,8.3000,388500,3225876.0000,3
2025-06-26,20250626100500000,sz.002842,8.3000,8.3000,8.2800,8.2900,307000,2545076.0000,3
2025-06-26,20250626101000000,sz.002842,8.2900,8.3100,8.2900,8.3000,241700,2005904.0000,3
2025-06-26,20250626101500000,sz.002842,8.2900,8.3100,8.2900,8.3000,270300,2243852.0000,3
2025-06-26,20250626102000000,sz.002842,8.3000,8.3100,8.2800,8.2900,362900,3009716.0000,3
2025-06-26,20250626102500000,sz.002842,8.2900,8.3100,8.2800,8.3000,270900,2248616.0000,3
2025-06-26,20250626103000000,sz.002842,8.3000,8.3000,8.2600,8.2600,410700,3399408.0000,3
2025-06-26,20250626103500000,sz.002842,8.2600,8.2800,8.2400,8.2700,940200,7760560.0000,3
2025-06-26,20250626104000000,sz.002842,8.2600,8.2700,8.2600,8.2600,256400,2118896.0000,3
2025-06-26,20250626104500000,sz.002842,8.2600,8.2600,8.2300,8.2400,347000,2861504.0000,3
2025-06-26,20250626105000000,sz.002842,8.2300,8.2500,8.2300,8.2400,161300,1329344.0000,3
2025-06-26,20250626105500000,sz.002842,8.2400,8.2700,8.2400,8.2700,145000,1197504.0000,3
2025-06-26,20250626110000000,sz.002842,8.2700,8.2900,8.2700,8.2800,199500,1651192.0000,3
2025-06-26,20250626110500000,sz.002842,8.2800,8.2900,8.2600,8.2600,146000,1207680.0000,3
2025-06-26,20250626111000000,sz.002842,8.2600,8.2700,8.2400,8.2500,193800,1599848.0000,3
2025-06-26,20250626111500000,sz.002842,8.2500,8.2500,8.2300,8.2400,174200,1435272.0000,3
2025-06-26,20250626112000000,sz.002842,8.2400,8.2500,8.2300,8.2400,121100,998192.0000,3
2025-06-26,20250626112500000,sz.002842,8.2400,8.2500,8.2300,8.2400,148600,1224568.0000,3
2025-06-26,20250626113000000,sz.002842,8.2400,8.2500,8.2300,8.2400,130200,1073048.0000,3
2025-06-26,20250626130500000,sz.002842,8.2500,8.2500,8.2100,8.2200,351200,2889024.0000,3
2025-06-26,20250626131000000,sz.002842,8.2200,8.2200,8.1900,8.2000,576300,4727144.0000,3
2025-06-26,20250626131500000,sz.002842,8.2100,8.2100,8.1900,8.1900,299200,2451968.0000,3
2025-06-26,20250626132000000,sz.002842,8.2000,8.2000,8.1800,8.1800,436600,3572896.0000,3
2025-06-26,20250626132500000,sz.002842,8.1800,8.2000,8.1800,8.2000,246200,2015480.0000,3
2025-06-26,20250626133000000,sz.002842,8.2000,8.2000,8.1800,8.1900,279600,2289176.0000,3
2025-06-26,20250626133500000,sz.002842,8.1900,8.2000,8.1700,8.1800,457900,3746384.0000,3
2025-06-26,20250626134000000,sz.002842,8.1900,8.1900,8.1700,8.1800,265900,2175104.0000,3
2025-06-26,20250626134500000,sz.002842,8.1700,8.1800,8.1600,8.1600,328900,2687008.0000,3
2025-06-26,20250626135000000,sz.002842,8.1600,8.1700,8.1500,8.1500,532800,4343920.0000,3
2025-06-26,20250626135500000,sz.002842,8.1500,8.1500,8.1400,8.1500,230900,1880240.0000,3
2025-06-26,20250626140000000,sz.002842,8.1400,8.1500,8.1200,8.1200,466600,3793032.0000,3
2025-06-26,20250626140500000,sz.002842,8.1200,8.1400,8.1100,8.1200,425000,3451664.0000,3
2025-06-26,20250626141000000,sz.002842,8.1200,8.1300,8.1100,8.1200,360100,2924272.0000,3
2025-06-26,20250626141500000,sz.002842,8.1200,8.1600,8.1200,8.1600,273400,2226280.0000,3
2025-06-26,20250626142000000,sz.002842,8.1600,8.1700,8.1400,8.1500,115600,942448.0000,3
2025-06-26,20250626142500000,sz.002842,8.1500,8.1600,8.1500,8.1600,60900,496816.0000,3
2025-06-26,20250626143000000,sz.002842,8.1600,8.1700,8.1500,8.1700,149800,1223144.0000,3
2025-06-26,20250626143500000,sz.002842,8.1700,8.1700,8.1400,8.1500,263200,2145920.0000,3
2025-06-26,20250626144000000,sz.002842,8.1400,8.1500,8.1400,8.1400,144700,1178240.0000,3
2025-06-26,20250626144500000,sz.002842,8.1400,8.1400,8.1200,8.1300,298200,2424016.0000,3
2025-06-26,20250626145000000,sz.002842,8.1500,8.1500,8.1100,8.1100,528000,4291264.0000,3
2025-06-26,20250626145500000,sz.002842,8.1100,8.1300,8.1100,8.1200,441200,3582928.0000,3
2025-06-26,20250626150000000,sz.002842,8.1200,8.1300,8.1200,8.1300,484600,3938560.0000,3
2025-06-27,20250627093500000,sz.002842,8.1600,8.3800,8.1600,8.2600,2519300,20915944.0000,3
2025-06-27,20250627094000000,sz.002842,8.2700,8.2800,8.2200,8.2400,517200,4271298.0000,3
2025-06-27,20250627094500000,sz.002842,8.2500,8.3400,8.2400,8.2900,1142800,9481234.0000,3
2025-06-27,20250627095000000,sz.002842,8.2900,8.3400,8.2700,8.3200,641200,5328500.0000,3
2025-06-27,20250627095500000,sz.002842,8.3200,8.3200,8.2700,8.2900,369500,3064492.0000,3
2025-06-27,20250627100000000,sz.002842,8.2900,8.2900,8.2200,8.2400,426000,3516932.0000,3
2025-06-27,20250627100500000,sz.002842,8.2400,8.2700,8.2300,8.2500,291100,2399624.0000,3
2025-06-27,20250627101000000,sz.002842,8.2500,8.2900,8.2400,8.2900,299100,2471964.0000,3
2025-06-27,20250627101500000,sz.002842,8.2900,8.2900,8.2700,8.2800,211900,1754552.0000,3
2025-06-27,20250627102000000,sz.002842,8.2800,8.3000,8.2700,8.2900,253900,2104056.0000,3
2025-06-27,20250627102500000,sz.002842,8.3000,8.3400,8.2900,8.3300,1002800,8342124.0000,3
2025-06-27,20250627103000000,sz.002842,8.3300,8.3300,8.2800,8.3000,370300,3078220.0000,3
2025-06-27,20250627103500000,sz.002842,8.3000,8.3200,8.2900,8.3000,163600,1358612.0000,3
2025-06-27,20250627104000000,sz.002842,8.3000,8.3100,8.2600,8.2600,361200,2991896.0000,3
2025-06-27,20250627104500000,sz.002842,8.2600,8.2800,8.2400,8.2800,189100,1563416.0000,3
2025-06-27,20250627105000000,sz.002842,8.2800,8.3000,8.2800,8.2900,156000,1293368.0000,3
2025-06-27,20250627105500000,sz.002842,8.3000,8.3200,8.2800,8.3200,299600,2488264.0000,3
2025-06-27,20250627110000000,sz.002842,8.3100,8.3200,8.3000,8.3000,219500,1824992.0000,3
2025-06-27,20250627110500000,sz.002842,8.3000,8.3100,8.2800,8.2800,101400,840936.0000,3
2025-06-27,20250627111000000,sz.002842,8.2800,8.2900,8.2700,8.2900,137200,1136568.0000,3
2025-06-27,20250627111500000,sz.002842,8.2800,8.2800,8.2600,8.2600,97300,804768.0000,3
2025-06-27,20250627112000000,sz.002842,8.2600,8.2700,8.2500,8.2700,100700,832072.0000,3
2025-06-27,20250627112500000,sz.002842,8.2700,8.2900,8.2500,8.2500,162300,1341216.0000,3
2025-06-27,20250627113000000,sz.002842,8.2500,8.2600,8.2400,8.2400,114600,945592.0000,3
2025-06-27,20250627130500000,sz.002842,8.2400,8.3000,8.2400,8.2800,358400,2967408.0000,3
2025-06-27,20250627131000000,sz.002842,8.2800,8.2800,8.2500,8.2600,197600,1633440.0000,3
2025-06-27,20250627131500000,sz.002842,8.2700,8.2700,8.2300,8.2400,324200,2675256.0000,3
2025-06-27,20250627132000000,sz.002842,8.2400,8.2600,8.2400,8.2500,191800,1582368.0000,3
2025-06-27,20250627132500000,sz.002842,8.2500,8.2600,8.2400,8.2400,165200,1362496.0000,3
2025-06-27,20250627133000000,sz.002842,8.2400,8.2500,8.2300,8.2300,159100,1310648.0000,3
2025-06-27,20250627133500000,sz.002842,8.2300,8.2500,8.2300,8.2500,92400,761512.0000,3
2025-06-27,20250627134000000,sz.002842,8.2500,8.2700,8.2400,8.2600,182200,1504888.0000,3
2025-06-27,20250627134500000,sz.002842,8.2600,8.2600,8.2300,8.2400,152800,1259216.0000,3
2025-06-27,20250627135000000,sz.002842,8.2400,8.2400,8.2200,8.2300,235500,1938392.0000,3
2025-06-27,20250627135500000,sz.002842,8.2300,8.2400,8.1900,8.2000,1032900,8478208.0000,3
2025-06-27,20250627140000000,sz.002842,8.1900,8.2100,8.1800,8.2100,225900,1851160.0000,3
2025-06-27,20250627140500000,sz.002842,8.2100,8.2300,8.2000,8.2200,90900,746872.0000,3
2025-06-27,20250627141000000,sz.002842,8.2200,8.2400,8.2200,8.2400,113500,934072.0000,3
2025-06-27,20250627141500000,sz.002842,8.2400,8.2500,8.2300,8.2400,77000,634664.0000,3
2025-06-27,20250627142000000,sz.002842,8.2400,8.2500,8.2400,8.2500,161500,1331296.0000,3
2025-06-27,20250627142500000,sz.002842,8.2500,8.2500,8.2300,8.2300,127400,1049784.0000,3
2025-06-27,20250627143000000,sz.002842,8.2300,8.2400,8.2300,8.2400,131300,1080792.0000,3
2025-06-27,20250627143500000,sz.002842,8.2300,8.2500,8.2300,8.2300,183300,1510288.0000,3
2025-06-27,20250627144000000,sz.002842,8.2300,8.2600,8.2300,8.2500,225500,1859712.0000,3
2025-06-27,20250627144500000,sz.002842,8.2500,8.2600,8.2400,8.2400,164000,1352656.0000,3
2025-06-27,20250627145000000,sz.002842,8.2500,8.2500,8.2300,8.2400,341400,2812968.0000,3
2025-06-27,20250627145500000,sz.002842,8.2400,8.2500,8.2300,8.2400,303600,2500312.0000,3
2025-06-27,20250627150000000,sz.002842,8.2500,8.2500,8.2300,8.2400,473300,3900192.0000,3
2025-06-30,20250630093500000,sz.002842,8.3000,8.3000,8.1700,8.2100,1428300,11730882.0000,3
2025-06-30,20250630094000000,sz.002842,8.2200,8.2400,8.2000,8.2100,394300,3239194.0000,3
2025-06-30,20250630094500000,sz.002842,8.2100,8.2200,8.1800,8.2000,695500,5701080.0000,3
2025-06-30,20250630095000000,sz.002842,8.2000,8.2500,8.1900,8.2300,432500,3553900.0000,3
2025-06-30,20250630095500000,sz.002842,8.2400,8.2600,8.2300,8.2500,300700,2481172.0000,3
2025-06-30,20250630100000000,sz.002842,8.2400,8.2500,8.2300,8.2400,145400,1197926.0000,3
2025-06-30,20250630100500000,sz.002842,8.2400,8.2500,8.2100,8.2300,336700,2772598.0000,3
2025-06-30,20250630101000000,sz.002842,8.2400,8.2900,8.2300,8.2700,678100,5589896.0000,3
2025-06-30,20250630101500000,sz.002842,8.2700,8.2800,8.2600,8.2600,135000,1116236.0000,3
2025-06-30,20250630102000000,sz.002842,8.2600,8.2800,8.2600,8.2800,234200,1936648.0000,3
2025-06-30,20250630102500000,sz.002842,8.2800,8.2900,8.2600,8.2700,246900,2042152.0000,3
2025-06-30,20250630103000000,sz.002842,8.2600,8.2700,8.2500,8.2600,108300,894252.0000,3
2025-06-30,20250630103500000,sz.002842,8.2700,8.2700,8.2600,8.2600,137900,1139456.0000,3
2025-06-30,20250630104000000,sz.002842,8.2600,8.2800,8.2600,8.2600,291200,2407716.0000,3
2025-06-30,20250630104500000,sz.002842,8.2600,8.2900,8.2500,8.2900,421000,3480964.0000,3
2025-06-30,20250630105000000,sz.002842,8.2800,8.2900,8.2600,8.2700,150500,1245616.0000,3
2025-06-30,20250630105500000,sz.002842,8.2600,8.2700,8.2500,8.2500,88400,730136.0000,3
2025-06-30,20250630110000000,sz.002842,8.2600,8.2600,8.2400,8.2500,150400,1240364.0000,3
2025-06-30,20250630110500000,sz.002842,8.2500,8.2500,8.2200,8.2400,229800,1892664.0000,3
2025-06-30,20250630111000000,sz.002842,8.2300,8.2400,8.2200,8.2300,194900,1604536.0000,3
2025-06-30,20250630111500000,sz.002842,8.2200,8.2500,8.2200,8.2400,157200,1294544.0000,3
2025-06-30,20250630112000000,sz.002842,8.2400,8.2600,8.2400,8.2500,114100,941124.0000,3
2025-06-30,20250630112500000,sz.002842,8.2500,8.2900,8.2500,8.2800,237600,1965664.0000,3
2025-06-30,20250630113000000,sz.002842,8.2800,8.2800,8.2600,8.2600,170000,1406356.0000,3
2025-06-30,20250630130500000,sz.002842,8.2500,8.2500,8.2200,8.2400,516900,4256668.0000,3
2025-06-30,20250630131000000,sz.002842,8.2400,8.2500,8.2300,8.2500,176800,1457128.0000,3
2025-06-30,20250630131500000,sz.002842,8.2500,8.2900,8.2400,8.2700,424700,3510200.0000,3
2025-06-30,20250630132000000,sz.002842,8.2500,8.2700,8.2400,8.2500,222400,1834944.0000,3
2025-06-30,20250630132500000,sz.002842,8.2400,8.2700,8.2400,8.2600,279600,2308496.0000,3
2025-06-30,20250630133000000,sz.002842,8.2500,8.2600,8.2400,8.2400,360800,2974528.0000,3
2025-06-30,20250630133500000,sz.002842,8.2400,8.2600,8.2400,8.2500,285800,2357808.0000,3
2025-06-30,20250630134000000,sz.002842,8.2400,8.2600,8.2400,8.2400,193200,1593536.0000,3
2025-06-30,20250630134500000,sz.002842,8.2400,8.2600,8.2400,8.2500,182400,1504392.0000,3
2025-06-30,20250630135000000,sz.002842,8.2500,8.2500,8.2200,8.2400,316200,2604552.0000,3
2025-06-30,20250630135500000,sz.002842,8.2400,8.2500,8.2200,8.2400,263800,2170512.0000,3
2025-06-30,20250630140000000,sz.002842,8.2400,8.2500,8.2300,8.2300,146900,1210448.0000,3
2025-06-30,20250630140500000,sz.002842,8.2400,8.2600,8.2300,8.2600,229900,1896704.0000,3
2025-06-30,20250630141000000,sz.002842,8.2500,8.2700,8.2500,8.2700,303100,2504048.0000,3
2025-06-30,20250630141500000,sz.002842,8.2700,8.2700,8.2500,8.2600,394100,3255712.0000,3
2025-06-30,20250630142000000,sz.002842,8.2600,8.2800,8.2600,8.2800,682100,5644288.0000,3
2025-06-30,20250630142500000,sz.002842,8.2800,8.2900,8.2800,8.2800,262700,2175456.0000,3
2025-06-30,20250630143000000,sz.002842,8.2800,8.3300,8.2700,8.3300,852700,7073464.0000,3
2025-06-30,20250630143500000,sz.002842,8.3200,8.3500,8.3100,8.3500,709400,5907440.0000,3
2025-06-30,20250630144000000,sz.002842,8.3300,8.3500,8.3300,8.3300,558800,4659184.0000,3
2025-06-30,20250630144500000,sz.002842,8.3400,8.3400,8.3300,8.3400,342700,2856432.0000,3
2025-06-30,20250630145000000,sz.002842,8.3300,8.3400,8.3200,8.3300,301100,2507288.0000,3
2025-06-30,20250630145500000,sz.002842,8.3200,8.3500,8.3200,8.3500,993600,8286432.0000,3
2025-06-30,20250630150000000,sz.002842,8.3400,8.3500,8.3300,8.3500,899900,7511136.0000,3
2025-07-01,20250701093500000,sz.002842,8.3300,8.3600,8.3000,8.3300,852200,7092095.0000,3
2025-07-01,20250701094000000,sz.002842,8.3400,8.3400,8.2800,8.2800,474700,3940781.0000,3
2025-07-01,20250701094500000,sz.002842,8.2700,8.2800,8.2300,8.2400,658900,5439771.0000,3
2025-07-01,20250701095000000,sz.002842,8.2400,8.2900,8.2400,8.2600,403300,3333215.0000,3
2025-07-01,20250701095500000,sz.002842,8.2600,8.2800,8.2600,8.2800,221600,1832008.0000,3
2025-07-01,20250701100000000,sz.002842,8.2800,8.2800,8.2600,8.2700,241100,1994354.0000,3
2025-07-01,20250701100500000,sz.002842,8.2600,8.2700,8.2500,8.2600,333200,2750244.0000,3
2025-07-01,20250701101000000,sz.002842,8.2600,8.2700,8.2500,8.2600,172900,1427770.0000,3
2025-07-01,20250701101500000,sz.002842,8.2600,8.2600,8.2300,8.2400,391300,3225714.0000,3
2025-07-01,20250701102000000,sz.002842,8.2400,8.2400,8.2200,8.2300,603200,4963664.0000,3
2025-07-01,20250701102500000,sz.002842,8.2300,8.2400,8.2200,8.2300,344300,2832536.0000,3
2025-07-01,20250701103000000,sz.002842,8.2300,8.2400,8.2200,8.2300,190800,1570420.0000,3
2025-07-01,20250701103500000,sz.002842,8.2200,8.2400,8.2000,8.2000,580300,4769508.0000,3
2025-07-01,20250701104000000,sz.002842,8.2000,8.2100,8.1800,8.1900,599200,4909424.0000,3
2025-07-01,20250701104500000,sz.002842,8.1900,8.2000,8.1800,8.2000,132000,1081952.0000,3
2025-07-01,20250701105000000,sz.002842,8.1900,8.2000,8.1900,8.2000,184900,1514800.0000,3
2025-07-01,20250701105500000,sz.002842,8.1900,8.2000,8.1800,8.1900,142700,1168304.0000,3
2025-07-01,20250701110000000,sz.002842,8.1900,8.1900,8.1700,8.1700,461700,3776764.0000,3
2025-07-01,20250701110500000,sz.002842,8.1900,8.2000,8.1900,8.1900,43900,359680.0000,3
2025-07-01,20250701111000000,sz.002842,8.1900,8.2000,8.1800,8.1800,88200,722588.0000,3
2025-07-01,20250701111500000,sz.002842,8.1900,8.2000,8.1800,8.1900,119800,980808.0000,3
2025-07-01,20250701112000000,sz.002842,8.1900,8.1900,8.1400,8.1600,1027000,8380112.0000,3
2025-07-01,20250701112500000,sz.002842,8.1600,8.1800,8.1600,8.1800,91800,749456.0000,3
2025-07-01,20250701113000000,sz.002842,8.1800,8.2200,8.1800,8.2200,58300,478072.0000,3
2025-07-01,20250701130500000,sz.002842,8.2200,8.3000,8.2200,8.3000,534400,4406488.0000,3
2025-07-01,20250701131000000,sz.002842,8.3000,8.3500,8.2900,8.3000,971500,8089408.0000,3
2025-07-01,20250701131500000,sz.002842,8.3000,8.3400,8.2900,8.3400,403000,3349856.0000,3
2025-07-01,20250701132000000,sz.002842,8.3400,8.3500,8.3000,8.3100,352500,2936912.0000,3
2025-07-01,20250701132500000,sz.002842,8.3100,8.3200,8.2800,8.2900,251800,2088176.0000,3
2025-07-01,20250701133000000,sz.002842,8.2800,8.3200,8.2800,8.3200,340400,2827224.0000,3
2025-07-01,20250701133500000,sz.002842,8.3200,8.3300,8.3100,8.3300,361300,3004664.0000,3
2025-07-01,20250701134000000,sz.002842,8.3300,8.3500,8.3200,8.3400,279000,2325200.0000,3
2025-07-01,20250701134500000,sz.002842,8.3400,8.3400,8.3200,8.3300,267500,2226608.0000,3
2025-07-01,20250701135000000,sz.002842,8.3300,8.3500,8.3200,8.3400,241200,2010680.0000,3
2025-07-01,20250701135500000,sz.002842,8.3400,8.3500,8.3300,8.3300,305000,2543760.0000,3
2025-07-01,20250701140000000,sz.002842,8.3400,8.3400,8.3300,8.3400,91900,765640.0000,3
2025-07-01,20250701140500000,sz.002842,8.3400,8.3400,8.3200,8.3300,187200,1558272.0000,3
2025-07-01,20250701141000000,sz.002842,8.3300,8.3500,8.3200,8.3300,258900,2158448.0000,3
2025-07-01,20250701141500000,sz.002842,8.3300,8.3400,8.3200,8.3300,262400,2185952.0000,3
2025-07-01,20250701142000000,sz.002842,8.3300,8.3400,8.3200,8.3300,97900,815528.0000,3
2025-07-01,20250701142500000,sz.002842,8.3300,8.3500,8.3300,8.3400,267700,2233440.0000,3
2025-07-01,20250701143000000,sz.002842,8.3500,8.3500,8.3400,8.3400,169100,1410816.0000,3
2025-07-01,20250701143500000,sz.002842,8.3400,8.3500,8.3300,8.3500,138600,1155808.0000,3
2025-07-01,20250701144000000,sz.002842,8.3400,8.3500,8.3300,8.3500,244100,2035856.0000,3
2025-07-01,20250701144500000,sz.002842,8.3400,8.3500,8.3300,8.3500,192500,1605480.0000,3
2025-07-01,20250701145000000,sz.002842,8.3400,8.3700,8.3400,8.3700,641700,5360024.0000,3
2025-07-01,20250701145500000,sz.002842,8.3700,8.4000,8.3600,8.3900,619000,5187088.0000,3
2025-07-01,20250701150000000,sz.002842,8.3900,8.3900,8.3800,8.3900,521300,4372616.0000,3
2025-07-02,20250702093500000,sz.002842,8.3600,8.3600,8.2900,8.3200,781400,6496917.0000,3
2025-07-02,20250702094000000,sz.002842,8.3200,8.3300,8.2700,8.2800,556300,4611543.0000,3
2025-07-02,20250702094500000,sz.002842,8.2800,8.3300,8.2700,8.3200,373300,3096234.0000,3
2025-07-02,20250702095000000,sz.002842,8.3200,8.3200,8.2800,8.3100,372800,3094234.0000,3
2025-07-02,20250702095500000,sz.002842,8.3100,8.3200,8.3000,8.3100,143000,1187724.0000,3
2025-07-02,20250702100000000,sz.002842,8.3100,8.3200,8.3100,8.3200,185200,1539464.0000,3
2025-07-02,20250702100500000,sz.002842,8.3200,8.3200,8.2900,8.2900,203100,1686722.0000,3
2025-07-02,20250702101000000,sz.002842,8.3000,8.3000,8.2800,8.2900,182500,1512554.0000,3
2025-07-02,20250702101500000,sz.002842,8.2800,8.2900,8.2700,8.2800,209600,1734942.0000,3
2025-07-02,20250702102000000,sz.002842,8.2800,8.2900,8.2700,8.2800,131000,1084538.0000,3
2025-07-02,20250702102500000,sz.002842,8.2800,8.2800,8.2600,8.2700,236900,1959352.0000,3
2025-07-02,20250702103000000,sz.002842,8.2700,8.2800,8.2700,8.2800,94500,782016.0000,3
2025-07-02,20250702103500000,sz.002842,8.2800,8.2800,8.2600,8.2700,238600,1972390.0000,3
2025-07-02,20250702104000000,sz.002842,8.2800,8.2900,8.2700,8.2800,90700,750912.0000,3
2025-07-02,20250702104500000,sz.002842,8.2900,8.3100,8.2800,8.3000,112300,931096.0000,3
2025-07-02,20250702105000000,sz.002842,8.3000,8.3400,8.2900,8.3400,293600,2440534.0000,3
2025-07-02,20250702105500000,sz.002842,8.3400,8.4200,8.3400,8.4000,1291800,10835408.0000,3
2025-07-02,20250702110000000,sz.002842,8.4000,8.4400,8.3800,8.4100,848400,7132128.0000,3
2025-07-02,20250702110500000,sz.002842,8.4200,8.4400,8.3900,8.4000,678500,5714356.0000,3
2025-07-02,20250702111000000,sz.002842,8.4000,8.4100,8.4000,8.4000,325000,2730892.0000,3
2025-07-02,20250702111500000,sz.002842,8.4000,8.4300,8.4000,8.4100,315300,2652608.0000,3
2025-07-02,20250702112000000,sz.002842,8.4000,8.4200,8.4000,8.4100,153200,1288420.0000,3
2025-07-02,20250702112500000,sz.002842,8.4100,8.4400,8.4100,8.4400,333200,2808528.0000,3
2025-07-02,20250702113000000,sz.002842,8.4300,8.4400,8.4200,8.4300,153600,1294192.0000,3
2025-07-02,20250702130500000,sz.002842,8.4400,8.5200,8.4300,8.4500,1494000,12658000.0000,3
2025-07-02,20250702131000000,sz.002842,8.4600,8.4700,8.4400,8.4700,355400,3005688.0000,3
2025-07-02,20250702131500000,sz.002842,8.4600,8.4700,8.4500,8.4500,175300,1483376.0000,3
2025-07-02,20250702132000000,sz.002842,8.4500,8.4600,8.4400,8.4500,541600,4577472.0000,3
2025-07-02,20250702132500000,sz.002842,8.4500,8.4500,8.4100,8.4200,427100,3601928.0000,3
2025-07-02,20250702133000000,sz.002842,8.4200,8.4300,8.4100,8.4100,123600,1040400.0000,3
2025-07-02,20250702133500000,sz.002842,8.4100,8.4100,8.3800,8.3900,223100,1872944.0000,3
2025-07-02,20250702134000000,sz.002842,8.3900,8.4000,8.3900,8.3900,137400,1153256.0000,3
2025-07-02,20250702134500000,sz.002842,8.3900,8.4100,8.3800,8.3900,219600,1845144.0000,3
2025-07-02,20250702135000000,sz.002842,8.4000,8.4100,8.3800,8.3800,535900,4496904.0000,3
2025-07-02,20250702135500000,sz.002842,8.3800,8.3900,8.3600,8.3700,320600,2683200.0000,3
2025-07-02,20250702140000000,sz.002842,8.3700,8.3800,8.3500,8.3500,240800,2014472.0000,3
2025-07-02,20250702140500000,sz.002842,8.3500,8.3700,8.3500,8.3600,198400,1657656.0000,3
2025-07-02,20250702141000000,sz.002842,8.3600,8.3600,8.3500,8.3600,135100,1128416.0000,3
2025-07-02,20250702141500000,sz.002842,8.3600,8.3600,8.3300,8.3300,257700,2150976.0000,3
2025-07-02,20250702142000000,sz.002842,8.3300,8.3500,8.3200,8.3500,214800,1790016.0000,3
2025-07-02,20250702142500000,sz.002842,8.3400,8.3500,8.3300,8.3400,117000,976176.0000,3
2025-07-02,20250702143000000,sz.002842,8.3500,8.3600,8.3500,8.3500,155100,1295944.0000,3
2025-07-02,20250702143500000,sz.002842,8.3600,8.3700,8.3500,8.3600,94200,787864.0000,3
2025-07-02,20250702144000000,sz.002842,8.3600,8.4100,8.3600,8.3900,289300,2426512.0000,3
2025-07-02,20250702144500000,sz.002842,8.3900,8.4100,8.3900,8.4000,223700,1878536.0000,3
2025-07-02,20250702145000000,sz.002842,8.4000,8.4000,8.3900,8.3900,492100,4130712.0000,3
2025-07-02,20250702145500000,sz.002842,8.4000,8.4400,8.4000,8.4400,740900,6239696.0000,3
2025-07-02,20250702150000000,sz.002842,8.4300,8.4700,8.4200,8.4200,961600,8110416.0000,3
2025-07-03,20250703093500000,sz.002842,8.5700,8.5700,8.3700,8.4000,3663200,31111718.0000,3
2025-07-03,20250703094000000,sz.002842,8.4000,8.4800,8.3800,8.4300,853300,7177602.0000,3
2025-07-03,20250703094500000,sz.002842,8.4300,8.4300,8.3600,8.3800,940400,7888276.0000,3
2025-07-03,20250703095000000,sz.002842,8.3800,8.3900,8.3100,8.3100,936500,7801252.0000,3
2025-07-03,20250703095500000,sz.002842,8.3100,8.3300,8.3100,8.3200,450400,3748256.0000,3
2025-07-03,20250703100000000,sz.002842,8.3300,8.3500,8.3300,8.3400,416300,3470504.0000,3
2025-07-03,20250703100500000,sz.002842,8.3400,8.3600,8.3400,8.3500,214000,1786560.0000,3
2025-07-03,20250703101000000,sz.002842,8.3400,8.3600,8.3300,8.3300,310700,2592856.0000,3
2025-07-03,20250703101500000,sz.002842,8.3300,8.3400,8.3200,8.3200,581700,4844128.0000,3
2025-07-03,20250703102000000,sz.002842,8.3200,8.3200,8.3000,8.3000,477500,3967152.0000,3
2025-07-03,20250703102500000,sz.002842,8.3000,8.3200,8.2900,8.2900,314800,2613552.0000,3
2025-07-03,20250703103000000,sz.002842,8.2900,8.3100,8.2900,8.3000,223200,1853312.0000,3
2025-07-03,20250703103500000,sz.002842,8.2900,8.3000,8.2800,8.2800,327300,2711744.0000,3
2025-07-03,20250703104000000,sz.002842,8.2900,8.3400,8.2800,8.2900,282100,2343032.0000,3
2025-07-03,20250703104500000,sz.002842,8.2900,8.2900,8.2700,8.2800,383200,3173040.0000,3
2025-07-03,20250703105000000,sz.002842,8.2800,8.2900,8.2600,8.2700,338200,2796976.0000,3
2025-07-03,20250703105500000,sz.002842,8.2700,8.2700,8.2600,8.2700,260000,2148440.0000,3
2025-07-03,20250703110000000,sz.002842,8.2700,8.2700,8.2400,8.2500,376800,3110928.0000,3
2025-07-03,20250703110500000,sz.002842,8.2500,8.2700,8.2400,8.2700,182200,1503864.0000,3
2025-07-03,20250703111000000,sz.002842,8.2700,8.3000,8.2600,8.2800,228800,1896376.0000,3
2025-07-03,20250703111500000,sz.002842,8.2800,8.2900,8.2700,8.2800,86600,716896.0000,3
2025-07-03,20250703112000000,sz.002842,8.2900,8.3900,8.2800,8.3800,529300,4413232.0000,3
2025-07-03,20250703112500000,sz.002842,8.3700,8.3700,8.3400,8.3400,93200,777936.0000,3
2025-07-03,20250703113000000,sz.002842,8.3400,8.3900,8.3300,8.3500,273400,2286992.0000,3
2025-07-03,20250703130500000,sz.002842,8.3600,8.3600,8.3200,8.3400,161700,1348552.0000,3
2025-07-03,20250703131000000,sz.002842,8.3300,8.3600,8.3300,8.3500,106000,884704.0000,3
2025-07-03,20250703131500000,sz.002842,8.3600,8.3600,8.3400,8.3500,87700,731896.0000,3
2025-07-03,20250703132000000,sz.002842,8.3400,8.3500,8.3400,8.3400,100100,835368.0000,3
2025-07-03,20250703132500000,sz.002842,8.3300,8.3400,8.3200,8.3300,85500,711968.0000,3
2025-07-03,20250703133000000,sz.002842,8.3300,8.3400,8.3000,8.3300,66500,553200.0000,3
2025-07-03,20250703133500000,sz.002842,8.3400,8.3900,8.3300,8.3900,239600,2002528.0000,3
2025-07-03,20250703134000000,sz.002842,8.3900,8.3900,8.3500,8.3800,95800,802400.0000,3
2025-07-03,20250703134500000,sz.002842,8.3800,8.4000,8.3700,8.3900,117800,987032.0000,3
2025-07-03,20250703135000000,sz.002842,8.3900,8.4200,8.3700,8.4000,258100,2166616.0000,3
2025-07-03,20250703135500000,sz.002842,8.4000,8.4600,8.3900,8.4300,399500,3366232.0000,3
2025-07-03,20250703140000000,sz.002842,8.4400,8.4400,8.4100,8.4100,272000,2291520.0000,3
2025-07-03,20250703140500000,sz.002842,8.4200,8.4200,8.4100,8.4200,187300,1576320.0000,3
2025-07-03,20250703141000000,sz.002842,8.4200,8.4300,8.4100,8.4200,135000,1137640.0000,3
2025-07-03,20250703141500000,sz.002842,8.4200,8.4400,8.4100,8.4300,370300,3118048.0000,3
2025-07-03,20250703142000000,sz.002842,8.4300,8.4400,8.4200,8.4300,271000,2285112.0000,3
2025-07-03,20250703142500000,sz.002842,8.4400,8.4500,8.4200,8.4400,257000,2167800.0000,3
2025-07-03,20250703143000000,sz.002842,8.4300,8.4400,8.4300,8.4300,195800,1651224.0000,3
2025-07-03,20250703143500000,sz.002842,8.4300,8.4400,8.4200,8.4200,255600,2154656.0000,3
2025-07-03,20250703144000000,sz.002842,8.4200,8.4300,8.4200,8.4300,122400,1030832.0000,3
2025-07-03,20250703144500000,sz.002842,8.4300,8.4300,8.4200,8.4200,288500,2429968.0000,3
2025-07-03,20250703145000000,sz.002842,8.4200,8.4300,8.4100,8.4200,503200,4236576.0000,3
2025-07-03,20250703145500000,sz.002842,8.4200,8.4300,8.4100,8.4200,316200,2662048.0000,3
2025-07-03,20250703150000000,sz.002842,8.4200,8.4300,8.4200,8.4300,641400,5406592.0000,3
2025-07-04,20250704093500000,sz.002842,8.3600,8.4000,8.3100,8.3100,1119100,9345992.0000,3
2025-07-04,20250704094000000,sz.002842,8.3100,8.3400,8.3000,8.3000,829700,6895654.0000,3
2025-07-04,20250704094500000,sz.002842,8.3000,8.3000,8.2600,8.2800,637200,5275898.0000,3
2025-07-04,20250704095000000,sz.002842,8.2800,8.3000,8.2600,8.3000,776100,6428120.0000,3
2025-07-04,20250704095500000,sz.002842,8.2900,8.3400,8.2900,8.3400,354100,2944110.0000,3
2025-07-04,20250704100000000,sz.002842,8.3400,8.3900,8.3300,8.3800,625200,5232182.0000,3
2025-07-04,20250704100500000,sz.002842,8.3900,8.3900,8.3500,8.3500,365200,3056912.0000,3
2025-07-04,20250704101000000,sz.002842,8.3500,8.3500,8.3100,8.3100,250500,2085416.0000,3
2025-07-04,20250704101500000,sz.002842,8.3100,8.3200,8.3000,8.3000,138900,1153732.0000,3
2025-07-04,20250704102000000,sz.002842,8.2900,8.3000,8.2700,8.2800,219300,1816944.0000,3
2025-07-04,20250704102500000,sz.002842,8.2800,8.3000,8.2800,8.2900,190300,1576756.0000,3
2025-07-04,20250704103000000,sz.002842,8.2900,8.3100,8.2900,8.3000,87100,723152.0000,3
2025-07-04,20250704103500000,sz.002842,8.3000,8.3200,8.2900,8.3200,95700,794284.0000,3
2025-07-04,20250704104000000,sz.002842,8.3200,8.3300,8.3100,8.3300,71700,596560.0000,3
2025-07-04,20250704104500000,sz.002842,8.3300,8.4900,8.3300,8.4000,1497000,12617576.0000,3
2025-07-04,20250704105000000,sz.002842,8.3900,8.4000,8.3500,8.3900,584800,4900400.0000,3
2025-07-04,20250704105500000,sz.002842,8.3900,8.4100,8.3600,8.4100,308600,2585032.0000,3
2025-07-04,20250704110000000,sz.002842,8.4000,8.4500,8.4000,8.4100,463600,3903264.0000,3
2025-07-04,20250704110500000,sz.002842,8.4100,8.4400,8.3800,8.4400,272500,2292144.0000,3
2025-07-04,20250704111000000,sz.002842,8.4300,8.4400,8.3800,8.3900,195200,1641896.0000,3
2025-07-04,20250704111500000,sz.002842,8.3900,8.3900,8.3700,8.3800,80200,671992.0000,3
2025-07-04,20250704112000000,sz.002842,8.3700,8.3800,8.3600,8.3700,93600,783352.0000,3
2025-07-04,20250704112500000,sz.002842,8.3700,8.4000,8.3700,8.3900,82000,687400.0000,3
2025-07-04,20250704113000000,sz.002842,8.3900,8.4300,8.3900,8.4000,119200,1003224.0000,3
2025-07-04,20250704130500000,sz.002842,8.3900,8.4100,8.3900,8.3900,109700,921160.0000,3
2025-07-04,20250704131000000,sz.002842,8.3900,8.4100,8.3900,8.4100,127200,1067776.0000,3
2025-07-04,20250704131500000,sz.002842,8.4000,8.4200,8.3900,8.3900,149400,1255864.0000,3
2025-07-04,20250704132000000,sz.002842,8.3900,8.4000,8.3800,8.3900,122500,1027328.0000,3
2025-07-04,20250704132500000,sz.002842,8.3800,8.4000,8.3700,8.3800,149800,1255992.0000,3
2025-07-04,20250704133000000,sz.002842,8.3800,8.4000,8.3700,8.4000,142400,1194160.0000,3
2025-07-04,20250704133500000,sz.002842,8.4100,8.4100,8.3900,8.3900,170300,1430544.0000,3
2025-07-04,20250704134000000,sz.002842,8.3800,8.3900,8.3700,8.3700,59100,495168.0000,3
2025-07-04,20250704134500000,sz.002842,8.3800,8.3800,8.3600,8.3600,66200,553952.0000,3
2025-07-04,20250704135000000,sz.002842,8.3600,8.3700,8.3600,8.3600,127200,1063608.0000,3
2025-07-04,20250704135500000,sz.002842,8.3600,8.3700,8.3300,8.3300,235800,1967488.0000,3
2025-07-04,20250704140000000,sz.002842,8.3400,8.3400,8.3300,8.3300,139300,1161248.0000,3
2025-07-04,20250704140500000,sz.002842,8.3300,8.3300,8.3000,8.3100,189000,1571400.0000,3
2025-07-04,20250704141000000,sz.002842,8.3000,8.3100,8.2700,8.2700,490400,4061728.0000,3
2025-07-04,20250704141500000,sz.002842,8.2800,8.3000,8.2700,8.2900,215000,1781224.0000,3
2025-07-04,20250704142000000,sz.002842,8.2900,8.3000,8.2700,8.2800,364700,3021016.0000,3
2025-07-04,20250704142500000,sz.002842,8.2800,8.2900,8.2700,8.2800,119000,985360.0000,3
2025-07-04,20250704143000000,sz.002842,8.2800,8.2900,8.2700,8.2800,127500,1055520.0000,3
2025-07-04,20250704143500000,sz.002842,8.2800,8.2900,8.2600,8.2600,566800,4686136.0000,3
2025-07-04,20250704144000000,sz.002842,8.2700,8.2700,8.2500,8.2600,330000,2725752.0000,3
2025-07-04,20250704144500000,sz.002842,8.2600,8.2600,8.2500,8.2500,154500,1275152.0000,3
2025-07-04,20250704145000000,sz.002842,8.2600,8.2600,8.2400,8.2500,502500,4145808.0000,3
2025-07-04,20250704145500000,sz.002842,8.2600,8.2700,8.2500,8.2600,374500,3092880.0000,3
2025-07-04,20250704150000000,sz.002842,8.2700,8.2700,8.2400,8.2400,472500,3895704.0000,3
2025-07-07,20250707093500000,sz.002842,8.2100,8.2400,8.1800,8.2200,1210900,9946563.0000,3
2025-07-07,20250707094000000,sz.002842,8.2200,8.2800,8.2200,8.2700,635200,5239441.0000,3
2025-07-07,20250707094500000,sz.002842,8.2600,8.2600,8.2300,8.2400,290200,2391892.0000,3
2025-07-07,20250707095000000,sz.002842,8.2300,8.2600,8.2200,8.2600,311300,2565428.0000,3
2025-07-07,20250707095500000,sz.002842,8.2600,8.2600,8.2300,8.2500,273500,2254610.0000,3
2025-07-07,20250707100000000,sz.002842,8.2400,8.2400,8.2000,8.2000,407000,3343198.0000,3
2025-07-07,20250707100500000,sz.002842,8.2200,8.2300,8.2000,8.2300,170300,1398752.0000,3
2025-07-07,20250707101000000,sz.002842,8.2300,8.2400,8.2200,8.2400,139900,1151546.0000,3
2025-07-07,20250707101500000,sz.002842,8.2400,8.2400,8.2200,8.2400,87700,721318.0000,3
2025-07-07,20250707102000000,sz.002842,8.2300,8.2400,8.2300,8.2400,107700,887204.0000,3
2025-07-07,20250707102500000,sz.002842,8.2500,8.2500,8.2300,8.2400,133800,1102316.0000,3
2025-07-07,20250707103000000,sz.002842,8.2300,8.2300,8.2100,8.2100,159200,1308126.0000,3
2025-07-07,20250707103500000,sz.002842,8.2000,8.2300,8.2000,8.2300,325200,2671718.0000,3
2025-07-07,20250707104000000,sz.002842,8.2300,8.2400,8.2100,8.2200,63400,521400.0000,3
2025-07-07,20250707104500000,sz.002842,8.2300,8.2600,8.2200,8.2600,219200,1807824.0000,3
2025-07-07,20250707105000000,sz.002842,8.2600,8.2800,8.2500,8.2600,230100,1902404.0000,3
2025-07-07,20250707105500000,sz.002842,8.2700,8.2700,8.2500,8.2600,54100,446960.0000,3
2025-07-07,20250707110000000,sz.002842,8.2600,8.2600,8.2500,8.2600,74800,617244.0000,3
2025-07-07,20250707110500000,sz.002842,8.2500,8.2600,8.2300,8.2400,108600,895088.0000,3
2025-07-07,20250707111000000,sz.002842,8.2400,8.2400,8.2300,8.2400,65500,539712.0000,3
2025-07-07,20250707111500000,sz.002842,8.2500,8.2500,8.2400,8.2500,49100,404652.0000,3
2025-07-07,20250707112000000,sz.002842,8.2500,8.2600,8.2400,8.2500,175600,1447980.0000,3
2025-07-07,20250707112500000,sz.002842,8.2400,8.2500,8.2300,8.2300,82500,679664.0000,3
2025-07-07,20250707113000000,sz.002842,8.2300,8.2400,8.2300,8.2300,47800,393688.0000,3
2025-07-07,20250707130500000,sz.002842,8.2400,8.2400,8.2100,8.2100,265500,2183016.0000,3
2025-07-07,20250707131000000,sz.002842,8.2100,8.2400,8.2100,8.2400,42400,348808.0000,3
2025-07-07,20250707131500000,sz.002842,8.2400,8.2400,8.2200,8.2300,73700,606904.0000,3
2025-07-07,20250707132000000,sz.002842,8.2400,8.2400,8.2300,8.2300,63500,522620.0000,3
2025-07-07,20250707132500000,sz.002842,8.2400,8.2400,8.2300,8.2400,116200,957332.0000,3
2025-07-07,20250707133000000,sz.002842,8.2300,8.2600,8.2300,8.2500,145700,1201536.0000,3
2025-07-07,20250707133500000,sz.002842,8.2500,8.2500,8.2400,8.2400,69100,569852.0000,3
2025-07-07,20250707134000000,sz.002842,8.2500,8.2500,8.2400,8.2400,83600,689536.0000,3
2025-07-07,20250707134500000,sz.002842,8.2500,8.2500,8.2400,8.2400,54900,452856.0000,3
2025-07-07,20250707135000000,sz.002842,8.2500,8.2600,8.2500,8.2500,100100,825704.0000,3
2025-07-07,20250707135500000,sz.002842,8.2500,8.2600,8.2400,8.2400,135800,1119212.0000,3
2025-07-07,20250707140000000,sz.002842,8.2300,8.2500,8.2200,8.2300,176300,1451388.0000,3
2025-07-07,20250707140500000,sz.002842,8.2400,8.2400,8.2200,8.2200,76400,628364.0000,3
2025-07-07,20250707141000000,sz.002842,8.2200,8.2300,8.2100,8.2300,142600,1172388.0000,3
2025-07-07,20250707141500000,sz.002842,8.2200,8.2200,8.2100,8.2200,224300,1841800.0000,3
2025-07-07,20250707142000000,sz.002842,8.2100,8.2200,8.2000,8.2000,142000,1165268.0000,3
2025-07-07,20250707142500000,sz.002842,8.2100,8.2300,8.2100,8.2200,104000,854096.0000,3
2025-07-07,20250707143000000,sz.002842,8.2100,8.2200,8.2100,8.2200,47600,390868.0000,3
2025-07-07,20250707143500000,sz.002842,8.2200,8.2200,8.2100,8.2200,199400,1638024.0000,3
2025-07-07,20250707144000000,sz.002842,8.2200,8.2300,8.2200,8.2300,119800,985424.0000,3
2025-07-07,20250707144500000,sz.002842,8.2200,8.2300,8.2200,8.2300,73400,603516.0000,3
2025-07-07,20250707145000000,sz.002842,8.2300,8.2300,8.2200,8.2200,111900,920600.0000,3
2025-07-07,20250707145500000,sz.002842,8.2200,8.2400,8.2200,8.2300,306500,2521848.0000,3
2025-07-07,20250707150000000,sz.002842,8.2300,8.2400,8.2200,8.2400,227100,1870792.0000,3
2025-07-08,20250708093500000,sz.002842,8.2400,8.2700,8.2400,8.2500,447500,3691737.0000,3
2025-07-08,20250708094000000,sz.002842,8.2500,8.2900,8.2500,8.2900,372700,3082288.0000,3
2025-07-08,20250708094500000,sz.002842,8.2900,8.3300,8.2900,8.3200,1024000,8506537.0000,3
2025-07-08,20250708095000000,sz.002842,8.3200,8.3300,8.3000,8.3000,222400,1849586.0000,3
2025-07-08,20250708095500000,sz.002842,8.3000,8.3100,8.2900,8.3100,135200,1122316.0000,3
2025-07-08,20250708100000000,sz.002842,8.3000,8.3100,8.2900,8.3000,109800,911362.0000,3
2025-07-08,20250708100500000,sz.002842,8.2900,8.3000,8.2900,8.2900,167400,1388502.0000,3
2025-07-08,20250708101000000,sz.002842,8.3000,8.3100,8.2900,8.3000,175800,1459096.0000,3
2025-07-08,20250708101500000,sz.002842,8.3000,8.3200,8.3000,8.3000,406400,3377360.0000,3
2025-07-08,20250708102000000,sz.002842,8.3100,8.3100,8.3000,8.3100,124300,1032016.0000,3
2025-07-08,20250708102500000,sz.002842,8.3100,8.3200,8.2800,8.3000,233600,1937444.0000,3
2025-07-08,20250708103000000,sz.002842,8.3000,8.3100,8.2900,8.3000,81800,679318.0000,3
2025-07-08,20250708103500000,sz.002842,8.2900,8.3100,8.2900,8.3000,120400,999964.0000,3
2025-07-08,20250708104000000,sz.002842,8.3100,8.3300,8.3100,8.3100,196600,1635362.0000,3
2025-07-08,20250708104500000,sz.002842,8.3100,8.3200,8.3000,8.3000,100300,833404.0000,3
2025-07-08,20250708105000000,sz.002842,8.3100,8.3200,8.3000,8.3100,99100,823448.0000,3
2025-07-08,20250708105500000,sz.002842,8.3100,8.3200,8.3100,8.3200,65800,547140.0000,3
2025-07-08,20250708110000000,sz.002842,8.3100,8.3200,8.3000,8.3100,133700,1110720.0000,3
2025-07-08,20250708110500000,sz.002842,8.3100,8.3400,8.3000,8.3400,310600,2585144.0000,3
2025-07-08,20250708111000000,sz.002842,8.3400,8.3500,8.3200,8.3300,74600,621840.0000,3
2025-07-08,20250708111500000,sz.002842,8.3400,8.3400,8.3300,8.3300,89300,744620.0000,3
2025-07-08,20250708112000000,sz.002842,8.3400,8.3500,8.3300,8.3500,212200,1769056.0000,3
2025-07-08,20250708112500000,sz.002842,8.3500,8.3500,8.3300,8.3400,422400,3517656.0000,3
2025-07-08,20250708113000000,sz.002842,8.3300,8.3500,8.3300,8.3400,81200,677232.0000,3
2025-07-08,20250708130500000,sz.002842,8.3400,8.3600,8.3400,8.3400,180100,1503100.0000,3
2025-07-08,20250708131000000,sz.002842,8.3400,8.3600,8.3400,8.3600,122100,1019824.0000,3
2025-07-08,20250708131500000,sz.002842,8.3500,8.3600,8.3400,8.3400,127500,1063864.0000,3
2025-07-08,20250708132000000,sz.002842,8.3500,8.3500,8.3300,8.3500,201600,1681800.0000,3
2025-07-08,20250708132500000,sz.002842,8.3400,8.3500,8.3300,8.3400,106200,885648.0000,3
2025-07-08,20250708133000000,sz.002842,8.3300,8.3400,8.3200,8.3300,119600,996328.0000,3
2025-07-08,20250708133500000,sz.002842,8.3300,8.3300,8.3200,8.3300,126700,1054252.0000,3
2025-07-08,20250708134000000,sz.002842,8.3300,8.3400,8.3200,8.3400,188700,1571864.0000,3
2025-07-08,20250708134500000,sz.002842,8.3300,8.3400,8.3300,8.3400,52300,435944.0000,3
2025-07-08,20250708135000000,sz.002842,8.3400,8.3400,8.3300,8.3300,87000,724988.0000,3
2025-07-08,20250708135500000,sz.002842,8.3300,8.3400,8.3300,8.3400,97000,808564.0000,3
2025-07-08,20250708140000000,sz.002842,8.3400,8.3500,8.3300,8.3400,366400,3056472.0000,3
2025-07-08,20250708140500000,sz.002842,8.3400,8.3500,8.3400,8.3400,112700,939740.0000,3
2025-07-08,20250708141000000,sz.002842,8.3400,8.3800,8.3300,8.3700,766800,6410540.0000,3
2025-07-08,20250708141500000,sz.002842,8.3700,8.4200,8.3700,8.3900,927900,7792164.0000,3
2025-07-08,20250708142000000,sz.002842,8.3900,8.4100,8.3900,8.4000,227400,1909864.0000,3
2025-07-08,20250708142500000,sz.002842,8.3900,8.4000,8.3900,8.3900,133000,1116072.0000,3
2025-07-08,20250708143000000,sz.002842,8.3900,8.3900,8.3800,8.3800,222000,1860520.0000,3
2025-07-08,20250708143500000,sz.002842,8.3800,8.3900,8.3800,8.3900,151600,1270816.0000,3
2025-07-08,20250708144000000,sz.002842,8.3800,8.3900,8.3800,8.3800,256300,2148120.0000,3
2025-07-08,20250708144500000,sz.002842,8.3800,8.3800,8.3600,8.3800,242700,2031992.0000,3
2025-07-08,20250708145000000,sz.002842,8.3700,8.4000,8.3700,8.3800,459500,3853768.0000,3
2025-07-08,20250708145500000,sz.002842,8.3800,8.3900,8.3800,8.3900,268300,2249632.0000,3
2025-07-08,20250708150000000,sz.002842,8.3900,8.3900,8.3800,8.3900,385700,3235168.0000,3
2025-07-09,20250709093500000,sz.002842,8.3900,8.4500,8.3400,8.3400,1088900,9124193.0000,3
2025-07-09,20250709094000000,sz.002842,8.3400,8.4000,8.3200,8.3900,709600,5917417.0000,3
2025-07-09,20250709094500000,sz.002842,8.3700,8.3700,8.3000,8.3400,434400,3618462.0000,3
2025-07-09,20250709095000000,sz.002842,8.3300,8.3500,8.3300,8.3300,173800,1449128.0000,3
2025-07-09,20250709095500000,sz.002842,8.3400,8.3600,8.3300,8.3400,177100,1477896.0000,3
2025-07-09,20250709100000000,sz.002842,8.3500,8.3500,8.3200,8.3300,541300,4503480.0000,3
2025-07-09,20250709100500000,sz.002842,8.3300,8.3300,8.3100,8.3200,139900,1164108.0000,3
2025-07-09,20250709101000000,sz.002842,8.3300,8.3300,8.3000,8.3100,178500,1483674.0000,3
2025-07-09,20250709101500000,sz.002842,8.3100,8.3300,8.3100,8.3200,115200,958814.0000,3
2025-07-09,20250709102000000,sz.002842,8.3200,8.3300,8.3100,8.3100,175800,1461920.0000,3
2025-07-09,20250709102500000,sz.002842,8.3100,8.3300,8.3100,8.3200,206600,1718744.0000,3
2025-07-09,20250709103000000,sz.002842,8.3200,8.3200,8.3100,8.3200,146300,1216432.0000,3
2025-07-09,20250709103500000,sz.002842,8.3100,8.3300,8.3100,8.3200,161400,1343428.0000,3
2025-07-09,20250709104000000,sz.002842,8.3200,8.3200,8.3000,8.3000,238800,1985080.0000,3
2025-07-09,20250709104500000,sz.002842,8.3000,8.3100,8.2900,8.2900,464700,3854768.0000,3
2025-07-09,20250709105000000,sz.002842,8.3000,8.3100,8.2900,8.2900,183200,1520376.0000,3
2025-07-09,20250709105500000,sz.002842,8.2900,8.3000,8.2900,8.2900,87200,723208.0000,3
2025-07-09,20250709110000000,sz.002842,8.2900,8.3000,8.2700,8.2800,428400,3548672.0000,3
2025-07-09,20250709110500000,sz.002842,8.2800,8.2800,8.2600,8.2600,302300,2499012.0000,3
2025-07-09,20250709111000000,sz.002842,8.2600,8.2800,8.2500,8.2700,183600,1517416.0000,3
2025-07-09,20250709111500000,sz.002842,8.2700,8.2700,8.2500,8.2600,199600,1648996.0000,3
2025-07-09,20250709112000000,sz.002842,8.2600,8.2700,8.2400,8.2400,475100,3920456.0000,3
2025-07-09,20250709112500000,sz.002842,8.2400,8.2600,8.2300,8.2500,138300,1140200.0000,3
2025-07-09,20250709113000000,sz.002842,8.2600,8.3200,8.2500,8.2900,282900,2344064.0000,3
2025-07-09,20250709130500000,sz.002842,8.3000,8.3600,8.2800,8.3200,414400,3449148.0000,3
2025-07-09,20250709131000000,sz.002842,8.3200,8.3400,8.2900,8.3400,87000,723884.0000,3
2025-07-09,20250709131500000,sz.002842,8.3400,8.3500,8.3200,8.3300,85600,713248.0000,3
2025-07-09,20250709132000000,sz.002842,8.3300,8.3400,8.3200,8.3200,121600,1013248.0000,3
2025-07-09,20250709132500000,sz.002842,8.3400,8.3400,8.3200,8.3300,77700,647256.0000,3
2025-07-09,20250709133000000,sz.002842,8.3300,8.3400,8.3200,8.3300,112700,938992.0000,3
2025-07-09,20250709133500000,sz.002842,8.3400,8.3400,8.3200,8.3200,53300,443808.0000,3
2025-07-09,20250709134000000,sz.002842,8.3300,8.3300,8.3200,8.3200,30200,251280.0000,3
2025-07-09,20250709134500000,sz.002842,8.3200,8.3400,8.3200,8.3300,89400,745152.0000,3
2025-07-09,20250709135000000,sz.002842,8.3400,8.3400,8.3200,8.3300,36200,301480.0000,3
2025-07-09,20250709135500000,sz.002842,8.3300,8.3300,8.3200,8.3200,70700,588624.0000,3
2025-07-09,20250709140000000,sz.002842,8.3200,8.3300,8.3100,8.3100,93900,781080.0000,3
2025-07-09,20250709140500000,sz.002842,8.3100,8.3200,8.2900,8.3000,67500,560408.0000,3
2025-07-09,20250709141000000,sz.002842,8.2900,8.3100,8.2900,8.3000,63400,526224.0000,3
2025-07-09,20250709141500000,sz.002842,8.3000,8.3000,8.2700,8.2800,164400,1362640.0000,3
2025-07-09,20250709142000000,sz.002842,8.2800,8.3000,8.2700,8.3000,88700,734736.0000,3
2025-07-09,20250709142500000,sz.002842,8.2800,8.2900,8.2800,8.2900,55500,459776.0000,3
2025-07-09,20250709143000000,sz.002842,8.2800,8.2900,8.2800,8.2800,112700,933312.0000,3
2025-07-09,20250709143500000,sz.002842,8.2900,8.2900,8.2700,8.2700,49200,407320.0000,3
2025-07-09,20250709144000000,sz.002842,8.2700,8.2800,8.2600,8.2600,169900,1404160.0000,3
2025-07-09,20250709144500000,sz.002842,8.2600,8.2600,8.2500,8.2500,321600,2654384.0000,3
2025-07-09,20250709145000000,sz.002842,8.2500,8.2600,8.2400,8.2600,272400,2247856.0000,3
2025-07-09,20250709145500000,sz.002842,8.2700,8.2800,8.2600,8.2700,122600,1014088.0000,3
2025-07-09,20250709150000000,sz.002842,8.2700,8.2700,8.2600,8.2700,306700,2534800.0000,3
2025-07-10,20250710093500000,sz.002842,8.2600,8.3300,8.2600,8.2900,616800,5118157.0000,3
2025-07-10,20250710094000000,sz.002842,8.2900,8.2900,8.2300,8.2400,403800,3331568.0000,3
2025-07-10,20250710094500000,sz.002842,8.2400,8.2700,8.2400,8.2500,191300,1578968.0000,3
2025-07-10,20250710095000000,sz.002842,8.2500,8.3100,8.2500,8.2900,217000,1796500.0000,3
2025-07-10,20250710095500000,sz.002842,8.3000,8.3000,8.2800,8.2900,161000,1334762.0000,3
2025-07-10,20250710100000000,sz.002842,8.2900,8.2900,8.2700,8.2800,107300,888531.0000,3
2025-07-10,20250710100500000,sz.002842,8.2900,8.3100,8.2900,8.2900,113100,938338.0000,3
2025-07-10,20250710101000000,sz.002842,8.2900,8.3100,8.2800,8.2800,169300,1404985.0000,3
2025-07-10,20250710101500000,sz.002842,8.2900,8.2900,8.2600,8.2700,107300,887643.0000,3
2025-07-10,20250710102000000,sz.002842,8.2700,8.2700,8.2600,8.2600,118700,980988.0000,3
2025-07-10,20250710102500000,sz.002842,8.2600,8.3100,8.2600,8.3000,234800,1946824.0000,3
2025-07-10,20250710103000000,sz.002842,8.2900,8.3100,8.2800,8.3000,107700,893552.0000,3
2025-07-10,20250710103500000,sz.002842,8.3100,8.3400,8.3000,8.3100,486400,4047452.0000,3
2025-07-10,20250710104000000,sz.002842,8.3000,8.3000,8.2800,8.2800,111200,922910.0000,3
2025-07-10,20250710104500000,sz.002842,8.2800,8.2900,8.2800,8.2800,27900,231066.0000,3
2025-07-10,20250710105000000,sz.002842,8.2900,8.3200,8.2900,8.3200,321600,2673208.0000,3
2025-07-10,20250710105500000,sz.002842,8.3100,8.3500,8.3100,8.3100,574300,4786676.0000,3
2025-07-10,20250710110000000,sz.002842,8.3100,8.3200,8.3000,8.3100,53300,442784.0000,3
2025-07-10,20250710110500000,sz.002842,8.3100,8.3400,8.3000,8.3200,125300,1042988.0000,3
2025-07-10,20250710111000000,sz.002842,8.3100,8.3500,8.3100,8.3300,259100,2160132.0000,3
2025-07-10,20250710111500000,sz.002842,8.3300,8.3400,8.3100,8.3200,152800,1272448.0000,3
2025-07-10,20250710112000000,sz.002842,8.3300,8.3500,8.3200,8.3200,229000,1907612.0000,3
2025-07-10,20250710112500000,sz.002842,8.3300,8.3300,8.3000,8.3000,76800,638304.0000,3
2025-07-10,20250710113000000,sz.002842,8.3100,8.3300,8.3000,8.3300,57200,475688.0000,3
2025-07-10,20250710130500000,sz.002842,8.3200,8.3600,8.3200,8.3300,305300,2546892.0000,3
2025-07-10,20250710131000000,sz.002842,8.3400,8.3400,8.3200,8.3200,58900,490336.0000,3
2025-07-10,20250710131500000,sz.002842,8.3300,8.3300,8.3100,8.3100,69400,577040.0000,3
2025-07-10,20250710132000000,sz.002842,8.3100,8.3300,8.3100,8.3200,98500,819548.0000,3
2025-07-10,20250710132500000,sz.002842,8.3300,8.3300,8.3200,8.3300,73400,611072.0000,3
2025-07-10,20250710133000000,sz.002842,8.3300,8.3400,8.3200,8.3300,123900,1031984.0000,3
2025-07-10,20250710133500000,sz.002842,8.3300,8.3400,8.3200,8.3200,178500,1487060.0000,3
2025-07-10,20250710134000000,sz.002842,8.3300,8.3400,8.3200,8.3300,58500,487368.0000,3
2025-07-10,20250710134500000,sz.002842,8.3200,8.3300,8.3200,8.3200,54500,453448.0000,3
2025-07-10,20250710135000000,sz.002842,8.3300,8.3300,8.3100,8.3200,68500,569920.0000,3
2025-07-10,20250710135500000,sz.002842,8.3200,8.3300,8.3200,8.3200,33000,274856.0000,3
2025-07-10,20250710140000000,sz.002842,8.3300,8.3400,8.3300,8.3400,182800,1523620.0000,3
2025-07-10,20250710140500000,sz.002842,8.3400,8.3500,8.3200,8.3300,207400,1728408.0000,3
2025-07-10,20250710141000000,sz.002842,8.3300,8.3500,8.3300,8.3500,283600,2365140.0000,3
2025-07-10,20250710141500000,sz.002842,8.3500,8.3500,8.3400,8.3500,124700,1040856.0000,3
2025-07-10,20250710142000000,sz.002842,8.3500,8.3600,8.3300,8.3400,226000,1886508.0000,3
2025-07-10,20250710142500000,sz.002842,8.3400,8.3500,8.3300,8.3400,99900,833172.0000,3
2025-07-10,20250710143000000,sz.002842,8.3400,8.3400,8.3200,8.3300,169300,1410528.0000,3
2025-07-10,20250710143500000,sz.002842,8.3200,8.3400,8.3200,8.3200,267100,2223172.0000,3
2025-07-10,20250710144000000,sz.002842,8.3200,8.3300,8.3200,8.3200,74200,617644.0000,3
2025-07-10,20250710144500000,sz.002842,8.3300,8.3300,8.3100,8.3100,202400,1684152.0000,3
2025-07-10,20250710145000000,sz.002842,8.3200,8.3200,8.3100,8.3200,189300,1573728.0000,3
2025-07-10,20250710145500000,sz.002842,8.3100,8.3200,8.3100,8.3100,346900,2885128.0000,3
2025-07-10,20250710150000000,sz.002842,8.3100,8.3300,8.3100,8.3200,251400,2091656.0000,3
2025-07-11,20250711093500000,sz.002842,8.3300,8.4300,8.3300,8.3600,1452100,12160335.0000,3
2025-07-11,20250711094000000,sz.002842,8.3600,8.4500,8.3500,8.4100,1598000,13446405.0000,3
2025-07-11,20250711094500000,sz.002842,8.4100,8.4300,8.4000,8.4200,728600,6128806.0000,3
2025-07-11,20250711095000000,sz.002842,8.4200,8.4400,8.4000,8.4100,534900,4503750.0000,3
2025-07-11,20250711095500000,sz.002842,8.4100,8.4200,8.3700,8.3900,404500,3394144.0000,3
2025-07-11,20250711100000000,sz.002842,8.3900,8.4000,8.3600,8.3800,398100,3334544.0000,3
2025-07-11,20250711100500000,sz.002842,8.3800,8.4100,8.3600,8.4100,288300,2416576.0000,3
2025-07-11,20250711101000000,sz.002842,8.4200,8.4300,8.3800,8.3900,556600,4682952.0000,3
2025-07-11,20250711101500000,sz.002842,8.4000,8.4400,8.4000,8.4100,626400,5273456.0000,3
2025-07-11,20250711102000000,sz.002842,8.4100,8.4200,8.3900,8.4100,359800,3024244.0000,3
2025-07-11,20250711102500000,sz.002842,8.4100,8.4300,8.4000,8.4300,591100,4977208.0000,3
2025-07-11,20250711103000000,sz.002842,8.4200,8.4300,8.4100,8.4300,253700,2136432.0000,3
2025-07-11,20250711103500000,sz.002842,8.4200,8.4400,8.4200,8.4400,460500,3882628.0000,3
2025-07-11,20250711104000000,sz.002842,8.4300,8.4400,8.4300,8.4300,155200,1308680.0000,3
2025-07-11,20250711104500000,sz.002842,8.4300,8.4500,8.4300,8.4500,459500,3876512.0000,3
2025-07-11,20250711105000000,sz.002842,8.4500,8.4900,8.4400,8.4900,905300,7657664.0000,3
2025-07-11,20250711105500000,sz.002842,8.4700,8.5300,8.4600,8.5200,1218500,10356552.0000,3
2025-07-11,20250711110000000,sz.002842,8.5300,8.5300,8.4900,8.5200,658400,5602160.0000,3
2025-07-11,20250711110500000,sz.002842,8.5200,8.6600,8.5200,8.6600,3437600,29542032.0000,3
2025-07-11,20250711111000000,sz.002842,8.6600,8.7300,8.6300,8.7200,1842100,15980168.0000,3
2025-07-11,20250711111500000,sz.002842,8.7100,8.7300,8.6700,8.7000,1375800,11963456.0000,3
2025-07-11,20250711112000000,sz.002842,8.7100,8.7800,8.6900,8.7700,1840900,16104368.0000,3
2025-07-11,20250711112500000,sz.002842,8.7900,8.8000,8.7300,8.7300,1860200,16334704.0000,3
2025-07-11,20250711113000000,sz.002842,8.7400,8.7600,8.6900,8.6900,1025600,8949552.0000,3
2025-07-11,20250711130500000,sz.002842,8.6900,8.7100,8.6200,8.6300,1463100,12672464.0000,3
2025-07-11,20250711131000000,sz.002842,8.6300,8.6400,8.6000,8.6100,612300,5281024.0000,3
2025-07-11,20250711131500000,sz.002842,8.6100,8.6300,8.6000,8.6200,431500,3716144.0000,3
2025-07-11,20250711132000000,sz.002842,8.6200,8.6300,8.6000,8.6100,417300,3592448.0000,3
2025-07-11,20250711132500000,sz.002842,8.6100,8.6200,8.5900,8.5900,342400,2944816.0000,3
2025-07-11,20250711133000000,sz.002842,8.6000,8.6100,8.5800,8.5800,243700,2094880.0000,3
2025-07-11,20250711133500000,sz.002842,8.5900,8.6100,8.5800,8.6100,506200,4351392.0000,3
2025-07-11,20250711134000000,sz.002842,8.6100,8.6100,8.5900,8.6000,259400,2230576.0000,3
2025-07-11,20250711134500000,sz.002842,8.6000,8.6200,8.5900,8.6100,267200,2300416.0000,3
2025-07-11,20250711135000000,sz.002842,8.6100,8.6200,8.5900,8.6100,637600,5486272.0000,3
2025-07-11,20250711135500000,sz.002842,8.6100,8.6100,8.5900,8.6000,160800,1383040.0000,3
2025-07-11,20250711140000000,sz.002842,8.6000,8.6000,8.5800,8.5900,215700,1853424.0000,3
2025-07-11,20250711140500000,sz.002842,8.5900,8.5900,8.5700,8.5800,275200,2361600.0000,3
2025-07-11,20250711141000000,sz.002842,8.5800,8.5900,8.5600,8.5800,251600,2156416.0000,3
2025-07-11,20250711141500000,sz.002842,8.5700,8.5800,8.5600,8.5800,222300,1905552.0000,3
2025-07-11,20250711142000000,sz.002842,8.5700,8.5900,8.5700,8.5800,226900,1944896.0000,3
2025-07-11,20250711142500000,sz.002842,8.5900,8.6000,8.5800,8.5900,196800,1690352.0000,3
2025-07-11,20250711143000000,sz.002842,8.5900,8.6100,8.5900,8.6000,361700,3110656.0000,3
2025-07-11,20250711143500000,sz.002842,8.6100,8.6200,8.6000,8.6100,269300,2319216.0000,3
2025-07-11,20250711144000000,sz.002842,8.6000,8.6100,8.5700,8.5700,537500,4617456.0000,3
2025-07-11,20250711144500000,sz.002842,8.5700,8.5800,8.5700,8.5800,333500,2860592.0000,3
2025-07-11,20250711145000000,sz.002842,8.5700,8.5800,8.5600,8.5700,529400,4537648.0000,3
2025-07-11,20250711145500000,sz.002842,8.5700,8.5800,8.5600,8.5700,624500,5351776.0000,3
2025-07-11,20250711150000000,sz.002842,8.5800,8.5800,8.5700,8.5800,485300,4163008.0000,3
2025-07-14,20250714093500000,sz.002842,8.6900,8.7100,8.6000,8.6500,3826100,33166130.0000,3
2025-07-14,20250714094000000,sz.002842,8.6500,8.7600,8.6400,8.7400,2093400,18227686.0000,3
2025-07-14,20250714094500000,sz.002842,8.7500,8.7600,8.6900,8.7000,1483700,12950492.0000,3
2025-07-14,20250714095000000,sz.002842,8.7000,8.7400,8.7000,8.7000,708300,6172516.0000,3
2025-07-14,20250714095500000,sz.002842,8.7100,8.7100,8.6500,8.6700,1585600,13759464.0000,3
2025-07-14,20250714100000000,sz.002842,8.6700,8.7000,8.6500,8.6600,861600,7468256.0000,3
2025-07-14,20250714100500000,sz.002842,8.6600,8.6900,8.6500,8.6600,642300,5566496.0000,3
2025-07-14,20250714101000000,sz.002842,8.6500,8.6600,8.6300,8.6400,469400,4059296.0000,3
2025-07-14,20250714101500000,sz.002842,8.6500,8.6500,8.6200,8.6500,522100,4510760.0000,3
2025-07-14,20250714102000000,sz.002842,8.6500,8.6800,8.6500,8.6700,338100,2928360.0000,3
2025-07-14,20250714102500000,sz.002842,8.6700,8.6800,8.6600,8.6600,481400,4167264.0000,3
2025-07-14,20250714103000000,sz.002842,8.6600,8.6700,8.6600,8.6700,294900,2555760.0000,3
2025-07-14,20250714103500000,sz.002842,8.6600,8.6700,8.6400,8.6500,423200,3661184.0000,3
2025-07-14,20250714104000000,sz.002842,8.6600,8.6700,8.6400,8.6400,239000,2068064.0000,3
2025-07-14,20250714104500000,sz.002842,8.6500,8.6500,8.6200,8.6300,404400,3489584.0000,3
2025-07-14,20250714105000000,sz.002842,8.6300,8.6400,8.6200,8.6400,358700,3094736.0000,3
2025-07-14,20250714105500000,sz.002842,8.6400,8.6900,8.6300,8.6900,362200,3138912.0000,3
2025-07-14,20250714110000000,sz.002842,8.6800,8.8500,8.6700,8.8300,3433100,30115072.0000,3
2025-07-14,20250714110500000,sz.002842,8.8200,8.8300,8.7600,8.7900,1202000,10575536.0000,3
2025-07-14,20250714111000000,sz.002842,8.8000,8.8400,8.7800,8.8000,1065800,9393216.0000,3
2025-07-14,20250714111500000,sz.002842,8.8100,8.8200,8.7600,8.7900,514200,4523760.0000,3
2025-07-14,20250714112000000,sz.002842,8.7900,8.7900,8.7600,8.7800,233000,2044624.0000,3
2025-07-14,20250714112500000,sz.002842,8.7800,8.8000,8.7700,8.7900,330400,2901968.0000,3
2025-07-14,20250714113000000,sz.002842,8.8000,8.8000,8.7800,8.7900,244800,2152192.0000,3
2025-07-14,20250714130500000,sz.002842,8.8000,8.8200,8.7800,8.7800,764400,6727040.0000,3
2025-07-14,20250714131000000,sz.002842,8.7900,8.7900,8.7800,8.7800,97400,855712.0000,3
2025-07-14,20250714131500000,sz.002842,8.7900,8.7900,8.7400,8.7500,352200,3088480.0000,3
2025-07-14,20250714132000000,sz.002842,8.7500,8.7600,8.7300,8.7500,311500,2724128.0000,3
2025-07-14,20250714132500000,sz.002842,8.7500,8.7700,8.7500,8.7600,219300,1921824.0000,3
2025-07-14,20250714133000000,sz.002842,8.7600,8.7800,8.7500,8.7700,232000,2033424.0000,3
2025-07-14,20250714133500000,sz.002842,8.7700,8.8400,8.7600,8.8400,1478600,13023552.0000,3
2025-07-14,20250714134000000,sz.002842,8.8400,8.8400,8.8000,8.8000,190500,1680016.0000,3
2025-07-14,20250714134500000,sz.002842,8.8100,8.8100,8.7900,8.7900,140200,1233456.0000,3
2025-07-14,20250714135000000,sz.002842,8.7900,8.8400,8.7900,8.8400,416900,3677568.0000,3
2025-07-14,20250714135500000,sz.002842,8.8300,8.9000,8.8200,8.8900,1287100,11405504.0000,3
2025-07-14,20250714140000000,sz.002842,8.9000,8.9800,8.9000,8.9300,2135000,19094768.0000,3
2025-07-14,20250714140500000,sz.002842,8.9300,8.9300,8.8900,8.9100,610200,5437296.0000,3
2025-07-14,20250714141000000,sz.002842,8.9100,8.9300,8.8900,8.9200,644200,5739824.0000,3
2025-07-14,20250714141500000,sz.002842,8.9200,8.9200,8.8900,8.8900,333100,2966560.0000,3
2025-07-14,20250714142000000,sz.002842,8.9000,8.9000,8.8600,8.8600,304000,2696864.0000,3
2025-07-14,20250714142500000,sz.002842,8.8600,8.8800,8.8500,8.8700,170800,1514176.0000,3
2025-07-14,20250714143000000,sz.002842,8.8800,8.9000,8.8700,8.8900,259100,2301952.0000,3
2025-07-14,20250714143500000,sz.002842,8.8900,8.9000,8.8500,8.8500,752000,6674368.0000,3
2025-07-14,20250714144000000,sz.002842,8.8500,8.8900,8.8500,8.8800,463100,4105760.0000,3
2025-07-14,20250714144500000,sz.002842,8.8700,8.8900,8.8600,8.8800,543300,4822624.0000,3
2025-07-14,20250714145000000,sz.002842,8.8800,8.8900,8.8600,8.8700,719100,6384544.0000,3
2025-07-14,20250714145500000,sz.002842,8.8600,8.8800,8.8600,8.8800,715500,6349088.0000,3
2025-07-14,20250714150000000,sz.002842,8.8700,8.9000,8.8700,8.9000,1078800,9594432.0000,3
2025-07-15,20250715093500000,sz.002842,8.8000,8.9000,8.7400,8.8500,3014000,26609188.0000,3
2025-07-15,20250715094000000,sz.002842,8.8500,8.8500,8.7800,8.8200,1304200,11492108.0000,3
2025-07-15,20250715094500000,sz.002842,8.8300,8.8400,8.8000,8.8300,1171500,10319556.0000,3
2025-07-15,20250715095000000,sz.002842,8.8200,8.8400,8.8000,8.8300,617500,5444256.0000,3
2025-07-15,20250715095500000,sz.002842,8.8400,8.8500,8.7100,8.7100,1517600,13312316.0000,3
2025-07-15,20250715100000000,sz.002842,8.7200,8.7400,8.7000,8.7300,948800,8277056.0000,3
2025-07-15,20250715100500000,sz.002842,8.7400,8.7500,8.6900,8.7200,1086600,9470104.0000,3
2025-07-15,20250715101000000,sz.002842,8.7200,8.7300,8.6700,8.6900,666500,5796904.0000,3
2025-07-15,20250715101500000,sz.002842,8.6800,8.6800,8.6300,8.6500,1081200,9357880.0000,3
2025-07-15,20250715102000000,sz.002842,8.6500,8.6900,8.6300,8.6800,632600,5473560.0000,3
2025-07-15,20250715102500000,sz.002842,8.6800,8.6900,8.6400,8.6500,372700,3230592.0000,3
2025-07-15,20250715103000000,sz.002842,8.6400,8.6600,8.6100,8.6200,495900,4279520.0000,3
2025-07-15,20250715103500000,sz.002842,8.6200,8.6300,8.5900,8.6000,609600,5248208.0000,3
2025-07-15,20250715104000000,sz.002842,8.6100,8.6400,8.6000,8.6400,225000,1939144.0000,3
2025-07-15,20250715104500000,sz.002842,8.6400,8.6400,8.6100,8.6200,301900,2603472.0000,3
2025-07-15,20250715105000000,sz.002842,8.6300,8.6500,8.6100,8.6400,319000,2751656.0000,3
2025-07-15,20250715105500000,sz.002842,8.6600,8.6600,8.6300,8.6300,192900,1667032.0000,3
2025-07-15,20250715110000000,sz.002842,8.6300,8.6500,8.6300,8.6300,148100,1279760.0000,3
2025-07-15,20250715110500000,sz.002842,8.6400,8.6500,8.6000,8.6100,508100,4375416.0000,3
2025-07-15,20250715111000000,sz.002842,8.6100,8.6200,8.5900,8.5900,219500,1888848.0000,3
2025-07-15,20250715111500000,sz.002842,8.5900,8.6000,8.5500,8.5800,546100,4681632.0000,3
2025-07-15,20250715112000000,sz.002842,8.5600,8.5700,8.5600,8.5600,257300,2203216.0000,3
2025-07-15,20250715112500000,sz.002842,8.5500,8.5700,8.5400,8.5600,327800,2803216.0000,3
2025-07-15,20250715113000000,sz.002842,8.5700,8.5800,8.5600,8.5700,115800,992176.0000,3
2025-07-15,20250715130500000,sz.002842,8.5800,8.6000,8.5600,8.5900,363500,3118064.0000,3
2025-07-15,20250715131000000,sz.002842,8.5900,8.6000,8.5700,8.5900,256500,2201792.0000,3
2025-07-15,20250715131500000,sz.002842,8.5900,8.6500,8.5800,8.6500,412900,3552208.0000,3
2025-07-15,20250715132000000,sz.002842,8.6500,8.6900,8.6500,8.6800,514900,4462528.0000,3
2025-07-15,20250715132500000,sz.002842,8.6800,8.6900,8.6500,8.6600,247200,2142608.0000,3
2025-07-15,20250715133000000,sz.002842,8.6600,8.6700,8.6400,8.6500,302300,2615040.0000,3
2025-07-15,20250715133500000,sz.002842,8.6400,8.6900,8.6400,8.6700,674600,5848048.0000,3
2025-07-15,20250715134000000,sz.002842,8.6600,8.6900,8.6500,8.6600,314700,2729824.0000,3
2025-07-15,20250715134500000,sz.002842,8.6700,8.6900,8.6600,8.6900,193000,1675600.0000,3
2025-07-15,20250715135000000,sz.002842,8.6900,8.6900,8.6500,8.6500,187900,1628096.0000,3
2025-07-15,20250715135500000,sz.002842,8.6500,8.6600,8.6400,8.6600,175000,1514096.0000,3
2025-07-15,20250715140000000,sz.002842,8.6600,8.6700,8.6500,8.6600,197700,1712816.0000,3
2025-07-15,20250715140500000,sz.002842,8.6700,8.6900,8.6600,8.6800,219300,1903168.0000,3
2025-07-15,20250715141000000,sz.002842,8.6800,8.6900,8.6600,8.6600,207000,1794832.0000,3
2025-07-15,20250715141500000,sz.002842,8.6700,8.6700,8.6400,8.6500,303300,2624144.0000,3
2025-07-15,20250715142000000,sz.002842,8.6600,8.6700,8.6400,8.6600,273200,2364080.0000,3
2025-07-15,20250715142500000,sz.002842,8.6700,8.6700,8.6500,8.6500,135300,1171584.0000,3
2025-07-15,20250715143000000,sz.002842,8.6500,8.6600,8.6400,8.6500,245200,2121104.0000,3
2025-07-15,20250715143500000,sz.002842,8.6500,8.6700,8.6500,8.6600,254200,2200800.0000,3
2025-07-15,20250715144000000,sz.002842,8.6700,8.6700,8.6600,8.6600,134300,1164048.0000,3
2025-07-15,20250715144500000,sz.002842,8.6600,8.6700,8.6500,8.6500,498000,4313536.0000,3
2025-07-15,20250715145000000,sz.002842,8.6600,8.6700,8.6500,8.6500,376100,3257264.0000,3
2025-07-15,20250715145500000,sz.002842,8.6600,8.6700,8.6500,8.6600,386100,3343872.0000,3
2025-07-15,20250715150000000,sz.002842,8.6600,8.6700,8.6500,8.6700,523300,4534256.0000,3
2025-07-16,20250716093500000,sz.002842,8.7000,8.8300,8.6100,8.7100,1553000,13515445.0000,3
2025-07-16,20250716094000000,sz.002842,8.7400,8.8000,8.7000,8.7200,1261400,11030837.0000,3
2025-07-16,20250716094500000,sz.002842,8.7100,8.8600,8.7100,8.8100,1128300,9932690.0000,3
2025-07-16,20250716095000000,sz.002842,8.8100,8.8600,8.7900,8.8400,897900,7922020.0000,3
2025-07-16,20250716095500000,sz.002842,8.8400,8.8900,8.8400,8.8600,1290100,11438056.0000,3
2025-07-16,20250716100000000,sz.002842,8.8700,8.9200,8.8700,8.9000,1365100,12133708.0000,3
2025-07-16,20250716100500000,sz.002842,8.9000,8.9000,8.8400,8.8600,617500,5477676.0000,3
2025-07-16,20250716101000000,sz.002842,8.8600,8.9000,8.8300,8.9000,1162100,10301344.0000,3
2025-07-16,20250716101500000,sz.002842,8.9000,8.9600,8.8900,8.9000,1275900,11395064.0000,3
2025-07-16,20250716102000000,sz.002842,8.8900,8.9000,8.8700,8.8800,438800,3896168.0000,3
2025-07-16,20250716102500000,sz.002842,8.8800,8.8900,8.8500,8.8600,499600,4428248.0000,3
2025-07-16,20250716103000000,sz.002842,8.8600,8.8600,8.8400,8.8400,371200,3284632.0000,3
2025-07-16,20250716103500000,sz.002842,8.8400,8.8600,8.8200,8.8300,306000,2702760.0000,3
2025-07-16,20250716104000000,sz.002842,8.8200,8.8400,8.8200,8.8200,281800,2488208.0000,3
2025-07-16,20250716104500000,sz.002842,8.8200,8.8300,8.8000,8.8200,283400,2496984.0000,3
2025-07-16,20250716105000000,sz.002842,8.8100,8.8200,8.7800,8.7800,188400,1657536.0000,3
2025-07-16,20250716105500000,sz.002842,8.7800,8.7900,8.7600,8.7800,169800,1490504.0000,3
2025-07-16,20250716110000000,sz.002842,8.7900,8.8200,8.7800,8.8200,124900,1099064.0000,3
2025-07-16,20250716110500000,sz.002842,8.8200,8.8200,8.8000,8.8200,177600,1565264.0000,3
2025-07-16,20250716111000000,sz.002842,8.8100,8.8100,8.7800,8.7800,132800,1168392.0000,3
2025-07-16,20250716111500000,sz.002842,8.7800,8.8500,8.7800,8.8400,296600,2612936.0000,3
2025-07-16,20250716112000000,sz.002842,8.8500,8.8500,8.7900,8.8100,280000,2468656.0000,3
2025-07-16,20250716112500000,sz.002842,8.8100,8.8200,8.7900,8.8000,164700,1449776.0000,3
2025-07-16,20250716113000000,sz.002842,8.8000,8.8100,8.7900,8.8100,117500,1034376.0000,3
2025-07-16,20250716130500000,sz.002842,8.8200,8.8400,8.8000,8.8200,477100,4204888.0000,3
2025-07-16,20250716131000000,sz.002842,8.8200,8.8300,8.8000,8.8000,81800,721472.0000,3
2025-07-16,20250716131500000,sz.002842,8.8000,8.8000,8.7800,8.7800,169100,1486352.0000,3
2025-07-16,20250716132000000,sz.002842,8.7800,8.7900,8.7600,8.7800,193300,1696384.0000,3
2025-07-16,20250716132500000,sz.002842,8.7800,8.8000,8.7700,8.8000,250100,2196016.0000,3
2025-07-16,20250716133000000,sz.002842,8.8000,8.8000,8.7700,8.7700,114700,1007392.0000,3
2025-07-16,20250716133500000,sz.002842,8.7700,8.7800,8.7500,8.7500,245500,2150928.0000,3
2025-07-16,20250716134000000,sz.002842,8.7500,8.7600,8.7400,8.7400,194500,1701616.0000,3
2025-07-16,20250716134500000,sz.002842,8.7400,8.7500,8.7400,8.7500,127200,1112512.0000,3
2025-07-16,20250716135000000,sz.002842,8.7400,8.7400,8.7000,8.7200,570700,4974176.0000,3
2025-07-16,20250716135500000,sz.002842,8.7200,8.7400,8.7100,8.7300,211500,1844928.0000,3
2025-07-16,20250716140000000,sz.002842,8.7300,8.7600,8.7300,8.7500,218100,1907056.0000,3
2025-07-16,20250716140500000,sz.002842,8.7600,8.7600,8.7400,8.7500,145100,1268928.0000,3
2025-07-16,20250716141000000,sz.002842,8.7400,8.7600,8.7400,8.7600,141700,1239104.0000,3
2025-07-16,20250716141500000,sz.002842,8.7500,8.7700,8.7500,8.7600,116000,1016480.0000,3
2025-07-16,20250716142000000,sz.002842,8.7600,8.7800,8.7600,8.7700,82300,721664.0000,3
2025-07-16,20250716142500000,sz.002842,8.7800,8.7800,8.7500,8.7500,193300,1694240.0000,3
2025-07-16,20250716143000000,sz.002842,8.7600,8.7600,8.7500,8.7600,84500,739520.0000,3
2025-07-16,20250716143500000,sz.002842,8.7500,8.7600,8.7400,8.7500,169400,1482752.0000,3
2025-07-16,20250716144000000,sz.002842,8.7600,8.7600,8.7400,8.7500,235800,2064608.0000,3
2025-07-16,20250716144500000,sz.002842,8.7500,8.7500,8.7300,8.7400,607200,5307728.0000,3
2025-07-16,20250716145000000,sz.002842,8.7300,8.7400,8.7200,8.7300,312800,2730848.0000,3
2025-07-16,20250716145500000,sz.002842,8.7200,8.7400,8.7000,8.7300,728800,6357216.0000,3
2025-07-16,20250716150000000,sz.002842,8.7300,8.7700,8.7300,8.7700,625600,5477008.0000,3
2025-07-17,20250717093500000,sz.002842,8.7600,8.8000,8.6700,8.7200,1171400,10213274.0000,3
2025-07-17,20250717094000000,sz.002842,8.7400,8.7800,8.7200,8.7400,389000,3403427.0000,3
2025-07-17,20250717094500000,sz.002842,8.7400,8.7700,8.7200,8.7500,567400,4959723.0000,3
2025-07-17,20250717095000000,sz.002842,8.7400,8.7500,8.6900,8.7000,434000,3780628.0000,3
2025-07-17,20250717095500000,sz.002842,8.7000,8.7800,8.6600,8.7800,908000,7918384.0000,3
2025-07-17,20250717100000000,sz.002842,8.7600,8.7800,8.7300,8.7500,784800,6870304.0000,3
2025-07-17,20250717100500000,sz.002842,8.7500,8.7600,8.6800,8.6800,307900,2681592.0000,3
2025-07-17,20250717101000000,sz.002842,8.6800,8.6900,8.6600,8.6700,393400,3412468.0000,3
2025-07-17,20250717101500000,sz.002842,8.6800,8.7000,8.6700,8.6900,285900,2484380.0000,3
2025-07-17,20250717102000000,sz.002842,8.6900,8.7000,8.6600,8.6800,540400,4689588.0000,3
2025-07-17,20250717102500000,sz.002842,8.6800,8.7300,8.6800,8.7200,352300,3066600.0000,3
2025-07-17,20250717103000000,sz.002842,8.7200,8.7300,8.7000,8.7000,153200,1335648.0000,3
2025-07-17,20250717103500000,sz.002842,8.7000,8.7000,8.6800,8.6900,78100,679008.0000,3
2025-07-17,20250717104000000,sz.002842,8.6900,8.7000,8.6700,8.6800,217700,1889924.0000,3
2025-07-17,20250717104500000,sz.002842,8.6900,8.6900,8.6600,8.6700,266800,2313844.0000,3
2025-07-17,20250717105000000,sz.002842,8.6700,8.6900,8.6700,8.6800,131500,1141464.0000,3
2025-07-17,20250717105500000,sz.002842,8.6800,8.6900,8.6600,8.6900,348200,3020932.0000,3
2025-07-17,20250717110000000,sz.002842,8.6900,8.6900,8.6500,8.6500,303100,2624852.0000,3
2025-07-17,20250717110500000,sz.002842,8.6600,8.6800,8.6500,8.6500,199900,1731488.0000,3
2025-07-17,20250717111000000,sz.002842,8.6600,8.6900,8.6600,8.6900,160100,1388648.0000,3
2025-07-17,20250717111500000,sz.002842,8.6900,8.6900,8.6700,8.6800,163600,1420000.0000,3
2025-07-17,20250717112000000,sz.002842,8.6800,8.6900,8.6700,8.6800,241200,2093776.0000,3
2025-07-17,20250717112500000,sz.002842,8.6800,8.6800,8.6700,8.6700,212600,1844040.0000,3
2025-07-17,20250717113000000,sz.002842,8.6700,8.6700,8.6600,8.6700,85100,737568.0000,3
2025-07-17,20250717130500000,sz.002842,8.6700,8.7000,8.6700,8.6900,453500,3936888.0000,3
2025-07-17,20250717131000000,sz.002842,8.7000,8.7000,8.6500,8.6600,230400,1997440.0000,3
2025-07-17,20250717131500000,sz.002842,8.6500,8.6800,8.6500,8.6500,418900,3627408.0000,3
2025-07-17,20250717132000000,sz.002842,8.6600,8.6800,8.6500,8.6700,308700,2673936.0000,3
2025-07-17,20250717132500000,sz.002842,8.6700,8.6800,8.6500,8.6700,161800,1401592.0000,3
2025-07-17,20250717133000000,sz.002842,8.6600,8.6700,8.6400,8.6500,203200,1758264.0000,3
2025-07-17,20250717133500000,sz.002842,8.6600,8.6600,8.6400,8.6400,252100,2181192.0000,3
2025-07-17,20250717134000000,sz.002842,8.6400,8.6700,8.6400,8.6600,262700,2273584.0000,3
2025-07-17,20250717134500000,sz.002842,8.6600,8.6800,8.6600,8.6800,412900,3577520.0000,3
2025-07-17,20250717135000000,sz.002842,8.6800,8.7000,8.6600,8.7000,249300,2164056.0000,3
2025-07-17,20250717135500000,sz.002842,8.6900,8.7000,8.6800,8.7000,221600,1927280.0000,3
2025-07-17,20250717140000000,sz.002842,8.7000,8.7500,8.7000,8.7500,370700,3230456.0000,3
2025-07-17,20250717140500000,sz.002842,8.7500,8.8000,8.7500,8.7800,829300,7283496.0000,3
2025-07-17,20250717141000000,sz.002842,8.7700,8.7700,8.7500,8.7500,256700,2249024.0000,3
2025-07-17,20250717141500000,sz.002842,8.7600,8.7600,8.7100,8.7100,148100,1293288.0000,3
2025-07-17,20250717142000000,sz.002842,8.7100,8.7300,8.7000,8.7200,225300,1964272.0000,3
2025-07-17,20250717142500000,sz.002842,8.7300,8.7300,8.7100,8.7200,199100,1735376.0000,3
2025-07-17,20250717143000000,sz.002842,8.7100,8.7200,8.7000,8.7100,148100,1289896.0000,3
2025-07-17,20250717143500000,sz.002842,8.7100,8.7400,8.7100,8.7400,299800,2615568.0000,3
2025-07-17,20250717144000000,sz.002842,8.7300,8.7400,8.7200,8.7300,311200,2716192.0000,3
2025-07-17,20250717144500000,sz.002842,8.7200,8.7300,8.7200,8.7300,160600,1401080.0000,3
2025-07-17,20250717145000000,sz.002842,8.7300,8.7300,8.7200,8.7200,298600,2606560.0000,3
2025-07-17,20250717145500000,sz.002842,8.7300,8.7400,8.7200,8.7300,391200,3414216.0000,3
2025-07-17,20250717150000000,sz.002842,8.7300,8.7400,8.7200,8.7400,311900,2725408.0000,3
2025-07-18,20250718093500000,sz.002842,8.7500,8.8100,8.7400,8.7800,943300,8275736.0000,3
2025-07-18,20250718094000000,sz.002842,8.7700,8.8400,8.7700,8.7700,820300,7220024.0000,3
2025-07-18,20250718094500000,sz.002842,8.7800,8.8100,8.7500,8.8000,775000,6798930.0000,3
2025-07-18,20250718095000000,sz.002842,8.8000,8.8100,8.7600,8.7900,516000,4532736.0000,3
2025-07-18,20250718095500000,sz.002842,8.7900,8.8000,8.7500,8.7500,362200,3178866.0000,3
2025-07-18,20250718100000000,sz.002842,8.7600,8.7600,8.7400,8.7500,517100,4524936.0000,3
2025-07-18,20250718100500000,sz.002842,8.7600,8.8100,8.7500,8.7900,955200,8388348.0000,3
2025-07-18,20250718101000000,sz.002842,8.7900,8.8800,8.7900,8.8100,1510300,13351468.0000,3
2025-07-18,20250718101500000,sz.002842,8.8100,8.8600,8.8000,8.8600,784400,6935548.0000,3
2025-07-18,20250718102000000,sz.002842,8.8500,8.9100,8.8300,8.8800,1415100,12559760.0000,3
2025-07-18,20250718102500000,sz.002842,8.8800,8.9500,8.8800,8.9100,1265800,11282784.0000,3
2025-07-18,20250718103000000,sz.002842,8.9200,8.9800,8.8900,8.8900,1902400,17009592.0000,3
2025-07-18,20250718103500000,sz.002842,8.9000,8.9100,8.8800,8.8800,680700,6053512.0000,3
2025-07-18,20250718104000000,sz.002842,8.8800,8.8900,8.8300,8.8300,659900,5845152.0000,3
2025-07-18,20250718104500000,sz.002842,8.8300,8.8600,8.8300,8.8500,491500,4350232.0000,3
2025-07-18,20250718105000000,sz.002842,8.8500,8.8800,8.8500,8.8700,173300,1536664.0000,3
2025-07-18,20250718105500000,sz.002842,8.8700,8.8800,8.8500,8.8700,179500,1590192.0000,3
2025-07-18,20250718110000000,sz.002842,8.8700,8.8900,8.8600,8.8800,224200,1989632.0000,3
2025-07-18,20250718110500000,sz.002842,8.8900,8.9200,8.8700,8.9200,431200,3836528.0000,3
2025-07-18,20250718111000000,sz.002842,8.9200,8.9200,8.8800,8.8800,229800,2043800.0000,3
2025-07-18,20250718111500000,sz.002842,8.8800,8.9100,8.8600,8.9000,365300,3245208.0000,3
2025-07-18,20250718112000000,sz.002842,8.9000,9.0800,8.8900,9.0400,2242500,20188512.0000,3
2025-07-18,20250718112500000,sz.002842,9.0500,9.0500,8.9700,8.9700,638300,5750416.0000,3
2025-07-18,20250718113000000,sz.002842,8.9800,9.0000,8.9700,9.0000,369400,3318160.0000,3
2025-07-18,20250718130500000,sz.002842,9.0100,9.0400,8.9500,8.9700,1048500,9426880.0000,3
2025-07-18,20250718131000000,sz.002842,8.9700,9.0800,8.9700,9.0400,1036200,9361104.0000,3
2025-07-18,20250718131500000,sz.002842,9.0400,9.0500,8.9800,8.9900,388100,3500304.0000,3
2025-07-18,20250718132000000,sz.002842,8.9800,9.0000,8.9700,8.9900,168900,1517536.0000,3
2025-07-18,20250718132500000,sz.002842,8.9900,9.1400,8.9800,9.1300,2166000,19669040.0000,3
2025-07-18,20250718133000000,sz.002842,9.1300,9.1300,9.0500,9.0600,481400,4367808.0000,3
2025-07-18,20250718133500000,sz.002842,9.0600,9.1000,9.0500,9.0900,407100,3693296.0000,3
2025-07-18,20250718134000000,sz.002842,9.0900,9.1400,9.0700,9.1100,826900,7525984.0000,3
2025-07-18,20250718134500000,sz.002842,9.1200,9.1300,9.0900,9.1100,592200,5396384.0000,3
2025-07-18,20250718135000000,sz.002842,9.1100,9.2500,9.0800,9.1900,2972400,27264944.0000,3
2025-07-18,20250718135500000,sz.002842,9.2000,9.2600,9.1700,9.1700,2243400,20691360.0000,3
2025-07-18,20250718140000000,sz.002842,9.1700,9.1800,9.1300,9.1500,760700,6962272.0000,3
2025-07-18,20250718140500000,sz.002842,9.1600,9.1600,9.1300,9.1400,573000,5241344.0000,3
2025-07-18,20250718141000000,sz.002842,9.1400,9.1500,9.1200,9.1300,512600,4683648.0000,3
2025-07-18,20250718141500000,sz.002842,9.1300,9.1300,9.1000,9.1300,499900,4557696.0000,3
2025-07-18,20250718142000000,sz.002842,9.1200,9.1500,9.0800,9.1200,993100,9053824.0000,3
2025-07-18,20250718142500000,sz.002842,9.1200,9.1200,9.0800,9.0800,729100,6631424.0000,3
2025-07-18,20250718143000000,sz.002842,9.0900,9.0900,9.0500,9.0600,789100,7156640.0000,3
2025-07-18,20250718143500000,sz.002842,9.0700,9.1100,9.0600,9.0700,837600,7611520.0000,3
2025-07-18,20250718144000000,sz.002842,9.0800,9.0900,9.0700,9.0800,637800,5787008.0000,3
2025-07-18,20250718144500000,sz.002842,9.0900,9.0900,9.0700,9.0800,686700,6235712.0000,3
2025-07-18,20250718145000000,sz.002842,9.0800,9.0800,9.0600,9.0600,884400,8019168.0000,3
2025-07-18,20250718145500000,sz.002842,9.0700,9.0700,9.0600,9.0600,881000,7986080.0000,3
2025-07-18,20250718150000000,sz.002842,9.0700,9.0800,9.0600,9.0800,738300,6698816.0000,3
2025-07-21,20250721093500000,sz.002842,9.2500,9.2700,9.0600,9.1500,4118800,37766904.0000,3
2025-07-21,20250721094000000,sz.002842,9.1400,9.1900,9.1000,9.1100,1569400,14352124.0000,3
2025-07-21,20250721094500000,sz.002842,9.1100,9.1200,9.0800,9.1100,1381700,12565708.0000,3
2025-07-21,20250721095000000,sz.002842,9.1100,9.1300,9.0800,9.1200,799200,7276416.0000,3
2025-07-21,20250721095500000,sz.002842,9.1200,9.1200,9.0600,9.1100,1330300,12089232.0000,3
2025-07-21,20250721100000000,sz.002842,9.1100,9.1400,9.1000,9.1200,709000,6462272.0000,3
2025-07-21,20250721100500000,sz.002842,9.1200,9.3500,9.1100,9.3000,3132000,28930408.0000,3
2025-07-21,20250721101000000,sz.002842,9.3100,9.3200,9.2200,9.2200,2077300,19262552.0000,3
2025-07-21,20250721101500000,sz.002842,9.2200,9.2200,9.1600,9.1600,1116200,10268432.0000,3
2025-07-21,20250721102000000,sz.002842,9.1700,9.1900,9.1500,9.1700,736400,6749360.0000,3
2025-07-21,20250721102500000,sz.002842,9.1800,9.1900,9.1500,9.1500,519900,4770528.0000,3
2025-07-21,20250721103000000,sz.002842,9.1600,9.1800,9.1500,9.1600,412700,3778992.0000,3
2025-07-21,20250721103500000,sz.002842,9.1700,9.2100,9.1600,9.2000,687200,6315712.0000,3
2025-07-21,20250721104000000,sz.002842,9.1900,9.2000,9.1600,9.1700,372300,3417392.0000,3
2025-07-21,20250721104500000,sz.002842,9.1600,9.1800,9.1600,9.1700,230200,2110928.0000,3
2025-07-21,20250721105000000,sz.002842,9.1800,9.2200,9.1800,9.2000,595800,5479280.0000,3
2025-07-21,20250721105500000,sz.002842,9.1900,9.2100,9.1800,9.2000,264500,2432816.0000,3
2025-07-21,20250721110000000,sz.002842,9.2100,9.2300,9.2100,9.2100,413500,3810368.0000,3
2025-07-21,20250721110500000,sz.002842,9.2000,9.3000,9.2000,9.2800,841400,7795088.0000,3
2025-07-21,20250721111000000,sz.002842,9.2900,9.3000,9.2600,9.2700,334600,3105632.0000,3
2025-07-21,20250721111500000,sz.002842,9.2800,9.2900,9.2500,9.2700,303900,2817344.0000,3
2025-07-21,20250721112000000,sz.002842,9.2700,9.2700,9.2000,9.2200,557600,5140848.0000,3
2025-07-21,20250721112500000,sz.002842,9.2100,9.2500,9.2100,9.2500,316700,2922048.0000,3
2025-07-21,20250721113000000,sz.002842,9.2400,9.2500,9.2300,9.2400,159900,1477584.0000,3
2025-07-21,20250721130500000,sz.002842,9.2400,9.2800,9.2000,9.2100,518200,4784704.0000,3
2025-07-21,20250721131000000,sz.002842,9.2100,9.2300,9.1900,9.1900,241900,2226112.0000,3
2025-07-21,20250721131500000,sz.002842,9.1800,9.1900,9.1700,9.1700,312200,2864640.0000,3
2025-07-21,20250721132000000,sz.002842,9.1700,9.2100,9.1700,9.2000,301900,2776528.0000,3
2025-07-21,20250721132500000,sz.002842,9.2000,9.2300,9.2000,9.2300,138200,1273648.0000,3
2025-07-21,20250721133000000,sz.002842,9.2300,9.2400,9.2200,9.2300,359100,3312896.0000,3
2025-07-21,20250721133500000,sz.002842,9.2400,9.2400,9.2000,9.2000,322900,2974512.0000,3
2025-07-21,20250721134000000,sz.002842,9.2000,9.2200,9.2000,9.2200,395900,3645136.0000,3
2025-07-21,20250721134500000,sz.002842,9.2200,9.2400,9.2100,9.2300,163700,1510160.0000,3
2025-07-21,20250721135000000,sz.002842,9.2300,9.2300,9.2100,9.2200,176300,1625440.0000,3
2025-07-21,20250721135500000,sz.002842,9.2200,9.2200,9.2000,9.2100,138200,1273056.0000,3
2025-07-21,20250721140000000,sz.002842,9.2200,9.2400,9.2100,9.2200,166000,1531280.0000,3
2025-07-21,20250721140500000,sz.002842,9.2200,9.2400,9.2200,9.2200,165100,1523856.0000,3
2025-07-21,20250721141000000,sz.002842,9.2200,9.2400,9.2200,9.2300,240200,2216256.0000,3
2025-07-21,20250721141500000,sz.002842,9.2200,9.2400,9.2100,9.2300,180900,1668976.0000,3
2025-07-21,20250721142000000,sz.002842,9.2300,9.2300,9.2100,9.2200,152800,1409008.0000,3
2025-07-21,20250721142500000,sz.002842,9.2200,9.2400,9.2200,9.2400,277900,2565552.0000,3
2025-07-21,20250721143000000,sz.002842,9.2400,9.2700,9.2300,9.2600,509200,4710096.0000,3
2025-07-21,20250721143500000,sz.002842,9.2600,9.2600,9.2400,9.2500,630200,5831040.0000,3
2025-07-21,20250721144000000,sz.002842,9.2600,9.2600,9.2500,9.2500,227900,2109184.0000,3
2025-07-21,20250721144500000,sz.002842,9.2600,9.2900,9.2500,9.2800,719900,6675616.0000,3
2025-07-21,20250721145000000,sz.002842,9.2800,9.2900,9.2600,9.2800,642700,5962144.0000,3
2025-07-21,20250721145500000,sz.002842,9.2800,9.3100,9.2800,9.3000,1226400,11402176.0000,3
2025-07-21,20250721150000000,sz.002842,9.3100,9.3100,9.2900,9.2900,772300,7181600.0000,3
2025-07-22,20250722093500000,sz.002842,9.5100,9.8000,9.3900,9.7800,8832500,84961920.0000,3
2025-07-22,20250722094000000,sz.002842,9.8000,9.9800,9.7800,9.8700,5859800,57796640.0000,3
2025-07-22,20250722094500000,sz.002842,9.8900,9.9400,9.7400,9.9200,2928200,28774624.0000,3
2025-07-22,20250722095000000,sz.002842,9.9100,9.9200,9.7100,9.7100,2285700,22433296.0000,3
2025-07-22,20250722095500000,sz.002842,9.7100,9.7300,9.6000,9.6300,1597100,15428656.0000,3
2025-07-22,20250722100000000,sz.002842,9.6200,9.8500,9.6000,9.8100,2209300,21441376.0000,3
2025-07-22,20250722100500000,sz.002842,9.8000,9.8500,9.6800,9.8000,1475300,14414400.0000,3
2025-07-22,20250722101000000,sz.002842,9.8100,9.8900,9.8100,9.8700,1579200,15555584.0000,3
2025-07-22,20250722101500000,sz.002842,9.8700,9.8700,9.8300,9.8500,994900,9798912.0000,3
2025-07-22,20250722102000000,sz.002842,9.8500,9.8800,9.7800,9.7800,885000,8704768.0000,3
2025-07-22,20250722102500000,sz.002842,9.7800,9.8200,9.6900,9.7000,930600,9072448.0000,3
2025-07-22,20250722103000000,sz.002842,9.7000,9.7500,9.6800,9.6800,797700,7749888.0000,3
2025-07-22,20250722103500000,sz.002842,9.6800,9.7100,9.6600,9.7000,622200,6028224.0000,3
2025-07-22,20250722104000000,sz.002842,9.7000,9.8100,9.7000,9.8100,624000,6092864.0000,3
2025-07-22,20250722104500000,sz.002842,9.8000,9.8400,9.7400,9.8400,880500,8607680.0000,3
2025-07-22,20250722105000000,sz.002842,9.8300,9.8300,9.7500,9.7500,435600,4263872.0000,3
2025-07-22,20250722105500000,sz.002842,9.7700,9.8000,9.7500,9.7600,349700,3419776.0000,3
2025-07-22,20250722110000000,sz.002842,9.7700,9.8300,9.7700,9.8200,330700,3240256.0000,3
2025-07-22,20250722110500000,sz.002842,9.8200,9.8200,9.7600,9.7700,251300,2457536.0000,3
2025-07-22,20250722111000000,sz.002842,9.7700,9.8000,9.7600,9.7800,249800,2445056.0000,3
2025-07-22,20250722111500000,sz.002842,9.7900,9.8200,9.7800,9.7800,220400,2159008.0000,3
2025-07-22,20250722112000000,sz.002842,9.7800,9.8000,9.7700,9.7700,226200,2212992.0000,3
2025-07-22,20250722112500000,sz.002842,9.7700,9.7800,9.6900,9.6900,462200,4495584.0000,3
2025-07-22,20250722113000000,sz.002842,9.6800,9.7200,9.6800,9.7000,282500,2739840.0000,3
2025-07-22,20250722130500000,sz.002842,9.7100,9.7200,9.6400,9.6400,753100,7288800.0000,3
2025-07-22,20250722131000000,sz.002842,9.6400,9.6400,9.6100,9.6400,343300,3304032.0000,3
2025-07-22,20250722131500000,sz.002842,9.6400,9.6400,9.6100,9.6100,416100,4002880.0000,3
2025-07-22,20250722132000000,sz.002842,9.6200,9.6200,9.5400,9.5500,847500,8117152.0000,3
2025-07-22,20250722132500000,sz.002842,9.5600,9.6000,9.5500,9.6000,609600,5834912.0000,3
2025-07-22,20250722133000000,sz.002842,9.6000,9.6100,9.5300,9.5500,492300,4708352.0000,3
2025-07-22,20250722133500000,sz.002842,9.5500,9.5800,9.5300,9.5700,375600,3584064.0000,3
2025-07-22,20250722134000000,sz.002842,9.5800,9.5800,9.5400,9.5400,338900,3240128.0000,3
2025-07-22,20250722134500000,sz.002842,9.5500,9.5700,9.5400,9.5600,256300,2448832.0000,3
2025-07-22,20250722135000000,sz.002842,9.5600,9.5600,9.5300,9.5300,419800,4003168.0000,3
2025-07-22,20250722135500000,sz.002842,9.5400,9.5400,9.5200,9.5300,329900,3144416.0000,3
2025-07-22,20250722140000000,sz.002842,9.5500,9.5500,9.5100,9.5100,412800,3934304.0000,3
2025-07-22,20250722140500000,sz.002842,9.5100,9.5200,9.5000,9.5200,617500,5872416.0000,3
2025-07-22,20250722141000000,sz.002842,9.5200,9.5200,9.4600,9.4600,889700,8439296.0000,3
2025-07-22,20250722141500000,sz.002842,9.4600,9.5500,9.4600,9.5400,584800,5567360.0000,3
2025-07-22,20250722142000000,sz.002842,9.5400,9.5600,9.5400,9.5500,269000,2568800.0000,3
2025-07-22,20250722142500000,sz.002842,9.5400,9.5400,9.4800,9.4900,530000,5036000.0000,3
2025-07-22,20250722143000000,sz.002842,9.5000,9.5000,9.4800,9.4900,461500,4381632.0000,3
2025-07-22,20250722143500000,sz.002842,9.4900,9.5600,9.4900,9.5500,644300,6144480.0000,3
2025-07-22,20250722144000000,sz.002842,9.5500,9.5900,9.5400,9.5900,407500,3900544.0000,3
2025-07-22,20250722144500000,sz.002842,9.5800,9.6300,9.5700,9.6000,889800,8534080.0000,3
2025-07-22,20250722145000000,sz.002842,9.6300,9.6500,9.6000,9.6300,500400,4816160.0000,3
2025-07-22,20250722145500000,sz.002842,9.6400,9.6500,9.6200,9.6400,1038900,10014752.0000,3
2025-07-22,20250722150000000,sz.002842,9.6400,9.6600,9.6300,9.6300,910400,8777344.0000,3
2025-07-23,20250723093500000,sz.002842,9.6300,9.6400,9.3900,9.4600,4499600,42741736.0000,3
2025-07-23,20250723094000000,sz.002842,9.4800,9.5300,9.4400,9.4600,1559200,14768032.0000,3
2025-07-23,20250723094500000,sz.002842,9.4600,9.5100,9.4100,9.4700,1546300,14605112.0000,3
2025-07-23,20250723095000000,sz.002842,9.4500,9.4900,9.4200,9.4200,1039000,9825176.0000,3
2025-07-23,20250723095500000,sz.002842,9.4300,9.4900,9.4200,9.4900,1130600,10684720.0000,3
2025-07-23,20250723100000000,sz.002842,9.4900,9.4900,9.4000,9.4600,889700,8392656.0000,3
2025-07-23,20250723100500000,sz.002842,9.4500,9.4700,9.4100,9.4200,883600,8337936.0000,3
2025-07-23,20250723101000000,sz.002842,9.4200,9.4200,9.3800,9.4000,1152600,10826416.0000,3
2025-07-23,20250723101500000,sz.002842,9.4000,9.4100,9.3800,9.3900,724700,6806552.0000,3
2025-07-23,20250723102000000,sz.002842,9.4000,9.4400,9.3800,9.4300,815800,7677088.0000,3
2025-07-23,20250723102500000,sz.002842,9.4200,9.4400,9.3900,9.4100,445200,4189680.0000,3
2025-07-23,20250723103000000,sz.002842,9.4100,9.4600,9.4000,9.4400,326100,3076288.0000,3
2025-07-23,20250723103500000,sz.002842,9.4300,9.4500,9.4200,9.4400,394500,3722288.0000,3
2025-07-23,20250723104000000,sz.002842,9.4400,9.5100,9.4400,9.5100,527200,4999568.0000,3
2025-07-23,20250723104500000,sz.002842,9.5100,9.5100,9.4700,9.5000,418500,3971264.0000,3
2025-07-23,20250723105000000,sz.002842,9.4900,9.5600,9.4800,9.5000,509200,4847728.0000,3
2025-07-23,20250723105500000,sz.002842,9.5000,9.5200,9.4700,9.4700,240200,2280384.0000,3
2025-07-23,20250723110000000,sz.002842,9.4700,9.4800,9.4400,9.4600,223600,2114480.0000,3
2025-07-23,20250723110500000,sz.002842,9.4600,9.5200,9.4500,9.5100,249900,2371744.0000,3
2025-07-23,20250723111000000,sz.002842,9.5100,9.5100,9.4500,9.4500,571500,5414592.0000,3
2025-07-23,20250723111500000,sz.002842,9.4500,9.4600,9.4400,9.4600,185900,1756816.0000,3
2025-07-23,20250723112000000,sz.002842,9.4500,9.4700,9.4200,9.4300,470800,4443312.0000,3
2025-07-23,20250723112500000,sz.002842,9.4200,9.4600,9.4200,9.4500,605800,5712768.0000,3
2025-07-23,20250723113000000,sz.002842,9.4500,9.5100,9.4400,9.5100,494200,4687184.0000,3
2025-07-23,20250723130500000,sz.002842,9.5300,9.7300,9.5300,9.5900,1138800,10939952.0000,3
2025-07-23,20250723131000000,sz.002842,9.5800,9.7900,9.5500,9.7900,2055900,19974944.0000,3
2025-07-23,20250723131500000,sz.002842,9.7900,9.7900,9.6700,9.7000,2141100,20898448.0000,3
2025-07-23,20250723132000000,sz.002842,9.6800,9.6900,9.5800,9.5900,582400,5606928.0000,3
2025-07-23,20250723132500000,sz.002842,9.6000,9.6800,9.5900,9.6400,820500,7916288.0000,3
2025-07-23,20250723133000000,sz.002842,9.6300,9.6700,9.6000,9.6600,441800,4257904.0000,3
2025-07-23,20250723133500000,sz.002842,9.6700,9.6800,9.6400,9.6700,441700,4268608.0000,3
2025-07-23,20250723134000000,sz.002842,9.6600,9.6900,9.6300,9.6500,370000,3575712.0000,3
2025-07-23,20250723134500000,sz.002842,9.6500,9.6800,9.6500,9.6600,332200,3208176.0000,3
2025-07-23,20250723135000000,sz.002842,9.6600,9.6900,9.6600,9.6800,285100,2758048.0000,3
2025-07-23,20250723135500000,sz.002842,9.6800,9.7000,9.6400,9.6900,365500,3532576.0000,3
2025-07-23,20250723140000000,sz.002842,9.6900,9.7000,9.6400,9.6500,404100,3910656.0000,3
2025-07-23,20250723140500000,sz.002842,9.6600,9.6700,9.6500,9.6700,227100,2193120.0000,3
2025-07-23,20250723141000000,sz.002842,9.6700,9.7100,9.6500,9.7000,512800,4970656.0000,3
2025-07-23,20250723141500000,sz.002842,9.7000,9.7100,9.6800,9.6800,643100,6237696.0000,3
2025-07-23,20250723142000000,sz.002842,9.6700,9.7000,9.6600,9.6600,713000,6903360.0000,3
2025-07-23,20250723142500000,sz.002842,9.6600,9.6700,9.5800,9.6100,1218100,11714560.0000,3
2025-07-23,20250723143000000,sz.002842,9.6000,9.6300,9.6000,9.6100,492100,4730208.0000,3
2025-07-23,20250723143500000,sz.002842,9.6200,9.6300,9.5600,9.5600,833300,7996576.0000,3
2025-07-23,20250723144000000,sz.002842,9.5700,9.5900,9.5400,9.5500,908300,8679872.0000,3
2025-07-23,20250723144500000,sz.002842,9.5500,9.5800,9.5400,9.5600,923100,8822624.0000,3
2025-07-23,20250723145000000,sz.002842,9.5700,9.5800,9.5400,9.5600,1020900,9752672.0000,3
2025-07-23,20250723145500000,sz.002842,9.5600,9.5600,9.5300,9.5400,1055500,10075392.0000,3
2025-07-23,20250723150000000,sz.002842,9.5400,9.5400,9.5100,9.5300,844900,8047712.0000,3
2025-07-24,20250724093500000,sz.002842,9.5500,9.7500,9.5300,9.7500,3508800,33850508.0000,3
2025-07-24,20250724094000000,sz.002842,9.7700,9.9100,9.7200,9.8300,3128100,30709300.0000,3
2025-07-24,20250724094500000,sz.002842,9.8200,9.9100,9.7900,9.9000,2198100,21663928.0000,3
2025-07-24,20250724095000000,sz.002842,9.9000,9.9000,9.7500,9.7500,1276900,12537024.0000,3
2025-07-24,20250724095500000,sz.002842,9.7600,9.7900,9.7300,9.7800,1116600,10900568.0000,3
2025-07-24,20250724100000000,sz.002842,9.7800,9.7900,9.7100,9.7200,875500,8525120.0000,3
2025-07-24,20250724100500000,sz.002842,9.7300,9.7800,9.7200,9.7800,416200,4057224.0000,3
2025-07-24,20250724101000000,sz.002842,9.7800,9.7800,9.7200,9.7300,388100,3780592.0000,3
2025-07-24,20250724101500000,sz.002842,9.7400,9.7600,9.7000,9.7600,416900,4051760.0000,3
2025-07-24,20250724102000000,sz.002842,9.7600,9.7800,9.7300,9.7700,431500,4210376.0000,3
2025-07-24,20250724102500000,sz.002842,9.7700,9.8500,9.7500,9.8300,975800,9561024.0000,3
2025-07-24,20250724103000000,sz.002842,9.8200,9.8300,9.7500,9.7700,339200,3319200.0000,3
2025-07-24,20250724103500000,sz.002842,9.7700,9.8100,9.7700,9.7900,543900,5324944.0000,3
2025-07-24,20250724104000000,sz.002842,9.7900,9.8300,9.7800,9.8200,636600,6245056.0000,3
2025-07-24,20250724104500000,sz.002842,9.8100,9.8200,9.7500,9.7500,546400,5348048.0000,3
2025-07-24,20250724105000000,sz.002842,9.7500,9.7600,9.7100,9.7100,485000,4717696.0000,3
2025-07-24,20250724105500000,sz.002842,9.7100,9.7200,9.6800,9.6900,589000,5711104.0000,3
2025-07-24,20250724110000000,sz.002842,9.6900,9.6900,9.6500,9.6600,360500,3485264.0000,3
2025-07-24,20250724110500000,sz.002842,9.6700,9.6700,9.6400,9.6500,353900,3416496.0000,3
2025-07-24,20250724111000000,sz.002842,9.6500,9.6700,9.6400,9.6600,308300,2976320.0000,3
2025-07-24,20250724111500000,sz.002842,9.6700,9.6900,9.6500,9.6800,230500,2227472.0000,3
2025-07-24,20250724112000000,sz.002842,9.6800,9.7100,9.6700,9.7000,501300,4855504.0000,3
2025-07-24,20250724112500000,sz.002842,9.6900,9.7700,9.6800,9.7600,358800,3488096.0000,3
2025-07-24,20250724113000000,sz.002842,9.7500,9.8100,9.7500,9.8000,456900,4471392.0000,3
2025-07-24,20250724130500000,sz.002842,9.8100,9.8100,9.7500,9.7600,1044300,10214752.0000,3
2025-07-24,20250724131000000,sz.002842,9.7600,9.8000,9.7400,9.7400,461400,4504256.0000,3
2025-07-24,20250724131500000,sz.002842,9.7300,9.7400,9.7200,9.7300,294000,2860240.0000,3
2025-07-24,20250724132000000,sz.002842,9.7200,9.7700,9.7100,9.7300,420400,4097632.0000,3
2025-07-24,20250724132500000,sz.002842,9.7300,9.7400,9.7000,9.7300,456200,4430944.0000,3
2025-07-24,20250724133000000,sz.002842,9.7400,9.7600,9.7000,9.7000,336200,3271728.0000,3
2025-07-24,20250724133500000,sz.002842,9.7100,9.8500,9.7000,9.8000,1565600,15322816.0000,3
2025-07-24,20250724134000000,sz.002842,9.7900,9.8400,9.7800,9.8200,722400,7092640.0000,3
2025-07-24,20250724134500000,sz.002842,9.8200,9.9500,9.8200,9.8500,2795200,27670560.0000,3
2025-07-24,20250724135000000,sz.002842,9.8600,9.8700,9.8100,9.8700,671000,6601056.0000,3
2025-07-24,20250724135500000,sz.002842,9.8500,9.8600,9.7900,9.7900,419500,4120576.0000,3
2025-07-24,20250724140000000,sz.002842,9.8000,9.8000,9.7600,9.7700,426100,4165504.0000,3
2025-07-24,20250724140500000,sz.002842,9.7700,9.8300,9.7700,9.8200,498600,4887232.0000,3
2025-07-24,20250724141000000,sz.002842,9.8300,9.8600,9.8100,9.8200,367800,3617376.0000,3
2025-07-24,20250724141500000,sz.002842,9.8200,9.8500,9.8100,9.8400,553100,5438464.0000,3
2025-07-24,20250724142000000,sz.002842,9.8300,9.8800,9.8300,9.8500,773100,7621152.0000,3
2025-07-24,20250724142500000,sz.002842,9.8400,9.8600,9.8400,9.8600,360000,3546400.0000,3
2025-07-24,20250724143000000,sz.002842,9.8500,9.8600,9.8300,9.8400,487700,4804352.0000,3
2025-07-24,20250724143500000,sz.002842,9.8500,9.8700,9.8400,9.8600,636900,6278496.0000,3
2025-07-24,20250724144000000,sz.002842,9.8500,9.8700,9.8400,9.8400,492300,4850688.0000,3
2025-07-24,20250724144500000,sz.002842,9.8500,9.8500,9.8200,9.8300,585400,5760512.0000,3
2025-07-24,20250724145000000,sz.002842,9.8300,9.8300,9.8000,9.8100,645500,6336640.0000,3
2025-07-24,20250724145500000,sz.002842,9.8100,9.8600,9.8000,9.8500,1188400,11687552.0000,3
2025-07-24,20250724150000000,sz.002842,9.8600,9.8600,9.8500,9.8500,1116700,11001056.0000,3
2025-07-25,20250725093500000,sz.002842,9.7800,9.9400,9.7500,9.9300,4595500,45269408.0000,3
2025-07-25,20250725094000000,sz.002842,9.9400,9.9400,9.8200,9.8600,1655400,16322216.0000,3
2025-07-25,20250725094500000,sz.002842,9.8800,9.8800,9.8000,9.8000,2323900,22833944.0000,3
2025-07-25,20250725095000000,sz.002842,9.8000,9.8500,9.7800,9.8000,1695100,16621200.0000,3
2025-07-25,20250725095500000,sz.002842,9.8000,9.8600,9.8000,9.8600,725200,7120256.0000,3
2025-07-25,20250725100000000,sz.002842,9.8500,9.8600,9.8000,9.8300,524500,5154616.0000,3
2025-07-25,20250725100500000,sz.002842,9.8300,9.8600,9.7900,9.7900,559900,5506080.0000,3
2025-07-25,20250725101000000,sz.002842,9.7900,9.7900,9.7300,9.7400,1432500,13971104.0000,3
2025-07-25,20250725101500000,sz.002842,9.7300,9.7800,9.7300,9.7500,714600,6971048.0000,3
2025-07-25,20250725102000000,sz.002842,9.7500,9.7700,9.7200,9.7400,727700,7089120.0000,3
2025-07-25,20250725102500000,sz.002842,9.7400,9.7600,9.7200,9.7200,586300,5705136.0000,3
2025-07-25,20250725103000000,sz.002842,9.7000,9.7500,9.7000,9.7500,850200,8259728.0000,3
2025-07-25,20250725103500000,sz.002842,9.7400,9.8100,9.7400,9.8000,288200,2817024.0000,3
2025-07-25,20250725104000000,sz.002842,9.7900,9.7900,9.7600,9.7600,422000,4123760.0000,3
2025-07-25,20250725104500000,sz.002842,9.7500,9.7800,9.7400,9.7800,288900,2816832.0000,3
2025-07-25,20250725105000000,sz.002842,9.7700,9.8000,9.7600,9.7900,351900,3441248.0000,3
2025-07-25,20250725105500000,sz.002842,9.7900,9.8000,9.7800,9.7800,296000,2898528.0000,3
2025-07-25,20250725110000000,sz.002842,9.7900,9.7900,9.7200,9.7400,503900,4905280.0000,3
2025-07-25,20250725110500000,sz.002842,9.7400,9.7600,9.7300,9.7400,316700,3084656.0000,3
2025-07-25,20250725111000000,sz.002842,9.7300,9.7500,9.7200,9.7400,235700,2293632.0000,3
2025-07-25,20250725111500000,sz.002842,9.7400,9.7900,9.7400,9.7800,223100,2177664.0000,3
2025-07-25,20250725112000000,sz.002842,9.7900,9.7900,9.7700,9.7800,149200,1459536.0000,3
2025-07-25,20250725112500000,sz.002842,9.7800,9.7800,9.7700,9.7800,146800,1435136.0000,3
2025-07-25,20250725113000000,sz.002842,9.7800,9.7900,9.7700,9.7800,167300,1636288.0000,3
2025-07-25,20250725130500000,sz.002842,9.7700,9.7900,9.7500,9.7800,231200,2258736.0000,3
2025-07-25,20250725131000000,sz.002842,9.7800,9.9300,9.7500,9.9100,1058800,10440816.0000,3
2025-07-25,20250725131500000,sz.002842,9.9200,9.9200,9.8400,9.9100,1139000,11262896.0000,3
2025-07-25,20250725132000000,sz.002842,9.9400,10.1700,9.9300,10.1000,4910600,49359376.0000,3
2025-07-25,20250725132500000,sz.002842,10.1100,10.1100,10.0200,10.0800,2056100,20706144.0000,3
2025-07-25,20250725133000000,sz.002842,10.1000,10.1000,10.0000,10.0000,550700,5529888.0000,3
2025-07-25,20250725133500000,sz.002842,10.0100,10.0400,9.9700,9.9700,750900,7506912.0000,3
2025-07-25,20250725134000000,sz.002842,10.0000,10.0000,9.9500,9.9500,461100,4601216.0000,3
2025-07-25,20250725134500000,sz.002842,9.9600,9.9600,9.9400,9.9500,451800,4495232.0000,3
2025-07-25,20250725135000000,sz.002842,9.9500,10.0200,9.9500,9.9600,738700,7377856.0000,3
2025-07-25,20250725135500000,sz.002842,9.9600,9.9800,9.9300,9.9300,559000,5567328.0000,3
2025-07-25,20250725140000000,sz.002842,9.9200,9.9700,9.9200,9.9700,361200,3593792.0000,3
2025-07-25,20250725140500000,sz.002842,9.9700,10.0100,9.9500,10.0100,654100,6525632.0000,3
2025-07-25,20250725141000000,sz.002842,10.0100,10.0300,9.9900,9.9900,317400,3177024.0000,3
2025-07-25,20250725141500000,sz.002842,9.9900,10.0000,9.9600,9.9800,257600,2570816.0000,3
2025-07-25,20250725142000000,sz.002842,9.9700,9.9800,9.9300,9.9400,504300,5016096.0000,3
2025-07-25,20250725142500000,sz.002842,9.9400,9.9500,9.8900,9.9100,552400,5478432.0000,3
2025-07-25,20250725143000000,sz.002842,9.9100,9.9300,9.8900,9.9300,513900,5093600.0000,3
2025-07-25,20250725143500000,sz.002842,9.9200,9.9600,9.9200,9.9500,346300,3443648.0000,3
2025-07-25,20250725144000000,sz.002842,9.9500,9.9800,9.9200,9.9200,755200,7523136.0000,3
2025-07-25,20250725144500000,sz.002842,9.9400,9.9400,9.9000,9.9400,778700,7727808.0000,3
2025-07-25,20250725145000000,sz.002842,9.9500,9.9600,9.9300,9.9400,377700,3755456.0000,3
2025-07-25,20250725145500000,sz.002842,9.9400,9.9500,9.9300,9.9300,495300,4922752.0000,3
2025-07-25,20250725150000000,sz.002842,9.9400,9.9500,9.9200,9.9500,938500,9329216.0000,3
2025-07-28,20250728093500000,sz.002842,9.6800,9.8000,9.5600,9.6100,3580600,34618344.0000,3
2025-07-28,20250728094000000,sz.002842,9.5900,9.6500,9.5800,9.6200,1356000,13035980.0000,3
2025-07-28,20250728094500000,sz.002842,9.6200,9.6400,9.5900,9.6200,1476200,14189912.0000,3
2025-07-28,20250728095000000,sz.002842,9.6100,9.6300,9.5700,9.5900,1549700,14871788.0000,3
2025-07-28,20250728095500000,sz.002842,9.5800,9.6500,9.5800,9.6200,614800,5917448.0000,3
2025-07-28,20250728100000000,sz.002842,9.6200,9.6300,9.5500,9.5800,1015400,9732632.0000,3
2025-07-28,20250728100500000,sz.002842,9.5700,9.6100,9.5600,9.6100,1029900,9879344.0000,3
2025-07-28,20250728101000000,sz.002842,9.6100,9.6300,9.6000,9.6000,485200,4664832.0000,3
2025-07-28,20250728101500000,sz.002842,9.6000,9.6500,9.6000,9.6500,663000,6379720.0000,3
2025-07-28,20250728102000000,sz.002842,9.6500,9.7100,9.6400,9.6600,1076800,10408752.0000,3
2025-07-28,20250728102500000,sz.002842,9.6500,9.8200,9.6500,9.7200,1005600,9790104.0000,3
2025-07-28,20250728103000000,sz.002842,9.7100,9.7300,9.6800,9.7200,358800,3483512.0000,3
2025-07-28,20250728103500000,sz.002842,9.7200,9.7500,9.7100,9.7400,461500,4489280.0000,3
2025-07-28,20250728104000000,sz.002842,9.7300,9.7600,9.7100,9.7400,408600,3979200.0000,3
2025-07-28,20250728104500000,sz.002842,9.7400,9.8000,9.7400,9.7800,706900,6905696.0000,3
2025-07-28,20250728105000000,sz.002842,9.7800,9.8800,9.7500,9.8800,872300,8558960.0000,3
2025-07-28,20250728105500000,sz.002842,9.8900,9.9000,9.8600,9.8800,707900,6994096.0000,3
2025-07-28,20250728110000000,sz.002842,9.8700,9.9000,9.8200,9.9000,668100,6590432.0000,3
2025-07-28,20250728110500000,sz.002842,9.9100,9.9400,9.8500,9.8500,627300,6218528.0000,3
2025-07-28,20250728111000000,sz.002842,9.8500,9.8600,9.8200,9.8500,261300,2571328.0000,3
2025-07-28,20250728111500000,sz.002842,9.8500,9.8900,9.8300,9.8800,213700,2106160.0000,3
2025-07-28,20250728112000000,sz.002842,9.9000,9.9000,9.8400,9.8400,245200,2421616.0000,3
2025-07-28,20250728112500000,sz.002842,9.8300,9.8400,9.7800,9.8200,292100,2868112.0000,3
2025-07-28,20250728113000000,sz.002842,9.8200,9.8400,9.8000,9.8200,505800,4966320.0000,3
2025-07-28,20250728130500000,sz.002842,9.8000,9.8700,9.8000,9.8500,592200,5823472.0000,3
2025-07-28,20250728131000000,sz.002842,9.8400,9.8800,9.8300,9.8700,319200,3145360.0000,3
2025-07-28,20250728131500000,sz.002842,9.8700,9.9300,9.8700,9.9300,399300,3959072.0000,3
2025-07-28,20250728132000000,sz.002842,9.9300,9.9400,9.8300,9.8400,511400,5053584.0000,3
2025-07-28,20250728132500000,sz.002842,9.8400,9.8400,9.7800,9.8000,583700,5723872.0000,3
2025-07-28,20250728133000000,sz.002842,9.8000,9.8400,9.7900,9.8100,324400,3184064.0000,3
2025-07-28,20250728133500000,sz.002842,9.8100,9.8200,9.7900,9.8000,310600,3042576.0000,3
2025-07-28,20250728134000000,sz.002842,9.7900,9.8100,9.7600,9.7900,332800,3256336.0000,3
2025-07-28,20250728134500000,sz.002842,9.8000,9.8100,9.7800,9.8000,269900,2644208.0000,3
2025-07-28,20250728135000000,sz.002842,9.7900,9.8100,9.7800,9.8000,159200,1559040.0000,3
2025-07-28,20250728135500000,sz.002842,9.8000,9.8200,9.8000,9.8100,111900,1097312.0000,3
2025-07-28,20250728140000000,sz.002842,9.8200,9.8300,9.8100,9.8200,136600,1341184.0000,3
2025-07-28,20250728140500000,sz.002842,9.8100,9.8400,9.8100,9.8200,248300,2439376.0000,3
2025-07-28,20250728141000000,sz.002842,9.8200,9.8500,9.8000,9.8000,343500,3370672.0000,3
2025-07-28,20250728141500000,sz.002842,9.7900,9.8100,9.7800,9.7900,295600,2895504.0000,3
2025-07-28,20250728142000000,sz.002842,9.8000,9.8100,9.7800,9.7900,178600,1750032.0000,3
2025-07-28,20250728142500000,sz.002842,9.7900,9.8000,9.7900,9.7900,132700,1299808.0000,3
2025-07-28,20250728143000000,sz.002842,9.8000,9.8100,9.7900,9.8100,252300,2471392.0000,3
2025-07-28,20250728143500000,sz.002842,9.8100,9.8200,9.7900,9.8000,237600,2329248.0000,3
2025-07-28,20250728144000000,sz.002842,9.8000,9.8100,9.7800,9.7900,379700,3716544.0000,3
2025-07-28,20250728144500000,sz.002842,9.7900,9.8000,9.7800,9.7900,446200,4368912.0000,3
2025-07-28,20250728145000000,sz.002842,9.7900,9.8100,9.7800,9.8100,467700,4581520.0000,3
2025-07-28,20250728145500000,sz.002842,9.8000,9.8000,9.7800,9.7900,375100,3672256.0000,3
2025-07-28,20250728150000000,sz.002842,9.7900,9.8100,9.7800,9.8100,520400,5096432.0000,3
2025-07-29,20250729093500000,sz.002842,9.7700,9.8800,9.7000,9.7900,1502100,14717811.0000,3
2025-07-29,20250729094000000,sz.002842,9.7800,9.8000,9.7200,9.7700,896800,8757677.0000,3
2025-07-29,20250729094500000,sz.002842,9.7700,9.8200,9.7600,9.7700,585100,5731354.0000,3
2025-07-29,20250729095000000,sz.002842,9.7700,9.8600,9.7600,9.8300,741300,7281194.0000,3
2025-07-29,20250729095500000,sz.002842,9.8300,9.8300,9.7400,9.7600,454200,4443720.0000,3
2025-07-29,20250729100000000,sz.002842,9.7500,9.7600,9.6800,9.6900,449000,4358372.0000,3
2025-07-29,20250729100500000,sz.002842,9.7100,9.7400,9.7000,9.7200,297500,2891152.0000,3
2025-07-29,20250729101000000,sz.002842,9.7200,9.7900,9.7000,9.7400,355000,3455360.0000,3
2025-07-29,20250729101500000,sz.002842,9.7500,9.7900,9.7400,9.7600,151900,1482820.0000,3
2025-07-29,20250729102000000,sz.002842,9.7600,9.7800,9.7400,9.7500,267800,2612004.0000,3
2025-07-29,20250729102500000,sz.002842,9.7400,9.7500,9.7100,9.7300,308700,3003720.0000,3
2025-07-29,20250729103000000,sz.002842,9.7400,9.7500,9.7100,9.7200,192600,1873076.0000,3
2025-07-29,20250729103500000,sz.002842,9.7200,9.7200,9.7000,9.7100,243200,2361188.0000,3
2025-07-29,20250729104000000,sz.002842,9.7000,9.7300,9.6900,9.7200,317300,3081832.0000,3
2025-07-29,20250729104500000,sz.002842,9.7100,9.7200,9.6800,9.7000,300400,2912384.0000,3
2025-07-29,20250729105000000,sz.002842,9.7000,9.7000,9.6600,9.6600,410500,3971440.0000,3
2025-07-29,20250729105500000,sz.002842,9.6700,9.7100,9.6600,9.7000,391600,3790992.0000,3
2025-07-29,20250729110000000,sz.002842,9.7000,9.7000,9.6700,9.6800,176900,1714048.0000,3
2025-07-29,20250729110500000,sz.002842,9.6800,9.6800,9.6600,9.6600,200800,1940704.0000,3
2025-07-29,20250729111000000,sz.002842,9.6600,9.6600,9.6100,9.6300,322400,3107776.0000,3
2025-07-29,20250729111500000,sz.002842,9.6200,9.6300,9.6000,9.6100,577700,5550072.0000,3
2025-07-29,20250729112000000,sz.002842,9.6100,9.6700,9.6100,9.6600,261700,2523768.0000,3
2025-07-29,20250729112500000,sz.002842,9.6600,9.6900,9.6600,9.6800,213400,2063640.0000,3
2025-07-29,20250729113000000,sz.002842,9.6800,9.7000,9.6800,9.6800,113900,1103320.0000,3
2025-07-29,20250729130500000,sz.002842,9.6700,9.6800,9.6300,9.6300,272200,2627056.0000,3
2025-07-29,20250729131000000,sz.002842,9.6300,9.6400,9.6000,9.6000,255200,2453504.0000,3
2025-07-29,20250729131500000,sz.002842,9.6000,9.6100,9.5800,9.5900,396400,3802088.0000,3
2025-07-29,20250729132000000,sz.002842,9.5700,9.6000,9.5700,9.5800,406500,3893688.0000,3
2025-07-29,20250729132500000,sz.002842,9.5800,9.6100,9.5800,9.5900,176500,1692848.0000,3
2025-07-29,20250729133000000,sz.002842,9.5900,9.6100,9.5900,9.6100,141300,1356016.0000,3
2025-07-29,20250729133500000,sz.002842,9.6000,9.6600,9.6000,9.6600,312900,3014856.0000,3
2025-07-29,20250729134000000,sz.002842,9.6500,9.6500,9.6000,9.6000,291000,2800320.0000,3
2025-07-29,20250729134500000,sz.002842,9.6000,9.6700,9.5900,9.6400,580700,5584968.0000,3
2025-07-29,20250729135000000,sz.002842,9.6400,9.6700,9.6300,9.6400,213100,2055208.0000,3
2025-07-29,20250729135500000,sz.002842,9.6400,9.6800,9.6300,9.6400,291800,2817672.0000,3
2025-07-29,20250729140000000,sz.002842,9.6300,9.6600,9.6300,9.6500,159300,1535768.0000,3
2025-07-29,20250729140500000,sz.002842,9.6500,9.6800,9.6400,9.6500,278400,2688704.0000,3
2025-07-29,20250729141000000,sz.002842,9.6400,9.6700,9.6300,9.6400,329200,3175800.0000,3
2025-07-29,20250729141500000,sz.002842,9.6300,9.6500,9.6300,9.6500,226800,2187168.0000,3
2025-07-29,20250729142000000,sz.002842,9.6400,9.6800,9.6400,9.6700,223900,2164224.0000,3
2025-07-29,20250729142500000,sz.002842,9.6700,9.6800,9.6500,9.6700,356000,3439440.0000,3
2025-07-29,20250729143000000,sz.002842,9.6600,9.6900,9.6600,9.6800,270100,2613344.0000,3
2025-07-29,20250729143500000,sz.002842,9.6800,9.6900,9.6700,9.6700,322900,3124528.0000,3
2025-07-29,20250729144000000,sz.002842,9.6700,9.6800,9.6600,9.6700,230500,2228256.0000,3
2025-07-29,20250729144500000,sz.002842,9.6700,9.6800,9.6700,9.6800,149600,1447008.0000,3
2025-07-29,20250729145000000,sz.002842,9.6700,9.6800,9.6700,9.6800,370900,3587248.0000,3
2025-07-29,20250729145500000,sz.002842,9.6700,9.6800,9.6500,9.6800,745300,7206944.0000,3
2025-07-29,20250729150000000,sz.002842,9.6800,9.6900,9.6400,9.6900,551700,5335792.0000,3
2025-07-30,20250730093500000,sz.002842,9.7100,9.7200,9.5200,9.5500,1331500,12777783.0000,3
2025-07-30,20250730094000000,sz.002842,9.5300,9.5500,9.5000,9.5300,892900,8495197.0000,3
2025-07-30,20250730094500000,sz.002842,9.5200,9.5700,9.4900,9.4900,500700,4769240.0000,3
2025-07-30,20250730095000000,sz.002842,9.4900,9.5200,9.4900,9.4900,705700,6707202.0000,3
2025-07-30,20250730095500000,sz.002842,9.4900,9.5000,9.4200,9.4200,1186100,11212878.0000,3
2025-07-30,20250730100000000,sz.002842,9.4200,9.4500,9.4100,9.4400,808300,7623264.0000,3
2025-07-30,20250730100500000,sz.002842,9.4400,9.4600,9.4200,9.4400,617300,5822828.0000,3
2025-07-30,20250730101000000,sz.002842,9.4300,9.4400,9.4100,9.4300,306500,2888088.0000,3
2025-07-30,20250730101500000,sz.002842,9.4400,9.4500,9.3400,9.3700,1085200,10193752.0000,3
2025-07-30,20250730102000000,sz.002842,9.3600,9.4000,9.3600,9.3800,894900,8389992.0000,3
2025-07-30,20250730102500000,sz.002842,9.3700,9.3900,9.3600,9.3700,728100,6822520.0000,3
2025-07-30,20250730103000000,sz.002842,9.3700,9.4000,9.3700,9.4000,376800,3535784.0000,3
2025-07-30,20250730103500000,sz.002842,9.4000,9.4100,9.3800,9.3900,283800,2666576.0000,3
2025-07-30,20250730104000000,sz.002842,9.3800,9.3900,9.3100,9.3200,547000,5111016.0000,3
2025-07-30,20250730104500000,sz.002842,9.3200,9.3400,9.3200,9.3400,537000,5009352.0000,3
2025-07-30,20250730105000000,sz.002842,9.3400,9.3400,9.3200,9.3300,329400,3072704.0000,3
2025-07-30,20250730105500000,sz.002842,9.3200,9.3400,9.3200,9.3400,216300,2017120.0000,3
2025-07-30,20250730110000000,sz.002842,9.3200,9.3400,9.3000,9.3000,405900,3779304.0000,3
2025-07-30,20250730110500000,sz.002842,9.3000,9.3300,9.2900,9.3200,413900,3851864.0000,3
2025-07-30,20250730111000000,sz.002842,9.3100,9.3200,9.3000,9.3200,145700,1356920.0000,3
2025-07-30,20250730111500000,sz.002842,9.3100,9.3400,9.3100,9.3200,325400,3032856.0000,3
2025-07-30,20250730112000000,sz.002842,9.3200,9.3400,9.3100,9.3200,153200,1428584.0000,3
2025-07-30,20250730112500000,sz.002842,9.3100,9.3300,9.3100,9.3100,109200,1017464.0000,3
2025-07-30,20250730113000000,sz.002842,9.3100,9.3300,9.3100,9.3300,124700,1162080.0000,3
2025-07-30,20250730130500000,sz.002842,9.3300,9.3300,9.2900,9.3000,314800,2931616.0000,3
2025-07-30,20250730131000000,sz.002842,9.3000,9.3000,9.2800,9.2900,362100,3363288.0000,3
2025-07-30,20250730131500000,sz.002842,9.2800,9.3100,9.2800,9.3000,372500,3461800.0000,3
2025-07-30,20250730132000000,sz.002842,9.2900,9.3200,9.2900,9.3000,370100,3443520.0000,3
2025-07-30,20250730132500000,sz.002842,9.3000,9.3100,9.2900,9.2900,128200,1192208.0000,3
2025-07-30,20250730133000000,sz.002842,9.3000,9.3000,9.2600,9.2800,563500,5225328.0000,3
2025-07-30,20250730133500000,sz.002842,9.2700,9.2900,9.2600,9.2700,371900,3448912.0000,3
2025-07-30,20250730134000000,sz.002842,9.2600,9.2700,9.2400,9.2400,458100,4236272.0000,3
2025-07-30,20250730134500000,sz.002842,9.2400,9.2500,9.2200,9.2300,374200,3456528.0000,3
2025-07-30,20250730135000000,sz.002842,9.2300,9.2400,9.2100,9.2100,299300,2759440.0000,3
2025-07-30,20250730135500000,sz.002842,9.2200,9.2200,9.2100,9.2100,392100,3611776.0000,3
2025-07-30,20250730140000000,sz.002842,9.2000,9.2600,9.1700,9.2300,860900,7923344.0000,3
2025-07-30,20250730140500000,sz.002842,9.2200,9.2300,9.1800,9.1800,473200,4356720.0000,3
2025-07-30,20250730141000000,sz.002842,9.1700,9.2600,9.1700,9.2500,616800,5686000.0000,3
2025-07-30,20250730141500000,sz.002842,9.2400,9.2600,9.2200,9.2400,300300,2773408.0000,3
2025-07-30,20250730142000000,sz.002842,9.2300,9.2800,9.2300,9.2700,405700,3758096.0000,3
2025-07-30,20250730142500000,sz.002842,9.2700,9.3400,9.2700,9.3400,458900,4272224.0000,3
2025-07-30,20250730143000000,sz.002842,9.3300,9.3400,9.2900,9.3100,630000,5871328.0000,3
2025-07-30,20250730143500000,sz.002842,9.3000,9.3300,9.2900,9.3000,567100,5276544.0000,3
2025-07-30,20250730144000000,sz.002842,9.3000,9.3200,9.2900,9.3000,257100,2391760.0000,3
2025-07-30,20250730144500000,sz.002842,9.2900,9.3100,9.2900,9.3000,189400,1761072.0000,3
2025-07-30,20250730145000000,sz.002842,9.2900,9.3200,9.2800,9.3100,334400,3108032.0000,3
2025-07-30,20250730145500000,sz.002842,9.3100,9.3200,9.2900,9.3100,336100,3127664.0000,3
2025-07-30,20250730150000000,sz.002842,9.3100,9.3300,9.3000,9.3100,293500,2733824.0000,3
2025-07-31,20250731093500000,sz.002842,9.2200,9.2600,9.1500,9.2500,1548700,14261334.0000,3
2025-07-31,20250731094000000,sz.002842,9.2400,9.2800,9.2200,9.2200,636500,5887538.0000,3
2025-07-31,20250731094500000,sz.002842,9.2300,9.2900,9.2200,9.2600,795500,7360848.0000,3
2025-07-31,20250731095000000,sz.002842,9.2500,9.2900,9.2400,9.2700,331600,3071330.0000,3
2025-07-31,20250731095500000,sz.002842,9.2700,9.2800,9.2400,9.2400,351900,3259934.0000,3
2025-07-31,20250731100000000,sz.002842,9.2400,9.2500,9.1700,9.1700,402200,3702616.0000,3
2025-07-31,20250731100500000,sz.002842,9.1800,9.1900,9.1600,9.1800,456100,4182744.0000,3
2025-07-31,20250731101000000,sz.002842,9.1800,9.2000,9.1800,9.1900,198400,1822584.0000,3
2025-07-31,20250731101500000,sz.002842,9.1900,9.1900,9.1400,9.1400,424800,3891700.0000,3
2025-07-31,20250731102000000,sz.002842,9.1400,9.1400,9.1100,9.1100,329600,3007596.0000,3
2025-07-31,20250731102500000,sz.002842,9.1100,9.1300,9.1000,9.1000,349200,3182208.0000,3
2025-07-31,20250731103000000,sz.002842,9.1000,9.1100,9.0800,9.0900,577000,5248164.0000,3
2025-07-31,20250731103500000,sz.002842,9.1000,9.1000,9.0800,9.0900,176800,1606828.0000,3
2025-07-31,20250731104000000,sz.002842,9.0900,9.1000,9.0600,9.0700,297000,2695980.0000,3
2025-07-31,20250731104500000,sz.002842,9.0600,9.0800,9.0600,9.0800,132400,1201252.0000,3
2025-07-31,20250731105000000,sz.002842,9.0700,9.0800,9.0600,9.0800,280900,2547632.0000,3
2025-07-31,20250731105500000,sz.002842,9.0800,9.1000,9.0700,9.0900,261900,2379616.0000,3
2025-07-31,20250731110000000,sz.002842,9.1000,9.1000,9.0800,9.0900,218800,1988896.0000,3
2025-07-31,20250731110500000,sz.002842,9.1000,9.1000,9.0600,9.0600,248500,2256912.0000,3
2025-07-31,20250731111000000,sz.002842,9.0700,9.0800,9.0600,9.0700,189200,1715408.0000,3
2025-07-31,20250731111500000,sz.002842,9.0600,9.0700,9.0600,9.0700,119500,1082864.0000,3
2025-07-31,20250731112000000,sz.002842,9.0700,9.0700,9.0300,9.0300,462700,4184272.0000,3
2025-07-31,20250731112500000,sz.002842,9.0300,9.0600,9.0300,9.0600,179400,1622520.0000,3
2025-07-31,20250731113000000,sz.002842,9.0400,9.0600,9.0400,9.0500,135600,1227512.0000,3
2025-07-31,20250731130500000,sz.002842,9.0600,9.0700,9.0500,9.0500,217200,1968184.0000,3
2025-07-31,20250731131000000,sz.002842,9.0600,9.0600,9.0200,9.0400,305700,2762368.0000,3
2025-07-31,20250731131500000,sz.002842,9.0300,9.0500,9.0300,9.0400,129200,1167456.0000,3
2025-07-31,20250731132000000,sz.002842,9.0500,9.0500,9.0300,9.0400,228100,2060584.0000,3
2025-07-31,20250731132500000,sz.002842,9.0300,9.0500,9.0200,9.0200,553800,4995648.0000,3
2025-07-31,20250731133000000,sz.002842,9.0200,9.0500,9.0200,9.0300,128000,1157168.0000,3
2025-07-31,20250731133500000,sz.002842,9.0400,9.0400,9.0200,9.0200,114900,1037144.0000,3
2025-07-31,20250731134000000,sz.002842,9.0100,9.0200,8.9900,9.0000,497100,4476128.0000,3
2025-07-31,20250731134500000,sz.002842,9.0100,9.0500,9.0100,9.0500,191700,1731968.0000,3
2025-07-31,20250731135000000,sz.002842,9.0500,9.0700,9.0500,9.0700,257900,2335648.0000,3
2025-07-31,20250731135500000,sz.002842,9.0700,9.0800,9.0400,9.0400,81400,737520.0000,3
2025-07-31,20250731140000000,sz.002842,9.0500,9.0700,9.0400,9.0600,119900,1085392.0000,3
2025-07-31,20250731140500000,sz.002842,9.0600,9.0600,9.0200,9.0400,349000,3153872.0000,3
2025-07-31,20250731141000000,sz.002842,9.0400,9.0500,9.0100,9.0200,153100,1381872.0000,3
2025-07-31,20250731141500000,sz.002842,9.0100,9.0400,9.0100,9.0300,450100,4060952.0000,3
2025-07-31,20250731142000000,sz.002842,9.0300,9.0300,9.0000,9.0200,299100,2694960.0000,3
2025-07-31,20250731142500000,sz.002842,9.0100,9.0300,9.0000,9.0100,299300,2695704.0000,3
2025-07-31,20250731143000000,sz.002842,9.0100,9.0200,8.9800,9.0000,461100,4146368.0000,3
2025-07-31,20250731143500000,sz.002842,9.0000,9.0000,8.9700,8.9800,402000,3609296.0000,3
2025-07-31,20250731144000000,sz.002842,8.9900,8.9900,8.9500,8.9500,552100,4956248.0000,3
2025-07-31,20250731144500000,sz.002842,8.9600,8.9800,8.9500,8.9500,319500,2861584.0000,3
2025-07-31,20250731145000000,sz.002842,8.9500,8.9800,8.9400,8.9700,699500,6260496.0000,3
2025-07-31,20250731145500000,sz.002842,8.9800,9.0400,8.9700,9.0100,640100,5760976.0000,3
2025-07-31,20250731150000000,sz.002842,9.0000,9.0200,9.0000,9.0200,313900,2829376.0000,3
2025-08-01,20250801093500000,sz.002842,9.0200,9.1000,9.0100,9.1000,835500,7565315.0000,3
2025-08-01,20250801094000000,sz.002842,9.0900,9.0900,9.0300,9.0400,320900,2907449.0000,3
2025-08-01,20250801094500000,sz.002842,9.0300,9.0600,9.0300,9.0400,258400,2336810.0000,3
2025-08-01,20250801095000000,sz.002842,9.0400,9.0400,8.9900,9.0100,474600,4276858.0000,3
2025-08-01,20250801095500000,sz.002842,9.0100,9.0300,9.0000,9.0100,318600,2870360.0000,3
2025-08-01,20250801100000000,sz.002842,9.0100,9.0200,8.9900,9.0000,246200,2216690.0000,3
2025-08-01,20250801100500000,sz.002842,9.0100,9.0200,9.0000,9.0200,152400,1373302.0000,3
2025-08-01,20250801101000000,sz.002842,9.0100,9.0100,8.9800,9.0000,287800,2588396.0000,3
2025-08-01,20250801101500000,sz.002842,9.0000,9.0200,8.9900,9.0000,173900,1565948.0000,3
2025-08-01,20250801102000000,sz.002842,9.0000,9.0100,8.9900,9.0000,104900,943964.0000,3
2025-08-01,20250801102500000,sz.002842,9.0000,9.0000,8.9700,8.9800,149700,1344968.0000,3
2025-08-01,20250801103000000,sz.002842,8.9800,9.0100,8.9800,9.0000,198200,1783714.0000,3
2025-08-01,20250801103500000,sz.002842,9.0000,9.0000,8.9800,8.9900,91600,823674.0000,3
2025-08-01,20250801104000000,sz.002842,9.0000,9.0000,8.9700,8.9800,85100,764280.0000,3
2025-08-01,20250801104500000,sz.002842,8.9900,9.0000,8.9800,8.9800,40900,367536.0000,3
2025-08-01,20250801105000000,sz.002842,8.9800,8.9900,8.9600,8.9700,247500,2221152.0000,3
2025-08-01,20250801105500000,sz.002842,8.9700,8.9800,8.9600,8.9600,73800,661556.0000,3
2025-08-01,20250801110000000,sz.002842,8.9600,8.9600,8.9300,8.9500,240900,2155740.0000,3
2025-08-01,20250801110500000,sz.002842,8.9600,8.9700,8.9400,8.9500,118000,1056744.0000,3
2025-08-01,20250801111000000,sz.002842,8.9500,8.9800,8.9500,8.9800,93200,835020.0000,3
2025-08-01,20250801111500000,sz.002842,8.9700,9.0000,8.9700,8.9900,197400,1772996.0000,3
2025-08-01,20250801112000000,sz.002842,8.9900,9.0000,8.9700,8.9900,119600,1074252.0000,3
2025-08-01,20250801112500000,sz.002842,9.0100,9.0100,9.0000,9.0100,92000,828688.0000,3
2025-08-01,20250801113000000,sz.002842,9.0100,9.0100,8.9900,8.9900,78100,702868.0000,3
2025-08-01,20250801130500000,sz.002842,8.9900,9.0100,8.9900,9.0000,105200,946420.0000,3
2025-08-01,20250801131000000,sz.002842,9.0100,9.0100,8.9900,8.9900,41700,375400.0000,3
2025-08-01,20250801131500000,sz.002842,9.0000,9.0000,8.9800,8.9800,60500,543884.0000,3
2025-08-01,20250801132000000,sz.002842,8.9800,9.0000,8.9700,8.9900,163300,1467044.0000,3
2025-08-01,20250801132500000,sz.002842,8.9900,8.9900,8.9700,8.9800,60100,539792.0000,3
2025-08-01,20250801133000000,sz.002842,8.9700,8.9800,8.9700,8.9700,42100,377652.0000,3
2025-08-01,20250801133500000,sz.002842,8.9700,8.9800,8.9600,8.9700,106900,959336.0000,3
2025-08-01,20250801134000000,sz.002842,8.9800,8.9800,8.9500,8.9600,155000,1389008.0000,3
2025-08-01,20250801134500000,sz.002842,8.9700,8.9800,8.9600,8.9800,104500,937356.0000,3
2025-08-01,20250801135000000,sz.002842,8.9800,9.0000,8.9800,9.0000,100300,901684.0000,3
2025-08-01,20250801135500000,sz.002842,9.0000,9.0000,8.9900,9.0000,51500,463348.0000,3
2025-08-01,20250801140000000,sz.002842,9.0000,9.0000,8.9700,8.9800,45500,408764.0000,3
2025-08-01,20250801140500000,sz.002842,8.9700,8.9900,8.9700,8.9700,144000,1292968.0000,3
2025-08-01,20250801141000000,sz.002842,8.9800,8.9800,8.9600,8.9800,109400,981304.0000,3
2025-08-01,20250801141500000,sz.002842,8.9800,8.9900,8.9700,8.9900,152600,1369984.0000,3
2025-08-01,20250801142000000,sz.002842,8.9900,9.0000,8.9800,8.9900,323200,2906088.0000,3
2025-08-01,20250801142500000,sz.002842,8.9900,9.0000,8.9800,8.9900,89200,801564.0000,3
2025-08-01,20250801143000000,sz.002842,8.9900,8.9900,8.9800,8.9800,78600,706280.0000,3
2025-08-01,20250801143500000,sz.002842,8.9900,8.9900,8.9600,8.9700,277600,2490152.0000,3
2025-08-01,20250801144000000,sz.002842,8.9700,8.9700,8.9500,8.9600,190000,1702920.0000,3
2025-08-01,20250801144500000,sz.002842,8.9600,8.9700,8.9500,8.9600,308100,2761044.0000,3
2025-08-01,20250801145000000,sz.002842,8.9600,8.9600,8.9500,8.9500,198500,1777600.0000,3
2025-08-01,20250801145500000,sz.002842,8.9600,8.9600,8.9500,8.9600,297300,2662488.0000,3
2025-08-01,20250801150000000,sz.002842,8.9600,8.9700,8.9600,8.9600,277500,2486944.0000,3
2025-08-04,20250804093500000,sz.002842,8.9800,9.1600,8.9100,8.9300,1272900,11451175.0000,3
2025-08-04,20250804094000000,sz.002842,8.9300,8.9700,8.9300,8.9600,217500,1945888.0000,3
2025-08-04,20250804094500000,sz.002842,8.9600,9.0000,8.9600,8.9800,450000,4044237.0000,3
2025-08-04,20250804095000000,sz.002842,8.9900,8.9900,8.9200,8.9200,350200,3133838.0000,3
2025-08-04,20250804095500000,sz.002842,8.9200,9.1400,8.9000,9.0700,1580000,14268254.0000,3
2025-08-04,20250804100000000,sz.002842,9.0600,9.2400,9.0200,9.1900,2144400,19609128.0000,3
2025-08-04,20250804100500000,sz.002842,9.1800,9.2800,9.1200,9.1200,2175900,20038128.0000,3
2025-08-04,20250804101000000,sz.002842,9.1400,9.1500,9.0700,9.0700,381000,3470904.0000,3
2025-08-04,20250804101500000,sz.002842,9.0700,9.2100,9.0400,9.1800,928800,8484528.0000,3
2025-08-04,20250804102000000,sz.002842,9.1700,9.2400,9.1300,9.2100,684500,6286680.0000,3
2025-08-04,20250804102500000,sz.002842,9.2100,9.2100,9.1600,9.1600,365100,3353080.0000,3
2025-08-04,20250804103000000,sz.002842,9.1600,9.1600,9.1200,9.1200,228100,2085256.0000,3
2025-08-04,20250804103500000,sz.002842,9.1200,9.1300,9.1000,9.1000,334900,3054232.0000,3
2025-08-04,20250804104000000,sz.002842,9.1200,9.2400,9.1200,9.2000,1127000,10362688.0000,3
2025-08-04,20250804104500000,sz.002842,9.1900,9.2100,9.1700,9.1700,379100,3486632.0000,3
2025-08-04,20250804105000000,sz.002842,9.1800,9.1800,9.1300,9.1400,130500,1194792.0000,3
2025-08-04,20250804105500000,sz.002842,9.1400,9.1400,9.1200,9.1300,117500,1072688.0000,3
2025-08-04,20250804110000000,sz.002842,9.1200,9.1300,9.1100,9.1200,130600,1191192.0000,3
2025-08-04,20250804110500000,sz.002842,9.1200,9.1300,9.1000,9.1100,156500,1426080.0000,3
2025-08-04,20250804111000000,sz.002842,9.1000,9.1000,9.0800,9.1000,137300,1249336.0000,3
2025-08-04,20250804111500000,sz.002842,9.0800,9.0900,9.0700,9.0900,171300,1556208.0000,3
2025-08-04,20250804112000000,sz.002842,9.0900,9.1200,9.0700,9.0800,227100,2063768.0000,3
2025-08-04,20250804112500000,sz.002842,9.0800,9.1200,9.0800,9.1100,103300,939976.0000,3
2025-08-04,20250804113000000,sz.002842,9.1100,9.1100,9.0800,9.0900,82300,748352.0000,3
2025-08-04,20250804130500000,sz.002842,9.0900,9.1300,9.0800,9.0800,194200,1767320.0000,3
2025-08-04,20250804131000000,sz.002842,9.0800,9.1100,9.0800,9.0900,124900,1136032.0000,3
2025-08-04,20250804131500000,sz.002842,9.1000,9.1000,9.0700,9.0700,125600,1140208.0000,3
2025-08-04,20250804132000000,sz.002842,9.0700,9.1000,9.0600,9.1000,254000,2305144.0000,3
2025-08-04,20250804132500000,sz.002842,9.0900,9.1000,9.0800,9.0900,168100,1527680.0000,3
2025-08-04,20250804133000000,sz.002842,9.0900,9.1000,9.0800,9.1000,97600,887312.0000,3
2025-08-04,20250804133500000,sz.002842,9.0900,9.1000,9.0800,9.0900,70500,641136.0000,3
2025-08-04,20250804134000000,sz.002842,9.0900,9.0900,9.0700,9.0700,193800,1758880.0000,3
2025-08-04,20250804134500000,sz.002842,9.0700,9.0800,9.0700,9.0800,230300,2090800.0000,3
2025-08-04,20250804135000000,sz.002842,9.0800,9.0800,9.0700,9.0800,40100,364048.0000,3
2025-08-04,20250804135500000,sz.002842,9.0700,9.0800,9.0700,9.0700,74700,678032.0000,3
2025-08-04,20250804140000000,sz.002842,9.0700,9.0700,9.0600,9.0700,192200,1742480.0000,3
2025-08-04,20250804140500000,sz.002842,9.0600,9.1000,9.0600,9.1000,228100,2070464.0000,3
2025-08-04,20250804141000000,sz.002842,9.1000,9.1000,9.0800,9.0900,124800,1134544.0000,3
2025-08-04,20250804141500000,sz.002842,9.0900,9.1100,9.0800,9.1100,190800,1735328.0000,3
2025-08-04,20250804142000000,sz.002842,9.1000,9.1200,9.0900,9.1000,215300,1960032.0000,3
2025-08-04,20250804142500000,sz.002842,9.1000,9.1100,9.0800,9.1000,172300,1567088.0000,3
2025-08-04,20250804143000000,sz.002842,9.1000,9.1100,9.0900,9.1000,179500,1633312.0000,3
2025-08-04,20250804143500000,sz.002842,9.1000,9.1100,9.0900,9.0900,226600,2061024.0000,3
2025-08-04,20250804144000000,sz.002842,9.0900,9.1100,9.0900,9.1000,89700,815968.0000,3
2025-08-04,20250804144500000,sz.002842,9.1100,9.1100,9.1000,9.1000,217600,1980560.0000,3
2025-08-04,20250804145000000,sz.002842,9.1000,9.1100,9.0900,9.0900,407900,3709920.0000,3
2025-08-04,20250804145500000,sz.002842,9.0900,9.0900,9.0600,9.0800,446100,4048528.0000,3
2025-08-04,20250804150000000,sz.002842,9.0900,9.1000,9.0800,9.0900,294500,2676208.0000,3
2025-08-05,20250805093500000,sz.002842,9.1600,9.1600,9.0500,9.0800,1938300,17623180.0000,3
2025-08-05,20250805094000000,sz.002842,9.0800,9.1400,9.0700,9.0800,901600,8199832.0000,3
2025-08-05,20250805094500000,sz.002842,9.0800,9.1500,9.0800,9.1500,609200,5547564.0000,3
2025-08-05,20250805095000000,sz.002842,9.1400,9.1400,9.1000,9.1100,360500,3286868.0000,3
2025-08-05,20250805095500000,sz.002842,9.1200,9.1200,9.0800,9.0800,360600,3279656.0000,3
2025-08-05,20250805100000000,sz.002842,9.0800,9.0900,9.0600,9.0700,643400,5839908.0000,3
2025-08-05,20250805100500000,sz.002842,9.0700,9.1000,9.0600,9.0900,416300,3780632.0000,3
2025-08-05,20250805101000000,sz.002842,9.0900,9.1100,9.0800,9.0900,483300,4394304.0000,3
2025-08-05,20250805101500000,sz.002842,9.1000,9.1000,9.0700,9.0900,327200,2972208.0000,3
2025-08-05,20250805102000000,sz.002842,9.0900,9.0900,9.0400,9.0600,516900,4684552.0000,3
2025-08-05,20250805102500000,sz.002842,9.0600,9.0700,9.0500,9.0600,192800,1746156.0000,3
2025-08-05,20250805103000000,sz.002842,9.0600,9.0700,9.0400,9.0500,189100,1712064.0000,3
2025-08-05,20250805103500000,sz.002842,9.0400,9.0600,9.0300,9.0600,288300,2605676.0000,3
2025-08-05,20250805104000000,sz.002842,9.0600,9.0600,9.0400,9.0400,256700,2323160.0000,3
2025-08-05,20250805104500000,sz.002842,9.0300,9.0400,9.0300,9.0300,162300,1466424.0000,3
2025-08-05,20250805105000000,sz.002842,9.0400,9.0400,9.0100,9.0200,198000,1786872.0000,3
2025-08-05,20250805105500000,sz.002842,9.0100,9.0300,9.0100,9.0200,180800,1630472.0000,3
2025-08-05,20250805110000000,sz.002842,9.0200,9.0500,9.0200,9.0500,110200,996144.0000,3
2025-08-05,20250805110500000,sz.002842,9.0600,9.0600,9.0400,9.0600,204100,1849016.0000,3
2025-08-05,20250805111000000,sz.002842,9.0500,9.0600,9.0300,9.0400,116000,1048408.0000,3
2025-08-05,20250805111500000,sz.002842,9.0400,9.0400,9.0100,9.0200,293700,2648560.0000,3
2025-08-05,20250805112000000,sz.002842,9.0200,9.0300,9.0200,9.0200,100500,906704.0000,3
2025-08-05,20250805112500000,sz.002842,9.0300,9.0400,9.0100,9.0300,296700,2676408.0000,3
2025-08-05,20250805113000000,sz.002842,9.0200,9.0200,9.0100,9.0200,102300,921400.0000,3
2025-08-05,20250805130500000,sz.002842,9.0100,9.0200,9.0000,9.0100,298600,2691376.0000,3
2025-08-05,20250805131000000,sz.002842,9.0000,9.0200,9.0000,9.0100,133300,1200936.0000,3
2025-08-05,20250805131500000,sz.002842,9.0100,9.0200,9.0100,9.0100,77600,699688.0000,3
2025-08-05,20250805132000000,sz.002842,9.0200,9.0300,9.0100,9.0200,201700,1819064.0000,3
2025-08-05,20250805132500000,sz.002842,9.0200,9.0300,9.0000,9.0000,213900,1927392.0000,3
2025-08-05,20250805133000000,sz.002842,9.0100,9.0200,9.0000,9.0100,197500,1779720.0000,3
2025-08-05,20250805133500000,sz.002842,9.0100,9.0200,8.9900,9.0000,336300,3026936.0000,3
2025-08-05,20250805134000000,sz.002842,9.0000,9.0100,8.9900,9.0100,119200,1072544.0000,3
2025-08-05,20250805134500000,sz.002842,9.0100,9.0200,9.0000,9.0100,154400,1391992.0000,3
2025-08-05,20250805135000000,sz.002842,9.0200,9.0200,9.0000,9.0000,183600,1654040.0000,3
2025-08-05,20250805135500000,sz.002842,9.0000,9.0000,8.9800,8.9800,578300,5199080.0000,3
2025-08-05,20250805140000000,sz.002842,8.9900,8.9900,8.9600,8.9800,483100,4337032.0000,3
2025-08-05,20250805140500000,sz.002842,8.9900,8.9900,8.9700,8.9800,175100,1571464.0000,3
2025-08-05,20250805141000000,sz.002842,8.9800,9.0200,8.9800,9.0000,223300,2008456.0000,3
2025-08-05,20250805141500000,sz.002842,9.0000,9.0100,8.9900,9.0000,80700,726376.0000,3
2025-08-05,20250805142000000,sz.002842,9.0000,9.0300,9.0000,9.0200,125100,1127560.0000,3
2025-08-05,20250805142500000,sz.002842,9.0300,9.0400,9.0200,9.0400,80500,726792.0000,3
2025-08-05,20250805143000000,sz.002842,9.0400,9.0400,9.0300,9.0400,146300,1322024.0000,3
2025-08-05,20250805143500000,sz.002842,9.0400,9.0400,9.0100,9.0200,207000,1866464.0000,3
2025-08-05,20250805144000000,sz.002842,9.0200,9.0200,9.0100,9.0100,89700,808456.0000,3
2025-08-05,20250805144500000,sz.002842,9.0100,9.0200,9.0000,9.0200,113200,1019816.0000,3
2025-08-05,20250805145000000,sz.002842,9.0200,9.0200,9.0000,9.0200,258100,2325528.0000,3
2025-08-05,20250805145500000,sz.002842,9.0200,9.0300,9.0100,9.0200,324900,2928880.0000,3
2025-08-05,20250805150000000,sz.002842,9.0300,9.0300,9.0200,9.0200,152600,1376840.0000,3
2025-08-06,20250806093500000,sz.002842,9.1200,9.1400,9.0500,9.0800,1815800,16544415.0000,3
2025-08-06,20250806094000000,sz.002842,9.0800,9.3100,9.0700,9.2500,2409300,22164113.0000,3
2025-08-06,20250806094500000,sz.002842,9.2300,9.3800,9.2300,9.3100,2670200,24858396.0000,3
2025-08-06,20250806095000000,sz.002842,9.3100,9.3100,9.1800,9.1900,1000400,9235260.0000,3
2025-08-06,20250806095500000,sz.002842,9.1800,9.2100,9.1700,9.1800,640200,5883088.0000,3
2025-08-06,20250806100000000,sz.002842,9.1800,9.1900,9.1700,9.1800,399300,3664512.0000,3
2025-08-06,20250806100500000,sz.002842,9.1800,9.2700,9.1800,9.2700,587700,5425032.0000,3
2025-08-06,20250806101000000,sz.002842,9.2700,9.2900,9.2400,9.2600,715800,6630160.0000,3
2025-08-06,20250806101500000,sz.002842,9.2700,9.2700,9.2400,9.2500,384000,3553792.0000,3
2025-08-06,20250806102000000,sz.002842,9.2500,9.2700,9.2400,9.2600,289900,2683208.0000,3
2025-08-06,20250806102500000,sz.002842,9.2500,9.2600,9.2000,9.2000,333700,3079432.0000,3
2025-08-06,20250806103000000,sz.002842,9.2000,9.2000,9.1800,9.1800,193700,1779568.0000,3
2025-08-06,20250806103500000,sz.002842,9.1800,9.2000,9.1700,9.2000,203300,1866320.0000,3
2025-08-06,20250806104000000,sz.002842,9.2000,9.2100,9.1900,9.2000,170200,1565088.0000,3
2025-08-06,20250806104500000,sz.002842,9.2000,9.2200,9.1900,9.2100,95700,881384.0000,3
2025-08-06,20250806105000000,sz.002842,9.2100,9.2800,9.2000,9.2300,368000,3407504.0000,3
2025-08-06,20250806105500000,sz.002842,9.2300,9.2500,9.2200,9.2400,170900,1578760.0000,3
2025-08-06,20250806110000000,sz.002842,9.2400,9.2600,9.2400,9.2500,99500,920240.0000,3
2025-08-06,20250806110500000,sz.002842,9.2500,9.2500,9.2100,9.2100,200600,1851936.0000,3
2025-08-06,20250806111000000,sz.002842,9.2100,9.2300,9.2100,9.2100,178900,1649408.0000,3
2025-08-06,20250806111500000,sz.002842,9.2100,9.2200,9.2000,9.2100,110200,1015176.0000,3
2025-08-06,20250806112000000,sz.002842,9.2200,9.2200,9.2000,9.2000,255900,2355688.0000,3
2025-08-06,20250806112500000,sz.002842,9.2100,9.2200,9.2000,9.2200,77600,714824.0000,3
2025-08-06,20250806113000000,sz.002842,9.2200,9.2200,9.2000,9.2000,199000,1832256.0000,3
2025-08-06,20250806130500000,sz.002842,9.2100,9.2100,9.1600,9.1600,478700,4392480.0000,3
2025-08-06,20250806131000000,sz.002842,9.1700,9.1700,9.1500,9.1700,125400,1149048.0000,3
2025-08-06,20250806131500000,sz.002842,9.1700,9.1700,9.1600,9.1600,73300,671768.0000,3
2025-08-06,20250806132000000,sz.002842,9.1600,9.1700,9.1500,9.1500,224300,2053840.0000,3
2025-08-06,20250806132500000,sz.002842,9.1500,9.1600,9.1500,9.1600,58000,530984.0000,3
2025-08-06,20250806133000000,sz.002842,9.1600,9.1600,9.1400,9.1400,271100,2479376.0000,3
2025-08-06,20250806133500000,sz.002842,9.1500,9.1500,9.1300,9.1400,269900,2465728.0000,3
2025-08-06,20250806134000000,sz.002842,9.1500,9.1500,9.1400,9.1400,90800,830688.0000,3
2025-08-06,20250806134500000,sz.002842,9.1400,9.1800,9.1400,9.1700,154100,1411104.0000,3
2025-08-06,20250806135000000,sz.002842,9.1700,9.1800,9.1600,9.1800,63500,582288.0000,3
2025-08-06,20250806135500000,sz.002842,9.1700,9.1800,9.1700,9.1800,56900,522016.0000,3
2025-08-06,20250806140000000,sz.002842,9.1700,9.1900,9.1700,9.1900,159000,1459504.0000,3
2025-08-06,20250806140500000,sz.002842,9.1800,9.2000,9.1700,9.2000,119800,1100160.0000,3
2025-08-06,20250806141000000,sz.002842,9.1900,9.2100,9.1900,9.2000,101800,936448.0000,3
2025-08-06,20250806141500000,sz.002842,9.2000,9.2000,9.1800,9.1900,115000,1056624.0000,3
2025-08-06,20250806142000000,sz.002842,9.1900,9.1900,9.1800,9.1800,84400,775216.0000,3
2025-08-06,20250806142500000,sz.002842,9.1800,9.2000,9.1800,9.2000,104900,963664.0000,3
2025-08-06,20250806143000000,sz.002842,9.2000,9.2000,9.1800,9.1800,264400,2430320.0000,3
2025-08-06,20250806143500000,sz.002842,9.1900,9.1900,9.1700,9.1800,153300,1406944.0000,3
2025-08-06,20250806144000000,sz.002842,9.1700,9.1800,9.1700,9.1800,164600,1510720.0000,3
2025-08-06,20250806144500000,sz.002842,9.1800,9.1900,9.1700,9.1800,235000,2158592.0000,3
2025-08-06,20250806145000000,sz.002842,9.1800,9.1900,9.1800,9.1900,319800,2937808.0000,3
2025-08-06,20250806145500000,sz.002842,9.1800,9.1800,9.1600,9.1700,659400,6048784.0000,3
2025-08-06,20250806150000000,sz.002842,9.1700,9.1800,9.1600,9.1800,375500,3445808.0000,3
2025-08-07,20250807093500000,sz.002842,9.2700,9.2700,9.1300,9.1500,1037700,9533239.0000,3
2025-08-07,20250807094000000,sz.002842,9.1500,9.1900,9.1300,9.1400,379200,3473899.0000,3
2025-08-07,20250807094500000,sz.002842,9.1400,9.1500,9.1100,9.1100,459400,4191314.0000,3
2025-08-07,20250807095000000,sz.002842,9.1100,9.1300,9.1000,9.1200,502300,4576656.0000,3
2025-08-07,20250807095500000,sz.002842,9.1200,9.1200,9.0900,9.1000,361800,3294644.0000,3
2025-08-07,20250807100000000,sz.002842,9.1000,9.1000,9.0800,9.0900,332700,3024032.0000,3
2025-08-07,20250807100500000,sz.002842,9.0900,9.0900,9.0500,9.0600,556200,5043140.0000,3
2025-08-07,20250807101000000,sz.002842,9.0500,9.0700,9.0400,9.0700,446000,4040816.0000,3
2025-08-07,20250807101500000,sz.002842,9.0600,9.0600,9.0400,9.0500,344500,3118044.0000,3
2025-08-07,20250807102000000,sz.002842,9.0500,9.0500,8.9900,9.0200,1017700,9168992.0000,3
2025-08-07,20250807102500000,sz.002842,9.0100,9.0100,8.9900,8.9900,487500,4387300.0000,3
2025-08-07,20250807103000000,sz.002842,8.9900,9.0000,8.9800,8.9800,349500,3140848.0000,3
2025-08-07,20250807103500000,sz.002842,8.9700,8.9900,8.9600,8.9800,497700,4464612.0000,3
2025-08-07,20250807104000000,sz.002842,8.9800,9.0000,8.9800,8.9900,310400,2790456.0000,3
2025-08-07,20250807104500000,sz.002842,8.9700,9.0000,8.9700,8.9900,270700,2430900.0000,3
2025-08-07,20250807105000000,sz.002842,9.0000,9.0200,8.9900,9.0200,129200,1163444.0000,3
2025-08-07,20250807105500000,sz.002842,9.0200,9.0300,8.9800,8.9900,190700,1717288.0000,3
2025-08-07,20250807110000000,sz.002842,8.9900,9.0000,8.9800,8.9800,362200,3256416.0000,3
2025-08-07,20250807110500000,sz.002842,8.9900,8.9900,8.9600,8.9600,605500,5437712.0000,3
2025-08-07,20250807111000000,sz.002842,8.9600,8.9800,8.9600,8.9800,224300,2011424.0000,3
2025-08-07,20250807111500000,sz.002842,8.9800,9.0100,8.9700,9.0100,98900,889568.0000,3
2025-08-07,20250807112000000,sz.002842,9.0000,9.0500,8.9900,9.0500,195700,1765160.0000,3
2025-08-07,20250807112500000,sz.002842,9.0500,9.0600,9.0200,9.0500,122300,1105856.0000,3
2025-08-07,20250807113000000,sz.002842,9.0400,9.0600,9.0200,9.0600,222600,2013696.0000,3
2025-08-07,20250807130500000,sz.002842,9.0500,9.0700,9.0200,9.0400,169600,1534912.0000,3
2025-08-07,20250807131000000,sz.002842,9.0400,9.0600,9.0300,9.0500,118900,1075616.0000,3
2025-08-07,20250807131500000,sz.002842,9.0500,9.0900,9.0400,9.0900,293900,2665528.0000,3
2025-08-07,20250807132000000,sz.002842,9.0900,9.1300,9.0700,9.0900,263200,2395504.0000,3
2025-08-07,20250807132500000,sz.002842,9.1000,9.1200,9.0800,9.1100,155300,1413520.0000,3
2025-08-07,20250807133000000,sz.002842,9.1100,9.1100,9.0800,9.0900,178100,1619496.0000,3
2025-08-07,20250807133500000,sz.002842,9.0900,9.1300,9.0900,9.1000,207400,1888728.0000,3
2025-08-07,20250807134000000,sz.002842,9.1100,9.1300,9.1000,9.1100,169800,1547256.0000,3
2025-08-07,20250807134500000,sz.002842,9.1100,9.1300,9.1000,9.1300,167400,1525424.0000,3
2025-08-07,20250807135000000,sz.002842,9.1300,9.1700,9.1200,9.1700,324800,2971288.0000,3
2025-08-07,20250807135500000,sz.002842,9.1700,9.1900,9.1500,9.1800,576500,5289064.0000,3
2025-08-07,20250807140000000,sz.002842,9.1800,9.2100,9.1700,9.1900,767000,7052744.0000,3
2025-08-07,20250807140500000,sz.002842,9.1900,9.1900,9.1600,9.1900,279400,2565208.0000,3
2025-08-07,20250807141000000,sz.002842,9.1900,9.1900,9.1400,9.1400,185100,1696200.0000,3
2025-08-07,20250807141500000,sz.002842,9.1400,9.1600,9.1400,9.1500,157600,1441584.0000,3
2025-08-07,20250807142000000,sz.002842,9.1500,9.1500,9.1200,9.1400,112100,1024152.0000,3
2025-08-07,20250807142500000,sz.002842,9.1400,9.1700,9.1400,9.1500,85600,783104.0000,3
2025-08-07,20250807143000000,sz.002842,9.1600,9.1600,9.1400,9.1500,179700,1643880.0000,3
2025-08-07,20250807143500000,sz.002842,9.1600,9.2000,9.1600,9.1900,266600,2448112.0000,3
2025-08-07,20250807144000000,sz.002842,9.1900,9.1900,9.1700,9.1700,118200,1085312.0000,3
2025-08-07,20250807144500000,sz.002842,9.1800,9.1900,9.1700,9.1700,197600,1813800.0000,3
2025-08-07,20250807145000000,sz.002842,9.1700,9.2000,9.1700,9.1900,416300,3822976.0000,3
2025-08-07,20250807145500000,sz.002842,9.1900,9.1900,9.1600,9.1600,353600,3243776.0000,3
2025-08-07,20250807150000000,sz.002842,9.1700,9.1800,9.1500,9.1800,429000,3932752.0000,3
2025-08-08,20250808093500000,sz.002842,9.1400,9.2000,9.1100,9.1400,1224800,11223055.0000,3
2025-08-08,20250808094000000,sz.002842,9.1400,9.1500,9.1300,9.1500,418300,3822395.0000,3
2025-08-08,20250808094500000,sz.002842,9.1400,9.1500,9.1000,9.1200,359300,3278722.0000,3
2025-08-08,20250808095000000,sz.002842,9.1200,9.1200,9.0800,9.1100,512500,4663732.0000,3
2025-08-08,20250808095500000,sz.002842,9.1100,9.1200,9.1000,9.1100,376500,3427832.0000,3
2025-08-08,20250808100000000,sz.002842,9.1100,9.1200,9.1000,9.1200,227900,2075378.0000,3
2025-08-08,20250808100500000,sz.002842,9.1200,9.1400,9.1000,9.1300,275400,2508430.0000,3
2025-08-08,20250808101000000,sz.002842,9.1300,9.1900,9.1200,9.1800,589100,5395776.0000,3
2025-08-08,20250808101500000,sz.002842,9.1800,9.2100,9.1700,9.2000,773700,7113444.0000,3
2025-08-08,20250808102000000,sz.002842,9.2000,9.2700,9.1900,9.1900,747600,6902116.0000,3
2025-08-08,20250808102500000,sz.002842,9.1900,9.1900,9.1700,9.1700,105900,972336.0000,3
2025-08-08,20250808103000000,sz.002842,9.1800,9.2000,9.1800,9.2000,152700,1403568.0000,3
2025-08-08,20250808103500000,sz.002842,9.2000,9.2600,9.2000,9.2500,610000,5634024.0000,3
2025-08-08,20250808104000000,sz.002842,9.2600,9.2800,9.2500,9.2600,619200,5737088.0000,3
2025-08-08,20250808104500000,sz.002842,9.2600,9.2700,9.2500,9.2600,190500,1764176.0000,3
2025-08-08,20250808105000000,sz.002842,9.2600,9.2800,9.2500,9.2700,658400,6099384.0000,3
2025-08-08,20250808105500000,sz.002842,9.2700,9.2900,9.2600,9.2900,289300,2683512.0000,3
2025-08-08,20250808110000000,sz.002842,9.2900,9.3000,9.2800,9.2900,448200,4164504.0000,3
2025-08-08,20250808110500000,sz.002842,9.2800,9.2900,9.2600,9.2600,475000,4405888.0000,3
2025-08-08,20250808111000000,sz.002842,9.2700,9.2700,9.2500,9.2500,219100,2029288.0000,3
2025-08-08,20250808111500000,sz.002842,9.2600,9.2700,9.2500,9.2500,126800,1173776.0000,3
2025-08-08,20250808112000000,sz.002842,9.2500,9.2600,9.2400,9.2500,80400,743656.0000,3
2025-08-08,20250808112500000,sz.002842,9.2600,9.2600,9.2500,9.2500,55300,511888.0000,3
2025-08-08,20250808113000000,sz.002842,9.2600,9.2600,9.2400,9.2500,155200,1435752.0000,3
2025-08-08,20250808130500000,sz.002842,9.2500,9.2600,9.2400,9.2400,247100,2286264.0000,3
2025-08-08,20250808131000000,sz.002842,9.2500,9.2500,9.2300,9.2400,81700,754848.0000,3
2025-08-08,20250808131500000,sz.002842,9.2400,9.2500,9.2300,9.2400,349600,3231080.0000,3
2025-08-08,20250808132000000,sz.002842,9.2400,9.2400,9.2100,9.2100,185500,1712136.0000,3
2025-08-08,20250808132500000,sz.002842,9.2200,9.2200,9.2000,9.2100,130500,1201968.0000,3
2025-08-08,20250808133000000,sz.002842,9.2100,9.2200,9.1900,9.2000,205700,1892336.0000,3
2025-08-08,20250808133500000,sz.002842,9.1900,9.2300,9.1900,9.2300,192800,1775288.0000,3
2025-08-08,20250808134000000,sz.002842,9.2300,9.2400,9.2200,9.2300,230200,2124576.0000,3
2025-08-08,20250808134500000,sz.002842,9.2300,9.2400,9.2200,9.2200,250100,2308840.0000,3
2025-08-08,20250808135000000,sz.002842,9.2200,9.2300,9.2100,9.2100,205800,1897512.0000,3
2025-08-08,20250808135500000,sz.002842,9.2100,9.2200,9.2000,9.2000,276700,2546952.0000,3
2025-08-08,20250808140000000,sz.002842,9.2100,9.2200,9.2000,9.2100,229300,2111888.0000,3
2025-08-08,20250808140500000,sz.002842,9.2100,9.2300,9.2100,9.2300,303600,2800528.0000,3
2025-08-08,20250808141000000,sz.002842,9.2300,9.2500,9.2300,9.2500,179100,1654648.0000,3
2025-08-08,20250808141500000,sz.002842,9.2500,9.2600,9.2300,9.2600,307700,2845744.0000,3
2025-08-08,20250808142000000,sz.002842,9.2500,9.2600,9.2400,9.2400,212700,1967584.0000,3
2025-08-08,20250808142500000,sz.002842,9.2400,9.2600,9.2400,9.2500,104100,962816.0000,3
2025-08-08,20250808143000000,sz.002842,9.2500,9.2500,9.2400,9.2400,90300,835232.0000,3
2025-08-08,20250808143500000,sz.002842,9.2400,9.2500,9.2300,9.2400,178600,1650200.0000,3
2025-08-08,20250808144000000,sz.002842,9.2400,9.2400,9.2200,9.2300,177100,1634312.0000,3
2025-08-08,20250808144500000,sz.002842,9.2300,9.2300,9.2100,9.2200,399000,3677592.0000,3
2025-08-08,20250808145000000,sz.002842,9.2300,9.2300,9.2100,9.2200,353300,3257328.0000,3
2025-08-08,20250808145500000,sz.002842,9.2200,9.2300,9.2100,9.2200,390000,3596192.0000,3
2025-08-08,20250808150000000,sz.002842,9.2300,9.2300,9.2100,9.2200,250800,2311872.0000,3
2025-08-11,20250811093500000,sz.002842,9.2900,9.3300,9.1300,9.1300,1311900,12109428.0000,3
2025-08-11,20250811094000000,sz.002842,9.1300,9.2100,9.1300,9.2000,657100,6019760.0000,3
2025-08-11,20250811094500000,sz.002842,9.1900,9.2000,9.1600,9.2000,351400,3227188.0000,3
2025-08-11,20250811095000000,sz.002842,9.1900,9.2000,9.1600,9.1700,305400,2803200.0000,3
2025-08-11,20250811095500000,sz.002842,9.1600,9.2000,9.1600,9.1700,287800,2642278.0000,3
2025-08-11,20250811100000000,sz.002842,9.1700,9.1800,9.1700,9.1800,216300,1984106.0000,3
2025-08-11,20250811100500000,sz.002842,9.1800,9.2200,9.1700,9.2200,446400,4106760.0000,3
2025-08-11,20250811101000000,sz.002842,9.2100,9.2300,9.2000,9.2100,255900,2357856.0000,3
2025-08-11,20250811101500000,sz.002842,9.2100,9.2200,9.2000,9.2100,242400,2232204.0000,3
2025-08-11,20250811102000000,sz.002842,9.2200,9.2300,9.2000,9.2200,137700,1268824.0000,3
2025-08-11,20250811102500000,sz.002842,9.2200,9.2300,9.2100,9.2300,118800,1095060.0000,3
2025-08-11,20250811103000000,sz.002842,9.2300,9.2600,9.2300,9.2400,282900,2614008.0000,3
2025-08-11,20250811103500000,sz.002842,9.2500,9.2700,9.2400,9.2700,120800,1117696.0000,3
2025-08-11,20250811104000000,sz.002842,9.2700,9.3000,9.2700,9.3000,428100,3974496.0000,3
2025-08-11,20250811104500000,sz.002842,9.3000,9.3200,9.2900,9.3200,439000,4083528.0000,3
2025-08-11,20250811105000000,sz.002842,9.3200,9.3500,9.3200,9.3200,430100,4014744.0000,3
2025-08-11,20250811105500000,sz.002842,9.3200,9.3500,9.3200,9.3400,189600,1770432.0000,3
2025-08-11,20250811110000000,sz.002842,9.3400,9.3400,9.3200,9.3400,153900,1435576.0000,3
2025-08-11,20250811110500000,sz.002842,9.3400,9.3700,9.3300,9.3700,470400,4401656.0000,3
2025-08-11,20250811111000000,sz.002842,9.3600,9.3700,9.3500,9.3500,296800,2777464.0000,3
2025-08-11,20250811111500000,sz.002842,9.3500,9.4000,9.3500,9.3900,534200,5010672.0000,3
2025-08-11,20250811112000000,sz.002842,9.3900,9.4200,9.3900,9.4100,325600,3062984.0000,3
2025-08-11,20250811112500000,sz.002842,9.4100,9.4100,9.3900,9.4000,215000,2020640.0000,3
2025-08-11,20250811113000000,sz.002842,9.3900,9.4000,9.3800,9.3900,90700,851752.0000,3
2025-08-11,20250811130500000,sz.002842,9.4000,9.4000,9.3700,9.3900,335700,3151768.0000,3
2025-08-11,20250811131000000,sz.002842,9.3900,9.4400,9.3800,9.4200,667500,6283936.0000,3
2025-08-11,20250811131500000,sz.002842,9.4200,9.4300,9.4100,9.4100,194600,1832664.0000,3
2025-08-11,20250811132000000,sz.002842,9.4100,9.4100,9.3800,9.3800,170700,1603632.0000,3
2025-08-11,20250811132500000,sz.002842,9.3800,9.4000,9.3800,9.3900,153500,1440848.0000,3
2025-08-11,20250811133000000,sz.002842,9.3900,9.4000,9.3800,9.3900,186900,1754960.0000,3
2025-08-11,20250811133500000,sz.002842,9.3900,9.4000,9.3900,9.4000,118700,1115968.0000,3
2025-08-11,20250811134000000,sz.002842,9.4000,9.4300,9.3900,9.4300,427200,4019568.0000,3
2025-08-11,20250811134500000,sz.002842,9.4300,9.4300,9.4100,9.4200,166500,1568616.0000,3
2025-08-11,20250811135000000,sz.002842,9.4200,9.4200,9.4000,9.4100,127000,1195528.0000,3
2025-08-11,20250811135500000,sz.002842,9.4000,9.4100,9.4000,9.4000,58800,553168.0000,3
2025-08-11,20250811140000000,sz.002842,9.4000,9.4100,9.4000,9.4100,132100,1242088.0000,3
2025-08-11,20250811140500000,sz.002842,9.4100,9.4100,9.3900,9.4000,116100,1091752.0000,3
2025-08-11,20250811141000000,sz.002842,9.4000,9.4000,9.3500,9.3600,325300,3048672.0000,3
2025-08-11,20250811141500000,sz.002842,9.3600,9.3700,9.3500,9.3700,195400,1828392.0000,3
2025-08-11,20250811142000000,sz.002842,9.3600,9.3700,9.3500,9.3600,213100,1994560.0000,3
2025-08-11,20250811142500000,sz.002842,9.3600,9.3900,9.3600,9.3900,306500,2871248.0000,3
2025-08-11,20250811143000000,sz.002842,9.3800,9.3900,9.3700,9.3700,98000,919168.0000,3
2025-08-11,20250811143500000,sz.002842,9.3800,9.3900,9.3700,9.3800,80900,759040.0000,3
2025-08-11,20250811144000000,sz.002842,9.3900,9.4000,9.3800,9.3900,218000,2047224.0000,3
2025-08-11,20250811144500000,sz.002842,9.4000,9.4100,9.3900,9.3900,407000,3825624.0000,3
2025-08-11,20250811145000000,sz.002842,9.4000,9.4000,9.3800,9.3800,188800,1772976.0000,3
2025-08-11,20250811145500000,sz.002842,9.3900,9.4000,9.3800,9.3900,323600,3038928.0000,3
2025-08-11,20250811150000000,sz.002842,9.4000,9.4000,9.3900,9.4000,284200,2670912.0000,3
2025-08-12,20250812093500000,sz.002842,9.5700,9.8400,9.5100,9.5300,4458100,43064640.0000,3
2025-08-12,20250812094000000,sz.002842,9.5300,9.5400,9.4600,9.4600,1118600,10644548.0000,3
2025-08-12,20250812094500000,sz.002842,9.4600,9.4700,9.4000,9.4000,840500,7930916.0000,3
2025-08-12,20250812095000000,sz.002842,9.4000,9.4200,9.3700,9.4100,851300,7997248.0000,3
2025-08-12,20250812095500000,sz.002842,9.4100,9.5100,9.3900,9.4800,715500,6752928.0000,3
2025-08-12,20250812100000000,sz.002842,9.4900,9.4900,9.4200,9.4200,288500,2724048.0000,3
2025-08-12,20250812100500000,sz.002842,9.4200,9.4400,9.4100,9.4200,298600,2814144.0000,3
2025-08-12,20250812101000000,sz.002842,9.4200,9.4500,9.4000,9.4500,422600,3979912.0000,3
2025-08-12,20250812101500000,sz.002842,9.4500,9.4500,9.4100,9.4400,181100,1707920.0000,3
2025-08-12,20250812102000000,sz.002842,9.4300,9.4400,9.4100,9.4100,244200,2301112.0000,3
2025-08-12,20250812102500000,sz.002842,9.4200,9.4200,9.3700,9.3700,473100,4444800.0000,3
2025-08-12,20250812103000000,sz.002842,9.3700,9.3700,9.3400,9.3500,502900,4704960.0000,3
2025-08-12,20250812103500000,sz.002842,9.3400,9.3600,9.3300,9.3500,592800,5540656.0000,3
2025-08-12,20250812104000000,sz.002842,9.3500,9.3500,9.3200,9.3200,349700,3266656.0000,3
2025-08-12,20250812104500000,sz.002842,9.3200,9.3400,9.3200,9.3300,253500,2364736.0000,3
2025-08-12,20250812105000000,sz.002842,9.3300,9.3300,9.3200,9.3200,261100,2434840.0000,3
2025-08-12,20250812105500000,sz.002842,9.3200,9.3300,9.3100,9.3200,165400,1541240.0000,3
2025-08-12,20250812110000000,sz.002842,9.3200,9.3200,9.2800,9.2800,372000,3457864.0000,3
2025-08-12,20250812110500000,sz.002842,9.2900,9.3200,9.2800,9.2900,258900,2406592.0000,3
2025-08-12,20250812111000000,sz.002842,9.2900,9.3000,9.2800,9.2900,117000,1086912.0000,3
2025-08-12,20250812111500000,sz.002842,9.2800,9.2900,9.2700,9.2800,137500,1276032.0000,3
2025-08-12,20250812112000000,sz.002842,9.2800,9.3000,9.2700,9.2800,171200,1588688.0000,3
2025-08-12,20250812112500000,sz.002842,9.2700,9.3100,9.2700,9.3100,326300,3032576.0000,3
2025-08-12,20250812113000000,sz.002842,9.3000,9.3100,9.3000,9.3100,134400,1250600.0000,3
2025-08-12,20250812130500000,sz.002842,9.3500,9.4000,9.3400,9.3600,401200,3758072.0000,3
2025-08-12,20250812131000000,sz.002842,9.3500,9.3900,9.3400,9.3800,180200,1686424.0000,3
2025-08-12,20250812131500000,sz.002842,9.3800,9.4000,9.3600,9.3600,153500,1440104.0000,3
2025-08-12,20250812132000000,sz.002842,9.3700,9.3800,9.3500,9.3600,172500,1616400.0000,3
2025-08-12,20250812132500000,sz.002842,9.3600,9.3700,9.3500,9.3500,189100,1770144.0000,3
2025-08-12,20250812133000000,sz.002842,9.3500,9.3500,9.3300,9.3300,123600,1154448.0000,3
2025-08-12,20250812133500000,sz.002842,9.3300,9.3500,9.3300,9.3300,136200,1271104.0000,3
2025-08-12,20250812134000000,sz.002842,9.3200,9.3300,9.3200,9.3200,161200,1502864.0000,3
2025-08-12,20250812134500000,sz.002842,9.3200,9.3400,9.3100,9.3300,90200,841232.0000,3
2025-08-12,20250812135000000,sz.002842,9.3300,9.3300,9.3200,9.3200,126300,1177664.0000,3
2025-08-12,20250812135500000,sz.002842,9.3200,9.3200,9.3000,9.3100,235900,2196160.0000,3
2025-08-12,20250812140000000,sz.002842,9.3100,9.3200,9.3100,9.3100,39900,371456.0000,3
2025-08-12,20250812140500000,sz.002842,9.3100,9.3300,9.3100,9.3300,128900,1201648.0000,3
2025-08-12,20250812141000000,sz.002842,9.3400,9.3400,9.3200,9.3400,57100,532720.0000,3
2025-08-12,20250812141500000,sz.002842,9.3400,9.3400,9.3200,9.3200,270100,2520368.0000,3
2025-08-12,20250812142000000,sz.002842,9.3300,9.3400,9.3200,9.3400,129700,1210752.0000,3
2025-08-12,20250812142500000,sz.002842,9.3400,9.3500,9.3400,9.3400,106200,992528.0000,3
2025-08-12,20250812143000000,sz.002842,9.3500,9.3500,9.3400,9.3400,64500,602912.0000,3
2025-08-12,20250812143500000,sz.002842,9.3400,9.3600,9.3400,9.3600,449200,4197776.0000,3
2025-08-12,20250812144000000,sz.002842,9.3700,9.3800,9.3600,9.3600,160800,1506960.0000,3
2025-08-12,20250812144500000,sz.002842,9.3500,9.3700,9.3500,9.3600,246600,2307792.0000,3
2025-08-12,20250812145000000,sz.002842,9.3600,9.3900,9.3500,9.3800,350100,3280576.0000,3
2025-08-12,20250812145500000,sz.002842,9.3700,9.3800,9.3700,9.3800,236300,2216432.0000,3
2025-08-12,20250812150000000,sz.002842,9.3800,9.3900,9.3700,9.3800,310500,2912688.0000,3
2025-08-13,20250813093500000,sz.002842,9.4900,9.7800,9.4900,9.6700,4900600,47159012.0000,3
2025-08-13,20250813094000000,sz.002842,9.6700,9.6800,9.6000,9.6100,1383300,13336732.0000,3
2025-08-13,20250813094500000,sz.002842,9.6100,9.6300,9.5400,9.5600,1025600,9828360.0000,3
2025-08-13,20250813095000000,sz.002842,9.5600,9.5600,9.4800,9.5200,557700,5314296.0000,3
2025-08-13,20250813095500000,sz.002842,9.5200,9.5500,9.5200,9.5400,554200,5279688.0000,3
2025-08-13,20250813100000000,sz.002842,9.5400,9.5500,9.5000,9.5300,471900,4494528.0000,3
2025-08-13,20250813100500000,sz.002842,9.5400,9.5400,9.5200,9.5300,420200,4004904.0000,3
2025-08-13,20250813101000000,sz.002842,9.5400,9.5600,9.5300,9.5500,418500,3996112.0000,3
2025-08-13,20250813101500000,sz.002842,9.5500,9.5500,9.4900,9.5100,563100,5361664.0000,3
2025-08-13,20250813102000000,sz.002842,9.5100,9.5200,9.4900,9.5100,255200,2425760.0000,3
2025-08-13,20250813102500000,sz.002842,9.5100,9.5500,9.5100,9.5400,283500,2699960.0000,3
2025-08-13,20250813103000000,sz.002842,9.5500,9.5500,9.5300,9.5300,245000,2337112.0000,3
2025-08-13,20250813103500000,sz.002842,9.5300,9.5400,9.5000,9.5100,161700,1538192.0000,3
2025-08-13,20250813104000000,sz.002842,9.5200,9.5300,9.5100,9.5200,158300,1507088.0000,3
2025-08-13,20250813104500000,sz.002842,9.5200,9.5400,9.5100,9.5200,268400,2556544.0000,3
2025-08-13,20250813105000000,sz.002842,9.5200,9.5300,9.5100,9.5200,168600,1605024.0000,3
2025-08-13,20250813105500000,sz.002842,9.5200,9.5200,9.4800,9.5000,291100,2765280.0000,3
2025-08-13,20250813110000000,sz.002842,9.5000,9.5200,9.4900,9.5100,242500,2303824.0000,3
2025-08-13,20250813110500000,sz.002842,9.5100,9.5900,9.5000,9.5700,582000,5559032.0000,3
2025-08-13,20250813111000000,sz.002842,9.5800,9.7700,9.5700,9.7200,2373400,23045800.0000,3
2025-08-13,20250813111500000,sz.002842,9.7000,9.7500,9.6900,9.7500,1081200,10517536.0000,3
2025-08-13,20250813112000000,sz.002842,9.7500,9.7700,9.6900,9.7300,924900,9003360.0000,3
2025-08-13,20250813112500000,sz.002842,9.7300,9.7400,9.7100,9.7200,502500,4889856.0000,3
2025-08-13,20250813113000000,sz.002842,9.7300,9.7300,9.6900,9.7000,281900,2736464.0000,3
2025-08-13,20250813130500000,sz.002842,9.6900,9.7100,9.6300,9.6400,602800,5835744.0000,3
2025-08-13,20250813131000000,sz.002842,9.6300,9.6900,9.6300,9.6700,340100,3283200.0000,3
2025-08-13,20250813131500000,sz.002842,9.6700,9.7000,9.6700,9.6800,248700,2408464.0000,3
2025-08-13,20250813132000000,sz.002842,9.6800,9.6900,9.6500,9.6500,291900,2823648.0000,3
2025-08-13,20250813132500000,sz.002842,9.6600,9.6700,9.6400,9.6500,676900,6535296.0000,3
2025-08-13,20250813133000000,sz.002842,9.6400,9.6600,9.6100,9.6200,307600,2964272.0000,3
2025-08-13,20250813133500000,sz.002842,9.6200,9.6600,9.6200,9.6300,580100,5590912.0000,3
2025-08-13,20250813134000000,sz.002842,9.6400,9.6500,9.6300,9.6500,281800,2718016.0000,3
2025-08-13,20250813134500000,sz.002842,9.6400,9.6700,9.6400,9.6600,451100,4355856.0000,3
2025-08-13,20250813135000000,sz.002842,9.6700,9.6800,9.6500,9.6800,408400,3945152.0000,3
2025-08-13,20250813135500000,sz.002842,9.6800,9.7000,9.6800,9.7000,412600,3997904.0000,3
2025-08-13,20250813140000000,sz.002842,9.7000,9.7000,9.6800,9.6900,228200,2210912.0000,3
2025-08-13,20250813140500000,sz.002842,9.6900,9.9800,9.6800,9.9300,4787400,47240096.0000,3
2025-08-13,20250813141000000,sz.002842,9.9300,9.9600,9.8400,9.8500,1308100,12965744.0000,3
2025-08-13,20250813141500000,sz.002842,9.8600,9.8600,9.8200,9.8600,854900,8417728.0000,3
2025-08-13,20250813142000000,sz.002842,9.8600,9.8600,9.8100,9.8200,304400,2991360.0000,3
2025-08-13,20250813142500000,sz.002842,9.8200,9.8200,9.7700,9.7900,439600,4305280.0000,3
2025-08-13,20250813143000000,sz.002842,9.8000,9.8200,9.7700,9.8100,831200,8142592.0000,3
2025-08-13,20250813143500000,sz.002842,9.8100,9.8200,9.7700,9.7800,357300,3499072.0000,3
2025-08-13,20250813144000000,sz.002842,9.7900,9.8000,9.7700,9.7900,332300,3252256.0000,3
2025-08-13,20250813144500000,sz.002842,9.8000,9.8000,9.7800,9.7900,396900,3885088.0000,3
2025-08-13,20250813145000000,sz.002842,9.8000,9.8000,9.7700,9.7700,571500,5590048.0000,3
2025-08-13,20250813145500000,sz.002842,9.7700,9.7900,9.7600,9.7900,652200,6377248.0000,3
2025-08-13,20250813150000000,sz.002842,9.7900,9.8000,9.7700,9.8000,805700,7890208.0000,3
2025-08-14,20250814093500000,sz.002842,9.8200,9.8900,9.6900,9.8500,3375300,33112818.0000,3
2025-08-14,20250814094000000,sz.002842,9.8500,9.8500,9.7500,9.8500,1352800,13259098.0000,3
2025-08-14,20250814094500000,sz.002842,9.8500,9.9700,9.8200,9.9300,1991800,19719764.0000,3
2025-08-14,20250814095000000,sz.002842,9.9200,9.9300,9.8500,9.8700,1091800,10798520.0000,3
2025-08-14,20250814095500000,sz.002842,9.8900,9.9000,9.7800,9.8000,1126900,11090720.0000,3
2025-08-14,20250814100000000,sz.002842,9.8000,9.8000,9.7500,9.7900,691700,6764320.0000,3
2025-08-14,20250814100500000,sz.002842,9.7900,9.7900,9.7100,9.7300,1366900,13295456.0000,3
2025-08-14,20250814101000000,sz.002842,9.7300,9.7700,9.7300,9.7600,387800,3783288.0000,3
2025-08-14,20250814101500000,sz.002842,9.7700,9.7800,9.6900,9.7000,1048500,10183888.0000,3
2025-08-14,20250814102000000,sz.002842,9.7000,9.7200,9.7000,9.7200,386100,3747920.0000,3
2025-08-14,20250814102500000,sz.002842,9.7200,9.7400,9.7100,9.7200,408100,3966664.0000,3
2025-08-14,20250814103000000,sz.002842,9.7200,9.7300,9.7200,9.7300,108500,1055032.0000,3
2025-08-14,20250814103500000,sz.002842,9.7300,9.7600,9.7200,9.7400,447300,4355088.0000,3
2025-08-14,20250814104000000,sz.002842,9.7400,9.7500,9.7100,9.7300,294100,2861696.0000,3
2025-08-14,20250814104500000,sz.002842,9.7300,9.7700,9.7200,9.7300,272800,2657504.0000,3
2025-08-14,20250814105000000,sz.002842,9.7300,9.7300,9.6900,9.7000,483100,4688672.0000,3
2025-08-14,20250814105500000,sz.002842,9.6900,9.7200,9.6900,9.7200,214000,2076416.0000,3
2025-08-14,20250814110000000,sz.002842,9.7200,9.7300,9.6800,9.6800,189000,1836112.0000,3
2025-08-14,20250814110500000,sz.002842,9.6900,9.7100,9.6800,9.6800,239500,2321920.0000,3
2025-08-14,20250814111000000,sz.002842,9.6800,9.6800,9.6600,9.6600,498700,4820144.0000,3
2025-08-14,20250814111500000,sz.002842,9.6600,9.6800,9.6500,9.6700,206900,1999600.0000,3
2025-08-14,20250814112000000,sz.002842,9.6700,9.7100,9.6700,9.7000,144600,1401200.0000,3
2025-08-14,20250814112500000,sz.002842,9.7100,9.7400,9.7100,9.7300,149600,1455024.0000,3
2025-08-14,20250814113000000,sz.002842,9.7300,9.7300,9.6900,9.7000,187800,1822432.0000,3
2025-08-14,20250814130500000,sz.002842,9.7000,9.7000,9.6500,9.6500,405600,3919648.0000,3
2025-08-14,20250814131000000,sz.002842,9.6500,9.6600,9.6100,9.6200,561500,5405296.0000,3
2025-08-14,20250814131500000,sz.002842,9.6200,9.6300,9.6000,9.6300,506000,4864080.0000,3
2025-08-14,20250814132000000,sz.002842,9.6300,9.6300,9.5900,9.5900,424300,4075312.0000,3
2025-08-14,20250814132500000,sz.002842,9.5900,9.6100,9.5700,9.5700,415700,3987696.0000,3
2025-08-14,20250814133000000,sz.002842,9.5700,9.5900,9.5600,9.5800,629900,6029072.0000,3
2025-08-14,20250814133500000,sz.002842,9.5900,9.6300,9.5900,9.6200,179500,1725808.0000,3
2025-08-14,20250814134000000,sz.002842,9.6100,9.6400,9.6100,9.6300,299200,2880032.0000,3
2025-08-14,20250814134500000,sz.002842,9.6300,9.6600,9.6200,9.6400,200700,1936304.0000,3
2025-08-14,20250814135000000,sz.002842,9.6400,9.6400,9.6200,9.6200,87400,841408.0000,3
2025-08-14,20250814135500000,sz.002842,9.6100,9.6400,9.6100,9.6100,162300,1561904.0000,3
2025-08-14,20250814140000000,sz.002842,9.6100,9.6300,9.6100,9.6200,153400,1475536.0000,3
2025-08-14,20250814140500000,sz.002842,9.6100,9.6700,9.6100,9.6600,327600,3162224.0000,3
2025-08-14,20250814141000000,sz.002842,9.6700,9.6700,9.6600,9.6600,94100,909888.0000,3
2025-08-14,20250814141500000,sz.002842,9.6600,9.6700,9.6400,9.6500,278100,2685952.0000,3
2025-08-14,20250814142000000,sz.002842,9.6500,9.6500,9.6300,9.6400,390500,3757424.0000,3
2025-08-14,20250814142500000,sz.002842,9.6400,9.6400,9.6000,9.6200,150600,1448256.0000,3
2025-08-14,20250814143000000,sz.002842,9.6200,9.6800,9.6200,9.6500,396100,3823456.0000,3
2025-08-14,20250814143500000,sz.002842,9.6700,9.6700,9.6300,9.6400,142300,1372816.0000,3
2025-08-14,20250814144000000,sz.002842,9.6400,9.6400,9.6000,9.6200,427900,4113984.0000,3
2025-08-14,20250814144500000,sz.002842,9.6200,9.6200,9.6000,9.6000,220800,2122112.0000,3
2025-08-14,20250814145000000,sz.002842,9.6100,9.6200,9.5900,9.6100,559600,5374096.0000,3
2025-08-14,20250814145500000,sz.002842,9.6000,9.6100,9.5900,9.5900,379900,3645408.0000,3
2025-08-14,20250814150000000,sz.002842,9.5900,9.6000,9.5800,9.5800,357300,3426096.0000,3
2025-08-15,20250815093500000,sz.002842,9.5800,9.7500,9.5800,9.7300,2112900,20468462.0000,3
2025-08-15,20250815094000000,sz.002842,9.7200,9.7200,9.6500,9.6800,696700,6745222.0000,3
2025-08-15,20250815094500000,sz.002842,9.6800,9.6800,9.6300,9.6500,682500,6588652.0000,3
2025-08-15,20250815095000000,sz.002842,9.6500,9.7200,9.6000,9.7000,1174100,11336080.0000,3
2025-08-15,20250815095500000,sz.002842,9.6900,9.7000,9.6200,9.6600,699000,6757284.0000,3
2025-08-15,20250815100000000,sz.002842,9.6600,9.7200,9.6600,9.7200,608900,5904252.0000,3
2025-08-15,20250815100500000,sz.002842,9.7100,9.7500,9.7000,9.7100,651400,6339056.0000,3
2025-08-15,20250815101000000,sz.002842,9.7100,9.7600,9.7000,9.7500,569500,5543880.0000,3
2025-08-15,20250815101500000,sz.002842,9.7600,9.7800,9.7200,9.7300,648800,6327392.0000,3
2025-08-15,20250815102000000,sz.002842,9.7300,9.7600,9.6900,9.7000,354900,3452152.0000,3
2025-08-15,20250815102500000,sz.002842,9.7000,9.7000,9.6600,9.6700,559500,5417784.0000,3
2025-08-15,20250815103000000,sz.002842,9.6600,9.6600,9.6300,9.6400,409100,3945568.0000,3
2025-08-15,20250815103500000,sz.002842,9.6300,9.6500,9.6100,9.6200,442800,4263312.0000,3
2025-08-15,20250815104000000,sz.002842,9.6200,9.6400,9.6100,9.6300,563300,5418264.0000,3
2025-08-15,20250815104500000,sz.002842,9.6300,9.6500,9.6200,9.6400,441400,4250960.0000,3
2025-08-15,20250815105000000,sz.002842,9.6400,9.6600,9.6200,9.6400,381100,3672888.0000,3
2025-08-15,20250815105500000,sz.002842,9.6400,9.6400,9.6100,9.6100,302600,2913288.0000,3
2025-08-15,20250815110000000,sz.002842,9.6200,9.6400,9.6000,9.6100,378000,3637872.0000,3
2025-08-15,20250815110500000,sz.002842,9.6000,9.6200,9.6000,9.6200,347700,3340448.0000,3
2025-08-15,20250815111000000,sz.002842,9.6200,9.9500,9.6200,9.8400,4274000,42021152.0000,3
2025-08-15,20250815111500000,sz.002842,9.8300,9.8400,9.7600,9.7700,1702100,16683680.0000,3
2025-08-15,20250815112000000,sz.002842,9.7600,9.8000,9.7600,9.7800,668600,6539952.0000,3
2025-08-15,20250815112500000,sz.002842,9.7800,9.7800,9.7400,9.7700,374000,3650800.0000,3
2025-08-15,20250815113000000,sz.002842,9.7500,9.7600,9.7300,9.7500,231800,2259152.0000,3
2025-08-15,20250815130500000,sz.002842,9.7500,9.7700,9.7100,9.7100,816500,7949984.0000,3
2025-08-15,20250815131000000,sz.002842,9.7200,9.8400,9.7200,9.8100,682200,6671120.0000,3
2025-08-15,20250815131500000,sz.002842,9.8200,9.8800,9.8000,9.8600,993900,9784288.0000,3
2025-08-15,20250815132000000,sz.002842,9.8800,9.8800,9.8200,9.8400,669000,6591696.0000,3
2025-08-15,20250815132500000,sz.002842,9.8400,9.8700,9.8000,9.8000,525300,5169712.0000,3
2025-08-15,20250815133000000,sz.002842,9.8100,9.8200,9.7900,9.8000,329400,3226816.0000,3
2025-08-15,20250815133500000,sz.002842,9.8000,9.8000,9.7500,9.7600,332300,3245376.0000,3
2025-08-15,20250815134000000,sz.002842,9.7600,9.7800,9.7500,9.7600,302300,2951616.0000,3
2025-08-15,20250815134500000,sz.002842,9.7600,9.7900,9.7600,9.7800,304800,2980320.0000,3
2025-08-15,20250815135000000,sz.002842,9.7800,9.8000,9.7700,9.7800,275900,2698496.0000,3
2025-08-15,20250815135500000,sz.002842,9.7800,9.7800,9.7500,9.7600,276300,2697904.0000,3
2025-08-15,20250815140000000,sz.002842,9.7500,9.7600,9.7400,9.7600,223300,2177616.0000,3
2025-08-15,20250815140500000,sz.002842,9.7500,9.7600,9.7500,9.7600,133100,1298672.0000,3
2025-08-15,20250815141000000,sz.002842,9.7600,9.7600,9.7300,9.7500,383900,3741552.0000,3
2025-08-15,20250815141500000,sz.002842,9.7500,9.7800,9.7400,9.7500,288000,2810064.0000,3
2025-08-15,20250815142000000,sz.002842,9.7500,9.7700,9.7500,9.7600,244100,2382400.0000,3
2025-08-15,20250815142500000,sz.002842,9.7600,9.8300,9.7600,9.7800,526200,5155840.0000,3
2025-08-15,20250815143000000,sz.002842,9.7800,9.7900,9.7600,9.7700,345000,3371264.0000,3
2025-08-15,20250815143500000,sz.002842,9.7700,9.7800,9.7600,9.7800,324000,3165568.0000,3
2025-08-15,20250815144000000,sz.002842,9.7800,9.8000,9.7700,9.7900,455600,4457744.0000,3
2025-08-15,20250815144500000,sz.002842,9.8000,9.8000,9.7800,9.7900,250800,2455328.0000,3
2025-08-15,20250815145000000,sz.002842,9.7800,9.8100,9.7800,9.7900,471900,4623552.0000,3
2025-08-15,20250815145500000,sz.002842,9.7900,9.8000,9.7800,9.8000,525300,5142080.0000,3
2025-08-15,20250815150000000,sz.002842,9.8000,9.8000,9.7800,9.8000,678500,6646560.0000,3
2025-08-18,20250818093500000,sz.002842,9.9100,9.9100,9.7100,9.7300,2435400,23860666.0000,3
2025-08-18,20250818094000000,sz.002842,9.7500,9.7900,9.7200,9.7200,1120900,10930390.0000,3
2025-08-18,20250818094500000,sz.002842,9.7200,9.7200,9.6600,9.6700,1893100,18349568.0000,3
2025-08-18,20250818095000000,sz.002842,9.6800,9.7700,9.6700,9.7500,1025300,9934040.0000,3
2025-08-18,20250818095500000,sz.002842,9.7500,9.7600,9.7000,9.7000,565100,5490664.0000,3
2025-08-18,20250818100000000,sz.002842,9.6900,9.7200,9.6900,9.7200,744800,7229040.0000,3
2025-08-18,20250818100500000,sz.002842,9.7200,9.7500,9.7100,9.7100,723200,7038472.0000,3
2025-08-18,20250818101000000,sz.002842,9.7100,9.7400,9.7100,9.7400,358100,3484776.0000,3
2025-08-18,20250818101500000,sz.002842,9.7400,9.7600,9.6900,9.7000,999300,9716640.0000,3
2025-08-18,20250818102000000,sz.002842,9.7000,9.7200,9.7000,9.7000,404600,3927928.0000,3
2025-08-18,20250818102500000,sz.002842,9.7100,9.7300,9.6800,9.7200,786800,7628224.0000,3
2025-08-18,20250818103000000,sz.002842,9.7300,9.7900,9.7200,9.7600,514200,5018312.0000,3
2025-08-18,20250818103500000,sz.002842,9.7700,9.7900,9.7600,9.7800,463700,4532384.0000,3
2025-08-18,20250818104000000,sz.002842,9.7800,9.8100,9.7600,9.7800,607600,5942552.0000,3
2025-08-18,20250818104500000,sz.002842,9.7800,9.7900,9.7800,9.7800,338200,3310032.0000,3
2025-08-18,20250818105000000,sz.002842,9.7900,9.8000,9.7700,9.7900,415500,4064952.0000,3
2025-08-18,20250818105500000,sz.002842,9.7900,9.8000,9.7700,9.7800,303000,2964608.0000,3
2025-08-18,20250818110000000,sz.002842,9.7800,9.8300,9.7800,9.8000,463700,4546960.0000,3
2025-08-18,20250818110500000,sz.002842,9.8100,9.8900,9.8100,9.8600,1148200,11310192.0000,3
2025-08-18,20250818111000000,sz.002842,9.8700,9.9900,9.8600,9.9200,1554600,15451632.0000,3
2025-08-18,20250818111500000,sz.002842,9.9300,9.9700,9.9200,9.9700,848700,8439488.0000,3
2025-08-18,20250818112000000,sz.002842,9.9600,9.9800,9.9400,9.9500,429600,4281072.0000,3
2025-08-18,20250818112500000,sz.002842,9.9600,9.9600,9.9300,9.9500,375400,3734464.0000,3
2025-08-18,20250818113000000,sz.002842,9.9500,9.9800,9.9500,9.9800,308700,3075184.0000,3
2025-08-18,20250818130500000,sz.002842,9.9800,10.0800,9.9800,10.0500,1227500,12296448.0000,3
2025-08-18,20250818131000000,sz.002842,10.0500,10.0600,10.0100,10.0400,796100,7986304.0000,3
2025-08-18,20250818131500000,sz.002842,10.0300,10.0400,10.0000,10.0100,503400,5042080.0000,3
2025-08-18,20250818132000000,sz.002842,10.0000,10.0200,9.9700,9.9900,536700,5361280.0000,3
2025-08-18,20250818132500000,sz.002842,9.9900,10.0800,9.9600,10.0800,790900,7919328.0000,3
2025-08-18,20250818133000000,sz.002842,10.0700,10.0900,10.0300,10.0400,493900,4970256.0000,3
2025-08-18,20250818133500000,sz.002842,10.0400,10.0400,10.0000,10.0100,242600,2429824.0000,3
2025-08-18,20250818134000000,sz.002842,10.0100,10.0800,10.0100,10.0700,538100,5407904.0000,3
2025-08-18,20250818134500000,sz.002842,10.0800,10.2700,10.0800,10.1600,2139400,21793296.0000,3
2025-08-18,20250818135000000,sz.002842,10.1700,10.3300,10.1400,10.3300,1150900,11758848.0000,3
2025-08-18,20250818135500000,sz.002842,10.3700,10.4100,10.2700,10.2800,2518500,26027584.0000,3
2025-08-18,20250818140000000,sz.002842,10.2800,10.2800,10.2200,10.2400,498600,5111968.0000,3
2025-08-18,20250818140500000,sz.002842,10.2400,10.2800,10.2300,10.2600,636300,6523968.0000,3
2025-08-18,20250818141000000,sz.002842,10.2500,10.2500,10.2000,10.2100,439100,4487712.0000,3
2025-08-18,20250818141500000,sz.002842,10.2100,10.2400,10.1700,10.1900,601600,6138752.0000,3
2025-08-18,20250818142000000,sz.002842,10.1900,10.1900,10.1300,10.1300,520700,5284896.0000,3
2025-08-18,20250818142500000,sz.002842,10.1400,10.1800,10.1300,10.1800,344500,3498912.0000,3
2025-08-18,20250818143000000,sz.002842,10.1800,10.1800,10.1400,10.1800,446100,4535776.0000,3
2025-08-18,20250818143500000,sz.002842,10.1700,10.1900,10.1700,10.1800,272500,2775264.0000,3
2025-08-18,20250818144000000,sz.002842,10.1800,10.1800,10.1600,10.1700,239300,2434240.0000,3
2025-08-18,20250818144500000,sz.002842,10.1700,10.1800,10.1500,10.1700,384900,3912704.0000,3
2025-08-18,20250818145000000,sz.002842,10.1700,10.1700,10.1600,10.1600,506500,5149344.0000,3
2025-08-18,20250818145500000,sz.002842,10.1600,10.1600,10.1400,10.1500,613100,6222496.0000,3
2025-08-18,20250818150000000,sz.002842,10.1500,10.1900,10.1400,10.1900,620200,6308512.0000,3
2025-08-19,20250819093500000,sz.002842,10.1200,10.2600,10.1000,10.1600,2312600,23511388.0000,3
2025-08-19,20250819094000000,sz.002842,10.1800,10.2500,10.1400,10.1400,996900,10159676.0000,3
2025-08-19,20250819094500000,sz.002842,10.1500,10.1500,10.0800,10.0900,808000,8174572.0000,3
2025-08-19,20250819095000000,sz.002842,10.0900,10.1200,10.0600,10.0700,861600,8694568.0000,3
2025-08-19,20250819095500000,sz.002842,10.0700,10.1000,10.0700,10.0800,547900,5524868.0000,3
2025-08-19,20250819100000000,sz.002842,10.0800,10.1100,10.0600,10.0700,578100,5828984.0000,3
2025-08-19,20250819100500000,sz.002842,10.0700,10.0700,9.9600,9.9800,1348500,13489120.0000,3
2025-08-19,20250819101000000,sz.002842,9.9800,10.0300,9.9600,10.0200,675400,6745264.0000,3
2025-08-19,20250819101500000,sz.002842,10.0200,10.2600,9.9900,10.2200,1571100,15872120.0000,3
2025-08-19,20250819102000000,sz.002842,10.2200,10.2700,10.1700,10.1900,1964000,20093712.0000,3
2025-08-19,20250819102500000,sz.002842,10.1800,10.3200,10.1800,10.2900,1367100,14024816.0000,3
2025-08-19,20250819103000000,sz.002842,10.2800,10.3300,10.2300,10.2700,949300,9763168.0000,3
2025-08-19,20250819103500000,sz.002842,10.2800,10.3000,10.1900,10.1900,458400,4690768.0000,3
2025-08-19,20250819104000000,sz.002842,10.2100,10.2100,10.1700,10.2000,173800,1770816.0000,3
2025-08-19,20250819104500000,sz.002842,10.1900,10.1900,10.1600,10.1600,195400,1988448.0000,3
2025-08-19,20250819105000000,sz.002842,10.1600,10.1800,10.1500,10.1600,219900,2234544.0000,3
2025-08-19,20250819105500000,sz.002842,10.1500,10.1700,10.1300,10.1700,310600,3151168.0000,3
2025-08-19,20250819110000000,sz.002842,10.1700,10.1800,10.1500,10.1500,214000,2175328.0000,3
2025-08-19,20250819110500000,sz.002842,10.1500,10.3900,10.1500,10.3600,1145200,11791968.0000,3
2025-08-19,20250819111000000,sz.002842,10.3700,10.5800,10.3200,10.5200,3264400,34165792.0000,3
2025-08-19,20250819111500000,sz.002842,10.5100,10.7000,10.5000,10.6400,3299100,35005840.0000,3
2025-08-19,20250819112000000,sz.002842,10.6600,10.7900,10.6100,10.7100,2355600,25235008.0000,3
2025-08-19,20250819112500000,sz.002842,10.7000,10.7800,10.6500,10.6800,1515900,16246784.0000,3
2025-08-19,20250819113000000,sz.002842,10.6900,10.7200,10.5800,10.6000,1123900,11969312.0000,3
2025-08-19,20250819130500000,sz.002842,10.5900,10.5900,10.4700,10.4900,1042900,10958176.0000,3
2025-08-19,20250819131000000,sz.002842,10.5000,10.6300,10.4800,10.5600,960500,10137216.0000,3
2025-08-19,20250819131500000,sz.002842,10.5500,10.6000,10.4800,10.4800,837900,8817024.0000,3
2025-08-19,20250819132000000,sz.002842,10.4800,10.5300,10.4800,10.4900,544000,5712992.0000,3
2025-08-19,20250819132500000,sz.002842,10.4900,10.5000,10.4700,10.4800,415000,4350688.0000,3
2025-08-19,20250819133000000,sz.002842,10.4800,10.4800,10.4000,10.4400,1123600,11715232.0000,3
2025-08-19,20250819133500000,sz.002842,10.4400,10.4500,10.4100,10.4200,389800,4063712.0000,3
2025-08-19,20250819134000000,sz.002842,10.4200,10.4400,10.4000,10.4300,321800,3352672.0000,3
2025-08-19,20250819134500000,sz.002842,10.4300,10.4300,10.3900,10.3900,436900,4547456.0000,3
2025-08-19,20250819135000000,sz.002842,10.4000,10.4000,10.3700,10.3800,433700,4502816.0000,3
2025-08-19,20250819135500000,sz.002842,10.3900,10.3900,10.3400,10.3500,475200,4922400.0000,3
2025-08-19,20250819140000000,sz.002842,10.3700,10.4300,10.3600,10.4000,345800,3594528.0000,3
2025-08-19,20250819140500000,sz.002842,10.3900,10.5100,10.3700,10.4800,440900,4601312.0000,3
2025-08-19,20250819141000000,sz.002842,10.4900,10.4900,10.4000,10.4100,358000,3736352.0000,3
2025-08-19,20250819141500000,sz.002842,10.4100,10.4100,10.3600,10.3700,266400,2766656.0000,3
2025-08-19,20250819142000000,sz.002842,10.3700,10.4200,10.3700,10.3900,417100,4333920.0000,3
2025-08-19,20250819142500000,sz.002842,10.3900,10.4100,10.3800,10.3900,310700,3229568.0000,3
2025-08-19,20250819143000000,sz.002842,10.3900,10.4000,10.3600,10.4000,403100,4182592.0000,3
2025-08-19,20250819143500000,sz.002842,10.4000,10.4400,10.4000,10.4200,390100,4064864.0000,3
2025-08-19,20250819144000000,sz.002842,10.4200,10.4600,10.4200,10.4200,314300,3283872.0000,3
2025-08-19,20250819144500000,sz.002842,10.4200,10.4300,10.4000,10.4200,286100,2979200.0000,3
2025-08-19,20250819145000000,sz.002842,10.4200,10.4400,10.4200,10.4300,338400,3529728.0000,3
2025-08-19,20250819145500000,sz.002842,10.4300,10.4500,10.4200,10.4500,487200,5084416.0000,3
2025-08-19,20250819150000000,sz.002842,10.4400,10.4500,10.4300,10.4500,530500,5539968.0000,3
2025-08-20,20250820093500000,sz.002842,10.3500,10.6600,10.3500,10.5400,4430800,46652952.0000,3
2025-08-20,20250820094000000,sz.002842,10.5400,10.5800,10.4500,10.5300,1932900,20356408.0000,3
2025-08-20,20250820094500000,sz.002842,10.5300,10.6100,10.5200,10.5400,1365600,14422616.0000,3
2025-08-20,20250820095000000,sz.002842,10.5500,10.5900,10.4900,10.5800,788900,8321064.0000,3
2025-08-20,20250820095500000,sz.002842,10.6000,10.6800,10.5900,10.6400,1542100,16399856.0000,3
2025-08-20,20250820100000000,sz.002842,10.6400,10.8400,10.6300,10.8200,2427400,26077288.0000,3
2025-08-20,20250820100500000,sz.002842,10.8200,10.9100,10.6600,10.6600,4073600,44018104.0000,3
2025-08-20,20250820101000000,sz.002842,10.6600,10.7000,10.6200,10.6600,1161100,12370448.0000,3
2025-08-20,20250820101500000,sz.002842,10.6600,10.7400,10.6300,10.7200,1005000,10717472.0000,3
2025-08-20,20250820102000000,sz.002842,10.7000,10.7000,10.6300,10.6600,781400,8328448.0000,3
2025-08-20,20250820102500000,sz.002842,10.6700,10.7200,10.6400,10.6800,776100,8293856.0000,3
2025-08-20,20250820103000000,sz.002842,10.6800,10.7700,10.6300,10.7000,660600,7063248.0000,3
2025-08-20,20250820103500000,sz.002842,10.7000,10.7200,10.6700,10.6900,250700,2680048.0000,3
2025-08-20,20250820104000000,sz.002842,10.6800,10.6800,10.6000,10.6000,798900,8484304.0000,3
2025-08-20,20250820104500000,sz.002842,10.6000,10.6700,10.6000,10.6600,692200,7356944.0000,3
2025-08-20,20250820105000000,sz.002842,10.6600,10.7200,10.6500,10.7200,491700,5252864.0000,3
2025-08-20,20250820105500000,sz.002842,10.6900,10.7800,10.6900,10.7800,1103300,11844672.0000,3
2025-08-20,20250820110000000,sz.002842,10.7700,10.8300,10.7300,10.8000,1074500,11593648.0000,3
2025-08-20,20250820110500000,sz.002842,10.7900,10.8500,10.7100,10.7600,751000,8094080.0000,3
2025-08-20,20250820111000000,sz.002842,10.7700,10.7700,10.6900,10.7200,352500,3778496.0000,3
2025-08-20,20250820111500000,sz.002842,10.7200,10.7300,10.6800,10.7000,331800,3553280.0000,3
2025-08-20,20250820112000000,sz.002842,10.7000,10.7000,10.6200,10.6200,475500,5060704.0000,3
2025-08-20,20250820112500000,sz.002842,10.6200,10.6300,10.5900,10.5900,357800,3795008.0000,3
2025-08-20,20250820113000000,sz.002842,10.5900,10.5900,10.5200,10.5800,539400,5697248.0000,3
2025-08-20,20250820130500000,sz.002842,10.5800,10.6300,10.5700,10.5700,446800,4731936.0000,3
2025-08-20,20250820131000000,sz.002842,10.5700,10.5900,10.5500,10.5800,257900,2725344.0000,3
2025-08-20,20250820131500000,sz.002842,10.5700,10.6300,10.5500,10.5500,287300,3038688.0000,3
2025-08-20,20250820132000000,sz.002842,10.5400,10.5600,10.5100,10.5600,767800,8088992.0000,3
2025-08-20,20250820132500000,sz.002842,10.5600,10.6100,10.5600,10.5900,247900,2626464.0000,3
2025-08-20,20250820133000000,sz.002842,10.5900,10.6000,10.5000,10.5200,887200,9335328.0000,3
2025-08-20,20250820133500000,sz.002842,10.5200,10.5700,10.5000,10.5600,381900,4017472.0000,3
2025-08-20,20250820134000000,sz.002842,10.5700,10.5700,10.5400,10.5500,273300,2883840.0000,3
2025-08-20,20250820134500000,sz.002842,10.5400,10.5600,10.5300,10.5400,191000,2013888.0000,3
2025-08-20,20250820135000000,sz.002842,10.5400,10.5600,10.5300,10.5500,163300,1721792.0000,3
2025-08-20,20250820135500000,sz.002842,10.5500,10.5600,10.5300,10.5300,188300,1985376.0000,3
2025-08-20,20250820140000000,sz.002842,10.5300,10.5300,10.4900,10.4900,286600,3011776.0000,3
2025-08-20,20250820140500000,sz.002842,10.5100,10.5900,10.5100,10.5700,311800,3290272.0000,3
2025-08-20,20250820141000000,sz.002842,10.5700,10.5800,10.5600,10.5600,296800,3137024.0000,3
2025-08-20,20250820141500000,sz.002842,10.5600,10.5900,10.5500,10.5700,202500,2140256.0000,3
2025-08-20,20250820142000000,sz.002842,10.5700,10.5900,10.5600,10.5600,324200,3427488.0000,3
2025-08-20,20250820142500000,sz.002842,10.5600,10.5800,10.5400,10.5700,330400,3486976.0000,3
2025-08-20,20250820143000000,sz.002842,10.5700,10.5800,10.5500,10.5600,281900,2977472.0000,3
2025-08-20,20250820143500000,sz.002842,10.5700,10.5800,10.5500,10.5600,533300,5634528.0000,3
2025-08-20,20250820144000000,sz.002842,10.5600,10.5600,10.5300,10.5400,441100,4652160.0000,3
2025-08-20,20250820144500000,sz.002842,10.5400,10.5600,10.5400,10.5400,456500,4815328.0000,3
2025-08-20,20250820145000000,sz.002842,10.5500,10.6100,10.5500,10.6000,577100,6104064.0000,3
2025-08-20,20250820145500000,sz.002842,10.6000,10.6000,10.5600,10.5700,416300,4405184.0000,3
2025-08-20,20250820150000000,sz.002842,10.5700,10.5900,10.5600,10.5900,649200,6871072.0000,3
2025-08-21,20250821093500000,sz.002842,10.6300,11.0900,10.6000,10.9200,6520900,70615664.0000,3
2025-08-21,20250821094000000,sz.002842,10.9400,11.3100,10.9000,11.3100,7581100,84030736.0000,3
2025-08-21,20250821094500000,sz.002842,11.2800,11.4100,11.0800,11.1100,5570800,62829216.0000,3
2025-08-21,20250821095000000,sz.002842,11.1000,11.2600,11.1000,11.2000,2727200,30518720.0000,3
2025-08-21,20250821095500000,sz.002842,11.2200,11.3100,11.1400,11.1900,2259400,25361344.0000,3
2025-08-21,20250821100000000,sz.002842,11.1900,11.2000,11.0300,11.0900,1468400,16289120.0000,3
2025-08-21,20250821100500000,sz.002842,11.0900,11.2200,10.9000,10.9000,2661500,29335872.0000,3
2025-08-21,20250821101000000,sz.002842,10.8900,10.9200,10.8000,10.8200,2018100,21899136.0000,3
2025-08-21,20250821101500000,sz.002842,10.8200,10.8400,10.7500,10.8200,1094300,11821504.0000,3
2025-08-21,20250821102000000,sz.002842,10.8100,10.8400,10.7700,10.8200,688700,7436288.0000,3
2025-08-21,20250821102500000,sz.002842,10.8200,10.8800,10.8100,10.8600,657800,7139488.0000,3
2025-08-21,20250821103000000,sz.002842,10.8500,10.8600,10.7800,10.8000,465300,5026368.0000,3
2025-08-21,20250821103500000,sz.002842,10.8000,10.8200,10.7600,10.8100,556100,5998208.0000,3
2025-08-21,20250821104000000,sz.002842,10.8200,10.8200,10.7200,10.7300,571700,6147936.0000,3
2025-08-21,20250821104500000,sz.002842,10.7300,10.7300,10.7000,10.7100,666900,7145568.0000,3
2025-08-21,20250821105000000,sz.002842,10.7000,10.7500,10.7000,10.7500,352800,3783424.0000,3
2025-08-21,20250821105500000,sz.002842,10.7500,10.7800,10.7300,10.7800,378900,4073824.0000,3
2025-08-21,20250821110000000,sz.002842,10.7800,10.7800,10.7500,10.7600,218000,2345184.0000,3
2025-08-21,20250821110500000,sz.002842,10.7600,10.7600,10.7400,10.7600,210300,2260608.0000,3
2025-08-21,20250821111000000,sz.002842,10.7600,10.7600,10.6700,10.6700,716600,7677760.0000,3
2025-08-21,20250821111500000,sz.002842,10.6700,10.7200,10.6700,10.7000,391400,4190656.0000,3
2025-08-21,20250821112000000,sz.002842,10.7100,10.7100,10.6600,10.6600,388300,4146816.0000,3
2025-08-21,20250821112500000,sz.002842,10.6600,10.6700,10.6400,10.6400,456900,4866368.0000,3
2025-08-21,20250821113000000,sz.002842,10.6400,10.6600,10.6200,10.6500,385300,4097632.0000,3
2025-08-21,20250821130500000,sz.002842,10.6600,10.7300,10.6500,10.7200,561200,5991136.0000,3
2025-08-21,20250821131000000,sz.002842,10.7300,10.7400,10.6800,10.7100,246400,2638944.0000,3
2025-08-21,20250821131500000,sz.002842,10.7000,10.7400,10.7000,10.7300,350400,3756256.0000,3
2025-08-21,20250821132000000,sz.002842,10.7300,10.7500,10.7300,10.7400,277500,2980224.0000,3
2025-08-21,20250821132500000,sz.002842,10.7400,10.7400,10.7200,10.7400,252000,2704928.0000,3
2025-08-21,20250821133000000,sz.002842,10.7500,10.7900,10.7300,10.7400,463500,4986368.0000,3
2025-08-21,20250821133500000,sz.002842,10.7500,10.7500,10.6900,10.7100,439500,4707488.0000,3
2025-08-21,20250821134000000,sz.002842,10.7200,10.7200,10.7000,10.7000,207300,2219328.0000,3
2025-08-21,20250821134500000,sz.002842,10.7000,10.7100,10.6800,10.7000,210700,2253920.0000,3
2025-08-21,20250821135000000,sz.002842,10.7000,10.7000,10.6800,10.6900,196100,2096224.0000,3
2025-08-21,20250821135500000,sz.002842,10.6800,10.6900,10.6600,10.6700,288500,3078848.0000,3
2025-08-21,20250821140000000,sz.002842,10.6800,10.6900,10.6500,10.6600,281300,2999520.0000,3
2025-08-21,20250821140500000,sz.002842,10.6700,10.6900,10.6500,10.6800,317100,3383584.0000,3
2025-08-21,20250821141000000,sz.002842,10.6900,10.7800,10.6800,10.7300,417300,4474976.0000,3
2025-08-21,20250821141500000,sz.002842,10.7300,10.7900,10.7000,10.7100,429100,4608224.0000,3
2025-08-21,20250821142000000,sz.002842,10.7200,10.7400,10.7000,10.7300,288700,3096256.0000,3
2025-08-21,20250821142500000,sz.002842,10.7300,10.7400,10.6600,10.6600,363600,3889632.0000,3
2025-08-21,20250821143000000,sz.002842,10.6700,10.7000,10.6400,10.7000,372000,3967712.0000,3
2025-08-21,20250821143500000,sz.002842,10.7100,10.7100,10.6300,10.6400,387500,4134144.0000,3
2025-08-21,20250821144000000,sz.002842,10.6600,10.6700,10.6100,10.6400,599100,6369280.0000,3
2025-08-21,20250821144500000,sz.002842,10.6500,10.6900,10.6300,10.6700,548400,5845120.0000,3
2025-08-21,20250821145000000,sz.002842,10.6700,10.7100,10.6600,10.6900,577200,6167936.0000,3
2025-08-21,20250821145500000,sz.002842,10.7000,10.7200,10.6900,10.7200,1000000,10708864.0000,3
2025-08-21,20250821150000000,sz.002842,10.7200,10.7300,10.7000,10.7200,874400,9369472.0000,3
2025-08-22,20250822093500000,sz.002842,10.6000,11.2100,10.5800,11.0800,8733500,95756088.0000,3
2025-08-22,20250822094000000,sz.002842,11.0700,11.2800,11.0400,11.1800,7142200,79706584.0000,3
2025-08-22,20250822094500000,sz.002842,11.1800,11.2800,11.1000,11.2800,3146600,35139488.0000,3
2025-08-22,20250822095000000,sz.002842,11.2700,11.3000,11.1300,11.1500,2504300,28148656.0000,3
2025-08-22,20250822095500000,sz.002842,11.1500,11.1500,10.9800,10.9900,2534700,28052880.0000,3
2025-08-22,20250822100000000,sz.002842,10.9900,11.0800,10.9800,10.9800,1506200,16620304.0000,3
2025-08-22,20250822100500000,sz.002842,10.9900,11.0000,10.8500,10.9400,2551100,27803296.0000,3
2025-08-22,20250822101000000,sz.002842,10.9500,11.0200,10.9400,10.9800,891100,9777600.0000,3
2025-08-22,20250822101500000,sz.002842,10.9800,11.0800,10.9800,11.0000,1107000,12193312.0000,3
2025-08-22,20250822102000000,sz.002842,11.0100,11.0200,10.9700,11.0000,542400,5960192.0000,3
2025-08-22,20250822102500000,sz.002842,10.9900,11.0000,10.9100,10.9100,911000,9978368.0000,3
2025-08-22,20250822103000000,sz.002842,10.9100,10.9300,10.8700,10.8800,980500,10681184.0000,3
2025-08-22,20250822103500000,sz.002842,10.9000,10.9300,10.8900,10.9000,371000,4048416.0000,3
2025-08-22,20250822104000000,sz.002842,10.9000,11.0000,10.8900,10.9700,688700,7527712.0000,3
2025-08-22,20250822104500000,sz.002842,10.9800,11.0100,10.9500,10.9700,427400,4692000.0000,3
2025-08-22,20250822105000000,sz.002842,10.9700,10.9900,10.9200,10.9300,404400,4426560.0000,3
2025-08-22,20250822105500000,sz.002842,10.9400,11.0000,10.9000,10.9900,717700,7854368.0000,3
2025-08-22,20250822110000000,sz.002842,11.0100,11.0100,10.9400,10.9500,318400,3490400.0000,3
2025-08-22,20250822110500000,sz.002842,10.9500,11.1000,10.9500,11.1000,865500,9552576.0000,3
2025-08-22,20250822111000000,sz.002842,11.1000,11.1000,11.0300,11.0300,374700,4145120.0000,3
2025-08-22,20250822111500000,sz.002842,11.0300,11.0400,11.0000,11.0000,443500,4887168.0000,3
2025-08-22,20250822112000000,sz.002842,11.0100,11.0600,10.9900,10.9900,418900,4618048.0000,3
2025-08-22,20250822112500000,sz.002842,10.9900,11.0100,10.9400,10.9500,482800,5301376.0000,3
2025-08-22,20250822113000000,sz.002842,10.9500,10.9700,10.9400,10.9600,380700,4170560.0000,3
2025-08-22,20250822130500000,sz.002842,10.9700,11.1500,10.9700,11.0500,1159200,12821408.0000,3
2025-08-22,20250822131000000,sz.002842,11.0600,11.1700,11.0300,11.1700,1192700,13249952.0000,3
2025-08-22,20250822131500000,sz.002842,11.1800,11.1800,11.0600,11.0700,674000,7488064.0000,3
2025-08-22,20250822132000000,sz.002842,11.0700,11.0700,11.0000,11.0100,592400,6528768.0000,3
2025-08-22,20250822132500000,sz.002842,11.0100,11.0600,11.0000,11.0400,369000,4070976.0000,3
2025-08-22,20250822133000000,sz.002842,11.0400,11.0800,11.0300,11.0500,441600,4883072.0000,3
2025-08-22,20250822133500000,sz.002842,11.0500,11.0600,11.0000,11.0000,500500,5515840.0000,3
2025-08-22,20250822134000000,sz.002842,11.0100,11.0100,10.9700,10.9900,526100,5785088.0000,3
2025-08-22,20250822134500000,sz.002842,10.9900,11.0000,10.9800,11.0000,368000,4045408.0000,3
2025-08-22,20250822135000000,sz.002842,11.0000,11.0300,11.0000,11.0200,438500,4828992.0000,3
2025-08-22,20250822135500000,sz.002842,11.0100,11.0200,11.0000,11.0200,221600,2439488.0000,3
2025-08-22,20250822140000000,sz.002842,11.0200,11.0300,10.9800,10.9800,441300,4857024.0000,3
2025-08-22,20250822140500000,sz.002842,10.9800,11.0000,10.9500,10.9600,601600,6605120.0000,3
2025-08-22,20250822141000000,sz.002842,10.9700,11.0300,10.9700,11.0000,516100,5678816.0000,3
2025-08-22,20250822141500000,sz.002842,11.0000,11.0100,10.9700,10.9900,852100,9366624.0000,3
2025-08-22,20250822142000000,sz.002842,10.9900,11.0000,10.9800,11.0000,392000,4307328.0000,3
2025-08-22,20250822142500000,sz.002842,11.0000,11.0100,10.9700,11.0000,618300,6794912.0000,3
2025-08-22,20250822143000000,sz.002842,11.0100,11.0100,10.9900,11.0000,463100,5095136.0000,3
2025-08-22,20250822143500000,sz.002842,11.0000,11.0200,10.9900,11.0200,454200,5000122.0000,3
2025-08-22,20250822144000000,sz.002842,11.0100,11.0700,11.0100,11.0700,1053800,11636488.0000,3
2025-08-22,20250822144500000,sz.002842,11.0700,11.0800,11.0400,11.0400,815400,9018494.0000,3
2025-08-22,20250822145000000,sz.002842,11.0400,11.0500,11.0200,11.0200,713300,7869819.0000,3
2025-08-22,20250822145500000,sz.002842,11.0200,11.0300,11.0100,11.0100,1211700,13354441.0000,3
2025-08-22,20250822150000000,sz.002842,11.0100,11.0400,11.0100,11.0300,1015300,11195964.0000,3
2025-08-25,20250825093500000,sz.002842,11.2300,11.5400,11.0400,11.3400,9999200,112988224.0000,3
2025-08-25,20250825094000000,sz.002842,11.3500,11.4100,11.1600,11.4000,3994900,45174064.0000,3
2025-08-25,20250825094500000,sz.002842,11.3700,11.7500,11.3700,11.6800,5344400,62013152.0000,3
2025-08-25,20250825095000000,sz.002842,11.6700,11.8200,11.6000,11.7000,3745700,43867968.0000,3
2025-08-25,20250825095500000,sz.002842,11.7100,11.7100,11.5400,11.5800,1582300,18340080.0000,3
2025-08-25,20250825100000000,sz.002842,11.5800,11.8100,11.5400,11.7500,2617600,30529888.0000,3
2025-08-25,20250825100500000,sz.002842,11.7200,11.7200,11.6000,11.6800,1488800,17379872.0000,3
2025-08-25,20250825101000000,sz.002842,11.7000,11.8000,11.7000,11.7800,1628600,19156736.0000,3
2025-08-25,20250825101500000,sz.002842,11.7800,11.7900,11.6900,11.7000,1043800,12235936.0000,3
2025-08-25,20250825102000000,sz.002842,11.6900,11.7700,11.6800,11.7000,962900,11289440.0000,3
2025-08-25,20250825102500000,sz.002842,11.7000,11.7500,11.6200,11.7400,1167900,13630272.0000,3
2025-08-25,20250825103000000,sz.002842,11.7500,11.7500,11.6500,11.6800,735500,8602944.0000,3
2025-08-25,20250825103500000,sz.002842,11.6700,11.6800,11.6200,11.6600,924800,10766240.0000,3
2025-08-25,20250825104000000,sz.002842,11.6500,11.6500,11.5300,11.5400,1035600,12001984.0000,3
2025-08-25,20250825104500000,sz.002842,11.5500,11.5500,11.4800,11.5300,1364000,15693184.0000,3
2025-08-25,20250825105000000,sz.002842,11.5200,11.5400,11.5100,11.5200,548900,6325408.0000,3
2025-08-25,20250825105500000,sz.002842,11.5200,11.5600,11.5000,11.5500,563500,6492768.0000,3
2025-08-25,20250825110000000,sz.002842,11.5600,11.5700,11.5100,11.5200,508600,5868896.0000,3
2025-08-25,20250825110500000,sz.002842,11.5300,11.5600,11.5200,11.5500,470500,5427424.0000,3
2025-08-25,20250825111000000,sz.002842,11.5300,11.5800,11.5300,11.5400,449800,5198464.0000,3
2025-08-25,20250825111500000,sz.002842,11.5400,11.5800,11.5200,11.5600,496700,5731584.0000,3
2025-08-25,20250825112000000,sz.002842,11.5500,11.5600,11.5100,11.5100,415100,4786048.0000,3
2025-08-25,20250825112500000,sz.002842,11.5100,11.5200,11.4200,11.4200,1285100,14747072.0000,3
2025-08-25,20250825113000000,sz.002842,11.4200,11.4400,11.3900,11.4300,786300,8972608.0000,3
2025-08-25,20250825130500000,sz.002842,11.4300,11.4300,11.3000,11.3300,1069300,12159488.0000,3
2025-08-25,20250825131000000,sz.002842,11.3300,11.4000,11.3200,11.3800,531900,6045920.0000,3
2025-08-25,20250825131500000,sz.002842,11.3800,11.4400,11.3700,11.4000,644600,7341120.0000,3
2025-08-25,20250825132000000,sz.002842,11.3900,11.4300,11.3600,11.4300,476700,5426656.0000,3
2025-08-25,20250825132500000,sz.002842,11.4200,11.4700,11.4000,11.4600,462700,5291232.0000,3
2025-08-25,20250825133000000,sz.002842,11.4700,11.6200,11.4700,11.5900,1030600,11910023.0000,3
2025-08-25,20250825133500000,sz.002842,11.5900,11.7700,11.5900,11.7600,1363900,15942905.0000,3
2025-08-25,20250825134000000,sz.002842,11.7600,12.1300,11.7500,12.1300,5136500,61752064.0000,3
2025-08-25,20250825134500000,sz.002842,12.1300,12.1300,12.1300,12.1300,795900,9653632.0000,3
2025-08-25,20250825135000000,sz.002842,12.1300,12.1300,12.1300,12.1300,664800,8063744.0000,3
2025-08-25,20250825135500000,sz.002842,12.1300,12.1300,12.1300,12.1300,204800,2484224.0000,3
2025-08-25,20250825140000000,sz.002842,12.1300,12.1300,12.1300,12.1300,240700,2919936.0000,3
2025-08-25,20250825140500000,sz.002842,12.1300,12.1300,12.1300,12.1300,450800,5469056.0000,3
2025-08-25,20250825141000000,sz.002842,12.1300,12.1300,11.9800,11.9800,2663100,32275648.0000,3
2025-08-25,20250825141500000,sz.002842,11.9800,12.0000,11.8300,11.8500,2769400,33012608.0000,3
2025-08-25,20250825142000000,sz.002842,11.8500,11.8700,11.7600,11.8200,1651800,19504832.0000,3
2025-08-25,20250825142500000,sz.002842,11.8100,11.8400,11.7700,11.8300,1126200,13288064.0000,3
2025-08-25,20250825143000000,sz.002842,11.8200,11.9300,11.8200,11.8300,1047600,12440320.0000,3
2025-08-25,20250825143500000,sz.002842,11.8300,11.8600,11.7800,11.8000,982000,11591808.0000,3
2025-08-25,20250825144000000,sz.002842,11.7700,11.8400,11.7500,11.8000,1244800,14681472.0000,3
2025-08-25,20250825144500000,sz.002842,11.8000,11.8100,11.7700,11.7800,1001700,11804928.0000,3
2025-08-25,20250825145000000,sz.002842,11.7800,11.8200,11.7800,11.8000,1049600,12386048.0000,3
2025-08-25,20250825145500000,sz.002842,11.8100,12.0000,11.8000,12.0000,1459100,17377792.0000,3
2025-08-25,20250825150000000,sz.002842,12.0000,12.1300,12.0000,12.1300,2811200,34071488.0000,3
2025-08-26,20250826093500000,sz.002842,11.9000,11.9000,11.3200,11.3500,10992100,125976000.0000,3
2025-08-26,20250826094000000,sz.002842,11.3400,11.3400,11.2100,11.2600,5577800,62888640.0000,3
2025-08-26,20250826094500000,sz.002842,11.2400,11.2700,11.1600,11.1900,4536900,50886544.0000,3
2025-08-26,20250826095000000,sz.002842,11.1800,11.2700,11.1500,11.1500,3969500,44455152.0000,3
2025-08-26,20250826095500000,sz.002842,11.1500,11.1800,11.1300,11.1500,2836000,31631648.0000,3
2025-08-26,20250826100000000,sz.002842,11.1500,11.2500,11.1500,11.2000,2870000,32149216.0000,3
2025-08-26,20250826100500000,sz.002842,11.2000,11.2100,11.1300,11.2100,2332900,26036352.0000,3
2025-08-26,20250826101000000,sz.002842,11.2100,11.2200,11.1600,11.2000,1672200,18715584.0000,3
2025-08-26,20250826101500000,sz.002842,11.2000,11.2000,11.1700,11.1900,1196800,13381984.0000,3
2025-08-26,20250826102000000,sz.002842,11.1800,11.1900,11.1700,11.1800,1143000,12776768.0000,3
2025-08-26,20250826102500000,sz.002842,11.1900,11.2200,11.1700,11.2200,1089500,12189408.0000,3
2025-08-26,20250826103000000,sz.002842,11.2200,11.2600,11.1800,11.2000,1512100,16956032.0000,3
2025-08-26,20250826103500000,sz.002842,11.2200,11.3800,11.1800,11.3500,2107600,23750432.0000,3
2025-08-26,20250826104000000,sz.002842,11.3500,11.3900,11.2800,11.3000,2058800,23337632.0000,3
2025-08-26,20250826104500000,sz.002842,11.3100,11.3100,11.2700,11.2900,792800,8946624.0000,3
2025-08-26,20250826105000000,sz.002842,11.2800,11.4200,11.2800,11.3400,1320500,15003296.0000,3
2025-08-26,20250826105500000,sz.002842,11.3400,11.3400,11.2800,11.2900,712400,8062304.0000,3
2025-08-26,20250826110000000,sz.002842,11.2700,11.2800,11.2000,11.2200,937500,10534336.0000,3
2025-08-26,20250826110500000,sz.002842,11.2300,11.2400,11.2100,11.2200,431800,4847293.0000,3
2025-08-26,20250826111000000,sz.002842,11.2300,11.2400,11.2000,11.2100,601400,6744511.0000,3
2025-08-26,20250826111500000,sz.002842,11.2200,11.2500,11.2000,11.2500,376900,4225925.0000,3
2025-08-26,20250826112000000,sz.002842,11.2600,11.3000,11.2300,11.2800,595000,6704832.0000,3
2025-08-26,20250826112500000,sz.002842,11.2900,11.3500,11.2600,11.2800,814000,9190849.0000,3
2025-08-26,20250826113000000,sz.002842,11.2800,11.3100,11.2700,11.2900,343600,3878015.0000,3
2025-08-26,20250826130500000,sz.002842,11.2900,11.4900,11.2900,11.4700,1912700,21795135.0000,3
2025-08-26,20250826131000000,sz.002842,11.4500,11.6500,11.4500,11.5300,3296900,38163840.0000,3
2025-08-26,20250826131500000,sz.002842,11.5300,11.7300,11.5300,11.6900,3459500,40266432.0000,3
2025-08-26,20250826132000000,sz.002842,11.7000,11.8500,11.5600,11.5600,2276300,26673792.0000,3
2025-08-26,20250826132500000,sz.002842,11.5600,11.5900,11.4700,11.5000,983200,11325433.0000,3
2025-08-26,20250826133000000,sz.002842,11.5000,11.5300,11.5000,11.5100,482800,5560071.0000,3
2025-08-26,20250826133500000,sz.002842,11.5100,11.5500,11.4200,11.5500,790300,9074424.0000,3
2025-08-26,20250826134000000,sz.002842,11.5500,11.6400,11.5200,11.6200,788000,9118728.0000,3
2025-08-26,20250826134500000,sz.002842,11.6300,11.7800,11.6200,11.6600,1140600,13344000.0000,3
2025-08-26,20250826135000000,sz.002842,11.6900,11.7200,11.6600,11.7100,713300,8340096.0000,3
2025-08-26,20250826135500000,sz.002842,11.7100,11.7500,11.6600,11.6700,653700,7651072.0000,3
2025-08-26,20250826140000000,sz.002842,11.6800,11.7700,11.6300,11.7700,553900,6472000.0000,3
2025-08-26,20250826140500000,sz.002842,11.7700,11.8000,11.7300,11.7400,855100,10055744.0000,3
2025-08-26,20250826141000000,sz.002842,11.7500,11.7600,11.6800,11.6900,389400,4561216.0000,3
2025-08-26,20250826141500000,sz.002842,11.7000,11.7300,11.6800,11.7000,460200,5383552.0000,3
2025-08-26,20250826142000000,sz.002842,11.6800,11.6800,11.5700,11.6500,803500,9348480.0000,3
2025-08-26,20250826142500000,sz.002842,11.6700,11.6700,11.5500,11.5600,622600,7210560.0000,3
2025-08-26,20250826143000000,sz.002842,11.5600,11.6200,11.5500,11.5800,447200,5177344.0000,3
2025-08-26,20250826143500000,sz.002842,11.5800,11.5800,11.5200,11.5500,572500,6609408.0000,3
2025-08-26,20250826144000000,sz.002842,11.5400,11.5700,11.5300,11.5500,532300,6145728.0000,3
2025-08-26,20250826144500000,sz.002842,11.5500,11.5500,11.4400,11.4900,1050600,12065153.0000,3
2025-08-26,20250826145000000,sz.002842,11.5000,11.5200,11.4400,11.4400,994500,11415551.0000,3
2025-08-26,20250826145500000,sz.002842,11.4400,11.8100,11.4400,11.8100,2358100,27390400.0000,3
2025-08-26,20250826150000000,sz.002842,11.8200,11.8300,11.5800,11.5800,2332000,27350336.0000,3
2025-08-27,20250827093500000,sz.002842,11.2100,11.3300,11.2000,11.2900,6014200,67586264.0000,3
2025-08-27,20250827094000000,sz.002842,11.3200,11.6800,11.3000,11.6500,5249100,60376784.0000,3
2025-08-27,20250827094500000,sz.002842,11.6500,12.0400,11.6400,11.9000,11174400,132423176.0000,3
2025-08-27,20250827095000000,sz.002842,11.8900,11.9000,11.5900,11.7000,4284500,50343696.0000,3
2025-08-27,20250827095500000,sz.002842,11.7100,11.7600,11.6200,11.6200,1816900,21249632.0000,3
2025-08-27,20250827100000000,sz.002842,11.6100,11.6700,11.5200,11.5600,1670300,19355808.0000,3
2025-08-27,20250827100500000,sz.002842,11.5700,11.6300,11.5300,11.5400,1296500,15006784.0000,3
2025-08-27,20250827101000000,sz.002842,11.5200,11.5300,11.4500,11.5200,1568600,18019520.0000,3
2025-08-27,20250827101500000,sz.002842,11.5100,11.6400,11.5000,11.5600,921800,10684096.0000,3
2025-08-27,20250827102000000,sz.002842,11.5600,11.6700,11.5500,11.6700,707500,8204064.0000,3
2025-08-27,20250827102500000,sz.002842,11.6800,11.7900,11.6100,11.7800,1419500,16659008.0000,3
2025-08-27,20250827103000000,sz.002842,11.7700,11.7800,11.6500,11.7100,822000,9624832.0000,3
2025-08-27,20250827103500000,sz.002842,11.7100,11.7400,11.6800,11.7400,906900,10623712.0000,3
2025-08-27,20250827104000000,sz.002842,11.7400,11.7500,11.6600,11.6600,739100,8652704.0000,3
2025-08-27,20250827104500000,sz.002842,11.6500,11.6900,11.6300,11.6500,358400,4178720.0000,3
2025-08-27,20250827105000000,sz.002842,11.6500,11.8900,11.6500,11.8900,1883800,22160576.0000,3
2025-08-27,20250827105500000,sz.002842,11.9100,12.4900,11.9000,12.4300,7793700,94603520.0000,3
2025-08-27,20250827110000000,sz.002842,12.4300,12.4900,12.2000,12.3200,4677000,57975552.0000,3
2025-08-27,20250827110500000,sz.002842,12.3000,12.3100,12.1800,12.1900,1619100,19804288.0000,3
2025-08-27,20250827111000000,sz.002842,12.1900,12.1900,12.1000,12.1700,1095700,13305920.0000,3
2025-08-27,20250827111500000,sz.002842,12.2000,12.2100,12.1000,12.1100,582800,7071936.0000,3
2025-08-27,20250827112000000,sz.002842,12.1000,12.1200,12.0000,12.0600,731500,8826304.0000,3
2025-08-27,20250827112500000,sz.002842,12.0600,12.1200,12.0200,12.0600,623000,7523392.0000,3
2025-08-27,20250827113000000,sz.002842,12.0500,12.0700,12.0000,12.0700,544700,6559168.0000,3
2025-08-27,20250827130500000,sz.002842,12.1000,12.2800,12.0700,12.2800,1221800,14809920.0000,3
2025-08-27,20250827131000000,sz.002842,12.3000,12.3300,12.1200,12.3000,1043000,12784192.0000,3
2025-08-27,20250827131500000,sz.002842,12.2700,12.3200,12.0800,12.0900,997600,12184704.0000,3
2025-08-27,20250827132000000,sz.002842,12.0900,12.1900,12.0700,12.1600,702200,8499200.0000,3
2025-08-27,20250827132500000,sz.002842,12.1600,12.2000,12.1000,12.1100,518600,6307776.0000,3
2025-08-27,20250827133000000,sz.002842,12.1100,12.2000,12.1000,12.1000,648200,7867136.0000,3
2025-08-27,20250827133500000,sz.002842,12.1100,12.1100,11.9800,12.0500,1004600,12095296.0000,3
2025-08-27,20250827134000000,sz.002842,12.0500,12.0700,11.9100,11.9300,736100,8833472.0000,3
2025-08-27,20250827134500000,sz.002842,11.9300,12.0100,11.9300,11.9900,586600,7030912.0000,3
2025-08-27,20250827135000000,sz.002842,12.0000,12.0500,11.8800,12.0000,1340100,16006212.0000,3
2025-08-27,20250827135500000,sz.002842,12.0000,12.0000,11.9000,11.9000,407600,4867901.0000,3
2025-08-27,20250827140000000,sz.002842,11.9000,11.9200,11.8400,11.8700,850000,10088257.0000,3
2025-08-27,20250827140500000,sz.002842,11.8900,11.9700,11.8600,11.9600,611600,7283702.0000,3
2025-08-27,20250827141000000,sz.002842,11.9800,12.0700,11.9600,12.0200,827200,9932296.0000,3
2025-08-27,20250827141500000,sz.002842,12.0000,12.0000,11.9000,11.9400,509300,6083267.0000,3
2025-08-27,20250827142000000,sz.002842,11.9400,11.9400,11.8700,11.8700,680700,8104960.0000,3
2025-08-27,20250827142500000,sz.002842,11.8700,11.8800,11.7700,11.8700,1112000,13137407.0000,3
2025-08-27,20250827143000000,sz.002842,11.8700,11.8900,11.6900,11.6900,955400,11250369.0000,3
2025-08-27,20250827143500000,sz.002842,11.7000,11.9200,11.6900,11.8800,884400,10408509.0000,3
2025-08-27,20250827144000000,sz.002842,11.8600,11.9100,11.8000,11.8000,790300,9370808.0000,3
2025-08-27,20250827144500000,sz.002842,11.8000,11.8100,11.7500,11.7900,554000,6519621.0000,3
2025-08-27,20250827145000000,sz.002842,11.7900,11.7900,11.6200,11.6800,1258800,14729667.0000,3
2025-08-27,20250827145500000,sz.002842,11.7000,11.7500,11.6400,11.6400,1349600,15779584.0000,3
2025-08-27,20250827150000000,sz.002842,11.6500,11.6500,11.5900,11.6000,1973100,22903488.0000,3
2025-08-28,20250828093500000,sz.002842,11.8000,12.1800,11.6500,11.7600,10017000,119079320.0000,3
2025-08-28,20250828094000000,sz.002842,11.7600,12.0500,11.7600,11.9300,3429400,40814712.0000,3
2025-08-28,20250828094500000,sz.002842,11.9100,12.2100,11.8500,12.0500,5716000,68917584.0000,3
2025-08-28,20250828095000000,sz.002842,12.0700,12.1500,11.9300,11.9600,2439500,29342144.0000,3
2025-08-28,20250828095500000,sz.002842,11.9900,11.9900,11.7700,11.8400,2204300,26089248.0000,3
2025-08-28,20250828100000000,sz.002842,11.8300,11.8300,11.6200,11.6800,2333900,27331072.0000,3
2025-08-28,20250828100500000,sz.002842,11.6900,11.7000,11.5700,11.5700,2507000,29150720.0000,3
2025-08-28,20250828101000000,sz.002842,11.5800,11.6600,11.3200,11.6300,2569500,29471744.0000,3
2025-08-28,20250828101500000,sz.002842,11.6500,11.7900,11.6000,11.7000,1475000,17223616.0000,3
2025-08-28,20250828102000000,sz.002842,11.7300,11.8600,11.6700,11.7000,1028300,12083776.0000,3
2025-08-28,20250828102500000,sz.002842,11.6900,11.8600,11.6900,11.7800,1244600,14703200.0000,3
2025-08-28,20250828103000000,sz.002842,11.7600,11.8400,11.7500,11.8200,405800,4788544.0000,3
2025-08-28,20250828103500000,sz.002842,11.8200,11.8300,11.7000,11.7000,458300,5391680.0000,3
2025-08-28,20250828104000000,sz.002842,11.7100,11.8000,11.7100,11.7600,431400,5073760.0000,3
2025-08-28,20250828104500000,sz.002842,11.7400,11.8000,11.7200,11.7800,484100,5692128.0000,3
2025-08-28,20250828105000000,sz.002842,11.7800,11.8000,11.7700,11.8000,362900,4278848.0000,3
2025-08-28,20250828105500000,sz.002842,11.8000,11.8100,11.7500,11.7600,493200,5809920.0000,3
2025-08-28,20250828110000000,sz.002842,11.7400,11.7600,11.6800,11.7500,644500,7548128.0000,3
2025-08-28,20250828110500000,sz.002842,11.7400,11.7700,11.6900,11.7100,321200,3766368.0000,3
2025-08-28,20250828111000000,sz.002842,11.7300,11.8000,11.7300,11.7600,313300,3683072.0000,3
2025-08-28,20250828111500000,sz.002842,11.7500,11.7600,11.7000,11.7400,355200,4165376.0000,3
2025-08-28,20250828112000000,sz.002842,11.7300,11.7600,11.6000,11.6100,600300,7007008.0000,3
2025-08-28,20250828112500000,sz.002842,11.6100,11.6100,11.4800,11.4900,716300,8263040.0000,3
2025-08-28,20250828113000000,sz.002842,11.4900,11.6900,11.4900,11.6900,559400,6496160.0000,3
2025-08-28,20250828130500000,sz.002842,11.7500,12.1500,11.7500,11.8200,2821400,33740128.0000,3
2025-08-28,20250828131000000,sz.002842,11.8200,12.7600,11.8200,12.7600,10356900,128719296.0000,3
2025-08-28,20250828131500000,sz.002842,12.7600,12.7600,12.4900,12.6000,15286200,194737152.0000,3
2025-08-28,20250828132000000,sz.002842,12.6200,12.7000,12.4700,12.4800,3605200,45290496.0000,3
2025-08-28,20250828132500000,sz.002842,12.4800,12.6600,12.4200,12.6100,3146800,39489856.0000,3
2025-08-28,20250828133000000,sz.002842,12.6000,12.6700,12.4600,12.4600,2183100,27372352.0000,3
2025-08-28,20250828133500000,sz.002842,12.4600,12.5400,12.4500,12.4800,1103400,13782848.0000,3
2025-08-28,20250828134000000,sz.002842,12.4800,12.7600,12.4700,12.7600,7014200,89319168.0000,3
2025-08-28,20250828134500000,sz.002842,12.7600,12.7600,12.7600,12.7600,478300,6103808.0000,3
2025-08-28,20250828135000000,sz.002842,12.7600,12.7600,12.7600,12.7600,399800,5100736.0000,3
2025-08-28,20250828135500000,sz.002842,12.7600,12.7600,12.7600,12.7600,367000,4682944.0000,3
2025-08-28,20250828140000000,sz.002842,12.7600,12.7600,12.7600,12.7600,177500,2264960.0000,3
2025-08-28,20250828140500000,sz.002842,12.7600,12.7600,12.7600,12.7600,204100,2604288.0000,3
2025-08-28,20250828141000000,sz.002842,12.7600,12.7600,12.7600,12.7600,218200,2784256.0000,3
2025-08-28,20250828141500000,sz.002842,12.7600,12.7600,12.7600,12.7600,126500,1614080.0000,3
2025-08-28,20250828142000000,sz.002842,12.7600,12.7600,12.7600,12.7600,136300,1739136.0000,3
2025-08-28,20250828142500000,sz.002842,12.7600,12.7600,12.7600,12.7600,192800,2460160.0000,3
2025-08-28,20250828143000000,sz.002842,12.7600,12.7600,12.7600,12.7600,96600,1232640.0000,3
2025-08-28,20250828143500000,sz.002842,12.7600,12.7600,12.7600,12.7600,59800,763008.0000,3
2025-08-28,20250828144000000,sz.002842,12.7600,12.7600,12.7600,12.7600,66100,843520.0000,3
2025-08-28,20250828144500000,sz.002842,12.7600,12.7600,12.7600,12.7600,61400,783360.0000,3
2025-08-28,20250828145000000,sz.002842,12.7600,12.7600,12.7600,12.7600,46200,589568.0000,3
2025-08-28,20250828145500000,sz.002842,12.7600,12.7600,12.7600,12.7600,68900,880128.0000,3
2025-08-28,20250828150000000,sz.002842,12.7600,12.7600,12.7600,12.7600,49800,635520.0000,3
2025-08-29,20250829093500000,sz.002842,13.3900,13.5300,12.9100,13.2000,16380400,216551696.0000,3
2025-08-29,20250829094000000,sz.002842,13.2200,13.3800,13.0500,13.1000,7580000,99807536.0000,3
2025-08-29,20250829094500000,sz.002842,13.0800,13.0800,12.8800,12.9000,5163000,66903872.0000,3
2025-08-29,20250829095000000,sz.002842,12.8900,12.9500,12.6000,12.9000,4340800,55475328.0000,3
2025-08-29,20250829095500000,sz.002842,12.9000,12.9600,12.7100,12.9000,2820900,36242592.0000,3
2025-08-29,20250829100000000,sz.002842,12.8900,13.0200,12.8200,12.9300,1981800,25626176.0000,3
2025-08-29,20250829100500000,sz.002842,12.9300,12.9300,12.7400,12.8400,1948200,24978432.0000,3
2025-08-29,20250829101000000,sz.002842,12.8500,13.0700,12.8500,13.0000,2111100,27422360.0000,3
2025-08-29,20250829101500000,sz.002842,13.0000,13.0600,12.9200,12.9800,1414400,18398721.0000,3
2025-08-29,20250829102000000,sz.002842,12.9800,13.2100,12.9800,13.1000,2022400,26562061.0000,3
2025-08-29,20250829102500000,sz.002842,13.1000,13.2800,13.0800,13.0900,1752000,23083254.0000,3
2025-08-29,20250829103000000,sz.002842,13.1000,13.1000,12.9800,13.0200,931800,12134656.0000,3
2025-08-29,20250829103500000,sz.002842,13.0100,13.0100,12.9000,12.9500,1021500,13244028.0000,3
2025-08-29,20250829104000000,sz.002842,12.9200,13.0000,12.7000,12.8000,1705900,21894280.0000,3
2025-08-29,20250829104500000,sz.002842,12.7900,12.9500,12.7900,12.9100,966100,12428736.0000,3
2025-08-29,20250829105000000,sz.002842,12.9100,12.9700,12.8200,12.8700,1219600,15728960.0000,3
2025-08-29,20250829105500000,sz.002842,12.8800,12.9300,12.7600,12.8700,1293200,16593400.0000,3
2025-08-29,20250829110000000,sz.002842,12.8100,13.3000,12.8000,13.1900,3040900,39713920.0000,3
2025-08-29,20250829110500000,sz.002842,13.1800,13.2000,13.0000,13.1400,1703900,22385988.0000,3
2025-08-29,20250829111000000,sz.002842,13.1400,13.3200,13.0900,13.1700,2596600,34325832.0000,3
2025-08-29,20250829111500000,sz.002842,13.1800,13.2000,13.0300,13.1000,1106500,14504643.0000,3
2025-08-29,20250829112000000,sz.002842,13.1100,13.3900,13.1000,13.2300,2227900,29545401.0000,3
2025-08-29,20250829112500000,sz.002842,13.2500,13.2900,13.0600,13.1200,1105900,14565118.0000,3
2025-08-29,20250829113000000,sz.002842,13.0800,13.0900,12.8900,12.9700,1414100,18341054.0000,3
2025-08-29,20250829130500000,sz.002842,12.9700,13.0400,12.8000,12.8100,1640800,21161412.0000,3
2025-08-29,20250829131000000,sz.002842,12.8000,12.9400,12.8000,12.9000,600300,7725184.0000,3
2025-08-29,20250829131500000,sz.002842,12.9000,12.9500,12.8200,12.8200,597400,7689728.0000,3
2025-08-29,20250829132000000,sz.002842,12.8300,12.8700,12.8000,12.8400,631600,8103936.0000,3
2025-08-29,20250829132500000,sz.002842,12.8300,12.8600,12.7100,12.7500,1276800,16322752.0000,3
2025-08-29,20250829133000000,sz.002842,12.7200,12.8200,12.7200,12.7800,817500,10416832.0000,3
2025-08-29,20250829133500000,sz.002842,12.7800,12.9200,12.7800,12.8400,702800,9036800.0000,3
2025-08-29,20250829134000000,sz.002842,12.8500,12.9000,12.8300,12.9000,687500,8850688.0000,3
2025-08-29,20250829134500000,sz.002842,12.9000,12.9800,12.8800,12.8900,816000,10537088.0000,3
2025-08-29,20250829135000000,sz.002842,12.9000,12.9100,12.8500,12.9000,342500,4411136.0000,3
2025-08-29,20250829135500000,sz.002842,12.9000,13.0000,12.8800,12.9700,730000,9457984.0000,3
2025-08-29,20250829140000000,sz.002842,12.9700,13.0000,12.9200,12.9400,368700,4776128.0000,3
2025-08-29,20250829140500000,sz.002842,12.9400,12.9400,12.7500,12.8700,1088200,13963648.0000,3
2025-08-29,20250829141000000,sz.002842,12.8600,12.8800,12.7300,12.8100,745700,9558528.0000,3
2025-08-29,20250829141500000,sz.002842,12.8100,12.8300,12.7100,12.7500,1301600,16612096.0000,3
2025-08-29,20250829142000000,sz.002842,12.7600,12.7800,12.6100,12.6100,2128800,26993792.0000,3
2025-08-29,20250829142500000,sz.002842,12.6000,12.6100,12.5300,12.5900,1695900,21321984.0000,3
2025-08-29,20250829143000000,sz.002842,12.5800,12.6200,12.5400,12.5500,1497900,18831744.0000,3
2025-08-29,20250829143500000,sz.002842,12.5400,12.6500,12.5300,12.5700,1065600,13415424.0000,3
2025-08-29,20250829144000000,sz.002842,12.5900,12.6200,12.5400,12.5600,697900,8771328.0000,3
2025-08-29,20250829144500000,sz.002842,12.5600,12.5800,12.5500,12.5600,752000,9447168.0000,3
2025-08-29,20250829145000000,sz.002842,12.5600,12.5700,12.5000,12.5100,2343700,29357568.0000,3
2025-08-29,20250829145500000,sz.002842,12.5000,12.6100,12.4700,12.6000,2435200,30529920.0000,3
2025-08-29,20250829150000000,sz.002842,12.5900,12.6900,12.5600,12.6100,1415000,17855616.0000,3
2025-09-01,20250901093500000,sz.002842,12.4500,12.6100,12.2600,12.2800,9874200,122472336.0000,3
2025-09-01,20250901094000000,sz.002842,12.2500,12.6200,12.2500,12.6200,3504700,43589680.0000,3
2025-09-01,20250901094500000,sz.002842,12.6300,12.8300,12.5000,12.8000,4518500,57285072.0000,3
2025-09-01,20250901095000000,sz.002842,12.8000,12.8600,12.7600,12.7700,4817800,61669328.0000,3
2025-09-01,20250901095500000,sz.002842,12.7600,12.8000,12.6100,12.7700,1856600,23611232.0000,3
2025-09-01,20250901100000000,sz.002842,12.7800,12.7900,12.5500,12.6100,2357900,29826432.0000,3
2025-09-01,20250901100500000,sz.002842,12.6100,12.6100,12.4800,12.5200,1476500,18517376.0000,3
2025-09-01,20250901101000000,sz.002842,12.5300,12.5300,12.3700,12.4200,2334200,28987072.0000,3
2025-09-01,20250901101500000,sz.002842,12.4200,12.5600,12.4000,12.4900,1310800,16373696.0000,3
2025-09-01,20250901102000000,sz.002842,12.5000,12.6500,12.5000,12.5600,677100,8522304.0000,3
2025-09-01,20250901102500000,sz.002842,12.5700,12.6600,12.5600,12.6000,623400,7858432.0000,3
2025-09-01,20250901103000000,sz.002842,12.6000,12.8000,12.5500,12.7300,2192700,27897792.0000,3
2025-09-01,20250901103500000,sz.002842,12.7400,12.7600,12.6700,12.6700,1115200,14187392.0000,3
2025-09-01,20250901104000000,sz.002842,12.6700,12.7600,12.6000,12.7300,1317100,16748640.0000,3
2025-09-01,20250901104500000,sz.002842,12.7300,12.7600,12.7200,12.7400,1141900,14548544.0000,3
2025-09-01,20250901105000000,sz.002842,12.7300,12.8000,12.7200,12.8000,900400,11498432.0000,3
2025-09-01,20250901105500000,sz.002842,12.7900,12.8800,12.7800,12.8700,1407200,18037440.0000,3
2025-09-01,20250901110000000,sz.002842,12.8600,12.8700,12.8200,12.8600,669000,8593152.0000,3
2025-09-01,20250901110500000,sz.002842,12.8600,12.9700,12.8600,12.9100,2058400,26610208.0000,3
2025-09-01,20250901111000000,sz.002842,12.9100,12.9400,12.8400,12.9100,673000,8676992.0000,3
2025-09-01,20250901111500000,sz.002842,12.9100,13.1000,12.9100,13.0900,1951700,25399424.0000,3
2025-09-01,20250901112000000,sz.002842,13.0900,13.0900,12.9100,12.9900,1293600,16868096.0000,3
2025-09-01,20250901112500000,sz.002842,12.9900,13.0600,12.9700,13.0600,820700,10671616.0000,3
2025-09-01,20250901113000000,sz.002842,13.0600,13.0600,12.9700,12.9800,1178200,15296384.0000,3
2025-09-01,20250901130500000,sz.002842,12.9800,13.0600,12.9800,13.0400,1322200,17194688.0000,3
2025-09-01,20250901131000000,sz.002842,13.0400,13.0400,12.9000,12.9200,583600,7574976.0000,3
2025-09-01,20250901131500000,sz.002842,12.9100,12.9500,12.9000,12.9300,395600,5110656.0000,3
2025-09-01,20250901132000000,sz.002842,12.9300,12.9400,12.9000,12.9300,478400,6177920.0000,3
2025-09-01,20250901132500000,sz.002842,12.9200,12.9600,12.8300,12.9600,733600,9454784.0000,3
2025-09-01,20250901133000000,sz.002842,12.9600,12.9600,12.8500,12.9300,350200,4516992.0000,3
2025-09-01,20250901133500000,sz.002842,12.9200,13.0000,12.9000,12.9800,369900,4790592.0000,3
2025-09-01,20250901134000000,sz.002842,12.9800,12.9800,12.9400,12.9500,382500,4957056.0000,3
2025-09-01,20250901134500000,sz.002842,12.9500,12.9800,12.9300,12.9300,593000,7681280.0000,3
2025-09-01,20250901135000000,sz.002842,12.9200,12.9200,12.8500,12.8800,522800,6734336.0000,3
2025-09-01,20250901135500000,sz.002842,12.8900,12.9500,12.8900,12.9000,407300,5259520.0000,3
2025-09-01,20250901140000000,sz.002842,12.8900,12.9300,12.8900,12.9000,469600,6059008.0000,3
2025-09-01,20250901140500000,sz.002842,12.9000,12.9100,12.8900,12.9100,293700,3789312.0000,3
2025-09-01,20250901141000000,sz.002842,12.9000,12.9100,12.8500,12.8500,601600,7742336.0000,3
2025-09-01,20250901141500000,sz.002842,12.8600,12.8600,12.8200,12.8200,459100,5896576.0000,3
2025-09-01,20250901142000000,sz.002842,12.8200,12.8600,12.8100,12.8600,387400,4969784.0000,3
2025-09-01,20250901142500000,sz.002842,12.8600,12.8800,12.8400,12.8500,350700,4511176.0000,3
2025-09-01,20250901143000000,sz.002842,12.8500,12.8600,12.8200,12.8500,583600,7492736.0000,3
2025-09-01,20250901143500000,sz.002842,12.8500,12.9000,12.8500,12.8800,847300,10910336.0000,3
2025-09-01,20250901144000000,sz.002842,12.8800,12.9000,12.8800,12.8800,496100,6395392.0000,3
2025-09-01,20250901144500000,sz.002842,12.8800,12.9000,12.8600,12.8800,977400,12591424.0000,3
2025-09-01,20250901145000000,sz.002842,12.8800,12.9000,12.8700,12.8900,1008500,12997120.0000,3
2025-09-01,20250901145500000,sz.002842,12.8900,12.9800,12.8800,12.9700,1484600,19221824.0000,3
2025-09-01,20250901150000000,sz.002842,12.9700,12.9700,12.9400,12.9500,1862400,24119936.0000,3
2025-09-02,20250902093500000,sz.002842,12.9800,12.9800,12.5700,12.5800,5790300,73656848.0000,3
2025-09-02,20250902094000000,sz.002842,12.5800,12.5900,12.3200,12.4200,4669400,58151472.0000,3
2025-09-02,20250902094500000,sz.002842,12.4200,12.5300,12.4200,12.4800,2058600,25685536.0000,3
2025-09-02,20250902095000000,sz.002842,12.4800,12.7200,12.4700,12.7200,1719600,21629472.0000,3
2025-09-02,20250902095500000,sz.002842,12.6800,12.7300,12.4500,12.5300,1126600,14145440.0000,3
2025-09-02,20250902100000000,sz.002842,12.5300,12.5900,12.4500,12.5000,894000,11159872.0000,3
2025-09-02,20250902100500000,sz.002842,12.4700,12.4900,12.3500,12.3600,2092700,25933616.0000,3
2025-09-02,20250902101000000,sz.002842,12.3600,12.4800,12.3600,12.4600,713100,8863136.0000,3
2025-09-02,20250902101500000,sz.002842,12.4600,12.6000,12.4500,12.4600,826800,10341744.0000,3
2025-09-02,20250902102000000,sz.002842,12.4600,12.7900,12.4200,12.7900,1383800,17438464.0000,3
2025-09-02,20250902102500000,sz.002842,12.7900,12.8000,12.6000,12.6300,1565900,19917088.0000,3
2025-09-02,20250902103000000,sz.002842,12.6400,12.6900,12.5900,12.6000,547900,6921088.0000,3
2025-09-02,20250902103500000,sz.002842,12.6000,12.6000,12.5000,12.5300,509000,6383712.0000,3
2025-09-02,20250902104000000,sz.002842,12.5400,12.6300,12.5000,12.5900,469300,5898912.0000,3
2025-09-02,20250902104500000,sz.002842,12.5800,12.5800,12.4900,12.4900,664500,8321440.0000,3
2025-09-02,20250902105000000,sz.002842,12.5000,12.5700,12.4500,12.5300,445100,5557888.0000,3
2025-09-02,20250902105500000,sz.002842,12.5400,12.6000,12.5300,12.6000,212300,2665920.0000,3
2025-09-02,20250902110000000,sz.002842,12.5800,12.6000,12.4100,12.4100,890300,11094976.0000,3
2025-09-02,20250902110500000,sz.002842,12.4100,12.4200,12.3500,12.3900,762600,9439424.0000,3
2025-09-02,20250902111000000,sz.002842,12.3900,12.5700,12.3900,12.4900,525500,6576992.0000,3
2025-09-02,20250902111500000,sz.002842,12.4900,12.5500,12.4500,12.5200,300500,3758016.0000,3
2025-09-02,20250902112000000,sz.002842,12.5200,12.5300,12.4500,12.4900,236600,2954976.0000,3
2025-09-02,20250902112500000,sz.002842,12.4800,12.6400,12.4700,12.6400,404500,5074208.0000,3
2025-09-02,20250902113000000,sz.002842,12.6500,12.7100,12.5400,12.5400,441000,5574720.0000,3
2025-09-02,20250902130500000,sz.002842,12.5400,12.5800,12.5100,12.5500,375500,4704672.0000,3
2025-09-02,20250902131000000,sz.002842,12.5600,12.6100,12.5300,12.5300,274800,3457088.0000,3
2025-09-02,20250902131500000,sz.002842,12.5300,12.5300,12.5100,12.5100,353100,4419808.0000,3
2025-09-02,20250902132000000,sz.002842,12.5100,12.5100,12.4500,12.4500,464000,5792224.0000,3
2025-09-02,20250902132500000,sz.002842,12.4600,12.5000,12.4500,12.5000,472100,5891584.0000,3
2025-09-02,20250902133000000,sz.002842,12.4900,12.4900,12.4500,12.4600,346300,4317120.0000,3
2025-09-02,20250902133500000,sz.002842,12.4700,12.4800,12.4400,12.4800,758300,9447392.0000,3
2025-09-02,20250902134000000,sz.002842,12.4900,12.5100,12.4800,12.5000,206600,2582240.0000,3
2025-09-02,20250902134500000,sz.002842,12.5000,12.6300,12.4900,12.5300,434000,5451168.0000,3
2025-09-02,20250902135000000,sz.002842,12.5300,12.5900,12.4900,12.5600,300100,3759808.0000,3
2025-09-02,20250902135500000,sz.002842,12.5600,12.5600,12.4500,12.4600,574800,7182848.0000,3
2025-09-02,20250902140000000,sz.002842,12.4500,12.4600,12.4500,12.4500,386200,4808672.0000,3
2025-09-02,20250902140500000,sz.002842,12.4400,12.4700,12.4400,12.4500,242100,3013184.0000,3
2025-09-02,20250902141000000,sz.002842,12.4600,12.4700,12.4100,12.4200,505800,6291296.0000,3
2025-09-02,20250902141500000,sz.002842,12.4100,12.4200,12.3700,12.3900,792300,9814304.0000,3
2025-09-02,20250902142000000,sz.002842,12.3800,12.4000,12.3500,12.3600,708900,8764896.0000,3
2025-09-02,20250902142500000,sz.002842,12.3500,12.3900,12.3400,12.3700,478200,5908352.0000,3
2025-09-02,20250902143000000,sz.002842,12.3700,12.3700,12.3400,12.3400,731100,9025344.0000,3
2025-09-02,20250902143500000,sz.002842,12.3400,12.3800,12.2800,12.3500,1523200,18756128.0000,3
2025-09-02,20250902144000000,sz.002842,12.3500,12.3500,12.3000,12.3100,844300,10405632.0000,3
2025-09-02,20250902144500000,sz.002842,12.3100,12.3100,12.2100,12.2900,1306500,16029984.0000,3
2025-09-02,20250902145000000,sz.002842,12.3000,12.3000,12.2200,12.3000,883100,10821504.0000,3
2025-09-02,20250902145500000,sz.002842,12.2900,12.3800,12.2600,12.3500,1074800,13232320.0000,3
2025-09-02,20250902150000000,sz.002842,12.3400,12.3700,12.3400,12.3600,1063800,13144764.0000,3
2025-09-03,20250903093500000,sz.002842,12.4500,12.5000,12.1300,12.3400,2890000,35748416.0000,3
2025-09-03,20250903094000000,sz.002842,12.3400,12.3900,12.2200,12.3000,1456800,17907756.0000,3
2025-09-03,20250903094500000,sz.002842,12.3100,12.3500,12.2300,12.2500,726100,8917576.0000,3
2025-09-03,20250903095000000,sz.002842,12.2500,12.2900,12.1900,12.2000,1068300,13041844.0000,3
2025-09-03,20250903095500000,sz.002842,12.2000,12.2000,12.0000,12.0000,1497700,18108136.0000,3
2025-09-03,20250903100000000,sz.002842,12.0000,12.0600,11.9700,12.0500,1546300,18553552.0000,3
2025-09-03,20250903100500000,sz.002842,12.0800,12.1300,12.0000,12.0600,668600,8053448.0000,3
2025-09-03,20250903101000000,sz.002842,12.0500,12.0600,11.9900,12.0300,805400,9678216.0000,3
2025-09-03,20250903101500000,sz.002842,12.0600,12.0800,12.0100,12.0300,426400,5131280.0000,3
2025-09-03,20250903102000000,sz.002842,12.0200,12.2600,12.0100,12.1600,679000,8217504.0000,3
2025-09-03,20250903102500000,sz.002842,12.1600,12.2700,12.1500,12.1800,609200,7457936.0000,3
2025-09-03,20250903103000000,sz.002842,12.1800,12.1800,12.0600,12.1000,228300,2764992.0000,3
2025-09-03,20250903103500000,sz.002842,12.1100,12.1200,11.9800,11.9900,715300,8597584.0000,3
2025-09-03,20250903104000000,sz.002842,11.9900,12.1000,11.9900,12.1000,343000,4127888.0000,3
2025-09-03,20250903104500000,sz.002842,12.0800,12.1100,12.0500,12.0600,575200,6944176.0000,3
2025-09-03,20250903105000000,sz.002842,12.0600,12.2000,12.0400,12.2000,334800,4053488.0000,3
2025-09-03,20250903105500000,sz.002842,12.2000,12.2000,12.0300,12.0500,616600,7459760.0000,3
2025-09-03,20250903110000000,sz.002842,12.0500,12.0600,11.9700,12.0300,668400,8018000.0000,3
2025-09-03,20250903110500000,sz.002842,12.0300,12.1100,11.9800,12.0000,674400,8106832.0000,3
2025-09-03,20250903111000000,sz.002842,11.9800,12.0400,11.9500,11.9700,695100,8324400.0000,3
2025-09-03,20250903111500000,sz.002842,11.9600,11.9700,11.8000,11.8300,1333800,15811920.0000,3
2025-09-03,20250903112000000,sz.002842,11.8900,11.8900,11.7600,11.8200,1175800,13883408.0000,3
2025-09-03,20250903112500000,sz.002842,11.8200,11.8200,11.6500,11.7100,1521400,17849360.0000,3
2025-09-03,20250903113000000,sz.002842,11.7100,11.7400,11.6200,11.6500,1183200,13803040.0000,3
2025-09-03,20250903130500000,sz.002842,11.6500,11.7600,11.6000,11.6300,1490000,17373088.0000,3
2025-09-03,20250903131000000,sz.002842,11.6200,11.7200,11.5500,11.6400,1072300,12462304.0000,3
2025-09-03,20250903131500000,sz.002842,11.6200,11.6400,11.5500,11.6100,610800,7076896.0000,3
2025-09-03,20250903132000000,sz.002842,11.6100,11.6700,11.5500,11.6000,790900,9167680.0000,3
2025-09-03,20250903132500000,sz.002842,11.5900,11.6300,11.5900,11.6100,415100,4817120.0000,3
2025-09-03,20250903133000000,sz.002842,11.6100,11.6200,11.5700,11.5700,413500,4793152.0000,3
2025-09-03,20250903133500000,sz.002842,11.5800,11.6200,11.5500,11.5500,590700,6838144.0000,3
2025-09-03,20250903134000000,sz.002842,11.5500,11.5800,11.4900,11.5300,1229800,14164416.0000,3
2025-09-03,20250903134500000,sz.002842,11.5100,11.5900,11.4900,11.5800,818400,9455360.0000,3
2025-09-03,20250903135000000,sz.002842,11.5600,11.5800,11.4300,11.4700,727900,8356000.0000,3
2025-09-03,20250903135500000,sz.002842,11.4700,11.5400,11.4600,11.5300,601000,6906976.0000,3
2025-09-03,20250903140000000,sz.002842,11.5400,11.5500,11.4600,11.5400,307600,3540544.0000,3
2025-09-03,20250903140500000,sz.002842,11.5500,11.7400,11.5400,11.7100,931000,10861856.0000,3
2025-09-03,20250903141000000,sz.002842,11.7100,11.8000,11.7000,11.7900,894300,10521728.0000,3
2025-09-03,20250903141500000,sz.002842,11.8000,11.8200,11.7100,11.7500,431700,5076000.0000,3
2025-09-03,20250903142000000,sz.002842,11.7500,11.7500,11.6500,11.6600,386800,4527328.0000,3
2025-09-03,20250903142500000,sz.002842,11.6800,11.7300,11.6500,11.6600,316100,3697088.0000,3
2025-09-03,20250903143000000,sz.002842,11.6600,11.6600,11.6000,11.6300,618900,7199008.0000,3
2025-09-03,20250903143500000,sz.002842,11.6300,11.7600,11.6200,11.7100,517900,6063616.0000,3
2025-09-03,20250903144000000,sz.002842,11.7100,11.7100,11.6000,11.6000,439500,5130240.0000,3
2025-09-03,20250903144500000,sz.002842,11.6000,11.6000,11.5100,11.5700,953100,11011072.0000,3
2025-09-03,20250903145000000,sz.002842,11.5700,11.5700,11.5000,11.5000,681900,7863136.0000,3
2025-09-03,20250903145500000,sz.002842,11.4900,11.5000,11.4600,11.5000,1181000,13555584.0000,3
2025-09-03,20250903150000000,sz.002842,11.4900,11.5100,11.4700,11.5100,740800,8516800.0000,3
2025-09-04,20250904093500000,sz.002842,11.6100,12.6600,11.6100,12.3400,17117400,211889104.0000,3
2025-09-04,20250904094000000,sz.002842,12.3300,12.4000,12.1400,12.2400,4686000,57509840.0000,3
2025-09-04,20250904094500000,sz.002842,12.2400,12.3300,12.1200,12.1700,2528800,30943104.0000,3
2025-09-04,20250904095000000,sz.002842,12.1500,12.2100,12.0800,12.1100,1317900,15983296.0000,3
2025-09-04,20250904095500000,sz.002842,12.1500,12.1700,12.0100,12.0200,1661900,20080160.0000,3
2025-09-04,20250904100000000,sz.002842,12.0100,12.0500,12.0100,12.0100,849400,10216544.0000,3
2025-09-04,20250904100500000,sz.002842,12.0000,12.0000,11.9300,11.9300,1483000,17752192.0000,3
2025-09-04,20250904101000000,sz.002842,11.9400,11.9500,11.8500,11.8500,843400,10040672.0000,3
2025-09-04,20250904101500000,sz.002842,11.8600,12.0000,11.8400,11.9700,1081800,12888672.0000,3
2025-09-04,20250904102000000,sz.002842,11.9700,12.0400,11.9700,12.0300,510300,6133184.0000,3
2025-09-04,20250904102500000,sz.002842,12.0300,12.0300,11.9200,11.9300,482600,5785312.0000,3
2025-09-04,20250904103000000,sz.002842,11.9400,11.9600,11.9000,11.9200,346500,4133920.0000,3
2025-09-04,20250904103500000,sz.002842,11.9100,11.9200,11.8400,11.8400,538500,6399584.0000,3
2025-09-04,20250904104000000,sz.002842,11.8400,11.8800,11.8300,11.8500,536100,6349952.0000,3
2025-09-04,20250904104500000,sz.002842,11.8600,11.8900,11.8400,11.8600,311800,3696960.0000,3
2025-09-04,20250904105000000,sz.002842,11.8600,11.8600,11.8100,11.8200,389500,4609696.0000,3
2025-09-04,20250904105500000,sz.002842,11.8100,11.8200,11.7500,11.8100,614300,7240928.0000,3
2025-09-04,20250904110000000,sz.002842,11.8100,11.8600,11.8100,11.8600,367500,4349504.0000,3
2025-09-04,20250904110500000,sz.002842,11.8600,12.0300,11.8500,11.9600,658600,7862272.0000,3
2025-09-04,20250904111000000,sz.002842,11.9600,11.9600,11.8200,11.8600,549000,6515328.0000,3
2025-09-04,20250904111500000,sz.002842,11.8600,11.8900,11.8100,11.8300,273900,3245664.0000,3
2025-09-04,20250904112000000,sz.002842,11.8300,11.8500,11.7500,11.8400,486900,5741632.0000,3
2025-09-04,20250904112500000,sz.002842,11.8000,11.8400,11.7700,11.7700,363700,4293760.0000,3
2025-09-04,20250904113000000,sz.002842,11.7700,11.8300,11.7600,11.8200,498700,5870304.0000,3
2025-09-04,20250904130500000,sz.002842,11.8500,11.8800,11.8200,11.8200,305300,3612960.0000,3
2025-09-04,20250904131000000,sz.002842,11.8200,11.9300,11.8100,11.9000,216200,2566720.0000,3
2025-09-04,20250904131500000,sz.002842,11.9100,11.9200,11.8700,11.8900,394100,4688768.0000,3
2025-09-04,20250904132000000,sz.002842,11.8800,11.8900,11.8100,11.8200,411000,4867936.0000,3
2025-09-04,20250904132500000,sz.002842,11.8200,11.8300,11.7800,11.8000,290700,3430944.0000,3
2025-09-04,20250904133000000,sz.002842,11.7900,11.8500,11.7900,11.8200,173800,2054080.0000,3
2025-09-04,20250904133500000,sz.002842,11.8200,11.8200,11.7600,11.7800,481900,5678336.0000,3
2025-09-04,20250904134000000,sz.002842,11.8000,11.8300,11.7700,11.7800,293800,3466688.0000,3
2025-09-04,20250904134500000,sz.002842,11.7900,11.8000,11.7000,11.7100,392400,4602016.0000,3
2025-09-04,20250904135000000,sz.002842,11.7200,11.7900,11.7200,11.7700,700300,8234112.0000,3
2025-09-04,20250904135500000,sz.002842,11.7700,11.7700,11.6800,11.7500,759300,8894304.0000,3
2025-09-04,20250904140000000,sz.002842,11.7500,11.7900,11.7200,11.7200,223300,2625664.0000,3
2025-09-04,20250904140500000,sz.002842,11.7300,11.7300,11.6800,11.6900,317700,3715008.0000,3
2025-09-04,20250904141000000,sz.002842,11.6800,11.6800,11.5800,11.5800,619500,7200416.0000,3
2025-09-04,20250904141500000,sz.002842,11.5800,11.5800,11.4900,11.5600,516900,5958272.0000,3
2025-09-04,20250904142000000,sz.002842,11.5500,11.5600,11.4600,11.4800,718400,8261888.0000,3
2025-09-04,20250904142500000,sz.002842,11.4900,11.5000,11.4300,11.4500,472100,5408000.0000,3
2025-09-04,20250904143000000,sz.002842,11.4500,11.5000,11.4100,11.5000,512700,5863680.0000,3
2025-09-04,20250904143500000,sz.002842,11.5000,11.5000,11.3100,11.3400,581400,6630528.0000,3
2025-09-04,20250904144000000,sz.002842,11.3400,11.4200,11.3100,11.4100,694700,7881216.0000,3
2025-09-04,20250904144500000,sz.002842,11.3800,11.5800,11.3800,11.5700,417900,4790400.0000,3
2025-09-04,20250904145000000,sz.002842,11.5800,11.6100,11.4800,11.6100,739000,8553600.0000,3
2025-09-04,20250904145500000,sz.002842,11.6100,11.7400,11.6100,11.7200,900600,10533696.0000,3
2025-09-04,20250904150000000,sz.002842,11.7100,11.7300,11.6900,11.7200,872900,10222592.0000,3
2025-09-05,20250905093500000,sz.002842,11.5000,11.6700,11.3700,11.5200,4623300,53088436.0000,3
2025-09-05,20250905094000000,sz.002842,11.5100,11.5700,11.4300,11.5600,1511100,17382084.0000,3
2025-09-05,20250905094500000,sz.002842,11.5500,11.6000,11.4700,11.5100,1291000,14904448.0000,3
2025-09-05,20250905095000000,sz.002842,11.5200,11.7400,11.5200,11.6800,1719300,20086904.0000,3
2025-09-05,20250905095500000,sz.002842,11.6700,11.6700,11.5300,11.6500,962000,11151248.0000,3
2025-09-05,20250905100000000,sz.002842,11.6500,11.6700,11.6200,11.6600,763500,8896024.0000,3
2025-09-05,20250905100500000,sz.002842,11.6700,11.6800,11.6100,11.6700,856300,9977128.0000,3
2025-09-05,20250905101000000,sz.002842,11.6700,11.7500,11.5900,11.6000,938300,10961936.0000,3
2025-09-05,20250905101500000,sz.002842,11.6100,11.6400,11.5900,11.6200,446800,5184400.0000,3
2025-09-05,20250905102000000,sz.002842,11.6000,11.6200,11.5600,11.5900,606700,7026192.0000,3
2025-09-05,20250905102500000,sz.002842,11.5900,11.6600,11.5900,11.6300,516200,5994464.0000,3
2025-09-05,20250905103000000,sz.002842,11.6000,11.6700,11.5700,11.6600,1133700,13160016.0000,3
2025-09-05,20250905103500000,sz.002842,11.6500,11.7500,11.6200,11.7000,977400,11438432.0000,3
2025-09-05,20250905104000000,sz.002842,11.7000,11.7500,11.6500,11.6900,808900,9467312.0000,3
2025-09-05,20250905104500000,sz.002842,11.7100,11.7200,11.6900,11.7000,381600,4466320.0000,3
2025-09-05,20250905105000000,sz.002842,11.7100,11.7500,11.7100,11.7200,794000,9314288.0000,3
2025-09-05,20250905105500000,sz.002842,11.7300,11.7800,11.7000,11.7600,607700,7123824.0000,3
2025-09-05,20250905110000000,sz.002842,11.7600,11.8000,11.7300,11.7500,814100,9583936.0000,3
2025-09-05,20250905110500000,sz.002842,11.7500,11.7600,11.6600,11.6600,484400,5665408.0000,3
2025-09-05,20250905111000000,sz.002842,11.6600,11.7100,11.6600,11.7100,320000,3740176.0000,3
2025-09-05,20250905111500000,sz.002842,11.7100,11.7200,11.6600,11.6900,448200,5235680.0000,3
2025-09-05,20250905112000000,sz.002842,11.6900,11.7100,11.6100,11.6100,506800,5901360.0000,3
2025-09-05,20250905112500000,sz.002842,11.6100,11.6600,11.6000,11.6000,304500,3540576.0000,3
2025-09-05,20250905113000000,sz.002842,11.6000,11.6300,11.5700,11.6000,545900,6327280.0000,3
2025-09-05,20250905130500000,sz.002842,11.6400,11.6900,11.6200,11.6500,512400,5974160.0000,3
2025-09-05,20250905131000000,sz.002842,11.6600,11.7300,11.6200,11.7000,682400,7972736.0000,3
2025-09-05,20250905131500000,sz.002842,11.7100,11.7500,11.6900,11.7100,527300,6180992.0000,3
2025-09-05,20250905132000000,sz.002842,11.7100,11.7100,11.6400,11.6500,339400,3960640.0000,3
2025-09-05,20250905132500000,sz.002842,11.6500,11.6800,11.6300,11.6300,418500,4876416.0000,3
2025-09-05,20250905133000000,sz.002842,11.6300,11.6600,11.6200,11.6500,339300,3946720.0000,3
2025-09-05,20250905133500000,sz.002842,11.6500,11.6800,11.6400,11.6500,397300,4630688.0000,3
2025-09-05,20250905134000000,sz.002842,11.6600,11.6600,11.6300,11.6500,316500,3685728.0000,3
2025-09-05,20250905134500000,sz.002842,11.6700,11.7200,11.6700,11.6800,849900,9939616.0000,3
2025-09-05,20250905135000000,sz.002842,11.6700,11.7000,11.6700,11.7000,483300,5649568.0000,3
2025-09-05,20250905135500000,sz.002842,11.7100,11.7200,11.6900,11.7100,410100,4799296.0000,3
2025-09-05,20250905140000000,sz.002842,11.7100,11.7300,11.7000,11.7100,350000,4100448.0000,3
2025-09-05,20250905140500000,sz.002842,11.7200,11.7400,11.6900,11.7100,649500,7610784.0000,3
2025-09-05,20250905141000000,sz.002842,11.7200,11.7600,11.7100,11.7300,553100,6494016.0000,3
2025-09-05,20250905141500000,sz.002842,11.7400,11.7600,11.6900,11.7000,572800,6719296.0000,3
2025-09-05,20250905142000000,sz.002842,11.7000,11.7400,11.7000,11.7400,375000,4394528.0000,3
2025-09-05,20250905142500000,sz.002842,11.7300,11.7800,11.7300,11.7800,481900,5664160.0000,3
2025-09-05,20250905143000000,sz.002842,11.7800,11.8100,11.7700,11.8000,755100,8899456.0000,3
2025-09-05,20250905143500000,sz.002842,11.8000,11.8400,11.7800,11.8000,1019500,12038688.0000,3
2025-09-05,20250905144000000,sz.002842,11.8000,11.8000,11.7600,11.7800,598900,7052832.0000,3
2025-09-05,20250905144500000,sz.002842,11.7800,11.8100,11.7800,11.8000,746400,8803168.0000,3
2025-09-05,20250905145000000,sz.002842,11.8100,11.8100,11.7700,11.7900,849100,10009280.0000,3
2025-09-05,20250905145500000,sz.002842,11.7900,11.7900,11.7700,11.7900,1072200,12628608.0000,3
2025-09-05,20250905150000000,sz.002842,11.7800,11.8100,11.7700,11.8100,1135900,13395680.0000,3
2025-09-08,20250908093500000,sz.002842,12.2000,12.2000,12.0100,12.1200,7086100,85883408.0000,3
2025-09-08,20250908094000000,sz.002842,12.1300,12.2900,12.0800,12.2400,3532500,43057264.0000,3
2025-09-08,20250908094500000,sz.002842,12.2100,12.3000,12.1600,12.3000,2141000,26129120.0000,3
2025-09-08,20250908095000000,sz.002842,12.3000,12.4200,12.2400,12.2700,3104200,38280784.0000,3
2025-09-08,20250908095500000,sz.002842,12.2700,12.3000,12.2000,12.2100,1590400,19492400.0000,3
2025-09-08,20250908100000000,sz.002842,12.2100,12.2300,12.1800,12.1900,735200,8967616.0000,3
2025-09-08,20250908100500000,sz.002842,12.1900,12.2300,12.1100,12.2100,1071600,13034672.0000,3
2025-09-08,20250908101000000,sz.002842,12.2200,12.2600,12.1900,12.2400,955100,11684576.0000,3
2025-09-08,20250908101500000,sz.002842,12.2400,12.2500,12.2000,12.2100,661200,8080368.0000,3
2025-09-08,20250908102000000,sz.002842,12.2100,12.2200,12.0500,12.0500,837700,10155840.0000,3
2025-09-08,20250908102500000,sz.002842,12.0700,12.1000,12.0200,12.0800,1017600,12262880.0000,3
2025-09-08,20250908103000000,sz.002842,12.0800,12.1000,12.0500,12.0500,588200,7093600.0000,3
2025-09-08,20250908103500000,sz.002842,12.0500,12.0900,12.0200,12.0700,560200,6748832.0000,3
2025-09-08,20250908104000000,sz.002842,12.0700,12.0700,11.9600,11.9600,849700,10197952.0000,3
2025-09-08,20250908104500000,sz.002842,11.9600,12.0400,11.9600,12.0200,698100,8374336.0000,3
2025-09-08,20250908105000000,sz.002842,12.0200,12.0600,12.0100,12.0200,604800,7281536.0000,3
2025-09-08,20250908105500000,sz.002842,12.0400,12.0500,12.0000,12.0300,353300,4247456.0000,3
2025-09-08,20250908110000000,sz.002842,12.0400,12.1200,12.0400,12.1200,433300,5239616.0000,3
2025-09-08,20250908110500000,sz.002842,12.1200,12.1700,12.0800,12.0800,371300,4498112.0000,3
2025-09-08,20250908111000000,sz.002842,12.0800,12.0800,12.0200,12.0500,213300,2568544.0000,3
2025-09-08,20250908111500000,sz.002842,12.0500,12.0800,12.0500,12.0700,183500,2213312.0000,3
2025-09-08,20250908112000000,sz.002842,12.0700,12.1000,12.0300,12.0400,194200,2341472.0000,3
2025-09-08,20250908112500000,sz.002842,12.0300,12.0800,12.0300,12.0700,148700,1791712.0000,3
2025-09-08,20250908113000000,sz.002842,12.0500,12.0800,12.0200,12.0600,197000,2373664.0000,3
2025-09-08,20250908130500000,sz.002842,12.0600,12.0700,12.0000,12.0400,484200,5823104.0000,3
2025-09-08,20250908131000000,sz.002842,12.0400,12.0700,11.9900,11.9900,537300,6453952.0000,3
2025-09-08,20250908131500000,sz.002842,11.9900,12.0000,11.9800,11.9900,455200,5458112.0000,3
2025-09-08,20250908132000000,sz.002842,12.0000,12.0100,11.9900,12.0100,159300,1911456.0000,3
2025-09-08,20250908132500000,sz.002842,12.0100,12.0100,11.9800,12.0000,276500,3315136.0000,3
2025-09-08,20250908133000000,sz.002842,12.0000,12.0100,11.9800,11.9900,234300,2809472.0000,3
2025-09-08,20250908133500000,sz.002842,11.9900,12.0100,11.9600,11.9600,303100,3630272.0000,3
2025-09-08,20250908134000000,sz.002842,11.9700,11.9800,11.9500,11.9600,334300,3999136.0000,3
2025-09-08,20250908134500000,sz.002842,11.9600,11.9700,11.9200,11.9200,341900,4084192.0000,3
2025-09-08,20250908135000000,sz.002842,11.9200,11.9700,11.9100,11.9700,244700,2919040.0000,3
2025-09-08,20250908135500000,sz.002842,11.9600,11.9700,11.9400,11.9400,159900,1911808.0000,3
2025-09-08,20250908140000000,sz.002842,11.9500,11.9700,11.9400,11.9700,115700,1383904.0000,3
2025-09-08,20250908140500000,sz.002842,11.9700,11.9700,11.9200,11.9300,224300,2679008.0000,3
2025-09-08,20250908141000000,sz.002842,11.9200,11.9300,11.9100,11.9200,192500,2294752.0000,3
2025-09-08,20250908141500000,sz.002842,11.9300,11.9500,11.9200,11.9400,196400,2343392.0000,3
2025-09-08,20250908142000000,sz.002842,11.9300,11.9400,11.9200,11.9200,206600,2464160.0000,3
2025-09-08,20250908142500000,sz.002842,11.9200,11.9300,11.9100,11.9200,395300,4711808.0000,3
2025-09-08,20250908143000000,sz.002842,11.9200,11.9300,11.9100,11.9200,252500,3009408.0000,3
2025-09-08,20250908143500000,sz.002842,11.9200,12.0200,11.9100,12.0100,443900,5303520.0000,3
2025-09-08,20250908144000000,sz.002842,12.0100,12.0300,11.9900,11.9900,508400,6107424.0000,3
2025-09-08,20250908144500000,sz.002842,11.9900,11.9900,11.9600,11.9800,410100,4912736.0000,3
2025-09-08,20250908145000000,sz.002842,11.9800,11.9800,11.9300,11.9400,555000,6633152.0000,3
2025-09-08,20250908145500000,sz.002842,11.9300,11.9600,11.9300,11.9600,683600,8167488.0000,3
2025-09-08,20250908150000000,sz.002842,11.9600,11.9700,11.9500,11.9500,763500,9127456.0000,3
2025-09-09,20250909093500000,sz.002842,11.9500,12.1000,11.8000,11.8000,2842100,33853008.0000,3
2025-09-09,20250909094000000,sz.002842,11.8000,11.9700,11.7600,11.9300,1746000,20689456.0000,3
2025-09-09,20250909094500000,sz.002842,11.9200,12.1400,11.8900,12.0200,1699600,20452568.0000,3
2025-09-09,20250909095000000,sz.002842,12.0100,12.0500,11.9600,11.9800,919200,11038328.0000,3
2025-09-09,20250909095500000,sz.002842,11.9800,12.0800,11.9400,12.0800,915800,10989704.0000,3
2025-09-09,20250909100000000,sz.002842,12.0700,12.1100,12.0400,12.0800,962800,11628888.0000,3
2025-09-09,20250909100500000,sz.002842,12.0600,12.0700,12.0000,12.0200,478600,5757248.0000,3
2025-09-09,20250909101000000,sz.002842,12.0200,12.0500,12.0000,12.0400,401200,4821312.0000,3
2025-09-09,20250909101500000,sz.002842,12.0300,12.0800,12.0300,12.0600,587500,7086528.0000,3
2025-09-09,20250909102000000,sz.002842,12.0900,12.1000,12.0200,12.0200,575300,6948688.0000,3
2025-09-09,20250909102500000,sz.002842,12.0200,12.0700,11.9900,12.0600,676500,8131744.0000,3
2025-09-09,20250909103000000,sz.002842,12.0400,12.0900,12.0400,12.0800,806500,9728208.0000,3
2025-09-09,20250909103500000,sz.002842,12.0900,12.0900,12.0100,12.0400,452800,5457488.0000,3
2025-09-09,20250909104000000,sz.002842,12.0300,12.1500,12.0300,12.1000,1579100,19128624.0000,3
2025-09-09,20250909104500000,sz.002842,12.1000,12.1900,12.0800,12.1600,1075500,13059696.0000,3
2025-09-09,20250909105000000,sz.002842,12.1700,12.1800,12.1200,12.1300,712100,8653136.0000,3
2025-09-09,20250909105500000,sz.002842,12.1400,12.1400,12.0400,12.0500,610200,7366128.0000,3
2025-09-09,20250909110000000,sz.002842,12.0500,12.1000,12.0500,12.0800,237200,2864096.0000,3
2025-09-09,20250909110500000,sz.002842,12.0700,12.0700,12.0300,12.0500,355800,4287280.0000,3
2025-09-09,20250909111000000,sz.002842,12.0500,12.0600,12.0100,12.0200,312300,3759600.0000,3
2025-09-09,20250909111500000,sz.002842,12.0100,12.0200,11.9700,11.9700,597800,7168384.0000,3
2025-09-09,20250909112000000,sz.002842,11.9600,11.9800,11.8900,11.9000,582000,6950112.0000,3
2025-09-09,20250909112500000,sz.002842,11.9100,11.9300,11.9000,11.9000,315300,3756288.0000,3
2025-09-09,20250909113000000,sz.002842,11.9000,11.9100,11.8600,11.9100,482200,5730192.0000,3
2025-09-09,20250909130500000,sz.002842,11.9200,11.9500,11.8600,11.8600,391300,4647504.0000,3
2025-09-09,20250909131000000,sz.002842,11.8600,11.9200,11.8400,11.9100,345800,4109360.0000,3
2025-09-09,20250909131500000,sz.002842,11.9100,11.9100,11.8600,11.8800,244000,2899056.0000,3
2025-09-09,20250909132000000,sz.002842,11.8700,11.8800,11.7900,11.8200,801600,9469392.0000,3
2025-09-09,20250909132500000,sz.002842,11.8100,11.8600,11.8000,11.8000,354600,4190736.0000,3
2025-09-09,20250909133000000,sz.002842,11.8000,11.8900,11.8000,11.8900,205400,2433056.0000,3
2025-09-09,20250909133500000,sz.002842,11.9000,11.9000,11.8100,11.8400,277900,3293344.0000,3
2025-09-09,20250909134000000,sz.002842,11.8300,11.8500,11.8200,11.8300,173300,2050176.0000,3
2025-09-09,20250909134500000,sz.002842,11.8200,11.8600,11.8200,11.8200,202100,2391424.0000,3
2025-09-09,20250909135000000,sz.002842,11.8200,11.8200,11.7500,11.7800,557400,6568128.0000,3
2025-09-09,20250909135500000,sz.002842,11.7700,11.8100,11.7700,11.8000,279200,3291296.0000,3
2025-09-09,20250909140000000,sz.002842,11.8100,11.8300,11.7000,11.7000,440800,5186560.0000,3
2025-09-09,20250909140500000,sz.002842,11.7000,11.7500,11.6600,11.7500,460000,5380704.0000,3
2025-09-09,20250909141000000,sz.002842,11.7500,11.7800,11.7400,11.7600,197700,2324992.0000,3
2025-09-09,20250909141500000,sz.002842,11.7600,11.8200,11.7500,11.8200,204800,2412896.0000,3
2025-09-09,20250909142000000,sz.002842,11.8200,11.8400,11.8000,11.8100,288600,3412320.0000,3
2025-09-09,20250909142500000,sz.002842,11.8100,11.8100,11.7400,11.7600,292300,3439488.0000,3
2025-09-09,20250909143000000,sz.002842,11.7700,11.7800,11.7300,11.7400,234800,2761952.0000,3
2025-09-09,20250909143500000,sz.002842,11.7300,11.7500,11.7000,11.7000,261900,3068320.0000,3
2025-09-09,20250909144000000,sz.002842,11.7000,11.7600,11.7000,11.7300,160800,1886400.0000,3
2025-09-09,20250909144500000,sz.002842,11.7400,11.7800,11.7300,11.7400,277500,3264032.0000,3
2025-09-09,20250909145000000,sz.002842,11.7400,11.7800,11.7100,11.7100,766900,8995232.0000,3
2025-09-09,20250909145500000,sz.002842,11.7100,11.7200,11.7100,11.7200,446500,5229920.0000,3
2025-09-09,20250909150000000,sz.002842,11.7100,11.7200,11.7000,11.7100,535300,6269120.0000,3
2025-09-10,20250910093500000,sz.002842,11.6000,11.7200,11.5700,11.6700,1907900,22185716.0000,3
2025-09-10,20250910094000000,sz.002842,11.7000,11.7500,11.6200,11.7400,878700,10254052.0000,3
2025-09-10,20250910094500000,sz.002842,11.7300,11.7400,11.6600,11.6900,911900,10658148.0000,3
2025-09-10,20250910095000000,sz.002842,11.6800,11.7100,11.6600,11.6800,801500,9360192.0000,3
2025-09-10,20250910095500000,sz.002842,11.6700,11.7200,11.6600,11.6900,695600,8132992.0000,3
2025-09-10,20250910100000000,sz.002842,11.6900,11.7300,11.6200,11.6300,789500,9207164.0000,3
2025-09-10,20250910100500000,sz.002842,11.6200,11.6200,11.5600,11.5700,1044400,12113008.0000,3
2025-09-10,20250910101000000,sz.002842,11.5700,11.5900,11.5500,11.5700,798400,9236024.0000,3
2025-09-10,20250910101500000,sz.002842,11.5600,11.6000,11.5500,11.5800,293300,3392408.0000,3
2025-09-10,20250910102000000,sz.002842,11.5700,11.5800,11.4900,11.5000,1165200,13422736.0000,3
2025-09-10,20250910102500000,sz.002842,11.4900,11.5100,11.4600,11.4700,648300,7449000.0000,3
2025-09-10,20250910103000000,sz.002842,11.4600,11.5100,11.4600,11.4700,681700,7823584.0000,3
2025-09-10,20250910103500000,sz.002842,11.4700,11.4900,11.4600,11.4700,340100,3901264.0000,3
2025-09-10,20250910104000000,sz.002842,11.4700,11.4900,11.4000,11.4100,976000,11160096.0000,3
2025-09-10,20250910104500000,sz.002842,11.4100,11.4300,11.3800,11.4000,847500,9658688.0000,3
2025-09-10,20250910105000000,sz.002842,11.3800,11.5100,11.3800,11.4900,489300,5602816.0000,3
2025-09-10,20250910105500000,sz.002842,11.4900,11.5000,11.4400,11.4600,158800,1821632.0000,3
2025-09-10,20250910110000000,sz.002842,11.4600,11.4800,11.4200,11.4300,175500,2008592.0000,3
2025-09-10,20250910110500000,sz.002842,11.4300,11.4800,11.4100,11.4700,263000,3006336.0000,3
2025-09-10,20250910111000000,sz.002842,11.4700,11.5100,11.4700,11.5000,354800,4078272.0000,3
2025-09-10,20250910111500000,sz.002842,11.5100,11.5700,11.5100,11.5600,224000,2583392.0000,3
2025-09-10,20250910112000000,sz.002842,11.5600,11.5700,11.5300,11.5400,197200,2277920.0000,3
2025-09-10,20250910112500000,sz.002842,11.5400,11.5700,11.5300,11.5600,167800,1937712.0000,3
2025-09-10,20250910113000000,sz.002842,11.5600,11.5600,11.5100,11.5500,141600,1633264.0000,3
2025-09-10,20250910130500000,sz.002842,11.5500,11.5600,11.5100,11.5300,168400,1943376.0000,3
2025-09-10,20250910131000000,sz.002842,11.5300,11.5600,11.5100,11.5300,317100,3656480.0000,3
2025-09-10,20250910131500000,sz.002842,11.5300,11.5600,11.5100,11.5100,184800,2130128.0000,3
2025-09-10,20250910132000000,sz.002842,11.5100,11.5200,11.4500,11.4900,446900,5131184.0000,3
2025-09-10,20250910132500000,sz.002842,11.4700,11.5100,11.4500,11.5100,294900,3383120.0000,3
2025-09-10,20250910133000000,sz.002842,11.5000,11.5400,11.5000,11.5100,141200,1627312.0000,3
2025-09-10,20250910133500000,sz.002842,11.5100,11.5200,11.4800,11.5000,297700,3421920.0000,3
2025-09-10,20250910134000000,sz.002842,11.4800,11.5200,11.4800,11.5100,190000,2185376.0000,3
2025-09-10,20250910134500000,sz.002842,11.5200,11.5400,11.5000,11.5400,153700,1770928.0000,3
2025-09-10,20250910135000000,sz.002842,11.5300,11.5300,11.5200,11.5200,72700,837920.0000,3
2025-09-10,20250910135500000,sz.002842,11.5200,11.5300,11.4900,11.5200,167200,1924688.0000,3
2025-09-10,20250910140000000,sz.002842,11.5200,11.5300,11.5100,11.5200,216800,2498464.0000,3
2025-09-10,20250910140500000,sz.002842,11.5300,11.5600,11.5200,11.5500,281300,3247184.0000,3
2025-09-10,20250910141000000,sz.002842,11.5500,11.6000,11.5400,11.5600,465400,5383328.0000,3
2025-09-10,20250910141500000,sz.002842,11.5500,11.5600,11.5300,11.5600,94700,1093424.0000,3
2025-09-10,20250910142000000,sz.002842,11.5600,11.5600,11.5500,11.5500,109400,1264048.0000,3
2025-09-10,20250910142500000,sz.002842,11.5500,11.5700,11.5400,11.5500,218800,2527696.0000,3
2025-09-10,20250910143000000,sz.002842,11.5500,11.5600,11.5300,11.5500,143800,1660000.0000,3
2025-09-10,20250910143500000,sz.002842,11.5500,11.5500,11.5100,11.5400,229300,2643728.0000,3
2025-09-10,20250910144000000,sz.002842,11.5500,11.5500,11.5200,11.5200,106300,1226032.0000,3
2025-09-10,20250910144500000,sz.002842,11.5200,11.5200,11.5000,11.5100,372100,4283184.0000,3
2025-09-10,20250910145000000,sz.002842,11.5100,11.5300,11.5000,11.5100,290800,3348960.0000,3
2025-09-10,20250910145500000,sz.002842,11.5000,11.5200,11.5000,11.5100,278800,3209616.0000,3
2025-09-10,20250910150000000,sz.002842,11.5200,11.5200,11.5000,11.5100,448000,5157088.0000,3
2025-09-11,20250911093500000,sz.002842,11.5100,11.5500,11.3800,11.3800,1364900,15606990.0000,3
2025-09-11,20250911094000000,sz.002842,11.3700,11.4400,11.3600,11.4100,937600,10676574.0000,3
2025-09-11,20250911094500000,sz.002842,11.4200,11.5500,11.3700,11.5400,1152300,13237020.0000,3
2025-09-11,20250911095000000,sz.002842,11.5300,11.6000,11.5200,11.5700,730700,8447696.0000,3
2025-09-11,20250911095500000,sz.002842,11.5700,11.6300,11.5400,11.5900,1454200,16857224.0000,3
2025-09-11,20250911100000000,sz.002842,11.5900,11.6900,11.5900,11.6600,1070100,12472544.0000,3
2025-09-11,20250911100500000,sz.002842,11.6600,11.6700,11.6200,11.6300,476900,5552216.0000,3
2025-09-11,20250911101000000,sz.002842,11.6300,11.6700,11.6100,11.6300,303500,3532128.0000,3
2025-09-11,20250911101500000,sz.002842,11.6300,11.6500,11.6100,11.6400,279500,3250248.0000,3
2025-09-11,20250911102000000,sz.002842,11.6300,11.6400,11.6000,11.6000,339000,3940720.0000,3
2025-09-11,20250911102500000,sz.002842,11.6000,11.6100,11.5500,11.5600,367000,4249128.0000,3
2025-09-11,20250911103000000,sz.002842,11.5600,11.5800,11.5400,11.5700,244800,2828864.0000,3
2025-09-11,20250911103500000,sz.002842,11.5900,11.6100,11.5600,11.5800,114600,1328144.0000,3
2025-09-11,20250911104000000,sz.002842,11.5800,11.6000,11.5700,11.5800,151600,1756144.0000,3
2025-09-11,20250911104500000,sz.002842,11.6000,11.6000,11.5800,11.5900,164900,1911560.0000,3
2025-09-11,20250911105000000,sz.002842,11.5900,11.6300,11.5900,11.6300,256000,2971656.0000,3
2025-09-11,20250911105500000,sz.002842,11.6200,11.6300,11.6100,11.6300,134800,1566336.0000,3
2025-09-11,20250911110000000,sz.002842,11.6200,11.6600,11.6000,11.6300,375000,4363240.0000,3
2025-09-11,20250911110500000,sz.002842,11.6300,11.6500,11.6300,11.6300,243000,2828576.0000,3
2025-09-11,20250911111000000,sz.002842,11.6300,11.6300,11.6000,11.6000,263100,3055104.0000,3
2025-09-11,20250911111500000,sz.002842,11.6100,11.6400,11.6100,11.6400,265100,3081480.0000,3
2025-09-11,20250911112000000,sz.002842,11.6300,11.6400,11.6100,11.6300,241700,2808456.0000,3
2025-09-11,20250911112500000,sz.002842,11.6200,11.6700,11.6200,11.6400,419500,4884680.0000,3
2025-09-11,20250911113000000,sz.002842,11.6400,11.6900,11.6300,11.6900,309400,3607048.0000,3
2025-09-11,20250911130500000,sz.002842,11.6900,11.7000,11.6600,11.6700,532900,6225152.0000,3
2025-09-11,20250911131000000,sz.002842,11.6700,11.7100,11.6700,11.7000,337800,3950624.0000,3
2025-09-11,20250911131500000,sz.002842,11.6900,11.7000,11.6700,11.6800,410600,4795296.0000,3
2025-09-11,20250911132000000,sz.002842,11.6700,11.6900,11.6300,11.6300,258400,3014496.0000,3
2025-09-11,20250911132500000,sz.002842,11.6300,11.6800,11.6300,11.6700,205200,2392816.0000,3
2025-09-11,20250911133000000,sz.002842,11.6700,11.6800,11.6500,11.6600,177000,2063552.0000,3
2025-09-11,20250911133500000,sz.002842,11.6600,11.6600,11.6400,11.6400,237900,2772512.0000,3
2025-09-11,20250911134000000,sz.002842,11.6400,11.6500,11.6100,11.6400,224000,2604880.0000,3
2025-09-11,20250911134500000,sz.002842,11.6500,11.6500,11.6200,11.6300,182500,2123392.0000,3
2025-09-11,20250911135000000,sz.002842,11.6400,11.6500,11.6300,11.6400,116200,1352880.0000,3
2025-09-11,20250911135500000,sz.002842,11.6500,11.6600,11.6300,11.6400,216900,2525776.0000,3
2025-09-11,20250911140000000,sz.002842,11.6300,11.6600,11.6300,11.6600,280000,3258960.0000,3
2025-09-11,20250911140500000,sz.002842,11.6500,11.6700,11.6500,11.6600,255500,2978976.0000,3
2025-09-11,20250911141000000,sz.002842,11.6600,11.6600,11.6400,11.6400,217400,2532496.0000,3
2025-09-11,20250911141500000,sz.002842,11.6500,11.6600,11.6400,11.6500,129400,1507712.0000,3
2025-09-11,20250911142000000,sz.002842,11.6600,11.6600,11.6500,11.6600,170600,1988336.0000,3
2025-09-11,20250911142500000,sz.002842,11.6600,11.6900,11.6500,11.6900,544900,6360240.0000,3
2025-09-11,20250911143000000,sz.002842,11.6800,11.6900,11.6600,11.6700,273000,3186512.0000,3
2025-09-11,20250911143500000,sz.002842,11.6700,11.6800,11.6700,11.6700,153300,1789888.0000,3
2025-09-11,20250911144000000,sz.002842,11.6700,11.6900,11.6600,11.6900,452100,5280880.0000,3
2025-09-11,20250911144500000,sz.002842,11.6900,11.6900,11.6700,11.6800,388100,4533504.0000,3
2025-09-11,20250911145000000,sz.002842,11.6700,11.7400,11.6700,11.7200,1146700,13426784.0000,3
2025-09-11,20250911145500000,sz.002842,11.7300,11.7300,11.7100,11.7200,512800,6008992.0000,3
2025-09-11,20250911150000000,sz.002842,11.7200,11.7400,11.7100,11.7400,674000,7904960.0000,3
2025-09-12,20250912093500000,sz.002842,11.7000,11.7700,11.6000,11.6900,1173500,13703931.0000,3
2025-09-12,20250912094000000,sz.002842,11.7000,11.7700,11.6900,11.6900,777900,9126925.0000,3
2025-09-12,20250912094500000,sz.002842,11.7000,11.7400,11.6500,11.6600,739200,8643760.0000,3
2025-09-12,20250912095000000,sz.002842,11.6600,11.6900,11.6500,11.6600,521700,6084756.0000,3
2025-09-12,20250912095500000,sz.002842,11.6500,11.7300,11.6000,11.6500,785500,9157588.0000,3
2025-09-12,20250912100000000,sz.002842,11.6500,11.7300,11.6500,11.7200,428600,5010140.0000,3
2025-09-12,20250912100500000,sz.002842,11.7200,11.8500,11.7000,11.8300,1147000,13509452.0000,3
2025-09-12,20250912101000000,sz.002842,11.8300,11.8600,11.8100,11.8100,961700,11393672.0000,3
2025-09-12,20250912101500000,sz.002842,11.8200,11.8600,11.8100,11.8300,707700,8379176.0000,3
2025-09-12,20250912102000000,sz.002842,11.8300,11.9000,11.8300,11.8900,1218100,14466680.0000,3
2025-09-12,20250912102500000,sz.002842,11.8800,11.9300,11.8500,11.9200,730400,8693040.0000,3
2025-09-12,20250912103000000,sz.002842,11.9300,11.9300,11.9000,11.9100,511700,6097840.0000,3
2025-09-12,20250912103500000,sz.002842,11.9200,11.9800,11.9000,11.9800,834600,9961688.0000,3
2025-09-12,20250912104000000,sz.002842,11.9900,11.9900,11.9500,11.9500,635100,7606816.0000,3
2025-09-12,20250912104500000,sz.002842,11.9500,11.9900,11.9300,11.9300,739300,8844440.0000,3
2025-09-12,20250912105000000,sz.002842,11.9300,11.9400,11.9000,11.9000,398400,4746800.0000,3
2025-09-12,20250912105500000,sz.002842,11.9100,11.9500,11.8700,11.8800,570500,6789056.0000,3
2025-09-12,20250912110000000,sz.002842,11.8800,11.8800,11.8200,11.8200,737500,8729456.0000,3
2025-09-12,20250912110500000,sz.002842,11.8200,11.8200,11.7600,11.7800,797500,9408608.0000,3
2025-09-12,20250912111000000,sz.002842,11.7900,11.8600,11.7900,11.8600,427500,5054016.0000,3
2025-09-12,20250912111500000,sz.002842,11.8600,11.8800,11.8400,11.8800,213800,2536656.0000,3
2025-09-12,20250912112000000,sz.002842,11.8800,11.9300,11.8800,11.9100,523700,6237872.0000,3
2025-09-12,20250912112500000,sz.002842,11.9200,11.9400,11.8900,11.9200,291900,3477632.0000,3
2025-09-12,20250912113000000,sz.002842,11.9200,11.9500,11.9200,11.9400,203500,2429552.0000,3
2025-09-12,20250912130500000,sz.002842,11.9400,11.9600,11.8900,11.9400,541600,6464176.0000,3
2025-09-12,20250912131000000,sz.002842,11.9300,11.9400,11.9000,11.9100,225500,2685936.0000,3
2025-09-12,20250912131500000,sz.002842,11.9100,11.9500,11.9100,11.9300,248600,2966176.0000,3
2025-09-12,20250912132000000,sz.002842,11.9300,11.9300,11.9000,11.9000,144400,1721136.0000,3
2025-09-12,20250912132500000,sz.002842,11.9000,11.9000,11.8700,11.8800,118500,1408576.0000,3
2025-09-12,20250912133000000,sz.002842,11.8800,11.9300,11.8800,11.9300,173800,2068128.0000,3
2025-09-12,20250912133500000,sz.002842,11.9300,12.0000,11.9200,11.9600,1167000,13975536.0000,3
2025-09-12,20250912134000000,sz.002842,11.9600,12.0000,11.9600,11.9800,480700,5762496.0000,3
2025-09-12,20250912134500000,sz.002842,11.9700,11.9900,11.9700,11.9700,206000,2467264.0000,3
2025-09-12,20250912135000000,sz.002842,11.9700,11.9900,11.9700,11.9700,158200,1894736.0000,3
2025-09-12,20250912135500000,sz.002842,11.9700,11.9900,11.9700,11.9700,339600,4067904.0000,3
2025-09-12,20250912140000000,sz.002842,11.9700,11.9700,11.9500,11.9600,219100,2620416.0000,3
2025-09-12,20250912140500000,sz.002842,11.9500,11.9700,11.9000,11.9600,465900,5556896.0000,3
2025-09-12,20250912141000000,sz.002842,11.9600,12.0300,11.9600,12.0100,917900,11012128.0000,3
2025-09-12,20250912141500000,sz.002842,12.0000,12.0100,11.9900,12.0000,443900,5326176.0000,3
2025-09-12,20250912142000000,sz.002842,12.0100,12.0300,11.9900,12.0100,499800,6005072.0000,3
2025-09-12,20250912142500000,sz.002842,12.0100,12.0200,11.9900,12.0200,396100,4754736.0000,3
2025-09-12,20250912143000000,sz.002842,12.0200,12.0200,11.9700,11.9800,393500,4719552.0000,3
2025-09-12,20250912143500000,sz.002842,11.9700,12.0000,11.9700,11.9800,378000,4528512.0000,3
2025-09-12,20250912144000000,sz.002842,11.9800,11.9800,11.9400,11.9600,567100,6779840.0000,3
2025-09-12,20250912144500000,sz.002842,11.9600,11.9600,11.9300,11.9400,574900,6865792.0000,3
2025-09-12,20250912145000000,sz.002842,11.9100,11.9600,11.9100,11.9600,597500,7135232.0000,3
2025-09-12,20250912145500000,sz.002842,11.9600,12.0000,11.9600,11.9900,881000,10553376.0000,3
2025-09-12,20250912150000000,sz.002842,11.9900,12.0100,11.9900,12.0100,1050900,12610240.0000,3
2025-09-15,20250915093500000,sz.002842,12.0100,12.0100,11.7500,11.7600,3216900,38105096.0000,3
2025-09-15,20250915094000000,sz.002842,11.7600,11.8600,11.7500,11.8100,1365900,16127156.0000,3
2025-09-15,20250915094500000,sz.002842,11.7900,11.7900,11.7100,11.7400,1553100,18239404.0000,3
2025-09-15,20250915095000000,sz.002842,11.7500,11.7900,11.7200,11.7200,918900,10783840.0000,3
2025-09-15,20250915095500000,sz.002842,11.7300,11.7800,11.7200,11.7400,549500,6453416.0000,3
2025-09-15,20250915100000000,sz.002842,11.7500,11.7700,11.7300,11.7300,389800,4577248.0000,3
2025-09-15,20250915100500000,sz.002842,11.7300,11.7300,11.7000,11.7000,838800,9825280.0000,3
2025-09-15,20250915101000000,sz.002842,11.7000,11.7200,11.6600,11.6700,1092500,12774104.0000,3
2025-09-15,20250915101500000,sz.002842,11.6600,11.7100,11.6500,11.6700,619800,7234144.0000,3
2025-09-15,20250915102000000,sz.002842,11.6700,11.6800,11.6000,11.6700,1017500,11838312.0000,3
2025-09-15,20250915102500000,sz.002842,11.6700,11.6700,11.6200,11.6300,500800,5829856.0000,3
2025-09-15,20250915103000000,sz.002842,11.6300,11.7100,11.6100,11.7100,327400,3812192.0000,3
2025-09-15,20250915103500000,sz.002842,11.7100,11.7400,11.6600,11.6700,430100,5023648.0000,3
2025-09-15,20250915104000000,sz.002842,11.6700,11.7100,11.6600,11.6800,232200,2714272.0000,3
2025-09-15,20250915104500000,sz.002842,11.6900,11.6900,11.6700,11.6900,214600,2506672.0000,3
2025-09-15,20250915105000000,sz.002842,11.6900,11.6900,11.6800,11.6900,202500,2366416.0000,3
2025-09-15,20250915105500000,sz.002842,11.6800,11.6900,11.6600,11.6700,211600,2470288.0000,3
2025-09-15,20250915110000000,sz.002842,11.6700,11.6800,11.6400,11.6600,378000,4406160.0000,3
2025-09-15,20250915110500000,sz.002842,11.6500,11.6800,11.6400,11.6800,162300,1891520.0000,3
2025-09-15,20250915111000000,sz.002842,11.6800,11.6800,11.6500,11.6600,149700,1744976.0000,3
2025-09-15,20250915111500000,sz.002842,11.6500,11.6600,11.6300,11.6300,274000,3190784.0000,3
2025-09-15,20250915112000000,sz.002842,11.6300,11.6400,11.6100,11.6100,297700,3458672.0000,3
2025-09-15,20250915112500000,sz.002842,11.6200,11.6200,11.6000,11.6000,224700,2609232.0000,3
2025-09-15,20250915113000000,sz.002842,11.6100,11.6200,11.6000,11.6200,176300,2047152.0000,3
2025-09-15,20250915130500000,sz.002842,11.6200,11.6300,11.6200,11.6300,209700,2437328.0000,3
2025-09-15,20250915131000000,sz.002842,11.6200,11.6500,11.6100,11.6500,245600,2854560.0000,3
2025-09-15,20250915131500000,sz.002842,11.6400,11.6500,11.6100,11.6200,214200,2490992.0000,3
2025-09-15,20250915132000000,sz.002842,11.6200,11.6200,11.6000,11.6000,658800,7644496.0000,3
2025-09-15,20250915132500000,sz.002842,11.6100,11.6100,11.5900,11.5900,320600,3718192.0000,3
2025-09-15,20250915133000000,sz.002842,11.5900,11.6300,11.5900,11.6300,268600,3117136.0000,3
2025-09-15,20250915133500000,sz.002842,11.6200,11.6500,11.6100,11.6200,180200,2094992.0000,3
2025-09-15,20250915134000000,sz.002842,11.6200,11.6300,11.5800,11.5800,572400,6639968.0000,3
2025-09-15,20250915134500000,sz.002842,11.5900,11.6000,11.5800,11.5900,198100,2296272.0000,3
2025-09-15,20250915135000000,sz.002842,11.5900,11.6000,11.5800,11.6000,228900,2653088.0000,3
2025-09-15,20250915135500000,sz.002842,11.5900,11.6000,11.5800,11.5900,215800,2500816.0000,3
2025-09-15,20250915140000000,sz.002842,11.5900,11.6000,11.5800,11.6000,136600,1583888.0000,3
2025-09-15,20250915140500000,sz.002842,11.5900,11.6000,11.5500,11.5500,741100,8577616.0000,3
2025-09-15,20250915141000000,sz.002842,11.5500,11.5700,11.5400,11.5600,200000,2310848.0000,3
2025-09-15,20250915141500000,sz.002842,11.5600,11.5600,11.5300,11.5500,255300,2946672.0000,3
2025-09-15,20250915142000000,sz.002842,11.5500,11.5600,11.5300,11.5400,179000,2066752.0000,3
2025-09-15,20250915142500000,sz.002842,11.5300,11.5500,11.5100,11.5200,349700,4029568.0000,3
2025-09-15,20250915143000000,sz.002842,11.5200,11.5200,11.5000,11.5100,665300,7654736.0000,3
2025-09-15,20250915143500000,sz.002842,11.5100,11.5700,11.5100,11.5500,312700,3606208.0000,3
2025-09-15,20250915144000000,sz.002842,11.5500,11.5500,11.5200,11.5200,234100,2700368.0000,3
2025-09-15,20250915144500000,sz.002842,11.5200,11.5300,11.5100,11.5200,493900,5687776.0000,3
2025-09-15,20250915145000000,sz.002842,11.5100,11.5200,11.5100,11.5200,440700,5073616.0000,3
2025-09-15,20250915145500000,sz.002842,11.5200,11.5300,11.5100,11.5200,568400,6547728.0000,3
2025-09-15,20250915150000000,sz.002842,11.5200,11.5300,11.5100,11.5200,651500,7505472.0000,3
2025-09-16,20250916093500000,sz.002842,11.5700,11.6300,11.3800,11.4300,1803900,20663820.0000,3
2025-09-16,20250916094000000,sz.002842,11.4400,11.4800,11.3500,11.3600,1267600,14447804.0000,3
2025-09-16,20250916094500000,sz.002842,11.3600,11.3800,11.2200,11.2200,1840500,20751248.0000,3
2025-09-16,20250916095000000,sz.002842,11.2300,11.2900,11.2200,11.2200,914600,10283256.0000,3
2025-09-16,20250916095500000,sz.002842,11.2300,11.2400,11.1400,11.1700,1967400,21985976.0000,3
2025-09-16,20250916100000000,sz.002842,11.1700,11.1800,11.0800,11.1200,1769400,19678024.0000,3
2025-09-16,20250916100500000,sz.002842,11.1000,11.1700,11.1000,11.1100,965400,10739960.0000,3
2025-09-16,20250916101000000,sz.002842,11.1000,11.1200,11.0800,11.0900,857900,9523728.0000,3
2025-09-16,20250916101500000,sz.002842,11.0800,11.0900,11.0200,11.0200,1459000,16135256.0000,3
2025-09-16,20250916102000000,sz.002842,11.0200,11.0300,10.9700,10.9900,1763600,19411424.0000,3
2025-09-16,20250916102500000,sz.002842,10.9800,10.9800,10.9100,10.9500,1970300,21555168.0000,3
2025-09-16,20250916103000000,sz.002842,10.9500,10.9900,10.9500,10.9800,426100,4675760.0000,3
2025-09-16,20250916103500000,sz.002842,10.9800,10.9900,10.9300,10.9500,477000,5226544.0000,3
2025-09-16,20250916104000000,sz.002842,10.9400,10.9700,10.9200,10.9600,314000,3437056.0000,3
2025-09-16,20250916104500000,sz.002842,10.9600,10.9900,10.9500,10.9700,361500,3964368.0000,3
2025-09-16,20250916105000000,sz.002842,10.9700,11.0300,10.9700,11.0300,247400,2720240.0000,3
2025-09-16,20250916105500000,sz.002842,11.0300,11.0400,10.9800,10.9900,302600,3333184.0000,3
2025-09-16,20250916110000000,sz.002842,10.9900,10.9900,10.8900,10.8900,1023400,11178752.0000,3
2025-09-16,20250916110500000,sz.002842,10.8900,10.9100,10.8300,10.8800,1102400,11971584.0000,3
2025-09-16,20250916111000000,sz.002842,10.8900,10.9000,10.8700,10.8900,339000,3689104.0000,3
2025-09-16,20250916111500000,sz.002842,10.8800,10.8900,10.8300,10.8800,697800,7572176.0000,3
2025-09-16,20250916112000000,sz.002842,10.8800,10.9100,10.8600,10.9100,637400,6936064.0000,3
2025-09-16,20250916112500000,sz.002842,10.9100,10.9600,10.9000,10.9600,300400,3284944.0000,3
2025-09-16,20250916113000000,sz.002842,10.9600,10.9900,10.9500,10.9800,237900,2609600.0000,3
2025-09-16,20250916130500000,sz.002842,10.9800,10.9800,10.9400,10.9500,481300,5274224.0000,3
2025-09-16,20250916131000000,sz.002842,10.9600,10.9800,10.9500,10.9700,179900,1972704.0000,3
2025-09-16,20250916131500000,sz.002842,10.9700,11.0500,10.9700,11.0500,341800,3764880.0000,3
2025-09-16,20250916132000000,sz.002842,11.0400,11.0900,11.0300,11.0300,323400,3576736.0000,3
2025-09-16,20250916132500000,sz.002842,11.0400,11.0400,11.0100,11.0200,166300,1833984.0000,3
2025-09-16,20250916133000000,sz.002842,11.0200,11.0500,11.0100,11.0400,199900,2205184.0000,3
2025-09-16,20250916133500000,sz.002842,11.0300,11.0300,11.0000,11.0000,310100,3413728.0000,3
2025-09-16,20250916134000000,sz.002842,10.9900,11.0200,10.9900,11.0200,435700,4794176.0000,3
2025-09-16,20250916134500000,sz.002842,11.0200,11.0200,10.9800,10.9900,298300,3278592.0000,3
2025-09-16,20250916135000000,sz.002842,10.9800,11.0400,10.9800,11.0400,298100,3282080.0000,3
2025-09-16,20250916135500000,sz.002842,11.0400,11.0900,11.0400,11.0700,303300,3356896.0000,3
2025-09-16,20250916140000000,sz.002842,11.0700,11.1300,11.0600,11.1300,366400,4067488.0000,3
2025-09-16,20250916140500000,sz.002842,11.1300,11.1600,11.1300,11.1500,291500,3249824.0000,3
2025-09-16,20250916141000000,sz.002842,11.1500,11.1600,11.0900,11.1300,475000,5281024.0000,3
2025-09-16,20250916141500000,sz.002842,11.1200,11.1300,11.1000,11.1200,145200,1613760.0000,3
2025-09-16,20250916142000000,sz.002842,11.1100,11.1300,11.1100,11.1100,121800,1354208.0000,3
2025-09-16,20250916142500000,sz.002842,11.1200,11.1200,11.1000,11.1000,134200,1490752.0000,3
2025-09-16,20250916143000000,sz.002842,11.1100,11.1200,11.1000,11.1000,165500,1838848.0000,3
2025-09-16,20250916143500000,sz.002842,11.1100,11.1200,11.1000,11.1100,227700,2529504.0000,3
2025-09-16,20250916144000000,sz.002842,11.1000,11.1200,11.1000,11.1200,170200,1891872.0000,3
2025-09-16,20250916144500000,sz.002842,11.1200,11.1200,11.1000,11.1200,264700,2941472.0000,3
2025-09-16,20250916145000000,sz.002842,11.1100,11.1300,11.1100,11.1200,275500,3062848.0000,3
2025-09-16,20250916145500000,sz.002842,11.1300,11.1300,11.1200,11.1300,620600,6904608.0000,3
2025-09-16,20250916150000000,sz.002842,11.1300,11.1500,11.1300,11.1400,561400,6254240.0000,3
2025-09-17,20250917093500000,sz.002842,11.0100,11.0700,10.9200,10.9200,1348400,14798421.0000,3
2025-09-17,20250917094000000,sz.002842,10.9300,10.9800,10.9200,10.9600,704700,7715587.0000,3
2025-09-17,20250917094500000,sz.002842,10.9600,10.9900,10.9600,10.9600,396800,4353852.0000,3
2025-09-17,20250917095000000,sz.002842,10.9700,11.0000,10.9400,11.0000,674400,7399932.0000,3
2025-09-17,20250917095500000,sz.002842,10.9900,11.0600,10.9800,11.0500,379600,4184672.0000,3
2025-09-17,20250917100000000,sz.002842,11.0600,11.0600,11.0200,11.0500,424900,4690664.0000,3
2025-09-17,20250917100500000,sz.002842,11.0500,11.0700,11.0300,11.0300,323200,3570760.0000,3
2025-09-17,20250917101000000,sz.002842,11.0300,11.0400,10.9900,11.0000,537400,5914800.0000,3
2025-09-17,20250917101500000,sz.002842,10.9900,11.0200,10.9900,11.0200,324100,3565884.0000,3
2025-09-17,20250917102000000,sz.002842,11.0100,11.0900,11.0100,11.0800,361700,3997008.0000,3
2025-09-17,20250917102500000,sz.002842,11.0700,11.1200,11.0600,11.1000,359600,3986328.0000,3
2025-09-17,20250917103000000,sz.002842,11.1100,11.1200,11.0700,11.0700,356500,3954988.0000,3
2025-09-17,20250917103500000,sz.002842,11.0700,11.1700,11.0600,11.1200,569800,6337576.0000,3
2025-09-17,20250917104000000,sz.002842,11.1100,11.1500,11.1000,11.1400,265800,2954408.0000,3
2025-09-17,20250917104500000,sz.002842,11.1400,11.1400,11.1000,11.1200,224600,2499496.0000,3
2025-09-17,20250917105000000,sz.002842,11.1300,11.1500,11.1200,11.1400,248500,2767352.0000,3
2025-09-17,20250917105500000,sz.002842,11.1400,11.1400,11.1100,11.1300,201800,2245408.0000,3
2025-09-17,20250917110000000,sz.002842,11.1300,11.1600,11.1300,11.1600,192900,2150256.0000,3
2025-09-17,20250917110500000,sz.002842,11.1600,11.1900,11.1500,11.1900,451800,5043616.0000,3
2025-09-17,20250917111000000,sz.002842,11.1900,11.2100,11.1700,11.1800,415800,4653352.0000,3
2025-09-17,20250917111500000,sz.002842,11.1800,11.2000,11.1700,11.2000,198600,2221976.0000,3
2025-09-17,20250917112000000,sz.002842,11.2000,11.2100,11.1900,11.2000,244300,2735848.0000,3
2025-09-17,20250917112500000,sz.002842,11.2000,11.2000,11.1700,11.1800,216900,2425512.0000,3
2025-09-17,20250917113000000,sz.002842,11.1800,11.1900,11.1500,11.1600,209400,2337712.0000,3
2025-09-17,20250917130500000,sz.002842,11.1700,11.1800,11.1300,11.1400,261200,2912848.0000,3
2025-09-17,20250917131000000,sz.002842,11.1400,11.1500,11.1100,11.1100,211800,2355464.0000,3
2025-09-17,20250917131500000,sz.002842,11.1100,11.1200,11.1000,11.1200,238300,2646832.0000,3
2025-09-17,20250917132000000,sz.002842,11.1100,11.1100,11.0800,11.0900,218600,2425248.0000,3
2025-09-17,20250917132500000,sz.002842,11.1000,11.1100,11.0800,11.1100,153200,1699704.0000,3
2025-09-17,20250917133000000,sz.002842,11.1100,11.1100,11.0600,11.0600,270200,2993632.0000,3
2025-09-17,20250917133500000,sz.002842,11.0600,11.0800,11.0500,11.0700,230200,2546280.0000,3
2025-09-17,20250917134000000,sz.002842,11.0700,11.0700,11.0500,11.0600,124900,1381408.0000,3
2025-09-17,20250917134500000,sz.002842,11.0600,11.0800,11.0500,11.0500,290200,3208760.0000,3
2025-09-17,20250917135000000,sz.002842,11.0600,11.0900,11.0600,11.0700,294300,3257248.0000,3
2025-09-17,20250917135500000,sz.002842,11.0700,11.0800,11.0500,11.0600,197300,2181872.0000,3
2025-09-17,20250917140000000,sz.002842,11.0700,11.0900,11.0600,11.0900,146400,1621136.0000,3
2025-09-17,20250917140500000,sz.002842,11.0900,11.0900,11.0700,11.0800,185000,2050304.0000,3
2025-09-17,20250917141000000,sz.002842,11.0800,11.0900,11.0700,11.0700,109400,1211520.0000,3
2025-09-17,20250917141500000,sz.002842,11.0800,11.0900,11.0700,11.0800,148000,1639376.0000,3
2025-09-17,20250917142000000,sz.002842,11.0700,11.0900,11.0700,11.0800,120100,1330960.0000,3
2025-09-17,20250917142500000,sz.002842,11.0900,11.0900,11.0700,11.0900,150400,1666640.0000,3
2025-09-17,20250917143000000,sz.002842,11.0900,11.1100,11.0800,11.0800,277200,3074976.0000,3
2025-09-17,20250917143500000,sz.002842,11.0900,11.1000,11.0800,11.0900,211300,2342448.0000,3
2025-09-17,20250917144000000,sz.002842,11.0900,11.1000,11.0700,11.0700,195700,2168304.0000,3
2025-09-17,20250917144500000,sz.002842,11.0700,11.1200,11.0700,11.1200,468100,5190800.0000,3
2025-09-17,20250917145000000,sz.002842,11.1100,11.1700,11.1100,11.1700,707400,7886112.0000,3
2025-09-17,20250917145500000,sz.002842,11.1700,11.1700,11.1300,11.1400,596600,6650544.0000,3
2025-09-17,20250917150000000,sz.002842,11.1400,11.1500,11.1300,11.1500,485600,5411184.0000,3
2025-09-18,20250918093500000,sz.002842,11.0100,11.0100,10.7700,10.8300,1958500,21240844.0000,3
2025-09-18,20250918094000000,sz.002842,10.8300,10.8300,10.7200,10.7300,1962600,21140032.0000,3
2025-09-18,20250918094500000,sz.002842,10.7200,10.7800,10.7200,10.7300,1238100,13303092.0000,3
2025-09-18,20250918095000000,sz.002842,10.7100,10.7300,10.6600,10.6700,1642200,17558376.0000,3
2025-09-18,20250918095500000,sz.002842,10.6700,10.6900,10.6400,10.6800,1072000,11434600.0000,3
2025-09-18,20250918100000000,sz.002842,10.6800,10.7000,10.6500,10.7000,852700,9096984.0000,3
2025-09-18,20250918100500000,sz.002842,10.7000,10.7900,10.6900,10.7900,663800,7126264.0000,3
2025-09-18,20250918101000000,sz.002842,10.7900,10.8200,10.7700,10.7800,385300,4158136.0000,3
2025-09-18,20250918101500000,sz.002842,10.7700,10.8400,10.7700,10.8400,386500,4174432.0000,3
2025-09-18,20250918102000000,sz.002842,10.8300,10.8300,10.7800,10.7800,331800,3585232.0000,3
2025-09-18,20250918102500000,sz.002842,10.7700,10.8200,10.7700,10.8100,409100,4416648.0000,3
2025-09-18,20250918103000000,sz.002842,10.8100,10.8400,10.7900,10.8300,419800,4540128.0000,3
2025-09-18,20250918103500000,sz.002842,10.8300,10.8700,10.8000,10.8100,479200,5194520.0000,3
2025-09-18,20250918104000000,sz.002842,10.8100,10.8600,10.8100,10.8600,361200,3910136.0000,3
2025-09-18,20250918104500000,sz.002842,10.8600,10.8700,10.8400,10.8400,188400,2045064.0000,3
2025-09-18,20250918105000000,sz.002842,10.8500,10.8700,10.8400,10.8500,199500,2165256.0000,3
2025-09-18,20250918105500000,sz.002842,10.8600,10.8900,10.8500,10.8700,291500,3168224.0000,3
2025-09-18,20250918110000000,sz.002842,10.8700,10.8800,10.8500,10.8700,129800,1410432.0000,3
2025-09-18,20250918110500000,sz.002842,10.8700,10.8900,10.8500,10.8600,181100,1968784.0000,3
2025-09-18,20250918111000000,sz.002842,10.8500,10.8700,10.8400,10.8600,205900,2235072.0000,3
2025-09-18,20250918111500000,sz.002842,10.8500,10.8700,10.8400,10.8700,106000,1150912.0000,3
2025-09-18,20250918112000000,sz.002842,10.8700,10.8800,10.8600,10.8700,122100,1327040.0000,3
2025-09-18,20250918112500000,sz.002842,10.8700,10.8800,10.8700,10.8800,168500,1832640.0000,3
2025-09-18,20250918113000000,sz.002842,10.8800,10.8800,10.8600,10.8600,139400,1515568.0000,3
2025-09-18,20250918130500000,sz.002842,10.8600,10.9000,10.8500,10.8700,416300,4526992.0000,3
2025-09-18,20250918131000000,sz.002842,10.8600,10.8700,10.8300,10.8500,316200,3428752.0000,3
2025-09-18,20250918131500000,sz.002842,10.8400,10.8400,10.8100,10.8400,453400,4905936.0000,3
2025-09-18,20250918132000000,sz.002842,10.8300,10.8400,10.7800,10.8000,494100,5336288.0000,3
2025-09-18,20250918132500000,sz.002842,10.8000,10.8100,10.7600,10.7600,274300,2956672.0000,3
2025-09-18,20250918133000000,sz.002842,10.7600,10.7600,10.6800,10.7100,1178800,12620432.0000,3
2025-09-18,20250918133500000,sz.002842,10.7100,10.7500,10.7000,10.7100,512300,5492496.0000,3
2025-09-18,20250918134000000,sz.002842,10.7000,10.7200,10.6900,10.6900,438700,4696256.0000,3
2025-09-18,20250918134500000,sz.002842,10.6900,10.7200,10.6900,10.6900,231800,2481328.0000,3
2025-09-18,20250918135000000,sz.002842,10.6900,10.7000,10.6600,10.7000,586100,6257936.0000,3
2025-09-18,20250918135500000,sz.002842,10.7000,10.7200,10.6800,10.6800,181600,1942848.0000,3
2025-09-18,20250918140000000,sz.002842,10.6800,10.7000,10.6400,10.6500,631100,6725504.0000,3
2025-09-18,20250918140500000,sz.002842,10.6400,10.6500,10.6100,10.6100,734700,7811136.0000,3
2025-09-18,20250918141000000,sz.002842,10.6100,10.6200,10.5600,10.5800,985600,10440416.0000,3
2025-09-18,20250918141500000,sz.002842,10.5800,10.5800,10.5100,10.5400,803800,8467600.0000,3
2025-09-18,20250918142000000,sz.002842,10.5500,10.6000,10.5300,10.5800,511700,5411616.0000,3
2025-09-18,20250918142500000,sz.002842,10.5800,10.5800,10.5400,10.5500,371100,3920016.0000,3
2025-09-18,20250918143000000,sz.002842,10.5500,10.5600,10.5200,10.5200,414300,4366416.0000,3
2025-09-18,20250918143500000,sz.002842,10.5600,10.5800,10.5200,10.5500,682200,7197232.0000,3
2025-09-18,20250918144000000,sz.002842,10.5500,10.5500,10.4800,10.4900,839100,8819040.0000,3
2025-09-18,20250918144500000,sz.002842,10.4900,10.4900,10.4100,10.4800,1019200,10645824.0000,3
2025-09-18,20250918145000000,sz.002842,10.4800,10.5100,10.4700,10.5100,536500,5627552.0000,3
2025-09-18,20250918145500000,sz.002842,10.5200,10.6300,10.5000,10.6000,749500,7936896.0000,3
2025-09-18,20250918150000000,sz.002842,10.6000,10.6000,10.5700,10.5700,377100,3989984.0000,3
2025-09-19,20250919093500000,sz.002842,10.5300,10.6100,10.5000,10.5800,906500,9567420.0000,3
2025-09-19,20250919094000000,sz.002842,10.5800,10.5900,10.5300,10.5400,792300,8362016.0000,3
2025-09-19,20250919094500000,sz.002842,10.5400,10.5500,10.4300,10.4500,897200,9401318.0000,3
2025-09-19,20250919095000000,sz.002842,10.4700,10.5400,10.4600,10.5300,388300,4078606.0000,3
2025-09-19,20250919095500000,sz.002842,10.5000,10.5200,10.4500,10.4800,508400,5328348.0000,3
2025-09-19,20250919100000000,sz.002842,10.4800,10.4900,10.4300,10.4400,535600,5600296.0000,3
2025-09-19,20250919100500000,sz.002842,10.4300,10.4500,10.4000,10.4300,606900,6322876.0000,3
2025-09-19,20250919101000000,sz.002842,10.4200,10.4200,10.3900,10.4100,331800,3452492.0000,3
2025-09-19,20250919101500000,sz.002842,10.4100,10.4700,10.4100,10.4700,288900,3014396.0000,3
2025-09-19,20250919102000000,sz.002842,10.4700,10.5000,10.4600,10.5000,137100,1436000.0000,3
2025-09-19,20250919102500000,sz.002842,10.4900,10.5400,10.4800,10.5400,312000,3280004.0000,3
2025-09-19,20250919103000000,sz.002842,10.5300,10.6100,10.5300,10.5900,584200,6183616.0000,3
2025-09-19,20250919103500000,sz.002842,10.5800,10.6100,10.5600,10.6000,372100,3939068.0000,3
2025-09-19,20250919104000000,sz.002842,10.6000,10.6000,10.5600,10.5700,193900,2051384.0000,3
2025-09-19,20250919104500000,sz.002842,10.5700,10.5800,10.5600,10.5700,143100,1513072.0000,3
2025-09-19,20250919105000000,sz.002842,10.5800,10.5900,10.5500,10.5700,314300,3322072.0000,3
2025-09-19,20250919105500000,sz.002842,10.5600,10.5700,10.5200,10.5200,276100,2912728.0000,3
2025-09-19,20250919110000000,sz.002842,10.5200,10.5200,10.4800,10.5100,150900,1583352.0000,3
2025-09-19,20250919110500000,sz.002842,10.5100,10.5200,10.4800,10.4900,89700,941680.0000,3
2025-09-19,20250919111000000,sz.002842,10.4800,10.5400,10.4800,10.5200,142200,1495624.0000,3
2025-09-19,20250919111500000,sz.002842,10.5300,10.5400,10.5000,10.5300,105300,1107872.0000,3
2025-09-19,20250919112000000,sz.002842,10.5300,10.5400,10.5100,10.5300,123000,1294752.0000,3
2025-09-19,20250919112500000,sz.002842,10.5400,10.5800,10.5200,10.5700,123000,1296712.0000,3
2025-09-19,20250919113000000,sz.002842,10.5600,10.5800,10.5400,10.5800,70500,744776.0000,3
2025-09-19,20250919130500000,sz.002842,10.5900,10.6000,10.5600,10.5700,246600,2610224.0000,3
2025-09-19,20250919131000000,sz.002842,10.5700,10.5900,10.5700,10.5700,101900,1078088.0000,3
2025-09-19,20250919131500000,sz.002842,10.5700,10.5800,10.5500,10.5500,109900,1161440.0000,3
2025-09-19,20250919132000000,sz.002842,10.5500,10.5700,10.5200,10.5200,188600,1988528.0000,3
2025-09-19,20250919132500000,sz.002842,10.5200,10.5200,10.4900,10.4900,157200,1651176.0000,3
2025-09-19,20250919133000000,sz.002842,10.4900,10.4900,10.4700,10.4700,170300,1784304.0000,3
2025-09-19,20250919133500000,sz.002842,10.4600,10.4800,10.4300,10.4400,238800,2495528.0000,3
2025-09-19,20250919134000000,sz.002842,10.4300,10.4600,10.4200,10.4600,221000,2305296.0000,3
2025-09-19,20250919134500000,sz.002842,10.4500,10.4500,10.4100,10.4300,244000,2544176.0000,3
2025-09-19,20250919135000000,sz.002842,10.4400,10.4700,10.4300,10.4700,140300,1465760.0000,3
2025-09-19,20250919135500000,sz.002842,10.4600,10.4600,10.4300,10.4300,118700,1239944.0000,3
2025-09-19,20250919140000000,sz.002842,10.4400,10.4900,10.4300,10.4600,312200,3265256.0000,3
2025-09-19,20250919140500000,sz.002842,10.4600,10.4800,10.4400,10.4700,59600,623176.0000,3
2025-09-19,20250919141000000,sz.002842,10.4800,10.4900,10.4600,10.4700,130900,1371264.0000,3
2025-09-19,20250919141500000,sz.002842,10.4500,10.5100,10.4500,10.5100,320000,3355488.0000,3
2025-09-19,20250919142000000,sz.002842,10.5000,10.5400,10.5000,10.5200,216100,2276608.0000,3
2025-09-19,20250919142500000,sz.002842,10.5200,10.5500,10.5100,10.5500,138400,1458120.0000,3
2025-09-19,20250919143000000,sz.002842,10.5500,10.5900,10.5400,10.5800,368500,3895048.0000,3
2025-09-19,20250919143500000,sz.002842,10.5700,10.5800,10.5400,10.5500,220300,2327016.0000,3
2025-09-19,20250919144000000,sz.002842,10.5600,10.5600,10.5200,10.5200,172100,1813688.0000,3
2025-09-19,20250919144500000,sz.002842,10.5200,10.5400,10.5200,10.5300,126300,1329424.0000,3
2025-09-19,20250919145000000,sz.002842,10.5300,10.5400,10.5100,10.5100,220600,2321808.0000,3
2025-09-19,20250919145500000,sz.002842,10.5100,10.5100,10.4900,10.4900,263800,2769216.0000,3
2025-09-19,20250919150000000,sz.002842,10.4900,10.5000,10.4800,10.4900,353900,3711696.0000,3
2025-09-22,20250922093500000,sz.002842,10.4900,10.5700,10.4900,10.5200,875900,9231129.0000,3
2025-09-22,20250922094000000,sz.002842,10.5300,10.5400,10.4600,10.4600,442800,4651812.0000,3
2025-09-22,20250922094500000,sz.002842,10.4600,10.4800,10.4300,10.4400,375100,3918731.0000,3
2025-09-22,20250922095000000,sz.002842,10.4500,10.4500,10.4100,10.4300,459500,4792882.0000,3
2025-09-22,20250922095500000,sz.002842,10.4300,10.4500,10.3800,10.3900,473800,4932222.0000,3
2025-09-22,20250922100000000,sz.002842,10.3800,10.3900,10.3000,10.3000,668300,6903832.0000,3
2025-09-22,20250922100500000,sz.002842,10.3000,10.3600,10.3000,10.3300,557600,5758728.0000,3
2025-09-22,20250922101000000,sz.002842,10.3300,10.3600,10.3300,10.3600,259100,2680664.0000,3
2025-09-22,20250922101500000,sz.002842,10.3600,10.3600,10.3200,10.3200,316900,3276268.0000,3
2025-09-22,20250922102000000,sz.002842,10.3200,10.3600,10.3100,10.3200,298100,3079972.0000,3
2025-09-22,20250922102500000,sz.002842,10.3300,10.3400,10.3100,10.3200,218800,2259680.0000,3
2025-09-22,20250922103000000,sz.002842,10.3200,10.3700,10.3200,10.3500,348200,3600156.0000,3
2025-09-22,20250922103500000,sz.002842,10.3600,10.4300,10.3600,10.4100,400000,4157580.0000,3
2025-09-22,20250922104000000,sz.002842,10.4100,10.4300,10.4100,10.4100,193100,2012196.0000,3
2025-09-22,20250922104500000,sz.002842,10.4100,10.4300,10.3700,10.3900,655500,6814676.0000,3
2025-09-22,20250922105000000,sz.002842,10.3900,10.3900,10.3600,10.3700,136400,1415560.0000,3
2025-09-22,20250922105500000,sz.002842,10.3700,10.4100,10.3700,10.3900,163800,1702464.0000,3
2025-09-22,20250922110000000,sz.002842,10.3800,10.4100,10.3800,10.4000,159900,1661512.0000,3
2025-09-22,20250922110500000,sz.002842,10.4000,10.4000,10.3700,10.3700,106000,1101024.0000,3
2025-09-22,20250922111000000,sz.002842,10.3600,10.3700,10.3300,10.3300,176600,1826568.0000,3
2025-09-22,20250922111500000,sz.002842,10.3300,10.3400,10.3200,10.3200,201600,2082600.0000,3
2025-09-22,20250922112000000,sz.002842,10.3300,10.3500,10.3200,10.3200,128000,1322552.0000,3
2025-09-22,20250922112500000,sz.002842,10.3200,10.3600,10.3200,10.3600,147100,1521272.0000,3
2025-09-22,20250922113000000,sz.002842,10.3500,10.3600,10.3500,10.3600,69800,722736.0000,3
2025-09-22,20250922130500000,sz.002842,10.3600,10.3600,10.3100,10.3100,259100,2676592.0000,3
2025-09-22,20250922131000000,sz.002842,10.3100,10.3300,10.3000,10.3200,223600,2306520.0000,3
2025-09-22,20250922131500000,sz.002842,10.3300,10.3300,10.3000,10.3000,594500,6127488.0000,3
2025-09-22,20250922132000000,sz.002842,10.3100,10.3100,10.2900,10.3000,264000,2718720.0000,3
2025-09-22,20250922132500000,sz.002842,10.2900,10.3300,10.2900,10.3200,121100,1248712.0000,3
2025-09-22,20250922133000000,sz.002842,10.3200,10.3300,10.3000,10.3300,341400,3516280.0000,3
2025-09-22,20250922133500000,sz.002842,10.3300,10.3400,10.3100,10.3100,86600,894104.0000,3
2025-09-22,20250922134000000,sz.002842,10.3100,10.3400,10.3100,10.3300,112200,1157432.0000,3
2025-09-22,20250922134500000,sz.002842,10.3300,10.3500,10.3100,10.3300,188700,1948696.0000,3
2025-09-22,20250922135000000,sz.002842,10.3200,10.3500,10.3200,10.3400,157200,1624520.0000,3
2025-09-22,20250922135500000,sz.002842,10.3500,10.3700,10.3500,10.3500,126100,1305800.0000,3
2025-09-22,20250922140000000,sz.002842,10.3500,10.3500,10.3100,10.3200,160400,1656360.0000,3
2025-09-22,20250922140500000,sz.002842,10.3200,10.3300,10.3000,10.3000,187900,1937408.0000,3
2025-09-22,20250922141000000,sz.002842,10.3000,10.3200,10.2900,10.3100,153200,1578304.0000,3
2025-09-22,20250922141500000,sz.002842,10.3100,10.3300,10.3100,10.3300,112200,1157632.0000,3
2025-09-22,20250922142000000,sz.002842,10.3200,10.3300,10.3100,10.3300,65900,680080.0000,3
2025-09-22,20250922142500000,sz.002842,10.3300,10.3500,10.3200,10.3400,205000,2118344.0000,3
2025-09-22,20250922143000000,sz.002842,10.3300,10.3500,10.3300,10.3500,179100,1852032.0000,3
2025-09-22,20250922143500000,sz.002842,10.3400,10.3900,10.3400,10.3900,297800,3086840.0000,3
2025-09-22,20250922144000000,sz.002842,10.3900,10.3900,10.3700,10.3800,139300,1446032.0000,3
2025-09-22,20250922144500000,sz.002842,10.3700,10.3900,10.3700,10.3900,209300,2171976.0000,3
2025-09-22,20250922145000000,sz.002842,10.3900,10.4100,10.3800,10.4000,361700,3759960.0000,3
2025-09-22,20250922145500000,sz.002842,10.4100,10.4200,10.3800,10.4000,333900,3473568.0000,3
2025-09-22,20250922150000000,sz.002842,10.4000,10.4000,10.3900,10.4000,272800,2836328.0000,3
2025-09-23,20250923093500000,sz.002842,10.4200,10.4700,10.3900,10.3900,595100,6206872.0000,3
2025-09-23,20250923094000000,sz.002842,10.3900,10.3900,10.2800,10.3100,500200,5168860.0000,3
2025-09-23,20250923094500000,sz.002842,10.3000,10.3000,10.2400,10.2600,557900,5732090.0000,3
2025-09-23,20250923095000000,sz.002842,10.2500,10.3000,10.2200,10.2300,753000,7727238.0000,3
2025-09-23,20250923095500000,sz.002842,10.2200,10.2400,10.2000,10.2000,580500,5932500.0000,3
2025-09-23,20250923100000000,sz.002842,10.1900,10.2000,10.1600,10.1600,751000,7646832.0000,3
2025-09-23,20250923100500000,sz.002842,10.1600,10.1800,10.1300,10.1700,717900,7287360.0000,3
2025-09-23,20250923101000000,sz.002842,10.1800,10.1800,10.1100,10.1200,485800,4923764.0000,3
2025-09-23,20250923101500000,sz.002842,10.1200,10.1200,10.0500,10.1100,985900,9944744.0000,3
2025-09-23,20250923102000000,sz.002842,10.1000,10.1400,10.0700,10.0800,320800,3243140.0000,3
2025-09-23,20250923102500000,sz.002842,10.0800,10.1000,10.0300,10.0300,458200,4616856.0000,3
2025-09-23,20250923103000000,sz.002842,10.0300,10.0300,10.0000,10.0100,718000,7184008.0000,3
2025-09-23,20250923103500000,sz.002842,10.0000,10.0200,9.9800,10.0200,610300,6100376.0000,3
2025-09-23,20250923104000000,sz.002842,10.0200,10.0500,9.9800,9.9800,443600,4443728.0000,3
2025-09-23,20250923104500000,sz.002842,9.9900,10.0300,9.9700,10.0300,465800,4660488.0000,3
2025-09-23,20250923105000000,sz.002842,10.0300,10.0500,10.0100,10.0400,397000,3981848.0000,3
2025-09-23,20250923105500000,sz.002842,10.0300,10.0300,9.9900,10.0300,230100,2303176.0000,3
2025-09-23,20250923110000000,sz.002842,10.0200,10.0400,10.0100,10.0300,123100,1233584.0000,3
2025-09-23,20250923110500000,sz.002842,10.0300,10.0400,10.0100,10.0200,213500,2139984.0000,3
2025-09-23,20250923111000000,sz.002842,10.0200,10.0400,10.0000,10.0100,168700,1690936.0000,3
2025-09-23,20250923111500000,sz.002842,10.0000,10.0300,9.9900,9.9900,140800,1409232.0000,3
2025-09-23,20250923112000000,sz.002842,9.9900,10.0500,9.9900,10.0500,125900,1261776.0000,3
2025-09-23,20250923112500000,sz.002842,10.0500,10.0500,9.9900,9.9900,149400,1497232.0000,3
2025-09-23,20250923113000000,sz.002842,9.9900,9.9900,9.9700,9.9800,226200,2258504.0000,3
2025-09-23,20250923130500000,sz.002842,9.9900,10.0100,9.9700,9.9700,253200,2528200.0000,3
2025-09-23,20250923131000000,sz.002842,9.9700,10.0000,9.9600,9.9900,169400,1690144.0000,3
2025-09-23,20250923131500000,sz.002842,9.9800,10.0400,9.9800,10.0300,171900,1722728.0000,3
2025-09-23,20250923132000000,sz.002842,10.0400,10.0600,10.0200,10.0400,145800,1464424.0000,3
2025-09-23,20250923132500000,sz.002842,10.0600,10.0600,10.0000,10.0100,143400,1436896.0000,3
2025-09-23,20250923133000000,sz.002842,10.0200,10.0500,10.0200,10.0500,88100,884864.0000,3
2025-09-23,20250923133500000,sz.002842,10.0400,10.0700,10.0300,10.0300,160700,1614792.0000,3
2025-09-23,20250923134000000,sz.002842,10.0300,10.0300,10.0000,10.0100,141500,1416368.0000,3
2025-09-23,20250923134500000,sz.002842,10.0100,10.0100,9.9800,9.9800,94900,948832.0000,3
2025-09-23,20250923135000000,sz.002842,9.9900,9.9900,9.9700,9.9900,297900,2972360.0000,3
2025-09-23,20250923135500000,sz.002842,9.9900,10.0200,9.9800,10.0000,138900,1387680.0000,3
2025-09-23,20250923140000000,sz.002842,10.0000,10.0200,9.9900,10.0100,185100,1850824.0000,3
2025-09-23,20250923140500000,sz.002842,10.0100,10.0200,9.9700,9.9700,163700,1635000.0000,3
2025-09-23,20250923141000000,sz.002842,9.9700,9.9800,9.9500,9.9600,190300,1895536.0000,3
2025-09-23,20250923141500000,sz.002842,9.9500,9.9600,9.9300,9.9600,214000,2128096.0000,3
2025-09-23,20250923142000000,sz.002842,9.9600,10.0600,9.9600,10.0500,403700,4044000.0000,3
2025-09-23,20250923142500000,sz.002842,10.0400,10.0700,10.0300,10.0500,183000,1838896.0000,3
2025-09-23,20250923143000000,sz.002842,10.0600,10.1500,10.0500,10.1400,442700,4475744.0000,3
2025-09-23,20250923143500000,sz.002842,10.1400,10.1600,10.1200,10.1400,308400,3126320.0000,3
2025-09-23,20250923144000000,sz.002842,10.1400,10.1600,10.1100,10.1100,218500,2213408.0000,3
2025-09-23,20250923144500000,sz.002842,10.1200,10.1400,10.1100,10.1400,99600,1009712.0000,3
2025-09-23,20250923145000000,sz.002842,10.1400,10.1900,10.1400,10.1900,356800,3627744.0000,3
2025-09-23,20250923145500000,sz.002842,10.1900,10.1900,10.1600,10.1700,317400,3231248.0000,3
2025-09-23,20250923150000000,sz.002842,10.1800,10.1800,10.1700,10.1800,320300,3260144.0000,3
2025-09-24,20250924093500000,sz.002842,10.1000,10.2700,10.0500,10.2300,504000,5128519.0000,3
2025-09-24,20250924094000000,sz.002842,10.2400,10.2800,10.2200,10.2500,616900,6322250.0000,3
2025-09-24,20250924094500000,sz.002842,10.2400,10.2700,10.1900,10.1900,382400,3913187.0000,3
2025-09-24,20250924095000000,sz.002842,10.2100,10.2200,10.1700,10.1800,270600,2758520.0000,3
2025-09-24,20250924095500000,sz.002842,10.1800,10.2000,10.1500,10.1600,323100,3287564.0000,3
2025-09-24,20250924100000000,sz.002842,10.1600,10.1800,10.1300,10.1700,220600,2239236.0000,3
2025-09-24,20250924100500000,sz.002842,10.1700,10.1700,10.1200,10.1300,333500,3381612.0000,3
2025-09-24,20250924101000000,sz.002842,10.1300,10.1500,10.1000,10.1100,687500,6949504.0000,3
2025-09-24,20250924101500000,sz.002842,10.1100,10.1200,10.0900,10.0900,184500,1863464.0000,3
2025-09-24,20250924102000000,sz.002842,10.1000,10.1100,10.0800,10.0900,234600,2368048.0000,3
2025-09-24,20250924102500000,sz.002842,10.1000,10.1200,10.0900,10.1000,95700,967416.0000,3
2025-09-24,20250924103000000,sz.002842,10.1200,10.1200,10.1000,10.1000,85600,865412.0000,3
2025-09-24,20250924103500000,sz.002842,10.1000,10.1700,10.1000,10.1700,300100,3043864.0000,3
2025-09-24,20250924104000000,sz.002842,10.1700,10.1700,10.1400,10.1600,120000,1218068.0000,3
2025-09-24,20250924104500000,sz.002842,10.1400,10.1500,10.1100,10.1200,108600,1099456.0000,3
2025-09-24,20250924105000000,sz.002842,10.1200,10.1400,10.0900,10.1200,684400,6913012.0000,3
2025-09-24,20250924105500000,sz.002842,10.1200,10.1400,10.1200,10.1400,152500,1544564.0000,3
2025-09-24,20250924110000000,sz.002842,10.1300,10.1700,10.1300,10.1700,101300,1027872.0000,3
2025-09-24,20250924110500000,sz.002842,10.1700,10.1700,10.1500,10.1500,176100,1789608.0000,3
2025-09-24,20250924111000000,sz.002842,10.1500,10.1500,10.1400,10.1500,86100,873880.0000,3
2025-09-24,20250924111500000,sz.002842,10.1400,10.1500,10.1200,10.1300,123300,1249860.0000,3
2025-09-24,20250924112000000,sz.002842,10.1300,10.1600,10.1300,10.1600,176500,1789912.0000,3
2025-09-24,20250924112500000,sz.002842,10.1600,10.1600,10.1400,10.1500,173700,1763108.0000,3
2025-09-24,20250924113000000,sz.002842,10.1500,10.1600,10.1400,10.1600,109200,1108424.0000,3
2025-09-24,20250924130500000,sz.002842,10.1600,10.1800,10.1500,10.1600,382300,3885080.0000,3
2025-09-24,20250924131000000,sz.002842,10.1600,10.1700,10.1300,10.1600,207600,2106960.0000,3
2025-09-24,20250924131500000,sz.002842,10.1600,10.1700,10.1200,10.1200,132800,1347136.0000,3
2025-09-24,20250924132000000,sz.002842,10.1200,10.1800,10.1200,10.1700,162800,1652848.0000,3
2025-09-24,20250924132500000,sz.002842,10.1700,10.1700,10.1400,10.1500,143600,1458072.0000,3
2025-09-24,20250924133000000,sz.002842,10.1500,10.1800,10.1400,10.1800,214300,2176408.0000,3
2025-09-24,20250924133500000,sz.002842,10.1700,10.1800,10.1600,10.1800,141600,1440192.0000,3
2025-09-24,20250924134000000,sz.002842,10.1700,10.1800,10.1600,10.1700,182900,1861112.0000,3
2025-09-24,20250924134500000,sz.002842,10.1700,10.2000,10.1600,10.1900,264400,2691760.0000,3
2025-09-24,20250924135000000,sz.002842,10.1900,10.2200,10.1900,10.2100,208600,2128712.0000,3
2025-09-24,20250924135500000,sz.002842,10.2100,10.2200,10.1900,10.2000,236800,2415224.0000,3
2025-09-24,20250924140000000,sz.002842,10.2100,10.2100,10.1900,10.1900,188000,1917632.0000,3
2025-09-24,20250924140500000,sz.002842,10.1900,10.2100,10.1900,10.1900,148600,1515632.0000,3
2025-09-24,20250924141000000,sz.002842,10.1800,10.2000,10.1800,10.1900,118100,1203592.0000,3
2025-09-24,20250924141500000,sz.002842,10.1900,10.2100,10.1800,10.2000,213800,2180296.0000,3
2025-09-24,20250924142000000,sz.002842,10.2000,10.2100,10.2000,10.2000,157200,1604168.0000,3
2025-09-24,20250924142500000,sz.002842,10.2000,10.2100,10.1900,10.2000,94400,962896.0000,3
2025-09-24,20250924143000000,sz.002842,10.2000,10.2000,10.1700,10.1800,244000,2483640.0000,3
2025-09-24,20250924143500000,sz.002842,10.1800,10.1900,10.1700,10.1800,139700,1421544.0000,3
2025-09-24,20250924144000000,sz.002842,10.1800,10.1900,10.1700,10.1900,171400,1745480.0000,3
2025-09-24,20250924144500000,sz.002842,10.1800,10.2100,10.1800,10.2100,279600,2851664.0000,3
2025-09-24,20250924145000000,sz.002842,10.2100,10.2100,10.2000,10.2000,266800,2722576.0000,3
2025-09-24,20250924145500000,sz.002842,10.2000,10.2100,10.1900,10.2100,331700,3383912.0000,3
2025-09-24,20250924150000000,sz.002842,10.2100,10.2200,10.2000,10.2200,440800,4502904.0000,3
2025-09-25,20250925093500000,sz.002842,10.2500,10.4000,10.2500,10.3500,1860800,19227656.0000,3
2025-09-25,20250925094000000,sz.002842,10.3500,10.3900,10.3200,10.3900,876600,9078256.0000,3
2025-09-25,20250925094500000,sz.002842,10.3800,10.4500,10.3800,10.4100,1318000,13744072.0000,3
2025-09-25,20250925095000000,sz.002842,10.4000,10.4100,10.3600,10.3600,683100,7087580.0000,3
2025-09-25,20250925095500000,sz.002842,10.3500,10.3600,10.2900,10.3200,679100,7012888.0000,3
2025-09-25,20250925100000000,sz.002842,10.3100,10.3500,10.3100,10.3100,402000,4151212.0000,3
2025-09-25,20250925100500000,sz.002842,10.3200,10.3200,10.2800,10.3000,372500,3836748.0000,3
2025-09-25,20250925101000000,sz.002842,10.2900,10.3000,10.2500,10.2700,385800,3963716.0000,3
2025-09-25,20250925101500000,sz.002842,10.2700,10.3100,10.2700,10.3100,306800,3155576.0000,3
2025-09-25,20250925102000000,sz.002842,10.3100,10.3100,10.2500,10.2600,335100,3441232.0000,3
2025-09-25,20250925102500000,sz.002842,10.2500,10.2900,10.2500,10.2700,168600,1731848.0000,3
2025-09-25,20250925103000000,sz.002842,10.2700,10.3000,10.2700,10.3000,121900,1253272.0000,3
2025-09-25,20250925103500000,sz.002842,10.2900,10.3200,10.2800,10.3000,191100,1968344.0000,3
2025-09-25,20250925104000000,sz.002842,10.3000,10.3300,10.3000,10.3100,223200,2303200.0000,3
2025-09-25,20250925104500000,sz.002842,10.3100,10.3300,10.2900,10.3100,228000,2349440.0000,3
2025-09-25,20250925105000000,sz.002842,10.3100,10.3100,10.2700,10.2700,132900,1366592.0000,3
2025-09-25,20250925105500000,sz.002842,10.2700,10.2800,10.2500,10.2600,199500,2047856.0000,3
2025-09-25,20250925110000000,sz.002842,10.2700,10.2800,10.2600,10.2700,180200,1851200.0000,3
2025-09-25,20250925110500000,sz.002842,10.2800,10.2900,10.2700,10.2900,90600,931040.0000,3
2025-09-25,20250925111000000,sz.002842,10.2800,10.3200,10.2800,10.2800,159000,1637432.0000,3
2025-09-25,20250925111500000,sz.002842,10.2900,10.3000,10.2700,10.3000,199900,2057312.0000,3
2025-09-25,20250925112000000,sz.002842,10.2900,10.3200,10.2800,10.3100,167200,1721856.0000,3
2025-09-25,20250925112500000,sz.002842,10.3200,10.3300,10.3000,10.3200,92600,955368.0000,3
2025-09-25,20250925113000000,sz.002842,10.3300,10.3300,10.3000,10.3000,188700,1947072.0000,3
2025-09-25,20250925130500000,sz.002842,10.3100,10.3100,10.2700,10.2700,252100,2594408.0000,3
2025-09-25,20250925131000000,sz.002842,10.2700,10.2800,10.2400,10.2400,494600,5074312.0000,3
2025-09-25,20250925131500000,sz.002842,10.2300,10.2300,10.1800,10.2000,536300,5472976.0000,3
2025-09-25,20250925132000000,sz.002842,10.1900,10.2100,10.1700,10.1900,504600,5138288.0000,3
2025-09-25,20250925132500000,sz.002842,10.1900,10.2300,10.1900,10.2200,141800,1448064.0000,3
2025-09-25,20250925133000000,sz.002842,10.2200,10.2400,10.2100,10.2300,156700,1602944.0000,3
2025-09-25,20250925133500000,sz.002842,10.2300,10.2400,10.2100,10.2400,233100,2383056.0000,3
2025-09-25,20250925134000000,sz.002842,10.2400,10.2600,10.2300,10.2500,98500,1009424.0000,3
2025-09-25,20250925134500000,sz.002842,10.2500,10.2600,10.2400,10.2600,162400,1664272.0000,3
2025-09-25,20250925135000000,sz.002842,10.2500,10.2600,10.2300,10.2300,121000,1239640.0000,3
2025-09-25,20250925135500000,sz.002842,10.2300,10.2300,10.2100,10.2300,150600,1539656.0000,3
2025-09-25,20250925140000000,sz.002842,10.2200,10.4300,10.2200,10.3800,2506700,25998416.0000,3
2025-09-25,20250925140500000,sz.002842,10.3700,10.4000,10.3500,10.3500,750000,7778000.0000,3
2025-09-25,20250925141000000,sz.002842,10.3500,10.3700,10.3300,10.3600,278200,2879328.0000,3
2025-09-25,20250925141500000,sz.002842,10.3700,10.5800,10.3500,10.5000,2558000,26822592.0000,3
2025-09-25,20250925142000000,sz.002842,10.5100,10.5700,10.5000,10.5200,1750500,18442752.0000,3
2025-09-25,20250925142500000,sz.002842,10.5200,10.5800,10.5200,10.5300,1227800,12956144.0000,3
2025-09-25,20250925143000000,sz.002842,10.5300,10.5500,10.5200,10.5400,498400,5248864.0000,3
2025-09-25,20250925143500000,sz.002842,10.5500,10.5700,10.5200,10.5500,601300,6340928.0000,3
2025-09-25,20250925144000000,sz.002842,10.5500,10.6000,10.5500,10.5800,1049900,11099680.0000,3
2025-09-25,20250925144500000,sz.002842,10.5800,10.5900,10.5300,10.5600,772900,8159712.0000,3
2025-09-25,20250925145000000,sz.002842,10.5600,10.5600,10.5200,10.5300,679000,7154960.0000,3
2025-09-25,20250925145500000,sz.002842,10.5200,10.5500,10.5000,10.5400,1260500,13268480.0000,3
2025-09-25,20250925150000000,sz.002842,10.5400,10.6000,10.5400,10.6000,1658700,17554304.0000,3
2025-09-26,20250926093500000,sz.002842,10.5500,10.7500,10.4400,10.7200,3884300,41195864.0000,3
2025-09-26,20250926094000000,sz.002842,10.7200,10.7600,10.6300,10.6700,2885000,30842568.0000,3
2025-09-26,20250926094500000,sz.002842,10.6700,10.6800,10.5500,10.6100,1607100,17067848.0000,3
2025-09-26,20250926095000000,sz.002842,10.6100,10.7800,10.6000,10.7100,1932200,20678712.0000,3
2025-09-26,20250926095500000,sz.002842,10.7100,10.7100,10.6000,10.6200,881600,9375696.0000,3
2025-09-26,20250926100000000,sz.002842,10.6200,10.6300,10.5300,10.5500,935500,9894456.0000,3
2025-09-26,20250926100500000,sz.002842,10.5500,10.5500,10.5100,10.5200,516800,5441640.0000,3
2025-09-26,20250926101000000,sz.002842,10.5200,10.5900,10.5200,10.5900,348500,3679376.0000,3
2025-09-26,20250926101500000,sz.002842,10.5800,10.6000,10.5500,10.5700,340900,3604912.0000,3
2025-09-26,20250926102000000,sz.002842,10.5700,10.5800,10.5200,10.5400,348400,3678208.0000,3
2025-09-26,20250926102500000,sz.002842,10.5400,10.5600,10.5300,10.5500,250700,2643488.0000,3
2025-09-26,20250926103000000,sz.002842,10.5400,10.6000,10.5400,10.6000,226200,2390256.0000,3
2025-09-26,20250926103500000,sz.002842,10.5900,10.6000,10.5600,10.5900,200600,2122928.0000,3
2025-09-26,20250926104000000,sz.002842,10.5900,10.5900,10.5400,10.5500,300600,3174624.0000,3
2025-09-26,20250926104500000,sz.002842,10.5500,10.5500,10.5100,10.5400,222700,2345520.0000,3
2025-09-26,20250926105000000,sz.002842,10.5500,10.6900,10.5400,10.6600,347600,3686576.0000,3
2025-09-26,20250926105500000,sz.002842,10.6900,10.7100,10.6300,10.6900,935800,9988720.0000,3
2025-09-26,20250926110000000,sz.002842,10.7000,10.7300,10.6700,10.6700,980100,10486176.0000,3
2025-09-26,20250926110500000,sz.002842,10.6600,10.6900,10.6600,10.6600,252900,2698640.0000,3
2025-09-26,20250926111000000,sz.002842,10.6600,10.6800,10.6500,10.6700,290300,3096080.0000,3
2025-09-26,20250926111500000,sz.002842,10.6700,10.6800,10.6600,10.6700,121500,1295632.0000,3
2025-09-26,20250926112000000,sz.002842,10.6600,10.6800,10.6500,10.6600,229300,2445808.0000,3
2025-09-26,20250926112500000,sz.002842,10.6600,10.6600,10.6000,10.6300,488900,5193648.0000,3
2025-09-26,20250926113000000,sz.002842,10.6200,10.6500,10.6000,10.6500,273200,2902672.0000,3
2025-09-26,20250926130500000,sz.002842,10.6500,10.6500,10.5800,10.5800,261600,2778624.0000,3
2025-09-26,20250926131000000,sz.002842,10.5800,10.6100,10.5800,10.6000,119100,1261984.0000,3
2025-09-26,20250926131500000,sz.002842,10.6000,10.6300,10.6000,10.6300,155400,1650352.0000,3
2025-09-26,20250926132000000,sz.002842,10.6300,10.6300,10.5900,10.6000,176200,1869792.0000,3
2025-09-26,20250926132500000,sz.002842,10.6000,10.6000,10.5900,10.5900,114600,1214256.0000,3
2025-09-26,20250926133000000,sz.002842,10.5800,10.6000,10.5700,10.5800,117900,1247744.0000,3
2025-09-26,20250926133500000,sz.002842,10.5800,10.5800,10.5600,10.5600,156200,1650976.0000,3
2025-09-26,20250926134000000,sz.002842,10.5600,10.5800,10.5500,10.5700,167500,1768896.0000,3
2025-09-26,20250926134500000,sz.002842,10.5600,10.5600,10.5500,10.5600,140300,1481136.0000,3
2025-09-26,20250926135000000,sz.002842,10.5500,10.5800,10.5400,10.5800,219300,2313248.0000,3
2025-09-26,20250926135500000,sz.002842,10.5800,10.5800,10.5200,10.5200,208400,2197392.0000,3
2025-09-26,20250926140000000,sz.002842,10.5200,10.5200,10.4800,10.4800,380900,4000000.0000,3
2025-09-26,20250926140500000,sz.002842,10.4800,10.5000,10.4700,10.4900,214400,2247072.0000,3
2025-09-26,20250926141000000,sz.002842,10.5000,10.5100,10.4800,10.5100,122600,1286432.0000,3
2025-09-26,20250926141500000,sz.002842,10.5000,10.5000,10.4800,10.4800,211300,2216272.0000,3
2025-09-26,20250926142000000,sz.002842,10.4800,10.4900,10.4600,10.4900,120400,1261152.0000,3
2025-09-26,20250926142500000,sz.002842,10.4900,10.4900,10.4600,10.4600,150800,1579248.0000,3
2025-09-26,20250926143000000,sz.002842,10.4700,10.4700,10.4300,10.4300,305100,3188720.0000,3
2025-09-26,20250926143500000,sz.002842,10.4300,10.4500,10.4100,10.4200,466400,4861952.0000,3
2025-09-26,20250926144000000,sz.002842,10.4200,10.4600,10.4100,10.4300,213000,2222944.0000,3
2025-09-26,20250926144500000,sz.002842,10.4400,10.4800,10.4300,10.4700,153100,1600992.0000,3
2025-09-26,20250926145000000,sz.002842,10.4800,10.5100,10.4600,10.4600,313700,3288624.0000,3
2025-09-26,20250926145500000,sz.002842,10.4700,10.4700,10.4400,10.4500,377400,3945280.0000,3
2025-09-26,20250926150000000,sz.002842,10.4400,10.4500,10.4100,10.4100,419800,4376224.0000,3
2025-09-29,20250929093500000,sz.002842,10.7100,10.7100,10.4800,10.5400,1981100,21006098.0000,3
2025-09-29,20250929094000000,sz.002842,10.5400,10.5400,10.4200,10.4200,881100,9232188.0000,3
2025-09-29,20250929094500000,sz.002842,10.4200,10.4500,10.4000,10.4000,769400,8014098.0000,3
2025-09-29,20250929095000000,sz.002842,10.4000,10.4800,10.4000,10.4800,444900,4642040.0000,3
2025-09-29,20250929095500000,sz.002842,10.4800,10.4800,10.4000,10.4000,481900,5020584.0000,3
2025-09-29,20250929100000000,sz.002842,10.4100,10.4500,10.4000,10.4500,238700,2486296.0000,3
2025-09-29,20250929100500000,sz.002842,10.4500,10.4600,10.4300,10.4600,260400,2720056.0000,3
2025-09-29,20250929101000000,sz.002842,10.4600,10.4700,10.4400,10.4600,115900,1211992.0000,3
2025-09-29,20250929101500000,sz.002842,10.4600,10.5100,10.4600,10.5100,202800,2125884.0000,3
2025-09-29,20250929102000000,sz.002842,10.5100,10.5400,10.5100,10.5300,262400,2761292.0000,3
2025-09-29,20250929102500000,sz.002842,10.5300,10.5800,10.5200,10.5800,326700,3446520.0000,3
2025-09-29,20250929103000000,sz.002842,10.5800,10.6400,10.5800,10.5900,491000,5207200.0000,3
2025-09-29,20250929103500000,sz.002842,10.5800,10.6200,10.5500,10.5900,369700,3912104.0000,3
2025-09-29,20250929104000000,sz.002842,10.5900,10.6100,10.5800,10.6100,278400,2950128.0000,3
2025-09-29,20250929104500000,sz.002842,10.6200,10.6400,10.5900,10.6100,860400,9134008.0000,3
2025-09-29,20250929105000000,sz.002842,10.6100,10.6200,10.5900,10.6000,218900,2321208.0000,3
2025-09-29,20250929105500000,sz.002842,10.6000,10.6100,10.5800,10.5900,187600,1987168.0000,3
2025-09-29,20250929110000000,sz.002842,10.6000,10.6100,10.5900,10.6000,299100,3170864.0000,3
2025-09-29,20250929110500000,sz.002842,10.6100,10.6600,10.6000,10.6600,598500,6358472.0000,3
2025-09-29,20250929111000000,sz.002842,10.6500,10.6600,10.6200,10.6400,291100,3098992.0000,3
2025-09-29,20250929111500000,sz.002842,10.6300,10.6500,10.6200,10.6300,277800,2953616.0000,3
2025-09-29,20250929112000000,sz.002842,10.6300,10.6400,10.6100,10.6300,234300,2490080.0000,3
2025-09-29,20250929112500000,sz.002842,10.6300,10.6300,10.6100,10.6100,141600,1502752.0000,3
2025-09-29,20250929113000000,sz.002842,10.6000,10.6200,10.6000,10.6100,126400,1341616.0000,3
2025-09-29,20250929130500000,sz.002842,10.6100,10.6400,10.6100,10.6400,193500,2055720.0000,3
2025-09-29,20250929131000000,sz.002842,10.6300,10.6500,10.6000,10.6300,377500,4013464.0000,3
2025-09-29,20250929131500000,sz.002842,10.6100,10.6700,10.6000,10.6700,553000,5884456.0000,3
2025-09-29,20250929132000000,sz.002842,10.6700,10.6700,10.6300,10.6400,204200,2174336.0000,3
2025-09-29,20250929132500000,sz.002842,10.6400,10.6700,10.6400,10.6400,204200,2175504.0000,3
2025-09-29,20250929133000000,sz.002842,10.6400,10.6500,10.6200,10.6200,245400,2610096.0000,3
2025-09-29,20250929133500000,sz.002842,10.6200,10.6400,10.6200,10.6400,104500,1111000.0000,3
2025-09-29,20250929134000000,sz.002842,10.6400,10.6400,10.6200,10.6200,162000,1721296.0000,3
2025-09-29,20250929134500000,sz.002842,10.6200,10.6300,10.5900,10.5900,287100,3047384.0000,3
2025-09-29,20250929135000000,sz.002842,10.5800,10.6300,10.5800,10.6300,478900,5078896.0000,3
2025-09-29,20250929135500000,sz.002842,10.6300,10.6600,10.6300,10.6500,299200,3185472.0000,3
2025-09-29,20250929140000000,sz.002842,10.6500,10.6500,10.6400,10.6400,162500,1730464.0000,3
2025-09-29,20250929140500000,sz.002842,10.6400,10.6500,10.6400,10.6500,276400,2942960.0000,3
2025-09-29,20250929141000000,sz.002842,10.6500,10.6500,10.6300,10.6300,302700,3221744.0000,3
2025-09-29,20250929141500000,sz.002842,10.6300,10.6400,10.6000,10.6200,291300,3092720.0000,3
2025-09-29,20250929142000000,sz.002842,10.6100,10.6400,10.6100,10.6300,254400,2701808.0000,3
2025-09-29,20250929142500000,sz.002842,10.6300,10.6500,10.6200,10.6200,312600,3325568.0000,3
2025-09-29,20250929143000000,sz.002842,10.6300,10.6400,10.6200,10.6300,207300,2203648.0000,3
2025-09-29,20250929143500000,sz.002842,10.6200,10.6500,10.6200,10.6400,430200,4577792.0000,3
2025-09-29,20250929144000000,sz.002842,10.6400,10.6500,10.6300,10.6300,185900,1977328.0000,3
2025-09-29,20250929144500000,sz.002842,10.6300,10.6500,10.6300,10.6500,160400,1706864.0000,3
2025-09-29,20250929145000000,sz.002842,10.6500,10.6600,10.6400,10.6500,308300,3282336.0000,3
2025-09-29,20250929145500000,sz.002842,10.6700,10.6700,10.6600,10.6700,543700,5797856.0000,3
2025-09-29,20250929150000000,sz.002842,10.6600,10.6700,10.6600,10.6700,413900,4414592.0000,3
2025-09-30,20250930093500000,sz.002842,10.6400,10.8100,10.6400,10.7500,2014700,21579626.0000,3
2025-09-30,20250930094000000,sz.002842,10.7400,10.7500,10.7200,10.7400,638500,6853222.0000,3
2025-09-30,20250930094500000,sz.002842,10.7500,10.8500,10.7400,10.8500,1073000,11592832.0000,3
2025-09-30,20250930095000000,sz.002842,10.8700,10.9000,10.8400,10.8900,1298000,14100160.0000,3
2025-09-30,20250930095500000,sz.002842,10.9000,10.9000,10.8300,10.8300,840800,9145108.0000,3
2025-09-30,20250930100000000,sz.002842,10.8200,10.8800,10.8200,10.8800,474200,5143004.0000,3
2025-09-30,20250930100500000,sz.002842,10.8700,10.9000,10.8400,10.8600,976600,10621792.0000,3
2025-09-30,20250930101000000,sz.002842,10.8700,10.8900,10.8500,10.8700,639900,6957584.0000,3
2025-09-30,20250930101500000,sz.002842,10.8800,10.9100,10.8600,10.9000,594700,6479048.0000,3
2025-09-30,20250930102000000,sz.002842,10.9000,10.9000,10.8700,10.8800,386200,4202936.0000,3
2025-09-30,20250930102500000,sz.002842,10.8800,10.9000,10.8700,10.8700,392700,4272264.0000,3
2025-09-30,20250930103000000,sz.002842,10.8700,10.8700,10.7900,10.7900,894400,9670232.0000,3
2025-09-30,20250930103500000,sz.002842,10.7900,10.8400,10.7900,10.8200,361400,3910376.0000,3
2025-09-30,20250930104000000,sz.002842,10.8200,10.8400,10.8100,10.8100,331400,3585296.0000,3
2025-09-30,20250930104500000,sz.002842,10.8100,10.8200,10.7800,10.7800,408700,4413728.0000,3
2025-09-30,20250930105000000,sz.002842,10.7900,10.7900,10.7500,10.7500,489700,5272576.0000,3
2025-09-30,20250930105500000,sz.002842,10.7400,10.7700,10.7300,10.7700,531900,5715536.0000,3
2025-09-30,20250930110000000,sz.002842,10.7700,10.8300,10.7700,10.8200,211500,2284008.0000,3
2025-09-30,20250930110500000,sz.002842,10.8200,10.8200,10.7800,10.7800,160200,1730480.0000,3
2025-09-30,20250930111000000,sz.002842,10.7800,10.7900,10.7800,10.7900,120000,1294416.0000,3
2025-09-30,20250930111500000,sz.002842,10.7900,10.8200,10.7800,10.8200,296600,3200912.0000,3
2025-09-30,20250930112000000,sz.002842,10.8100,10.8100,10.7800,10.7900,147800,1595440.0000,3
2025-09-30,20250930112500000,sz.002842,10.7800,10.8100,10.7800,10.7900,101700,1097664.0000,3
2025-09-30,20250930113000000,sz.002842,10.7900,10.7900,10.7800,10.7900,112700,1215424.0000,3
2025-09-30,20250930130500000,sz.002842,10.7900,10.8000,10.7700,10.7800,188100,2028608.0000,3
2025-09-30,20250930131000000,sz.002842,10.7700,10.7800,10.7500,10.7800,269800,2904496.0000,3
2025-09-30,20250930131500000,sz.002842,10.7700,10.7800,10.7600,10.7600,253200,2724336.0000,3
2025-09-30,20250930132000000,sz.002842,10.7600,10.7600,10.7400,10.7600,126400,1359584.0000,3
2025-09-30,20250930132500000,sz.002842,10.7500,10.7600,10.7400,10.7500,106800,1147808.0000,3
2025-09-30,20250930133000000,sz.002842,10.7500,10.7800,10.7500,10.7700,138500,1491680.0000,3
2025-09-30,20250930133500000,sz.002842,10.7700,10.7700,10.7200,10.7200,276600,2972944.0000,3
2025-09-30,20250930134000000,sz.002842,10.7200,10.7400,10.7100,10.7400,215500,2310080.0000,3
2025-09-30,20250930134500000,sz.002842,10.7400,10.7500,10.7300,10.7500,174000,1869616.0000,3
2025-09-30,20250930135000000,sz.002842,10.7400,10.7600,10.7400,10.7500,161100,1732016.0000,3
2025-09-30,20250930135500000,sz.002842,10.7500,10.7800,10.7400,10.7500,333800,3588352.0000,3
2025-09-30,20250930140000000,sz.002842,10.7600,10.7600,10.7400,10.7500,160100,1720944.0000,3
2025-09-30,20250930140500000,sz.002842,10.7500,10.7800,10.7400,10.7800,262900,2828288.0000,3
2025-09-30,20250930141000000,sz.002842,10.7700,10.7900,10.7600,10.7600,162700,1752192.0000,3
2025-09-30,20250930141500000,sz.002842,10.7700,10.7700,10.7600,10.7700,95800,1031168.0000,3
2025-09-30,20250930142000000,sz.002842,10.7600,10.7800,10.7600,10.7800,245400,2642864.0000,3
2025-09-30,20250930142500000,sz.002842,10.7700,10.8000,10.7700,10.7900,346900,3741984.0000,3
2025-09-30,20250930143000000,sz.002842,10.7900,10.8200,10.7900,10.8100,305900,3304880.0000,3
2025-09-30,20250930143500000,sz.002842,10.8200,10.8300,10.8000,10.8100,368400,3984560.0000,3
2025-09-30,20250930144000000,sz.002842,10.8000,10.8200,10.8000,10.8100,306400,3312128.0000,3
2025-09-30,20250930144500000,sz.002842,10.8100,10.8300,10.8000,10.8000,318800,3448704.0000,3
2025-09-30,20250930145000000,sz.002842,10.8100,10.8200,10.8000,10.8100,309600,3346208.0000,3
2025-09-30,20250930145500000,sz.002842,10.8100,10.8200,10.8000,10.8100,481600,5207808.0000,3
2025-09-30,20250930150000000,sz.002842,10.8100,10.8100,10.7900,10.7900,520400,5617440.0000,3
2025-10-09,20251009093500000,sz.002842,11.0000,11.0000,10.8600,10.9700,3221100,35227604.0000,3
2025-10-09,20251009094000000,sz.002842,10.9800,10.9800,10.9100,10.9200,977000,10688004.0000,3
2025-10-09,20251009094500000,sz.002842,10.9100,11.0400,10.9000,11.0400,1195100,13113976.0000,3
2025-10-09,20251009095000000,sz.002842,11.0400,11.0400,10.9500,10.9900,895300,9845768.0000,3
2025-10-09,20251009095500000,sz.002842,10.9800,10.9900,10.9100,10.9200,757100,8283672.0000,3
2025-10-09,20251009100000000,sz.002842,10.9100,10.9300,10.9000,10.9300,546500,5963520.0000,3
2025-10-09,20251009100500000,sz.002842,10.9200,10.9300,10.8800,10.9000,614700,6697880.0000,3
2025-10-09,20251009101000000,sz.002842,10.8900,10.9400,10.8900,10.9300,352200,3845248.0000,3
2025-10-09,20251009101500000,sz.002842,10.9400,11.0100,10.9300,10.9700,652100,7160800.0000,3
2025-10-09,20251009102000000,sz.002842,10.9800,10.9800,10.9600,10.9600,274800,3014616.0000,3
2025-10-09,20251009102500000,sz.002842,10.9600,10.9800,10.9500,10.9600,311300,3412520.0000,3
2025-10-09,20251009103000000,sz.002842,10.9600,10.9900,10.9500,10.9700,317200,3480720.0000,3
2025-10-09,20251009103500000,sz.002842,10.9700,10.9900,10.9500,10.9700,331500,3636464.0000,3
2025-10-09,20251009104000000,sz.002842,10.9800,11.0000,10.9700,11.0000,283500,3114160.0000,3
2025-10-09,20251009104500000,sz.002842,11.0000,11.0200,10.9900,11.0100,495900,5458648.0000,3
2025-10-09,20251009105000000,sz.002842,11.0200,11.0200,10.9700,10.9700,489000,5377912.0000,3
2025-10-09,20251009105500000,sz.002842,10.9800,10.9900,10.9700,10.9900,262800,2885728.0000,3
2025-10-09,20251009110000000,sz.002842,10.9900,10.9900,10.9700,10.9800,99900,1097016.0000,3
2025-10-09,20251009110500000,sz.002842,10.9700,10.9900,10.9700,10.9900,199000,2185776.0000,3
2025-10-09,20251009111000000,sz.002842,10.9800,10.9900,10.9700,10.9800,220800,2424208.0000,3
2025-10-09,20251009111500000,sz.002842,10.9800,11.0000,10.9700,11.0000,397400,4365168.0000,3
2025-10-09,20251009112000000,sz.002842,11.0000,11.0100,11.0000,11.0100,237500,2613664.0000,3
2025-10-09,20251009112500000,sz.002842,11.0100,11.0100,11.0000,11.0000,221500,2438432.0000,3
2025-10-09,20251009113000000,sz.002842,11.0000,11.0400,11.0000,11.0400,358300,3948880.0000,3
2025-10-09,20251009130500000,sz.002842,11.0400,11.0700,11.0400,11.0600,748800,8272384.0000,3
2025-10-09,20251009131000000,sz.002842,11.0500,11.0600,11.0400,11.0500,432900,4783008.0000,3
2025-10-09,20251009131500000,sz.002842,11.0500,11.1200,11.0500,11.0700,1829800,20279536.0000,3
2025-10-09,20251009132000000,sz.002842,11.0700,11.0800,11.0100,11.0300,623800,6889200.0000,3
2025-10-09,20251009132500000,sz.002842,11.0400,11.0800,11.0400,11.0600,336700,3725952.0000,3
2025-10-09,20251009133000000,sz.002842,11.0500,11.0700,11.0400,11.0700,278400,3078048.0000,3
2025-10-09,20251009133500000,sz.002842,11.0700,11.0900,11.0600,11.0600,391800,4339696.0000,3
2025-10-09,20251009134000000,sz.002842,11.0600,11.0700,11.0500,11.0600,208100,2301392.0000,3
2025-10-09,20251009134500000,sz.002842,11.0500,11.0700,11.0400,11.0500,382600,4229376.0000,3
2025-10-09,20251009135000000,sz.002842,11.0500,11.0500,11.0100,11.0200,301500,3325504.0000,3
2025-10-09,20251009135500000,sz.002842,11.0200,11.0400,11.0200,11.0300,191500,2111776.0000,3
2025-10-09,20251009140000000,sz.002842,11.0300,11.0500,11.0300,11.0500,176200,1945360.0000,3
2025-10-09,20251009140500000,sz.002842,11.0400,11.0500,11.0300,11.0400,198400,2190608.0000,3
2025-10-09,20251009141000000,sz.002842,11.0300,11.0400,11.0300,11.0300,251600,2776976.0000,3
2025-10-09,20251009141500000,sz.002842,11.0300,11.0400,11.0300,11.0400,172900,1908272.0000,3
2025-10-09,20251009142000000,sz.002842,11.0300,11.0400,11.0200,11.0400,309500,3414640.0000,3
2025-10-09,20251009142500000,sz.002842,11.0400,11.0400,11.0200,11.0300,328500,3622112.0000,3
2025-10-09,20251009143000000,sz.002842,11.0300,11.0300,11.0200,11.0200,283200,3122592.0000,3
2025-10-09,20251009143500000,sz.002842,11.0300,11.0900,11.0200,11.0700,936700,10354864.0000,3
2025-10-09,20251009144000000,sz.002842,11.0700,11.1000,11.0700,11.0900,786700,8719200.0000,3
2025-10-09,20251009144500000,sz.002842,11.0700,11.1000,11.0700,11.0900,695300,7709328.0000,3
2025-10-09,20251009145000000,sz.002842,11.0900,11.1000,11.0800,11.0900,822400,9122352.0000,3
2025-10-09,20251009145500000,sz.002842,11.0900,11.1100,11.0900,11.1000,1036100,11497024.0000,3
2025-10-09,20251009150000000,sz.002842,11.1000,11.1400,11.1000,11.1400,1431200,15932000.0000,3
2025-10-10,20251010093500000,sz.002842,11.1000,11.1000,10.8200,10.9100,1997100,21824140.0000,3
2025-10-10,20251010094000000,sz.002842,10.9200,10.9900,10.9000,10.9100,1336500,14615492.0000,3
2025-10-10,20251010094500000,sz.002842,10.9000,10.9200,10.8300,10.8300,1340500,14568324.0000,3
2025-10-10,20251010095000000,sz.002842,10.8300,10.8300,10.8000,10.8200,1037300,11216900.0000,3
2025-10-10,20251010095500000,sz.002842,10.8300,10.9300,10.8200,10.9100,663300,7220168.0000,3
2025-10-10,20251010100000000,sz.002842,10.9000,10.9100,10.8700,10.8700,541600,5899416.0000,3
2025-10-10,20251010100500000,sz.002842,10.8700,10.8700,10.8200,10.8200,420400,4554680.0000,3
2025-10-10,20251010101000000,sz.002842,10.8200,10.8300,10.8000,10.8200,814400,8801640.0000,3
2025-10-10,20251010101500000,sz.002842,10.8200,10.8300,10.8100,10.8200,316500,3423824.0000,3
2025-10-10,20251010102000000,sz.002842,10.8100,10.8200,10.7700,10.7800,731100,7891280.0000,3
2025-10-10,20251010102500000,sz.002842,10.7800,10.8200,10.7800,10.8200,256200,2765280.0000,3
2025-10-10,20251010103000000,sz.002842,10.8100,10.8800,10.8100,10.8700,242600,2635216.0000,3
2025-10-10,20251010103500000,sz.002842,10.8700,10.9000,10.8600,10.8900,259500,2822784.0000,3
2025-10-10,20251010104000000,sz.002842,10.8800,10.8800,10.8400,10.8600,223900,2431472.0000,3
2025-10-10,20251010104500000,sz.002842,10.8500,10.8700,10.8400,10.8600,159200,1727720.0000,3
2025-10-10,20251010105000000,sz.002842,10.8700,10.8700,10.8500,10.8500,213900,2322936.0000,3
2025-10-10,20251010105500000,sz.002842,10.8500,10.8600,10.8300,10.8300,136400,1478888.0000,3
2025-10-10,20251010110000000,sz.002842,10.8300,10.8500,10.8200,10.8200,296000,3206696.0000,3
2025-10-10,20251010110500000,sz.002842,10.8300,10.8300,10.8000,10.8000,152700,1650408.0000,3
2025-10-10,20251010111000000,sz.002842,10.8000,10.8200,10.8000,10.8100,294500,3182272.0000,3
2025-10-10,20251010111500000,sz.002842,10.8100,10.8300,10.8100,10.8100,107900,1167032.0000,3
2025-10-10,20251010112000000,sz.002842,10.8200,10.8200,10.8000,10.8000,179200,1936264.0000,3
2025-10-10,20251010112500000,sz.002842,10.8000,10.8000,10.7700,10.7700,379500,4091200.0000,3
2025-10-10,20251010113000000,sz.002842,10.7700,10.8100,10.7600,10.8100,341500,3680432.0000,3
2025-10-10,20251010130500000,sz.002842,10.7900,10.8100,10.7700,10.7800,200900,2167040.0000,3
2025-10-10,20251010131000000,sz.002842,10.7800,10.8000,10.7700,10.8000,144800,1560576.0000,3
2025-10-10,20251010131500000,sz.002842,10.7900,10.8000,10.7800,10.7900,68000,733904.0000,3
2025-10-10,20251010132000000,sz.002842,10.7900,10.8000,10.7600,10.7700,255900,2756656.0000,3
2025-10-10,20251010132500000,sz.002842,10.7700,10.8000,10.7600,10.7700,187700,2023600.0000,3
2025-10-10,20251010133000000,sz.002842,10.7700,10.7900,10.7700,10.7800,244000,2628496.0000,3
2025-10-10,20251010133500000,sz.002842,10.7700,10.8200,10.7700,10.8000,221800,2393056.0000,3
2025-10-10,20251010134000000,sz.002842,10.8100,10.8100,10.7800,10.7800,259800,2803328.0000,3
2025-10-10,20251010134500000,sz.002842,10.7800,10.7900,10.7700,10.7700,461000,4968784.0000,3
2025-10-10,20251010135000000,sz.002842,10.7800,10.7900,10.7700,10.7700,104300,1124192.0000,3
2025-10-10,20251010135500000,sz.002842,10.7700,10.7800,10.7700,10.7800,175300,1888176.0000,3
2025-10-10,20251010140000000,sz.002842,10.7800,10.8100,10.7700,10.8100,213200,2299264.0000,3
2025-10-10,20251010140500000,sz.002842,10.8100,10.8100,10.7700,10.7800,167400,1805568.0000,3
2025-10-10,20251010141000000,sz.002842,10.7800,10.7800,10.7600,10.7700,305800,3292768.0000,3
2025-10-10,20251010141500000,sz.002842,10.7600,10.7600,10.7200,10.7200,299300,3214816.0000,3
2025-10-10,20251010142000000,sz.002842,10.7300,10.7300,10.6900,10.7100,501400,5367664.0000,3
2025-10-10,20251010142500000,sz.002842,10.7100,10.7300,10.7000,10.7100,259100,2776512.0000,3
2025-10-10,20251010143000000,sz.002842,10.7000,10.7200,10.7000,10.7100,137700,1474432.0000,3
2025-10-10,20251010143500000,sz.002842,10.7100,10.7400,10.6800,10.7400,390300,4180256.0000,3
2025-10-10,20251010144000000,sz.002842,10.7400,10.7900,10.7400,10.7400,238500,2567648.0000,3
2025-10-10,20251010144500000,sz.002842,10.7400,10.7500,10.7200,10.7200,200100,2147216.0000,3
2025-10-10,20251010145000000,sz.002842,10.7200,10.7400,10.7100,10.7200,404000,4332960.0000,3
2025-10-10,20251010145500000,sz.002842,10.7100,10.7400,10.7100,10.7300,551100,5908928.0000,3
2025-10-10,20251010150000000,sz.002842,10.7400,10.7400,10.7300,10.7300,278800,2992288.0000,3
2025-10-13,20251013093500000,sz.002842,10.2600,10.6500,10.2600,10.6500,2064500,21553198.0000,3
2025-10-13,20251013094000000,sz.002842,10.6500,10.6500,10.5500,10.5800,978800,10386206.0000,3
2025-10-13,20251013094500000,sz.002842,10.6000,10.7800,10.6000,10.7600,785500,8408528.0000,3
2025-10-13,20251013095000000,sz.002842,10.7500,10.7600,10.6900,10.7000,575400,6176692.0000,3
2025-10-13,20251013095500000,sz.002842,10.7100,10.7500,10.6900,10.7300,436800,4688536.0000,3
2025-10-13,20251013100000000,sz.002842,10.7200,10.7700,10.7200,10.7700,678800,7297780.0000,3
2025-10-13,20251013100500000,sz.002842,10.7700,10.8100,10.7400,10.8000,539700,5816332.0000,3
2025-10-13,20251013101000000,sz.002842,10.8000,10.8100,10.7600,10.7800,370800,3999328.0000,3
2025-10-13,20251013101500000,sz.002842,10.7700,10.7900,10.7400,10.7600,404800,4353992.0000,3
2025-10-13,20251013102000000,sz.002842,10.7600,10.8000,10.7500,10.8000,244200,2631824.0000,3
2025-10-13,20251013102500000,sz.002842,10.8000,10.8300,10.8000,10.8300,267500,2893120.0000,3
2025-10-13,20251013103000000,sz.002842,10.8300,10.8700,10.8300,10.8600,394100,4276624.0000,3
2025-10-13,20251013103500000,sz.002842,10.8700,10.8900,10.8600,10.8800,433900,4720648.0000,3
2025-10-13,20251013104000000,sz.002842,10.8900,10.9000,10.8800,10.8800,438900,4779832.0000,3
2025-10-13,20251013104500000,sz.002842,10.8800,10.8900,10.8500,10.8800,215000,2336840.0000,3
2025-10-13,20251013105000000,sz.002842,10.8800,10.9300,10.8700,10.9300,434100,4731256.0000,3
2025-10-13,20251013105500000,sz.002842,10.9200,10.9500,10.8900,10.9500,325600,3555440.0000,3
2025-10-13,20251013110000000,sz.002842,10.9600,11.0300,10.9500,11.0100,904300,9935656.0000,3
2025-10-13,20251013110500000,sz.002842,11.0200,11.0300,10.9900,11.0300,532500,5862016.0000,3
2025-10-13,20251013111000000,sz.002842,11.0300,11.0300,10.9900,11.0200,402200,4429600.0000,3
2025-10-13,20251013111500000,sz.002842,11.0200,11.0800,11.0200,11.0600,670600,7416056.0000,3
2025-10-13,20251013112000000,sz.002842,11.0600,11.1800,11.0500,11.1300,1082700,12045440.0000,3
2025-10-13,20251013112500000,sz.002842,11.1300,11.1300,11.0200,11.0300,513200,5688528.0000,3
2025-10-13,20251013113000000,sz.002842,11.0300,11.1000,11.0100,11.0100,439100,4855232.0000,3
2025-10-13,20251013130500000,sz.002842,11.0100,11.0100,10.9500,10.9500,308000,3378640.0000,3
2025-10-13,20251013131000000,sz.002842,10.9500,11.0000,10.9500,10.9900,210600,2309760.0000,3
2025-10-13,20251013131500000,sz.002842,10.9900,11.0000,10.9500,10.9700,184400,2023088.0000,3
2025-10-13,20251013132000000,sz.002842,10.9700,10.9800,10.9400,10.9400,165100,1808560.0000,3
2025-10-13,20251013132500000,sz.002842,10.9400,10.9800,10.9400,10.9800,131200,1437648.0000,3
2025-10-13,20251013133000000,sz.002842,10.9800,11.0000,10.9800,10.9900,167500,1840464.0000,3
2025-10-13,20251013133500000,sz.002842,10.9900,11.0400,10.9900,11.0300,186700,2056752.0000,3
2025-10-13,20251013134000000,sz.002842,11.0200,11.0500,11.0000,11.0300,220100,2425040.0000,3
2025-10-13,20251013134500000,sz.002842,11.0400,11.0400,11.0000,11.0000,147100,1620544.0000,3
2025-10-13,20251013135000000,sz.002842,10.9900,11.0100,10.9800,11.0000,203600,2237952.0000,3
2025-10-13,20251013135500000,sz.002842,11.0000,11.0300,10.9900,11.0200,128700,1417648.0000,3
2025-10-13,20251013140000000,sz.002842,11.0300,11.0500,11.0200,11.0500,172700,1905760.0000,3
2025-10-13,20251013140500000,sz.002842,11.0500,11.0600,11.0300,11.0300,215300,2377728.0000,3
2025-10-13,20251013141000000,sz.002842,11.0300,11.0400,11.0300,11.0300,192100,2119728.0000,3
2025-10-13,20251013141500000,sz.002842,11.0400,11.0600,11.0300,11.0500,278000,3071664.0000,3
2025-10-13,20251013142000000,sz.002842,11.0600,11.1200,11.0500,11.1100,693200,7678272.0000,3
2025-10-13,20251013142500000,sz.002842,11.1000,11.1400,11.1000,11.1300,549500,6111488.0000,3
2025-10-13,20251013143000000,sz.002842,11.1300,11.1400,11.1000,11.1300,735200,8177776.0000,3
2025-10-13,20251013143500000,sz.002842,11.1300,11.1700,11.1200,11.1600,837000,9332128.0000,3
2025-10-13,20251013144000000,sz.002842,11.1700,11.1700,11.1200,11.1300,422200,4704256.0000,3
2025-10-13,20251013144500000,sz.002842,11.1300,11.1400,11.1200,11.1400,495200,5512176.0000,3
2025-10-13,20251013145000000,sz.002842,11.1400,11.1400,11.1200,11.1400,514900,5733248.0000,3
2025-10-13,20251013145500000,sz.002842,11.1300,11.1500,11.1300,11.1500,942600,10503760.0000,3
2025-10-13,20251013150000000,sz.002842,11.1500,11.1500,11.1300,11.1400,723400,8058736.0000,3
2025-10-14,20251014093500000,sz.002842,11.4000,11.5200,11.3400,11.3600,4371100,49988924.0000,3
2025-10-14,20251014094000000,sz.002842,11.3500,11.3800,11.2600,11.3200,1720500,19461988.0000,3
2025-10-14,20251014094500000,sz.002842,11.3100,11.4800,11.3100,11.4200,1606000,18355800.0000,3
2025-10-14,20251014095000000,sz.002842,11.4300,11.4800,11.2800,11.2800,1147400,13066128.0000,3
2025-10-14,20251014095500000,sz.002842,11.2900,11.3400,11.2300,11.2300,857500,9676304.0000,3
2025-10-14,20251014100000000,sz.002842,11.2300,11.2300,11.1700,11.1700,1105700,12387872.0000,3
2025-10-14,20251014100500000,sz.002842,11.1700,11.5600,11.1700,11.5200,3850700,43920520.0000,3
2025-10-14,20251014101000000,sz.002842,11.5000,11.5000,11.3900,11.4000,1023500,11705760.0000,3
2025-10-14,20251014101500000,sz.002842,11.4100,11.4100,11.3200,11.3500,1034400,11750304.0000,3
2025-10-14,20251014102000000,sz.002842,11.3500,11.4100,11.3300,11.3700,493500,5610848.0000,3
2025-10-14,20251014102500000,sz.002842,11.3800,11.4000,11.3500,11.3500,660000,7503104.0000,3
2025-10-14,20251014103000000,sz.002842,11.3500,11.3500,11.2600,11.2600,470200,5311072.0000,3
2025-10-14,20251014103500000,sz.002842,11.2600,11.2800,11.2500,11.2600,549800,6195792.0000,3
2025-10-14,20251014104000000,sz.002842,11.2600,11.3300,11.2300,11.2800,670900,7565088.0000,3
2025-10-14,20251014104500000,sz.002842,11.2700,11.3600,11.2700,11.3100,410100,4635136.0000,3
2025-10-14,20251014105000000,sz.002842,11.3000,11.3000,11.2400,11.2500,398200,4481744.0000,3
2025-10-14,20251014105500000,sz.002842,11.2400,11.2700,11.2300,11.2300,281700,3168512.0000,3
2025-10-14,20251014110000000,sz.002842,11.2300,11.2400,11.2000,11.2200,310300,3481424.0000,3
2025-10-14,20251014110500000,sz.002842,11.2200,11.2600,11.2100,11.2500,228600,2569568.0000,3
2025-10-14,20251014111000000,sz.002842,11.2500,11.2500,11.1700,11.1700,430700,4820368.0000,3
2025-10-14,20251014111500000,sz.002842,11.1700,11.1700,11.1400,11.1700,401800,4480960.0000,3
2025-10-14,20251014112000000,sz.002842,11.1700,11.1800,11.1300,11.1500,312800,3488688.0000,3
2025-10-14,20251014112500000,sz.002842,11.1600,11.2100,11.1500,11.2100,196500,2199312.0000,3
2025-10-14,20251014113000000,sz.002842,11.2100,11.2500,11.2000,11.2300,221400,2485904.0000,3
2025-10-14,20251014130500000,sz.002842,11.2200,11.2500,11.1500,11.1600,272200,3051616.0000,3
2025-10-14,20251014131000000,sz.002842,11.1500,11.1700,11.1400,11.1400,218500,2436752.0000,3
2025-10-14,20251014131500000,sz.002842,11.1500,11.1900,11.1400,11.1900,121900,1361680.0000,3
2025-10-14,20251014132000000,sz.002842,11.1900,11.2200,11.1800,11.2200,202000,2261792.0000,3
2025-10-14,20251014132500000,sz.002842,11.2200,11.2400,11.2100,11.2100,136200,1529008.0000,3
2025-10-14,20251014133000000,sz.002842,11.2100,11.2300,11.2100,11.2100,129000,1447648.0000,3
2025-10-14,20251014133500000,sz.002842,11.2100,11.2400,11.1900,11.2000,436200,4897024.0000,3
2025-10-14,20251014134000000,sz.002842,11.1900,11.2200,11.1700,11.1700,306200,3427040.0000,3
2025-10-14,20251014134500000,sz.002842,11.1700,11.1700,11.1500,11.1600,208800,2329472.0000,3
2025-10-14,20251014135000000,sz.002842,11.1500,11.1500,11.1100,11.1100,373200,4151936.0000,3
2025-10-14,20251014135500000,sz.002842,11.1200,11.1500,11.1100,11.1200,264600,2942720.0000,3
2025-10-14,20251014140000000,sz.002842,11.1200,11.1300,11.0600,11.0600,412400,4573312.0000,3
2025-10-14,20251014140500000,sz.002842,11.0500,11.0900,11.0500,11.0800,361400,4002848.0000,3
2025-10-14,20251014141000000,sz.002842,11.0900,11.0900,11.0500,11.0500,209700,2320768.0000,3
2025-10-14,20251014141500000,sz.002842,11.0400,11.0600,11.0100,11.0400,631000,6957984.0000,3
2025-10-14,20251014142000000,sz.002842,11.0400,11.0500,10.9800,10.9800,543800,5986208.0000,3
2025-10-14,20251014142500000,sz.002842,10.9800,11.0200,10.9800,11.0100,304500,3350848.0000,3
2025-10-14,20251014143000000,sz.002842,11.0000,11.0300,11.0000,11.0300,274600,3022720.0000,3
2025-10-14,20251014143500000,sz.002842,11.0400,11.0900,11.0400,11.0500,360700,3992064.0000,3
2025-10-14,20251014144000000,sz.002842,11.0500,11.0600,10.9900,10.9900,260200,2867328.0000,3
2025-10-14,20251014144500000,sz.002842,10.9900,11.0000,10.9600,10.9600,399500,4386592.0000,3
2025-10-14,20251014145000000,sz.002842,10.9700,11.0200,10.9600,11.0100,286000,3142848.0000,3
2025-10-14,20251014145500000,sz.002842,11.0100,11.0500,11.0100,11.0400,397400,4384256.0000,3
2025-10-14,20251014150000000,sz.002842,11.0400,11.0700,11.0400,11.0700,548800,6071968.0000,3
2025-10-15,20251015093500000,sz.002842,11.1000,11.1000,10.8500,11.0600,1853000,20381740.0000,3
2025-10-15,20251015094000000,sz.002842,11.0600,11.1300,10.9300,10.9600,1814100,20006816.0000,3
2025-10-15,20251015094500000,sz.002842,10.9700,11.0700,10.8700,11.0500,628500,6867800.0000,3
2025-10-15,20251015095000000,sz.002842,11.0500,11.0900,11.0100,11.0100,538900,5965684.0000,3
2025-10-15,20251015095500000,sz.002842,11.0200,11.0500,10.9200,10.9500,563000,6173764.0000,3
2025-10-15,20251015100000000,sz.002842,10.9400,10.9900,10.9200,10.9700,382000,4180580.0000,3
2025-10-15,20251015100500000,sz.002842,10.9600,10.9700,10.9000,10.9200,463600,5063256.0000,3
2025-10-15,20251015101000000,sz.002842,10.9200,10.9400,10.8900,10.9300,409700,4470400.0000,3
2025-10-15,20251015101500000,sz.002842,10.9300,10.9800,10.9300,10.9500,291300,3188768.0000,3
2025-10-15,20251015102000000,sz.002842,10.9400,10.9700,10.9200,10.9600,243800,2669640.0000,3
2025-10-15,20251015102500000,sz.002842,10.9500,10.9600,10.9100,10.9200,342200,3743992.0000,3
2025-10-15,20251015103000000,sz.002842,10.9300,10.9400,10.9000,10.9000,193300,2110840.0000,3
2025-10-15,20251015103500000,sz.002842,10.9200,10.9200,10.8600,10.8600,362600,3948176.0000,3
2025-10-15,20251015104000000,sz.002842,10.8600,10.8700,10.8000,10.8200,684300,7408424.0000,3
2025-10-15,20251015104500000,sz.002842,10.8100,10.8300,10.7400,10.7500,1721200,18541592.0000,3
2025-10-15,20251015105000000,sz.002842,10.7600,10.8100,10.7600,10.7900,259600,2801016.0000,3
2025-10-15,20251015105500000,sz.002842,10.7900,10.8200,10.7700,10.8000,220200,2374408.0000,3
2025-10-15,20251015110000000,sz.002842,10.8100,10.8100,10.7800,10.7900,139300,1503296.0000,3
2025-10-15,20251015110500000,sz.002842,10.8000,10.8100,10.7900,10.8100,131100,1415744.0000,3
2025-10-15,20251015111000000,sz.002842,10.8100,10.8200,10.8000,10.8200,108900,1177352.0000,3
2025-10-15,20251015111500000,sz.002842,10.8100,10.8200,10.7800,10.7900,150800,1629552.0000,3
2025-10-15,20251015112000000,sz.002842,10.7800,10.8100,10.7700,10.8100,110700,1194400.0000,3
2025-10-15,20251015112500000,sz.002842,10.8100,10.8200,10.8000,10.8200,78600,849952.0000,3
2025-10-15,20251015113000000,sz.002842,10.8300,10.8300,10.8000,10.8200,89100,963712.0000,3
2025-10-15,20251015130500000,sz.002842,10.8200,10.8200,10.7400,10.7700,614800,6614776.0000,3
2025-10-15,20251015131000000,sz.002842,10.7700,10.7900,10.7700,10.7700,180600,1945936.0000,3
2025-10-15,20251015131500000,sz.002842,10.7800,10.7900,10.7600,10.7800,189300,2039584.0000,3
2025-10-15,20251015132000000,sz.002842,10.8000,10.8200,10.8000,10.8100,100600,1087296.0000,3
2025-10-15,20251015132500000,sz.002842,10.8100,10.8400,10.8000,10.8200,170900,1849328.0000,3
2025-10-15,20251015133000000,sz.002842,10.8100,10.8300,10.8100,10.8200,121100,1310528.0000,3
2025-10-15,20251015133500000,sz.002842,10.8200,10.8500,10.8200,10.8400,193100,2093040.0000,3
2025-10-15,20251015134000000,sz.002842,10.8400,10.8800,10.8400,10.8500,161700,1755920.0000,3
2025-10-15,20251015134500000,sz.002842,10.8500,10.8600,10.8200,10.8300,153200,1661280.0000,3
2025-10-15,20251015135000000,sz.002842,10.8200,10.8400,10.8200,10.8300,67500,731008.0000,3
2025-10-15,20251015135500000,sz.002842,10.8300,10.8300,10.8100,10.8200,135700,1468720.0000,3
2025-10-15,20251015140000000,sz.002842,10.8100,10.8600,10.8100,10.8500,155800,1689248.0000,3
2025-10-15,20251015140500000,sz.002842,10.8400,10.8600,10.8200,10.8400,150900,1635648.0000,3
2025-10-15,20251015141000000,sz.002842,10.8400,10.8600,10.8300,10.8500,151900,1647856.0000,3
2025-10-15,20251015141500000,sz.002842,10.8600,10.8700,10.8500,10.8500,204700,2223280.0000,3
2025-10-15,20251015142000000,sz.002842,10.8600,10.8700,10.8500,10.8500,238300,2589264.0000,3
2025-10-15,20251015142500000,sz.002842,10.8500,10.8700,10.8200,10.8600,291900,3164720.0000,3
2025-10-15,20251015143000000,sz.002842,10.8600,10.8800,10.8500,10.8700,218900,2378432.0000,3
2025-10-15,20251015143500000,sz.002842,10.8600,10.8700,10.8300,10.8400,316400,3433216.0000,3
2025-10-15,20251015144000000,sz.002842,10.8400,10.8500,10.8300,10.8500,139100,1508048.0000,3
2025-10-15,20251015144500000,sz.002842,10.8500,10.8600,10.8500,10.8500,195300,2119344.0000,3
2025-10-15,20251015145000000,sz.002842,10.8400,10.8700,10.8400,10.8500,430900,4676192.0000,3
2025-10-15,20251015145500000,sz.002842,10.8500,10.8500,10.8200,10.8300,684000,7409888.0000,3
2025-10-15,20251015150000000,sz.002842,10.8400,10.8600,10.8300,10.8400,590700,6403600.0000,3
2025-10-16,20251016093500000,sz.002842,10.8000,10.8000,10.6500,10.6700,1096100,11720806.0000,3
2025-10-16,20251016094000000,sz.002842,10.6700,10.7500,10.6500,10.7300,658300,7037162.0000,3
2025-10-16,20251016094500000,sz.002842,10.7200,10.7500,10.6800,10.6800,501000,5368092.0000,3
2025-10-16,20251016095000000,sz.002842,10.6800,10.7000,10.6200,10.6700,738300,7867832.0000,3
2025-10-16,20251016095500000,sz.002842,10.6700,10.7200,10.6400,10.7000,251400,2686952.0000,3
2025-10-16,20251016100000000,sz.002842,10.6900,10.7200,10.6800,10.6900,206700,2211028.0000,3
2025-10-16,20251016100500000,sz.002842,10.6900,10.7200,10.6600,10.7100,238300,2546096.0000,3
2025-10-16,20251016101000000,sz.002842,10.7200,10.7200,10.6800,10.6800,275400,2945472.0000,3
2025-10-16,20251016101500000,sz.002842,10.6900,10.7000,10.6200,10.6800,497300,5298900.0000,3
2025-10-16,20251016102000000,sz.002842,10.6800,10.7000,10.6700,10.6800,120800,1290252.0000,3
2025-10-16,20251016102500000,sz.002842,10.6800,10.7000,10.6600,10.6600,159600,1703916.0000,3
2025-10-16,20251016103000000,sz.002842,10.6600,10.6700,10.6200,10.6200,279300,2971016.0000,3
2025-10-16,20251016103500000,sz.002842,10.6200,10.6600,10.6200,10.6200,294400,3131592.0000,3
2025-10-16,20251016104000000,sz.002842,10.6200,10.6400,10.6100,10.6300,259100,2752448.0000,3
2025-10-16,20251016104500000,sz.002842,10.6300,10.6400,10.6100,10.6200,230900,2452780.0000,3
2025-10-16,20251016105000000,sz.002842,10.6300,10.6500,10.6200,10.6400,178500,1897996.0000,3
2025-10-16,20251016105500000,sz.002842,10.6400,10.6500,10.6300,10.6400,127900,1360792.0000,3
2025-10-16,20251016110000000,sz.002842,10.6400,10.6500,10.6300,10.6500,289600,3078236.0000,3
2025-10-16,20251016110500000,sz.002842,10.6500,10.6500,10.6200,10.6200,134900,1433448.0000,3
2025-10-16,20251016111000000,sz.002842,10.6300,10.6400,10.6100,10.6100,179400,1904672.0000,3
2025-10-16,20251016111500000,sz.002842,10.6100,10.6200,10.6000,10.6100,187800,1992736.0000,3
2025-10-16,20251016112000000,sz.002842,10.6100,10.6100,10.5800,10.5900,563300,5967960.0000,3
2025-10-16,20251016112500000,sz.002842,10.5800,10.6000,10.5600,10.5600,238200,2519376.0000,3
2025-10-16,20251016113000000,sz.002842,10.5600,10.5700,10.5300,10.5400,209300,2208376.0000,3
2025-10-16,20251016130500000,sz.002842,10.5500,10.5600,10.5100,10.5100,321900,3390032.0000,3
2025-10-16,20251016131000000,sz.002842,10.5100,10.5100,10.4700,10.4900,358400,3760248.0000,3
2025-10-16,20251016131500000,sz.002842,10.4900,10.5000,10.4700,10.4700,162000,1698144.0000,3
2025-10-16,20251016132000000,sz.002842,10.4700,10.4900,10.4600,10.4800,267700,2803296.0000,3
2025-10-16,20251016132500000,sz.002842,10.4800,10.5000,10.4600,10.4600,267500,2803368.0000,3
2025-10-16,20251016133000000,sz.002842,10.4700,10.4900,10.4600,10.4900,111300,1165672.0000,3
2025-10-16,20251016133500000,sz.002842,10.4700,10.4800,10.4500,10.4600,308100,3222992.0000,3
2025-10-16,20251016134000000,sz.002842,10.4700,10.5000,10.4500,10.4500,225600,2364944.0000,3
2025-10-16,20251016134500000,sz.002842,10.4500,10.4600,10.4400,10.4600,364500,3809392.0000,3
2025-10-16,20251016135000000,sz.002842,10.4600,10.4700,10.4500,10.4500,106000,1108400.0000,3
2025-10-16,20251016135500000,sz.002842,10.4500,10.4800,10.4500,10.4800,75700,792160.0000,3
2025-10-16,20251016140000000,sz.002842,10.4800,10.5000,10.4500,10.4500,144300,1511904.0000,3
2025-10-16,20251016140500000,sz.002842,10.4500,10.4600,10.4400,10.4500,321900,3362816.0000,3
2025-10-16,20251016141000000,sz.002842,10.4500,10.4800,10.4400,10.4700,229700,2402496.0000,3
2025-10-16,20251016141500000,sz.002842,10.4700,10.5000,10.4700,10.4900,116900,1226072.0000,3
2025-10-16,20251016142000000,sz.002842,10.4900,10.5000,10.4600,10.4700,91800,961456.0000,3
2025-10-16,20251016142500000,sz.002842,10.4700,10.4800,10.4500,10.4600,309800,3242856.0000,3
2025-10-16,20251016143000000,sz.002842,10.4600,10.4800,10.4500,10.4600,57700,603832.0000,3
2025-10-16,20251016143500000,sz.002842,10.4700,10.4800,10.4600,10.4700,162200,1697776.0000,3
2025-10-16,20251016144000000,sz.002842,10.4600,10.4700,10.4400,10.4400,229100,2394912.0000,3
2025-10-16,20251016144500000,sz.002842,10.4400,10.4500,10.4200,10.4300,252900,2638696.0000,3
2025-10-16,20251016145000000,sz.002842,10.4300,10.4600,10.4300,10.4300,327800,3421048.0000,3
2025-10-16,20251016145500000,sz.002842,10.4300,10.4500,10.4200,10.4500,355600,3711792.0000,3
2025-10-16,20251016150000000,sz.002842,10.4400,10.4600,10.4400,10.4600,298400,3119216.0000,3
2025-10-17,20251017093500000,sz.002842,10.5400,10.8000,10.4600,10.6800,1364200,14550071.0000,3
2025-10-17,20251017094000000,sz.002842,10.6900,10.6900,10.5800,10.6100,602500,6412055.0000,3
2025-10-17,20251017094500000,sz.002842,10.6100,10.6100,10.4700,10.4700,593600,6257052.0000,3
2025-10-17,20251017095000000,sz.002842,10.4700,10.4700,10.3900,10.4200,420800,4389038.0000,3
2025-10-17,20251017095500000,sz.002842,10.4300,10.4300,10.3600,10.3600,422600,4395888.0000,3
2025-10-17,20251017100000000,sz.002842,10.3700,10.3700,10.3300,10.3300,584200,6043988.0000,3
2025-10-17,20251017100500000,sz.002842,10.3200,10.3500,10.3000,10.3300,381400,3935196.0000,3
2025-10-17,20251017101000000,sz.002842,10.3300,10.3400,10.3100,10.3200,247200,2552376.0000,3
2025-10-17,20251017101500000,sz.002842,10.3100,10.3600,10.2800,10.3400,349100,3600880.0000,3
2025-10-17,20251017102000000,sz.002842,10.3400,10.3600,10.3100,10.3500,250700,2587640.0000,3
2025-10-17,20251017102500000,sz.002842,10.3500,10.3700,10.3200,10.3300,201200,2082024.0000,3
2025-10-17,20251017103000000,sz.002842,10.3300,10.3700,10.3200,10.3400,243000,2512252.0000,3
2025-10-17,20251017103500000,sz.002842,10.3400,10.3700,10.3400,10.3400,209700,2171484.0000,3
2025-10-17,20251017104000000,sz.002842,10.3600,10.3700,10.3500,10.3700,178000,1843976.0000,3
2025-10-17,20251017104500000,sz.002842,10.3700,10.3800,10.3400,10.3400,82500,855196.0000,3
2025-10-17,20251017105000000,sz.002842,10.3400,10.3500,10.3300,10.3300,97200,1005140.0000,3
2025-10-17,20251017105500000,sz.002842,10.3300,10.3300,10.3100,10.3300,165500,1708488.0000,3
2025-10-17,20251017110000000,sz.002842,10.3400,10.3500,10.3300,10.3500,77500,801344.0000,3
2025-10-17,20251017110500000,sz.002842,10.3500,10.3500,10.2700,10.2700,455200,4692352.0000,3
2025-10-17,20251017111000000,sz.002842,10.2800,10.2900,10.2700,10.2700,171400,1761152.0000,3
2025-10-17,20251017111500000,sz.002842,10.2700,10.2900,10.2600,10.2700,213300,2191072.0000,3
2025-10-17,20251017112000000,sz.002842,10.2800,10.3000,10.2700,10.2800,76800,789952.0000,3
2025-10-17,20251017112500000,sz.002842,10.2800,10.3000,10.2600,10.2600,192600,1980024.0000,3
2025-10-17,20251017113000000,sz.002842,10.2700,10.2800,10.2600,10.2700,118500,1216416.0000,3
2025-10-17,20251017130500000,sz.002842,10.2600,10.2700,10.2400,10.2400,327400,3357288.0000,3
2025-10-17,20251017131000000,sz.002842,10.2500,10.2500,10.2100,10.2100,226200,2312528.0000,3
2025-10-17,20251017131500000,sz.002842,10.2100,10.2300,10.2100,10.2200,133300,1361776.0000,3
2025-10-17,20251017132000000,sz.002842,10.2200,10.2300,10.2000,10.2000,206200,2105240.0000,3
2025-10-17,20251017132500000,sz.002842,10.2000,10.2400,10.1800,10.2400,275000,2805248.0000,3
2025-10-17,20251017133000000,sz.002842,10.2400,10.2400,10.2200,10.2400,91700,937928.0000,3
2025-10-17,20251017133500000,sz.002842,10.2300,10.2500,10.2300,10.2400,113900,1167008.0000,3
2025-10-17,20251017134000000,sz.002842,10.2400,10.2600,10.2400,10.2600,175500,1798104.0000,3
2025-10-17,20251017134500000,sz.002842,10.2600,10.2600,10.2000,10.2000,116500,1191360.0000,3
2025-10-17,20251017135000000,sz.002842,10.2100,10.2400,10.2000,10.2300,131000,1338560.0000,3
2025-10-17,20251017135500000,sz.002842,10.2300,10.2400,10.2200,10.2400,67600,691400.0000,3
2025-10-17,20251017140000000,sz.002842,10.2400,10.2400,10.2200,10.2300,60400,617520.0000,3
2025-10-17,20251017140500000,sz.002842,10.2300,10.2400,10.2100,10.2200,118400,1210064.0000,3
2025-10-17,20251017141000000,sz.002842,10.2200,10.2500,10.2000,10.2000,114300,1169216.0000,3
2025-10-17,20251017141500000,sz.002842,10.2000,10.2100,10.2000,10.2000,65000,663200.0000,3
2025-10-17,20251017142000000,sz.002842,10.2100,10.2100,10.1900,10.1900,165400,1687048.0000,3
2025-10-17,20251017142500000,sz.002842,10.2000,10.2000,10.1800,10.1800,117700,1198696.0000,3
2025-10-17,20251017143000000,sz.002842,10.1900,10.1900,10.1600,10.1800,247900,2521400.0000,3
2025-10-17,20251017143500000,sz.002842,10.1800,10.1900,10.1500,10.1500,277400,2820256.0000,3
2025-10-17,20251017144000000,sz.002842,10.1500,10.1600,10.1300,10.1400,317500,3219128.0000,3
2025-10-17,20251017144500000,sz.002842,10.1300,10.1700,10.1200,10.1500,294500,2988056.0000,3
2025-10-17,20251017145000000,sz.002842,10.1500,10.1500,10.1200,10.1200,340000,3445488.0000,3
2025-10-17,20251017145500000,sz.002842,10.1400,10.1400,10.1100,10.1400,485400,4913920.0000,3
2025-10-17,20251017150000000,sz.002842,10.1500,10.1600,10.1300,10.1400,260400,2641288.0000,3
2025-10-20,20251020093500000,sz.002842,10.2000,10.2700,10.1500,10.2400,923800,9430793.0000,3
2025-10-20,20251020094000000,sz.002842,10.2300,10.2800,10.2300,10.2800,742000,7615977.0000,3
2025-10-20,20251020094500000,sz.002842,10.2800,10.2800,10.2100,10.2500,422900,4333772.0000,3
2025-10-20,20251020095000000,sz.002842,10.2600,10.2800,10.2300,10.2600,191600,1964582.0000,3
2025-10-20,20251020095500000,sz.002842,10.2400,10.3200,10.2400,10.3200,499500,5135044.0000,3
2025-10-20,20251020100000000,sz.002842,10.3100,10.3300,10.2900,10.3000,254000,2619876.0000,3
2025-10-20,20251020100500000,sz.002842,10.3000,10.3300,10.2900,10.3100,221300,2281952.0000,3
2025-10-20,20251020101000000,sz.002842,10.3100,10.3100,10.2800,10.3000,153000,1574876.0000,3
2025-10-20,20251020101500000,sz.002842,10.2900,10.3000,10.2500,10.2700,122200,1254864.0000,3
2025-10-20,20251020102000000,sz.002842,10.2800,10.2800,10.2500,10.2700,123300,1265696.0000,3
2025-10-20,20251020102500000,sz.002842,10.2800,10.2800,10.2500,10.2500,58200,597248.0000,3
2025-10-20,20251020103000000,sz.002842,10.2500,10.2700,10.2400,10.2700,102400,1049988.0000,3
2025-10-20,20251020103500000,sz.002842,10.2700,10.3200,10.2600,10.3100,228000,2345268.0000,3
2025-10-20,20251020104000000,sz.002842,10.3000,10.3100,10.2900,10.3000,87200,898280.0000,3
2025-10-20,20251020104500000,sz.002842,10.2900,10.3100,10.2900,10.2900,59500,612592.0000,3
2025-10-20,20251020105000000,sz.002842,10.2900,10.3100,10.2800,10.3100,166000,1710700.0000,3
2025-10-20,20251020105500000,sz.002842,10.3000,10.3100,10.2800,10.2900,57900,595944.0000,3
2025-10-20,20251020110000000,sz.002842,10.2800,10.2900,10.2600,10.2700,93500,960460.0000,3
2025-10-20,20251020110500000,sz.002842,10.2700,10.2700,10.2400,10.2400,104000,1065764.0000,3
2025-10-20,20251020111000000,sz.002842,10.2500,10.2600,10.2300,10.2600,43700,447748.0000,3
2025-10-20,20251020111500000,sz.002842,10.2600,10.2700,10.2600,10.2700,62200,638508.0000,3
2025-10-20,20251020112000000,sz.002842,10.2700,10.2900,10.2500,10.2800,90000,924724.0000,3
2025-10-20,20251020112500000,sz.002842,10.2900,10.3100,10.2900,10.3000,104100,1072004.0000,3
2025-10-20,20251020113000000,sz.002842,10.3000,10.3200,10.3000,10.3100,109400,1127652.0000,3
2025-10-20,20251020130500000,sz.002842,10.3000,10.3100,10.2700,10.2900,73600,757576.0000,3
2025-10-20,20251020131000000,sz.002842,10.2800,10.3400,10.2700,10.3200,298400,3078608.0000,3
2025-10-20,20251020131500000,sz.002842,10.3100,10.3100,10.2700,10.2700,198700,2046752.0000,3
2025-10-20,20251020132000000,sz.002842,10.2600,10.2600,10.2300,10.2400,122200,1251972.0000,3
2025-10-20,20251020132500000,sz.002842,10.2400,10.2600,10.2400,10.2400,110600,1133748.0000,3
2025-10-20,20251020133000000,sz.002842,10.2300,10.2500,10.2300,10.2400,52300,535536.0000,3
2025-10-20,20251020133500000,sz.002842,10.2500,10.2500,10.2200,10.2500,137400,1406108.0000,3
2025-10-20,20251020134000000,sz.002842,10.2500,10.2600,10.2300,10.2400,68400,700888.0000,3
2025-10-20,20251020134500000,sz.002842,10.2400,10.2500,10.2300,10.2400,103400,1058616.0000,3
2025-10-20,20251020135000000,sz.002842,10.2300,10.2600,10.2200,10.2500,181100,1853864.0000,3
2025-10-20,20251020135500000,sz.002842,10.2500,10.2500,10.2300,10.2400,39500,404572.0000,3
2025-10-20,20251020140000000,sz.002842,10.2400,10.2500,10.2300,10.2400,80500,824100.0000,3
2025-10-20,20251020140500000,sz.002842,10.2300,10.2500,10.2300,10.2400,64500,660188.0000,3
2025-10-20,20251020141000000,sz.002842,10.2300,10.3500,10.2300,10.2700,700400,7224456.0000,3
2025-10-20,20251020141500000,sz.002842,10.2700,10.2700,10.2500,10.2600,89400,916704.0000,3
2025-10-20,20251020142000000,sz.002842,10.2600,10.2600,10.2400,10.2400,109500,1122160.0000,3
2025-10-20,20251020142500000,sz.002842,10.2400,10.2600,10.2400,10.2600,98300,1007584.0000,3
2025-10-20,20251020143000000,sz.002842,10.2600,10.2800,10.2500,10.2500,253000,2596232.0000,3
2025-10-20,20251020143500000,sz.002842,10.2600,10.2600,10.2400,10.2500,143400,1470112.0000,3
2025-10-20,20251020144000000,sz.002842,10.2500,10.2700,10.2400,10.2700,128700,1319192.0000,3
2025-10-20,20251020144500000,sz.002842,10.2600,10.2800,10.2600,10.2800,124700,1280880.0000,3
2025-10-20,20251020145000000,sz.002842,10.2700,10.3000,10.2700,10.3000,213700,2199328.0000,3
2025-10-20,20251020145500000,sz.002842,10.3000,10.3000,10.2800,10.2900,370100,3810064.0000,3
2025-10-20,20251020150000000,sz.002842,10.2900,10.3300,10.2900,10.3300,436300,4502696.0000,3
2025-10-21,20251021093500000,sz.002842,10.3600,10.3600,10.2500,10.2600,390800,4024727.0000,3
2025-10-21,20251021094000000,sz.002842,10.2500,10.3200,10.2300,10.3100,316700,3254867.0000,3
2025-10-21,20251021094500000,sz.002842,10.3100,10.3700,10.2900,10.3500,319500,3298553.0000,3
2025-10-21,20251021095000000,sz.002842,10.3500,10.4100,10.3500,10.4000,380800,3951194.0000,3
2025-10-21,20251021095500000,sz.002842,10.4100,10.4500,10.3900,10.4000,511400,5329007.0000,3
2025-10-21,20251021100000000,sz.002842,10.3900,10.4100,10.3800,10.3800,263800,2741456.0000,3
2025-10-21,20251021100500000,sz.002842,10.3800,10.4000,10.3500,10.4000,306300,3176044.0000,3
2025-10-21,20251021101000000,sz.002842,10.4000,10.4400,10.4000,10.4000,191800,1997340.0000,3
2025-10-21,20251021101500000,sz.002842,10.4000,10.4100,10.3800,10.4100,132500,1377568.0000,3
2025-10-21,20251021102000000,sz.002842,10.4200,10.4300,10.4100,10.4300,127300,1326388.0000,3
2025-10-21,20251021102500000,sz.002842,10.4200,10.4400,10.4200,10.4300,122400,1276722.0000,3
2025-10-21,20251021103000000,sz.002842,10.4300,10.4500,10.4300,10.4400,164100,1713166.0000,3
2025-10-21,20251021103500000,sz.002842,10.4500,10.4600,10.4400,10.4500,197600,2065028.0000,3
2025-10-21,20251021104000000,sz.002842,10.4500,10.4700,10.4500,10.4700,222400,2326336.0000,3
2025-10-21,20251021104500000,sz.002842,10.4700,10.4800,10.4300,10.4400,190900,1995404.0000,3
2025-10-21,20251021105000000,sz.002842,10.4400,10.4400,10.4200,10.4200,196000,2044144.0000,3
2025-10-21,20251021105500000,sz.002842,10.4200,10.4300,10.4100,10.4300,116400,1212676.0000,3
2025-10-21,20251021110000000,sz.002842,10.4200,10.4300,10.4100,10.4100,89100,928308.0000,3
2025-10-21,20251021110500000,sz.002842,10.4100,10.4300,10.4100,10.4300,77000,802080.0000,3
2025-10-21,20251021111000000,sz.002842,10.4300,10.4400,10.4300,10.4300,118400,1234940.0000,3
2025-10-21,20251021111500000,sz.002842,10.4400,10.4500,10.4300,10.4500,120600,1258732.0000,3
2025-10-21,20251021112000000,sz.002842,10.4300,10.4500,10.4300,10.4500,133000,1388280.0000,3
2025-10-21,20251021112500000,sz.002842,10.4500,10.4500,10.4400,10.4400,68000,709996.0000,3
2025-10-21,20251021113000000,sz.002842,10.4400,10.4500,10.4300,10.4300,213200,2225996.0000,3
2025-10-21,20251021130500000,sz.002842,10.4400,10.4500,10.4100,10.4100,242900,2533900.0000,3
2025-10-21,20251021131000000,sz.002842,10.4200,10.4200,10.4100,10.4200,77100,802980.0000,3
2025-10-21,20251021131500000,sz.002842,10.4200,10.4300,10.3900,10.4000,277800,2891260.0000,3
2025-10-21,20251021132000000,sz.002842,10.4000,10.4000,10.3800,10.4000,168600,1751508.0000,3
2025-10-21,20251021132500000,sz.002842,10.3900,10.4200,10.3900,10.3900,122500,1273884.0000,3
2025-10-21,20251021133000000,sz.002842,10.3900,10.4000,10.3800,10.3900,63100,655684.0000,3
2025-10-21,20251021133500000,sz.002842,10.4000,10.4100,10.3900,10.4000,146800,1525744.0000,3
2025-10-21,20251021134000000,sz.002842,10.4000,10.4600,10.3900,10.4200,390300,4070760.0000,3
2025-10-21,20251021134500000,sz.002842,10.4100,10.4300,10.4100,10.4100,46300,482384.0000,3
2025-10-21,20251021135000000,sz.002842,10.4100,10.4400,10.4100,10.4300,181600,1893056.0000,3
2025-10-21,20251021135500000,sz.002842,10.4200,10.4200,10.4000,10.4100,115600,1203808.0000,3
2025-10-21,20251021140000000,sz.002842,10.4100,10.4300,10.4000,10.4300,60000,624824.0000,3
2025-10-21,20251021140500000,sz.002842,10.4300,10.4300,10.4100,10.4200,55200,575360.0000,3
2025-10-21,20251021141000000,sz.002842,10.4200,10.4500,10.4200,10.4300,147400,1538120.0000,3
2025-10-21,20251021141500000,sz.002842,10.4400,10.4400,10.4300,10.4300,88700,925904.0000,3
2025-10-21,20251021142000000,sz.002842,10.4400,10.4500,10.4300,10.4300,99400,1037264.0000,3
2025-10-21,20251021142500000,sz.002842,10.4300,10.4300,10.4100,10.4200,119800,1248000.0000,3
2025-10-21,20251021143000000,sz.002842,10.4300,10.4500,10.4300,10.4300,96200,1004080.0000,3
2025-10-21,20251021143500000,sz.002842,10.4300,10.4400,10.4100,10.4100,117800,1227976.0000,3
2025-10-21,20251021144000000,sz.002842,10.4100,10.4200,10.4100,10.4200,98400,1024832.0000,3
2025-10-21,20251021144500000,sz.002842,10.4100,10.4300,10.4100,10.4200,178000,1855240.0000,3
2025-10-21,20251021145000000,sz.002842,10.4300,10.4300,10.4200,10.4200,149700,1560216.0000,3
2025-10-21,20251021145500000,sz.002842,10.4200,10.4300,10.4100,10.4100,283800,2956768.0000,3
2025-10-21,20251021150000000,sz.002842,10.4200,10.4400,10.4100,10.4400,268800,2804304.0000,3
2025-10-22,20251022093500000,sz.002842,10.2800,10.3600,10.1500,10.3500,1155100,11845180.0000,3
2025-10-22,20251022094000000,sz.002842,10.3700,10.3800,10.2600,10.2600,464400,4800574.0000,3
2025-10-22,20251022094500000,sz.002842,10.2600,10.2600,10.2200,10.2300,380900,3897774.0000,3
2025-10-22,20251022095000000,sz.002842,10.2300,10.3100,10.2000,10.3100,395700,4052076.0000,3
2025-10-22,20251022095500000,sz.002842,10.3000,10.4000,10.2900,10.4000,632600,6538432.0000,3
2025-10-22,20251022100000000,sz.002842,10.4000,10.4400,10.3900,10.4200,241600,2516396.0000,3
2025-10-22,20251022100500000,sz.002842,10.4200,10.4700,10.4200,10.4500,306200,3197320.0000,3
2025-10-22,20251022101000000,sz.002842,10.4400,10.4400,10.4100,10.4100,170500,1777184.0000,3
2025-10-22,20251022101500000,sz.002842,10.4100,10.4300,10.3900,10.4300,112400,1169744.0000,3
2025-10-22,20251022102000000,sz.002842,10.4300,10.4600,10.4200,10.4600,165900,1733308.0000,3
2025-10-22,20251022102500000,sz.002842,10.4500,10.4700,10.4400,10.4500,127600,1334092.0000,3
2025-10-22,20251022103000000,sz.002842,10.4500,10.4800,10.4400,10.4800,219600,2297688.0000,3
2025-10-22,20251022103500000,sz.002842,10.4800,10.4800,10.4300,10.4400,140900,1472700.0000,3
2025-10-22,20251022104000000,sz.002842,10.4400,10.4500,10.4100,10.4100,88700,925656.0000,3
2025-10-22,20251022104500000,sz.002842,10.4100,10.4200,10.4000,10.4000,89100,927484.0000,3
2025-10-22,20251022105000000,sz.002842,10.4000,10.4200,10.3900,10.4000,88900,924360.0000,3
2025-10-22,20251022105500000,sz.002842,10.4000,10.4200,10.3900,10.3900,40000,415908.0000,3
2025-10-22,20251022110000000,sz.002842,10.3900,10.4000,10.3800,10.3800,107200,1113692.0000,3
2025-10-22,20251022110500000,sz.002842,10.3800,10.4000,10.3700,10.3900,144700,1502092.0000,3
2025-10-22,20251022111000000,sz.002842,10.3900,10.3900,10.3700,10.3900,51800,537772.0000,3
2025-10-22,20251022111500000,sz.002842,10.3800,10.3900,10.3700,10.3900,63200,656144.0000,3
2025-10-22,20251022112000000,sz.002842,10.3800,10.4200,10.3800,10.4000,173600,1804956.0000,3
2025-10-22,20251022112500000,sz.002842,10.4000,10.4100,10.3900,10.4100,39300,408712.0000,3
2025-10-22,20251022113000000,sz.002842,10.4000,10.4000,10.3800,10.3800,54800,569404.0000,3
2025-10-22,20251022130500000,sz.002842,10.3800,10.5700,10.3800,10.5400,1086600,11417184.0000,3
2025-10-22,20251022131000000,sz.002842,10.5400,10.5800,10.4700,10.4900,391900,4132952.0000,3
2025-10-22,20251022131500000,sz.002842,10.4900,10.5500,10.4800,10.5500,194600,2045800.0000,3
2025-10-22,20251022132000000,sz.002842,10.5400,10.5500,10.5200,10.5200,144000,1517616.0000,3
2025-10-22,20251022132500000,sz.002842,10.5300,10.5300,10.5100,10.5100,60400,635560.0000,3
2025-10-22,20251022133000000,sz.002842,10.5100,10.5200,10.5000,10.5100,61600,647344.0000,3
2025-10-22,20251022133500000,sz.002842,10.5100,10.5300,10.5000,10.5300,65000,683776.0000,3
2025-10-22,20251022134000000,sz.002842,10.5300,10.5300,10.4900,10.5000,82800,869960.0000,3
2025-10-22,20251022134500000,sz.002842,10.5000,10.5100,10.4600,10.4700,124000,1299368.0000,3
2025-10-22,20251022135000000,sz.002842,10.4700,10.4800,10.4500,10.4800,49400,516808.0000,3
2025-10-22,20251022135500000,sz.002842,10.4800,10.4800,10.4600,10.4700,36300,380072.0000,3
2025-10-22,20251022140000000,sz.002842,10.4600,10.4700,10.4400,10.4400,83800,876256.0000,3
2025-10-22,20251022140500000,sz.002842,10.4400,10.4600,10.4300,10.4400,80700,842472.0000,3
2025-10-22,20251022141000000,sz.002842,10.4400,10.4400,10.4100,10.4400,208400,2173008.0000,3
2025-10-22,20251022141500000,sz.002842,10.4400,10.4500,10.4300,10.4500,43700,456472.0000,3
2025-10-22,20251022142000000,sz.002842,10.4500,10.4600,10.4200,10.4300,68800,718016.0000,3
2025-10-22,20251022142500000,sz.002842,10.4400,10.4400,10.4300,10.4300,73200,763776.0000,3
2025-10-22,20251022143000000,sz.002842,10.4300,10.4400,10.4300,10.4400,18600,194128.0000,3
2025-10-22,20251022143500000,sz.002842,10.4400,10.4600,10.4300,10.4400,225900,2358840.0000,3
2025-10-22,20251022144000000,sz.002842,10.4500,10.4500,10.4400,10.4400,128400,1340760.0000,3
2025-10-22,20251022144500000,sz.002842,10.4300,10.4400,10.4100,10.4200,192000,2001496.0000,3
2025-10-22,20251022145000000,sz.002842,10.4200,10.4300,10.4000,10.4300,211900,2207088.0000,3
2025-10-22,20251022145500000,sz.002842,10.4200,10.4300,10.4100,10.4300,247000,2574040.0000,3
2025-10-22,20251022150000000,sz.002842,10.4200,10.4400,10.4200,10.4400,145200,1515072.0000,3
2025-10-23,20251023093500000,sz.002842,10.3800,10.4100,10.3400,10.3500,413500,4289026.0000,3
2025-10-23,20251023094000000,sz.002842,10.3500,10.3700,10.2800,10.2800,325400,3362046.0000,3
2025-10-23,20251023094500000,sz.002842,10.2600,10.2900,10.2500,10.2800,397900,4085241.0000,3
2025-10-23,20251023095000000,sz.002842,10.2800,10.3000,10.2200,10.2200,322500,3308455.0000,3
2025-10-23,20251023095500000,sz.002842,10.2300,10.4500,10.2200,10.3400,671800,6922726.0000,3
2025-10-23,20251023100000000,sz.002842,10.3500,10.4400,10.3000,10.3300,400200,4143784.0000,3
2025-10-23,20251023100500000,sz.002842,10.3400,10.3700,10.3000,10.3700,159600,1648114.0000,3
2025-10-23,20251023101000000,sz.002842,10.3700,10.3700,10.3100,10.3200,117800,1217060.0000,3
2025-10-23,20251023101500000,sz.002842,10.3200,10.3500,10.3000,10.3400,191100,1972260.0000,3
2025-10-23,20251023102000000,sz.002842,10.3400,10.3600,10.3300,10.3300,172800,1786528.0000,3
2025-10-23,20251023102500000,sz.002842,10.3400,10.3400,10.3200,10.3200,111400,1150136.0000,3
2025-10-23,20251023103000000,sz.002842,10.3300,10.3600,10.3300,10.3300,85000,878992.0000,3
2025-10-23,20251023103500000,sz.002842,10.3300,10.3600,10.3200,10.3600,99700,1031424.0000,3
2025-10-23,20251023104000000,sz.002842,10.3600,10.3800,10.3500,10.3800,78800,816464.0000,3
2025-10-23,20251023104500000,sz.002842,10.3700,10.3900,10.3700,10.3800,73200,759816.0000,3
2025-10-23,20251023105000000,sz.002842,10.3800,10.4000,10.3400,10.3700,96100,997016.0000,3
2025-10-23,20251023105500000,sz.002842,10.3700,10.3700,10.3500,10.3500,56700,587216.0000,3
2025-10-23,20251023110000000,sz.002842,10.3500,10.3500,10.3300,10.3400,51500,532720.0000,3
2025-10-23,20251023110500000,sz.002842,10.3400,10.3400,10.3200,10.3400,75700,782048.0000,3
2025-10-23,20251023111000000,sz.002842,10.3300,10.3400,10.3200,10.3300,35000,361444.0000,3
2025-10-23,20251023111500000,sz.002842,10.3400,10.3600,10.3300,10.3400,64600,668204.0000,3
2025-10-23,20251023112000000,sz.002842,10.3400,10.3800,10.3300,10.3600,54100,560632.0000,3
2025-10-23,20251023112500000,sz.002842,10.3700,10.4000,10.3700,10.4000,66100,686592.0000,3
2025-10-23,20251023113000000,sz.002842,10.4000,10.4000,10.3500,10.3500,72900,757172.0000,3
2025-10-23,20251023130500000,sz.002842,10.3500,10.3700,10.3300,10.3600,64200,664332.0000,3
2025-10-23,20251023131000000,sz.002842,10.3600,10.3800,10.3300,10.3300,62200,643760.0000,3
2025-10-23,20251023131500000,sz.002842,10.3400,10.3500,10.3200,10.3400,38900,401960.0000,3
2025-10-23,20251023132000000,sz.002842,10.3300,10.3400,10.3200,10.3400,62000,640452.0000,3
2025-10-23,20251023132500000,sz.002842,10.3400,10.3500,10.3300,10.3300,46600,481608.0000,3
2025-10-23,20251023133000000,sz.002842,10.3200,10.3400,10.3200,10.3300,43900,453812.0000,3
2025-10-23,20251023133500000,sz.002842,10.3400,10.3400,10.3200,10.3200,49500,511480.0000,3
2025-10-23,20251023134000000,sz.002842,10.3300,10.3300,10.3000,10.3000,87800,905300.0000,3
2025-10-23,20251023134500000,sz.002842,10.3000,10.3100,10.2900,10.3000,78000,803276.0000,3
2025-10-23,20251023135000000,sz.002842,10.3000,10.3100,10.2900,10.3100,36000,370776.0000,3
2025-10-23,20251023135500000,sz.002842,10.3100,10.3500,10.3100,10.3200,67100,692760.0000,3
2025-10-23,20251023140000000,sz.002842,10.3300,10.3500,10.3200,10.3300,35800,369848.0000,3
2025-10-23,20251023140500000,sz.002842,10.3400,10.3700,10.3300,10.3600,69100,715628.0000,3
2025-10-23,20251023141000000,sz.002842,10.3700,10.4200,10.3600,10.4200,222800,2315932.0000,3
2025-10-23,20251023141500000,sz.002842,10.4300,10.4300,10.3900,10.4100,150400,1565532.0000,3
2025-10-23,20251023142000000,sz.002842,10.4100,10.4100,10.3800,10.4000,66100,687004.0000,3
2025-10-23,20251023142500000,sz.002842,10.4000,10.4100,10.3900,10.3900,57400,596884.0000,3
2025-10-23,20251023143000000,sz.002842,10.3900,10.4400,10.3900,10.4200,157400,1639836.0000,3
2025-10-23,20251023143500000,sz.002842,10.4200,10.4300,10.4000,10.4300,94900,988432.0000,3
2025-10-23,20251023144000000,sz.002842,10.4400,10.4700,10.4300,10.4600,203900,2132004.0000,3
2025-10-23,20251023144500000,sz.002842,10.4500,10.4800,10.4500,10.4800,236500,2475104.0000,3
2025-10-23,20251023145000000,sz.002842,10.4800,10.5300,10.4800,10.5200,450500,4736380.0000,3
2025-10-23,20251023145500000,sz.002842,10.5100,10.5200,10.5000,10.5100,324800,3411952.0000,3
2025-10-23,20251023150000000,sz.002842,10.5100,10.5100,10.4900,10.4900,178400,1873000.0000,3
2025-10-24,20251024093500000,sz.002842,10.4900,10.6300,10.4900,10.6200,708000,7485222.0000,3
2025-10-24,20251024094000000,sz.002842,10.6200,10.6400,10.5800,10.6300,529900,5625008.0000,3
2025-10-24,20251024094500000,sz.002842,10.6400,10.7100,10.6200,10.6800,759300,8096958.0000,3
2025-10-24,20251024095000000,sz.002842,10.6700,10.6900,10.6300,10.6500,344900,3675868.0000,3
2025-10-24,20251024095500000,sz.002842,10.6400,10.6500,10.5800,10.5800,311800,3309818.0000,3
2025-10-24,20251024100000000,sz.002842,10.5900,10.6200,10.5900,10.6100,276200,2929658.0000,3
2025-10-24,20251024100500000,sz.002842,10.6100,10.6200,10.5700,10.5700,227300,2405744.0000,3
2025-10-24,20251024101000000,sz.002842,10.5700,10.6100,10.5700,10.6100,210100,2224340.0000,3
2025-10-24,20251024101500000,sz.002842,10.6100,10.6100,10.5700,10.5700,147800,1564800.0000,3
2025-10-24,20251024102000000,sz.002842,10.5700,10.5700,10.5400,10.5500,146500,1546460.0000,3
2025-10-24,20251024102500000,sz.002842,10.5500,10.5700,10.5500,10.5700,100000,1055972.0000,3
2025-10-24,20251024103000000,sz.002842,10.5700,10.5700,10.5300,10.5300,304700,3212480.0000,3
2025-10-24,20251024103500000,sz.002842,10.5300,10.5800,10.5300,10.5500,170700,1801332.0000,3
2025-10-24,20251024104000000,sz.002842,10.5500,10.5700,10.5400,10.5700,70200,740940.0000,3
2025-10-24,20251024104500000,sz.002842,10.5600,10.5700,10.5500,10.5600,97600,1030196.0000,3
2025-10-24,20251024105000000,sz.002842,10.5500,10.5600,10.5300,10.5400,56100,591124.0000,3
2025-10-24,20251024105500000,sz.002842,10.5400,10.5800,10.5400,10.5800,86800,916288.0000,3
2025-10-24,20251024110000000,sz.002842,10.5800,10.5800,10.5600,10.5700,35100,371012.0000,3
2025-10-24,20251024110500000,sz.002842,10.5700,10.5700,10.5400,10.5400,89500,944928.0000,3
2025-10-24,20251024111000000,sz.002842,10.5400,10.5500,10.5300,10.5400,53700,565868.0000,3
2025-10-24,20251024111500000,sz.002842,10.5400,10.5400,10.5300,10.5400,94200,992544.0000,3
2025-10-24,20251024112000000,sz.002842,10.5400,10.5500,10.5300,10.5400,72100,759784.0000,3
2025-10-24,20251024112500000,sz.002842,10.5400,10.5600,10.5400,10.5500,32300,340716.0000,3
2025-10-24,20251024113000000,sz.002842,10.5600,10.5600,10.5500,10.5500,23000,242812.0000,3
2025-10-24,20251024130500000,sz.002842,10.5500,10.6000,10.5300,10.5800,426600,4505600.0000,3
2025-10-24,20251024131000000,sz.002842,10.5900,10.6600,10.5900,10.6300,334300,3550976.0000,3
2025-10-24,20251024131500000,sz.002842,10.6300,10.6500,10.6000,10.6100,162400,1726080.0000,3
2025-10-24,20251024132000000,sz.002842,10.6000,10.6100,10.5900,10.5900,53400,565936.0000,3
2025-10-24,20251024132500000,sz.002842,10.6000,10.6000,10.5900,10.6000,51100,541344.0000,3
2025-10-24,20251024133000000,sz.002842,10.6000,10.6000,10.5800,10.5900,83100,879924.0000,3
2025-10-24,20251024133500000,sz.002842,10.5800,10.5800,10.5600,10.5800,62200,657404.0000,3
2025-10-24,20251024134000000,sz.002842,10.5800,10.5800,10.5400,10.5400,196000,2068488.0000,3
2025-10-24,20251024134500000,sz.002842,10.5400,10.5400,10.5200,10.5300,78000,821192.0000,3
2025-10-24,20251024135000000,sz.002842,10.5300,10.5600,10.5300,10.5600,49000,516544.0000,3
2025-10-24,20251024135500000,sz.002842,10.5600,10.5700,10.5500,10.5700,70400,743520.0000,3
2025-10-24,20251024140000000,sz.002842,10.5700,10.5700,10.5600,10.5600,35400,374056.0000,3
2025-10-24,20251024140500000,sz.002842,10.5600,10.5800,10.5600,10.5600,72500,766104.0000,3
2025-10-24,20251024141000000,sz.002842,10.5500,10.5700,10.5500,10.5500,49600,524072.0000,3
2025-10-24,20251024141500000,sz.002842,10.5600,10.5600,10.5400,10.5600,67800,714800.0000,3
2025-10-24,20251024142000000,sz.002842,10.5500,10.5700,10.5500,10.5700,80200,846696.0000,3
2025-10-24,20251024142500000,sz.002842,10.5600,10.5600,10.5500,10.5600,45300,478264.0000,3
2025-10-24,20251024143000000,sz.002842,10.5700,10.5700,10.5600,10.5700,70400,744080.0000,3
2025-10-24,20251024143500000,sz.002842,10.5700,10.5900,10.5600,10.5800,206400,2183624.0000,3
2025-10-24,20251024144000000,sz.002842,10.5700,10.5900,10.5700,10.5900,85800,908304.0000,3
2025-10-24,20251024144500000,sz.002842,10.5800,10.5900,10.5800,10.5900,190900,2020720.0000,3
2025-10-24,20251024145000000,sz.002842,10.5800,10.5900,10.5800,10.5900,200100,2118016.0000,3
2025-10-24,20251024145500000,sz.002842,10.5800,10.6000,10.5800,10.6000,181500,1923328.0000,3
2025-10-24,20251024150000000,sz.002842,10.6000,10.6100,10.5900,10.6000,244000,2586056.0000,3
2025-10-27,20251027093500000,sz.002842,10.6100,10.8900,10.6100,10.8600,2409100,25998552.0000,3
2025-10-27,20251027094000000,sz.002842,10.8600,10.9600,10.8600,10.9200,1645900,17947944.0000,3
2025-10-27,20251027094500000,sz.002842,10.9200,11.0600,10.9100,11.0600,1849500,20313336.0000,3
2025-10-27,20251027095000000,sz.002842,11.0600,11.0900,11.0200,11.0900,1374900,15201424.0000,3
2025-10-27,20251027095500000,sz.002842,11.0800,11.1100,11.0300,11.0400,1291600,14307624.0000,3
2025-10-27,20251027100000000,sz.002842,11.0400,11.1500,11.0400,11.1100,1727700,19199656.0000,3
2025-10-27,20251027100500000,sz.002842,11.0900,11.1000,10.9700,11.0100,1231400,13579352.0000,3
2025-10-27,20251027101000000,sz.002842,11.0200,11.0500,10.9900,11.0300,770800,8494320.0000,3
2025-10-27,20251027101500000,sz.002842,11.0300,11.0700,11.0200,11.0300,845700,9338224.0000,3
2025-10-27,20251027102000000,sz.002842,11.0300,11.0300,10.9900,11.0000,467700,5151232.0000,3
2025-10-27,20251027102500000,sz.002842,11.0100,11.0300,10.9600,11.0200,871400,9579792.0000,3
2025-10-27,20251027103000000,sz.002842,11.0100,11.0200,11.0000,11.0200,265300,2921968.0000,3
2025-10-27,20251027103500000,sz.002842,11.0200,11.0200,11.0000,11.0100,489200,5383152.0000,3
2025-10-27,20251027104000000,sz.002842,11.0100,11.0300,10.9600,11.0200,679500,7471264.0000,3
2025-10-27,20251027104500000,sz.002842,11.0200,11.0400,11.0000,11.0200,356400,3929280.0000,3
2025-10-27,20251027105000000,sz.002842,11.0200,11.0200,10.9900,11.0100,365600,4021696.0000,3
2025-10-27,20251027105500000,sz.002842,11.0200,11.0400,11.0000,11.0000,324900,3582560.0000,3
2025-10-27,20251027110000000,sz.002842,11.0000,11.0300,11.0000,11.0200,219000,2412336.0000,3
2025-10-27,20251027110500000,sz.002842,11.0200,11.0400,11.0100,11.0300,220200,2428288.0000,3
2025-10-27,20251027111000000,sz.002842,11.0400,11.0700,11.0200,11.0600,518900,5731872.0000,3
2025-10-27,20251027111500000,sz.002842,11.0700,11.0900,11.0600,11.0800,362900,4019744.0000,3
2025-10-27,20251027112000000,sz.002842,11.0900,11.0900,11.0700,11.0900,247600,2742528.0000,3
2025-10-27,20251027112500000,sz.002842,11.0800,11.0800,11.0700,11.0700,146500,1623088.0000,3
2025-10-27,20251027113000000,sz.002842,11.0800,11.0800,11.0700,11.0800,119500,1323792.0000,3
2025-10-27,20251027130500000,sz.002842,11.0900,11.1000,11.0800,11.0900,466000,5168624.0000,3
2025-10-27,20251027131000000,sz.002842,11.0900,11.0900,11.0500,11.0600,772800,8555696.0000,3
2025-10-27,20251027131500000,sz.002842,11.0600,11.0700,11.0400,11.0700,306600,3389808.0000,3
2025-10-27,20251027132000000,sz.002842,11.0700,11.0700,11.0300,11.0400,185700,2051696.0000,3
2025-10-27,20251027132500000,sz.002842,11.0400,11.0400,11.0200,11.0300,153000,1687488.0000,3
2025-10-27,20251027133000000,sz.002842,11.0300,11.0600,11.0300,11.0500,135300,1494192.0000,3
2025-10-27,20251027133500000,sz.002842,11.0400,11.0600,11.0400,11.0400,180300,1992496.0000,3
2025-10-27,20251027134000000,sz.002842,11.0500,11.0500,11.0400,11.0500,106300,1173824.0000,3
2025-10-27,20251027134500000,sz.002842,11.0500,11.0600,11.0400,11.0600,224900,2485360.0000,3
2025-10-27,20251027135000000,sz.002842,11.0600,11.0600,11.0500,11.0500,118700,1312256.0000,3
2025-10-27,20251027135500000,sz.002842,11.0500,11.0600,11.0300,11.0300,221100,2441920.0000,3
2025-10-27,20251027140000000,sz.002842,11.0200,11.0400,11.0200,11.0200,124800,1375904.0000,3
2025-10-27,20251027140500000,sz.002842,11.0200,11.0500,11.0200,11.0500,205600,2268800.0000,3
2025-10-27,20251027141000000,sz.002842,11.0500,11.0600,11.0500,11.0600,150400,1662640.0000,3
2025-10-27,20251027141500000,sz.002842,11.0600,11.0600,11.0500,11.0600,110200,1218528.0000,3
2025-10-27,20251027142000000,sz.002842,11.0600,11.0600,11.0500,11.0600,272600,3014080.0000,3
2025-10-27,20251027142500000,sz.002842,11.0600,11.0700,11.0600,11.0700,176900,1957408.0000,3
2025-10-27,20251027143000000,sz.002842,11.0700,11.0700,11.0400,11.0400,242100,2676784.0000,3
2025-10-27,20251027143500000,sz.002842,11.0500,11.0700,11.0400,11.0500,399300,4411792.0000,3
2025-10-27,20251027144000000,sz.002842,11.0500,11.0500,11.0200,11.0300,275700,3043168.0000,3
2025-10-27,20251027144500000,sz.002842,11.0300,11.0500,11.0300,11.0500,285100,3148672.0000,3
2025-10-27,20251027145000000,sz.002842,11.0500,11.0600,11.0400,11.0500,633200,6994928.0000,3
2025-10-27,20251027145500000,sz.002842,11.0500,11.0500,11.0400,11.0500,724900,8009024.0000,3
2025-10-27,20251027150000000,sz.002842,11.0500,11.0600,11.0500,11.0600,671600,7426912.0000,3
2025-10-28,20251028093500000,sz.002842,10.9500,11.0600,10.9100,11.0300,1791400,19653672.0000,3
2025-10-28,20251028094000000,sz.002842,11.0300,11.1000,10.9900,11.0800,1338100,14781800.0000,3
2025-10-28,20251028094500000,sz.002842,11.0800,11.1400,11.0400,11.1200,1194300,13244688.0000,3
2025-10-28,20251028095000000,sz.002842,11.1200,11.1200,11.0600,11.0800,553000,6129520.0000,3
2025-10-28,20251028095500000,sz.002842,11.0800,11.1500,11.0700,11.1300,731400,8133120.0000,3
2025-10-28,20251028100000000,sz.002842,11.1300,11.3000,11.1200,11.3000,1708600,19136568.0000,3
2025-10-28,20251028100500000,sz.002842,11.3000,11.3200,11.2300,11.2800,1582400,17840224.0000,3
2025-10-28,20251028101000000,sz.002842,11.2900,11.3800,11.2900,11.3500,1666000,18894744.0000,3
2025-10-28,20251028101500000,sz.002842,11.3500,11.4100,11.3400,11.4000,1379300,15688024.0000,3
2025-10-28,20251028102000000,sz.002842,11.4000,11.5000,11.3600,11.4600,1886400,21604968.0000,3
2025-10-28,20251028102500000,sz.002842,11.4700,11.4700,11.3800,11.3800,920300,10526352.0000,3
2025-10-28,20251028103000000,sz.002842,11.3700,11.4200,11.3700,11.4200,434900,4957072.0000,3
2025-10-28,20251028103500000,sz.002842,11.4200,11.4300,11.3900,11.3900,370500,4227328.0000,3
2025-10-28,20251028104000000,sz.002842,11.4000,11.4200,11.3900,11.4000,437200,4986592.0000,3
2025-10-28,20251028104500000,sz.002842,11.4000,11.4100,11.3700,11.4000,415200,4727280.0000,3
2025-10-28,20251028105000000,sz.002842,11.4000,11.4100,11.3800,11.4000,211800,2413808.0000,3
2025-10-28,20251028105500000,sz.002842,11.4000,11.4100,11.3500,11.3500,280700,3193360.0000,3
2025-10-28,20251028110000000,sz.002842,11.3500,11.3600,11.3300,11.3400,413700,4693488.0000,3
2025-10-28,20251028110500000,sz.002842,11.3400,11.3800,11.3400,11.3700,211700,2404736.0000,3
2025-10-28,20251028111000000,sz.002842,11.3700,11.3700,11.3500,11.3700,225300,2558192.0000,3
2025-10-28,20251028111500000,sz.002842,11.3600,11.3700,11.3400,11.3400,179500,2038752.0000,3
2025-10-28,20251028112000000,sz.002842,11.3500,11.3900,11.3300,11.3800,552300,6268464.0000,3
2025-10-28,20251028112500000,sz.002842,11.3800,11.4300,11.3500,11.4300,410900,4681296.0000,3
2025-10-28,20251028113000000,sz.002842,11.4300,11.4600,11.3800,11.4200,794000,9048992.0000,3
2025-10-28,20251028130500000,sz.002842,11.4200,11.4400,11.3700,11.4200,423500,4830736.0000,3
2025-10-28,20251028131000000,sz.002842,11.4200,11.4200,11.3500,11.3500,184700,2100528.0000,3
2025-10-28,20251028131500000,sz.002842,11.3500,11.3600,11.3300,11.3400,200600,2276112.0000,3
2025-10-28,20251028132000000,sz.002842,11.3300,11.3400,11.3100,11.3200,173600,1965840.0000,3
2025-10-28,20251028132500000,sz.002842,11.3100,11.3100,11.2700,11.2700,466800,5268736.0000,3
2025-10-28,20251028133000000,sz.002842,11.2800,11.2900,11.2700,11.2800,264500,2982656.0000,3
2025-10-28,20251028133500000,sz.002842,11.2800,11.2800,11.2200,11.2400,543500,6110016.0000,3
2025-10-28,20251028134000000,sz.002842,11.2300,11.2400,11.2000,11.2000,563700,6323776.0000,3
2025-10-28,20251028134500000,sz.002842,11.2000,11.2200,11.1700,11.1800,533900,5974976.0000,3
2025-10-28,20251028135000000,sz.002842,11.1800,11.2300,11.1800,11.2300,410400,4597888.0000,3
2025-10-28,20251028135500000,sz.002842,11.2300,11.2500,11.2200,11.2400,195800,2199792.0000,3
2025-10-28,20251028140000000,sz.002842,11.2400,11.2500,11.2000,11.2100,231700,2600448.0000,3
2025-10-28,20251028140500000,sz.002842,11.2100,11.2700,11.2100,11.2400,357300,4020224.0000,3
2025-10-28,20251028141000000,sz.002842,11.2300,11.2900,11.2300,11.2900,224900,2532576.0000,3
2025-10-28,20251028141500000,sz.002842,11.2900,11.3000,11.2600,11.2700,177600,2003648.0000,3
2025-10-28,20251028142000000,sz.002842,11.2800,11.2900,11.2600,11.2900,226200,2551648.0000,3
2025-10-28,20251028142500000,sz.002842,11.2900,11.2900,11.2500,11.2600,191900,2163360.0000,3
2025-10-28,20251028143000000,sz.002842,11.2700,11.3000,11.2600,11.2900,221200,2495904.0000,3
2025-10-28,20251028143500000,sz.002842,11.2900,11.3100,11.2800,11.2900,296100,3345024.0000,3
2025-10-28,20251028144000000,sz.002842,11.3000,11.3000,11.2700,11.2800,288400,3253504.0000,3
2025-10-28,20251028144500000,sz.002842,11.2800,11.2800,11.2600,11.2700,405400,4570144.0000,3
2025-10-28,20251028145000000,sz.002842,11.2700,11.2800,11.2600,11.2600,293900,3311392.0000,3
2025-10-28,20251028145500000,sz.002842,11.2700,11.2800,11.2600,11.2600,577700,6508800.0000,3
2025-10-28,20251028150000000,sz.002842,11.2700,11.3000,11.2600,11.3000,810700,9151008.0000,3
2025-10-29,20251029093500000,sz.002842,11.4000,11.7300,11.3700,11.5100,5016100,57937896.0000,3
2025-10-29,20251029094000000,sz.002842,11.5200,11.8000,11.5100,11.7400,4476000,52255992.0000,3
2025-10-29,20251029094500000,sz.002842,11.7300,11.7700,11.6700,11.7700,2698400,31655456.0000,3
2025-10-29,20251029095000000,sz.002842,11.7800,11.7800,11.6600,11.6900,2325100,27285584.0000,3
2025-10-29,20251029095500000,sz.002842,11.6900,11.7000,11.5600,11.5600,1262500,14675328.0000,3
2025-10-29,20251029100000000,sz.002842,11.5500,11.6000,11.5200,11.5800,1099000,12713168.0000,3
2025-10-29,20251029100500000,sz.002842,11.6000,11.6000,11.5300,11.5700,889000,10275088.0000,3
2025-10-29,20251029101000000,sz.002842,11.5800,11.6500,11.5700,11.5800,757900,8796896.0000,3
2025-10-29,20251029101500000,sz.002842,11.5700,11.5900,11.5500,11.5700,520700,6024096.0000,3
2025-10-29,20251029102000000,sz.002842,11.5700,11.5700,11.5200,11.5600,718500,8293008.0000,3
2025-10-29,20251029102500000,sz.002842,11.5600,11.5800,11.5400,11.5400,469600,5426912.0000,3
2025-10-29,20251029103000000,sz.002842,11.5400,11.5700,11.5400,11.5500,540800,6247856.0000,3
2025-10-29,20251029103500000,sz.002842,11.5500,11.6000,11.5400,11.5600,630900,7301024.0000,3
2025-10-29,20251029104000000,sz.002842,11.5600,11.5900,11.5500,11.5700,312900,3621456.0000,3
2025-10-29,20251029104500000,sz.002842,11.5800,11.5900,11.5700,11.5800,236500,2739024.0000,3
2025-10-29,20251029105000000,sz.002842,11.5800,11.6300,11.5800,11.6200,458000,5314624.0000,3
2025-10-29,20251029105500000,sz.002842,11.6200,11.6300,11.6000,11.6000,305200,3542864.0000,3
2025-10-29,20251029110000000,sz.002842,11.6000,11.6100,11.5800,11.5800,224200,2599184.0000,3
2025-10-29,20251029110500000,sz.002842,11.5900,11.6100,11.5800,11.6100,349500,4053968.0000,3
2025-10-29,20251029111000000,sz.002842,11.6000,11.6100,11.5800,11.5800,180300,2090528.0000,3
2025-10-29,20251029111500000,sz.002842,11.5800,11.5800,11.5600,11.5700,317400,3672320.0000,3
2025-10-29,20251029112000000,sz.002842,11.5800,11.5800,11.5500,11.5500,383200,4431040.0000,3
2025-10-29,20251029112500000,sz.002842,11.5500,11.5800,11.5500,11.5700,238300,2755712.0000,3
2025-10-29,20251029113000000,sz.002842,11.5800,11.5800,11.5700,11.5800,152500,1765376.0000,3
2025-10-29,20251029130500000,sz.002842,11.5800,11.7000,11.5800,11.6800,1165700,13591520.0000,3
2025-10-29,20251029131000000,sz.002842,11.6700,11.6800,11.6500,11.6600,364300,4250368.0000,3
2025-10-29,20251029131500000,sz.002842,11.6600,11.6700,11.6400,11.6500,194200,2263712.0000,3
2025-10-29,20251029132000000,sz.002842,11.6500,11.6800,11.6400,11.6500,411500,4799840.0000,3
2025-10-29,20251029132500000,sz.002842,11.6500,11.6800,11.6400,11.6800,206500,2409088.0000,3
2025-10-29,20251029133000000,sz.002842,11.6700,11.6800,11.6600,11.6700,386000,4504832.0000,3
2025-10-29,20251029133500000,sz.002842,11.6700,11.6800,11.6600,11.6600,587100,6855040.0000,3
2025-10-29,20251029134000000,sz.002842,11.6600,11.6600,11.6100,11.6100,601300,7002240.0000,3
2025-10-29,20251029134500000,sz.002842,11.6200,11.6300,11.6100,11.6200,209600,2435072.0000,3
2025-10-29,20251029135000000,sz.002842,11.6100,11.6300,11.6000,11.6000,326700,3794848.0000,3
2025-10-29,20251029135500000,sz.002842,11.6100,11.6100,11.5700,11.5900,397100,4602656.0000,3
2025-10-29,20251029140000000,sz.002842,11.6000,11.6000,11.5800,11.5900,184800,2142464.0000,3
2025-10-29,20251029140500000,sz.002842,11.5800,11.6500,11.5800,11.6500,335000,3890528.0000,3
2025-10-29,20251029141000000,sz.002842,11.6500,11.6800,11.6400,11.6700,663200,7730976.0000,3
2025-10-29,20251029141500000,sz.002842,11.6600,11.6800,11.6500,11.6500,415400,4846336.0000,3
2025-10-29,20251029142000000,sz.002842,11.6600,11.6600,11.6400,11.6400,320100,3729536.0000,3
2025-10-29,20251029142500000,sz.002842,11.6400,11.6700,11.6400,11.6700,588900,6863584.0000,3
2025-10-29,20251029143000000,sz.002842,11.6700,11.6700,11.6500,11.6600,395600,4613120.0000,3
2025-10-29,20251029143500000,sz.002842,11.6600,11.6900,11.6600,11.6800,566200,6612352.0000,3
2025-10-29,20251029144000000,sz.002842,11.6800,11.6900,11.6600,11.6800,583500,6813184.0000,3
2025-10-29,20251029144500000,sz.002842,11.6800,11.6800,11.6600,11.6700,380000,4436384.0000,3
2025-10-29,20251029145000000,sz.002842,11.6700,11.6900,11.6700,11.6900,771700,9012800.0000,3
2025-10-29,20251029145500000,sz.002842,11.6800,11.6900,11.6600,11.6800,1246300,14553472.0000,3
2025-10-29,20251029150000000,sz.002842,11.6800,11.7000,11.6800,11.7000,1197800,14007168.0000,3
2025-10-30,20251030093500000,sz.002842,12.0200,12.7300,11.9500,12.6500,14666200,180820384.0000,3
2025-10-30,20251030094000000,sz.002842,12.6600,12.6600,12.3800,12.3900,4385400,54928992.0000,3
2025-10-30,20251030094500000,sz.002842,12.3900,12.4500,12.2400,12.3000,4071500,50302080.0000,3
2025-10-30,20251030095000000,sz.002842,12.3100,12.3100,12.1400,12.1700,2752000,33585536.0000,3
2025-10-30,20251030095500000,sz.002842,12.1700,12.1900,12.1100,12.1500,1811300,22002656.0000,3
2025-10-30,20251030100000000,sz.002842,12.1500,12.1800,12.1300,12.1600,1375200,16714816.0000,3
2025-10-30,20251030100500000,sz.002842,12.1700,12.1700,12.0400,12.0600,1681300,20349216.0000,3
2025-10-30,20251030101000000,sz.002842,12.0700,12.1000,12.0100,12.1000,1792400,21609344.0000,3
2025-10-30,20251030101500000,sz.002842,12.1000,12.1100,12.0600,12.1000,774800,9363808.0000,3
2025-10-30,20251030102000000,sz.002842,12.0900,12.1300,12.0800,12.0900,839700,10157504.0000,3
2025-10-30,20251030102500000,sz.002842,12.1000,12.2000,12.1000,12.1700,925400,11252000.0000,3
2025-10-30,20251030103000000,sz.002842,12.1800,12.1900,12.1500,12.1700,543500,6610880.0000,3
2025-10-30,20251030103500000,sz.002842,12.1800,12.2100,12.1700,12.1800,708300,8631008.0000,3
2025-10-30,20251030104000000,sz.002842,12.1900,12.2300,12.1700,12.2000,749200,9141120.0000,3
2025-10-30,20251030104500000,sz.002842,12.2000,12.2100,12.1500,12.1800,487600,5936896.0000,3
2025-10-30,20251030105000000,sz.002842,12.1700,12.2100,12.1700,12.1800,350700,4274976.0000,3
2025-10-30,20251030105500000,sz.002842,12.1800,12.1900,12.1500,12.1900,445600,5422944.0000,3
2025-10-30,20251030110000000,sz.002842,12.2000,12.2000,12.1800,12.1900,296000,3608608.0000,3
2025-10-30,20251030110500000,sz.002842,12.1900,12.2100,12.1600,12.2100,589700,7184960.0000,3
2025-10-30,20251030111000000,sz.002842,12.2100,12.2300,12.2000,12.2200,327600,4003392.0000,3
2025-10-30,20251030111500000,sz.002842,12.2200,12.2200,12.2100,12.2100,201200,2457184.0000,3
2025-10-30,20251030112000000,sz.002842,12.2000,12.2200,12.2000,12.2100,306500,3742112.0000,3
2025-10-30,20251030112500000,sz.002842,12.2100,12.2500,12.2100,12.2400,642700,7863520.0000,3
2025-10-30,20251030113000000,sz.002842,12.2400,12.2900,12.2300,12.2900,505300,6196416.0000,3
2025-10-30,20251030130500000,sz.002842,12.2900,12.2900,12.1500,12.1700,950900,11619616.0000,3
2025-10-30,20251030131000000,sz.002842,12.1800,12.2100,12.1400,12.1900,661000,8045088.0000,3
2025-10-30,20251030131500000,sz.002842,12.1900,12.1900,12.1000,12.1500,1119700,13595552.0000,3
2025-10-30,20251030132000000,sz.002842,12.1500,12.1800,12.1400,12.1700,606300,7370494.0000,3
2025-10-30,20251030132500000,sz.002842,12.1700,12.2700,12.1600,12.2700,738300,9005248.0000,3
2025-10-30,20251030133000000,sz.002842,12.2700,12.2800,12.2400,12.2800,466000,5712830.0000,3
2025-10-30,20251030133500000,sz.002842,12.2800,12.3000,12.2700,12.2900,447400,5496002.0000,3
2025-10-30,20251030134000000,sz.002842,12.2800,12.3600,12.2800,12.3400,576600,7104071.0000,3
2025-10-30,20251030134500000,sz.002842,12.3500,12.3500,12.2700,12.2800,272900,3355639.0000,3
2025-10-30,20251030135000000,sz.002842,12.2800,12.3000,12.2600,12.2700,315400,3872195.0000,3
2025-10-30,20251030135500000,sz.002842,12.2800,12.2800,12.2400,12.2600,494700,6061696.0000,3
2025-10-30,20251030140000000,sz.002842,12.2600,12.2600,12.2300,12.2300,357100,4373241.0000,3
2025-10-30,20251030140500000,sz.002842,12.2300,12.2500,12.2000,12.2300,498200,6090752.0000,3
2025-10-30,20251030141000000,sz.002842,12.2400,12.2400,12.2200,12.2300,808800,9892736.0000,3
2025-10-30,20251030141500000,sz.002842,12.2400,12.2700,12.2200,12.2500,532400,6519881.0000,3
2025-10-30,20251030142000000,sz.002842,12.2500,12.2600,12.2000,12.2300,536000,6550659.0000,3
2025-10-30,20251030142500000,sz.002842,12.2300,12.2500,12.2200,12.2400,432100,5287104.0000,3
2025-10-30,20251030143000000,sz.002842,12.2400,12.2400,12.2100,12.2200,404000,4940152.0000,3
2025-10-30,20251030143500000,sz.002842,12.2200,12.2600,12.2200,12.2500,769400,9420168.0000,3
2025-10-30,20251030144000000,sz.002842,12.2500,12.2600,12.2400,12.2500,518400,6350840.0000,3
2025-10-30,20251030144500000,sz.002842,12.2400,12.2500,12.2300,12.2400,619800,7586564.0000,3
2025-10-30,20251030145000000,sz.002842,12.2500,12.2500,12.2000,12.2100,987500,12065788.0000,3
2025-10-30,20251030145500000,sz.002842,12.2300,12.2300,12.1800,12.1900,1464200,17877696.0000,3
2025-10-30,20251030150000000,sz.002842,12.1900,12.1900,12.1600,12.1600,1250400,15223751.0000,3
2025-10-31,20251031093500000,sz.002842,12.0000,12.0900,11.9200,11.9300,4639200,55660424.0000,3
2025-10-31,20251031094000000,sz.002842,11.9300,11.9900,11.9000,11.9300,2581600,30828760.0000,3
2025-10-31,20251031094500000,sz.002842,11.9300,11.9500,11.8300,11.9300,2302700,27358232.0000,3
2025-10-31,20251031095000000,sz.002842,11.9400,11.9600,11.8400,11.9400,1879800,22373928.0000,3
2025-10-31,20251031095500000,sz.002842,11.9400,11.9600,11.8800,11.9000,1164000,13882064.0000,3
2025-10-31,20251031100000000,sz.002842,11.8800,11.9300,11.8500,11.8700,915400,10879712.0000,3
2025-10-31,20251031100500000,sz.002842,11.8600,11.9100,11.8500,11.9000,988000,11737552.0000,3
2025-10-31,20251031101000000,sz.002842,11.9000,11.9500,11.8800,11.9500,1097000,13059280.0000,3
2025-10-31,20251031101500000,sz.002842,11.9500,12.0600,11.9500,12.0500,994300,11933520.0000,3
2025-10-31,20251031102000000,sz.002842,12.0600,12.0800,12.0200,12.0200,903700,10887968.0000,3
2025-10-31,20251031102500000,sz.002842,12.0200,12.1400,12.0200,12.0900,1002800,12113392.0000,3
2025-10-31,20251031103000000,sz.002842,12.0900,12.1100,12.0500,12.0900,665500,8040224.0000,3
2025-10-31,20251031103500000,sz.002842,12.0900,12.0900,11.9900,12.0000,809600,9754864.0000,3
2025-10-31,20251031104000000,sz.002842,11.9900,12.0000,11.9700,11.9700,467900,5607968.0000,3
2025-10-31,20251031104500000,sz.002842,11.9700,12.0000,11.9300,11.9300,269600,3225424.0000,3
2025-10-31,20251031105000000,sz.002842,11.9300,11.9500,11.9200,11.9400,368500,4398048.0000,3
2025-10-31,20251031105500000,sz.002842,11.9400,11.9500,11.9200,11.9300,350100,4176016.0000,3
2025-10-31,20251031110000000,sz.002842,11.9400,11.9700,11.9300,11.9600,295000,3523856.0000,3
2025-10-31,20251031110500000,sz.002842,11.9600,11.9700,11.9200,11.9400,402900,4812016.0000,3
2025-10-31,20251031111000000,sz.002842,11.9400,11.9500,11.9100,11.9200,286300,3413136.0000,3
2025-10-31,20251031111500000,sz.002842,11.9100,11.9200,11.8900,11.9100,398000,4737424.0000,3
2025-10-31,20251031112000000,sz.002842,11.9000,11.9200,11.8800,11.8800,354400,4217440.0000,3
2025-10-31,20251031112500000,sz.002842,11.8700,11.8900,11.8700,11.8700,357700,4249696.0000,3
2025-10-31,20251031113000000,sz.002842,11.8700,11.8800,11.8500,11.8600,313700,3722816.0000,3
2025-10-31,20251031130500000,sz.002842,11.8600,11.8600,11.8100,11.8100,506800,5996768.0000,3
2025-10-31,20251031131000000,sz.002842,11.8100,11.8300,11.8000,11.8200,322800,3815168.0000,3
2025-10-31,20251031131500000,sz.002842,11.8200,11.8200,11.8100,11.8100,249000,2941184.0000,3
2025-10-31,20251031132000000,sz.002842,11.8100,11.8300,11.7900,11.8000,457600,5401792.0000,3
2025-10-31,20251031132500000,sz.002842,11.8000,11.8500,11.7900,11.8500,355400,4198464.0000,3
2025-10-31,20251031133000000,sz.002842,11.8500,11.9300,11.8500,11.9300,428500,5095040.0000,3
2025-10-31,20251031133500000,sz.002842,11.9300,12.0200,11.9200,12.0100,698500,8365920.0000,3
2025-10-31,20251031134000000,sz.002842,12.0200,12.0200,11.9300,11.9400,326700,3908288.0000,3
2025-10-31,20251031134500000,sz.002842,11.9400,11.9400,11.9100,11.9200,242300,2889536.0000,3
2025-10-31,20251031135000000,sz.002842,11.9300,11.9300,11.8800,11.8900,235900,2807712.0000,3
2025-10-31,20251031135500000,sz.002842,11.8900,11.9000,11.8600,11.8700,238800,2836096.0000,3
2025-10-31,20251031140000000,sz.002842,11.8600,11.8800,11.8600,11.8800,91000,1079776.0000,3
2025-10-31,20251031140500000,sz.002842,11.8700,11.9000,11.8500,11.8900,340100,4039904.0000,3
2025-10-31,20251031141000000,sz.002842,11.8800,11.9100,11.8800,11.9000,167700,1994944.0000,3
2025-10-31,20251031141500000,sz.002842,11.9000,11.9100,11.8800,11.9100,347700,4136192.0000,3
2025-10-31,20251031142000000,sz.002842,11.9100,11.9200,11.8900,11.9200,234500,2793504.0000,3
2025-10-31,20251031142500000,sz.002842,11.9100,11.9200,11.8800,11.8900,207100,2463552.0000,3
2025-10-31,20251031143000000,sz.002842,11.8800,11.9000,11.8700,11.9000,304200,3615968.0000,3
2025-10-31,20251031143500000,sz.002842,11.8800,11.9000,11.8600,11.8600,305900,3631296.0000,3
2025-10-31,20251031144000000,sz.002842,11.8500,11.8700,11.8400,11.8400,464700,5507456.0000,3
2025-10-31,20251031144500000,sz.002842,11.8400,11.8600,11.8200,11.8400,547900,6488704.0000,3
2025-10-31,20251031145000000,sz.002842,11.8400,11.8500,11.8200,11.8400,412200,4879232.0000,3
2025-10-31,20251031145500000,sz.002842,11.8200,11.8400,11.8000,11.8200,681000,8051200.0000,3
2025-10-31,20251031150000000,sz.002842,11.8100,11.8200,11.7800,11.7900,717400,8463008.0000,3
2025-11-03,20251103093500000,sz.002842,11.8000,11.8100,11.5800,11.6100,1813700,21187360.0000,3
2025-11-03,20251103094000000,sz.002842,11.6000,11.6200,11.5100,11.5200,1244600,14408048.0000,3
2025-11-03,20251103094500000,sz.002842,11.5100,11.5800,11.5100,11.5300,853500,9849340.0000,3
2025-11-03,20251103095000000,sz.002842,11.5500,11.7000,11.5500,11.6900,964100,11197056.0000,3
2025-11-03,20251103095500000,sz.002842,11.6900,11.7700,11.6900,11.7500,769000,9012980.0000,3
2025-11-03,20251103100000000,sz.002842,11.7500,11.7600,11.6800,11.6900,618800,7241512.0000,3
2025-11-03,20251103100500000,sz.002842,11.6700,11.6700,11.6100,11.6100,346700,4035752.0000,3
2025-11-03,20251103101000000,sz.002842,11.6000,11.6200,11.5600,11.5600,385700,4466080.0000,3
2025-11-03,20251103101500000,sz.002842,11.5700,11.5900,11.5500,11.5900,325200,3763048.0000,3
2025-11-03,20251103102000000,sz.002842,11.5900,11.6000,11.5600,11.5900,413800,4791320.0000,3
2025-11-03,20251103102500000,sz.002842,11.5800,11.5800,11.5200,11.5300,549700,6349960.0000,3
2025-11-03,20251103103000000,sz.002842,11.5300,11.5500,11.5200,11.5500,328400,3787672.0000,3
2025-11-03,20251103103500000,sz.002842,11.5500,11.5900,11.5300,11.5600,361800,4179744.0000,3
2025-11-03,20251103104000000,sz.002842,11.5600,11.5600,11.5200,11.5500,275400,3175952.0000,3
2025-11-03,20251103104500000,sz.002842,11.5500,11.5700,11.5400,11.5700,340200,3931224.0000,3
2025-11-03,20251103105000000,sz.002842,11.5700,11.6600,11.5700,11.6600,298000,3461264.0000,3
2025-11-03,20251103105500000,sz.002842,11.6600,11.7100,11.6600,11.7100,291400,3407184.0000,3
2025-11-03,20251103110000000,sz.002842,11.7100,11.7700,11.7100,11.7700,428800,5038280.0000,3
2025-11-03,20251103110500000,sz.002842,11.7700,11.8300,11.7700,11.8100,569900,6725000.0000,3
2025-11-03,20251103111000000,sz.002842,11.8100,11.8600,11.7700,11.7700,464100,5489784.0000,3
2025-11-03,20251103111500000,sz.002842,11.7700,11.7800,11.7500,11.7500,160700,1890240.0000,3
2025-11-03,20251103112000000,sz.002842,11.7600,11.7700,11.7300,11.7300,123500,1450912.0000,3
2025-11-03,20251103112500000,sz.002842,11.7300,11.7500,11.7100,11.7300,120500,1412848.0000,3
2025-11-03,20251103113000000,sz.002842,11.7500,11.7500,11.7300,11.7400,106900,1254816.0000,3
2025-11-03,20251103130500000,sz.002842,11.7400,11.7700,11.7200,11.7300,214900,2523056.0000,3
2025-11-03,20251103131000000,sz.002842,11.7400,11.7800,11.7300,11.7700,254200,2987760.0000,3
2025-11-03,20251103131500000,sz.002842,11.7800,11.8000,11.7500,11.7500,144200,1698400.0000,3
2025-11-03,20251103132000000,sz.002842,11.7500,11.7800,11.7500,11.7600,112900,1328544.0000,3
2025-11-03,20251103132500000,sz.002842,11.7700,11.7700,11.7500,11.7500,157700,1854080.0000,3
2025-11-03,20251103133000000,sz.002842,11.7500,11.8100,11.7500,11.8100,228900,2696496.0000,3
2025-11-03,20251103133500000,sz.002842,11.8300,11.8400,11.8100,11.8200,366100,4329536.0000,3
2025-11-03,20251103134000000,sz.002842,11.8200,11.8200,11.7900,11.8100,150300,1775168.0000,3
2025-11-03,20251103134500000,sz.002842,11.8200,11.8400,11.8200,11.8300,281200,3326160.0000,3
2025-11-03,20251103135000000,sz.002842,11.8200,11.8400,11.8200,11.8300,226300,2677888.0000,3
2025-11-03,20251103135500000,sz.002842,11.8300,11.8400,11.8200,11.8300,104100,1231200.0000,3
2025-11-03,20251103140000000,sz.002842,11.8300,11.8300,11.8000,11.8200,230200,2720016.0000,3
2025-11-03,20251103140500000,sz.002842,11.8100,11.8400,11.8100,11.8200,221100,2614032.0000,3
2025-11-03,20251103141000000,sz.002842,11.8200,11.8300,11.8100,11.8100,191100,2258272.0000,3
2025-11-03,20251103141500000,sz.002842,11.8100,11.8400,11.8000,11.8400,236200,2791936.0000,3
2025-11-03,20251103142000000,sz.002842,11.8300,11.8400,11.8000,11.8200,194100,2293904.0000,3
2025-11-03,20251103142500000,sz.002842,11.8100,11.8200,11.7800,11.7800,119400,1408272.0000,3
2025-11-03,20251103143000000,sz.002842,11.7800,11.7900,11.7700,11.7800,180300,2123808.0000,3
2025-11-03,20251103143500000,sz.002842,11.7700,11.7900,11.7500,11.7800,270100,3179584.0000,3
2025-11-03,20251103144000000,sz.002842,11.7700,11.7900,11.7700,11.7800,208300,2454096.0000,3
2025-11-03,20251103144500000,sz.002842,11.7700,11.8000,11.7700,11.7900,302900,3569408.0000,3
2025-11-03,20251103145000000,sz.002842,11.7800,11.8000,11.7800,11.7900,335500,3956672.0000,3
2025-11-03,20251103145500000,sz.002842,11.7800,11.8000,11.7800,11.8000,449100,5295104.0000,3
2025-11-03,20251103150000000,sz.002842,11.8000,11.8200,11.8000,11.8100,440900,5206304.0000,3
2025-11-04,20251104093500000,sz.002842,11.7500,11.8000,11.6900,11.7500,1097100,12880731.0000,3
2025-11-04,20251104094000000,sz.002842,11.7300,11.8900,11.7300,11.7500,977300,11555593.0000,3
2025-11-04,20251104094500000,sz.002842,11.7400,11.8000,11.7000,11.7800,405500,4760608.0000,3
2025-11-04,20251104095000000,sz.002842,11.7800,11.8000,11.7400,11.7600,306900,3610404.0000,3
2025-11-04,20251104095500000,sz.002842,11.7500,11.7600,11.6900,11.6900,402000,4713072.0000,3
2025-11-04,20251104100000000,sz.002842,11.7000,11.7100,11.6600,11.6700,468300,5470152.0000,3
2025-11-04,20251104100500000,sz.002842,11.6600,11.6800,11.6500,11.6600,242600,2829448.0000,3
2025-11-04,20251104101000000,sz.002842,11.6600,11.6900,11.6300,11.6500,311300,3628628.0000,3
2025-11-04,20251104101500000,sz.002842,11.6400,11.7200,11.6400,11.7100,318300,3715220.0000,3
2025-11-04,20251104102000000,sz.002842,11.7100,11.7200,11.6500,11.6600,226700,2649424.0000,3
2025-11-04,20251104102500000,sz.002842,11.6500,11.6600,11.6300,11.6400,137500,1600984.0000,3
2025-11-04,20251104103000000,sz.002842,11.6500,11.6600,11.6300,11.6400,94400,1099512.0000,3
2025-11-04,20251104103500000,sz.002842,11.6300,11.6400,11.6200,11.6300,245500,2855124.0000,3
2025-11-04,20251104104000000,sz.002842,11.6300,11.6400,11.5700,11.5900,310500,3603100.0000,3
2025-11-04,20251104104500000,sz.002842,11.5900,11.6000,11.5600,11.5600,249000,2883912.0000,3
2025-11-04,20251104105000000,sz.002842,11.5600,11.5800,11.5500,11.5600,575800,6653928.0000,3
2025-11-04,20251104105500000,sz.002842,11.5600,11.5700,11.5500,11.5700,154800,1788944.0000,3
2025-11-04,20251104110000000,sz.002842,11.5600,11.5800,11.5500,11.5700,353200,4085088.0000,3
2025-11-04,20251104110500000,sz.002842,11.5900,11.7200,11.5800,11.7100,388600,4532080.0000,3
2025-11-04,20251104111000000,sz.002842,11.7200,11.8300,11.6700,11.8000,1179900,13875008.0000,3
2025-11-04,20251104111500000,sz.002842,11.8200,11.8500,11.7800,11.8000,489500,5783648.0000,3
2025-11-04,20251104112000000,sz.002842,11.8000,11.8100,11.7500,11.7600,273400,3217936.0000,3
2025-11-04,20251104112500000,sz.002842,11.7500,11.7600,11.7100,11.7100,180000,2112272.0000,3
2025-11-04,20251104113000000,sz.002842,11.7200,11.7200,11.6800,11.6800,125800,1471856.0000,3
2025-11-04,20251104130500000,sz.002842,11.6900,12.1100,11.6900,11.7600,2110200,25172208.0000,3
2025-11-04,20251104131000000,sz.002842,11.7800,11.7900,11.7500,11.7600,318700,3750272.0000,3
2025-11-04,20251104131500000,sz.002842,11.7600,11.7700,11.6700,11.7000,410100,4803056.0000,3
2025-11-04,20251104132000000,sz.002842,11.7000,11.7100,11.6400,11.6400,208400,2431840.0000,3
2025-11-04,20251104132500000,sz.002842,11.6400,11.6800,11.6300,11.6700,301400,3511216.0000,3
2025-11-04,20251104133000000,sz.002842,11.6700,11.6900,11.6500,11.6500,160400,1872176.0000,3
2025-11-04,20251104133500000,sz.002842,11.6500,11.6600,11.6300,11.6400,116400,1355216.0000,3
2025-11-04,20251104134000000,sz.002842,11.6300,11.6700,11.6300,11.6500,116100,1352592.0000,3
2025-11-04,20251104134500000,sz.002842,11.6400,11.6500,11.6300,11.6300,131700,1532832.0000,3
2025-11-04,20251104135000000,sz.002842,11.6300,11.6400,11.6200,11.6200,200600,2332784.0000,3
2025-11-04,20251104135500000,sz.002842,11.6200,11.6400,11.6100,11.6300,165700,1925552.0000,3
2025-11-04,20251104140000000,sz.002842,11.6300,11.6400,11.6100,11.6200,182200,2118048.0000,3
2025-11-04,20251104140500000,sz.002842,11.6200,11.6300,11.5800,11.6000,147400,1710192.0000,3
2025-11-04,20251104141000000,sz.002842,11.6100,11.6100,11.5900,11.6000,100200,1162208.0000,3
2025-11-04,20251104141500000,sz.002842,11.6000,11.6100,11.5700,11.5900,134400,1557376.0000,3
2025-11-04,20251104142000000,sz.002842,11.6100,11.6100,11.5700,11.5900,332900,3859216.0000,3
2025-11-04,20251104142500000,sz.002842,11.5900,11.6100,11.5900,11.5900,138600,1607392.0000,3
2025-11-04,20251104143000000,sz.002842,11.5900,11.6000,11.5600,11.5600,229700,2658368.0000,3
2025-11-04,20251104143500000,sz.002842,11.5700,11.6200,11.5600,11.5900,421000,4882544.0000,3
2025-11-04,20251104144000000,sz.002842,11.6100,11.6200,11.5900,11.6000,217500,2524336.0000,3
2025-11-04,20251104144500000,sz.002842,11.6000,11.7300,11.6000,11.7200,417500,4884656.0000,3
2025-11-04,20251104145000000,sz.002842,11.7200,11.7600,11.6900,11.7300,394800,4630704.0000,3
2025-11-04,20251104145500000,sz.002842,11.7300,11.7500,11.7100,11.7400,379200,4446048.0000,3
2025-11-04,20251104150000000,sz.002842,11.7300,11.7600,11.7300,11.7300,473300,5555824.0000,3
2025-11-05,20251105093500000,sz.002842,11.6300,11.9900,11.5100,11.9300,3276000,38756868.0000,3
2025-11-05,20251105094000000,sz.002842,11.9300,12.0900,11.8700,11.9700,2328200,27900440.0000,3
2025-11-05,20251105094500000,sz.002842,11.9600,12.0000,11.9300,11.9400,966900,11577852.0000,3
2025-11-05,20251105095000000,sz.002842,11.9400,12.0400,11.9400,11.9900,1247100,14959808.0000,3
2025-11-05,20251105095500000,sz.002842,11.9900,11.9900,11.8800,11.8900,561200,6707944.0000,3
2025-11-05,20251105100000000,sz.002842,11.8900,11.8900,11.8300,11.8300,482500,5720776.0000,3
2025-11-05,20251105100500000,sz.002842,11.8400,11.8400,11.7800,11.7800,484700,5723928.0000,3
2025-11-05,20251105101000000,sz.002842,11.7900,11.8400,11.7800,11.8200,315800,3730152.0000,3
2025-11-05,20251105101500000,sz.002842,11.8300,11.8900,11.8300,11.8800,324300,3845712.0000,3
2025-11-05,20251105102000000,sz.002842,11.8800,11.8800,11.8400,11.8500,212400,2518152.0000,3
2025-11-05,20251105102500000,sz.002842,11.8600,11.8600,11.7800,11.7900,324700,3832600.0000,3
2025-11-05,20251105103000000,sz.002842,11.7900,11.8200,11.7800,11.7900,346100,4085200.0000,3
2025-11-05,20251105103500000,sz.002842,11.7800,11.8000,11.7500,11.7700,227600,2680256.0000,3
2025-11-05,20251105104000000,sz.002842,11.7700,11.7900,11.7500,11.7800,157300,1851544.0000,3
2025-11-05,20251105104500000,sz.002842,11.7900,11.8000,11.7600,11.7700,160600,1891984.0000,3
2025-11-05,20251105105000000,sz.002842,11.7800,11.8000,11.7500,11.7500,605300,7110240.0000,3
2025-11-05,20251105105500000,sz.002842,11.7600,11.7600,11.7300,11.7400,113500,1333392.0000,3
2025-11-05,20251105110000000,sz.002842,11.7400,11.7500,11.7300,11.7400,131800,1546976.0000,3
2025-11-05,20251105110500000,sz.002842,11.7400,11.7800,11.7400,11.7500,233900,2749216.0000,3
2025-11-05,20251105111000000,sz.002842,11.7600,11.8100,11.7600,11.8000,149900,1767456.0000,3
2025-11-05,20251105111500000,sz.002842,11.8000,11.8100,11.7800,11.8000,151700,1789952.0000,3
2025-11-05,20251105112000000,sz.002842,11.7900,11.8400,11.7900,11.8400,153600,1815024.0000,3
2025-11-05,20251105112500000,sz.002842,11.8500,11.8700,11.8300,11.8500,216100,2560192.0000,3
2025-11-05,20251105113000000,sz.002842,11.8500,11.8600,11.8300,11.8300,65600,777168.0000,3
2025-11-05,20251105130500000,sz.002842,11.8000,11.8300,11.7900,11.8000,299600,3537696.0000,3
2025-11-05,20251105131000000,sz.002842,11.8000,11.9100,11.7900,11.8600,437400,5186544.0000,3
2025-11-05,20251105131500000,sz.002842,11.8700,11.8800,11.8500,11.8700,225600,2675968.0000,3
2025-11-05,20251105132000000,sz.002842,11.8700,11.8700,11.8500,11.8500,108800,1290288.0000,3
2025-11-05,20251105132500000,sz.002842,11.8600,11.8900,11.8200,11.8400,221400,2624640.0000,3
2025-11-05,20251105133000000,sz.002842,11.8500,11.8700,11.8400,11.8500,137800,1633248.0000,3
2025-11-05,20251105133500000,sz.002842,11.8500,11.9300,11.8500,11.9000,456200,5427360.0000,3
2025-11-05,20251105134000000,sz.002842,11.9100,11.9300,11.9000,11.9100,220400,2625664.0000,3
2025-11-05,20251105134500000,sz.002842,11.9100,11.9100,11.8900,11.9100,108400,1290176.0000,3
2025-11-05,20251105135000000,sz.002842,11.9000,11.9600,11.8900,11.9500,244300,2913264.0000,3
2025-11-05,20251105135500000,sz.002842,11.9500,12.0300,11.9500,11.9900,682600,8185856.0000,3
2025-11-05,20251105140000000,sz.002842,11.9800,11.9800,11.9500,11.9800,229500,2747024.0000,3
2025-11-05,20251105140500000,sz.002842,11.9700,11.9800,11.9500,11.9500,174100,2083184.0000,3
2025-11-05,20251105141000000,sz.002842,11.9600,11.9600,11.9300,11.9600,191700,2290128.0000,3
2025-11-05,20251105141500000,sz.002842,11.9600,11.9700,11.9500,11.9600,83000,992496.0000,3
2025-11-05,20251105142000000,sz.002842,11.9700,11.9800,11.9600,11.9700,194400,2327664.0000,3
2025-11-05,20251105142500000,sz.002842,11.9700,12.0100,11.9500,11.9800,498500,5974208.0000,3
2025-11-05,20251105143000000,sz.002842,11.9800,12.0000,11.9700,11.9700,205300,2460304.0000,3
2025-11-05,20251105143500000,sz.002842,11.9700,11.9800,11.9500,11.9600,228100,2729520.0000,3
2025-11-05,20251105144000000,sz.002842,11.9600,12.0300,11.9500,12.0000,765300,9184432.0000,3
2025-11-05,20251105144500000,sz.002842,11.9900,12.0100,11.9700,11.9800,453000,5430640.0000,3
2025-11-05,20251105145000000,sz.002842,11.9700,11.9800,11.9500,11.9500,625900,7491216.0000,3
2025-11-05,20251105145500000,sz.002842,11.9500,11.9800,11.9500,11.9800,552500,6612272.0000,3
2025-11-05,20251105150000000,sz.002842,11.9800,11.9900,11.9800,11.9800,572100,6855136.0000,3
2025-11-06,20251106093500000,sz.002842,11.9800,11.9800,11.8100,11.8100,1375100,16322728.0000,3
2025-11-06,20251106094000000,sz.002842,11.8100,11.8700,11.7600,11.7800,903000,10658392.0000,3
2025-11-06,20251106094500000,sz.002842,11.7800,11.8100,11.7500,11.7700,741100,8725880.0000,3
2025-11-06,20251106095000000,sz.002842,11.7700,11.8300,11.7600,11.8000,511400,6029704.0000,3
2025-11-06,20251106095500000,sz.002842,11.8000,11.8100,11.7500,11.7800,436400,5142380.0000,3
2025-11-06,20251106100000000,sz.002842,11.7800,11.7900,11.7200,11.7400,461700,5425884.0000,3
2025-11-06,20251106100500000,sz.002842,11.7300,11.7900,11.7300,11.7900,491000,5774504.0000,3
2025-11-06,20251106101000000,sz.002842,11.7800,11.7800,11.7200,11.7500,375700,4409976.0000,3
2025-11-06,20251106101500000,sz.002842,11.7400,11.7400,11.6800,11.7000,429800,5028760.0000,3
2025-11-06,20251106102000000,sz.002842,11.7000,11.7300,11.6900,11.7200,308600,3612904.0000,3
2025-11-06,20251106102500000,sz.002842,11.7200,11.7500,11.7200,11.7500,271800,3189088.0000,3
2025-11-06,20251106103000000,sz.002842,11.7500,11.7500,11.7200,11.7400,259300,3041528.0000,3
2025-11-06,20251106103500000,sz.002842,11.7400,11.7900,11.7300,11.7800,332200,3905640.0000,3
2025-11-06,20251106104000000,sz.002842,11.7800,11.8000,11.7400,11.7900,209700,2467272.0000,3
2025-11-06,20251106104500000,sz.002842,11.7800,11.8400,11.7800,11.8400,184200,2174912.0000,3
2025-11-06,20251106105000000,sz.002842,11.8400,11.8400,11.8000,11.8100,224300,2650632.0000,3
2025-11-06,20251106105500000,sz.002842,11.8100,11.8700,11.8100,11.8600,299700,3547192.0000,3
2025-11-06,20251106110000000,sz.002842,11.8600,11.8700,11.8400,11.8500,250600,2969600.0000,3
2025-11-06,20251106110500000,sz.002842,11.8500,11.8700,11.8400,11.8500,139400,1653064.0000,3
2025-11-06,20251106111000000,sz.002842,11.8500,11.8600,11.8100,11.8300,126000,1491416.0000,3
2025-11-06,20251106111500000,sz.002842,11.8200,11.8500,11.8200,11.8400,180900,2140736.0000,3
2025-11-06,20251106112000000,sz.002842,11.8400,11.8500,11.8100,11.8400,84700,1001744.0000,3
2025-11-06,20251106112500000,sz.002842,11.8300,11.8500,11.8100,11.8300,122200,1445400.0000,3
2025-11-06,20251106113000000,sz.002842,11.8400,11.9300,11.8300,11.8600,382500,4555416.0000,3
2025-11-06,20251106130500000,sz.002842,11.8600,11.8800,11.8300,11.8300,364000,4311480.0000,3
2025-11-06,20251106131000000,sz.002842,11.8200,11.8300,11.7700,11.7700,333800,3936656.0000,3
2025-11-06,20251106131500000,sz.002842,11.7700,11.8000,11.7600,11.7800,184600,2173968.0000,3
2025-11-06,20251106132000000,sz.002842,11.7800,11.7800,11.7600,11.7600,220600,2595952.0000,3
2025-11-06,20251106132500000,sz.002842,11.7600,11.7900,11.7500,11.7900,201800,2374720.0000,3
2025-11-06,20251106133000000,sz.002842,11.7800,11.7900,11.7500,11.7600,264400,3110520.0000,3
2025-11-06,20251106133500000,sz.002842,11.7600,11.7600,11.7300,11.7400,250300,2938448.0000,3
2025-11-06,20251106134000000,sz.002842,11.7400,11.7600,11.7300,11.7400,195100,2291688.0000,3
2025-11-06,20251106134500000,sz.002842,11.7400,11.7500,11.7100,11.7200,304100,3564664.0000,3
2025-11-06,20251106135000000,sz.002842,11.7200,11.7500,11.7200,11.7500,143900,1687904.0000,3
2025-11-06,20251106135500000,sz.002842,11.7600,11.7700,11.7400,11.7500,79600,935760.0000,3
2025-11-06,20251106140000000,sz.002842,11.7500,11.7700,11.7400,11.7500,91800,1078880.0000,3
2025-11-06,20251106140500000,sz.002842,11.7600,11.8000,11.7600,11.8000,144200,1698512.0000,3
2025-11-06,20251106141000000,sz.002842,11.7900,11.8000,11.7600,11.7700,204400,2406752.0000,3
2025-11-06,20251106141500000,sz.002842,11.7700,11.7900,11.7600,11.7900,178500,2101600.0000,3
2025-11-06,20251106142000000,sz.002842,11.7800,11.8000,11.7700,11.7800,164200,1934480.0000,3
2025-11-06,20251106142500000,sz.002842,11.7700,11.7800,11.7700,11.7700,174000,2048048.0000,3
2025-11-06,20251106143000000,sz.002842,11.7700,11.7900,11.7700,11.7700,224700,2646720.0000,3
2025-11-06,20251106143500000,sz.002842,11.7700,11.8000,11.7700,11.7800,301700,3553808.0000,3
2025-11-06,20251106144000000,sz.002842,11.7800,11.7900,11.7700,11.7700,168600,1985072.0000,3
2025-11-06,20251106144500000,sz.002842,11.7600,11.7800,11.7600,11.7700,196200,2308512.0000,3
2025-11-06,20251106145000000,sz.002842,11.7700,11.7800,11.7500,11.7700,281000,3306528.0000,3
2025-11-06,20251106145500000,sz.002842,11.7800,11.7800,11.7600,11.7700,358200,4214880.0000,3
2025-11-06,20251106150000000,sz.002842,11.7700,11.7700,11.7600,11.7700,357600,4208336.0000,3
2025-11-07,20251107093500000,sz.002842,11.7800,11.7800,11.6800,11.6900,693900,8134256.0000,3
2025-11-07,20251107094000000,sz.002842,11.6700,11.7000,11.6500,11.6700,551100,6428379.0000,3
2025-11-07,20251107094500000,sz.002842,11.6600,11.6900,11.6400,11.6700,555400,6475921.0000,3
2025-11-07,20251107095000000,sz.002842,11.6600,11.7100,11.6500,11.6500,291400,3401776.0000,3
2025-11-07,20251107095500000,sz.002842,11.6500,11.7000,11.6500,11.6900,178200,2080972.0000,3
2025-11-07,20251107100000000,sz.002842,11.6800,11.6900,11.6600,11.6700,191000,2229404.0000,3
2025-11-07,20251107100500000,sz.002842,11.6700,11.7000,11.6700,11.7000,169000,1974496.0000,3
2025-11-07,20251107101000000,sz.002842,11.6900,11.6900,11.6500,11.6600,237100,2766448.0000,3
2025-11-07,20251107101500000,sz.002842,11.6600,11.6600,11.6400,11.6400,283900,3307552.0000,3
2025-11-07,20251107102000000,sz.002842,11.6400,11.6500,11.6200,11.6400,287900,3349868.0000,3
2025-11-07,20251107102500000,sz.002842,11.6400,11.6600,11.6200,11.6500,276100,3212508.0000,3
2025-11-07,20251107103000000,sz.002842,11.6500,11.6800,11.6500,11.6700,332100,3869924.0000,3
2025-11-07,20251107103500000,sz.002842,11.6700,11.6900,11.6700,11.6700,90700,1059072.0000,3
2025-11-07,20251107104000000,sz.002842,11.6700,11.6900,11.6700,11.6800,49700,580528.0000,3
2025-11-07,20251107104500000,sz.002842,11.6900,11.7000,11.6700,11.6800,91600,1070416.0000,3
2025-11-07,20251107105000000,sz.002842,11.6800,11.6800,11.6500,11.6800,144100,1681632.0000,3
2025-11-07,20251107105500000,sz.002842,11.6700,11.7000,11.6600,11.7000,88400,1032828.0000,3
2025-11-07,20251107110000000,sz.002842,11.6900,11.7000,11.6800,11.6900,73100,854780.0000,3
2025-11-07,20251107110500000,sz.002842,11.6900,11.7200,11.6900,11.7100,91000,1065580.0000,3
2025-11-07,20251107111000000,sz.002842,11.7100,11.7500,11.7000,11.7200,213900,2509040.0000,3
2025-11-07,20251107111500000,sz.002842,11.7200,11.7200,11.6800,11.6900,67600,790688.0000,3
2025-11-07,20251107112000000,sz.002842,11.6900,11.6900,11.6600,11.6700,92300,1077576.0000,3
2025-11-07,20251107112500000,sz.002842,11.6700,11.6800,11.6600,11.6700,77600,905204.0000,3
2025-11-07,20251107113000000,sz.002842,11.6600,11.6800,11.6400,11.6700,132900,1548912.0000,3
2025-11-07,20251107130500000,sz.002842,11.6700,11.7300,11.6700,11.7200,93100,1088944.0000,3
2025-11-07,20251107131000000,sz.002842,11.7100,11.8000,11.7100,11.7800,366000,4310760.0000,3
2025-11-07,20251107131500000,sz.002842,11.7900,11.8100,11.7700,11.7700,361000,4258824.0000,3
2025-11-07,20251107132000000,sz.002842,11.7700,11.7900,11.7700,11.7700,146100,1721016.0000,3
2025-11-07,20251107132500000,sz.002842,11.7700,11.8200,11.7600,11.7800,391100,4615696.0000,3
2025-11-07,20251107133000000,sz.002842,11.7800,11.7900,11.7600,11.7700,99800,1175072.0000,3
2025-11-07,20251107133500000,sz.002842,11.7600,11.7900,11.7600,11.7900,121800,1434632.0000,3
2025-11-07,20251107134000000,sz.002842,11.7900,11.8000,11.7800,11.7900,161900,1908376.0000,3
2025-11-07,20251107134500000,sz.002842,11.7800,11.7900,11.7500,11.7500,180400,2124272.0000,3
2025-11-07,20251107135000000,sz.002842,11.7500,11.7500,11.7200,11.7200,149000,1748912.0000,3
2025-11-07,20251107135500000,sz.002842,11.7200,11.7400,11.7000,11.7100,212700,2490920.0000,3
2025-11-07,20251107140000000,sz.002842,11.7000,11.7000,11.6700,11.6800,221700,2589688.0000,3
2025-11-07,20251107140500000,sz.002842,11.6800,11.6900,11.6500,11.6700,425900,4964592.0000,3
2025-11-07,20251107141000000,sz.002842,11.6700,11.6700,11.6400,11.6500,243600,2839112.0000,3
2025-11-07,20251107141500000,sz.002842,11.6500,11.7000,11.6500,11.6900,125400,1465184.0000,3
2025-11-07,20251107142000000,sz.002842,11.6900,11.7000,11.6800,11.7000,93700,1095432.0000,3
2025-11-07,20251107142500000,sz.002842,11.7000,11.7200,11.6900,11.7000,118000,1380744.0000,3
2025-11-07,20251107143000000,sz.002842,11.7100,11.7200,11.6900,11.7200,103300,1209304.0000,3
2025-11-07,20251107143500000,sz.002842,11.7200,11.7300,11.6800,11.6900,212200,2484808.0000,3
2025-11-07,20251107144000000,sz.002842,11.6800,11.6900,11.6600,11.6800,121000,1412536.0000,3
2025-11-07,20251107144500000,sz.002842,11.6800,11.6900,11.6600,11.6800,192700,2249272.0000,3
2025-11-07,20251107145000000,sz.002842,11.6700,11.6800,11.6600,11.6700,211300,2465008.0000,3
2025-11-07,20251107145500000,sz.002842,11.6600,11.6800,11.6500,11.6700,318200,3711856.0000,3
2025-11-07,20251107150000000,sz.002842,11.6600,11.6700,11.6500,11.6600,258700,3016208.0000,3
2025-11-10,20251110093500000,sz.002842,11.6700,11.7400,11.5000,11.5100,1280400,14877514.0000,3
2025-11-10,20251110094000000,sz.002842,11.5200,11.5900,11.5000,11.5600,1067100,12316574.0000,3
2025-11-10,20251110094500000,sz.002842,11.5600,11.5800,11.5200,11.5500,543500,6278556.0000,3
2025-11-10,20251110095000000,sz.002842,11.5500,11.6300,11.5500,11.6000,322800,3739448.0000,3
2025-11-10,20251110095500000,sz.002842,11.5900,11.6100,11.5600,11.5600,304100,3521092.0000,3
2025-11-10,20251110100000000,sz.002842,11.5600,11.5800,11.5300,11.5300,323200,3735020.0000,3
2025-11-10,20251110100500000,sz.002842,11.5400,11.5500,11.5000,11.5100,279100,3215752.0000,3
2025-11-10,20251110101000000,sz.002842,11.5100,11.5100,11.4200,11.4300,684900,7846780.0000,3
2025-11-10,20251110101500000,sz.002842,11.4300,11.4400,11.4000,11.4300,461200,5264264.0000,3
2025-11-10,20251110102000000,sz.002842,11.4300,11.4700,11.4300,11.4500,211500,2420852.0000,3
2025-11-10,20251110102500000,sz.002842,11.4500,11.4700,11.4100,11.4700,292300,3343764.0000,3
2025-11-10,20251110103000000,sz.002842,11.4600,11.4800,11.4300,11.4300,194700,2231088.0000,3
2025-11-10,20251110103500000,sz.002842,11.4400,11.4400,11.4200,11.4200,169200,1934416.0000,3
2025-11-10,20251110104000000,sz.002842,11.4200,11.4200,11.3700,11.3800,387600,4416672.0000,3
2025-11-10,20251110104500000,sz.002842,11.3800,11.3800,11.3100,11.3500,861400,9767648.0000,3
2025-11-10,20251110105000000,sz.002842,11.3400,11.4000,11.3400,11.3800,312300,3550384.0000,3
2025-11-10,20251110105500000,sz.002842,11.3800,11.4100,11.3800,11.4000,156100,1779656.0000,3
2025-11-10,20251110110000000,sz.002842,11.4100,11.4100,11.3500,11.3500,149900,1704656.0000,3
2025-11-10,20251110110500000,sz.002842,11.3600,11.3600,11.3400,11.3400,122300,1387448.0000,3
2025-11-10,20251110111000000,sz.002842,11.3400,11.3700,11.3300,11.3700,175400,1989760.0000,3
2025-11-10,20251110111500000,sz.002842,11.3900,11.3900,11.3600,11.3600,102500,1165224.0000,3
2025-11-10,20251110112000000,sz.002842,11.3600,11.3800,11.3600,11.3800,89600,1018616.0000,3
2025-11-10,20251110112500000,sz.002842,11.3700,11.3800,11.3200,11.3300,297700,3375376.0000,3
2025-11-10,20251110113000000,sz.002842,11.3300,11.3300,11.3000,11.3300,319600,3617296.0000,3
2025-11-10,20251110130500000,sz.002842,11.3200,11.3700,11.3100,11.3700,329500,3733080.0000,3
2025-11-10,20251110131000000,sz.002842,11.3700,11.3800,11.3300,11.3400,195500,2218424.0000,3
2025-11-10,20251110131500000,sz.002842,11.3400,11.3500,11.3200,11.3300,131700,1492640.0000,3
2025-11-10,20251110132000000,sz.002842,11.3300,11.3500,11.3200,11.3400,90600,1026944.0000,3
2025-11-10,20251110132500000,sz.002842,11.3400,11.3600,11.3400,11.3600,147400,1673648.0000,3
2025-11-10,20251110133000000,sz.002842,11.3600,11.3600,11.3400,11.3400,123000,1395840.0000,3
2025-11-10,20251110133500000,sz.002842,11.3500,11.3700,11.3400,11.3400,208200,2363384.0000,3
2025-11-10,20251110134000000,sz.002842,11.3400,11.3400,11.3200,11.3200,220900,2502848.0000,3
2025-11-10,20251110134500000,sz.002842,11.3300,11.3300,11.3000,11.3200,190700,2157168.0000,3
2025-11-10,20251110135000000,sz.002842,11.3200,11.3300,11.3100,11.3200,132300,1497248.0000,3
2025-11-10,20251110135500000,sz.002842,11.3100,11.3200,11.3000,11.3100,161500,1826640.0000,3
2025-11-10,20251110140000000,sz.002842,11.3100,11.3200,11.3000,11.3100,189000,2137256.0000,3
2025-11-10,20251110140500000,sz.002842,11.3000,11.3100,11.2700,11.2800,285900,3228464.0000,3
2025-11-10,20251110141000000,sz.002842,11.2800,11.2900,11.2700,11.2800,217000,2446264.0000,3
2025-11-10,20251110141500000,sz.002842,11.2900,11.3100,11.2800,11.3100,111000,1253864.0000,3
2025-11-10,20251110142000000,sz.002842,11.3100,11.3100,11.2900,11.3000,166800,1884816.0000,3
2025-11-10,20251110142500000,sz.002842,11.3000,11.3100,11.3000,11.3100,237800,2688560.0000,3
2025-11-10,20251110143000000,sz.002842,11.3100,11.3100,11.2900,11.3100,260200,2940944.0000,3
2025-11-10,20251110143500000,sz.002842,11.3100,11.3300,11.3000,11.3100,230800,2611616.0000,3
2025-11-10,20251110144000000,sz.002842,11.3100,11.3200,11.2900,11.3000,298900,3379312.0000,3
2025-11-10,20251110144500000,sz.002842,11.3000,11.3100,11.2900,11.2900,290300,3279536.0000,3
2025-11-10,20251110145000000,sz.002842,11.3000,11.3000,11.2900,11.3000,354500,4003200.0000,3
2025-11-10,20251110145500000,sz.002842,11.3000,11.3100,11.2800,11.3000,433400,4895120.0000,3
2025-11-10,20251110150000000,sz.002842,11.2900,11.3100,11.2900,11.3100,328900,3718688.0000,3
2025-11-11,20251111093500000,sz.002842,11.3800,11.4400,11.3500,11.3500,999700,11399020.0000,3
2025-11-11,20251111094000000,sz.002842,11.3500,11.3900,11.2800,11.3100,551700,6245804.0000,3
2025-11-11,20251111094500000,sz.002842,11.3100,11.3600,11.2900,11.3400,410500,4648976.0000,3
2025-11-11,20251111095000000,sz.002842,11.3400,11.3400,11.2900,11.3100,220300,2492396.0000,3
2025-11-11,20251111095500000,sz.002842,11.3000,11.3600,11.3000,11.3600,327600,3706966.0000,3
2025-11-11,20251111100000000,sz.002842,11.3600,11.3700,11.3400,11.3500,236300,2683322.0000,3
2025-11-11,20251111100500000,sz.002842,11.3700,11.3700,11.3000,11.3000,187100,2119638.0000,3
2025-11-11,20251111101000000,sz.002842,11.3200,11.3200,11.2700,11.2700,374200,4224046.0000,3
2025-11-11,20251111101500000,sz.002842,11.2700,11.2900,11.2500,11.2700,528100,5951800.0000,3
2025-11-11,20251111102000000,sz.002842,11.2600,11.2700,11.2500,11.2700,197000,2218764.0000,3
2025-11-11,20251111102500000,sz.002842,11.2700,11.2800,11.2600,11.2600,133800,1507876.0000,3
2025-11-11,20251111103000000,sz.002842,11.2700,11.3000,11.2600,11.2800,138000,1555784.0000,3
2025-11-11,20251111103500000,sz.002842,11.2900,11.2900,11.2300,11.2300,207400,2333116.0000,3
2025-11-11,20251111104000000,sz.002842,11.2300,11.2600,11.2300,11.2500,77000,865612.0000,3
2025-11-11,20251111104500000,sz.002842,11.2600,11.2800,11.2500,11.2700,49800,560764.0000,3
2025-11-11,20251111105000000,sz.002842,11.2700,11.3000,11.2600,11.2800,203300,2294836.0000,3
2025-11-11,20251111105500000,sz.002842,11.2800,11.3500,11.2800,11.3300,131400,1488292.0000,3
2025-11-11,20251111110000000,sz.002842,11.3300,11.3300,11.3000,11.3100,75900,858792.0000,3
2025-11-11,20251111110500000,sz.002842,11.3000,11.4700,11.3000,11.4600,781700,8912932.0000,3
2025-11-11,20251111111000000,sz.002842,11.4600,11.5000,11.4300,11.4900,628800,7215424.0000,3
2025-11-11,20251111111500000,sz.002842,11.4800,11.5000,11.4500,11.4500,176100,2020976.0000,3
2025-11-11,20251111112000000,sz.002842,11.4500,11.4700,11.4300,11.4400,213900,2448672.0000,3
2025-11-11,20251111112500000,sz.002842,11.4300,11.4900,11.4300,11.4900,274800,3147568.0000,3
2025-11-11,20251111113000000,sz.002842,11.4800,11.5300,11.4600,11.4700,349900,4021616.0000,3
2025-11-11,20251111130500000,sz.002842,11.4700,11.5300,11.4400,11.5200,381500,4382480.0000,3
2025-11-11,20251111131000000,sz.002842,11.5100,11.5100,11.4500,11.4700,139000,1596552.0000,3
2025-11-11,20251111131500000,sz.002842,11.4600,11.4600,11.4300,11.4500,82100,939088.0000,3
2025-11-11,20251111132000000,sz.002842,11.4400,11.4400,11.4000,11.4000,139500,1592632.0000,3
2025-11-11,20251111132500000,sz.002842,11.4000,11.4000,11.3500,11.3600,226100,2568992.0000,3
2025-11-11,20251111133000000,sz.002842,11.3500,11.3700,11.3400,11.3500,131400,1491760.0000,3
2025-11-11,20251111133500000,sz.002842,11.3500,11.3800,11.3500,11.3600,321000,3645168.0000,3
2025-11-11,20251111134000000,sz.002842,11.3600,11.3800,11.3400,11.3700,164900,1873696.0000,3
2025-11-11,20251111134500000,sz.002842,11.3800,11.3800,11.3500,11.3500,99300,1128376.0000,3
2025-11-11,20251111135000000,sz.002842,11.3500,11.3700,11.3500,11.3600,81800,929496.0000,3
2025-11-11,20251111135500000,sz.002842,11.3700,11.4100,11.3700,11.3900,138700,1578872.0000,3
2025-11-11,20251111140000000,sz.002842,11.4000,11.4000,11.3700,11.3700,246600,2807464.0000,3
2025-11-11,20251111140500000,sz.002842,11.3700,11.3700,11.3500,11.3600,84300,957624.0000,3
2025-11-11,20251111141000000,sz.002842,11.3600,11.3600,11.3400,11.3500,71800,814872.0000,3
2025-11-11,20251111141500000,sz.002842,11.3600,11.3600,11.3400,11.3600,54800,622080.0000,3
2025-11-11,20251111142000000,sz.002842,11.3600,11.3600,11.3400,11.3500,96200,1091848.0000,3
2025-11-11,20251111142500000,sz.002842,11.3600,11.4000,11.3500,11.4000,90800,1032840.0000,3
2025-11-11,20251111143000000,sz.002842,11.3900,11.4000,11.3700,11.3800,115200,1312056.0000,3
2025-11-11,20251111143500000,sz.002842,11.3700,11.3700,11.3400,11.3400,155100,1761176.0000,3
2025-11-11,20251111144000000,sz.002842,11.3500,11.3600,11.3400,11.3500,130000,1475104.0000,3
2025-11-11,20251111144500000,sz.002842,11.3500,11.3600,11.3200,11.3400,146700,1663360.0000,3
2025-11-11,20251111145000000,sz.002842,11.3300,11.3400,11.3100,11.3200,195800,2216752.0000,3
2025-11-11,20251111145500000,sz.002842,11.3200,11.3500,11.3100,11.3400,196000,2219728.0000,3
2025-11-11,20251111150000000,sz.002842,11.3300,11.3600,11.3300,11.3600,185700,2108768.0000,3
2025-11-12,20251112093500000,sz.002842,11.3500,11.4400,11.3300,11.3700,664100,7564288.0000,3
2025-11-12,20251112094000000,sz.002842,11.3600,11.3700,11.2300,11.2600,569400,6417016.0000,3
2025-11-12,20251112094500000,sz.002842,11.2500,11.3600,11.2500,11.3100,377900,4273152.0000,3
2025-11-12,20251112095000000,sz.002842,11.3100,11.4300,11.3100,11.3700,539900,6147980.0000,3
2025-11-12,20251112095500000,sz.002842,11.3800,11.3900,11.3300,11.3500,368600,4187718.0000,3
2025-11-12,20251112100000000,sz.002842,11.3500,11.3900,11.3500,11.3700,187200,2127886.0000,3
2025-11-12,20251112100500000,sz.002842,11.3600,11.4900,11.3600,11.4500,737900,8443632.0000,3
2025-11-12,20251112101000000,sz.002842,11.4600,11.4600,11.4200,11.4500,150300,1718952.0000,3
2025-11-12,20251112101500000,sz.002842,11.4500,11.4900,11.4400,11.4500,307600,3527308.0000,3
2025-11-12,20251112102000000,sz.002842,11.4500,11.4900,11.4500,11.4800,244200,2801452.0000,3
2025-11-12,20251112102500000,sz.002842,11.4700,11.4700,11.4200,11.4200,242500,2776424.0000,3
2025-11-12,20251112103000000,sz.002842,11.4300,11.4300,11.3600,11.3700,204700,2331220.0000,3
2025-11-12,20251112103500000,sz.002842,11.3700,11.3700,11.3000,11.3000,274800,3117480.0000,3
2025-11-12,20251112104000000,sz.002842,11.3100,11.3300,11.3000,11.3200,153300,1734036.0000,3
2025-11-12,20251112104500000,sz.002842,11.3200,11.3200,11.2600,11.2700,500200,5645544.0000,3
2025-11-12,20251112105000000,sz.002842,11.2800,11.2800,11.2600,11.2800,169500,1910532.0000,3
2025-11-12,20251112105500000,sz.002842,11.2700,11.2800,11.2400,11.2400,160600,1808476.0000,3
2025-11-12,20251112110000000,sz.002842,11.2400,11.2400,11.1900,11.2100,496200,5564008.0000,3
2025-11-12,20251112110500000,sz.002842,11.2200,11.2200,11.1900,11.1900,112000,1254992.0000,3
2025-11-12,20251112111000000,sz.002842,11.1900,11.2000,11.1700,11.1800,228000,2548760.0000,3
2025-11-12,20251112111500000,sz.002842,11.1800,11.2400,11.1700,11.2200,178700,2001528.0000,3
2025-11-12,20251112112000000,sz.002842,11.2200,11.2200,11.1800,11.1900,132700,1485600.0000,3
2025-11-12,20251112112500000,sz.002842,11.2000,11.2400,11.1900,11.2000,110700,1241144.0000,3
2025-11-12,20251112113000000,sz.002842,11.2000,11.2000,11.1700,11.1700,125400,1402416.0000,3
2025-11-12,20251112130500000,sz.002842,11.1700,11.1900,11.1500,11.1900,255900,2857608.0000,3
2025-11-12,20251112131000000,sz.002842,11.1900,11.1900,11.1700,11.1900,82000,916480.0000,3
2025-11-12,20251112131500000,sz.002842,11.1900,11.2000,11.1700,11.1700,128100,1432520.0000,3
2025-11-12,20251112132000000,sz.002842,11.1700,11.1800,11.1500,11.1600,195600,2182176.0000,3
2025-11-12,20251112132500000,sz.002842,11.1500,11.1900,11.1500,11.1800,76400,853240.0000,3
2025-11-12,20251112133000000,sz.002842,11.1900,11.2200,11.1600,11.2200,84400,943992.0000,3
2025-11-12,20251112133500000,sz.002842,11.2100,11.2500,11.2100,11.2400,147500,1656880.0000,3
2025-11-12,20251112134000000,sz.002842,11.2300,11.2400,11.2300,11.2400,40400,453952.0000,3
2025-11-12,20251112134500000,sz.002842,11.2500,11.2700,11.2300,11.2500,90100,1013496.0000,3
2025-11-12,20251112135000000,sz.002842,11.2500,11.2900,11.2500,11.2600,136800,1542208.0000,3
2025-11-12,20251112135500000,sz.002842,11.2600,11.2900,11.2500,11.2800,60100,676864.0000,3
2025-11-12,20251112140000000,sz.002842,11.2800,11.2800,11.2500,11.2700,104100,1173008.0000,3
2025-11-12,20251112140500000,sz.002842,11.2600,11.2800,11.2300,11.2600,59400,668760.0000,3
2025-11-12,20251112141000000,sz.002842,11.2500,11.3200,11.2500,11.3000,91900,1036896.0000,3
2025-11-12,20251112141500000,sz.002842,11.3000,11.3100,11.2800,11.2900,92600,1045984.0000,3
2025-11-12,20251112142000000,sz.002842,11.2800,11.2900,11.2500,11.2600,46100,519288.0000,3
2025-11-12,20251112142500000,sz.002842,11.2700,11.2700,11.2400,11.2500,86900,978128.0000,3
2025-11-12,20251112143000000,sz.002842,11.2600,11.2700,11.2500,11.2700,49700,559408.0000,3
2025-11-12,20251112143500000,sz.002842,11.2700,11.3000,11.2700,11.2800,77700,876616.0000,3
2025-11-12,20251112144000000,sz.002842,11.2800,11.3200,11.2800,11.3100,165400,1870168.0000,3
2025-11-12,20251112144500000,sz.002842,11.3100,11.3300,11.3100,11.3100,82700,935632.0000,3
2025-11-12,20251112145000000,sz.002842,11.3100,11.3300,11.3100,11.3200,146500,1658568.0000,3
2025-11-12,20251112145500000,sz.002842,11.3100,11.3200,11.2900,11.2900,182300,2060480.0000,3
2025-11-12,20251112150000000,sz.002842,11.2900,11.3100,11.2900,11.3000,146200,1651976.0000,3
2025-11-13,20251113093500000,sz.002842,11.3200,11.4700,11.3200,11.4400,1239400,14150477.0000,3
2025-11-13,20251113094000000,sz.002842,11.4300,11.4800,11.4200,11.4700,742500,8505259.0000,3
2025-11-13,20251113094500000,sz.002842,11.4700,11.5300,11.4700,11.5000,665300,7652560.0000,3
2025-11-13,20251113095000000,sz.002842,11.4900,11.5400,11.4700,11.5400,668900,7692968.0000,3
2025-11-13,20251113095500000,sz.002842,11.5300,11.5700,11.5100,11.5500,530700,6125816.0000,3
2025-11-13,20251113100000000,sz.002842,11.5500,11.6500,11.5400,11.6400,908900,10540376.0000,3
2025-11-13,20251113100500000,sz.002842,11.6500,11.6700,11.6300,11.6600,679900,7923188.0000,3
2025-11-13,20251113101000000,sz.002842,11.6600,11.6600,11.6200,11.6400,516700,6015404.0000,3
2025-11-13,20251113101500000,sz.002842,11.6300,11.6300,11.5800,11.5900,336000,3900096.0000,3
2025-11-13,20251113102000000,sz.002842,11.5900,11.6300,11.5800,11.6200,301100,3495208.0000,3
2025-11-13,20251113102500000,sz.002842,11.6200,11.6400,11.6100,11.6200,190200,2211872.0000,3
2025-11-13,20251113103000000,sz.002842,11.6200,11.6500,11.6000,11.6400,249600,2901640.0000,3
2025-11-13,20251113103500000,sz.002842,11.6500,11.6900,11.6500,11.6900,570400,6659552.0000,3
2025-11-13,20251113104000000,sz.002842,11.6800,11.6900,11.6600,11.6700,225600,2634768.0000,3
2025-11-13,20251113104500000,sz.002842,11.6600,11.6700,11.6400,11.6700,175700,2048264.0000,3
2025-11-13,20251113105000000,sz.002842,11.6700,11.7000,11.6600,11.6800,278600,3255192.0000,3
2025-11-13,20251113105500000,sz.002842,11.6900,11.7300,11.6800,11.7200,511000,5981368.0000,3
2025-11-13,20251113110000000,sz.002842,11.7100,11.7300,11.6800,11.7200,359700,4210624.0000,3
2025-11-13,20251113110500000,sz.002842,11.7200,11.7900,11.7100,11.7800,632800,7439568.0000,3
2025-11-13,20251113111000000,sz.002842,11.7700,11.8000,11.7700,11.7900,413100,4868472.0000,3
2025-11-13,20251113111500000,sz.002842,11.7900,11.8000,11.7700,11.7800,142300,1677120.0000,3
2025-11-13,20251113112000000,sz.002842,11.7900,11.8300,11.7800,11.8200,445800,5260968.0000,3
2025-11-13,20251113112500000,sz.002842,11.8300,11.8400,11.8200,11.8300,356400,4216056.0000,3
2025-11-13,20251113113000000,sz.002842,11.8400,11.8400,11.8200,11.8200,236200,2794448.0000,3
2025-11-13,20251113130500000,sz.002842,11.8300,11.8400,11.7400,11.7400,331400,3903216.0000,3
2025-11-13,20251113131000000,sz.002842,11.7400,11.7900,11.7400,11.7500,226900,2668272.0000,3
2025-11-13,20251113131500000,sz.002842,11.7400,11.7500,11.6800,11.6900,261300,3063344.0000,3
2025-11-13,20251113132000000,sz.002842,11.7000,11.7200,11.6900,11.7000,162700,1903872.0000,3
2025-11-13,20251113132500000,sz.002842,11.6900,11.7000,11.6600,11.6700,183900,2148464.0000,3
2025-11-13,20251113133000000,sz.002842,11.6600,11.6600,11.6300,11.6600,177100,2062656.0000,3
2025-11-13,20251113133500000,sz.002842,11.6500,11.6600,11.6000,11.6000,338000,3930752.0000,3
2025-11-13,20251113134000000,sz.002842,11.6100,11.6400,11.6000,11.6400,136600,1587472.0000,3
2025-11-13,20251113134500000,sz.002842,11.6400,11.6500,11.6300,11.6300,176300,2052224.0000,3
2025-11-13,20251113135000000,sz.002842,11.6300,11.6300,11.5900,11.5900,188600,2188800.0000,3
2025-11-13,20251113135500000,sz.002842,11.6000,11.6100,11.5900,11.6000,129600,1502624.0000,3
2025-11-13,20251113140000000,sz.002842,11.5900,11.6000,11.5800,11.5900,118200,1370512.0000,3
2025-11-13,20251113140500000,sz.002842,11.5900,11.5900,11.5500,11.5700,258400,2989600.0000,3
2025-11-13,20251113141000000,sz.002842,11.5600,11.5900,11.5600,11.5600,155400,1798544.0000,3
2025-11-13,20251113141500000,sz.002842,11.5600,11.6000,11.5600,11.6000,105100,1217952.0000,3
2025-11-13,20251113142000000,sz.002842,11.5800,11.6000,11.5800,11.5900,178500,2068784.0000,3
2025-11-13,20251113142500000,sz.002842,11.5900,11.6200,11.5800,11.6100,91300,1059328.0000,3
2025-11-13,20251113143000000,sz.002842,11.6100,11.6200,11.6000,11.6000,164400,1908048.0000,3
2025-11-13,20251113143500000,sz.002842,11.6000,11.6200,11.5900,11.6100,123000,1427152.0000,3
2025-11-13,20251113144000000,sz.002842,11.6100,11.6300,11.6000,11.6000,202800,2355360.0000,3
2025-11-13,20251113144500000,sz.002842,11.6100,11.6200,11.6000,11.6000,306400,3555472.0000,3
2025-11-13,20251113145000000,sz.002842,11.6000,11.6200,11.6000,11.6100,223300,2591472.0000,3
2025-11-13,20251113145500000,sz.002842,11.6100,11.6100,11.5900,11.6000,478500,5550624.0000,3
2025-11-13,20251113150000000,sz.002842,11.5900,11.6200,11.5900,11.6200,217200,2521088.0000,3
2025-11-14,20251114093500000,sz.002842,11.5000,11.6000,11.3800,11.3800,1185400,13598378.0000,3
2025-11-14,20251114094000000,sz.002842,11.3800,11.4700,11.3600,11.4500,485900,5542504.0000,3
2025-11-14,20251114094500000,sz.002842,11.4600,11.4900,11.4400,11.4700,332400,3811298.0000,3
2025-11-14,20251114095000000,sz.002842,11.4600,11.5400,11.4600,11.5200,243800,2807232.0000,3
2025-11-14,20251114095500000,sz.002842,11.5200,11.5500,11.4900,11.5200,334100,3851208.0000,3
2025-11-14,20251114100000000,sz.002842,11.5200,11.5400,11.4900,11.5300,266500,3070560.0000,3
2025-11-14,20251114100500000,sz.002842,11.5300,11.5600,11.5000,11.5400,218500,2518264.0000,3
2025-11-14,20251114101000000,sz.002842,11.5400,11.6800,11.5400,11.6300,525900,6108544.0000,3
2025-11-14,20251114101500000,sz.002842,11.6300,11.6800,11.6200,11.6600,411500,4795540.0000,3
2025-11-14,20251114102000000,sz.002842,11.6700,11.6700,11.6200,11.6200,345800,4028992.0000,3
2025-11-14,20251114102500000,sz.002842,11.6200,11.6500,11.6000,11.6200,189800,2206500.0000,3
2025-11-14,20251114103000000,sz.002842,11.6200,11.6900,11.6200,11.6800,229800,2678760.0000,3
2025-11-14,20251114103500000,sz.002842,11.6800,11.7000,11.6600,11.6600,240400,2807308.0000,3
2025-11-14,20251114104000000,sz.002842,11.6600,11.6800,11.6500,11.6600,130200,1518316.0000,3
2025-11-14,20251114104500000,sz.002842,11.6600,11.6600,11.6100,11.6300,115500,1343576.0000,3
2025-11-14,20251114105000000,sz.002842,11.6300,11.6400,11.5700,11.5900,193200,2243228.0000,3
2025-11-14,20251114105500000,sz.002842,11.5800,11.6200,11.5800,11.5900,153900,1784968.0000,3
2025-11-14,20251114110000000,sz.002842,11.5900,11.5900,11.5600,11.5700,91000,1052936.0000,3
2025-11-14,20251114110500000,sz.002842,11.5800,11.5900,11.5600,11.5700,91600,1060096.0000,3
2025-11-14,20251114111000000,sz.002842,11.5800,11.6000,11.5700,11.5800,110600,1281024.0000,3
2025-11-14,20251114111500000,sz.002842,11.5900,11.6100,11.5800,11.5900,67300,780392.0000,3
2025-11-14,20251114112000000,sz.002842,11.6000,11.6300,11.5800,11.6100,184300,2139608.0000,3
2025-11-14,20251114112500000,sz.002842,11.6200,11.6300,11.6100,11.6200,77700,903120.0000,3
2025-11-14,20251114113000000,sz.002842,11.6200,11.6400,11.6200,11.6400,95200,1106760.0000,3
2025-11-14,20251114130500000,sz.002842,11.6200,11.6400,11.6100,11.6100,137800,1601728.0000,3
2025-11-14,20251114131000000,sz.002842,11.6100,11.6200,11.5800,11.6100,129200,1498984.0000,3
2025-11-14,20251114131500000,sz.002842,11.6100,11.6400,11.6100,11.6300,95500,1110512.0000,3
2025-11-14,20251114132000000,sz.002842,11.6200,11.6200,11.5900,11.6000,108000,1254040.0000,3
2025-11-14,20251114132500000,sz.002842,11.6000,11.6100,11.5900,11.6000,72000,835392.0000,3
2025-11-14,20251114133000000,sz.002842,11.6000,11.6100,11.5900,11.5900,81100,940560.0000,3
2025-11-14,20251114133500000,sz.002842,11.6000,11.6100,11.5800,11.5800,180800,2095760.0000,3
2025-11-14,20251114134000000,sz.002842,11.5800,11.6200,11.5700,11.6200,118900,1378888.0000,3
2025-11-14,20251114134500000,sz.002842,11.6200,11.6300,11.5800,11.6100,122400,1420928.0000,3
2025-11-14,20251114135000000,sz.002842,11.6100,11.6200,11.5900,11.6100,72300,839312.0000,3
2025-11-14,20251114135500000,sz.002842,11.6100,11.6200,11.5900,11.5900,145400,1686424.0000,3
2025-11-14,20251114140000000,sz.002842,11.5900,11.6100,11.5900,11.6100,70300,815184.0000,3
2025-11-14,20251114140500000,sz.002842,11.6000,11.6300,11.6000,11.6200,111300,1292272.0000,3
2025-11-14,20251114141000000,sz.002842,11.6300,11.6500,11.6200,11.6300,150300,1749168.0000,3
2025-11-14,20251114141500000,sz.002842,11.6300,11.6400,11.6000,11.6200,77100,895816.0000,3
2025-11-14,20251114142000000,sz.002842,11.6100,11.6200,11.6000,11.6200,120500,1398488.0000,3
2025-11-14,20251114142500000,sz.002842,11.6000,11.6200,11.5900,11.6000,127400,1478464.0000,3
2025-11-14,20251114143000000,sz.002842,11.5900,11.6000,11.5800,11.5800,150500,1744560.0000,3
2025-11-14,20251114143500000,sz.002842,11.5900,11.6000,11.5600,11.5900,220000,2547360.0000,3
2025-11-14,20251114144000000,sz.002842,11.5800,11.5900,11.5500,11.5500,152300,1761752.0000,3
2025-11-14,20251114144500000,sz.002842,11.5600,11.5700,11.5500,11.5600,186900,2160432.0000,3
2025-11-14,20251114145000000,sz.002842,11.5600,11.5600,11.5200,11.5300,538600,6208168.0000,3
2025-11-14,20251114145500000,sz.002842,11.5300,11.5500,11.5200,11.5400,290100,3345336.0000,3
2025-11-14,20251114150000000,sz.002842,11.5300,11.5500,11.5300,11.5300,356400,4110584.0000,3
2025-11-17,20251117093500000,sz.002842,11.4600,11.6000,11.4600,11.5800,611300,7045171.0000,3
2025-11-17,20251117094000000,sz.002842,11.5800,11.6000,11.4300,11.4500,686300,7905855.0000,3
2025-11-17,20251117094500000,sz.002842,11.4600,11.5700,11.4600,11.5700,504900,5810530.0000,3
2025-11-17,20251117095000000,sz.002842,11.5500,11.5800,11.4800,11.5000,275500,3179220.0000,3
2025-11-17,20251117095500000,sz.002842,11.5000,11.6000,11.5000,11.5500,317400,3667210.0000,3
2025-11-17,20251117100000000,sz.002842,11.5500,11.5800,11.5300,11.5500,309100,3572942.0000,3
2025-11-17,20251117100500000,sz.002842,11.5600,11.5800,11.5400,11.5700,275100,3182124.0000,3
2025-11-17,20251117101000000,sz.002842,11.5700,11.5800,11.5500,11.5600,152700,1766384.0000,3
2025-11-17,20251117101500000,sz.002842,11.5600,11.5900,11.5400,11.5800,174800,2020620.0000,3
2025-11-17,20251117102000000,sz.002842,11.5700,11.6000,11.5700,11.5900,136600,1582712.0000,3
2025-11-17,20251117102500000,sz.002842,11.5900,11.6200,11.5700,11.5700,301300,3496356.0000,3
2025-11-17,20251117103000000,sz.002842,11.5700,11.5800,11.5600,11.5800,83200,962912.0000,3
2025-11-17,20251117103500000,sz.002842,11.5600,11.5700,11.5400,11.5400,146100,1688580.0000,3
2025-11-17,20251117104000000,sz.002842,11.5400,11.5900,11.5400,11.5900,115400,1334424.0000,3
2025-11-17,20251117104500000,sz.002842,11.5800,11.6100,11.5700,11.6000,70300,814732.0000,3
2025-11-17,20251117105000000,sz.002842,11.6000,11.6600,11.5800,11.6500,308500,3584100.0000,3
2025-11-17,20251117105500000,sz.002842,11.6500,11.7000,11.6400,11.6900,313600,3657952.0000,3
2025-11-17,20251117110000000,sz.002842,11.6900,11.6900,11.6100,11.6100,175400,2043564.0000,3
2025-11-17,20251117110500000,sz.002842,11.6000,11.6400,11.5900,11.6400,143800,1668336.0000,3
2025-11-17,20251117111000000,sz.002842,11.6400,11.6600,11.6300,11.6600,75700,881300.0000,3
2025-11-17,20251117111500000,sz.002842,11.6600,11.6700,11.6300,11.6500,120100,1399864.0000,3
2025-11-17,20251117112000000,sz.002842,11.6400,11.6500,11.6300,11.6300,86400,1005712.0000,3
2025-11-17,20251117112500000,sz.002842,11.6300,11.6400,11.6100,11.6100,125600,1460512.0000,3
2025-11-17,20251117113000000,sz.002842,11.6200,11.6200,11.5900,11.5900,74200,860904.0000,3
2025-11-17,20251117130500000,sz.002842,11.6000,11.6100,11.5700,11.5700,176300,2043160.0000,3
2025-11-17,20251117131000000,sz.002842,11.5700,11.5800,11.5700,11.5700,44200,511712.0000,3
2025-11-17,20251117131500000,sz.002842,11.5800,11.5800,11.5600,11.5600,97800,1131640.0000,3
2025-11-17,20251117132000000,sz.002842,11.5700,11.5900,11.5600,11.5800,81500,943984.0000,3
2025-11-17,20251117132500000,sz.002842,11.5800,11.5900,11.5700,11.5800,70700,818560.0000,3
2025-11-17,20251117133000000,sz.002842,11.5900,11.6000,11.5800,11.5900,66100,765832.0000,3
2025-11-17,20251117133500000,sz.002842,11.6000,11.6100,11.5900,11.6000,196200,2275656.0000,3
2025-11-17,20251117134000000,sz.002842,11.6000,11.6400,11.5900,11.6100,112100,1301744.0000,3
2025-11-17,20251117134500000,sz.002842,11.6100,11.6500,11.6100,11.6300,133600,1553600.0000,3
2025-11-17,20251117135000000,sz.002842,11.6300,11.6400,11.6000,11.6200,120100,1395216.0000,3
2025-11-17,20251117135500000,sz.002842,11.6200,11.6200,11.6000,11.6100,108000,1253944.0000,3
2025-11-17,20251117140000000,sz.002842,11.6100,11.6200,11.6100,11.6100,76400,887456.0000,3
2025-11-17,20251117140500000,sz.002842,11.6200,11.6200,11.5900,11.6100,180400,2093392.0000,3
2025-11-17,20251117141000000,sz.002842,11.6200,11.6500,11.6100,11.6300,214400,2494848.0000,3
2025-11-17,20251117141500000,sz.002842,11.6200,11.6500,11.6100,11.6400,120200,1397448.0000,3
2025-11-17,20251117142000000,sz.002842,11.6500,11.6600,11.6300,11.6600,128100,1491824.0000,3
2025-11-17,20251117142500000,sz.002842,11.6500,11.6700,11.6400,11.6600,242400,2825272.0000,3
2025-11-17,20251117143000000,sz.002842,11.6500,11.6700,11.6400,11.6400,187900,2190168.0000,3
2025-11-17,20251117143500000,sz.002842,11.6400,11.6600,11.6300,11.6500,269500,3138760.0000,3
2025-11-17,20251117144000000,sz.002842,11.6500,11.6700,11.6500,11.6600,393200,4587424.0000,3
2025-11-17,20251117144500000,sz.002842,11.6600,11.6900,11.6600,11.6700,316000,3688928.0000,3
2025-11-17,20251117145000000,sz.002842,11.6700,11.6800,11.6600,11.6700,440600,5141312.0000,3
2025-11-17,20251117145500000,sz.002842,11.6600,11.6800,11.6500,11.6600,417300,4867096.0000,3
2025-11-17,20251117150000000,sz.002842,11.6600,11.6800,11.6600,11.6700,483300,5640488.0000,3
2025-11-18,20251118093500000,sz.002842,11.6800,11.9300,11.5600,11.9300,1648900,19324832.0000,3
2025-11-18,20251118094000000,sz.002842,11.9500,12.5400,11.9000,12.2900,8872600,108747976.0000,3
2025-11-18,20251118094500000,sz.002842,12.3100,12.3100,11.9900,12.0200,3184900,38628632.0000,3
2025-11-18,20251118095000000,sz.002842,12.0200,12.0300,11.8600,11.8700,2042700,24356352.0000,3
2025-11-18,20251118095500000,sz.002842,11.8800,11.9000,11.7800,11.8500,1332900,15790272.0000,3
2025-11-18,20251118100000000,sz.002842,11.8500,11.8500,11.7200,11.7700,1228900,14489872.0000,3
2025-11-18,20251118100500000,sz.002842,11.7600,11.9500,11.7400,11.8700,1735800,20544704.0000,3
2025-11-18,20251118101000000,sz.002842,11.8700,11.9500,11.8500,11.8800,1175900,13986560.0000,3
2025-11-18,20251118101500000,sz.002842,11.8700,11.9300,11.8200,11.8600,895100,10629920.0000,3
2025-11-18,20251118102000000,sz.002842,11.8800,12.0200,11.8400,11.9900,1326200,15842096.0000,3
2025-11-18,20251118102500000,sz.002842,12.0000,12.0000,11.9400,11.9600,791300,9469184.0000,3
2025-11-18,20251118103000000,sz.002842,11.9700,12.1600,11.9200,12.1000,1081200,13025152.0000,3
2025-11-18,20251118103500000,sz.002842,12.1100,12.2000,12.0500,12.0900,1217000,14761376.0000,3
2025-11-18,20251118104000000,sz.002842,12.0800,12.1800,12.0800,12.1800,926900,11256896.0000,3
2025-11-18,20251118104500000,sz.002842,12.1900,12.2700,12.1600,12.2100,1138600,13905792.0000,3
2025-11-18,20251118105000000,sz.002842,12.2100,12.2100,12.1200,12.1500,392700,4772960.0000,3
2025-11-18,20251118105500000,sz.002842,12.1500,12.1500,12.0800,12.0800,360300,4363072.0000,3
2025-11-18,20251118110000000,sz.002842,12.0900,12.0900,12.0100,12.0100,534000,6434880.0000,3
2025-11-18,20251118110500000,sz.002842,12.0100,12.0100,11.9500,11.9500,444600,5327776.0000,3
2025-11-18,20251118111000000,sz.002842,11.9600,11.9700,11.9500,11.9600,421000,5032832.0000,3
2025-11-18,20251118111500000,sz.002842,11.9600,11.9600,11.9300,11.9500,379200,4528576.0000,3
2025-11-18,20251118112000000,sz.002842,11.9400,11.9600,11.9400,11.9500,327600,3914880.0000,3
2025-11-18,20251118112500000,sz.002842,11.9400,11.9500,11.9200,11.9200,181900,2170592.0000,3
2025-11-18,20251118113000000,sz.002842,11.9200,11.9700,11.9000,11.9600,289700,3456320.0000,3
2025-11-18,20251118130500000,sz.002842,11.9800,11.9800,11.8700,11.9200,689200,8215776.0000,3
2025-11-18,20251118131000000,sz.002842,11.9200,11.9300,11.8900,11.9100,292400,3481920.0000,3
2025-11-18,20251118131500000,sz.002842,11.9200,11.9200,11.8800,11.8800,279100,3321376.0000,3
2025-11-18,20251118132000000,sz.002842,11.8800,11.9100,11.8600,11.8900,416200,4944256.0000,3
2025-11-18,20251118132500000,sz.002842,11.8900,11.9000,11.8600,11.8600,248000,2944448.0000,3
2025-11-18,20251118133000000,sz.002842,11.8500,11.8700,11.8500,11.8600,231600,2747168.0000,3
2025-11-18,20251118133500000,sz.002842,11.8600,11.8900,11.8500,11.8700,351200,4168608.0000,3
2025-11-18,20251118134000000,sz.002842,11.8700,11.8900,11.8600,11.8800,217900,2587520.0000,3
2025-11-18,20251118134500000,sz.002842,11.8900,11.9200,11.8700,11.8900,213600,2539552.0000,3
2025-11-18,20251118135000000,sz.002842,11.8900,11.9100,11.8800,11.8900,221400,2633792.0000,3
2025-11-18,20251118135500000,sz.002842,11.8900,11.9200,11.8800,11.9100,281100,3344992.0000,3
2025-11-18,20251118140000000,sz.002842,11.9100,11.9100,11.8700,11.8900,217700,2587232.0000,3
2025-11-18,20251118140500000,sz.002842,11.8700,11.9000,11.8700,11.8900,338700,4024416.0000,3
2025-11-18,20251118141000000,sz.002842,11.8900,11.9300,11.8900,11.8900,375900,4473504.0000,3
2025-11-18,20251118141500000,sz.002842,11.8900,11.8900,11.8700,11.8800,180800,2148288.0000,3
2025-11-18,20251118142000000,sz.002842,11.8800,11.9200,11.8800,11.9100,327300,3895680.0000,3
2025-11-18,20251118142500000,sz.002842,11.9000,11.9100,11.8900,11.8900,237900,2832096.0000,3
2025-11-18,20251118143000000,sz.002842,11.8900,11.9100,11.8900,11.8900,207500,2468416.0000,3
2025-11-18,20251118143500000,sz.002842,11.9000,11.9600,11.8900,11.9600,563800,6721408.0000,3
2025-11-18,20251118144000000,sz.002842,11.9600,12.0400,11.9600,11.9700,721000,8643392.0000,3
2025-11-18,20251118144500000,sz.002842,11.9600,11.9600,11.9200,11.9300,482700,5762272.0000,3
2025-11-18,20251118145000000,sz.002842,11.9300,11.9500,11.9200,11.9400,444800,5309600.0000,3
2025-11-18,20251118145500000,sz.002842,11.9400,11.9800,11.9200,11.9700,698300,8343840.0000,3
2025-11-18,20251118150000000,sz.002842,11.9700,11.9800,11.9500,11.9600,857800,10261440.0000,3
2025-11-19,20251119093500000,sz.002842,11.9600,12.2300,11.9400,11.9900,4423100,53483184.0000,3
2025-11-19,20251119094000000,sz.002842,11.9900,12.0100,11.8200,11.8200,2183300,26020736.0000,3
2025-11-19,20251119094500000,sz.002842,11.8200,11.8300,11.7800,11.7800,1186900,14001888.0000,3
2025-11-19,20251119095000000,sz.002842,11.7900,11.8800,11.7500,11.8400,1144500,13519344.0000,3
2025-11-19,20251119095500000,sz.002842,11.8400,11.8600,11.8000,11.8300,715500,8454552.0000,3
2025-11-19,20251119100000000,sz.002842,11.8400,11.8400,11.7500,11.7900,935300,11011960.0000,3
2025-11-19,20251119100500000,sz.002842,11.7800,11.8400,11.7500,11.7700,797800,9397792.0000,3
2025-11-19,20251119101000000,sz.002842,11.7600,11.7700,11.7100,11.7200,626000,7343712.0000,3
2025-11-19,20251119101500000,sz.002842,11.7200,11.7500,11.7000,11.7200,632500,7409696.0000,3
2025-11-19,20251119102000000,sz.002842,11.7300,11.7600,11.6800,11.7400,581500,6811328.0000,3
2025-11-19,20251119102500000,sz.002842,11.7400,11.7800,11.7000,11.7500,310800,3649664.0000,3
2025-11-19,20251119103000000,sz.002842,11.7700,11.7700,11.7200,11.7500,255000,2993904.0000,3
2025-11-19,20251119103500000,sz.002842,11.7500,11.8000,11.7500,11.7900,309600,3644720.0000,3
2025-11-19,20251119104000000,sz.002842,11.8000,11.8000,11.7200,11.7200,364000,4276176.0000,3
2025-11-19,20251119104500000,sz.002842,11.7200,11.7200,11.6900,11.7000,337600,3950304.0000,3
2025-11-19,20251119105000000,sz.002842,11.7000,11.7100,11.6700,11.6800,487500,5696640.0000,3
2025-11-19,20251119105500000,sz.002842,11.6800,11.6800,11.6300,11.6400,418500,4878480.0000,3
2025-11-19,20251119110000000,sz.002842,11.6500,11.6600,11.5800,11.5900,749000,8700384.0000,3
2025-11-19,20251119110500000,sz.002842,11.5800,11.5900,11.5600,11.5800,600100,6946032.0000,3
2025-11-19,20251119111000000,sz.002842,11.5800,11.6500,11.5800,11.6400,281100,3265568.0000,3
2025-11-19,20251119111500000,sz.002842,11.6400,11.6400,11.5900,11.6000,273400,3173088.0000,3
2025-11-19,20251119112000000,sz.002842,11.5900,11.6000,11.5600,11.5700,239100,2768384.0000,3
2025-11-19,20251119112500000,sz.002842,11.5700,11.6100,11.5700,11.5700,262900,3044368.0000,3
2025-11-19,20251119113000000,sz.002842,11.5700,11.5800,11.5600,11.5600,196900,2276880.0000,3
2025-11-19,20251119130500000,sz.002842,11.5600,11.6500,11.5000,11.5300,695700,8038832.0000,3
2025-11-19,20251119131000000,sz.002842,11.5400,11.5800,11.4800,11.5000,468700,5395568.0000,3
2025-11-19,20251119131500000,sz.002842,11.5100,11.5500,11.5000,11.5500,771500,8868768.0000,3
2025-11-19,20251119132000000,sz.002842,11.5600,11.6100,11.5300,11.5600,541500,6248192.0000,3
2025-11-19,20251119132500000,sz.002842,11.5500,11.5700,11.5100,11.5300,443800,5113504.0000,3
2025-11-19,20251119133000000,sz.002842,11.5300,11.5400,11.5000,11.5200,346400,3985776.0000,3
2025-11-19,20251119133500000,sz.002842,11.5100,11.5300,11.4500,11.5200,733700,8425360.0000,3
2025-11-19,20251119134000000,sz.002842,11.5000,11.5300,11.4900,11.5000,353100,4055760.0000,3
2025-11-19,20251119134500000,sz.002842,11.5000,11.5100,11.4900,11.4900,219000,2516816.0000,3
2025-11-19,20251119135000000,sz.002842,11.5000,11.5000,11.4600,11.4800,249400,2865312.0000,3
2025-11-19,20251119135500000,sz.002842,11.4800,11.5200,11.4700,11.5200,222100,2553728.0000,3
2025-11-19,20251119140000000,sz.002842,11.5200,11.5500,11.5000,11.5300,212300,2446112.0000,3
2025-11-19,20251119140500000,sz.002842,11.5200,11.5600,11.5100,11.5200,298000,3436608.0000,3
2025-11-19,20251119141000000,sz.002842,11.5000,11.5400,11.5000,11.5200,269400,3100320.0000,3
2025-11-19,20251119141500000,sz.002842,11.5100,11.5600,11.5100,11.5300,238600,2751936.0000,3
2025-11-19,20251119142000000,sz.002842,11.5400,11.6200,11.5200,11.6200,303400,3516000.0000,3
2025-11-19,20251119142500000,sz.002842,11.6200,11.6600,11.6200,11.6500,262500,3052640.0000,3
2025-11-19,20251119143000000,sz.002842,11.6500,11.6800,11.6300,11.6700,245100,2856416.0000,3
2025-11-19,20251119143500000,sz.002842,11.6700,11.7100,11.6400,11.6600,372100,4343392.0000,3
2025-11-19,20251119144000000,sz.002842,11.6600,11.6700,11.6200,11.6400,371100,4321920.0000,3
2025-11-19,20251119144500000,sz.002842,11.6400,11.6600,11.6200,11.6400,314500,3662592.0000,3
2025-11-19,20251119145000000,sz.002842,11.6300,11.6500,11.6200,11.6400,466600,5428992.0000,3
2025-11-19,20251119145500000,sz.002842,11.6400,11.6500,11.6200,11.6200,407600,4741312.0000,3
2025-11-19,20251119150000000,sz.002842,11.6300,11.6400,11.6100,11.6100,328900,3822688.0000,3
2025-11-20,20251120093500000,sz.002842,11.7500,11.8700,11.6800,11.8200,1946700,22929342.0000,3
2025-11-20,20251120094000000,sz.002842,11.8200,11.8300,11.7200,11.7200,1033400,12174162.0000,3
2025-11-20,20251120094500000,sz.002842,11.7200,11.7200,11.6200,11.6500,903400,10526068.0000,3
2025-11-20,20251120095000000,sz.002842,11.6500,11.7200,11.6400,11.7100,498400,5820028.0000,3
2025-11-20,20251120095500000,sz.002842,11.7000,11.7400,11.6800,11.7000,390400,4572024.0000,3
2025-11-20,20251120100000000,sz.002842,11.6900,11.7000,11.6300,11.6400,524200,6109176.0000,3
2025-11-20,20251120100500000,sz.002842,11.6400,11.7300,11.6300,11.7100,630900,7369800.0000,3
2025-11-20,20251120101000000,sz.002842,11.7100,11.7200,11.6500,11.6500,282100,3296080.0000,3
2025-11-20,20251120101500000,sz.002842,11.6500,11.6800,11.6400,11.6400,405400,4726384.0000,3
2025-11-20,20251120102000000,sz.002842,11.6400,11.6500,11.6100,11.6300,195300,2271392.0000,3
2025-11-20,20251120102500000,sz.002842,11.6300,11.6300,11.6000,11.6000,446100,5179872.0000,3
2025-11-20,20251120103000000,sz.002842,11.6100,11.6100,11.5500,11.5500,360400,4173560.0000,3
2025-11-20,20251120103500000,sz.002842,11.5400,11.5500,11.5000,11.5100,363200,4183864.0000,3
2025-11-20,20251120104000000,sz.002842,11.5100,11.5100,11.4600,11.4800,378500,4344600.0000,3
2025-11-20,20251120104500000,sz.002842,11.4700,11.4900,11.4500,11.4700,311600,3572128.0000,3
2025-11-20,20251120105000000,sz.002842,11.4700,11.5000,11.4600,11.5000,187100,2147808.0000,3
2025-11-20,20251120105500000,sz.002842,11.5000,11.5200,11.4600,11.4800,211300,2426080.0000,3
2025-11-20,20251120110000000,sz.002842,11.4900,11.4900,11.4600,11.4700,131500,1508512.0000,3
2025-11-20,20251120110500000,sz.002842,11.4600,11.5500,11.4600,11.5400,179300,2062688.0000,3
2025-11-20,20251120111000000,sz.002842,11.5400,11.5600,11.5200,11.5400,116900,1348488.0000,3
2025-11-20,20251120111500000,sz.002842,11.5300,11.5500,11.5000,11.5200,221800,2557552.0000,3
2025-11-20,20251120112000000,sz.002842,11.5100,11.5400,11.5100,11.5200,122200,1407744.0000,3
2025-11-20,20251120112500000,sz.002842,11.5200,11.5300,11.5000,11.5300,119800,1379520.0000,3
2025-11-20,20251120113000000,sz.002842,11.5300,11.5400,11.5000,11.5100,108300,1247656.0000,3
2025-11-20,20251120130500000,sz.002842,11.5100,11.6800,11.4800,11.6300,826400,9598704.0000,3
2025-11-20,20251120131000000,sz.002842,11.6300,11.6800,11.5800,11.6500,234200,2722864.0000,3
2025-11-20,20251120131500000,sz.002842,11.6700,11.7900,11.6600,11.7200,526700,6182000.0000,3
2025-11-20,20251120132000000,sz.002842,11.7100,11.7200,11.6700,11.6800,196100,2293040.0000,3
2025-11-20,20251120132500000,sz.002842,11.6800,11.6800,11.6200,11.6300,96000,1119104.0000,3
2025-11-20,20251120133000000,sz.002842,11.6300,11.6300,11.6000,11.6200,154000,1789056.0000,3
2025-11-20,20251120133500000,sz.002842,11.6100,11.6100,11.5700,11.5800,201800,2339872.0000,3
2025-11-20,20251120134000000,sz.002842,11.5800,11.5800,11.5500,11.5500,88500,1023328.0000,3
2025-11-20,20251120134500000,sz.002842,11.5500,11.5900,11.5500,11.5800,59800,691728.0000,3
2025-11-20,20251120135000000,sz.002842,11.5800,11.5900,11.5600,11.5900,104800,1212544.0000,3
2025-11-20,20251120135500000,sz.002842,11.5900,11.5900,11.5500,11.5600,106200,1229280.0000,3
2025-11-20,20251120140000000,sz.002842,11.5600,11.5600,11.5100,11.5200,97600,1125376.0000,3
2025-11-20,20251120140500000,sz.002842,11.5200,11.5400,11.5000,11.5200,191500,2205312.0000,3
2025-11-20,20251120141000000,sz.002842,11.5200,11.5400,11.4900,11.5100,216500,2491792.0000,3
2025-11-20,20251120141500000,sz.002842,11.5200,11.5200,11.5000,11.5100,51300,590304.0000,3
2025-11-20,20251120142000000,sz.002842,11.5000,11.5300,11.4900,11.5100,218500,2514864.0000,3
2025-11-20,20251120142500000,sz.002842,11.5100,11.5200,11.4900,11.4900,191300,2200464.0000,3
2025-11-20,20251120143000000,sz.002842,11.4900,11.5200,11.4800,11.5200,348400,4002880.0000,3
2025-11-20,20251120143500000,sz.002842,11.5200,11.5500,11.5000,11.5200,254900,2935280.0000,3
2025-11-20,20251120144000000,sz.002842,11.5200,11.5800,11.5100,11.5700,308900,3562656.0000,3
2025-11-20,20251120144500000,sz.002842,11.5600,11.6200,11.5600,11.5900,253300,2938592.0000,3
2025-11-20,20251120145000000,sz.002842,11.5900,11.6000,11.5400,11.5500,364200,4211408.0000,3
2025-11-20,20251120145500000,sz.002842,11.5500,11.5700,11.5300,11.5600,360800,4167552.0000,3
2025-11-20,20251120150000000,sz.002842,11.5600,11.5700,11.5400,11.5400,318900,3684272.0000,3
2025-11-21,20251121093500000,sz.002842,11.3900,11.3900,11.1800,11.2100,2098700,23626470.0000,3
2025-11-21,20251121094000000,sz.002842,11.2300,11.2600,11.1700,11.2200,1226000,13750018.0000,3
2025-11-21,20251121094500000,sz.002842,11.2100,11.3200,11.2100,11.2700,659500,7431488.0000,3
2025-11-21,20251121095000000,sz.002842,11.3100,11.3100,11.2200,11.2600,915400,10307128.0000,3
2025-11-21,20251121095500000,sz.002842,11.2400,11.2700,11.0600,11.0900,827200,9215948.0000,3
2025-11-21,20251121100000000,sz.002842,11.0800,11.1200,10.9800,10.9900,1130400,12479868.0000,3
2025-11-21,20251121100500000,sz.002842,10.9800,11.0600,10.9800,11.0500,733800,8079144.0000,3
2025-11-21,20251121101000000,sz.002842,11.0500,11.0800,11.0200,11.0300,517200,5717288.0000,3
2025-11-21,20251121101500000,sz.002842,11.0200,11.0200,10.9700,10.9900,546000,5998240.0000,3
2025-11-21,20251121102000000,sz.002842,11.0200,11.0300,10.9700,11.0000,714000,7855344.0000,3
2025-11-21,20251121102500000,sz.002842,11.0100,11.0100,10.9600,10.9800,326200,3580888.0000,3
2025-11-21,20251121103000000,sz.002842,10.9800,10.9800,10.8900,10.8900,401900,4396776.0000,3
2025-11-21,20251121103500000,sz.002842,10.9100,10.9100,10.8600,10.8800,558300,6075472.0000,3
2025-11-21,20251121104000000,sz.002842,10.8800,10.8900,10.8200,10.8400,364700,3957912.0000,3
2025-11-21,20251121104500000,sz.002842,10.8400,10.8600,10.8100,10.8400,423900,4592688.0000,3
2025-11-21,20251121105000000,sz.002842,10.8300,10.8500,10.8100,10.8400,294200,3185760.0000,3
2025-11-21,20251121105500000,sz.002842,10.8400,10.8400,10.7800,10.8200,316200,3415928.0000,3
2025-11-21,20251121110000000,sz.002842,10.8300,10.8500,10.8200,10.8500,203700,2206600.0000,3
2025-11-21,20251121110500000,sz.002842,10.8500,10.8800,10.8200,10.8200,289600,3143680.0000,3
2025-11-21,20251121111000000,sz.002842,10.8200,10.8600,10.8100,10.8500,149600,1619648.0000,3
2025-11-21,20251121111500000,sz.002842,10.8500,10.8500,10.7000,10.7100,456900,4922416.0000,3
2025-11-21,20251121112000000,sz.002842,10.7100,10.7900,10.6900,10.7900,365600,3921472.0000,3
2025-11-21,20251121112500000,sz.002842,10.7900,10.8900,10.7900,10.8700,177200,1921552.0000,3
2025-11-21,20251121113000000,sz.002842,10.8600,10.8900,10.8500,10.8700,198800,2160624.0000,3
2025-11-21,20251121130500000,sz.002842,10.8800,10.9500,10.8800,10.9300,277800,3030400.0000,3
2025-11-21,20251121131000000,sz.002842,10.9200,10.9200,10.8800,10.8800,147400,1605248.0000,3
2025-11-21,20251121131500000,sz.002842,10.8900,10.9400,10.8600,10.9200,239700,2611728.0000,3
2025-11-21,20251121132000000,sz.002842,10.9200,10.9200,10.8900,10.8900,174800,1906608.0000,3
2025-11-21,20251121132500000,sz.002842,10.8900,10.9300,10.8400,10.9200,247500,2691664.0000,3
2025-11-21,20251121133000000,sz.002842,10.9200,10.9300,10.8800,10.8900,135800,1482352.0000,3
2025-11-21,20251121133500000,sz.002842,10.8900,10.9400,10.8800,10.9200,113600,1239424.0000,3
2025-11-21,20251121134000000,sz.002842,10.9300,10.9300,10.8600,10.8600,197600,2152752.0000,3
2025-11-21,20251121134500000,sz.002842,10.8600,10.8600,10.8200,10.8200,163700,1774768.0000,3
2025-11-21,20251121135000000,sz.002842,10.8200,10.8300,10.8100,10.8100,91500,989824.0000,3
2025-11-21,20251121135500000,sz.002842,10.8200,10.8200,10.7900,10.8100,241300,2607968.0000,3
2025-11-21,20251121140000000,sz.002842,10.8100,10.8200,10.8000,10.8000,107200,1158704.0000,3
2025-11-21,20251121140500000,sz.002842,10.8000,10.8100,10.7800,10.7800,193000,2083760.0000,3
2025-11-21,20251121141000000,sz.002842,10.7800,10.8000,10.7500,10.7600,197500,2128304.0000,3
2025-11-21,20251121141500000,sz.002842,10.7500,10.7600,10.7200,10.7600,169700,1823040.0000,3
2025-11-21,20251121142000000,sz.002842,10.7600,10.7900,10.7600,10.7800,144200,1553632.0000,3
2025-11-21,20251121142500000,sz.002842,10.7800,10.8000,10.7700,10.8000,84200,908336.0000,3
2025-11-21,20251121143000000,sz.002842,10.7900,10.7900,10.7400,10.7700,219500,2362096.0000,3
2025-11-21,20251121143500000,sz.002842,10.7600,10.7900,10.7300,10.7700,207700,2235248.0000,3
2025-11-21,20251121144000000,sz.002842,10.7700,10.7900,10.7400,10.7500,163800,1762560.0000,3
2025-11-21,20251121144500000,sz.002842,10.7500,10.7800,10.7400,10.7400,361100,3882496.0000,3
2025-11-21,20251121145000000,sz.002842,10.7500,10.7700,10.7400,10.7600,418700,4502880.0000,3
2025-11-21,20251121145500000,sz.002842,10.7600,10.7800,10.7500,10.7500,771500,8307184.0000,3
2025-11-21,20251121150000000,sz.002842,10.7500,10.7600,10.6900,10.6900,468400,5024832.0000,3
2025-11-24,20251124093500000,sz.002842,10.8000,10.8300,10.6900,10.8100,939400,10112526.0000,3
2025-11-24,20251124094000000,sz.002842,10.8100,10.8700,10.7500,10.7600,686800,7427734.0000,3
2025-11-24,20251124094500000,sz.002842,10.7600,10.9000,10.7600,10.8600,674900,7311310.0000,3
2025-11-24,20251124095000000,sz.002842,10.8500,10.9200,10.8500,10.8800,538700,5865822.0000,3
2025-11-24,20251124095500000,sz.002842,10.8700,10.8700,10.8100,10.8200,195300,2116316.0000,3
2025-11-24,20251124100000000,sz.002842,10.8300,10.8400,10.8000,10.8300,123300,1333492.0000,3
2025-11-24,20251124100500000,sz.002842,10.8300,10.8400,10.7400,10.7400,296900,3204504.0000,3
2025-11-24,20251124101000000,sz.002842,10.7400,10.7400,10.6900,10.7000,411400,4407356.0000,3
2025-11-24,20251124101500000,sz.002842,10.7100,10.7500,10.7000,10.7500,309500,3319468.0000,3
2025-11-24,20251124102000000,sz.002842,10.7400,10.7700,10.7100,10.7200,275800,2961932.0000,3
2025-11-24,20251124102500000,sz.002842,10.7200,10.7600,10.7200,10.7300,286100,3070756.0000,3
2025-11-24,20251124103000000,sz.002842,10.7300,10.7500,10.7100,10.7300,196600,2109056.0000,3
2025-11-24,20251124103500000,sz.002842,10.7400,10.7600,10.7200,10.7600,121200,1300896.0000,3
2025-11-24,20251124104000000,sz.002842,10.7600,10.7800,10.7500,10.7700,123400,1328064.0000,3
2025-11-24,20251124104500000,sz.002842,10.7700,10.8800,10.7700,10.8100,385400,4178272.0000,3
2025-11-24,20251124105000000,sz.002842,10.8100,10.8300,10.8000,10.8000,135300,1462440.0000,3
2025-11-24,20251124105500000,sz.002842,10.8000,10.8100,10.7800,10.7900,76200,822528.0000,3
2025-11-24,20251124110000000,sz.002842,10.7900,10.7900,10.7200,10.7300,93700,1007528.0000,3
2025-11-24,20251124110500000,sz.002842,10.7300,10.7400,10.7000,10.7200,194500,2084136.0000,3
2025-11-24,20251124111000000,sz.002842,10.7200,10.7400,10.7100,10.7400,113100,1212824.0000,3
2025-11-24,20251124111500000,sz.002842,10.7400,10.7500,10.7200,10.7400,114500,1229256.0000,3
2025-11-24,20251124112000000,sz.002842,10.7400,10.7500,10.7100,10.7100,89800,963584.0000,3
2025-11-24,20251124112500000,sz.002842,10.7200,10.7300,10.7100,10.7200,88100,944368.0000,3
2025-11-24,20251124113000000,sz.002842,10.7200,10.7200,10.7000,10.7100,117600,1259288.0000,3
2025-11-24,20251124130500000,sz.002842,10.7100,10.7100,10.6800,10.7000,243700,2605784.0000,3
2025-11-24,20251124131000000,sz.002842,10.7000,10.7400,10.6900,10.7300,109500,1172896.0000,3
2025-11-24,20251124131500000,sz.002842,10.7300,10.7700,10.7300,10.7700,58200,625784.0000,3
2025-11-24,20251124132000000,sz.002842,10.7700,10.8200,10.7700,10.8100,85400,921824.0000,3
2025-11-24,20251124132500000,sz.002842,10.8100,10.8600,10.8000,10.8600,150100,1625056.0000,3
2025-11-24,20251124133000000,sz.002842,10.8600,10.9100,10.8300,10.9000,264200,2872512.0000,3
2025-11-24,20251124133500000,sz.002842,10.9000,10.9100,10.8700,10.9100,221800,2417104.0000,3
2025-11-24,20251124134000000,sz.002842,10.9000,10.9400,10.8900,10.9000,277900,3033264.0000,3
2025-11-24,20251124134500000,sz.002842,10.9000,10.9100,10.8900,10.9100,186200,2029712.0000,3
2025-11-24,20251124135000000,sz.002842,10.9100,10.9400,10.9000,10.9400,148800,1625024.0000,3
2025-11-24,20251124135500000,sz.002842,10.9300,10.9600,10.9300,10.9400,227300,2488768.0000,3
2025-11-24,20251124140000000,sz.002842,10.9400,10.9600,10.9200,10.9200,88100,963816.0000,3
2025-11-24,20251124140500000,sz.002842,10.9300,10.9700,10.9200,10.9500,191800,2098920.0000,3
2025-11-24,20251124141000000,sz.002842,10.9500,10.9700,10.9400,10.9500,195000,2136640.0000,3
2025-11-24,20251124141500000,sz.002842,10.9500,10.9700,10.9300,10.9300,98500,1078112.0000,3
2025-11-24,20251124142000000,sz.002842,10.9200,10.9300,10.9100,10.9200,174700,1907448.0000,3
2025-11-24,20251124142500000,sz.002842,10.9300,10.9400,10.9200,10.9300,134200,1467000.0000,3
2025-11-24,20251124143000000,sz.002842,10.9300,10.9500,10.9300,10.9500,114600,1253488.0000,3
2025-11-24,20251124143500000,sz.002842,10.9500,10.9500,10.9300,10.9300,141900,1552032.0000,3
2025-11-24,20251124144000000,sz.002842,10.9300,10.9600,10.9200,10.9500,239800,2624440.0000,3
2025-11-24,20251124144500000,sz.002842,10.9500,10.9600,10.9300,10.9300,225700,2469224.0000,3
2025-11-24,20251124145000000,sz.002842,10.9300,10.9400,10.9100,10.9100,219700,2400720.0000,3
2025-11-24,20251124145500000,sz.002842,10.9200,10.9200,10.8900,10.9100,268300,2927232.0000,3
2025-11-24,20251124150000000,sz.002842,10.9100,10.9300,10.9100,10.9300,114100,1246472.0000,3
2025-11-25,20251125093500000,sz.002842,11.0000,11.0400,10.9500,10.9600,660700,7268803.0000,3
2025-11-25,20251125094000000,sz.002842,10.9600,11.0200,10.9600,11.0000,328300,3608846.0000,3
2025-11-25,20251125094500000,sz.002842,11.0200,11.0300,10.9800,11.0300,350000,3852272.0000,3
2025-11-25,20251125095000000,sz.002842,11.0500,11.0500,10.9800,11.0000,298200,3284077.0000,3
2025-11-25,20251125095500000,sz.002842,11.0000,11.0300,10.9800,11.0200,91300,1005570.0000,3
2025-11-25,20251125100000000,sz.002842,11.0200,11.0400,11.0000,11.0200,211000,2325736.0000,3
2025-11-25,20251125100500000,sz.002842,11.0300,11.0700,11.0100,11.0700,245200,2705372.0000,3
2025-11-25,20251125101000000,sz.002842,11.0600,11.0600,11.0400,11.0600,120300,1329740.0000,3
2025-11-25,20251125101500000,sz.002842,11.0500,11.1100,11.0500,11.1000,271000,3002022.0000,3
2025-11-25,20251125102000000,sz.002842,11.0900,11.1100,11.0700,11.0900,123000,1363916.0000,3
2025-11-25,20251125102500000,sz.002842,11.0800,11.1000,11.0800,11.0900,77200,856084.0000,3
2025-11-25,20251125103000000,sz.002842,11.0800,11.1300,11.0800,11.1100,150200,1667522.0000,3
2025-11-25,20251125103500000,sz.002842,11.1100,11.1500,11.1100,11.1500,165700,1844648.0000,3
2025-11-25,20251125104000000,sz.002842,11.1400,11.1500,11.1200,11.1400,192000,2137048.0000,3
2025-11-25,20251125104500000,sz.002842,11.1400,11.1500,11.1200,11.1400,131600,1465236.0000,3
2025-11-25,20251125105000000,sz.002842,11.1400,11.1600,11.1300,11.1400,139000,1549544.0000,3
2025-11-25,20251125105500000,sz.002842,11.1300,11.1400,11.1000,11.1200,118500,1317396.0000,3
2025-11-25,20251125110000000,sz.002842,11.1000,11.1300,11.0800,11.0800,187700,2084180.0000,3
2025-11-25,20251125110500000,sz.002842,11.0800,11.1000,11.0600,11.0800,192400,2130676.0000,3
2025-11-25,20251125111000000,sz.002842,11.0800,11.1000,11.0700,11.0900,143300,1587784.0000,3
2025-11-25,20251125111500000,sz.002842,11.0900,11.1300,11.0800,11.1200,120600,1339616.0000,3
2025-11-25,20251125112000000,sz.002842,11.1200,11.1600,11.1200,11.1500,145900,1625120.0000,3
2025-11-25,20251125112500000,sz.002842,11.1500,11.1800,11.1400,11.1500,148600,1658072.0000,3
2025-11-25,20251125113000000,sz.002842,11.1500,11.1700,11.1400,11.1500,102000,1138008.0000,3
2025-11-25,20251125130500000,sz.002842,11.1100,11.1300,11.0800,11.0800,229200,2544936.0000,3
2025-11-25,20251125131000000,sz.002842,11.0600,11.1000,11.0600,11.0700,134500,1490564.0000,3
2025-11-25,20251125131500000,sz.002842,11.0600,11.0900,11.0100,11.0100,315400,3484128.0000,3
2025-11-25,20251125132000000,sz.002842,11.0100,11.0300,11.0000,11.0300,147600,1626380.0000,3
2025-11-25,20251125132500000,sz.002842,11.0100,11.0300,11.0100,11.0100,87100,959868.0000,3
2025-11-25,20251125133000000,sz.002842,11.0100,11.0100,10.9500,10.9500,246800,2710084.0000,3
2025-11-25,20251125133500000,sz.002842,10.9400,10.9900,10.9300,10.9800,145600,1595108.0000,3
2025-11-25,20251125134000000,sz.002842,10.9800,10.9900,10.9700,10.9700,70900,778308.0000,3
2025-11-25,20251125134500000,sz.002842,10.9700,11.0100,10.9700,10.9900,200600,2204120.0000,3
2025-11-25,20251125135000000,sz.002842,10.9900,11.0000,10.9800,11.0000,85100,935400.0000,3
2025-11-25,20251125135500000,sz.002842,11.0000,11.0100,10.9800,11.0000,101100,1111592.0000,3
2025-11-25,20251125140000000,sz.002842,10.9900,11.0100,10.9900,11.0000,65500,720544.0000,3
2025-11-25,20251125140500000,sz.002842,11.0100,11.0200,10.9900,11.0000,83200,915704.0000,3
2025-11-25,20251125141000000,sz.002842,11.0000,11.0000,10.9900,10.9900,79600,875136.0000,3
2025-11-25,20251125141500000,sz.002842,11.0000,11.0200,10.9900,11.0000,91200,1003528.0000,3
2025-11-25,20251125142000000,sz.002842,10.9900,10.9900,10.9600,10.9600,103100,1131512.0000,3
2025-11-25,20251125142500000,sz.002842,10.9600,10.9600,10.9400,10.9500,156300,1711680.0000,3
2025-11-25,20251125143000000,sz.002842,10.9600,10.9800,10.9400,10.9800,91700,1004552.0000,3
2025-11-25,20251125143500000,sz.002842,10.9800,10.9900,10.9500,10.9600,158300,1736544.0000,3
2025-11-25,20251125144000000,sz.002842,10.9600,10.9900,10.9600,10.9700,109200,1198368.0000,3
2025-11-25,20251125144500000,sz.002842,10.9700,10.9900,10.9700,10.9800,139400,1530616.0000,3
2025-11-25,20251125145000000,sz.002842,10.9800,10.9900,10.9600,10.9700,304800,3343632.0000,3
2025-11-25,20251125145500000,sz.002842,10.9600,10.9700,10.9600,10.9700,257900,2827304.0000,3
2025-11-25,20251125150000000,sz.002842,10.9600,10.9800,10.9600,10.9700,198000,2171632.0000,3
2025-11-26,20251126093500000,sz.002842,11.0000,11.1100,11.0000,11.0800,802800,8882497.0000,3
2025-11-26,20251126094000000,sz.002842,11.0900,11.2300,11.0600,11.1900,779700,8700147.0000,3
2025-11-26,20251126094500000,sz.002842,11.1900,11.2100,11.1100,11.1100,314500,3515076.0000,3
2025-11-26,20251126095000000,sz.002842,11.1100,11.1100,11.0400,11.0700,407200,4508804.0000,3
2025-11-26,20251126095500000,sz.002842,11.0800,11.1400,11.0600,11.1400,211400,2345556.0000,3
2025-11-26,20251126100000000,sz.002842,11.1200,11.2100,11.1200,11.1700,595300,6654600.0000,3
2025-11-26,20251126100500000,sz.002842,11.1700,11.1700,11.1200,11.1200,216000,2408284.0000,3
2025-11-26,20251126101000000,sz.002842,11.1200,11.1300,11.0800,11.1200,230500,2559536.0000,3
2025-11-26,20251126101500000,sz.002842,11.1300,11.1500,11.1100,11.1200,225900,2514084.0000,3
2025-11-26,20251126102000000,sz.002842,11.1200,11.1300,11.0900,11.0900,77600,862800.0000,3
2025-11-26,20251126102500000,sz.002842,11.0900,11.0900,11.0500,11.0500,241600,2670108.0000,3
2025-11-26,20251126103000000,sz.002842,11.0400,11.0600,11.0400,11.0500,154700,1708252.0000,3
2025-11-26,20251126103500000,sz.002842,11.0400,11.0800,11.0400,11.0700,128100,1416248.0000,3
2025-11-26,20251126104000000,sz.002842,11.0700,11.1100,11.0600,11.0700,123300,1366360.0000,3
2025-11-26,20251126104500000,sz.002842,11.0700,11.0800,11.0300,11.0300,119600,1321288.0000,3
2025-11-26,20251126105000000,sz.002842,11.0300,11.0300,11.0100,11.0300,105300,1160584.0000,3
2025-11-26,20251126105500000,sz.002842,11.0300,11.1300,11.0300,11.1200,308100,3416368.0000,3
2025-11-26,20251126110000000,sz.002842,11.1200,11.1600,11.1000,11.1100,445200,4951644.0000,3
2025-11-26,20251126110500000,sz.002842,11.1200,11.2800,11.1000,11.2500,914000,10250412.0000,3
2025-11-26,20251126111000000,sz.002842,11.2600,11.2600,11.1900,11.2200,238400,2675544.0000,3
2025-11-26,20251126111500000,sz.002842,11.2200,11.3100,11.2000,11.2400,419500,4723344.0000,3
2025-11-26,20251126112000000,sz.002842,11.2400,11.3000,11.2200,11.2900,345200,3890872.0000,3
2025-11-26,20251126112500000,sz.002842,11.2900,11.3000,11.2500,11.2600,290200,3275208.0000,3
2025-11-26,20251126113000000,sz.002842,11.2600,11.2800,11.2400,11.2600,71500,804928.0000,3
2025-11-26,20251126130500000,sz.002842,11.2500,11.2600,11.2100,11.2500,163200,1833504.0000,3
2025-11-26,20251126131000000,sz.002842,11.2500,11.2600,11.1900,11.2000,149900,1681208.0000,3
2025-11-26,20251126131500000,sz.002842,11.2100,11.2200,11.1700,11.1700,130800,1464496.0000,3
2025-11-26,20251126132000000,sz.002842,11.1600,11.2000,11.1600,11.1900,152600,1706712.0000,3
2025-11-26,20251126132500000,sz.002842,11.2000,11.2100,11.1800,11.1900,71400,799472.0000,3
2025-11-26,20251126133000000,sz.002842,11.1900,11.2000,11.1700,11.1800,149000,1666312.0000,3
2025-11-26,20251126133500000,sz.002842,11.1800,11.1800,11.1600,11.1700,130100,1453104.0000,3
2025-11-26,20251126134000000,sz.002842,11.1700,11.1800,11.1500,11.1700,135300,1510040.0000,3
2025-11-26,20251126134500000,sz.002842,11.1600,11.1800,11.1200,11.1300,130400,1453552.0000,3
2025-11-26,20251126135000000,sz.002842,11.1300,11.1400,11.1000,11.1100,136100,1512704.0000,3
2025-11-26,20251126135500000,sz.002842,11.1200,11.1300,11.0900,11.0900,156100,1733888.0000,3
2025-11-26,20251126140000000,sz.002842,11.0900,11.0900,11.0700,11.0800,157600,1745632.0000,3
2025-11-26,20251126140500000,sz.002842,11.0800,11.0800,11.0600,11.0600,122400,1354936.0000,3
2025-11-26,20251126141000000,sz.002842,11.0600,11.1000,11.0500,11.0800,245900,2720816.0000,3
2025-11-26,20251126141500000,sz.002842,11.0800,11.0900,11.0600,11.0700,79400,879464.0000,3
2025-11-26,20251126142000000,sz.002842,11.0800,11.0800,11.0500,11.0600,151800,1679360.0000,3
2025-11-26,20251126142500000,sz.002842,11.0600,11.0600,11.0500,11.0600,112400,1242216.0000,3
2025-11-26,20251126143000000,sz.002842,11.0600,11.0600,11.0300,11.0300,219900,2428688.0000,3
2025-11-26,20251126143500000,sz.002842,11.0400,11.0600,11.0300,11.0300,180800,1996536.0000,3
2025-11-26,20251126144000000,sz.002842,11.0300,11.0400,11.0100,11.0200,232700,2564840.0000,3
2025-11-26,20251126144500000,sz.002842,11.0100,11.0200,11.0000,11.0000,236000,2598536.0000,3
2025-11-26,20251126145000000,sz.002842,11.0100,11.0200,11.0000,11.0000,179500,1975520.0000,3
2025-11-26,20251126145500000,sz.002842,11.0100,11.0400,11.0000,11.0400,228700,2520000.0000,3
2025-11-26,20251126150000000,sz.002842,11.0300,11.0500,11.0300,11.0400,201000,2218792.0000,3
2025-11-27,20251127093500000,sz.002842,11.1000,11.1500,11.0400,11.0600,655900,7270877.0000,3
2025-11-27,20251127094000000,sz.002842,11.0500,11.0600,11.0000,11.0200,408700,4504174.0000,3
2025-11-27,20251127094500000,sz.002842,11.0200,11.0900,11.0000,11.0300,284000,3139823.0000,3
2025-11-27,20251127095000000,sz.002842,11.0400,11.0900,11.0300,11.0900,321200,3551814.0000,3
2025-11-27,20251127095500000,sz.002842,11.1000,11.1100,11.0700,11.1000,263500,2923578.0000,3
2025-11-27,20251127100000000,sz.002842,11.1000,11.1100,11.0800,11.1000,152900,1696844.0000,3
2025-11-27,20251127100500000,sz.002842,11.1000,11.1500,11.1000,11.1500,304200,3385002.0000,3
2025-11-27,20251127101000000,sz.002842,11.1400,11.1500,11.1200,11.1400,336500,3747440.0000,3
2025-11-27,20251127101500000,sz.002842,11.1400,11.1500,11.0800,11.0900,383000,4259380.0000,3
2025-11-27,20251127102000000,sz.002842,11.0800,11.1000,11.0700,11.0900,168500,1868276.0000,3
2025-11-27,20251127102500000,sz.002842,11.1000,11.1200,11.0700,11.0800,330900,3669720.0000,3
2025-11-27,20251127103000000,sz.002842,11.0900,11.1000,11.0400,11.0500,207300,2294456.0000,3
2025-11-27,20251127103500000,sz.002842,11.0500,11.1000,11.0500,11.0600,193500,2141968.0000,3
2025-11-27,20251127104000000,sz.002842,11.0500,11.0800,11.0500,11.0700,72600,803252.0000,3
2025-11-27,20251127104500000,sz.002842,11.0700,11.0800,11.0100,11.0300,215300,2377548.0000,3
2025-11-27,20251127105000000,sz.002842,11.0300,11.0400,11.0100,11.0200,166700,1837264.0000,3
2025-11-27,20251127105500000,sz.002842,11.0100,11.0200,10.9900,11.0100,324600,3572840.0000,3
2025-11-27,20251127110000000,sz.002842,11.0100,11.0200,11.0000,11.0000,168900,1857788.0000,3
2025-11-27,20251127110500000,sz.002842,11.0100,11.0200,10.9700,10.9900,202300,2222136.0000,3
2025-11-27,20251127111000000,sz.002842,10.9900,10.9900,10.9500,10.9700,155600,1706628.0000,3
2025-11-27,20251127111500000,sz.002842,10.9700,10.9700,10.9300,10.9300,206400,2258888.0000,3
2025-11-27,20251127112000000,sz.002842,10.9300,10.9800,10.9300,10.9800,115200,1261936.0000,3
2025-11-27,20251127112500000,sz.002842,10.9800,10.9800,10.9500,10.9600,145200,1592672.0000,3
2025-11-27,20251127113000000,sz.002842,10.9600,10.9600,10.9200,10.9300,125300,1370872.0000,3
2025-11-27,20251127130500000,sz.002842,10.9200,10.9400,10.9000,10.9100,210500,2297368.0000,3
2025-11-27,20251127131000000,sz.002842,10.9200,10.9300,10.9100,10.9200,122600,1338088.0000,3
2025-11-27,20251127131500000,sz.002842,10.9200,10.9300,10.9100,10.9300,142100,1551400.0000,3
2025-11-27,20251127132000000,sz.002842,10.9200,10.9600,10.9000,10.9200,185700,2028400.0000,3
2025-11-27,20251127132500000,sz.002842,10.9200,10.9300,10.8900,10.9100,151900,1656896.0000,3
2025-11-27,20251127133000000,sz.002842,10.9000,10.9300,10.9000,10.9100,136100,1486816.0000,3
2025-11-27,20251127133500000,sz.002842,10.9100,10.9400,10.9100,10.9400,136600,1492776.0000,3
2025-11-27,20251127134000000,sz.002842,10.9300,10.9300,10.9100,10.9100,135300,1477448.0000,3
2025-11-27,20251127134500000,sz.002842,10.9100,10.9200,10.8900,10.9000,198400,2163744.0000,3
2025-11-27,20251127135000000,sz.002842,10.9100,10.9200,10.9000,10.9100,57100,622896.0000,3
2025-11-27,20251127135500000,sz.002842,10.9000,10.9000,10.8900,10.9000,136700,1489608.0000,3
2025-11-27,20251127140000000,sz.002842,10.9000,10.9100,10.8900,10.9000,96700,1054112.0000,3
2025-11-27,20251127140500000,sz.002842,10.9000,10.9100,10.8700,10.8800,213800,2327368.0000,3
2025-11-27,20251127141000000,sz.002842,10.8700,10.8800,10.8600,10.8600,112900,1226904.0000,3
2025-11-27,20251127141500000,sz.002842,10.8600,10.9000,10.8600,10.8800,183300,1992968.0000,3
2025-11-27,20251127142000000,sz.002842,10.8900,10.9000,10.8700,10.8900,81100,882672.0000,3
2025-11-27,20251127142500000,sz.002842,10.8900,10.9100,10.8800,10.9000,99900,1088864.0000,3
2025-11-27,20251127143000000,sz.002842,10.8900,10.9000,10.8800,10.8900,75300,819696.0000,3
2025-11-27,20251127143500000,sz.002842,10.9000,10.9000,10.8600,10.8700,141300,1536896.0000,3
2025-11-27,20251127144000000,sz.002842,10.8700,10.8900,10.8700,10.8800,110900,1206056.0000,3
2025-11-27,20251127144500000,sz.002842,10.8800,10.9200,10.8800,10.9000,236100,2573200.0000,3
2025-11-27,20251127145000000,sz.002842,10.9000,10.9100,10.8900,10.8900,174200,1898464.0000,3
2025-11-27,20251127145500000,sz.002842,10.8900,10.9000,10.8700,10.8800,286000,3113632.0000,3
2025-11-27,20251127150000000,sz.002842,10.8800,10.8900,10.8700,10.8800,101800,1107648.0000,3
2025-11-28,20251128093500000,sz.002842,10.8500,10.9400,10.8400,10.9100,983500,10712277.0000,3
2025-11-28,20251128094000000,sz.002842,10.9100,10.9300,10.8400,10.8400,333300,3627976.0000,3
2025-11-28,20251128094500000,sz.002842,10.8400,10.8600,10.8100,10.8100,327300,3547731.0000,3
2025-11-28,20251128095000000,sz.002842,10.8100,10.8400,10.7900,10.8300,447100,4832012.0000,3
2025-11-28,20251128095500000,sz.002842,10.8400,10.8600,10.8200,10.8500,323100,3502648.0000,3
2025-11-28,20251128100000000,sz.002842,10.8600,10.8700,10.8400,10.8500,135100,1465308.0000,3
2025-11-28,20251128100500000,sz.002842,10.8500,11.0300,10.8500,11.0200,607800,6647932.0000,3
2025-11-28,20251128101000000,sz.002842,11.0200,11.0200,10.9800,11.0100,536600,5902884.0000,3
2025-11-28,20251128101500000,sz.002842,11.0100,11.0900,11.0000,11.0900,545300,6031004.0000,3
2025-11-28,20251128102000000,sz.002842,11.0900,11.1100,11.0500,11.0500,344200,3816168.0000,3
2025-11-28,20251128102500000,sz.002842,11.0400,11.0600,11.0400,11.0400,161700,1786292.0000,3
2025-11-28,20251128103000000,sz.002842,11.0400,11.0500,11.0300,11.0300,94300,1041404.0000,3
2025-11-28,20251128103500000,sz.002842,11.0300,11.0700,11.0200,11.0200,175200,1934840.0000,3
2025-11-28,20251128104000000,sz.002842,11.0100,11.0700,11.0100,11.0600,176500,1949064.0000,3
2025-11-28,20251128104500000,sz.002842,11.0700,11.0800,11.0500,11.0700,216600,2395684.0000,3
2025-11-28,20251128105000000,sz.002842,11.0700,11.1200,11.0600,11.1200,494600,5485744.0000,3
2025-11-28,20251128105500000,sz.002842,11.1200,11.1500,11.1200,11.1200,219200,2439960.0000,3
2025-11-28,20251128110000000,sz.002842,11.1100,11.1200,11.1000,11.1100,86300,958856.0000,3
2025-11-28,20251128110500000,sz.002842,11.1000,11.1300,11.0900,11.1200,172300,1915704.0000,3
2025-11-28,20251128111000000,sz.002842,11.1100,11.1200,11.1000,11.1000,75300,836896.0000,3
2025-11-28,20251128111500000,sz.002842,11.1000,11.1200,11.0900,11.1000,139800,1552360.0000,3
2025-11-28,20251128112000000,sz.002842,11.1000,11.1900,11.1000,11.1300,797800,8892104.0000,3
2025-11-28,20251128112500000,sz.002842,11.1400,11.1700,11.1400,11.1500,187100,2087464.0000,3
2025-11-28,20251128113000000,sz.002842,11.1600,11.2000,11.1300,11.1700,508000,5676296.0000,3
2025-11-28,20251128130500000,sz.002842,11.1900,11.2400,11.1800,11.2200,595200,6675968.0000,3
2025-11-28,20251128131000000,sz.002842,11.2200,11.2900,11.2100,11.2500,410100,4616272.0000,3
2025-11-28,20251128131500000,sz.002842,11.2500,11.2800,11.2500,11.2700,266200,2998768.0000,3
2025-11-28,20251128132000000,sz.002842,11.2600,11.2600,11.2200,11.2200,279800,3143416.0000,3
2025-11-28,20251128132500000,sz.002842,11.2200,11.2300,11.1700,11.1800,258500,2893688.0000,3
2025-11-28,20251128133000000,sz.002842,11.1900,11.2200,11.1600,11.1900,134900,1508616.0000,3
2025-11-28,20251128133500000,sz.002842,11.1900,11.2000,11.1900,11.1900,111500,1247960.0000,3
2025-11-28,20251128134000000,sz.002842,11.1900,11.2000,11.1800,11.1900,99300,1111472.0000,3
2025-11-28,20251128134500000,sz.002842,11.1900,11.2200,11.1900,11.2000,179500,2011712.0000,3
2025-11-28,20251128135000000,sz.002842,11.2000,11.2100,11.1900,11.2100,134200,1502944.0000,3
2025-11-28,20251128135500000,sz.002842,11.2000,11.2200,11.2000,11.2200,84300,944920.0000,3
2025-11-28,20251128140000000,sz.002842,11.2200,11.2200,11.2000,11.2000,73400,822664.0000,3
2025-11-28,20251128140500000,sz.002842,11.2100,11.2200,11.1900,11.1900,157900,1768376.0000,3
2025-11-28,20251128141000000,sz.002842,11.1900,11.2000,11.1600,11.1700,91200,1019864.0000,3
2025-11-28,20251128141500000,sz.002842,11.1600,11.1900,11.1600,11.1900,101600,1135480.0000,3
2025-11-28,20251128142000000,sz.002842,11.2000,11.2100,11.1800,11.2000,101500,1136584.0000,3
2025-11-28,20251128142500000,sz.002842,11.2100,11.2400,11.2000,11.2300,194000,2177024.0000,3
2025-11-28,20251128143000000,sz.002842,11.2400,11.2500,11.2300,11.2400,86200,968672.0000,3
2025-11-28,20251128143500000,sz.002842,11.2400,11.2500,11.2200,11.2300,244700,2749696.0000,3
2025-11-28,20251128144000000,sz.002842,11.2300,11.2400,11.2200,11.2300,117100,1315200.0000,3
2025-11-28,20251128144500000,sz.002842,11.2300,11.2400,11.2200,11.2300,229500,2577552.0000,3
2025-11-28,20251128145000000,sz.002842,11.2200,11.2500,11.2200,11.2400,372300,4184096.0000,3
2025-11-28,20251128145500000,sz.002842,11.2500,11.2500,11.2300,11.2400,372100,4183248.0000,3
2025-11-28,20251128150000000,sz.002842,11.2400,11.2700,11.2400,11.2600,356500,4013200.0000,3
2025-12-01,20251201093500000,sz.002842,11.3800,11.4500,11.3300,11.3800,1299200,14801492.0000,3
2025-12-01,20251201094000000,sz.002842,11.3700,11.3900,11.3000,11.3700,636800,7223380.0000,3
2025-12-01,20251201094500000,sz.002842,11.3700,11.3900,11.3400,11.3700,494300,5617154.0000,3
2025-12-01,20251201095000000,sz.002842,11.3700,11.4100,11.3700,11.4100,372600,4244982.0000,3
2025-12-01,20251201095500000,sz.002842,11.4100,11.4300,11.3900,11.4000,325200,3711128.0000,3
2025-12-01,20251201100000000,sz.002842,11.4000,11.4000,11.3600,11.3900,459300,5223832.0000,3
2025-12-01,20251201100500000,sz.002842,11.3900,11.4000,11.3600,11.3900,255500,2908216.0000,3
2025-12-01,20251201101000000,sz.002842,11.3800,11.3800,11.3400,11.3500,291300,3310284.0000,3
2025-12-01,20251201101500000,sz.002842,11.3500,11.3500,11.2800,11.2800,418900,4743400.0000,3
2025-12-01,20251201102000000,sz.002842,11.2800,11.3000,11.2500,11.2600,317400,3579108.0000,3
2025-12-01,20251201102500000,sz.002842,11.2600,11.2800,11.2200,11.2200,317400,3569020.0000,3
2025-12-01,20251201103000000,sz.002842,11.2200,11.2300,11.2000,11.2100,322300,3613184.0000,3
2025-12-01,20251201103500000,sz.002842,11.2200,11.2500,11.2100,11.2500,190500,2140028.0000,3
2025-12-01,20251201104000000,sz.002842,11.2600,11.2600,11.1900,11.2300,227500,2552376.0000,3
2025-12-01,20251201104500000,sz.002842,11.2200,11.2300,11.1900,11.1900,192100,2152912.0000,3
2025-12-01,20251201105000000,sz.002842,11.1900,11.2100,11.1700,11.2000,226300,2532336.0000,3
2025-12-01,20251201105500000,sz.002842,11.2100,11.2100,11.1900,11.2100,100500,1125616.0000,3
2025-12-01,20251201110000000,sz.002842,11.2100,11.2300,11.2000,11.2300,101900,1142800.0000,3
2025-12-01,20251201110500000,sz.002842,11.2300,11.2500,11.2200,11.2400,76900,864392.0000,3
2025-12-01,20251201111000000,sz.002842,11.2400,11.3100,11.2200,11.2600,322000,3627592.0000,3
2025-12-01,20251201111500000,sz.002842,11.2500,11.2800,11.2500,11.2500,45500,512504.0000,3
2025-12-01,20251201112000000,sz.002842,11.2500,11.3000,11.2400,11.2900,98100,1104216.0000,3
2025-12-01,20251201112500000,sz.002842,11.3000,11.3000,11.2700,11.2800,89200,1006384.0000,3
2025-12-01,20251201113000000,sz.002842,11.2600,11.2800,11.2300,11.2500,137300,1545600.0000,3
2025-12-01,20251201130500000,sz.002842,11.2500,11.2500,11.2000,11.2100,287100,3220744.0000,3
2025-12-01,20251201131000000,sz.002842,11.2000,11.2100,11.1900,11.2000,66400,743712.0000,3
2025-12-01,20251201131500000,sz.002842,11.2000,11.2200,11.1900,11.1900,121400,1360176.0000,3
2025-12-01,20251201132000000,sz.002842,11.1900,11.2000,11.1700,11.1900,293500,3281192.0000,3
2025-12-01,20251201132500000,sz.002842,11.1800,11.1900,11.1700,11.1800,110500,1235088.0000,3
2025-12-01,20251201133000000,sz.002842,11.1700,11.1800,11.1400,11.1500,242500,2705192.0000,3
2025-12-01,20251201133500000,sz.002842,11.1400,11.1700,11.1200,11.1600,214500,2390520.0000,3
2025-12-01,20251201134000000,sz.002842,11.1600,11.2000,11.1500,11.1700,153500,1715104.0000,3
2025-12-01,20251201134500000,sz.002842,11.1700,11.1900,11.1500,11.1800,104300,1164816.0000,3
2025-12-01,20251201135000000,sz.002842,11.1800,11.2100,11.1600,11.2000,128100,1433064.0000,3
2025-12-01,20251201135500000,sz.002842,11.2000,11.2300,11.1900,11.2100,124000,1389672.0000,3
2025-12-01,20251201140000000,sz.002842,11.2200,11.2200,11.1900,11.2100,132700,1486248.0000,3
2025-12-01,20251201140500000,sz.002842,11.2100,11.2300,11.1900,11.2100,186900,2095816.0000,3
2025-12-01,20251201141000000,sz.002842,11.2000,11.2300,11.1700,11.1800,244000,2734576.0000,3
2025-12-01,20251201141500000,sz.002842,11.1800,11.2200,11.1800,11.2100,131100,1468152.0000,3
2025-12-01,20251201142000000,sz.002842,11.2000,11.2100,11.1700,11.1800,163600,1830808.0000,3
2025-12-01,20251201142500000,sz.002842,11.1700,11.1900,11.1700,11.1900,87900,982264.0000,3
2025-12-01,20251201143000000,sz.002842,11.1800,11.1900,11.1700,11.1900,81500,911120.0000,3
2025-12-01,20251201143500000,sz.002842,11.1900,11.2100,11.1800,11.2000,162900,1823800.0000,3
2025-12-01,20251201144000000,sz.002842,11.2000,11.2100,11.1900,11.2000,83900,939536.0000,3
2025-12-01,20251201144500000,sz.002842,11.2000,11.2200,11.1800,11.2100,156800,1756376.0000,3
2025-12-01,20251201145000000,sz.002842,11.2100,11.2300,11.2100,11.2200,324400,3638104.0000,3
2025-12-01,20251201145500000,sz.002842,11.2200,11.2300,11.1800,11.2000,546400,6122536.0000,3
2025-12-01,20251201150000000,sz.002842,11.2000,11.2100,11.2000,11.2100,247000,2768152.0000,3
2025-12-02,20251202093500000,sz.002842,11.2300,11.2600,11.1400,11.2100,1065100,11922335.0000,3
2025-12-02,20251202094000000,sz.002842,11.2100,11.3300,11.2000,11.2300,750000,8448337.0000,3
2025-12-02,20251202094500000,sz.002842,11.2400,11.3000,11.2200,11.2900,435600,4899242.0000,3
2025-12-02,20251202095000000,sz.002842,11.2800,11.3100,11.2600,11.3000,423100,4774546.0000,3
2025-12-02,20251202095500000,sz.002842,11.3000,11.3800,11.2800,11.3400,788300,8931180.0000,3
2025-12-02,20251202100000000,sz.002842,11.3400,11.3600,11.3100,11.3300,254700,2887184.0000,3
2025-12-02,20251202100500000,sz.002842,11.3200,11.3200,11.2500,11.2800,491500,5548132.0000,3
2025-12-02,20251202101000000,sz.002842,11.2800,11.2900,11.2400,11.2400,200000,2253084.0000,3
2025-12-02,20251202101500000,sz.002842,11.2400,11.2500,11.2200,11.2500,182400,2050248.0000,3
2025-12-02,20251202102000000,sz.002842,11.2500,11.2500,11.2200,11.2500,168400,1892240.0000,3
2025-12-02,20251202102500000,sz.002842,11.2500,11.2800,11.2400,11.2400,162600,1830688.0000,3
2025-12-02,20251202103000000,sz.002842,11.2400,11.2600,11.2100,11.2200,241400,2711480.0000,3
2025-12-02,20251202103500000,sz.002842,11.2200,11.2600,11.2000,11.2500,269400,3023120.0000,3
2025-12-02,20251202104000000,sz.002842,11.2500,11.2600,11.2300,11.2500,110800,1245508.0000,3
2025-12-02,20251202104500000,sz.002842,11.2400,11.3500,11.2400,11.3400,340900,3856440.0000,3
2025-12-02,20251202105000000,sz.002842,11.3400,11.5500,11.3400,11.4600,2480700,28431492.0000,3
2025-12-02,20251202105500000,sz.002842,11.4700,11.4800,11.4200,11.4200,416600,4771800.0000,3
2025-12-02,20251202110000000,sz.002842,11.4300,11.4300,11.4000,11.4000,199300,2274992.0000,3
2025-12-02,20251202110500000,sz.002842,11.4000,11.5600,11.3600,11.4400,1185400,13607104.0000,3
2025-12-02,20251202111000000,sz.002842,11.4500,11.4500,11.4000,11.4100,310700,3546280.0000,3
2025-12-02,20251202111500000,sz.002842,11.4100,11.4100,11.3700,11.3700,145500,1657232.0000,3
2025-12-02,20251202112000000,sz.002842,11.3700,11.4000,11.3700,11.4000,242300,2758200.0000,3
2025-12-02,20251202112500000,sz.002842,11.4000,11.4000,11.3700,11.3800,171700,1955088.0000,3
2025-12-02,20251202113000000,sz.002842,11.3800,11.3800,11.3500,11.3600,111900,1271408.0000,3
2025-12-02,20251202130500000,sz.002842,11.3700,11.3700,11.3400,11.3500,254500,2889400.0000,3
2025-12-02,20251202131000000,sz.002842,11.3400,11.3600,11.3400,11.3500,69300,786440.0000,3
2025-12-02,20251202131500000,sz.002842,11.3500,11.3500,11.3100,11.3200,130900,1483560.0000,3
2025-12-02,20251202132000000,sz.002842,11.3300,11.3500,11.3300,11.3300,102200,1158624.0000,3
2025-12-02,20251202132500000,sz.002842,11.3300,11.3400,11.3000,11.3000,97000,1097832.0000,3
2025-12-02,20251202133000000,sz.002842,11.3000,11.3100,11.2900,11.2900,100300,1133344.0000,3
2025-12-02,20251202133500000,sz.002842,11.2900,11.3100,11.2900,11.3000,95600,1080208.0000,3
2025-12-02,20251202134000000,sz.002842,11.3000,11.3100,11.2900,11.3000,109700,1239456.0000,3
2025-12-02,20251202134500000,sz.002842,11.2900,11.3200,11.2900,11.3200,126300,1427888.0000,3
2025-12-02,20251202135000000,sz.002842,11.3200,11.3500,11.3100,11.3500,104300,1181712.0000,3
2025-12-02,20251202135500000,sz.002842,11.3400,11.3400,11.3200,11.3200,76400,865584.0000,3
2025-12-02,20251202140000000,sz.002842,11.3200,11.3300,11.3100,11.3100,86000,973616.0000,3
2025-12-02,20251202140500000,sz.002842,11.3100,11.3300,11.3100,11.3200,126400,1430432.0000,3
2025-12-02,20251202141000000,sz.002842,11.3200,11.3300,11.3000,11.3200,107800,1219744.0000,3
2025-12-02,20251202141500000,sz.002842,11.3200,11.3300,11.3100,11.3300,56400,638528.0000,3
2025-12-02,20251202142000000,sz.002842,11.3400,11.3600,11.3400,11.3500,207300,2351312.0000,3
2025-12-02,20251202142500000,sz.002842,11.3400,11.3600,11.3300,11.3400,112600,1277248.0000,3
2025-12-02,20251202143000000,sz.002842,11.3300,11.3400,11.3200,11.3300,74700,846592.0000,3
2025-12-02,20251202143500000,sz.002842,11.3300,11.3400,11.3100,11.3100,234000,2650064.0000,3
2025-12-02,20251202144000000,sz.002842,11.3100,11.3200,11.3100,11.3100,207900,2352480.0000,3
2025-12-02,20251202144500000,sz.002842,11.3100,11.3300,11.3100,11.3200,194500,2200832.0000,3
2025-12-02,20251202145000000,sz.002842,11.3200,11.3300,11.3100,11.3200,174500,1975920.0000,3
2025-12-02,20251202145500000,sz.002842,11.3200,11.3300,11.3100,11.3100,195200,2209328.0000,3
2025-12-02,20251202150000000,sz.002842,11.3200,11.3300,11.3100,11.3300,255500,2892832.0000,3
2025-12-03,20251203093500000,sz.002842,11.1600,11.2000,10.9500,11.1600,2566100,28550628.0000,3
2025-12-03,20251203094000000,sz.002842,11.1500,11.1600,11.0300,11.0300,822700,9140800.0000,3
2025-12-03,20251203094500000,sz.002842,11.0300,11.1400,11.0300,11.1300,692900,7664048.0000,3
2025-12-03,20251203095000000,sz.002842,11.1300,11.1300,11.0700,11.1000,390800,4335376.0000,3
2025-12-03,20251203095500000,sz.002842,11.0900,11.2200,11.0900,11.2100,346800,3863664.0000,3
2025-12-03,20251203100000000,sz.002842,11.2100,11.2400,11.1600,11.1900,437600,4901152.0000,3
2025-12-03,20251203100500000,sz.002842,11.1900,11.2200,11.1600,11.1800,296300,3316484.0000,3
2025-12-03,20251203101000000,sz.002842,11.1800,11.2000,11.0900,11.1000,513800,5718264.0000,3
2025-12-03,20251203101500000,sz.002842,11.1000,11.1600,11.1000,11.1600,239300,2659744.0000,3
2025-12-03,20251203102000000,sz.002842,11.1600,11.2000,11.1300,11.1400,226300,2524848.0000,3
2025-12-03,20251203102500000,sz.002842,11.1400,11.1600,11.1200,11.1200,295200,3288752.0000,3
2025-12-03,20251203103000000,sz.002842,11.1300,11.1300,11.1100,11.1100,148500,1651008.0000,3
2025-12-03,20251203103500000,sz.002842,11.1100,11.1300,11.1000,11.1100,263800,2929848.0000,3
2025-12-03,20251203104000000,sz.002842,11.1100,11.1400,11.0900,11.1400,179700,1996528.0000,3
2025-12-03,20251203104500000,sz.002842,11.1400,11.2100,11.1200,11.2100,267500,2985160.0000,3
2025-12-03,20251203105000000,sz.002842,11.2000,11.2100,11.1600,11.2100,248000,2775168.0000,3
2025-12-03,20251203105500000,sz.002842,11.2100,11.2500,11.2000,11.2200,953900,10696992.0000,3
2025-12-03,20251203110000000,sz.002842,11.2200,11.2700,11.2100,11.2300,157700,1773336.0000,3
2025-12-03,20251203110500000,sz.002842,11.2200,11.2600,11.2000,11.2400,270200,3034432.0000,3
2025-12-03,20251203111000000,sz.002842,11.2300,11.2600,11.2100,11.2600,154700,1737384.0000,3
2025-12-03,20251203111500000,sz.002842,11.2600,11.2700,11.2400,11.2400,97400,1096320.0000,3
2025-12-03,20251203112000000,sz.002842,11.2300,11.2300,11.1900,11.2200,109300,1224864.0000,3
2025-12-03,20251203112500000,sz.002842,11.2100,11.2200,11.1900,11.2100,102000,1142832.0000,3
2025-12-03,20251203113000000,sz.002842,11.2100,11.2400,11.2100,11.2200,105200,1180896.0000,3
2025-12-03,20251203130500000,sz.002842,11.2300,11.2400,11.1700,11.2400,211100,2366384.0000,3
2025-12-03,20251203131000000,sz.002842,11.2400,11.3300,11.2400,11.3200,277800,3133104.0000,3
2025-12-03,20251203131500000,sz.002842,11.3200,11.3900,11.3200,11.3500,462600,5257040.0000,3
2025-12-03,20251203132000000,sz.002842,11.3300,11.3900,11.3300,11.3500,343600,3904912.0000,3
2025-12-03,20251203132500000,sz.002842,11.3400,11.3700,11.3000,11.3100,127700,1448448.0000,3
2025-12-03,20251203133000000,sz.002842,11.3000,11.3100,11.2800,11.2800,128700,1453264.0000,3
2025-12-03,20251203133500000,sz.002842,11.2800,11.2900,11.2500,11.2700,125900,1419408.0000,3
2025-12-03,20251203134000000,sz.002842,11.2600,11.2700,11.2200,11.2200,81700,918128.0000,3
2025-12-03,20251203134500000,sz.002842,11.2200,11.2200,11.2000,11.2100,174300,1953464.0000,3
2025-12-03,20251203135000000,sz.002842,11.2100,11.2500,11.2100,11.2300,130600,1466856.0000,3
2025-12-03,20251203135500000,sz.002842,11.2200,11.2400,11.2000,11.2100,136900,1535504.0000,3
2025-12-03,20251203140000000,sz.002842,11.2000,11.2000,11.1800,11.1900,154600,1730144.0000,3
2025-12-03,20251203140500000,sz.002842,11.1900,11.2000,11.1600,11.1700,170600,1907040.0000,3
2025-12-03,20251203141000000,sz.002842,11.1700,11.2000,11.1700,11.1900,93100,1041152.0000,3
2025-12-03,20251203141500000,sz.002842,11.1900,11.2100,11.1800,11.2000,99300,1112160.0000,3
2025-12-03,20251203142000000,sz.002842,11.2000,11.2000,11.1700,11.1700,114600,1281280.0000,3
2025-12-03,20251203142500000,sz.002842,11.1700,11.1900,11.1700,11.1900,82300,919824.0000,3
2025-12-03,20251203143000000,sz.002842,11.1800,11.2000,11.1700,11.1900,85800,959152.0000,3
2025-12-03,20251203143500000,sz.002842,11.1900,11.2100,11.1800,11.2100,242400,2712512.0000,3
2025-12-03,20251203144000000,sz.002842,11.2100,11.2600,11.2000,11.2300,179200,2013728.0000,3
2025-12-03,20251203144500000,sz.002842,11.2300,11.2300,11.2000,11.2000,139600,1566080.0000,3
2025-12-03,20251203145000000,sz.002842,11.2100,11.2500,11.1900,11.2200,417100,4677584.0000,3
2025-12-03,20251203145500000,sz.002842,11.2200,11.2300,11.2000,11.2100,175400,1966608.0000,3
2025-12-03,20251203150000000,sz.002842,11.2100,11.2300,11.1900,11.2300,248200,2782864.0000,3
2025-12-04,20251204093500000,sz.002842,11.2900,11.3500,11.1800,11.3200,935700,10562733.0000,3
2025-12-04,20251204094000000,sz.002842,11.3100,11.3400,11.2300,11.3100,696400,7859439.0000,3
2025-12-04,20251204094500000,sz.002842,11.3000,11.4000,11.2800,11.3900,1119700,12698270.0000,3
2025-12-04,20251204095000000,sz.002842,11.3800,11.3900,11.3000,11.3200,751500,8526506.0000,3
2025-12-04,20251204095500000,sz.002842,11.3300,11.3300,11.2700,11.2800,501200,5659748.0000,3
2025-12-04,20251204100000000,sz.002842,11.2800,11.3000,11.2300,11.2400,344700,3885588.0000,3
2025-12-04,20251204100500000,sz.002842,11.2500,11.2800,11.2200,11.2600,315600,3548512.0000,3
2025-12-04,20251204101000000,sz.002842,11.2500,11.2500,11.1400,11.1800,551600,6166940.0000,3
2025-12-04,20251204101500000,sz.002842,11.1800,11.2000,11.1500,11.1600,373000,4164696.0000,3
2025-12-04,20251204102000000,sz.002842,11.1700,11.1700,11.1000,11.1200,420100,4675144.0000,3
2025-12-04,20251204102500000,sz.002842,11.1200,11.1800,11.1200,11.1800,100800,1123944.0000,3
2025-12-04,20251204103000000,sz.002842,11.1900,11.2400,11.1800,11.2100,188500,2112712.0000,3
2025-12-04,20251204103500000,sz.002842,11.2000,11.2600,11.2000,11.2200,97100,1090208.0000,3
2025-12-04,20251204104000000,sz.002842,11.2300,11.2400,11.1800,11.2000,307600,3447504.0000,3
2025-12-04,20251204104500000,sz.002842,11.2100,11.2100,11.1700,11.2100,104100,1165192.0000,3
2025-12-04,20251204105000000,sz.002842,11.2100,11.2700,11.1900,11.2600,102400,1150808.0000,3
2025-12-04,20251204105500000,sz.002842,11.2500,11.2800,11.2400,11.2500,137800,1550880.0000,3
2025-12-04,20251204110000000,sz.002842,11.2500,11.2900,11.2500,11.2700,235400,2651912.0000,3
2025-12-04,20251204110500000,sz.002842,11.2700,11.2700,11.1800,11.1900,126300,1418480.0000,3
2025-12-04,20251204111000000,sz.002842,11.1900,11.1900,11.1400,11.1400,220700,2463264.0000,3
2025-12-04,20251204111500000,sz.002842,11.1400,11.1700,11.1300,11.1600,87600,976336.0000,3
2025-12-04,20251204112000000,sz.002842,11.1600,11.2200,11.1500,11.2000,120700,1349032.0000,3
2025-12-04,20251204112500000,sz.002842,11.2000,11.2100,11.1700,11.2100,62600,700600.0000,3
2025-12-04,20251204113000000,sz.002842,11.2100,11.2100,11.1800,11.2000,98000,1096584.0000,3
2025-12-04,20251204130500000,sz.002842,11.2300,11.3100,11.1500,11.2800,825300,9253880.0000,3
2025-12-04,20251204131000000,sz.002842,11.2900,11.2900,11.2100,11.2200,67200,754888.0000,3
2025-12-04,20251204131500000,sz.002842,11.2100,11.2300,11.1800,11.2000,54000,605296.0000,3
2025-12-04,20251204132000000,sz.002842,11.1900,11.2000,11.1700,11.1900,55400,619680.0000,3
2025-12-04,20251204132500000,sz.002842,11.1900,11.2000,11.1700,11.2000,43200,483376.0000,3
2025-12-04,20251204133000000,sz.002842,11.2000,11.2300,11.1900,11.2200,62100,695976.0000,3
2025-12-04,20251204133500000,sz.002842,11.2100,11.2200,11.2000,11.2100,99400,1113952.0000,3
2025-12-04,20251204134000000,sz.002842,11.2100,11.2200,11.1700,11.1800,192800,2158928.0000,3
2025-12-04,20251204134500000,sz.002842,11.1800,11.2000,11.1700,11.2000,93600,1046368.0000,3
2025-12-04,20251204135000000,sz.002842,11.2000,11.2000,11.1800,11.1900,74500,833608.0000,3
2025-12-04,20251204135500000,sz.002842,11.1800,11.1800,11.1400,11.1400,205900,2298264.0000,3
2025-12-04,20251204140000000,sz.002842,11.1500,11.1600,11.1400,11.1600,76200,849568.0000,3
2025-12-04,20251204140500000,sz.002842,11.1600,11.1900,11.1600,11.1800,50800,567744.0000,3
2025-12-04,20251204141000000,sz.002842,11.1800,11.2000,11.1600,11.2000,59600,666672.0000,3
2025-12-04,20251204141500000,sz.002842,11.1900,11.2200,11.1800,11.1900,72700,814288.0000,3
2025-12-04,20251204142000000,sz.002842,11.1800,11.1900,11.1500,11.1500,88100,983752.0000,3
2025-12-04,20251204142500000,sz.002842,11.1600,11.1600,11.1500,11.1500,109900,1225896.0000,3
2025-12-04,20251204143000000,sz.002842,11.1400,11.1800,11.1400,11.1800,128200,1429848.0000,3
2025-12-04,20251204143500000,sz.002842,11.1700,11.1900,11.1600,11.1900,116500,1302648.0000,3
2025-12-04,20251204144000000,sz.002842,11.1800,11.1900,11.1500,11.1500,207100,2312832.0000,3
2025-12-04,20251204144500000,sz.002842,11.1500,11.1600,11.1300,11.1300,260800,2907336.0000,3
2025-12-04,20251204145000000,sz.002842,11.1300,11.1500,11.1300,11.1500,258600,2881328.0000,3
2025-12-04,20251204145500000,sz.002842,11.1400,11.1600,11.1400,11.1600,237800,2650600.0000,3
2025-12-04,20251204150000000,sz.002842,11.1500,11.1800,11.1500,11.1700,390900,4365568.0000,3
2025-12-05,20251205093500000,sz.002842,11.1500,11.5300,11.1200,11.2200,2708800,30827652.0000,3
2025-12-05,20251205094000000,sz.002842,11.2200,11.3400,11.2000,11.2800,738600,8317348.0000,3
2025-12-05,20251205094500000,sz.002842,11.2900,11.3500,11.2600,11.3400,649700,7356736.0000,3
2025-12-05,20251205095000000,sz.002842,11.3400,11.3400,11.2900,11.3200,486000,5500908.0000,3
2025-12-05,20251205095500000,sz.002842,11.3300,11.3900,11.2800,11.2900,570400,6473564.0000,3
2025-12-05,20251205100000000,sz.002842,11.3100,11.3400,11.2600,11.3100,237800,2689296.0000,3
2025-12-05,20251205100500000,sz.002842,11.3400,11.3800,11.3300,11.3700,514800,5851160.0000,3
2025-12-05,20251205101000000,sz.002842,11.3700,11.4100,11.3600,11.3900,462200,5259104.0000,3
2025-12-05,20251205101500000,sz.002842,11.3800,11.3800,11.3400,11.3400,360900,4097272.0000,3
2025-12-05,20251205102000000,sz.002842,11.3400,11.3700,11.3300,11.3700,193900,2199720.0000,3
2025-12-05,20251205102500000,sz.002842,11.3600,11.3600,11.3200,11.3200,183900,2086184.0000,3
2025-12-05,20251205103000000,sz.002842,11.3200,11.3400,11.2900,11.3000,181400,2050504.0000,3
2025-12-05,20251205103500000,sz.002842,11.3000,11.3600,11.2900,11.3600,217200,2459440.0000,3
2025-12-05,20251205104000000,sz.002842,11.3600,11.4000,11.3600,11.3900,363700,4141240.0000,3
2025-12-05,20251205104500000,sz.002842,11.3900,11.4000,11.3700,11.3900,212500,2420752.0000,3
2025-12-05,20251205105000000,sz.002842,11.4000,11.4200,11.3800,11.3900,192700,2197640.0000,3
2025-12-05,20251205105500000,sz.002842,11.3900,11.4100,11.3900,11.4000,108900,1241120.0000,3
2025-12-05,20251205110000000,sz.002842,11.3900,11.4000,11.3800,11.3900,87300,994208.0000,3
2025-12-05,20251205110500000,sz.002842,11.3900,11.4200,11.3900,11.4100,361000,4117552.0000,3
2025-12-05,20251205111000000,sz.002842,11.4100,11.4300,11.4000,11.4200,174700,1995136.0000,3
2025-12-05,20251205111500000,sz.002842,11.4300,11.4800,11.4200,11.4800,350200,4009400.0000,3
2025-12-05,20251205112000000,sz.002842,11.4800,11.6000,11.4700,11.6000,1357300,15650424.0000,3
2025-12-05,20251205112500000,sz.002842,11.6000,11.6000,11.5400,11.6000,720700,8341248.0000,3
2025-12-05,20251205113000000,sz.002842,11.5900,11.5900,11.5300,11.5300,404100,4668952.0000,3
2025-12-05,20251205130500000,sz.002842,11.5500,11.5700,11.5300,11.5400,248200,2867584.0000,3
2025-12-05,20251205131000000,sz.002842,11.5300,11.5600,11.5100,11.5200,347400,4007168.0000,3
2025-12-05,20251205131500000,sz.002842,11.5100,11.5400,11.4900,11.5400,288200,3316288.0000,3
2025-12-05,20251205132000000,sz.002842,11.5200,11.5600,11.5200,11.5400,272400,3145008.0000,3
2025-12-05,20251205132500000,sz.002842,11.5400,11.5500,11.5300,11.5500,122400,1412304.0000,3
2025-12-05,20251205133000000,sz.002842,11.5500,11.5500,11.5200,11.5400,137000,1580096.0000,3
2025-12-05,20251205133500000,sz.002842,11.5400,11.5600,11.5300,11.5400,275700,3182944.0000,3
2025-12-05,20251205134000000,sz.002842,11.5400,11.5600,11.5400,11.5600,165900,1915968.0000,3
2025-12-05,20251205134500000,sz.002842,11.5500,11.5700,11.5500,11.5500,139100,1607536.0000,3
2025-12-05,20251205135000000,sz.002842,11.5500,11.5600,11.5500,11.5500,87200,1007616.0000,3
2025-12-05,20251205135500000,sz.002842,11.5500,11.5600,11.5400,11.5400,126800,1464176.0000,3
2025-12-05,20251205140000000,sz.002842,11.5400,11.5500,11.5400,11.5500,100600,1161104.0000,3
2025-12-05,20251205140500000,sz.002842,11.5500,11.5800,11.5500,11.5800,443600,5130048.0000,3
2025-12-05,20251205141000000,sz.002842,11.5800,11.6500,11.5700,11.6100,887400,10309424.0000,3
2025-12-05,20251205141500000,sz.002842,11.6100,11.6200,11.6000,11.6100,153300,1779904.0000,3
2025-12-05,20251205142000000,sz.002842,11.6100,11.6300,11.6100,11.6100,192800,2239872.0000,3
2025-12-05,20251205142500000,sz.002842,11.6100,11.6700,11.6100,11.6700,556000,6472096.0000,3
2025-12-05,20251205143000000,sz.002842,11.6600,11.6800,11.6500,11.6500,255200,2976832.0000,3
2025-12-05,20251205143500000,sz.002842,11.6600,11.6600,11.6400,11.6500,256900,2992928.0000,3
2025-12-05,20251205144000000,sz.002842,11.6500,11.6600,11.6400,11.6500,255800,2980064.0000,3
2025-12-05,20251205144500000,sz.002842,11.6500,11.6700,11.6500,11.6700,374300,4363040.0000,3
2025-12-05,20251205145000000,sz.002842,11.6600,11.6700,11.6500,11.6500,413800,4824864.0000,3
2025-12-05,20251205145500000,sz.002842,11.6400,11.6800,11.6300,11.6700,1024100,11937968.0000,3
2025-12-05,20251205150000000,sz.002842,11.6600,11.6800,11.6600,11.6800,576100,6726048.0000,3
2025-12-08,20251208093500000,sz.002842,11.9100,11.9100,11.7000,11.8600,2394500,28339208.0000,3
2025-12-08,20251208094000000,sz.002842,11.8600,11.8700,11.6900,11.7100,991300,11672792.0000,3
2025-12-08,20251208094500000,sz.002842,11.6900,11.7400,11.6900,11.7100,651300,7630396.0000,3
2025-12-08,20251208095000000,sz.002842,11.7100,11.7200,11.6900,11.7200,502400,5882156.0000,3
2025-12-08,20251208095500000,sz.002842,11.7300,11.7300,11.6100,11.6200,643100,7488804.0000,3
2025-12-08,20251208100000000,sz.002842,11.6100,11.6200,11.5600,11.6200,547400,6345060.0000,3
2025-12-08,20251208100500000,sz.002842,11.6100,11.6700,11.6100,11.6500,173000,2013536.0000,3
2025-12-08,20251208101000000,sz.002842,11.6500,11.6800,11.6400,11.6700,347400,4050128.0000,3
2025-12-08,20251208101500000,sz.002842,11.6900,11.7000,11.6700,11.6900,190200,2222648.0000,3
2025-12-08,20251208102000000,sz.002842,11.6800,11.7200,11.6800,11.7200,195600,2288872.0000,3
2025-12-08,20251208102500000,sz.002842,11.7200,11.7500,11.7100,11.7400,190100,2230496.0000,3
2025-12-08,20251208103000000,sz.002842,11.7300,11.7500,11.7000,11.7100,234700,2751552.0000,3
2025-12-08,20251208103500000,sz.002842,11.7100,11.7300,11.7000,11.7000,238200,2789992.0000,3
2025-12-08,20251208104000000,sz.002842,11.7000,11.7200,11.7000,11.7000,150700,1764848.0000,3
2025-12-08,20251208104500000,sz.002842,11.7000,11.7100,11.6800,11.7000,282100,3299584.0000,3
2025-12-08,20251208105000000,sz.002842,11.7000,11.7300,11.7000,11.7200,224600,2633128.0000,3
2025-12-08,20251208105500000,sz.002842,11.7300,11.7500,11.6900,11.7500,165900,1943624.0000,3
2025-12-08,20251208110000000,sz.002842,11.7500,11.7600,11.7300,11.7400,219100,2574400.0000,3
2025-12-08,20251208110500000,sz.002842,11.7400,11.7500,11.7300,11.7300,158200,1857528.0000,3
2025-12-08,20251208111000000,sz.002842,11.7400,11.7700,11.7300,11.7400,179700,2111472.0000,3
2025-12-08,20251208111500000,sz.002842,11.7400,11.7700,11.7300,11.7600,79600,935344.0000,3
2025-12-08,20251208112000000,sz.002842,11.7600,11.7800,11.7600,11.7700,106200,1249792.0000,3
2025-12-08,20251208112500000,sz.002842,11.7700,11.7700,11.7600,11.7600,66600,783520.0000,3
2025-12-08,20251208113000000,sz.002842,11.7600,11.8000,11.7500,11.7900,236000,2780656.0000,3
2025-12-08,20251208130500000,sz.002842,11.7900,11.8000,11.7500,11.7500,256000,3013808.0000,3
2025-12-08,20251208131000000,sz.002842,11.7500,11.7700,11.7100,11.7200,298100,3502424.0000,3
2025-12-08,20251208131500000,sz.002842,11.7200,11.7200,11.7000,11.7100,124800,1462120.0000,3
2025-12-08,20251208132000000,sz.002842,11.7200,11.7200,11.7000,11.7000,72700,851048.0000,3
2025-12-08,20251208132500000,sz.002842,11.7000,11.7100,11.6900,11.7100,89800,1051136.0000,3
2025-12-08,20251208133000000,sz.002842,11.7100,11.7200,11.7100,11.7100,108200,1267560.0000,3
2025-12-08,20251208133500000,sz.002842,11.7200,11.7400,11.7100,11.7200,195100,2286816.0000,3
2025-12-08,20251208134000000,sz.002842,11.7200,11.7500,11.7100,11.7300,126100,1479208.0000,3
2025-12-08,20251208134500000,sz.002842,11.7500,11.8200,11.7500,11.8200,277700,3275232.0000,3
2025-12-08,20251208135000000,sz.002842,11.8100,11.8300,11.8000,11.8100,208300,2460712.0000,3
2025-12-08,20251208135500000,sz.002842,11.8000,11.8800,11.8000,11.8500,515200,6099344.0000,3
2025-12-08,20251208140000000,sz.002842,11.8500,11.8600,11.8300,11.8300,217100,2571552.0000,3
2025-12-08,20251208140500000,sz.002842,11.8300,11.8400,11.8100,11.8100,143200,1693040.0000,3
2025-12-08,20251208141000000,sz.002842,11.8200,11.8400,11.8100,11.8300,168400,1991888.0000,3
2025-12-08,20251208141500000,sz.002842,11.8300,11.8400,11.8200,11.8300,112600,1331824.0000,3
2025-12-08,20251208142000000,sz.002842,11.8200,11.8200,11.7900,11.8000,213600,2520848.0000,3
2025-12-08,20251208142500000,sz.002842,11.8000,11.8200,11.7900,11.7900,165200,1950000.0000,3
2025-12-08,20251208143000000,sz.002842,11.7900,11.8200,11.7900,11.8200,97000,1144928.0000,3
2025-12-08,20251208143500000,sz.002842,11.8100,11.8200,11.8000,11.8100,119100,1406544.0000,3
2025-12-08,20251208144000000,sz.002842,11.8100,11.8100,11.7800,11.7800,146400,1726768.0000,3
2025-12-08,20251208144500000,sz.002842,11.7900,11.7900,11.7700,11.7800,276700,3259808.0000,3
2025-12-08,20251208145000000,sz.002842,11.7800,11.8000,11.7800,11.7900,264200,3116016.0000,3
2025-12-08,20251208145500000,sz.002842,11.7900,11.8100,11.7800,11.8100,469800,5541104.0000,3
2025-12-08,20251208150000000,sz.002842,11.8100,11.8200,11.7900,11.8100,462100,5456576.0000,3
2025-12-09,20251209093500000,sz.002842,11.7400,11.7400,11.5700,11.6300,1086900,12646885.0000,3
2025-12-09,20251209094000000,sz.002842,11.6300,11.6600,11.6200,11.6300,516800,6012643.0000,3
2025-12-09,20251209094500000,sz.002842,11.6300,11.6500,11.6100,11.6400,262800,3055680.0000,3
2025-12-09,20251209095000000,sz.002842,11.6400,11.6400,11.6000,11.6100,326700,3796800.0000,3
2025-12-09,20251209095500000,sz.002842,11.6000,11.7300,11.6000,11.7300,325200,3785756.0000,3
2025-12-09,20251209100000000,sz.002842,11.7300,11.7300,11.6700,11.7000,266600,3116464.0000,3
2025-12-09,20251209100500000,sz.002842,11.7100,11.7700,11.6900,11.7100,534100,6267700.0000,3
2025-12-09,20251209101000000,sz.002842,11.7200,11.7400,11.6800,11.7000,152700,1787584.0000,3
2025-12-09,20251209101500000,sz.002842,11.7000,11.7400,11.6900,11.7000,178500,2092304.0000,3
2025-12-09,20251209102000000,sz.002842,11.7000,11.7000,11.6300,11.6300,234600,2736480.0000,3
2025-12-09,20251209102500000,sz.002842,11.6300,11.6300,11.6100,11.6200,226900,2637112.0000,3
2025-12-09,20251209103000000,sz.002842,11.6200,11.6500,11.6100,11.6200,116800,1359656.0000,3
2025-12-09,20251209103500000,sz.002842,11.6200,11.6500,11.6200,11.6300,179600,2088488.0000,3
2025-12-09,20251209104000000,sz.002842,11.6300,11.6700,11.6200,11.6300,187800,2185592.0000,3
2025-12-09,20251209104500000,sz.002842,11.6400,11.7000,11.6300,11.6800,90400,1055728.0000,3
2025-12-09,20251209105000000,sz.002842,11.6800,11.7500,11.6800,11.7100,350700,4109948.0000,3
2025-12-09,20251209105500000,sz.002842,11.7000,11.7100,11.6700,11.6700,70100,819464.0000,3
2025-12-09,20251209110000000,sz.002842,11.6800,11.7300,11.6600,11.7000,251400,2940888.0000,3
2025-12-09,20251209110500000,sz.002842,11.7000,11.7200,11.6700,11.7100,72600,849196.0000,3
2025-12-09,20251209111000000,sz.002842,11.7100,11.7500,11.6900,11.7200,207500,2432832.0000,3
2025-12-09,20251209111500000,sz.002842,11.7200,11.7900,11.7200,11.7600,236700,2785440.0000,3
2025-12-09,20251209112000000,sz.002842,11.7600,11.7700,11.7300,11.7500,105700,1242136.0000,3
2025-12-09,20251209112500000,sz.002842,11.7600,11.7900,11.7500,11.7700,197600,2326992.0000,3
2025-12-09,20251209113000000,sz.002842,11.7600,11.8100,11.7500,11.7900,352800,4156848.0000,3
2025-12-09,20251209130500000,sz.002842,11.7900,11.9300,11.7600,11.7900,1041300,12346040.0000,3
2025-12-09,20251209131000000,sz.002842,11.7900,11.7900,11.7300,11.7600,124800,1466512.0000,3
2025-12-09,20251209131500000,sz.002842,11.7500,11.7500,11.7100,11.7200,120200,1409360.0000,3
2025-12-09,20251209132000000,sz.002842,11.7200,11.7200,11.7000,11.7000,130900,1532576.0000,3
2025-12-09,20251209132500000,sz.002842,11.7000,11.7300,11.7000,11.7000,130300,1525808.0000,3
2025-12-09,20251209133000000,sz.002842,11.6900,11.7000,11.6800,11.6800,256200,2994912.0000,3
2025-12-09,20251209133500000,sz.002842,11.6800,11.7000,11.6700,11.6900,145500,1700808.0000,3
2025-12-09,20251209134000000,sz.002842,11.6900,11.6900,11.6700,11.6700,69200,808448.0000,3
2025-12-09,20251209134500000,sz.002842,11.6800,11.6800,11.6600,11.6700,112100,1307800.0000,3
2025-12-09,20251209135000000,sz.002842,11.6700,11.6800,11.6500,11.6500,70500,822360.0000,3
2025-12-09,20251209135500000,sz.002842,11.6500,11.6600,11.6400,11.6500,71900,837576.0000,3
2025-12-09,20251209140000000,sz.002842,11.6500,11.6700,11.6500,11.6500,63400,738912.0000,3
2025-12-09,20251209140500000,sz.002842,11.6500,11.6600,11.6300,11.6500,204800,2383584.0000,3
2025-12-09,20251209141000000,sz.002842,11.6500,11.6700,11.6400,11.6500,39200,456984.0000,3
2025-12-09,20251209141500000,sz.002842,11.6500,11.6500,11.6300,11.6400,41000,477192.0000,3
2025-12-09,20251209142000000,sz.002842,11.6400,11.6400,11.6100,11.6200,170900,1986872.0000,3
2025-12-09,20251209142500000,sz.002842,11.6100,11.6600,11.6100,11.6500,148900,1731360.0000,3
2025-12-09,20251209143000000,sz.002842,11.6500,11.6700,11.6400,11.6600,96100,1120072.0000,3
2025-12-09,20251209143500000,sz.002842,11.6500,11.6600,11.6400,11.6500,145600,1696152.0000,3
2025-12-09,20251209144000000,sz.002842,11.6500,11.6600,11.6300,11.6300,111500,1297976.0000,3
2025-12-09,20251209144500000,sz.002842,11.6200,11.6500,11.6200,11.6500,83000,966016.0000,3
2025-12-09,20251209145000000,sz.002842,11.6400,11.6500,11.6300,11.6400,301900,3513664.0000,3
2025-12-09,20251209145500000,sz.002842,11.6300,11.6400,11.6200,11.6300,234100,2722176.0000,3
2025-12-09,20251209150000000,sz.002842,11.6400,11.6500,11.6200,11.6500,278700,3242008.0000,3
2025-12-10,20251210093500000,sz.002842,11.6500,11.7200,11.5900,11.6100,930100,10852601.0000,3
2025-12-10,20251210094000000,sz.002842,11.6000,11.6800,11.5700,11.5700,346400,4025451.0000,3
2025-12-10,20251210094500000,sz.002842,11.5800,11.6000,11.5300,11.5600,422500,4885664.0000,3
2025-12-10,20251210095000000,sz.002842,11.5400,11.6800,11.5400,11.6300,285200,3314024.0000,3
2025-12-10,20251210095500000,sz.002842,11.6400,11.6600,11.6100,11.6200,243000,2828318.0000,3
2025-12-10,20251210100000000,sz.002842,11.6100,11.6100,11.5300,11.5400,285800,3301760.0000,3
2025-12-10,20251210100500000,sz.002842,11.5300,11.6000,11.5300,11.5400,117600,1359678.0000,3
2025-12-10,20251210101000000,sz.002842,11.5600,11.5800,11.5200,11.5500,196400,2266300.0000,3
2025-12-10,20251210101500000,sz.002842,11.5500,11.5800,11.5200,11.5700,202100,2332976.0000,3
2025-12-10,20251210102000000,sz.002842,11.5500,11.5900,11.5500,11.5800,180900,2092816.0000,3
2025-12-10,20251210102500000,sz.002842,11.5700,11.6000,11.5500,11.5900,156100,1806520.0000,3
2025-12-10,20251210103000000,sz.002842,11.5800,11.6000,11.5700,11.5800,95700,1107876.0000,3
2025-12-10,20251210103500000,sz.002842,11.5600,11.5800,11.5500,11.5700,85600,989588.0000,3
2025-12-10,20251210104000000,sz.002842,11.5600,11.5600,11.5300,11.5600,160000,1846580.0000,3
2025-12-10,20251210104500000,sz.002842,11.5500,11.5900,11.5300,11.5900,129900,1501732.0000,3
2025-12-10,20251210105000000,sz.002842,11.5900,11.6000,11.5500,11.5500,88800,1027416.0000,3
2025-12-10,20251210105500000,sz.002842,11.5500,11.5700,11.5400,11.5700,38700,447068.0000,3
2025-12-10,20251210110000000,sz.002842,11.5700,11.6300,11.5700,11.6100,210600,2441480.0000,3
2025-12-10,20251210110500000,sz.002842,11.6100,11.6300,11.5800,11.5800,108300,1256720.0000,3
2025-12-10,20251210111000000,sz.002842,11.5700,11.5800,11.5400,11.5700,88300,1020568.0000,3
2025-12-10,20251210111500000,sz.002842,11.5600,11.5700,11.5300,11.5400,177900,2054760.0000,3
2025-12-10,20251210112000000,sz.002842,11.5300,11.5500,11.5100,11.5200,137400,1583508.0000,3
2025-12-10,20251210112500000,sz.002842,11.5100,11.5400,11.5100,11.5300,104400,1202260.0000,3
2025-12-10,20251210113000000,sz.002842,11.5200,11.5500,11.5200,11.5500,105200,1213744.0000,3
2025-12-10,20251210130500000,sz.002842,11.5300,11.5700,11.5200,11.5400,109800,1267288.0000,3
2025-12-10,20251210131000000,sz.002842,11.5200,11.5400,11.5200,11.5200,113100,1303644.0000,3
2025-12-10,20251210131500000,sz.002842,11.5100,11.5300,11.5000,11.5000,171000,1967680.0000,3
2025-12-10,20251210132000000,sz.002842,11.4900,11.5600,11.4900,11.5400,251400,2897920.0000,3
2025-12-10,20251210132500000,sz.002842,11.5200,11.5400,11.5100,11.5200,64600,744572.0000,3
2025-12-10,20251210133000000,sz.002842,11.5100,11.5500,11.5100,11.5500,53100,611724.0000,3
2025-12-10,20251210133500000,sz.002842,11.5200,11.5400,11.5100,11.5400,72400,834300.0000,3
2025-12-10,20251210134000000,sz.002842,11.5300,11.5700,11.5300,11.5500,121300,1401712.0000,3
2025-12-10,20251210134500000,sz.002842,11.5500,11.5800,11.5500,11.5700,72800,842024.0000,3
2025-12-10,20251210135000000,sz.002842,11.5600,11.6100,11.5600,11.5800,127200,1474480.0000,3
2025-12-10,20251210135500000,sz.002842,11.5700,11.5900,11.5700,11.5700,67200,778408.0000,3
2025-12-10,20251210140000000,sz.002842,11.5700,11.6000,11.5600,11.5600,85000,984344.0000,3
2025-12-10,20251210140500000,sz.002842,11.5600,11.5900,11.5500,11.5900,79400,918448.0000,3
2025-12-10,20251210141000000,sz.002842,11.5900,11.6300,11.5900,11.6100,119600,1389168.0000,3
2025-12-10,20251210141500000,sz.002842,11.6000,11.6500,11.6000,11.6400,121500,1412304.0000,3
2025-12-10,20251210142000000,sz.002842,11.6300,11.6500,11.6200,11.6400,171300,1993248.0000,3
2025-12-10,20251210142500000,sz.002842,11.6400,11.6400,11.6200,11.6300,55900,649928.0000,3
2025-12-10,20251210143000000,sz.002842,11.6100,11.6300,11.6000,11.6200,50300,584080.0000,3
2025-12-10,20251210143500000,sz.002842,11.6300,11.6500,11.6100,11.6400,177200,2061120.0000,3
2025-12-10,20251210144000000,sz.002842,11.6300,11.6400,11.6200,11.6400,133200,1548544.0000,3
2025-12-10,20251210144500000,sz.002842,11.6300,11.6400,11.6000,11.6100,234100,2719512.0000,3
2025-12-10,20251210145000000,sz.002842,11.6000,11.6100,11.5800,11.5800,310400,3599864.0000,3
2025-12-10,20251210145500000,sz.002842,11.5800,11.6000,11.5700,11.5800,296700,3436480.0000,3
2025-12-10,20251210150000000,sz.002842,11.5700,11.5900,11.5700,11.5900,163200,1890344.0000,3
2025-12-11,20251211093500000,sz.002842,11.7200,11.7700,11.5700,11.5700,1357700,15857515.0000,3
2025-12-11,20251211094000000,sz.002842,11.5700,11.5700,11.4900,11.5100,732400,8449791.0000,3
2025-12-11,20251211094500000,sz.002842,11.4900,11.6300,11.4900,11.6300,333300,3857110.0000,3
2025-12-11,20251211095000000,sz.002842,11.6200,11.7200,11.5600,11.6000,761900,8886640.0000,3
2025-12-11,20251211095500000,sz.002842,11.6000,11.7000,11.6000,11.6100,527600,6142476.0000,3
2025-12-11,20251211100000000,sz.002842,11.6100,11.6800,11.6000,11.6400,266900,3106256.0000,3
2025-12-11,20251211100500000,sz.002842,11.6300,11.6800,11.5800,11.6300,294200,3419964.0000,3
2025-12-11,20251211101000000,sz.002842,11.6300,11.6700,11.5800,11.6600,274800,3195256.0000,3
2025-12-11,20251211101500000,sz.002842,11.6500,11.6700,11.6400,11.6500,261600,3047720.0000,3
2025-12-11,20251211102000000,sz.002842,11.6400,11.6700,11.6400,11.6700,251200,2927708.0000,3
2025-12-11,20251211102500000,sz.002842,11.6800,11.6800,11.6300,11.6600,209300,2439172.0000,3
2025-12-11,20251211103000000,sz.002842,11.6600,11.6900,11.6500,11.6800,160300,1871472.0000,3
2025-12-11,20251211103500000,sz.002842,11.6800,11.7000,11.6500,11.6800,247300,2887688.0000,3
2025-12-11,20251211104000000,sz.002842,11.6800,11.6900,11.6100,11.6100,300100,3495888.0000,3
2025-12-11,20251211104500000,sz.002842,11.6100,11.6300,11.5900,11.6300,210700,2446040.0000,3
2025-12-11,20251211105000000,sz.002842,11.6300,11.6300,11.5900,11.6100,129500,1503376.0000,3
2025-12-11,20251211105500000,sz.002842,11.6100,11.6100,11.5700,11.5700,121700,1410272.0000,3
2025-12-11,20251211110000000,sz.002842,11.5700,11.5700,11.5500,11.5600,155300,1795384.0000,3
2025-12-11,20251211110500000,sz.002842,11.5600,11.5800,11.5500,11.5700,91200,1054824.0000,3
2025-12-11,20251211111000000,sz.002842,11.5700,11.5900,11.5600,11.5700,74800,865904.0000,3
2025-12-11,20251211111500000,sz.002842,11.5600,11.5700,11.5500,11.5600,95100,1099752.0000,3
2025-12-11,20251211112000000,sz.002842,11.5600,11.5800,11.5600,11.5700,86100,996088.0000,3
2025-12-11,20251211112500000,sz.002842,11.5700,11.5800,11.5400,11.5400,72100,833528.0000,3
2025-12-11,20251211113000000,sz.002842,11.5400,11.5500,11.5200,11.5200,128200,1478592.0000,3
2025-12-11,20251211130500000,sz.002842,11.5300,11.5700,11.5200,11.5700,90400,1042856.0000,3
2025-12-11,20251211131000000,sz.002842,11.5700,11.6200,11.5600,11.5900,150900,1747976.0000,3
2025-12-11,20251211131500000,sz.002842,11.6100,11.6500,11.6000,11.6500,395600,4597088.0000,3
2025-12-11,20251211132000000,sz.002842,11.6400,11.7200,11.6400,11.6800,871500,10182208.0000,3
2025-12-11,20251211132500000,sz.002842,11.6800,11.6800,11.6500,11.6500,207300,2417552.0000,3
2025-12-11,20251211133000000,sz.002842,11.6500,11.6800,11.6400,11.6700,285600,3329312.0000,3
2025-12-11,20251211133500000,sz.002842,11.6700,11.6800,11.6500,11.6800,156600,1827136.0000,3
2025-12-11,20251211134000000,sz.002842,11.6700,11.6700,11.6400,11.6400,192700,2245416.0000,3
2025-12-11,20251211134500000,sz.002842,11.6300,11.6400,11.6100,11.6200,78500,912904.0000,3
2025-12-11,20251211135000000,sz.002842,11.6100,11.6600,11.6100,11.6600,189400,2201952.0000,3
2025-12-11,20251211135500000,sz.002842,11.6500,11.6700,11.6500,11.6600,112400,1311056.0000,3
2025-12-11,20251211140000000,sz.002842,11.6600,11.6700,11.6500,11.6600,87900,1024880.0000,3
2025-12-11,20251211140500000,sz.002842,11.6500,11.7000,11.6500,11.6800,240800,2812440.0000,3
2025-12-11,20251211141000000,sz.002842,11.6900,11.6900,11.6600,11.6700,153700,1793576.0000,3
2025-12-11,20251211141500000,sz.002842,11.6900,11.6900,11.6200,11.6200,367300,4278840.0000,3
2025-12-11,20251211142000000,sz.002842,11.6200,11.6200,11.5900,11.6000,215900,2505304.0000,3
2025-12-11,20251211142500000,sz.002842,11.6000,11.6100,11.5700,11.5800,176900,2050344.0000,3
2025-12-11,20251211143000000,sz.002842,11.5800,11.6000,11.5700,11.5900,109400,1267280.0000,3
2025-12-11,20251211143500000,sz.002842,11.5900,11.6200,11.5800,11.6100,157900,1831168.0000,3
2025-12-11,20251211144000000,sz.002842,11.6100,11.6400,11.5700,11.5700,363800,4220552.0000,3
2025-12-11,20251211144500000,sz.002842,11.5800,11.5800,11.5500,11.5700,206100,2383744.0000,3
2025-12-11,20251211145000000,sz.002842,11.5700,11.5800,11.5500,11.5500,239400,2768640.0000,3
2025-12-11,20251211145500000,sz.002842,11.5500,11.5500,11.5300,11.5400,315400,3638976.0000,3
2025-12-11,20251211150000000,sz.002842,11.5300,11.5500,11.5200,11.5200,219800,2533920.0000,3
2025-12-12,20251212093500000,sz.002842,11.7400,11.7800,11.5300,11.5500,1250800,14596391.0000,3
2025-12-12,20251212094000000,sz.002842,11.5500,11.5900,11.4300,11.4500,378100,4353033.0000,3
2025-12-12,20251212094500000,sz.002842,11.4500,11.5700,11.4500,11.5300,520900,6001600.0000,3
2025-12-12,20251212095000000,sz.002842,11.5400,11.5400,11.4800,11.4800,284000,3266180.0000,3
2025-12-12,20251212095500000,sz.002842,11.4800,11.5400,11.4600,11.5300,232600,2672444.0000,3
2025-12-12,20251212100000000,sz.002842,11.5300,11.6800,11.5300,11.6200,376500,4373600.0000,3
2025-12-12,20251212100500000,sz.002842,11.6100,11.6300,11.5500,11.6200,258500,2995352.0000,3
2025-12-12,20251212101000000,sz.002842,11.6200,11.7200,11.5900,11.6200,547000,6383544.0000,3
2025-12-12,20251212101500000,sz.002842,11.6300,11.7100,11.6300,11.6800,472000,5511900.0000,3
2025-12-12,20251212102000000,sz.002842,11.6800,11.7100,11.6100,11.6100,264100,3082916.0000,3
2025-12-12,20251212102500000,sz.002842,11.6200,11.6200,11.5800,11.6000,141900,1646028.0000,3
2025-12-12,20251212103000000,sz.002842,11.6000,11.6000,11.5700,11.5800,183800,2128164.0000,3
2025-12-12,20251212103500000,sz.002842,11.5900,11.5900,11.5200,11.5300,304500,3520496.0000,3
2025-12-12,20251212104000000,sz.002842,11.5300,11.5900,11.5300,11.5900,163300,1886204.0000,3
2025-12-12,20251212104500000,sz.002842,11.6000,11.6500,11.5800,11.6500,131200,1522796.0000,3
2025-12-12,20251212105000000,sz.002842,11.6500,11.6900,11.6400,11.6500,180200,2100800.0000,3
2025-12-12,20251212105500000,sz.002842,11.6500,11.6600,11.6100,11.6100,105300,1226368.0000,3
2025-12-12,20251212110000000,sz.002842,11.6100,11.6300,11.6100,11.6100,47600,553104.0000,3
2025-12-12,20251212110500000,sz.002842,11.6100,11.6300,11.5900,11.6300,104200,1209696.0000,3
2025-12-12,20251212111000000,sz.002842,11.6300,11.6300,11.5700,11.5800,166300,1928984.0000,3
2025-12-12,20251212111500000,sz.002842,11.6000,11.6300,11.6000,11.6300,79100,917768.0000,3
2025-12-12,20251212112000000,sz.002842,11.6200,11.6600,11.6100,11.6100,185000,2153256.0000,3
2025-12-12,20251212112500000,sz.002842,11.6100,11.6300,11.6100,11.6200,67200,780888.0000,3
2025-12-12,20251212113000000,sz.002842,11.6100,11.6600,11.6100,11.6300,176400,2052360.0000,3
2025-12-12,20251212130500000,sz.002842,11.6300,11.6300,11.5600,11.5800,175600,2034256.0000,3
2025-12-12,20251212131000000,sz.002842,11.5800,11.5800,11.5500,11.5600,79400,917832.0000,3
2025-12-12,20251212131500000,sz.002842,11.5500,11.5600,11.5300,11.5500,96000,1108816.0000,3
2025-12-12,20251212132000000,sz.002842,11.5400,11.5500,11.5100,11.5500,167200,1927720.0000,3
2025-12-12,20251212132500000,sz.002842,11.5500,11.5600,11.5300,11.5400,91600,1057112.0000,3
2025-12-12,20251212133000000,sz.002842,11.5300,11.5500,11.5300,11.5400,68400,789312.0000,3
2025-12-12,20251212133500000,sz.002842,11.5400,11.5800,11.5400,11.5600,85300,986592.0000,3
2025-12-12,20251212134000000,sz.002842,11.5600,11.6000,11.5500,11.5600,336300,3891464.0000,3
2025-12-12,20251212134500000,sz.002842,11.5600,11.5800,11.5600,11.5600,39400,455744.0000,3
2025-12-12,20251212135000000,sz.002842,11.5600,11.5900,11.5600,11.5800,109100,1262216.0000,3
2025-12-12,20251212135500000,sz.002842,11.5700,11.5900,11.5700,11.5900,92000,1065328.0000,3
2025-12-12,20251212140000000,sz.002842,11.5900,11.6000,11.5600,11.6000,130800,1515320.0000,3
2025-12-12,20251212140500000,sz.002842,11.6000,11.6200,11.5900,11.6100,133300,1546712.0000,3
2025-12-12,20251212141000000,sz.002842,11.6100,11.6300,11.6100,11.6200,120400,1398688.0000,3
2025-12-12,20251212141500000,sz.002842,11.6200,11.6200,11.5700,11.5800,181400,2102520.0000,3
2025-12-12,20251212142000000,sz.002842,11.5700,11.5800,11.5500,11.5700,110600,1279448.0000,3
2025-12-12,20251212142500000,sz.002842,11.5600,11.5800,11.5600,11.5700,79900,924176.0000,3
2025-12-12,20251212143000000,sz.002842,11.5600,11.5700,11.5500,11.5500,84000,970968.0000,3
2025-12-12,20251212143500000,sz.002842,11.5500,11.5600,11.5000,11.5200,469000,5405680.0000,3
2025-12-12,20251212144000000,sz.002842,11.5200,11.5600,11.5200,11.5600,277000,3197272.0000,3
2025-12-12,20251212144500000,sz.002842,11.5400,11.5500,11.5200,11.5400,340100,3923848.0000,3
2025-12-12,20251212145000000,sz.002842,11.5400,11.5400,11.5100,11.5200,371100,4276288.0000,3
2025-12-12,20251212145500000,sz.002842,11.5200,11.5300,11.5000,11.5200,408600,4707488.0000,3
2025-12-12,20251212150000000,sz.002842,11.5200,11.5600,11.5100,11.5300,189400,2183424.0000,3
2025-12-15,20251215093500000,sz.002842,11.4200,11.8800,11.3800,11.7300,2822800,32996016.0000,3
2025-12-15,20251215094000000,sz.002842,11.7500,11.7500,11.6500,11.6900,908200,10633996.0000,3
2025-12-15,20251215094500000,sz.002842,11.6900,11.7800,11.6600,11.7000,719100,8430468.0000,3
2025-12-15,20251215095000000,sz.002842,11.6900,11.8400,11.6600,11.8400,1028100,12095532.0000,3
2025-12-15,20251215095500000,sz.002842,11.8300,11.8400,11.7300,11.7300,326200,3841492.0000,3
2025-12-15,20251215100000000,sz.002842,11.7300,11.7500,11.7000,11.7100,372400,4365216.0000,3
2025-12-15,20251215100500000,sz.002842,11.7100,11.7200,11.6500,11.6500,286400,3345704.0000,3
2025-12-15,20251215101000000,sz.002842,11.6600,11.7200,11.6500,11.6900,272100,3176616.0000,3
2025-12-15,20251215101500000,sz.002842,11.6900,11.7000,11.6600,11.7000,264400,3089272.0000,3
2025-12-15,20251215102000000,sz.002842,11.6900,11.7200,11.6900,11.6900,152800,1788000.0000,3
2025-12-15,20251215102500000,sz.002842,11.6800,11.7000,11.6700,11.7000,188200,2198256.0000,3
2025-12-15,20251215103000000,sz.002842,11.6900,11.7500,11.6900,11.7500,266200,3121112.0000,3
2025-12-15,20251215103500000,sz.002842,11.7400,11.7400,11.7100,11.7300,140500,1647800.0000,3
2025-12-15,20251215104000000,sz.002842,11.7300,11.7300,11.7000,11.7100,119100,1395784.0000,3
2025-12-15,20251215104500000,sz.002842,11.7000,11.7200,11.7000,11.7000,123800,1449640.0000,3
2025-12-15,20251215105000000,sz.002842,11.7000,11.7400,11.7000,11.7300,154700,1814096.0000,3
2025-12-15,20251215105500000,sz.002842,11.7300,11.7700,11.7000,11.7700,317400,3727136.0000,3
2025-12-15,20251215110000000,sz.002842,11.7400,11.7500,11.7100,11.7300,162100,1902616.0000,3
2025-12-15,20251215110500000,sz.002842,11.7200,11.7300,11.6600,11.6800,205100,2398464.0000,3
2025-12-15,20251215111000000,sz.002842,11.6800,11.7500,11.6800,11.7200,177000,2073912.0000,3
2025-12-15,20251215111500000,sz.002842,11.7200,11.7500,11.7000,11.7100,117500,1377984.0000,3
2025-12-15,20251215112000000,sz.002842,11.7000,11.7000,11.6600,11.6800,204200,2384056.0000,3
2025-12-15,20251215112500000,sz.002842,11.6800,11.6900,11.6600,11.6800,123800,1445472.0000,3
2025-12-15,20251215113000000,sz.002842,11.6700,11.8100,11.6700,11.7900,666700,7834808.0000,3
2025-12-15,20251215130500000,sz.002842,11.7800,11.9400,11.7600,11.9300,2562700,30371992.0000,3
2025-12-15,20251215131000000,sz.002842,11.9300,11.9600,11.8700,11.9400,1427300,17002480.0000,3
2025-12-15,20251215131500000,sz.002842,11.9300,11.9500,11.9000,11.9300,594400,7087200.0000,3
2025-12-15,20251215132000000,sz.002842,11.9300,11.9300,11.8600,11.8700,312600,3716416.0000,3
2025-12-15,20251215132500000,sz.002842,11.8700,11.8800,11.8600,11.8700,163300,1937728.0000,3
2025-12-15,20251215133000000,sz.002842,11.8600,11.8800,11.8000,11.8100,337500,3998048.0000,3
2025-12-15,20251215133500000,sz.002842,11.8000,11.8200,11.8000,11.8200,145400,1716912.0000,3
2025-12-15,20251215134000000,sz.002842,11.8200,11.8800,11.8100,11.8800,319200,3782080.0000,3
2025-12-15,20251215134500000,sz.002842,11.8800,11.8800,11.8500,11.8600,220700,2619392.0000,3
2025-12-15,20251215135000000,sz.002842,11.8600,11.9100,11.8600,11.9000,314600,3740256.0000,3
2025-12-15,20251215135500000,sz.002842,11.9000,11.9300,11.8900,11.9200,333900,3979088.0000,3
2025-12-15,20251215140000000,sz.002842,11.9100,11.9400,11.9100,11.9200,300300,3580784.0000,3
2025-12-15,20251215140500000,sz.002842,11.9300,11.9600,11.9100,11.9100,480500,5737408.0000,3
2025-12-15,20251215141000000,sz.002842,11.9100,11.9200,11.9000,11.9000,258800,3081024.0000,3
2025-12-15,20251215141500000,sz.002842,11.9000,11.9200,11.9000,11.9100,155900,1856640.0000,3
2025-12-15,20251215142000000,sz.002842,11.9000,11.9400,11.9000,11.9200,321500,3832032.0000,3
2025-12-15,20251215142500000,sz.002842,11.9200,11.9500,11.9200,11.9500,234800,2803152.0000,3
2025-12-15,20251215143000000,sz.002842,11.9500,11.9500,11.9100,11.9300,425700,5079808.0000,3
2025-12-15,20251215143500000,sz.002842,11.9300,11.9400,11.9000,11.9100,373700,4454800.0000,3
2025-12-15,20251215144000000,sz.002842,11.9000,11.9300,11.9000,11.9100,390100,4645472.0000,3
2025-12-15,20251215144500000,sz.002842,11.9200,11.9300,11.8900,11.9100,516100,6148240.0000,3
2025-12-15,20251215145000000,sz.002842,11.9000,11.9200,11.9000,11.9000,436600,5200848.0000,3
2025-12-15,20251215145500000,sz.002842,11.9000,11.9300,11.9000,11.9200,847000,10091088.0000,3
2025-12-15,20251215150000000,sz.002842,11.9200,11.9400,11.9100,11.9400,772400,9218608.0000,3
2025-12-16,20251216093500000,sz.002842,11.8900,12.1800,11.8900,12.1100,2359400,28425496.0000,3
2025-12-16,20251216094000000,sz.002842,12.0900,12.1500,11.9800,12.0700,1308800,15794824.0000,3
2025-12-16,20251216094500000,sz.002842,12.0600,12.0900,11.9800,12.0300,855500,10295520.0000,3
2025-12-16,20251216095000000,sz.002842,12.0200,12.0300,11.9500,11.9500,802700,9628720.0000,3
2025-12-16,20251216095500000,sz.002842,11.9600,11.9800,11.8900,11.9000,596800,7112264.0000,3
2025-12-16,20251216100000000,sz.002842,11.8900,12.0700,11.8700,12.0300,1032800,12369920.0000,3
2025-12-16,20251216100500000,sz.002842,12.0000,12.0100,11.9300,11.9300,559700,6702568.0000,3
2025-12-16,20251216101000000,sz.002842,11.9400,11.9900,11.9100,11.9200,489300,5841480.0000,3
2025-12-16,20251216101500000,sz.002842,11.9100,11.9100,11.8600,11.8800,553900,6586648.0000,3
2025-12-16,20251216102000000,sz.002842,11.8700,11.8800,11.8200,11.8300,397400,4709776.0000,3
2025-12-16,20251216102500000,sz.002842,11.8300,11.8600,11.8300,11.8300,279200,3305072.0000,3
2025-12-16,20251216103000000,sz.002842,11.8400,11.8800,11.8300,11.8700,259400,3074856.0000,3
2025-12-16,20251216103500000,sz.002842,11.8600,11.8600,11.7600,11.8000,481900,5685960.0000,3
2025-12-16,20251216104000000,sz.002842,11.8000,11.9400,11.7500,11.9100,765100,9060104.0000,3
2025-12-16,20251216104500000,sz.002842,11.9000,12.0200,11.8900,11.9500,545200,6521672.0000,3
2025-12-16,20251216105000000,sz.002842,11.9500,11.9800,11.9200,11.9600,347500,4151392.0000,3
2025-12-16,20251216105500000,sz.002842,11.9600,12.0100,11.9400,11.9500,358700,4296224.0000,3
2025-12-16,20251216110000000,sz.002842,11.9400,11.9600,11.9200,11.9600,188500,2250496.0000,3
2025-12-16,20251216110500000,sz.002842,11.9500,12.0700,11.9200,12.0100,576500,6921712.0000,3
2025-12-16,20251216111000000,sz.002842,12.0500,12.0700,11.9800,11.9800,458600,5515184.0000,3
2025-12-16,20251216111500000,sz.002842,11.9800,12.0500,11.9700,12.0400,299500,3597600.0000,3
2025-12-16,20251216112000000,sz.002842,12.0400,12.0700,11.9800,12.0000,367200,4417760.0000,3
2025-12-16,20251216112500000,sz.002842,11.9900,12.0200,11.9400,11.9500,141400,1695376.0000,3
2025-12-16,20251216113000000,sz.002842,11.9500,11.9600,11.9300,11.9400,81000,967856.0000,3
2025-12-16,20251216130500000,sz.002842,11.9300,12.1700,11.9100,12.1000,1662800,20097456.0000,3
2025-12-16,20251216131000000,sz.002842,12.1000,12.1800,12.0700,12.0700,707600,8574592.0000,3
2025-12-16,20251216131500000,sz.002842,12.0700,12.1000,12.0400,12.0500,384600,4633360.0000,3
2025-12-16,20251216132000000,sz.002842,12.0500,12.0500,11.9800,11.9800,238000,2859920.0000,3
2025-12-16,20251216132500000,sz.002842,11.9800,11.9800,11.9600,11.9700,240100,2873664.0000,3
2025-12-16,20251216133000000,sz.002842,11.9800,12.0100,11.9600,11.9900,253800,3040144.0000,3
2025-12-16,20251216133500000,sz.002842,12.0000,12.0000,11.9300,11.9600,337300,4029008.0000,3
2025-12-16,20251216134000000,sz.002842,11.9700,12.0000,11.9500,11.9800,192600,2306448.0000,3
2025-12-16,20251216134500000,sz.002842,11.9800,12.0500,11.9800,12.0200,300600,3612784.0000,3
2025-12-16,20251216135000000,sz.002842,12.0100,12.0500,12.0000,12.0400,357700,4303856.0000,3
2025-12-16,20251216135500000,sz.002842,12.0400,12.0400,11.9900,12.0300,187900,2256240.0000,3
2025-12-16,20251216140000000,sz.002842,12.0300,12.0700,12.0000,12.0200,203100,2444704.0000,3
2025-12-16,20251216140500000,sz.002842,12.0100,12.0400,11.9800,11.9900,176000,2113856.0000,3
2025-12-16,20251216141000000,sz.002842,12.0000,12.0300,11.9900,12.0100,135800,1630400.0000,3
2025-12-16,20251216141500000,sz.002842,12.0100,12.0300,11.9800,12.0300,476300,5712368.0000,3
2025-12-16,20251216142000000,sz.002842,12.0300,12.1000,12.0200,12.0800,352900,4258768.0000,3
2025-12-16,20251216142500000,sz.002842,12.0800,12.0800,12.0100,12.0300,267700,3224704.0000,3
2025-12-16,20251216143000000,sz.002842,12.0200,12.0300,12.0000,12.0000,185000,2222000.0000,3
2025-12-16,20251216143500000,sz.002842,12.0000,12.0200,11.9800,12.0000,433600,5201568.0000,3
2025-12-16,20251216144000000,sz.002842,12.0100,12.0300,11.9900,12.0200,376600,4521728.0000,3
2025-12-16,20251216144500000,sz.002842,12.0200,12.0300,12.0100,12.0200,331100,3978704.0000,3
2025-12-16,20251216145000000,sz.002842,12.0300,12.0300,11.9900,11.9900,484300,5817008.0000,3
2025-12-16,20251216145500000,sz.002842,12.0000,12.0000,11.9100,11.9500,830400,9923552.0000,3
2025-12-16,20251216150000000,sz.002842,11.9400,11.9900,11.9400,11.9800,560800,6708480.0000,3
2025-12-17,20251217093500000,sz.002842,12.0600,12.1900,11.9000,11.9100,2056800,24738054.0000,3
2025-12-17,20251217094000000,sz.002842,11.8900,11.9100,11.7700,11.8200,1065700,12597298.0000,3
2025-12-17,20251217094500000,sz.002842,11.8200,11.8700,11.7800,11.8000,758500,8960736.0000,3
2025-12-17,20251217095000000,sz.002842,11.8100,11.9000,11.7600,11.8500,991500,11714048.0000,3
2025-12-17,20251217095500000,sz.002842,11.8500,12.0100,11.7600,11.7900,1223700,14526784.0000,3
2025-12-17,20251217100000000,sz.002842,11.8200,11.9800,11.8000,11.9800,948700,11300200.0000,3
2025-12-17,20251217100500000,sz.002842,11.9500,11.9500,11.7800,11.8100,812400,9635928.0000,3
2025-12-17,20251217101000000,sz.002842,11.8100,11.8400,11.7500,11.7900,663600,7819704.0000,3
2025-12-17,20251217101500000,sz.002842,11.7900,11.7900,11.7400,11.7600,515900,6065888.0000,3
2025-12-17,20251217102000000,sz.002842,11.7600,11.8700,11.7400,11.8400,382300,4512528.0000,3
2025-12-17,20251217102500000,sz.002842,11.8400,11.8700,11.8100,11.8200,301600,3570672.0000,3
2025-12-17,20251217103000000,sz.002842,11.8300,12.0600,11.8000,12.0300,1740100,20827104.0000,3
2025-12-17,20251217103500000,sz.002842,12.0300,12.0300,11.9300,11.9300,1040000,12463376.0000,3
2025-12-17,20251217104000000,sz.002842,11.9300,12.0600,11.9100,12.0500,751600,9008160.0000,3
2025-12-17,20251217104500000,sz.002842,12.0900,12.0900,11.9700,11.9800,949800,11433904.0000,3
2025-12-17,20251217105000000,sz.002842,11.9800,12.1600,11.9700,12.0100,1147300,13843664.0000,3
2025-12-17,20251217105500000,sz.002842,12.0100,12.3000,11.9900,12.3000,2679600,32690528.0000,3
2025-12-17,20251217110000000,sz.002842,12.3000,12.3000,12.1600,12.2500,2378800,29094336.0000,3
2025-12-17,20251217110500000,sz.002842,12.2500,12.3600,12.2500,12.3600,2105400,25911936.0000,3
2025-12-17,20251217111000000,sz.002842,12.3300,12.4600,12.3100,12.3500,2666400,33017760.0000,3
2025-12-17,20251217111500000,sz.002842,12.3600,12.4500,12.3300,12.3300,1410200,17463136.0000,3
2025-12-17,20251217112000000,sz.002842,12.3400,12.4000,12.3100,12.3100,1093400,13503840.0000,3
2025-12-17,20251217112500000,sz.002842,12.3200,12.3500,12.2900,12.3400,686200,8456128.0000,3
2025-12-17,20251217113000000,sz.002842,12.3600,12.4500,12.2300,12.2400,2337900,28910816.0000,3
2025-12-17,20251217130500000,sz.002842,12.2500,12.2600,12.1300,12.1500,1479700,18073216.0000,3
2025-12-17,20251217131000000,sz.002842,12.1600,12.1800,12.1200,12.1800,555200,6737600.0000,3
2025-12-17,20251217131500000,sz.002842,12.1800,12.2100,12.1300,12.1500,392100,4768128.0000,3
2025-12-17,20251217132000000,sz.002842,12.1400,12.1600,12.1000,12.1000,475700,5766816.0000,3
2025-12-17,20251217132500000,sz.002842,12.1000,12.1200,12.0500,12.0800,747900,9034880.0000,3
2025-12-17,20251217133000000,sz.002842,12.0700,12.1100,12.0600,12.0700,410500,4960448.0000,3
2025-12-17,20251217133500000,sz.002842,12.0700,12.0800,12.0300,12.0700,483800,5832256.0000,3
2025-12-17,20251217134000000,sz.002842,12.0800,12.1500,12.0700,12.1400,286500,3468960.0000,3
2025-12-17,20251217134500000,sz.002842,12.1400,12.1600,12.1200,12.1400,379700,4609472.0000,3
2025-12-17,20251217135000000,sz.002842,12.1400,12.1600,12.1200,12.1400,302800,3674656.0000,3
2025-12-17,20251217135500000,sz.002842,12.1200,12.2000,12.1200,12.1600,361000,4393216.0000,3
2025-12-17,20251217140000000,sz.002842,12.1500,12.2400,12.1400,12.2400,377500,4600384.0000,3
2025-12-17,20251217140500000,sz.002842,12.2300,12.2400,12.2000,12.2100,327800,4003968.0000,3
2025-12-17,20251217141000000,sz.002842,12.2100,12.2400,12.1900,12.2300,338200,4130016.0000,3
2025-12-17,20251217141500000,sz.002842,12.2300,12.2900,12.2100,12.2200,548400,6717952.0000,3
2025-12-17,20251217142000000,sz.002842,12.2100,12.2400,12.2000,12.2300,587700,7182272.0000,3
2025-12-17,20251217142500000,sz.002842,12.2200,12.2600,12.2200,12.2500,419300,5134240.0000,3
2025-12-17,20251217143000000,sz.002842,12.2400,12.3000,12.2400,12.2700,588900,7227008.0000,3
2025-12-17,20251217143500000,sz.002842,12.2800,12.2800,12.2400,12.2700,593200,7269696.0000,3
2025-12-17,20251217144000000,sz.002842,12.2700,12.2700,12.2200,12.2200,509800,6239616.0000,3
2025-12-17,20251217144500000,sz.002842,12.2100,12.2500,12.2000,12.2300,593700,7254336.0000,3
2025-12-17,20251217145000000,sz.002842,12.2200,12.2400,12.1900,12.1900,935100,11427360.0000,3
2025-12-17,20251217145500000,sz.002842,12.2100,12.2200,12.1800,12.2000,1185000,14460768.0000,3
2025-12-17,20251217150000000,sz.002842,12.2100,12.2100,12.1800,12.2100,606900,7407328.0000,3
2025-12-18,20251218093500000,sz.002842,11.9300,12.2500,11.9000,12.1500,4887600,58964672.0000,3
2025-12-18,20251218094000000,sz.002842,12.1500,12.2400,12.1500,12.2300,2399500,29276032.0000,3
2025-12-18,20251218094500000,sz.002842,12.2100,12.2400,12.1200,12.2000,1545000,18851896.0000,3
2025-12-18,20251218095000000,sz.002842,12.2000,12.2900,12.1800,12.2900,1692400,20708736.0000,3
2025-12-18,20251218095500000,sz.002842,12.2800,12.3600,12.2800,12.3100,1615400,19900120.0000,3
2025-12-18,20251218100000000,sz.002842,12.3100,12.3700,12.2900,12.3300,1015500,12519712.0000,3
2025-12-18,20251218100500000,sz.002842,12.3200,12.3500,12.2600,12.3000,1129900,13896592.0000,3
2025-12-18,20251218101000000,sz.002842,12.2800,12.3000,12.2200,12.2500,1289100,15804320.0000,3
2025-12-18,20251218101500000,sz.002842,12.2300,12.2800,12.2200,12.2200,844700,10345376.0000,3
2025-12-18,20251218102000000,sz.002842,12.2400,12.2500,12.2100,12.2200,986200,12054864.0000,3
2025-12-18,20251218102500000,sz.002842,12.2100,12.2200,12.1800,12.2100,764400,9325008.0000,3
2025-12-18,20251218103000000,sz.002842,12.2100,12.2400,12.2100,12.2100,549600,6713520.0000,3
2025-12-18,20251218103500000,sz.002842,12.2100,12.2500,12.2000,12.2100,397400,4857376.0000,3
2025-12-18,20251218104000000,sz.002842,12.2000,12.2200,12.1300,12.1600,633900,7717392.0000,3
2025-12-18,20251218104500000,sz.002842,12.1600,12.1800,12.1500,12.1600,302600,3681424.0000,3
2025-12-18,20251218105000000,sz.002842,12.1700,12.1700,12.1100,12.1200,550600,6684080.0000,3
2025-12-18,20251218105500000,sz.002842,12.1200,12.1600,12.1100,12.1600,270200,3279120.0000,3
2025-12-18,20251218110000000,sz.002842,12.1500,12.1600,12.1200,12.1400,326600,3962816.0000,3
2025-12-18,20251218110500000,sz.002842,12.1400,12.1600,12.1300,12.1300,294900,3582160.0000,3
2025-12-18,20251218111000000,sz.002842,12.1300,12.1800,12.1200,12.1700,286200,3474176.0000,3
2025-12-18,20251218111500000,sz.002842,12.1700,12.2200,12.1500,12.2000,285400,3479296.0000,3
2025-12-18,20251218112000000,sz.002842,12.1900,12.2300,12.1900,12.2200,232400,2837664.0000,3
2025-12-18,20251218112500000,sz.002842,12.2200,12.2400,12.2100,12.2200,249600,3051744.0000,3
2025-12-18,20251218113000000,sz.002842,12.2200,12.2600,12.2200,12.2200,431200,5276160.0000,3
2025-12-18,20251218130500000,sz.002842,12.2200,12.2200,12.1500,12.1700,399100,4859584.0000,3
2025-12-18,20251218131000000,sz.002842,12.1600,12.2300,12.1500,12.2200,221900,2704512.0000,3
2025-12-18,20251218131500000,sz.002842,12.2200,12.2600,12.1900,12.2200,351700,4303616.0000,3
2025-12-18,20251218132000000,sz.002842,12.2200,12.2300,12.2100,12.2100,375900,4592352.0000,3
2025-12-18,20251218132500000,sz.002842,12.2100,12.2200,12.1900,12.2100,294200,3590592.0000,3
2025-12-18,20251218133000000,sz.002842,12.2100,12.2300,12.2000,12.2300,213300,2604064.0000,3
2025-12-18,20251218133500000,sz.002842,12.2200,12.2200,12.1900,12.1900,166400,2030464.0000,3
2025-12-18,20251218134000000,sz.002842,12.1900,12.1900,12.1400,12.1400,254900,3098944.0000,3
2025-12-18,20251218134500000,sz.002842,12.1400,12.1600,12.1300,12.1300,139400,1692032.0000,3
2025-12-18,20251218135000000,sz.002842,12.1300,12.1300,12.1000,12.1000,603600,7312032.0000,3
2025-12-18,20251218135500000,sz.002842,12.1100,12.1100,12.0800,12.0800,399100,4827360.0000,3
2025-12-18,20251218140000000,sz.002842,12.0800,12.0900,12.0600,12.0800,284000,3429088.0000,3
2025-12-18,20251218140500000,sz.002842,12.0700,12.1000,12.0600,12.0900,325200,3926688.0000,3
2025-12-18,20251218141000000,sz.002842,12.0800,12.1100,12.0700,12.0900,259700,3137312.0000,3
2025-12-18,20251218141500000,sz.002842,12.1000,12.1000,12.0800,12.0900,134500,1626784.0000,3
2025-12-18,20251218142000000,sz.002842,12.0900,12.1000,12.0700,12.0800,283800,3428960.0000,3
2025-12-18,20251218142500000,sz.002842,12.0900,12.0900,12.0600,12.0700,158200,1910656.0000,3
2025-12-18,20251218143000000,sz.002842,12.0600,12.0700,12.0500,12.0700,292400,3525792.0000,3
2025-12-18,20251218143500000,sz.002842,12.0800,12.1000,12.0700,12.0900,281200,3397568.0000,3
2025-12-18,20251218144000000,sz.002842,12.0900,12.0900,12.0500,12.0600,495400,5975552.0000,3
2025-12-18,20251218144500000,sz.002842,12.0700,12.0700,12.0600,12.0700,269900,3256928.0000,3
2025-12-18,20251218145000000,sz.002842,12.0700,12.0700,12.0300,12.0500,495200,5969984.0000,3
2025-12-18,20251218145500000,sz.002842,12.0600,12.0700,12.0300,12.0500,718200,8653024.0000,3
2025-12-18,20251218150000000,sz.002842,12.0500,12.0600,12.0300,12.0600,408000,4917408.0000,3
2025-12-19,20251219093500000,sz.002842,12.0600,12.2500,12.0500,12.1200,1985200,24176964.0000,3
2025-12-19,20251219094000000,sz.002842,12.1100,12.1500,11.9900,12.0000,864300,10422728.0000,3
2025-12-19,20251219094500000,sz.002842,12.0000,12.0800,11.9400,11.9600,887800,10661764.0000,3
2025-12-19,20251219095000000,sz.002842,11.9600,12.0100,11.9200,11.9900,859900,10272344.0000,3
2025-12-19,20251219095500000,sz.002842,11.9800,12.0200,11.9600,12.0000,685600,8219920.0000,3
2025-12-19,20251219100000000,sz.002842,12.0000,12.0400,11.9900,12.0000,442600,5320216.0000,3
2025-12-19,20251219100500000,sz.002842,12.0000,12.0500,11.9700,12.0200,472000,5667440.0000,3
2025-12-19,20251219101000000,sz.002842,12.0200,12.0900,12.0100,12.0900,278200,3351200.0000,3
2025-12-19,20251219101500000,sz.002842,12.0800,12.1600,12.0700,12.1500,492200,5964288.0000,3
2025-12-19,20251219102000000,sz.002842,12.1500,12.1700,12.1300,12.1500,340200,4132112.0000,3
2025-12-19,20251219102500000,sz.002842,12.1500,12.1700,12.1400,12.1400,400200,4861528.0000,3
2025-12-19,20251219103000000,sz.002842,12.1400,12.1600,12.1300,12.1600,228900,2778880.0000,3
2025-12-19,20251219103500000,sz.002842,12.1600,12.2400,12.1500,12.2200,692000,8439232.0000,3
2025-12-19,20251219104000000,sz.002842,12.2200,12.2700,12.1800,12.2600,910600,11134832.0000,3
2025-12-19,20251219104500000,sz.002842,12.2700,12.3200,12.2100,12.3100,1210800,14873288.0000,3
2025-12-19,20251219105000000,sz.002842,12.3000,12.3000,12.2200,12.2300,454900,5572592.0000,3
2025-12-19,20251219105500000,sz.002842,12.2300,12.2600,12.2200,12.2500,265500,3250640.0000,3
2025-12-19,20251219110000000,sz.002842,12.2500,12.2800,12.2400,12.2600,288500,3537520.0000,3
2025-12-19,20251219110500000,sz.002842,12.2600,12.4100,12.2600,12.4100,1823800,22503376.0000,3
2025-12-19,20251219111000000,sz.002842,12.4100,12.8000,12.4100,12.7500,5807100,73418000.0000,3
2025-12-19,20251219111500000,sz.002842,12.7400,12.7400,12.6000,12.6000,1222900,15484096.0000,3
2025-12-19,20251219112000000,sz.002842,12.6100,12.6700,12.5600,12.6000,945100,11896480.0000,3
2025-12-19,20251219112500000,sz.002842,12.6000,12.6200,12.5000,12.5200,656600,8240112.0000,3
2025-12-19,20251219113000000,sz.002842,12.5100,12.6200,12.5100,12.5300,560200,7038528.0000,3
2025-12-19,20251219130500000,sz.002842,12.5400,12.5400,12.4600,12.5000,710400,8878752.0000,3
2025-12-19,20251219131000000,sz.002842,12.4900,12.5200,12.4900,12.5100,202600,2532096.0000,3
2025-12-19,20251219131500000,sz.002842,12.5100,12.5100,12.4400,12.4500,463800,5779840.0000,3
2025-12-19,20251219132000000,sz.002842,12.4600,12.4700,12.4300,12.4600,325900,4056160.0000,3
2025-12-19,20251219132500000,sz.002842,12.4700,12.4700,12.4400,12.4400,287400,3578336.0000,3
2025-12-19,20251219133000000,sz.002842,12.4400,12.4400,12.4300,12.4300,229600,2855136.0000,3
2025-12-19,20251219133500000,sz.002842,12.4200,12.4700,12.4200,12.4600,274400,3413152.0000,3
2025-12-19,20251219134000000,sz.002842,12.4600,12.4800,12.4400,12.4700,313000,3900512.0000,3
2025-12-19,20251219134500000,sz.002842,12.4800,12.5300,12.4800,12.5300,626000,7831168.0000,3
2025-12-19,20251219135000000,sz.002842,12.5300,12.5300,12.5200,12.5200,375400,4701728.0000,3
2025-12-19,20251219135500000,sz.002842,12.5200,12.5300,12.5100,12.5100,303100,3796672.0000,3
2025-12-19,20251219140000000,sz.002842,12.5200,12.5800,12.5100,12.5500,1789100,22430656.0000,3
2025-12-19,20251219140500000,sz.002842,12.5500,12.5700,12.5100,12.5200,474300,5949024.0000,3
2025-12-19,20251219141000000,sz.002842,12.5200,12.5300,12.5000,12.5300,259600,3248448.0000,3
2025-12-19,20251219141500000,sz.002842,12.5300,12.5300,12.5100,12.5100,234600,2936960.0000,3
2025-12-19,20251219142000000,sz.002842,12.5000,12.5400,12.5000,12.5300,395900,4958688.0000,3
2025-12-19,20251219142500000,sz.002842,12.5300,12.6500,12.5100,12.6200,1213400,15282144.0000,3
2025-12-19,20251219143000000,sz.002842,12.6200,12.6300,12.5800,12.6000,362100,4563104.0000,3
2025-12-19,20251219143500000,sz.002842,12.5900,12.6000,12.5700,12.5800,381800,4804640.0000,3
2025-12-19,20251219144000000,sz.002842,12.5800,12.5800,12.5600,12.5700,240900,3026656.0000,3
2025-12-19,20251219144500000,sz.002842,12.5600,12.5800,12.5500,12.5800,333200,4186848.0000,3
2025-12-19,20251219145000000,sz.002842,12.5700,12.6000,12.5500,12.6000,842200,10596608.0000,3
2025-12-19,20251219145500000,sz.002842,12.6000,12.6800,12.5900,12.6600,1303100,16444640.0000,3
2025-12-19,20251219150000000,sz.002842,12.6600,12.6600,12.6400,12.6500,1032200,13059072.0000,3
2025-12-22,20251222093500000,sz.002842,12.8900,13.3700,12.8900,13.3000,7194500,94582976.0000,3
2025-12-22,20251222094000000,sz.002842,13.3400,13.5900,13.3400,13.5600,4579400,61745152.0000,3
2025-12-22,20251222094500000,sz.002842,13.5300,13.6900,13.3700,13.6100,2714400,36697184.0000,3
2025-12-22,20251222095000000,sz.002842,13.6300,13.7800,13.4400,13.7200,2659500,36181008.0000,3
2025-12-22,20251222095500000,sz.002842,13.7200,13.8600,13.5900,13.6000,2903600,39926064.0000,3
2025-12-22,20251222100000000,sz.002842,13.6000,13.6900,13.5800,13.6900,1279400,17438112.0000,3
2025-12-22,20251222100500000,sz.002842,13.6900,13.9200,13.6700,13.9200,9680500,134489024.0000,3
2025-12-22,20251222101000000,sz.002842,13.9200,13.9200,13.9200,13.9200,2171300,30224256.0000,3
2025-12-22,20251222101500000,sz.002842,13.9200,13.9200,13.9200,13.9200,789800,10994016.0000,3
2025-12-22,20251222102000000,sz.002842,13.9200,13.9200,13.9200,13.9200,1824700,25399840.0000,3
2025-12-22,20251222102500000,sz.002842,13.9200,13.9200,13.6600,13.9200,6667200,92467584.0000,3
2025-12-22,20251222103000000,sz.002842,13.9200,13.9200,13.6200,13.6600,5944000,82150713.0000,3
2025-12-22,20251222103500000,sz.002842,13.6900,13.7300,13.6000,13.6600,2335600,31918087.0000,3
2025-12-22,20251222104000000,sz.002842,13.6800,13.8800,13.6500,13.8100,1613600,22199677.0000,3
2025-12-22,20251222104500000,sz.002842,13.8100,13.8100,13.6700,13.7500,910500,12483526.0000,3
2025-12-22,20251222105000000,sz.002842,13.7500,13.8300,13.6900,13.7900,968500,13315253.0000,3
2025-12-22,20251222105500000,sz.002842,13.7900,13.9200,13.7800,13.9200,3729000,51873288.0000,3
2025-12-22,20251222110000000,sz.002842,13.9200,13.9200,13.9200,13.9200,409700,5703040.0000,3
2025-12-22,20251222110500000,sz.002842,13.9200,13.9200,13.9200,13.9200,285300,3971392.0000,3
2025-12-22,20251222111000000,sz.002842,13.9200,13.9200,13.9200,13.9200,402600,5604224.0000,3
2025-12-22,20251222111500000,sz.002842,13.9200,13.9200,13.9200,13.9200,162100,2256448.0000,3
2025-12-22,20251222112000000,sz.002842,13.9200,13.9200,13.9200,13.9200,229000,3187648.0000,3
2025-12-22,20251222112500000,sz.002842,13.9200,13.9200,13.9200,13.9200,170400,2371968.0000,3
2025-12-22,20251222113000000,sz.002842,13.9200,13.9200,13.9200,13.9200,168700,2348288.0000,3
2025-12-22,20251222130500000,sz.002842,13.9200,13.9200,13.9200,13.9200,1032600,14373824.0000,3
2025-12-22,20251222131000000,sz.002842,13.9200,13.9200,13.9200,13.9200,200900,2797248.0000,3
2025-12-22,20251222131500000,sz.002842,13.9200,13.9200,13.8300,13.8400,1324300,18411968.0000,3
2025-12-22,20251222132000000,sz.002842,13.8400,13.8400,13.7500,13.7700,1291900,17802172.0000,3
2025-12-22,20251222132500000,sz.002842,13.7600,13.7800,13.7100,13.7400,864300,11870788.0000,3
2025-12-22,20251222133000000,sz.002842,13.7400,13.7900,13.7300,13.7900,532500,7325690.0000,3
2025-12-22,20251222133500000,sz.002842,13.7800,13.9000,13.7100,13.7300,1266500,17494592.0000,3
2025-12-22,20251222134000000,sz.002842,13.7300,13.7700,13.6800,13.6800,900800,12350022.0000,3
2025-12-22,20251222134500000,sz.002842,13.6900,13.6900,13.6500,13.6700,701000,9585349.0000,3
2025-12-22,20251222135000000,sz.002842,13.6800,13.6800,13.6400,13.6500,585200,7991219.0000,3
2025-12-22,20251222135500000,sz.002842,13.6600,13.7600,13.6600,13.7000,690700,9470218.0000,3
2025-12-22,20251222140000000,sz.002842,13.7100,13.7300,13.6800,13.7000,513000,7030277.0000,3
2025-12-22,20251222140500000,sz.002842,13.7000,13.7400,13.6800,13.7300,517900,7099768.0000,3
2025-12-22,20251222141000000,sz.002842,13.7200,13.7700,13.7000,13.7400,491800,6749179.0000,3
2025-12-22,20251222141500000,sz.002842,13.7500,13.7500,13.7100,13.7300,534500,7338494.0000,3
2025-12-22,20251222142000000,sz.002842,13.7400,13.7500,13.7100,13.7400,496100,6810317.0000,3
2025-12-22,20251222142500000,sz.002842,13.7500,13.7700,13.7400,13.7400,573700,7891389.0000,3
2025-12-22,20251222143000000,sz.002842,13.7500,13.7600,13.7200,13.7500,530800,7293569.0000,3
2025-12-22,20251222143500000,sz.002842,13.7400,13.7600,13.7200,13.7200,783400,10760437.0000,3
2025-12-22,20251222144000000,sz.002842,13.7200,13.7500,13.6900,13.7000,927500,12723406.0000,3
2025-12-22,20251222144500000,sz.002842,13.7200,13.7800,13.7100,13.7700,1027200,14119937.0000,3
2025-12-22,20251222145000000,sz.002842,13.7600,13.7700,13.7200,13.7200,1030800,14164153.0000,3
2025-12-22,20251222145500000,sz.002842,13.7100,13.7300,13.6700,13.7200,2113500,28965632.0000,3
2025-12-22,20251222150000000,sz.002842,13.7200,13.7500,13.6900,13.7100,1102700,15130624.0000,3
2025-12-23,20251223093500000,sz.002842,13.9400,14.3700,13.9400,14.1900,16311800,230878000.0000,3
2025-12-23,20251223094000000,sz.002842,14.1800,14.9600,14.1300,14.8800,10595700,154409264.0000,3
2025-12-23,20251223094500000,sz.002842,14.8700,15.0800,14.8700,15.0800,5408000,81227232.0000,3
2025-12-23,20251223095000000,sz.002842,15.0800,15.0800,14.6800,14.8300,12269800,183701056.0000,3
2025-12-23,20251223095500000,sz.002842,14.8400,15.0800,14.8300,15.0800,5452200,81995200.0000,3
2025-12-23,20251223100000000,sz.002842,15.0800,15.0800,15.0800,15.0800,685600,10338816.0000,3
2025-12-23,20251223100500000,sz.002842,15.0800,15.0800,15.0800,15.0800,251800,3796544.0000,3
2025-12-23,20251223101000000,sz.002842,15.0800,15.0800,15.0800,15.0800,161900,2441728.0000,3
2025-12-23,20251223101500000,sz.002842,15.0800,15.0800,15.0800,15.0800,105900,1598016.0000,3
2025-12-23,20251223102000000,sz.002842,15.0800,15.0800,15.0800,15.0800,145000,2185728.0000,3
2025-12-23,20251223102500000,sz.002842,15.0800,15.0800,15.0800,15.0800,83500,1259200.0000,3
2025-12-23,20251223103000000,sz.002842,15.0800,15.0800,15.0800,15.0800,113300,1708544.0000,3
2025-12-23,20251223103500000,sz.002842,15.0800,15.0800,15.0800,15.0800,168900,2547008.0000,3
2025-12-23,20251223104000000,sz.002842,15.0800,15.0800,15.0800,15.0800,63100,951552.0000,3
2025-12-23,20251223104500000,sz.002842,15.0800,15.0800,15.0800,15.0800,89500,1349632.0000,3
2025-12-23,20251223105000000,sz.002842,15.0800,15.0800,15.0800,15.0800,58500,882176.0000,3
2025-12-23,20251223105500000,sz.002842,15.0800,15.0800,15.0800,15.0800,45600,687680.0000,3
2025-12-23,20251223110000000,sz.002842,15.0800,15.0800,15.0800,15.0800,39500,595648.0000,3
2025-12-23,20251223110500000,sz.002842,15.0800,15.0800,15.0800,15.0800,31600,476544.0000,3
2025-12-23,20251223111000000,sz.002842,15.0800,15.0800,15.0800,15.0800,58800,886720.0000,3
2025-12-23,20251223111500000,sz.002842,15.0800,15.0800,15.0800,15.0800,19000,286464.0000,3
2025-12-23,20251223112000000,sz.002842,15.0800,15.0800,15.0800,15.0800,14300,215680.0000,3
2025-12-23,20251223112500000,sz.002842,15.0800,15.0800,15.0800,15.0800,74400,1121920.0000,3
2025-12-23,20251223113000000,sz.002842,15.0800,15.0800,15.0800,15.0800,19200,289536.0000,3
2025-12-23,20251223130500000,sz.002842,15.0800,15.0800,15.0800,15.0800,77200,1164288.0000,3
2025-12-23,20251223131000000,sz.002842,15.0800,15.0800,15.0800,15.0800,29400,443392.0000,3
2025-12-23,20251223131500000,sz.002842,15.0800,15.0800,15.0800,15.0800,42800,645376.0000,3
2025-12-23,20251223132000000,sz.002842,15.0800,15.0800,15.0800,15.0800,24800,374016.0000,3
2025-12-23,20251223132500000,sz.002842,15.0800,15.0800,15.0800,15.0800,32700,493120.0000,3
2025-12-23,20251223133000000,sz.002842,15.0800,15.0800,15.0800,15.0800,18500,278976.0000,3
2025-12-23,20251223133500000,sz.002842,15.0800,15.0800,15.0800,15.0800,14600,220224.0000,3
2025-12-23,20251223134000000,sz.002842,15.0800,15.0800,15.0800,15.0800,47000,708800.0000,3
2025-12-23,20251223134500000,sz.002842,15.0800,15.0800,15.0800,15.0800,11700,176384.0000,3
2025-12-23,20251223135000000,sz.002842,15.0800,15.0800,15.0800,15.0800,18700,282048.0000,3
2025-12-23,20251223135500000,sz.002842,15.0800,15.0800,15.0800,15.0800,12100,182464.0000,3
2025-12-23,20251223140000000,sz.002842,15.0800,15.0800,15.0800,15.0800,17500,263872.0000,3
2025-12-23,20251223140500000,sz.002842,15.0800,15.0800,15.0800,15.0800,34200,515776.0000,3
2025-12-23,20251223141000000,sz.002842,15.0800,15.0800,15.0800,15.0800,46400,699648.0000,3
2025-12-23,20251223141500000,sz.002842,15.0800,15.0800,15.0800,15.0800,7900,119168.0000,3
2025-12-23,20251223142000000,sz.002842,15.0800,15.0800,15.0800,15.0800,23500,354368.0000,3
2025-12-23,20251223142500000,sz.002842,15.0800,15.0800,15.0800,15.0800,20100,303104.0000,3
2025-12-23,20251223143000000,sz.002842,15.0800,15.0800,15.0800,15.0800,13700,206592.0000,3
2025-12-23,20251223143500000,sz.002842,15.0800,15.0800,15.0800,15.0800,84100,1267840.0000,3
2025-12-23,20251223144000000,sz.002842,15.0800,15.0800,15.0800,15.0800,58600,883712.0000,3
2025-12-23,20251223144500000,sz.002842,15.0800,15.0800,15.0800,15.0800,42400,639360.0000,3
2025-12-23,20251223145000000,sz.002842,15.0800,15.0800,15.0800,15.0800,14400,217152.0000,3
2025-12-23,20251223145500000,sz.002842,15.0800,15.0800,15.0800,15.0800,23300,351360.0000,3
2025-12-23,20251223150000000,sz.002842,15.0800,15.0800,15.0800,15.0800,63400,956096.0000,3
2025-12-24,20251224093500000,sz.002842,15.3000,15.4400,14.2800,14.3500,18529500,275390784.0000,3
2025-12-24,20251224094000000,sz.002842,14.3200,14.3600,14.0300,14.1100,7333200,104116896.0000,3
2025-12-24,20251224094500000,sz.002842,14.1200,14.2300,14.0800,14.1400,4458700,63035296.0000,3
2025-12-24,20251224095000000,sz.002842,14.1300,14.5100,14.1300,14.3500,4085800,58805728.0000,3
2025-12-24,20251224095500000,sz.002842,14.3200,14.3600,14.2300,14.3000,2031600,29030080.0000,3
2025-12-24,20251224100000000,sz.002842,14.2900,14.2900,14.1400,14.2400,2668100,37835552.0000,3
2025-12-24,20251224100500000,sz.002842,14.2400,14.2400,14.0500,14.1100,2572000,36279872.0000,3
2025-12-24,20251224101000000,sz.002842,14.1000,14.1000,13.9000,14.0200,4906600,68520832.0000,3
2025-12-24,20251224101500000,sz.002842,14.0100,14.0200,13.9500,14.0100,1406400,19658368.0000,3
2025-12-24,20251224102000000,sz.002842,14.0100,14.2000,14.0000,14.1700,1573600,22131264.0000,3
2025-12-24,20251224102500000,sz.002842,14.1600,14.2300,14.0900,14.1300,996500,14101120.0000,3
2025-12-24,20251224103000000,sz.002842,14.1200,14.1200,13.9900,14.0000,1078600,15149056.0000,3
2025-12-24,20251224103500000,sz.002842,13.9900,13.9900,13.8800,13.9300,1891200,26349952.0000,3
2025-12-24,20251224104000000,sz.002842,13.9400,14.0300,13.9300,14.0200,772700,10800448.0000,3
2025-12-24,20251224104500000,sz.002842,14.0200,14.1000,14.0000,14.0900,619800,8704576.0000,3
2025-12-24,20251224105000000,sz.002842,14.0800,14.1700,14.0600,14.1700,797000,11249216.0000,3
2025-12-24,20251224105500000,sz.002842,14.1600,14.2000,14.1000,14.1400,873100,12359936.0000,3
2025-12-24,20251224110000000,sz.002842,14.1400,14.1400,14.0700,14.0900,603700,8508800.0000,3
2025-12-24,20251224110500000,sz.002842,14.0900,14.0900,14.0200,14.0300,841100,11825280.0000,3
2025-12-24,20251224111000000,sz.002842,14.0300,14.0400,13.9600,14.0000,1207300,16905152.0000,3
2025-12-24,20251224111500000,sz.002842,13.9900,14.0300,13.9700,13.9900,906900,12693824.0000,3
2025-12-24,20251224112000000,sz.002842,13.9900,14.0200,13.9800,13.9900,1198000,16767104.0000,3
2025-12-24,20251224112500000,sz.002842,13.9900,14.0100,13.9600,13.9600,741200,10366464.0000,3
2025-12-24,20251224113000000,sz.002842,13.9600,14.0900,13.9600,14.0800,969300,13591168.0000,3
2025-12-24,20251224130500000,sz.002842,14.0900,14.1700,14.0800,14.1100,1264100,17838848.0000,3
2025-12-24,20251224131000000,sz.002842,14.1100,14.2200,14.0900,14.1700,762400,10793920.0000,3
2025-12-24,20251224131500000,sz.002842,14.1600,14.2400,14.1300,14.2000,885400,12554944.0000,3
2025-12-24,20251224132000000,sz.002842,14.2000,14.2000,14.0200,14.0300,1294100,18251136.0000,3
2025-12-24,20251224132500000,sz.002842,14.0400,14.0600,14.0000,14.0400,1056100,14808448.0000,3
2025-12-24,20251224133000000,sz.002842,14.0400,14.0400,13.9700,13.9700,1212800,16967744.0000,3
2025-12-24,20251224133500000,sz.002842,13.9700,14.0800,13.9700,14.0500,723000,10147264.0000,3
2025-12-24,20251224134000000,sz.002842,14.0400,14.0600,14.0100,14.0300,726400,10193024.0000,3
2025-12-24,20251224134500000,sz.002842,14.0300,14.0800,14.0200,14.0400,658200,9252224.0000,3
2025-12-24,20251224135000000,sz.002842,14.0400,14.0900,14.0400,14.0700,653200,9189888.0000,3
2025-12-24,20251224135500000,sz.002842,14.0800,14.1100,14.0300,14.0500,723800,10181120.0000,3
2025-12-24,20251224140000000,sz.002842,14.0400,14.0800,14.0400,14.0500,475400,6686016.0000,3
2025-12-24,20251224140500000,sz.002842,14.0400,14.0600,14.0200,14.0600,397200,5577152.0000,3
2025-12-24,20251224141000000,sz.002842,14.0500,14.0700,14.0400,14.0600,557900,7839936.0000,3
2025-12-24,20251224141500000,sz.002842,14.0500,14.0800,14.0100,14.0100,1195700,16776256.0000,3
2025-12-24,20251224142000000,sz.002842,14.0100,14.0200,13.9800,14.0000,842400,11788544.0000,3
2025-12-24,20251224142500000,sz.002842,13.9900,14.0100,13.9800,13.9900,546600,7648896.0000,3
2025-12-24,20251224143000000,sz.002842,13.9900,14.0000,13.9600,13.9700,975200,13628544.0000,3
2025-12-24,20251224143500000,sz.002842,13.9700,14.0100,13.9500,14.0000,1278300,17863808.0000,3
2025-12-24,20251224144000000,sz.002842,13.9900,14.0300,13.9900,14.0000,811200,11361536.0000,3
2025-12-24,20251224144500000,sz.002842,13.9900,14.0200,13.9700,13.9800,1607700,22494336.0000,3
2025-12-24,20251224145000000,sz.002842,13.9800,14.0100,13.9800,13.9800,1585700,22189824.0000,3
2025-12-24,20251224145500000,sz.002842,13.9800,14.0600,13.9800,14.0200,2137000,29952640.0000,3
2025-12-24,20251224150000000,sz.002842,14.0200,14.0800,13.9800,14.0800,2845100,39939200.0000,3
2025-12-25,20251225093500000,sz.002842,13.8500,13.9200,13.6800,13.7500,8159600,112441280.0000,3
2025-12-25,20251225094000000,sz.002842,13.7500,13.8700,13.6900,13.7100,2962700,40723056.0000,3
2025-12-25,20251225094500000,sz.002842,13.7200,13.9500,13.7200,13.8600,1914700,26410720.0000,3
2025-12-25,20251225095000000,sz.002842,13.8600,13.8800,13.7000,13.7000,2003100,27617856.0000,3
2025-12-25,20251225095500000,sz.002842,13.7000,13.7200,13.5600,13.5600,3133300,42813744.0000,3
2025-12-25,20251225100000000,sz.002842,13.5600,13.5900,13.4700,13.4700,4312700,58310496.0000,3
2025-12-25,20251225100500000,sz.002842,13.4700,13.5500,13.4600,13.5400,1868100,25228800.0000,3
2025-12-25,20251225101000000,sz.002842,13.5400,13.6000,13.5000,13.6000,1338900,18159328.0000,3
2025-12-25,20251225101500000,sz.002842,13.6000,13.6900,13.5900,13.6700,1092100,14887968.0000,3
2025-12-25,20251225102000000,sz.002842,13.6700,13.6700,13.6000,13.6000,761400,10382592.0000,3
2025-12-25,20251225102500000,sz.002842,13.6000,13.6600,13.6000,13.6300,940700,12825536.0000,3
2025-12-25,20251225103000000,sz.002842,13.6200,13.7700,13.6200,13.7100,871300,11946016.0000,3
2025-12-25,20251225103500000,sz.002842,13.7100,13.7100,13.6700,13.6700,572500,7838112.0000,3
2025-12-25,20251225104000000,sz.002842,13.6600,13.8400,13.6200,13.7500,1479500,20382560.0000,3
2025-12-25,20251225104500000,sz.002842,13.7800,13.8500,13.7500,13.8500,550000,7590528.0000,3
2025-12-25,20251225105000000,sz.002842,13.8300,13.8400,13.7800,13.7800,627800,8673536.0000,3
2025-12-25,20251225105500000,sz.002842,13.7900,13.7900,13.7600,13.7600,368800,5079968.0000,3
2025-12-25,20251225110000000,sz.002842,13.7700,13.7900,13.7400,13.7600,208800,2874048.0000,3
2025-12-25,20251225110500000,sz.002842,13.7500,13.7600,13.6900,13.7000,592400,8123936.0000,3
2025-12-25,20251225111000000,sz.002842,13.7000,13.7100,13.6600,13.6800,272900,3735296.0000,3
2025-12-25,20251225111500000,sz.002842,13.6900,13.7000,13.6600,13.6600,472500,6466496.0000,3
2025-12-25,20251225112000000,sz.002842,13.6500,13.6500,13.6000,13.6000,792900,10794816.0000,3
2025-12-25,20251225112500000,sz.002842,13.6100,13.6200,13.5700,13.5800,486600,6617728.0000,3
2025-12-25,20251225113000000,sz.002842,13.5800,13.6100,13.5700,13.6100,458000,6223360.0000,3
2025-12-25,20251225130500000,sz.002842,13.6100,13.6200,13.5600,13.5900,518900,7049184.0000,3
2025-12-25,20251225131000000,sz.002842,13.5800,13.6000,13.5600,13.5800,504400,6849824.0000,3
2025-12-25,20251225131500000,sz.002842,13.5800,13.5800,13.5400,13.5700,685500,9295200.0000,3
2025-12-25,20251225132000000,sz.002842,13.5700,13.6200,13.5600,13.6200,417600,5672864.0000,3
2025-12-25,20251225132500000,sz.002842,13.6100,13.6600,13.5900,13.6100,507900,6917024.0000,3
2025-12-25,20251225133000000,sz.002842,13.6100,13.6100,13.5800,13.6000,380100,5167008.0000,3
2025-12-25,20251225133500000,sz.002842,13.6000,13.6100,13.5500,13.5500,748500,10162554.0000,3
2025-12-25,20251225134000000,sz.002842,13.5500,13.5700,13.5300,13.5500,395300,5355724.0000,3
2025-12-25,20251225134500000,sz.002842,13.5500,13.5500,13.5200,13.5200,379200,5131580.0000,3
2025-12-25,20251225135000000,sz.002842,13.5200,13.5400,13.5100,13.5200,535000,7236162.0000,3
2025-12-25,20251225135500000,sz.002842,13.5200,13.5500,13.5200,13.5300,304100,4114940.0000,3
2025-12-25,20251225140000000,sz.002842,13.5300,13.5700,13.5300,13.5500,351800,4768576.0000,3
2025-12-25,20251225140500000,sz.002842,13.5600,13.6100,13.5500,13.5700,698200,9479551.0000,3
2025-12-25,20251225141000000,sz.002842,13.5700,13.6000,13.5600,13.5600,336500,4567227.0000,3
2025-12-25,20251225141500000,sz.002842,13.5600,13.6000,13.5500,13.5700,507800,6890815.0000,3
2025-12-25,20251225142000000,sz.002842,13.5800,13.5800,13.5500,13.5600,319200,4330887.0000,3
2025-12-25,20251225142500000,sz.002842,13.5600,13.5700,13.5500,13.5700,360400,4886464.0000,3
2025-12-25,20251225143000000,sz.002842,13.5600,13.5800,13.5500,13.5800,437700,5939896.0000,3
2025-12-25,20251225143500000,sz.002842,13.5800,13.5800,13.5300,13.5400,664200,8995471.0000,3
2025-12-25,20251225144000000,sz.002842,13.5400,13.5500,13.5200,13.5300,562700,7616128.0000,3
2025-12-25,20251225144500000,sz.002842,13.5400,13.5400,13.5100,13.5200,1149000,15537786.0000,3
2025-12-25,20251225145000000,sz.002842,13.5200,13.5400,13.5000,13.5000,1242000,16788742.0000,3
2025-12-25,20251225145500000,sz.002842,13.5100,13.5300,13.5000,13.5000,1675000,22631153.0000,3
2025-12-25,20251225150000000,sz.002842,13.5000,13.5500,13.5000,13.5500,1552800,21001607.0000,3
2025-12-26,20251226093500000,sz.002842,13.7900,13.7900,13.5300,13.5700,4763100,65158356.0000,3
2025-12-26,20251226094000000,sz.002842,13.6000,13.7300,13.5800,13.6900,2187200,29853636.0000,3
2025-12-26,20251226094500000,sz.002842,13.6900,13.7300,13.6000,13.6300,1333700,18221488.0000,3
2025-12-26,20251226095000000,sz.002842,13.6400,13.6800,13.5800,13.6200,1233800,16818440.0000,3
2025-12-26,20251226095500000,sz.002842,13.6200,13.6700,13.6000,13.6500,898300,12250080.0000,3
2025-12-26,20251226100000000,sz.002842,13.6500,13.6700,13.6000,13.6400,809200,11034352.0000,3
2025-12-26,20251226100500000,sz.002842,13.6400,13.6700,13.5900,13.6400,914700,12458032.0000,3
2025-12-26,20251226101000000,sz.002842,13.6400,13.7200,13.6400,13.7200,1152700,15779920.0000,3
2025-12-26,20251226101500000,sz.002842,13.7300,13.8500,13.7200,13.8400,2745100,37844256.0000,3
2025-12-26,20251226102000000,sz.002842,13.8500,13.8800,13.7800,13.8400,2744300,38020608.0000,3
2025-12-26,20251226102500000,sz.002842,13.8500,13.8600,13.7800,13.8200,1383200,19110976.0000,3
2025-12-26,20251226103000000,sz.002842,13.8200,13.8700,13.7900,13.8400,866200,11985472.0000,3
2025-12-26,20251226103500000,sz.002842,13.8500,14.1800,13.8300,14.1800,3915000,54744256.0000,3
2025-12-26,20251226104000000,sz.002842,14.1700,14.3600,14.1100,14.1900,5260100,74910528.0000,3
2025-12-26,20251226104500000,sz.002842,14.2000,14.4100,14.1400,14.4100,3252700,46426592.0000,3
2025-12-26,20251226105000000,sz.002842,14.4600,14.7400,14.4600,14.4800,4765200,69515264.0000,3
2025-12-26,20251226105500000,sz.002842,14.4700,14.5500,14.3700,14.3700,2328900,33724960.0000,3
2025-12-26,20251226110000000,sz.002842,14.3900,14.4200,14.3400,14.3500,872400,12538688.0000,3
2025-12-26,20251226110500000,sz.002842,14.3600,14.4300,14.3400,14.3700,873500,12561408.0000,3
2025-12-26,20251226111000000,sz.002842,14.4000,14.4000,14.2800,14.2900,945200,13534528.0000,3
2025-12-26,20251226111500000,sz.002842,14.2900,14.3000,14.1800,14.1800,773900,11027456.0000,3
2025-12-26,20251226112000000,sz.002842,14.1800,14.2200,14.1400,14.2200,1241800,17609784.0000,3
2025-12-26,20251226112500000,sz.002842,14.2200,14.2400,14.1500,14.1700,922500,13084864.0000,3
2025-12-26,20251226113000000,sz.002842,14.1700,14.2700,14.1700,14.2700,785300,11170824.0000,3
2025-12-26,20251226130500000,sz.002842,14.2700,14.2700,14.0900,14.1800,1032100,14628924.0000,3
2025-12-26,20251226131000000,sz.002842,14.1600,14.2000,14.1000,14.1000,407200,5762698.0000,3
2025-12-26,20251226131500000,sz.002842,14.1000,14.4200,14.0900,14.3600,1446900,20688126.0000,3
2025-12-26,20251226132000000,sz.002842,14.4000,14.4100,14.3100,14.3800,716900,10303996.0000,3
2025-12-26,20251226132500000,sz.002842,14.3800,14.4500,14.3400,14.3400,454200,6534784.0000,3
2025-12-26,20251226133000000,sz.002842,14.3500,14.3600,14.3100,14.3300,244700,3506816.0000,3
2025-12-26,20251226133500000,sz.002842,14.3300,14.5500,14.3200,14.5500,1164900,16793024.0000,3
2025-12-26,20251226134000000,sz.002842,14.5500,14.9100,14.5500,14.9100,8780400,130220800.0000,3
2025-12-26,20251226134500000,sz.002842,14.9100,14.9100,14.9100,14.9100,1002100,14941312.0000,3
2025-12-26,20251226135000000,sz.002842,14.9100,14.9100,14.9100,14.9100,550900,8213888.0000,3
2025-12-26,20251226135500000,sz.002842,14.9100,14.9100,14.9100,14.9100,284600,4243392.0000,3
2025-12-26,20251226140000000,sz.002842,14.9100,14.9100,14.9100,14.9100,123100,1835456.0000,3
2025-12-26,20251226140500000,sz.002842,14.9100,14.9100,14.9100,14.9100,105600,1574464.0000,3
2025-12-26,20251226141000000,sz.002842,14.9100,14.9100,14.9100,14.9100,230800,3441216.0000,3
2025-12-26,20251226141500000,sz.002842,14.9100,14.9100,14.9100,14.9100,92100,1373248.0000,3
2025-12-26,20251226142000000,sz.002842,14.9100,14.9100,14.9100,14.9100,94500,1408960.0000,3
2025-12-26,20251226142500000,sz.002842,14.9100,14.9100,14.9100,14.9100,1627300,24263040.0000,3
2025-12-26,20251226143000000,sz.002842,14.9100,14.9100,14.6700,14.8100,3676400,54353472.0000,3
2025-12-26,20251226143500000,sz.002842,14.8200,14.9100,14.7500,14.7500,2111300,31338752.0000,3
2025-12-26,20251226144000000,sz.002842,14.7500,14.8100,14.7200,14.7400,1488700,21973632.0000,3
2025-12-26,20251226144500000,sz.002842,14.7100,14.7100,14.5900,14.6100,1965200,28788480.0000,3
2025-12-26,20251226145000000,sz.002842,14.6300,14.6700,14.5600,14.6200,1320800,19301760.0000,3
2025-12-26,20251226145500000,sz.002842,14.6200,14.6700,14.6100,14.6100,1789600,26197504.0000,3
2025-12-26,20251226150000000,sz.002842,14.6000,14.6200,14.5800,14.5900,1714700,25028352.0000,3
2025-12-29,20251229093500000,sz.002842,14.9200,15.3100,14.6500,15.2800,14738400,220545696.0000,3
2025-12-29,20251229094000000,sz.002842,15.2800,15.2800,14.8100,14.8100,5706400,86192352.0000,3
2025-12-29,20251229094500000,sz.002842,14.8200,14.9800,14.7900,14.8300,3812500,56838592.0000,3
2025-12-29,20251229095000000,sz.002842,14.8000,14.9500,14.7000,14.9400,3485800,51593568.0000,3
2025-12-29,20251229095500000,sz.002842,14.9000,15.0500,14.8800,14.9700,2146400,32104352.0000,3
2025-12-29,20251229100000000,sz.002842,14.9300,15.1500,14.9100,15.0400,2157000,32439552.0000,3
2025-12-29,20251229100500000,sz.002842,15.0300,15.1200,15.0000,15.0900,1233500,18560480.0000,3
2025-12-29,20251229101000000,sz.002842,15.0800,15.1700,15.0400,15.1000,1250100,18888192.0000,3
2025-12-29,20251229101500000,sz.002842,15.0900,15.1000,14.9700,14.9700,1482900,22328608.0000,3
2025-12-29,20251229102000000,sz.002842,14.9800,15.0400,14.9700,14.9700,958000,14364742.0000,3
2025-12-29,20251229102500000,sz.002842,14.9700,15.0800,14.9600,15.0100,981000,14738935.0000,3
2025-12-29,20251229103000000,sz.002842,14.9900,15.0000,14.9200,14.9400,882600,13191689.0000,3
2025-12-29,20251229103500000,sz.002842,14.9400,14.9500,14.8500,14.8900,1086400,16172543.0000,3
2025-12-29,20251229104000000,sz.002842,14.9100,14.9200,14.8600,14.8700,736300,10960245.0000,3
2025-12-29,20251229104500000,sz.002842,14.8700,14.9500,14.8500,14.9500,715900,10654534.0000,3
2025-12-29,20251229105000000,sz.002842,14.9500,15.0300,14.9400,14.9600,583600,8752700.0000,3
2025-12-29,20251229105500000,sz.002842,14.9600,15.0600,14.9400,15.0500,598200,8965502.0000,3
2025-12-29,20251229110000000,sz.002842,15.0400,15.1400,15.0400,15.0800,643100,9706243.0000,3
2025-12-29,20251229110500000,sz.002842,15.0800,15.1100,15.0200,15.0500,459300,6920829.0000,3
2025-12-29,20251229111000000,sz.002842,15.0400,15.0500,14.9900,15.0100,322700,4843262.0000,3
2025-12-29,20251229111500000,sz.002842,15.0100,15.0500,14.9800,15.0100,281200,4221952.0000,3
2025-12-29,20251229112000000,sz.002842,15.0100,15.0800,15.0100,15.0800,465700,7003465.0000,3
2025-12-29,20251229112500000,sz.002842,15.0700,15.0700,15.0000,15.0400,289900,4359679.0000,3
2025-12-29,20251229113000000,sz.002842,15.0400,15.0500,14.9800,14.9900,349800,5249024.0000,3
2025-12-29,20251229130500000,sz.002842,15.0000,15.0300,14.8800,14.8800,709200,10596672.0000,3
2025-12-29,20251229131000000,sz.002842,14.8800,14.9000,14.8300,14.8300,609200,9054592.0000,3
2025-12-29,20251229131500000,sz.002842,14.8200,14.8200,14.7600,14.7900,604600,8940801.0000,3
2025-12-29,20251229132000000,sz.002842,14.7800,14.7900,14.7500,14.7800,502600,7421183.0000,3
2025-12-29,20251229132500000,sz.002842,14.7700,14.8000,14.7100,14.8000,811900,11974456.0000,3
2025-12-29,20251229133000000,sz.002842,14.8000,14.8700,14.7800,14.8600,584000,8663241.0000,3
2025-12-29,20251229133500000,sz.002842,14.8600,14.9200,14.8200,14.8600,560300,8328823.0000,3
2025-12-29,20251229134000000,sz.002842,14.8700,14.9500,14.8300,14.9100,371300,5525697.0000,3
2025-12-29,20251229134500000,sz.002842,14.9200,14.9700,14.8800,14.8900,528500,7884102.0000,3
2025-12-29,20251229135000000,sz.002842,14.8800,14.9400,14.8600,14.8900,448100,6674816.0000,3
2025-12-29,20251229135500000,sz.002842,14.8800,14.9200,14.8800,14.9000,421700,6281729.0000,3
2025-12-29,20251229140000000,sz.002842,14.9000,14.9400,14.8900,14.9000,601800,8974841.0000,3
2025-12-29,20251229140500000,sz.002842,14.9000,14.9000,14.8300,14.8400,637800,9473795.0000,3
2025-12-29,20251229141000000,sz.002842,14.8300,14.8800,14.8300,14.8500,463900,6891338.0000,3
2025-12-29,20251229141500000,sz.002842,14.8500,14.8900,14.8400,14.8700,424700,6310452.0000,3
2025-12-29,20251229142000000,sz.002842,14.8600,15.0300,14.8600,14.9900,994100,14865922.0000,3
2025-12-29,20251229142500000,sz.002842,15.0000,15.0100,14.9400,14.9600,439800,6589252.0000,3
2025-12-29,20251229143000000,sz.002842,14.9600,14.9700,14.9100,14.9200,508600,7598535.0000,3
2025-12-29,20251229143500000,sz.002842,14.9100,14.9300,14.8800,14.9200,630400,9397241.0000,3
2025-12-29,20251229144000000,sz.002842,14.9100,14.9500,14.8900,14.9300,585700,8736572.0000,3
2025-12-29,20251229144500000,sz.002842,14.9400,14.9400,14.8700,14.9000,790700,11777084.0000,3
2025-12-29,20251229145000000,sz.002842,14.9000,14.9200,14.8900,14.8900,807700,12035652.0000,3
2025-12-29,20251229145500000,sz.002842,14.8800,14.8900,14.8500,14.8500,1032800,15359808.0000,3
2025-12-29,20251229150000000,sz.002842,14.8500,14.8900,14.8400,14.8700,1740800,25880580.0000,3
2025-12-30,20251230093500000,sz.002842,14.5100,14.5800,14.3200,14.4700,8682100,125756192.0000,3
2025-12-30,20251230094000000,sz.002842,14.4800,14.7000,14.4600,14.5600,2332100,33935728.0000,3
2025-12-30,20251230094500000,sz.002842,14.5500,14.7700,14.5500,14.7200,2237100,32806016.0000,3
2025-12-30,20251230095000000,sz.002842,14.7000,14.7500,14.5500,14.5600,2032000,29756048.0000,3
2025-12-30,20251230095500000,sz.002842,14.5600,14.6600,14.5500,14.5700,1299400,18971600.0000,3
2025-12-30,20251230100000000,sz.002842,14.5900,14.7000,14.5700,14.5800,695900,10186816.0000,3
2025-12-30,20251230100500000,sz.002842,14.5900,14.6800,14.5800,14.6500,876800,12812544.0000,3
2025-12-30,20251230101000000,sz.002842,14.6400,14.8500,14.6400,14.8000,1572900,23238192.0000,3
2025-12-30,20251230101500000,sz.002842,14.8100,15.0000,14.7700,14.8400,2221100,33112064.0000,3
2025-12-30,20251230102000000,sz.002842,14.8400,14.9300,14.8400,14.8500,759400,11310784.0000,3
2025-12-30,20251230102500000,sz.002842,14.8300,14.8600,14.7900,14.7900,390400,5787968.0000,3
2025-12-30,20251230103000000,sz.002842,14.8100,14.8200,14.7300,14.7400,408500,6034880.0000,3
2025-12-30,20251230103500000,sz.002842,14.7300,14.8800,14.7300,14.8500,533100,7896352.0000,3
2025-12-30,20251230104000000,sz.002842,14.8500,14.9500,14.8100,14.9400,654400,9746240.0000,3
2025-12-30,20251230104500000,sz.002842,14.9500,14.9900,14.9000,14.9100,956600,14295168.0000,3
2025-12-30,20251230105000000,sz.002842,14.9300,14.9700,14.9100,14.9200,434300,6490464.0000,3
2025-12-30,20251230105500000,sz.002842,14.9100,14.9400,14.9000,14.9300,435100,6489696.0000,3
2025-12-30,20251230110000000,sz.002842,14.9200,15.0400,14.9200,15.0100,1091200,16355712.0000,3
2025-12-30,20251230110500000,sz.002842,15.0200,15.0500,14.9700,14.9700,494100,7417120.0000,3
2025-12-30,20251230111000000,sz.002842,14.9700,14.9800,14.9200,14.9400,317500,4745760.0000,3
2025-12-30,20251230111500000,sz.002842,14.9400,14.9700,14.9200,14.9200,313000,4678240.0000,3
2025-12-30,20251230112000000,sz.002842,14.9200,14.9300,14.8800,14.9200,512100,7633856.0000,3
2025-12-30,20251230112500000,sz.002842,14.9200,14.9300,14.8700,14.9100,380800,5675968.0000,3
2025-12-30,20251230113000000,sz.002842,14.9200,14.9600,14.9100,14.9500,287400,4294496.0000,3
2025-12-30,20251230130500000,sz.002842,14.9300,14.9300,14.7800,14.7800,442500,6568288.0000,3
2025-12-30,20251230131000000,sz.002842,14.7800,14.8000,14.7300,14.7500,381600,5634144.0000,3
2025-12-30,20251230131500000,sz.002842,14.7500,14.7800,14.7200,14.7500,347700,5129312.0000,3
2025-12-30,20251230132000000,sz.002842,14.7500,14.7800,14.7300,14.7500,351800,5190176.0000,3
2025-12-30,20251230132500000,sz.002842,14.7500,14.8000,14.7300,14.7900,454200,6702432.0000,3
2025-12-30,20251230133000000,sz.002842,14.7900,14.8000,14.7400,14.7700,384400,5677888.0000,3
2025-12-30,20251230133500000,sz.002842,14.7800,14.8400,14.7700,14.8000,387800,5736928.0000,3
2025-12-30,20251230134000000,sz.002842,14.8000,14.8100,14.7500,14.7800,336000,4964896.0000,3
2025-12-30,20251230134500000,sz.002842,14.7700,14.7800,14.7300,14.7300,416700,6148576.0000,3
2025-12-30,20251230135000000,sz.002842,14.7300,14.7600,14.7000,14.7200,638000,9391136.0000,3
2025-12-30,20251230135500000,sz.002842,14.7100,14.7500,14.7100,14.7400,319300,4704768.0000,3
2025-12-30,20251230140000000,sz.002842,14.7400,14.7600,14.7200,14.7200,251100,3701184.0000,3
2025-12-30,20251230140500000,sz.002842,14.7100,14.7500,14.6900,14.7300,563800,8292064.0000,3
2025-12-30,20251230141000000,sz.002842,14.7300,14.7500,14.7100,14.7300,268900,3961632.0000,3
2025-12-30,20251230141500000,sz.002842,14.7400,14.7800,14.7400,14.7800,373800,5517568.0000,3
2025-12-30,20251230142000000,sz.002842,14.7800,14.8100,14.7700,14.7800,268200,3966336.0000,3
2025-12-30,20251230142500000,sz.002842,14.7800,14.8000,14.7700,14.7700,215600,3186976.0000,3
2025-12-30,20251230143000000,sz.002842,14.7800,14.7800,14.7400,14.7400,398000,5872634.0000,3
2025-12-30,20251230143500000,sz.002842,14.7500,14.7700,14.7200,14.7200,501500,7388301.0000,3
2025-12-30,20251230144000000,sz.002842,14.7200,14.7400,14.7200,14.7300,441500,6503093.0000,3
2025-12-30,20251230144500000,sz.002842,14.7300,14.7400,14.7100,14.7100,393800,5798020.0000,3
2025-12-30,20251230145000000,sz.002842,14.7100,14.7500,14.7000,14.7200,870600,12817153.0000,3
2025-12-30,20251230145500000,sz.002842,14.7000,14.7400,14.7000,14.7300,714900,10523135.0000,3
2025-12-30,20251230150000000,sz.002842,14.7200,14.7600,14.7000,14.7000,950300,13978176.0000,3
2025-12-31,20251231093500000,sz.002842,14.7100,14.9700,14.6800,14.9700,2667000,39477372.0000,3
2025-12-31,20251231094000000,sz.002842,14.9700,14.9900,14.8600,14.8600,1356800,20263644.0000,3
2025-12-31,20251231094500000,sz.002842,14.8200,14.8700,14.7800,14.8200,1190100,17638744.0000,3
2025-12-31,20251231095000000,sz.002842,14.8100,14.8300,14.7100,14.8100,952000,14059944.0000,3
2025-12-31,20251231095500000,sz.002842,14.8100,14.8700,14.7600,14.7700,801000,11870408.0000,3
2025-12-31,20251231100000000,sz.002842,14.7800,14.8400,14.7200,14.7400,829900,12274128.0000,3
2025-12-31,20251231100500000,sz.002842,14.7400,14.8800,14.7300,14.8700,759000,11232256.0000,3
2025-12-31,20251231101000000,sz.002842,14.8700,14.8700,14.7600,14.7800,612900,9073712.0000,3
2025-12-31,20251231101500000,sz.002842,14.7800,14.9800,14.7700,14.9400,1577300,23536128.0000,3
2025-12-31,20251231102000000,sz.002842,14.9700,14.9900,14.9100,14.9300,969300,14502928.0000,3
2025-12-31,20251231102500000,sz.002842,14.9700,14.9700,14.8900,14.9500,541300,8081152.0000,3
2025-12-31,20251231103000000,sz.002842,14.9500,14.9500,14.8800,14.8900,349300,5209456.0000,3
2025-12-31,20251231103500000,sz.002842,14.8800,14.8900,14.7600,14.7800,419400,6214592.0000,3
2025-12-31,20251231104000000,sz.002842,14.7900,14.8200,14.7500,14.7700,669000,9887568.0000,3
2025-12-31,20251231104500000,sz.002842,14.7900,14.7900,14.7300,14.7300,379700,5607808.0000,3
2025-12-31,20251231105000000,sz.002842,14.7300,14.7400,14.7000,14.7100,483600,7117072.0000,3
2025-12-31,20251231105500000,sz.002842,14.7100,14.7100,14.6500,14.6500,544400,7993600.0000,3
2025-12-31,20251231110000000,sz.002842,14.6500,14.6500,14.5700,14.6000,761000,11119696.0000,3
2025-12-31,20251231110500000,sz.002842,14.5800,14.6600,14.5800,14.6600,522600,7645280.0000,3
2025-12-31,20251231111000000,sz.002842,14.6500,14.6800,14.6200,14.6400,335200,4910784.0000,3
2025-12-31,20251231111500000,sz.002842,14.6300,14.6900,14.6200,14.6900,339600,4977504.0000,3
2025-12-31,20251231112000000,sz.002842,14.6800,14.6800,14.6500,14.6700,227800,3340992.0000,3
2025-12-31,20251231112500000,sz.002842,14.6700,14.6800,14.6200,14.6200,232900,3410912.0000,3
2025-12-31,20251231113000000,sz.002842,14.6200,14.6400,14.6000,14.6000,218400,3193312.0000,3
2025-12-31,20251231130500000,sz.002842,14.6100,14.6100,14.5000,14.5600,876000,12746224.0000,3
2025-12-31,20251231131000000,sz.002842,14.5600,14.5700,14.5400,14.5600,382900,5572736.0000,3
2025-12-31,20251231131500000,sz.002842,14.5600,14.5700,14.5300,14.5600,387500,5636448.0000,3
2025-12-31,20251231132000000,sz.002842,14.5600,14.6100,14.5500,14.6000,416800,6079200.0000,3
2025-12-31,20251231132500000,sz.002842,14.6000,14.6000,14.5400,14.5800,541200,7880800.0000,3
2025-12-31,20251231133000000,sz.002842,14.5800,14.6500,14.5700,14.6100,508000,7416896.0000,3
2025-12-31,20251231133500000,sz.002842,14.6100,14.6100,14.5400,14.5500,739000,10765280.0000,3
2025-12-31,20251231134000000,sz.002842,14.5500,14.5900,14.5500,14.5900,383500,5587616.0000,3
2025-12-31,20251231134500000,sz.002842,14.5800,14.5800,14.5300,14.5300,402300,5853088.0000,3
2025-12-31,20251231135000000,sz.002842,14.5300,14.5400,14.4900,14.5100,680100,9866784.0000,3
2025-12-31,20251231135500000,sz.002842,14.5000,14.5100,14.4600,14.4700,318300,4610976.0000,3
2025-12-31,20251231140000000,sz.002842,14.4600,14.4700,14.4400,14.4500,510400,7378688.0000,3
2025-12-31,20251231140500000,sz.002842,14.4600,14.4900,14.4400,14.4800,441100,6377632.0000,3
2025-12-31,20251231141000000,sz.002842,14.4700,14.5100,14.4700,14.5100,212200,3075552.0000,3
2025-12-31,20251231141500000,sz.002842,14.5000,14.5500,14.4900,14.5400,337000,4897120.0000,3
2025-12-31,20251231142000000,sz.002842,14.5300,14.5600,14.5300,14.5500,283500,4123488.0000,3
2025-12-31,20251231142500000,sz.002842,14.5400,14.5500,14.4700,14.4700,486100,7051232.0000,3
2025-12-31,20251231143000000,sz.002842,14.4700,14.4900,14.4700,14.4700,361300,5231232.0000,3
2025-12-31,20251231143500000,sz.002842,14.4700,14.4900,14.4400,14.4600,356400,5154080.0000,3
2025-12-31,20251231144000000,sz.002842,14.4500,14.4800,14.4500,14.4800,315300,4561856.0000,3
2025-12-31,20251231144500000,sz.002842,14.4900,14.5000,14.4700,14.4900,502600,7280544.0000,3
2025-12-31,20251231145000000,sz.002842,14.4800,14.5000,14.4600,14.4900,518800,7509024.0000,3
2025-12-31,20251231145500000,sz.002842,14.4900,14.4900,14.4500,14.4600,748000,10823872.0000,3
2025-12-31,20251231150000000,sz.002842,14.4700,14.4900,14.4500,14.4600,772100,11165472.0000,3
2026-01-05,20260105093500000,sz.002842,14.5100,14.7400,14.1100,14.3600,3631800,52208224.0000,3
2026-01-05,20260105094000000,sz.002842,14.3400,14.5100,14.3300,14.5100,1369800,19733652.0000,3
2026-01-05,20260105094500000,sz.002842,14.5100,14.6400,14.3800,14.4800,1472500,21387899.0000,3
2026-01-05,20260105095000000,sz.002842,14.4700,14.5000,14.4100,14.4900,965800,13958953.0000,3
2026-01-05,20260105095500000,sz.002842,14.4800,14.4800,14.3500,14.3900,698900,10062817.0000,3
2026-01-05,20260105100000000,sz.002842,14.3900,14.4300,14.3100,14.4300,609500,8762180.0000,3
2026-01-05,20260105100500000,sz.002842,14.4300,14.5200,14.4300,14.4500,609300,8820381.0000,3
2026-01-05,20260105101000000,sz.002842,14.4500,14.4800,14.3800,14.3800,428200,6185712.0000,3
2026-01-05,20260105101500000,sz.002842,14.3800,14.4900,14.3800,14.4800,419300,6054991.0000,3
2026-01-05,20260105102000000,sz.002842,14.4700,14.5200,14.4500,14.5000,404300,5857926.0000,3
2026-01-05,20260105102500000,sz.002842,14.4800,14.5100,14.4700,14.4700,436200,6324266.0000,3
2026-01-05,20260105103000000,sz.002842,14.4700,14.5000,14.4400,14.4400,243500,3523368.0000,3
2026-01-05,20260105103500000,sz.002842,14.4600,14.4700,14.4000,14.4000,684200,9870340.0000,3
2026-01-05,20260105104000000,sz.002842,14.4000,14.4400,14.3900,14.4200,528800,7623369.0000,3
2026-01-05,20260105104500000,sz.002842,14.4100,14.4400,14.3900,14.3900,440600,6349536.0000,3
2026-01-05,20260105105000000,sz.002842,14.3900,14.4500,14.3900,14.4500,392522,5657237.2400,3
2026-01-05,20260105105500000,sz.002842,14.4400,14.4500,14.3900,14.4000,246100,3546558.0000,3
2026-01-05,20260105110000000,sz.002842,14.4000,14.4000,14.3600,14.3900,515900,7416966.0000,3
2026-01-05,20260105110500000,sz.002842,14.3900,14.4400,14.3700,14.4000,220100,3171160.0000,3
2026-01-05,20260105111000000,sz.002842,14.4000,14.4300,14.4000,14.4200,221300,3189691.0000,3
2026-01-05,20260105111500000,sz.002842,14.4300,14.4700,14.4300,14.4300,261300,3775856.0000,3
2026-01-05,20260105112000000,sz.002842,14.4200,14.4200,14.3900,14.4100,253400,3650456.0000,3
2026-01-05,20260105112500000,sz.002842,14.4000,14.4200,14.3900,14.4000,185500,2671769.0000,3
2026-01-05,20260105113000000,sz.002842,14.4100,14.4200,14.3900,14.4200,136200,1961415.0000,3
2026-01-05,20260105130500000,sz.002842,14.4200,14.4200,14.2900,14.3000,768200,11016561.0000,3
2026-01-05,20260105131000000,sz.002842,14.3100,14.3100,14.2800,14.3000,414700,5928199.0000,3
2026-01-05,20260105131500000,sz.002842,14.3000,14.3100,14.2600,14.3000,616400,8804646.0000,3
2026-01-05,20260105132000000,sz.002842,14.2900,14.3500,14.2600,14.2600,561500,8026433.0000,3
2026-01-05,20260105132500000,sz.002842,14.2500,14.2500,14.2100,14.2400,1141000,16232063.0000,3
2026-01-05,20260105133000000,sz.002842,14.2300,14.3000,14.2300,14.3000,216800,3093158.0000,3
2026-01-05,20260105133500000,sz.002842,14.2900,14.3200,14.2700,14.3200,348400,4979635.0000,3
2026-01-05,20260105134000000,sz.002842,14.3200,14.3400,14.3100,14.3200,171900,2462315.0000,3
2026-01-05,20260105134500000,sz.002842,14.3200,14.3300,14.2900,14.3100,321000,4595433.0000,3
2026-01-05,20260105135000000,sz.002842,14.3100,14.3100,14.2700,14.2900,337800,4827098.0000,3
2026-01-05,20260105135500000,sz.002842,14.2900,14.3000,14.2800,14.2900,274900,3927984.0000,3
2026-01-05,20260105140000000,sz.002842,14.2900,14.3000,14.2400,14.2800,488200,6966412.0000,3
2026-01-05,20260105140500000,sz.002842,14.2800,14.3200,14.2700,14.3200,274288,3919233.7600,3
2026-01-05,20260105141000000,sz.002842,14.3100,14.3100,14.2600,14.2700,325400,4646460.0000,3
2026-01-05,20260105141500000,sz.002842,14.2700,14.3800,14.2700,14.3200,717200,10268020.5600,3
2026-01-05,20260105142000000,sz.002842,14.3300,14.3400,14.3100,14.3300,251700,3605772.0000,3
2026-01-05,20260105142500000,sz.002842,14.3300,14.3500,14.3100,14.3400,319700,4579646.0000,3
2026-01-05,20260105143000000,sz.002842,14.3400,14.3400,14.3100,14.3200,196000,2808080.0000,3
2026-01-05,20260105143500000,sz.002842,14.3200,14.3200,14.2600,14.2900,465100,6645828.0000,3
2026-01-05,20260105144000000,sz.002842,14.2800,14.3000,14.2700,14.2900,395300,5647747.0000,3
2026-01-05,20260105144500000,sz.002842,14.2900,14.3100,14.2800,14.2800,467200,6678666.0000,3
2026-01-05,20260105145000000,sz.002842,14.2800,14.3200,14.2700,14.3000,803844,11489079.2000,3
2026-01-05,20260105145500000,sz.002842,14.3000,14.3200,14.2900,14.3100,747056,10684443.8000,3
2026-01-05,20260105150000000,sz.002842,14.3200,14.3200,14.2900,14.3100,758900,10856324.0000,3
2026-01-06,20260106093500000,sz.002842,14.6100,14.6800,14.5300,14.5400,3325700,48610384.0000,3
2026-01-06,20260106094000000,sz.002842,14.5300,14.5600,14.4400,14.4400,1232100,17855881.0000,3
2026-01-06,20260106094500000,sz.002842,14.4400,14.4800,14.4200,14.4300,926100,13379046.0000,3
2026-01-06,20260106095000000,sz.002842,14.4500,14.6300,14.4400,14.5700,1281100,18654340.0000,3
2026-01-06,20260106095500000,sz.002842,14.5700,14.7700,14.5200,14.7500,1692900,24779971.0000,3
2026-01-06,20260106100000000,sz.002842,14.7300,14.8500,14.7100,14.7500,1687500,24932802.0000,3
2026-01-06,20260106100500000,sz.002842,14.7500,14.9300,14.7400,14.8900,1979400,29429744.0000,3
2026-01-06,20260106101000000,sz.002842,14.8800,14.9800,14.8000,14.9400,1610300,23999264.0000,3
2026-01-06,20260106101500000,sz.002842,14.9400,15.0400,14.8700,15.0000,2034400,30472231.0000,3
2026-01-06,20260106102000000,sz.002842,14.9900,15.0100,14.9100,14.9100,816800,12233098.0000,3
2026-01-06,20260106102500000,sz.002842,14.9100,14.9700,14.9100,14.9500,753300,11253297.0000,3
2026-01-06,20260106103000000,sz.002842,14.9400,14.9500,14.8800,14.9000,792700,11811821.0000,3
2026-01-06,20260106103500000,sz.002842,14.9000,14.9200,14.8400,14.8600,445800,6630883.0000,3
2026-01-06,20260106104000000,sz.002842,14.8600,14.9300,14.8500,14.8500,747300,11126118.0000,3
2026-01-06,20260106104500000,sz.002842,14.8700,14.9200,14.8400,14.8400,580900,8649066.0000,3
2026-01-06,20260106105000000,sz.002842,14.8400,15.0000,14.8200,14.9800,1078800,16076994.0000,3
2026-01-06,20260106105500000,sz.002842,14.9900,15.0500,14.9400,15.0500,815600,12226123.0000,3
2026-01-06,20260106110000000,sz.002842,15.0700,15.3200,15.0700,15.2900,2704020,41106194.9600,3
2026-01-06,20260106110500000,sz.002842,15.2900,15.4300,15.2100,15.3900,2242900,34374918.0000,3
2026-01-06,20260106111000000,sz.002842,15.4300,15.5200,15.2100,15.2100,2019300,31040069.0000,3
2026-01-06,20260106111500000,sz.002842,15.2300,15.3000,15.1800,15.2300,684600,10420839.0000,3
2026-01-06,20260106112000000,sz.002842,15.2200,15.2500,15.1800,15.2200,492200,7486649.0000,3
2026-01-06,20260106112500000,sz.002842,15.2600,15.5200,15.2500,15.3300,1498300,23087793.0000,3
2026-01-06,20260106113000000,sz.002842,15.3200,15.3300,15.2500,15.2600,325500,4976418.0000,3
2026-01-06,20260106130500000,sz.002842,15.2600,15.2600,15.1200,15.1900,674500,10247639.0000,3
2026-01-06,20260106131000000,sz.002842,15.1900,15.2500,15.1300,15.1500,543622,8255967.6400,3
2026-01-06,20260106131500000,sz.002842,15.1600,15.1800,15.1000,15.1000,398900,6039200.5600,3
2026-01-06,20260106132000000,sz.002842,15.1100,15.1400,15.0900,15.1000,338800,5119478.0000,3
2026-01-06,20260106132500000,sz.002842,15.1000,15.1400,15.0600,15.0600,472500,7134903.0000,3
2026-01-06,20260106133000000,sz.002842,15.0600,15.0600,15.0200,15.0300,356800,5367552.0000,3
2026-01-06,20260106133500000,sz.002842,15.0300,15.1000,15.0100,15.0900,691000,10391185.0000,3
2026-01-06,20260106134000000,sz.002842,15.0800,15.1100,15.0100,15.0100,371400,5598032.0000,3
2026-01-06,20260106134500000,sz.002842,15.0100,15.0300,14.9800,15.0000,468200,7026364.0000,3
2026-01-06,20260106135000000,sz.002842,14.9900,15.0300,14.9700,15.0200,299400,4491692.0000,3
2026-01-06,20260106135500000,sz.002842,15.0200,15.0300,14.9800,14.9800,241900,3630033.0000,3
2026-01-06,20260106140000000,sz.002842,14.9900,15.0100,14.9600,14.9800,411500,6164007.0000,3
2026-01-06,20260106140500000,sz.002842,14.9800,15.0500,14.9700,15.0300,390900,5864988.0000,3
2026-01-06,20260106141000000,sz.002842,15.0400,15.0400,15.0000,15.0300,269200,4042157.0000,3
2026-01-06,20260106141500000,sz.002842,15.0300,15.0400,15.0100,15.0300,277800,4174082.0000,3
2026-01-06,20260106142000000,sz.002842,15.0300,15.0400,15.0200,15.0300,231100,3473414.0000,3
2026-01-06,20260106142500000,sz.002842,15.0300,15.0300,15.0000,15.0200,364800,5477283.0000,3
2026-01-06,20260106143000000,sz.002842,15.0200,15.0200,14.9800,14.9900,371000,5565439.0000,3
2026-01-06,20260106143500000,sz.002842,14.9900,15.0300,14.9900,15.0200,409600,6146420.0000,3
2026-01-06,20260106144000000,sz.002842,15.0300,15.0300,15.0000,15.0100,327600,4918258.0000,3
2026-01-06,20260106144500000,sz.002842,15.0100,15.0300,14.9900,15.0200,554200,8319568.0000,3
2026-01-06,20260106145000000,sz.002842,15.0100,15.0300,15.0000,15.0000,459100,6891982.0000,3
2026-01-06,20260106145500000,sz.002842,15.0000,15.0200,15.0000,15.0200,858900,12891965.0000,3
2026-01-06,20260106150000000,sz.002842,15.0200,15.0300,15.0100,15.0300,633600,9519090.0000,3
2026-01-07,20260107093500000,sz.002842,15.3300,15.8700,15.1700,15.5200,6506400,100897599.8400,3
2026-01-07,20260107094000000,sz.002842,15.5200,15.5700,15.3700,15.5500,2404800,37198665.0000,3
2026-01-07,20260107094500000,sz.002842,15.5300,15.8900,15.5100,15.7500,3352800,52811393.1000,3
2026-01-07,20260107095000000,sz.002842,15.7400,16.1000,15.7000,15.9800,2709900,43185124.5900,3
2026-01-07,20260107095500000,sz.002842,15.9800,16.0200,15.8100,15.8600,1101400,17512031.0000,3
2026-01-07,20260107100000000,sz.002842,15.8400,15.8500,15.7000,15.7300,1407288,22177163.6000,3
2026-01-07,20260107100500000,sz.002842,15.7400,15.8600,15.6300,15.8400,1520300,23877657.0000,3
2026-01-07,20260107101000000,sz.002842,15.8500,15.8700,15.6600,15.7300,1227300,19310301.0000,3
2026-01-07,20260107101500000,sz.002842,15.7200,15.9400,15.7200,15.9400,696700,11022089.0000,3
2026-01-07,20260107102000000,sz.002842,15.9100,15.9300,15.8400,15.8600,522000,8286574.0000,3
2026-01-07,20260107102500000,sz.002842,15.8800,16.0400,15.8000,15.9700,1272644,20305202.5200,3
2026-01-07,20260107103000000,sz.002842,15.9700,16.0500,15.9000,16.0200,871400,13918890.0000,3
2026-01-07,20260107103500000,sz.002842,15.9900,16.1000,15.9200,16.0500,1081300,17325829.0000,3
2026-01-07,20260107104000000,sz.002842,16.0600,16.5300,16.0600,16.5300,8482700,139616220.2500,3
2026-01-07,20260107104500000,sz.002842,16.5300,16.5300,16.5300,16.5300,1963818,32461911.5400,3
2026-01-07,20260107105000000,sz.002842,16.5300,16.5300,16.5300,16.5300,559892,9255014.7600,3
2026-01-07,20260107105500000,sz.002842,16.5300,16.5300,16.5300,16.5300,253800,4195314.0000,3
2026-01-07,20260107110000000,sz.002842,16.5300,16.5300,16.5300,16.5300,122500,2024925.0000,3
2026-01-07,20260107110500000,sz.002842,16.5300,16.5300,16.5300,16.5300,177400,2932422.0000,3
2026-01-07,20260107111000000,sz.002842,16.5300,16.5300,16.5300,16.5300,70600,1167018.0000,3
2026-01-07,20260107111500000,sz.002842,16.5300,16.5300,16.5300,16.5300,38600,638058.0000,3
2026-01-07,20260107112000000,sz.002842,16.5300,16.5300,16.5300,16.5300,33600,555408.0000,3
2026-01-07,20260107112500000,sz.002842,16.5300,16.5300,16.5300,16.5300,20760,343162.8000,3
2026-01-07,20260107113000000,sz.002842,16.5300,16.5300,16.5300,16.5300,66000,1090980.0000,3
2026-01-07,20260107130500000,sz.002842,16.5300,16.5300,16.5300,16.5300,218560,3612796.8000,3
2026-01-07,20260107131000000,sz.002842,16.5300,16.5300,16.5300,16.5300,64600,1067838.0000,3
2026-01-07,20260107131500000,sz.002842,16.5300,16.5300,16.5300,16.5300,133300,2203449.0000,3
2026-01-07,20260107132000000,sz.002842,16.5300,16.5300,16.5300,16.5300,52100,861213.0000,3
2026-01-07,20260107132500000,sz.002842,16.5300,16.5300,16.5300,16.5300,89500,1479435.0000,3
2026-01-07,20260107133000000,sz.002842,16.5300,16.5300,16.5300,16.5300,97300,1608369.0000,3
2026-01-07,20260107133500000,sz.002842,16.5300,16.5300,16.5300,16.5300,55500,917415.0000,3
2026-01-07,20260107134000000,sz.002842,16.5300,16.5300,16.5300,16.5300,63474,1049225.2200,3
2026-01-07,20260107134500000,sz.002842,16.5300,16.5300,16.5300,16.5300,57400,948822.0000,3
2026-01-07,20260107135000000,sz.002842,16.5300,16.5300,16.5300,16.5300,52000,859560.0000,3
2026-01-07,20260107135500000,sz.002842,16.5300,16.5300,16.5300,16.5300,50732,838599.9600,3
2026-01-07,20260107140000000,sz.002842,16.5300,16.5300,16.5300,16.5300,47236,780811.0800,3
2026-01-07,20260107140500000,sz.002842,16.5300,16.5300,16.5300,16.5300,62420,1031802.6000,3
2026-01-07,20260107141000000,sz.002842,16.5300,16.5300,16.5300,16.5300,18000,297540.0000,3
2026-01-07,20260107141500000,sz.002842,16.5300,16.5300,16.5300,16.5300,17300,285969.0000,3
2026-01-07,20260107142000000,sz.002842,16.5300,16.5300,16.5300,16.5300,10400,171912.0000,3
2026-01-07,20260107142500000,sz.002842,16.5300,16.5300,16.5300,16.5300,12500,206625.0000,3
2026-01-07,20260107143000000,sz.002842,16.5300,16.5300,16.5300,16.5300,26800,443004.0000,3
2026-01-07,20260107143500000,sz.002842,16.5300,16.5300,16.5300,16.5300,22344,369346.3200,3
2026-01-07,20260107144000000,sz.002842,16.5300,16.5300,16.5300,16.5300,37200,614916.0000,3
2026-01-07,20260107144500000,sz.002842,16.5300,16.5300,16.5300,16.5300,17900,295887.0000,3
2026-01-07,20260107145000000,sz.002842,16.5300,16.5300,16.5300,16.5300,73400,1213302.0000,3
2026-01-07,20260107145500000,sz.002842,16.5300,16.5300,16.5300,16.5300,70600,1167018.0000,3
2026-01-07,20260107150000000,sz.002842,16.5300,16.5300,16.5300,16.5300,175648,2903461.4400,3
2026-01-08,20260108093500000,sz.002842,16.2500,16.5300,16.0600,16.0700,7756013,126005994.0300,3
2026-01-08,20260108094000000,sz.002842,16.0800,16.1600,15.9600,16.0500,4452274,71385835.5600,3
2026-01-08,20260108094500000,sz.002842,16.0400,16.1400,16.0400,16.0600,2930000,47146016.0000,3
2026-01-08,20260108095000000,sz.002842,16.0500,16.1000,16.0000,16.0900,1755900,28181442.3800,3
2026-01-08,20260108095500000,sz.002842,16.0800,16.1300,16.0100,16.0300,2031449,32608406.9800,3
2026-01-08,20260108100000000,sz.002842,16.0200,16.0700,16.0000,16.0400,1665300,26674372.0000,3
2026-01-08,20260108100500000,sz.002842,16.0300,16.1000,16.0200,16.0800,1201122,19270285.2200,3
2026-01-08,20260108101000000,sz.002842,16.0800,16.2200,16.0800,16.1700,1393000,22495584.0000,3
2026-01-08,20260108101500000,sz.002842,16.1900,16.2400,16.0600,16.0900,1009774,16313535.8000,3
2026-01-08,20260108102000000,sz.002842,16.0700,16.0900,16.0000,16.0000,1199500,19234723.0000,3
2026-01-08,20260108102500000,sz.002842,16.0100,16.0700,15.9200,15.9300,2221400,35524182.0000,3
2026-01-08,20260108103000000,sz.002842,15.9300,15.9700,15.9100,15.9200,1268426,20214647.9200,3
2026-01-08,20260108103500000,sz.002842,15.9300,16.0000,15.9000,15.9900,864374,13777997.0800,3
2026-01-08,20260108104000000,sz.002842,15.9800,16.0300,15.9700,16.0300,448712,7179480.2400,3
2026-01-08,20260108104500000,sz.002842,16.0300,16.1400,16.0300,16.0600,678400,10900294.0000,3
2026-01-08,20260108105000000,sz.002842,16.0600,16.1000,16.0400,16.0700,592300,9512991.0000,3
2026-01-08,20260108105500000,sz.002842,16.0700,16.1300,16.0500,16.1300,625500,10060300.0000,3
2026-01-08,20260108110000000,sz.002842,16.1100,16.2400,16.1000,16.1900,704800,11410649.0000,3
2026-01-08,20260108110500000,sz.002842,16.2000,16.2100,16.0900,16.1000,680900,10991195.0000,3
2026-01-08,20260108111000000,sz.002842,16.1000,16.1200,16.0400,16.0600,561072,9011985.6000,3
2026-01-08,20260108111500000,sz.002842,16.0600,16.0700,16.0100,16.0100,390088,6255053.6400,3
2026-01-08,20260108112000000,sz.002842,16.0100,16.0400,15.9700,15.9800,721672,11545629.7200,3
2026-01-08,20260108112500000,sz.002842,15.9800,16.0300,15.9800,16.0200,416500,6666017.0000,3
2026-01-08,20260108113000000,sz.002842,16.0100,16.0500,15.9900,16.0400,484312,7756476.3600,3
2026-01-08,20260108130500000,sz.002842,16.0400,16.0800,16.0100,16.0300,538484,8639234.3600,3
2026-01-08,20260108131000000,sz.002842,16.0300,16.0300,15.9700,16.0100,558400,8934187.0000,3
2026-01-08,20260108131500000,sz.002842,16.0000,16.0200,15.9800,15.9900,567400,9077203.0000,3
2026-01-08,20260108132000000,sz.002842,15.9800,15.9900,15.9500,15.9600,856736,13677880.2000,3
2026-01-08,20260108132500000,sz.002842,15.9600,16.0100,15.9600,15.9900,510500,8161446.0000,3
2026-01-08,20260108133000000,sz.002842,15.9800,16.0000,15.9600,15.9700,403600,6448293.0000,3
2026-01-08,20260108133500000,sz.002842,15.9600,15.9600,15.9100,15.9300,908860,14480922.6000,3
2026-01-08,20260108134000000,sz.002842,15.9300,15.9400,15.9000,15.9100,990600,15759986.0000,3
2026-01-08,20260108134500000,sz.002842,15.9100,15.9300,15.8100,15.8100,1499100,23780758.0000,3
2026-01-08,20260108135000000,sz.002842,15.8100,15.8300,15.8000,15.8100,771150,12192095.0000,3
2026-01-08,20260108135500000,sz.002842,15.8100,15.8400,15.8100,15.8200,811300,12836144.0000,3
2026-01-08,20260108140000000,sz.002842,15.8100,15.8500,15.8100,15.8500,559800,8859395.0000,3
2026-01-08,20260108140500000,sz.002842,15.8500,15.8500,15.7800,15.7800,904550,14299736.0000,3
2026-01-08,20260108141000000,sz.002842,15.7800,15.7800,15.7100,15.7200,877677,13814872.6700,3
2026-01-08,20260108141500000,sz.002842,15.7300,15.7300,15.6200,15.6700,1206900,18918794.8400,3
2026-01-08,20260108142000000,sz.002842,15.6700,15.7200,15.6500,15.7200,973600,15256751.0000,3
2026-01-08,20260108142500000,sz.002842,15.7200,15.7700,15.6800,15.7400,651300,10243537.0000,3
2026-01-08,20260108143000000,sz.002842,15.7400,15.7700,15.7200,15.7600,507500,7991268.0000,3
2026-01-08,20260108143500000,sz.002842,15.7500,15.7900,15.7400,15.7800,592574,9339822.5000,3
2026-01-08,20260108144000000,sz.002842,15.7700,15.8000,15.7500,15.7800,592700,9349055.0000,3
2026-01-08,20260108144500000,sz.002842,15.7600,15.7800,15.7500,15.7600,660100,10405948.0000,3
2026-01-08,20260108145000000,sz.002842,15.7500,15.7900,15.7500,15.7800,852200,13440641.0000,3
2026-01-08,20260108145500000,sz.002842,15.7600,15.8300,15.7500,15.8200,1536568,24262317.4000,3
2026-01-08,20260108150000000,sz.002842,15.8100,15.8200,15.7700,15.8000,922432,14573117.2400,3
2026-01-09,20260109093500000,sz.002842,15.8000,16.2700,15.7000,16.2000,5747972,92403077.8000,3
2026-01-09,20260109094000000,sz.002842,16.2100,16.3500,16.2100,16.2300,3863749,62969124.7400,3
2026-01-09,20260109094500000,sz.002842,16.2000,16.2700,16.1300,16.2700,2312300,37437614.0000,3
2026-01-09,20260109095000000,sz.002842,16.2500,16.3700,16.1200,16.3700,1678900,27284262.0000,3
2026-01-09,20260109095500000,sz.002842,16.4000,16.5800,16.3000,16.4700,3375500,55509494.2000,3
2026-01-09,20260109100000000,sz.002842,16.4700,16.5300,16.4300,16.4500,1477200,24333186.0000,3
2026-01-09,20260109100500000,sz.002842,16.4500,16.6600,16.4400,16.6100,2372200,39311418.0000,3
2026-01-09,20260109101000000,sz.002842,16.6100,16.7600,16.6100,16.7000,2082700,34817603.0000,3
2026-01-09,20260109101500000,sz.002842,16.7000,16.8800,16.6700,16.8500,1821088,30575477.8400,3
2026-01-09,20260109102000000,sz.002842,16.8500,16.8500,16.7100,16.7800,1408600,23623456.0000,3
2026-01-09,20260109102500000,sz.002842,16.7900,16.8600,16.7000,16.7800,983024,16513060.0000,3
2026-01-09,20260109103000000,sz.002842,16.7900,16.8200,16.7100,16.8100,902676,15152230.0000,3
2026-01-09,20260109103500000,sz.002842,16.8200,16.8800,16.7500,16.8600,799300,13438119.0000,3
2026-01-09,20260109104000000,sz.002842,16.8500,16.8700,16.7600,16.7700,811600,13635205.0000,3
2026-01-09,20260109104500000,sz.002842,16.7600,17.0700,16.7600,17.0300,1130900,19109137.0000,3
2026-01-09,20260109105000000,sz.002842,17.0600,17.1100,16.9700,17.1000,1747700,29785640.8200,3
2026-01-09,20260109105500000,sz.002842,17.1200,17.1200,16.7900,16.8000,1539500,26134975.2600,3
2026-01-09,20260109110000000,sz.002842,16.8000,16.9200,16.7700,16.8000,916200,15438701.0000,3
2026-01-09,20260109110500000,sz.002842,16.7900,16.8100,16.6600,16.7300,1199400,20054128.0000,3
2026-01-09,20260109111000000,sz.002842,16.7300,16.7400,16.6100,16.6200,785200,13082924.0000,3
2026-01-09,20260109111500000,sz.002842,16.6200,16.7000,16.6100,16.6800,674400,11229161.0000,3
2026-01-09,20260109112000000,sz.002842,16.7000,16.7100,16.6700,16.6900,406200,6778564.0000,3
2026-01-09,20260109112500000,sz.002842,16.6900,16.7300,16.5400,16.5900,823500,13700745.0000,3
2026-01-09,20260109113000000,sz.002842,16.6000,16.6300,16.5800,16.6200,494800,8210063.0000,3
2026-01-09,20260109130500000,sz.002842,16.6300,16.6600,16.5000,16.5400,1012300,16781049.0000,3
2026-01-09,20260109131000000,sz.002842,16.5500,16.6800,16.5400,16.6700,504000,8361057.0000,3
2026-01-09,20260109131500000,sz.002842,16.6500,16.6800,16.5600,16.5700,526400,8744136.0000,3
2026-01-09,20260109132000000,sz.002842,16.5800,16.5900,16.5500,16.5700,393500,6520098.0000,3
2026-01-09,20260109132500000,sz.002842,16.5700,16.5700,16.5200,16.5500,496845,8214288.5000,3
2026-01-09,20260109133000000,sz.002842,16.5600,16.6300,16.5300,16.5800,352800,5847580.0000,3
2026-01-09,20260109133500000,sz.002842,16.5900,16.6200,16.5000,16.5700,524300,8681730.0000,3
2026-01-09,20260109134000000,sz.002842,16.5700,16.6100,16.5300,16.5400,458000,7586958.0000,3
2026-01-09,20260109134500000,sz.002842,16.5400,16.5800,16.5300,16.5300,605400,10011078.0000,3
2026-01-09,20260109135000000,sz.002842,16.5300,16.5500,16.5300,16.5300,367526,6079090.0400,3
2026-01-09,20260109135500000,sz.002842,16.5200,16.5200,16.4200,16.4300,741400,12206138.0000,3
2026-01-09,20260109140000000,sz.002842,16.4200,16.5100,16.4200,16.4900,448300,7387142.0000,3
2026-01-09,20260109140500000,sz.002842,16.4900,16.5100,16.4600,16.4800,373700,6157992.0000,3
2026-01-09,20260109141000000,sz.002842,16.4700,16.4900,16.4200,16.4300,487600,8022037.0000,3
2026-01-09,20260109141500000,sz.002842,16.4300,16.4500,16.4100,16.4400,431374,7088745.8200,3
2026-01-09,20260109142000000,sz.002842,16.4400,16.4800,16.4300,16.4800,339000,5576240.0000,3
2026-01-09,20260109142500000,sz.002842,16.4800,16.4900,16.4500,16.4800,477066,7858342.3600,3
2026-01-09,20260109143000000,sz.002842,16.4900,16.4900,16.4600,16.4900,395100,6511608.0000,3
2026-01-09,20260109143500000,sz.002842,16.4900,16.4900,16.4300,16.4500,578000,9510764.0000,3
2026-01-09,20260109144000000,sz.002842,16.4600,16.5000,16.4500,16.4700,550474,9072522.2600,3
2026-01-09,20260109144500000,sz.002842,16.4700,16.4900,16.4600,16.4700,800500,13187086.0000,3
2026-01-09,20260109145000000,sz.002842,16.4500,16.4900,16.4500,16.4600,859550,14159952.8300,3
2026-01-09,20260109145500000,sz.002842,16.4100,16.4900,16.4100,16.4800,1211511,19923917.6700,3
2026-01-09,20260109150000000,sz.002842,16.4900,16.5500,16.4900,16.5500,1362700,22521849.0000,3
2026-01-12,20260112093500000,sz.002842,16.8500,16.8700,16.3200,16.4300,6602060,109611783.0800,3
2026-01-12,20260112094000000,sz.002842,16.4100,16.4100,16.0800,16.0800,4103049,66471079.2700,3
2026-01-12,20260112094500000,sz.002842,16.0600,16.1000,15.9800,15.9900,4241500,67973077.0000,3
2026-01-12,20260112095000000,sz.002842,16.0100,16.0900,15.8900,15.9100,3164300,50555517.0000,3
2026-01-12,20260112095500000,sz.002842,15.9200,16.0800,15.8800,15.9100,2209600,35232783.0000,3
2026-01-12,20260112100000000,sz.002842,15.9100,15.9500,15.8600,15.8600,2415500,38419308.0000,3
2026-01-12,20260112100500000,sz.002842,15.8600,15.9400,15.8500,15.9400,1809000,28731758.0000,3
2026-01-12,20260112101000000,sz.002842,15.9500,16.0500,15.9200,16.0300,1361700,21761429.0000,3
2026-01-12,20260112101500000,sz.002842,16.0300,16.1300,16.0300,16.1300,1147100,18451736.0000,3
2026-01-12,20260112102000000,sz.002842,16.1300,16.1600,16.0700,16.1000,1092000,17597522.4800,3
2026-01-12,20260112102500000,sz.002842,16.0900,16.1600,16.0800,16.1600,716400,11537692.0000,3
2026-01-12,20260112103000000,sz.002842,16.1500,16.2400,16.1500,16.1700,930500,15072369.0000,3
2026-01-12,20260112103500000,sz.002842,16.1700,16.2400,16.1500,16.2100,657017,10626994.5500,3
2026-01-12,20260112104000000,sz.002842,16.2200,16.2200,16.1000,16.1200,650700,10512611.0000,3
2026-01-12,20260112104500000,sz.002842,16.1200,16.2100,16.1100,16.1700,681000,11007506.0000,3
2026-01-12,20260112105000000,sz.002842,16.1700,16.1700,16.1100,16.1200,596600,9623393.0000,3
2026-01-12,20260112105500000,sz.002842,16.1300,16.1500,16.0700,16.1300,650100,10468830.0000,3
2026-01-12,20260112110000000,sz.002842,16.1200,16.1200,16.0300,16.0700,590900,9501052.0000,3
2026-01-12,20260112110500000,sz.002842,16.0700,16.0800,16.0400,16.0500,353100,5670533.2800,3
2026-01-12,20260112111000000,sz.002842,16.0500,16.1000,16.0400,16.0800,318400,5115800.0000,3
2026-01-12,20260112111500000,sz.002842,16.1000,16.1300,16.0800,16.1100,436300,7025819.0000,3
2026-01-12,20260112112000000,sz.002842,16.1200,16.1400,16.0900,16.1300,324600,5230500.0000,3
2026-01-12,20260112112500000,sz.002842,16.1300,16.2000,16.1200,16.1700,688300,11124210.0000,3
2026-01-12,20260112113000000,sz.002842,16.1700,16.2300,16.1500,16.2200,383600,6208064.0000,3
2026-01-12,20260112130500000,sz.002842,16.2300,16.2800,16.1000,16.1900,1403400,22740548.0000,3
2026-01-12,20260112131000000,sz.002842,16.1800,16.2000,16.1400,16.1700,499400,8073521.9100,3
2026-01-12,20260112131500000,sz.002842,16.1800,16.2400,16.1500,16.2200,621500,10075160.0000,3
2026-01-12,20260112132000000,sz.002842,16.2000,16.2600,16.1500,16.2200,415460,6730965.0000,3
2026-01-12,20260112132500000,sz.002842,16.2100,16.2600,16.2000,16.2500,593900,9639574.0000,3
2026-01-12,20260112133000000,sz.002842,16.2500,16.2500,16.1700,16.1900,474300,7691332.0000,3
2026-01-12,20260112133500000,sz.002842,16.1800,16.2000,16.1600,16.1800,619600,10026032.0000,3
2026-01-12,20260112134000000,sz.002842,16.1700,16.1800,16.1600,16.1600,459900,7433416.0000,3
2026-01-12,20260112134500000,sz.002842,16.1600,16.2200,16.1600,16.2000,463000,7493923.0000,3
2026-01-12,20260112135000000,sz.002842,16.1900,16.2100,16.1700,16.2000,406700,6584038.0000,3
2026-01-12,20260112135500000,sz.002842,16.1900,16.2000,16.1800,16.1900,421400,6822130.0000,3
2026-01-12,20260112140000000,sz.002842,16.1800,16.2400,16.1800,16.2400,669900,10869179.0000,3
2026-01-12,20260112140500000,sz.002842,16.2300,16.2400,16.1800,16.2000,523200,8475849.0000,3
2026-01-12,20260112141000000,sz.002842,16.1900,16.2000,16.1600,16.1800,934100,15110169.0000,3
2026-01-12,20260112141500000,sz.002842,16.1900,16.2300,16.1800,16.2100,582300,9436182.0000,3
2026-01-12,20260112142000000,sz.002842,16.2100,16.2300,16.2000,16.2200,565000,9163224.0000,3
2026-01-12,20260112142500000,sz.002842,16.2200,16.2400,16.1900,16.2300,1151300,18665815.0000,3
2026-01-12,20260112143000000,sz.002842,16.2200,16.2900,16.2200,16.2900,836300,13591897.0000,3
2026-01-12,20260112143500000,sz.002842,16.2900,16.3100,16.2200,16.2200,1193600,19406433.0000,3
2026-01-12,20260112144000000,sz.002842,16.2100,16.2500,16.2000,16.2300,809600,13133805.0000,3
2026-01-12,20260112144500000,sz.002842,16.2400,16.2500,16.2100,16.2200,771000,12510000.0000,3
2026-01-12,20260112145000000,sz.002842,16.2300,16.2300,16.2100,16.2100,1200600,19470085.0000,3
2026-01-12,20260112145500000,sz.002842,16.1900,16.2000,16.1700,16.2000,1649500,26707104.0000,3
2026-01-12,20260112150000000,sz.002842,16.2000,16.2200,16.1900,16.2200,1574300,25514961.0000,3
2026-01-13,20260113093500000,sz.002842,16.2600,16.2600,15.7900,15.8200,3882500,61804096.3200,3
2026-01-13,20260113094000000,sz.002842,15.8100,16.1100,15.8100,16.1100,1991444,31727669.1600,3
2026-01-13,20260113094500000,sz.002842,16.0900,16.2100,16.0100,16.1800,2050100,33061970.0000,3
2026-01-13,20260113095000000,sz.002842,16.1800,16.3300,16.1600,16.3100,2771000,45079904.0000,3
2026-01-13,20260113095500000,sz.002842,16.2800,16.3600,16.0900,16.0900,2830500,46068636.0000,3
2026-01-13,20260113100000000,sz.002842,16.0900,16.1700,16.0200,16.1100,843132,13568206.5200,3
2026-01-13,20260113100500000,sz.002842,16.1100,16.1100,16.0300,16.0800,616500,9902855.0000,3
2026-01-13,20260113101000000,sz.002842,16.0800,16.1100,15.9900,16.0800,959700,15387797.0000,3
2026-01-13,20260113101500000,sz.002842,16.0700,16.1800,15.9600,15.9700,791700,12705996.0000,3
2026-01-13,20260113102000000,sz.002842,15.9700,16.1200,15.9600,16.0700,493500,7921214.0000,3
2026-01-13,20260113102500000,sz.002842,16.0800,16.0900,16.0300,16.0800,550900,8846407.0000,3
2026-01-13,20260113103000000,sz.002842,16.0700,16.1200,16.0100,16.0700,464700,7470732.0000,3
2026-01-13,20260113103500000,sz.002842,16.0800,16.1100,16.0100,16.0100,741500,11890078.0000,3
2026-01-13,20260113104000000,sz.002842,16.0100,16.0600,15.8800,15.9000,1212900,19345616.0000,3
2026-01-13,20260113104500000,sz.002842,15.9000,15.9500,15.8500,15.9200,610500,9712162.0000,3
2026-01-13,20260113105000000,sz.002842,15.9200,16.0700,15.9100,16.0700,333000,5325743.0000,3
2026-01-13,20260113105500000,sz.002842,16.0600,16.1600,16.0600,16.1600,583900,9407695.0000,3
2026-01-13,20260113110000000,sz.002842,16.1400,16.1500,16.0800,16.1100,373400,6019783.0000,3
2026-01-13,20260113110500000,sz.002842,16.1200,16.2500,16.1000,16.2100,663000,10724809.0000,3
2026-01-13,20260113111000000,sz.002842,16.2200,16.2500,16.1800,16.2300,494900,8026329.0000,3
2026-01-13,20260113111500000,sz.002842,16.2300,16.2300,16.2000,16.2100,451000,7314773.0000,3
2026-01-13,20260113112000000,sz.002842,16.2100,16.3100,16.2000,16.2700,1116100,18163488.0000,3
2026-01-13,20260113112500000,sz.002842,16.2700,16.4200,16.2700,16.3500,2105800,34435570.0000,3
2026-01-13,20260113113000000,sz.002842,16.3500,16.3600,16.2200,16.2200,800100,13041466.0000,3
2026-01-13,20260113130500000,sz.002842,16.2200,16.2300,16.1600,16.2000,698800,11318985.0000,3
2026-01-13,20260113131000000,sz.002842,16.2000,16.2400,16.1300,16.2100,484300,7838713.0000,3
2026-01-13,20260113131500000,sz.002842,16.2100,16.2800,16.2000,16.2200,476600,7746348.0000,3
2026-01-13,20260113132000000,sz.002842,16.2100,16.3500,16.2000,16.3200,793200,12910189.0000,3
2026-01-13,20260113132500000,sz.002842,16.3100,16.3200,16.1800,16.1800,721600,11718847.0000,3
2026-01-13,20260113133000000,sz.002842,16.1800,16.1900,16.1400,16.1700,307100,4963142.0000,3
2026-01-13,20260113133500000,sz.002842,16.1700,16.1800,16.0400,16.0500,530000,8528287.6800,3
2026-01-13,20260113134000000,sz.002842,16.0500,16.0500,15.9900,16.0000,571300,9147499.0000,3
2026-01-13,20260113134500000,sz.002842,16.0100,16.0900,16.0100,16.0700,199300,3198275.0000,3
2026-01-13,20260113135000000,sz.002842,16.0500,16.0600,16.0300,16.0600,242900,3896945.0000,3
2026-01-13,20260113135500000,sz.002842,16.0500,16.1100,16.0500,16.0800,206700,3322979.0000,3
2026-01-13,20260113140000000,sz.002842,16.0700,16.2000,16.0600,16.1200,420800,6795604.0000,3
2026-01-13,20260113140500000,sz.002842,16.1300,16.1600,16.0700,16.0800,333100,5369501.0000,3
2026-01-13,20260113141000000,sz.002842,16.0800,16.0800,16.0300,16.0400,379300,6089558.0000,3
2026-01-13,20260113141500000,sz.002842,16.0300,16.0500,16.0100,16.0400,368000,5899501.5600,3
2026-01-13,20260113142000000,sz.002842,16.0400,16.0500,16.0000,16.0200,323700,5185190.5600,3
2026-01-13,20260113142500000,sz.002842,16.0100,16.0500,16.0100,16.0300,164300,2632899.0000,3
2026-01-13,20260113143000000,sz.002842,16.0300,16.0300,15.9500,15.9900,796200,12733466.0000,3
2026-01-13,20260113143500000,sz.002842,15.9800,16.0000,15.9700,15.9900,282800,4520417.9600,3
2026-01-13,20260113144000000,sz.002842,15.9900,15.9900,15.9300,15.9300,478400,7636858.0000,3
2026-01-13,20260113144500000,sz.002842,15.9300,15.9500,15.9100,15.9300,607300,9677263.0000,3
2026-01-13,20260113145000000,sz.002842,15.9300,15.9300,15.8700,15.8900,956000,15197448.2800,3
2026-01-13,20260113145500000,sz.002842,15.8800,15.9100,15.8800,15.8900,763548,12133862.7600,3
2026-01-13,20260113150000000,sz.002842,15.9000,15.9500,15.9000,15.9500,855000,13618632.0000,3
2026-01-14,20260114093500000,sz.002842,16.0100,17.3600,16.0100,17.1800,13651948,232494221.3200,3
2026-01-14,20260114094000000,sz.002842,17.1900,17.5500,17.1900,17.5500,12260236,214058268.5600,3
2026-01-14,20260114094500000,sz.002842,17.5500,17.5500,17.5500,17.5500,1794588,31495019.4000,3
2026-01-14,20260114095000000,sz.002842,17.5500,17.5500,17.5500,17.5500,1012172,17763618.6000,3
2026-01-14,20260114095500000,sz.002842,17.5500,17.5500,17.5500,17.5500,1124174,19729253.7000,3
2026-01-14,20260114100000000,sz.002842,17.5500,17.5500,17.5500,17.5500,699800,12281490.0000,3
2026-01-14,20260114100500000,sz.002842,17.5500,17.5500,17.5500,17.5500,169900,2981745.0000,3
2026-01-14,20260114101000000,sz.002842,17.5500,17.5500,17.5500,17.5500,167600,2941380.0000,3
2026-01-14,20260114101500000,sz.002842,17.5500,17.5500,17.5500,17.5500,88100,1546155.0000,3
2026-01-14,20260114102000000,sz.002842,17.5500,17.5500,17.5500,17.5500,77300,1356615.0000,3
2026-01-14,20260114102500000,sz.002842,17.5500,17.5500,17.5500,17.5500,467300,8201115.0000,3
2026-01-14,20260114103000000,sz.002842,17.5500,17.5500,17.5500,17.5500,74300,1303965.0000,3
2026-01-14,20260114103500000,sz.002842,17.5500,17.5500,17.5500,17.5500,130800,2295540.0000,3
2026-01-14,20260114104000000,sz.002842,17.5500,17.5500,17.5500,17.5500,137300,2409615.0000,3
2026-01-14,20260114104500000,sz.002842,17.5500,17.5500,17.5500,17.5500,75100,1318005.0000,3
2026-01-14,20260114105000000,sz.002842,17.5500,17.5500,17.5500,17.5500,32972,578658.6000,3
2026-01-14,20260114105500000,sz.002842,17.5500,17.5500,17.5500,17.5500,134600,2362230.0000,3
2026-01-14,20260114110000000,sz.002842,17.5500,17.5500,17.5500,17.5500,54600,958230.0000,3
2026-01-14,20260114110500000,sz.002842,17.5500,17.5500,17.5500,17.5500,33800,593190.0000,3
2026-01-14,20260114111000000,sz.002842,17.5500,17.5500,17.5500,17.5500,39072,685713.6000,3
2026-01-14,20260114111500000,sz.002842,17.5500,17.5500,17.5500,17.5500,37900,665145.0000,3
2026-01-14,20260114112000000,sz.002842,17.5500,17.5500,17.5500,17.5500,21000,368550.0000,3
2026-01-14,20260114112500000,sz.002842,17.5500,17.5500,17.5500,17.5500,801300,14062815.0000,3
2026-01-14,20260114113000000,sz.002842,17.5500,17.5500,17.5500,17.5500,1659780,29129139.0000,3
2026-01-14,20260114130500000,sz.002842,17.5500,17.5500,17.1500,17.2900,9311580,161953095.4000,3
2026-01-14,20260114131000000,sz.002842,17.3100,17.4000,17.1900,17.2000,3282960,56686221.4000,3
2026-01-14,20260114131500000,sz.002842,17.2000,17.3000,17.1800,17.2000,2172200,37438703.8800,3
2026-01-14,20260114132000000,sz.002842,17.2000,17.2900,17.1400,17.2400,2852706,49088570.0800,3
2026-01-14,20260114132500000,sz.002842,17.2400,17.3500,17.2200,17.2800,2013432,34805391.3200,3
2026-01-14,20260114133000000,sz.002842,17.2900,17.3000,17.1500,17.2600,1105524,19046271.6000,3
2026-01-14,20260114133500000,sz.002842,17.2700,17.4200,17.2700,17.3200,1217100,21110852.0000,3
2026-01-14,20260114134000000,sz.002842,17.3100,17.4600,17.2900,17.4400,932000,16214262.0000,3
2026-01-14,20260114134500000,sz.002842,17.4400,17.5000,17.3900,17.4200,1176800,20537906.0000,3
2026-01-14,20260114135000000,sz.002842,17.4200,17.4400,17.3600,17.4000,518761,9025567.1800,3
2026-01-14,20260114135500000,sz.002842,17.3900,17.4400,17.3500,17.4200,898376,15633547.6400,3
2026-01-14,20260114140000000,sz.002842,17.4100,17.4100,17.2200,17.2300,829900,14357418.4000,3
2026-01-14,20260114140500000,sz.002842,17.2200,17.2800,17.1800,17.2500,1712862,29488296.5400,3
2026-01-14,20260114141000000,sz.002842,17.2700,17.3500,17.2000,17.2900,1950900,33663987.4800,3
2026-01-14,20260114141500000,sz.002842,17.3100,17.5500,17.3000,17.4700,1520960,26579698.8000,3
2026-01-14,20260114142000000,sz.002842,17.4700,17.5300,17.4500,17.4900,705460,12332471.2000,3
2026-01-14,20260114142500000,sz.002842,17.4900,17.5300,17.4700,17.5000,662600,11594930.0000,3
2026-01-14,20260114143000000,sz.002842,17.4900,17.5000,17.4300,17.4600,496100,8670762.0000,3
2026-01-14,20260114143500000,sz.002842,17.5000,17.5300,17.4600,17.5000,1064810,18626263.8000,3
2026-01-14,20260114144000000,sz.002842,17.4900,17.4900,17.3700,17.3700,580400,10106077.2800,3
2026-01-14,20260114144500000,sz.002842,17.3700,17.4000,17.3100,17.3600,1018600,17672376.0000,3
2026-01-14,20260114145000000,sz.002842,17.3800,17.3900,17.3200,17.3700,841400,14608613.0000,3
2026-01-14,20260114145500000,sz.002842,17.3700,17.4600,17.3600,17.4200,1481560,25779546.8000,3
2026-01-14,20260114150000000,sz.002842,17.4300,17.4500,17.3800,17.4000,1193700,20782057.0000,3
2026-01-15,20260115093500000,sz.002842,17.3800,18.2800,17.3800,18.2100,10947942,196190543.3800,3
2026-01-15,20260115094000000,sz.002842,18.2400,18.3000,17.9000,17.9000,4947300,89856333.0600,3
2026-01-15,20260115094500000,sz.002842,17.9200,18.2600,17.7600,18.0900,3146300,56621947.0000,3
2026-01-15,20260115095000000,sz.002842,18.0700,18.1000,17.8400,17.9100,2625300,47133735.0000,3
2026-01-15,20260115095500000,sz.002842,17.9000,18.1500,17.8800,17.9900,2543600,45765979.0000,3
2026-01-15,20260115100000000,sz.002842,18.0000,18.1000,17.9100,18.0000,1470100,26485411.0000,3
2026-01-15,20260115100500000,sz.002842,18.0000,18.2700,17.8800,18.2600,2192700,39492446.0000,3
2026-01-15,20260115101000000,sz.002842,18.2300,18.2300,17.9900,18.0800,2056500,37272589.8400,3
2026-01-15,20260115101500000,sz.002842,18.0600,18.0800,17.9500,18.0200,1170900,21088848.0000,3
2026-01-15,20260115102000000,sz.002842,18.0200,18.1900,18.0200,18.1500,970000,17579840.6400,3
2026-01-15,20260115102500000,sz.002842,18.1700,18.1800,18.0800,18.1700,844200,15305138.0000,3
2026-01-15,20260115103000000,sz.002842,18.1500,18.4000,18.0800,18.3500,2234298,40819273.8200,3
2026-01-15,20260115103500000,sz.002842,18.3700,18.4400,18.2700,18.3500,1756400,32278490.0000,3
2026-01-15,20260115104000000,sz.002842,18.3500,18.4100,18.2000,18.3500,1542100,28270208.6400,3
2026-01-15,20260115104500000,sz.002842,18.3200,18.3800,18.2600,18.3700,907100,16615784.0000,3
2026-01-15,20260115105000000,sz.002842,18.3700,18.3800,18.1500,18.2200,1350600,24721863.0000,3
2026-01-15,20260115105500000,sz.002842,18.2200,18.2200,18.0300,18.0400,633300,11477473.0000,3
2026-01-15,20260115110000000,sz.002842,18.0400,18.0400,17.9300,17.9500,1066600,19162516.0000,3
2026-01-15,20260115110500000,sz.002842,17.9500,18.0400,17.9300,18.0200,675700,12154959.0000,3
2026-01-15,20260115111000000,sz.002842,18.0200,18.5200,18.0200,18.4900,1858624,34046661.4800,3
2026-01-15,20260115111500000,sz.002842,18.5100,18.5100,18.3300,18.3800,1049900,19361800.0000,3
2026-01-15,20260115112000000,sz.002842,18.3800,18.5500,18.3300,18.4700,1380900,25492772.0000,3
2026-01-15,20260115112500000,sz.002842,18.4700,18.5300,18.4000,18.4100,1165200,21528107.0000,3
2026-01-15,20260115113000000,sz.002842,18.4100,18.5000,18.3100,18.3800,552400,10175023.0000,3
2026-01-15,20260115130500000,sz.002842,18.4000,18.7100,18.2200,18.6500,1628488,30135974.7600,3
2026-01-15,20260115131000000,sz.002842,18.6500,19.1400,18.6300,19.1400,4366964,82959407.2200,3
2026-01-15,20260115131500000,sz.002842,19.1400,19.1400,19.1400,19.1400,1030159,19717243.2600,3
2026-01-15,20260115132000000,sz.002842,19.1400,19.1400,19.1400,19.1400,315500,6038670.0000,3
2026-01-15,20260115132500000,sz.002842,19.1400,19.1400,19.1400,19.1400,155512,2976499.6800,3
2026-01-15,20260115133000000,sz.002842,19.1400,19.1400,19.1400,19.1400,151300,2895882.0000,3
2026-01-15,20260115133500000,sz.002842,19.1400,19.1400,19.1400,19.1400,97260,1861556.4000,3
2026-01-15,20260115134000000,sz.002842,19.1400,19.1400,19.1400,19.1400,88300,1690062.0000,3
2026-01-15,20260115134500000,sz.002842,19.1400,19.1400,19.1400,19.1400,97500,1866150.0000,3
2026-01-15,20260115135000000,sz.002842,19.1400,19.1400,19.1400,19.1400,640300,12255342.0000,3
2026-01-15,20260115135500000,sz.002842,19.1400,19.1400,19.1400,19.1400,602500,11531850.0000,3
2026-01-15,20260115140000000,sz.002842,19.1400,19.1400,19.1400,19.1400,87600,1676664.0000,3
2026-01-15,20260115140500000,sz.002842,19.1400,19.1400,19.1400,19.1400,106188,2032438.3200,3
2026-01-15,20260115141000000,sz.002842,19.1400,19.1400,19.1400,19.1400,47400,907236.0000,3
2026-01-15,20260115141500000,sz.002842,19.1400,19.1400,19.1400,19.1400,211900,4055766.0000,3
2026-01-15,20260115142000000,sz.002842,19.1400,19.1400,19.1400,19.1400,46644,892766.1600,3
2026-01-15,20260115142500000,sz.002842,19.1400,19.1400,19.1400,19.1400,165700,3171498.0000,3
2026-01-15,20260115143000000,sz.002842,19.1400,19.1400,19.1400,19.1400,292500,5598450.0000,3
2026-01-15,20260115143500000,sz.002842,19.1400,19.1400,19.1400,19.1400,935168,17899115.5200,3
2026-01-15,20260115144000000,sz.002842,19.1400,19.1400,19.1400,19.1400,740100,14165514.0000,3
2026-01-15,20260115144500000,sz.002842,19.1400,19.1400,19.1400,19.1400,60760,1162946.4000,3
2026-01-15,20260115145000000,sz.002842,19.1400,19.1400,19.1400,19.1400,50900,974226.0000,3
2026-01-15,20260115145500000,sz.002842,19.1400,19.1400,19.1400,19.1400,182100,3485394.0000,3
2026-01-15,20260115150000000,sz.002842,19.1400,19.1400,19.1400,19.1400,610932,11693238.4800,3
2026-01-16,20260116093500000,sz.002842,18.9500,19.3000,18.3200,19.1400,8684900,164173085.0000,3
2026-01-16,20260116094000000,sz.002842,19.1600,19.6600,19.0700,19.4300,6009900,116587103.0000,3
2026-01-16,20260116094500000,sz.002842,19.4000,19.5600,19.2600,19.4400,3229000,62714766.0000,3
2026-01-16,20260116095000000,sz.002842,19.4500,19.9500,19.4500,19.9000,4166844,82217152.0000,3
2026-01-16,20260116095500000,sz.002842,19.8800,19.9000,19.6500,19.9000,3246800,64191257.6000,3
2026-01-16,20260116100000000,sz.002842,19.9100,20.0900,19.7800,20.0200,3700000,73834196.6400,3
2026-01-16,20260116100500000,sz.002842,20.0000,20.0400,19.7200,19.7200,3173920,63187392.6000,3
2026-01-16,20260116101000000,sz.002842,19.7300,19.7700,19.5700,19.6000,2547088,50127802.2000,3
2026-01-16,20260116101500000,sz.002842,19.5900,19.6200,19.4200,19.5200,2087520,40707594.8400,3
2026-01-16,20260116102000000,sz.002842,19.5500,19.6800,19.5200,19.5200,1349400,26411630.0000,3
2026-01-16,20260116102500000,sz.002842,19.5100,19.5300,19.3800,19.5100,1877500,36513575.2000,3
2026-01-16,20260116103000000,sz.002842,19.5100,19.6000,19.4700,19.5200,852400,16644746.0000,3
2026-01-16,20260116103500000,sz.002842,19.5800,19.7200,19.5700,19.6000,1279500,25142967.0000,3
2026-01-16,20260116104000000,sz.002842,19.5900,19.7000,19.2700,19.2700,1635400,31790851.6000,3
2026-01-16,20260116104500000,sz.002842,19.2500,19.3400,19.1500,19.1600,2234700,42952522.0000,3
2026-01-16,20260116105000000,sz.002842,19.1900,19.3000,19.0000,19.0300,1530300,29307231.0000,3
2026-01-16,20260116105500000,sz.002842,19.0000,19.1900,18.9500,19.1900,1532440,29159133.2000,3
2026-01-16,20260116110000000,sz.002842,19.1900,19.2600,19.0800,19.1000,661200,12688612.0000,3
2026-01-16,20260116110500000,sz.002842,19.1000,19.2900,19.0800,19.2900,759400,14546529.0000,3
2026-01-16,20260116111000000,sz.002842,19.2900,19.4000,19.2500,19.3600,669900,12946095.0000,3
2026-01-16,20260116111500000,sz.002842,19.3700,19.5100,19.2700,19.2800,704400,13672059.0000,3
2026-01-16,20260116112000000,sz.002842,19.3200,19.3200,19.2100,19.2800,579800,11173189.0000,3
2026-01-16,20260116112500000,sz.002842,19.3300,19.4900,19.3300,19.4300,503100,9768023.0000,3
2026-01-16,20260116113000000,sz.002842,19.4600,19.4600,19.2100,19.3200,398500,7706229.0000,3
2026-01-16,20260116130500000,sz.002842,19.3500,19.5000,19.1200,19.1800,1091863,21046592.5600,3
2026-01-16,20260116131000000,sz.002842,19.2100,19.2400,19.1300,19.1800,824100,15799998.0000,3
2026-01-16,20260116131500000,sz.002842,19.2000,19.2900,19.1100,19.1900,791536,15182706.9200,3
2026-01-16,20260116132000000,sz.002842,19.1900,19.3300,19.1900,19.2000,692200,13322127.0000,3
2026-01-16,20260116132500000,sz.002842,19.2200,19.3400,19.1700,19.2400,708800,13653075.0000,3
2026-01-16,20260116133000000,sz.002842,19.2400,19.2700,19.2000,19.2700,522200,10042256.0000,3
2026-01-16,20260116133500000,sz.002842,19.2600,19.2600,18.9800,19.0500,1672300,31900959.0000,3
2026-01-16,20260116134000000,sz.002842,19.1300,19.2100,19.0500,19.1600,1017100,19436133.0000,3
2026-01-16,20260116134500000,sz.002842,19.1800,19.2300,19.1000,19.1100,953600,18265311.0000,3
2026-01-16,20260116135000000,sz.002842,19.1000,19.1000,18.9600,19.0000,1202062,22851424.9000,3
2026-01-16,20260116135500000,sz.002842,18.9700,19.0100,18.9600,18.9700,579148,10992503.5600,3
2026-01-16,20260116140000000,sz.002842,18.9800,19.0900,18.9700,19.0500,588174,11193304.5200,3
2026-01-16,20260116140500000,sz.002842,19.0500,19.2000,18.9200,19.1700,1149600,21879328.0000,3
2026-01-16,20260116141000000,sz.002842,19.2000,19.3700,19.1300,19.1600,1322372,25484110.6000,3
2026-01-16,20260116141500000,sz.002842,19.1700,19.2100,19.1000,19.1400,484400,9282569.0000,3
2026-01-16,20260116142000000,sz.002842,19.1300,19.2100,19.1000,19.1500,494400,9473033.0000,3
2026-01-16,20260116142500000,sz.002842,19.1500,19.2400,19.1300,19.1700,401358,7697051.8200,3
2026-01-16,20260116143000000,sz.002842,19.1800,19.2100,19.1400,19.1500,504842,9681326.7800,3
2026-01-16,20260116143500000,sz.002842,19.1700,19.2300,19.1200,19.2100,504500,9675689.0000,3
2026-01-16,20260116144000000,sz.002842,19.2000,19.2100,19.1400,19.1500,563900,10805931.0000,3
2026-01-16,20260116144500000,sz.002842,19.1400,19.2100,19.1300,19.1900,1093200,20963684.3800,3
2026-01-16,20260116145000000,sz.002842,19.2000,19.3600,19.1900,19.2100,1142078,22001992.4400,3
2026-01-16,20260116145500000,sz.002842,19.2200,19.2200,19.1300,19.2000,1141385,21881050.7500,3
2026-01-16,20260116150000000,sz.002842,19.2000,19.3000,19.1800,19.3000,1204020,23178358.4000,3
2026-01-19,20260119093500000,sz.002842,19.0000,19.4800,18.7600,18.9400,8696863,165576911.6300,3
2026-01-19,20260119094000000,sz.002842,18.9100,19.1400,18.6700,18.9600,3645100,68944431.0000,3
2026-01-19,20260119094500000,sz.002842,18.9500,19.1900,18.9300,19.1600,2279216,43421510.6000,3
2026-01-19,20260119095000000,sz.002842,19.1600,19.2600,18.9100,19.2500,1685000,32137220.0000,3
2026-01-19,20260119095500000,sz.002842,19.2400,19.6500,19.2400,19.5400,3547000,69166373.0000,3
2026-01-19,20260119100000000,sz.002842,19.5400,19.9100,19.5400,19.8900,4144772,82082372.3600,3
2026-01-19,20260119100500000,sz.002842,19.8900,19.9800,19.7500,19.7500,3218000,63929541.6400,3
2026-01-19,20260119101000000,sz.002842,19.7500,19.7800,19.5800,19.6000,1638600,32251731.0000,3
2026-01-19,20260119101500000,sz.002842,19.6100,19.7900,19.6100,19.6800,973400,19164219.0000,3
2026-01-19,20260119102000000,sz.002842,19.6400,19.9500,19.6400,19.9500,1476361,29286879.1900,3
2026-01-19,20260119102500000,sz.002842,19.9400,19.9500,19.7000,19.7000,877200,17369347.5900,3
2026-01-19,20260119103000000,sz.002842,19.7000,20.0600,19.6600,20.0600,1676557,33352614.6900,3
2026-01-19,20260119103500000,sz.002842,20.0100,20.1000,19.9000,20.0000,1297300,25962632.7600,3
2026-01-19,20260119104000000,sz.002842,20.0100,20.1500,19.9000,19.9500,1242200,24888557.0000,3
2026-01-19,20260119104500000,sz.002842,20.0000,20.0400,19.8900,19.9500,777960,15543707.3500,3
2026-01-19,20260119105000000,sz.002842,19.9600,20.0200,19.8900,20.0000,387174,7725473.8600,3
2026-01-19,20260119105500000,sz.002842,20.0000,20.0500,19.9000,20.0000,402444,8043104.0000,3
2026-01-19,20260119110000000,sz.002842,20.0100,20.0400,19.9500,19.9500,294700,5894987.5600,3
2026-01-19,20260119110500000,sz.002842,19.9500,19.9700,19.9200,19.9200,260700,5200476.0000,3
2026-01-19,20260119111000000,sz.002842,19.9100,19.9300,19.8500,19.8700,279600,5558619.0000,3
2026-01-19,20260119111500000,sz.002842,19.8700,20.0200,19.8200,20.0100,539800,10745238.0000,3
2026-01-19,20260119112000000,sz.002842,20.0100,20.3500,20.0000,20.2800,1628944,32961543.9200,3
2026-01-19,20260119112500000,sz.002842,20.2800,20.2900,20.0500,20.1900,503100,10150066.0000,3
2026-01-19,20260119113000000,sz.002842,20.1900,20.6600,20.1800,20.6500,1479985,30173007.0000,3
2026-01-19,20260119130500000,sz.002842,20.6600,20.6600,20.2700,20.3100,2113800,43401857.0000,3
2026-01-19,20260119131000000,sz.002842,20.3100,20.4200,20.2300,20.4000,852000,17310470.0000,3
2026-01-19,20260119131500000,sz.002842,20.4400,20.6600,20.3600,20.5000,889500,18268732.0000,3
2026-01-19,20260119132000000,sz.002842,20.4900,20.5700,20.3400,20.3700,804600,16456811.5200,3
2026-01-19,20260119132500000,sz.002842,20.4100,20.4300,20.2300,20.2400,451100,9163742.0000,3
2026-01-19,20260119133000000,sz.002842,20.2500,20.3200,20.1600,20.2700,797500,16120801.0000,3
2026-01-19,20260119133500000,sz.002842,20.3000,20.3200,20.0900,20.0900,588900,11890913.0000,3
2026-01-19,20260119134000000,sz.002842,20.1000,20.1000,20.0100,20.0200,482200,9668241.0000,3
2026-01-19,20260119134500000,sz.002842,20.0300,20.1300,19.9100,19.9300,908400,18171073.0000,3
2026-01-19,20260119135000000,sz.002842,19.9300,20.0200,19.9300,19.9900,506800,10127996.0000,3
2026-01-19,20260119135500000,sz.002842,19.9900,20.0100,19.8900,19.9000,505400,10081085.0000,3
2026-01-19,20260119140000000,sz.002842,19.8900,19.9600,19.8900,19.9200,554000,11030175.0000,3
2026-01-19,20260119140500000,sz.002842,19.9300,19.9600,19.8900,19.9100,436460,8692727.0000,3
2026-01-19,20260119141000000,sz.002842,19.9200,19.9300,19.8800,19.9000,373500,7431611.8000,3
2026-01-19,20260119141500000,sz.002842,19.8900,19.9900,19.8500,19.9800,540344,10760033.3200,3
2026-01-19,20260119142000000,sz.002842,19.9900,20.0000,19.8700,19.9000,577300,11511300.0000,3
2026-01-19,20260119142500000,sz.002842,19.9300,20.0000,19.8800,19.9600,396500,7914316.0000,3
2026-01-19,20260119143000000,sz.002842,19.9600,19.9700,19.8800,19.9000,493400,9824221.0000,3
2026-01-19,20260119143500000,sz.002842,19.9000,19.9500,19.7600,19.8700,959200,19034314.0000,3
2026-01-19,20260119144000000,sz.002842,19.8800,19.9000,19.8200,19.8200,599900,11911096.0000,3
2026-01-19,20260119144500000,sz.002842,19.8300,19.9600,19.8200,19.9100,860400,17078257.0000,3
2026-01-19,20260119145000000,sz.002842,19.9300,20.0800,19.9200,20.0300,1717200,34391921.0000,3
2026-01-19,20260119145500000,sz.002842,20.0300,20.1700,20.0300,20.1300,1602400,32232925.8700,3
2026-01-19,20260119150000000,sz.002842,20.1400,20.1500,20.0400,20.1000,1694100,34048409.0000,3
2026-01-20,20260120093500000,sz.002842,20.1000,20.2300,19.5500,19.5600,9206560,183604222.4000,3
2026-01-20,20260120094000000,sz.002842,19.5800,19.6500,18.6500,18.6500,6879540,132035809.2600,3
2026-01-20,20260120094500000,sz.002842,18.7100,19.1200,18.7100,19.1200,5030154,95108551.6000,3
2026-01-20,20260120095000000,sz.002842,19.1600,19.4000,19.0900,19.1100,2995800,57598292.0000,3
2026-01-20,20260120095500000,sz.002842,19.1000,19.2300,18.9600,19.1300,1527200,29159951.0000,3
2026-01-20,20260120100000000,sz.002842,19.1300,19.1300,18.8000,18.8800,1814800,34391548.0000,3
2026-01-20,20260120100500000,sz.002842,18.8800,18.9700,18.7700,18.7700,1737400,32759805.0000,3
2026-01-20,20260120101000000,sz.002842,18.7700,18.8700,18.6600,18.7200,2049800,38433817.0000,3
2026-01-20,20260120101500000,sz.002842,18.7400,18.7400,18.5400,18.6100,1786200,33247837.9000,3
2026-01-20,20260120102000000,sz.002842,18.6100,18.6900,18.5100,18.5300,1360000,25267245.0000,3
2026-01-20,20260120102500000,sz.002842,18.5200,18.5300,18.3300,18.3800,2225700,41021561.0000,3
2026-01-20,20260120103000000,sz.002842,18.3800,18.6200,18.3700,18.5600,1084100,19992813.0000,3
2026-01-20,20260120103500000,sz.002842,18.5900,18.5900,18.4100,18.4700,912700,16871136.0000,3
2026-01-20,20260120104000000,sz.002842,18.4700,18.7900,18.4700,18.7500,884200,16527108.0000,3
2026-01-20,20260120104500000,sz.002842,18.7500,19.0000,18.7500,19.0000,974000,18377149.0000,3
2026-01-20,20260120105000000,sz.002842,19.0000,19.0600,18.7900,18.9000,1113600,21069109.0000,3
2026-01-20,20260120105500000,sz.002842,18.9100,19.3300,18.8800,19.3300,1058500,20282515.0000,3
2026-01-20,20260120110000000,sz.002842,19.3600,19.4800,19.2700,19.3000,1512000,29305461.9200,3
2026-01-20,20260120110500000,sz.002842,19.2900,19.5700,19.2600,19.3200,1686974,32782312.4600,3
2026-01-20,20260120111000000,sz.002842,19.3100,19.3800,19.2200,19.3400,649580,12538231.6000,3
2026-01-20,20260120111500000,sz.002842,19.3500,19.5500,19.3500,19.5500,548650,10674326.7600,3
2026-01-20,20260120112000000,sz.002842,19.5500,19.5700,19.4500,19.5400,733288,14308639.9600,3
2026-01-20,20260120112500000,sz.002842,19.5400,19.6700,19.4900,19.5100,671900,13165906.0000,3
2026-01-20,20260120113000000,sz.002842,19.5100,19.5100,19.4000,19.4600,335600,6526287.0000,3
2026-01-20,20260120130500000,sz.002842,19.4400,19.5600,19.3100,19.3500,716712,13922491.4000,3
2026-01-20,20260120131000000,sz.002842,19.3700,19.6200,19.3500,19.5900,861700,16782193.0000,3
2026-01-20,20260120131500000,sz.002842,19.5900,20.3300,19.5800,20.3000,1956124,39142360.5200,3
2026-01-20,20260120132000000,sz.002842,20.3100,20.3400,19.9200,20.0400,1786744,36078084.7200,3
2026-01-20,20260120132500000,sz.002842,20.0400,20.1500,19.9600,20.1000,818600,16428120.6000,3
2026-01-20,20260120133000000,sz.002842,20.1000,20.3400,20.0500,20.1600,2341800,47260246.0000,3
2026-01-20,20260120133500000,sz.002842,20.1500,20.1500,20.0200,20.1200,686300,13787398.0000,3
2026-01-20,20260120134000000,sz.002842,20.1400,20.5000,20.1400,20.4300,1450488,29463381.2000,3
2026-01-20,20260120134500000,sz.002842,20.4000,20.5500,20.3200,20.4500,1359700,27778932.4000,3
2026-01-20,20260120135000000,sz.002842,20.4400,21.1000,20.4300,21.0900,2449606,50872224.8200,3
2026-01-20,20260120135500000,sz.002842,21.0600,21.0900,20.5300,20.5700,1245600,25936533.0000,3
2026-01-20,20260120140000000,sz.002842,20.5600,20.5600,20.3800,20.4700,957100,19583691.5600,3
2026-01-20,20260120140500000,sz.002842,20.4200,20.7200,20.4200,20.4800,863000,17729964.0000,3
2026-01-20,20260120141000000,sz.002842,20.4700,20.5800,20.4600,20.5000,473800,9725462.2800,3
2026-01-20,20260120141500000,sz.002842,20.5000,20.5700,20.3300,20.5700,631800,12922352.0000,3
2026-01-20,20260120142000000,sz.002842,20.5100,20.8000,20.5000,20.7200,919474,18987744.4400,3
2026-01-20,20260120142500000,sz.002842,20.7000,20.7400,20.6200,20.6600,586000,12108454.0000,3
2026-01-20,20260120143000000,sz.002842,20.6500,20.7200,20.6100,20.6600,568300,11742624.0000,3
2026-01-20,20260120143500000,sz.002842,20.6500,20.6600,20.5500,20.5700,741100,15271839.0000,3
2026-01-20,20260120144000000,sz.002842,20.5600,20.5600,20.3900,20.4600,969922,19846624.8000,3
2026-01-20,20260120144500000,sz.002842,20.4400,20.5200,20.4200,20.5200,756692,15489436.8000,3
2026-01-20,20260120145000000,sz.002842,20.5200,20.6000,20.4600,20.5000,848064,17420897.7600,3
2026-01-20,20260120145500000,sz.002842,20.5100,20.9900,20.5100,20.9500,2679084,55809112.5800,3
2026-01-20,20260120150000000,sz.002842,20.9300,20.9500,20.8000,20.9400,1559572,32558872.7600,3
2026-01-21,20260121093500000,sz.002842,20.8100,20.9200,20.3700,20.4000,6336448,130882056.1200,3
2026-01-21,20260121094000000,sz.002842,20.5000,21.4800,20.4200,21.4700,7439660,157442786.7600,3
2026-01-21,20260121094500000,sz.002842,21.4700,21.5900,21.2200,21.5900,4166000,89037733.0000,3
2026-01-21,20260121095000000,sz.002842,21.5800,21.5800,21.2000,21.2300,2107600,45100182.0000,3
2026-01-21,20260121095500000,sz.002842,21.2200,21.5800,21.2100,21.4600,1749172,37459710.4000,3
2026-01-21,20260121100000000,sz.002842,21.4700,21.9600,21.4000,21.9600,3283500,71441236.2600,3
2026-01-21,20260121100500000,sz.002842,21.9600,22.1300,21.8600,22.0600,2875932,63313779.5600,3
2026-01-21,20260121101000000,sz.002842,22.0500,22.3700,21.9800,22.2400,1981200,43905493.0000,3
2026-01-21,20260121101500000,sz.002842,22.2700,22.7200,22.2700,22.4300,2988464,67393710.6400,3
2026-01-21,20260121102000000,sz.002842,22.4400,22.4800,22.1300,22.3600,1465988,32708678.8800,3
2026-01-21,20260121102500000,sz.002842,22.3400,22.3900,22.0700,22.0700,1116400,24834406.0000,3
2026-01-21,20260121103000000,sz.002842,22.0700,22.4800,22.0600,22.4800,875648,19513155.3200,3
2026-01-21,20260121103500000,sz.002842,22.4700,22.4700,22.1200,22.2100,723900,16131953.0000,3
2026-01-21,20260121104000000,sz.002842,22.2000,22.5000,22.2000,22.4200,853300,19130669.0000,3
2026-01-21,20260121104500000,sz.002842,22.4200,22.6000,22.2900,22.4300,719100,16136751.0000,3
2026-01-21,20260121105000000,sz.002842,22.4200,22.4300,22.2200,22.2200,468100,10458455.0000,3
2026-01-21,20260121105500000,sz.002842,22.2200,22.3300,22.2000,22.3100,277005,6171029.4000,3
2026-01-21,20260121110000000,sz.002842,22.3100,22.4800,22.2800,22.4300,457300,10243050.0000,3
2026-01-21,20260121110500000,sz.002842,22.4200,22.6000,22.4100,22.4500,794400,17889121.5600,3
2026-01-21,20260121111000000,sz.002842,22.4700,22.5800,22.4000,22.4600,527400,11847150.0000,3
2026-01-21,20260121111500000,sz.002842,22.5000,22.5200,22.2900,22.3000,586700,13158065.0000,3
2026-01-21,20260121112000000,sz.002842,22.3000,22.3700,22.2200,22.3500,554100,12345941.0000,3
2026-01-21,20260121112500000,sz.002842,22.3500,22.4900,22.3300,22.3700,489300,10952396.0000,3
2026-01-21,20260121113000000,sz.002842,22.3700,22.4600,22.3500,22.4000,402000,9002467.0000,3
2026-01-21,20260121130500000,sz.002842,22.4200,22.7100,22.4200,22.6700,1404768,31768406.9600,3
2026-01-21,20260121131000000,sz.002842,22.6400,22.6800,22.4000,22.4000,754600,17016023.0000,3
2026-01-21,20260121131500000,sz.002842,22.3700,22.4200,22.1000,22.1200,729700,16267031.0000,3
2026-01-21,20260121132000000,sz.002842,22.1000,22.3100,22.1000,22.3100,761144,16877848.0800,3
2026-01-21,20260121132500000,sz.002842,22.3100,22.3800,22.1500,22.2800,529472,11787602.0000,3
2026-01-21,20260121133000000,sz.002842,22.2600,22.3500,22.2000,22.3300,291900,6498940.4000,3
2026-01-21,20260121133500000,sz.002842,22.3000,22.3300,22.2800,22.3000,280400,6254045.0000,3
2026-01-21,20260121134000000,sz.002842,22.2900,22.4800,22.2800,22.4700,367400,8233716.0000,3
2026-01-21,20260121134500000,sz.002842,22.4800,22.5500,22.3900,22.3900,488172,10968522.4000,3
2026-01-21,20260121135000000,sz.002842,22.3700,22.4500,22.3100,22.4400,240500,5382316.0000,3
2026-01-21,20260121135500000,sz.002842,22.4500,22.4600,22.3800,22.3900,174200,3903869.0000,3
2026-01-21,20260121140000000,sz.002842,22.3900,22.4000,22.2200,22.3300,832500,18554613.0000,3
2026-01-21,20260121140500000,sz.002842,22.3200,22.4400,22.3000,22.3000,325600,7274356.0000,3
2026-01-21,20260121141000000,sz.002842,22.2600,22.3100,22.2000,22.2400,472300,10506699.0000,3
2026-01-21,20260121141500000,sz.002842,22.2300,22.2600,22.2100,22.2200,411900,9157476.0000,3
2026-01-21,20260121142000000,sz.002842,22.2200,22.4000,22.2100,22.3600,674788,15080371.4000,3
2026-01-21,20260121142500000,sz.002842,22.3700,22.5700,22.3600,22.4400,801600,18022154.0000,3
2026-01-21,20260121143000000,sz.002842,22.4400,22.5300,22.3400,22.3500,730074,16367414.6800,3
2026-01-21,20260121143500000,sz.002842,22.3600,22.5100,22.3400,22.4000,653900,14662552.0000,3
2026-01-21,20260121144000000,sz.002842,22.3800,22.4300,22.3600,22.4000,531116,11896810.0800,3
2026-01-21,20260121144500000,sz.002842,22.3900,22.4100,22.3600,22.4000,696384,15593698.1600,3
2026-01-21,20260121145000000,sz.002842,22.3900,22.5800,22.3200,22.5600,1559132,35017809.7200,3
2026-01-21,20260121145500000,sz.002842,22.5400,22.5700,22.4100,22.5100,1418500,31906478.3000,3
2026-01-21,20260121150000000,sz.002842,22.5000,22.6000,22.5000,22.6000,1835150,41417440.5000,3
2026-01-22,20260122093500000,sz.002842,22.3800,22.5400,21.8000,22.5400,7711244,170465495.7200,3
2026-01-22,20260122094000000,sz.002842,22.5600,23.1100,22.3600,22.8400,6304032,143581469.9400,3
2026-01-22,20260122094500000,sz.002842,22.7600,23.0000,22.5500,22.5500,2541500,57909445.0000,3
2026-01-22,20260122095000000,sz.002842,22.5500,22.6700,22.3600,22.5700,2459400,55321093.0000,3
2026-01-22,20260122095500000,sz.002842,22.5700,22.6400,22.3700,22.4000,1272872,28636207.4400,3
2026-01-22,20260122100000000,sz.002842,22.4100,22.5000,22.2600,22.4000,1908500,42637776.0000,3
2026-01-22,20260122100500000,sz.002842,22.3800,22.3800,21.8000,21.9200,2869972,63099300.6000,3
2026-01-22,20260122101000000,sz.002842,21.9000,22.0000,21.8200,21.9800,1605500,35144805.0000,3
2026-01-22,20260122101500000,sz.002842,21.9800,22.1500,21.8700,21.8700,1242300,27308130.0000,3
2026-01-22,20260122102000000,sz.002842,21.8800,21.8800,21.6000,21.7300,2271908,49332837.1600,3
2026-01-22,20260122102500000,sz.002842,21.7500,21.7700,21.4200,21.5200,2719268,58507454.2800,3
2026-01-22,20260122103000000,sz.002842,21.5200,21.6700,21.5200,21.6700,969100,20940848.0000,3
2026-01-22,20260122103500000,sz.002842,21.6800,21.8000,21.5000,21.7100,1067300,23080460.0000,3
2026-01-22,20260122104000000,sz.002842,21.7100,21.9000,21.6900,21.7500,697900,15227820.0000,3
2026-01-22,20260122104500000,sz.002842,21.7700,21.8500,21.6800,21.7100,718500,15620930.3600,3
2026-01-22,20260122105000000,sz.002842,21.7100,21.8100,21.5900,21.5900,968600,21006512.0000,3
2026-01-22,20260122105500000,sz.002842,21.6000,21.7100,21.5600,21.5800,687176,14840904.7600,3
2026-01-22,20260122110000000,sz.002842,21.5500,21.8800,21.5300,21.8800,589300,12804584.2000,3
2026-01-22,20260122110500000,sz.002842,21.8600,22.1800,21.8200,22.1800,1240500,27320268.0000,3
2026-01-22,20260122111000000,sz.002842,22.1600,22.1600,21.9100,21.9400,426400,9397827.0000,3
2026-01-22,20260122111500000,sz.002842,21.9400,22.0500,21.8100,22.0200,441600,9678705.0000,3
2026-01-22,20260122112000000,sz.002842,22.0500,22.0700,21.9000,21.9300,293800,6452388.0000,3
2026-01-22,20260122112500000,sz.002842,21.9300,22.0200,21.9200,21.9900,236200,5186679.0000,3
2026-01-22,20260122113000000,sz.002842,21.9200,21.9900,21.8800,21.9100,222000,4863014.0000,3
2026-01-22,20260122130500000,sz.002842,21.9200,21.9200,21.6900,21.7300,599541,13065155.2900,3
2026-01-22,20260122131000000,sz.002842,21.7300,21.8000,21.7000,21.7500,382250,8311200.5000,3
2026-01-22,20260122131500000,sz.002842,21.7500,21.9200,21.7000,21.7100,749943,16334854.8100,3
2026-01-22,20260122132000000,sz.002842,21.7500,21.9100,21.7200,21.7700,411600,8963840.0000,3
2026-01-22,20260122132500000,sz.002842,21.7700,21.8000,21.6600,21.7000,598400,12994826.5700,3
2026-01-22,20260122133000000,sz.002842,21.7100,21.7300,21.5900,21.6100,730757,15838341.4100,3
2026-01-22,20260122133500000,sz.002842,21.6500,21.7900,21.5600,21.7900,565792,12237938.2000,3
2026-01-22,20260122134000000,sz.002842,21.8000,21.8900,21.7600,21.8800,263600,5754742.0000,3
2026-01-22,20260122134500000,sz.002842,21.8700,21.9200,21.7700,21.7800,207300,4528598.0000,3
2026-01-22,20260122135000000,sz.002842,21.7700,21.7900,21.7100,21.7600,352700,7677343.0000,3
2026-01-22,20260122135500000,sz.002842,21.7700,21.8300,21.7700,21.8000,276800,6035112.0000,3
2026-01-22,20260122140000000,sz.002842,21.7900,21.8000,21.7200,21.7500,330336,7185472.0000,3
2026-01-22,20260122140500000,sz.002842,21.7600,21.8700,21.7600,21.8000,303200,6617164.0000,3
2026-01-22,20260122141000000,sz.002842,21.8000,21.8800,21.7800,21.8700,331774,7234128.2000,3
2026-01-22,20260122141500000,sz.002842,21.8700,21.8700,21.7000,21.7100,620590,13502995.8000,3
2026-01-22,20260122142000000,sz.002842,21.7100,21.7800,21.7100,21.7800,181905,3955394.6000,3
2026-01-22,20260122142500000,sz.002842,21.7700,21.8000,21.7600,21.8000,225400,4907627.0000,3
2026-01-22,20260122143000000,sz.002842,21.7800,21.9900,21.7800,21.8500,772600,16931059.4000,3
2026-01-22,20260122143500000,sz.002842,21.8400,21.8500,21.7800,21.8000,353600,7714186.5100,3
2026-01-22,20260122144000000,sz.002842,21.7900,21.8000,21.7500,21.7600,414500,9025409.1600,3
2026-01-22,20260122144500000,sz.002842,21.7700,21.8000,21.7000,21.7800,851766,18514594.2000,3
2026-01-22,20260122145000000,sz.002842,21.7900,21.8000,21.7500,21.7900,752190,16377159.0800,3
2026-01-22,20260122145500000,sz.002842,21.7600,21.8000,21.7600,21.7800,1102580,24015165.8000,3
2026-01-22,20260122150000000,sz.002842,21.7800,21.7900,21.7600,21.7800,1552385,33807597.6500,3
2026-01-23,20260123093500000,sz.002842,21.7700,22.0700,21.3900,21.5300,4855482,105246593.1200,3
2026-01-23,20260123094000000,sz.002842,21.5200,21.5300,21.2000,21.2200,3724816,79458761.5200,3
2026-01-23,20260123094500000,sz.002842,21.2300,21.6000,21.2100,21.3900,2359200,50474768.0000,3
2026-01-23,20260123095000000,sz.002842,21.4200,21.6000,21.1000,21.1500,2824694,60172431.4000,3
2026-01-23,20260123095500000,sz.002842,21.1500,21.4000,21.1500,21.4000,1534800,32579579.0000,3
2026-01-23,20260123100000000,sz.002842,21.4000,21.4100,21.1200,21.1300,1810600,38412750.9200,3
2026-01-23,20260123100500000,sz.002842,21.1400,21.2200,21.0300,21.1900,2411500,50934092.0000,3
2026-01-23,20260123101000000,sz.002842,21.2000,21.2000,21.0700,21.1700,1170574,24754194.1000,3
2026-01-23,20260123101500000,sz.002842,21.1600,21.3200,21.1500,21.2300,813992,17280193.4000,3
2026-01-23,20260123102000000,sz.002842,21.2300,21.2300,21.0600,21.0600,1251700,26394038.2600,3
2026-01-23,20260123102500000,sz.002842,21.0600,21.0600,20.8600,21.0000,2606359,54623000.4000,3
2026-01-23,20260123103000000,sz.002842,21.0000,21.1800,20.9900,21.1700,838800,17662207.0000,3
2026-01-23,20260123103500000,sz.002842,21.1700,21.1700,20.9100,20.9500,771500,16220771.0000,3
2026-01-23,20260123104000000,sz.002842,20.9200,21.0500,20.9100,21.0500,634100,13296622.0000,3
2026-01-23,20260123104500000,sz.002842,21.0500,21.0900,21.0300,21.0600,406432,8562662.2400,3
2026-01-23,20260123105000000,sz.002842,21.0500,21.1700,21.0500,21.1700,554600,11701760.0000,3
2026-01-23,20260123105500000,sz.002842,21.1900,21.3200,21.1700,21.1700,720700,15320212.0000,3
2026-01-23,20260123110000000,sz.002842,21.1600,21.2500,21.1200,21.2100,359500,7615510.0000,3
2026-01-23,20260123110500000,sz.002842,21.2000,21.2800,21.2000,21.2800,360500,7652401.0000,3
2026-01-23,20260123111000000,sz.002842,21.2800,21.4800,21.2800,21.4100,892700,19110013.0000,3
2026-01-23,20260123111500000,sz.002842,21.4200,21.4500,21.2900,21.4500,454600,9714235.0000,3
2026-01-23,20260123112000000,sz.002842,21.4500,21.6900,21.4500,21.5200,827100,17846634.0000,3
2026-01-23,20260123112500000,sz.002842,21.5200,21.6200,21.4700,21.5000,472000,10168495.0000,3
2026-01-23,20260123113000000,sz.002842,21.5000,21.5500,21.4800,21.5200,225200,4845834.0000,3
2026-01-23,20260123130500000,sz.002842,21.5200,21.9400,21.5200,21.9400,919305,19957699.0000,3
2026-01-23,20260123131000000,sz.002842,21.9500,21.9500,21.7600,21.9000,1383500,30303671.0000,3
2026-01-23,20260123131500000,sz.002842,21.9000,21.9100,21.7800,21.7900,498400,10894057.0000,3
2026-01-23,20260123132000000,sz.002842,21.8000,21.8000,21.7500,21.7700,332000,7226925.0000,3
2026-01-23,20260123132500000,sz.002842,21.7700,21.9500,21.7700,21.9000,572639,12535002.1000,3
2026-01-23,20260123133000000,sz.002842,21.9000,21.9800,21.8200,21.9800,654100,14323537.0000,3
2026-01-23,20260123133500000,sz.002842,21.9800,22.2900,21.9800,22.2900,1620500,35830867.0000,3
2026-01-23,20260123134000000,sz.002842,22.2900,22.8000,22.2800,22.8000,2143900,48274211.0000,3
2026-01-23,20260123134500000,sz.002842,22.8200,23.2300,22.6900,22.8200,2823760,64881628.0000,3
2026-01-23,20260123135000000,sz.002842,22.8000,22.8000,22.4200,22.4200,1313400,29699170.0000,3
2026-01-23,20260123135500000,sz.002842,22.4200,22.8300,22.3500,22.6000,943900,21335315.0000,3
2026-01-23,20260123140000000,sz.002842,22.6100,22.7000,22.5600,22.6500,559100,12661054.3600,3
2026-01-23,20260123140500000,sz.002842,22.6500,22.6500,22.5800,22.5800,402800,9110756.0000,3
2026-01-23,20260123141000000,sz.002842,22.5800,22.5800,22.2500,22.2500,485400,10883758.0000,3
2026-01-23,20260123141500000,sz.002842,22.2600,22.4900,22.2300,22.3500,587000,13119593.0000,3
2026-01-23,20260123142000000,sz.002842,22.3500,22.4100,22.3300,22.3900,287600,6433085.0000,3
2026-01-23,20260123142500000,sz.002842,22.3900,22.5500,22.3700,22.5500,441952,9913288.6400,3
2026-01-23,20260123143000000,sz.002842,22.5500,22.6600,22.4600,22.4700,468400,10566602.0000,3
2026-01-23,20260123143500000,sz.002842,22.4700,22.5000,22.3600,22.3800,349500,7832066.0000,3
2026-01-23,20260123144000000,sz.002842,22.3800,22.4000,22.3700,22.4000,428200,9587623.0000,3
2026-01-23,20260123144500000,sz.002842,22.4100,22.4600,22.4100,22.4600,506200,11360982.0000,3
2026-01-23,20260123145000000,sz.002842,22.4600,22.4600,22.3600,22.3600,557900,12512674.0000,3
2026-01-23,20260123145500000,sz.002842,22.3600,22.3600,21.9800,22.0000,1263400,28027319.0000,3
2026-01-23,20260123150000000,sz.002842,21.9900,22.2900,21.9900,22.2800,1216244,27033152.3600,3
2026-01-26,20260126093500000,sz.002842,22.3000,23.3900,22.2800,23.1400,9095889,207312401.1800,3
2026-01-26,20260126094000000,sz.002842,23.1300,23.6600,23.0900,23.6600,6141442,143985441.9600,3
2026-01-26,20260126094500000,sz.002842,23.7000,23.7500,23.3900,23.6800,3505292,82590233.8800,3
2026-01-26,20260126095000000,sz.002842,23.6800,23.6800,23.4400,23.6100,2226500,52541241.6000,3
2026-01-26,20260126095500000,sz.002842,23.6600,23.9700,23.6000,23.6000,3141672,74798839.7000,3
2026-01-26,20260126100000000,sz.002842,23.6000,23.8600,23.5100,23.8600,1744400,41323538.0000,3
2026-01-26,20260126100500000,sz.002842,23.8700,24.1700,23.8000,24.0800,2792622,67006926.6000,3
2026-01-26,20260126101000000,sz.002842,24.0800,24.2900,23.9800,24.2200,1496582,36140526.8700,3
2026-01-26,20260126101500000,sz.002842,24.2100,24.4900,24.1800,24.4700,2063717,50242812.7400,3
2026-01-26,20260126102000000,sz.002842,24.4700,24.4900,24.3600,24.4500,1716000,41933621.2800,3
2026-01-26,20260126102500000,sz.002842,24.4400,24.5100,24.4000,24.5100,4416408,108206744.2800,3
2026-01-26,20260126103000000,sz.002842,24.5100,24.5100,24.5100,24.5100,243316,5963675.1600,3
2026-01-26,20260126103500000,sz.002842,24.5100,24.5100,24.5100,24.5100,212860,5217198.6000,3
2026-01-26,20260126104000000,sz.002842,24.5100,24.5100,24.5100,24.5100,323880,7938298.8000,3
2026-01-26,20260126104500000,sz.002842,24.5100,24.5100,24.5100,24.5100,270960,6641229.6000,3
2026-01-26,20260126105000000,sz.002842,24.5100,24.5100,24.5100,24.5100,108500,2659335.0000,3
2026-01-26,20260126105500000,sz.002842,24.5100,24.5100,24.5100,24.5100,136600,3348066.0000,3
2026-01-26,20260126110000000,sz.002842,24.5100,24.5100,24.5100,24.5100,113200,2774532.0000,3
2026-01-26,20260126110500000,sz.002842,24.5100,24.5100,24.5100,24.5100,809700,19845747.0000,3
2026-01-26,20260126111000000,sz.002842,24.5100,24.5100,24.5100,24.5100,346400,8490264.0000,3
2026-01-26,20260126111500000,sz.002842,24.5100,24.5100,24.5100,24.5100,328400,8049084.0000,3
2026-01-26,20260126112000000,sz.002842,24.5100,24.5100,24.5100,24.5100,136100,3335811.0000,3
2026-01-26,20260126112500000,sz.002842,24.5100,24.5100,24.5100,24.5100,108500,2659335.0000,3
2026-01-26,20260126113000000,sz.002842,24.5100,24.5100,24.5100,24.5100,206800,5068668.0000,3
2026-01-26,20260126130500000,sz.002842,24.5100,24.5100,24.5100,24.5100,315608,7735552.0800,3
2026-01-26,20260126131000000,sz.002842,24.5100,24.5100,24.5100,24.5100,74332,1821877.3200,3
2026-01-26,20260126131500000,sz.002842,24.5100,24.5100,24.5100,24.5100,108000,2647080.0000,3
2026-01-26,20260126132000000,sz.002842,24.5100,24.5100,24.5100,24.5100,49244,1206970.4400,3
2026-01-26,20260126132500000,sz.002842,24.5100,24.5100,24.5100,24.5100,41500,1017165.0000,3
2026-01-26,20260126133000000,sz.002842,24.5100,24.5100,24.5100,24.5100,38000,931380.0000,3
2026-01-26,20260126133500000,sz.002842,24.5100,24.5100,24.5100,24.5100,85000,2083350.0000,3
2026-01-26,20260126134000000,sz.002842,24.5100,24.5100,24.5100,24.5100,228600,5602986.0000,3
2026-01-26,20260126134500000,sz.002842,24.5100,24.5100,24.5100,24.5100,121560,2979435.6000,3
2026-01-26,20260126135000000,sz.002842,24.5100,24.5100,24.5100,24.5100,131900,3232869.0000,3
2026-01-26,20260126135500000,sz.002842,24.5100,24.5100,24.5100,24.5100,90800,2225508.0000,3
2026-01-26,20260126140000000,sz.002842,24.5100,24.5100,24.5100,24.5100,53600,1313736.0000,3
2026-01-26,20260126140500000,sz.002842,24.5100,24.5100,24.5100,24.5100,38900,953439.0000,3
2026-01-26,20260126141000000,sz.002842,24.5100,24.5100,24.5100,24.5100,180400,4421604.0000,3
2026-01-26,20260126141500000,sz.002842,24.5100,24.5100,24.5100,24.5100,44300,1085793.0000,3
2026-01-26,20260126142000000,sz.002842,24.5100,24.5100,24.5100,24.5100,155100,3801501.0000,3
2026-01-26,20260126142500000,sz.002842,24.5100,24.5100,24.5100,24.5100,50700,1242657.0000,3
2026-01-26,20260126143000000,sz.002842,24.5100,24.5100,24.5100,24.5100,25700,629907.0000,3
2026-01-26,20260126143500000,sz.002842,24.5100,24.5100,24.5100,24.5100,37800,926478.0000,3
2026-01-26,20260126144000000,sz.002842,24.5100,24.5100,24.5100,24.5100,54900,1345599.0000,3
2026-01-26,20260126144500000,sz.002842,24.5100,24.5100,24.5100,24.5100,105600,2588256.0000,3
2026-01-26,20260126145000000,sz.002842,24.5100,24.5100,24.5100,24.5100,95700,2345607.0000,3
2026-01-26,20260126145500000,sz.002842,24.5100,24.5100,24.5100,24.5100,85500,2095605.0000,3
2026-01-26,20260126150000000,sz.002842,24.5100,24.5100,24.5100,24.5100,115700,2835807.0000,3
2026-01-27,20260127093500000,sz.002842,24.6000,26.6600,24.6000,26.6500,15436091,397418506.5700,3
2026-01-27,20260127094000000,sz.002842,26.6500,26.8000,25.8200,26.3100,5901576,154696609.0800,3
2026-01-27,20260127094500000,sz.002842,26.3000,26.5500,25.9500,26.4000,4395482,115028088.7000,3
2026-01-27,20260127095000000,sz.002842,26.3700,26.3700,25.8500,26.1400,2092100,54500026.9400,3
2026-01-27,20260127095500000,sz.002842,26.1200,26.1400,25.9200,26.0000,1632116,42467640.0800,3
2026-01-27,20260127100000000,sz.002842,26.0000,26.0000,25.6500,25.7000,3141246,81002717.1200,3
2026-01-27,20260127100500000,sz.002842,25.6000,25.9800,25.5400,25.5600,2158146,55527843.9800,3
2026-01-27,20260127101000000,sz.002842,25.5600,25.8900,25.5600,25.6600,1581160,40699575.0000,3
2026-01-27,20260127101500000,sz.002842,25.6800,26.0000,25.5900,25.9200,1422672,36668955.4800,3
2026-01-27,20260127102000000,sz.002842,25.9300,26.4700,25.9300,26.4700,1455865,38174140.5500,3
2026-01-27,20260127102500000,sz.002842,26.4500,26.5400,26.3300,26.4900,1091100,28863297.1200,3
2026-01-27,20260127103000000,sz.002842,26.4800,26.5000,26.1200,26.1400,718500,18917830.0000,3
2026-01-27,20260127103500000,sz.002842,26.2100,26.3800,26.1800,26.3200,635400,16690425.7200,3
2026-01-27,20260127104000000,sz.002842,26.3000,26.5300,26.2100,26.5000,453372,11982082.4000,3
2026-01-27,20260127104500000,sz.002842,26.5000,26.5900,26.4400,26.5900,584536,15497410.9600,3
2026-01-27,20260127105000000,sz.002842,26.5800,26.7700,26.5800,26.7200,692271,18489640.5200,3
2026-01-27,20260127105500000,sz.002842,26.6800,26.8400,26.6800,26.8400,675568,18078934.6800,3
2026-01-27,20260127110000000,sz.002842,26.8400,26.9600,26.6600,26.7000,1993368,53618685.8400,3
2026-01-27,20260127110500000,sz.002842,26.7100,26.9500,26.7100,26.9200,963700,25934024.0000,3
2026-01-27,20260127111000000,sz.002842,26.9200,26.9400,26.7000,26.7800,425000,11399722.0000,3
2026-01-27,20260127111500000,sz.002842,26.7800,26.7800,26.2600,26.3000,681688,18064348.0000,3
2026-01-27,20260127112000000,sz.002842,26.2900,26.5000,26.0000,26.0200,1012304,26565821.1600,3
2026-01-27,20260127112500000,sz.002842,25.9700,26.2300,25.9600,26.0500,837726,21816838.0000,3
2026-01-27,20260127113000000,sz.002842,26.0400,26.0900,25.6600,25.8000,942972,24419945.8800,3
2026-01-27,20260127130500000,sz.002842,25.9600,26.1500,25.8000,25.9700,1085100,28169919.0000,3
2026-01-27,20260127131000000,sz.002842,25.9600,25.9800,25.7000,25.9200,847300,21933242.0000,3
2026-01-27,20260127131500000,sz.002842,25.9100,26.1500,25.8100,25.9400,875400,22701381.0000,3
2026-01-27,20260127132000000,sz.002842,25.9500,26.0000,25.8000,25.8000,575100,14895160.8800,3
2026-01-27,20260127132500000,sz.002842,25.7900,25.7900,25.3800,25.5400,1930172,49237980.9600,3
2026-01-27,20260127133000000,sz.002842,25.5200,25.6600,25.4000,25.4200,1720464,43816172.2400,3
2026-01-27,20260127133500000,sz.002842,25.4200,25.8000,25.4200,25.7900,1009900,25816762.0000,3
2026-01-27,20260127134000000,sz.002842,25.7100,25.7100,25.1500,25.2900,1740972,43977016.1600,3
2026-01-27,20260127134500000,sz.002842,25.3000,25.4800,25.3000,25.4000,1103000,27963517.0000,3
2026-01-27,20260127135000000,sz.002842,25.4100,25.9200,25.4000,25.6700,834434,21452213.1800,3
2026-01-27,20260127135500000,sz.002842,25.6500,25.8500,25.6000,25.7600,417800,10762552.0000,3
2026-01-27,20260127140000000,sz.002842,25.7800,25.8400,25.7000,25.8200,352300,9086921.0000,3
2026-01-27,20260127140500000,sz.002842,25.7800,25.9300,25.7000,25.7000,362900,9381937.0000,3
2026-01-27,20260127141000000,sz.002842,25.7100,25.9600,25.7100,25.8800,457800,11841159.0000,3
2026-01-27,20260127141500000,sz.002842,25.8900,25.9300,25.7300,25.7800,460800,11913473.0000,3
2026-01-27,20260127142000000,sz.002842,25.7700,25.8500,25.6600,25.8200,346600,8927930.0000,3
2026-01-27,20260127142500000,sz.002842,25.8200,25.9100,25.7800,25.8800,356744,9223508.7600,3
2026-01-27,20260127143000000,sz.002842,25.8900,26.6800,25.8900,26.4900,910534,23900742.7800,3
2026-01-27,20260127143500000,sz.002842,26.5000,26.6700,26.0900,26.2000,724226,19111125.5400,3
2026-01-27,20260127144000000,sz.002842,26.1900,26.1900,25.9700,26.1600,714756,18608630.8000,3
2026-01-27,20260127144500000,sz.002842,26.1900,26.3000,26.0500,26.2600,745600,19552538.4800,3
2026-01-27,20260127145000000,sz.002842,26.2800,26.3600,26.1500,26.1500,764300,20072596.3800,3
2026-01-27,20260127145500000,sz.002842,26.1300,26.2500,26.1300,26.1900,1073100,28107198.1200,3
2026-01-27,20260127150000000,sz.002842,26.1900,26.2200,26.1700,26.2200,1058843,27741243.1400,3
2026-01-28,20260128093500000,sz.002842,26.5000,26.8900,26.0100,26.3600,9473690,250328956.6800,3
2026-01-28,20260128094000000,sz.002842,26.3900,26.7100,26.1100,26.2400,2949916,77878128.5200,3
2026-01-28,20260128094500000,sz.002842,26.2100,26.5300,26.0200,26.1000,3428160,89802535.0000,3
2026-01-28,20260128095000000,sz.002842,26.1000,26.1000,25.7100,25.9000,4127060,106573402.1200,3
2026-01-28,20260128095500000,sz.002842,25.9500,26.1900,25.8400,25.8400,1486264,38589696.4400,3
2026-01-28,20260128100000000,sz.002842,25.8300,25.8500,25.6300,25.6600,1911532,49173152.3600,3
2026-01-28,20260128100500000,sz.002842,25.6600,25.6600,25.4600,25.6500,2594165,66215621.2500,3
2026-01-28,20260128101000000,sz.002842,25.6800,25.7100,25.3700,25.6900,2076663,53029091.3900,3
2026-01-28,20260128101500000,sz.002842,25.6900,26.0000,25.6900,26.0000,2048380,52940136.0000,3
2026-01-28,20260128102000000,sz.002842,26.0000,26.3400,25.8900,26.2600,2251264,58737236.8000,3
2026-01-28,20260128102500000,sz.002842,26.1900,26.9900,26.1400,26.9900,4141390,109751129.9200,3
2026-01-28,20260128103000000,sz.002842,26.9900,27.3700,26.8800,26.8800,4984100,135116785.5600,3
2026-01-28,20260128103500000,sz.002842,26.8900,27.2400,26.8000,27.0700,1702800,46033326.0000,3
2026-01-28,20260128104000000,sz.002842,27.0900,27.4000,26.8200,27.4000,1110572,30080459.1200,3
2026-01-28,20260128104500000,sz.002842,27.4400,27.5200,27.1100,27.2000,2601200,71180832.0000,3
2026-01-28,20260128105000000,sz.002842,27.2000,27.7900,27.2000,27.7700,1625260,44697994.8000,3
2026-01-28,20260128105500000,sz.002842,27.7800,27.7800,27.5300,27.5600,1834049,50737325.2200,3
2026-01-28,20260128110000000,sz.002842,27.6000,27.7600,27.4500,27.4500,987351,27263678.6200,3
2026-01-28,20260128110500000,sz.002842,27.4700,27.7500,27.3200,27.7500,826800,22741297.0000,3
2026-01-28,20260128111000000,sz.002842,27.7500,27.7700,27.5800,27.5800,919000,25466484.0000,3
2026-01-28,20260128111500000,sz.002842,27.5700,28.0400,27.5700,27.9500,1071600,29865759.0000,3
2026-01-28,20260128112000000,sz.002842,28.0100,28.0100,27.7100,27.7800,1075200,29988651.0000,3
2026-01-28,20260128112500000,sz.002842,27.8100,27.8100,27.6600,27.6800,666300,18489222.8000,3
2026-01-28,20260128113000000,sz.002842,27.6800,27.7600,27.4600,27.4900,691900,19108035.0000,3
2026-01-28,20260128130500000,sz.002842,27.4900,28.0000,27.4500,27.9800,855300,23728477.6000,3
2026-01-28,20260128131000000,sz.002842,27.9800,28.0100,27.7600,27.7600,557600,15579747.3600,3
2026-01-28,20260128131500000,sz.002842,27.7500,27.7500,27.4000,27.4000,608500,16777908.0400,3
2026-01-28,20260128132000000,sz.002842,27.3900,27.5900,27.3300,27.5400,714960,19628532.0000,3
2026-01-28,20260128132500000,sz.002842,27.5400,27.6400,27.4300,27.4500,409300,11272021.0000,3
2026-01-28,20260128133000000,sz.002842,27.4500,27.6300,27.4000,27.6000,377900,10415090.0000,3
2026-01-28,20260128133500000,sz.002842,27.6000,27.7900,27.5800,27.6600,335900,9305834.0000,3
2026-01-28,20260128134000000,sz.002842,27.6500,27.6800,27.5500,27.5700,294800,8143204.0000,3
2026-01-28,20260128134500000,sz.002842,27.5700,27.6900,27.5700,27.6600,258100,7131657.0000,3
2026-01-28,20260128135000000,sz.002842,27.6600,27.8000,27.5700,27.7400,313000,8657455.0000,3
2026-01-28,20260128135500000,sz.002842,27.7800,28.0100,27.7800,27.9000,647200,18084161.5200,3
2026-01-28,20260128140000000,sz.002842,27.9000,28.3000,27.8700,28.2200,1040256,29226078.3200,3
2026-01-28,20260128140500000,sz.002842,28.2400,28.3700,28.0800,28.3600,977530,27611223.1400,3
2026-01-28,20260128141000000,sz.002842,28.3700,28.5000,28.2200,28.2800,960732,27277422.6800,3
2026-01-28,20260128141500000,sz.002842,28.2800,28.4800,28.2100,28.4500,411700,11668501.0000,3
2026-01-28,20260128142000000,sz.002842,28.4200,28.5200,28.4200,28.5200,448287,12766743.7600,3
2026-01-28,20260128142500000,sz.002842,28.5200,28.5600,28.4200,28.5600,450400,12837951.0000,3
2026-01-28,20260128143000000,sz.002842,28.5600,28.8000,28.5600,28.7500,1191074,34194064.0000,3
2026-01-28,20260128143500000,sz.002842,28.7400,28.7700,28.5600,28.7500,605300,17371060.0000,3
2026-01-28,20260128144000000,sz.002842,28.7500,28.8400,28.6800,28.8400,2266217,65290976.7200,3
2026-01-28,20260128144500000,sz.002842,28.8400,28.8400,28.6700,28.7100,839683,24120954.4000,3
2026-01-28,20260128145000000,sz.002842,28.7000,28.7700,28.6400,28.7500,692917,19884348.7500,3
2026-01-28,20260128145500000,sz.002842,28.7700,28.8400,28.7000,28.8400,1164002,33535968.8800,3
2026-01-28,20260128150000000,sz.002842,28.8400,28.8400,28.8400,28.8400,343798,9915134.3200,3
2026-01-29,20260129093500000,sz.002842,29.7100,30.4400,28.0300,30.1500,14072980,415051391.2000,3
2026-01-29,20260129094000000,sz.002842,30.1800,30.7700,30.0000,30.0100,5918116,180531927.0400,3
2026-01-29,20260129094500000,sz.002842,30.0100,30.0200,28.6900,28.6900,5764760,168741272.6000,3
2026-01-29,20260129095000000,sz.002842,28.6400,29.2800,27.4500,28.7500,4851672,136386052.8000,3
2026-01-29,20260129095500000,sz.002842,28.7100,28.7300,28.0100,28.6500,2613114,74062677.4800,3
2026-01-29,20260129100000000,sz.002842,28.6700,28.6700,28.1400,28.3500,1720635,48695291.2000,3
2026-01-29,20260129100500000,sz.002842,28.3200,28.3500,27.5000,27.5100,2681451,74873866.4700,3
2026-01-29,20260129101000000,sz.002842,27.5100,27.7500,27.4700,27.4700,2818620,77794351.9400,3
2026-01-29,20260129101500000,sz.002842,27.4700,27.4700,26.7900,27.2000,5437289,146832561.5800,3
2026-01-29,20260129102000000,sz.002842,27.2100,27.7000,26.7500,26.8400,1798500,48884042.8200,3
2026-01-29,20260129102500000,sz.002842,26.8400,28.0100,26.8400,27.4300,1749006,48262756.6700,3
2026-01-29,20260129103000000,sz.002842,27.4100,28.7200,27.3500,28.7200,1187454,33196714.9800,3
2026-01-29,20260129103500000,sz.002842,28.7700,28.7900,28.0900,28.1000,1920900,54746171.9600,3
2026-01-29,20260129104000000,sz.002842,28.0900,28.4400,28.0000,28.2900,758968,21428642.1400,3
2026-01-29,20260129104500000,sz.002842,28.2800,28.2800,27.8700,28.0300,606604,17038893.6900,3
2026-01-29,20260129105000000,sz.002842,28.0300,28.2500,28.0000,28.1300,342088,9621821.7200,3
2026-01-29,20260129105500000,sz.002842,28.1500,28.6400,28.1300,28.6300,421616,11973099.1200,3
2026-01-29,20260129110000000,sz.002842,28.6300,29.0000,28.6300,28.8000,990880,28612950.8000,3
2026-01-29,20260129110500000,sz.002842,28.8000,29.9200,28.7200,29.9200,942128,27591531.2800,3
2026-01-29,20260129111000000,sz.002842,29.9600,29.9900,29.2100,29.3800,1179832,34925545.1200,3
2026-01-29,20260129111500000,sz.002842,29.3800,29.7200,29.2700,29.7200,558704,16431077.0000,3
2026-01-29,20260129112000000,sz.002842,29.7300,29.8000,29.5000,29.7000,866396,25689353.8800,3
2026-01-29,20260129112500000,sz.002842,29.7000,29.7000,29.5600,29.5600,458144,13585826.9200,3
2026-01-29,20260129113000000,sz.002842,29.5600,29.5600,29.1900,29.2100,514000,15066683.0000,3
2026-01-29,20260129130500000,sz.002842,29.1900,29.9000,29.0000,29.9000,724731,21214860.0800,3
2026-01-29,20260129131000000,sz.002842,29.9100,30.1700,29.5700,29.9900,1325139,39750320.2400,3
2026-01-29,20260129131500000,sz.002842,29.9300,29.9300,29.2900,29.2900,512661,15220821.9500,3
2026-01-29,20260129132000000,sz.002842,29.2800,29.6000,29.1200,29.4500,441400,12957058.0000,3
2026-01-29,20260129132500000,sz.002842,29.4500,29.5900,29.3000,29.3800,385600,11336669.0000,3
2026-01-29,20260129133000000,sz.002842,29.3700,29.4100,29.0000,29.1500,622400,18164715.0000,3
2026-01-29,20260129133500000,sz.002842,29.2000,29.3100,29.0100,29.1600,335400,9779337.0000,3
2026-01-29,20260129134000000,sz.002842,29.1600,29.1700,28.7100,28.7100,535120,15512940.4000,3
2026-01-29,20260129134500000,sz.002842,28.7000,28.7500,28.1500,28.5500,780700,22242397.0000,3
2026-01-29,20260129135000000,sz.002842,28.5400,28.6500,28.0900,28.0900,565800,16008619.0000,3
2026-01-29,20260129135500000,sz.002842,28.0800,28.4600,28.0000,28.0800,632688,17795660.2800,3
2026-01-29,20260129140000000,sz.002842,28.0800,28.5100,28.0800,28.3200,570500,16147878.4000,3
2026-01-29,20260129140500000,sz.002842,28.3000,28.3100,28.2200,28.2600,596860,16858807.4000,3
2026-01-29,20260129141000000,sz.002842,28.2600,28.8800,28.2600,28.4100,337692,9666754.8800,3
2026-01-29,20260129141500000,sz.002842,28.4000,28.4300,28.2200,28.2500,594209,16813179.1600,3
2026-01-29,20260129142000000,sz.002842,28.2500,28.2600,28.2400,28.2500,472672,13355060.2800,3
2026-01-29,20260129142500000,sz.002842,28.2600,28.6200,28.2500,28.5600,372400,10615534.0000,3
2026-01-29,20260129143000000,sz.002842,28.5700,28.5700,28.2600,28.2900,414300,11752524.6100,3
2026-01-29,20260129143500000,sz.002842,28.2800,28.3000,28.2700,28.2900,585900,16576352.0000,3
2026-01-29,20260129144000000,sz.002842,28.2900,28.2900,27.5700,28.0000,1448727,40434075.3000,3
2026-01-29,20260129144500000,sz.002842,28.0100,28.1500,27.7700,28.0100,680300,19047872.0000,3
2026-01-29,20260129145000000,sz.002842,28.0100,28.0400,27.9600,28.0000,856900,23991905.8400,3
2026-01-29,20260129145500000,sz.002842,27.9900,27.9900,27.9600,27.9600,1267800,35463351.7800,3
2026-01-29,20260129150000000,sz.002842,27.9600,27.9600,27.8200,27.8400,1439400,40107113.0000,3
2026-01-30,20260130093500000,sz.002842,25.5500,26.5700,25.5500,26.1300,9766819,252079123.1500,3
2026-01-30,20260130094000000,sz.002842,26.2100,26.4000,25.5500,25.8900,4988156,128901655.9200,3
2026-01-30,20260130094500000,sz.002842,25.9000,26.3900,25.7300,26.3900,2977572,77414983.0400,3
2026-01-30,20260130095000000,sz.002842,26.4000,26.9700,26.0400,26.6700,2389428,63180218.2000,3
2026-01-30,20260130095500000,sz.002842,26.6600,26.8900,26.1100,26.1100,1675400,44418475.0000,3
2026-01-30,20260130100000000,sz.002842,26.1100,26.1100,25.6200,25.6200,1437300,37166177.0000,3
2026-01-30,20260130100500000,sz.002842,25.6000,25.6000,25.0600,25.4000,4179756,105472920.5200,3
2026-01-30,20260130101000000,sz.002842,25.4000,25.4100,25.0600,25.0600,2361700,59305163.2000,3
2026-01-30,20260130101500000,sz.002842,25.0600,25.3300,25.0600,25.0700,1427944,35921670.6400,3
2026-01-30,20260130102000000,sz.002842,25.0800,25.0800,25.0600,25.0600,1088500,27279046.0000,3
2026-01-30,20260130102500000,sz.002842,25.0600,25.0600,25.0600,25.0600,483800,12124028.0000,3
2026-01-30,20260130103000000,sz.002842,25.0600,25.0600,25.0600,25.0600,158700,3977022.0000,3
2026-01-30,20260130103500000,sz.002842,25.0600,25.0600,25.0600,25.0600,120900,3029754.0000,3
2026-01-30,20260130104000000,sz.002842,25.0600,25.0600,25.0600,25.0600,395000,9898700.0000,3
2026-01-30,20260130104500000,sz.002842,25.0600,25.8700,25.0600,25.1800,2229280,56316026.4000,3
2026-01-30,20260130105000000,sz.002842,25.1400,25.4000,25.0600,25.0600,1522081,38265545.5800,3
2026-01-30,20260130105500000,sz.002842,25.0600,25.6500,25.0600,25.2900,1032244,26151515.0800,3
2026-01-30,20260130110000000,sz.002842,25.3000,25.3000,25.0600,25.0600,1164552,29223002.2400,3
2026-01-30,20260130110500000,sz.002842,25.0600,25.2000,25.0600,25.1200,845000,21214360.0000,3
2026-01-30,20260130111000000,sz.002842,25.1000,25.1300,25.0600,25.0600,790500,19824599.5600,3
2026-01-30,20260130111500000,sz.002842,25.0700,25.0700,25.0600,25.0600,246600,6179877.0000,3
2026-01-30,20260130112000000,sz.002842,25.0600,25.0700,25.0600,25.0600,221600,5553369.0000,3
2026-01-30,20260130112500000,sz.002842,25.0600,25.0600,25.0600,25.0600,176900,4433114.0000,3
2026-01-30,20260130113000000,sz.002842,25.0600,25.0600,25.0600,25.0600,257100,6442926.0000,3
2026-01-30,20260130130500000,sz.002842,25.0600,25.0600,25.0600,25.0600,372000,9322320.0000,3
2026-01-30,20260130131000000,sz.002842,25.0600,25.0600,25.0600,25.0600,173100,4337886.0000,3
2026-01-30,20260130131500000,sz.002842,25.0600,25.0700,25.0600,25.0700,963100,24137752.6800,3
2026-01-30,20260130132000000,sz.002842,25.0600,25.5800,25.0600,25.0800,1237700,31235163.8800,3
2026-01-30,20260130132500000,sz.002842,25.0900,25.3500,25.0700,25.3500,658008,16515066.5600,3
2026-01-30,20260130133000000,sz.002842,25.3300,25.4100,25.0900,25.1200,722000,18217704.3200,3
2026-01-30,20260130133500000,sz.002842,25.1400,25.4700,25.1400,25.2300,770572,19549566.8000,3
2026-01-30,20260130134000000,sz.002842,25.2300,26.5000,25.2000,26.3900,2615352,67920530.2800,3
2026-01-30,20260130134500000,sz.002842,26.3800,26.9800,25.9800,26.9700,2994483,79676257.1800,3
2026-01-30,20260130135000000,sz.002842,26.9700,28.1400,26.7800,28.1400,2677702,73003053.0500,3
2026-01-30,20260130135500000,sz.002842,28.1800,28.8500,26.6700,27.9400,3041632,85205201.9300,3
2026-01-30,20260130140000000,sz.002842,27.8800,27.8800,27.2200,27.3600,1096000,30196560.0000,3
2026-01-30,20260130140500000,sz.002842,27.3500,27.3600,26.9800,27.2500,846900,22997723.0000,3
2026-01-30,20260130141000000,sz.002842,27.2500,27.2600,26.1400,26.1400,1197700,32163255.0000,3
2026-01-30,20260130141500000,sz.002842,26.1400,26.8000,26.1200,26.5900,995116,26342591.2000,3
2026-01-30,20260130142000000,sz.002842,26.6000,26.9900,26.5500,26.6100,789200,21117088.3600,3
2026-01-30,20260130142500000,sz.002842,26.6300,26.8800,26.6300,26.6400,446432,11921135.7600,3
2026-01-30,20260130143000000,sz.002842,26.6400,26.6400,26.5000,26.5200,500300,13287514.0000,3
2026-01-30,20260130143500000,sz.002842,26.5200,26.5500,26.5000,26.5400,385200,10216042.0000,3
2026-01-30,20260130144000000,sz.002842,26.5400,26.5400,26.0000,26.0600,987096,25854160.0400,3
2026-01-30,20260130144500000,sz.002842,26.0600,26.6500,26.0600,26.6500,483496,12783226.0000,3
2026-01-30,20260130145000000,sz.002842,26.6600,26.6600,26.1000,26.2200,956836,25172118.2000,3
2026-01-30,20260130145500000,sz.002842,26.2200,26.2200,25.9700,26.1500,1526644,39850619.4400,3
2026-01-30,20260130150000000,sz.002842,26.1700,26.2600,26.1100,26.1200,1323610,34603552.7800,3
2026-02-02,20260202093500000,sz.002842,24.9200,26.8400,24.9200,26.5500,9972149,257978284.3000,3
2026-02-02,20260202094000000,sz.002842,26.5000,26.7100,26.1600,26.6100,5493831,145278010.4000,3
2026-02-02,20260202094500000,sz.002842,26.5300,26.9600,26.3600,26.7400,3785168,101127377.0300,3
2026-02-02,20260202095000000,sz.002842,26.7400,27.4600,26.7000,27.4600,4456256,120566310.8400,3
2026-02-02,20260202095500000,sz.002842,27.4800,27.4800,26.6900,26.9900,2420815,65306241.1600,3
2026-02-02,20260202100000000,sz.002842,26.9400,26.9800,26.6900,26.9500,1351600,36249187.7600,3
2026-02-02,20260202100500000,sz.002842,26.9600,27.1400,26.7700,26.9400,1361600,36685550.0000,3
2026-02-02,20260202101000000,sz.002842,26.8500,26.9900,26.7800,26.9800,923900,24836719.0000,3
2026-02-02,20260202101500000,sz.002842,26.9900,27.0000,26.4600,26.5800,1763100,47020603.0000,3
2026-02-02,20260202102000000,sz.002842,26.5800,26.6700,26.2900,26.3500,1457500,38551950.0000,3
2026-02-02,20260202102500000,sz.002842,26.3200,26.5800,26.2100,26.5300,1353700,35626078.0000,3
2026-02-02,20260202103000000,sz.002842,26.5200,27.3100,26.5200,27.2100,3202452,86520112.1800,3
2026-02-02,20260202103500000,sz.002842,27.2000,27.8100,27.2000,27.7000,5748638,158291208.7400,3
2026-02-02,20260202104000000,sz.002842,27.7000,27.8800,27.5100,27.7500,2642400,73218100.5600,3
2026-02-02,20260202104500000,sz.002842,27.7100,28.0000,27.6600,28.0000,1983608,55116071.1600,3
2026-02-02,20260202105000000,sz.002842,28.0300,28.2400,27.8800,27.9000,2581800,72523123.9400,3
2026-02-02,20260202105500000,sz.002842,27.9000,28.1200,27.7100,27.7600,936600,26122315.0000,3
2026-02-02,20260202110000000,sz.002842,27.7600,27.9000,27.6200,27.6200,691687,19206065.6000,3
2026-02-02,20260202110500000,sz.002842,27.5900,27.9700,27.5700,27.8500,1001950,27826115.0000,3
2026-02-02,20260202111000000,sz.002842,27.8500,27.9000,27.5400,27.5500,960000,26630260.0000,3
2026-02-02,20260202111500000,sz.002842,27.6000,27.8700,27.5500,27.7200,685600,19017088.0000,3
2026-02-02,20260202112000000,sz.002842,27.7100,27.7300,27.6000,27.6700,442496,12239774.2800,3
2026-02-02,20260202112500000,sz.002842,27.6700,27.9900,27.6600,27.9000,736432,20517281.9600,3
2026-02-02,20260202113000000,sz.002842,27.9000,27.9500,27.7500,27.8600,499988,13938093.5600,3
2026-02-02,20260202130500000,sz.002842,27.8200,27.8400,27.3400,27.3400,893300,24609448.0000,3
2026-02-02,20260202131000000,sz.002842,27.3800,27.4900,27.2100,27.3500,1424000,38914831.0000,3
2026-02-02,20260202131500000,sz.002842,27.3500,27.5700,27.3500,27.5000,541166,14858685.9800,3
2026-02-02,20260202132000000,sz.002842,27.5000,27.6600,27.4000,27.6000,677300,18652014.0000,3
2026-02-02,20260202132500000,sz.002842,27.5200,27.8200,27.5200,27.6500,510800,14150261.0000,3
2026-02-02,20260202133000000,sz.002842,27.6400,27.8100,27.5500,27.5500,409700,11337299.0000,3
2026-02-02,20260202133500000,sz.002842,27.5400,27.7000,27.5000,27.7000,449100,12372869.0000,3
2026-02-02,20260202134000000,sz.002842,27.7000,27.7000,27.4500,27.4500,336800,9289793.0000,3
2026-02-02,20260202134500000,sz.002842,27.4000,27.4900,27.3000,27.3200,941500,25812820.7200,3
2026-02-02,20260202135000000,sz.002842,27.2900,27.4400,27.2100,27.2500,1182100,32306038.0000,3
2026-02-02,20260202135500000,sz.002842,27.2400,27.3500,27.2000,27.3000,573300,15635156.0000,3
2026-02-02,20260202140000000,sz.002842,27.2900,27.6300,27.2900,27.5600,554600,15221921.0000,3
2026-02-02,20260202140500000,sz.002842,27.5600,27.7700,27.5100,27.7700,593192,16383610.8800,3
2026-02-02,20260202141000000,sz.002842,27.7700,27.8600,27.6200,27.6800,480508,13351940.5200,3
2026-02-02,20260202141500000,sz.002842,27.6800,27.6800,27.4800,27.4800,283200,7812005.0000,3
2026-02-02,20260202142000000,sz.002842,27.4800,27.5800,27.3900,27.5100,443000,12177945.0000,3
2026-02-02,20260202142500000,sz.002842,27.5000,27.5500,27.3000,27.3600,640200,17534141.0000,3
2026-02-02,20260202143000000,sz.002842,27.3500,27.4300,27.3400,27.3800,412000,11282705.0000,3
2026-02-02,20260202143500000,sz.002842,27.3800,27.5200,27.3800,27.4100,431016,11822211.5600,3
2026-02-02,20260202144000000,sz.002842,27.4300,27.5400,27.3700,27.4500,656900,18019535.0000,3
2026-02-02,20260202144500000,sz.002842,27.4500,27.4700,27.3700,27.4000,627700,17206492.0000,3
2026-02-02,20260202145000000,sz.002842,27.3900,27.4000,27.2100,27.2300,1039000,28397887.6800,3
2026-02-02,20260202145500000,sz.002842,27.2300,27.2800,26.8900,27.1100,2068981,56012516.0000,3
2026-02-02,20260202150000000,sz.002842,27.1100,27.2300,27.0900,27.1000,1547443,41996033.5100,3
2026-02-03,20260203093500000,sz.002842,27.2300,27.9900,27.2300,27.6000,10526200,289439915.2300,3
2026-02-03,20260203094000000,sz.002842,27.4900,28.0500,27.3300,27.5900,4256838,117736402.8000,3
2026-02-03,20260203094500000,sz.002842,27.6300,27.9300,27.4600,27.4600,2600200,72114805.0000,3
2026-02-03,20260203095000000,sz.002842,27.4200,27.5200,26.9000,27.2800,3030312,82548011.9600,3
2026-02-03,20260203095500000,sz.002842,27.3500,27.4800,26.9300,27.0800,2055796,55771261.9600,3
2026-02-03,20260203100000000,sz.002842,27.0100,27.4300,27.0100,27.1500,1486480,40443662.3100,3
2026-02-03,20260203100500000,sz.002842,27.1300,27.2000,26.8400,27.0000,2141680,57810402.6000,3
2026-02-03,20260203101000000,sz.002842,27.0400,27.1800,26.8100,26.9200,1678020,45199378.8000,3
2026-02-03,20260203101500000,sz.002842,26.9200,27.3900,26.9200,27.1100,1412800,38444712.0000,3
2026-02-03,20260203102000000,sz.002842,27.1100,27.3200,27.0000,27.2100,782900,21250312.0000,3
2026-02-03,20260203102500000,sz.002842,27.2500,27.3500,27.2100,27.3400,798800,21789192.0000,3
2026-02-03,20260203103000000,sz.002842,27.3300,27.3800,27.0400,27.1900,800216,21752382.2800,3
2026-02-03,20260203103500000,sz.002842,27.1400,27.2000,27.0100,27.1100,603784,16356374.7200,3
2026-02-03,20260203104000000,sz.002842,27.1000,27.2200,27.0600,27.0800,486560,13209795.6000,3
2026-02-03,20260203104500000,sz.002842,27.0800,27.0800,26.7800,26.7800,1149200,30925535.8400,3
2026-02-03,20260203105000000,sz.002842,26.7800,26.8100,26.6400,26.7100,1447196,38653480.4000,3
2026-02-03,20260203105500000,sz.002842,26.7800,26.9000,26.6700,26.8800,646800,17312801.0000,3
2026-02-03,20260203110000000,sz.002842,26.8800,26.9800,26.7300,26.7300,557000,14938690.0000,3
2026-02-03,20260203110500000,sz.002842,26.7200,26.8900,26.6800,26.7800,428800,11479004.0000,3
2026-02-03,20260203111000000,sz.002842,26.8000,26.8700,26.7200,26.7700,480000,12852032.0000,3
2026-02-03,20260203111500000,sz.002842,26.7700,26.8000,26.7100,26.7300,368000,9840730.0000,3
2026-02-03,20260203112000000,sz.002842,26.7300,26.8200,26.6500,26.7400,843300,22510611.0000,3
2026-02-03,20260203112500000,sz.002842,26.7600,26.8000,26.7000,26.7300,535200,14319592.0000,3
2026-02-03,20260203113000000,sz.002842,26.7300,27.1000,26.7300,27.0000,600142,16157176.4200,3
2026-02-03,20260203130500000,sz.002842,27.0100,27.1800,26.8900,27.0900,551000,14868719.0000,3
2026-02-03,20260203131000000,sz.002842,27.1000,27.2600,27.0000,27.0000,759200,20594440.0000,3
2026-02-03,20260203131500000,sz.002842,27.0100,27.2400,26.9800,27.2400,732200,19857784.0000,3
2026-02-03,20260203132000000,sz.002842,27.2700,27.5800,27.2500,27.5600,1195400,32707707.0000,3
2026-02-03,20260203132500000,sz.002842,27.5300,27.5400,27.3500,27.5200,849900,23326183.0000,3
2026-02-03,20260203133000000,sz.002842,27.5600,27.8600,27.5000,27.7600,1440700,39901260.0000,3
2026-02-03,20260203133500000,sz.002842,27.8100,27.8300,27.5300,27.5300,914500,25313677.0000,3
2026-02-03,20260203134000000,sz.002842,27.5600,27.5600,27.4000,27.4800,641100,17619980.0000,3
2026-02-03,20260203134500000,sz.002842,27.4800,27.5300,27.3800,27.5300,655460,17991135.8000,3
2026-02-03,20260203135000000,sz.002842,27.5300,27.5400,27.2800,27.3000,703740,19305916.6000,3
2026-02-03,20260203135500000,sz.002842,27.3000,27.3000,27.0600,27.1200,1051996,28537420.4800,3
2026-02-03,20260203140000000,sz.002842,27.1200,27.1200,26.9500,27.0100,1235100,33386284.0000,3
2026-02-03,20260203140500000,sz.002842,26.9600,27.0500,26.7900,26.8200,1318100,35457377.0000,3
2026-02-03,20260203141000000,sz.002842,26.8300,26.9200,26.8100,26.9200,1187400,31885212.0000,3
2026-02-03,20260203141500000,sz.002842,26.9400,27.0500,26.8800,26.9500,768300,20701068.0000,3
2026-02-03,20260203142000000,sz.002842,26.9300,27.3000,26.9100,27.2700,779900,21098715.0000,3
2026-02-03,20260203142500000,sz.002842,27.2700,27.3100,27.1800,27.1800,999300,27217460.0000,3
2026-02-03,20260203143000000,sz.002842,27.1800,27.4100,27.1000,27.3100,1000300,27294851.0000,3
2026-02-03,20260203143500000,sz.002842,27.2800,27.4000,27.1100,27.1400,910100,24800693.0000,3
2026-02-03,20260203144000000,sz.002842,27.1600,27.2200,27.1500,27.2100,787300,21405249.0000,3
2026-02-03,20260203144500000,sz.002842,27.2100,27.2100,26.9200,26.9700,1557300,42145087.0000,3
2026-02-03,20260203145000000,sz.002842,26.9700,27.1000,26.9000,26.9000,2213200,59709037.0000,3
2026-02-03,20260203145500000,sz.002842,26.9200,27.0000,26.9000,26.9800,2159000,58205043.0000,3
2026-02-03,20260203150000000,sz.002842,26.9500,27.0600,26.9300,27.0600,2237700,60443625.0000,3
2026-02-04,20260204093500000,sz.002842,27.4000,28.0000,26.9200,27.4500,9451670,259037804.4300,3
2026-02-04,20260204094000000,sz.002842,27.3200,27.3600,26.5400,26.7300,3544468,95281516.4300,3
2026-02-04,20260204094500000,sz.002842,26.7000,27.2600,26.7000,26.9900,1686400,45473957.0000,3
2026-02-04,20260204095000000,sz.002842,26.9200,27.0500,26.7000,26.8000,1221832,32777740.5600,3
2026-02-04,20260204095500000,sz.002842,26.8100,27.0600,26.5300,26.5500,1297876,34718635.7200,3
2026-02-04,20260204100000000,sz.002842,26.5000,26.6100,26.1000,26.2400,3451130,90802926.8400,3
2026-02-04,20260204100500000,sz.002842,26.3000,27.0700,26.2300,26.9100,1797728,47720595.4400,3
2026-02-04,20260204101000000,sz.002842,26.9100,26.9800,26.6900,26.9800,949888,25497778.4000,3
2026-02-04,20260204101500000,sz.002842,26.8900,27.0500,26.7800,26.8400,631100,16984236.6000,3
2026-02-04,20260204102000000,sz.002842,26.8300,27.2000,26.7000,27.0100,1770000,47669178.0000,3
2026-02-04,20260204102500000,sz.002842,27.0100,27.2600,26.9800,26.9800,1597400,43345518.0000,3
2026-02-04,20260204103000000,sz.002842,26.9800,27.2400,26.9000,27.0600,870500,23549636.0000,3
2026-02-04,20260204103500000,sz.002842,27.1300,27.1300,26.6800,26.7200,758200,20385313.0000,3
2026-02-04,20260204104000000,sz.002842,26.7000,26.7900,26.6500,26.6600,413600,11047612.0000,3
2026-02-04,20260204104500000,sz.002842,26.6500,26.9000,26.6300,26.8200,228600,6113125.0000,3
2026-02-04,20260204105000000,sz.002842,26.8200,26.9000,26.7000,26.7300,278200,7455062.0000,3
2026-02-04,20260204105500000,sz.002842,26.7300,26.7700,26.6000,26.6000,337100,8998884.0000,3
2026-02-04,20260204110000000,sz.002842,26.6000,26.7600,26.6000,26.7200,203200,5419194.0000,3
2026-02-04,20260204110500000,sz.002842,26.7000,26.7100,26.4900,26.5100,596196,15846452.1600,3
2026-02-04,20260204111000000,sz.002842,26.4600,26.5100,26.4100,26.4100,373904,9901686.8800,3
2026-02-04,20260204111500000,sz.002842,26.4100,26.5200,26.3800,26.3800,451000,11918026.2400,3
2026-02-04,20260204112000000,sz.002842,26.3800,26.4000,26.2000,26.2000,921000,24205056.0000,3
2026-02-04,20260204112500000,sz.002842,26.2200,26.3400,26.2100,26.2800,401900,10559647.0800,3
2026-02-04,20260204113000000,sz.002842,26.2800,26.3600,26.2300,26.2900,494096,12987339.9600,3
2026-02-04,20260204130500000,sz.002842,26.3000,26.4900,26.2500,26.3700,632904,16657206.1600,3
2026-02-04,20260204131000000,sz.002842,26.3700,26.4000,26.2300,26.3800,549300,14439909.0000,3
2026-02-04,20260204131500000,sz.002842,26.3700,26.4800,26.3200,26.3600,277800,7329594.0000,3
2026-02-04,20260204132000000,sz.002842,26.3100,26.5000,26.2800,26.5000,453600,11966650.0000,3
2026-02-04,20260204132500000,sz.002842,26.5600,26.5600,26.4600,26.5300,335400,8890864.0000,3
2026-02-04,20260204133000000,sz.002842,26.5300,26.6100,26.4800,26.5200,428800,11384122.0000,3
2026-02-04,20260204133500000,sz.002842,26.5200,26.5200,26.3000,26.3900,442700,11673137.0000,3
2026-02-04,20260204134000000,sz.002842,26.3600,26.3700,26.2700,26.2800,473600,12458260.0000,3
2026-02-04,20260204134500000,sz.002842,26.2600,26.3000,26.2400,26.2600,448000,11765714.0000,3
2026-02-04,20260204135000000,sz.002842,26.2700,26.2800,26.1300,26.1600,1120700,29365469.0000,3
2026-02-04,20260204135500000,sz.002842,26.1700,26.1800,26.1000,26.1200,854500,22325038.0000,3
2026-02-04,20260204140000000,sz.002842,26.1200,26.1500,26.0100,26.1300,794300,20712379.0000,3
2026-02-04,20260204140500000,sz.002842,26.1400,26.2500,26.0700,26.2400,333000,8710177.0000,3
2026-02-04,20260204141000000,sz.002842,26.2300,26.3300,26.2000,26.2100,357600,9388855.0000,3
2026-02-04,20260204141500000,sz.002842,26.2100,26.3800,26.1500,26.2900,399500,10478344.0000,3
2026-02-04,20260204142000000,sz.002842,26.3100,26.4800,26.3000,26.3700,537768,14183471.7600,3
2026-02-04,20260204142500000,sz.002842,26.3200,26.5000,26.3200,26.3700,770600,20346983.9600,3
2026-02-04,20260204143000000,sz.002842,26.3600,26.6000,26.3600,26.5800,538900,14286176.0000,3
2026-02-04,20260204143500000,sz.002842,26.5600,26.7300,26.5000,26.6300,600400,15973007.0000,3
2026-02-04,20260204144000000,sz.002842,26.6200,26.6900,26.5700,26.6500,597300,15904549.0000,3
2026-02-04,20260204144500000,sz.002842,26.6300,26.6800,26.5600,26.6700,995100,26480448.3200,3
2026-02-04,20260204145000000,sz.002842,26.6500,26.8600,26.6300,26.8100,1270680,34026734.3200,3
2026-02-04,20260204145500000,sz.002842,26.8100,26.8100,26.6600,26.6700,1311600,35067179.0000,3
2026-02-04,20260204150000000,sz.002842,26.6600,26.8200,26.6600,26.8000,1497612,40066824.3600,3
2026-02-05,20260205093500000,sz.002842,26.1800,26.8800,26.1400,26.8800,3199600,84628851.0000,3
2026-02-05,20260205094000000,sz.002842,26.8900,27.4000,26.7600,27.0100,5068500,137643874.0000,3
2026-02-05,20260205094500000,sz.002842,27.0200,27.0500,26.7600,26.8600,1397300,37572162.0000,3
2026-02-05,20260205095000000,sz.002842,26.9000,27.0000,26.6900,26.7500,1056900,28356138.0000,3
2026-02-05,20260205095500000,sz.002842,26.7500,27.0000,26.7100,26.7900,661200,17744915.0000,3
2026-02-05,20260205100000000,sz.002842,26.8200,26.8300,26.5200,26.5300,819600,21836329.0000,3
2026-02-05,20260205100500000,sz.002842,26.5200,26.8600,26.5200,26.8200,670900,17922723.0000,3
2026-02-05,20260205101000000,sz.002842,26.7500,26.8200,26.5300,26.6600,624600,16653870.0000,3
2026-02-05,20260205101500000,sz.002842,26.6700,26.6700,26.3000,26.3000,969900,25690182.0000,3
2026-02-05,20260205102000000,sz.002842,26.2700,26.2700,25.9000,26.1500,2635300,68686886.5200,3
2026-02-05,20260205102500000,sz.002842,26.1000,26.2800,26.0000,26.1700,767300,20065026.1200,3
2026-02-05,20260205103000000,sz.002842,26.1700,26.1700,25.8500,26.0700,1319200,34262681.0000,3
2026-02-05,20260205103500000,sz.002842,26.0500,26.2900,26.0500,26.2900,489796,12791144.4400,3
2026-02-05,20260205104000000,sz.002842,26.2600,26.5000,26.2600,26.3800,550100,14509987.0000,3
2026-02-05,20260205104500000,sz.002842,26.3800,26.5600,26.3200,26.4000,642600,17004029.0000,3
2026-02-05,20260205105000000,sz.002842,26.4000,26.4000,26.0500,26.0600,399104,10436907.5600,3
2026-02-05,20260205105500000,sz.002842,26.0700,26.1100,25.9500,26.1000,848600,22080349.0800,3
2026-02-05,20260205110000000,sz.002842,26.1000,26.1100,26.0000,26.0500,383800,9997363.0000,3
2026-02-05,20260205110500000,sz.002842,26.0500,26.1900,26.0200,26.1900,247100,6453874.0000,3
2026-02-05,20260205111000000,sz.002842,26.2000,26.2200,25.9500,26.0000,643200,16731314.0000,3
2026-02-05,20260205111500000,sz.002842,26.0000,26.0600,25.9000,25.9400,639700,16614074.0000,3
2026-02-05,20260205112000000,sz.002842,25.9300,26.0300,25.8900,25.9500,633100,16411786.0000,3
2026-02-05,20260205112500000,sz.002842,25.9500,26.0200,25.8800,25.9500,357400,9269493.0000,3
2026-02-05,20260205113000000,sz.002842,25.9500,25.9500,25.8300,25.8400,926919,24003335.7700,3
2026-02-05,20260205130500000,sz.002842,25.8300,25.8300,25.5900,25.5900,1805281,46430010.2300,3
2026-02-05,20260205131000000,sz.002842,25.5900,25.8500,25.5700,25.5700,1742200,44706768.0000,3
2026-02-05,20260205131500000,sz.002842,25.5700,25.5700,25.2400,25.2700,2113200,53547736.0000,3
2026-02-05,20260205132000000,sz.002842,25.2600,25.4000,25.2000,25.3100,1344700,33974138.0000,3
2026-02-05,20260205132500000,sz.002842,25.3000,25.4500,25.3000,25.3100,633300,16070538.0000,3
2026-02-05,20260205133000000,sz.002842,25.3000,25.4800,25.3000,25.4000,717400,18206629.0000,3
2026-02-05,20260205133500000,sz.002842,25.4000,25.4000,25.2300,25.2900,612906,15504662.5600,3
2026-02-05,20260205134000000,sz.002842,25.2900,25.5000,25.2800,25.4500,506100,12857264.0000,3
2026-02-05,20260205134500000,sz.002842,25.4300,25.6000,25.3500,25.5600,660600,16831930.0000,3
2026-02-05,20260205135000000,sz.002842,25.5700,25.7800,25.5700,25.6700,723800,18589718.0000,3
2026-02-05,20260205135500000,sz.002842,25.6600,25.8400,25.6600,25.7600,511000,13160090.0000,3
2026-02-05,20260205140000000,sz.002842,25.7600,25.8300,25.6700,25.7700,450600,11600530.0000,3
2026-02-05,20260205140500000,sz.002842,25.7900,25.9500,25.7700,25.9300,402100,10398766.0000,3
2026-02-05,20260205141000000,sz.002842,25.9500,26.3600,25.9500,26.3600,807300,21092131.0000,3
2026-02-05,20260205141500000,sz.002842,26.3600,26.6600,26.2100,26.2600,1075144,28407211.0800,3
2026-02-05,20260205142000000,sz.002842,26.2500,26.2600,26.0600,26.0800,533696,13966383.2800,3
2026-02-05,20260205142500000,sz.002842,26.0700,26.0700,25.9400,26.0000,396100,10299271.0000,3
2026-02-05,20260205143000000,sz.002842,26.0000,26.1400,25.9800,26.1400,326200,8499766.0000,3
2026-02-05,20260205143500000,sz.002842,26.1800,26.2800,26.1700,26.1900,479200,12564665.0000,3
2026-02-05,20260205144000000,sz.002842,26.1900,26.2300,26.0300,26.1200,418600,10931052.0000,3
2026-02-05,20260205144500000,sz.002842,26.1200,26.1600,25.9900,25.9900,429100,11184347.0000,3
2026-02-05,20260205145000000,sz.002842,26.0000,26.0900,26.0000,26.0100,1205600,31397131.0000,3
2026-02-05,20260205145500000,sz.002842,26.0000,26.0300,25.9500,25.9700,1400600,36392043.9000,3
2026-02-05,20260205150000000,sz.002842,25.9700,25.9700,25.8700,25.8700,1348870,34934263.4000,3
2026-02-06,20260206093500000,sz.002842,25.8700,26.7600,25.4900,26.6000,9753072,256168720.3200,3
2026-02-06,20260206094000000,sz.002842,26.6100,27.2600,26.4300,27.1700,7417308,199005350.7600,3
2026-02-06,20260206094500000,sz.002842,27.2100,27.7900,27.1400,27.7500,7426552,203663709.6800,3
2026-02-06,20260206095000000,sz.002842,27.7900,27.9100,27.5700,27.6500,4639292,128753769.4800,3
2026-02-06,20260206095500000,sz.002842,27.6700,28.1100,27.6700,27.9000,4469600,124972173.3200,3
2026-02-06,20260206100000000,sz.002842,27.8900,27.9500,27.7300,27.8700,1759800,48991969.0000,3
2026-02-06,20260206100500000,sz.002842,27.8700,27.9500,27.5700,27.9500,2907600,80727575.0000,3
2026-02-06,20260206101000000,sz.002842,27.9500,28.2300,27.9500,28.2300,4294708,120593691.0400,3
2026-02-06,20260206101500000,sz.002842,28.3500,28.4600,28.1100,28.4600,7508667,213351863.9600,3
2026-02-06,20260206102000000,sz.002842,28.4600,28.4600,28.4600,28.4600,762916,21712589.3600,3
2026-02-06,20260206102500000,sz.002842,28.4600,28.4600,28.4600,28.4600,351000,9989460.0000,3
2026-02-06,20260206103000000,sz.002842,28.4600,28.4600,28.4600,28.4600,433400,12334564.0000,3
2026-02-06,20260206103500000,sz.002842,28.4600,28.4600,28.4600,28.4600,240100,6833246.0000,3
2026-02-06,20260206104000000,sz.002842,28.4600,28.4600,28.4600,28.4600,165800,4718668.0000,3
2026-02-06,20260206104500000,sz.002842,28.4600,28.4600,28.4600,28.4600,374000,10644040.0000,3
2026-02-06,20260206105000000,sz.002842,28.4600,28.4600,28.4600,28.4600,150100,4271846.0000,3
2026-02-06,20260206105500000,sz.002842,28.4600,28.4600,28.4600,28.4600,200800,5714768.0000,3
2026-02-06,20260206110000000,sz.002842,28.4600,28.4600,28.4600,28.4600,122100,3474966.0000,3
2026-02-06,20260206110500000,sz.002842,28.4600,28.4600,28.4600,28.4600,72000,2049120.0000,3
2026-02-06,20260206111000000,sz.002842,28.4600,28.4600,28.4600,28.4600,83200,2367872.0000,3
2026-02-06,20260206111500000,sz.002842,28.4600,28.4600,28.4600,28.4600,176800,5031728.0000,3
2026-02-06,20260206112000000,sz.002842,28.4600,28.4600,28.4600,28.4600,51700,1471382.0000,3
2026-02-06,20260206112500000,sz.002842,28.4600,28.4600,28.4600,28.4600,54300,1545378.0000,3
2026-02-06,20260206113000000,sz.002842,28.4600,28.4600,28.4600,28.4600,46700,1329082.0000,3
2026-02-06,20260206130500000,sz.002842,28.4600,28.4600,28.4600,28.4600,196972,5605823.1200,3
2026-02-06,20260206131000000,sz.002842,28.4600,28.4600,28.4600,28.4600,47700,1357542.0000,3
2026-02-06,20260206131500000,sz.002842,28.4600,28.4600,28.4600,28.4600,106900,3042374.0000,3
2026-02-06,20260206132000000,sz.002842,28.4600,28.4600,28.4600,28.4600,59900,1704754.0000,3
2026-02-06,20260206132500000,sz.002842,28.4600,28.4600,28.4600,28.4600,302300,8603458.0000,3
2026-02-06,20260206133000000,sz.002842,28.4600,28.4600,28.4600,28.4600,34700,987562.0000,3
2026-02-06,20260206133500000,sz.002842,28.4600,28.4600,28.4600,28.4600,210500,5990830.0000,3
2026-02-06,20260206134000000,sz.002842,28.4600,28.4600,28.4600,28.4600,35500,1010330.0000,3
2026-02-06,20260206134500000,sz.002842,28.4600,28.4600,28.4600,28.4600,38144,1085578.2400,3
2026-02-06,20260206135000000,sz.002842,28.4600,28.4600,28.4600,28.4600,35900,1021714.0000,3
2026-02-06,20260206135500000,sz.002842,28.4600,28.4600,28.4600,28.4600,42300,1203858.0000,3
2026-02-06,20260206140000000,sz.002842,28.4600,28.4600,28.4600,28.4600,38100,1084326.0000,3
2026-02-06,20260206140500000,sz.002842,28.4600,28.4600,28.4600,28.4600,26800,762728.0000,3
2026-02-06,20260206141000000,sz.002842,28.4600,28.4600,28.4600,28.4600,44700,1272162.0000,3
2026-02-06,20260206141500000,sz.002842,28.4600,28.4600,28.4600,28.4600,37000,1053020.0000,3
2026-02-06,20260206142000000,sz.002842,28.4600,28.4600,28.4600,28.4600,39900,1135554.0000,3
2026-02-06,20260206142500000,sz.002842,28.4600,28.4600,28.4600,28.4600,43288,1231976.4800,3
2026-02-06,20260206143000000,sz.002842,28.4600,28.4600,28.4600,28.4600,88024,2505163.0400,3
2026-02-06,20260206143500000,sz.002842,28.4600,28.4600,28.4600,28.4600,46700,1329082.0000,3
2026-02-06,20260206144000000,sz.002842,28.4600,28.4600,28.4600,28.4600,237200,6750712.0000,3
2026-02-06,20260206144500000,sz.002842,28.4600,28.4600,28.4600,28.4600,82060,2335427.6000,3
2026-02-06,20260206145000000,sz.002842,28.4600,28.4600,28.4600,28.4600,117700,3349742.0000,3
2026-02-06,20260206145500000,sz.002842,28.4600,28.4600,28.4600,28.4600,181500,5165490.0000,3
2026-02-06,20260206150000000,sz.002842,28.4600,28.4600,28.4600,28.4600,216584,6163980.6400,3
2026-02-09,20260209093500000,sz.002842,29.4200,29.9900,28.6200,29.9200,12372510,364971662.1000,3
2026-02-09,20260209094000000,sz.002842,29.9600,30.7500,29.9600,30.6900,7569900,230716368.4000,3
2026-02-09,20260209094500000,sz.002842,30.6500,30.7700,30.2300,30.4500,4420700,134850603.2000,3
2026-02-09,20260209095000000,sz.002842,30.4000,30.4800,30.0400,30.0500,3552400,107300192.0000,3
2026-02-09,20260209095500000,sz.002842,30.0600,30.2200,29.9200,30.0900,2894900,87090814.0000,3
2026-02-09,20260209100000000,sz.002842,30.1000,30.2200,29.8700,29.8700,1946800,58489038.0000,3
2026-02-09,20260209100500000,sz.002842,29.8700,29.9600,29.6300,29.8100,2174572,64727862.8400,3
2026-02-09,20260209101000000,sz.002842,29.8100,30.4900,29.7800,30.4200,1844800,55734548.3200,3
2026-02-09,20260209101500000,sz.002842,30.4400,31.0000,30.4400,30.6700,2991286,91857130.1200,3
2026-02-09,20260209102000000,sz.002842,30.7000,30.8200,30.4000,30.7400,1659600,50827886.0000,3
2026-02-09,20260209102500000,sz.002842,30.7400,30.8400,30.4700,30.5900,807400,24729680.0000,3
2026-02-09,20260209103000000,sz.002842,30.5600,30.6400,30.3700,30.4500,1036100,31578238.0000,3
2026-02-09,20260209103500000,sz.002842,30.4600,30.6600,30.4000,30.5300,513200,15663993.0000,3
2026-02-09,20260209104000000,sz.002842,30.5300,30.6100,30.4300,30.5400,439400,13410091.0000,3
2026-02-09,20260209104500000,sz.002842,30.5400,30.5700,30.3800,30.4400,434400,13235130.0000,3
2026-02-09,20260209105000000,sz.002842,30.3800,30.5800,30.3800,30.5400,444300,13552592.0000,3
2026-02-09,20260209105500000,sz.002842,30.5100,30.5800,30.4500,30.5200,539300,16453893.0000,3
2026-02-09,20260209110000000,sz.002842,30.5000,30.5300,30.3500,30.4100,516900,15731825.0000,3
2026-02-09,20260209110500000,sz.002842,30.3900,30.4500,30.3500,30.3700,376700,11449439.0000,3
2026-02-09,20260209111000000,sz.002842,30.3700,30.4700,30.3500,30.4100,539100,16392338.0000,3
2026-02-09,20260209111500000,sz.002842,30.3800,30.4400,30.2300,30.2900,474900,14405142.0000,3
2026-02-09,20260209112000000,sz.002842,30.2900,30.3000,30.1700,30.2600,553600,16743097.0000,3
2026-02-09,20260209112500000,sz.002842,30.2600,30.2700,30.0100,30.1100,779900,23497755.0000,3
2026-02-09,20260209113000000,sz.002842,30.1000,30.1600,30.0200,30.0400,590400,17756680.0000,3
2026-02-09,20260209130500000,sz.002842,30.0500,30.1600,29.9600,30.1600,1016500,30516143.0000,3
2026-02-09,20260209131000000,sz.002842,30.1600,30.5000,30.1300,30.4300,879300,26659432.0000,3
2026-02-09,20260209131500000,sz.002842,30.4800,30.4900,30.1300,30.1600,604600,18354457.0000,3
2026-02-09,20260209132000000,sz.002842,30.1300,30.2500,30.1300,30.1900,328300,9908080.0000,3
2026-02-09,20260209132500000,sz.002842,30.1800,30.3000,30.1600,30.2200,616600,18638074.0000,3
2026-02-09,20260209133000000,sz.002842,30.2200,30.3200,30.1700,30.3200,340600,10295126.0000,3
2026-02-09,20260209133500000,sz.002842,30.3200,30.3200,30.1200,30.1300,419000,12656152.0000,3
2026-02-09,20260209134000000,sz.002842,30.1500,30.2900,30.1500,30.2500,303700,9181228.0000,3
2026-02-09,20260209134500000,sz.002842,30.2600,30.2600,30.1700,30.1700,282200,8527355.0000,3
2026-02-09,20260209135000000,sz.002842,30.1700,30.1900,30.0200,30.1000,670600,20193356.0000,3
2026-02-09,20260209135500000,sz.002842,30.1000,30.1500,30.0600,30.1000,485300,14603987.0000,3
2026-02-09,20260209140000000,sz.002842,30.0800,30.0800,29.9900,30.0300,814600,24455270.0000,3
2026-02-09,20260209140500000,sz.002842,30.0400,30.1500,29.9900,30.1100,570800,17142980.0000,3
2026-02-09,20260209141000000,sz.002842,30.1100,30.1300,30.0300,30.0900,449000,13508745.0000,3
2026-02-09,20260209141500000,sz.002842,30.1000,30.1200,30.0300,30.0300,323200,9721846.0000,3
2026-02-09,20260209142000000,sz.002842,30.0300,30.1100,29.9900,30.0700,506244,15199974.6400,3
2026-02-09,20260209142500000,sz.002842,30.0300,30.0700,30.0200,30.0400,303100,9107287.0000,3
2026-02-09,20260209143000000,sz.002842,30.0500,30.0800,30.0200,30.0400,430600,12938323.0000,3
2026-02-09,20260209143500000,sz.002842,30.0200,30.0700,29.9800,30.0400,784700,23556670.0000,3
2026-02-09,20260209144000000,sz.002842,30.0300,30.0700,30.0000,30.0100,727500,21840718.6000,3
2026-02-09,20260209144500000,sz.002842,30.0100,30.0800,30.0000,30.0500,739740,22225372.0000,3
2026-02-09,20260209145000000,sz.002842,30.0500,30.1100,30.0300,30.0400,1183200,35570210.0000,3
2026-02-09,20260209145500000,sz.002842,30.0300,30.1400,30.0200,30.1000,1323008,39806980.8000,3
2026-02-09,20260209150000000,sz.002842,30.1000,30.2000,30.1000,30.2000,1666300,50286854.0000,3
2026-02-10,20260210093500000,sz.002842,30.7100,31.7600,30.7100,31.5700,8274952,258766233.8800,3
2026-02-10,20260210094000000,sz.002842,31.5300,31.6700,31.2100,31.2100,3437200,108340048.1600,3
2026-02-10,20260210094500000,sz.002842,31.1600,31.1800,30.7800,31.0200,2782700,86108642.8000,3
2026-02-10,20260210095000000,sz.002842,31.0400,31.4500,31.0400,31.2300,2875844,89964303.4400,3
2026-02-10,20260210095500000,sz.002842,31.2300,31.7000,31.1500,31.7000,2075600,65379034.2400,3
2026-02-10,20260210100000000,sz.002842,31.7300,31.9800,31.6800,31.6800,2281500,72596464.0000,3
2026-02-10,20260210100500000,sz.002842,31.6900,31.6900,30.7300,30.8600,3041800,94492323.0000,3
2026-02-10,20260210101000000,sz.002842,30.9600,31.3300,30.9500,31.0700,1426400,44417034.0000,3
2026-02-10,20260210101500000,sz.002842,31.1000,31.2800,30.9600,31.1200,688100,21391582.0000,3
2026-02-10,20260210102000000,sz.002842,31.1300,31.3100,31.1100,31.2300,734460,22927897.6000,3
2026-02-10,20260210102500000,sz.002842,31.2300,31.2700,31.0700,31.1500,559800,17451935.0000,3
2026-02-10,20260210103000000,sz.002842,31.1300,31.1300,30.9000,30.9400,768400,23816617.0000,3
2026-02-10,20260210103500000,sz.002842,30.9200,31.0400,30.8800,30.9200,812900,25151714.0000,3
2026-02-10,20260210104000000,sz.002842,30.9100,31.0200,30.8000,30.9800,734800,22687385.0000,3
2026-02-10,20260210104500000,sz.002842,30.9800,31.0900,30.8500,30.9800,531500,16456443.0000,3
2026-02-10,20260210105000000,sz.002842,30.9800,31.2000,30.9000,30.9800,740100,22954148.0000,3
2026-02-10,20260210105500000,sz.002842,30.9500,31.4600,30.9100,31.4300,813000,25381410.6000,3
2026-02-10,20260210110000000,sz.002842,31.4400,31.6700,31.4200,31.4500,1030300,32503687.0000,3
2026-02-10,20260210110500000,sz.002842,31.4500,31.4900,31.2200,31.3900,473400,14826841.0000,3
2026-02-10,20260210111000000,sz.002842,31.3900,31.5500,31.3200,31.3400,712900,22422091.8800,3
2026-02-10,20260210111500000,sz.002842,31.3400,31.5000,31.2800,31.3700,516700,16225342.0000,3
2026-02-10,20260210112000000,sz.002842,31.3600,31.4800,31.1600,31.1600,744000,23345574.0000,3
2026-02-10,20260210112500000,sz.002842,31.2900,31.3000,30.9800,31.0000,457000,14206022.0000,3
2026-02-10,20260210113000000,sz.002842,31.0000,31.2500,31.0000,31.2500,660900,20591133.0000,3
2026-02-10,20260210130500000,sz.002842,31.2500,31.3300,31.0800,31.3300,438300,13692000.0000,3
2026-02-10,20260210131000000,sz.002842,31.3100,31.5000,31.2400,31.2900,402200,12626865.0000,3
2026-02-10,20260210131500000,sz.002842,31.3000,31.4000,31.2500,31.2700,226900,7106250.0000,3
2026-02-10,20260210132000000,sz.002842,31.2500,31.3300,31.2100,31.2600,300000,9380881.0000,3
2026-02-10,20260210132500000,sz.002842,31.2600,31.4400,31.2500,31.2900,366900,11505129.0000,3
2026-02-10,20260210133000000,sz.002842,31.2900,31.4500,31.2700,31.2800,385300,12086303.0000,3
2026-02-10,20260210133500000,sz.002842,31.3000,31.4500,31.2000,31.4200,338600,10612179.0000,3
2026-02-10,20260210134000000,sz.002842,31.4100,31.4400,31.2600,31.3000,440700,13811754.0000,3
2026-02-10,20260210134500000,sz.002842,31.3300,31.3900,31.3000,31.3500,178900,5608094.0000,3
2026-02-10,20260210135000000,sz.002842,31.3500,31.4300,31.2100,31.2700,395600,12401022.0000,3
2026-02-10,20260210135500000,sz.002842,31.3400,31.4700,31.3400,31.4300,287500,9035113.0000,3
2026-02-10,20260210140000000,sz.002842,31.4300,31.5500,31.3000,31.4300,641224,20154325.4800,3
2026-02-10,20260210140500000,sz.002842,31.4300,31.5100,31.4200,31.5000,292244,9195679.2400,3
2026-02-10,20260210141000000,sz.002842,31.5000,31.6000,31.4200,31.5000,476264,15013077.0000,3
2026-02-10,20260210141500000,sz.002842,31.4900,31.5100,31.4100,31.4300,249000,7831095.0000,3
2026-02-10,20260210142000000,sz.002842,31.4300,31.4700,31.4200,31.4500,342600,10773545.0000,3
2026-02-10,20260210142500000,sz.002842,31.4800,31.7400,31.4800,31.5700,1010132,31952817.6400,3
2026-02-10,20260210143000000,sz.002842,31.5700,31.9600,31.5700,31.9300,1341214,42661207.7200,3
2026-02-10,20260210143500000,sz.002842,31.8900,31.9800,31.7800,31.9700,1407300,44869658.0000,3
2026-02-10,20260210144000000,sz.002842,31.9700,32.0800,31.7700,31.7800,1599800,51132657.3200,3
2026-02-10,20260210144500000,sz.002842,31.7800,31.8900,31.7400,31.8700,983484,31302336.6800,3
2026-02-10,20260210145000000,sz.002842,31.8600,31.8800,31.7900,31.8100,1086984,34592219.2000,3
2026-02-10,20260210145500000,sz.002842,31.8100,31.8100,31.7200,31.8100,1643636,52212366.7200,3
2026-02-10,20260210150000000,sz.002842,31.8200,31.8300,31.6300,31.8300,2210736,70292120.4400,3
2026-02-11,20260211093500000,sz.002842,32.1000,34.2700,32.1000,34.2700,11731290,391245114.4800,3
2026-02-11,20260211094000000,sz.002842,34.3800,35.0100,34.2300,35.0100,7844020,272425810.0000,3
2026-02-11,20260211094500000,sz.002842,35.0100,35.0100,35.0100,35.0100,1209632,42349216.3200,3
2026-02-11,20260211095000000,sz.002842,35.0100,35.0100,35.0100,35.0100,576872,20196288.7200,3
2026-02-11,20260211095500000,sz.002842,35.0100,35.0100,35.0100,35.0100,380260,13312902.6000,3
2026-02-11,20260211100000000,sz.002842,35.0100,35.0100,35.0100,35.0100,209300,7327593.0000,3
2026-02-11,20260211100500000,sz.002842,35.0100,35.0100,35.0100,35.0100,187000,6546870.0000,3
2026-02-11,20260211101000000,sz.002842,35.0100,35.0100,35.0100,35.0100,291297,10198307.9700,3
2026-02-11,20260211101500000,sz.002842,35.0100,35.0100,35.0100,35.0100,92972,3254949.7200,3
2026-02-11,20260211102000000,sz.002842,35.0100,35.0100,35.0100,35.0100,86200,3017862.0000,3
2026-02-11,20260211102500000,sz.002842,35.0100,35.0100,35.0100,35.0100,51600,1806516.0000,3
2026-02-11,20260211103000000,sz.002842,35.0100,35.0100,35.0100,35.0100,42100,1473921.0000,3
2026-02-11,20260211103500000,sz.002842,35.0100,35.0100,35.0100,35.0100,65700,2300157.0000,3
2026-02-11,20260211104000000,sz.002842,35.0100,35.0100,35.0100,35.0100,35300,1235853.0000,3
2026-02-11,20260211104500000,sz.002842,35.0100,35.0100,35.0100,35.0100,41500,1452915.0000,3
2026-02-11,20260211105000000,sz.002842,35.0100,35.0100,35.0100,35.0100,57500,2013075.0000,3
2026-02-11,20260211105500000,sz.002842,35.0100,35.0100,35.0100,35.0100,23600,826236.0000,3
2026-02-11,20260211110000000,sz.002842,35.0100,35.0100,35.0100,35.0100,43300,1515933.0000,3
2026-02-11,20260211110500000,sz.002842,35.0100,35.0100,35.0100,35.0100,79400,2779794.0000,3
2026-02-11,20260211111000000,sz.002842,35.0100,35.0100,35.0100,35.0100,82400,2884824.0000,3
2026-02-11,20260211111500000,sz.002842,35.0100,35.0100,35.0100,35.0100,26800,938268.0000,3
2026-02-11,20260211112000000,sz.002842,35.0100,35.0100,35.0100,35.0100,27900,976779.0000,3
2026-02-11,20260211112500000,sz.002842,35.0100,35.0100,35.0100,35.0100,47900,1676979.0000,3
2026-02-11,20260211113000000,sz.002842,35.0100,35.0100,35.0100,35.0100,14000,490140.0000,3
2026-02-11,20260211130500000,sz.002842,35.0100,35.0100,35.0100,35.0100,205900,7208559.0000,3
2026-02-11,20260211131000000,sz.002842,35.0100,35.0100,35.0100,35.0100,16000,560160.0000,3
2026-02-11,20260211131500000,sz.002842,35.0100,35.0100,35.0100,35.0100,20900,731709.0000,3
2026-02-11,20260211132000000,sz.002842,35.0100,35.0100,35.0100,35.0100,14600,511146.0000,3
2026-02-11,20260211132500000,sz.002842,35.0100,35.0100,35.0100,35.0100,25460,891354.6000,3
2026-02-11,20260211133000000,sz.002842,35.0100,35.0100,35.0100,35.0100,16700,584667.0000,3
2026-02-11,20260211133500000,sz.002842,35.0100,35.0100,35.0100,35.0100,33700,1179837.0000,3
2026-02-11,20260211134000000,sz.002842,35.0100,35.0100,35.0100,35.0100,38900,1361889.0000,3
2026-02-11,20260211134500000,sz.002842,35.0100,35.0100,35.0100,35.0100,15600,546156.0000,3
2026-02-11,20260211135000000,sz.002842,35.0100,35.0100,35.0100,35.0100,14300,500643.0000,3
2026-02-11,20260211135500000,sz.002842,35.0100,35.0100,35.0100,35.0100,28700,1004787.0000,3
2026-02-11,20260211140000000,sz.002842,35.0100,35.0100,35.0100,35.0100,16700,584667.0000,3
2026-02-11,20260211140500000,sz.002842,35.0100,35.0100,35.0100,35.0100,13700,479637.0000,3
2026-02-11,20260211141000000,sz.002842,35.0100,35.0100,35.0100,35.0100,22000,770220.0000,3
2026-02-11,20260211141500000,sz.002842,35.0100,35.0100,35.0100,35.0100,405900,14210559.0000,3
2026-02-11,20260211142000000,sz.002842,35.0100,35.0100,35.0100,35.0100,62200,2177622.0000,3
2026-02-11,20260211142500000,sz.002842,35.0100,35.0100,35.0100,35.0100,15400,539154.0000,3
2026-02-11,20260211143000000,sz.002842,35.0100,35.0100,35.0100,35.0100,21300,745713.0000,3
2026-02-11,20260211143500000,sz.002842,35.0100,35.0100,35.0100,35.0100,20349,712418.4900,3
2026-02-11,20260211144000000,sz.002842,35.0100,35.0100,35.0100,35.0100,38900,1361889.0000,3
2026-02-11,20260211144500000,sz.002842,35.0100,35.0100,35.0100,35.0100,40000,1400400.0000,3
2026-02-11,20260211145000000,sz.002842,35.0100,35.0100,35.0100,35.0100,40221,1408137.2100,3
2026-02-11,20260211145500000,sz.002842,35.0100,35.0100,35.0100,35.0100,105000,3676050.0000,3
2026-02-11,20260211150000000,sz.002842,35.0100,35.0100,35.0100,35.0100,215500,7544655.0000,3
2026-02-12,20260212093500000,sz.002842,36.9000,38.1400,35.7600,37.9200,15997696,594339503.1200,3
2026-02-12,20260212094000000,sz.002842,37.9200,38.4100,37.8600,38.2100,5632663,214839311.3400,3
2026-02-12,20260212094500000,sz.002842,38.2200,38.3400,37.5400,37.8200,5870200,222649693.0000,3
2026-02-12,20260212095000000,sz.002842,37.8700,38.0700,37.4200,37.4200,4325300,163142157.0000,3
2026-02-12,20260212095500000,sz.002842,37.5000,37.8000,37.4200,37.5300,4698800,176744148.0000,3
2026-02-12,20260212100000000,sz.002842,37.5300,38.2800,37.5300,38.0000,2894516,110034060.3200,3
2026-02-12,20260212100500000,sz.002842,38.0100,38.2800,37.9000,38.0200,1926000,73425349.6000,3
2026-02-12,20260212101000000,sz.002842,37.9100,38.1600,37.7900,37.9300,1794374,68127562.3400,3
2026-02-12,20260212101500000,sz.002842,37.9500,38.0800,37.7500,37.9500,1722500,65226507.1800,3
2026-02-12,20260212102000000,sz.002842,37.9500,38.1500,37.9500,38.0500,937568,35672448.0000,3
2026-02-12,20260212102500000,sz.002842,37.9600,38.0700,37.8500,38.0500,1252832,47598645.3200,3
2026-02-12,20260212103000000,sz.002842,38.0600,38.0700,37.8800,37.9200,963600,36607256.0000,3
2026-02-12,20260212103500000,sz.002842,37.9000,37.9000,37.2600,37.5400,2200000,82409715.0000,3
2026-02-12,20260212104000000,sz.002842,37.5500,38.2000,37.5500,38.1400,1802800,68558617.0000,3
2026-02-12,20260212104500000,sz.002842,38.1300,38.1600,37.9000,38.1600,1050532,39991003.5600,3
2026-02-12,20260212105000000,sz.002842,38.1700,38.5100,38.1700,38.5100,4491537,172625083.5100,3
2026-02-12,20260212105500000,sz.002842,38.5100,38.5100,38.5100,38.5100,169172,6514813.7200,3
2026-02-12,20260212110000000,sz.002842,38.5100,38.5100,38.5100,38.5100,149000,5737990.0000,3
2026-02-12,20260212110500000,sz.002842,38.5100,38.5100,38.5100,38.5100,153500,5911285.0000,3
2026-02-12,20260212111000000,sz.002842,38.5100,38.5100,38.5100,38.5100,69960,2694159.6000,3
2026-02-12,20260212111500000,sz.002842,38.5100,38.5100,38.5100,38.5100,1317174,50724370.7400,3
2026-02-12,20260212112000000,sz.002842,38.5100,38.5100,38.5100,38.5100,85200,3281052.0000,3
2026-02-12,20260212112500000,sz.002842,38.5100,38.5100,38.5100,38.5100,30400,1170704.0000,3
2026-02-12,20260212113000000,sz.002842,38.5100,38.5100,38.5100,38.5100,46800,1802268.0000,3
2026-02-12,20260212130500000,sz.002842,38.5100,38.5100,38.5100,38.5100,306716,11811633.1600,3
2026-02-12,20260212131000000,sz.002842,38.5100,38.5100,38.5100,38.5100,87300,3361923.0000,3
2026-02-12,20260212131500000,sz.002842,38.5100,38.5100,38.5100,38.5100,167600,6454276.0000,3
2026-02-12,20260212132000000,sz.002842,38.5100,38.5100,37.7200,38.0200,3716020,142097364.6000,3
2026-02-12,20260212132500000,sz.002842,37.9600,38.4400,37.9600,38.3200,2460700,93808064.5600,3
2026-02-12,20260212133000000,sz.002842,38.3800,38.4000,38.0400,38.0400,1354800,51853588.0000,3
2026-02-12,20260212133500000,sz.002842,38.0400,38.1100,37.8100,37.9300,1310984,49765095.0800,3
2026-02-12,20260212134000000,sz.002842,38.0000,38.2600,37.9700,38.1900,832060,31720917.6000,3
2026-02-12,20260212134500000,sz.002842,38.1800,38.1800,37.9900,38.1100,670300,25507409.0000,3
2026-02-12,20260212135000000,sz.002842,38.1300,38.2100,37.9600,37.9700,766172,29171908.8400,3
2026-02-12,20260212135500000,sz.002842,37.9700,37.9800,37.4800,37.7000,2585200,97368368.0000,3
2026-02-12,20260212140000000,sz.002842,37.7200,37.9800,37.7200,37.9400,997457,37759123.9100,3
2026-02-12,20260212140500000,sz.002842,37.9200,38.2700,37.8500,38.1600,1061400,40426419.2500,3
2026-02-12,20260212141000000,sz.002842,38.1800,38.3700,38.1500,38.3200,768660,29398017.0800,3
2026-02-12,20260212141500000,sz.002842,38.3100,38.5000,38.2700,38.4800,982129,37750795.6000,3
2026-02-12,20260212142000000,sz.002842,38.4900,38.5000,38.2600,38.3500,584932,22473757.4000,3
2026-02-12,20260212142500000,sz.002842,38.3500,38.4100,38.2800,38.3000,400396,15350995.5200,3
2026-02-12,20260212143000000,sz.002842,38.3000,38.3800,38.2600,38.2800,532960,20419123.2800,3
2026-02-12,20260212143500000,sz.002842,38.3400,38.4200,38.1500,38.3400,727200,27842700.0000,3
2026-02-12,20260212144000000,sz.002842,38.3900,38.5100,38.3800,38.4800,2065160,79475348.0000,3
2026-02-12,20260212144500000,sz.002842,38.4900,38.5100,38.3700,38.5100,1314422,50593807.9800,3
2026-02-12,20260212145000000,sz.002842,38.5100,38.5100,38.5100,38.5100,349400,13455394.0000,3
2026-02-12,20260212145500000,sz.002842,38.5100,38.5100,38.5100,38.5100,959200,36938792.0000,3
2026-02-12,20260212150000000,sz.002842,38.5100,38.5100,38.5100,38.5100,365248,14065700.4800,3
2026-02-13,20260213093500000,sz.002842,37.5900,38.7500,37.2200,37.2200,13227896,501319233.1500,3
2026-02-13,20260213094000000,sz.002842,37.2100,37.9800,37.0400,37.4800,5118199,191948869.6200,3
2026-02-13,20260213094500000,sz.002842,37.5000,38.2000,37.4300,37.8500,4638620,175625552.8000,3
2026-02-13,20260213095000000,sz.002842,37.7900,37.7900,36.3100,36.3700,5079700,186979133.0000,3
2026-02-13,20260213095500000,sz.002842,36.3600,36.4800,36.1400,36.1700,4125460,149576963.8000,3
2026-02-13,20260213100000000,sz.002842,36.1700,36.4600,36.0000,36.4200,2067600,74881374.0000,3
2026-02-13,20260213100500000,sz.002842,36.4500,37.4800,36.4300,37.4200,2568600,95319977.0000,3
2026-02-13,20260213101000000,sz.002842,37.4400,37.8000,37.1900,37.7000,1593000,59856106.0000,3
2026-02-13,20260213101500000,sz.002842,37.6900,37.7400,37.1500,37.1700,991100,37027755.0000,3
2026-02-13,20260213102000000,sz.002842,37.1800,37.2000,36.6200,36.7100,1173400,43227312.0000,3
2026-02-13,20260213102500000,sz.002842,36.7000,36.8400,36.4800,36.8000,939200,34411753.0000,3
2026-02-13,20260213103000000,sz.002842,36.7500,36.8400,36.5000,36.5000,773500,28321314.0000,3
2026-02-13,20260213103500000,sz.002842,36.5100,36.5400,36.3300,36.5000,803700,29285979.2600,3
2026-02-13,20260213104000000,sz.002842,36.4700,36.5800,36.3400,36.4700,573200,20908892.0000,3
2026-02-13,20260213104500000,sz.002842,36.4800,36.4900,36.1800,36.2000,844400,30636646.0000,3
2026-02-13,20260213105000000,sz.002842,36.2100,36.4100,36.2100,36.2800,594688,21580554.4000,3
2026-02-13,20260213105500000,sz.002842,36.2600,36.6000,36.2200,36.5700,670700,24398977.0000,3
2026-02-13,20260213110000000,sz.002842,36.5100,36.6100,36.2500,36.5500,615904,22402071.1200,3
2026-02-13,20260213110500000,sz.002842,36.5500,36.5600,36.3900,36.4800,306800,11190319.2800,3
2026-02-13,20260213111000000,sz.002842,36.4900,36.5200,36.3800,36.3800,362200,13202496.0000,3
2026-02-13,20260213111500000,sz.002842,36.3800,36.3800,36.2600,36.2900,500700,18175903.7200,3
2026-02-13,20260213112000000,sz.002842,36.3000,36.3200,36.1000,36.1500,935500,33860199.3600,3
2026-02-13,20260213112500000,sz.002842,36.1500,36.1600,36.0700,36.1600,501800,18120559.0000,3
2026-02-13,20260213113000000,sz.002842,36.1600,36.4900,36.1200,36.4400,613600,22260617.0000,3
2026-02-13,20260213130500000,sz.002842,36.4500,36.6700,36.3500,36.5200,739300,26968161.0000,3
2026-02-13,20260213131000000,sz.002842,36.5300,36.5300,36.3500,36.4400,430800,15693789.0000,3
2026-02-13,20260213131500000,sz.002842,36.4200,36.4700,36.2700,36.3400,399400,14534034.0000,3
2026-02-13,20260213132000000,sz.002842,36.3300,36.3400,36.0900,36.1100,536300,19400410.0000,3
2026-02-13,20260213132500000,sz.002842,36.1100,36.1600,36.0100,36.0600,830200,29960446.0000,3
2026-02-13,20260213133000000,sz.002842,36.0600,36.1500,36.0000,36.0200,740800,26695626.0000,3
2026-02-13,20260213133500000,sz.002842,36.0100,36.1500,36.0000,36.1500,507778,18320146.2400,3
2026-02-13,20260213134000000,sz.002842,36.2500,36.3600,36.1400,36.3100,549500,19923357.0000,3
2026-02-13,20260213134500000,sz.002842,36.3100,36.3700,36.2500,36.2700,548800,19926393.0000,3
2026-02-13,20260213135000000,sz.002842,36.2700,36.2900,36.2100,36.2500,392200,14216768.0000,3
2026-02-13,20260213135500000,sz.002842,36.2500,36.3400,36.2400,36.2800,491200,17821792.0000,3
2026-02-13,20260213140000000,sz.002842,36.2800,36.3800,36.2600,36.3400,494100,17939993.0000,3
2026-02-13,20260213140500000,sz.002842,36.3300,36.4300,36.2200,36.3300,551600,20024374.0000,3
2026-02-13,20260213141000000,sz.002842,36.3300,36.3300,36.0500,36.0800,615100,22243394.0000,3
2026-02-13,20260213141500000,sz.002842,36.1000,36.1500,36.0400,36.1100,395100,14264830.0000,3
2026-02-13,20260213142000000,sz.002842,36.1100,36.4700,36.1000,36.4200,599300,21736211.0000,3
2026-02-13,20260213142500000,sz.002842,36.3900,36.6200,36.3900,36.4200,788700,28775928.0000,3
2026-02-13,20260213143000000,sz.002842,36.4400,36.5700,36.4300,36.4500,525100,19163868.0000,3
2026-02-13,20260213143500000,sz.002842,36.4400,36.8600,36.4400,36.8500,980800,35974845.0000,3
2026-02-13,20260213144000000,sz.002842,36.8500,36.8600,36.5000,36.5900,1228344,45022927.5600,3
2026-02-13,20260213144500000,sz.002842,36.5800,36.6000,36.4800,36.5000,907400,33144610.1200,3
2026-02-13,20260213145000000,sz.002842,36.5000,36.5400,36.3200,36.5300,1037500,37787349.0000,3
2026-02-13,20260213145500000,sz.002842,36.5200,36.5600,36.4500,36.4500,1274900,46517802.6400,3
2026-02-13,20260213150000000,sz.002842,36.4600,36.4600,36.3500,36.3800,2204525,80208643.6300,3
2026-02-24,20260224093500000,sz.002842,37.4700,37.5500,36.5500,37.1200,9688416,360111816.9200,3
2026-02-24,20260224094000000,sz.002842,37.1600,37.8700,37.0800,37.6300,5507400,206916643.0800,3
2026-02-24,20260224094500000,sz.002842,37.6300,37.7100,36.9500,37.1000,3747296,140200238.5200,3
2026-02-24,20260224095000000,sz.002842,37.0500,37.3700,36.5600,36.5700,3035198,112168149.3000,3
2026-02-24,20260224095500000,sz.002842,36.5600,36.9600,36.5600,36.7500,1619800,59648089.0000,3
2026-02-24,20260224100000000,sz.002842,36.7500,37.0900,36.7300,37.0000,737800,27252549.0000,3
2026-02-24,20260224100500000,sz.002842,37.0200,37.0900,36.8300,36.8400,908900,33596675.0000,3
2026-02-24,20260224101000000,sz.002842,36.8400,37.2900,36.8300,37.1300,1168904,43386289.8400,3
2026-02-24,20260224101500000,sz.002842,37.1200,37.1400,36.4900,36.4900,2073300,76099621.0000,3
2026-02-24,20260224102000000,sz.002842,36.4200,36.8300,36.4200,36.7400,852500,31229883.0000,3
2026-02-24,20260224102500000,sz.002842,36.7300,36.7600,36.5800,36.7500,667900,24480015.0000,3
2026-02-24,20260224103000000,sz.002842,36.7700,36.9100,36.6800,36.8300,591100,21749743.0000,3
2026-02-24,20260224103500000,sz.002842,36.8200,36.8600,36.6500,36.8100,689500,25347355.0000,3
2026-02-24,20260224104000000,sz.002842,36.8100,36.8100,36.6500,36.6900,507900,18644987.0000,3
2026-02-24,20260224104500000,sz.002842,36.6900,36.8300,36.6300,36.6300,657600,24139059.0000,3
2026-02-24,20260224105000000,sz.002842,36.6000,36.6700,36.4600,36.5000,997100,36437452.2600,3
2026-02-24,20260224105500000,sz.002842,36.5100,36.6000,36.3500,36.3900,985500,35926751.0000,3
2026-02-24,20260224110000000,sz.002842,36.3900,36.6000,36.3100,36.4200,876174,31888505.6400,3
2026-02-24,20260224110500000,sz.002842,36.5400,36.5400,36.3700,36.4200,424300,15450232.0000,3
2026-02-24,20260224111000000,sz.002842,36.4200,36.5800,36.4000,36.5800,359100,13097834.0000,3
2026-02-24,20260224111500000,sz.002842,36.5800,36.7400,36.5300,36.6300,557200,20427688.0000,3
2026-02-24,20260224112000000,sz.002842,36.6400,36.6500,36.4000,36.4100,462500,16890886.0000,3
2026-02-24,20260224112500000,sz.002842,36.4200,36.4200,36.3100,36.3100,702100,25518637.0000,3
2026-02-24,20260224113000000,sz.002842,36.3000,36.4000,36.2700,36.3500,713200,25913711.0000,3
2026-02-24,20260224130500000,sz.002842,36.4000,36.6000,36.1500,36.1700,918300,33391147.0000,3
2026-02-24,20260224131000000,sz.002842,36.1700,36.5200,36.1700,36.4400,596200,21686626.0000,3
2026-02-24,20260224131500000,sz.002842,36.4600,36.4900,36.3700,36.3700,386400,14076076.0000,3
2026-02-24,20260224132000000,sz.002842,36.3200,36.3800,36.2200,36.2600,307100,11149867.0000,3
2026-02-24,20260224132500000,sz.002842,36.2600,36.3000,36.1700,36.2200,523700,18969436.0000,3
2026-02-24,20260224133000000,sz.002842,36.2400,36.2800,36.1500,36.2000,488500,17680546.0000,3
2026-02-24,20260224133500000,sz.002842,36.1700,36.3300,36.1700,36.2400,372700,13517129.0000,3
2026-02-24,20260224134000000,sz.002842,36.2400,36.2600,36.0100,36.0400,716800,25887095.0000,3
2026-02-24,20260224134500000,sz.002842,36.0200,36.0800,35.9200,36.0000,1120500,40314842.0000,3
2026-02-24,20260224135000000,sz.002842,36.0200,36.0500,35.9600,36.0100,464600,16722943.0000,3
2026-02-24,20260224135500000,sz.002842,36.0100,36.1000,35.9600,36.1000,570200,20545712.0000,3
2026-02-24,20260224140000000,sz.002842,36.1100,36.1700,36.1000,36.1400,298200,10774886.0000,3
2026-02-24,20260224140500000,sz.002842,36.1500,36.1600,35.9500,35.9500,395200,14245633.0000,3
2026-02-24,20260224141000000,sz.002842,35.9500,36.0000,35.8600,35.9200,515900,18537870.0000,3
2026-02-24,20260224141500000,sz.002842,35.9100,36.0700,35.8500,36.0400,510474,18351129.6000,3
2026-02-24,20260224142000000,sz.002842,36.0500,36.1000,35.8300,35.8600,804326,28915189.9600,3
2026-02-24,20260224142500000,sz.002842,35.8700,35.8700,35.8200,35.8700,581400,20842912.0000,3
2026-02-24,20260224143000000,sz.002842,35.8700,35.9300,35.8100,35.8400,738274,26475820.0800,3
2026-02-24,20260224143500000,sz.002842,35.8200,35.9500,35.8200,35.9100,708020,25406631.8000,3
2026-02-24,20260224144000000,sz.002842,35.9200,36.0100,35.8700,35.9700,733200,26349238.0000,3
2026-02-24,20260224144500000,sz.002842,35.9600,36.0300,35.9100,35.9100,664100,23870902.2800,3
2026-02-24,20260224145000000,sz.002842,35.9100,35.9600,35.9000,35.9000,886800,31854897.2800,3
2026-02-24,20260224145500000,sz.002842,35.8900,35.9200,35.8800,35.8800,1221400,43841121.0000,3
2026-02-24,20260224150000000,sz.002842,35.8700,35.8900,35.8500,35.8500,1673200,59995532.0400,3
2026-02-25,20260225093500000,sz.002842,36.5000,36.6300,35.8400,36.6300,7269500,264131356.6800,3
2026-02-25,20260225094000000,sz.002842,36.6500,38.0000,36.6500,37.4000,8929472,334551291.3500,3
2026-02-25,20260225094500000,sz.002842,37.3900,37.3900,35.8500,36.0200,4993600,182476440.0000,3
2026-02-25,20260225095000000,sz.002842,36.0200,36.1200,35.6900,35.8800,3279900,117651755.8000,3
2026-02-25,20260225095500000,sz.002842,35.8600,36.1700,35.8100,36.1100,1563800,56288603.6000,3
2026-02-25,20260225100000000,sz.002842,36.0700,36.1500,35.7000,35.8100,1818200,65443505.0000,3
2026-02-25,20260225100500000,sz.002842,35.8200,36.0400,35.7000,35.8000,1195360,42827781.2000,3
2026-02-25,20260225101000000,sz.002842,35.8000,36.5100,35.7400,36.4400,1663400,60201241.0000,3
2026-02-25,20260225101500000,sz.002842,36.4300,36.4300,35.7700,35.8800,1699300,61171780.0000,3
2026-02-25,20260225102000000,sz.002842,35.8600,36.2900,35.8100,36.2000,1237100,44562953.0000,3
2026-02-25,20260225102500000,sz.002842,36.1900,36.4200,36.0100,36.4200,853600,30884180.0000,3
2026-02-25,20260225103000000,sz.002842,36.3700,36.3700,36.1700,36.2800,1064344,38587442.0400,3
2026-02-25,20260225103500000,sz.002842,36.2600,36.2800,36.1400,36.2600,721100,26099476.8400,3
2026-02-25,20260225104000000,sz.002842,36.2100,36.8500,36.1300,36.8400,1828100,66878114.0000,3
2026-02-25,20260225104500000,sz.002842,36.8500,37.4000,36.7800,37.4000,3065200,113401940.0000,3
2026-02-25,20260225105000000,sz.002842,37.4400,37.7100,37.1700,37.6600,5549048,207747798.5600,3
2026-02-25,20260225105500000,sz.002842,37.6600,37.6600,37.1800,37.2200,2979400,111313248.0000,3
2026-02-25,20260225110000000,sz.002842,37.2400,37.3400,36.9500,37.0000,1900000,70582531.0000,3
2026-02-25,20260225110500000,sz.002842,37.0100,37.5900,36.9700,37.1700,1483900,55401912.0000,3
2026-02-25,20260225111000000,sz.002842,37.1800,37.5600,37.0100,37.5600,1502384,56016630.9200,3
2026-02-25,20260225111500000,sz.002842,37.5600,37.5600,37.3700,37.4100,1719200,64473327.4800,3
2026-02-25,20260225112000000,sz.002842,37.4100,37.5200,37.2800,37.5000,727816,27229706.0000,3
2026-02-25,20260225112500000,sz.002842,37.5100,37.6400,37.2100,37.3100,1229644,46053948.2000,3
2026-02-25,20260225113000000,sz.002842,37.2700,37.5800,37.2600,37.5800,853500,31925176.0000,3
2026-02-25,20260225130500000,sz.002842,37.6500,38.2200,37.6500,38.2200,3010588,114112309.8800,3
2026-02-25,20260225131000000,sz.002842,38.2600,38.2800,37.8300,37.9500,1590800,60515553.2800,3
2026-02-25,20260225131500000,sz.002842,37.9500,38.5100,37.9500,38.5100,1435686,54767896.1800,3
2026-02-25,20260225132000000,sz.002842,38.5100,38.8300,38.3500,38.8300,2634096,101660901.3200,3
2026-02-25,20260225132500000,sz.002842,38.8600,38.8600,38.1100,38.5300,1627100,62691702.6200,3
2026-02-25,20260225133000000,sz.002842,38.5100,38.5200,38.3000,38.3300,589300,22633724.0000,3
2026-02-25,20260225133500000,sz.002842,38.3300,38.3900,38.2000,38.3300,587400,22500688.0000,3
2026-02-25,20260225134000000,sz.002842,38.3400,38.3600,37.9700,38.1100,644100,24562882.2800,3
2026-02-25,20260225134500000,sz.002842,38.0800,38.3000,38.0300,38.1800,544600,20793207.0000,3
2026-02-25,20260225135000000,sz.002842,38.1900,38.2300,38.0200,38.0200,379500,14477792.0000,3
2026-02-25,20260225135500000,sz.002842,38.0200,38.1700,38.0000,38.0400,439200,16714814.4000,3
2026-02-25,20260225140000000,sz.002842,38.0500,38.0600,37.9700,37.9900,688900,26174777.0000,3
2026-02-25,20260225140500000,sz.002842,38.0000,38.0000,37.5900,37.5900,796300,30119020.0000,3
2026-02-25,20260225141000000,sz.002842,37.5800,37.8000,37.3900,37.3900,751600,28254131.0000,3
2026-02-25,20260225141500000,sz.002842,37.3700,37.7100,37.2400,37.7100,1078871,40381422.2400,3
2026-02-25,20260225142000000,sz.002842,37.7200,37.7700,37.5700,37.5900,513500,19338381.0000,3
2026-02-25,20260225142500000,sz.002842,37.6000,37.6000,37.4000,37.4600,492100,18448773.0000,3
2026-02-25,20260225143000000,sz.002842,37.4700,37.5000,36.9700,36.9700,1017200,37883831.0000,3
2026-02-25,20260225143500000,sz.002842,36.9600,37.2000,36.6800,37.1800,1609300,59550447.0000,3
2026-02-25,20260225144000000,sz.002842,37.1700,37.6100,37.1700,37.6000,821660,30776527.2000,3
2026-02-25,20260225144500000,sz.002842,37.6000,38.0100,37.5700,37.5800,1192663,45021956.6900,3
2026-02-25,20260225145000000,sz.002842,37.5800,37.6500,37.4800,37.4800,773000,29040688.7600,3
2026-02-25,20260225145500000,sz.002842,37.4800,37.6100,37.3700,37.6000,1054440,39570898.8400,3
2026-02-25,20260225150000000,sz.002842,37.6100,37.6100,37.4100,37.5000,1755784,65857493.9600,3
2026-02-26,20260226093500000,sz.002842,37.1600,39.9000,37.1600,39.0000,15332770,591360674.5600,3
2026-02-26,20260226094000000,sz.002842,39.0000,39.3800,38.4800,39.1900,5447100,212283390.0000,3
2026-02-26,20260226094500000,sz.002842,39.2300,39.3000,38.9900,39.1500,3435300,134526003.4000,3
2026-02-26,20260226095000000,sz.002842,39.1400,39.8200,39.1400,39.6400,5758048,228160240.8800,3
2026-02-26,20260226095500000,sz.002842,39.6400,39.8700,39.5500,39.8700,2872138,114070751.5800,3
2026-02-26,20260226100000000,sz.002842,39.8800,40.2000,39.8500,39.9200,3017364,120652567.3200,3
2026-02-26,20260226100500000,sz.002842,39.9200,40.1700,39.8300,40.0600,1465200,58708126.5600,3
2026-02-26,20260226101000000,sz.002842,40.0600,40.0600,39.1100,39.4300,2394300,94462525.0000,3
2026-02-26,20260226101500000,sz.002842,39.4400,39.6400,39.2000,39.4100,1489100,58607638.0000,3
2026-02-26,20260226102000000,sz.002842,39.4100,39.4400,39.2500,39.3800,927100,36489691.0000,3
2026-02-26,20260226102500000,sz.002842,39.3800,39.3800,38.4600,39.1400,2119688,82343183.8000,3
2026-02-26,20260226103000000,sz.002842,39.1400,39.1400,38.5900,38.8200,1330416,51711636.3600,3
2026-02-26,20260226103500000,sz.002842,38.8100,39.0800,38.7600,38.8500,863700,33652297.0000,3
2026-02-26,20260226104000000,sz.002842,38.8500,38.8500,38.5000,38.5000,1555000,60013206.0000,3
2026-02-26,20260226104500000,sz.002842,38.4900,38.5900,37.8700,38.1400,3030900,115677010.0000,3
2026-02-26,20260226105000000,sz.002842,38.1100,38.6000,37.9400,38.5500,1504272,57457758.6800,3
2026-02-26,20260226105500000,sz.002842,38.5300,38.5300,37.9500,38.3100,1268200,48348869.0000,3
2026-02-26,20260226110000000,sz.002842,38.3100,38.4500,38.1000,38.1000,594300,22780600.0000,3
2026-02-26,20260226110500000,sz.002842,38.0700,38.3000,38.0700,38.1100,610400,23315761.4600,3
2026-02-26,20260226111000000,sz.002842,38.1200,38.1200,37.7800,38.1000,1327720,50335699.8000,3
2026-02-26,20260226111500000,sz.002842,38.1000,38.1000,37.8200,37.8800,684500,25947300.0000,3
2026-02-26,20260226112000000,sz.002842,37.8900,37.9200,37.2800,37.4900,1652100,62125242.0000,3
2026-02-26,20260226112500000,sz.002842,37.4300,37.4300,37.0100,37.0100,2111200,78559874.2000,3
2026-02-26,20260226113000000,sz.002842,37.0300,38.0200,37.0300,37.8700,1675502,62996156.9200,3
2026-02-26,20260226130500000,sz.002842,37.8700,38.2500,37.8700,38.1700,856188,32629358.4800,3
2026-02-26,20260226131000000,sz.002842,38.1700,39.3000,38.1700,38.6900,1277132,49634496.4400,3
2026-02-26,20260226131500000,sz.002842,38.6800,38.8700,38.4200,38.5200,555700,21461409.0000,3
2026-02-26,20260226132000000,sz.002842,38.5200,38.5500,38.2200,38.3500,572500,21980984.0000,3
2026-02-26,20260226132500000,sz.002842,38.3400,38.6500,38.2800,38.4000,554900,21321237.0000,3
2026-02-26,20260226133000000,sz.002842,38.4000,38.4700,38.3200,38.3200,269800,10357286.0000,3
2026-02-26,20260226133500000,sz.002842,38.3100,38.5000,38.1900,38.1900,525800,20160452.0000,3
2026-02-26,20260226134000000,sz.002842,38.1800,38.3000,38.0500,38.1500,475900,18147618.0000,3
2026-02-26,20260226134500000,sz.002842,38.1400,38.1800,38.1000,38.1200,334800,12765505.0000,3
2026-02-26,20260226135000000,sz.002842,38.1300,38.1300,38.0800,38.1000,317200,12085413.0000,3
2026-02-26,20260226135500000,sz.002842,38.0900,38.0900,37.7800,37.9500,529800,20090374.0000,3
2026-02-26,20260226140000000,sz.002842,37.9500,38.0000,37.9000,37.9100,370200,14055414.0000,3
2026-02-26,20260226140500000,sz.002842,37.9000,37.9100,37.8400,37.8500,373500,14143957.0000,3
2026-02-26,20260226141000000,sz.002842,37.8400,37.8400,37.5000,37.5100,556700,20962526.0000,3
2026-02-26,20260226141500000,sz.002842,37.5300,37.9700,37.5300,37.7600,394800,14925258.0000,3
2026-02-26,20260226142000000,sz.002842,37.7700,37.8500,37.7600,37.8000,365300,13807715.0000,3
2026-02-26,20260226142500000,sz.002842,37.8000,38.0000,37.8000,37.8500,459472,17414418.7600,3
2026-02-26,20260226143000000,sz.002842,37.8500,37.8500,37.7600,37.7600,485800,18360458.0000,3
2026-02-26,20260226143500000,sz.002842,37.7500,37.8800,37.7100,37.8800,556500,21006230.0000,3
2026-02-26,20260226144000000,sz.002842,37.8800,37.9300,37.7800,37.7800,502100,19002839.0000,3
2026-02-26,20260226144500000,sz.002842,37.7900,37.7900,37.5300,37.5400,957000,36051621.0000,3
2026-02-26,20260226145000000,sz.002842,37.5200,37.7300,37.5200,37.6900,933400,35094533.0000,3
2026-02-26,20260226145500000,sz.002842,37.6700,37.7000,37.6100,37.6200,1442715,54315848.1500,3
2026-02-26,20260226150000000,sz.002842,37.6200,37.8000,37.6100,37.7800,1533200,57787173.0000,3
