date,time,code,open,high,low,close,volume,amount,adjustflag
2025-02-26,20250226093500000,sz.002418,3.7400,3.7700,3.7200,3.7300,12856200,48134960.0000,3
2025-02-26,20250226094000000,sz.002418,3.7300,3.7600,3.7000,3.7000,6838900,25448140.0000,3
2025-02-26,20250226094500000,sz.002418,3.7000,3.7000,3.6600,3.6600,8482700,31183736.0000,3
2025-02-26,20250226095000000,sz.002418,3.6600,3.6900,3.6600,3.6900,5509400,20263584.0000,3
2025-02-26,20250226095500000,sz.002418,3.6900,3.7300,3.6800,3.6900,3791000,14044016.0000,3
2025-02-26,20250226100000000,sz.002418,3.6900,3.7000,3.6700,3.6800,3862600,14223488.0000,3
2025-02-26,20250226100500000,sz.002418,3.6800,3.7100,3.6800,3.6900,2241500,8285792.0000,3
2025-02-26,20250226101000000,sz.002418,3.6900,3.7000,3.6800,3.6800,2406900,8865616.0000,3
2025-02-26,20250226101500000,sz.002418,3.6800,3.7300,3.6800,3.7000,4288300,15850400.0000,3
2025-02-26,20250226102000000,sz.002418,3.7000,3.7100,3.6900,3.7000,1538600,5694256.0000,3
2025-02-26,20250226102500000,sz.002418,3.7000,3.7100,3.6900,3.7000,1169900,4330256.0000,3
2025-02-26,20250226103000000,sz.002418,3.7000,3.7100,3.6900,3.7000,1575200,5818144.0000,3
2025-02-26,20250226103500000,sz.002418,3.7000,3.7000,3.6800,3.6900,2071400,7632576.0000,3
2025-02-26,20250226104000000,sz.002418,3.6900,3.7000,3.6800,3.6800,2028200,7472128.0000,3
2025-02-26,20250226104500000,sz.002418,3.6800,3.6900,3.6800,3.6800,1129900,4160048.0000,3
2025-02-26,20250226105000000,sz.002418,3.6800,3.6900,3.6800,3.6900,1001200,3686000.0000,3
2025-02-26,20250226105500000,sz.002418,3.6900,3.6900,3.6800,3.6900,2410100,8878672.0000,3
2025-02-26,20250226110000000,sz.002418,3.6900,3.6900,3.6800,3.6900,1506800,5551584.0000,3
2025-02-26,20250226110500000,sz.002418,3.6900,3.7000,3.6800,3.7000,1465700,5414576.0000,3
2025-02-26,20250226111000000,sz.002418,3.7000,3.7100,3.6900,3.7000,1851700,6844656.0000,3
2025-02-26,20250226111500000,sz.002418,3.7000,3.7000,3.6800,3.6800,1879800,6929360.0000,3
2025-02-26,20250226112000000,sz.002418,3.6800,3.6900,3.6800,3.6900,1065900,3926128.0000,3
2025-02-26,20250226112500000,sz.002418,3.6900,3.6900,3.6700,3.6800,2541200,9352864.0000,3
2025-02-26,20250226113000000,sz.002418,3.6800,3.6800,3.6700,3.6700,1850300,6799232.0000,3
2025-02-26,20250226130500000,sz.002418,3.6800,3.6900,3.6700,3.6700,2570200,9460224.0000,3
2025-02-26,20250226131000000,sz.002418,3.6700,3.6800,3.6700,3.6700,1587200,5827008.0000,3
2025-02-26,20250226131500000,sz.002418,3.6700,3.6800,3.6700,3.6700,1584400,5821792.0000,3
2025-02-26,20250226132000000,sz.002418,3.6700,3.7000,3.6700,3.6900,4143600,15260672.0000,3
2025-02-26,20250226132500000,sz.002418,3.6900,3.6900,3.6700,3.6800,2082100,7665408.0000,3
2025-02-26,20250226133000000,sz.002418,3.6800,3.6800,3.6700,3.6700,1466600,5390784.0000,3
2025-02-26,20250226133500000,sz.002418,3.6700,3.6900,3.6700,3.6800,1995900,7338272.0000,3
2025-02-26,20250226134000000,sz.002418,3.6800,3.6800,3.6700,3.6800,1281000,4707296.0000,3
2025-02-26,20250226134500000,sz.002418,3.6800,3.6900,3.6700,3.6800,2116600,7777472.0000,3
2025-02-26,20250226135000000,sz.002418,3.6800,3.6800,3.6600,3.6700,2596700,9533216.0000,3
2025-02-26,20250226135500000,sz.002418,3.6700,3.6800,3.6600,3.6600,1578700,5792000.0000,3
2025-02-26,20250226140000000,sz.002418,3.6600,3.6800,3.6600,3.6800,1477200,5424736.0000,3
2025-02-26,20250226140500000,sz.002418,3.6800,3.6800,3.6700,3.6700,1958600,7195872.0000,3
2025-02-26,20250226141000000,sz.002418,3.6700,3.6800,3.6700,3.6800,1675800,6159072.0000,3
2025-02-26,20250226141500000,sz.002418,3.6800,3.6800,3.6700,3.6700,1054900,3878304.0000,3
2025-02-26,20250226142000000,sz.002418,3.6700,3.6800,3.6700,3.6700,1036500,3809920.0000,3
2025-02-26,20250226142500000,sz.002418,3.6700,3.6900,3.6700,3.6800,1566100,5760736.0000,3
2025-02-26,20250226143000000,sz.002418,3.6800,3.6900,3.6800,3.6800,1345600,4957440.0000,3
2025-02-26,20250226143500000,sz.002418,3.6800,3.7100,3.6800,3.7100,4150000,15357696.0000,3
2025-02-26,20250226144000000,sz.002418,3.7100,3.7300,3.7000,3.7100,4143800,15398048.0000,3
2025-02-26,20250226144500000,sz.002418,3.7100,3.7200,3.7100,3.7100,2261200,8403392.0000,3
2025-02-26,20250226145000000,sz.002418,3.7100,3.7300,3.7100,3.7200,3296300,12268448.0000,3
2025-02-26,20250226145500000,sz.002418,3.7200,3.7300,3.7200,3.7300,5116000,19054624.0000,3
2025-02-26,20250226150000000,sz.002418,3.7300,3.7400,3.7200,3.7300,5489100,20482048.0000,3
2025-02-27,20250227093500000,sz.002418,3.7400,3.7900,3.7000,3.7900,14121000,53068720.0000,3
2025-02-27,20250227094000000,sz.002418,3.7900,3.7900,3.7600,3.7800,8664700,32710228.0000,3
2025-02-27,20250227094500000,sz.002418,3.7800,3.7900,3.7300,3.7300,7451000,28027816.0000,3
2025-02-27,20250227095000000,sz.002418,3.7300,3.7500,3.7300,3.7300,4247600,15870552.0000,3
2025-02-27,20250227095500000,sz.002418,3.7300,3.7400,3.7000,3.7000,4245500,15778896.0000,3
2025-02-27,20250227100000000,sz.002418,3.7000,3.7200,3.7000,3.7100,3487900,12930688.0000,3
2025-02-27,20250227100500000,sz.002418,3.7100,3.7200,3.7000,3.7000,2388000,8854016.0000,3
2025-02-27,20250227101000000,sz.002418,3.7000,3.7100,3.6800,3.6900,4298600,15869728.0000,3
2025-02-27,20250227101500000,sz.002418,3.6900,3.7100,3.6800,3.6900,2331600,8609248.0000,3
2025-02-27,20250227102000000,sz.002418,3.6900,3.6900,3.6700,3.6800,3623200,13319696.0000,3
2025-02-27,20250227102500000,sz.002418,3.6800,3.7000,3.6800,3.6900,1388700,5115376.0000,3
2025-02-27,20250227103000000,sz.002418,3.6900,3.7000,3.6800,3.6800,1254600,4630480.0000,3
2025-02-27,20250227103500000,sz.002418,3.6800,3.6900,3.6600,3.6600,3077300,11296704.0000,3
2025-02-27,20250227104000000,sz.002418,3.6600,3.6700,3.6500,3.6600,2933600,10723792.0000,3
2025-02-27,20250227104500000,sz.002418,3.6600,3.6800,3.6500,3.6600,1927100,7059520.0000,3
2025-02-27,20250227105000000,sz.002418,3.6600,3.6700,3.6500,3.6500,1353400,4948944.0000,3
2025-02-27,20250227105500000,sz.002418,3.6500,3.6600,3.6200,3.6300,4849900,17610112.0000,3
2025-02-27,20250227110000000,sz.002418,3.6300,3.6500,3.6300,3.6400,1744000,6346528.0000,3
2025-02-27,20250227110500000,sz.002418,3.6400,3.6400,3.6300,3.6300,1720400,6252384.0000,3
2025-02-27,20250227111000000,sz.002418,3.6300,3.6300,3.6100,3.6100,2509500,9079232.0000,3
2025-02-27,20250227111500000,sz.002418,3.6100,3.6300,3.6100,3.6100,1466500,5310688.0000,3
2025-02-27,20250227112000000,sz.002418,3.6100,3.6200,3.5800,3.5900,5331500,19188736.0000,3
2025-02-27,20250227112500000,sz.002418,3.5900,3.6100,3.5800,3.6000,2873300,10336000.0000,3
2025-02-27,20250227113000000,sz.002418,3.6000,3.6100,3.5900,3.5900,1363600,4907296.0000,3
2025-02-27,20250227130500000,sz.002418,3.6000,3.6000,3.5800,3.5800,2692600,9671712.0000,3
2025-02-27,20250227131000000,sz.002418,3.5800,3.6000,3.5700,3.5700,2651700,9496640.0000,3
2025-02-27,20250227131500000,sz.002418,3.5700,3.6000,3.5700,3.5800,2249400,8061536.0000,3
2025-02-27,20250227132000000,sz.002418,3.5800,3.6000,3.5800,3.5800,1385000,4968928.0000,3
2025-02-27,20250227132500000,sz.002418,3.5800,3.6000,3.5800,3.6000,952000,3421216.0000,3
2025-02-27,20250227133000000,sz.002418,3.6000,3.6000,3.5800,3.5900,1071800,3848128.0000,3
2025-02-27,20250227133500000,sz.002418,3.5900,3.5900,3.5800,3.5900,1436300,5143584.0000,3
2025-02-27,20250227134000000,sz.002418,3.5800,3.5900,3.5600,3.5600,2104700,7514656.0000,3
2025-02-27,20250227134500000,sz.002418,3.5600,3.5800,3.5600,3.5800,1880400,6703008.0000,3
2025-02-27,20250227135000000,sz.002418,3.5800,3.5900,3.5700,3.5800,966500,3458976.0000,3
2025-02-27,20250227135500000,sz.002418,3.5800,3.6000,3.5700,3.6000,1529600,5490336.0000,3
2025-02-27,20250227140000000,sz.002418,3.6000,3.6100,3.5900,3.6000,1884200,6785856.0000,3
2025-02-27,20250227140500000,sz.002418,3.6000,3.6100,3.5900,3.5900,1277500,4597792.0000,3
2025-02-27,20250227141000000,sz.002418,3.5900,3.6000,3.5900,3.6000,552500,1986464.0000,3
2025-02-27,20250227141500000,sz.002418,3.6000,3.6100,3.6000,3.6100,1394900,5025760.0000,3
2025-02-27,20250227142000000,sz.002418,3.6100,3.6200,3.6000,3.6100,1253500,4522176.0000,3
2025-02-27,20250227142500000,sz.002418,3.6100,3.6200,3.6000,3.6200,888600,3212064.0000,3
2025-02-27,20250227143000000,sz.002418,3.6200,3.6400,3.6200,3.6400,1464000,5313888.0000,3
2025-02-27,20250227143500000,sz.002418,3.6400,3.6400,3.6100,3.6100,2189200,7932992.0000,3
2025-02-27,20250227144000000,sz.002418,3.6100,3.6300,3.6100,3.6200,1104200,3992480.0000,3
2025-02-27,20250227144500000,sz.002418,3.6200,3.6300,3.6200,3.6200,1443900,5237728.0000,3
2025-02-27,20250227145000000,sz.002418,3.6200,3.6300,3.6200,3.6300,1595000,5779136.0000,3
2025-02-27,20250227145500000,sz.002418,3.6300,3.6300,3.6100,3.6200,2453400,8877536.0000,3
2025-02-27,20250227150000000,sz.002418,3.6200,3.6300,3.6100,3.6300,2941300,10662144.0000,3
2025-02-28,20250228093500000,sz.002418,3.6000,3.6600,3.5300,3.5300,11371000,40675828.0000,3
2025-02-28,20250228094000000,sz.002418,3.5300,3.5600,3.5200,3.5200,6712400,23727488.0000,3
2025-02-28,20250228094500000,sz.002418,3.5200,3.5300,3.5000,3.5000,5681800,19952488.0000,3
2025-02-28,20250228095000000,sz.002418,3.5000,3.5200,3.4900,3.5000,5261700,18410216.0000,3
2025-02-28,20250228095500000,sz.002418,3.5000,3.5000,3.4800,3.4800,3744000,13043792.0000,3
2025-02-28,20250228100000000,sz.002418,3.4800,3.5000,3.4700,3.4700,3293500,11460736.0000,3
2025-02-28,20250228100500000,sz.002418,3.4700,3.4900,3.4600,3.4800,2727100,9487304.0000,3
2025-02-28,20250228101000000,sz.002418,3.4800,3.4900,3.4600,3.4800,3957500,13730672.0000,3
2025-02-28,20250228101500000,sz.002418,3.4800,3.5000,3.4800,3.5000,1547100,5393760.0000,3
2025-02-28,20250228102000000,sz.002418,3.5000,3.5000,3.4700,3.4800,2076000,7229424.0000,3
2025-02-28,20250228102500000,sz.002418,3.4800,3.4900,3.4700,3.4800,1312500,4570160.0000,3
2025-02-28,20250228103000000,sz.002418,3.4800,3.4900,3.4800,3.4900,998100,3475376.0000,3
2025-02-28,20250228103500000,sz.002418,3.4900,3.4900,3.4600,3.4600,1543000,5354944.0000,3
2025-02-28,20250228104000000,sz.002418,3.4600,3.4700,3.4600,3.4700,1565300,5427840.0000,3
2025-02-28,20250228104500000,sz.002418,3.4700,3.4900,3.4600,3.4600,1214700,4220912.0000,3
2025-02-28,20250228105000000,sz.002418,3.4600,3.4700,3.4600,3.4600,1219500,4221888.0000,3
2025-02-28,20250228105500000,sz.002418,3.4600,3.4800,3.4600,3.4600,1881800,6519872.0000,3
2025-02-28,20250228110000000,sz.002418,3.4600,3.4600,3.4400,3.4400,2887300,9952512.0000,3
2025-02-28,20250228110500000,sz.002418,3.4400,3.4500,3.4300,3.4300,1559700,5362384.0000,3
2025-02-28,20250228111000000,sz.002418,3.4300,3.4600,3.4300,3.4400,1530500,5270320.0000,3
2025-02-28,20250228111500000,sz.002418,3.4400,3.4600,3.4400,3.4600,930800,3207216.0000,3
2025-02-28,20250228112000000,sz.002418,3.4500,3.4600,3.4500,3.4500,589700,2038704.0000,3
2025-02-28,20250228112500000,sz.002418,3.4500,3.4700,3.4400,3.4600,1005500,3470128.0000,3
2025-02-28,20250228113000000,sz.002418,3.4600,3.4600,3.4500,3.4500,748200,2586160.0000,3
2025-02-28,20250228130500000,sz.002418,3.4700,3.4800,3.4500,3.4600,1781900,6181920.0000,3
2025-02-28,20250228131000000,sz.002418,3.4600,3.4600,3.4400,3.4400,1147500,3958432.0000,3
2025-02-28,20250228131500000,sz.002418,3.4400,3.4500,3.4400,3.4400,1062100,3657008.0000,3
2025-02-28,20250228132000000,sz.002418,3.4400,3.4600,3.4400,3.4500,945500,3263072.0000,3
2025-02-28,20250228132500000,sz.002418,3.4500,3.4500,3.4400,3.4500,938400,3232064.0000,3
2025-02-28,20250228133000000,sz.002418,3.4500,3.4600,3.4400,3.4500,980000,3377552.0000,3
2025-02-28,20250228133500000,sz.002418,3.4500,3.4600,3.4400,3.4500,623600,2150096.0000,3
2025-02-28,20250228134000000,sz.002418,3.4500,3.4500,3.4300,3.4400,1394500,4792576.0000,3
2025-02-28,20250228134500000,sz.002418,3.4400,3.4500,3.4400,3.4400,589100,2028224.0000,3
2025-02-28,20250228135000000,sz.002418,3.4400,3.4500,3.4400,3.4400,682400,2347920.0000,3
2025-02-28,20250228135500000,sz.002418,3.4400,3.4700,3.4300,3.4600,2289600,7906592.0000,3
2025-02-28,20250228140000000,sz.002418,3.4600,3.4600,3.4400,3.4500,834100,2878784.0000,3
2025-02-28,20250228140500000,sz.002418,3.4500,3.4500,3.4100,3.4200,3606500,12353088.0000,3
2025-02-28,20250228141000000,sz.002418,3.4200,3.4300,3.4100,3.4200,1237700,4225536.0000,3
2025-02-28,20250228141500000,sz.002418,3.4200,3.4200,3.4000,3.4100,1931200,6586752.0000,3
2025-02-28,20250228142000000,sz.002418,3.4100,3.4200,3.4000,3.4100,1195600,4071040.0000,3
2025-02-28,20250228142500000,sz.002418,3.4100,3.4200,3.4000,3.4200,1383900,4717152.0000,3
2025-02-28,20250228143000000,sz.002418,3.4200,3.4200,3.4100,3.4200,984900,3366752.0000,3
2025-02-28,20250228143500000,sz.002418,3.4200,3.4200,3.3800,3.3900,3455000,11751040.0000,3
2025-02-28,20250228144000000,sz.002418,3.3900,3.4000,3.3800,3.3900,2944600,9969344.0000,3
2025-02-28,20250228144500000,sz.002418,3.3900,3.4000,3.3800,3.4000,1985400,6723872.0000,3
2025-02-28,20250228145000000,sz.002418,3.4000,3.4000,3.3700,3.3800,2027000,6856448.0000,3
2025-02-28,20250228145500000,sz.002418,3.3800,3.3800,3.3600,3.3700,3368100,11347168.0000,3
2025-02-28,20250228150000000,sz.002418,3.3700,3.3800,3.3600,3.3700,3357500,11310048.0000,3
2025-03-03,20250303093500000,sz.002418,3.4300,3.4400,3.3000,3.3100,9015700,30300724.0000,3
2025-03-03,20250303094000000,sz.002418,3.3100,3.3700,3.3100,3.3600,3390100,11353196.0000,3
2025-03-03,20250303094500000,sz.002418,3.3600,3.3600,3.3200,3.3600,2779000,9281600.0000,3
2025-03-03,20250303095000000,sz.002418,3.3600,3.3900,3.3500,3.3800,1955200,6600044.0000,3
2025-03-03,20250303095500000,sz.002418,3.3800,3.4000,3.3700,3.3900,2363300,7995960.0000,3
2025-03-03,20250303100000000,sz.002418,3.3900,3.4100,3.3800,3.4000,1468700,4991156.0000,3
2025-03-03,20250303100500000,sz.002418,3.4000,3.4100,3.3900,3.4000,1377400,4686272.0000,3
2025-03-03,20250303101000000,sz.002418,3.4000,3.4100,3.3900,3.4000,1235100,4194608.0000,3
2025-03-03,20250303101500000,sz.002418,3.4000,3.4100,3.3900,3.4000,1108100,3769000.0000,3
2025-03-03,20250303102000000,sz.002418,3.4000,3.4000,3.3900,3.3900,946100,3209432.0000,3
2025-03-03,20250303102500000,sz.002418,3.3900,3.4000,3.3800,3.4000,1192800,4042176.0000,3
2025-03-03,20250303103000000,sz.002418,3.4000,3.4100,3.3800,3.4000,1669100,5672600.0000,3
2025-03-03,20250303103500000,sz.002418,3.4000,3.4100,3.4000,3.4100,1214700,4139864.0000,3
2025-03-03,20250303104000000,sz.002418,3.4100,3.4100,3.3900,3.4000,937100,3185968.0000,3
2025-03-03,20250303104500000,sz.002418,3.4000,3.4100,3.3900,3.4000,779000,2647088.0000,3
2025-03-03,20250303105000000,sz.002418,3.4000,3.4000,3.3900,3.3900,542300,1842464.0000,3
2025-03-03,20250303105500000,sz.002418,3.3900,3.4000,3.3800,3.3900,1117500,3789176.0000,3
2025-03-03,20250303110000000,sz.002418,3.3900,3.3900,3.3700,3.3700,1267300,4286352.0000,3
2025-03-03,20250303110500000,sz.002418,3.3700,3.3900,3.3700,3.3700,1561600,5269680.0000,3
2025-03-03,20250303111000000,sz.002418,3.3700,3.3800,3.3700,3.3800,658500,2222744.0000,3
2025-03-03,20250303111500000,sz.002418,3.3800,3.3900,3.3700,3.3700,523800,1771024.0000,3
2025-03-03,20250303112000000,sz.002418,3.3800,3.3800,3.3700,3.3700,399400,1346736.0000,3
2025-03-03,20250303112500000,sz.002418,3.3700,3.3800,3.3700,3.3700,498800,1681784.0000,3
2025-03-03,20250303113000000,sz.002418,3.3700,3.3800,3.3600,3.3800,899900,3032208.0000,3
2025-03-03,20250303130500000,sz.002418,3.3800,3.3900,3.3600,3.3700,1126500,3801576.0000,3
2025-03-03,20250303131000000,sz.002418,3.3700,3.3800,3.3600,3.3600,1295900,4359520.0000,3
2025-03-03,20250303131500000,sz.002418,3.3600,3.3800,3.3600,3.3700,865900,2918432.0000,3
2025-03-03,20250303132000000,sz.002418,3.3700,3.3900,3.3700,3.3700,824200,2782704.0000,3
2025-03-03,20250303132500000,sz.002418,3.3800,3.3800,3.3700,3.3700,644700,2177552.0000,3
2025-03-03,20250303133000000,sz.002418,3.3700,3.3800,3.3600,3.3700,937000,3157472.0000,3
2025-03-03,20250303133500000,sz.002418,3.3700,3.3800,3.3600,3.3700,480800,1621328.0000,3
2025-03-03,20250303134000000,sz.002418,3.3700,3.3700,3.3600,3.3600,1004800,3380432.0000,3
2025-03-03,20250303134500000,sz.002418,3.3600,3.3700,3.3500,3.3600,512600,1722448.0000,3
2025-03-03,20250303135000000,sz.002418,3.3600,3.3700,3.3500,3.3500,833000,2798288.0000,3
2025-03-03,20250303135500000,sz.002418,3.3500,3.3600,3.3400,3.3500,1205800,4038384.0000,3
2025-03-03,20250303140000000,sz.002418,3.3500,3.3600,3.3400,3.3500,1299700,4354336.0000,3
2025-03-03,20250303140500000,sz.002418,3.3500,3.3600,3.3400,3.3500,718400,2407584.0000,3
2025-03-03,20250303141000000,sz.002418,3.3500,3.3500,3.3400,3.3400,941200,3145232.0000,3
2025-03-03,20250303141500000,sz.002418,3.3400,3.3400,3.3300,3.3300,966700,3222848.0000,3
2025-03-03,20250303142000000,sz.002418,3.3300,3.3400,3.3300,3.3400,480200,1600784.0000,3
2025-03-03,20250303142500000,sz.002418,3.3400,3.3400,3.3300,3.3300,821600,2737648.0000,3
2025-03-03,20250303143000000,sz.002418,3.3300,3.3400,3.3200,3.3300,2203100,7339120.0000,3
2025-03-03,20250303143500000,sz.002418,3.3300,3.3400,3.3200,3.3300,1290700,4297312.0000,3
2025-03-03,20250303144000000,sz.002418,3.3300,3.3300,3.3200,3.3300,999900,3322016.0000,3
2025-03-03,20250303144500000,sz.002418,3.3300,3.3300,3.3100,3.3300,1806800,5999680.0000,3
2025-03-03,20250303145000000,sz.002418,3.3300,3.3400,3.3200,3.3400,1576200,5243040.0000,3
2025-03-03,20250303145500000,sz.002418,3.3400,3.3500,3.3200,3.3500,1565400,5219824.0000,3
2025-03-03,20250303150000000,sz.002418,3.3500,3.3500,3.3400,3.3400,1376700,4600640.0000,3
2025-03-04,20250304093500000,sz.002418,3.3100,3.3300,3.2800,3.3000,3484000,11514337.0000,3
2025-03-04,20250304094000000,sz.002418,3.3000,3.3300,3.3000,3.3200,3396300,11236247.0000,3
2025-03-04,20250304094500000,sz.002418,3.3200,3.3200,3.2900,3.3000,2448100,8085900.0000,3
2025-03-04,20250304095000000,sz.002418,3.3000,3.3300,3.3000,3.3300,1556300,5170444.0000,3
2025-03-04,20250304095500000,sz.002418,3.3300,3.3300,3.3000,3.3000,1615500,5354372.0000,3
2025-03-04,20250304100000000,sz.002418,3.3000,3.3200,3.3000,3.3000,1468900,4860584.0000,3
2025-03-04,20250304100500000,sz.002418,3.3000,3.3100,3.3000,3.3100,1298700,4287680.0000,3
2025-03-04,20250304101000000,sz.002418,3.3100,3.3200,3.3000,3.3100,1023000,3382548.0000,3
2025-03-04,20250304101500000,sz.002418,3.3200,3.3200,3.3000,3.3100,548500,1815680.0000,3
2025-03-04,20250304102000000,sz.002418,3.3100,3.3200,3.3000,3.3100,1115700,3693044.0000,3
2025-03-04,20250304102500000,sz.002418,3.3100,3.3200,3.3000,3.3000,455700,1506776.0000,3
2025-03-04,20250304103000000,sz.002418,3.3000,3.3100,3.3000,3.3000,391500,1293384.0000,3
2025-03-04,20250304103500000,sz.002418,3.3000,3.3200,3.3000,3.3100,1293500,4284280.0000,3
2025-03-04,20250304104000000,sz.002418,3.3100,3.3400,3.3100,3.3300,1620800,5391812.0000,3
2025-03-04,20250304104500000,sz.002418,3.3300,3.3500,3.3300,3.3400,1411900,4716640.0000,3
2025-03-04,20250304105000000,sz.002418,3.3400,3.3600,3.3400,3.3500,2481800,8315960.0000,3
2025-03-04,20250304105500000,sz.002418,3.3500,3.3500,3.3400,3.3500,783600,2622816.0000,3
2025-03-04,20250304110000000,sz.002418,3.3500,3.3500,3.3300,3.3300,912200,3047856.0000,3
2025-03-04,20250304110500000,sz.002418,3.3300,3.3400,3.3300,3.3300,301000,1003592.0000,3
2025-03-04,20250304111000000,sz.002418,3.3400,3.3400,3.3300,3.3300,281700,939944.0000,3
2025-03-04,20250304111500000,sz.002418,3.3300,3.3400,3.3200,3.3300,1072000,3568016.0000,3
2025-03-04,20250304112000000,sz.002418,3.3300,3.3500,3.3200,3.3500,729000,2434616.0000,3
2025-03-04,20250304112500000,sz.002418,3.3400,3.3600,3.3400,3.3500,1188300,3980640.0000,3
2025-03-04,20250304113000000,sz.002418,3.3500,3.3500,3.3400,3.3500,284100,950000.0000,3
2025-03-04,20250304130500000,sz.002418,3.3500,3.3500,3.3300,3.3300,1226600,4100512.0000,3
2025-03-04,20250304131000000,sz.002418,3.3400,3.3500,3.3300,3.3500,355900,1188728.0000,3
2025-03-04,20250304131500000,sz.002418,3.3500,3.3500,3.3400,3.3400,425900,1424424.0000,3
2025-03-04,20250304132000000,sz.002418,3.3400,3.3500,3.3300,3.3300,822300,2746208.0000,3
2025-03-04,20250304132500000,sz.002418,3.3300,3.3400,3.3300,3.3400,679600,2263824.0000,3
2025-03-04,20250304133000000,sz.002418,3.3400,3.3400,3.3200,3.3300,693600,2309120.0000,3
2025-03-04,20250304133500000,sz.002418,3.3300,3.3400,3.3200,3.3300,568300,1891504.0000,3
2025-03-04,20250304134000000,sz.002418,3.3400,3.3400,3.3300,3.3400,495900,1652544.0000,3
2025-03-04,20250304134500000,sz.002418,3.3400,3.3400,3.3200,3.3200,510200,1700152.0000,3
2025-03-04,20250304135000000,sz.002418,3.3200,3.3400,3.3200,3.3200,458400,1525440.0000,3
2025-03-04,20250304135500000,sz.002418,3.3200,3.3300,3.3200,3.3300,812400,2703056.0000,3
2025-03-04,20250304140000000,sz.002418,3.3300,3.3400,3.3200,3.3300,396900,1321368.0000,3
2025-03-04,20250304140500000,sz.002418,3.3300,3.3400,3.3200,3.3300,754300,2511608.0000,3
2025-03-04,20250304141000000,sz.002418,3.3300,3.3400,3.3300,3.3400,362200,1207640.0000,3
2025-03-04,20250304141500000,sz.002418,3.3400,3.3400,3.3200,3.3200,1021100,3400984.0000,3
2025-03-04,20250304142000000,sz.002418,3.3200,3.3400,3.3200,3.3300,527100,1755136.0000,3
2025-03-04,20250304142500000,sz.002418,3.3300,3.3400,3.3200,3.3300,710300,2366640.0000,3
2025-03-04,20250304143000000,sz.002418,3.3300,3.3800,3.3300,3.3700,6099200,20466464.0000,3
2025-03-04,20250304143500000,sz.002418,3.3700,3.4200,3.3600,3.4100,11750400,39776688.0000,3
2025-03-04,20250304144000000,sz.002418,3.4100,3.4100,3.3800,3.3800,5171100,17554272.0000,3
2025-03-04,20250304144500000,sz.002418,3.3800,3.3900,3.3700,3.3800,1743400,5893344.0000,3
2025-03-04,20250304145000000,sz.002418,3.3800,3.3900,3.3700,3.3800,2705700,9146432.0000,3
2025-03-04,20250304145500000,sz.002418,3.3800,3.4100,3.3700,3.4000,6875100,23304352.0000,3
2025-03-04,20250304150000000,sz.002418,3.4000,3.4200,3.4000,3.4100,5986300,20407584.0000,3
2025-03-05,20250305093500000,sz.002418,3.5900,3.7500,3.5900,3.7500,40680200,151631472.0000,3
2025-03-05,20250305094000000,sz.002418,3.7500,3.7500,3.7500,3.7500,5521100,20703936.0000,3
2025-03-05,20250305094500000,sz.002418,3.7500,3.7500,3.7500,3.7500,3420500,12826880.0000,3
2025-03-05,20250305095000000,sz.002418,3.7500,3.7500,3.7500,3.7500,2586200,9698240.0000,3
2025-03-05,20250305095500000,sz.002418,3.7500,3.7500,3.7500,3.7500,2087600,7828496.0000,3
2025-03-05,20250305100000000,sz.002418,3.7500,3.7500,3.7500,3.7500,2003900,7514624.0000,3
2025-03-05,20250305100500000,sz.002418,3.7500,3.7500,3.7500,3.7500,2927100,10976672.0000,3
2025-03-05,20250305101000000,sz.002418,3.7500,3.7500,3.7500,3.7500,1761300,6604864.0000,3
2025-03-05,20250305101500000,sz.002418,3.7500,3.7500,3.7500,3.7500,1002400,3758992.0000,3
2025-03-05,20250305102000000,sz.002418,3.7500,3.7500,3.7500,3.7500,1385100,5194128.0000,3
2025-03-05,20250305102500000,sz.002418,3.7500,3.7500,3.7500,3.7500,581100,2179120.0000,3
2025-03-05,20250305103000000,sz.002418,3.7500,3.7500,3.7500,3.7500,519400,1947744.0000,3
2025-03-05,20250305103500000,sz.002418,3.7500,3.7500,3.7500,3.7500,466900,1750880.0000,3
2025-03-05,20250305104000000,sz.002418,3.7500,3.7500,3.7500,3.7500,309600,1160992.0000,3
2025-03-05,20250305104500000,sz.002418,3.7500,3.7500,3.7500,3.7500,172400,646496.0000,3
2025-03-05,20250305105000000,sz.002418,3.7500,3.7500,3.7500,3.7500,278500,1044368.0000,3
2025-03-05,20250305105500000,sz.002418,3.7500,3.7500,3.7500,3.7500,158300,593632.0000,3
2025-03-05,20250305110000000,sz.002418,3.7500,3.7500,3.7500,3.7500,428300,1606128.0000,3
2025-03-05,20250305110500000,sz.002418,3.7500,3.7500,3.7500,3.7500,182400,684000.0000,3
2025-03-05,20250305111000000,sz.002418,3.7500,3.7500,3.7500,3.7500,155900,584624.0000,3
2025-03-05,20250305111500000,sz.002418,3.7500,3.7500,3.7500,3.7500,334900,1255872.0000,3
2025-03-05,20250305112000000,sz.002418,3.7500,3.7500,3.7500,3.7500,665700,2496368.0000,3
2025-03-05,20250305112500000,sz.002418,3.7500,3.7500,3.7500,3.7500,1039000,3896256.0000,3
2025-03-05,20250305113000000,sz.002418,3.7500,3.7500,3.7500,3.7500,475600,1783488.0000,3
2025-03-05,20250305130500000,sz.002418,3.7500,3.7500,3.7500,3.7500,1134800,4255504.0000,3
2025-03-05,20250305131000000,sz.002418,3.7500,3.7500,3.7500,3.7500,667400,2502752.0000,3
2025-03-05,20250305131500000,sz.002418,3.7500,3.7500,3.7500,3.7500,375000,1406256.0000,3
2025-03-05,20250305132000000,sz.002418,3.7500,3.7500,3.7500,3.7500,462900,1735872.0000,3
2025-03-05,20250305132500000,sz.002418,3.7500,3.7500,3.7500,3.7500,177900,667136.0000,3
2025-03-05,20250305133000000,sz.002418,3.7500,3.7500,3.7500,3.7500,129400,485248.0000,3
2025-03-05,20250305133500000,sz.002418,3.7500,3.7500,3.7500,3.7500,342500,1284384.0000,3
2025-03-05,20250305134000000,sz.002418,3.7500,3.7500,3.7500,3.7500,167300,627360.0000,3
2025-03-05,20250305134500000,sz.002418,3.7500,3.7500,3.7500,3.7500,110400,413984.0000,3
2025-03-05,20250305135000000,sz.002418,3.7500,3.7500,3.7500,3.7500,203500,763136.0000,3
2025-03-05,20250305135500000,sz.002418,3.7500,3.7500,3.7500,3.7500,74500,279360.0000,3
2025-03-05,20250305140000000,sz.002418,3.7500,3.7500,3.7500,3.7500,86200,323264.0000,3
2025-03-05,20250305140500000,sz.002418,3.7500,3.7500,3.7500,3.7500,52400,196480.0000,3
2025-03-05,20250305141000000,sz.002418,3.7500,3.7500,3.7500,3.7500,244200,915776.0000,3
2025-03-05,20250305141500000,sz.002418,3.7500,3.7500,3.7500,3.7500,99900,374624.0000,3
2025-03-05,20250305142000000,sz.002418,3.7500,3.7500,3.7500,3.7500,93400,350240.0000,3
2025-03-05,20250305142500000,sz.002418,3.7500,3.7500,3.7500,3.7500,66400,248992.0000,3
2025-03-05,20250305143000000,sz.002418,3.7500,3.7500,3.7500,3.7500,156500,586880.0000,3
2025-03-05,20250305143500000,sz.002418,3.7500,3.7500,3.7500,3.7500,122100,457856.0000,3
2025-03-05,20250305144000000,sz.002418,3.7500,3.7500,3.7500,3.7500,219700,823872.0000,3
2025-03-05,20250305144500000,sz.002418,3.7500,3.7500,3.7500,3.7500,142200,533280.0000,3
2025-03-05,20250305145000000,sz.002418,3.7500,3.7500,3.7500,3.7500,99700,373856.0000,3
2025-03-05,20250305145500000,sz.002418,3.7500,3.7500,3.7500,3.7500,136600,512256.0000,3
2025-03-05,20250305150000000,sz.002418,3.7500,3.7500,3.7500,3.7500,189300,709888.0000,3
2025-03-06,20250306093500000,sz.002418,3.7800,3.9000,3.7800,3.8800,77792400,299164640.0000,3
2025-03-06,20250306094000000,sz.002418,3.8800,3.8900,3.8300,3.8300,20044900,77386848.0000,3
2025-03-06,20250306094500000,sz.002418,3.8300,3.9200,3.8200,3.9000,26566100,102713344.0000,3
2025-03-06,20250306095000000,sz.002418,3.9000,3.9000,3.8600,3.8600,15184100,58798560.0000,3
2025-03-06,20250306095500000,sz.002418,3.8600,3.9000,3.8500,3.8900,9690000,37641724.0000,3
2025-03-06,20250306100000000,sz.002418,3.8900,3.9000,3.8800,3.9000,6800500,26465412.0000,3
2025-03-06,20250306100500000,sz.002418,3.9000,3.9200,3.8800,3.9200,8731400,34003268.0000,3
2025-03-06,20250306101000000,sz.002418,3.9200,4.0100,3.9100,3.9800,24502000,97243004.0000,3
2025-03-06,20250306101500000,sz.002418,3.9800,3.9800,3.9000,3.9100,8503400,33448640.0000,3
2025-03-06,20250306102000000,sz.002418,3.9100,3.9300,3.8800,3.9000,7724700,30161721.0000,3
2025-03-06,20250306102500000,sz.002418,3.9000,3.9100,3.8600,3.8600,6775200,26344326.0000,3
2025-03-06,20250306103000000,sz.002418,3.8600,3.8800,3.8600,3.8700,7176800,27736060.0000,3
2025-03-06,20250306103500000,sz.002418,3.8700,3.8700,3.8600,3.8600,3206400,12394379.0000,3
2025-03-06,20250306104000000,sz.002418,3.8600,3.9100,3.8600,3.9000,4340200,16862782.0000,3
2025-03-06,20250306104500000,sz.002418,3.9000,3.9100,3.8900,3.9000,3397000,13264000.0000,3
2025-03-06,20250306105000000,sz.002418,3.9000,3.9000,3.8800,3.9000,2393700,9314492.0000,3
2025-03-06,20250306105500000,sz.002418,3.9000,3.9000,3.8800,3.8900,1638400,6377990.0000,3
2025-03-06,20250306110000000,sz.002418,3.8900,3.9100,3.8900,3.9000,2261700,8822144.0000,3
2025-03-06,20250306110500000,sz.002418,3.9000,3.9100,3.8900,3.9000,2226200,8680826.0000,3
2025-03-06,20250306111000000,sz.002418,3.9000,3.9000,3.8900,3.9000,1543000,6015608.0000,3
2025-03-06,20250306111500000,sz.002418,3.9000,3.9100,3.8900,3.9100,1410600,5506766.0000,3
2025-03-06,20250306112000000,sz.002418,3.9100,3.9100,3.9000,3.9100,901000,3518009.0000,3
2025-03-06,20250306112500000,sz.002418,3.9100,3.9100,3.9000,3.9000,1189200,4643846.0000,3
2025-03-06,20250306113000000,sz.002418,3.9000,3.9100,3.8900,3.8900,1958400,7634040.0000,3
2025-03-06,20250306130500000,sz.002418,3.8900,3.9000,3.8800,3.8800,4040300,15724169.0000,3
2025-03-06,20250306131000000,sz.002418,3.8800,3.9000,3.8800,3.9000,1310600,5103104.0000,3
2025-03-06,20250306131500000,sz.002418,3.9000,3.9000,3.8900,3.8900,2114700,8236092.0000,3
2025-03-06,20250306132000000,sz.002418,3.8900,3.9000,3.8800,3.8800,2285900,8885181.0000,3
2025-03-06,20250306132500000,sz.002418,3.8800,3.8900,3.8300,3.8600,8563500,33044217.0000,3
2025-03-06,20250306133000000,sz.002418,3.8600,3.8800,3.8500,3.8500,3180500,12280330.0000,3
2025-03-06,20250306133500000,sz.002418,3.8500,3.8700,3.8500,3.8500,1998500,7715198.0000,3
2025-03-06,20250306134000000,sz.002418,3.8500,3.8700,3.8500,3.8700,2179100,8409850.0000,3
2025-03-06,20250306134500000,sz.002418,3.8700,3.8700,3.8500,3.8600,2242800,8664841.0000,3
2025-03-06,20250306135000000,sz.002418,3.8600,3.8700,3.8400,3.8500,5761200,22180990.0000,3
2025-03-06,20250306135500000,sz.002418,3.8500,3.8700,3.8500,3.8600,2574300,9931131.0000,3
2025-03-06,20250306140000000,sz.002418,3.8600,3.8800,3.8600,3.8700,2227900,8630276.0000,3
2025-03-06,20250306140500000,sz.002418,3.8700,3.8800,3.8700,3.8700,974600,3776901.0000,3
2025-03-06,20250306141000000,sz.002418,3.8700,3.8800,3.8600,3.8700,1713500,6632059.0000,3
2025-03-06,20250306141500000,sz.002418,3.8700,3.8700,3.8600,3.8600,1121600,4332549.0000,3
2025-03-06,20250306142000000,sz.002418,3.8600,3.8700,3.8600,3.8600,1242200,4797556.0000,3
2025-03-06,20250306142500000,sz.002418,3.8600,3.8700,3.8600,3.8600,1193400,4610437.0000,3
2025-03-06,20250306143000000,sz.002418,3.8600,3.9500,3.8600,3.9500,11740400,45677442.0000,3
2025-03-06,20250306143500000,sz.002418,3.9500,4.1300,3.9500,4.1200,46183100,189340672.0000,3
2025-03-06,20250306144000000,sz.002418,4.1200,4.1300,3.9800,3.9800,12633800,51603584.0000,3
2025-03-06,20250306144500000,sz.002418,3.9800,4.1000,3.9800,4.0400,6330700,25640192.0000,3
2025-03-06,20250306145000000,sz.002418,4.0400,4.0400,4.0200,4.0400,4885800,19680512.0000,3
2025-03-06,20250306145500000,sz.002418,4.0400,4.0400,4.0100,4.0100,5838800,23490048.0000,3
2025-03-06,20250306150000000,sz.002418,4.0100,4.0100,4.0000,4.0000,6485000,25960064.0000,3
2025-03-07,20250307093500000,sz.002418,3.7900,3.8200,3.7300,3.8200,39748300,149630704.0000,3
2025-03-07,20250307094000000,sz.002418,3.8200,3.8600,3.8000,3.8200,12310500,47116560.0000,3
2025-03-07,20250307094500000,sz.002418,3.8200,3.8300,3.7900,3.7900,9436300,35930672.0000,3
2025-03-07,20250307095000000,sz.002418,3.7900,3.8100,3.7800,3.7900,8436900,32053392.0000,3
2025-03-07,20250307095500000,sz.002418,3.7900,3.8400,3.7900,3.8000,7859400,29939184.0000,3
2025-03-07,20250307100000000,sz.002418,3.8000,3.8200,3.7800,3.8000,7415000,28132320.0000,3
2025-03-07,20250307100500000,sz.002418,3.8000,3.8100,3.7900,3.7900,3271100,12431424.0000,3
2025-03-07,20250307101000000,sz.002418,3.7900,3.8100,3.7900,3.8100,2830000,10757920.0000,3
2025-03-07,20250307101500000,sz.002418,3.8100,3.8600,3.8100,3.8600,4404500,16891968.0000,3
2025-03-07,20250307102000000,sz.002418,3.8600,3.8600,3.8200,3.8400,4991500,19179872.0000,3
2025-03-07,20250307102500000,sz.002418,3.8400,3.8900,3.8400,3.8600,4911600,18991424.0000,3
2025-03-07,20250307103000000,sz.002418,3.8600,3.8900,3.8600,3.8600,4474700,17350528.0000,3
2025-03-07,20250307103500000,sz.002418,3.8600,3.8800,3.8600,3.8600,2093700,8094592.0000,3
2025-03-07,20250307104000000,sz.002418,3.8600,3.8700,3.8400,3.8400,2668300,10269888.0000,3
2025-03-07,20250307104500000,sz.002418,3.8400,3.8600,3.8400,3.8600,1828900,7035968.0000,3
2025-03-07,20250307105000000,sz.002418,3.8600,3.8600,3.8500,3.8600,1778700,6853664.0000,3
2025-03-07,20250307105500000,sz.002418,3.8600,3.8600,3.8200,3.8200,2867100,11005728.0000,3
2025-03-07,20250307110000000,sz.002418,3.8200,3.8500,3.8200,3.8400,2324100,8914784.0000,3
2025-03-07,20250307110500000,sz.002418,3.8400,3.8600,3.8300,3.8400,2392800,9200640.0000,3
2025-03-07,20250307111000000,sz.002418,3.8400,3.8600,3.8300,3.8400,1507900,5796000.0000,3
2025-03-07,20250307111500000,sz.002418,3.8400,3.8400,3.8000,3.8100,3131700,11959552.0000,3
2025-03-07,20250307112000000,sz.002418,3.8100,3.8300,3.8000,3.8200,2246800,8580640.0000,3
2025-03-07,20250307112500000,sz.002418,3.8200,3.8400,3.8100,3.8300,1649200,6305312.0000,3
2025-03-07,20250307113000000,sz.002418,3.8300,3.8400,3.8200,3.8200,1026200,3928384.0000,3
2025-03-07,20250307130500000,sz.002418,3.8200,3.8300,3.8100,3.8100,1734300,6622272.0000,3
2025-03-07,20250307131000000,sz.002418,3.8100,3.8200,3.8000,3.8200,1742300,6636128.0000,3
2025-03-07,20250307131500000,sz.002418,3.8200,3.8200,3.8000,3.8100,1911200,7287360.0000,3
2025-03-07,20250307132000000,sz.002418,3.8100,3.8200,3.8000,3.8100,1490900,5680608.0000,3
2025-03-07,20250307132500000,sz.002418,3.8100,3.8400,3.8100,3.8300,2839300,10857791.0000,3
2025-03-07,20250307133000000,sz.002418,3.8300,3.8300,3.8100,3.8200,1644200,6276289.0000,3
2025-03-07,20250307133500000,sz.002418,3.8200,3.8300,3.8100,3.8300,1170200,4470264.0000,3
2025-03-07,20250307134000000,sz.002418,3.8300,3.8300,3.8100,3.8100,1337700,5110408.0000,3
2025-03-07,20250307134500000,sz.002418,3.8100,3.8100,3.7800,3.7800,5863800,22252480.0000,3
2025-03-07,20250307135000000,sz.002418,3.7800,3.7900,3.7600,3.7800,5088700,19204988.0000,3
2025-03-07,20250307135500000,sz.002418,3.7800,3.8000,3.7600,3.7900,2795500,10566728.0000,3
2025-03-07,20250307140000000,sz.002418,3.7900,3.8000,3.7800,3.7900,1584900,6005505.0000,3
2025-03-07,20250307140500000,sz.002418,3.7900,3.8000,3.7700,3.7700,1874900,7092535.0000,3
2025-03-07,20250307141000000,sz.002418,3.7700,3.7800,3.7600,3.7600,2446600,9209980.0000,3
2025-03-07,20250307141500000,sz.002418,3.7600,3.7900,3.7600,3.7700,2557400,9641609.0000,3
2025-03-07,20250307142000000,sz.002418,3.7700,3.7800,3.7600,3.7700,1856800,7004734.0000,3
2025-03-07,20250307142500000,sz.002418,3.7700,3.7800,3.7700,3.7700,1171300,4419072.0000,3
2025-03-07,20250307143000000,sz.002418,3.7700,3.7800,3.7500,3.7500,2538100,9554233.0000,3
2025-03-07,20250307143500000,sz.002418,3.7500,3.7700,3.7500,3.7500,4092100,15380168.0000,3
2025-03-07,20250307144000000,sz.002418,3.7500,3.7700,3.7500,3.7600,4532700,17038145.0000,3
2025-03-07,20250307144500000,sz.002418,3.7600,3.7700,3.7500,3.7500,4735000,17783415.0000,3
2025-03-07,20250307145000000,sz.002418,3.7500,3.7700,3.7500,3.7600,3096200,11649728.0000,3
2025-03-07,20250307145500000,sz.002418,3.7600,3.7900,3.7600,3.7700,4880400,18417796.0000,3
2025-03-07,20250307150000000,sz.002418,3.7700,3.7800,3.7600,3.7600,5412900,20377286.0000,3
2025-03-10,20250310093500000,sz.002418,3.8400,3.8400,3.6700,3.6700,14567700,54589608.0000,3
2025-03-10,20250310094000000,sz.002418,3.6700,3.7300,3.6600,3.7300,7500800,27574516.0000,3
2025-03-10,20250310094500000,sz.002418,3.7300,3.7300,3.6800,3.7000,2762700,10212160.0000,3
2025-03-10,20250310095000000,sz.002418,3.7000,3.7200,3.6800,3.6800,2969900,10983928.0000,3
2025-03-10,20250310095500000,sz.002418,3.6800,3.7300,3.6800,3.7300,4125500,15291152.0000,3
2025-03-10,20250310100000000,sz.002418,3.7300,3.7800,3.7100,3.7700,3537700,13274976.0000,3
2025-03-10,20250310100500000,sz.002418,3.7700,3.7700,3.7200,3.7500,3710200,13910040.0000,3
2025-03-10,20250310101000000,sz.002418,3.7500,3.7500,3.7400,3.7400,1616900,6059776.0000,3
2025-03-10,20250310101500000,sz.002418,3.7400,3.7700,3.7300,3.7600,2968700,11155216.0000,3
2025-03-10,20250310102000000,sz.002418,3.7600,3.8000,3.7500,3.7700,4236900,16007936.0000,3
2025-03-10,20250310102500000,sz.002418,3.7700,3.7800,3.7600,3.7600,1791000,6754224.0000,3
2025-03-10,20250310103000000,sz.002418,3.7600,3.7800,3.7600,3.7800,860000,3242880.0000,3
2025-03-10,20250310103500000,sz.002418,3.7800,3.7800,3.7600,3.7700,1004200,3782928.0000,3
2025-03-10,20250310104000000,sz.002418,3.7700,3.7800,3.7600,3.7800,1028800,3875696.0000,3
2025-03-10,20250310104500000,sz.002418,3.7800,3.7900,3.7700,3.7700,1729700,6539248.0000,3
2025-03-10,20250310105000000,sz.002418,3.7700,3.7800,3.7600,3.7600,953200,3597664.0000,3
2025-03-10,20250310105500000,sz.002418,3.7600,3.7800,3.7600,3.7600,1042800,3930144.0000,3
2025-03-10,20250310110000000,sz.002418,3.7600,3.7700,3.7500,3.7600,1770800,6652848.0000,3
2025-03-10,20250310110500000,sz.002418,3.7600,3.7900,3.7500,3.7900,1822600,6866016.0000,3
2025-03-10,20250310111000000,sz.002418,3.7900,3.8100,3.7700,3.7700,3565800,13532128.0000,3
2025-03-10,20250310111500000,sz.002418,3.7700,3.7800,3.7600,3.7600,1393700,5255696.0000,3
2025-03-10,20250310112000000,sz.002418,3.7600,3.7700,3.7500,3.7600,942800,3546960.0000,3
2025-03-10,20250310112500000,sz.002418,3.7600,3.7600,3.7500,3.7500,620100,2328672.0000,3
2025-03-10,20250310113000000,sz.002418,3.7500,3.7600,3.7500,3.7600,454200,1706160.0000,3
2025-03-10,20250310130500000,sz.002418,3.7600,3.7600,3.7300,3.7300,2130500,7973440.0000,3
2025-03-10,20250310131000000,sz.002418,3.7300,3.7400,3.7300,3.7300,1111900,4148960.0000,3
2025-03-10,20250310131500000,sz.002418,3.7300,3.7500,3.7300,3.7300,1405600,5251168.0000,3
2025-03-10,20250310132000000,sz.002418,3.7300,3.7400,3.7200,3.7400,803100,2997744.0000,3
2025-03-10,20250310132500000,sz.002418,3.7400,3.7500,3.7300,3.7500,981500,3672672.0000,3
2025-03-10,20250310133000000,sz.002418,3.7500,3.7500,3.7400,3.7400,453400,1698112.0000,3
2025-03-10,20250310133500000,sz.002418,3.7500,3.7700,3.7300,3.7700,1413200,5302144.0000,3
2025-03-10,20250310134000000,sz.002418,3.7700,3.7700,3.7500,3.7600,707700,2659648.0000,3
2025-03-10,20250310134500000,sz.002418,3.7600,3.7700,3.7500,3.7700,1518800,5708576.0000,3
2025-03-10,20250310135000000,sz.002418,3.7700,3.7700,3.7600,3.7600,799800,3010336.0000,3
2025-03-10,20250310135500000,sz.002418,3.7600,3.7700,3.7500,3.7600,827200,3110112.0000,3
2025-03-10,20250310140000000,sz.002418,3.7600,3.7800,3.7500,3.7700,2002100,7552736.0000,3
2025-03-10,20250310140500000,sz.002418,3.7800,3.7900,3.7700,3.7800,1342900,5074432.0000,3
2025-03-10,20250310141000000,sz.002418,3.7800,3.8100,3.7800,3.7900,3751100,14249728.0000,3
2025-03-10,20250310141500000,sz.002418,3.8000,3.8100,3.7900,3.8100,2543700,9670752.0000,3
2025-03-10,20250310142000000,sz.002418,3.8100,3.8200,3.8000,3.8100,1593600,6076768.0000,3
2025-03-10,20250310142500000,sz.002418,3.8100,3.8200,3.8000,3.8000,2471600,9418208.0000,3
2025-03-10,20250310143000000,sz.002418,3.8000,3.8500,3.8000,3.8200,8070000,30918304.0000,3
2025-03-10,20250310143500000,sz.002418,3.8200,3.8600,3.8200,3.8500,6887000,26465728.0000,3
2025-03-10,20250310144000000,sz.002418,3.8500,3.8500,3.8300,3.8300,4187500,16070784.0000,3
2025-03-10,20250310144500000,sz.002418,3.8300,3.8400,3.8100,3.8300,3099400,11851680.0000,3
2025-03-10,20250310145000000,sz.002418,3.8300,3.8300,3.8100,3.8300,4796200,18349408.0000,3
2025-03-10,20250310145500000,sz.002418,3.8300,3.8500,3.8300,3.8400,7281500,27939072.0000,3
2025-03-10,20250310150000000,sz.002418,3.8400,3.8500,3.8300,3.8400,5390100,20693344.0000,3
2025-03-11,20250311093500000,sz.002418,3.7500,3.8500,3.7100,3.8300,13270800,50298336.0000,3
2025-03-11,20250311094000000,sz.002418,3.8300,3.8500,3.8100,3.8100,4621300,17696748.0000,3
2025-03-11,20250311094500000,sz.002418,3.8100,3.8200,3.7900,3.8100,3980900,15143428.0000,3
2025-03-11,20250311095000000,sz.002418,3.8100,3.8300,3.8000,3.8200,2078100,7946296.0000,3
2025-03-11,20250311095500000,sz.002418,3.8200,3.8500,3.8200,3.8500,2191400,8395584.0000,3
2025-03-11,20250311100000000,sz.002418,3.8500,3.8500,3.8200,3.8200,2815500,10819504.0000,3
2025-03-11,20250311100500000,sz.002418,3.8200,3.8400,3.8100,3.8100,2084800,7970840.0000,3
2025-03-11,20250311101000000,sz.002418,3.8100,3.8100,3.8000,3.8100,1990700,7571416.0000,3
2025-03-11,20250311101500000,sz.002418,3.8100,3.8500,3.8000,3.8400,2511600,9619672.0000,3
2025-03-11,20250311102000000,sz.002418,3.8400,3.8400,3.8300,3.8300,1150900,4411448.0000,3
2025-03-11,20250311102500000,sz.002418,3.8300,3.8500,3.8300,3.8500,1815700,6973472.0000,3
2025-03-11,20250311103000000,sz.002418,3.8500,3.8600,3.8300,3.8500,4209400,16195584.0000,3
2025-03-11,20250311103500000,sz.002418,3.8500,3.8500,3.8100,3.8200,3060900,11730832.0000,3
2025-03-11,20250311104000000,sz.002418,3.8200,3.8300,3.8200,3.8200,734500,2809248.0000,3
2025-03-11,20250311104500000,sz.002418,3.8200,3.8300,3.8100,3.8100,1542200,5886768.0000,3
2025-03-11,20250311105000000,sz.002418,3.8100,3.8100,3.7900,3.7900,2373300,9021952.0000,3
2025-03-11,20250311105500000,sz.002418,3.7900,3.8300,3.7900,3.8200,1544600,5888752.0000,3
2025-03-11,20250311110000000,sz.002418,3.8200,3.8500,3.8200,3.8300,1513200,5800832.0000,3
2025-03-11,20250311110500000,sz.002418,3.8300,3.8400,3.8200,3.8200,551800,2110352.0000,3
2025-03-11,20250311111000000,sz.002418,3.8200,3.8200,3.8000,3.8100,843700,3212624.0000,3
2025-03-11,20250311111500000,sz.002418,3.8100,3.8200,3.8000,3.8100,861400,3278656.0000,3
2025-03-11,20250311112000000,sz.002418,3.8100,3.8300,3.8100,3.8300,784300,2992256.0000,3
2025-03-11,20250311112500000,sz.002418,3.8300,3.8500,3.8200,3.8500,1621200,6216592.0000,3
2025-03-11,20250311113000000,sz.002418,3.8500,3.8500,3.8300,3.8400,888700,3412576.0000,3
2025-03-11,20250311130500000,sz.002418,3.8400,3.8400,3.8200,3.8300,1392100,5333520.0000,3
2025-03-11,20250311131000000,sz.002418,3.8300,3.8400,3.8300,3.8300,804700,3083536.0000,3
2025-03-11,20250311131500000,sz.002418,3.8300,3.8400,3.8200,3.8400,703000,2690352.0000,3
2025-03-11,20250311132000000,sz.002418,3.8400,3.8500,3.8300,3.8500,1908100,7334768.0000,3
2025-03-11,20250311132500000,sz.002418,3.8500,3.8500,3.8300,3.8300,2753000,10584672.0000,3
2025-03-11,20250311133000000,sz.002418,3.8400,3.8400,3.8300,3.8400,839000,3218720.0000,3
2025-03-11,20250311133500000,sz.002418,3.8400,3.8400,3.8200,3.8300,1578500,6047040.0000,3
2025-03-11,20250311134000000,sz.002418,3.8300,3.8400,3.8300,3.8300,807300,3093888.0000,3
2025-03-11,20250311134500000,sz.002418,3.8400,3.8400,3.8100,3.8200,2314800,8844896.0000,3
2025-03-11,20250311135000000,sz.002418,3.8200,3.8300,3.8100,3.8300,815000,3115712.0000,3
2025-03-11,20250311135500000,sz.002418,3.8300,3.8600,3.8300,3.8600,6147700,23655008.0000,3
2025-03-11,20250311140000000,sz.002418,3.8600,3.8600,3.8400,3.8500,2109200,8120256.0000,3
2025-03-11,20250311140500000,sz.002418,3.8500,3.8500,3.8400,3.8500,777300,2989376.0000,3
2025-03-11,20250311141000000,sz.002418,3.8500,3.8500,3.8300,3.8500,1581800,6076384.0000,3
2025-03-11,20250311141500000,sz.002418,3.8500,3.8500,3.8300,3.8300,1103600,4232704.0000,3
2025-03-11,20250311142000000,sz.002418,3.8300,3.8500,3.8300,3.8300,2414500,9272512.0000,3
2025-03-11,20250311142500000,sz.002418,3.8300,3.8400,3.8300,3.8400,1615200,6198592.0000,3
2025-03-11,20250311143000000,sz.002418,3.8400,3.8500,3.8400,3.8500,1660700,6385984.0000,3
2025-03-11,20250311143500000,sz.002418,3.8500,3.8700,3.8400,3.8600,4065900,15670112.0000,3
2025-03-11,20250311144000000,sz.002418,3.8600,3.8700,3.8500,3.8700,4117100,15895232.0000,3
2025-03-11,20250311144500000,sz.002418,3.8700,3.8700,3.8500,3.8500,4768800,18407232.0000,3
2025-03-11,20250311145000000,sz.002418,3.8500,3.8600,3.8500,3.8600,3568800,13767040.0000,3
2025-03-11,20250311145500000,sz.002418,3.8600,3.8700,3.8500,3.8600,6239400,24082304.0000,3
2025-03-11,20250311150000000,sz.002418,3.8600,3.8700,3.8600,3.8700,5233500,20234432.0000,3
2025-03-12,20250312093500000,sz.002418,3.9300,3.9300,3.8400,3.8700,10791600,41768544.0000,3
2025-03-12,20250312094000000,sz.002418,3.8700,3.8900,3.8500,3.8900,4907500,18983244.0000,3
2025-03-12,20250312094500000,sz.002418,3.8900,3.8900,3.8500,3.8800,3359300,13002000.0000,3
2025-03-12,20250312095000000,sz.002418,3.8800,3.9000,3.8700,3.8900,5458300,21209960.0000,3
2025-03-12,20250312095500000,sz.002418,3.8900,3.9500,3.8800,3.9500,6384600,24959128.0000,3
2025-03-12,20250312100000000,sz.002418,3.9500,4.0200,3.9200,3.9900,18677200,74277328.0000,3
2025-03-12,20250312100500000,sz.002418,3.9900,3.9900,3.9300,3.9400,6473000,25640224.0000,3
2025-03-12,20250312101000000,sz.002418,3.9400,3.9600,3.9400,3.9500,3139800,12407072.0000,3
2025-03-12,20250312101500000,sz.002418,3.9500,3.9800,3.9400,3.9700,3518200,13924784.0000,3
2025-03-12,20250312102000000,sz.002418,3.9700,3.9700,3.9300,3.9400,2599100,10268448.0000,3
2025-03-12,20250312102500000,sz.002418,3.9400,3.9500,3.9400,3.9500,1499300,5914704.0000,3
2025-03-12,20250312103000000,sz.002418,3.9500,4.0000,3.9400,4.0000,5082500,20196368.0000,3
2025-03-12,20250312103500000,sz.002418,4.0000,4.0000,3.9600,3.9600,3185800,12663648.0000,3
2025-03-12,20250312104000000,sz.002418,3.9600,3.9900,3.9600,3.9800,2564800,10207648.0000,3
2025-03-12,20250312104500000,sz.002418,3.9800,3.9900,3.9600,3.9700,2338700,9295680.0000,3
2025-03-12,20250312105000000,sz.002418,3.9700,4.0000,3.9700,4.0000,3493300,13925472.0000,3
2025-03-12,20250312105500000,sz.002418,4.0000,4.0000,3.9800,3.9900,2515200,10040160.0000,3
2025-03-12,20250312110000000,sz.002418,3.9900,4.0500,3.9900,4.0100,13940300,56140064.0000,3
2025-03-12,20250312110500000,sz.002418,4.0100,4.0300,4.0000,4.0000,3103100,12465344.0000,3
2025-03-12,20250312111000000,sz.002418,4.0000,4.0100,3.9900,3.9900,2842600,11362496.0000,3
2025-03-12,20250312111500000,sz.002418,3.9900,3.9900,3.9700,3.9800,3524400,14026720.0000,3
2025-03-12,20250312112000000,sz.002418,3.9800,3.9900,3.9700,3.9800,1169200,4655488.0000,3
2025-03-12,20250312112500000,sz.002418,3.9800,3.9900,3.9800,3.9800,1640700,6535296.0000,3
2025-03-12,20250312113000000,sz.002418,3.9800,3.9900,3.9800,3.9900,1043000,4154336.0000,3
2025-03-12,20250312130500000,sz.002418,3.9900,3.9900,3.9700,3.9700,2319200,9229760.0000,3
2025-03-12,20250312131000000,sz.002418,3.9700,3.9800,3.9600,3.9700,1907600,7570112.0000,3
2025-03-12,20250312131500000,sz.002418,3.9700,3.9700,3.9500,3.9700,2708600,10719392.0000,3
2025-03-12,20250312132000000,sz.002418,3.9700,3.9700,3.9500,3.9500,1070100,4233888.0000,3
2025-03-12,20250312132500000,sz.002418,3.9600,3.9700,3.9500,3.9700,1453700,5759936.0000,3
2025-03-12,20250312133000000,sz.002418,3.9700,3.9700,3.9300,3.9300,4137100,16307904.0000,3
2025-03-12,20250312133500000,sz.002418,3.9300,3.9300,3.9000,3.9200,8624100,33729312.0000,3
2025-03-12,20250312134000000,sz.002418,3.9200,3.9300,3.9100,3.9100,2450200,9597184.0000,3
2025-03-12,20250312134500000,sz.002418,3.9100,3.9100,3.8800,3.8900,5240100,20415488.0000,3
2025-03-12,20250312135000000,sz.002418,3.8900,3.9000,3.8800,3.8800,3372600,13122302.0000,3
2025-03-12,20250312135500000,sz.002418,3.8800,3.8900,3.8800,3.8900,1730800,6722496.0000,3
2025-03-12,20250312140000000,sz.002418,3.8900,3.8900,3.8700,3.8800,3905400,15147904.0000,3
2025-03-12,20250312140500000,sz.002418,3.8800,3.8800,3.8600,3.8800,2874300,11127360.0000,3
2025-03-12,20250312141000000,sz.002418,3.8800,3.8900,3.8700,3.8800,2084900,8089984.0000,3
2025-03-12,20250312141500000,sz.002418,3.8800,3.8900,3.8800,3.8800,1635500,6350912.0000,3
2025-03-12,20250312142000000,sz.002418,3.8800,3.8900,3.8700,3.8700,2197800,8516352.0000,3
2025-03-12,20250312142500000,sz.002418,3.8700,3.8800,3.8500,3.8500,4090800,15794816.0000,3
2025-03-12,20250312143000000,sz.002418,3.8500,3.8600,3.8400,3.8500,4114400,15850048.0000,3
2025-03-12,20250312143500000,sz.002418,3.8500,3.8800,3.8500,3.8700,2378800,9203712.0000,3
2025-03-12,20250312144000000,sz.002418,3.8700,3.8800,3.8700,3.8700,1866900,7228480.0000,3
2025-03-12,20250312144500000,sz.002418,3.8700,3.8800,3.8600,3.8700,2117200,8190080.0000,3
2025-03-12,20250312145000000,sz.002418,3.8700,3.8700,3.8600,3.8600,3389800,13097152.0000,3
2025-03-12,20250312145500000,sz.002418,3.8600,3.8700,3.8400,3.8500,7132400,27487808.0000,3
2025-03-12,20250312150000000,sz.002418,3.8500,3.8600,3.8400,3.8400,4778700,18387328.0000,3
2025-03-13,20250313093500000,sz.002418,3.8200,3.9100,3.8200,3.8700,18477900,71445296.0000,3
2025-03-13,20250313094000000,sz.002418,3.8700,3.9000,3.8600,3.8900,5633200,21856376.0000,3
2025-03-13,20250313094500000,sz.002418,3.8900,3.8900,3.8300,3.8500,5441000,20956720.0000,3
2025-03-13,20250313095000000,sz.002418,3.8500,3.8800,3.8400,3.8800,3185700,12297656.0000,3
2025-03-13,20250313095500000,sz.002418,3.8800,3.8800,3.8500,3.8600,3127900,12092088.0000,3
2025-03-13,20250313100000000,sz.002418,3.8600,3.9000,3.8400,3.8400,8461800,32827600.0000,3
2025-03-13,20250313100500000,sz.002418,3.8400,3.9000,3.8400,3.8700,6481700,25126416.0000,3
2025-03-13,20250313101000000,sz.002418,3.8700,3.8800,3.8500,3.8500,2591700,10010416.0000,3
2025-03-13,20250313101500000,sz.002418,3.8500,3.8600,3.8300,3.8400,3901700,14991280.0000,3
2025-03-13,20250313102000000,sz.002418,3.8400,3.8400,3.8000,3.8100,4137400,15804144.0000,3
2025-03-13,20250313102500000,sz.002418,3.8100,3.8200,3.7800,3.7800,3999600,15205328.0000,3
2025-03-13,20250313103000000,sz.002418,3.7800,3.8000,3.7600,3.7600,6112400,23077408.0000,3
2025-03-13,20250313103500000,sz.002418,3.7600,3.7700,3.7400,3.7500,5293100,19852352.0000,3
2025-03-13,20250313104000000,sz.002418,3.7500,3.7500,3.7200,3.7400,6963600,25975040.0000,3
2025-03-13,20250313104500000,sz.002418,3.7400,3.7700,3.7400,3.7500,1507500,5664864.0000,3
2025-03-13,20250313105000000,sz.002418,3.7500,3.7600,3.7300,3.7300,1917400,7181632.0000,3
2025-03-13,20250313105500000,sz.002418,3.7300,3.7600,3.7300,3.7400,1404700,5258688.0000,3
2025-03-13,20250313110000000,sz.002418,3.7400,3.7600,3.7400,3.7600,1216400,4559584.0000,3
2025-03-13,20250313110500000,sz.002418,3.7600,3.7700,3.7500,3.7600,1204600,4527360.0000,3
2025-03-13,20250313111000000,sz.002418,3.7600,3.7600,3.7400,3.7400,2660000,9969984.0000,3
2025-03-13,20250313111500000,sz.002418,3.7400,3.7500,3.7300,3.7400,937300,3501632.0000,3
2025-03-13,20250313112000000,sz.002418,3.7400,3.7400,3.7300,3.7400,784400,2927808.0000,3
2025-03-13,20250313112500000,sz.002418,3.7400,3.7400,3.7200,3.7300,2092200,7787296.0000,3
2025-03-13,20250313113000000,sz.002418,3.7300,3.7300,3.7200,3.7200,682900,2542656.0000,3
2025-03-13,20250313130500000,sz.002418,3.7200,3.7300,3.7100,3.7200,2028400,7545056.0000,3
2025-03-13,20250313131000000,sz.002418,3.7200,3.7200,3.7000,3.7100,1872900,6952512.0000,3
2025-03-13,20250313131500000,sz.002418,3.7100,3.7200,3.7000,3.7200,1084200,4020704.0000,3
2025-03-13,20250313132000000,sz.002418,3.7200,3.7400,3.7100,3.7400,1041500,3879744.0000,3
2025-03-13,20250313132500000,sz.002418,3.7400,3.7400,3.7300,3.7400,1012000,3782016.0000,3
2025-03-13,20250313133000000,sz.002418,3.7400,3.7400,3.7200,3.7200,706200,2632960.0000,3
2025-03-13,20250313133500000,sz.002418,3.7300,3.7400,3.7200,3.7300,853300,3183936.0000,3
2025-03-13,20250313134000000,sz.002418,3.7300,3.7300,3.7100,3.7200,1011100,3763104.0000,3
2025-03-13,20250313134500000,sz.002418,3.7200,3.7300,3.7200,3.7300,652100,2429120.0000,3
2025-03-13,20250313135000000,sz.002418,3.7300,3.7400,3.7200,3.7400,497200,1853696.0000,3
2025-03-13,20250313135500000,sz.002418,3.7400,3.7400,3.7300,3.7400,429100,1602880.0000,3
2025-03-13,20250313140000000,sz.002418,3.7400,3.7500,3.7200,3.7500,1507200,5631232.0000,3
2025-03-13,20250313140500000,sz.002418,3.7500,3.7500,3.7300,3.7300,658300,2458464.0000,3
2025-03-13,20250313141000000,sz.002418,3.7300,3.7400,3.7300,3.7300,573200,2138592.0000,3
2025-03-13,20250313141500000,sz.002418,3.7300,3.7400,3.7300,3.7400,771800,2881856.0000,3
2025-03-13,20250313142000000,sz.002418,3.7400,3.7600,3.7300,3.7600,1546100,5797280.0000,3
2025-03-13,20250313142500000,sz.002418,3.7600,3.7700,3.7500,3.7500,1078800,4054240.0000,3
2025-03-13,20250313143000000,sz.002418,3.7500,3.7700,3.7400,3.7700,1699200,6380800.0000,3
2025-03-13,20250313143500000,sz.002418,3.7700,3.8000,3.7600,3.8000,2459700,9311872.0000,3
2025-03-13,20250313144000000,sz.002418,3.8000,3.8100,3.7900,3.7900,2615700,9932160.0000,3
2025-03-13,20250313144500000,sz.002418,3.7900,3.7900,3.7800,3.7900,1674600,6339488.0000,3
2025-03-13,20250313145000000,sz.002418,3.7900,3.8000,3.7800,3.7900,1273300,4822688.0000,3
2025-03-13,20250313145500000,sz.002418,3.7900,3.7900,3.7700,3.7800,2583700,9768960.0000,3
2025-03-13,20250313150000000,sz.002418,3.7800,3.7800,3.7700,3.7700,2066100,7795904.0000,3
2025-03-14,20250314093500000,sz.002418,3.7800,3.7800,3.6700,3.6900,9866900,36524048.0000,3
2025-03-14,20250314094000000,sz.002418,3.6900,3.7000,3.6400,3.6500,8501300,31162192.0000,3
2025-03-14,20250314094500000,sz.002418,3.6500,3.6600,3.6200,3.6500,6563200,23881848.0000,3
2025-03-14,20250314095000000,sz.002418,3.6500,3.6500,3.6200,3.6500,4143200,15070472.0000,3
2025-03-14,20250314095500000,sz.002418,3.6500,3.6600,3.6400,3.6600,2868200,10468992.0000,3
2025-03-14,20250314100000000,sz.002418,3.6600,3.7100,3.6500,3.7000,3102200,11458624.0000,3
2025-03-14,20250314100500000,sz.002418,3.7000,3.7300,3.6900,3.7000,2317800,8596960.0000,3
2025-03-14,20250314101000000,sz.002418,3.7000,3.7100,3.6800,3.6900,1415900,5229536.0000,3
2025-03-14,20250314101500000,sz.002418,3.6900,3.7100,3.6900,3.7100,1007400,3726864.0000,3
2025-03-14,20250314102000000,sz.002418,3.7000,3.7300,3.7000,3.7200,1890300,7029024.0000,3
2025-03-14,20250314102500000,sz.002418,3.7200,3.7300,3.6900,3.7100,4044900,14978880.0000,3
2025-03-14,20250314103000000,sz.002418,3.7100,3.7200,3.7000,3.7100,1489300,5526816.0000,3
2025-03-14,20250314103500000,sz.002418,3.7100,3.7300,3.7100,3.7300,1309900,4874000.0000,3
2025-03-14,20250314104000000,sz.002418,3.7300,3.7400,3.7200,3.7400,1580200,5896304.0000,3
2025-03-14,20250314104500000,sz.002418,3.7400,3.7700,3.7300,3.7300,1811100,6796896.0000,3
2025-03-14,20250314105000000,sz.002418,3.7300,3.7800,3.7300,3.7500,3527000,13242960.0000,3
2025-03-14,20250314105500000,sz.002418,3.7500,3.7700,3.7500,3.7600,1281600,4823968.0000,3
2025-03-14,20250314110000000,sz.002418,3.7600,3.7800,3.7600,3.7700,1476500,5571472.0000,3
2025-03-14,20250314110500000,sz.002418,3.7700,3.7800,3.7500,3.7600,1304800,4916512.0000,3
2025-03-14,20250314111000000,sz.002418,3.7500,3.7600,3.7500,3.7500,1709900,6419744.0000,3
2025-03-14,20250314111500000,sz.002418,3.7500,3.7700,3.7500,3.7700,1985400,7476640.0000,3
2025-03-14,20250314112000000,sz.002418,3.7700,3.7700,3.7600,3.7700,810800,3051008.0000,3
2025-03-14,20250314112500000,sz.002418,3.7700,3.7800,3.7500,3.7500,2722600,10261600.0000,3
2025-03-14,20250314113000000,sz.002418,3.7500,3.7700,3.7500,3.7700,1165600,4382784.0000,3
2025-03-14,20250314130500000,sz.002418,3.7700,3.7800,3.7600,3.7800,1818400,6862608.0000,3
2025-03-14,20250314131000000,sz.002418,3.7800,3.7800,3.7500,3.7500,1384500,5215504.0000,3
2025-03-14,20250314131500000,sz.002418,3.7500,3.7800,3.7500,3.7700,3019200,11378672.0000,3
2025-03-14,20250314132000000,sz.002418,3.7700,3.7700,3.7600,3.7700,691900,2603936.0000,3
2025-03-14,20250314132500000,sz.002418,3.7700,3.7700,3.7600,3.7700,1484600,5591936.0000,3
2025-03-14,20250314133000000,sz.002418,3.7600,3.7800,3.7600,3.7700,1463100,5512192.0000,3
2025-03-14,20250314133500000,sz.002418,3.7700,3.7800,3.7600,3.7700,1059600,3995456.0000,3
2025-03-14,20250314134000000,sz.002418,3.7700,3.7900,3.7700,3.7900,2412800,9124768.0000,3
2025-03-14,20250314134500000,sz.002418,3.7900,3.7900,3.7700,3.7800,1023900,3871936.0000,3
2025-03-14,20250314135000000,sz.002418,3.7800,3.7800,3.7700,3.7800,1216300,4588064.0000,3
2025-03-14,20250314135500000,sz.002418,3.7800,3.7900,3.7700,3.7700,1547900,5848864.0000,3
2025-03-14,20250314140000000,sz.002418,3.7700,3.7800,3.7700,3.7700,1141900,4306688.0000,3
2025-03-14,20250314140500000,sz.002418,3.7700,3.7800,3.7700,3.7700,1400500,5282080.0000,3
2025-03-14,20250314141000000,sz.002418,3.7700,3.7900,3.7700,3.7900,2699200,10213824.0000,3
2025-03-14,20250314141500000,sz.002418,3.7900,3.7900,3.7600,3.7600,1912800,7214048.0000,3
2025-03-14,20250314142000000,sz.002418,3.7600,3.7700,3.7600,3.7700,740700,2787392.0000,3
2025-03-14,20250314142500000,sz.002418,3.7700,3.7700,3.7600,3.7700,1154000,4342816.0000,3
2025-03-14,20250314143000000,sz.002418,3.7700,3.7800,3.7600,3.7700,1598100,6026336.0000,3
2025-03-14,20250314143500000,sz.002418,3.7700,3.7800,3.7700,3.7800,702000,2648032.0000,3
2025-03-14,20250314144000000,sz.002418,3.7800,3.7800,3.7700,3.7800,1041500,3928896.0000,3
2025-03-14,20250314144500000,sz.002418,3.7800,3.7800,3.7700,3.7700,3281700,12384832.0000,3
2025-03-14,20250314145000000,sz.002418,3.7700,3.7800,3.7700,3.7800,3204100,12106496.0000,3
2025-03-14,20250314145500000,sz.002418,3.7700,3.7800,3.7700,3.7800,2096600,7916544.0000,3
2025-03-14,20250314150000000,sz.002418,3.7800,3.7800,3.7700,3.7800,3420100,12921600.0000,3
2025-03-17,20250317093500000,sz.002418,3.7500,3.8000,3.7300,3.7400,9073700,34127236.0000,3
2025-03-17,20250317094000000,sz.002418,3.7400,3.7500,3.7300,3.7300,3331100,12461968.0000,3
2025-03-17,20250317094500000,sz.002418,3.7300,3.7600,3.7300,3.7500,3633500,13595644.0000,3
2025-03-17,20250317095000000,sz.002418,3.7500,3.7700,3.7400,3.7700,2228700,8367368.0000,3
2025-03-17,20250317095500000,sz.002418,3.7700,3.7700,3.7600,3.7600,1194100,4494112.0000,3
2025-03-17,20250317100000000,sz.002418,3.7600,3.7900,3.7500,3.7700,3565000,13455464.0000,3
2025-03-17,20250317100500000,sz.002418,3.7700,3.7700,3.7600,3.7600,2001800,7527600.0000,3
2025-03-17,20250317101000000,sz.002418,3.7600,3.7800,3.7600,3.7800,1405000,5299920.0000,3
2025-03-17,20250317101500000,sz.002418,3.7800,3.7900,3.7800,3.7800,1203800,4558232.0000,3
2025-03-17,20250317102000000,sz.002418,3.7800,3.7900,3.7800,3.7900,1811500,6858672.0000,3
2025-03-17,20250317102500000,sz.002418,3.7900,3.7900,3.7800,3.7800,1558600,5896632.0000,3
2025-03-17,20250317103000000,sz.002418,3.7800,3.7800,3.7700,3.7800,1446500,5460504.0000,3
2025-03-17,20250317103500000,sz.002418,3.7800,3.7800,3.7700,3.7800,922300,3479184.0000,3
2025-03-17,20250317104000000,sz.002418,3.7800,3.7800,3.7700,3.7800,690600,2605880.0000,3
2025-03-17,20250317104500000,sz.002418,3.7800,3.7800,3.7600,3.7600,1306200,4922440.0000,3
2025-03-17,20250317105000000,sz.002418,3.7600,3.7700,3.7500,3.7600,1736600,6530528.0000,3
2025-03-17,20250317105500000,sz.002418,3.7600,3.7700,3.7500,3.7600,915700,3441440.0000,3
2025-03-17,20250317110000000,sz.002418,3.7500,3.7600,3.7500,3.7500,659000,2473024.0000,3
2025-03-17,20250317110500000,sz.002418,3.7500,3.7600,3.7500,3.7600,712600,2674432.0000,3
2025-03-17,20250317111000000,sz.002418,3.7600,3.7600,3.7500,3.7500,439400,1648544.0000,3
2025-03-17,20250317111500000,sz.002418,3.7500,3.7600,3.7400,3.7400,1698900,6367616.0000,3
2025-03-17,20250317112000000,sz.002418,3.7400,3.7500,3.7300,3.7400,2096200,7830592.0000,3
2025-03-17,20250317112500000,sz.002418,3.7400,3.7400,3.7300,3.7300,527900,1970512.0000,3
2025-03-17,20250317113000000,sz.002418,3.7300,3.7500,3.7300,3.7500,1349800,5046832.0000,3
2025-03-17,20250317130500000,sz.002418,3.7400,3.7500,3.7300,3.7400,1620400,6066448.0000,3
2025-03-17,20250317131000000,sz.002418,3.7400,3.7400,3.7300,3.7300,675100,2520400.0000,3
2025-03-17,20250317131500000,sz.002418,3.7300,3.7400,3.7200,3.7200,2173400,8102032.0000,3
2025-03-17,20250317132000000,sz.002418,3.7200,3.7300,3.7200,3.7200,1643000,6113776.0000,3
2025-03-17,20250317132500000,sz.002418,3.7200,3.7300,3.7100,3.7200,1818200,6758672.0000,3
2025-03-17,20250317133000000,sz.002418,3.7200,3.7200,3.7100,3.7200,695300,2581344.0000,3
2025-03-17,20250317133500000,sz.002418,3.7200,3.7200,3.7100,3.7100,967800,3593184.0000,3
2025-03-17,20250317134000000,sz.002418,3.7100,3.7400,3.7100,3.7400,1805800,6724464.0000,3
2025-03-17,20250317134500000,sz.002418,3.7400,3.7400,3.7200,3.7200,637900,2376832.0000,3
2025-03-17,20250317135000000,sz.002418,3.7200,3.7300,3.7200,3.7300,713300,2655040.0000,3
2025-03-17,20250317135500000,sz.002418,3.7200,3.7300,3.7200,3.7200,1585200,5898160.0000,3
2025-03-17,20250317140000000,sz.002418,3.7200,3.7300,3.7100,3.7200,689000,2560896.0000,3
2025-03-17,20250317140500000,sz.002418,3.7200,3.7200,3.7100,3.7200,569600,2115360.0000,3
2025-03-17,20250317141000000,sz.002418,3.7200,3.7300,3.7100,3.7300,1057600,3934592.0000,3
2025-03-17,20250317141500000,sz.002418,3.7300,3.7300,3.7200,3.7300,1582200,5888080.0000,3
2025-03-17,20250317142000000,sz.002418,3.7300,3.7300,3.7200,3.7300,545900,2031440.0000,3
2025-03-17,20250317142500000,sz.002418,3.7200,3.7300,3.7100,3.7200,649100,2413616.0000,3
2025-03-17,20250317143000000,sz.002418,3.7200,3.7300,3.7100,3.7200,762000,2835024.0000,3
2025-03-17,20250317143500000,sz.002418,3.7200,3.7300,3.7200,3.7300,786600,2927392.0000,3
2025-03-17,20250317144000000,sz.002418,3.7300,3.7300,3.7200,3.7200,1060700,3947728.0000,3
2025-03-17,20250317144500000,sz.002418,3.7200,3.7300,3.7100,3.7200,2311600,8593360.0000,3
2025-03-17,20250317145000000,sz.002418,3.7200,3.7200,3.7100,3.7200,2361900,8780080.0000,3
2025-03-17,20250317145500000,sz.002418,3.7200,3.7300,3.7200,3.7200,1419900,5286016.0000,3
2025-03-17,20250317150000000,sz.002418,3.7200,3.7300,3.7200,3.7200,2055400,7651328.0000,3
2025-03-18,20250318093500000,sz.002418,3.7300,3.9800,3.7300,3.8500,29436100,114655200.0000,3
2025-03-18,20250318094000000,sz.002418,3.8500,3.8700,3.8000,3.8200,7231900,27775792.0000,3
2025-03-18,20250318094500000,sz.002418,3.8200,3.8600,3.8000,3.8200,8579900,32866352.0000,3
2025-03-18,20250318095000000,sz.002418,3.8200,3.8400,3.8100,3.8400,3398700,12992112.0000,3
2025-03-18,20250318095500000,sz.002418,3.8400,3.8500,3.8200,3.8200,3576400,13737136.0000,3
2025-03-18,20250318100000000,sz.002418,3.8200,3.8500,3.8200,3.8400,3188100,12245168.0000,3
2025-03-18,20250318100500000,sz.002418,3.8400,3.9000,3.8400,3.8600,7085600,27420656.0000,3
2025-03-18,20250318101000000,sz.002418,3.8600,3.8600,3.8100,3.8200,3575900,13706320.0000,3
2025-03-18,20250318101500000,sz.002418,3.8200,3.8300,3.8100,3.8100,1732700,6619200.0000,3
2025-03-18,20250318102000000,sz.002418,3.8100,3.8200,3.8000,3.8200,2090300,7966016.0000,3
2025-03-18,20250318102500000,sz.002418,3.8200,3.8200,3.8000,3.8100,2045500,7789136.0000,3
2025-03-18,20250318103000000,sz.002418,3.8100,3.8300,3.8000,3.8100,1641600,6263072.0000,3
2025-03-18,20250318103500000,sz.002418,3.8100,3.8100,3.7800,3.8000,3012300,11427232.0000,3
2025-03-18,20250318104000000,sz.002418,3.8000,3.8000,3.7800,3.8000,977200,3705280.0000,3
2025-03-18,20250318104500000,sz.002418,3.7900,3.8000,3.7800,3.7800,1269800,4810496.0000,3
2025-03-18,20250318105000000,sz.002418,3.7800,3.8000,3.7800,3.8000,949700,3599328.0000,3
2025-03-18,20250318105500000,sz.002418,3.7900,3.8000,3.7800,3.7800,938400,3554944.0000,3
2025-03-18,20250318110000000,sz.002418,3.7800,3.7900,3.7800,3.7800,543500,2056608.0000,3
2025-03-18,20250318110500000,sz.002418,3.7900,3.7900,3.7500,3.7600,2630700,9902784.0000,3
2025-03-18,20250318111000000,sz.002418,3.7600,3.7600,3.7300,3.7500,2561500,9593920.0000,3
2025-03-18,20250318111500000,sz.002418,3.7500,3.7600,3.7500,3.7600,738900,2776672.0000,3
2025-03-18,20250318112000000,sz.002418,3.7600,3.7700,3.7500,3.7700,563600,2119744.0000,3
2025-03-18,20250318112500000,sz.002418,3.7600,3.7700,3.7600,3.7700,550700,2075648.0000,3
2025-03-18,20250318113000000,sz.002418,3.7700,3.7700,3.7600,3.7700,342500,1290016.0000,3
2025-03-18,20250318130500000,sz.002418,3.7600,3.7700,3.7400,3.7500,2013800,7564896.0000,3
2025-03-18,20250318131000000,sz.002418,3.7500,3.7600,3.7400,3.7500,751200,2818880.0000,3
2025-03-18,20250318131500000,sz.002418,3.7500,3.7600,3.7500,3.7500,552700,2077120.0000,3
2025-03-18,20250318132000000,sz.002418,3.7500,3.7600,3.7500,3.7500,537200,2019104.0000,3
2025-03-18,20250318132500000,sz.002418,3.7500,3.7600,3.7500,3.7500,608400,2286240.0000,3
2025-03-18,20250318133000000,sz.002418,3.7500,3.7600,3.7500,3.7600,1105800,4155584.0000,3
2025-03-18,20250318133500000,sz.002418,3.7600,3.7600,3.7500,3.7600,605900,2277472.0000,3
2025-03-18,20250318134000000,sz.002418,3.7600,3.7600,3.7500,3.7600,836800,3143872.0000,3
2025-03-18,20250318134500000,sz.002418,3.7600,3.7600,3.7500,3.7500,621700,2335744.0000,3
2025-03-18,20250318135000000,sz.002418,3.7600,3.7700,3.7500,3.7700,1153000,4333568.0000,3
2025-03-18,20250318135500000,sz.002418,3.7700,3.7700,3.7600,3.7700,368400,1388000.0000,3
2025-03-18,20250318140000000,sz.002418,3.7700,3.7700,3.7500,3.7500,1504900,5659264.0000,3
2025-03-18,20250318140500000,sz.002418,3.7500,3.7600,3.7400,3.7500,2387500,8953664.0000,3
2025-03-18,20250318141000000,sz.002418,3.7500,3.7500,3.7400,3.7500,508400,1905216.0000,3
2025-03-18,20250318141500000,sz.002418,3.7400,3.7500,3.7400,3.7500,728600,2729216.0000,3
2025-03-18,20250318142000000,sz.002418,3.7500,3.7600,3.7400,3.7600,828500,3108352.0000,3
2025-03-18,20250318142500000,sz.002418,3.7600,3.7600,3.7500,3.7500,849400,3188768.0000,3
2025-03-18,20250318143000000,sz.002418,3.7500,3.7600,3.7500,3.7500,1130000,4239840.0000,3
2025-03-18,20250318143500000,sz.002418,3.7500,3.7600,3.7400,3.7500,1597200,5986752.0000,3
2025-03-18,20250318144000000,sz.002418,3.7500,3.7500,3.7400,3.7400,2638600,9883200.0000,3
2025-03-18,20250318144500000,sz.002418,3.7400,3.7500,3.7400,3.7500,1873400,7014176.0000,3
2025-03-18,20250318145000000,sz.002418,3.7500,3.7500,3.7400,3.7500,2759000,10336544.0000,3
2025-03-18,20250318145500000,sz.002418,3.7500,3.7600,3.7400,3.7600,4157400,15577984.0000,3
2025-03-18,20250318150000000,sz.002418,3.7600,3.7600,3.7400,3.7400,3572300,13376096.0000,3
2025-03-19,20250319093500000,sz.002418,3.7300,3.7700,3.6700,3.6700,12658400,46988584.0000,3
2025-03-19,20250319094000000,sz.002418,3.6700,3.7000,3.6700,3.6800,3479500,12818196.0000,3
2025-03-19,20250319094500000,sz.002418,3.6800,3.7000,3.6800,3.6800,3689900,13594784.0000,3
2025-03-19,20250319095000000,sz.002418,3.6800,3.6900,3.6800,3.6800,2144800,7901872.0000,3
2025-03-19,20250319095500000,sz.002418,3.6800,3.6800,3.6300,3.6500,7661600,28017320.0000,3
2025-03-19,20250319100000000,sz.002418,3.6500,3.6500,3.6200,3.6200,5409300,19682584.0000,3
2025-03-19,20250319100500000,sz.002418,3.6200,3.6500,3.6200,3.6400,3331500,12106392.0000,3
2025-03-19,20250319101000000,sz.002418,3.6400,3.6500,3.6300,3.6500,1550900,5647472.0000,3
2025-03-19,20250319101500000,sz.002418,3.6500,3.6500,3.6300,3.6400,2455200,8927984.0000,3
2025-03-19,20250319102000000,sz.002418,3.6400,3.6400,3.6300,3.6300,873700,3174880.0000,3
2025-03-19,20250319102500000,sz.002418,3.6400,3.6500,3.6300,3.6400,1557800,5664384.0000,3
2025-03-19,20250319103000000,sz.002418,3.6400,3.6400,3.6300,3.6400,1185600,4309632.0000,3
2025-03-19,20250319103500000,sz.002418,3.6400,3.6600,3.6300,3.6500,1606500,5862000.0000,3
2025-03-19,20250319104000000,sz.002418,3.6500,3.6600,3.6400,3.6600,1242700,4532400.0000,3
2025-03-19,20250319104500000,sz.002418,3.6600,3.6600,3.6400,3.6500,693100,2529072.0000,3
2025-03-19,20250319105000000,sz.002418,3.6500,3.6600,3.6400,3.6600,1000400,3649152.0000,3
2025-03-19,20250319105500000,sz.002418,3.6600,3.6600,3.6500,3.6500,484400,1771120.0000,3
2025-03-19,20250319110000000,sz.002418,3.6500,3.6600,3.6500,3.6600,560600,2049376.0000,3
2025-03-19,20250319110500000,sz.002418,3.6600,3.6600,3.6400,3.6400,1586800,5795344.0000,3
2025-03-19,20250319111000000,sz.002418,3.6400,3.6500,3.6400,3.6500,1353300,4927488.0000,3
2025-03-19,20250319111500000,sz.002418,3.6400,3.6500,3.6400,3.6400,1208900,4401904.0000,3
2025-03-19,20250319112000000,sz.002418,3.6400,3.6500,3.6300,3.6400,1326400,4824544.0000,3
2025-03-19,20250319112500000,sz.002418,3.6400,3.6500,3.6400,3.6400,740900,2698384.0000,3
2025-03-19,20250319113000000,sz.002418,3.6400,3.6500,3.6300,3.6500,800600,2913696.0000,3
2025-03-19,20250319130500000,sz.002418,3.6500,3.6500,3.6300,3.6300,989100,3598928.0000,3
2025-03-19,20250319131000000,sz.002418,3.6300,3.6400,3.6300,3.6300,1741800,6326640.0000,3
2025-03-19,20250319131500000,sz.002418,3.6400,3.6500,3.6300,3.6500,1400100,5094944.0000,3
2025-03-19,20250319132000000,sz.002418,3.6500,3.6500,3.6400,3.6400,947200,3451024.0000,3
2025-03-19,20250319132500000,sz.002418,3.6400,3.6500,3.6300,3.6300,1201100,4367680.0000,3
2025-03-19,20250319133000000,sz.002418,3.6300,3.6400,3.6200,3.6200,2123100,7706928.0000,3
2025-03-19,20250319133500000,sz.002418,3.6200,3.6300,3.6200,3.6200,907900,3288816.0000,3
2025-03-19,20250319134000000,sz.002418,3.6200,3.6300,3.6000,3.6100,4363100,15775952.0000,3
2025-03-19,20250319134500000,sz.002418,3.6100,3.6200,3.6000,3.6200,1413400,5105136.0000,3
2025-03-19,20250319135000000,sz.002418,3.6200,3.6200,3.6100,3.6100,644300,2327776.0000,3
2025-03-19,20250319135500000,sz.002418,3.6100,3.6200,3.6100,3.6100,957700,3460608.0000,3
2025-03-19,20250319140000000,sz.002418,3.6200,3.6200,3.6100,3.6200,1012300,3656416.0000,3
2025-03-19,20250319140500000,sz.002418,3.6200,3.6200,3.6100,3.6200,774100,2799520.0000,3
2025-03-19,20250319141000000,sz.002418,3.6200,3.6300,3.6100,3.6300,710400,2573088.0000,3
2025-03-19,20250319141500000,sz.002418,3.6200,3.6300,3.6100,3.6200,903700,3272000.0000,3
2025-03-19,20250319142000000,sz.002418,3.6200,3.6200,3.6100,3.6100,739500,2671744.0000,3
2025-03-19,20250319142500000,sz.002418,3.6100,3.6200,3.6100,3.6200,604200,2184384.0000,3
2025-03-19,20250319143000000,sz.002418,3.6200,3.6200,3.6100,3.6200,844100,3050368.0000,3
2025-03-19,20250319143500000,sz.002418,3.6200,3.6200,3.6100,3.6100,894500,3231936.0000,3
2025-03-19,20250319144000000,sz.002418,3.6100,3.6200,3.6100,3.6100,1148600,4149536.0000,3
2025-03-19,20250319144500000,sz.002418,3.6100,3.6200,3.6100,3.6100,2654700,9584832.0000,3
2025-03-19,20250319145000000,sz.002418,3.6100,3.6200,3.6100,3.6200,1191400,4306080.0000,3
2025-03-19,20250319145500000,sz.002418,3.6200,3.6200,3.6100,3.6200,2043900,7386528.0000,3
2025-03-19,20250319150000000,sz.002418,3.6200,3.6200,3.6100,3.6200,2471300,8940032.0000,3
2025-03-20,20250320093500000,sz.002418,3.6100,3.6200,3.5700,3.6000,4744800,17062412.0000,3
2025-03-20,20250320094000000,sz.002418,3.6000,3.6400,3.5900,3.6300,2684500,9716052.0000,3
2025-03-20,20250320094500000,sz.002418,3.6200,3.6300,3.6100,3.6200,1325300,4796180.0000,3
2025-03-20,20250320095000000,sz.002418,3.6200,3.6200,3.6000,3.6100,1615900,5834276.0000,3
2025-03-20,20250320095500000,sz.002418,3.6200,3.6200,3.6000,3.6200,1375600,4965396.0000,3
2025-03-20,20250320100000000,sz.002418,3.6200,3.6200,3.6100,3.6100,1024700,3701968.0000,3
2025-03-20,20250320100500000,sz.002418,3.6100,3.6300,3.6100,3.6300,1486000,5374040.0000,3
2025-03-20,20250320101000000,sz.002418,3.6300,3.6400,3.6200,3.6400,2080400,7556468.0000,3
2025-03-20,20250320101500000,sz.002418,3.6400,3.6400,3.6300,3.6400,1274200,4632360.0000,3
2025-03-20,20250320102000000,sz.002418,3.6300,3.6500,3.6300,3.6400,1342500,4886936.0000,3
2025-03-20,20250320102500000,sz.002418,3.6400,3.6500,3.6300,3.6300,765800,2784296.0000,3
2025-03-20,20250320103000000,sz.002418,3.6300,3.6400,3.6200,3.6300,986800,3581040.0000,3
2025-03-20,20250320103500000,sz.002418,3.6300,3.6400,3.6300,3.6400,602100,2186968.0000,3
2025-03-20,20250320104000000,sz.002418,3.6400,3.6400,3.6300,3.6300,1021400,3708344.0000,3
2025-03-20,20250320104500000,sz.002418,3.6300,3.6400,3.6300,3.6300,719400,2612520.0000,3
2025-03-20,20250320105000000,sz.002418,3.6400,3.6400,3.6300,3.6300,562500,2043640.0000,3
2025-03-20,20250320105500000,sz.002418,3.6300,3.6400,3.6300,3.6300,896900,3259008.0000,3
2025-03-20,20250320110000000,sz.002418,3.6300,3.6400,3.6300,3.6300,367100,1333048.0000,3
2025-03-20,20250320110500000,sz.002418,3.6300,3.6600,3.6300,3.6500,4563400,16639096.0000,3
2025-03-20,20250320111000000,sz.002418,3.6400,3.6500,3.6300,3.6300,992800,3612800.0000,3
2025-03-20,20250320111500000,sz.002418,3.6400,3.6400,3.6300,3.6300,926300,3370064.0000,3
2025-03-20,20250320112000000,sz.002418,3.6400,3.6500,3.6300,3.6400,762300,2775360.0000,3
2025-03-20,20250320112500000,sz.002418,3.6400,3.6400,3.6300,3.6400,765200,2782952.0000,3
2025-03-20,20250320113000000,sz.002418,3.6400,3.6400,3.6300,3.6400,495600,1803136.0000,3
2025-03-20,20250320130500000,sz.002418,3.6400,3.6500,3.6300,3.6400,862700,3139600.0000,3
2025-03-20,20250320131000000,sz.002418,3.6300,3.6400,3.6300,3.6300,496400,1803608.0000,3
2025-03-20,20250320131500000,sz.002418,3.6300,3.6400,3.6300,3.6400,731700,2658608.0000,3
2025-03-20,20250320132000000,sz.002418,3.6300,3.6400,3.6300,3.6300,894400,3248944.0000,3
2025-03-20,20250320132500000,sz.002418,3.6400,3.6400,3.6200,3.6200,1532700,5565856.0000,3
2025-03-20,20250320133000000,sz.002418,3.6200,3.6300,3.6200,3.6300,255100,924320.0000,3
2025-03-20,20250320133500000,sz.002418,3.6200,3.6300,3.6100,3.6100,1861500,6732816.0000,3
2025-03-20,20250320134000000,sz.002418,3.6100,3.6200,3.6100,3.6100,903200,3261600.0000,3
2025-03-20,20250320134500000,sz.002418,3.6100,3.6200,3.6000,3.6100,1358400,4899632.0000,3
2025-03-20,20250320135000000,sz.002418,3.6100,3.6200,3.6100,3.6100,472100,1706224.0000,3
2025-03-20,20250320135500000,sz.002418,3.6100,3.6200,3.6000,3.6100,723300,2612400.0000,3
2025-03-20,20250320140000000,sz.002418,3.6200,3.6200,3.6100,3.6200,346700,1252336.0000,3
2025-03-20,20250320140500000,sz.002418,3.6100,3.6200,3.6000,3.6100,677500,2444336.0000,3
2025-03-20,20250320141000000,sz.002418,3.6000,3.6200,3.6000,3.6200,700600,2528640.0000,3
2025-03-20,20250320141500000,sz.002418,3.6100,3.6200,3.6100,3.6100,302700,1093840.0000,3
2025-03-20,20250320142000000,sz.002418,3.6100,3.6200,3.6100,3.6200,558500,2018560.0000,3
2025-03-20,20250320142500000,sz.002418,3.6100,3.6200,3.6100,3.6100,300900,1086848.0000,3
2025-03-20,20250320143000000,sz.002418,3.6100,3.6200,3.6100,3.6100,1151100,4156464.0000,3
2025-03-20,20250320143500000,sz.002418,3.6100,3.6200,3.6000,3.6200,1286700,4644896.0000,3
2025-03-20,20250320144000000,sz.002418,3.6200,3.6200,3.6100,3.6100,1123100,4055728.0000,3
2025-03-20,20250320144500000,sz.002418,3.6100,3.6200,3.6000,3.6000,1344800,4848752.0000,3
2025-03-20,20250320145000000,sz.002418,3.6100,3.6100,3.6000,3.6100,1668500,6010256.0000,3
2025-03-20,20250320145500000,sz.002418,3.6100,3.6100,3.5900,3.6000,3256400,11725472.0000,3
2025-03-20,20250320150000000,sz.002418,3.6000,3.6100,3.6000,3.6000,1803200,6496032.0000,3
2025-03-21,20250321093500000,sz.002418,3.5700,3.5900,3.5200,3.5200,5658300,20093168.0000,3
2025-03-21,20250321094000000,sz.002418,3.5200,3.5600,3.5100,3.5500,4320300,15230784.0000,3
2025-03-21,20250321094500000,sz.002418,3.5600,3.5700,3.5400,3.5600,2534600,9010064.0000,3
2025-03-21,20250321095000000,sz.002418,3.5600,3.5600,3.5400,3.5400,1471800,5216568.0000,3
2025-03-21,20250321095500000,sz.002418,3.5400,3.5400,3.5200,3.5200,1585300,5597224.0000,3
2025-03-21,20250321100000000,sz.002418,3.5200,3.5300,3.5100,3.5200,2347000,8260940.0000,3
2025-03-21,20250321100500000,sz.002418,3.5200,3.5400,3.5200,3.5400,1337700,4723820.0000,3
2025-03-21,20250321101000000,sz.002418,3.5400,3.5500,3.5300,3.5400,1228000,4346408.0000,3
2025-03-21,20250321101500000,sz.002418,3.5400,3.5500,3.5300,3.5300,836900,2959752.0000,3
2025-03-21,20250321102000000,sz.002418,3.5300,3.5400,3.5300,3.5400,1537300,5433032.0000,3
2025-03-21,20250321102500000,sz.002418,3.5400,3.5400,3.5200,3.5200,1250800,4407664.0000,3
2025-03-21,20250321103000000,sz.002418,3.5200,3.5300,3.5100,3.5200,1527400,5373672.0000,3
2025-03-21,20250321103500000,sz.002418,3.5200,3.5300,3.5100,3.5200,1331500,4686208.0000,3
2025-03-21,20250321104000000,sz.002418,3.5200,3.5800,3.5200,3.5700,3162000,11204792.0000,3
2025-03-21,20250321104500000,sz.002418,3.5600,3.5600,3.5300,3.5400,1341700,4755008.0000,3
2025-03-21,20250321105000000,sz.002418,3.5400,3.5600,3.5300,3.5400,729800,2589456.0000,3
2025-03-21,20250321105500000,sz.002418,3.5400,3.5500,3.5400,3.5400,337700,1197816.0000,3
2025-03-21,20250321110000000,sz.002418,3.5400,3.5400,3.5300,3.5300,631700,2234120.0000,3
2025-03-21,20250321110500000,sz.002418,3.5300,3.5400,3.5200,3.5300,799600,2823160.0000,3
2025-03-21,20250321111000000,sz.002418,3.5300,3.5500,3.5300,3.5400,410600,1453864.0000,3
2025-03-21,20250321111500000,sz.002418,3.5400,3.5500,3.5400,3.5500,418200,1481392.0000,3
2025-03-21,20250321112000000,sz.002418,3.5500,3.5500,3.5300,3.5300,284000,1004608.0000,3
2025-03-21,20250321112500000,sz.002418,3.5400,3.5400,3.5300,3.5300,368700,1301808.0000,3
2025-03-21,20250321113000000,sz.002418,3.5300,3.5400,3.5300,3.5400,658900,2327296.0000,3
2025-03-21,20250321130500000,sz.002418,3.5400,3.5400,3.5200,3.5200,782500,2758584.0000,3
2025-03-21,20250321131000000,sz.002418,3.5200,3.5300,3.5100,3.5200,1128000,3968888.0000,3
2025-03-21,20250321131500000,sz.002418,3.5100,3.5200,3.5100,3.5200,739700,2598416.0000,3
2025-03-21,20250321132000000,sz.002418,3.5100,3.5200,3.5100,3.5200,474200,1667840.0000,3
2025-03-21,20250321132500000,sz.002418,3.5100,3.5300,3.5100,3.5100,1419000,4996112.0000,3
2025-03-21,20250321133000000,sz.002418,3.5100,3.5200,3.5100,3.5100,502800,1767552.0000,3
2025-03-21,20250321133500000,sz.002418,3.5100,3.5200,3.5100,3.5100,1204000,4227072.0000,3
2025-03-21,20250321134000000,sz.002418,3.5200,3.5200,3.5000,3.5000,794100,2785680.0000,3
2025-03-21,20250321134500000,sz.002418,3.5000,3.5100,3.5000,3.5000,892600,3125856.0000,3
2025-03-21,20250321135000000,sz.002418,3.5100,3.5100,3.4900,3.4900,2451000,8576320.0000,3
2025-03-21,20250321135500000,sz.002418,3.4900,3.5100,3.4900,3.4900,2738000,9569520.0000,3
2025-03-21,20250321140000000,sz.002418,3.4900,3.5000,3.4900,3.4900,1604100,5600528.0000,3
2025-03-21,20250321140500000,sz.002418,3.5000,3.5000,3.4800,3.4800,2498500,8701008.0000,3
2025-03-21,20250321141000000,sz.002418,3.4900,3.5000,3.4800,3.4900,1520500,5304672.0000,3
2025-03-21,20250321141500000,sz.002418,3.4900,3.5000,3.4900,3.4900,575800,2010912.0000,3
2025-03-21,20250321142000000,sz.002418,3.5000,3.5000,3.4900,3.5000,423900,1480128.0000,3
2025-03-21,20250321142500000,sz.002418,3.5000,3.5100,3.4900,3.5100,1475200,5166592.0000,3
2025-03-21,20250321143000000,sz.002418,3.5100,3.5200,3.5000,3.5100,959300,3363456.0000,3
2025-03-21,20250321143500000,sz.002418,3.5100,3.5300,3.5100,3.5300,948300,3340784.0000,3
2025-03-21,20250321144000000,sz.002418,3.5300,3.5300,3.5200,3.5200,549700,1938048.0000,3
2025-03-21,20250321144500000,sz.002418,3.5200,3.5300,3.5100,3.5200,940800,3309792.0000,3
2025-03-21,20250321145000000,sz.002418,3.5200,3.5200,3.5000,3.5000,1015300,3563184.0000,3
2025-03-21,20250321145500000,sz.002418,3.5100,3.5100,3.5000,3.5000,1253900,4392080.0000,3
2025-03-21,20250321150000000,sz.002418,3.5000,3.5200,3.5000,3.5100,2533400,8893616.0000,3
2025-03-24,20250324093500000,sz.002418,3.5000,3.5000,3.4500,3.4700,3289100,11397743.0000,3
2025-03-24,20250324094000000,sz.002418,3.4700,3.4700,3.4400,3.4600,3188900,10998821.0000,3
2025-03-24,20250324094500000,sz.002418,3.4600,3.4600,3.4300,3.4300,2580700,8883352.0000,3
2025-03-24,20250324095000000,sz.002418,3.4300,3.4400,3.4100,3.4200,2587400,8852204.0000,3
2025-03-24,20250324095500000,sz.002418,3.4100,3.4200,3.4000,3.4100,2442600,8338252.0000,3
2025-03-24,20250324100000000,sz.002418,3.4100,3.4200,3.4000,3.4200,1645300,5608172.0000,3
2025-03-24,20250324100500000,sz.002418,3.4100,3.4200,3.3900,3.3900,2973300,10112048.0000,3
2025-03-24,20250324101000000,sz.002418,3.3900,3.4100,3.3900,3.4100,1805500,6135352.0000,3
2025-03-24,20250324101500000,sz.002418,3.4000,3.4200,3.4000,3.4000,1170000,3988680.0000,3
2025-03-24,20250324102000000,sz.002418,3.4000,3.4200,3.4000,3.4100,992400,3381192.0000,3
2025-03-24,20250324102500000,sz.002418,3.4100,3.4100,3.3900,3.4000,1293500,4399640.0000,3
2025-03-24,20250324103000000,sz.002418,3.4000,3.4100,3.4000,3.4000,843700,2869128.0000,3
2025-03-24,20250324103500000,sz.002418,3.4000,3.4100,3.3900,3.3900,812000,2760352.0000,3
2025-03-24,20250324104000000,sz.002418,3.4000,3.4000,3.3900,3.3900,1075700,3648856.0000,3
2025-03-24,20250324104500000,sz.002418,3.3900,3.4000,3.3900,3.3900,863800,2929352.0000,3
2025-03-24,20250324105000000,sz.002418,3.4000,3.4000,3.3800,3.3800,1686400,5704752.0000,3
2025-03-24,20250324105500000,sz.002418,3.3800,3.3900,3.3700,3.3700,1129700,3813112.0000,3
2025-03-24,20250324110000000,sz.002418,3.3800,3.3800,3.3700,3.3700,1475100,4973264.0000,3
2025-03-24,20250324110500000,sz.002418,3.3800,3.3800,3.3700,3.3700,497300,1676760.0000,3
2025-03-24,20250324111000000,sz.002418,3.3800,3.3800,3.3700,3.3800,588100,1983280.0000,3
2025-03-24,20250324111500000,sz.002418,3.3700,3.3800,3.3600,3.3700,713500,2404680.0000,3
2025-03-24,20250324112000000,sz.002418,3.3700,3.3800,3.3700,3.3700,379300,1279904.0000,3
2025-03-24,20250324112500000,sz.002418,3.3800,3.3800,3.3600,3.3700,655300,2206608.0000,3
2025-03-24,20250324113000000,sz.002418,3.3600,3.3700,3.3500,3.3600,1700800,5709464.0000,3
2025-03-24,20250324130500000,sz.002418,3.3500,3.3600,3.3300,3.3400,1555600,5207920.0000,3
2025-03-24,20250324131000000,sz.002418,3.3400,3.3500,3.3300,3.3300,1926200,6427208.0000,3
2025-03-24,20250324131500000,sz.002418,3.3300,3.3500,3.3300,3.3500,806700,2696464.0000,3
2025-03-24,20250324132000000,sz.002418,3.3400,3.3500,3.3300,3.3300,787500,2628768.0000,3
2025-03-24,20250324132500000,sz.002418,3.3400,3.3400,3.3300,3.3400,935500,3117552.0000,3
2025-03-24,20250324133000000,sz.002418,3.3300,3.3400,3.3200,3.3200,801300,2668400.0000,3
2025-03-24,20250324133500000,sz.002418,3.3200,3.3300,3.3100,3.3300,2869700,9522416.0000,3
2025-03-24,20250324134000000,sz.002418,3.3300,3.3400,3.3100,3.3200,1058600,3519904.0000,3
2025-03-24,20250324134500000,sz.002418,3.3200,3.3300,3.3000,3.3000,950800,3149712.0000,3
2025-03-24,20250324135000000,sz.002418,3.3000,3.3100,3.2800,3.2800,2602500,8579376.0000,3
2025-03-24,20250324135500000,sz.002418,3.2800,3.3000,3.2800,3.3000,1514700,4980144.0000,3
2025-03-24,20250324140000000,sz.002418,3.3000,3.3100,3.2900,3.3100,571800,1886688.0000,3
2025-03-24,20250324140500000,sz.002418,3.3100,3.3100,3.2900,3.3000,988800,3262480.0000,3
2025-03-24,20250324141000000,sz.002418,3.3000,3.3000,3.2800,3.2800,1034600,3401872.0000,3
2025-03-24,20250324141500000,sz.002418,3.2800,3.2900,3.2800,3.2900,585900,1924528.0000,3
2025-03-24,20250324142000000,sz.002418,3.2800,3.2900,3.2800,3.2900,1316600,4325664.0000,3
2025-03-24,20250324142500000,sz.002418,3.2900,3.3100,3.2800,3.3100,1000800,3298224.0000,3
2025-03-24,20250324143000000,sz.002418,3.3100,3.3200,3.3000,3.3200,914400,3027808.0000,3
2025-03-24,20250324143500000,sz.002418,3.3200,3.3400,3.3200,3.3400,3072300,10239200.0000,3
2025-03-24,20250324144000000,sz.002418,3.3400,3.3500,3.3300,3.3500,892000,2983728.0000,3
2025-03-24,20250324144500000,sz.002418,3.3400,3.3500,3.3300,3.3500,1333400,4453088.0000,3
2025-03-24,20250324145000000,sz.002418,3.3500,3.3600,3.3400,3.3500,972400,3257584.0000,3
2025-03-24,20250324145500000,sz.002418,3.3500,3.3800,3.3500,3.3700,1466100,4933744.0000,3
2025-03-24,20250324150000000,sz.002418,3.3700,3.3800,3.3700,3.3800,1941200,6559280.0000,3
2025-03-25,20250325093500000,sz.002418,3.4000,3.4100,3.3400,3.3600,3493500,11744899.0000,3
2025-03-25,20250325094000000,sz.002418,3.3600,3.3700,3.3500,3.3600,1511700,5085715.0000,3
2025-03-25,20250325094500000,sz.002418,3.3500,3.3600,3.3300,3.3400,2265100,7567736.0000,3
2025-03-25,20250325095000000,sz.002418,3.3300,3.3500,3.3300,3.3500,1516500,5071134.0000,3
2025-03-25,20250325095500000,sz.002418,3.3500,3.3600,3.3500,3.3500,524800,1758956.0000,3
2025-03-25,20250325100000000,sz.002418,3.3500,3.3600,3.3500,3.3600,469900,1576326.0000,3
2025-03-25,20250325100500000,sz.002418,3.3600,3.3600,3.3200,3.3200,2329600,7782410.0000,3
2025-03-25,20250325101000000,sz.002418,3.3300,3.3300,3.3200,3.3300,1396100,4639212.0000,3
2025-03-25,20250325101500000,sz.002418,3.3300,3.3300,3.3200,3.3200,325300,1081212.0000,3
2025-03-25,20250325102000000,sz.002418,3.3200,3.3300,3.3200,3.3300,562500,1869268.0000,3
2025-03-25,20250325102500000,sz.002418,3.3300,3.3300,3.3200,3.3300,669600,2225040.0000,3
2025-03-25,20250325103000000,sz.002418,3.3200,3.3300,3.3200,3.3200,458800,1524548.0000,3
2025-03-25,20250325103500000,sz.002418,3.3200,3.3300,3.3100,3.3300,1177300,3908932.0000,3
2025-03-25,20250325104000000,sz.002418,3.3200,3.3300,3.3200,3.3200,406100,1349268.0000,3
2025-03-25,20250325104500000,sz.002418,3.3200,3.3300,3.3100,3.3200,893200,2965192.0000,3
2025-03-25,20250325105000000,sz.002418,3.3200,3.3300,3.3100,3.3100,504300,1673488.0000,3
2025-03-25,20250325105500000,sz.002418,3.3100,3.3200,3.3100,3.3100,467700,1548868.0000,3
2025-03-25,20250325110000000,sz.002418,3.3100,3.3300,3.3100,3.3200,834100,2772216.0000,3
2025-03-25,20250325110500000,sz.002418,3.3200,3.3300,3.3100,3.3200,229300,761204.0000,3
2025-03-25,20250325111000000,sz.002418,3.3200,3.3300,3.3200,3.3200,206800,687264.0000,3
2025-03-25,20250325111500000,sz.002418,3.3200,3.3300,3.3200,3.3300,433200,1440768.0000,3
2025-03-25,20250325112000000,sz.002418,3.3200,3.3300,3.3100,3.3200,702300,2329976.0000,3
2025-03-25,20250325112500000,sz.002418,3.3100,3.3200,3.3000,3.3000,1553400,5134408.0000,3
2025-03-25,20250325113000000,sz.002418,3.3000,3.3100,3.2900,3.3000,771200,2542816.0000,3
2025-03-25,20250325130500000,sz.002418,3.3000,3.3100,3.2900,3.3000,634600,2094280.0000,3
2025-03-25,20250325131000000,sz.002418,3.3100,3.3300,3.3000,3.3300,598200,1982328.0000,3
2025-03-25,20250325131500000,sz.002418,3.3300,3.3400,3.3200,3.3400,690600,2298000.0000,3
2025-03-25,20250325132000000,sz.002418,3.3400,3.3400,3.3200,3.3300,373100,1242176.0000,3
2025-03-25,20250325132500000,sz.002418,3.3300,3.3400,3.3300,3.3300,625800,2087656.0000,3
2025-03-25,20250325133000000,sz.002418,3.3300,3.3400,3.3200,3.3200,212000,705696.0000,3
2025-03-25,20250325133500000,sz.002418,3.3200,3.3400,3.3200,3.3400,516200,1721192.0000,3
2025-03-25,20250325134000000,sz.002418,3.3400,3.3500,3.3300,3.3400,604500,2017496.0000,3
2025-03-25,20250325134500000,sz.002418,3.3300,3.3400,3.3300,3.3400,571700,1908504.0000,3
2025-03-25,20250325135000000,sz.002418,3.3400,3.3500,3.3300,3.3400,595400,1987960.0000,3
2025-03-25,20250325135500000,sz.002418,3.3400,3.3500,3.3300,3.3300,470600,1569856.0000,3
2025-03-25,20250325140000000,sz.002418,3.3300,3.3400,3.3200,3.3300,517300,1719696.0000,3
2025-03-25,20250325140500000,sz.002418,3.3200,3.3300,3.3100,3.3200,400300,1326856.0000,3
2025-03-25,20250325141000000,sz.002418,3.3200,3.3200,3.3100,3.3100,360400,1193368.0000,3
2025-03-25,20250325141500000,sz.002418,3.3200,3.3200,3.3100,3.3100,129200,427864.0000,3
2025-03-25,20250325142000000,sz.002418,3.3100,3.3200,3.3100,3.3200,477100,1582856.0000,3
2025-03-25,20250325142500000,sz.002418,3.3200,3.3300,3.3100,3.3300,463600,1541472.0000,3
2025-03-25,20250325143000000,sz.002418,3.3400,3.3400,3.3200,3.3200,602800,2008224.0000,3
2025-03-25,20250325143500000,sz.002418,3.3200,3.3300,3.3200,3.3200,446200,1482128.0000,3
2025-03-25,20250325144000000,sz.002418,3.3200,3.3300,3.3100,3.3100,398400,1320680.0000,3
2025-03-25,20250325144500000,sz.002418,3.3100,3.3200,3.3000,3.3100,956500,3163752.0000,3
2025-03-25,20250325145000000,sz.002418,3.3100,3.3100,3.3000,3.3000,787800,2605256.0000,3
2025-03-25,20250325145500000,sz.002418,3.3000,3.3200,3.3000,3.3200,1165200,3859560.0000,3
2025-03-25,20250325150000000,sz.002418,3.3200,3.3200,3.3100,3.3200,1183000,3922912.0000,3
2025-03-26,20250326093500000,sz.002418,3.3000,3.3300,3.2900,3.3300,1847800,6113038.0000,3
2025-03-26,20250326094000000,sz.002418,3.3300,3.3600,3.3200,3.3400,2766200,9248584.0000,3
2025-03-26,20250326094500000,sz.002418,3.3600,3.3600,3.3400,3.3400,1887800,6331134.0000,3
2025-03-26,20250326095000000,sz.002418,3.3500,3.3600,3.3400,3.3500,1411000,4727686.0000,3
2025-03-26,20250326095500000,sz.002418,3.3500,3.3700,3.3400,3.3600,1765900,5932032.0000,3
2025-03-26,20250326100000000,sz.002418,3.3500,3.3700,3.3500,3.3600,641200,2158326.0000,3
2025-03-26,20250326100500000,sz.002418,3.3600,3.3700,3.3500,3.3600,1992600,6696860.0000,3
2025-03-26,20250326101000000,sz.002418,3.3600,3.3700,3.3500,3.3600,1032400,3470252.0000,3
2025-03-26,20250326101500000,sz.002418,3.3500,3.3600,3.3400,3.3500,1285400,4303928.0000,3
2025-03-26,20250326102000000,sz.002418,3.3500,3.3500,3.3400,3.3500,877700,2938876.0000,3
2025-03-26,20250326102500000,sz.002418,3.3500,3.3600,3.3400,3.3500,316100,1060340.0000,3
2025-03-26,20250326103000000,sz.002418,3.3500,3.3600,3.3500,3.3600,364400,1220920.0000,3
2025-03-26,20250326103500000,sz.002418,3.3500,3.3600,3.3500,3.3500,288100,966700.0000,3
2025-03-26,20250326104000000,sz.002418,3.3600,3.3700,3.3500,3.3700,1721100,5789284.0000,3
2025-03-26,20250326104500000,sz.002418,3.3700,3.3700,3.3600,3.3600,395700,1332356.0000,3
2025-03-26,20250326105000000,sz.002418,3.3600,3.3700,3.3600,3.3700,276100,929172.0000,3
2025-03-26,20250326105500000,sz.002418,3.3700,3.3700,3.3600,3.3700,387000,1303180.0000,3
2025-03-26,20250326110000000,sz.002418,3.3700,3.3700,3.3600,3.3600,181400,610576.0000,3
2025-03-26,20250326110500000,sz.002418,3.3700,3.3700,3.3600,3.3700,160200,538784.0000,3
2025-03-26,20250326111000000,sz.002418,3.3600,3.3700,3.3600,3.3600,350700,1178620.0000,3
2025-03-26,20250326111500000,sz.002418,3.3700,3.3700,3.3600,3.3600,151000,507632.0000,3
2025-03-26,20250326112000000,sz.002418,3.3700,3.3700,3.3500,3.3600,798800,2683824.0000,3
2025-03-26,20250326112500000,sz.002418,3.3600,3.3700,3.3500,3.3600,441000,1482984.0000,3
2025-03-26,20250326113000000,sz.002418,3.3700,3.3700,3.3600,3.3700,434600,1463336.0000,3
2025-03-26,20250326130500000,sz.002418,3.3700,3.3700,3.3600,3.3700,1055200,3549688.0000,3
2025-03-26,20250326131000000,sz.002418,3.3700,3.3700,3.3600,3.3700,122300,411664.0000,3
2025-03-26,20250326131500000,sz.002418,3.3600,3.3700,3.3600,3.3700,445700,1499496.0000,3
2025-03-26,20250326132000000,sz.002418,3.3600,3.3700,3.3600,3.3600,379300,1274920.0000,3
2025-03-26,20250326132500000,sz.002418,3.3600,3.3700,3.3500,3.3500,720600,2420832.0000,3
2025-03-26,20250326133000000,sz.002418,3.3500,3.3600,3.3500,3.3600,317300,1065104.0000,3
2025-03-26,20250326133500000,sz.002418,3.3600,3.3600,3.3500,3.3600,344900,1156600.0000,3
2025-03-26,20250326134000000,sz.002418,3.3500,3.3600,3.3500,3.3500,266000,891720.0000,3
2025-03-26,20250326134500000,sz.002418,3.3500,3.3600,3.3500,3.3500,397900,1333824.0000,3
2025-03-26,20250326135000000,sz.002418,3.3500,3.3600,3.3500,3.3600,160400,538504.0000,3
2025-03-26,20250326135500000,sz.002418,3.3500,3.3600,3.3500,3.3600,230400,773624.0000,3
2025-03-26,20250326140000000,sz.002418,3.3600,3.3700,3.3500,3.3700,1069900,3597656.0000,3
2025-03-26,20250326140500000,sz.002418,3.3700,3.3800,3.3600,3.3800,1256500,4235832.0000,3
2025-03-26,20250326141000000,sz.002418,3.3700,3.3800,3.3700,3.3800,1069200,3613408.0000,3
2025-03-26,20250326141500000,sz.002418,3.3800,3.3800,3.3700,3.3800,418300,1412760.0000,3
2025-03-26,20250326142000000,sz.002418,3.3800,3.3800,3.3700,3.3700,311400,1052032.0000,3
2025-03-26,20250326142500000,sz.002418,3.3800,3.3800,3.3700,3.3700,345300,1166536.0000,3
2025-03-26,20250326143000000,sz.002418,3.3800,3.3800,3.3700,3.3800,431400,1456544.0000,3
2025-03-26,20250326143500000,sz.002418,3.3700,3.3800,3.3600,3.3600,1502200,5063736.0000,3
2025-03-26,20250326144000000,sz.002418,3.3700,3.3700,3.3600,3.3700,580700,1955760.0000,3
2025-03-26,20250326144500000,sz.002418,3.3700,3.3800,3.3700,3.3700,741200,2501056.0000,3
2025-03-26,20250326145000000,sz.002418,3.3700,3.3800,3.3700,3.3800,678800,2291056.0000,3
2025-03-26,20250326145500000,sz.002418,3.3700,3.3900,3.3700,3.3800,2560900,8659640.0000,3
2025-03-26,20250326150000000,sz.002418,3.3800,3.3900,3.3800,3.3900,2655900,8994184.0000,3
2025-03-27,20250327093500000,sz.002418,3.3800,3.3800,3.3000,3.3200,4571600,15211704.0000,3
2025-03-27,20250327094000000,sz.002418,3.3200,3.3300,3.3000,3.3000,3273000,10824880.0000,3
2025-03-27,20250327094500000,sz.002418,3.3100,3.3100,3.2800,3.2900,2163600,7121304.0000,3
2025-03-27,20250327095000000,sz.002418,3.3000,3.3000,3.2800,3.2900,2401000,7889376.0000,3
2025-03-27,20250327095500000,sz.002418,3.2800,3.3100,3.2800,3.3000,1573300,5175360.0000,3
2025-03-27,20250327100000000,sz.002418,3.3000,3.3200,3.3000,3.3200,822600,2722984.0000,3
2025-03-27,20250327100500000,sz.002418,3.3200,3.3300,3.3100,3.3300,743800,2470160.0000,3
2025-03-27,20250327101000000,sz.002418,3.3300,3.3300,3.3100,3.3200,336500,1116904.0000,3
2025-03-27,20250327101500000,sz.002418,3.3200,3.3300,3.3100,3.3200,516300,1715092.0000,3
2025-03-27,20250327102000000,sz.002418,3.3200,3.3300,3.3100,3.3100,471700,1564472.0000,3
2025-03-27,20250327102500000,sz.002418,3.3100,3.3200,3.3000,3.3100,591600,1958572.0000,3
2025-03-27,20250327103000000,sz.002418,3.3000,3.3100,3.2900,3.3000,1315100,4339196.0000,3
2025-03-27,20250327103500000,sz.002418,3.3000,3.3100,3.2900,3.3000,333400,1100620.0000,3
2025-03-27,20250327104000000,sz.002418,3.3000,3.3300,3.3000,3.3300,803400,2664192.0000,3
2025-03-27,20250327104500000,sz.002418,3.3300,3.3300,3.3100,3.3300,491200,1631296.0000,3
2025-03-27,20250327105000000,sz.002418,3.3300,3.3400,3.3200,3.3400,818400,2723912.0000,3
2025-03-27,20250327105500000,sz.002418,3.3400,3.3400,3.3300,3.3400,303800,1012872.0000,3
2025-03-27,20250327110000000,sz.002418,3.3300,3.3400,3.3200,3.3200,426100,1418608.0000,3
2025-03-27,20250327110500000,sz.002418,3.3200,3.3400,3.3200,3.3300,961500,3198240.0000,3
2025-03-27,20250327111000000,sz.002418,3.3300,3.3400,3.3200,3.3300,322400,1073040.0000,3
2025-03-27,20250327111500000,sz.002418,3.3300,3.3300,3.3200,3.3300,98000,325856.0000,3
2025-03-27,20250327112000000,sz.002418,3.3300,3.3300,3.3200,3.3200,151300,502848.0000,3
2025-03-27,20250327112500000,sz.002418,3.3200,3.3300,3.3200,3.3200,532100,1767040.0000,3
2025-03-27,20250327113000000,sz.002418,3.3200,3.3200,3.3100,3.3100,421900,1398984.0000,3
2025-03-27,20250327130500000,sz.002418,3.3100,3.3200,3.3100,3.3100,283500,939368.0000,3
2025-03-27,20250327131000000,sz.002418,3.3100,3.3200,3.3100,3.3200,159800,529072.0000,3
2025-03-27,20250327131500000,sz.002418,3.3100,3.3200,3.3000,3.3100,688000,2275800.0000,3
2025-03-27,20250327132000000,sz.002418,3.3100,3.3200,3.3100,3.3100,224000,741800.0000,3
2025-03-27,20250327132500000,sz.002418,3.3100,3.3100,3.3000,3.3000,170500,563696.0000,3
2025-03-27,20250327133000000,sz.002418,3.3100,3.3100,3.3000,3.3000,237600,784752.0000,3
2025-03-27,20250327133500000,sz.002418,3.3100,3.3200,3.3000,3.3200,467100,1544440.0000,3
2025-03-27,20250327134000000,sz.002418,3.3100,3.3200,3.3000,3.3100,253100,837272.0000,3
2025-03-27,20250327134500000,sz.002418,3.3000,3.3200,3.3000,3.3100,133000,440296.0000,3
2025-03-27,20250327135000000,sz.002418,3.3200,3.3200,3.3100,3.3200,199800,662032.0000,3
2025-03-27,20250327135500000,sz.002418,3.3200,3.3200,3.3100,3.3100,519100,1721808.0000,3
2025-03-27,20250327140000000,sz.002418,3.3100,3.3200,3.3100,3.3100,105400,348920.0000,3
2025-03-27,20250327140500000,sz.002418,3.3200,3.3200,3.3000,3.3100,985100,3260368.0000,3
2025-03-27,20250327141000000,sz.002418,3.3100,3.3200,3.3100,3.3100,88900,294528.0000,3
2025-03-27,20250327141500000,sz.002418,3.3100,3.3200,3.3100,3.3200,216000,715504.0000,3
2025-03-27,20250327142000000,sz.002418,3.3200,3.3200,3.3100,3.3100,270000,894160.0000,3
2025-03-27,20250327142500000,sz.002418,3.3100,3.3200,3.3000,3.3100,461700,1528400.0000,3
2025-03-27,20250327143000000,sz.002418,3.3100,3.3200,3.3100,3.3100,161900,536232.0000,3
2025-03-27,20250327143500000,sz.002418,3.3200,3.3200,3.3000,3.3100,711700,2356376.0000,3
2025-03-27,20250327144000000,sz.002418,3.3100,3.3100,3.3000,3.3000,528200,1744352.0000,3
2025-03-27,20250327144500000,sz.002418,3.3100,3.3100,3.3000,3.3000,496600,1640344.0000,3
2025-03-27,20250327145000000,sz.002418,3.3000,3.3100,3.2900,3.3000,2264000,7471552.0000,3
2025-03-27,20250327145500000,sz.002418,3.3000,3.3000,3.2900,3.2900,1300700,4287464.0000,3
2025-03-27,20250327150000000,sz.002418,3.3000,3.3000,3.2900,3.3000,1388400,4580696.0000,3
2025-03-28,20250328093500000,sz.002418,3.2900,3.2900,3.2400,3.2600,3493100,11390675.0000,3
2025-03-28,20250328094000000,sz.002418,3.2600,3.2700,3.2400,3.2600,1734800,5646725.0000,3
2025-03-28,20250328094500000,sz.002418,3.2700,3.2800,3.2600,3.2700,768100,2510676.0000,3
2025-03-28,20250328095000000,sz.002418,3.2600,3.2700,3.2600,3.2700,713400,2331348.0000,3
2025-03-28,20250328095500000,sz.002418,3.2700,3.2700,3.2400,3.2500,1459200,4747284.0000,3
2025-03-28,20250328100000000,sz.002418,3.2400,3.2600,3.2400,3.2600,998000,3241944.0000,3
2025-03-28,20250328100500000,sz.002418,3.2600,3.2600,3.2500,3.2500,658500,2141734.0000,3
2025-03-28,20250328101000000,sz.002418,3.2500,3.2600,3.2300,3.2400,1386500,4495206.0000,3
2025-03-28,20250328101500000,sz.002418,3.2300,3.2500,3.2300,3.2400,1179600,3823272.0000,3
2025-03-28,20250328102000000,sz.002418,3.2400,3.2400,3.2300,3.2300,775500,2508580.0000,3
2025-03-28,20250328102500000,sz.002418,3.2400,3.2400,3.2200,3.2200,1835200,5923556.0000,3
2025-03-28,20250328103000000,sz.002418,3.2200,3.2300,3.2100,3.2100,1643200,5292936.0000,3
2025-03-28,20250328103500000,sz.002418,3.2100,3.2300,3.2100,3.2100,1015900,3267112.0000,3
2025-03-28,20250328104000000,sz.002418,3.2100,3.2200,3.2000,3.2100,1631400,5238540.0000,3
2025-03-28,20250328104500000,sz.002418,3.2200,3.2200,3.1900,3.1900,1856600,5945580.0000,3
2025-03-28,20250328105000000,sz.002418,3.2000,3.2200,3.1900,3.2100,1463000,4691256.0000,3
2025-03-28,20250328105500000,sz.002418,3.2200,3.2200,3.2000,3.2200,955700,3067264.0000,3
2025-03-28,20250328110000000,sz.002418,3.2200,3.2200,3.2000,3.2200,424100,1360568.0000,3
2025-03-28,20250328110500000,sz.002418,3.2200,3.2200,3.2000,3.2100,320000,1026912.0000,3
2025-03-28,20250328111000000,sz.002418,3.2100,3.2200,3.2000,3.2100,395300,1268384.0000,3
2025-03-28,20250328111500000,sz.002418,3.2100,3.2100,3.2000,3.2100,362900,1163136.0000,3
2025-03-28,20250328112000000,sz.002418,3.2100,3.2100,3.1900,3.1900,1125500,3600024.0000,3
2025-03-28,20250328112500000,sz.002418,3.1900,3.2000,3.1900,3.1900,535900,1712088.0000,3
2025-03-28,20250328113000000,sz.002418,3.2000,3.2100,3.1900,3.2100,683300,2186688.0000,3
2025-03-28,20250328130500000,sz.002418,3.2100,3.2100,3.2000,3.2000,620500,1990872.0000,3
2025-03-28,20250328131000000,sz.002418,3.2100,3.2100,3.2000,3.2100,258800,829520.0000,3
2025-03-28,20250328131500000,sz.002418,3.2000,3.2100,3.2000,3.2100,289700,928728.0000,3
2025-03-28,20250328132000000,sz.002418,3.2000,3.2100,3.2000,3.2000,187000,599368.0000,3
2025-03-28,20250328132500000,sz.002418,3.2100,3.2100,3.2000,3.2100,321200,1029856.0000,3
2025-03-28,20250328133000000,sz.002418,3.2000,3.2100,3.1900,3.2000,860200,2753024.0000,3
2025-03-28,20250328133500000,sz.002418,3.2000,3.2100,3.1900,3.2000,459200,1468400.0000,3
2025-03-28,20250328134000000,sz.002418,3.2000,3.2100,3.1900,3.2000,393600,1259088.0000,3
2025-03-28,20250328134500000,sz.002418,3.2000,3.2200,3.2000,3.2200,744200,2388096.0000,3
2025-03-28,20250328135000000,sz.002418,3.2100,3.2200,3.2100,3.2200,384500,1236368.0000,3
2025-03-28,20250328135500000,sz.002418,3.2200,3.2300,3.2100,3.2100,789900,2543840.0000,3
2025-03-28,20250328140000000,sz.002418,3.2100,3.2200,3.2100,3.2100,133400,428552.0000,3
2025-03-28,20250328140500000,sz.002418,3.2100,3.2200,3.2100,3.2100,283600,910616.0000,3
2025-03-28,20250328141000000,sz.002418,3.2100,3.2200,3.2000,3.2000,157200,503968.0000,3
2025-03-28,20250328141500000,sz.002418,3.2100,3.2100,3.2000,3.2000,323300,1034976.0000,3
2025-03-28,20250328142000000,sz.002418,3.2000,3.2100,3.2000,3.2000,462800,1483280.0000,3
2025-03-28,20250328142500000,sz.002418,3.2100,3.2100,3.2000,3.2100,190400,609736.0000,3
2025-03-28,20250328143000000,sz.002418,3.2100,3.2100,3.1900,3.2000,1159100,3709192.0000,3
2025-03-28,20250328143500000,sz.002418,3.2000,3.2100,3.1900,3.1900,1267700,4054248.0000,3
2025-03-28,20250328144000000,sz.002418,3.1900,3.2000,3.1900,3.2000,969700,3094888.0000,3
2025-03-28,20250328144500000,sz.002418,3.1900,3.2000,3.1800,3.1900,1327200,4228232.0000,3
2025-03-28,20250328145000000,sz.002418,3.1900,3.1900,3.1800,3.1900,1214000,3864192.0000,3
2025-03-28,20250328145500000,sz.002418,3.1900,3.1900,3.1800,3.1900,2605600,8302160.0000,3
2025-03-28,20250328150000000,sz.002418,3.1900,3.1900,3.1800,3.1800,1069300,3404448.0000,3
2025-03-31,20250331093500000,sz.002418,3.1500,3.1600,3.1100,3.1200,5788500,18146920.0000,3
2025-03-31,20250331094000000,sz.002418,3.1300,3.1300,3.1000,3.1200,3382100,10542776.0000,3
2025-03-31,20250331094500000,sz.002418,3.1100,3.1200,3.1100,3.1100,1437200,4474808.0000,3
2025-03-31,20250331095000000,sz.002418,3.1200,3.1300,3.1100,3.1200,1352300,4217056.0000,3
2025-03-31,20250331095500000,sz.002418,3.1200,3.1200,3.1100,3.1100,852400,2652332.0000,3
2025-03-31,20250331100000000,sz.002418,3.1100,3.1200,3.1000,3.1200,1299700,4043152.0000,3
2025-03-31,20250331100500000,sz.002418,3.1200,3.1200,3.1100,3.1100,991600,3086364.0000,3
2025-03-31,20250331101000000,sz.002418,3.1100,3.1100,3.0700,3.0700,2735600,8465420.0000,3
2025-03-31,20250331101500000,sz.002418,3.0700,3.0800,3.0500,3.0700,2863900,8785288.0000,3
2025-03-31,20250331102000000,sz.002418,3.0600,3.0700,3.0400,3.0400,3436700,10492516.0000,3
2025-03-31,20250331102500000,sz.002418,3.0500,3.0500,3.0300,3.0400,2665800,8110904.0000,3
2025-03-31,20250331103000000,sz.002418,3.0500,3.0500,3.0300,3.0400,701000,2132392.0000,3
2025-03-31,20250331103500000,sz.002418,3.0400,3.0500,3.0400,3.0400,1174000,3577992.0000,3
2025-03-31,20250331104000000,sz.002418,3.0500,3.0500,3.0400,3.0500,679700,2068624.0000,3
2025-03-31,20250331104500000,sz.002418,3.0500,3.0500,3.0300,3.0500,1035000,3147360.0000,3
2025-03-31,20250331105000000,sz.002418,3.0500,3.0500,3.0400,3.0400,732800,2232624.0000,3
2025-03-31,20250331105500000,sz.002418,3.0500,3.0500,3.0400,3.0400,1205800,3667616.0000,3
2025-03-31,20250331110000000,sz.002418,3.0500,3.0500,3.0400,3.0500,637100,1940800.0000,3
2025-03-31,20250331110500000,sz.002418,3.0500,3.0600,3.0400,3.0500,606500,1848392.0000,3
2025-03-31,20250331111000000,sz.002418,3.0500,3.0500,3.0400,3.0400,163800,498488.0000,3
2025-03-31,20250331111500000,sz.002418,3.0500,3.0600,3.0400,3.0600,666300,2033384.0000,3
2025-03-31,20250331112000000,sz.002418,3.0600,3.0700,3.0500,3.0500,364800,1116080.0000,3
2025-03-31,20250331112500000,sz.002418,3.0500,3.0600,3.0500,3.0600,779800,2384576.0000,3
2025-03-31,20250331113000000,sz.002418,3.0600,3.0600,3.0500,3.0500,574000,1751256.0000,3
2025-03-31,20250331130500000,sz.002418,3.0500,3.0900,3.0500,3.0900,1650700,5064256.0000,3
2025-03-31,20250331131000000,sz.002418,3.0900,3.0900,3.0800,3.0900,798800,2462856.0000,3
2025-03-31,20250331131500000,sz.002418,3.0900,3.1000,3.0800,3.1000,977900,3024160.0000,3
2025-03-31,20250331132000000,sz.002418,3.1000,3.1000,3.0800,3.0800,673100,2083400.0000,3
2025-03-31,20250331132500000,sz.002418,3.0800,3.0900,3.0800,3.0900,208200,641808.0000,3
2025-03-31,20250331133000000,sz.002418,3.0900,3.1000,3.0800,3.0800,313700,968648.0000,3
2025-03-31,20250331133500000,sz.002418,3.0800,3.0900,3.0700,3.0900,366800,1130256.0000,3
2025-03-31,20250331134000000,sz.002418,3.0900,3.1000,3.0900,3.1000,327600,1013152.0000,3
2025-03-31,20250331134500000,sz.002418,3.1000,3.1000,3.0900,3.1000,914000,2831752.0000,3
2025-03-31,20250331135000000,sz.002418,3.0900,3.1000,3.0900,3.1000,57800,178704.0000,3
2025-03-31,20250331135500000,sz.002418,3.0900,3.1000,3.0900,3.0900,470700,1454864.0000,3
2025-03-31,20250331140000000,sz.002418,3.0900,3.1000,3.0800,3.0900,210500,650192.0000,3
2025-03-31,20250331140500000,sz.002418,3.0900,3.1100,3.0800,3.1100,942200,2917824.0000,3
2025-03-31,20250331141000000,sz.002418,3.1100,3.1200,3.1000,3.1200,687300,2138896.0000,3
2025-03-31,20250331141500000,sz.002418,3.1200,3.1300,3.1100,3.1300,766900,2396512.0000,3
2025-03-31,20250331142000000,sz.002418,3.1300,3.1500,3.1300,3.1400,1243800,3907968.0000,3
2025-03-31,20250331142500000,sz.002418,3.1500,3.1500,3.1300,3.1500,580100,1823680.0000,3
2025-03-31,20250331143000000,sz.002418,3.1500,3.1500,3.1300,3.1300,472800,1485376.0000,3
2025-03-31,20250331143500000,sz.002418,3.1300,3.1500,3.1300,3.1400,722300,2268960.0000,3
2025-03-31,20250331144000000,sz.002418,3.1400,3.1500,3.1400,3.1400,318100,1000032.0000,3
2025-03-31,20250331144500000,sz.002418,3.1400,3.1500,3.1300,3.1400,563600,1769184.0000,3
2025-03-31,20250331145000000,sz.002418,3.1400,3.1500,3.1300,3.1500,605200,1901392.0000,3
2025-03-31,20250331145500000,sz.002418,3.1400,3.1600,3.1400,3.1500,1098200,3456912.0000,3
2025-03-31,20250331150000000,sz.002418,3.1500,3.1600,3.1500,3.1500,1441400,4545760.0000,3
2025-04-01,20250401093500000,sz.002418,3.1800,3.2000,3.1700,3.1700,2765200,8790936.0000,3
2025-04-01,20250401094000000,sz.002418,3.1700,3.1800,3.1600,3.1700,1558400,4940293.0000,3
2025-04-01,20250401094500000,sz.002418,3.1700,3.1700,3.1500,3.1600,1434400,4528907.0000,3
2025-04-01,20250401095000000,sz.002418,3.1600,3.1600,3.1400,3.1600,540200,1703340.0000,3
2025-04-01,20250401095500000,sz.002418,3.1600,3.1600,3.1400,3.1500,1090000,3431972.0000,3
2025-04-01,20250401100000000,sz.002418,3.1500,3.1700,3.1500,3.1700,604300,1907418.0000,3
2025-04-01,20250401100500000,sz.002418,3.1600,3.1700,3.1500,3.1700,955500,3022646.0000,3
2025-04-01,20250401101000000,sz.002418,3.1800,3.1800,3.1700,3.1800,437100,1386888.0000,3
2025-04-01,20250401101500000,sz.002418,3.1800,3.1900,3.1700,3.1800,971700,3088196.0000,3
2025-04-01,20250401102000000,sz.002418,3.1900,3.2000,3.1800,3.1900,1495700,4771364.0000,3
2025-04-01,20250401102500000,sz.002418,3.1900,3.2000,3.1800,3.1900,941700,3005244.0000,3
2025-04-01,20250401103000000,sz.002418,3.1900,3.2000,3.1800,3.1900,599400,1908396.0000,3
2025-04-01,20250401103500000,sz.002418,3.1900,3.1900,3.1800,3.1900,229800,731088.0000,3
2025-04-01,20250401104000000,sz.002418,3.1900,3.1900,3.1800,3.1800,644600,2052744.0000,3
2025-04-01,20250401104500000,sz.002418,3.1800,3.1900,3.1800,3.1900,566800,1803628.0000,3
2025-04-01,20250401105000000,sz.002418,3.1900,3.1900,3.1700,3.1800,408600,1298444.0000,3
2025-04-01,20250401105500000,sz.002418,3.1700,3.1700,3.1600,3.1600,1091300,3457268.0000,3
2025-04-01,20250401110000000,sz.002418,3.1700,3.1700,3.1600,3.1700,663800,2098320.0000,3
2025-04-01,20250401110500000,sz.002418,3.1700,3.1800,3.1600,3.1600,279500,885524.0000,3
2025-04-01,20250401111000000,sz.002418,3.1600,3.1700,3.1600,3.1700,149200,471820.0000,3
2025-04-01,20250401111500000,sz.002418,3.1600,3.1700,3.1500,3.1600,541200,1709884.0000,3
2025-04-01,20250401112000000,sz.002418,3.1600,3.1700,3.1600,3.1600,121800,385240.0000,3
2025-04-01,20250401112500000,sz.002418,3.1600,3.1700,3.1600,3.1600,89300,282648.0000,3
2025-04-01,20250401113000000,sz.002418,3.1700,3.1800,3.1600,3.1700,276300,875868.0000,3
2025-04-01,20250401130500000,sz.002418,3.1700,3.1800,3.1500,3.1700,1089800,3449932.0000,3
2025-04-01,20250401131000000,sz.002418,3.1600,3.1700,3.1500,3.1500,716200,2261908.0000,3
2025-04-01,20250401131500000,sz.002418,3.1500,3.1600,3.1500,3.1500,237700,749328.0000,3
2025-04-01,20250401132000000,sz.002418,3.1600,3.1600,3.1400,3.1500,987800,3110612.0000,3
2025-04-01,20250401132500000,sz.002418,3.1500,3.1500,3.1300,3.1400,772800,2422736.0000,3
2025-04-01,20250401133000000,sz.002418,3.1400,3.1400,3.1300,3.1300,230300,721472.0000,3
2025-04-01,20250401133500000,sz.002418,3.1400,3.1400,3.1200,3.1200,541500,1695536.0000,3
2025-04-01,20250401134000000,sz.002418,3.1200,3.1300,3.1200,3.1200,513700,1603608.0000,3
2025-04-01,20250401134500000,sz.002418,3.1200,3.1300,3.1200,3.1300,448600,1400496.0000,3
2025-04-01,20250401135000000,sz.002418,3.1200,3.1400,3.1200,3.1300,891600,2791448.0000,3
2025-04-01,20250401135500000,sz.002418,3.1300,3.1400,3.1200,3.1300,443000,1387664.0000,3
2025-04-01,20250401140000000,sz.002418,3.1400,3.1400,3.1200,3.1300,852900,2668400.0000,3
2025-04-01,20250401140500000,sz.002418,3.1300,3.1400,3.1200,3.1400,118000,369464.0000,3
2025-04-01,20250401141000000,sz.002418,3.1300,3.1400,3.1200,3.1400,589000,1844576.0000,3
2025-04-01,20250401141500000,sz.002418,3.1400,3.1400,3.1200,3.1300,439000,1374560.0000,3
2025-04-01,20250401142000000,sz.002418,3.1300,3.1400,3.1300,3.1300,125400,392848.0000,3
2025-04-01,20250401142500000,sz.002418,3.1300,3.1300,3.1200,3.1200,373900,1169576.0000,3
2025-04-01,20250401143000000,sz.002418,3.1300,3.1500,3.1200,3.1400,870300,2730072.0000,3
2025-04-01,20250401143500000,sz.002418,3.1400,3.1500,3.1400,3.1500,290100,913480.0000,3
2025-04-01,20250401144000000,sz.002418,3.1400,3.1500,3.1300,3.1300,285600,896672.0000,3
2025-04-01,20250401144500000,sz.002418,3.1400,3.1500,3.1300,3.1500,332600,1044336.0000,3
2025-04-01,20250401145000000,sz.002418,3.1400,3.1500,3.1300,3.1300,519400,1628192.0000,3
2025-04-01,20250401145500000,sz.002418,3.1400,3.1400,3.1300,3.1400,601700,1887224.0000,3
2025-04-01,20250401150000000,sz.002418,3.1300,3.1400,3.1300,3.1400,553400,1736416.0000,3
2025-04-02,20250402093500000,sz.002418,3.1800,3.1900,3.1300,3.1700,4405500,13920432.0000,3
2025-04-02,20250402094000000,sz.002418,3.1500,3.1800,3.1500,3.1700,1522400,4819140.0000,3
2025-04-02,20250402094500000,sz.002418,3.1700,3.1900,3.1700,3.1900,2191200,6966448.0000,3
2025-04-02,20250402095000000,sz.002418,3.1900,3.2100,3.1700,3.1800,3587800,11443964.0000,3
2025-04-02,20250402095500000,sz.002418,3.1800,3.2100,3.1800,3.2000,2459200,7856256.0000,3
2025-04-02,20250402100000000,sz.002418,3.2000,3.2300,3.2000,3.2300,3898700,12558884.0000,3
2025-04-02,20250402100500000,sz.002418,3.2300,3.2500,3.2200,3.2300,4667400,15106156.0000,3
2025-04-02,20250402101000000,sz.002418,3.2400,3.2400,3.2300,3.2300,1304600,4221048.0000,3
2025-04-02,20250402101500000,sz.002418,3.2300,3.2400,3.2100,3.2200,1825800,5888056.0000,3
2025-04-02,20250402102000000,sz.002418,3.2200,3.2300,3.2100,3.2300,672200,2166056.0000,3
2025-04-02,20250402102500000,sz.002418,3.2300,3.2500,3.2200,3.2500,2094500,6773472.0000,3
2025-04-02,20250402103000000,sz.002418,3.2400,3.2500,3.2300,3.2500,1248200,4048000.0000,3
2025-04-02,20250402103500000,sz.002418,3.2400,3.2500,3.2200,3.2300,1728700,5597232.0000,3
2025-04-02,20250402104000000,sz.002418,3.2300,3.2300,3.2200,3.2200,357600,1154376.0000,3
2025-04-02,20250402104500000,sz.002418,3.2200,3.2300,3.2200,3.2300,398900,1286280.0000,3
2025-04-02,20250402105000000,sz.002418,3.2200,3.2300,3.2200,3.2200,833000,2683240.0000,3
2025-04-02,20250402105500000,sz.002418,3.2100,3.2200,3.2100,3.2200,169500,545232.0000,3
2025-04-02,20250402110000000,sz.002418,3.2100,3.2300,3.2100,3.2200,502700,1618160.0000,3
2025-04-02,20250402110500000,sz.002418,3.2100,3.2200,3.2100,3.2200,644900,2071072.0000,3
2025-04-02,20250402111000000,sz.002418,3.2100,3.2100,3.1900,3.2000,1166400,3736264.0000,3
2025-04-02,20250402111500000,sz.002418,3.2100,3.2100,3.2000,3.2100,231100,740312.0000,3
2025-04-02,20250402112000000,sz.002418,3.2000,3.2100,3.1900,3.1900,675200,2160432.0000,3
2025-04-02,20250402112500000,sz.002418,3.1900,3.2000,3.1900,3.2000,300200,958136.0000,3
2025-04-02,20250402113000000,sz.002418,3.1900,3.2000,3.1900,3.1900,481400,1536536.0000,3
2025-04-02,20250402130500000,sz.002418,3.2000,3.2000,3.1900,3.1900,513700,1640976.0000,3
2025-04-02,20250402131000000,sz.002418,3.1900,3.2000,3.1900,3.1900,686600,2190160.0000,3
2025-04-02,20250402131500000,sz.002418,3.1900,3.1900,3.1800,3.1900,197600,630264.0000,3
2025-04-02,20250402132000000,sz.002418,3.1900,3.2000,3.1800,3.1900,408300,1302584.0000,3
2025-04-02,20250402132500000,sz.002418,3.1900,3.1900,3.1800,3.1800,138200,440512.0000,3
2025-04-02,20250402133000000,sz.002418,3.1900,3.1900,3.1800,3.1800,130800,416736.0000,3
2025-04-02,20250402133500000,sz.002418,3.1900,3.1900,3.1800,3.1900,132500,422336.0000,3
2025-04-02,20250402134000000,sz.002418,3.1800,3.1900,3.1700,3.1800,2454900,7806816.0000,3
2025-04-02,20250402134500000,sz.002418,3.1900,3.1900,3.1800,3.1900,414600,1320144.0000,3
2025-04-02,20250402135000000,sz.002418,3.1900,3.1900,3.1800,3.1900,987500,3142224.0000,3
2025-04-02,20250402135500000,sz.002418,3.1800,3.1900,3.1800,3.1900,249400,795440.0000,3
2025-04-02,20250402140000000,sz.002418,3.1900,3.1900,3.1800,3.1900,137000,436688.0000,3
2025-04-02,20250402140500000,sz.002418,3.1800,3.1900,3.1800,3.1800,84900,270448.0000,3
2025-04-02,20250402141000000,sz.002418,3.1900,3.1900,3.1800,3.1800,184500,587472.0000,3
2025-04-02,20250402141500000,sz.002418,3.1900,3.1900,3.1800,3.1900,296100,943264.0000,3
2025-04-02,20250402142000000,sz.002418,3.1900,3.1900,3.1800,3.1900,96600,307904.0000,3
2025-04-02,20250402142500000,sz.002418,3.1900,3.1900,3.1800,3.1800,168000,535488.0000,3
2025-04-02,20250402143000000,sz.002418,3.1800,3.1900,3.1800,3.1900,405400,1291376.0000,3
2025-04-02,20250402143500000,sz.002418,3.1900,3.1900,3.1800,3.1800,489500,1558112.0000,3
2025-04-02,20250402144000000,sz.002418,3.1800,3.1900,3.1700,3.1700,1420300,4515424.0000,3
2025-04-02,20250402144500000,sz.002418,3.1700,3.1800,3.1700,3.1800,369100,1171584.0000,3
2025-04-02,20250402145000000,sz.002418,3.1700,3.1900,3.1700,3.1900,1408600,4475408.0000,3
2025-04-02,20250402145500000,sz.002418,3.1800,3.2000,3.1800,3.2000,2330500,7445648.0000,3
2025-04-02,20250402150000000,sz.002418,3.1900,3.2000,3.1900,3.1900,1377100,4396016.0000,3
2025-04-03,20250403093500000,sz.002418,3.1600,3.2200,3.1400,3.2200,3985900,12656259.0000,3
2025-04-03,20250403094000000,sz.002418,3.2100,3.2100,3.1900,3.1900,1214100,3885655.0000,3
2025-04-03,20250403094500000,sz.002418,3.2000,3.2100,3.1900,3.2000,1376300,4399022.0000,3
2025-04-03,20250403095000000,sz.002418,3.2100,3.2300,3.2100,3.2300,1493800,4808648.0000,3
2025-04-03,20250403095500000,sz.002418,3.2300,3.2300,3.1800,3.1900,1742800,5581336.0000,3
2025-04-03,20250403100000000,sz.002418,3.1800,3.1900,3.1700,3.1700,1414900,4495336.0000,3
2025-04-03,20250403100500000,sz.002418,3.1700,3.1800,3.1600,3.1700,1462800,4634280.0000,3
2025-04-03,20250403101000000,sz.002418,3.1600,3.1700,3.1500,3.1600,1293400,4083844.0000,3
2025-04-03,20250403101500000,sz.002418,3.1600,3.1600,3.1500,3.1600,743100,2344572.0000,3
2025-04-03,20250403102000000,sz.002418,3.1600,3.1800,3.1600,3.1700,624900,1980632.0000,3
2025-04-03,20250403102500000,sz.002418,3.1800,3.1800,3.1600,3.1700,463100,1468728.0000,3
2025-04-03,20250403103000000,sz.002418,3.1700,3.1800,3.1600,3.1800,401400,1273724.0000,3
2025-04-03,20250403103500000,sz.002418,3.1800,3.1900,3.1700,3.1700,329100,1046160.0000,3
2025-04-03,20250403104000000,sz.002418,3.1800,3.1800,3.1700,3.1700,178800,567644.0000,3
2025-04-03,20250403104500000,sz.002418,3.1700,3.1800,3.1700,3.1700,137100,435060.0000,3
2025-04-03,20250403105000000,sz.002418,3.1700,3.1800,3.1700,3.1800,202300,642296.0000,3
2025-04-03,20250403105500000,sz.002418,3.1800,3.1800,3.1500,3.1600,1474500,4667692.0000,3
2025-04-03,20250403110000000,sz.002418,3.1500,3.1600,3.1500,3.1500,291100,917940.0000,3
2025-04-03,20250403110500000,sz.002418,3.1500,3.1600,3.1500,3.1500,397000,1251388.0000,3
2025-04-03,20250403111000000,sz.002418,3.1600,3.1600,3.1400,3.1500,1422800,4475528.0000,3
2025-04-03,20250403111500000,sz.002418,3.1600,3.1600,3.1400,3.1500,313200,986440.0000,3
2025-04-03,20250403112000000,sz.002418,3.1500,3.1500,3.1400,3.1400,140900,442732.0000,3
2025-04-03,20250403112500000,sz.002418,3.1500,3.1500,3.1400,3.1400,342400,1075484.0000,3
2025-04-03,20250403113000000,sz.002418,3.1400,3.1500,3.1300,3.1400,497800,1562752.0000,3
2025-04-03,20250403130500000,sz.002418,3.1400,3.1400,3.1300,3.1400,417400,1309904.0000,3
2025-04-03,20250403131000000,sz.002418,3.1400,3.1400,3.1300,3.1400,467300,1463592.0000,3
2025-04-03,20250403131500000,sz.002418,3.1300,3.1400,3.1200,3.1300,676600,2116544.0000,3
2025-04-03,20250403132000000,sz.002418,3.1300,3.1400,3.1200,3.1300,346500,1085200.0000,3
2025-04-03,20250403132500000,sz.002418,3.1400,3.1400,3.1300,3.1300,218900,685384.0000,3
2025-04-03,20250403133000000,sz.002418,3.1300,3.1400,3.1300,3.1300,134700,421904.0000,3
2025-04-03,20250403133500000,sz.002418,3.1400,3.1400,3.1300,3.1300,237300,743120.0000,3
2025-04-03,20250403134000000,sz.002418,3.1300,3.1500,3.1300,3.1400,814700,2558560.0000,3
2025-04-03,20250403134500000,sz.002418,3.1400,3.1500,3.1300,3.1400,513300,1612072.0000,3
2025-04-03,20250403135000000,sz.002418,3.1400,3.1500,3.1400,3.1500,140900,442464.0000,3
2025-04-03,20250403135500000,sz.002418,3.1500,3.1600,3.1400,3.1600,357200,1125376.0000,3
2025-04-03,20250403140000000,sz.002418,3.1600,3.1600,3.1500,3.1600,223700,706040.0000,3
2025-04-03,20250403140500000,sz.002418,3.1500,3.1600,3.1500,3.1600,113100,357024.0000,3
2025-04-03,20250403141000000,sz.002418,3.1500,3.1600,3.1500,3.1600,487100,1538856.0000,3
2025-04-03,20250403141500000,sz.002418,3.1600,3.1600,3.1500,3.1500,200900,633528.0000,3
2025-04-03,20250403142000000,sz.002418,3.1500,3.1600,3.1500,3.1500,25800,81344.0000,3
2025-04-03,20250403142500000,sz.002418,3.1500,3.1600,3.1500,3.1500,95900,302440.0000,3
2025-04-03,20250403143000000,sz.002418,3.1500,3.1600,3.1400,3.1600,758900,2390400.0000,3
2025-04-03,20250403143500000,sz.002418,3.1500,3.1600,3.1500,3.1500,127900,403232.0000,3
2025-04-03,20250403144000000,sz.002418,3.1600,3.1600,3.1500,3.1500,523600,1649632.0000,3
2025-04-03,20250403144500000,sz.002418,3.1500,3.1600,3.1400,3.1500,368100,1159560.0000,3
2025-04-03,20250403145000000,sz.002418,3.1500,3.1600,3.1400,3.1500,747600,2353504.0000,3
2025-04-03,20250403145500000,sz.002418,3.1500,3.1500,3.1400,3.1500,766100,2410368.0000,3
2025-04-03,20250403150000000,sz.002418,3.1500,3.1500,3.1400,3.1400,594900,1870456.0000,3
2025-04-07,20250407093500000,sz.002418,2.9200,2.9600,2.8400,2.8400,9492500,27410390.0000,3
2025-04-07,20250407094000000,sz.002418,2.8400,2.8700,2.8300,2.8300,6384200,18118002.0000,3
2025-04-07,20250407094500000,sz.002418,2.8300,2.8400,2.8300,2.8300,3063100,8673988.0000,3
2025-04-07,20250407095000000,sz.002418,2.8300,2.8300,2.8300,2.8300,1666900,4717324.0000,3
2025-04-07,20250407095500000,sz.002418,2.8300,2.8300,2.8300,2.8300,777100,2199196.0000,3
2025-04-07,20250407100000000,sz.002418,2.8300,2.8300,2.8300,2.8300,972800,2753024.0000,3
2025-04-07,20250407100500000,sz.002418,2.8300,2.8300,2.8300,2.8300,808000,2286640.0000,3
2025-04-07,20250407101000000,sz.002418,2.8300,2.8300,2.8300,2.8300,494700,1399996.0000,3
2025-04-07,20250407101500000,sz.002418,2.8300,2.8300,2.8300,2.8300,227200,642976.0000,3
2025-04-07,20250407102000000,sz.002418,2.8300,2.8300,2.8300,2.8300,160400,453936.0000,3
2025-04-07,20250407102500000,sz.002418,2.8300,2.8300,2.8300,2.8300,214500,607032.0000,3
2025-04-07,20250407103000000,sz.002418,2.8300,2.8300,2.8300,2.8300,280900,794952.0000,3
2025-04-07,20250407103500000,sz.002418,2.8300,2.8300,2.8300,2.8300,521500,1475840.0000,3
2025-04-07,20250407104000000,sz.002418,2.8300,2.8300,2.8300,2.8300,203300,575344.0000,3
2025-04-07,20250407104500000,sz.002418,2.8300,2.8300,2.8300,2.8300,92600,262056.0000,3
2025-04-07,20250407105000000,sz.002418,2.8300,2.8300,2.8300,2.8300,229100,648352.0000,3
2025-04-07,20250407105500000,sz.002418,2.8300,2.8300,2.8300,2.8300,125700,355736.0000,3
2025-04-07,20250407110000000,sz.002418,2.8300,2.8300,2.8300,2.8300,109900,311016.0000,3
2025-04-07,20250407110500000,sz.002418,2.8300,2.8300,2.8300,2.8300,108700,307616.0000,3
2025-04-07,20250407111000000,sz.002418,2.8300,2.8300,2.8300,2.8300,120100,339888.0000,3
2025-04-07,20250407111500000,sz.002418,2.8300,2.8300,2.8300,2.8300,19600,55464.0000,3
2025-04-07,20250407112000000,sz.002418,2.8300,2.8300,2.8300,2.8300,440900,1247744.0000,3
2025-04-07,20250407112500000,sz.002418,2.8300,2.8300,2.8300,2.8300,41800,118296.0000,3
2025-04-07,20250407113000000,sz.002418,2.8300,2.8300,2.8300,2.8300,49900,141216.0000,3
2025-04-07,20250407130500000,sz.002418,2.8300,2.8300,2.8300,2.8300,276200,781648.0000,3
2025-04-07,20250407131000000,sz.002418,2.8300,2.8300,2.8300,2.8300,100300,283848.0000,3
2025-04-07,20250407131500000,sz.002418,2.8300,2.8300,2.8300,2.8300,17600,49808.0000,3
2025-04-07,20250407132000000,sz.002418,2.8300,2.8300,2.8300,2.8300,36800,104144.0000,3
2025-04-07,20250407132500000,sz.002418,2.8300,2.8300,2.8300,2.8300,55000,155648.0000,3
2025-04-07,20250407133000000,sz.002418,2.8300,2.8300,2.8300,2.8300,9600,27168.0000,3
2025-04-07,20250407133500000,sz.002418,2.8300,2.8300,2.8300,2.8300,51000,144336.0000,3
2025-04-07,20250407134000000,sz.002418,2.8300,2.8300,2.8300,2.8300,19200,54336.0000,3
2025-04-07,20250407134500000,sz.002418,2.8300,2.8300,2.8300,2.8300,39100,110648.0000,3
2025-04-07,20250407135000000,sz.002418,2.8300,2.8300,2.8300,2.8300,12900,36512.0000,3
2025-04-07,20250407135500000,sz.002418,2.8300,2.8300,2.8300,2.8300,79800,225832.0000,3
2025-04-07,20250407140000000,sz.002418,2.8300,2.8300,2.8300,2.8300,19800,56032.0000,3
2025-04-07,20250407140500000,sz.002418,2.8300,2.8300,2.8300,2.8300,22100,62544.0000,3
2025-04-07,20250407141000000,sz.002418,2.8300,2.8300,2.8300,2.8300,25700,72736.0000,3
2025-04-07,20250407141500000,sz.002418,2.8300,2.8300,2.8300,2.8300,16500,46688.0000,3
2025-04-07,20250407142000000,sz.002418,2.8300,2.8300,2.8300,2.8300,12100,34248.0000,3
2025-04-07,20250407142500000,sz.002418,2.8300,2.8300,2.8300,2.8300,37500,106120.0000,3
2025-04-07,20250407143000000,sz.002418,2.8300,2.8300,2.8300,2.8300,20800,58864.0000,3
2025-04-07,20250407143500000,sz.002418,2.8300,2.8300,2.8300,2.8300,55800,157920.0000,3
2025-04-07,20250407144000000,sz.002418,2.8300,2.8300,2.8300,2.8300,43300,122536.0000,3
2025-04-07,20250407144500000,sz.002418,2.8300,2.8300,2.8300,2.8300,75300,213096.0000,3
2025-04-07,20250407145000000,sz.002418,2.8300,2.8300,2.8300,2.8300,111700,316112.0000,3
2025-04-07,20250407145500000,sz.002418,2.8300,2.8300,2.8300,2.8300,62100,175744.0000,3
2025-04-07,20250407150000000,sz.002418,2.8300,2.8300,2.8300,2.8300,72400,204896.0000,3
2025-04-08,20250408093500000,sz.002418,2.6200,2.7700,2.6200,2.7300,8399300,22753646.0000,3
2025-04-08,20250408094000000,sz.002418,2.7200,2.7700,2.7200,2.7400,4549200,12492014.0000,3
2025-04-08,20250408094500000,sz.002418,2.7300,2.7300,2.6700,2.6700,2946600,7976708.0000,3
2025-04-08,20250408095000000,sz.002418,2.6700,2.7000,2.6400,2.6400,3051300,8145804.0000,3
2025-04-08,20250408095500000,sz.002418,2.6400,2.6500,2.6200,2.6300,3249500,8547312.0000,3
2025-04-08,20250408100000000,sz.002418,2.6300,2.6800,2.6200,2.6700,3041800,8034284.0000,3
2025-04-08,20250408100500000,sz.002418,2.6600,2.6700,2.6400,2.6600,1389800,3687648.0000,3
2025-04-08,20250408101000000,sz.002418,2.6500,2.6700,2.6400,2.6600,1550700,4113552.0000,3
2025-04-08,20250408101500000,sz.002418,2.6700,2.6900,2.6700,2.6800,1147500,3072152.0000,3
2025-04-08,20250408102000000,sz.002418,2.6800,2.6800,2.6700,2.6700,622700,1665448.0000,3
2025-04-08,20250408102500000,sz.002418,2.6700,2.6800,2.6600,2.6600,1004400,2675616.0000,3
2025-04-08,20250408103000000,sz.002418,2.6700,2.6700,2.6500,2.6600,647000,1721432.0000,3
2025-04-08,20250408103500000,sz.002418,2.6600,2.6800,2.6600,2.6800,1098300,2932528.0000,3
2025-04-08,20250408104000000,sz.002418,2.6800,2.6800,2.6700,2.6700,334700,895272.0000,3
2025-04-08,20250408104500000,sz.002418,2.6700,2.6800,2.6700,2.6800,309600,827224.0000,3
2025-04-08,20250408105000000,sz.002418,2.6800,2.6800,2.6700,2.6800,534500,1430768.0000,3
2025-04-08,20250408105500000,sz.002418,2.6800,2.6900,2.6700,2.6800,1058100,2834912.0000,3
2025-04-08,20250408110000000,sz.002418,2.6800,2.6900,2.6700,2.6700,445700,1194408.0000,3
2025-04-08,20250408110500000,sz.002418,2.6700,2.6900,2.6700,2.6800,737100,1973952.0000,3
2025-04-08,20250408111000000,sz.002418,2.6800,2.6900,2.6700,2.6800,697000,1868800.0000,3
2025-04-08,20250408111500000,sz.002418,2.6700,2.6800,2.6700,2.6800,257300,688568.0000,3
2025-04-08,20250408112000000,sz.002418,2.6800,2.6900,2.6700,2.6800,565300,1514112.0000,3
2025-04-08,20250408112500000,sz.002418,2.6900,2.6900,2.6800,2.6800,157300,421864.0000,3
2025-04-08,20250408113000000,sz.002418,2.6800,2.6900,2.6700,2.6800,460800,1235264.0000,3
2025-04-08,20250408130500000,sz.002418,2.6700,2.6900,2.6600,2.6600,1504000,4032464.0000,3
2025-04-08,20250408131000000,sz.002418,2.6600,2.6700,2.6500,2.6500,1028300,2735624.0000,3
2025-04-08,20250408131500000,sz.002418,2.6600,2.6600,2.6500,2.6500,717700,1903736.0000,3
2025-04-08,20250408132000000,sz.002418,2.6500,2.6600,2.6300,2.6300,1192700,3152736.0000,3
2025-04-08,20250408132500000,sz.002418,2.6300,2.6500,2.6300,2.6400,676200,1782504.0000,3
2025-04-08,20250408133000000,sz.002418,2.6400,2.6400,2.6300,2.6400,438800,1156240.0000,3
2025-04-08,20250408133500000,sz.002418,2.6300,2.6400,2.6200,2.6200,867700,2281984.0000,3
2025-04-08,20250408134000000,sz.002418,2.6200,2.6400,2.6200,2.6300,895100,2350256.0000,3
2025-04-08,20250408134500000,sz.002418,2.6400,2.6400,2.6200,2.6200,672500,1767048.0000,3
2025-04-08,20250408135000000,sz.002418,2.6200,2.6300,2.6000,2.6000,1572000,4101872.0000,3
2025-04-08,20250408135500000,sz.002418,2.6000,2.6100,2.5700,2.5700,1963900,5078992.0000,3
2025-04-08,20250408140000000,sz.002418,2.5700,2.6000,2.5500,2.5900,4302300,11028376.0000,3
2025-04-08,20250408140500000,sz.002418,2.5900,2.6000,2.5800,2.5900,945800,2451744.0000,3
2025-04-08,20250408141000000,sz.002418,2.5900,2.6000,2.5900,2.5900,430900,1116704.0000,3
2025-04-08,20250408141500000,sz.002418,2.5900,2.6000,2.5800,2.5900,723900,1873584.0000,3
2025-04-08,20250408142000000,sz.002418,2.5900,2.6000,2.5800,2.5900,532600,1380720.0000,3
2025-04-08,20250408142500000,sz.002418,2.5800,2.5900,2.5800,2.5800,904600,2338608.0000,3
2025-04-08,20250408143000000,sz.002418,2.5900,2.5900,2.5700,2.5900,841800,2174736.0000,3
2025-04-08,20250408143500000,sz.002418,2.5900,2.6000,2.5900,2.5900,445600,1155296.0000,3
2025-04-08,20250408144000000,sz.002418,2.6000,2.6200,2.5900,2.6200,1453300,3781680.0000,3
2025-04-08,20250408144500000,sz.002418,2.6200,2.6500,2.6100,2.6400,878600,2312192.0000,3
2025-04-08,20250408145000000,sz.002418,2.6500,2.6500,2.6400,2.6500,780300,2064960.0000,3
2025-04-08,20250408145500000,sz.002418,2.6500,2.6600,2.6500,2.6600,816000,2167536.0000,3
2025-04-08,20250408150000000,sz.002418,2.6600,2.6700,2.6500,2.6700,1228300,3276448.0000,3
2025-04-09,20250409093500000,sz.002418,2.6100,2.6100,2.4200,2.4300,8524800,21313466.0000,3
2025-04-09,20250409094000000,sz.002418,2.4400,2.4500,2.4000,2.4300,7729000,18639054.0000,3
2025-04-09,20250409094500000,sz.002418,2.4300,2.4300,2.4000,2.4200,4217500,10177692.0000,3
2025-04-09,20250409095000000,sz.002418,2.4200,2.4400,2.4200,2.4200,1922600,4670804.0000,3
2025-04-09,20250409095500000,sz.002418,2.4200,2.4700,2.4200,2.4600,1633600,3997484.0000,3
2025-04-09,20250409100000000,sz.002418,2.4600,2.5200,2.4500,2.5200,2286500,5697440.0000,3
2025-04-09,20250409100500000,sz.002418,2.5200,2.5300,2.5000,2.5100,3026200,7608724.0000,3
2025-04-09,20250409101000000,sz.002418,2.5100,2.5200,2.5000,2.5000,1501300,3764704.0000,3
2025-04-09,20250409101500000,sz.002418,2.5000,2.5700,2.5000,2.5600,2746200,6976056.0000,3
2025-04-09,20250409102000000,sz.002418,2.5600,2.6100,2.5600,2.6100,1597900,4132720.0000,3
2025-04-09,20250409102500000,sz.002418,2.6100,2.6100,2.5600,2.6000,1850200,4773432.0000,3
2025-04-09,20250409103000000,sz.002418,2.6100,2.6100,2.5800,2.5900,1170200,3032464.0000,3
2025-04-09,20250409103500000,sz.002418,2.5800,2.6000,2.5700,2.6000,1082700,2795072.0000,3
2025-04-09,20250409104000000,sz.002418,2.6000,2.6000,2.5700,2.5700,873200,2261016.0000,3
2025-04-09,20250409104500000,sz.002418,2.5800,2.5900,2.5700,2.5800,779700,2014920.0000,3
2025-04-09,20250409105000000,sz.002418,2.5800,2.5900,2.5700,2.5800,273600,706824.0000,3
2025-04-09,20250409105500000,sz.002418,2.5900,2.6000,2.5800,2.6000,525300,1360648.0000,3
2025-04-09,20250409110000000,sz.002418,2.5900,2.6100,2.5900,2.6100,827200,2148800.0000,3
2025-04-09,20250409110500000,sz.002418,2.6100,2.6100,2.5900,2.5900,688100,1791264.0000,3
2025-04-09,20250409111000000,sz.002418,2.5900,2.6000,2.5600,2.5700,895000,2309320.0000,3
2025-04-09,20250409111500000,sz.002418,2.5700,2.5800,2.5600,2.5800,366100,942056.0000,3
2025-04-09,20250409112000000,sz.002418,2.5800,2.5900,2.5700,2.5900,299800,773880.0000,3
2025-04-09,20250409112500000,sz.002418,2.5900,2.6000,2.5800,2.5900,496500,1285536.0000,3
2025-04-09,20250409113000000,sz.002418,2.6000,2.6100,2.5900,2.6000,1121300,2916704.0000,3
2025-04-09,20250409130500000,sz.002418,2.6000,2.6100,2.5800,2.5900,833500,2162144.0000,3
2025-04-09,20250409131000000,sz.002418,2.6000,2.6100,2.6000,2.6100,407000,1059952.0000,3
2025-04-09,20250409131500000,sz.002418,2.6100,2.6300,2.6100,2.6300,855200,2239432.0000,3
2025-04-09,20250409132000000,sz.002418,2.6300,2.6500,2.6300,2.6500,696100,1837960.0000,3
2025-04-09,20250409132500000,sz.002418,2.6500,2.6700,2.6400,2.6500,1207800,3211496.0000,3
2025-04-09,20250409133000000,sz.002418,2.6600,2.6700,2.6500,2.6600,532900,1416048.0000,3
2025-04-09,20250409133500000,sz.002418,2.6600,2.6800,2.6500,2.6800,826800,2207792.0000,3
2025-04-09,20250409134000000,sz.002418,2.6800,2.7200,2.6800,2.7000,2910500,7865832.0000,3
2025-04-09,20250409134500000,sz.002418,2.7000,2.7300,2.7000,2.7200,1462200,3967136.0000,3
2025-04-09,20250409135000000,sz.002418,2.7200,2.7200,2.7100,2.7200,828800,2251616.0000,3
2025-04-09,20250409135500000,sz.002418,2.7200,2.7200,2.7000,2.7000,1340700,3636560.0000,3
2025-04-09,20250409140000000,sz.002418,2.7000,2.7100,2.7000,2.7000,713000,1926384.0000,3
2025-04-09,20250409140500000,sz.002418,2.7100,2.7100,2.6900,2.6900,1157500,3122768.0000,3
2025-04-09,20250409141000000,sz.002418,2.6900,2.7600,2.6900,2.7400,3817300,10401280.0000,3
2025-04-09,20250409141500000,sz.002418,2.7400,2.7400,2.7200,2.7400,1252800,3415728.0000,3
2025-04-09,20250409142000000,sz.002418,2.7400,2.7500,2.7300,2.7400,582200,1594544.0000,3
2025-04-09,20250409142500000,sz.002418,2.7400,2.7500,2.7400,2.7400,683500,1876016.0000,3
2025-04-09,20250409143000000,sz.002418,2.7500,2.7500,2.7400,2.7400,723300,1985072.0000,3
2025-04-09,20250409143500000,sz.002418,2.7500,2.7600,2.7400,2.7500,909200,2500624.0000,3
2025-04-09,20250409144000000,sz.002418,2.7500,2.7600,2.7400,2.7500,952200,2619200.0000,3
2025-04-09,20250409144500000,sz.002418,2.7500,2.7500,2.7200,2.7200,1059300,2899584.0000,3
2025-04-09,20250409145000000,sz.002418,2.7300,2.7300,2.7200,2.7200,610600,1665152.0000,3
2025-04-09,20250409145500000,sz.002418,2.7200,2.7300,2.7200,2.7200,825900,2251296.0000,3
2025-04-09,20250409150000000,sz.002418,2.7300,2.7300,2.7200,2.7200,1603400,4365008.0000,3
2025-04-10,20250410093500000,sz.002418,2.7600,2.8400,2.7600,2.8000,5786800,16168409.0000,3
2025-04-10,20250410094000000,sz.002418,2.7900,2.8300,2.7800,2.8300,3350500,9411637.0000,3
2025-04-10,20250410094500000,sz.002418,2.8300,2.8300,2.8000,2.8300,3113200,8765690.0000,3
2025-04-10,20250410095000000,sz.002418,2.8200,2.8400,2.8200,2.8400,1812800,5126280.0000,3
2025-04-10,20250410095500000,sz.002418,2.8400,2.8600,2.8300,2.8600,2300700,6548328.0000,3
2025-04-10,20250410100000000,sz.002418,2.8500,2.8600,2.8400,2.8400,2027900,5775356.0000,3
2025-04-10,20250410100500000,sz.002418,2.8400,2.8500,2.8400,2.8400,2618300,7444652.0000,3
2025-04-10,20250410101000000,sz.002418,2.8500,2.8500,2.8200,2.8300,2040300,5780024.0000,3
2025-04-10,20250410101500000,sz.002418,2.8300,2.8500,2.8300,2.8500,1132000,3218168.0000,3
2025-04-10,20250410102000000,sz.002418,2.8400,2.8500,2.8300,2.8400,853000,2422440.0000,3
2025-04-10,20250410102500000,sz.002418,2.8400,2.8500,2.8400,2.8500,260200,740920.0000,3
2025-04-10,20250410103000000,sz.002418,2.8500,2.8500,2.8300,2.8400,1219300,3464984.0000,3
2025-04-10,20250410103500000,sz.002418,2.8400,2.8500,2.8300,2.8300,1258800,3575192.0000,3
2025-04-10,20250410104000000,sz.002418,2.8400,2.8400,2.8300,2.8400,695700,1971816.0000,3
2025-04-10,20250410104500000,sz.002418,2.8400,2.8400,2.8100,2.8100,1272900,3595424.0000,3
2025-04-10,20250410105000000,sz.002418,2.8200,2.8200,2.8100,2.8100,768000,2158840.0000,3
2025-04-10,20250410105500000,sz.002418,2.8200,2.8200,2.8100,2.8100,1177800,3310112.0000,3
2025-04-10,20250410110000000,sz.002418,2.8200,2.8200,2.8100,2.8100,142200,400008.0000,3
2025-04-10,20250410110500000,sz.002418,2.8100,2.8100,2.8000,2.8100,1199400,3365560.0000,3
2025-04-10,20250410111000000,sz.002418,2.8100,2.8100,2.8000,2.8100,764000,2139560.0000,3
2025-04-10,20250410111500000,sz.002418,2.8100,2.8100,2.8000,2.8100,171300,480072.0000,3
2025-04-10,20250410112000000,sz.002418,2.8000,2.8100,2.7900,2.8000,813900,2279344.0000,3
2025-04-10,20250410112500000,sz.002418,2.8000,2.8100,2.8000,2.8000,417300,1169000.0000,3
2025-04-10,20250410113000000,sz.002418,2.7900,2.8000,2.7900,2.8000,391900,1093816.0000,3
2025-04-10,20250410130500000,sz.002418,2.8000,2.8000,2.7800,2.7900,1237400,3454920.0000,3
2025-04-10,20250410131000000,sz.002418,2.7900,2.8000,2.7900,2.8000,432100,1206600.0000,3
2025-04-10,20250410131500000,sz.002418,2.8000,2.8000,2.7900,2.8000,269800,754136.0000,3
2025-04-10,20250410132000000,sz.002418,2.8000,2.8000,2.7900,2.8000,405500,1131760.0000,3
2025-04-10,20250410132500000,sz.002418,2.8000,2.8000,2.7900,2.8000,772500,2162072.0000,3
2025-04-10,20250410133000000,sz.002418,2.8100,2.8100,2.8000,2.8100,171900,482568.0000,3
2025-04-10,20250410133500000,sz.002418,2.8000,2.8100,2.7900,2.8000,775400,2172040.0000,3
2025-04-10,20250410134000000,sz.002418,2.8000,2.8000,2.7900,2.8000,450500,1261168.0000,3
2025-04-10,20250410134500000,sz.002418,2.8000,2.8200,2.8000,2.8100,734900,2065656.0000,3
2025-04-10,20250410135000000,sz.002418,2.8100,2.8200,2.8000,2.8100,319000,896264.0000,3
2025-04-10,20250410135500000,sz.002418,2.8000,2.8200,2.8000,2.8200,397700,1117832.0000,3
2025-04-10,20250410140000000,sz.002418,2.8100,2.8200,2.8000,2.8000,267400,750544.0000,3
2025-04-10,20250410140500000,sz.002418,2.8000,2.8100,2.8000,2.8000,280100,784952.0000,3
2025-04-10,20250410141000000,sz.002418,2.8000,2.8200,2.8000,2.8100,1218800,3421688.0000,3
2025-04-10,20250410141500000,sz.002418,2.8100,2.8200,2.8000,2.8100,842500,2367336.0000,3
2025-04-10,20250410142000000,sz.002418,2.8200,2.8200,2.8100,2.8100,310100,872080.0000,3
2025-04-10,20250410142500000,sz.002418,2.8100,2.8200,2.8000,2.8000,1042900,2929472.0000,3
2025-04-10,20250410143000000,sz.002418,2.8100,2.8100,2.8000,2.8000,405100,1134840.0000,3
2025-04-10,20250410143500000,sz.002418,2.8100,2.8100,2.8000,2.8100,356600,999896.0000,3
2025-04-10,20250410144000000,sz.002418,2.8100,2.8100,2.7900,2.7900,1245000,3486520.0000,3
2025-04-10,20250410144500000,sz.002418,2.7900,2.8000,2.7800,2.7800,1046000,2918408.0000,3
2025-04-10,20250410145000000,sz.002418,2.7900,2.7900,2.7800,2.7900,1627900,4536544.0000,3
2025-04-10,20250410145500000,sz.002418,2.7900,2.7900,2.7800,2.7900,1029900,2870224.0000,3
2025-04-10,20250410150000000,sz.002418,2.7900,2.7900,2.7800,2.7800,1287300,3581232.0000,3
2025-04-11,20250411093500000,sz.002418,2.7500,2.8100,2.7200,2.8100,3261600,9030060.0000,3
2025-04-11,20250411094000000,sz.002418,2.8100,2.8200,2.7900,2.8100,2501100,7016381.0000,3
2025-04-11,20250411094500000,sz.002418,2.8200,2.8200,2.7900,2.8000,2484300,6959953.0000,3
2025-04-11,20250411095000000,sz.002418,2.8100,2.8200,2.8000,2.8200,1590600,4474998.0000,3
2025-04-11,20250411095500000,sz.002418,2.8100,2.8200,2.8100,2.8200,398200,1121288.0000,3
2025-04-11,20250411100000000,sz.002418,2.8200,2.8200,2.8100,2.8200,663000,1865550.0000,3
2025-04-11,20250411100500000,sz.002418,2.8100,2.8200,2.8000,2.8100,871600,2448558.0000,3
2025-04-11,20250411101000000,sz.002418,2.8100,2.8100,2.8000,2.8100,1350700,3785948.0000,3
2025-04-11,20250411101500000,sz.002418,2.8000,2.8100,2.8000,2.8100,550100,1540684.0000,3
2025-04-11,20250411102000000,sz.002418,2.8000,2.8100,2.7900,2.8100,1152200,3224244.0000,3
2025-04-11,20250411102500000,sz.002418,2.8000,2.8200,2.8000,2.8200,919400,2583784.0000,3
2025-04-11,20250411103000000,sz.002418,2.8100,2.8200,2.8000,2.8000,559800,1573940.0000,3
2025-04-11,20250411103500000,sz.002418,2.8100,2.8200,2.8000,2.8200,688900,1935652.0000,3
2025-04-11,20250411104000000,sz.002418,2.8200,2.8200,2.8000,2.8100,456000,1281616.0000,3
2025-04-11,20250411104500000,sz.002418,2.8100,2.8200,2.8100,2.8200,162200,455932.0000,3
2025-04-11,20250411105000000,sz.002418,2.8100,2.8200,2.8000,2.8100,570500,1601668.0000,3
2025-04-11,20250411105500000,sz.002418,2.8000,2.8100,2.7900,2.8000,837200,2343816.0000,3
2025-04-11,20250411110000000,sz.002418,2.8000,2.8000,2.7900,2.7900,640000,1786736.0000,3
2025-04-11,20250411110500000,sz.002418,2.7900,2.8000,2.7800,2.7900,234400,653444.0000,3
2025-04-11,20250411111000000,sz.002418,2.8000,2.8000,2.7900,2.7900,108100,301884.0000,3
2025-04-11,20250411111500000,sz.002418,2.8000,2.8000,2.7800,2.7900,444000,1237036.0000,3
2025-04-11,20250411112000000,sz.002418,2.7900,2.8000,2.7800,2.7900,480900,1342244.0000,3
2025-04-11,20250411112500000,sz.002418,2.7900,2.8000,2.7700,2.7900,942100,2620368.0000,3
2025-04-11,20250411113000000,sz.002418,2.7900,2.7900,2.7700,2.7800,463100,1288608.0000,3
2025-04-11,20250411130500000,sz.002418,2.7900,2.8100,2.7900,2.8100,855600,2393012.0000,3
2025-04-11,20250411131000000,sz.002418,2.8100,2.8100,2.8000,2.8000,195400,547932.0000,3
2025-04-11,20250411131500000,sz.002418,2.8000,2.8100,2.8000,2.8000,298600,836448.0000,3
2025-04-11,20250411132000000,sz.002418,2.8000,2.8100,2.8000,2.8100,310900,870880.0000,3
2025-04-11,20250411132500000,sz.002418,2.8000,2.8100,2.8000,2.8000,227500,637272.0000,3
2025-04-11,20250411133000000,sz.002418,2.8000,2.8100,2.8000,2.8000,467300,1309888.0000,3
2025-04-11,20250411133500000,sz.002418,2.8000,2.8100,2.8000,2.8000,406600,1139152.0000,3
2025-04-11,20250411134000000,sz.002418,2.8100,2.8200,2.8000,2.8200,3693600,10397224.0000,3
2025-04-11,20250411134500000,sz.002418,2.8200,2.8200,2.8000,2.8200,1091300,3071344.0000,3
2025-04-11,20250411135000000,sz.002418,2.8100,2.8200,2.8000,2.8100,1085500,3051464.0000,3
2025-04-11,20250411135500000,sz.002418,2.8200,2.8200,2.8100,2.8100,323700,910272.0000,3
2025-04-11,20250411140000000,sz.002418,2.8100,2.8100,2.8000,2.8100,648300,1818240.0000,3
2025-04-11,20250411140500000,sz.002418,2.8100,2.8100,2.8000,2.8000,359500,1007976.0000,3
2025-04-11,20250411141000000,sz.002418,2.8100,2.8200,2.8100,2.8100,826800,2326512.0000,3
2025-04-11,20250411141500000,sz.002418,2.8100,2.8200,2.8000,2.8100,493000,1385608.0000,3
2025-04-11,20250411142000000,sz.002418,2.8000,2.8100,2.8000,2.8100,239000,670976.0000,3
2025-04-11,20250411142500000,sz.002418,2.8100,2.8100,2.8000,2.8100,236900,665504.0000,3
2025-04-11,20250411143000000,sz.002418,2.8100,2.8100,2.8000,2.8100,650400,1827456.0000,3
2025-04-11,20250411143500000,sz.002418,2.8100,2.8100,2.8000,2.8000,374700,1051600.0000,3
2025-04-11,20250411144000000,sz.002418,2.8100,2.8100,2.8000,2.8000,482500,1353560.0000,3
2025-04-11,20250411144500000,sz.002418,2.8000,2.8000,2.7900,2.8000,1938500,5425800.0000,3
2025-04-11,20250411145000000,sz.002418,2.8000,2.8100,2.7900,2.8000,797400,2232648.0000,3
2025-04-11,20250411145500000,sz.002418,2.8100,2.8100,2.8000,2.8000,871700,2442464.0000,3
2025-04-11,20250411150000000,sz.002418,2.8000,2.8100,2.8000,2.8000,1314100,3683656.0000,3
2025-04-14,20250414093500000,sz.002418,2.8400,2.9100,2.8400,2.9100,5834200,16819202.0000,3
2025-04-14,20250414094000000,sz.002418,2.9100,2.9100,2.8700,2.8900,2990300,8643698.0000,3
2025-04-14,20250414094500000,sz.002418,2.8900,2.9000,2.8800,2.9000,2805000,8116724.0000,3
2025-04-14,20250414095000000,sz.002418,2.9000,2.9000,2.8900,2.8900,772300,2236120.0000,3
2025-04-14,20250414095500000,sz.002418,2.8900,2.9000,2.8800,2.8900,1721100,4972960.0000,3
2025-04-14,20250414100000000,sz.002418,2.9000,2.9000,2.8800,2.8800,467000,1348512.0000,3
2025-04-14,20250414100500000,sz.002418,2.8800,2.8900,2.8700,2.8900,1459000,4201976.0000,3
2025-04-14,20250414101000000,sz.002418,2.8800,2.9000,2.8800,2.8800,1452000,4196448.0000,3
2025-04-14,20250414101500000,sz.002418,2.8900,2.9000,2.8800,2.8900,565300,1632892.0000,3
2025-04-14,20250414102000000,sz.002418,2.9000,2.9000,2.8900,2.8900,964700,2795096.0000,3
2025-04-14,20250414102500000,sz.002418,2.9000,2.9000,2.8900,2.8900,728700,2111220.0000,3
2025-04-14,20250414103000000,sz.002418,2.9000,2.9100,2.8900,2.9100,2476700,7191780.0000,3
2025-04-14,20250414103500000,sz.002418,2.9100,2.9100,2.8900,2.8900,1903000,5530620.0000,3
2025-04-14,20250414104000000,sz.002418,2.9000,2.9100,2.8900,2.9100,333400,967008.0000,3
2025-04-14,20250414104500000,sz.002418,2.9100,2.9100,2.9000,2.9100,179100,520544.0000,3
2025-04-14,20250414105000000,sz.002418,2.9100,2.9200,2.9000,2.9100,1010900,2940216.0000,3
2025-04-14,20250414105500000,sz.002418,2.9100,2.9200,2.9000,2.9000,218300,635280.0000,3
2025-04-14,20250414110000000,sz.002418,2.9100,2.9100,2.9000,2.9100,245400,712736.0000,3
2025-04-14,20250414110500000,sz.002418,2.9000,2.9200,2.9000,2.9100,580900,1690424.0000,3
2025-04-14,20250414111000000,sz.002418,2.9200,2.9200,2.9000,2.9000,278800,811616.0000,3
2025-04-14,20250414111500000,sz.002418,2.9000,2.9100,2.9000,2.9100,510500,1483984.0000,3
2025-04-14,20250414112000000,sz.002418,2.9000,2.9100,2.9000,2.9100,625600,1820064.0000,3
2025-04-14,20250414112500000,sz.002418,2.9100,2.9200,2.9100,2.9200,152400,444224.0000,3
2025-04-14,20250414113000000,sz.002418,2.9200,2.9200,2.8900,2.8900,934900,2711232.0000,3
2025-04-14,20250414130500000,sz.002418,2.8900,2.9000,2.8900,2.9000,437300,1267072.0000,3
2025-04-14,20250414131000000,sz.002418,2.8900,2.9000,2.8800,2.8900,1074100,3100064.0000,3
2025-04-14,20250414131500000,sz.002418,2.8900,2.8900,2.8700,2.8800,1542400,4444160.0000,3
2025-04-14,20250414132000000,sz.002418,2.8800,2.8900,2.8700,2.8800,883400,2544936.0000,3
2025-04-14,20250414132500000,sz.002418,2.8800,2.8900,2.8700,2.8700,327000,940408.0000,3
2025-04-14,20250414133000000,sz.002418,2.8800,2.8800,2.8700,2.8700,253700,728264.0000,3
2025-04-14,20250414133500000,sz.002418,2.8800,2.8800,2.8700,2.8800,202000,580352.0000,3
2025-04-14,20250414134000000,sz.002418,2.8800,2.8800,2.8600,2.8700,1085000,3114760.0000,3
2025-04-14,20250414134500000,sz.002418,2.8700,2.8700,2.8600,2.8600,277500,794832.0000,3
2025-04-14,20250414135000000,sz.002418,2.8700,2.8700,2.8600,2.8600,207800,594976.0000,3
2025-04-14,20250414135500000,sz.002418,2.8700,2.8700,2.8600,2.8600,408300,1170584.0000,3
2025-04-14,20250414140000000,sz.002418,2.8700,2.8800,2.8600,2.8700,852100,2445520.0000,3
2025-04-14,20250414140500000,sz.002418,2.8800,2.8900,2.8700,2.8700,1110700,3196904.0000,3
2025-04-14,20250414141000000,sz.002418,2.8800,2.8800,2.8700,2.8800,59200,170336.0000,3
2025-04-14,20250414141500000,sz.002418,2.8700,2.8800,2.8700,2.8700,81000,232888.0000,3
2025-04-14,20250414142000000,sz.002418,2.8800,2.8800,2.8700,2.8700,164500,473000.0000,3
2025-04-14,20250414142500000,sz.002418,2.8800,2.8800,2.8600,2.8700,1292100,3707600.0000,3
2025-04-14,20250414143000000,sz.002418,2.8600,2.8700,2.8600,2.8700,687100,1966160.0000,3
2025-04-14,20250414143500000,sz.002418,2.8600,2.8700,2.8600,2.8700,731300,2098512.0000,3
2025-04-14,20250414144000000,sz.002418,2.8700,2.8800,2.8600,2.8700,420100,1205952.0000,3
2025-04-14,20250414144500000,sz.002418,2.8800,2.8800,2.8700,2.8800,665600,1911088.0000,3
2025-04-14,20250414145000000,sz.002418,2.8800,2.8800,2.8700,2.8800,485600,1396248.0000,3
2025-04-14,20250414145500000,sz.002418,2.8800,2.8800,2.8700,2.8800,1105300,3178480.0000,3
2025-04-14,20250414150000000,sz.002418,2.8800,2.8800,2.8700,2.8800,1363300,3924168.0000,3
2025-04-15,20250415093500000,sz.002418,2.8800,2.9000,2.8800,2.8900,2897300,8370431.0000,3
2025-04-15,20250415094000000,sz.002418,2.8800,2.8900,2.8600,2.8600,1928000,5537186.0000,3
2025-04-15,20250415094500000,sz.002418,2.8600,2.8700,2.8400,2.8400,1654800,4718075.0000,3
2025-04-15,20250415095000000,sz.002418,2.8400,2.8500,2.8300,2.8400,1738400,4935352.0000,3
2025-04-15,20250415095500000,sz.002418,2.8400,2.8600,2.8400,2.8400,963100,2742856.0000,3
2025-04-15,20250415100000000,sz.002418,2.8400,2.8500,2.8300,2.8400,1677100,4755770.0000,3
2025-04-15,20250415100500000,sz.002418,2.8300,2.8500,2.8300,2.8400,740800,2103114.0000,3
2025-04-15,20250415101000000,sz.002418,2.8300,2.8500,2.8300,2.8500,974600,2771952.0000,3
2025-04-15,20250415101500000,sz.002418,2.8600,2.8600,2.8500,2.8500,740500,2113444.0000,3
2025-04-15,20250415102000000,sz.002418,2.8500,2.8600,2.8500,2.8600,454100,1294604.0000,3
2025-04-15,20250415102500000,sz.002418,2.8600,2.8600,2.8400,2.8500,533000,1519040.0000,3
2025-04-15,20250415103000000,sz.002418,2.8600,2.8600,2.8500,2.8500,145300,414560.0000,3
2025-04-15,20250415103500000,sz.002418,2.8600,2.8600,2.8500,2.8600,225600,643444.0000,3
2025-04-15,20250415104000000,sz.002418,2.8600,2.8600,2.8400,2.8500,641100,1827748.0000,3
2025-04-15,20250415104500000,sz.002418,2.8500,2.8600,2.8400,2.8500,216700,617668.0000,3
2025-04-15,20250415105000000,sz.002418,2.8400,2.8500,2.8400,2.8500,144200,410340.0000,3
2025-04-15,20250415105500000,sz.002418,2.8400,2.8500,2.8300,2.8500,1167100,3314584.0000,3
2025-04-15,20250415110000000,sz.002418,2.8400,2.8500,2.8400,2.8500,343700,978068.0000,3
2025-04-15,20250415110500000,sz.002418,2.8500,2.8500,2.8400,2.8500,116400,331024.0000,3
2025-04-15,20250415111000000,sz.002418,2.8400,2.8500,2.8400,2.8400,355300,1009080.0000,3
2025-04-15,20250415111500000,sz.002418,2.8500,2.8500,2.8300,2.8300,495500,1406068.0000,3
2025-04-15,20250415112000000,sz.002418,2.8300,2.8500,2.8300,2.8300,277100,784956.0000,3
2025-04-15,20250415112500000,sz.002418,2.8300,2.8400,2.8200,2.8300,1499800,4241896.0000,3
2025-04-15,20250415113000000,sz.002418,2.8300,2.8300,2.8200,2.8300,687400,1939768.0000,3
2025-04-15,20250415130500000,sz.002418,2.8300,2.8300,2.8100,2.8100,860200,2423812.0000,3
2025-04-15,20250415131000000,sz.002418,2.8200,2.8300,2.8100,2.8300,859900,2423808.0000,3
2025-04-15,20250415131500000,sz.002418,2.8300,2.8300,2.8100,2.8100,318000,896428.0000,3
2025-04-15,20250415132000000,sz.002418,2.8200,2.8200,2.8100,2.8200,208500,586520.0000,3
2025-04-15,20250415132500000,sz.002418,2.8100,2.8200,2.8100,2.8100,171000,480884.0000,3
2025-04-15,20250415133000000,sz.002418,2.8200,2.8200,2.8100,2.8200,618100,1742048.0000,3
2025-04-15,20250415133500000,sz.002418,2.8200,2.8300,2.8200,2.8300,140100,396040.0000,3
2025-04-15,20250415134000000,sz.002418,2.8200,2.8300,2.8200,2.8200,673200,1903960.0000,3
2025-04-15,20250415134500000,sz.002418,2.8200,2.8500,2.8200,2.8500,671600,1904528.0000,3
2025-04-15,20250415135000000,sz.002418,2.8500,2.8500,2.8400,2.8400,133800,380560.0000,3
2025-04-15,20250415135500000,sz.002418,2.8500,2.8500,2.8300,2.8300,403200,1143840.0000,3
2025-04-15,20250415140000000,sz.002418,2.8400,2.8400,2.8300,2.8300,175500,497672.0000,3
2025-04-15,20250415140500000,sz.002418,2.8300,2.8400,2.8200,2.8200,718000,2032472.0000,3
2025-04-15,20250415141000000,sz.002418,2.8300,2.8300,2.8200,2.8200,198900,561472.0000,3
2025-04-15,20250415141500000,sz.002418,2.8300,2.8400,2.8200,2.8400,416600,1178776.0000,3
2025-04-15,20250415142000000,sz.002418,2.8400,2.8500,2.8300,2.8500,1346700,3830952.0000,3
2025-04-15,20250415142500000,sz.002418,2.8400,2.8500,2.8400,2.8400,95700,272064.0000,3
2025-04-15,20250415143000000,sz.002418,2.8500,2.8600,2.8400,2.8400,845000,2407680.0000,3
2025-04-15,20250415143500000,sz.002418,2.8400,2.8600,2.8400,2.8400,667500,1901840.0000,3
2025-04-15,20250415144000000,sz.002418,2.8500,2.8500,2.8400,2.8400,167400,476000.0000,3
2025-04-15,20250415144500000,sz.002418,2.8400,2.8500,2.8400,2.8400,439100,1248592.0000,3
2025-04-15,20250415145000000,sz.002418,2.8500,2.8500,2.8400,2.8500,428000,1219072.0000,3
2025-04-15,20250415145500000,sz.002418,2.8500,2.8500,2.8400,2.8500,705100,2008120.0000,3
2025-04-15,20250415150000000,sz.002418,2.8400,2.8500,2.8400,2.8500,602500,1716584.0000,3
2025-04-16,20250416093500000,sz.002418,2.8300,2.8400,2.8100,2.8400,1755900,4962984.0000,3
2025-04-16,20250416094000000,sz.002418,2.8400,2.8500,2.8200,2.8400,1374600,3901092.0000,3
2025-04-16,20250416094500000,sz.002418,2.8400,2.8400,2.8200,2.8300,972300,2750044.0000,3
2025-04-16,20250416095000000,sz.002418,2.8300,2.8400,2.8200,2.8300,644900,1825009.0000,3
2025-04-16,20250416095500000,sz.002418,2.8300,2.8400,2.8200,2.8300,627000,1772977.0000,3
2025-04-16,20250416100000000,sz.002418,2.8200,2.8300,2.8100,2.8100,2234200,6290216.0000,3
2025-04-16,20250416100500000,sz.002418,2.8100,2.8200,2.8100,2.8200,492300,1385310.0000,3
2025-04-16,20250416101000000,sz.002418,2.8200,2.8200,2.8000,2.8000,839600,2359056.0000,3
2025-04-16,20250416101500000,sz.002418,2.8000,2.8100,2.8000,2.8100,764500,2147118.0000,3
2025-04-16,20250416102000000,sz.002418,2.8100,2.8200,2.8000,2.8100,414300,1164030.0000,3
2025-04-16,20250416102500000,sz.002418,2.8100,2.8100,2.8000,2.8000,472100,1324608.0000,3
2025-04-16,20250416103000000,sz.002418,2.8100,2.8100,2.8000,2.8100,249600,699486.0000,3
2025-04-16,20250416103500000,sz.002418,2.8100,2.8100,2.8000,2.8000,244000,684212.0000,3
2025-04-16,20250416104000000,sz.002418,2.8000,2.8100,2.8000,2.8000,246000,689222.0000,3
2025-04-16,20250416104500000,sz.002418,2.8000,2.8000,2.7800,2.7800,2186900,6108024.0000,3
2025-04-16,20250416105000000,sz.002418,2.7800,2.7900,2.7800,2.7800,1148300,3193932.0000,3
2025-04-16,20250416105500000,sz.002418,2.7900,2.7900,2.7800,2.7900,408300,1137704.0000,3
2025-04-16,20250416110000000,sz.002418,2.7900,2.7900,2.7700,2.7800,1230500,3420992.0000,3
2025-04-16,20250416110500000,sz.002418,2.7900,2.7900,2.7700,2.7700,772400,2145816.0000,3
2025-04-16,20250416111000000,sz.002418,2.7700,2.7800,2.7700,2.7800,384200,1064600.0000,3
2025-04-16,20250416111500000,sz.002418,2.7800,2.7800,2.7700,2.7700,231500,642584.0000,3
2025-04-16,20250416112000000,sz.002418,2.7700,2.7700,2.7500,2.7500,1184600,3274592.0000,3
2025-04-16,20250416112500000,sz.002418,2.7600,2.7600,2.7500,2.7500,608000,1674304.0000,3
2025-04-16,20250416113000000,sz.002418,2.7500,2.7600,2.7300,2.7300,1060100,2908304.0000,3
2025-04-16,20250416130500000,sz.002418,2.7300,2.7500,2.7300,2.7500,1267600,3465944.0000,3
2025-04-16,20250416131000000,sz.002418,2.7400,2.7700,2.7400,2.7700,593100,1638144.0000,3
2025-04-16,20250416131500000,sz.002418,2.7700,2.7700,2.7600,2.7700,880000,2436464.0000,3
2025-04-16,20250416132000000,sz.002418,2.7700,2.7800,2.7600,2.7600,782700,2163840.0000,3
2025-04-16,20250416132500000,sz.002418,2.7600,2.7700,2.7500,2.7500,1280000,3529976.0000,3
2025-04-16,20250416133000000,sz.002418,2.7500,2.7700,2.7500,2.7700,297100,820144.0000,3
2025-04-16,20250416133500000,sz.002418,2.7700,2.7700,2.7600,2.7600,456600,1260664.0000,3
2025-04-16,20250416134000000,sz.002418,2.7700,2.7800,2.7600,2.7600,1101900,3050704.0000,3
2025-04-16,20250416134500000,sz.002418,2.7600,2.7600,2.7400,2.7500,876100,2412072.0000,3
2025-04-16,20250416135000000,sz.002418,2.7500,2.7500,2.7400,2.7500,201600,553128.0000,3
2025-04-16,20250416135500000,sz.002418,2.7500,2.7600,2.7400,2.7600,362200,995760.0000,3
2025-04-16,20250416140000000,sz.002418,2.7600,2.7600,2.7400,2.7500,297300,817448.0000,3
2025-04-16,20250416140500000,sz.002418,2.7500,2.7600,2.7400,2.7600,358200,986912.0000,3
2025-04-16,20250416141000000,sz.002418,2.7600,2.7700,2.7500,2.7600,276300,761952.0000,3
2025-04-16,20250416141500000,sz.002418,2.7600,2.7700,2.7600,2.7700,276400,763184.0000,3
2025-04-16,20250416142000000,sz.002418,2.7700,2.7700,2.7500,2.7500,351300,969904.0000,3
2025-04-16,20250416142500000,sz.002418,2.7600,2.7700,2.7500,2.7600,227400,627560.0000,3
2025-04-16,20250416143000000,sz.002418,2.7600,2.7600,2.7500,2.7600,207600,572432.0000,3
2025-04-16,20250416143500000,sz.002418,2.7600,2.7600,2.7500,2.7600,155300,427400.0000,3
2025-04-16,20250416144000000,sz.002418,2.7600,2.7600,2.7500,2.7500,168300,463384.0000,3
2025-04-16,20250416144500000,sz.002418,2.7500,2.7600,2.7500,2.7500,620400,1710768.0000,3
2025-04-16,20250416145000000,sz.002418,2.7600,2.7700,2.7500,2.7700,602500,1663736.0000,3
2025-04-16,20250416145500000,sz.002418,2.7600,2.7700,2.7600,2.7700,863800,2387000.0000,3
2025-04-16,20250416150000000,sz.002418,2.7700,2.7700,2.7600,2.7700,1006800,2784656.0000,3
2025-04-17,20250417093500000,sz.002418,2.7500,2.8000,2.7300,2.8000,2419100,6710301.0000,3
2025-04-17,20250417094000000,sz.002418,2.7900,2.8100,2.7800,2.7800,1720500,4810594.0000,3
2025-04-17,20250417094500000,sz.002418,2.7800,2.8000,2.7800,2.7800,1335000,3723778.0000,3
2025-04-17,20250417095000000,sz.002418,2.7900,2.8100,2.7900,2.8100,2070200,5802053.0000,3
2025-04-17,20250417095500000,sz.002418,2.8000,2.8200,2.8000,2.8200,1111600,3125798.0000,3
2025-04-17,20250417100000000,sz.002418,2.8100,2.8200,2.8000,2.8100,1003500,2820900.0000,3
2025-04-17,20250417100500000,sz.002418,2.8100,2.8200,2.8100,2.8200,1342300,3780696.0000,3
2025-04-17,20250417101000000,sz.002418,2.8100,2.8300,2.8100,2.8100,1668500,4706224.0000,3
2025-04-17,20250417101500000,sz.002418,2.8100,2.8200,2.8100,2.8200,1047600,2950888.0000,3
2025-04-17,20250417102000000,sz.002418,2.8100,2.8300,2.8100,2.8300,500200,1410808.0000,3
2025-04-17,20250417102500000,sz.002418,2.8200,2.8300,2.8200,2.8300,214800,606688.0000,3
2025-04-17,20250417103000000,sz.002418,2.8200,2.8300,2.8100,2.8200,635400,1793968.0000,3
2025-04-17,20250417103500000,sz.002418,2.8100,2.8200,2.8000,2.8000,676000,1899640.0000,3
2025-04-17,20250417104000000,sz.002418,2.8000,2.8100,2.8000,2.8100,125000,350376.0000,3
2025-04-17,20250417104500000,sz.002418,2.8000,2.8200,2.8000,2.8200,336600,946752.0000,3
2025-04-17,20250417105000000,sz.002418,2.8100,2.8200,2.8100,2.8100,255600,719100.0000,3
2025-04-17,20250417105500000,sz.002418,2.8100,2.8200,2.8000,2.8200,407200,1144092.0000,3
2025-04-17,20250417110000000,sz.002418,2.8100,2.8200,2.8100,2.8100,76700,215708.0000,3
2025-04-17,20250417110500000,sz.002418,2.8100,2.8200,2.8100,2.8100,187400,527644.0000,3
2025-04-17,20250417111000000,sz.002418,2.8200,2.8200,2.8100,2.8100,312900,881984.0000,3
2025-04-17,20250417111500000,sz.002418,2.8100,2.8300,2.8100,2.8300,1544100,4356380.0000,3
2025-04-17,20250417112000000,sz.002418,2.8300,2.8300,2.8200,2.8300,649800,1838388.0000,3
2025-04-17,20250417112500000,sz.002418,2.8300,2.8400,2.8200,2.8300,1127000,3189556.0000,3
2025-04-17,20250417113000000,sz.002418,2.8200,2.8300,2.8200,2.8200,116900,330268.0000,3
2025-04-17,20250417130500000,sz.002418,2.8300,2.8300,2.8100,2.8200,809400,2282128.0000,3
2025-04-17,20250417131000000,sz.002418,2.8200,2.8200,2.8100,2.8200,204300,574424.0000,3
2025-04-17,20250417131500000,sz.002418,2.8100,2.8200,2.8000,2.8000,621500,1744868.0000,3
2025-04-17,20250417132000000,sz.002418,2.8000,2.8100,2.8000,2.8100,102600,287600.0000,3
2025-04-17,20250417132500000,sz.002418,2.8000,2.8100,2.8000,2.8100,60100,168556.0000,3
2025-04-17,20250417133000000,sz.002418,2.8000,2.8100,2.8000,2.8100,153800,431064.0000,3
2025-04-17,20250417133500000,sz.002418,2.8000,2.8100,2.7900,2.8000,1180900,3305816.0000,3
2025-04-17,20250417134000000,sz.002418,2.7900,2.8000,2.7900,2.8000,208600,582688.0000,3
2025-04-17,20250417134500000,sz.002418,2.8000,2.8000,2.7900,2.7900,83900,234584.0000,3
2025-04-17,20250417135000000,sz.002418,2.8000,2.8000,2.7900,2.8000,314700,879616.0000,3
2025-04-17,20250417135500000,sz.002418,2.7900,2.8000,2.7900,2.8000,86400,241360.0000,3
2025-04-17,20250417140000000,sz.002418,2.8000,2.8000,2.7900,2.8000,63800,178368.0000,3
2025-04-17,20250417140500000,sz.002418,2.7900,2.8000,2.7900,2.7900,122200,341080.0000,3
2025-04-17,20250417141000000,sz.002418,2.8000,2.8000,2.7900,2.7900,183000,512000.0000,3
2025-04-17,20250417141500000,sz.002418,2.7900,2.8100,2.7900,2.8000,427500,1197352.0000,3
2025-04-17,20250417142000000,sz.002418,2.8100,2.8100,2.8000,2.8000,448200,1255072.0000,3
2025-04-17,20250417142500000,sz.002418,2.7900,2.8000,2.7900,2.8000,269700,754440.0000,3
2025-04-17,20250417143000000,sz.002418,2.7900,2.8000,2.7900,2.8000,156900,437880.0000,3
2025-04-17,20250417143500000,sz.002418,2.8000,2.8000,2.7900,2.8000,144700,404296.0000,3
2025-04-17,20250417144000000,sz.002418,2.8000,2.8000,2.7900,2.7900,402200,1122528.0000,3
2025-04-17,20250417144500000,sz.002418,2.7900,2.8000,2.7800,2.7800,886400,2471536.0000,3
2025-04-17,20250417145000000,sz.002418,2.7900,2.7900,2.7800,2.7900,834300,2324600.0000,3
2025-04-17,20250417145500000,sz.002418,2.7900,2.8000,2.7800,2.7900,959400,2677464.0000,3
2025-04-17,20250417150000000,sz.002418,2.7900,2.8000,2.7800,2.7900,885400,2470504.0000,3
2025-04-18,20250418093500000,sz.002418,2.7800,2.8000,2.7600,2.7800,2082700,5788617.0000,3
2025-04-18,20250418094000000,sz.002418,2.7700,2.7800,2.7500,2.7800,1418400,3919705.0000,3
2025-04-18,20250418094500000,sz.002418,2.7800,2.8100,2.7600,2.7900,3186000,8887092.0000,3
2025-04-18,20250418095000000,sz.002418,2.7900,2.7900,2.7500,2.7600,1238600,3427146.0000,3
2025-04-18,20250418095500000,sz.002418,2.7600,2.7700,2.7500,2.7500,803400,2216426.0000,3
2025-04-18,20250418100000000,sz.002418,2.7600,2.7700,2.7500,2.7500,688400,1899046.0000,3
2025-04-18,20250418100500000,sz.002418,2.7500,2.7600,2.7400,2.7500,2148500,5907448.0000,3
2025-04-18,20250418101000000,sz.002418,2.7500,2.7600,2.7500,2.7500,504500,1388252.0000,3
2025-04-18,20250418101500000,sz.002418,2.7600,2.7600,2.7400,2.7400,476000,1308292.0000,3
2025-04-18,20250418102000000,sz.002418,2.7400,2.7500,2.7300,2.7500,1012200,2773608.0000,3
2025-04-18,20250418102500000,sz.002418,2.7400,2.7500,2.7400,2.7500,387100,1061788.0000,3
2025-04-18,20250418103000000,sz.002418,2.7500,2.7600,2.7400,2.7500,457800,1258676.0000,3
2025-04-18,20250418103500000,sz.002418,2.7600,2.7600,2.7500,2.7500,271800,747864.0000,3
2025-04-18,20250418104000000,sz.002418,2.7500,2.7500,2.7400,2.7500,429800,1180368.0000,3
2025-04-18,20250418104500000,sz.002418,2.7600,2.7600,2.7500,2.7500,405400,1115316.0000,3
2025-04-18,20250418105000000,sz.002418,2.7500,2.7600,2.7400,2.7500,299300,822156.0000,3
2025-04-18,20250418105500000,sz.002418,2.7500,2.7500,2.7400,2.7400,215500,591544.0000,3
2025-04-18,20250418110000000,sz.002418,2.7400,2.7500,2.7400,2.7400,448000,1227816.0000,3
2025-04-18,20250418110500000,sz.002418,2.7400,2.7400,2.7200,2.7200,1397100,3817196.0000,3
2025-04-18,20250418111000000,sz.002418,2.7300,2.7300,2.7200,2.7200,650000,1768816.0000,3
2025-04-18,20250418111500000,sz.002418,2.7200,2.7400,2.7200,2.7300,464600,1268172.0000,3
2025-04-18,20250418112000000,sz.002418,2.7300,2.7400,2.7200,2.7400,379100,1035832.0000,3
2025-04-18,20250418112500000,sz.002418,2.7400,2.7400,2.7300,2.7400,150300,410808.0000,3
2025-04-18,20250418113000000,sz.002418,2.7400,2.7400,2.7200,2.7400,437400,1194420.0000,3
2025-04-18,20250418130500000,sz.002418,2.7400,2.7400,2.7300,2.7300,180200,492484.0000,3
2025-04-18,20250418131000000,sz.002418,2.7300,2.7500,2.7300,2.7400,418800,1148204.0000,3
2025-04-18,20250418131500000,sz.002418,2.7500,2.7500,2.7300,2.7300,166400,455880.0000,3
2025-04-18,20250418132000000,sz.002418,2.7400,2.7400,2.7300,2.7400,142800,390532.0000,3
2025-04-18,20250418132500000,sz.002418,2.7400,2.7500,2.7300,2.7400,544600,1491932.0000,3
2025-04-18,20250418133000000,sz.002418,2.7500,2.7500,2.7400,2.7500,62700,172036.0000,3
2025-04-18,20250418133500000,sz.002418,2.7500,2.7600,2.7400,2.7600,677000,1861960.0000,3
2025-04-18,20250418134000000,sz.002418,2.7600,2.7600,2.7500,2.7600,72400,199304.0000,3
2025-04-18,20250418134500000,sz.002418,2.7600,2.7600,2.7400,2.7400,272900,750252.0000,3
2025-04-18,20250418135000000,sz.002418,2.7400,2.7500,2.7400,2.7500,107700,296032.0000,3
2025-04-18,20250418135500000,sz.002418,2.7500,2.7700,2.7500,2.7700,723200,1999360.0000,3
2025-04-18,20250418140000000,sz.002418,2.7800,2.7800,2.7700,2.7700,342600,951416.0000,3
2025-04-18,20250418140500000,sz.002418,2.7800,2.7800,2.7600,2.7600,293500,813100.0000,3
2025-04-18,20250418141000000,sz.002418,2.7700,2.7800,2.7700,2.7800,407000,1128664.0000,3
2025-04-18,20250418141500000,sz.002418,2.7800,2.7800,2.7700,2.7800,225400,626128.0000,3
2025-04-18,20250418142000000,sz.002418,2.7800,2.8000,2.7800,2.7800,1518200,4234440.0000,3
2025-04-18,20250418142500000,sz.002418,2.7900,2.7900,2.7800,2.7900,180900,503880.0000,3
2025-04-18,20250418143000000,sz.002418,2.7900,2.7900,2.7800,2.7800,50900,141840.0000,3
2025-04-18,20250418143500000,sz.002418,2.7900,2.7900,2.7800,2.7800,105700,294400.0000,3
2025-04-18,20250418144000000,sz.002418,2.7900,2.7900,2.7800,2.7900,843800,2353640.0000,3
2025-04-18,20250418144500000,sz.002418,2.7800,2.7900,2.7800,2.7900,356600,993576.0000,3
2025-04-18,20250418145000000,sz.002418,2.7800,2.7900,2.7800,2.7800,359900,1001328.0000,3
2025-04-18,20250418145500000,sz.002418,2.7900,2.7900,2.7800,2.7800,789500,2197376.0000,3
2025-04-18,20250418150000000,sz.002418,2.7900,2.7900,2.7700,2.7700,1224700,3398360.0000,3
2025-04-21,20250421093500000,sz.002418,2.7700,2.7700,2.7400,2.7600,1137900,3138119.0000,3
2025-04-21,20250421094000000,sz.002418,2.7700,2.7700,2.7500,2.7600,662900,1830103.0000,3
2025-04-21,20250421094500000,sz.002418,2.7700,2.7900,2.7700,2.7900,886500,2462015.0000,3
2025-04-21,20250421095000000,sz.002418,2.7900,2.7900,2.7700,2.7900,1122000,3119854.0000,3
2025-04-21,20250421095500000,sz.002418,2.8000,2.8000,2.7800,2.7900,1550200,4328464.0000,3
2025-04-21,20250421100000000,sz.002418,2.7800,2.7900,2.7800,2.7800,440600,1227033.0000,3
2025-04-21,20250421100500000,sz.002418,2.7900,2.7900,2.7800,2.7900,402300,1120248.0000,3
2025-04-21,20250421101000000,sz.002418,2.7900,2.7900,2.7800,2.7900,219000,609492.0000,3
2025-04-21,20250421101500000,sz.002418,2.7900,2.8000,2.7800,2.7900,1495800,4173436.0000,3
2025-04-21,20250421102000000,sz.002418,2.7900,2.7900,2.7800,2.7900,322900,898664.0000,3
2025-04-21,20250421102500000,sz.002418,2.7800,2.7900,2.7800,2.7900,452900,1262382.0000,3
2025-04-21,20250421103000000,sz.002418,2.7900,2.7900,2.7800,2.7900,399300,1112818.0000,3
2025-04-21,20250421103500000,sz.002418,2.7900,2.7900,2.7800,2.7800,684200,1902292.0000,3
2025-04-21,20250421104000000,sz.002418,2.7900,2.7900,2.7800,2.7900,186800,519372.0000,3
2025-04-21,20250421104500000,sz.002418,2.7900,2.7900,2.7700,2.7700,282200,784020.0000,3
2025-04-21,20250421105000000,sz.002418,2.7700,2.7800,2.7700,2.7800,578700,1603446.0000,3
2025-04-21,20250421105500000,sz.002418,2.7800,2.7800,2.7700,2.7700,202500,562254.0000,3
2025-04-21,20250421110000000,sz.002418,2.7800,2.7800,2.7700,2.7800,65600,182072.0000,3
2025-04-21,20250421110500000,sz.002418,2.7700,2.7800,2.7700,2.7800,179200,497434.0000,3
2025-04-21,20250421111000000,sz.002418,2.7700,2.7900,2.7700,2.7700,708900,1970790.0000,3
2025-04-21,20250421111500000,sz.002418,2.7800,2.7800,2.7700,2.7800,76900,213672.0000,3
2025-04-21,20250421112000000,sz.002418,2.7800,2.7900,2.7700,2.7900,475600,1323200.0000,3
2025-04-21,20250421112500000,sz.002418,2.7900,2.7900,2.7800,2.7900,37800,105272.0000,3
2025-04-21,20250421113000000,sz.002418,2.7800,2.7900,2.7800,2.7900,239500,666336.0000,3
2025-04-21,20250421130500000,sz.002418,2.7900,2.8000,2.7800,2.8000,1743700,4872412.0000,3
2025-04-21,20250421131000000,sz.002418,2.7900,2.8000,2.7800,2.7900,388000,1082356.0000,3
2025-04-21,20250421131500000,sz.002418,2.7900,2.7900,2.7800,2.7900,37900,105700.0000,3
2025-04-21,20250421132000000,sz.002418,2.7800,2.8000,2.7800,2.8000,813800,2271008.0000,3
2025-04-21,20250421132500000,sz.002418,2.8000,2.8000,2.7900,2.8000,655400,1832212.0000,3
2025-04-21,20250421133000000,sz.002418,2.8000,2.8000,2.7900,2.8000,314300,877868.0000,3
2025-04-21,20250421133500000,sz.002418,2.8000,2.8000,2.7900,2.7900,282400,790240.0000,3
2025-04-21,20250421134000000,sz.002418,2.8000,2.8000,2.7900,2.8000,65600,183512.0000,3
2025-04-21,20250421134500000,sz.002418,2.8000,2.8000,2.7900,2.8000,903400,2521160.0000,3
2025-04-21,20250421135000000,sz.002418,2.8000,2.8100,2.7900,2.8100,1646700,4612896.0000,3
2025-04-21,20250421135500000,sz.002418,2.8100,2.8100,2.8000,2.8100,232800,653728.0000,3
2025-04-21,20250421140000000,sz.002418,2.8000,2.8200,2.8000,2.8100,1032800,2905116.0000,3
2025-04-21,20250421140500000,sz.002418,2.8200,2.8200,2.8100,2.8100,330000,928404.0000,3
2025-04-21,20250421141000000,sz.002418,2.8200,2.8300,2.8100,2.8200,1572500,4432524.0000,3
2025-04-21,20250421141500000,sz.002418,2.8100,2.8200,2.8100,2.8200,137800,388176.0000,3
2025-04-21,20250421142000000,sz.002418,2.8200,2.8200,2.8100,2.8200,121900,343628.0000,3
2025-04-21,20250421142500000,sz.002418,2.8200,2.8200,2.8100,2.8200,195900,552152.0000,3
2025-04-21,20250421143000000,sz.002418,2.8200,2.8200,2.8100,2.8200,255700,720184.0000,3
2025-04-21,20250421143500000,sz.002418,2.8200,2.8300,2.8100,2.8200,1225500,3457568.0000,3
2025-04-21,20250421144000000,sz.002418,2.8300,2.8300,2.8200,2.8200,878600,2479904.0000,3
2025-04-21,20250421144500000,sz.002418,2.8300,2.8300,2.8200,2.8200,523400,1476952.0000,3
2025-04-21,20250421145000000,sz.002418,2.8300,2.8300,2.8200,2.8200,327200,924104.0000,3
2025-04-21,20250421145500000,sz.002418,2.8200,2.8300,2.8200,2.8300,563800,1593056.0000,3
2025-04-21,20250421150000000,sz.002418,2.8200,2.8300,2.8200,2.8300,917600,2595168.0000,3
2025-04-22,20250422093500000,sz.002418,2.8100,2.8500,2.8100,2.8500,2542100,7198445.0000,3
2025-04-22,20250422094000000,sz.002418,2.8500,2.8500,2.8100,2.8100,1746700,4940241.0000,3
2025-04-22,20250422094500000,sz.002418,2.8200,2.8300,2.8100,2.8300,786200,2216369.0000,3
2025-04-22,20250422095000000,sz.002418,2.8300,2.8300,2.8100,2.8100,836600,2359628.0000,3
2025-04-22,20250422095500000,sz.002418,2.8100,2.8100,2.7900,2.7900,1712600,4802037.0000,3
2025-04-22,20250422100000000,sz.002418,2.8000,2.8100,2.7900,2.8000,1079200,3017756.0000,3
2025-04-22,20250422100500000,sz.002418,2.8000,2.8100,2.7900,2.8000,773300,2164732.0000,3
2025-04-22,20250422101000000,sz.002418,2.7900,2.8000,2.7900,2.7900,313500,874984.0000,3
2025-04-22,20250422101500000,sz.002418,2.7900,2.8000,2.7900,2.8000,631600,1762632.0000,3
2025-04-22,20250422102000000,sz.002418,2.7900,2.8100,2.7900,2.8100,688300,1927206.0000,3
2025-04-22,20250422102500000,sz.002418,2.8100,2.8200,2.8100,2.8200,270400,759930.0000,3
2025-04-22,20250422103000000,sz.002418,2.8100,2.8200,2.8000,2.8100,291000,818078.0000,3
2025-04-22,20250422103500000,sz.002418,2.8000,2.8100,2.8000,2.8000,115200,322666.0000,3
2025-04-22,20250422104000000,sz.002418,2.8000,2.8200,2.8000,2.8100,578800,1626028.0000,3
2025-04-22,20250422104500000,sz.002418,2.8100,2.8100,2.8000,2.8000,161900,454180.0000,3
2025-04-22,20250422105000000,sz.002418,2.8000,2.8100,2.7900,2.7900,778900,2178880.0000,3
2025-04-22,20250422105500000,sz.002418,2.7900,2.8100,2.7900,2.8100,659500,1845760.0000,3
2025-04-22,20250422110000000,sz.002418,2.8000,2.8100,2.8000,2.8000,132000,369780.0000,3
2025-04-22,20250422110500000,sz.002418,2.8100,2.8100,2.7900,2.7900,419900,1174404.0000,3
2025-04-22,20250422111000000,sz.002418,2.7900,2.8000,2.7800,2.7900,834700,2328192.0000,3
2025-04-22,20250422111500000,sz.002418,2.7800,2.7900,2.7800,2.7900,270600,754344.0000,3
2025-04-22,20250422112000000,sz.002418,2.7900,2.7900,2.7800,2.7800,503000,1398616.0000,3
2025-04-22,20250422112500000,sz.002418,2.7800,2.7900,2.7800,2.7900,269600,750984.0000,3
2025-04-22,20250422113000000,sz.002418,2.7900,2.8000,2.7800,2.7900,241800,674952.0000,3
2025-04-22,20250422130500000,sz.002418,2.8000,2.8000,2.7800,2.7800,495600,1382584.0000,3
2025-04-22,20250422131000000,sz.002418,2.7900,2.7900,2.7800,2.7900,298800,833512.0000,3
2025-04-22,20250422131500000,sz.002418,2.7900,2.8000,2.7900,2.7900,287700,802816.0000,3
2025-04-22,20250422132000000,sz.002418,2.7900,2.8000,2.7900,2.7900,96100,268204.0000,3
2025-04-22,20250422132500000,sz.002418,2.7900,2.8000,2.7900,2.7900,64400,179852.0000,3
2025-04-22,20250422133000000,sz.002418,2.8000,2.8000,2.7900,2.8000,186000,519072.0000,3
2025-04-22,20250422133500000,sz.002418,2.8000,2.8100,2.7900,2.8000,416200,1165552.0000,3
2025-04-22,20250422134000000,sz.002418,2.8100,2.8100,2.7900,2.8000,297400,832352.0000,3
2025-04-22,20250422134500000,sz.002418,2.7900,2.8000,2.7900,2.7900,47100,131640.0000,3
2025-04-22,20250422135000000,sz.002418,2.8000,2.8000,2.7900,2.8000,397400,1108808.0000,3
2025-04-22,20250422135500000,sz.002418,2.7900,2.8000,2.7900,2.7900,98900,276116.0000,3
2025-04-22,20250422140000000,sz.002418,2.7900,2.8000,2.7900,2.7900,66700,186108.0000,3
2025-04-22,20250422140500000,sz.002418,2.7900,2.8000,2.7900,2.8000,171900,479800.0000,3
2025-04-22,20250422141000000,sz.002418,2.8000,2.8100,2.7900,2.8000,575500,1610920.0000,3
2025-04-22,20250422141500000,sz.002418,2.8000,2.8100,2.8000,2.8000,131300,367668.0000,3
2025-04-22,20250422142000000,sz.002418,2.8000,2.8100,2.7900,2.8000,575800,1612332.0000,3
2025-04-22,20250422142500000,sz.002418,2.8000,2.8000,2.7900,2.8000,206000,575968.0000,3
2025-04-22,20250422143000000,sz.002418,2.7900,2.8100,2.7900,2.8000,286600,802792.0000,3
2025-04-22,20250422143500000,sz.002418,2.8100,2.8100,2.8000,2.8000,545900,1529048.0000,3
2025-04-22,20250422144000000,sz.002418,2.8000,2.8100,2.8000,2.8000,413000,1157688.0000,3
2025-04-22,20250422144500000,sz.002418,2.8000,2.8000,2.7900,2.8000,222900,623276.0000,3
2025-04-22,20250422145000000,sz.002418,2.7900,2.8000,2.7900,2.8000,422900,1181524.0000,3
2025-04-22,20250422145500000,sz.002418,2.8000,2.8100,2.7900,2.8100,626500,1754988.0000,3
2025-04-22,20250422150000000,sz.002418,2.8000,2.8100,2.7900,2.8000,712800,1995676.0000,3
2025-04-23,20250423093500000,sz.002418,2.8200,2.8600,2.8200,2.8500,5228400,14877097.0000,3
2025-04-23,20250423094000000,sz.002418,2.8500,2.8600,2.8400,2.8400,1426000,4065387.0000,3
2025-04-23,20250423094500000,sz.002418,2.8400,2.8500,2.8400,2.8500,1586400,4508176.0000,3
2025-04-23,20250423095000000,sz.002418,2.8400,2.8500,2.8300,2.8400,1026000,2913528.0000,3
2025-04-23,20250423095500000,sz.002418,2.8400,2.8500,2.8400,2.8400,1064400,3023384.0000,3
2025-04-23,20250423100000000,sz.002418,2.8500,2.8500,2.8400,2.8500,504300,1434764.0000,3
2025-04-23,20250423100500000,sz.002418,2.8500,2.8500,2.8400,2.8400,1723400,4897656.0000,3
2025-04-23,20250423101000000,sz.002418,2.8500,2.8500,2.8300,2.8400,604000,1715024.0000,3
2025-04-23,20250423101500000,sz.002418,2.8400,2.8400,2.8300,2.8400,300900,853364.0000,3
2025-04-23,20250423102000000,sz.002418,2.8400,2.8400,2.8300,2.8400,442300,1255548.0000,3
2025-04-23,20250423102500000,sz.002418,2.8300,2.8400,2.8300,2.8400,78600,222740.0000,3
2025-04-23,20250423103000000,sz.002418,2.8300,2.8400,2.8300,2.8400,177100,501844.0000,3
2025-04-23,20250423103500000,sz.002418,2.8300,2.8400,2.8300,2.8300,1075200,3043012.0000,3
2025-04-23,20250423104000000,sz.002418,2.8300,2.8300,2.8200,2.8300,320600,906316.0000,3
2025-04-23,20250423104500000,sz.002418,2.8200,2.8400,2.8200,2.8400,464600,1314916.0000,3
2025-04-23,20250423105000000,sz.002418,2.8400,2.8400,2.8300,2.8400,251700,714432.0000,3
2025-04-23,20250423105500000,sz.002418,2.8400,2.8400,2.8300,2.8400,61900,175520.0000,3
2025-04-23,20250423110000000,sz.002418,2.8300,2.8400,2.8300,2.8400,193100,547648.0000,3
2025-04-23,20250423110500000,sz.002418,2.8400,2.8400,2.8300,2.8400,474600,1347464.0000,3
2025-04-23,20250423111000000,sz.002418,2.8400,2.8400,2.8300,2.8400,92300,261436.0000,3
2025-04-23,20250423111500000,sz.002418,2.8400,2.8400,2.8300,2.8400,412800,1171892.0000,3
2025-04-23,20250423112000000,sz.002418,2.8300,2.8400,2.8300,2.8300,904300,2559988.0000,3
2025-04-23,20250423112500000,sz.002418,2.8300,2.8400,2.8200,2.8400,601800,1703836.0000,3
2025-04-23,20250423113000000,sz.002418,2.8400,2.8400,2.8300,2.8400,314500,890324.0000,3
2025-04-23,20250423130500000,sz.002418,2.8400,2.8400,2.8300,2.8300,102500,290348.0000,3
2025-04-23,20250423131000000,sz.002418,2.8300,2.8400,2.8300,2.8300,62800,177804.0000,3
2025-04-23,20250423131500000,sz.002418,2.8400,2.8400,2.8300,2.8400,237600,672896.0000,3
2025-04-23,20250423132000000,sz.002418,2.8300,2.8400,2.8300,2.8400,100700,285500.0000,3
2025-04-23,20250423132500000,sz.002418,2.8300,2.8400,2.8300,2.8400,353900,1004452.0000,3
2025-04-23,20250423133000000,sz.002418,2.8400,2.8400,2.8300,2.8300,255700,724084.0000,3
2025-04-23,20250423133500000,sz.002418,2.8400,2.8400,2.8300,2.8400,150900,427528.0000,3
2025-04-23,20250423134000000,sz.002418,2.8300,2.8400,2.8200,2.8200,1407800,3984124.0000,3
2025-04-23,20250423134500000,sz.002418,2.8300,2.8300,2.8200,2.8200,77400,218924.0000,3
2025-04-23,20250423135000000,sz.002418,2.8300,2.8300,2.8200,2.8200,209500,591756.0000,3
2025-04-23,20250423135500000,sz.002418,2.8200,2.8300,2.8200,2.8200,138600,391112.0000,3
2025-04-23,20250423140000000,sz.002418,2.8200,2.8300,2.8200,2.8200,1019400,2875728.0000,3
2025-04-23,20250423140500000,sz.002418,2.8300,2.8300,2.8100,2.8200,559200,1576624.0000,3
2025-04-23,20250423141000000,sz.002418,2.8100,2.8200,2.8000,2.8100,1261000,3542744.0000,3
2025-04-23,20250423141500000,sz.002418,2.8100,2.8100,2.8000,2.8000,161000,451840.0000,3
2025-04-23,20250423142000000,sz.002418,2.8100,2.8200,2.8000,2.8200,403400,1133120.0000,3
2025-04-23,20250423142500000,sz.002418,2.8100,2.8200,2.8100,2.8200,167900,472200.0000,3
2025-04-23,20250423143000000,sz.002418,2.8200,2.8200,2.8100,2.8200,181800,511792.0000,3
2025-04-23,20250423143500000,sz.002418,2.8200,2.8200,2.8100,2.8100,1237100,3478128.0000,3
2025-04-23,20250423144000000,sz.002418,2.8100,2.8200,2.8100,2.8100,312400,879080.0000,3
2025-04-23,20250423144500000,sz.002418,2.8100,2.8200,2.8100,2.8200,181900,512056.0000,3
2025-04-23,20250423145000000,sz.002418,2.8200,2.8200,2.8100,2.8100,318300,896456.0000,3
2025-04-23,20250423145500000,sz.002418,2.8200,2.8200,2.8100,2.8100,586100,1651000.0000,3
2025-04-23,20250423150000000,sz.002418,2.8200,2.8200,2.8100,2.8200,1008500,2839168.0000,3
2025-04-24,20250424093500000,sz.002418,2.8200,2.8200,2.7700,2.7900,2258800,6295921.0000,3
2025-04-24,20250424094000000,sz.002418,2.7700,2.7900,2.7700,2.7900,1861700,5168742.0000,3
2025-04-24,20250424094500000,sz.002418,2.7900,2.7900,2.7800,2.7900,1205000,3354485.0000,3
2025-04-24,20250424095000000,sz.002418,2.7900,2.7900,2.7700,2.7700,1174500,3263950.0000,3
2025-04-24,20250424095500000,sz.002418,2.7700,2.7800,2.7600,2.7600,1106000,3064830.0000,3
2025-04-24,20250424100000000,sz.002418,2.7700,2.7800,2.7600,2.7700,799000,2211708.0000,3
2025-04-24,20250424100500000,sz.002418,2.7800,2.7800,2.7700,2.7800,579400,1606712.0000,3
2025-04-24,20250424101000000,sz.002418,2.7800,2.8000,2.7700,2.8000,889400,2476804.0000,3
2025-04-24,20250424101500000,sz.002418,2.8000,2.8000,2.7800,2.7800,270400,754400.0000,3
2025-04-24,20250424102000000,sz.002418,2.7800,2.7900,2.7800,2.7900,234500,652848.0000,3
2025-04-24,20250424102500000,sz.002418,2.7900,2.7900,2.7700,2.7700,876500,2435328.0000,3
2025-04-24,20250424103000000,sz.002418,2.7800,2.7800,2.7700,2.7800,234600,651888.0000,3
2025-04-24,20250424103500000,sz.002418,2.7700,2.7900,2.7700,2.7700,251100,696970.0000,3
2025-04-24,20250424104000000,sz.002418,2.7700,2.7800,2.7600,2.7700,1130700,3132050.0000,3
2025-04-24,20250424104500000,sz.002418,2.7600,2.7700,2.7600,2.7700,155600,430516.0000,3
2025-04-24,20250424105000000,sz.002418,2.7600,2.7700,2.7500,2.7500,1875800,5175432.0000,3
2025-04-24,20250424105500000,sz.002418,2.7500,2.7600,2.7400,2.7500,1617600,4447004.0000,3
2025-04-24,20250424110000000,sz.002418,2.7400,2.7600,2.7400,2.7600,1017000,2795620.0000,3
2025-04-24,20250424110500000,sz.002418,2.7500,2.7500,2.7400,2.7500,628500,1727984.0000,3
2025-04-24,20250424111000000,sz.002418,2.7500,2.7500,2.7300,2.7300,1099900,3012272.0000,3
2025-04-24,20250424111500000,sz.002418,2.7300,2.7400,2.7300,2.7300,587300,1606664.0000,3
2025-04-24,20250424112000000,sz.002418,2.7300,2.7400,2.7300,2.7400,193900,530824.0000,3
2025-04-24,20250424112500000,sz.002418,2.7300,2.7400,2.7300,2.7400,991800,2708824.0000,3
2025-04-24,20250424113000000,sz.002418,2.7400,2.7500,2.7300,2.7300,469200,1285244.0000,3
2025-04-24,20250424130500000,sz.002418,2.7400,2.7400,2.7300,2.7400,266700,729168.0000,3
2025-04-24,20250424131000000,sz.002418,2.7400,2.7400,2.7300,2.7300,335900,917764.0000,3
2025-04-24,20250424131500000,sz.002418,2.7300,2.7400,2.7300,2.7300,446300,1220768.0000,3
2025-04-24,20250424132000000,sz.002418,2.7300,2.7500,2.7300,2.7500,427600,1173360.0000,3
2025-04-24,20250424132500000,sz.002418,2.7500,2.7500,2.7400,2.7500,325500,894720.0000,3
2025-04-24,20250424133000000,sz.002418,2.7500,2.7500,2.7400,2.7400,107300,294368.0000,3
2025-04-24,20250424133500000,sz.002418,2.7500,2.7600,2.7400,2.7600,384700,1057328.0000,3
2025-04-24,20250424134000000,sz.002418,2.7600,2.7600,2.7400,2.7500,368800,1014736.0000,3
2025-04-24,20250424134500000,sz.002418,2.7600,2.7700,2.7500,2.7600,402300,1110624.0000,3
2025-04-24,20250424135000000,sz.002418,2.7600,2.7700,2.7500,2.7600,330500,911944.0000,3
2025-04-24,20250424135500000,sz.002418,2.7600,2.7600,2.7500,2.7600,765100,2110712.0000,3
2025-04-24,20250424140000000,sz.002418,2.7600,2.7700,2.7600,2.7600,507900,1402056.0000,3
2025-04-24,20250424140500000,sz.002418,2.7600,2.7600,2.7500,2.7600,125700,346624.0000,3
2025-04-24,20250424141000000,sz.002418,2.7600,2.7600,2.7500,2.7600,55700,153536.0000,3
2025-04-24,20250424141500000,sz.002418,2.7500,2.7600,2.7500,2.7600,132600,365208.0000,3
2025-04-24,20250424142000000,sz.002418,2.7600,2.7600,2.7500,2.7600,88100,242536.0000,3
2025-04-24,20250424142500000,sz.002418,2.7500,2.7500,2.7400,2.7400,712600,1955592.0000,3
2025-04-24,20250424143000000,sz.002418,2.7500,2.7500,2.7400,2.7400,106300,291904.0000,3
2025-04-24,20250424143500000,sz.002418,2.7500,2.7500,2.7400,2.7500,157900,433520.0000,3
2025-04-24,20250424144000000,sz.002418,2.7400,2.7600,2.7400,2.7400,575100,1581224.0000,3
2025-04-24,20250424144500000,sz.002418,2.7400,2.7500,2.7400,2.7400,426900,1172224.0000,3
2025-04-24,20250424145000000,sz.002418,2.7500,2.7500,2.7300,2.7400,706800,1936848.0000,3
2025-04-24,20250424145500000,sz.002418,2.7400,2.7400,2.7300,2.7300,726000,1984128.0000,3
2025-04-24,20250424150000000,sz.002418,2.7400,2.7400,2.7300,2.7400,1174600,3215296.0000,3
2025-04-25,20250425093500000,sz.002418,2.8500,3.0100,2.8500,2.9300,29904400,88586120.0000,3
2025-04-25,20250425094000000,sz.002418,2.9200,2.9600,2.8900,2.9500,10912400,31885832.0000,3
2025-04-25,20250425094500000,sz.002418,2.9600,2.9600,2.9100,2.9100,3946600,11561872.0000,3
2025-04-25,20250425095000000,sz.002418,2.9200,3.0100,2.9100,3.0100,22597900,67711776.0000,3
2025-04-25,20250425095500000,sz.002418,3.0100,3.0100,3.0100,3.0100,2606300,7844960.0000,3
2025-04-25,20250425100000000,sz.002418,3.0100,3.0100,3.0100,3.0100,987600,2972672.0000,3
2025-04-25,20250425100500000,sz.002418,3.0100,3.0100,3.0100,3.0100,578300,1740688.0000,3
2025-04-25,20250425101000000,sz.002418,3.0100,3.0100,3.0100,3.0100,899000,2705984.0000,3
2025-04-25,20250425101500000,sz.002418,3.0100,3.0100,3.0100,3.0100,457800,1377984.0000,3
2025-04-25,20250425102000000,sz.002418,3.0100,3.0100,3.0100,3.0100,418100,1258480.0000,3
2025-04-25,20250425102500000,sz.002418,3.0100,3.0100,3.0100,3.0100,252700,760624.0000,3
2025-04-25,20250425103000000,sz.002418,3.0100,3.0100,3.0100,3.0100,345100,1038752.0000,3
2025-04-25,20250425103500000,sz.002418,3.0100,3.0100,3.0100,3.0100,182600,549632.0000,3
2025-04-25,20250425104000000,sz.002418,3.0100,3.0100,3.0100,3.0100,245000,737440.0000,3
2025-04-25,20250425104500000,sz.002418,3.0100,3.0100,3.0100,3.0100,136100,409664.0000,3
2025-04-25,20250425105000000,sz.002418,3.0100,3.0100,3.0100,3.0100,130900,394016.0000,3
2025-04-25,20250425105500000,sz.002418,3.0100,3.0100,3.0100,3.0100,128100,385584.0000,3
2025-04-25,20250425110000000,sz.002418,3.0100,3.0100,3.0100,3.0100,77500,233264.0000,3
2025-04-25,20250425110500000,sz.002418,3.0100,3.0100,3.0100,3.0100,51700,155616.0000,3
2025-04-25,20250425111000000,sz.002418,3.0100,3.0100,3.0100,3.0100,83500,251344.0000,3
2025-04-25,20250425111500000,sz.002418,3.0100,3.0100,3.0100,3.0100,139000,418384.0000,3
2025-04-25,20250425112000000,sz.002418,3.0100,3.0100,3.0100,3.0100,43200,130032.0000,3
2025-04-25,20250425112500000,sz.002418,3.0100,3.0100,3.0100,3.0100,39900,120096.0000,3
2025-04-25,20250425113000000,sz.002418,3.0100,3.0100,3.0100,3.0100,112400,338336.0000,3
2025-04-25,20250425130500000,sz.002418,3.0100,3.0100,3.0100,3.0100,435200,1309952.0000,3
2025-04-25,20250425131000000,sz.002418,3.0100,3.0100,3.0100,3.0100,72600,218512.0000,3
2025-04-25,20250425131500000,sz.002418,3.0100,3.0100,3.0100,3.0100,114100,343440.0000,3
2025-04-25,20250425132000000,sz.002418,3.0100,3.0100,3.0100,3.0100,64200,193248.0000,3
2025-04-25,20250425132500000,sz.002418,3.0100,3.0100,3.0100,3.0100,23400,70432.0000,3
2025-04-25,20250425133000000,sz.002418,3.0100,3.0100,3.0100,3.0100,102300,307920.0000,3
2025-04-25,20250425133500000,sz.002418,3.0100,3.0100,3.0100,3.0100,13400,40336.0000,3
2025-04-25,20250425134000000,sz.002418,3.0100,3.0100,3.0100,3.0100,144700,435552.0000,3
2025-04-25,20250425134500000,sz.002418,3.0100,3.0100,3.0100,3.0100,26300,79168.0000,3
2025-04-25,20250425135000000,sz.002418,3.0100,3.0100,3.0100,3.0100,49400,148688.0000,3
2025-04-25,20250425135500000,sz.002418,3.0100,3.0100,3.0100,3.0100,11700,35216.0000,3
2025-04-25,20250425140000000,sz.002418,3.0100,3.0100,3.0100,3.0100,53800,161936.0000,3
2025-04-25,20250425140500000,sz.002418,3.0100,3.0100,3.0100,3.0100,48500,145984.0000,3
2025-04-25,20250425141000000,sz.002418,3.0100,3.0100,3.0100,3.0100,306100,921360.0000,3
2025-04-25,20250425141500000,sz.002418,3.0100,3.0100,3.0100,3.0100,255900,770272.0000,3
2025-04-25,20250425142000000,sz.002418,3.0100,3.0100,3.0100,3.0100,110200,331696.0000,3
2025-04-25,20250425142500000,sz.002418,3.0100,3.0100,3.0100,3.0100,72300,217616.0000,3
2025-04-25,20250425143000000,sz.002418,3.0100,3.0100,3.0100,3.0100,35500,106864.0000,3
2025-04-25,20250425143500000,sz.002418,3.0100,3.0100,3.0100,3.0100,55900,168256.0000,3
2025-04-25,20250425144000000,sz.002418,3.0100,3.0100,3.0100,3.0100,126000,379264.0000,3
2025-04-25,20250425144500000,sz.002418,3.0100,3.0100,3.0100,3.0100,138000,415376.0000,3
2025-04-25,20250425145000000,sz.002418,3.0100,3.0100,3.0100,3.0100,89500,269392.0000,3
2025-04-25,20250425145500000,sz.002418,3.0100,3.0100,3.0100,3.0100,340900,1026112.0000,3
2025-04-25,20250425150000000,sz.002418,3.0100,3.0100,3.0100,3.0100,296700,893072.0000,3
2025-04-28,20250428093500000,sz.002418,3.0100,3.0800,2.9600,3.0800,28543600,86142424.0000,3
2025-04-28,20250428094000000,sz.002418,3.0800,3.0900,3.0500,3.0700,15309100,47054984.0000,3
2025-04-28,20250428094500000,sz.002418,3.0800,3.0800,3.0600,3.0600,6328200,19429344.0000,3
2025-04-28,20250428095000000,sz.002418,3.0600,3.0700,3.0500,3.0500,3351700,10259328.0000,3
2025-04-28,20250428095500000,sz.002418,3.0600,3.0600,3.0000,3.0200,5514200,16716608.0000,3
2025-04-28,20250428100000000,sz.002418,3.0100,3.0600,3.0100,3.0300,3134700,9530704.0000,3
2025-04-28,20250428100500000,sz.002418,3.0400,3.0400,3.0100,3.0400,2661100,8055200.0000,3
2025-04-28,20250428101000000,sz.002418,3.0400,3.0400,3.0300,3.0400,1851600,5618720.0000,3
2025-04-28,20250428101500000,sz.002418,3.0400,3.0400,3.0200,3.0300,1556800,4713696.0000,3
2025-04-28,20250428102000000,sz.002418,3.0200,3.0300,3.0200,3.0200,1443600,4371936.0000,3
2025-04-28,20250428102500000,sz.002418,3.0300,3.0300,3.0100,3.0200,2219800,6703472.0000,3
2025-04-28,20250428103000000,sz.002418,3.0300,3.0300,3.0200,3.0200,855800,2588320.0000,3
2025-04-28,20250428103500000,sz.002418,3.0200,3.0300,3.0200,3.0200,602300,1822224.0000,3
2025-04-28,20250428104000000,sz.002418,3.0200,3.0400,3.0200,3.0400,1569200,4754912.0000,3
2025-04-28,20250428104500000,sz.002418,3.0400,3.0400,3.0200,3.0200,2842100,8624112.0000,3
2025-04-28,20250428105000000,sz.002418,3.0300,3.0300,3.0200,3.0200,866400,2624112.0000,3
2025-04-28,20250428105500000,sz.002418,3.0300,3.0400,3.0200,3.0400,801900,2430208.0000,3
2025-04-28,20250428110000000,sz.002418,3.0300,3.0500,3.0300,3.0500,1118900,3402368.0000,3
2025-04-28,20250428110500000,sz.002418,3.0500,3.0500,3.0400,3.0500,1231300,3754464.0000,3
2025-04-28,20250428111000000,sz.002418,3.0500,3.0600,3.0400,3.0600,888300,2711680.0000,3
2025-04-28,20250428111500000,sz.002418,3.0600,3.1500,3.0500,3.1500,8054300,25054320.0000,3
2025-04-28,20250428112000000,sz.002418,3.1500,3.1500,3.1100,3.1300,6004300,18792960.0000,3
2025-04-28,20250428112500000,sz.002418,3.1300,3.1400,3.1200,3.1400,2423600,7577248.0000,3
2025-04-28,20250428113000000,sz.002418,3.1300,3.2400,3.1300,3.2000,8583000,27320960.0000,3
2025-04-28,20250428130500000,sz.002418,3.2100,3.2100,3.1500,3.1800,5627700,17955264.0000,3
2025-04-28,20250428131000000,sz.002418,3.1900,3.1900,3.1600,3.1700,1762700,5601280.0000,3
2025-04-28,20250428131500000,sz.002418,3.1800,3.1900,3.1700,3.1700,1642300,5220096.0000,3
2025-04-28,20250428132000000,sz.002418,3.1700,3.1800,3.1300,3.1300,2218500,6995744.0000,3
2025-04-28,20250428132500000,sz.002418,3.1400,3.1400,3.1100,3.1200,2410800,7533984.0000,3
2025-04-28,20250428133000000,sz.002418,3.1200,3.1300,3.1200,3.1300,2081300,6498080.0000,3
2025-04-28,20250428133500000,sz.002418,3.1400,3.1400,3.0900,3.0900,2439300,7583008.0000,3
2025-04-28,20250428134000000,sz.002418,3.1000,3.1100,3.0900,3.1000,1241000,3848224.0000,3
2025-04-28,20250428134500000,sz.002418,3.1000,3.1100,3.0900,3.1100,952200,2947552.0000,3
2025-04-28,20250428135000000,sz.002418,3.1100,3.1100,3.1000,3.1100,647500,2012640.0000,3
2025-04-28,20250428135500000,sz.002418,3.1100,3.1100,3.1000,3.1100,724200,2251456.0000,3
2025-04-28,20250428140000000,sz.002418,3.1100,3.1100,3.1000,3.1000,1311800,4068928.0000,3
2025-04-28,20250428140500000,sz.002418,3.1000,3.1000,3.0900,3.1000,744300,2303648.0000,3
2025-04-28,20250428141000000,sz.002418,3.0900,3.1000,3.0800,3.0800,1915500,5910592.0000,3
2025-04-28,20250428141500000,sz.002418,3.0900,3.1000,3.0800,3.0900,695500,2148640.0000,3
2025-04-28,20250428142000000,sz.002418,3.1000,3.1000,3.0900,3.1000,596100,1847296.0000,3
2025-04-28,20250428142500000,sz.002418,3.0900,3.1100,3.0900,3.1100,870200,2699136.0000,3
2025-04-28,20250428143000000,sz.002418,3.1100,3.1100,3.0900,3.0900,1216000,3771136.0000,3
2025-04-28,20250428143500000,sz.002418,3.1000,3.1000,3.0900,3.1000,1742200,5390208.0000,3
2025-04-28,20250428144000000,sz.002418,3.1000,3.1000,3.0900,3.1000,526700,1630592.0000,3
2025-04-28,20250428144500000,sz.002418,3.0900,3.1200,3.0900,3.1200,2269400,7046400.0000,3
2025-04-28,20250428145000000,sz.002418,3.1100,3.1400,3.1100,3.1300,2983900,9347104.0000,3
2025-04-28,20250428145500000,sz.002418,3.1300,3.1400,3.1200,3.1300,2398900,7499360.0000,3
2025-04-28,20250428150000000,sz.002418,3.1300,3.1400,3.1200,3.1300,3289900,10293664.0000,3
2025-04-29,20250429093500000,sz.002418,3.0500,3.0600,2.9900,3.0200,13505700,40845240.0000,3
2025-04-29,20250429094000000,sz.002418,3.0300,3.0600,3.0300,3.0500,4539600,13808276.0000,3
2025-04-29,20250429094500000,sz.002418,3.0500,3.1100,3.0500,3.1100,4659400,14342116.0000,3
2025-04-29,20250429095000000,sz.002418,3.1100,3.1200,3.0800,3.1000,3198600,9909176.0000,3
2025-04-29,20250429095500000,sz.002418,3.1000,3.1100,3.1000,3.1000,3295500,10237440.0000,3
2025-04-29,20250429100000000,sz.002418,3.1000,3.1500,3.1000,3.1500,4204500,13154720.0000,3
2025-04-29,20250429100500000,sz.002418,3.1500,3.1500,3.1100,3.1100,2487700,7787368.0000,3
2025-04-29,20250429101000000,sz.002418,3.1100,3.1100,3.0900,3.0900,2547600,7896496.0000,3
2025-04-29,20250429101500000,sz.002418,3.0900,3.1200,3.0900,3.1100,1169100,3628216.0000,3
2025-04-29,20250429102000000,sz.002418,3.1000,3.1100,3.1000,3.1100,1315500,4082432.0000,3
2025-04-29,20250429102500000,sz.002418,3.1100,3.1400,3.1000,3.1300,2069500,6475288.0000,3
2025-04-29,20250429103000000,sz.002418,3.1300,3.2100,3.1200,3.2100,10378000,32941488.0000,3
2025-04-29,20250429103500000,sz.002418,3.2100,3.4200,3.2000,3.3700,21421700,71855136.0000,3
2025-04-29,20250429104000000,sz.002418,3.3700,3.3700,3.2700,3.2700,8372500,27780016.0000,3
2025-04-29,20250429104500000,sz.002418,3.2700,3.3100,3.2600,3.3000,3505600,11536336.0000,3
2025-04-29,20250429105000000,sz.002418,3.3000,3.3000,3.2800,3.2900,2146500,7059456.0000,3
2025-04-29,20250429105500000,sz.002418,3.3000,3.3000,3.2900,3.2900,1647500,5423392.0000,3
2025-04-29,20250429110000000,sz.002418,3.2900,3.3000,3.2900,3.2900,934200,3080256.0000,3
2025-04-29,20250429110500000,sz.002418,3.2900,3.3000,3.2500,3.2600,2429500,7953952.0000,3
2025-04-29,20250429111000000,sz.002418,3.2600,3.2900,3.2500,3.2700,1012400,3312896.0000,3
2025-04-29,20250429111500000,sz.002418,3.2700,3.2800,3.2600,3.2800,967100,3159840.0000,3
2025-04-29,20250429112000000,sz.002418,3.2700,3.2800,3.2500,3.2600,819200,2674016.0000,3
2025-04-29,20250429112500000,sz.002418,3.2500,3.2600,3.2500,3.2500,562400,1829600.0000,3
2025-04-29,20250429113000000,sz.002418,3.2500,3.2900,3.2500,3.2900,890200,2908768.0000,3
2025-04-29,20250429130500000,sz.002418,3.2900,3.2900,3.2700,3.2700,1091800,3583808.0000,3
2025-04-29,20250429131000000,sz.002418,3.2700,3.2800,3.2600,3.2600,939800,3074112.0000,3
2025-04-29,20250429131500000,sz.002418,3.2600,3.2700,3.2600,3.2600,634700,2072192.0000,3
2025-04-29,20250429132000000,sz.002418,3.2600,3.2700,3.2400,3.2400,1049600,3411232.0000,3
2025-04-29,20250429132500000,sz.002418,3.2400,3.2500,3.2200,3.2300,1485500,4806464.0000,3
2025-04-29,20250429133000000,sz.002418,3.2400,3.2400,3.2300,3.2300,607000,1962912.0000,3
2025-04-29,20250429133500000,sz.002418,3.2300,3.2300,3.2200,3.2300,1312200,4232512.0000,3
2025-04-29,20250429134000000,sz.002418,3.2300,3.2300,3.2200,3.2300,653700,2106336.0000,3
2025-04-29,20250429134500000,sz.002418,3.2300,3.2600,3.2200,3.2600,1164200,3773824.0000,3
2025-04-29,20250429135000000,sz.002418,3.2600,3.2600,3.2500,3.2500,595000,1937408.0000,3
2025-04-29,20250429135500000,sz.002418,3.2500,3.2600,3.2500,3.2600,685000,2230784.0000,3
2025-04-29,20250429140000000,sz.002418,3.2500,3.2600,3.2500,3.2600,390200,1269696.0000,3
2025-04-29,20250429140500000,sz.002418,3.2500,3.2600,3.2400,3.2400,849600,2759136.0000,3
2025-04-29,20250429141000000,sz.002418,3.2300,3.2500,3.2300,3.2500,593200,1923744.0000,3
2025-04-29,20250429141500000,sz.002418,3.2500,3.2500,3.2400,3.2400,658700,2137216.0000,3
2025-04-29,20250429142000000,sz.002418,3.2400,3.2500,3.2300,3.2400,990800,3208480.0000,3
2025-04-29,20250429142500000,sz.002418,3.2300,3.2400,3.2300,3.2300,516600,1670400.0000,3
2025-04-29,20250429143000000,sz.002418,3.2400,3.2400,3.2300,3.2400,526700,1704320.0000,3
2025-04-29,20250429143500000,sz.002418,3.2300,3.2400,3.2200,3.2200,1438000,4642880.0000,3
2025-04-29,20250429144000000,sz.002418,3.2300,3.2400,3.2200,3.2300,1175700,3798016.0000,3
2025-04-29,20250429144500000,sz.002418,3.2300,3.2300,3.2200,3.2200,1283800,4138816.0000,3
2025-04-29,20250429145000000,sz.002418,3.2200,3.2300,3.2100,3.2100,2899600,9327776.0000,3
2025-04-29,20250429145500000,sz.002418,3.2100,3.2200,3.2000,3.2000,3337500,10700640.0000,3
2025-04-29,20250429150000000,sz.002418,3.2000,3.2100,3.2000,3.2100,3600800,11553504.0000,3
2025-04-30,20250430093500000,sz.002418,3.2000,3.2300,3.1600,3.2200,10048000,32125744.0000,3
2025-04-30,20250430094000000,sz.002418,3.2200,3.2200,3.1800,3.1900,4136700,13264704.0000,3
2025-04-30,20250430094500000,sz.002418,3.1800,3.2300,3.1800,3.2300,5014700,16017592.0000,3
2025-04-30,20250430095000000,sz.002418,3.2300,3.2500,3.2200,3.2400,5773500,18717072.0000,3
2025-04-30,20250430095500000,sz.002418,3.2400,3.2400,3.2200,3.2200,2563400,8272304.0000,3
2025-04-30,20250430100000000,sz.002418,3.2200,3.2200,3.2000,3.2000,2417900,7757192.0000,3
2025-04-30,20250430100500000,sz.002418,3.2100,3.2400,3.2100,3.2300,2277800,7345528.0000,3
2025-04-30,20250430101000000,sz.002418,3.2400,3.2500,3.2300,3.2500,1710700,5541992.0000,3
2025-04-30,20250430101500000,sz.002418,3.2500,3.2500,3.2300,3.2300,1674200,5428480.0000,3
2025-04-30,20250430102000000,sz.002418,3.2300,3.2400,3.2200,3.2200,1210300,3910816.0000,3
2025-04-30,20250430102500000,sz.002418,3.2200,3.2400,3.2200,3.2200,1334300,4305424.0000,3
2025-04-30,20250430103000000,sz.002418,3.2300,3.2300,3.2200,3.2200,1043800,3363336.0000,3
2025-04-30,20250430103500000,sz.002418,3.2200,3.2900,3.2100,3.2900,6126300,19931400.0000,3
2025-04-30,20250430104000000,sz.002418,3.2900,3.3300,3.2700,3.2900,11155400,36889280.0000,3
2025-04-30,20250430104500000,sz.002418,3.3000,3.3000,3.2800,3.2900,2026600,6671232.0000,3
2025-04-30,20250430105000000,sz.002418,3.2900,3.3000,3.2700,3.2700,1628200,5351056.0000,3
2025-04-30,20250430105500000,sz.002418,3.2800,3.2800,3.2700,3.2700,668900,2189472.0000,3
2025-04-30,20250430110000000,sz.002418,3.2700,3.2800,3.2500,3.2600,1547700,5050992.0000,3
2025-04-30,20250430110500000,sz.002418,3.2700,3.2700,3.2600,3.2700,558200,1822960.0000,3
2025-04-30,20250430111000000,sz.002418,3.2700,3.2800,3.2600,3.2800,485200,1586368.0000,3
2025-04-30,20250430111500000,sz.002418,3.2800,3.2900,3.2700,3.2800,983000,3225392.0000,3
2025-04-30,20250430112000000,sz.002418,3.2800,3.2800,3.2700,3.2700,282600,925136.0000,3
2025-04-30,20250430112500000,sz.002418,3.2700,3.2800,3.2700,3.2800,501800,1642560.0000,3
2025-04-30,20250430113000000,sz.002418,3.2700,3.2800,3.2700,3.2700,574900,1882480.0000,3
2025-04-30,20250430130500000,sz.002418,3.2700,3.3000,3.2700,3.3000,1527100,5018528.0000,3
2025-04-30,20250430131000000,sz.002418,3.2900,3.3200,3.2900,3.3100,2438500,8062384.0000,3
2025-04-30,20250430131500000,sz.002418,3.3200,3.3200,3.2900,3.2900,2292500,7587952.0000,3
2025-04-30,20250430132000000,sz.002418,3.2900,3.3100,3.2900,3.3000,1507300,4976560.0000,3
2025-04-30,20250430132500000,sz.002418,3.3000,3.3000,3.2900,3.2900,626700,2067344.0000,3
2025-04-30,20250430133000000,sz.002418,3.3000,3.3000,3.2900,3.2900,888200,2926544.0000,3
2025-04-30,20250430133500000,sz.002418,3.2900,3.3000,3.2800,3.2900,1207800,3976384.0000,3
2025-04-30,20250430134000000,sz.002418,3.2800,3.2900,3.2800,3.2900,941900,3093840.0000,3
2025-04-30,20250430134500000,sz.002418,3.2800,3.3000,3.2800,3.2800,1702800,5604688.0000,3
2025-04-30,20250430135000000,sz.002418,3.2800,3.2900,3.2800,3.2900,495100,1626576.0000,3
2025-04-30,20250430135500000,sz.002418,3.2900,3.3500,3.2800,3.3500,6067900,20171696.0000,3
2025-04-30,20250430140000000,sz.002418,3.3500,3.3500,3.3200,3.3500,4354200,14527200.0000,3
2025-04-30,20250430140500000,sz.002418,3.3400,3.3500,3.3300,3.3300,2710100,9042016.0000,3
2025-04-30,20250430141000000,sz.002418,3.3200,3.3400,3.3200,3.3400,1290400,4296864.0000,3
2025-04-30,20250430141500000,sz.002418,3.3400,3.3500,3.3300,3.3500,3252700,10882720.0000,3
2025-04-30,20250430142000000,sz.002418,3.3600,3.4100,3.3500,3.3700,7023000,23774752.0000,3
2025-04-30,20250430142500000,sz.002418,3.3700,3.4000,3.3700,3.3900,3052800,10339616.0000,3
2025-04-30,20250430143000000,sz.002418,3.3800,3.3900,3.3700,3.3700,1939500,6554976.0000,3
2025-04-30,20250430143500000,sz.002418,3.3800,3.3800,3.3500,3.3500,2070600,6973952.0000,3
2025-04-30,20250430144000000,sz.002418,3.3500,3.3700,3.3500,3.3700,1353300,4553216.0000,3
2025-04-30,20250430144500000,sz.002418,3.3600,3.3700,3.3500,3.3500,2019500,6786912.0000,3
2025-04-30,20250430145000000,sz.002418,3.3600,3.3600,3.3400,3.3500,3331800,11152736.0000,3
2025-04-30,20250430145500000,sz.002418,3.3500,3.3900,3.3500,3.3800,5467900,18405440.0000,3
2025-04-30,20250430150000000,sz.002418,3.3800,3.4000,3.3800,3.4000,5730900,19438880.0000,3
2025-05-06,20250506093500000,sz.002418,3.4100,3.4700,3.3600,3.4300,23696700,80795912.0000,3
2025-05-06,20250506094000000,sz.002418,3.4300,3.4500,3.3700,3.3800,7923400,27030832.0000,3
2025-05-06,20250506094500000,sz.002418,3.3700,3.4000,3.3600,3.3700,5969200,20154776.0000,3
2025-05-06,20250506095000000,sz.002418,3.3600,3.3900,3.3500,3.3800,5135200,17282496.0000,3
2025-05-06,20250506095500000,sz.002418,3.3800,3.3900,3.3700,3.3700,2782200,9396160.0000,3
2025-05-06,20250506100000000,sz.002418,3.3700,3.4000,3.3700,3.3900,2141700,7256496.0000,3
2025-05-06,20250506100500000,sz.002418,3.4000,3.4400,3.3800,3.4100,6328800,21563200.0000,3
2025-05-06,20250506101000000,sz.002418,3.4000,3.4200,3.4000,3.4200,2700600,9217936.0000,3
2025-05-06,20250506101500000,sz.002418,3.4100,3.4200,3.4100,3.4100,1535400,5239088.0000,3
2025-05-06,20250506102000000,sz.002418,3.4100,3.4200,3.4000,3.4100,1991400,6789392.0000,3
2025-05-06,20250506102500000,sz.002418,3.4100,3.4200,3.4100,3.4100,1773400,6051920.0000,3
2025-05-06,20250506103000000,sz.002418,3.4100,3.4200,3.4100,3.4200,1349200,4607312.0000,3
2025-05-06,20250506103500000,sz.002418,3.4200,3.4200,3.3900,3.4000,3801400,12952736.0000,3
2025-05-06,20250506104000000,sz.002418,3.4000,3.4000,3.3800,3.3800,1879900,6370688.0000,3
2025-05-06,20250506104500000,sz.002418,3.3800,3.3900,3.3800,3.3900,1329000,4498192.0000,3
2025-05-06,20250506105000000,sz.002418,3.3900,3.4000,3.3800,3.4000,1229300,4168240.0000,3
2025-05-06,20250506105500000,sz.002418,3.3900,3.4000,3.3900,3.3900,1238800,4201440.0000,3
2025-05-06,20250506110000000,sz.002418,3.3900,3.4000,3.3800,3.3900,1542800,5225616.0000,3
2025-05-06,20250506110500000,sz.002418,3.3900,3.3900,3.3800,3.3900,1358700,4596112.0000,3
2025-05-06,20250506111000000,sz.002418,3.3900,3.3900,3.3800,3.3800,907000,3071120.0000,3
2025-05-06,20250506111500000,sz.002418,3.3800,3.3900,3.3800,3.3800,511300,1730480.0000,3
2025-05-06,20250506112000000,sz.002418,3.3800,3.4000,3.3800,3.4000,1056200,3577712.0000,3
2025-05-06,20250506112500000,sz.002418,3.4000,3.4000,3.3900,3.4000,1013300,3442496.0000,3
2025-05-06,20250506113000000,sz.002418,3.3900,3.4100,3.3900,3.4100,1838100,6256640.0000,3
2025-05-06,20250506130500000,sz.002418,3.4100,3.4300,3.4100,3.4300,3749400,12823872.0000,3
2025-05-06,20250506131000000,sz.002418,3.4200,3.4200,3.3900,3.4000,2152100,7332640.0000,3
2025-05-06,20250506131500000,sz.002418,3.4000,3.4100,3.3900,3.3900,960100,3261088.0000,3
2025-05-06,20250506132000000,sz.002418,3.3900,3.4000,3.3900,3.3900,694800,2358688.0000,3
2025-05-06,20250506132500000,sz.002418,3.4000,3.4100,3.3900,3.4100,1824400,6208384.0000,3
2025-05-06,20250506133000000,sz.002418,3.4100,3.4100,3.4000,3.4000,839200,2856672.0000,3
2025-05-06,20250506133500000,sz.002418,3.4100,3.4100,3.4000,3.4000,730400,2488256.0000,3
2025-05-06,20250506134000000,sz.002418,3.4000,3.4100,3.4000,3.4100,1014200,3454752.0000,3
2025-05-06,20250506134500000,sz.002418,3.4000,3.4100,3.4000,3.4000,679300,2313056.0000,3
2025-05-06,20250506135000000,sz.002418,3.4100,3.4100,3.4000,3.4100,906800,3086944.0000,3
2025-05-06,20250506135500000,sz.002418,3.4000,3.4100,3.3900,3.4000,2072800,7046496.0000,3
2025-05-06,20250506140000000,sz.002418,3.4000,3.4000,3.3900,3.4000,1032000,3502784.0000,3
2025-05-06,20250506140500000,sz.002418,3.4000,3.4000,3.3900,3.4000,807200,2740576.0000,3
2025-05-06,20250506141000000,sz.002418,3.3900,3.4000,3.3900,3.4000,1210000,4109088.0000,3
2025-05-06,20250506141500000,sz.002418,3.3900,3.4100,3.3900,3.4000,1977400,6723232.0000,3
2025-05-06,20250506142000000,sz.002418,3.4000,3.4100,3.4000,3.4000,1082900,3687072.0000,3
2025-05-06,20250506142500000,sz.002418,3.4100,3.4100,3.4000,3.4000,792500,2697408.0000,3
2025-05-06,20250506143000000,sz.002418,3.4000,3.4100,3.4000,3.4100,964200,3283616.0000,3
2025-05-06,20250506143500000,sz.002418,3.4100,3.4100,3.4000,3.4100,1381900,4705536.0000,3
2025-05-06,20250506144000000,sz.002418,3.4100,3.4200,3.4000,3.4200,3640300,12422880.0000,3
2025-05-06,20250506144500000,sz.002418,3.4300,3.4300,3.4200,3.4200,2613300,8952704.0000,3
2025-05-06,20250506145000000,sz.002418,3.4300,3.4300,3.4200,3.4300,2656300,9106240.0000,3
2025-05-06,20250506145500000,sz.002418,3.4300,3.4600,3.4300,3.4600,5691100,19594400.0000,3
2025-05-06,20250506150000000,sz.002418,3.4600,3.4600,3.4500,3.4600,4632800,16024288.0000,3
2025-05-07,20250507093500000,sz.002418,3.4400,3.4700,3.4200,3.4400,11387700,39238272.0000,3
2025-05-07,20250507094000000,sz.002418,3.4300,3.4500,3.4300,3.4300,5241000,18006540.0000,3
2025-05-07,20250507094500000,sz.002418,3.4300,3.4800,3.4200,3.4400,8730900,30064052.0000,3
2025-05-07,20250507095000000,sz.002418,3.4500,3.4600,3.4300,3.4400,3210100,11055032.0000,3
2025-05-07,20250507095500000,sz.002418,3.4400,3.4400,3.3700,3.3800,7738900,26336688.0000,3
2025-05-07,20250507100000000,sz.002418,3.3800,3.4100,3.3700,3.3900,3224600,10944664.0000,3
2025-05-07,20250507100500000,sz.002418,3.3900,3.4000,3.3800,3.3900,3327800,11274384.0000,3
2025-05-07,20250507101000000,sz.002418,3.3900,3.4000,3.3900,3.3900,2008100,6813904.0000,3
2025-05-07,20250507101500000,sz.002418,3.4000,3.4000,3.3800,3.3800,2117300,7165664.0000,3
2025-05-07,20250507102000000,sz.002418,3.3800,3.3900,3.3500,3.3600,6639100,22363840.0000,3
2025-05-07,20250507102500000,sz.002418,3.3600,3.3700,3.3600,3.3600,2090200,7027200.0000,3
2025-05-07,20250507103000000,sz.002418,3.3600,3.3700,3.3500,3.3600,3510100,11780256.0000,3
2025-05-07,20250507103500000,sz.002418,3.3500,3.3600,3.3500,3.3600,1593300,5344432.0000,3
2025-05-07,20250507104000000,sz.002418,3.3600,3.3600,3.3500,3.3500,1685800,5659856.0000,3
2025-05-07,20250507104500000,sz.002418,3.3500,3.3600,3.3500,3.3500,1199800,4026256.0000,3
2025-05-07,20250507105000000,sz.002418,3.3500,3.3600,3.3500,3.3500,933000,3129456.0000,3
2025-05-07,20250507105500000,sz.002418,3.3500,3.3700,3.3500,3.3600,1269500,4263728.0000,3
2025-05-07,20250507110000000,sz.002418,3.3600,3.3800,3.3600,3.3700,1138000,3835088.0000,3
2025-05-07,20250507110500000,sz.002418,3.3800,3.3900,3.3700,3.3800,671700,2270080.0000,3
2025-05-07,20250507111000000,sz.002418,3.3900,3.3900,3.3800,3.3800,865600,2929424.0000,3
2025-05-07,20250507111500000,sz.002418,3.3800,3.3800,3.3700,3.3800,426100,1436688.0000,3
2025-05-07,20250507112000000,sz.002418,3.3800,3.3800,3.3700,3.3700,367000,1237520.0000,3
2025-05-07,20250507112500000,sz.002418,3.3700,3.3800,3.3700,3.3700,603800,2035952.0000,3
2025-05-07,20250507113000000,sz.002418,3.3800,3.3800,3.3700,3.3800,418000,1409600.0000,3
2025-05-07,20250507130500000,sz.002418,3.3700,3.3700,3.3600,3.3600,1341400,4516368.0000,3
2025-05-07,20250507131000000,sz.002418,3.3600,3.3700,3.3600,3.3600,572000,1923920.0000,3
2025-05-07,20250507131500000,sz.002418,3.3700,3.3700,3.3500,3.3500,2166100,7271936.0000,3
2025-05-07,20250507132000000,sz.002418,3.3500,3.3600,3.3300,3.3300,3694300,12366256.0000,3
2025-05-07,20250507132500000,sz.002418,3.3300,3.3400,3.3300,3.3300,1983400,6608432.0000,3
2025-05-07,20250507133000000,sz.002418,3.3400,3.3400,3.3300,3.3400,1191800,3972608.0000,3
2025-05-07,20250507133500000,sz.002418,3.3300,3.3400,3.3300,3.3300,1531600,5101312.0000,3
2025-05-07,20250507134000000,sz.002418,3.3300,3.3400,3.3300,3.3300,989000,3294912.0000,3
2025-05-07,20250507134500000,sz.002418,3.3300,3.3400,3.3300,3.3300,1098500,3660224.0000,3
2025-05-07,20250507135000000,sz.002418,3.3400,3.3400,3.3200,3.3200,2620900,8714112.0000,3
2025-05-07,20250507135500000,sz.002418,3.3200,3.3400,3.3100,3.3400,4197200,13919584.0000,3
2025-05-07,20250507140000000,sz.002418,3.3300,3.3500,3.3300,3.3400,1101900,3681888.0000,3
2025-05-07,20250507140500000,sz.002418,3.3300,3.3400,3.3200,3.3300,834500,2779136.0000,3
2025-05-07,20250507141000000,sz.002418,3.3200,3.3300,3.3200,3.3200,948600,3151488.0000,3
2025-05-07,20250507141500000,sz.002418,3.3200,3.3300,3.3200,3.3200,648700,2154784.0000,3
2025-05-07,20250507142000000,sz.002418,3.3200,3.3300,3.3100,3.3200,1409100,4678528.0000,3
2025-05-07,20250507142500000,sz.002418,3.3200,3.3200,3.3100,3.3200,892700,2957408.0000,3
2025-05-07,20250507143000000,sz.002418,3.3200,3.3300,3.3100,3.3200,1088100,3611520.0000,3
2025-05-07,20250507143500000,sz.002418,3.3300,3.3300,3.3200,3.3300,798000,2655584.0000,3
2025-05-07,20250507144000000,sz.002418,3.3300,3.3500,3.3200,3.3500,1462700,4879904.0000,3
2025-05-07,20250507144500000,sz.002418,3.3500,3.3500,3.3400,3.3400,1355400,4535584.0000,3
2025-05-07,20250507145000000,sz.002418,3.3400,3.3500,3.3400,3.3500,887900,2968704.0000,3
2025-05-07,20250507145500000,sz.002418,3.3400,3.3500,3.3400,3.3400,2784500,9311488.0000,3
2025-05-07,20250507150000000,sz.002418,3.3400,3.3500,3.3400,3.3500,3202900,10717056.0000,3
2025-05-08,20250508093500000,sz.002418,3.3100,3.3600,3.3100,3.3600,5862400,19541306.0000,3
2025-05-08,20250508094000000,sz.002418,3.3600,3.4000,3.3600,3.3900,6801900,22989758.0000,3
2025-05-08,20250508094500000,sz.002418,3.4000,3.4000,3.3800,3.3900,5002800,16954320.0000,3
2025-05-08,20250508095000000,sz.002418,3.3900,3.4000,3.3700,3.4000,5662800,19183048.0000,3
2025-05-08,20250508095500000,sz.002418,3.4000,3.4300,3.4000,3.4100,6971400,23828968.0000,3
2025-05-08,20250508100000000,sz.002418,3.4100,3.4200,3.4000,3.4100,1712600,5841056.0000,3
2025-05-08,20250508100500000,sz.002418,3.4200,3.4200,3.4000,3.4000,1328000,4521640.0000,3
2025-05-08,20250508101000000,sz.002418,3.4000,3.4000,3.3900,3.4000,1093700,3712824.0000,3
2025-05-08,20250508101500000,sz.002418,3.4000,3.4100,3.3900,3.4100,2762700,9399264.0000,3
2025-05-08,20250508102000000,sz.002418,3.4000,3.4100,3.3900,3.4000,805100,2734712.0000,3
2025-05-08,20250508102500000,sz.002418,3.3900,3.4000,3.3900,3.4000,393800,1337296.0000,3
2025-05-08,20250508103000000,sz.002418,3.4000,3.4100,3.3900,3.4100,1707100,5803760.0000,3
2025-05-08,20250508103500000,sz.002418,3.4000,3.4100,3.3900,3.3900,573700,1950624.0000,3
2025-05-08,20250508104000000,sz.002418,3.3900,3.4000,3.3900,3.4000,882500,2993008.0000,3
2025-05-08,20250508104500000,sz.002418,3.4000,3.4000,3.3800,3.3800,1766200,5976640.0000,3
2025-05-08,20250508105000000,sz.002418,3.3900,3.3900,3.3700,3.3700,1058500,3579280.0000,3
2025-05-08,20250508105500000,sz.002418,3.3700,3.3900,3.3700,3.3800,1268000,4283712.0000,3
2025-05-08,20250508110000000,sz.002418,3.3800,3.4000,3.3800,3.3900,1377400,4671456.0000,3
2025-05-08,20250508110500000,sz.002418,3.3900,3.4000,3.3900,3.3900,861300,2925632.0000,3
2025-05-08,20250508111000000,sz.002418,3.3900,3.4000,3.3900,3.3900,364100,1234688.0000,3
2025-05-08,20250508111500000,sz.002418,3.4000,3.4000,3.3800,3.3900,627300,2126512.0000,3
2025-05-08,20250508112000000,sz.002418,3.3900,3.4000,3.3800,3.3800,399700,1354752.0000,3
2025-05-08,20250508112500000,sz.002418,3.3800,3.3900,3.3800,3.3800,295100,998096.0000,3
2025-05-08,20250508113000000,sz.002418,3.3800,3.3900,3.3800,3.3900,544200,1840208.0000,3
2025-05-08,20250508130500000,sz.002418,3.3900,3.3900,3.3700,3.3700,1199200,4051680.0000,3
2025-05-08,20250508131000000,sz.002418,3.3700,3.3800,3.3700,3.3700,665000,2242448.0000,3
2025-05-08,20250508131500000,sz.002418,3.3700,3.3800,3.3600,3.3600,1559900,5249072.0000,3
2025-05-08,20250508132000000,sz.002418,3.3600,3.3800,3.3600,3.3800,1011900,3409200.0000,3
2025-05-08,20250508132500000,sz.002418,3.3700,3.3900,3.3700,3.3800,1589300,5377360.0000,3
2025-05-08,20250508133000000,sz.002418,3.3800,3.3900,3.3800,3.3800,468500,1585792.0000,3
2025-05-08,20250508133500000,sz.002418,3.3800,3.3900,3.3700,3.3700,777400,2627104.0000,3
2025-05-08,20250508134000000,sz.002418,3.3700,3.3800,3.3700,3.3800,521700,1758752.0000,3
2025-05-08,20250508134500000,sz.002418,3.3800,3.3800,3.3700,3.3700,393700,1327440.0000,3
2025-05-08,20250508135000000,sz.002418,3.3700,3.3800,3.3600,3.3600,1169900,3941824.0000,3
2025-05-08,20250508135500000,sz.002418,3.3600,3.3700,3.3600,3.3700,704700,2369232.0000,3
2025-05-08,20250508140000000,sz.002418,3.3700,3.3900,3.3600,3.3900,2988900,10083104.0000,3
2025-05-08,20250508140500000,sz.002418,3.3900,3.3900,3.3700,3.3800,1592400,5382208.0000,3
2025-05-08,20250508141000000,sz.002418,3.3700,3.3800,3.3700,3.3800,558700,1886880.0000,3
2025-05-08,20250508141500000,sz.002418,3.3700,3.3800,3.3700,3.3700,817600,2756464.0000,3
2025-05-08,20250508142000000,sz.002418,3.3800,3.3800,3.3700,3.3700,482600,1626976.0000,3
2025-05-08,20250508142500000,sz.002418,3.3800,3.3800,3.3700,3.3700,583300,1966944.0000,3
2025-05-08,20250508143000000,sz.002418,3.3700,3.3800,3.3600,3.3700,1326100,4469536.0000,3
2025-05-08,20250508143500000,sz.002418,3.3700,3.3800,3.3600,3.3700,1728400,5825232.0000,3
2025-05-08,20250508144000000,sz.002418,3.3700,3.3800,3.3600,3.3600,1414200,4763328.0000,3
2025-05-08,20250508144500000,sz.002418,3.3600,3.3700,3.3600,3.3700,1122800,3776176.0000,3
2025-05-08,20250508145000000,sz.002418,3.3700,3.3700,3.3600,3.3700,1432500,4814688.0000,3
2025-05-08,20250508145500000,sz.002418,3.3600,3.3700,3.3600,3.3700,3623000,12180416.0000,3
2025-05-08,20250508150000000,sz.002418,3.3600,3.3700,3.3600,3.3600,2994600,10072112.0000,3
2025-05-09,20250509093500000,sz.002418,3.3600,3.3800,3.3300,3.3400,5703900,19117668.0000,3
2025-05-09,20250509094000000,sz.002418,3.3400,3.3500,3.3300,3.3400,3490000,11655564.0000,3
2025-05-09,20250509094500000,sz.002418,3.3400,3.3500,3.3100,3.3200,4118500,13708784.0000,3
2025-05-09,20250509095000000,sz.002418,3.3200,3.3300,3.3100,3.3200,3015400,10003912.0000,3
2025-05-09,20250509095500000,sz.002418,3.3200,3.3300,3.3100,3.3100,1691300,5610116.0000,3
2025-05-09,20250509100000000,sz.002418,3.3100,3.3400,3.3100,3.3400,2331200,7746180.0000,3
2025-05-09,20250509100500000,sz.002418,3.3300,3.3400,3.3200,3.3300,858600,2861272.0000,3
2025-05-09,20250509101000000,sz.002418,3.3300,3.3400,3.3200,3.3200,699400,2326264.0000,3
2025-05-09,20250509101500000,sz.002418,3.3200,3.3200,3.3100,3.3200,1627700,5396616.0000,3
2025-05-09,20250509102000000,sz.002418,3.3100,3.3200,3.3100,3.3200,655600,2173408.0000,3
2025-05-09,20250509102500000,sz.002418,3.3100,3.3200,3.3100,3.3200,585900,1941032.0000,3
2025-05-09,20250509103000000,sz.002418,3.3200,3.3300,3.3100,3.3200,1202100,3991256.0000,3
2025-05-09,20250509103500000,sz.002418,3.3200,3.3300,3.3100,3.3100,577400,1915576.0000,3
2025-05-09,20250509104000000,sz.002418,3.3100,3.3200,3.3100,3.3200,1451600,4805736.0000,3
2025-05-09,20250509104500000,sz.002418,3.3300,3.3300,3.3200,3.3200,1149300,3817720.0000,3
2025-05-09,20250509105000000,sz.002418,3.3200,3.3300,3.3100,3.3200,698300,2318520.0000,3
2025-05-09,20250509105500000,sz.002418,3.3200,3.3300,3.3100,3.3200,659600,2188104.0000,3
2025-05-09,20250509110000000,sz.002418,3.3200,3.3300,3.3200,3.3200,986300,3275608.0000,3
2025-05-09,20250509110500000,sz.002418,3.3200,3.3300,3.3100,3.3300,865000,2874448.0000,3
2025-05-09,20250509111000000,sz.002418,3.3300,3.3400,3.3300,3.3400,1043700,3478008.0000,3
2025-05-09,20250509111500000,sz.002418,3.3300,3.3400,3.3300,3.3400,1190300,3968864.0000,3
2025-05-09,20250509112000000,sz.002418,3.3400,3.3500,3.3300,3.3300,565200,1886544.0000,3
2025-05-09,20250509112500000,sz.002418,3.3300,3.3400,3.3300,3.3300,357900,1193424.0000,3
2025-05-09,20250509113000000,sz.002418,3.3400,3.3400,3.3300,3.3400,367900,1227448.0000,3
2025-05-09,20250509130500000,sz.002418,3.3300,3.3400,3.3200,3.3300,965100,3213048.0000,3
2025-05-09,20250509131000000,sz.002418,3.3400,3.3400,3.3300,3.3300,801100,2667920.0000,3
2025-05-09,20250509131500000,sz.002418,3.3400,3.3400,3.3300,3.3300,755300,2517728.0000,3
2025-05-09,20250509132000000,sz.002418,3.3400,3.3400,3.3300,3.3300,450000,1500184.0000,3
2025-05-09,20250509132500000,sz.002418,3.3400,3.3500,3.3300,3.3400,711400,2376712.0000,3
2025-05-09,20250509133000000,sz.002418,3.3400,3.3600,3.3400,3.3500,1201700,4026560.0000,3
2025-05-09,20250509133500000,sz.002418,3.3500,3.3700,3.3500,3.3700,1215000,4082000.0000,3
2025-05-09,20250509134000000,sz.002418,3.3600,3.3700,3.3600,3.3600,1050100,3531088.0000,3
2025-05-09,20250509134500000,sz.002418,3.3500,3.3700,3.3500,3.3700,833100,2800544.0000,3
2025-05-09,20250509135000000,sz.002418,3.3700,3.3800,3.3700,3.3700,1400500,4722080.0000,3
2025-05-09,20250509135500000,sz.002418,3.3800,3.3800,3.3600,3.3700,1394300,4698816.0000,3
2025-05-09,20250509140000000,sz.002418,3.3700,3.3800,3.3700,3.3800,1000200,3376128.0000,3
2025-05-09,20250509140500000,sz.002418,3.3900,3.3900,3.3800,3.3800,2542300,8597392.0000,3
2025-05-09,20250509141000000,sz.002418,3.3800,3.3900,3.3700,3.3700,1533000,5174960.0000,3
2025-05-09,20250509141500000,sz.002418,3.3700,3.3800,3.3600,3.3800,581100,1960192.0000,3
2025-05-09,20250509142000000,sz.002418,3.3700,3.3800,3.3700,3.3700,293300,988720.0000,3
2025-05-09,20250509142500000,sz.002418,3.3700,3.3800,3.3700,3.3700,1090800,3676384.0000,3
2025-05-09,20250509143000000,sz.002418,3.3800,3.3800,3.3700,3.3700,381300,1285088.0000,3
2025-05-09,20250509143500000,sz.002418,3.3700,3.3800,3.3600,3.3700,714800,2409200.0000,3
2025-05-09,20250509144000000,sz.002418,3.3600,3.3700,3.3600,3.3700,277900,935360.0000,3
2025-05-09,20250509144500000,sz.002418,3.3600,3.3700,3.3600,3.3600,1164900,3923504.0000,3
2025-05-09,20250509145000000,sz.002418,3.3600,3.3700,3.3600,3.3600,1107800,3726080.0000,3
2025-05-09,20250509145500000,sz.002418,3.3600,3.3700,3.3600,3.3700,2716300,9146112.0000,3
2025-05-09,20250509150000000,sz.002418,3.3700,3.3700,3.3600,3.3700,1423500,4793376.0000,3
2025-05-12,20250512093500000,sz.002418,3.3700,3.4000,3.3600,3.3600,4029400,13592787.0000,3
2025-05-12,20250512094000000,sz.002418,3.3600,3.3800,3.3500,3.3500,2915200,9806533.0000,3
2025-05-12,20250512094500000,sz.002418,3.3500,3.3600,3.3400,3.3500,1750400,5863200.0000,3
2025-05-12,20250512095000000,sz.002418,3.3400,3.3600,3.3400,3.3600,1596900,5349704.0000,3
2025-05-12,20250512095500000,sz.002418,3.3500,3.3600,3.3400,3.3400,1166700,3907900.0000,3
2025-05-12,20250512100000000,sz.002418,3.3500,3.3500,3.3400,3.3400,859900,2873640.0000,3
2025-05-12,20250512100500000,sz.002418,3.3500,3.3600,3.3400,3.3500,1650200,5531996.0000,3
2025-05-12,20250512101000000,sz.002418,3.3500,3.3600,3.3400,3.3500,1439300,4824816.0000,3
2025-05-12,20250512101500000,sz.002418,3.3500,3.3600,3.3400,3.3500,721200,2415844.0000,3
2025-05-12,20250512102000000,sz.002418,3.3500,3.3700,3.3500,3.3600,1335800,4488640.0000,3
2025-05-12,20250512102500000,sz.002418,3.3600,3.3700,3.3600,3.3600,559900,1882764.0000,3
2025-05-12,20250512103000000,sz.002418,3.3700,3.3700,3.3600,3.3600,629600,2116592.0000,3
2025-05-12,20250512103500000,sz.002418,3.3700,3.3700,3.3600,3.3600,648900,2180596.0000,3
2025-05-12,20250512104000000,sz.002418,3.3600,3.3600,3.3500,3.3500,365500,1225500.0000,3
2025-05-12,20250512104500000,sz.002418,3.3600,3.3600,3.3500,3.3500,293100,982056.0000,3
2025-05-12,20250512105000000,sz.002418,3.3500,3.3600,3.3500,3.3500,463600,1554720.0000,3
2025-05-12,20250512105500000,sz.002418,3.3500,3.3600,3.3500,3.3600,416900,1397800.0000,3
2025-05-12,20250512110000000,sz.002418,3.3600,3.3600,3.3500,3.3500,1313400,4402152.0000,3
2025-05-12,20250512110500000,sz.002418,3.3500,3.3600,3.3500,3.3500,269800,904072.0000,3
2025-05-12,20250512111000000,sz.002418,3.3500,3.3600,3.3500,3.3500,809900,2713888.0000,3
2025-05-12,20250512111500000,sz.002418,3.3500,3.3600,3.3400,3.3500,1285300,4296424.0000,3
2025-05-12,20250512112000000,sz.002418,3.3500,3.3500,3.3400,3.3500,288600,964752.0000,3
2025-05-12,20250512112500000,sz.002418,3.3500,3.3500,3.3400,3.3400,344100,1150464.0000,3
2025-05-12,20250512113000000,sz.002418,3.3500,3.3500,3.3400,3.3500,300500,1004712.0000,3
2025-05-12,20250512130500000,sz.002418,3.3500,3.3500,3.3400,3.3400,1444800,4826840.0000,3
2025-05-12,20250512131000000,sz.002418,3.3500,3.3500,3.3300,3.3400,406400,1357104.0000,3
2025-05-12,20250512131500000,sz.002418,3.3500,3.3500,3.3400,3.3400,138900,464264.0000,3
2025-05-12,20250512132000000,sz.002418,3.3500,3.3700,3.3400,3.3600,1894700,6357008.0000,3
2025-05-12,20250512132500000,sz.002418,3.3700,3.3700,3.3600,3.3700,363400,1222656.0000,3
2025-05-12,20250512133000000,sz.002418,3.3700,3.3700,3.3600,3.3700,1200200,4037664.0000,3
2025-05-12,20250512133500000,sz.002418,3.3700,3.3800,3.3600,3.3700,3953900,13349712.0000,3
2025-05-12,20250512134000000,sz.002418,3.3700,3.3800,3.3700,3.3800,1268200,4276064.0000,3
2025-05-12,20250512134500000,sz.002418,3.3700,3.3700,3.3600,3.3700,382100,1287400.0000,3
2025-05-12,20250512135000000,sz.002418,3.3600,3.3800,3.3600,3.3800,886900,2987216.0000,3
2025-05-12,20250512135500000,sz.002418,3.3700,3.3800,3.3700,3.3700,392400,1325320.0000,3
2025-05-12,20250512140000000,sz.002418,3.3700,3.3800,3.3700,3.3800,150300,506952.0000,3
2025-05-12,20250512140500000,sz.002418,3.3800,3.3800,3.3700,3.3800,1033600,3484192.0000,3
2025-05-12,20250512141000000,sz.002418,3.3800,3.3800,3.3600,3.3700,906700,3056224.0000,3
2025-05-12,20250512141500000,sz.002418,3.3700,3.3800,3.3600,3.3700,608200,2050472.0000,3
2025-05-12,20250512142000000,sz.002418,3.3700,3.3800,3.3600,3.3700,473300,1594944.0000,3
2025-05-12,20250512142500000,sz.002418,3.3700,3.3800,3.3700,3.3700,279400,942288.0000,3
2025-05-12,20250512143000000,sz.002418,3.3800,3.3800,3.3700,3.3700,583100,1967136.0000,3
2025-05-12,20250512143500000,sz.002418,3.3700,3.3900,3.3700,3.3900,2903100,9816528.0000,3
2025-05-12,20250512144000000,sz.002418,3.3900,3.3900,3.3800,3.3800,462300,1565024.0000,3
2025-05-12,20250512144500000,sz.002418,3.3800,3.3900,3.3800,3.3800,587700,1987568.0000,3
2025-05-12,20250512145000000,sz.002418,3.3800,3.3900,3.3800,3.3800,1271000,4302096.0000,3
2025-05-12,20250512145500000,sz.002418,3.3900,3.3900,3.3800,3.3800,2012300,6814416.0000,3
2025-05-12,20250512150000000,sz.002418,3.3900,3.3900,3.3800,3.3900,2184900,7405168.0000,3
2025-05-13,20250513093500000,sz.002418,3.4300,3.4500,3.4000,3.4400,6955000,23796668.0000,3
2025-05-13,20250513094000000,sz.002418,3.4500,3.4500,3.4200,3.4300,3112900,10660424.0000,3
2025-05-13,20250513094500000,sz.002418,3.4200,3.4800,3.4200,3.4800,6883500,23784876.0000,3
2025-05-13,20250513095000000,sz.002418,3.4800,3.4800,3.4500,3.4500,4775100,16552472.0000,3
2025-05-13,20250513095500000,sz.002418,3.4500,3.4600,3.4300,3.4400,3218400,11088568.0000,3
2025-05-13,20250513100000000,sz.002418,3.4400,3.4500,3.4200,3.4200,2246600,7719728.0000,3
2025-05-13,20250513100500000,sz.002418,3.4200,3.4300,3.4100,3.4200,1433400,4900128.0000,3
2025-05-13,20250513101000000,sz.002418,3.4200,3.4200,3.4000,3.4000,2648700,9019120.0000,3
2025-05-13,20250513101500000,sz.002418,3.4000,3.4000,3.3800,3.4000,1512600,5130416.0000,3
2025-05-13,20250513102000000,sz.002418,3.4000,3.4000,3.3900,3.4000,913300,3103264.0000,3
2025-05-13,20250513102500000,sz.002418,3.4000,3.4100,3.4000,3.4000,332900,1133968.0000,3
2025-05-13,20250513103000000,sz.002418,3.4000,3.4100,3.4000,3.4100,1153600,3923040.0000,3
2025-05-13,20250513103500000,sz.002418,3.4000,3.4100,3.3900,3.4000,538400,1829488.0000,3
2025-05-13,20250513104000000,sz.002418,3.3900,3.4000,3.3900,3.3900,602300,2042688.0000,3
2025-05-13,20250513104500000,sz.002418,3.3900,3.4000,3.3900,3.4000,406300,1379256.0000,3
2025-05-13,20250513105000000,sz.002418,3.4000,3.4000,3.3800,3.3800,717900,2432728.0000,3
2025-05-13,20250513105500000,sz.002418,3.3800,3.4000,3.3800,3.3900,525600,1781032.0000,3
2025-05-13,20250513110000000,sz.002418,3.3900,3.4000,3.3900,3.4000,127500,433024.0000,3
2025-05-13,20250513110500000,sz.002418,3.4000,3.4000,3.3900,3.3900,100200,340152.0000,3
2025-05-13,20250513111000000,sz.002418,3.4000,3.4000,3.3800,3.3900,1198200,4061440.0000,3
2025-05-13,20250513111500000,sz.002418,3.3900,3.3900,3.3800,3.3800,642000,2170368.0000,3
2025-05-13,20250513112000000,sz.002418,3.3800,3.3900,3.3800,3.3800,101700,344032.0000,3
2025-05-13,20250513112500000,sz.002418,3.3800,3.3900,3.3700,3.3700,764300,2582896.0000,3
2025-05-13,20250513113000000,sz.002418,3.3700,3.3800,3.3700,3.3700,214600,723792.0000,3
2025-05-13,20250513130500000,sz.002418,3.3800,3.3800,3.3700,3.3700,510100,1722880.0000,3
2025-05-13,20250513131000000,sz.002418,3.3700,3.3900,3.3700,3.3900,440500,1488848.0000,3
2025-05-13,20250513131500000,sz.002418,3.3900,3.3900,3.3800,3.3800,75600,255968.0000,3
2025-05-13,20250513132000000,sz.002418,3.3800,3.3900,3.3800,3.3800,275700,933712.0000,3
2025-05-13,20250513132500000,sz.002418,3.3900,3.3900,3.3800,3.3800,152100,514160.0000,3
2025-05-13,20250513133000000,sz.002418,3.3800,3.3900,3.3800,3.3900,390700,1320832.0000,3
2025-05-13,20250513133500000,sz.002418,3.3900,3.3900,3.3700,3.3800,497200,1679552.0000,3
2025-05-13,20250513134000000,sz.002418,3.3800,3.3900,3.3700,3.3900,452700,1530496.0000,3
2025-05-13,20250513134500000,sz.002418,3.3900,3.3900,3.3800,3.3900,364300,1233616.0000,3
2025-05-13,20250513135000000,sz.002418,3.3900,3.4000,3.3800,3.4000,581700,1971648.0000,3
2025-05-13,20250513135500000,sz.002418,3.4000,3.4000,3.3800,3.3800,422700,1432896.0000,3
2025-05-13,20250513140000000,sz.002418,3.3800,3.3900,3.3800,3.3900,243000,823744.0000,3
2025-05-13,20250513140500000,sz.002418,3.3900,3.4000,3.3800,3.3900,420100,1423904.0000,3
2025-05-13,20250513141000000,sz.002418,3.4000,3.4000,3.3900,3.3900,330200,1119440.0000,3
2025-05-13,20250513141500000,sz.002418,3.3900,3.4000,3.3800,3.4000,626200,2120096.0000,3
2025-05-13,20250513142000000,sz.002418,3.4000,3.4000,3.3900,3.4000,342300,1162928.0000,3
2025-05-13,20250513142500000,sz.002418,3.4000,3.4000,3.3900,3.3900,547000,1855312.0000,3
2025-05-13,20250513143000000,sz.002418,3.3900,3.4000,3.3800,3.3900,473400,1604480.0000,3
2025-05-13,20250513143500000,sz.002418,3.3900,3.3900,3.3800,3.3800,163700,553696.0000,3
2025-05-13,20250513144000000,sz.002418,3.3800,3.3900,3.3800,3.3800,890700,3010736.0000,3
2025-05-13,20250513144500000,sz.002418,3.3800,3.3800,3.3700,3.3700,588000,1984304.0000,3
2025-05-13,20250513145000000,sz.002418,3.3800,3.3800,3.3700,3.3800,883500,2981472.0000,3
2025-05-13,20250513145500000,sz.002418,3.3800,3.3900,3.3700,3.3700,1349400,4559920.0000,3
2025-05-13,20250513150000000,sz.002418,3.3800,3.3900,3.3700,3.3800,1398300,4724240.0000,3
2025-05-14,20250514093500000,sz.002418,3.3800,3.4200,3.3700,3.4100,3320300,11274420.0000,3
2025-05-14,20250514094000000,sz.002418,3.4000,3.4100,3.3800,3.4100,2550800,8659938.0000,3
2025-05-14,20250514094500000,sz.002418,3.4100,3.4600,3.4100,3.4600,9290900,31965714.0000,3
2025-05-14,20250514095000000,sz.002418,3.4600,3.4600,3.4400,3.4500,4927600,17022136.0000,3
2025-05-14,20250514095500000,sz.002418,3.4400,3.4500,3.4200,3.4200,2637700,9053888.0000,3
2025-05-14,20250514100000000,sz.002418,3.4200,3.4400,3.4200,3.4400,1680200,5762800.0000,3
2025-05-14,20250514100500000,sz.002418,3.4400,3.4400,3.4200,3.4200,1650400,5652200.0000,3
2025-05-14,20250514101000000,sz.002418,3.4200,3.4300,3.4000,3.4100,1553000,5300360.0000,3
2025-05-14,20250514101500000,sz.002418,3.4100,3.4200,3.4100,3.4100,942000,3214256.0000,3
2025-05-14,20250514102000000,sz.002418,3.4200,3.4300,3.4100,3.4200,1321600,4524072.0000,3
2025-05-14,20250514102500000,sz.002418,3.4300,3.4400,3.4200,3.4200,1593700,5467176.0000,3
2025-05-14,20250514103000000,sz.002418,3.4300,3.4300,3.4200,3.4300,450100,1540904.0000,3
2025-05-14,20250514103500000,sz.002418,3.4200,3.4300,3.4100,3.4100,727400,2486400.0000,3
2025-05-14,20250514104000000,sz.002418,3.4100,3.4200,3.4100,3.4100,1250000,4262512.0000,3
2025-05-14,20250514104500000,sz.002418,3.4200,3.4200,3.4000,3.4100,821700,2798120.0000,3
2025-05-14,20250514105000000,sz.002418,3.4000,3.4100,3.4000,3.4000,433700,1477496.0000,3
2025-05-14,20250514105500000,sz.002418,3.4100,3.4100,3.4000,3.4000,226700,771736.0000,3
2025-05-14,20250514110000000,sz.002418,3.4000,3.4100,3.4000,3.4000,523700,1781536.0000,3
2025-05-14,20250514110500000,sz.002418,3.4000,3.4100,3.3900,3.4000,937300,3185480.0000,3
2025-05-14,20250514111000000,sz.002418,3.3900,3.4100,3.3900,3.4000,738300,2510008.0000,3
2025-05-14,20250514111500000,sz.002418,3.4100,3.4100,3.4000,3.4100,917600,3128112.0000,3
2025-05-14,20250514112000000,sz.002418,3.4100,3.4200,3.4100,3.4200,425600,1453416.0000,3
2025-05-14,20250514112500000,sz.002418,3.4200,3.4200,3.4100,3.4100,230000,785496.0000,3
2025-05-14,20250514113000000,sz.002418,3.4100,3.4200,3.4000,3.4200,855000,2915616.0000,3
2025-05-14,20250514130500000,sz.002418,3.4200,3.4200,3.4000,3.4000,617900,2107392.0000,3
2025-05-14,20250514131000000,sz.002418,3.4000,3.4200,3.4000,3.4200,555500,1894672.0000,3
2025-05-14,20250514131500000,sz.002418,3.4200,3.4200,3.4100,3.4200,1040700,3557440.0000,3
2025-05-14,20250514132000000,sz.002418,3.4300,3.4300,3.4100,3.4200,1315300,4499648.0000,3
2025-05-14,20250514132500000,sz.002418,3.4300,3.4300,3.4100,3.4200,944200,3229424.0000,3
2025-05-14,20250514133000000,sz.002418,3.4200,3.4300,3.4200,3.4200,506400,1732368.0000,3
2025-05-14,20250514133500000,sz.002418,3.4200,3.4300,3.4100,3.4200,856000,2926848.0000,3
2025-05-14,20250514134000000,sz.002418,3.4300,3.4300,3.4200,3.4300,1064800,3646320.0000,3
2025-05-14,20250514134500000,sz.002418,3.4300,3.4400,3.4300,3.4400,3124400,10725760.0000,3
2025-05-14,20250514135000000,sz.002418,3.4400,3.4400,3.4300,3.4300,809500,2778176.0000,3
2025-05-14,20250514135500000,sz.002418,3.4300,3.4400,3.4200,3.4300,1185300,4065200.0000,3
2025-05-14,20250514140000000,sz.002418,3.4300,3.4300,3.4200,3.4200,245200,839616.0000,3
2025-05-14,20250514140500000,sz.002418,3.4300,3.4300,3.4100,3.4100,1444300,4939472.0000,3
2025-05-14,20250514141000000,sz.002418,3.4100,3.4200,3.4100,3.4100,218200,744864.0000,3
2025-05-14,20250514141500000,sz.002418,3.4200,3.4200,3.4100,3.4100,173500,592432.0000,3
2025-05-14,20250514142000000,sz.002418,3.4100,3.4200,3.4100,3.4100,149300,509552.0000,3
2025-05-14,20250514142500000,sz.002418,3.4200,3.4200,3.4100,3.4200,163800,559072.0000,3
2025-05-14,20250514143000000,sz.002418,3.4100,3.4200,3.4100,3.4200,811200,2768672.0000,3
2025-05-14,20250514143500000,sz.002418,3.4200,3.4200,3.4000,3.4000,1149700,3919728.0000,3
2025-05-14,20250514144000000,sz.002418,3.4000,3.4100,3.4000,3.4000,723800,2461632.0000,3
2025-05-14,20250514144500000,sz.002418,3.4000,3.4100,3.4000,3.4100,635800,2166288.0000,3
2025-05-14,20250514145000000,sz.002418,3.4100,3.4200,3.4000,3.4100,1277100,4355680.0000,3
2025-05-14,20250514145500000,sz.002418,3.4100,3.4200,3.4100,3.4100,1377600,4700128.0000,3
2025-05-14,20250514150000000,sz.002418,3.4100,3.4200,3.4100,3.4100,1234400,4211680.0000,3
2025-05-15,20250515093500000,sz.002418,3.4100,3.4100,3.3600,3.3600,4504500,15218888.0000,3
2025-05-15,20250515094000000,sz.002418,3.3700,3.3800,3.3600,3.3800,4578000,15427148.0000,3
2025-05-15,20250515094500000,sz.002418,3.3800,3.3800,3.3400,3.3400,4634100,15542460.0000,3
2025-05-15,20250515095000000,sz.002418,3.3400,3.3500,3.3300,3.3400,3803300,12681096.0000,3
2025-05-15,20250515095500000,sz.002418,3.3500,3.3500,3.3400,3.3400,981600,3283512.0000,3
2025-05-15,20250515100000000,sz.002418,3.3500,3.3500,3.3300,3.3400,1860200,6213160.0000,3
2025-05-15,20250515100500000,sz.002418,3.3400,3.3600,3.3300,3.3400,1720400,5753624.0000,3
2025-05-15,20250515101000000,sz.002418,3.3500,3.3500,3.3400,3.3400,793200,2651128.0000,3
2025-05-15,20250515101500000,sz.002418,3.3500,3.3600,3.3400,3.3600,1124400,3764304.0000,3
2025-05-15,20250515102000000,sz.002418,3.3500,3.3600,3.3500,3.3600,619300,2078216.0000,3
2025-05-15,20250515102500000,sz.002418,3.3600,3.3700,3.3500,3.3700,701500,2356728.0000,3
2025-05-15,20250515103000000,sz.002418,3.3700,3.3700,3.3600,3.3700,472400,1588168.0000,3
2025-05-15,20250515103500000,sz.002418,3.3700,3.3800,3.3600,3.3700,731200,2463648.0000,3
2025-05-15,20250515104000000,sz.002418,3.3800,3.3900,3.3700,3.3800,856000,2893832.0000,3
2025-05-15,20250515104500000,sz.002418,3.3900,3.4000,3.3800,3.3900,890200,3017704.0000,3
2025-05-15,20250515105000000,sz.002418,3.3900,3.3900,3.3800,3.3900,377300,1277872.0000,3
2025-05-15,20250515105500000,sz.002418,3.3900,3.4000,3.3800,3.3900,625900,2124272.0000,3
2025-05-15,20250515110000000,sz.002418,3.3900,3.4400,3.3900,3.4100,4120000,14091648.0000,3
2025-05-15,20250515110500000,sz.002418,3.4200,3.4700,3.4100,3.4700,6724200,23170320.0000,3
2025-05-15,20250515111000000,sz.002418,3.4800,3.4800,3.4400,3.4500,4882400,16910768.0000,3
2025-05-15,20250515111500000,sz.002418,3.4400,3.4500,3.4300,3.4400,891000,3066240.0000,3
2025-05-15,20250515112000000,sz.002418,3.4300,3.4500,3.4300,3.4300,1700000,5850384.0000,3
2025-05-15,20250515112500000,sz.002418,3.4300,3.4400,3.4300,3.4400,482600,1658480.0000,3
2025-05-15,20250515113000000,sz.002418,3.4400,3.4500,3.4300,3.4400,870600,2996256.0000,3
2025-05-15,20250515130500000,sz.002418,3.4400,3.4400,3.4100,3.4200,1467100,5031728.0000,3
2025-05-15,20250515131000000,sz.002418,3.4200,3.4200,3.4100,3.4200,252700,862528.0000,3
2025-05-15,20250515131500000,sz.002418,3.4100,3.4200,3.4100,3.4200,321400,1098000.0000,3
2025-05-15,20250515132000000,sz.002418,3.4100,3.4200,3.4000,3.4100,1082200,3687072.0000,3
2025-05-15,20250515132500000,sz.002418,3.4100,3.4100,3.4000,3.4000,589100,2004800.0000,3
2025-05-15,20250515133000000,sz.002418,3.4000,3.4100,3.3900,3.4000,767400,2609200.0000,3
2025-05-15,20250515133500000,sz.002418,3.4000,3.4100,3.3900,3.4100,570800,1940416.0000,3
2025-05-15,20250515134000000,sz.002418,3.4000,3.4100,3.3900,3.4000,426000,1449344.0000,3
2025-05-15,20250515134500000,sz.002418,3.4000,3.4000,3.3900,3.3900,199700,677152.0000,3
2025-05-15,20250515135000000,sz.002418,3.4000,3.4000,3.3900,3.3900,168700,572464.0000,3
2025-05-15,20250515135500000,sz.002418,3.3900,3.4000,3.3900,3.3900,657300,2228272.0000,3
2025-05-15,20250515140000000,sz.002418,3.3900,3.4000,3.3900,3.4000,206400,700464.0000,3
2025-05-15,20250515140500000,sz.002418,3.3900,3.4000,3.3800,3.3800,629100,2132592.0000,3
2025-05-15,20250515141000000,sz.002418,3.3900,3.4000,3.3800,3.3800,853100,2887904.0000,3
2025-05-15,20250515141500000,sz.002418,3.3800,3.3900,3.3800,3.3800,188200,636560.0000,3
2025-05-15,20250515142000000,sz.002418,3.3900,3.4000,3.3800,3.4000,460000,1558928.0000,3
2025-05-15,20250515142500000,sz.002418,3.3900,3.4000,3.3900,3.4000,170900,580448.0000,3
2025-05-15,20250515143000000,sz.002418,3.4000,3.4000,3.3800,3.3800,825400,2800064.0000,3
2025-05-15,20250515143500000,sz.002418,3.3900,3.3900,3.3800,3.3900,239600,811056.0000,3
2025-05-15,20250515144000000,sz.002418,3.3900,3.3900,3.3800,3.3800,355900,1204160.0000,3
2025-05-15,20250515144500000,sz.002418,3.3800,3.3900,3.3800,3.3900,423700,1433344.0000,3
2025-05-15,20250515145000000,sz.002418,3.3800,3.3900,3.3800,3.3800,534900,1810736.0000,3
2025-05-15,20250515145500000,sz.002418,3.3900,3.3900,3.3800,3.3800,1251200,4232256.0000,3
2025-05-15,20250515150000000,sz.002418,3.3900,3.3900,3.3700,3.3800,847600,2864576.0000,3
2025-05-16,20250516093500000,sz.002418,3.3700,3.4200,3.3700,3.4100,3218000,10943870.0000,3
2025-05-16,20250516094000000,sz.002418,3.4200,3.4200,3.4000,3.4000,1081400,3684545.0000,3
2025-05-16,20250516094500000,sz.002418,3.4200,3.4400,3.4100,3.4400,4707300,16111845.0000,3
2025-05-16,20250516095000000,sz.002418,3.4300,3.4400,3.4200,3.4300,1944600,6679356.0000,3
2025-05-16,20250516095500000,sz.002418,3.4400,3.4400,3.4300,3.4300,1666300,5718764.0000,3
2025-05-16,20250516100000000,sz.002418,3.4300,3.4400,3.4200,3.4200,989600,3396132.0000,3
2025-05-16,20250516100500000,sz.002418,3.4300,3.4300,3.4200,3.4200,595100,2036148.0000,3
2025-05-16,20250516101000000,sz.002418,3.4200,3.4300,3.4100,3.4200,1775000,6069156.0000,3
2025-05-16,20250516101500000,sz.002418,3.4300,3.4400,3.4200,3.4400,2705400,9283824.0000,3
2025-05-16,20250516102000000,sz.002418,3.4300,3.4400,3.4200,3.4300,1934500,6638816.0000,3
2025-05-16,20250516102500000,sz.002418,3.4300,3.4400,3.4200,3.4300,1218100,4178056.0000,3
2025-05-16,20250516103000000,sz.002418,3.4300,3.4400,3.4200,3.4400,1263700,4339968.0000,3
2025-05-16,20250516103500000,sz.002418,3.4400,3.4600,3.4300,3.4500,8275600,28527976.0000,3
2025-05-16,20250516104000000,sz.002418,3.4400,3.4500,3.4200,3.4200,1867700,6424912.0000,3
2025-05-16,20250516104500000,sz.002418,3.4200,3.4300,3.4200,3.4300,448400,1535136.0000,3
2025-05-16,20250516105000000,sz.002418,3.4300,3.4300,3.4200,3.4300,422300,1446120.0000,3
2025-05-16,20250516105500000,sz.002418,3.4300,3.4300,3.4200,3.4200,1029800,3522256.0000,3
2025-05-16,20250516110000000,sz.002418,3.4200,3.4300,3.4200,3.4300,302200,1034360.0000,3
2025-05-16,20250516110500000,sz.002418,3.4300,3.4300,3.4100,3.4100,899700,3076704.0000,3
2025-05-16,20250516111000000,sz.002418,3.4200,3.4300,3.4100,3.4200,864100,2959216.0000,3
2025-05-16,20250516111500000,sz.002418,3.4300,3.4400,3.4200,3.4300,543400,1863928.0000,3
2025-05-16,20250516112000000,sz.002418,3.4200,3.4300,3.4200,3.4300,280700,962608.0000,3
2025-05-16,20250516112500000,sz.002418,3.4300,3.4300,3.4200,3.4200,272500,933040.0000,3
2025-05-16,20250516113000000,sz.002418,3.4200,3.4300,3.4200,3.4300,297000,1017192.0000,3
2025-05-16,20250516130500000,sz.002418,3.4200,3.4400,3.4200,3.4400,1143000,3923192.0000,3
2025-05-16,20250516131000000,sz.002418,3.4400,3.4400,3.4300,3.4300,230200,791008.0000,3
2025-05-16,20250516131500000,sz.002418,3.4300,3.4400,3.4300,3.4400,162700,558368.0000,3
2025-05-16,20250516132000000,sz.002418,3.4300,3.4500,3.4300,3.4400,1743700,5999024.0000,3
2025-05-16,20250516132500000,sz.002418,3.4400,3.4500,3.4300,3.4400,952000,3274736.0000,3
2025-05-16,20250516133000000,sz.002418,3.4300,3.4400,3.4300,3.4300,197200,677472.0000,3
2025-05-16,20250516133500000,sz.002418,3.4400,3.4400,3.4300,3.4400,323600,1111024.0000,3
2025-05-16,20250516134000000,sz.002418,3.4400,3.4400,3.4300,3.4400,2085400,7155488.0000,3
2025-05-16,20250516134500000,sz.002418,3.4300,3.4600,3.4300,3.4600,4248100,14652912.0000,3
2025-05-16,20250516135000000,sz.002418,3.4600,3.4600,3.4400,3.4500,1313500,4536208.0000,3
2025-05-16,20250516135500000,sz.002418,3.4400,3.4500,3.4400,3.4400,296200,1019872.0000,3
2025-05-16,20250516140000000,sz.002418,3.4500,3.4500,3.4400,3.4500,359500,1238336.0000,3
2025-05-16,20250516140500000,sz.002418,3.4400,3.4500,3.4400,3.4400,661000,2275360.0000,3
2025-05-16,20250516141000000,sz.002418,3.4500,3.4500,3.4400,3.4400,767300,2640448.0000,3
2025-05-16,20250516141500000,sz.002418,3.4400,3.4500,3.4300,3.4300,2025400,6956736.0000,3
2025-05-16,20250516142000000,sz.002418,3.4400,3.4500,3.4300,3.4500,827500,2847168.0000,3
2025-05-16,20250516142500000,sz.002418,3.4500,3.4500,3.4400,3.4400,339800,1170912.0000,3
2025-05-16,20250516143000000,sz.002418,3.4500,3.4500,3.4400,3.4400,396000,1364672.0000,3
2025-05-16,20250516143500000,sz.002418,3.4500,3.4500,3.4400,3.4400,769200,2648224.0000,3
2025-05-16,20250516144000000,sz.002418,3.4400,3.4500,3.4400,3.4500,393600,1355232.0000,3
2025-05-16,20250516144500000,sz.002418,3.4400,3.4500,3.4300,3.4400,1585000,5453072.0000,3
2025-05-16,20250516145000000,sz.002418,3.4400,3.4400,3.4300,3.4400,751100,2581552.0000,3
2025-05-16,20250516145500000,sz.002418,3.4400,3.4400,3.4300,3.4300,1796500,6174448.0000,3
2025-05-16,20250516150000000,sz.002418,3.4400,3.4400,3.4300,3.4400,1716100,5902480.0000,3
2025-05-19,20250519093500000,sz.002418,3.4700,3.4700,3.4000,3.4200,5261600,18007526.0000,3
2025-05-19,20250519094000000,sz.002418,3.4100,3.4200,3.3900,3.4000,3209300,10923030.0000,3
2025-05-19,20250519094500000,sz.002418,3.3900,3.4000,3.3700,3.3800,3993600,13507016.0000,3
2025-05-19,20250519095000000,sz.002418,3.3800,3.3900,3.3700,3.3700,1915100,6466648.0000,3
2025-05-19,20250519095500000,sz.002418,3.3700,3.3900,3.3700,3.3800,1179900,3988020.0000,3
2025-05-19,20250519100000000,sz.002418,3.3800,3.4000,3.3800,3.3900,1249200,4230904.0000,3
2025-05-19,20250519100500000,sz.002418,3.3900,3.4000,3.3900,3.4000,633600,2148996.0000,3
2025-05-19,20250519101000000,sz.002418,3.4000,3.4100,3.3900,3.3900,867200,2948056.0000,3
2025-05-19,20250519101500000,sz.002418,3.3900,3.4000,3.3800,3.3900,1465100,4965572.0000,3
2025-05-19,20250519102000000,sz.002418,3.3900,3.4000,3.3900,3.3900,803600,2728648.0000,3
2025-05-19,20250519102500000,sz.002418,3.3900,3.4100,3.3900,3.4000,606100,2061280.0000,3
2025-05-19,20250519103000000,sz.002418,3.4000,3.4000,3.3900,3.4000,612500,2081200.0000,3
2025-05-19,20250519103500000,sz.002418,3.4000,3.4100,3.4000,3.4100,505300,1718224.0000,3
2025-05-19,20250519104000000,sz.002418,3.4100,3.4100,3.3900,3.3900,305300,1037592.0000,3
2025-05-19,20250519104500000,sz.002418,3.3900,3.4100,3.3900,3.4000,592900,2015408.0000,3
2025-05-19,20250519105000000,sz.002418,3.4000,3.4100,3.4000,3.4100,338000,1149888.0000,3
2025-05-19,20250519105500000,sz.002418,3.4000,3.4200,3.4000,3.4200,826500,2819224.0000,3
2025-05-19,20250519110000000,sz.002418,3.4200,3.4300,3.4200,3.4200,713600,2443880.0000,3
2025-05-19,20250519110500000,sz.002418,3.4300,3.4400,3.4200,3.4400,438100,1502072.0000,3
2025-05-19,20250519111000000,sz.002418,3.4400,3.4400,3.4200,3.4300,636900,2183184.0000,3
2025-05-19,20250519111500000,sz.002418,3.4200,3.4400,3.4200,3.4400,614000,2104656.0000,3
2025-05-19,20250519112000000,sz.002418,3.4300,3.4400,3.4300,3.4400,340900,1170656.0000,3
2025-05-19,20250519112500000,sz.002418,3.4400,3.4400,3.4300,3.4300,612000,2099224.0000,3
2025-05-19,20250519113000000,sz.002418,3.4300,3.4400,3.4200,3.4400,621400,2131688.0000,3
2025-05-19,20250519130500000,sz.002418,3.4300,3.4400,3.4200,3.4300,1105600,3789904.0000,3
2025-05-19,20250519131000000,sz.002418,3.4200,3.4400,3.4200,3.4400,1045300,3583376.0000,3
2025-05-19,20250519131500000,sz.002418,3.4400,3.4500,3.4300,3.4400,1138000,3915200.0000,3
2025-05-19,20250519132000000,sz.002418,3.4400,3.4500,3.4400,3.4400,297100,1022608.0000,3
2025-05-19,20250519132500000,sz.002418,3.4400,3.4500,3.4400,3.4500,549400,1894128.0000,3
2025-05-19,20250519133000000,sz.002418,3.4500,3.4600,3.4400,3.4600,1499500,5173248.0000,3
2025-05-19,20250519133500000,sz.002418,3.4500,3.4600,3.4500,3.4500,369400,1274720.0000,3
2025-05-19,20250519134000000,sz.002418,3.4500,3.4600,3.4500,3.4600,583700,2015368.0000,3
2025-05-19,20250519134500000,sz.002418,3.4500,3.4600,3.4500,3.4500,1305600,4504800.0000,3
2025-05-19,20250519135000000,sz.002418,3.4500,3.4600,3.4400,3.4500,1118300,3858472.0000,3
2025-05-19,20250519135500000,sz.002418,3.4500,3.4600,3.4500,3.4500,569200,1964168.0000,3
2025-05-19,20250519140000000,sz.002418,3.4500,3.4600,3.4400,3.4400,645300,2225600.0000,3
2025-05-19,20250519140500000,sz.002418,3.4400,3.4600,3.4400,3.4500,971300,3351240.0000,3
2025-05-19,20250519141000000,sz.002418,3.4500,3.4600,3.4500,3.4500,1099400,3801776.0000,3
2025-05-19,20250519141500000,sz.002418,3.4500,3.4600,3.4500,3.4500,251400,868864.0000,3
2025-05-19,20250519142000000,sz.002418,3.4500,3.4600,3.4400,3.4400,956500,3299600.0000,3
2025-05-19,20250519142500000,sz.002418,3.4500,3.4500,3.4400,3.4400,247400,852384.0000,3
2025-05-19,20250519143000000,sz.002418,3.4500,3.4500,3.4400,3.4400,253200,872448.0000,3
2025-05-19,20250519143500000,sz.002418,3.4400,3.4500,3.4400,3.4500,492400,1697552.0000,3
2025-05-19,20250519144000000,sz.002418,3.4500,3.4500,3.4400,3.4400,460100,1584832.0000,3
2025-05-19,20250519144500000,sz.002418,3.4400,3.4500,3.4400,3.4400,503800,1734768.0000,3
2025-05-19,20250519145000000,sz.002418,3.4400,3.4500,3.4400,3.4500,671100,2311120.0000,3
2025-05-19,20250519145500000,sz.002418,3.4400,3.4500,3.4400,3.4500,2273700,7838720.0000,3
2025-05-19,20250519150000000,sz.002418,3.4500,3.4500,3.4400,3.4500,2145200,7397376.0000,3
2025-05-20,20250520093500000,sz.002418,3.4600,3.4600,3.4100,3.4100,2226400,7652524.0000,3
2025-05-20,20250520094000000,sz.002418,3.4100,3.4800,3.4100,3.4800,4796100,16530716.0000,3
2025-05-20,20250520094500000,sz.002418,3.4800,3.4900,3.4600,3.4600,4137400,14389096.0000,3
2025-05-20,20250520095000000,sz.002418,3.4600,3.4700,3.4500,3.4500,1420100,4913656.0000,3
2025-05-20,20250520095500000,sz.002418,3.4600,3.4700,3.4500,3.4500,724300,2503936.0000,3
2025-05-20,20250520100000000,sz.002418,3.4500,3.4600,3.4500,3.4500,575300,1986944.0000,3
2025-05-20,20250520100500000,sz.002418,3.4500,3.4800,3.4500,3.4700,1730500,5998180.0000,3
2025-05-20,20250520101000000,sz.002418,3.4700,3.5100,3.4600,3.5100,5974500,20829380.0000,3
2025-05-20,20250520101500000,sz.002418,3.5100,3.5200,3.4900,3.4900,4091500,14328008.0000,3
2025-05-20,20250520102000000,sz.002418,3.4900,3.5000,3.4800,3.4900,893300,3116368.0000,3
2025-05-20,20250520102500000,sz.002418,3.4800,3.5000,3.4800,3.4900,534400,1863832.0000,3
2025-05-20,20250520103000000,sz.002418,3.4900,3.5000,3.4800,3.4900,1155100,4030472.0000,3
2025-05-20,20250520103500000,sz.002418,3.4900,3.4900,3.4800,3.4900,299100,1042704.0000,3
2025-05-20,20250520104000000,sz.002418,3.4900,3.4900,3.4800,3.4800,1083800,3773136.0000,3
2025-05-20,20250520104500000,sz.002418,3.4800,3.4900,3.4800,3.4800,334400,1163888.0000,3
2025-05-20,20250520105000000,sz.002418,3.4800,3.4900,3.4700,3.4800,634900,2208392.0000,3
2025-05-20,20250520105500000,sz.002418,3.4700,3.4800,3.4700,3.4800,1006600,3500184.0000,3
2025-05-20,20250520110000000,sz.002418,3.4800,3.4800,3.4700,3.4700,434800,1509864.0000,3
2025-05-20,20250520110500000,sz.002418,3.4800,3.4800,3.4600,3.4800,1748900,6068592.0000,3
2025-05-20,20250520111000000,sz.002418,3.4700,3.4800,3.4700,3.4700,330000,1146576.0000,3
2025-05-20,20250520111500000,sz.002418,3.4700,3.4800,3.4700,3.4800,188900,655744.0000,3
2025-05-20,20250520112000000,sz.002418,3.4700,3.4800,3.4700,3.4800,337700,1174424.0000,3
2025-05-20,20250520112500000,sz.002418,3.4700,3.4800,3.4700,3.4700,548400,1905392.0000,3
2025-05-20,20250520113000000,sz.002418,3.4700,3.4800,3.4700,3.4700,607800,2110232.0000,3
2025-05-20,20250520130500000,sz.002418,3.4800,3.4900,3.4700,3.4800,1065300,3705520.0000,3
2025-05-20,20250520131000000,sz.002418,3.4800,3.4900,3.4700,3.4800,345400,1202200.0000,3
2025-05-20,20250520131500000,sz.002418,3.4800,3.4900,3.4700,3.4700,457400,1591784.0000,3
2025-05-20,20250520132000000,sz.002418,3.4800,3.4900,3.4700,3.4800,389000,1353576.0000,3
2025-05-20,20250520132500000,sz.002418,3.4700,3.4800,3.4700,3.4800,222600,773864.0000,3
2025-05-20,20250520133000000,sz.002418,3.4700,3.4800,3.4700,3.4700,227300,789656.0000,3
2025-05-20,20250520133500000,sz.002418,3.4800,3.4800,3.4600,3.4600,1456400,5053080.0000,3
2025-05-20,20250520134000000,sz.002418,3.4700,3.4700,3.4600,3.4600,246000,852176.0000,3
2025-05-20,20250520134500000,sz.002418,3.4600,3.4700,3.4600,3.4700,284000,983648.0000,3
2025-05-20,20250520135000000,sz.002418,3.4700,3.4700,3.4600,3.4700,189600,656832.0000,3
2025-05-20,20250520135500000,sz.002418,3.4600,3.4800,3.4600,3.4700,644100,2235520.0000,3
2025-05-20,20250520140000000,sz.002418,3.4700,3.4800,3.4700,3.4800,369500,1283008.0000,3
2025-05-20,20250520140500000,sz.002418,3.4700,3.4800,3.4700,3.4800,163000,565888.0000,3
2025-05-20,20250520141000000,sz.002418,3.4700,3.4800,3.4700,3.4700,360400,1251232.0000,3
2025-05-20,20250520141500000,sz.002418,3.4700,3.4800,3.4700,3.4700,358300,1244096.0000,3
2025-05-20,20250520142000000,sz.002418,3.4800,3.4800,3.4700,3.4700,304300,1056560.0000,3
2025-05-20,20250520142500000,sz.002418,3.4800,3.5000,3.4700,3.4900,3476400,12115088.0000,3
2025-05-20,20250520143000000,sz.002418,3.4900,3.5000,3.4900,3.5000,1058000,3694192.0000,3
2025-05-20,20250520143500000,sz.002418,3.5000,3.5000,3.4800,3.4900,1611400,5625136.0000,3
2025-05-20,20250520144000000,sz.002418,3.4900,3.5000,3.4900,3.4900,627600,2191536.0000,3
2025-05-20,20250520144500000,sz.002418,3.5000,3.5000,3.4900,3.4900,790400,2760992.0000,3
2025-05-20,20250520145000000,sz.002418,3.5000,3.5000,3.4900,3.4900,562800,1966400.0000,3
2025-05-20,20250520145500000,sz.002418,3.5000,3.5000,3.4900,3.5000,2427200,8477408.0000,3
2025-05-20,20250520150000000,sz.002418,3.4900,3.5000,3.4900,3.5000,3118800,10910432.0000,3
2025-05-21,20250521093500000,sz.002418,3.5000,3.5000,3.4400,3.4400,5052500,17486288.0000,3
2025-05-21,20250521094000000,sz.002418,3.4400,3.4700,3.4400,3.4600,1990100,6877874.0000,3
2025-05-21,20250521094500000,sz.002418,3.4600,3.4600,3.4400,3.4400,1932600,6664386.0000,3
2025-05-21,20250521095000000,sz.002418,3.4400,3.4500,3.4400,3.4500,1243300,4285984.0000,3
2025-05-21,20250521095500000,sz.002418,3.4500,3.4500,3.4400,3.4400,784800,2703092.0000,3
2025-05-21,20250521100000000,sz.002418,3.4400,3.4400,3.4200,3.4300,4270400,14651328.0000,3
2025-05-21,20250521100500000,sz.002418,3.4300,3.4300,3.4200,3.4300,973500,3333420.0000,3
2025-05-21,20250521101000000,sz.002418,3.4300,3.4300,3.4200,3.4200,922400,3159572.0000,3
2025-05-21,20250521101500000,sz.002418,3.4200,3.4300,3.4100,3.4200,3215800,10981016.0000,3
2025-05-21,20250521102000000,sz.002418,3.4100,3.4200,3.4100,3.4100,704900,2406584.0000,3
2025-05-21,20250521102500000,sz.002418,3.4200,3.4300,3.4100,3.4300,1189400,4072864.0000,3
2025-05-21,20250521103000000,sz.002418,3.4200,3.4300,3.4200,3.4200,297800,1020304.0000,3
2025-05-21,20250521103500000,sz.002418,3.4300,3.4400,3.4200,3.4300,1173400,4024232.0000,3
2025-05-21,20250521104000000,sz.002418,3.4200,3.4300,3.4100,3.4100,1340600,4584480.0000,3
2025-05-21,20250521104500000,sz.002418,3.4200,3.4200,3.4100,3.4200,464700,1586512.0000,3
2025-05-21,20250521105000000,sz.002418,3.4100,3.4200,3.4000,3.4000,1930600,6573928.0000,3
2025-05-21,20250521105500000,sz.002418,3.4000,3.4100,3.4000,3.4000,1334100,4535048.0000,3
2025-05-21,20250521110000000,sz.002418,3.4100,3.4100,3.4000,3.4000,346300,1179864.0000,3
2025-05-21,20250521110500000,sz.002418,3.4000,3.4100,3.4000,3.4100,264700,900816.0000,3
2025-05-21,20250521111000000,sz.002418,3.4100,3.4100,3.4000,3.4000,213200,725176.0000,3
2025-05-21,20250521111500000,sz.002418,3.4000,3.4100,3.4000,3.4100,841000,2859672.0000,3
2025-05-21,20250521112000000,sz.002418,3.4100,3.4100,3.4000,3.4000,324200,1102320.0000,3
2025-05-21,20250521112500000,sz.002418,3.4000,3.4100,3.4000,3.4100,575000,1957392.0000,3
2025-05-21,20250521113000000,sz.002418,3.4000,3.4200,3.4000,3.4100,618200,2108064.0000,3
2025-05-21,20250521130500000,sz.002418,3.4200,3.4200,3.4000,3.4100,1042700,3556288.0000,3
2025-05-21,20250521131000000,sz.002418,3.4100,3.4100,3.4000,3.4100,240100,818448.0000,3
2025-05-21,20250521131500000,sz.002418,3.4100,3.4100,3.4000,3.4000,350800,1193160.0000,3
2025-05-21,20250521132000000,sz.002418,3.4000,3.4200,3.4000,3.4100,726700,2477688.0000,3
2025-05-21,20250521132500000,sz.002418,3.4100,3.4200,3.4100,3.4200,367200,1252880.0000,3
2025-05-21,20250521133000000,sz.002418,3.4200,3.4200,3.4100,3.4100,408500,1394128.0000,3
2025-05-21,20250521133500000,sz.002418,3.4200,3.4300,3.4100,3.4200,512700,1753464.0000,3
2025-05-21,20250521134000000,sz.002418,3.4200,3.4200,3.4100,3.4100,411200,1405160.0000,3
2025-05-21,20250521134500000,sz.002418,3.4100,3.4200,3.4100,3.4100,200900,685376.0000,3
2025-05-21,20250521135000000,sz.002418,3.4100,3.4300,3.4100,3.4300,395200,1351984.0000,3
2025-05-21,20250521135500000,sz.002418,3.4300,3.4400,3.4200,3.4300,434500,1490064.0000,3
2025-05-21,20250521140000000,sz.002418,3.4300,3.4400,3.4200,3.4400,571800,1962016.0000,3
2025-05-21,20250521140500000,sz.002418,3.4300,3.4400,3.4200,3.4200,335300,1149672.0000,3
2025-05-21,20250521141000000,sz.002418,3.4200,3.4300,3.4200,3.4200,225800,772392.0000,3
2025-05-21,20250521141500000,sz.002418,3.4200,3.4400,3.4200,3.4400,619000,2122680.0000,3
2025-05-21,20250521142000000,sz.002418,3.4300,3.4300,3.4200,3.4300,335200,1149440.0000,3
2025-05-21,20250521142500000,sz.002418,3.4300,3.4300,3.4200,3.4200,253500,868656.0000,3
2025-05-21,20250521143000000,sz.002418,3.4200,3.4300,3.4200,3.4200,1141300,3903616.0000,3
2025-05-21,20250521143500000,sz.002418,3.4200,3.4300,3.4200,3.4200,172600,590432.0000,3
2025-05-21,20250521144000000,sz.002418,3.4200,3.4300,3.4200,3.4200,228800,782928.0000,3
2025-05-21,20250521144500000,sz.002418,3.4300,3.4300,3.4200,3.4200,1014600,3471696.0000,3
2025-05-21,20250521145000000,sz.002418,3.4200,3.4300,3.4100,3.4200,1898500,6499280.0000,3
2025-05-21,20250521145500000,sz.002418,3.4200,3.4300,3.4200,3.4200,661500,2266272.0000,3
2025-05-21,20250521150000000,sz.002418,3.4200,3.4400,3.4200,3.4300,1265100,4338992.0000,3
2025-05-22,20250522093500000,sz.002418,3.4400,3.4500,3.4100,3.4400,4575200,15703712.0000,3
2025-05-22,20250522094000000,sz.002418,3.4500,3.4700,3.4400,3.4600,2789300,9649672.0000,3
2025-05-22,20250522094500000,sz.002418,3.4600,3.4700,3.4500,3.4700,1954300,6763592.0000,3
2025-05-22,20250522095000000,sz.002418,3.4600,3.4800,3.4600,3.4600,3434000,11915224.0000,3
2025-05-22,20250522095500000,sz.002418,3.4700,3.4800,3.4600,3.4600,1085000,3764080.0000,3
2025-05-22,20250522100000000,sz.002418,3.4700,3.4700,3.4500,3.4600,1573900,5446644.0000,3
2025-05-22,20250522100500000,sz.002418,3.4700,3.4700,3.4500,3.4600,937700,3244764.0000,3
2025-05-22,20250522101000000,sz.002418,3.4600,3.4700,3.4500,3.4600,348800,1205952.0000,3
2025-05-22,20250522101500000,sz.002418,3.4600,3.4600,3.4400,3.4400,1210900,4178048.0000,3
2025-05-22,20250522102000000,sz.002418,3.4500,3.4500,3.4400,3.4400,901500,3101572.0000,3
2025-05-22,20250522102500000,sz.002418,3.4500,3.4500,3.4300,3.4300,511900,1759728.0000,3
2025-05-22,20250522103000000,sz.002418,3.4300,3.4400,3.4300,3.4300,595400,2042596.0000,3
2025-05-22,20250522103500000,sz.002418,3.4300,3.4400,3.4300,3.4300,941000,3233448.0000,3
2025-05-22,20250522104000000,sz.002418,3.4400,3.4400,3.4200,3.4300,529600,1815600.0000,3
2025-05-22,20250522104500000,sz.002418,3.4200,3.4200,3.4100,3.4100,926100,3166064.0000,3
2025-05-22,20250522105000000,sz.002418,3.4100,3.4200,3.4100,3.4100,1067400,3640056.0000,3
2025-05-22,20250522105500000,sz.002418,3.4100,3.4100,3.3900,3.4000,1403700,4773912.0000,3
2025-05-22,20250522110000000,sz.002418,3.3900,3.4000,3.3900,3.3900,809900,2751432.0000,3
2025-05-22,20250522110500000,sz.002418,3.4000,3.4000,3.3700,3.3900,2828400,9567768.0000,3
2025-05-22,20250522111000000,sz.002418,3.3900,3.3900,3.3600,3.3700,2876000,9701512.0000,3
2025-05-22,20250522111500000,sz.002418,3.3700,3.3800,3.3600,3.3600,1108300,3736600.0000,3
2025-05-22,20250522112000000,sz.002418,3.3700,3.3800,3.3600,3.3800,918800,3093584.0000,3
2025-05-22,20250522112500000,sz.002418,3.3800,3.3900,3.3700,3.3900,412000,1391608.0000,3
2025-05-22,20250522113000000,sz.002418,3.3900,3.4000,3.3800,3.4000,605200,2053064.0000,3
2025-05-22,20250522130500000,sz.002418,3.4000,3.4200,3.3900,3.4100,923000,3147992.0000,3
2025-05-22,20250522131000000,sz.002418,3.4100,3.4200,3.4000,3.4000,421300,1435240.0000,3
2025-05-22,20250522131500000,sz.002418,3.4100,3.4100,3.3900,3.4000,313000,1064528.0000,3
2025-05-22,20250522132000000,sz.002418,3.3900,3.4000,3.3900,3.3900,66500,225480.0000,3
2025-05-22,20250522132500000,sz.002418,3.3900,3.4000,3.3900,3.4000,160600,544544.0000,3
2025-05-22,20250522133000000,sz.002418,3.4000,3.4000,3.3900,3.4000,719900,2440624.0000,3
2025-05-22,20250522133500000,sz.002418,3.3900,3.4000,3.3900,3.4000,605500,2052752.0000,3
2025-05-22,20250522134000000,sz.002418,3.4000,3.4000,3.3900,3.3900,264900,898424.0000,3
2025-05-22,20250522134500000,sz.002418,3.3900,3.4000,3.3900,3.4000,753800,2561136.0000,3
2025-05-22,20250522135000000,sz.002418,3.4000,3.4000,3.3900,3.3900,268000,908648.0000,3
2025-05-22,20250522135500000,sz.002418,3.4000,3.4000,3.3800,3.3900,377000,1278128.0000,3
2025-05-22,20250522140000000,sz.002418,3.4000,3.4000,3.3900,3.4000,220300,747008.0000,3
2025-05-22,20250522140500000,sz.002418,3.3900,3.4000,3.3900,3.3900,492100,1669312.0000,3
2025-05-22,20250522141000000,sz.002418,3.3900,3.3900,3.3800,3.3800,342100,1158624.0000,3
2025-05-22,20250522141500000,sz.002418,3.3800,3.3900,3.3800,3.3800,243000,822080.0000,3
2025-05-22,20250522142000000,sz.002418,3.3800,3.3900,3.3800,3.3800,676300,2285632.0000,3
2025-05-22,20250522142500000,sz.002418,3.3900,3.3900,3.3800,3.3800,187900,635696.0000,3
2025-05-22,20250522143000000,sz.002418,3.3900,3.3900,3.3800,3.3900,372700,1260992.0000,3
2025-05-22,20250522143500000,sz.002418,3.3900,3.3900,3.3800,3.3900,954800,3235920.0000,3
2025-05-22,20250522144000000,sz.002418,3.4000,3.4000,3.3800,3.3800,474200,1606288.0000,3
2025-05-22,20250522144500000,sz.002418,3.3800,3.3900,3.3800,3.3900,394800,1335552.0000,3
2025-05-22,20250522145000000,sz.002418,3.3900,3.3900,3.3800,3.3800,936000,3165776.0000,3
2025-05-22,20250522145500000,sz.002418,3.3800,3.3900,3.3700,3.3800,1448000,4889472.0000,3
2025-05-22,20250522150000000,sz.002418,3.3800,3.3800,3.3700,3.3800,1368700,4619728.0000,3
2025-05-23,20250523093500000,sz.002418,3.3600,3.3800,3.3400,3.3800,2592900,8705869.0000,3
2025-05-23,20250523094000000,sz.002418,3.3800,3.3800,3.3400,3.3500,1648500,5536667.0000,3
2025-05-23,20250523094500000,sz.002418,3.3500,3.3600,3.3200,3.3300,3415800,11377400.0000,3
2025-05-23,20250523095000000,sz.002418,3.3400,3.3600,3.3300,3.3500,1868700,6251878.0000,3
2025-05-23,20250523095500000,sz.002418,3.3600,3.3600,3.3500,3.3600,590300,1978670.0000,3
2025-05-23,20250523100000000,sz.002418,3.3600,3.3800,3.3500,3.3800,1287000,4330256.0000,3
2025-05-23,20250523100500000,sz.002418,3.3700,3.3800,3.3600,3.3700,727300,2451048.0000,3
2025-05-23,20250523101000000,sz.002418,3.3700,3.3700,3.3500,3.3600,874300,2938172.0000,3
2025-05-23,20250523101500000,sz.002418,3.3600,3.3700,3.3500,3.3500,731800,2458072.0000,3
2025-05-23,20250523102000000,sz.002418,3.3500,3.3600,3.3500,3.3600,347000,1163188.0000,3
2025-05-23,20250523102500000,sz.002418,3.3600,3.3800,3.3500,3.3700,1101300,3708500.0000,3
2025-05-23,20250523103000000,sz.002418,3.3800,3.3800,3.3700,3.3800,436900,1473472.0000,3
2025-05-23,20250523103500000,sz.002418,3.3800,3.3800,3.3700,3.3700,434800,1468040.0000,3
2025-05-23,20250523104000000,sz.002418,3.3700,3.3800,3.3700,3.3700,198500,670228.0000,3
2025-05-23,20250523104500000,sz.002418,3.3700,3.3800,3.3700,3.3800,1168900,3950524.0000,3
2025-05-23,20250523105000000,sz.002418,3.3800,3.3900,3.3700,3.3800,401300,1356276.0000,3
2025-05-23,20250523105500000,sz.002418,3.3700,3.3900,3.3700,3.3800,469500,1586624.0000,3
2025-05-23,20250523110000000,sz.002418,3.3700,3.3800,3.3700,3.3800,112300,379124.0000,3
2025-05-23,20250523110500000,sz.002418,3.3900,3.3900,3.3800,3.3900,400700,1356996.0000,3
2025-05-23,20250523111000000,sz.002418,3.3800,3.4000,3.3800,3.3900,763500,2588388.0000,3
2025-05-23,20250523111500000,sz.002418,3.3900,3.4000,3.3800,3.3800,261800,887468.0000,3
2025-05-23,20250523112000000,sz.002418,3.3800,3.3900,3.3800,3.3900,128400,434364.0000,3
2025-05-23,20250523112500000,sz.002418,3.3900,3.3900,3.3800,3.3900,243500,823504.0000,3
2025-05-23,20250523113000000,sz.002418,3.3800,3.3900,3.3700,3.3800,971300,3282008.0000,3
2025-05-23,20250523130500000,sz.002418,3.3700,3.3800,3.3600,3.3600,723400,2437552.0000,3
2025-05-23,20250523131000000,sz.002418,3.3600,3.3700,3.3600,3.3600,240900,809472.0000,3
2025-05-23,20250523131500000,sz.002418,3.3600,3.3700,3.3500,3.3700,639300,2147520.0000,3
2025-05-23,20250523132000000,sz.002418,3.3700,3.3700,3.3600,3.3700,150100,505040.0000,3
2025-05-23,20250523132500000,sz.002418,3.3600,3.3700,3.3600,3.3700,235500,791624.0000,3
2025-05-23,20250523133000000,sz.002418,3.3700,3.3700,3.3600,3.3700,184300,619768.0000,3
2025-05-23,20250523133500000,sz.002418,3.3700,3.3700,3.3600,3.3600,440700,1481008.0000,3
2025-05-23,20250523134000000,sz.002418,3.3600,3.3700,3.3500,3.3600,327300,1099656.0000,3
2025-05-23,20250523134500000,sz.002418,3.3600,3.3600,3.3500,3.3500,247400,830416.0000,3
2025-05-23,20250523135000000,sz.002418,3.3500,3.3600,3.3400,3.3400,564700,1891184.0000,3
2025-05-23,20250523135500000,sz.002418,3.3500,3.3600,3.3400,3.3500,688800,2306792.0000,3
2025-05-23,20250523140000000,sz.002418,3.3500,3.3500,3.3400,3.3400,299200,999680.0000,3
2025-05-23,20250523140500000,sz.002418,3.3400,3.3500,3.3300,3.3300,1169400,3904096.0000,3
2025-05-23,20250523141000000,sz.002418,3.3300,3.3400,3.3200,3.3200,1054000,3508504.0000,3
2025-05-23,20250523141500000,sz.002418,3.3300,3.3400,3.3200,3.3200,1200400,3993280.0000,3
2025-05-23,20250523142000000,sz.002418,3.3200,3.3300,3.3100,3.3200,1751400,5814336.0000,3
2025-05-23,20250523142500000,sz.002418,3.3300,3.3300,3.3100,3.3100,1075200,3567168.0000,3
2025-05-23,20250523143000000,sz.002418,3.3100,3.3200,3.3100,3.3100,1213800,4027656.0000,3
2025-05-23,20250523143500000,sz.002418,3.3200,3.3200,3.3000,3.3000,2911800,9621808.0000,3
2025-05-23,20250523144000000,sz.002418,3.3000,3.3100,3.3000,3.3000,881600,2912376.0000,3
2025-05-23,20250523144500000,sz.002418,3.3000,3.3200,3.3000,3.3100,1005300,3331688.0000,3
2025-05-23,20250523145000000,sz.002418,3.3200,3.3200,3.3100,3.3100,1020200,3379208.0000,3
2025-05-23,20250523145500000,sz.002418,3.3200,3.3200,3.3000,3.3100,1981200,6551048.0000,3
2025-05-23,20250523150000000,sz.002418,3.3000,3.3100,3.3000,3.3000,2001700,6608448.0000,3
2025-05-26,20250526093500000,sz.002418,3.2900,3.3400,3.2900,3.3400,3899200,12934274.0000,3
2025-05-26,20250526094000000,sz.002418,3.3400,3.3400,3.3100,3.3200,1279800,4260084.0000,3
2025-05-26,20250526094500000,sz.002418,3.3200,3.3200,3.3000,3.3200,1073500,3557894.0000,3
2025-05-26,20250526095000000,sz.002418,3.3200,3.3400,3.3100,3.3200,1234700,4108324.0000,3
2025-05-26,20250526095500000,sz.002418,3.3200,3.3400,3.3200,3.3300,909100,3027116.0000,3
2025-05-26,20250526100000000,sz.002418,3.3300,3.3400,3.3300,3.3400,606300,2019428.0000,3
2025-05-26,20250526100500000,sz.002418,3.3400,3.3400,3.3300,3.3300,672400,2241076.0000,3
2025-05-26,20250526101000000,sz.002418,3.3400,3.3400,3.3300,3.3300,529500,1763996.0000,3
2025-05-26,20250526101500000,sz.002418,3.3300,3.3400,3.3300,3.3400,744100,2483988.0000,3
2025-05-26,20250526102000000,sz.002418,3.3400,3.3400,3.3300,3.3300,378200,1261360.0000,3
2025-05-26,20250526102500000,sz.002418,3.3400,3.3400,3.3300,3.3400,713300,2381908.0000,3
2025-05-26,20250526103000000,sz.002418,3.3400,3.3400,3.3300,3.3300,263300,878096.0000,3
2025-05-26,20250526103500000,sz.002418,3.3300,3.3400,3.3300,3.3400,159400,531772.0000,3
2025-05-26,20250526104000000,sz.002418,3.3300,3.3400,3.3200,3.3400,1826500,6082748.0000,3
2025-05-26,20250526104500000,sz.002418,3.3300,3.3400,3.3300,3.3300,294400,981268.0000,3
2025-05-26,20250526105000000,sz.002418,3.3300,3.3400,3.3300,3.3300,569600,1896800.0000,3
2025-05-26,20250526105500000,sz.002418,3.3300,3.3400,3.3200,3.3200,459500,1530260.0000,3
2025-05-26,20250526110000000,sz.002418,3.3200,3.3300,3.3200,3.3300,119100,396280.0000,3
2025-05-26,20250526110500000,sz.002418,3.3300,3.3300,3.3200,3.3200,218900,726944.0000,3
2025-05-26,20250526111000000,sz.002418,3.3200,3.3300,3.3200,3.3200,319700,1061680.0000,3
2025-05-26,20250526111500000,sz.002418,3.3200,3.3300,3.3100,3.3200,459700,1525568.0000,3
2025-05-26,20250526112000000,sz.002418,3.3200,3.3200,3.3000,3.3100,1109400,3669164.0000,3
2025-05-26,20250526112500000,sz.002418,3.3000,3.3100,3.3000,3.3000,851600,2813096.0000,3
2025-05-26,20250526113000000,sz.002418,3.3000,3.3100,3.2900,3.3000,799200,2637796.0000,3
2025-05-26,20250526130500000,sz.002418,3.3000,3.3100,3.2900,3.3000,906200,2989048.0000,3
2025-05-26,20250526131000000,sz.002418,3.3000,3.3100,3.2900,3.3100,1093500,3608248.0000,3
2025-05-26,20250526131500000,sz.002418,3.3100,3.3200,3.3000,3.3100,758600,2510144.0000,3
2025-05-26,20250526132000000,sz.002418,3.3100,3.3200,3.3100,3.3100,221900,734624.0000,3
2025-05-26,20250526132500000,sz.002418,3.3100,3.3200,3.3100,3.3200,99000,327992.0000,3
2025-05-26,20250526133000000,sz.002418,3.3100,3.3200,3.3000,3.3100,521100,1724728.0000,3
2025-05-26,20250526133500000,sz.002418,3.3100,3.3200,3.3100,3.3100,206100,682288.0000,3
2025-05-26,20250526134000000,sz.002418,3.3100,3.3200,3.3100,3.3100,233500,773208.0000,3
2025-05-26,20250526134500000,sz.002418,3.3100,3.3200,3.3100,3.3200,359700,1193560.0000,3
2025-05-26,20250526135000000,sz.002418,3.3100,3.3300,3.3100,3.3200,981300,3257448.0000,3
2025-05-26,20250526135500000,sz.002418,3.3200,3.3300,3.3200,3.3200,166000,551664.0000,3
2025-05-26,20250526140000000,sz.002418,3.3200,3.3300,3.3200,3.3200,595800,1983592.0000,3
2025-05-26,20250526140500000,sz.002418,3.3300,3.3400,3.3200,3.3300,661100,2202024.0000,3
2025-05-26,20250526141000000,sz.002418,3.3300,3.3400,3.3300,3.3300,136900,456112.0000,3
2025-05-26,20250526141500000,sz.002418,3.3300,3.3400,3.3300,3.3400,186500,621440.0000,3
2025-05-26,20250526142000000,sz.002418,3.3400,3.3400,3.3200,3.3200,772000,2570264.0000,3
2025-05-26,20250526142500000,sz.002418,3.3300,3.3300,3.3200,3.3300,317200,1053400.0000,3
2025-05-26,20250526143000000,sz.002418,3.3200,3.3300,3.3200,3.3300,653400,2174400.0000,3
2025-05-26,20250526143500000,sz.002418,3.3300,3.3400,3.3200,3.3400,967500,3221728.0000,3
2025-05-26,20250526144000000,sz.002418,3.3300,3.3400,3.3300,3.3400,503600,1680224.0000,3
2025-05-26,20250526144500000,sz.002418,3.3400,3.3400,3.3300,3.3400,552000,1839216.0000,3
2025-05-26,20250526145000000,sz.002418,3.3400,3.3400,3.3300,3.3400,418500,1394536.0000,3
2025-05-26,20250526145500000,sz.002418,3.3300,3.3400,3.3300,3.3300,1135000,3786600.0000,3
2025-05-26,20250526150000000,sz.002418,3.3300,3.3400,3.3300,3.3400,1690000,5640672.0000,3
2025-05-27,20250527093500000,sz.002418,3.3400,3.3600,3.3200,3.3400,2061900,6885643.0000,3
2025-05-27,20250527094000000,sz.002418,3.3300,3.3400,3.3100,3.3300,1564700,5199818.0000,3
2025-05-27,20250527094500000,sz.002418,3.3300,3.3400,3.3100,3.3100,1356800,4512046.0000,3
2025-05-27,20250527095000000,sz.002418,3.3200,3.3300,3.3100,3.3200,1013900,3364931.0000,3
2025-05-27,20250527095500000,sz.002418,3.3200,3.3600,3.3200,3.3600,2069100,6895694.0000,3
2025-05-27,20250527100000000,sz.002418,3.3600,3.3600,3.3400,3.3500,668400,2240890.0000,3
2025-05-27,20250527100500000,sz.002418,3.3500,3.3500,3.3300,3.3300,590100,1969756.0000,3
2025-05-27,20250527101000000,sz.002418,3.3300,3.3300,3.3200,3.3200,555800,1849974.0000,3
2025-05-27,20250527101500000,sz.002418,3.3300,3.3300,3.3200,3.3300,246300,818616.0000,3
2025-05-27,20250527102000000,sz.002418,3.3200,3.3300,3.3200,3.3200,277700,922176.0000,3
2025-05-27,20250527102500000,sz.002418,3.3200,3.3500,3.3200,3.3400,1330400,4438624.0000,3
2025-05-27,20250527103000000,sz.002418,3.3400,3.3500,3.3400,3.3500,647600,2168912.0000,3
2025-05-27,20250527103500000,sz.002418,3.3500,3.3700,3.3500,3.3600,2408100,8090152.0000,3
2025-05-27,20250527104000000,sz.002418,3.3600,3.3700,3.3500,3.3500,1049100,3524620.0000,3
2025-05-27,20250527104500000,sz.002418,3.3500,3.3600,3.3400,3.3400,562100,1882864.0000,3
2025-05-27,20250527105000000,sz.002418,3.3400,3.3500,3.3400,3.3500,183800,615276.0000,3
2025-05-27,20250527105500000,sz.002418,3.3400,3.3600,3.3400,3.3500,597400,2002416.0000,3
2025-05-27,20250527110000000,sz.002418,3.3500,3.3600,3.3400,3.3400,196600,658524.0000,3
2025-05-27,20250527110500000,sz.002418,3.3400,3.3500,3.3400,3.3500,209900,701096.0000,3
2025-05-27,20250527111000000,sz.002418,3.3400,3.3500,3.3400,3.3400,496200,1657728.0000,3
2025-05-27,20250527111500000,sz.002418,3.3500,3.3500,3.3400,3.3400,138900,464652.0000,3
2025-05-27,20250527112000000,sz.002418,3.3400,3.3500,3.3400,3.3500,477000,1593424.0000,3
2025-05-27,20250527112500000,sz.002418,3.3400,3.3500,3.3300,3.3300,310800,1038264.0000,3
2025-05-27,20250527113000000,sz.002418,3.3300,3.3500,3.3300,3.3500,423700,1414968.0000,3
2025-05-27,20250527130500000,sz.002418,3.3400,3.3500,3.3400,3.3500,613200,2049496.0000,3
2025-05-27,20250527131000000,sz.002418,3.3500,3.3700,3.3400,3.3500,1945600,6529504.0000,3
2025-05-27,20250527131500000,sz.002418,3.3600,3.3600,3.3500,3.3600,359200,1205600.0000,3
2025-05-27,20250527132000000,sz.002418,3.3500,3.3700,3.3500,3.3600,531200,1784320.0000,3
2025-05-27,20250527132500000,sz.002418,3.3600,3.3600,3.3500,3.3500,128600,431744.0000,3
2025-05-27,20250527133000000,sz.002418,3.3500,3.3600,3.3500,3.3600,119500,400344.0000,3
2025-05-27,20250527133500000,sz.002418,3.3600,3.3600,3.3500,3.3600,689800,2317472.0000,3
2025-05-27,20250527134000000,sz.002418,3.3500,3.3600,3.3500,3.3500,344500,1154152.0000,3
2025-05-27,20250527134500000,sz.002418,3.3500,3.3600,3.3400,3.3400,497500,1666072.0000,3
2025-05-27,20250527135000000,sz.002418,3.3400,3.3500,3.3400,3.3400,179300,599016.0000,3
2025-05-27,20250527135500000,sz.002418,3.3400,3.3500,3.3300,3.3400,923600,3084200.0000,3
2025-05-27,20250527140000000,sz.002418,3.3400,3.3500,3.3300,3.3400,325600,1087608.0000,3
2025-05-27,20250527140500000,sz.002418,3.3400,3.3500,3.3400,3.3400,39700,132840.0000,3
2025-05-27,20250527141000000,sz.002418,3.3400,3.3500,3.3400,3.3500,144400,483008.0000,3
2025-05-27,20250527141500000,sz.002418,3.3400,3.3600,3.3400,3.3500,536600,1797208.0000,3
2025-05-27,20250527142000000,sz.002418,3.3500,3.3700,3.3500,3.3600,883900,2969496.0000,3
2025-05-27,20250527142500000,sz.002418,3.3600,3.3700,3.3500,3.3500,455200,1529456.0000,3
2025-05-27,20250527143000000,sz.002418,3.3500,3.3600,3.3500,3.3500,110200,369528.0000,3
2025-05-27,20250527143500000,sz.002418,3.3600,3.3600,3.3500,3.3500,231400,775984.0000,3
2025-05-27,20250527144000000,sz.002418,3.3600,3.3600,3.3500,3.3500,200600,672896.0000,3
2025-05-27,20250527144500000,sz.002418,3.3500,3.3600,3.3500,3.3600,240300,806376.0000,3
2025-05-27,20250527145000000,sz.002418,3.3600,3.3600,3.3500,3.3500,482100,1617752.0000,3
2025-05-27,20250527145500000,sz.002418,3.3500,3.3600,3.3500,3.3500,1176600,3948864.0000,3
2025-05-27,20250527150000000,sz.002418,3.3500,3.3600,3.3500,3.3600,541100,1816160.0000,3
2025-05-28,20250528093500000,sz.002418,3.3700,3.4200,3.3500,3.4000,5195500,17630868.0000,3
2025-05-28,20250528094000000,sz.002418,3.4000,3.4000,3.3800,3.3900,1185200,4015174.0000,3
2025-05-28,20250528094500000,sz.002418,3.3900,3.4000,3.3800,3.3900,1004800,3406806.0000,3
2025-05-28,20250528095000000,sz.002418,3.3800,3.3900,3.3700,3.3800,883100,2985696.0000,3
2025-05-28,20250528095500000,sz.002418,3.3800,3.3900,3.3700,3.3800,1254700,4233744.0000,3
2025-05-28,20250528100000000,sz.002418,3.3800,3.3900,3.3800,3.3800,507600,1718328.0000,3
2025-05-28,20250528100500000,sz.002418,3.3800,3.3900,3.3600,3.3600,872600,2939540.0000,3
2025-05-28,20250528101000000,sz.002418,3.3600,3.3600,3.3400,3.3500,1400500,4692588.0000,3
2025-05-28,20250528101500000,sz.002418,3.3400,3.3500,3.3300,3.3400,910500,3041420.0000,3
2025-05-28,20250528102000000,sz.002418,3.3400,3.3400,3.3300,3.3400,838400,2794816.0000,3
2025-05-28,20250528102500000,sz.002418,3.3300,3.3400,3.3300,3.3400,629200,2096180.0000,3
2025-05-28,20250528103000000,sz.002418,3.3400,3.3500,3.3300,3.3300,1072600,3581040.0000,3
2025-05-28,20250528103500000,sz.002418,3.3300,3.3500,3.3300,3.3400,273700,914872.0000,3
2025-05-28,20250528104000000,sz.002418,3.3400,3.3600,3.3400,3.3500,477200,1598656.0000,3
2025-05-28,20250528104500000,sz.002418,3.3500,3.3600,3.3500,3.3500,435300,1460308.0000,3
2025-05-28,20250528105000000,sz.002418,3.3500,3.3600,3.3500,3.3600,78400,262868.0000,3
2025-05-28,20250528105500000,sz.002418,3.3500,3.3700,3.3500,3.3600,399600,1342180.0000,3
2025-05-28,20250528110000000,sz.002418,3.3600,3.3700,3.3500,3.3600,247900,832924.0000,3
2025-05-28,20250528110500000,sz.002418,3.3500,3.3600,3.3400,3.3400,683700,2289568.0000,3
2025-05-28,20250528111000000,sz.002418,3.3400,3.3500,3.3400,3.3400,483700,1615624.0000,3
2025-05-28,20250528111500000,sz.002418,3.3400,3.3400,3.3300,3.3300,272100,907648.0000,3
2025-05-28,20250528112000000,sz.002418,3.3300,3.3400,3.3300,3.3400,274400,916248.0000,3
2025-05-28,20250528112500000,sz.002418,3.3300,3.3400,3.3300,3.3400,76900,256240.0000,3
2025-05-28,20250528113000000,sz.002418,3.3300,3.3400,3.3300,3.3400,81300,271128.0000,3
2025-05-28,20250528130500000,sz.002418,3.3400,3.3400,3.3200,3.3400,1341400,4468160.0000,3
2025-05-28,20250528131000000,sz.002418,3.3400,3.3400,3.3300,3.3400,203500,677944.0000,3
2025-05-28,20250528131500000,sz.002418,3.3400,3.3400,3.3300,3.3300,308800,1028536.0000,3
2025-05-28,20250528132000000,sz.002418,3.3400,3.3400,3.3300,3.3300,88600,295232.0000,3
2025-05-28,20250528132500000,sz.002418,3.3300,3.3400,3.3300,3.3300,137100,457032.0000,3
2025-05-28,20250528133000000,sz.002418,3.3400,3.3400,3.3300,3.3300,96500,321816.0000,3
2025-05-28,20250528133500000,sz.002418,3.3400,3.3400,3.3300,3.3300,281800,938704.0000,3
2025-05-28,20250528134000000,sz.002418,3.3300,3.3400,3.3200,3.3300,911200,3030720.0000,3
2025-05-28,20250528134500000,sz.002418,3.3200,3.3300,3.3200,3.3200,1311600,4354672.0000,3
2025-05-28,20250528135000000,sz.002418,3.3200,3.3300,3.3200,3.3200,198700,660224.0000,3
2025-05-28,20250528135500000,sz.002418,3.3200,3.3300,3.3200,3.3300,222200,738000.0000,3
2025-05-28,20250528140000000,sz.002418,3.3300,3.3300,3.3200,3.3200,375600,1247616.0000,3
2025-05-28,20250528140500000,sz.002418,3.3200,3.3300,3.3100,3.3200,1667700,5526144.0000,3
2025-05-28,20250528141000000,sz.002418,3.3100,3.3200,3.3100,3.3100,335200,1109912.0000,3
2025-05-28,20250528141500000,sz.002418,3.3200,3.3200,3.3100,3.3100,175400,581392.0000,3
2025-05-28,20250528142000000,sz.002418,3.3200,3.3200,3.3100,3.3200,452100,1497104.0000,3
2025-05-28,20250528142500000,sz.002418,3.3100,3.3200,3.3100,3.3200,429500,1422000.0000,3
2025-05-28,20250528143000000,sz.002418,3.3200,3.3200,3.3100,3.3100,493100,1634656.0000,3
2025-05-28,20250528143500000,sz.002418,3.3200,3.3300,3.3100,3.3300,649000,2153760.0000,3
2025-05-28,20250528144000000,sz.002418,3.3200,3.3300,3.3100,3.3100,715600,2375408.0000,3
2025-05-28,20250528144500000,sz.002418,3.3100,3.3200,3.3100,3.3100,288800,956472.0000,3
2025-05-28,20250528145000000,sz.002418,3.3200,3.3200,3.3100,3.3200,330700,1095672.0000,3
2025-05-28,20250528145500000,sz.002418,3.3100,3.3200,3.3100,3.3100,616300,2041608.0000,3
2025-05-28,20250528150000000,sz.002418,3.3100,3.3300,3.3100,3.3100,885600,2938544.0000,3
2025-05-29,20250529093500000,sz.002418,3.3100,3.4300,3.3100,3.3700,8409900,28354384.0000,3
2025-05-29,20250529094000000,sz.002418,3.3700,3.4200,3.3600,3.4100,6040200,20527392.0000,3
2025-05-29,20250529094500000,sz.002418,3.4100,3.4100,3.3800,3.3900,2211400,7507484.0000,3
2025-05-29,20250529095000000,sz.002418,3.4000,3.4400,3.3900,3.4300,7092000,24255980.0000,3
2025-05-29,20250529095500000,sz.002418,3.4300,3.4900,3.4200,3.4700,12190200,42223160.0000,3
2025-05-29,20250529100000000,sz.002418,3.4700,3.4700,3.4600,3.4600,3342200,11576688.0000,3
2025-05-29,20250529100500000,sz.002418,3.4500,3.4600,3.4400,3.4600,3745600,12921184.0000,3
2025-05-29,20250529101000000,sz.002418,3.4600,3.5700,3.4500,3.5600,20264200,71642848.0000,3
2025-05-29,20250529101500000,sz.002418,3.5600,3.6400,3.5300,3.6400,23753300,85968160.0000,3
2025-05-29,20250529102000000,sz.002418,3.6400,3.6400,3.6400,3.6400,2030000,7389216.0000,3
2025-05-29,20250529102500000,sz.002418,3.6400,3.6400,3.6400,3.6400,1177100,4284640.0000,3
2025-05-29,20250529103000000,sz.002418,3.6400,3.6400,3.6400,3.6400,1177800,4287040.0000,3
2025-05-29,20250529103500000,sz.002418,3.6400,3.6400,3.6400,3.6400,851600,3099808.0000,3
2025-05-29,20250529104000000,sz.002418,3.6400,3.6400,3.6400,3.6400,1429300,5202656.0000,3
2025-05-29,20250529104500000,sz.002418,3.6400,3.6400,3.6400,3.6400,607800,2212384.0000,3
2025-05-29,20250529105000000,sz.002418,3.6400,3.6400,3.6400,3.6400,667300,2428992.0000,3
2025-05-29,20250529105500000,sz.002418,3.6400,3.6400,3.6400,3.6400,532500,1938304.0000,3
2025-05-29,20250529110000000,sz.002418,3.6400,3.6400,3.6400,3.6400,418900,1524768.0000,3
2025-05-29,20250529110500000,sz.002418,3.6400,3.6400,3.6400,3.6400,719000,2617184.0000,3
2025-05-29,20250529111000000,sz.002418,3.6400,3.6400,3.6400,3.6400,291500,1061056.0000,3
2025-05-29,20250529111500000,sz.002418,3.6400,3.6400,3.6400,3.6400,227500,828096.0000,3
2025-05-29,20250529112000000,sz.002418,3.6400,3.6400,3.6400,3.6400,268300,976608.0000,3
2025-05-29,20250529112500000,sz.002418,3.6400,3.6400,3.6400,3.6400,361100,1314400.0000,3
2025-05-29,20250529113000000,sz.002418,3.6400,3.6400,3.6400,3.6400,342300,1246176.0000,3
2025-05-29,20250529130500000,sz.002418,3.6400,3.6400,3.6400,3.6400,1016500,3699872.0000,3
2025-05-29,20250529131000000,sz.002418,3.6400,3.6400,3.6400,3.6400,177000,644256.0000,3
2025-05-29,20250529131500000,sz.002418,3.6400,3.6400,3.6400,3.6400,219800,800096.0000,3
2025-05-29,20250529132000000,sz.002418,3.6400,3.6400,3.6400,3.6400,127900,465536.0000,3
2025-05-29,20250529132500000,sz.002418,3.6400,3.6400,3.6400,3.6400,162600,591872.0000,3
2025-05-29,20250529133000000,sz.002418,3.6400,3.6400,3.6400,3.6400,79700,290112.0000,3
2025-05-29,20250529133500000,sz.002418,3.6400,3.6400,3.6400,3.6400,281800,1025760.0000,3
2025-05-29,20250529134000000,sz.002418,3.6400,3.6400,3.6400,3.6400,68700,250048.0000,3
2025-05-29,20250529134500000,sz.002418,3.6400,3.6400,3.6400,3.6400,235000,855424.0000,3
2025-05-29,20250529135000000,sz.002418,3.6400,3.6400,3.6400,3.6400,117900,429152.0000,3
2025-05-29,20250529135500000,sz.002418,3.6400,3.6400,3.6400,3.6400,210700,766944.0000,3
2025-05-29,20250529140000000,sz.002418,3.6400,3.6400,3.6400,3.6400,151300,550720.0000,3
2025-05-29,20250529140500000,sz.002418,3.6400,3.6400,3.6400,3.6400,119000,433152.0000,3
2025-05-29,20250529141000000,sz.002418,3.6400,3.6400,3.6400,3.6400,51400,187104.0000,3
2025-05-29,20250529141500000,sz.002418,3.6400,3.6400,3.6400,3.6400,111900,407328.0000,3
2025-05-29,20250529142000000,sz.002418,3.6400,3.6400,3.6400,3.6400,81800,297760.0000,3
2025-05-29,20250529142500000,sz.002418,3.6400,3.6400,3.6400,3.6400,71900,261696.0000,3
2025-05-29,20250529143000000,sz.002418,3.6400,3.6400,3.6400,3.6400,72600,264288.0000,3
2025-05-29,20250529143500000,sz.002418,3.6400,3.6400,3.6400,3.6400,128000,465920.0000,3
2025-05-29,20250529144000000,sz.002418,3.6400,3.6400,3.6400,3.6400,69100,251520.0000,3
2025-05-29,20250529144500000,sz.002418,3.6400,3.6400,3.6400,3.6400,148900,541984.0000,3
2025-05-29,20250529145000000,sz.002418,3.6400,3.6400,3.6400,3.6400,144900,527424.0000,3
2025-05-29,20250529145500000,sz.002418,3.6400,3.6400,3.6400,3.6400,276800,1007552.0000,3
2025-05-29,20250529150000000,sz.002418,3.6400,3.6400,3.6400,3.6400,1434600,5221952.0000,3
2025-05-30,20250530093500000,sz.002418,3.6400,3.6400,3.5100,3.5100,31575000,112483904.0000,3
2025-05-30,20250530094000000,sz.002418,3.5000,3.5100,3.4800,3.4900,9711200,33951296.0000,3
2025-05-30,20250530094500000,sz.002418,3.4800,3.4900,3.4700,3.4700,8386900,29164320.0000,3
2025-05-30,20250530095000000,sz.002418,3.4800,3.4900,3.4600,3.4700,5338900,18567376.0000,3
2025-05-30,20250530095500000,sz.002418,3.4800,3.4900,3.4700,3.4900,3992400,13887152.0000,3
2025-05-30,20250530100000000,sz.002418,3.4900,3.5000,3.4700,3.4900,4710000,16448624.0000,3
2025-05-30,20250530100500000,sz.002418,3.4900,3.5100,3.4800,3.5000,3943900,13791312.0000,3
2025-05-30,20250530101000000,sz.002418,3.5000,3.5000,3.4800,3.4900,2776600,9690144.0000,3
2025-05-30,20250530101500000,sz.002418,3.5000,3.5000,3.4800,3.4900,2429400,8476016.0000,3
2025-05-30,20250530102000000,sz.002418,3.4900,3.4900,3.4800,3.4900,1671100,5824352.0000,3
2025-05-30,20250530102500000,sz.002418,3.4900,3.5100,3.4800,3.5000,2885900,10091856.0000,3
2025-05-30,20250530103000000,sz.002418,3.5000,3.5100,3.4900,3.5000,2133900,7469632.0000,3
2025-05-30,20250530103500000,sz.002418,3.4900,3.5000,3.4800,3.5000,2874000,10033216.0000,3
2025-05-30,20250530104000000,sz.002418,3.5000,3.5000,3.4900,3.4900,1109400,3879776.0000,3
2025-05-30,20250530104500000,sz.002418,3.4900,3.5000,3.4800,3.4800,2381600,8309088.0000,3
2025-05-30,20250530105000000,sz.002418,3.4900,3.5000,3.4800,3.4900,1361700,4750144.0000,3
2025-05-30,20250530105500000,sz.002418,3.4800,3.4900,3.4800,3.4900,805000,2806560.0000,3
2025-05-30,20250530110000000,sz.002418,3.4900,3.4900,3.4800,3.4800,1943600,6765792.0000,3
2025-05-30,20250530110500000,sz.002418,3.4800,3.4900,3.4700,3.4900,1284100,4471488.0000,3
2025-05-30,20250530111000000,sz.002418,3.4900,3.4900,3.4700,3.4800,1398800,4870464.0000,3
2025-05-30,20250530111500000,sz.002418,3.4800,3.4800,3.4700,3.4800,1066100,3707328.0000,3
2025-05-30,20250530112000000,sz.002418,3.4800,3.4800,3.4600,3.4600,1610700,5591712.0000,3
2025-05-30,20250530112500000,sz.002418,3.4600,3.4700,3.4600,3.4600,1010100,3498176.0000,3
2025-05-30,20250530113000000,sz.002418,3.4600,3.4700,3.4600,3.4700,1248300,4320832.0000,3
2025-05-30,20250530130500000,sz.002418,3.4700,3.4700,3.4500,3.4500,2567000,8895488.0000,3
2025-05-30,20250530131000000,sz.002418,3.4600,3.4600,3.4500,3.4600,2107800,7284352.0000,3
2025-05-30,20250530131500000,sz.002418,3.4600,3.4600,3.4500,3.4600,1010100,3492448.0000,3
2025-05-30,20250530132000000,sz.002418,3.4600,3.4600,3.4500,3.4600,767700,2653184.0000,3
2025-05-30,20250530132500000,sz.002418,3.4500,3.4600,3.4500,3.4600,1082900,3745824.0000,3
2025-05-30,20250530133000000,sz.002418,3.4600,3.4700,3.4500,3.4600,1031100,3567264.0000,3
2025-05-30,20250530133500000,sz.002418,3.4600,3.4700,3.4500,3.4600,1445500,5000992.0000,3
2025-05-30,20250530134000000,sz.002418,3.4600,3.4700,3.4600,3.4700,914000,3170432.0000,3
2025-05-30,20250530134500000,sz.002418,3.4700,3.4700,3.4600,3.4700,929700,3224320.0000,3
2025-05-30,20250530135000000,sz.002418,3.4700,3.4800,3.4600,3.4700,1130000,3920512.0000,3
2025-05-30,20250530135500000,sz.002418,3.4700,3.4800,3.4600,3.4700,846400,2935712.0000,3
2025-05-30,20250530140000000,sz.002418,3.4700,3.4800,3.4700,3.4800,1184400,4119744.0000,3
2025-05-30,20250530140500000,sz.002418,3.4800,3.4800,3.4600,3.4700,1162800,4033888.0000,3
2025-05-30,20250530141000000,sz.002418,3.4700,3.4700,3.4600,3.4700,652300,2262688.0000,3
2025-05-30,20250530141500000,sz.002418,3.4700,3.4700,3.4600,3.4700,571400,1980864.0000,3
2025-05-30,20250530142000000,sz.002418,3.4700,3.4700,3.4500,3.4500,1892300,6546208.0000,3
2025-05-30,20250530142500000,sz.002418,3.4500,3.4600,3.4500,3.4500,899700,3109824.0000,3
2025-05-30,20250530143000000,sz.002418,3.4500,3.4600,3.4500,3.4600,810200,2798720.0000,3
2025-05-30,20250530143500000,sz.002418,3.4600,3.4700,3.4500,3.4600,1990000,6885472.0000,3
2025-05-30,20250530144000000,sz.002418,3.4600,3.4600,3.4500,3.4600,1203000,4161088.0000,3
2025-05-30,20250530144500000,sz.002418,3.4600,3.4600,3.4500,3.4600,1407700,4866176.0000,3
2025-05-30,20250530145000000,sz.002418,3.4600,3.4700,3.4500,3.4600,3456700,11951936.0000,3
2025-05-30,20250530145500000,sz.002418,3.4600,3.4700,3.4500,3.4700,3799400,13140352.0000,3
2025-05-30,20250530150000000,sz.002418,3.4700,3.4700,3.4500,3.4700,3987700,13811872.0000,3
2025-06-03,20250603093500000,sz.002418,3.4700,3.4800,3.4300,3.4500,7584400,26201488.0000,3
2025-06-03,20250603094000000,sz.002418,3.4400,3.4600,3.4400,3.4600,2794600,9643880.0000,3
2025-06-03,20250603094500000,sz.002418,3.4500,3.4600,3.4400,3.4400,3121100,10757524.0000,3
2025-06-03,20250603095000000,sz.002418,3.4500,3.4700,3.4400,3.4600,2391000,8256764.0000,3
2025-06-03,20250603095500000,sz.002418,3.4700,3.4700,3.4600,3.4700,1757400,6094452.0000,3
2025-06-03,20250603100000000,sz.002418,3.4600,3.4900,3.4600,3.4800,2119400,7368564.0000,3
2025-06-03,20250603100500000,sz.002418,3.4900,3.4900,3.4700,3.4800,2678100,9322368.0000,3
2025-06-03,20250603101000000,sz.002418,3.4800,3.4900,3.4700,3.4900,1989900,6930936.0000,3
2025-06-03,20250603101500000,sz.002418,3.4900,3.4900,3.4700,3.4800,1736600,6042232.0000,3
2025-06-03,20250603102000000,sz.002418,3.4800,3.4800,3.4700,3.4700,983100,3416776.0000,3
2025-06-03,20250603102500000,sz.002418,3.4800,3.4800,3.4700,3.4700,549300,1909536.0000,3
2025-06-03,20250603103000000,sz.002418,3.4700,3.4800,3.4600,3.4800,1981000,6877616.0000,3
2025-06-03,20250603103500000,sz.002418,3.4700,3.4800,3.4600,3.4800,957600,3324272.0000,3
2025-06-03,20250603104000000,sz.002418,3.4800,3.4800,3.4700,3.4800,381900,1326952.0000,3
2025-06-03,20250603104500000,sz.002418,3.4700,3.4800,3.4600,3.4700,1443100,5006472.0000,3
2025-06-03,20250603105000000,sz.002418,3.4700,3.4900,3.4700,3.4800,2579500,8980880.0000,3
2025-06-03,20250603105500000,sz.002418,3.4700,3.4800,3.4600,3.4700,1680800,5833384.0000,3
2025-06-03,20250603110000000,sz.002418,3.4600,3.4700,3.4600,3.4600,428300,1484272.0000,3
2025-06-03,20250603110500000,sz.002418,3.4700,3.4700,3.4600,3.4700,1293500,4484496.0000,3
2025-06-03,20250603111000000,sz.002418,3.4700,3.4700,3.4600,3.4600,896800,3105984.0000,3
2025-06-03,20250603111500000,sz.002418,3.4600,3.4700,3.4600,3.4600,836300,2900752.0000,3
2025-06-03,20250603112000000,sz.002418,3.4700,3.4700,3.4600,3.4600,276500,958336.0000,3
2025-06-03,20250603112500000,sz.002418,3.4700,3.4700,3.4600,3.4700,254000,880400.0000,3
2025-06-03,20250603113000000,sz.002418,3.4700,3.4800,3.4600,3.4800,742700,2578416.0000,3
2025-06-03,20250603130500000,sz.002418,3.4800,3.4800,3.4600,3.4600,1886800,6554144.0000,3
2025-06-03,20250603131000000,sz.002418,3.4600,3.4700,3.4600,3.4700,354200,1226384.0000,3
2025-06-03,20250603131500000,sz.002418,3.4700,3.4700,3.4600,3.4700,292100,1012128.0000,3
2025-06-03,20250603132000000,sz.002418,3.4700,3.4700,3.4600,3.4700,406200,1406288.0000,3
2025-06-03,20250603132500000,sz.002418,3.4700,3.4800,3.4600,3.4800,1022200,3546800.0000,3
2025-06-03,20250603133000000,sz.002418,3.4800,3.4800,3.4700,3.4800,392900,1364928.0000,3
2025-06-03,20250603133500000,sz.002418,3.4700,3.4800,3.4600,3.4700,1054000,3657776.0000,3
2025-06-03,20250603134000000,sz.002418,3.4700,3.4700,3.4600,3.4600,852100,2949664.0000,3
2025-06-03,20250603134500000,sz.002418,3.4600,3.4700,3.4600,3.4700,306600,1061808.0000,3
2025-06-03,20250603135000000,sz.002418,3.4600,3.4800,3.4600,3.4700,1653500,5740896.0000,3
2025-06-03,20250603135500000,sz.002418,3.4700,3.4800,3.4600,3.4700,825200,2863568.0000,3
2025-06-03,20250603140000000,sz.002418,3.4700,3.4800,3.4700,3.4700,379100,1316032.0000,3
2025-06-03,20250603140500000,sz.002418,3.4700,3.4800,3.4600,3.4600,535300,1857360.0000,3
2025-06-03,20250603141000000,sz.002418,3.4600,3.4800,3.4600,3.4800,535700,1858288.0000,3
2025-06-03,20250603141500000,sz.002418,3.4800,3.4800,3.4700,3.4700,399100,1387328.0000,3
2025-06-03,20250603142000000,sz.002418,3.4700,3.4800,3.4700,3.4700,276200,960336.0000,3
2025-06-03,20250603142500000,sz.002418,3.4700,3.4800,3.4700,3.4800,627200,2178928.0000,3
2025-06-03,20250603143000000,sz.002418,3.4700,3.4800,3.4700,3.4800,1709100,5945024.0000,3
2025-06-03,20250603143500000,sz.002418,3.4800,3.4800,3.4600,3.4700,2383500,8271584.0000,3
2025-06-03,20250603144000000,sz.002418,3.4700,3.4800,3.4700,3.4800,1166200,4049120.0000,3
2025-06-03,20250603144500000,sz.002418,3.4800,3.4800,3.4700,3.4700,1701700,5912304.0000,3
2025-06-03,20250603145000000,sz.002418,3.4700,3.4800,3.4700,3.4700,1380500,4798720.0000,3
2025-06-03,20250603145500000,sz.002418,3.4800,3.4800,3.4700,3.4700,2413300,8387920.0000,3
2025-06-03,20250603150000000,sz.002418,3.4800,3.4800,3.4700,3.4700,3736300,12979664.0000,3
2025-06-04,20250604093500000,sz.002418,3.4900,3.7100,3.4900,3.5800,20994200,75587696.0000,3
2025-06-04,20250604094000000,sz.002418,3.5900,3.6300,3.5600,3.6000,8476800,30526136.0000,3
2025-06-04,20250604094500000,sz.002418,3.6000,3.6100,3.5500,3.5600,5669200,20297816.0000,3
2025-06-04,20250604095000000,sz.002418,3.5500,3.6200,3.5500,3.6100,6271500,22488736.0000,3
2025-06-04,20250604095500000,sz.002418,3.6100,3.6500,3.6100,3.6200,6112800,22199184.0000,3
2025-06-04,20250604100000000,sz.002418,3.6100,3.6300,3.6000,3.6200,2352700,8509072.0000,3
2025-06-04,20250604100500000,sz.002418,3.6200,3.6200,3.5800,3.6000,3036700,10926384.0000,3
2025-06-04,20250604101000000,sz.002418,3.6000,3.8200,3.6000,3.8200,36078000,136150768.0000,3
2025-06-04,20250604101500000,sz.002418,3.8200,3.8200,3.7500,3.8200,23033500,87851296.0000,3
2025-06-04,20250604102000000,sz.002418,3.8200,3.8200,3.8200,3.8200,2751500,10510752.0000,3
2025-06-04,20250604102500000,sz.002418,3.8200,3.8200,3.8200,3.8200,2062100,7877216.0000,3
2025-06-04,20250604103000000,sz.002418,3.8200,3.8200,3.8200,3.8200,2184800,8345728.0000,3
2025-06-04,20250604103500000,sz.002418,3.8200,3.8200,3.8200,3.8200,2944600,11248384.0000,3
2025-06-04,20250604104000000,sz.002418,3.8200,3.8200,3.8200,3.8200,2953100,11280832.0000,3
2025-06-04,20250604104500000,sz.002418,3.8200,3.8200,3.8200,3.8200,1602300,6120800.0000,3
2025-06-04,20250604105000000,sz.002418,3.8200,3.8200,3.8200,3.8200,1009000,3854368.0000,3
2025-06-04,20250604105500000,sz.002418,3.8200,3.8200,3.8200,3.8200,454400,1735808.0000,3
2025-06-04,20250604110000000,sz.002418,3.8200,3.8200,3.8200,3.8200,764800,2921536.0000,3
2025-06-04,20250604110500000,sz.002418,3.8200,3.8200,3.8200,3.8200,595400,2274432.0000,3
2025-06-04,20250604111000000,sz.002418,3.8200,3.8200,3.8200,3.8200,448200,1712128.0000,3
2025-06-04,20250604111500000,sz.002418,3.8200,3.8200,3.8200,3.8200,543000,2074272.0000,3
2025-06-04,20250604112000000,sz.002418,3.8200,3.8200,3.8200,3.8200,349800,1336224.0000,3
2025-06-04,20250604112500000,sz.002418,3.8200,3.8200,3.8200,3.8200,596500,2278624.0000,3
2025-06-04,20250604113000000,sz.002418,3.8200,3.8200,3.8200,3.8200,177600,678432.0000,3
2025-06-04,20250604130500000,sz.002418,3.8200,3.8200,3.8200,3.8200,1648700,6298240.0000,3
2025-06-04,20250604131000000,sz.002418,3.8200,3.8200,3.8200,3.8200,259400,990912.0000,3
2025-06-04,20250604131500000,sz.002418,3.8200,3.8200,3.8200,3.8200,287500,1098240.0000,3
2025-06-04,20250604132000000,sz.002418,3.8200,3.8200,3.8200,3.8200,473200,1807616.0000,3
2025-06-04,20250604132500000,sz.002418,3.8200,3.8200,3.8200,3.8200,305300,1166240.0000,3
2025-06-04,20250604133000000,sz.002418,3.8200,3.8200,3.8200,3.8200,312000,1191840.0000,3
2025-06-04,20250604133500000,sz.002418,3.8200,3.8200,3.8200,3.8200,368300,1406912.0000,3
2025-06-04,20250604134000000,sz.002418,3.8200,3.8200,3.8200,3.8200,427300,1632288.0000,3
2025-06-04,20250604134500000,sz.002418,3.8200,3.8200,3.8200,3.8200,168200,642528.0000,3
2025-06-04,20250604135000000,sz.002418,3.8200,3.8200,3.8200,3.8200,165400,631808.0000,3
2025-06-04,20250604135500000,sz.002418,3.8200,3.8200,3.8200,3.8200,86200,329312.0000,3
2025-06-04,20250604140000000,sz.002418,3.8200,3.8200,3.8200,3.8200,164700,629152.0000,3
2025-06-04,20250604140500000,sz.002418,3.8200,3.8200,3.8200,3.8200,184400,704384.0000,3
2025-06-04,20250604141000000,sz.002418,3.8200,3.8200,3.8200,3.8200,344400,1315616.0000,3
2025-06-04,20250604141500000,sz.002418,3.8200,3.8200,3.8200,3.8200,108300,413728.0000,3
2025-06-04,20250604142000000,sz.002418,3.8200,3.8200,3.8200,3.8200,578400,2209472.0000,3
2025-06-04,20250604142500000,sz.002418,3.8200,3.8200,3.8200,3.8200,275400,1052032.0000,3
2025-06-04,20250604143000000,sz.002418,3.8200,3.8200,3.8200,3.8200,197200,753312.0000,3
2025-06-04,20250604143500000,sz.002418,3.8200,3.8200,3.8200,3.8200,161900,618432.0000,3
2025-06-04,20250604144000000,sz.002418,3.8200,3.8200,3.8200,3.8200,282400,1078784.0000,3
2025-06-04,20250604144500000,sz.002418,3.8200,3.8200,3.8200,3.8200,445900,1703328.0000,3
2025-06-04,20250604145000000,sz.002418,3.8200,3.8200,3.8200,3.8200,1204800,4602336.0000,3
2025-06-04,20250604145500000,sz.002418,3.8200,3.8200,3.8200,3.8200,1864500,7122208.0000,3
2025-06-04,20250604150000000,sz.002418,3.8200,3.8200,3.8200,3.8200,1249600,4773472.0000,3
2025-06-05,20250605093500000,sz.002418,3.9300,4.0100,3.9300,3.9700,81878300,324681248.0000,3
2025-06-05,20250605094000000,sz.002418,3.9800,3.9800,3.8600,3.9000,32985300,129304480.0000,3
2025-06-05,20250605094500000,sz.002418,3.9000,3.9000,3.8300,3.8800,20390300,78647200.0000,3
2025-06-05,20250605095000000,sz.002418,3.9000,3.9000,3.8500,3.8800,10498900,40662048.0000,3
2025-06-05,20250605095500000,sz.002418,3.8900,3.9700,3.8600,3.9100,13937800,54684542.0000,3
2025-06-05,20250605100000000,sz.002418,3.9100,3.9300,3.8800,3.8900,5563800,21724282.0000,3
2025-06-05,20250605100500000,sz.002418,3.8900,3.8900,3.8600,3.8600,5285100,20462983.0000,3
2025-06-05,20250605101000000,sz.002418,3.8700,3.8700,3.8400,3.8500,4891900,18854657.0000,3
2025-06-05,20250605101500000,sz.002418,3.8500,3.8800,3.8400,3.8800,2794700,10784700.0000,3
2025-06-05,20250605102000000,sz.002418,3.8800,3.8900,3.8600,3.8700,2625000,10172420.0000,3
2025-06-05,20250605102500000,sz.002418,3.8600,3.8700,3.8500,3.8600,1927900,7433920.0000,3
2025-06-05,20250605103000000,sz.002418,3.8700,3.8900,3.8700,3.8900,2069100,8029500.0000,3
2025-06-05,20250605103500000,sz.002418,3.8900,3.8900,3.8600,3.8600,2598300,10066756.0000,3
2025-06-05,20250605104000000,sz.002418,3.8700,3.8800,3.8600,3.8600,1572200,6083328.0000,3
2025-06-05,20250605104500000,sz.002418,3.8600,3.8600,3.8400,3.8500,3102100,11940032.0000,3
2025-06-05,20250605105000000,sz.002418,3.8500,3.8600,3.8400,3.8500,1970100,7580224.0000,3
2025-06-05,20250605105500000,sz.002418,3.8500,3.8600,3.8500,3.8500,1563000,6022528.0000,3
2025-06-05,20250605110000000,sz.002418,3.8500,3.8600,3.8300,3.8400,2721600,10448320.0000,3
2025-06-05,20250605110500000,sz.002418,3.8300,3.8400,3.8100,3.8200,5674900,21686656.0000,3
2025-06-05,20250605111000000,sz.002418,3.8200,3.8500,3.8200,3.8400,3100500,11877312.0000,3
2025-06-05,20250605111500000,sz.002418,3.8400,3.8400,3.8200,3.8300,1134400,4346496.0000,3
2025-06-05,20250605112000000,sz.002418,3.8400,3.8400,3.8200,3.8400,1228800,4708608.0000,3
2025-06-05,20250605112500000,sz.002418,3.8400,3.8400,3.8300,3.8300,909400,3486912.0000,3
2025-06-05,20250605113000000,sz.002418,3.8300,3.9000,3.8300,3.8800,5097800,19755200.0000,3
2025-06-05,20250605130500000,sz.002418,3.8800,3.9300,3.8600,3.9000,7699700,29970882.0000,3
2025-06-05,20250605131000000,sz.002418,3.9000,3.9600,3.8900,3.9300,5786400,22775742.0000,3
2025-06-05,20250605131500000,sz.002418,3.9200,3.9300,3.9100,3.9200,2944000,11545918.0000,3
2025-06-05,20250605132000000,sz.002418,3.9200,3.9300,3.8800,3.8800,2348400,9151429.0000,3
2025-06-05,20250605132500000,sz.002418,3.8900,3.9000,3.8800,3.8900,1252100,4873663.0000,3
2025-06-05,20250605133000000,sz.002418,3.8900,3.9300,3.8900,3.9100,2124900,8318715.0000,3
2025-06-05,20250605133500000,sz.002418,3.9100,3.9200,3.9000,3.9100,1172800,4590659.0000,3
2025-06-05,20250605134000000,sz.002418,3.9100,3.9100,3.8900,3.8900,910100,3549184.0000,3
2025-06-05,20250605134500000,sz.002418,3.9000,3.9000,3.8900,3.8900,748200,2913156.0000,3
2025-06-05,20250605135000000,sz.002418,3.8900,3.9000,3.8800,3.8900,868700,3378552.0000,3
2025-06-05,20250605135500000,sz.002418,3.8800,3.8900,3.8700,3.8700,1315900,5103048.0000,3
2025-06-05,20250605140000000,sz.002418,3.8700,3.8800,3.8500,3.8500,1735200,6704572.0000,3
2025-06-05,20250605140500000,sz.002418,3.8500,3.8600,3.8500,3.8500,1198700,4617152.0000,3
2025-06-05,20250605141000000,sz.002418,3.8500,3.8600,3.8500,3.8600,717800,2767104.0000,3
2025-06-05,20250605141500000,sz.002418,3.8600,3.8600,3.8400,3.8500,1804900,6948608.0000,3
2025-06-05,20250605142000000,sz.002418,3.8500,3.8500,3.8300,3.8400,1861300,7148672.0000,3
2025-06-05,20250605142500000,sz.002418,3.8400,3.8500,3.8300,3.8300,1857100,7130240.0000,3
2025-06-05,20250605143000000,sz.002418,3.8400,3.8400,3.8200,3.8200,4615800,17657792.0000,3
2025-06-05,20250605143500000,sz.002418,3.8200,3.8400,3.8200,3.8300,2269700,8693120.0000,3
2025-06-05,20250605144000000,sz.002418,3.8300,3.8300,3.8200,3.8200,2407300,9201984.0000,3
2025-06-05,20250605144500000,sz.002418,3.8200,3.8300,3.8100,3.8100,3609400,13777984.0000,3
2025-06-05,20250605145000000,sz.002418,3.8100,3.8200,3.8000,3.8100,9147000,34812672.0000,3
2025-06-05,20250605145500000,sz.002418,3.8100,3.8300,3.8000,3.8100,6197800,23663488.0000,3
2025-06-05,20250605150000000,sz.002418,3.8200,3.8300,3.8000,3.8200,8453500,32289536.0000,3
2025-06-06,20250606093500000,sz.002418,3.8000,3.8300,3.7500,3.8000,28037100,106119424.0000,3
2025-06-06,20250606094000000,sz.002418,3.8100,3.8800,3.8100,3.8500,14077600,54091440.0000,3
2025-06-06,20250606094500000,sz.002418,3.8500,3.8600,3.8200,3.8400,6045600,23224688.0000,3
2025-06-06,20250606095000000,sz.002418,3.8400,3.8400,3.8200,3.8200,2865900,10978432.0000,3
2025-06-06,20250606095500000,sz.002418,3.8200,3.8300,3.8000,3.8100,4553500,17377552.0000,3
2025-06-06,20250606100000000,sz.002418,3.8000,3.8100,3.7800,3.8100,4449700,16892720.0000,3
2025-06-06,20250606100500000,sz.002418,3.8000,3.8100,3.7800,3.7900,3697100,13993888.0000,3
2025-06-06,20250606101000000,sz.002418,3.7800,3.8100,3.7800,3.8100,2688900,10207440.0000,3
2025-06-06,20250606101500000,sz.002418,3.8100,3.8400,3.8000,3.8000,3312300,12651120.0000,3
2025-06-06,20250606102000000,sz.002418,3.8000,3.8100,3.7900,3.8000,1906100,7241440.0000,3
2025-06-06,20250606102500000,sz.002418,3.7900,3.8000,3.7900,3.7900,1297800,4920864.0000,3
2025-06-06,20250606103000000,sz.002418,3.7900,3.7900,3.7700,3.7800,1899300,7179200.0000,3
2025-06-06,20250606103500000,sz.002418,3.7700,3.7900,3.7700,3.7800,2675800,10103680.0000,3
2025-06-06,20250606104000000,sz.002418,3.7700,3.7800,3.7700,3.7800,1550600,5849856.0000,3
2025-06-06,20250606104500000,sz.002418,3.7700,3.7900,3.7700,3.7800,1489900,5636032.0000,3
2025-06-06,20250606105000000,sz.002418,3.7800,3.7900,3.7700,3.7700,1345500,5086112.0000,3
2025-06-06,20250606105500000,sz.002418,3.7700,3.7800,3.7700,3.7800,1012500,3818592.0000,3
2025-06-06,20250606110000000,sz.002418,3.7800,3.7800,3.7700,3.7700,942900,3560928.0000,3
2025-06-06,20250606110500000,sz.002418,3.7700,3.7800,3.7700,3.7700,1040700,3926112.0000,3
2025-06-06,20250606111000000,sz.002418,3.7800,3.7800,3.7600,3.7600,1847800,6957152.0000,3
2025-06-06,20250606111500000,sz.002418,3.7600,3.7900,3.7600,3.7700,1707400,6450112.0000,3
2025-06-06,20250606112000000,sz.002418,3.7700,3.7800,3.7600,3.7700,1526000,5744064.0000,3
2025-06-06,20250606112500000,sz.002418,3.7600,3.7700,3.7600,3.7700,2120500,7980480.0000,3
2025-06-06,20250606113000000,sz.002418,3.7700,3.7700,3.7600,3.7700,1542800,5804832.0000,3
2025-06-06,20250606130500000,sz.002418,3.7600,3.7900,3.7600,3.7700,2798400,10567936.0000,3
2025-06-06,20250606131000000,sz.002418,3.7700,3.7800,3.7600,3.7600,839600,3162528.0000,3
2025-06-06,20250606131500000,sz.002418,3.7600,3.7900,3.7600,3.7700,1262400,4764864.0000,3
2025-06-06,20250606132000000,sz.002418,3.7700,3.7700,3.7600,3.7600,1250700,4703488.0000,3
2025-06-06,20250606132500000,sz.002418,3.7600,3.7700,3.7500,3.7600,2750900,10319648.0000,3
2025-06-06,20250606133000000,sz.002418,3.7500,3.7700,3.7400,3.7600,2417400,9061504.0000,3
2025-06-06,20250606133500000,sz.002418,3.7600,3.7700,3.7500,3.7600,980400,3680128.0000,3
2025-06-06,20250606134000000,sz.002418,3.7500,3.7600,3.7400,3.7400,1082700,4058272.0000,3
2025-06-06,20250606134500000,sz.002418,3.7500,3.7600,3.7400,3.7500,1830300,6860288.0000,3
2025-06-06,20250606135000000,sz.002418,3.7400,3.7500,3.7400,3.7400,2028300,7589568.0000,3
2025-06-06,20250606135500000,sz.002418,3.7400,3.7600,3.7400,3.7500,1471100,5512416.0000,3
2025-06-06,20250606140000000,sz.002418,3.7500,3.7500,3.7400,3.7400,637300,2384608.0000,3
2025-06-06,20250606140500000,sz.002418,3.7400,3.7700,3.7400,3.7500,1929900,7247264.0000,3
2025-06-06,20250606141000000,sz.002418,3.7500,3.7500,3.7400,3.7400,1155900,4329664.0000,3
2025-06-06,20250606141500000,sz.002418,3.7400,3.7500,3.7400,3.7400,1020400,3817280.0000,3
2025-06-06,20250606142000000,sz.002418,3.7400,3.7600,3.7400,3.7600,2765900,10376768.0000,3
2025-06-06,20250606142500000,sz.002418,3.7500,3.7600,3.7500,3.7500,899600,3376416.0000,3
2025-06-06,20250606143000000,sz.002418,3.7500,3.7700,3.7500,3.7600,1250200,4698560.0000,3
2025-06-06,20250606143500000,sz.002418,3.7700,3.7700,3.7600,3.7600,1523700,5739040.0000,3
2025-06-06,20250606144000000,sz.002418,3.7600,3.7700,3.7500,3.7500,1638000,6159968.0000,3
2025-06-06,20250606144500000,sz.002418,3.7500,3.7700,3.7500,3.7500,2049300,7702272.0000,3
2025-06-06,20250606145000000,sz.002418,3.7600,3.7600,3.7400,3.7600,3222100,12087584.0000,3
2025-06-06,20250606145500000,sz.002418,3.7500,3.7600,3.7400,3.7400,2731800,10252224.0000,3
2025-06-06,20250606150000000,sz.002418,3.7500,3.7600,3.7500,3.7500,3556400,13346496.0000,3
2025-06-09,20250609093500000,sz.002418,3.8300,3.8700,3.7700,3.7800,19437000,74617544.0000,3
2025-06-09,20250609094000000,sz.002418,3.7800,3.7900,3.7500,3.7500,5885400,22201304.0000,3
2025-06-09,20250609094500000,sz.002418,3.7600,3.8000,3.7600,3.7800,3273300,12398416.0000,3
2025-06-09,20250609095000000,sz.002418,3.7800,3.7900,3.7700,3.7900,2679600,10130224.0000,3
2025-06-09,20250609095500000,sz.002418,3.7800,3.7900,3.7700,3.7700,1819400,6873248.0000,3
2025-06-09,20250609100000000,sz.002418,3.7800,3.7900,3.7700,3.7800,1846600,6973344.0000,3
2025-06-09,20250609100500000,sz.002418,3.7900,3.7900,3.7800,3.7900,2026700,7675552.0000,3
2025-06-09,20250609101000000,sz.002418,3.7900,3.8100,3.7800,3.7900,3199700,12145040.0000,3
2025-06-09,20250609101500000,sz.002418,3.7900,3.7900,3.7800,3.7800,1246400,4716160.0000,3
2025-06-09,20250609102000000,sz.002418,3.7900,3.8100,3.7800,3.7900,2125600,8068848.0000,3
2025-06-09,20250609102500000,sz.002418,3.8000,3.8000,3.7900,3.8000,846800,3213600.0000,3
2025-06-09,20250609103000000,sz.002418,3.8000,3.8100,3.7900,3.7900,1737200,6600608.0000,3
2025-06-09,20250609103500000,sz.002418,3.8000,3.8000,3.7900,3.8000,954600,3621920.0000,3
2025-06-09,20250609104000000,sz.002418,3.7900,3.8000,3.7800,3.7800,1117400,4236080.0000,3
2025-06-09,20250609104500000,sz.002418,3.7800,3.7900,3.7800,3.7800,755700,2858096.0000,3
2025-06-09,20250609105000000,sz.002418,3.7800,3.8000,3.7800,3.7900,943500,3576112.0000,3
2025-06-09,20250609105500000,sz.002418,3.7900,3.8000,3.7900,3.7900,531900,2017696.0000,3
2025-06-09,20250609110000000,sz.002418,3.8000,3.8000,3.7900,3.8000,1055800,4009680.0000,3
2025-06-09,20250609110500000,sz.002418,3.8000,3.8300,3.8000,3.8000,5802000,22138480.0000,3
2025-06-09,20250609111000000,sz.002418,3.8100,3.8100,3.8000,3.8000,833800,3173296.0000,3
2025-06-09,20250609111500000,sz.002418,3.8100,3.8100,3.8000,3.8000,878900,3342928.0000,3
2025-06-09,20250609112000000,sz.002418,3.8100,3.8100,3.7900,3.7900,881800,3349056.0000,3
2025-06-09,20250609112500000,sz.002418,3.8000,3.8000,3.7900,3.8000,581900,2207856.0000,3
2025-06-09,20250609113000000,sz.002418,3.8000,3.8000,3.7900,3.7900,651500,2472800.0000,3
2025-06-09,20250609130500000,sz.002418,3.7900,3.8300,3.7900,3.8100,3543600,13489920.0000,3
2025-06-09,20250609131000000,sz.002418,3.8100,3.8200,3.8000,3.8000,944000,3596992.0000,3
2025-06-09,20250609131500000,sz.002418,3.8100,3.8100,3.8000,3.8000,382900,1456112.0000,3
2025-06-09,20250609132000000,sz.002418,3.8000,3.8100,3.8000,3.8000,1517200,5767648.0000,3
2025-06-09,20250609132500000,sz.002418,3.8000,3.8100,3.7900,3.7900,898400,3413392.0000,3
2025-06-09,20250609133000000,sz.002418,3.7900,3.8000,3.7900,3.7900,1207300,4577088.0000,3
2025-06-09,20250609133500000,sz.002418,3.7900,3.8100,3.7900,3.8000,1351800,5137024.0000,3
2025-06-09,20250609134000000,sz.002418,3.8100,3.8100,3.8000,3.8000,1240800,4717696.0000,3
2025-06-09,20250609134500000,sz.002418,3.8000,3.8200,3.8000,3.8000,1802500,6868032.0000,3
2025-06-09,20250609135000000,sz.002418,3.8000,3.8100,3.7900,3.7900,1128500,4288512.0000,3
2025-06-09,20250609135500000,sz.002418,3.8000,3.8000,3.7900,3.8000,1810800,6873056.0000,3
2025-06-09,20250609140000000,sz.002418,3.8000,3.8100,3.8000,3.8100,489700,1863008.0000,3
2025-06-09,20250609140500000,sz.002418,3.8000,3.8100,3.8000,3.8100,672900,2559712.0000,3
2025-06-09,20250609141000000,sz.002418,3.8000,3.8100,3.8000,3.8000,1280200,4866144.0000,3
2025-06-09,20250609141500000,sz.002418,3.8000,3.8100,3.8000,3.8000,682200,2593984.0000,3
2025-06-09,20250609142000000,sz.002418,3.8000,3.8100,3.8000,3.8000,2209800,8415424.0000,3
2025-06-09,20250609142500000,sz.002418,3.8000,3.8100,3.8000,3.8100,530300,2018816.0000,3
2025-06-09,20250609143000000,sz.002418,3.8100,3.8200,3.8000,3.8200,2178100,8305792.0000,3
2025-06-09,20250609143500000,sz.002418,3.8200,3.8300,3.8100,3.8200,4204500,16074240.0000,3
2025-06-09,20250609144000000,sz.002418,3.8300,3.8300,3.8100,3.8200,2217000,8473792.0000,3
2025-06-09,20250609144500000,sz.002418,3.8300,3.8300,3.8200,3.8200,4271000,16345312.0000,3
2025-06-09,20250609145000000,sz.002418,3.8300,3.8300,3.8200,3.8300,3972400,15207488.0000,3
2025-06-09,20250609145500000,sz.002418,3.8200,3.8300,3.8100,3.8200,5396000,20608416.0000,3
2025-06-09,20250609150000000,sz.002418,3.8300,3.8300,3.8200,3.8200,5265700,20130080.0000,3
2025-06-10,20250610093500000,sz.002418,3.8400,3.8500,3.7700,3.7800,9978500,37960720.0000,3
2025-06-10,20250610094000000,sz.002418,3.7800,3.7900,3.7600,3.7700,5501600,20755448.0000,3
2025-06-10,20250610094500000,sz.002418,3.7600,3.7600,3.7500,3.7500,7725700,29005232.0000,3
2025-06-10,20250610095000000,sz.002418,3.7500,3.7700,3.7400,3.7500,4464200,16758096.0000,3
2025-06-10,20250610095500000,sz.002418,3.7500,3.7600,3.7400,3.7500,3474000,13020496.0000,3
2025-06-10,20250610100000000,sz.002418,3.7400,3.7500,3.7200,3.7300,5964100,22275992.0000,3
2025-06-10,20250610100500000,sz.002418,3.7300,3.7500,3.7300,3.7300,3852900,14396640.0000,3
2025-06-10,20250610101000000,sz.002418,3.7300,3.7400,3.7300,3.7300,2062600,7694848.0000,3
2025-06-10,20250610101500000,sz.002418,3.7300,3.7400,3.7200,3.7200,2447100,9118592.0000,3
2025-06-10,20250610102000000,sz.002418,3.7200,3.7300,3.7000,3.7000,3593300,13339952.0000,3
2025-06-10,20250610102500000,sz.002418,3.7100,3.7300,3.7000,3.7200,2624500,9749312.0000,3
2025-06-10,20250610103000000,sz.002418,3.7200,3.7200,3.7100,3.7100,1639200,6085984.0000,3
2025-06-10,20250610103500000,sz.002418,3.7100,3.7200,3.7100,3.7100,1142600,4240640.0000,3
2025-06-10,20250610104000000,sz.002418,3.7100,3.7200,3.7000,3.7000,1683300,6242752.0000,3
2025-06-10,20250610104500000,sz.002418,3.7100,3.7100,3.6900,3.7000,3023100,11186960.0000,3
2025-06-10,20250610105000000,sz.002418,3.7000,3.7100,3.7000,3.7000,1571500,5817824.0000,3
2025-06-10,20250610105500000,sz.002418,3.7000,3.7200,3.7000,3.7100,1610200,5971152.0000,3
2025-06-10,20250610110000000,sz.002418,3.7100,3.7200,3.7100,3.7200,728800,2709008.0000,3
2025-06-10,20250610110500000,sz.002418,3.7200,3.7200,3.7100,3.7200,1221200,4539424.0000,3
2025-06-10,20250610111000000,sz.002418,3.7100,3.7200,3.7100,3.7200,598900,2222800.0000,3
2025-06-10,20250610111500000,sz.002418,3.7100,3.7200,3.7100,3.7200,273600,1016064.0000,3
2025-06-10,20250610112000000,sz.002418,3.7200,3.7300,3.7000,3.7100,1436700,5336224.0000,3
2025-06-10,20250610112500000,sz.002418,3.7000,3.7100,3.7000,3.7000,702900,2602368.0000,3
2025-06-10,20250610113000000,sz.002418,3.7000,3.7100,3.7000,3.7100,386300,1430336.0000,3
2025-06-10,20250610130500000,sz.002418,3.7000,3.7100,3.6900,3.6900,1959400,7246256.0000,3
2025-06-10,20250610131000000,sz.002418,3.6900,3.7000,3.6900,3.6900,1123200,4146992.0000,3
2025-06-10,20250610131500000,sz.002418,3.7000,3.7000,3.6700,3.6700,2421100,8918176.0000,3
2025-06-10,20250610132000000,sz.002418,3.6700,3.6800,3.6500,3.6600,3999900,14660320.0000,3
2025-06-10,20250610132500000,sz.002418,3.6600,3.6700,3.6400,3.6700,3237100,11832000.0000,3
2025-06-10,20250610133000000,sz.002418,3.6700,3.6700,3.6400,3.6400,3601100,13139936.0000,3
2025-06-10,20250610133500000,sz.002418,3.6400,3.6500,3.6200,3.6500,3576400,13002464.0000,3
2025-06-10,20250610134000000,sz.002418,3.6500,3.6700,3.6400,3.6500,2207800,8073152.0000,3
2025-06-10,20250610134500000,sz.002418,3.6600,3.6700,3.6500,3.6700,1215400,4449056.0000,3
2025-06-10,20250610135000000,sz.002418,3.6600,3.6800,3.6600,3.6700,946200,3476160.0000,3
2025-06-10,20250610135500000,sz.002418,3.6700,3.6800,3.6600,3.6800,2022800,7421280.0000,3
2025-06-10,20250610140000000,sz.002418,3.6700,3.6800,3.6700,3.6700,728600,2676640.0000,3
2025-06-10,20250610140500000,sz.002418,3.6700,3.6800,3.6600,3.6800,1732600,6354880.0000,3
2025-06-10,20250610141000000,sz.002418,3.6700,3.6800,3.6600,3.6700,798300,2927168.0000,3
2025-06-10,20250610141500000,sz.002418,3.6600,3.6800,3.6600,3.6700,1168600,4286112.0000,3
2025-06-10,20250610142000000,sz.002418,3.6700,3.7000,3.6700,3.6900,1646600,6067488.0000,3
2025-06-10,20250610142500000,sz.002418,3.6900,3.7000,3.6800,3.7000,950300,3510912.0000,3
2025-06-10,20250610143000000,sz.002418,3.7000,3.7100,3.6900,3.7000,1811700,6701216.0000,3
2025-06-10,20250610143500000,sz.002418,3.7000,3.7200,3.7000,3.7000,1621000,6008160.0000,3
2025-06-10,20250610144000000,sz.002418,3.7100,3.7100,3.7000,3.7000,483000,1789408.0000,3
2025-06-10,20250610144500000,sz.002418,3.7000,3.7100,3.7000,3.7100,662200,2454752.0000,3
2025-06-10,20250610145000000,sz.002418,3.7000,3.7100,3.7000,3.7100,1440400,5340160.0000,3
2025-06-10,20250610145500000,sz.002418,3.7100,3.7100,3.7000,3.7000,2943500,10912864.0000,3
2025-06-10,20250610150000000,sz.002418,3.7100,3.7200,3.7000,3.7000,3200800,11855968.0000,3
2025-06-11,20250611093500000,sz.002418,3.7000,3.7100,3.6600,3.6700,5622900,20683304.0000,3
2025-06-11,20250611094000000,sz.002418,3.6700,3.6900,3.6600,3.6900,3096200,11370244.0000,3
2025-06-11,20250611094500000,sz.002418,3.6900,3.7000,3.6800,3.6900,1961500,7245248.0000,3
2025-06-11,20250611095000000,sz.002418,3.7000,3.7200,3.6900,3.7100,3282400,12176304.0000,3
2025-06-11,20250611095500000,sz.002418,3.7100,3.7200,3.7000,3.7100,1895700,7037320.0000,3
2025-06-11,20250611100000000,sz.002418,3.7200,3.7200,3.7000,3.7100,1653000,6126724.0000,3
2025-06-11,20250611100500000,sz.002418,3.7100,3.7400,3.7000,3.7200,4490700,16698552.0000,3
2025-06-11,20250611101000000,sz.002418,3.7200,3.7200,3.7100,3.7200,850100,3160312.0000,3
2025-06-11,20250611101500000,sz.002418,3.7200,3.7200,3.7100,3.7200,604300,2244096.0000,3
2025-06-11,20250611102000000,sz.002418,3.7100,3.7200,3.7000,3.7100,2275700,8442112.0000,3
2025-06-11,20250611102500000,sz.002418,3.7000,3.7100,3.7000,3.7000,710800,2632608.0000,3
2025-06-11,20250611103000000,sz.002418,3.7000,3.7100,3.7000,3.7000,1730800,6405040.0000,3
2025-06-11,20250611103500000,sz.002418,3.7000,3.7100,3.6900,3.6900,994200,3677856.0000,3
2025-06-11,20250611104000000,sz.002418,3.6900,3.7000,3.6900,3.6900,531500,1962856.0000,3
2025-06-11,20250611104500000,sz.002418,3.7000,3.7000,3.6900,3.6900,488900,1804880.0000,3
2025-06-11,20250611105000000,sz.002418,3.7000,3.7000,3.6900,3.6900,460500,1700136.0000,3
2025-06-11,20250611105500000,sz.002418,3.6900,3.7000,3.6800,3.6900,1111600,4101872.0000,3
2025-06-11,20250611110000000,sz.002418,3.6800,3.6900,3.6800,3.6900,562900,2073424.0000,3
2025-06-11,20250611110500000,sz.002418,3.6800,3.7000,3.6800,3.6900,801700,2958712.0000,3
2025-06-11,20250611111000000,sz.002418,3.7000,3.7000,3.6900,3.6900,317600,1172216.0000,3
2025-06-11,20250611111500000,sz.002418,3.6900,3.7000,3.6900,3.6900,584400,2156864.0000,3
2025-06-11,20250611112000000,sz.002418,3.6900,3.7000,3.6900,3.6900,440800,1627104.0000,3
2025-06-11,20250611112500000,sz.002418,3.6900,3.7000,3.6900,3.7000,481900,1778744.0000,3
2025-06-11,20250611113000000,sz.002418,3.6900,3.7000,3.6900,3.6900,195500,721632.0000,3
2025-06-11,20250611130500000,sz.002418,3.6900,3.7000,3.6800,3.6900,1604200,5916784.0000,3
2025-06-11,20250611131000000,sz.002418,3.6900,3.7000,3.6900,3.6900,774100,2858032.0000,3
2025-06-11,20250611131500000,sz.002418,3.6900,3.7000,3.6800,3.6900,1169000,4310768.0000,3
2025-06-11,20250611132000000,sz.002418,3.6900,3.7000,3.6800,3.6800,570500,2104384.0000,3
2025-06-11,20250611132500000,sz.002418,3.6800,3.6900,3.6800,3.6900,488900,1801104.0000,3
2025-06-11,20250611133000000,sz.002418,3.6800,3.7000,3.6800,3.6900,714800,2637264.0000,3
2025-06-11,20250611133500000,sz.002418,3.7000,3.7100,3.6900,3.7100,1750400,6475120.0000,3
2025-06-11,20250611134000000,sz.002418,3.7000,3.7200,3.7000,3.7000,1916600,7106032.0000,3
2025-06-11,20250611134500000,sz.002418,3.7000,3.7100,3.7000,3.7100,413400,1531472.0000,3
2025-06-11,20250611135000000,sz.002418,3.7100,3.7100,3.6900,3.7100,1254300,4639680.0000,3
2025-06-11,20250611135500000,sz.002418,3.7000,3.7100,3.6900,3.7100,894600,3310784.0000,3
2025-06-11,20250611140000000,sz.002418,3.7100,3.7100,3.7000,3.7000,364600,1351216.0000,3
2025-06-11,20250611140500000,sz.002418,3.7000,3.7100,3.7000,3.7000,270800,1003328.0000,3
2025-06-11,20250611141000000,sz.002418,3.7000,3.7100,3.7000,3.7100,730500,2707120.0000,3
2025-06-11,20250611141500000,sz.002418,3.7000,3.7100,3.7000,3.7000,615100,2278176.0000,3
2025-06-11,20250611142000000,sz.002418,3.7100,3.7200,3.7000,3.7000,2606100,9668864.0000,3
2025-06-11,20250611142500000,sz.002418,3.7100,3.7100,3.7000,3.7100,1161900,4309168.0000,3
2025-06-11,20250611143000000,sz.002418,3.7100,3.7200,3.7100,3.7200,876400,3254992.0000,3
2025-06-11,20250611143500000,sz.002418,3.7200,3.7200,3.7100,3.7200,709400,2635888.0000,3
2025-06-11,20250611144000000,sz.002418,3.7200,3.7200,3.7100,3.7200,526600,1955888.0000,3
2025-06-11,20250611144500000,sz.002418,3.7100,3.7200,3.7100,3.7100,950300,3530464.0000,3
2025-06-11,20250611145000000,sz.002418,3.7100,3.7200,3.7100,3.7100,1468800,5455088.0000,3
2025-06-11,20250611145500000,sz.002418,3.7100,3.7200,3.7100,3.7100,3215500,11949152.0000,3
2025-06-11,20250611150000000,sz.002418,3.7200,3.7200,3.7100,3.7100,3944000,14645312.0000,3
2025-06-12,20250612093500000,sz.002418,3.7000,3.7000,3.6500,3.6700,4357100,15983450.0000,3
2025-06-12,20250612094000000,sz.002418,3.6800,3.6800,3.6600,3.6700,2519800,9237100.0000,3
2025-06-12,20250612094500000,sz.002418,3.6700,3.6900,3.6700,3.6800,1456700,5361870.0000,3
2025-06-12,20250612095000000,sz.002418,3.6900,3.6900,3.6600,3.6600,2939400,10776316.0000,3
2025-06-12,20250612095500000,sz.002418,3.6600,3.6700,3.6600,3.6600,2371800,8686396.0000,3
2025-06-12,20250612100000000,sz.002418,3.6600,3.6600,3.6400,3.6400,4246000,15476268.0000,3
2025-06-12,20250612100500000,sz.002418,3.6500,3.6700,3.6400,3.6500,3202200,11698992.0000,3
2025-06-12,20250612101000000,sz.002418,3.6600,3.6600,3.6500,3.6600,2138400,7817920.0000,3
2025-06-12,20250612101500000,sz.002418,3.6700,3.6700,3.6600,3.6700,696000,2550832.0000,3
2025-06-12,20250612102000000,sz.002418,3.6600,3.6700,3.6600,3.6700,1121800,4106736.0000,3
2025-06-12,20250612102500000,sz.002418,3.6700,3.6700,3.6600,3.6700,687600,2519432.0000,3
2025-06-12,20250612103000000,sz.002418,3.6600,3.6700,3.6500,3.6500,1131400,4139304.0000,3
2025-06-12,20250612103500000,sz.002418,3.6600,3.6700,3.6500,3.6600,978500,3581240.0000,3
2025-06-12,20250612104000000,sz.002418,3.6600,3.6700,3.6500,3.6600,1110900,4066280.0000,3
2025-06-12,20250612104500000,sz.002418,3.6700,3.6800,3.6600,3.6700,1074800,3945864.0000,3
2025-06-12,20250612105000000,sz.002418,3.6700,3.6800,3.6600,3.6700,611200,2243728.0000,3
2025-06-12,20250612105500000,sz.002418,3.6700,3.6800,3.6600,3.6700,481300,1766336.0000,3
2025-06-12,20250612110000000,sz.002418,3.6700,3.6800,3.6700,3.6700,440000,1616624.0000,3
2025-06-12,20250612110500000,sz.002418,3.6800,3.6800,3.6600,3.6700,1082000,3970800.0000,3
2025-06-12,20250612111000000,sz.002418,3.6700,3.6800,3.6700,3.6700,444500,1631528.0000,3
2025-06-12,20250612111500000,sz.002418,3.6800,3.6800,3.6700,3.6700,353400,1297536.0000,3
2025-06-12,20250612112000000,sz.002418,3.6700,3.6700,3.6600,3.6600,593200,2175448.0000,3
2025-06-12,20250612112500000,sz.002418,3.6600,3.6700,3.6600,3.6600,804500,2945456.0000,3
2025-06-12,20250612113000000,sz.002418,3.6700,3.6700,3.6600,3.6600,490200,1796608.0000,3
2025-06-12,20250612130500000,sz.002418,3.6600,3.6700,3.6500,3.6600,1397100,5110480.0000,3
2025-06-12,20250612131000000,sz.002418,3.6500,3.6500,3.6400,3.6500,2020300,7368016.0000,3
2025-06-12,20250612131500000,sz.002418,3.6400,3.6600,3.6400,3.6400,862500,3146400.0000,3
2025-06-12,20250612132000000,sz.002418,3.6400,3.6500,3.6400,3.6500,548900,1998720.0000,3
2025-06-12,20250612132500000,sz.002418,3.6400,3.6500,3.6400,3.6400,1367400,4978720.0000,3
2025-06-12,20250612133000000,sz.002418,3.6400,3.6400,3.6300,3.6400,984900,3578640.0000,3
2025-06-12,20250612133500000,sz.002418,3.6300,3.6400,3.6200,3.6300,2234300,8102336.0000,3
2025-06-12,20250612134000000,sz.002418,3.6300,3.6300,3.6200,3.6200,1261000,4568320.0000,3
2025-06-12,20250612134500000,sz.002418,3.6300,3.6300,3.6200,3.6200,1371100,4970336.0000,3
2025-06-12,20250612135000000,sz.002418,3.6200,3.6300,3.6200,3.6300,1319100,4775424.0000,3
2025-06-12,20250612135500000,sz.002418,3.6200,3.6300,3.6200,3.6200,744600,2699936.0000,3
2025-06-12,20250612140000000,sz.002418,3.6300,3.6300,3.6200,3.6200,898500,3253696.0000,3
2025-06-12,20250612140500000,sz.002418,3.6300,3.6300,3.6200,3.6200,1025100,3712208.0000,3
2025-06-12,20250612141000000,sz.002418,3.6200,3.6400,3.6200,3.6300,1711200,6209504.0000,3
2025-06-12,20250612141500000,sz.002418,3.6300,3.6400,3.6200,3.6300,613100,2225968.0000,3
2025-06-12,20250612142000000,sz.002418,3.6300,3.6400,3.6300,3.6400,910400,3307040.0000,3
2025-06-12,20250612142500000,sz.002418,3.6400,3.6400,3.6200,3.6200,1175300,4260128.0000,3
2025-06-12,20250612143000000,sz.002418,3.6300,3.6300,3.6200,3.6300,691900,2507696.0000,3
2025-06-12,20250612143500000,sz.002418,3.6300,3.6300,3.6200,3.6300,1007500,3648992.0000,3
2025-06-12,20250612144000000,sz.002418,3.6200,3.6300,3.6200,3.6300,1539900,5575648.0000,3
2025-06-12,20250612144500000,sz.002418,3.6300,3.6400,3.6200,3.6300,2769000,10055136.0000,3
2025-06-12,20250612145000000,sz.002418,3.6400,3.6400,3.6200,3.6200,1993000,7237344.0000,3
2025-06-12,20250612145500000,sz.002418,3.6300,3.6400,3.6200,3.6200,1996200,7245328.0000,3
2025-06-12,20250612150000000,sz.002418,3.6200,3.6400,3.6200,3.6300,1921500,6972272.0000,3
2025-06-13,20250613093500000,sz.002418,3.6300,3.6300,3.5800,3.5800,5127300,18465978.0000,3
2025-06-13,20250613094000000,sz.002418,3.5800,3.5900,3.5700,3.5800,2873300,10276898.0000,3
2025-06-13,20250613094500000,sz.002418,3.5800,3.5800,3.5600,3.5600,3551600,12657476.0000,3
2025-06-13,20250613095000000,sz.002418,3.5700,3.5700,3.5500,3.5500,2559600,9113492.0000,3
2025-06-13,20250613095500000,sz.002418,3.5500,3.5500,3.5300,3.5400,3826200,13547956.0000,3
2025-06-13,20250613100000000,sz.002418,3.5500,3.5500,3.5200,3.5200,1819300,6431456.0000,3
2025-06-13,20250613100500000,sz.002418,3.5300,3.5400,3.5200,3.5300,3114600,10982896.0000,3
2025-06-13,20250613101000000,sz.002418,3.5300,3.5400,3.5200,3.5300,2448400,8630272.0000,3
2025-06-13,20250613101500000,sz.002418,3.5300,3.5400,3.5300,3.5400,974700,3444232.0000,3
2025-06-13,20250613102000000,sz.002418,3.5400,3.5400,3.5300,3.5300,784200,2772296.0000,3
2025-06-13,20250613102500000,sz.002418,3.5400,3.5400,3.5100,3.5200,2858700,10063312.0000,3
2025-06-13,20250613103000000,sz.002418,3.5200,3.5200,3.5100,3.5200,1750200,6150352.0000,3
2025-06-13,20250613103500000,sz.002418,3.5100,3.5300,3.5100,3.5300,1416800,4992928.0000,3
2025-06-13,20250613104000000,sz.002418,3.5300,3.5300,3.5100,3.5100,887200,3120376.0000,3
2025-06-13,20250613104500000,sz.002418,3.5200,3.5200,3.5100,3.5200,667600,2344192.0000,3
2025-06-13,20250613105000000,sz.002418,3.5100,3.5200,3.4900,3.5000,3536500,12368800.0000,3
2025-06-13,20250613105500000,sz.002418,3.4900,3.5100,3.4900,3.5100,1878000,6572032.0000,3
2025-06-13,20250613110000000,sz.002418,3.5000,3.5100,3.4900,3.5000,1590000,5566224.0000,3
2025-06-13,20250613110500000,sz.002418,3.5000,3.5100,3.5000,3.5100,413400,1449440.0000,3
2025-06-13,20250613111000000,sz.002418,3.5000,3.5100,3.5000,3.5100,362900,1272096.0000,3
2025-06-13,20250613111500000,sz.002418,3.5100,3.5200,3.5000,3.5100,960000,3368416.0000,3
2025-06-13,20250613112000000,sz.002418,3.5000,3.5100,3.5000,3.5000,267600,937728.0000,3
2025-06-13,20250613112500000,sz.002418,3.5000,3.5100,3.4900,3.4900,732900,2564240.0000,3
2025-06-13,20250613113000000,sz.002418,3.4900,3.5100,3.4900,3.5100,629500,2202576.0000,3
2025-06-13,20250613130500000,sz.002418,3.5100,3.5100,3.4600,3.4700,3092100,10760480.0000,3
2025-06-13,20250613131000000,sz.002418,3.4700,3.4900,3.4600,3.4800,1094300,3800192.0000,3
2025-06-13,20250613131500000,sz.002418,3.4800,3.4800,3.4700,3.4700,462800,1608832.0000,3
2025-06-13,20250613132000000,sz.002418,3.4800,3.4800,3.4600,3.4700,1557900,5405696.0000,3
2025-06-13,20250613132500000,sz.002418,3.4800,3.4800,3.4700,3.4700,452900,1573072.0000,3
2025-06-13,20250613133000000,sz.002418,3.4700,3.4900,3.4700,3.4800,519100,1805824.0000,3
2025-06-13,20250613133500000,sz.002418,3.4900,3.4900,3.4800,3.4800,893200,3113824.0000,3
2025-06-13,20250613134000000,sz.002418,3.4900,3.4900,3.4800,3.4900,552900,1925104.0000,3
2025-06-13,20250613134500000,sz.002418,3.4800,3.4900,3.4700,3.4800,565800,1969376.0000,3
2025-06-13,20250613135000000,sz.002418,3.4800,3.4900,3.4800,3.4900,299300,1042016.0000,3
2025-06-13,20250613135500000,sz.002418,3.4800,3.5000,3.4800,3.4900,705300,2462576.0000,3
2025-06-13,20250613140000000,sz.002418,3.4900,3.5000,3.4800,3.4800,528700,1843680.0000,3
2025-06-13,20250613140500000,sz.002418,3.4900,3.5000,3.4800,3.4900,494600,1724944.0000,3
2025-06-13,20250613141000000,sz.002418,3.4900,3.5000,3.4900,3.4900,416500,1454352.0000,3
2025-06-13,20250613141500000,sz.002418,3.4900,3.4900,3.4800,3.4900,327600,1142064.0000,3
2025-06-13,20250613142000000,sz.002418,3.4900,3.4900,3.4800,3.4900,372100,1297824.0000,3
2025-06-13,20250613142500000,sz.002418,3.4900,3.4900,3.4800,3.4800,274900,957584.0000,3
2025-06-13,20250613143000000,sz.002418,3.4800,3.4900,3.4800,3.4900,515200,1796288.0000,3
2025-06-13,20250613143500000,sz.002418,3.4900,3.4900,3.4700,3.4800,970200,3376064.0000,3
2025-06-13,20250613144000000,sz.002418,3.4700,3.4800,3.4700,3.4800,904500,3142144.0000,3
2025-06-13,20250613144500000,sz.002418,3.4800,3.4800,3.4700,3.4800,987500,3430784.0000,3
2025-06-13,20250613145000000,sz.002418,3.4800,3.4800,3.4700,3.4700,1208300,4194880.0000,3
2025-06-13,20250613145500000,sz.002418,3.4700,3.4800,3.4600,3.4700,2250300,7817920.0000,3
2025-06-13,20250613150000000,sz.002418,3.4800,3.4800,3.4700,3.4700,1833100,6363632.0000,3
2025-06-16,20250616093500000,sz.002418,3.4400,3.4900,3.4400,3.4800,4433000,15353127.0000,3
2025-06-16,20250616094000000,sz.002418,3.4800,3.5000,3.4700,3.4900,1430800,4987573.0000,3
2025-06-16,20250616094500000,sz.002418,3.5000,3.5000,3.4800,3.4900,2041100,7126884.0000,3
2025-06-16,20250616095000000,sz.002418,3.4800,3.5000,3.4800,3.5000,1328700,4633832.0000,3
2025-06-16,20250616095500000,sz.002418,3.5000,3.5200,3.5000,3.5100,2496700,8761888.0000,3
2025-06-16,20250616100000000,sz.002418,3.5000,3.5100,3.5000,3.5100,563500,1976320.0000,3
2025-06-16,20250616100500000,sz.002418,3.5100,3.5100,3.5000,3.5000,304000,1065816.0000,3
2025-06-16,20250616101000000,sz.002418,3.5000,3.5100,3.5000,3.5000,751100,2631436.0000,3
2025-06-16,20250616101500000,sz.002418,3.5100,3.5100,3.4900,3.5000,1301200,4555140.0000,3
2025-06-16,20250616102000000,sz.002418,3.5000,3.5100,3.4900,3.5000,491600,1720228.0000,3
2025-06-16,20250616102500000,sz.002418,3.5000,3.5100,3.4900,3.5000,587600,2055964.0000,3
2025-06-16,20250616103000000,sz.002418,3.5000,3.5100,3.5000,3.5100,454800,1592800.0000,3
2025-06-16,20250616103500000,sz.002418,3.5100,3.5100,3.5000,3.5100,361900,1267272.0000,3
2025-06-16,20250616104000000,sz.002418,3.5100,3.5100,3.5000,3.5100,245400,859784.0000,3
2025-06-16,20250616104500000,sz.002418,3.5100,3.5100,3.5000,3.5000,209900,734928.0000,3
2025-06-16,20250616105000000,sz.002418,3.5100,3.5100,3.4900,3.5000,908800,3180596.0000,3
2025-06-16,20250616105500000,sz.002418,3.5000,3.5000,3.4900,3.5000,233800,816424.0000,3
2025-06-16,20250616110000000,sz.002418,3.5000,3.5000,3.4900,3.5000,302700,1057600.0000,3
2025-06-16,20250616110500000,sz.002418,3.5000,3.5000,3.4900,3.4900,689000,2405224.0000,3
2025-06-16,20250616111000000,sz.002418,3.5000,3.5000,3.4900,3.5000,477200,1666268.0000,3
2025-06-16,20250616111500000,sz.002418,3.5000,3.5000,3.4900,3.5000,247500,864200.0000,3
2025-06-16,20250616112000000,sz.002418,3.4900,3.5000,3.4800,3.4900,169300,590928.0000,3
2025-06-16,20250616112500000,sz.002418,3.4900,3.5000,3.4800,3.5000,413200,1442128.0000,3
2025-06-16,20250616113000000,sz.002418,3.5000,3.5000,3.4900,3.4900,267100,933288.0000,3
2025-06-16,20250616130500000,sz.002418,3.5000,3.5000,3.4900,3.5000,289200,1009808.0000,3
2025-06-16,20250616131000000,sz.002418,3.4900,3.5000,3.4800,3.4900,513700,1792808.0000,3
2025-06-16,20250616131500000,sz.002418,3.4800,3.5100,3.4800,3.5100,1193900,4176688.0000,3
2025-06-16,20250616132000000,sz.002418,3.5000,3.5100,3.4900,3.5000,1097600,3841232.0000,3
2025-06-16,20250616132500000,sz.002418,3.5000,3.5100,3.4900,3.5000,281100,984008.0000,3
2025-06-16,20250616133000000,sz.002418,3.5100,3.5100,3.5000,3.5100,35900,125728.0000,3
2025-06-16,20250616133500000,sz.002418,3.5100,3.5100,3.4900,3.5000,819900,2870152.0000,3
2025-06-16,20250616134000000,sz.002418,3.5000,3.5000,3.4900,3.5000,230900,807024.0000,3
2025-06-16,20250616134500000,sz.002418,3.5000,3.5100,3.4900,3.4900,773800,2708432.0000,3
2025-06-16,20250616135000000,sz.002418,3.5000,3.5100,3.4900,3.5100,258300,903888.0000,3
2025-06-16,20250616135500000,sz.002418,3.5000,3.5000,3.4900,3.4900,190700,667088.0000,3
2025-06-16,20250616140000000,sz.002418,3.4900,3.5000,3.4900,3.5000,194200,679048.0000,3
2025-06-16,20250616140500000,sz.002418,3.5000,3.5000,3.4900,3.5000,476300,1665136.0000,3
2025-06-16,20250616141000000,sz.002418,3.4900,3.5000,3.4900,3.4900,211200,738336.0000,3
2025-06-16,20250616141500000,sz.002418,3.4900,3.5000,3.4900,3.5000,231300,807560.0000,3
2025-06-16,20250616142000000,sz.002418,3.5000,3.5000,3.4900,3.5000,212600,743640.0000,3
2025-06-16,20250616142500000,sz.002418,3.4900,3.5000,3.4900,3.5000,205000,716912.0000,3
2025-06-16,20250616143000000,sz.002418,3.5000,3.5000,3.4900,3.4900,335300,1172200.0000,3
2025-06-16,20250616143500000,sz.002418,3.4900,3.5100,3.4900,3.5000,1635800,5725672.0000,3
2025-06-16,20250616144000000,sz.002418,3.5000,3.5100,3.5000,3.5000,349600,1224808.0000,3
2025-06-16,20250616144500000,sz.002418,3.5100,3.5100,3.5000,3.5100,619600,2169832.0000,3
2025-06-16,20250616145000000,sz.002418,3.5100,3.5100,3.4900,3.5000,1173300,4106288.0000,3
2025-06-16,20250616145500000,sz.002418,3.5000,3.5100,3.4900,3.5000,1895600,6627320.0000,3
2025-06-16,20250616150000000,sz.002418,3.5000,3.5000,3.4900,3.5000,1217300,4256600.0000,3
2025-06-17,20250617093500000,sz.002418,3.5000,3.5200,3.4600,3.4600,2529600,8800794.0000,3
2025-06-17,20250617094000000,sz.002418,3.4600,3.4700,3.4500,3.4600,2028800,7013420.0000,3
2025-06-17,20250617094500000,sz.002418,3.4500,3.4700,3.4500,3.4700,1298500,4493586.0000,3
2025-06-17,20250617095000000,sz.002418,3.4600,3.5000,3.4600,3.5000,1699100,5919844.0000,3
2025-06-17,20250617095500000,sz.002418,3.5000,3.5200,3.4900,3.5200,1308500,4593142.0000,3
2025-06-17,20250617100000000,sz.002418,3.5200,3.5200,3.5000,3.5000,959500,3369622.0000,3
2025-06-17,20250617100500000,sz.002418,3.5000,3.5100,3.4900,3.4900,1202800,4208316.0000,3
2025-06-17,20250617101000000,sz.002418,3.5000,3.5100,3.4900,3.5000,913100,3193300.0000,3
2025-06-17,20250617101500000,sz.002418,3.5000,3.5100,3.5000,3.5000,377700,1323768.0000,3
2025-06-17,20250617102000000,sz.002418,3.5000,3.5100,3.4900,3.4900,993800,3479648.0000,3
2025-06-17,20250617102500000,sz.002418,3.5000,3.5000,3.4900,3.4900,180600,630680.0000,3
2025-06-17,20250617103000000,sz.002418,3.5000,3.5000,3.4800,3.4900,771100,2689020.0000,3
2025-06-17,20250617103500000,sz.002418,3.4800,3.4900,3.4700,3.4900,836100,2908832.0000,3
2025-06-17,20250617104000000,sz.002418,3.4800,3.4900,3.4800,3.4900,249000,867308.0000,3
2025-06-17,20250617104500000,sz.002418,3.4900,3.5200,3.4800,3.5000,2586500,9064524.0000,3
2025-06-17,20250617105000000,sz.002418,3.5100,3.5100,3.4800,3.4800,825100,2884288.0000,3
2025-06-17,20250617105500000,sz.002418,3.4800,3.4900,3.4800,3.4900,216600,753968.0000,3
2025-06-17,20250617110000000,sz.002418,3.4900,3.4900,3.4800,3.4900,301100,1048404.0000,3
2025-06-17,20250617110500000,sz.002418,3.4800,3.4900,3.4800,3.4800,446800,1555408.0000,3
2025-06-17,20250617111000000,sz.002418,3.4800,3.4900,3.4700,3.4800,392300,1364656.0000,3
2025-06-17,20250617111500000,sz.002418,3.4800,3.4900,3.4700,3.4700,304300,1059640.0000,3
2025-06-17,20250617112000000,sz.002418,3.4700,3.5000,3.4700,3.4900,935500,3265992.0000,3
2025-06-17,20250617112500000,sz.002418,3.4900,3.5000,3.4900,3.4900,101700,355296.0000,3
2025-06-17,20250617113000000,sz.002418,3.5000,3.5000,3.4900,3.4900,152300,531904.0000,3
2025-06-17,20250617130500000,sz.002418,3.4900,3.5000,3.4800,3.4900,473000,1649584.0000,3
2025-06-17,20250617131000000,sz.002418,3.4900,3.4900,3.4700,3.4700,461200,1603944.0000,3
2025-06-17,20250617131500000,sz.002418,3.4700,3.4900,3.4700,3.4800,505500,1758728.0000,3
2025-06-17,20250617132000000,sz.002418,3.4800,3.4900,3.4700,3.4700,262600,913880.0000,3
2025-06-17,20250617132500000,sz.002418,3.4700,3.4800,3.4700,3.4800,197900,687864.0000,3
2025-06-17,20250617133000000,sz.002418,3.4700,3.4900,3.4700,3.4900,326400,1135296.0000,3
2025-06-17,20250617133500000,sz.002418,3.4800,3.5000,3.4800,3.4900,783300,2731576.0000,3
2025-06-17,20250617134000000,sz.002418,3.5000,3.5000,3.4900,3.4900,314800,1099328.0000,3
2025-06-17,20250617134500000,sz.002418,3.4900,3.5000,3.4800,3.5000,357500,1247256.0000,3
2025-06-17,20250617135000000,sz.002418,3.4900,3.4900,3.4800,3.4900,379300,1323728.0000,3
2025-06-17,20250617135500000,sz.002418,3.4900,3.4900,3.4800,3.4800,120500,419512.0000,3
2025-06-17,20250617140000000,sz.002418,3.4800,3.4900,3.4800,3.4800,320600,1117160.0000,3
2025-06-17,20250617140500000,sz.002418,3.4800,3.4900,3.4800,3.4900,788500,2744768.0000,3
2025-06-17,20250617141000000,sz.002418,3.4800,3.4900,3.4800,3.4800,237100,825792.0000,3
2025-06-17,20250617141500000,sz.002418,3.4800,3.4900,3.4800,3.4900,271100,944256.0000,3
2025-06-17,20250617142000000,sz.002418,3.4800,3.4900,3.4800,3.4800,450100,1566904.0000,3
2025-06-17,20250617142500000,sz.002418,3.4800,3.4900,3.4800,3.4800,468200,1630480.0000,3
2025-06-17,20250617143000000,sz.002418,3.4900,3.4900,3.4800,3.4900,177900,619872.0000,3
2025-06-17,20250617143500000,sz.002418,3.4900,3.5000,3.4800,3.5000,812600,2835680.0000,3
2025-06-17,20250617144000000,sz.002418,3.4900,3.5000,3.4900,3.4900,309500,1082216.0000,3
2025-06-17,20250617144500000,sz.002418,3.5000,3.5000,3.4900,3.5000,535600,1871592.0000,3
2025-06-17,20250617145000000,sz.002418,3.4900,3.5000,3.4900,3.5000,934500,3267424.0000,3
2025-06-17,20250617145500000,sz.002418,3.5000,3.5000,3.4900,3.4900,1394400,4871352.0000,3
2025-06-17,20250617150000000,sz.002418,3.4900,3.5100,3.4900,3.5000,1940300,6789656.0000,3
2025-06-18,20250618093500000,sz.002418,3.4900,3.4900,3.4300,3.4700,3843800,13276052.0000,3
2025-06-18,20250618094000000,sz.002418,3.4600,3.4800,3.4600,3.4600,818600,2841195.0000,3
2025-06-18,20250618094500000,sz.002418,3.4600,3.5700,3.4500,3.5300,11311500,39927113.0000,3
2025-06-18,20250618095000000,sz.002418,3.5400,3.5600,3.5300,3.5600,7096600,25156088.0000,3
2025-06-18,20250618095500000,sz.002418,3.5600,3.5800,3.5200,3.5200,5378700,19065904.0000,3
2025-06-18,20250618100000000,sz.002418,3.5300,3.5300,3.5100,3.5200,2219800,7822136.0000,3
2025-06-18,20250618100500000,sz.002418,3.5100,3.5100,3.4800,3.4900,4158400,14545680.0000,3
2025-06-18,20250618101000000,sz.002418,3.4900,3.4900,3.4800,3.4900,1435600,5003168.0000,3
2025-06-18,20250618101500000,sz.002418,3.4900,3.5500,3.4900,3.5200,3870800,13621288.0000,3
2025-06-18,20250618102000000,sz.002418,3.5200,3.5200,3.5000,3.5100,1447300,5080496.0000,3
2025-06-18,20250618102500000,sz.002418,3.5000,3.5000,3.4900,3.4900,881500,3082608.0000,3
2025-06-18,20250618103000000,sz.002418,3.5000,3.5000,3.4900,3.5000,949400,3321680.0000,3
2025-06-18,20250618103500000,sz.002418,3.4900,3.5100,3.4900,3.5100,826100,2894480.0000,3
2025-06-18,20250618104000000,sz.002418,3.5100,3.5100,3.5000,3.5000,1408100,4933088.0000,3
2025-06-18,20250618104500000,sz.002418,3.5000,3.5100,3.4900,3.4900,710400,2485280.0000,3
2025-06-18,20250618105000000,sz.002418,3.5000,3.5100,3.4900,3.5000,569300,1992320.0000,3
2025-06-18,20250618105500000,sz.002418,3.5000,3.5000,3.4900,3.5000,580200,2028848.0000,3
2025-06-18,20250618110000000,sz.002418,3.5000,3.5000,3.4900,3.5000,465800,1628544.0000,3
2025-06-18,20250618110500000,sz.002418,3.4900,3.5000,3.4800,3.4900,1610900,5621696.0000,3
2025-06-18,20250618111000000,sz.002418,3.4900,3.4900,3.4800,3.4900,230800,805264.0000,3
2025-06-18,20250618111500000,sz.002418,3.4900,3.5000,3.4800,3.5000,483000,1686576.0000,3
2025-06-18,20250618112000000,sz.002418,3.5000,3.5000,3.4900,3.5000,143100,500688.0000,3
2025-06-18,20250618112500000,sz.002418,3.5000,3.5000,3.4800,3.4900,1019400,3558208.0000,3
2025-06-18,20250618113000000,sz.002418,3.4800,3.5000,3.4800,3.4900,406400,1417936.0000,3
2025-06-18,20250618130500000,sz.002418,3.5000,3.5000,3.4700,3.4700,1912500,6658864.0000,3
2025-06-18,20250618131000000,sz.002418,3.4800,3.4900,3.4700,3.4800,807600,2810208.0000,3
2025-06-18,20250618131500000,sz.002418,3.4800,3.4900,3.4800,3.4900,338000,1177984.0000,3
2025-06-18,20250618132000000,sz.002418,3.4900,3.4900,3.4800,3.4900,162500,566848.0000,3
2025-06-18,20250618132500000,sz.002418,3.4900,3.4900,3.4800,3.4900,572800,1994160.0000,3
2025-06-18,20250618133000000,sz.002418,3.4900,3.5000,3.4800,3.5000,934900,3264384.0000,3
2025-06-18,20250618133500000,sz.002418,3.5000,3.5000,3.4800,3.5000,1226500,4286048.0000,3
2025-06-18,20250618134000000,sz.002418,3.5100,3.5100,3.4900,3.5000,631300,2209808.0000,3
2025-06-18,20250618134500000,sz.002418,3.5000,3.5100,3.5000,3.5100,352300,1235856.0000,3
2025-06-18,20250618135000000,sz.002418,3.5100,3.5100,3.5000,3.5000,357800,1255168.0000,3
2025-06-18,20250618135500000,sz.002418,3.5000,3.5100,3.4900,3.5000,1408900,4931728.0000,3
2025-06-18,20250618140000000,sz.002418,3.5000,3.5000,3.4900,3.5000,209300,731776.0000,3
2025-06-18,20250618140500000,sz.002418,3.5000,3.5000,3.4900,3.5000,1128800,3940320.0000,3
2025-06-18,20250618141000000,sz.002418,3.5000,3.5000,3.4900,3.4900,197600,690896.0000,3
2025-06-18,20250618141500000,sz.002418,3.5000,3.5100,3.4900,3.5100,472500,1653680.0000,3
2025-06-18,20250618142000000,sz.002418,3.5000,3.5100,3.5000,3.5000,169700,594672.0000,3
2025-06-18,20250618142500000,sz.002418,3.5000,3.5100,3.5000,3.5000,335700,1176448.0000,3
2025-06-18,20250618143000000,sz.002418,3.5000,3.5100,3.5000,3.5000,720900,2524208.0000,3
2025-06-18,20250618143500000,sz.002418,3.5000,3.5100,3.4900,3.5000,1553300,5434528.0000,3
2025-06-18,20250618144000000,sz.002418,3.5000,3.5000,3.4900,3.5000,478300,1672848.0000,3
2025-06-18,20250618144500000,sz.002418,3.4900,3.5000,3.4900,3.5000,1668100,5825056.0000,3
2025-06-18,20250618145000000,sz.002418,3.5000,3.5000,3.4900,3.5000,1812700,6341600.0000,3
2025-06-18,20250618145500000,sz.002418,3.5000,3.5100,3.4900,3.5000,2086600,7301232.0000,3
2025-06-18,20250618150000000,sz.002418,3.5000,3.5100,3.5000,3.5000,2561800,8973472.0000,3
2025-06-19,20250619093500000,sz.002418,3.5200,3.5500,3.4800,3.5500,4850500,17058444.0000,3
2025-06-19,20250619094000000,sz.002418,3.5400,3.5800,3.5300,3.5600,8540400,30460892.0000,3
2025-06-19,20250619094500000,sz.002418,3.5700,3.6000,3.5600,3.6000,6360600,22743672.0000,3
2025-06-19,20250619095000000,sz.002418,3.6000,3.6000,3.5600,3.5600,5332800,19102144.0000,3
2025-06-19,20250619095500000,sz.002418,3.5600,3.5700,3.5600,3.5700,1755200,6258720.0000,3
2025-06-19,20250619100000000,sz.002418,3.5700,3.5700,3.5300,3.5400,3654500,12977264.0000,3
2025-06-19,20250619100500000,sz.002418,3.5400,3.5400,3.5200,3.5400,3072900,10844136.0000,3
2025-06-19,20250619101000000,sz.002418,3.5400,3.5500,3.5300,3.5500,1277300,4521544.0000,3
2025-06-19,20250619101500000,sz.002418,3.5500,3.5500,3.5300,3.5300,1195700,4232368.0000,3
2025-06-19,20250619102000000,sz.002418,3.5400,3.5400,3.5300,3.5300,630300,2228168.0000,3
2025-06-19,20250619102500000,sz.002418,3.5400,3.5400,3.5200,3.5300,2256600,7965416.0000,3
2025-06-19,20250619103000000,sz.002418,3.5300,3.5300,3.5100,3.5100,2678400,9417872.0000,3
2025-06-19,20250619103500000,sz.002418,3.5100,3.5100,3.4900,3.4900,2446400,8560752.0000,3
2025-06-19,20250619104000000,sz.002418,3.4900,3.5000,3.4800,3.4900,2027800,7077456.0000,3
2025-06-19,20250619104500000,sz.002418,3.4900,3.4900,3.4700,3.4800,1917600,6672400.0000,3
2025-06-19,20250619105000000,sz.002418,3.4800,3.4800,3.4500,3.4500,2986100,10353264.0000,3
2025-06-19,20250619105500000,sz.002418,3.4600,3.4700,3.4500,3.4600,1290200,4463792.0000,3
2025-06-19,20250619110000000,sz.002418,3.4600,3.4700,3.4500,3.4500,970800,3355984.0000,3
2025-06-19,20250619110500000,sz.002418,3.4500,3.4600,3.4200,3.4300,3862900,13283072.0000,3
2025-06-19,20250619111000000,sz.002418,3.4400,3.4500,3.4400,3.4500,705800,2429520.0000,3
2025-06-19,20250619111500000,sz.002418,3.4500,3.4500,3.4300,3.4400,813300,2799056.0000,3
2025-06-19,20250619112000000,sz.002418,3.4300,3.4400,3.4200,3.4200,1285900,4410016.0000,3
2025-06-19,20250619112500000,sz.002418,3.4300,3.4300,3.4200,3.4200,1227600,4199408.0000,3
2025-06-19,20250619113000000,sz.002418,3.4200,3.4300,3.4100,3.4100,1027100,3508240.0000,3
2025-06-19,20250619130500000,sz.002418,3.4100,3.4200,3.4000,3.4100,1400500,4777392.0000,3
2025-06-19,20250619131000000,sz.002418,3.4100,3.4200,3.4100,3.4200,543200,1855952.0000,3
2025-06-19,20250619131500000,sz.002418,3.4100,3.4300,3.4100,3.4300,667600,2283040.0000,3
2025-06-19,20250619132000000,sz.002418,3.4200,3.4300,3.4200,3.4200,864700,2962800.0000,3
2025-06-19,20250619132500000,sz.002418,3.4300,3.4300,3.4200,3.4200,938600,3211600.0000,3
2025-06-19,20250619133000000,sz.002418,3.4200,3.4300,3.4100,3.4300,449600,1535904.0000,3
2025-06-19,20250619133500000,sz.002418,3.4200,3.4400,3.4200,3.4300,438500,1502816.0000,3
2025-06-19,20250619134000000,sz.002418,3.4400,3.4400,3.4200,3.4300,528200,1810512.0000,3
2025-06-19,20250619134500000,sz.002418,3.4200,3.4300,3.4100,3.4100,939200,3211584.0000,3
2025-06-19,20250619135000000,sz.002418,3.4100,3.4200,3.4100,3.4200,421700,1440928.0000,3
2025-06-19,20250619135500000,sz.002418,3.4200,3.4200,3.4100,3.4100,296700,1012640.0000,3
2025-06-19,20250619140000000,sz.002418,3.4100,3.4200,3.4100,3.4100,597100,2036288.0000,3
2025-06-19,20250619140500000,sz.002418,3.4200,3.4200,3.4000,3.4000,2333300,7943456.0000,3
2025-06-19,20250619141000000,sz.002418,3.4100,3.4100,3.3900,3.4100,1905700,6478384.0000,3
2025-06-19,20250619141500000,sz.002418,3.4100,3.4200,3.4000,3.4100,936100,3192960.0000,3
2025-06-19,20250619142000000,sz.002418,3.4100,3.4200,3.3900,3.4000,1595000,5425680.0000,3
2025-06-19,20250619142500000,sz.002418,3.4000,3.4000,3.3900,3.3900,1051500,3566528.0000,3
2025-06-19,20250619143000000,sz.002418,3.3900,3.4000,3.3900,3.3900,713100,2419392.0000,3
2025-06-19,20250619143500000,sz.002418,3.4000,3.4000,3.3900,3.3900,966900,3278976.0000,3
2025-06-19,20250619144000000,sz.002418,3.3900,3.3900,3.3800,3.3800,997200,3374848.0000,3
2025-06-19,20250619144500000,sz.002418,3.3900,3.3900,3.3800,3.3900,714700,2420000.0000,3
2025-06-19,20250619145000000,sz.002418,3.3800,3.4000,3.3800,3.4000,1633200,5531808.0000,3
2025-06-19,20250619145500000,sz.002418,3.4000,3.4000,3.3900,3.4000,1608700,5457344.0000,3
2025-06-19,20250619150000000,sz.002418,3.3900,3.4000,3.3900,3.3900,1061200,3599552.0000,3
2025-06-20,20250620093500000,sz.002418,3.4100,3.4300,3.3800,3.4000,4074800,13861000.0000,3
2025-06-20,20250620094000000,sz.002418,3.4100,3.4200,3.4000,3.4200,1370100,4672504.0000,3
2025-06-20,20250620094500000,sz.002418,3.4100,3.4200,3.3800,3.3800,1915700,6511096.0000,3
2025-06-20,20250620095000000,sz.002418,3.3800,3.4000,3.3800,3.3800,2070300,7008464.0000,3
2025-06-20,20250620095500000,sz.002418,3.3800,3.3800,3.3400,3.3500,4198400,14101552.0000,3
2025-06-20,20250620100000000,sz.002418,3.3500,3.3700,3.3500,3.3600,1821200,6117032.0000,3
2025-06-20,20250620100500000,sz.002418,3.3700,3.3800,3.3600,3.3600,1062000,3576048.0000,3
2025-06-20,20250620101000000,sz.002418,3.3600,3.3700,3.3500,3.3500,1909600,6412472.0000,3
2025-06-20,20250620101500000,sz.002418,3.3600,3.3600,3.3300,3.3400,2620300,8755888.0000,3
2025-06-20,20250620102000000,sz.002418,3.3400,3.3600,3.3300,3.3600,2914500,9735408.0000,3
2025-06-20,20250620102500000,sz.002418,3.3500,3.4500,3.3400,3.4400,5671600,19249440.0000,3
2025-06-20,20250620103000000,sz.002418,3.4400,3.4900,3.4200,3.4300,8442600,29177968.0000,3
2025-06-20,20250620103500000,sz.002418,3.4400,3.4400,3.4200,3.4300,1815100,6228632.0000,3
2025-06-20,20250620104000000,sz.002418,3.4300,3.4300,3.4200,3.4200,1459400,4998256.0000,3
2025-06-20,20250620104500000,sz.002418,3.4200,3.4400,3.4200,3.4400,990800,3397888.0000,3
2025-06-20,20250620105000000,sz.002418,3.4300,3.4400,3.4200,3.4300,594300,2039568.0000,3
2025-06-20,20250620105500000,sz.002418,3.4300,3.4300,3.4200,3.4300,370300,1268544.0000,3
2025-06-20,20250620110000000,sz.002418,3.4300,3.4300,3.4200,3.4200,418600,1434160.0000,3
2025-06-20,20250620110500000,sz.002418,3.4200,3.4300,3.4100,3.4100,621500,2124976.0000,3
2025-06-20,20250620111000000,sz.002418,3.4100,3.4200,3.4000,3.4100,649800,2213376.0000,3
2025-06-20,20250620111500000,sz.002418,3.4000,3.4100,3.4000,3.4000,523700,1784960.0000,3
2025-06-20,20250620112000000,sz.002418,3.4100,3.4100,3.4000,3.4000,290000,988512.0000,3
2025-06-20,20250620112500000,sz.002418,3.4000,3.4100,3.4000,3.4000,258200,879888.0000,3
2025-06-20,20250620113000000,sz.002418,3.4000,3.4000,3.3900,3.4000,603900,2052704.0000,3
2025-06-20,20250620130500000,sz.002418,3.4000,3.4000,3.3800,3.3800,752500,2552112.0000,3
2025-06-20,20250620131000000,sz.002418,3.3900,3.4000,3.3800,3.4000,759700,2578208.0000,3
2025-06-20,20250620131500000,sz.002418,3.4000,3.4000,3.3900,3.4000,225400,765680.0000,3
2025-06-20,20250620132000000,sz.002418,3.4000,3.4100,3.3900,3.4100,487800,1659264.0000,3
2025-06-20,20250620132500000,sz.002418,3.4100,3.4100,3.3900,3.4000,364800,1240560.0000,3
2025-06-20,20250620133000000,sz.002418,3.4000,3.4000,3.3900,3.3900,218700,742784.0000,3
2025-06-20,20250620133500000,sz.002418,3.3900,3.4000,3.3900,3.3900,248800,843968.0000,3
2025-06-20,20250620134000000,sz.002418,3.3900,3.4000,3.3800,3.3900,510900,1731728.0000,3
2025-06-20,20250620134500000,sz.002418,3.3900,3.3900,3.3800,3.3900,212500,719648.0000,3
2025-06-20,20250620135000000,sz.002418,3.3900,3.3900,3.3800,3.3900,180700,612384.0000,3
2025-06-20,20250620135500000,sz.002418,3.3900,3.3900,3.3800,3.3800,270000,913344.0000,3
2025-06-20,20250620140000000,sz.002418,3.3900,3.3900,3.3700,3.3700,796400,2691520.0000,3
2025-06-20,20250620140500000,sz.002418,3.3800,3.3800,3.3700,3.3700,593400,2000528.0000,3
2025-06-20,20250620141000000,sz.002418,3.3700,3.3700,3.3600,3.3600,515700,1735632.0000,3
2025-06-20,20250620141500000,sz.002418,3.3700,3.3700,3.3600,3.3600,374700,1260928.0000,3
2025-06-20,20250620142000000,sz.002418,3.3700,3.3700,3.3600,3.3700,925600,3116944.0000,3
2025-06-20,20250620142500000,sz.002418,3.3700,3.3800,3.3600,3.3600,689900,2325216.0000,3
2025-06-20,20250620143000000,sz.002418,3.3600,3.3700,3.3600,3.3700,515700,1734288.0000,3
2025-06-20,20250620143500000,sz.002418,3.3700,3.3700,3.3500,3.3500,1262400,4242640.0000,3
2025-06-20,20250620144000000,sz.002418,3.3500,3.3700,3.3500,3.3600,769300,2585312.0000,3
2025-06-20,20250620144500000,sz.002418,3.3700,3.3700,3.3500,3.3600,807900,2713184.0000,3
2025-06-20,20250620145000000,sz.002418,3.3500,3.3600,3.3500,3.3600,726500,2438320.0000,3
2025-06-20,20250620145500000,sz.002418,3.3600,3.3600,3.3500,3.3600,1796800,6029792.0000,3
2025-06-20,20250620150000000,sz.002418,3.3600,3.3700,3.3500,3.3600,1093600,3674384.0000,3
2025-06-23,20250623093500000,sz.002418,3.3000,3.3300,3.2700,3.3000,7904800,26055220.0000,3
2025-06-23,20250623094000000,sz.002418,3.3000,3.3300,3.3000,3.3200,2037300,6743176.0000,3
2025-06-23,20250623094500000,sz.002418,3.3200,3.3500,3.3200,3.3400,1466900,4886480.0000,3
2025-06-23,20250623095000000,sz.002418,3.3300,3.3500,3.3300,3.3300,2188500,7309508.0000,3
2025-06-23,20250623095500000,sz.002418,3.3300,3.3600,3.3300,3.3600,1813300,6073080.0000,3
2025-06-23,20250623100000000,sz.002418,3.3600,3.3700,3.3500,3.3700,1168500,3931772.0000,3
2025-06-23,20250623100500000,sz.002418,3.3600,3.3700,3.3600,3.3600,351400,1181928.0000,3
2025-06-23,20250623101000000,sz.002418,3.3700,3.3700,3.3500,3.3500,1078100,3622172.0000,3
2025-06-23,20250623101500000,sz.002418,3.3600,3.3700,3.3500,3.3600,1781700,5985032.0000,3
2025-06-23,20250623102000000,sz.002418,3.3600,3.3700,3.3500,3.3500,713000,2395992.0000,3
2025-06-23,20250623102500000,sz.002418,3.3500,3.3700,3.3500,3.3700,593100,1993480.0000,3
2025-06-23,20250623103000000,sz.002418,3.3700,3.3700,3.3600,3.3600,439500,1479200.0000,3
2025-06-23,20250623103500000,sz.002418,3.3600,3.3800,3.3600,3.3700,1715800,5789040.0000,3
2025-06-23,20250623104000000,sz.002418,3.3800,3.3800,3.3700,3.3800,449700,1519576.0000,3
2025-06-23,20250623104500000,sz.002418,3.3800,3.3800,3.3700,3.3700,678700,2293376.0000,3
2025-06-23,20250623105000000,sz.002418,3.3800,3.3800,3.3700,3.3700,201900,680880.0000,3
2025-06-23,20250623105500000,sz.002418,3.3700,3.3800,3.3600,3.3700,983500,3313336.0000,3
2025-06-23,20250623110000000,sz.002418,3.3600,3.3700,3.3600,3.3700,224300,754776.0000,3
2025-06-23,20250623110500000,sz.002418,3.3700,3.3700,3.3600,3.3700,708300,2385392.0000,3
2025-06-23,20250623111000000,sz.002418,3.3700,3.3800,3.3600,3.3700,585100,1971176.0000,3
2025-06-23,20250623111500000,sz.002418,3.3700,3.3800,3.3700,3.3700,194100,654424.0000,3
2025-06-23,20250623112000000,sz.002418,3.3700,3.3800,3.3700,3.3800,131700,444536.0000,3
2025-06-23,20250623112500000,sz.002418,3.3700,3.3800,3.3700,3.3700,113600,383344.0000,3
2025-06-23,20250623113000000,sz.002418,3.3800,3.3800,3.3700,3.3700,253400,855288.0000,3
2025-06-23,20250623130500000,sz.002418,3.3700,3.3800,3.3600,3.3800,1170400,3944032.0000,3
2025-06-23,20250623131000000,sz.002418,3.3700,3.3800,3.3700,3.3800,230100,776424.0000,3
2025-06-23,20250623131500000,sz.002418,3.3700,3.3800,3.3600,3.3700,784300,2642744.0000,3
2025-06-23,20250623132000000,sz.002418,3.3600,3.3800,3.3600,3.3700,480000,1617576.0000,3
2025-06-23,20250623132500000,sz.002418,3.3700,3.3800,3.3700,3.3800,150300,506976.0000,3
2025-06-23,20250623133000000,sz.002418,3.3700,3.3900,3.3700,3.3900,1920000,6490960.0000,3
2025-06-23,20250623133500000,sz.002418,3.3900,3.3900,3.3800,3.3800,819400,2777008.0000,3
2025-06-23,20250623134000000,sz.002418,3.3800,3.3900,3.3800,3.3900,113200,383040.0000,3
2025-06-23,20250623134500000,sz.002418,3.3900,3.4000,3.3800,3.4000,649600,2202336.0000,3
2025-06-23,20250623135000000,sz.002418,3.4000,3.4000,3.3900,3.4000,184100,625280.0000,3
2025-06-23,20250623135500000,sz.002418,3.3900,3.4000,3.3900,3.4000,442200,1500112.0000,3
2025-06-23,20250623140000000,sz.002418,3.3900,3.4000,3.3900,3.3900,161700,548520.0000,3
2025-06-23,20250623140500000,sz.002418,3.3900,3.4100,3.3900,3.4000,2869900,9757056.0000,3
2025-06-23,20250623141000000,sz.002418,3.3900,3.4000,3.3900,3.3900,399400,1355880.0000,3
2025-06-23,20250623141500000,sz.002418,3.4000,3.4000,3.3900,3.3900,428300,1452760.0000,3
2025-06-23,20250623142000000,sz.002418,3.4000,3.4000,3.3900,3.4000,298800,1015336.0000,3
2025-06-23,20250623142500000,sz.002418,3.4000,3.4000,3.3900,3.4000,467800,1587624.0000,3
2025-06-23,20250623143000000,sz.002418,3.4000,3.4000,3.3900,3.3900,355700,1207720.0000,3
2025-06-23,20250623143500000,sz.002418,3.3900,3.4100,3.3900,3.4000,1761200,5987584.0000,3
2025-06-23,20250623144000000,sz.002418,3.4000,3.4000,3.3900,3.4000,301000,1022512.0000,3
2025-06-23,20250623144500000,sz.002418,3.4000,3.4100,3.4000,3.4100,969400,3297200.0000,3
2025-06-23,20250623145000000,sz.002418,3.4000,3.4100,3.3900,3.4000,2046300,6955920.0000,3
2025-06-23,20250623145500000,sz.002418,3.4000,3.4100,3.3900,3.4000,1117200,3801808.0000,3
2025-06-23,20250623150000000,sz.002418,3.4000,3.4100,3.4000,3.4000,805800,2742960.0000,3
2025-06-24,20250624093500000,sz.002418,3.4200,3.4700,3.4200,3.4600,5043700,17410030.0000,3
2025-06-24,20250624094000000,sz.002418,3.4600,3.4700,3.4500,3.4600,3188400,11043118.0000,3
2025-06-24,20250624094500000,sz.002418,3.4600,3.4700,3.4600,3.4700,1408400,4880636.0000,3
2025-06-24,20250624095000000,sz.002418,3.4700,3.4900,3.4600,3.4700,3425100,11913700.0000,3
2025-06-24,20250624095500000,sz.002418,3.4700,3.4800,3.4700,3.4700,1362400,4733584.0000,3
2025-06-24,20250624100000000,sz.002418,3.4700,3.4900,3.4700,3.4900,1581600,5505980.0000,3
2025-06-24,20250624100500000,sz.002418,3.4800,3.4900,3.4800,3.4800,699200,2435560.0000,3
2025-06-24,20250624101000000,sz.002418,3.4900,3.4900,3.4800,3.4800,1646100,5729048.0000,3
2025-06-24,20250624101500000,sz.002418,3.4900,3.5000,3.4800,3.5000,1917200,6694104.0000,3
2025-06-24,20250624102000000,sz.002418,3.5000,3.5100,3.4900,3.4900,2527000,8843520.0000,3
2025-06-24,20250624102500000,sz.002418,3.4900,3.5000,3.4900,3.4900,1072000,3746032.0000,3
2025-06-24,20250624103000000,sz.002418,3.4900,3.5000,3.4800,3.4900,882600,3080776.0000,3
2025-06-24,20250624103500000,sz.002418,3.4900,3.5000,3.4900,3.5000,403900,1411608.0000,3
2025-06-24,20250624104000000,sz.002418,3.5000,3.5100,3.4900,3.5000,1665100,5826560.0000,3
2025-06-24,20250624104500000,sz.002418,3.4900,3.5100,3.4900,3.5000,892900,3124904.0000,3
2025-06-24,20250624105000000,sz.002418,3.5000,3.5000,3.4900,3.4900,208200,727680.0000,3
2025-06-24,20250624105500000,sz.002418,3.4900,3.5000,3.4900,3.4900,156600,546976.0000,3
2025-06-24,20250624110000000,sz.002418,3.5000,3.5000,3.4800,3.4900,1257700,4387176.0000,3
2025-06-24,20250624110500000,sz.002418,3.4900,3.4900,3.4800,3.4900,493600,1718152.0000,3
2025-06-24,20250624111000000,sz.002418,3.4800,3.5000,3.4800,3.5000,1079500,3766568.0000,3
2025-06-24,20250624111500000,sz.002418,3.4900,3.5000,3.4900,3.4900,281200,983296.0000,3
2025-06-24,20250624112000000,sz.002418,3.5000,3.5200,3.4900,3.5000,5393800,18923864.0000,3
2025-06-24,20250624112500000,sz.002418,3.5000,3.5100,3.4900,3.5000,612700,2145552.0000,3
2025-06-24,20250624113000000,sz.002418,3.5000,3.5200,3.5000,3.5100,872900,3063376.0000,3
2025-06-24,20250624130500000,sz.002418,3.5100,3.5100,3.5000,3.5100,590500,2071624.0000,3
2025-06-24,20250624131000000,sz.002418,3.5100,3.5100,3.5000,3.5100,272200,954736.0000,3
2025-06-24,20250624131500000,sz.002418,3.5100,3.5100,3.5000,3.5000,522200,1832224.0000,3
2025-06-24,20250624132000000,sz.002418,3.5100,3.5200,3.5100,3.5100,700600,2461584.0000,3
2025-06-24,20250624132500000,sz.002418,3.5100,3.5200,3.5000,3.5000,510600,1791760.0000,3
2025-06-24,20250624133000000,sz.002418,3.5000,3.5100,3.5000,3.5100,281600,986720.0000,3
2025-06-24,20250624133500000,sz.002418,3.5000,3.5300,3.5000,3.5100,2297900,8079840.0000,3
2025-06-24,20250624134000000,sz.002418,3.5200,3.5300,3.5100,3.5200,634800,2234512.0000,3
2025-06-24,20250624134500000,sz.002418,3.5300,3.5300,3.5100,3.5200,994300,3499168.0000,3
2025-06-24,20250624135000000,sz.002418,3.5200,3.5300,3.5100,3.5200,859400,3026480.0000,3
2025-06-24,20250624135500000,sz.002418,3.5300,3.5300,3.5200,3.5200,253200,893024.0000,3
2025-06-24,20250624140000000,sz.002418,3.5300,3.5300,3.5200,3.5300,269200,949392.0000,3
2025-06-24,20250624140500000,sz.002418,3.5300,3.5300,3.5100,3.5100,1050500,3696992.0000,3
2025-06-24,20250624141000000,sz.002418,3.5200,3.5200,3.5100,3.5200,975000,3426144.0000,3
2025-06-24,20250624141500000,sz.002418,3.5200,3.5300,3.5100,3.5200,1682100,5921776.0000,3
2025-06-24,20250624142000000,sz.002418,3.5300,3.5300,3.5200,3.5300,505100,1781360.0000,3
2025-06-24,20250624142500000,sz.002418,3.5300,3.5300,3.5200,3.5300,1139100,4019872.0000,3
2025-06-24,20250624143000000,sz.002418,3.5300,3.5400,3.5200,3.5300,1406100,4964784.0000,3
2025-06-24,20250624143500000,sz.002418,3.5400,3.5400,3.5300,3.5300,405200,1431808.0000,3
2025-06-24,20250624144000000,sz.002418,3.5400,3.5400,3.5300,3.5400,1011000,3574352.0000,3
2025-06-24,20250624144500000,sz.002418,3.5400,3.5400,3.5300,3.5400,1051000,3715088.0000,3
2025-06-24,20250624145000000,sz.002418,3.5400,3.5400,3.5300,3.5300,2426100,8579936.0000,3
2025-06-24,20250624145500000,sz.002418,3.5400,3.5400,3.5300,3.5400,2358000,8334704.0000,3
2025-06-24,20250624150000000,sz.002418,3.5300,3.5400,3.5300,3.5300,2014300,7116752.0000,3
2025-06-25,20250625093500000,sz.002418,3.5600,3.5700,3.5200,3.5500,4603000,16324473.0000,3
2025-06-25,20250625094000000,sz.002418,3.5500,3.5500,3.5300,3.5400,2301200,8144903.0000,3
2025-06-25,20250625094500000,sz.002418,3.5400,3.5600,3.5400,3.5400,1895300,6733410.0000,3
2025-06-25,20250625095000000,sz.002418,3.5500,3.5800,3.5400,3.5700,2214400,7901222.0000,3
2025-06-25,20250625095500000,sz.002418,3.5700,3.5800,3.5700,3.5800,1751700,6259136.0000,3
2025-06-25,20250625100000000,sz.002418,3.5800,3.5800,3.5600,3.5600,754400,2693376.0000,3
2025-06-25,20250625100500000,sz.002418,3.5700,3.5700,3.5600,3.5600,1011600,3602240.0000,3
2025-06-25,20250625101000000,sz.002418,3.5600,3.5700,3.5500,3.5500,1087300,3866088.0000,3
2025-06-25,20250625101500000,sz.002418,3.5500,3.5700,3.5500,3.5500,2008300,7150160.0000,3
2025-06-25,20250625102000000,sz.002418,3.5600,3.5600,3.5400,3.5500,1306400,4638488.0000,3
2025-06-25,20250625102500000,sz.002418,3.5500,3.5500,3.5300,3.5300,1288300,4556216.0000,3
2025-06-25,20250625103000000,sz.002418,3.5400,3.5400,3.5100,3.5100,1808300,6373680.0000,3
2025-06-25,20250625103500000,sz.002418,3.5300,3.5400,3.5200,3.5300,1000900,3531376.0000,3
2025-06-25,20250625104000000,sz.002418,3.5300,3.5400,3.5200,3.5200,770200,2718832.0000,3
2025-06-25,20250625104500000,sz.002418,3.5300,3.5300,3.5200,3.5300,589300,2074640.0000,3
2025-06-25,20250625105000000,sz.002418,3.5300,3.5300,3.5100,3.5100,845300,2972464.0000,3
2025-06-25,20250625105500000,sz.002418,3.5100,3.5300,3.5100,3.5200,810900,2853184.0000,3
2025-06-25,20250625110000000,sz.002418,3.5300,3.5400,3.5200,3.5300,1106200,3903968.0000,3
2025-06-25,20250625110500000,sz.002418,3.5400,3.5400,3.5200,3.5400,877400,3095888.0000,3
2025-06-25,20250625111000000,sz.002418,3.5300,3.5400,3.5200,3.5300,310400,1094912.0000,3
2025-06-25,20250625111500000,sz.002418,3.5300,3.5300,3.5200,3.5200,1604500,5648840.0000,3
2025-06-25,20250625112000000,sz.002418,3.5200,3.5400,3.5200,3.5300,779300,2748736.0000,3
2025-06-25,20250625112500000,sz.002418,3.5400,3.5400,3.5300,3.5400,193100,681872.0000,3
2025-06-25,20250625113000000,sz.002418,3.5300,3.5400,3.5300,3.5300,553500,1956928.0000,3
2025-06-25,20250625130500000,sz.002418,3.5400,3.5400,3.5200,3.5300,996700,3518976.0000,3
2025-06-25,20250625131000000,sz.002418,3.5200,3.5300,3.5200,3.5200,614900,2164920.0000,3
2025-06-25,20250625131500000,sz.002418,3.5300,3.5300,3.5200,3.5300,315800,1113344.0000,3
2025-06-25,20250625132000000,sz.002418,3.5300,3.5400,3.5200,3.5400,715000,2524024.0000,3
2025-06-25,20250625132500000,sz.002418,3.5300,3.5400,3.5300,3.5300,293900,1038088.0000,3
2025-06-25,20250625133000000,sz.002418,3.5300,3.5400,3.5300,3.5400,806600,2848096.0000,3
2025-06-25,20250625133500000,sz.002418,3.5300,3.5400,3.5300,3.5300,437300,1543744.0000,3
2025-06-25,20250625134000000,sz.002418,3.5300,3.5400,3.5200,3.5300,403600,1424104.0000,3
2025-06-25,20250625134500000,sz.002418,3.5200,3.5300,3.5200,3.5300,376100,1326488.0000,3
2025-06-25,20250625135000000,sz.002418,3.5300,3.5300,3.5200,3.5300,625100,2205288.0000,3
2025-06-25,20250625135500000,sz.002418,3.5200,3.5400,3.5200,3.5300,1031100,3638840.0000,3
2025-06-25,20250625140000000,sz.002418,3.5400,3.5400,3.5300,3.5400,410000,1449824.0000,3
2025-06-25,20250625140500000,sz.002418,3.5400,3.5400,3.5300,3.5300,286300,1011344.0000,3
2025-06-25,20250625141000000,sz.002418,3.5300,3.5400,3.5300,3.5400,307000,1084992.0000,3
2025-06-25,20250625141500000,sz.002418,3.5300,3.5400,3.5300,3.5400,553700,1956432.0000,3
2025-06-25,20250625142000000,sz.002418,3.5400,3.5500,3.5300,3.5500,1368900,4845856.0000,3
2025-06-25,20250625142500000,sz.002418,3.5400,3.5500,3.5400,3.5500,850900,3014880.0000,3
2025-06-25,20250625143000000,sz.002418,3.5500,3.5500,3.5400,3.5500,719400,2548000.0000,3
2025-06-25,20250625143500000,sz.002418,3.5400,3.5500,3.5300,3.5500,733000,2595136.0000,3
2025-06-25,20250625144000000,sz.002418,3.5400,3.5500,3.5400,3.5400,675500,2392288.0000,3
2025-06-25,20250625144500000,sz.002418,3.5400,3.5500,3.5400,3.5400,849200,3008128.0000,3
2025-06-25,20250625145000000,sz.002418,3.5400,3.5500,3.5400,3.5400,1050400,3724976.0000,3
2025-06-25,20250625145500000,sz.002418,3.5400,3.5500,3.5400,3.5400,1967400,6980544.0000,3
2025-06-25,20250625150000000,sz.002418,3.5500,3.5600,3.5400,3.5600,1961200,6973776.0000,3
2025-06-26,20250626093500000,sz.002418,3.5500,3.6000,3.5500,3.5700,4640000,16585890.0000,3
2025-06-26,20250626094000000,sz.002418,3.5600,3.5700,3.5500,3.5700,2547900,9067862.0000,3
2025-06-26,20250626094500000,sz.002418,3.5700,3.5700,3.5400,3.5400,1631700,5796260.0000,3
2025-06-26,20250626095000000,sz.002418,3.5400,3.5700,3.5400,3.5700,2668800,9477460.0000,3
2025-06-26,20250626095500000,sz.002418,3.5700,3.5800,3.5600,3.5700,1293000,4617976.0000,3
2025-06-26,20250626100000000,sz.002418,3.5700,3.5900,3.5700,3.5800,1702200,6090148.0000,3
2025-06-26,20250626100500000,sz.002418,3.5900,3.5900,3.5700,3.5800,1063700,3806552.0000,3
2025-06-26,20250626101000000,sz.002418,3.5700,3.6000,3.5700,3.6000,5047800,18134268.0000,3
2025-06-26,20250626101500000,sz.002418,3.6000,3.6100,3.5800,3.5900,2025300,7277128.0000,3
2025-06-26,20250626102000000,sz.002418,3.5800,3.5900,3.5800,3.5800,976000,3498688.0000,3
2025-06-26,20250626102500000,sz.002418,3.5800,3.5900,3.5700,3.5800,541800,1939688.0000,3
2025-06-26,20250626103000000,sz.002418,3.5800,3.5800,3.5700,3.5700,276800,989448.0000,3
2025-06-26,20250626103500000,sz.002418,3.5800,3.5800,3.5600,3.5700,964900,3445928.0000,3
2025-06-26,20250626104000000,sz.002418,3.5700,3.5800,3.5600,3.5600,412200,1471688.0000,3
2025-06-26,20250626104500000,sz.002418,3.5700,3.5700,3.5600,3.5700,256800,914968.0000,3
2025-06-26,20250626105000000,sz.002418,3.5700,3.5700,3.5600,3.5700,610900,2175864.0000,3
2025-06-26,20250626105500000,sz.002418,3.5700,3.5800,3.5600,3.5700,947800,3385200.0000,3
2025-06-26,20250626110000000,sz.002418,3.5700,3.5800,3.5700,3.5700,269100,961600.0000,3
2025-06-26,20250626110500000,sz.002418,3.5800,3.5800,3.5700,3.5700,231400,827024.0000,3
2025-06-26,20250626111000000,sz.002418,3.5800,3.5800,3.5700,3.5700,695400,2483064.0000,3
2025-06-26,20250626111500000,sz.002418,3.5700,3.5800,3.5600,3.5700,2027800,7233024.0000,3
2025-06-26,20250626112000000,sz.002418,3.5700,3.5800,3.5700,3.5700,513100,1835424.0000,3
2025-06-26,20250626112500000,sz.002418,3.5700,3.5900,3.5700,3.5800,607600,2175016.0000,3
2025-06-26,20250626113000000,sz.002418,3.5900,3.5900,3.5800,3.5800,964300,3460560.0000,3
2025-06-26,20250626130500000,sz.002418,3.5900,3.5900,3.5800,3.5800,766400,2749400.0000,3
2025-06-26,20250626131000000,sz.002418,3.5800,3.5900,3.5800,3.5900,159800,572832.0000,3
2025-06-26,20250626131500000,sz.002418,3.5900,3.5900,3.5700,3.5800,1018000,3641760.0000,3
2025-06-26,20250626132000000,sz.002418,3.5700,3.5800,3.5600,3.5600,1172800,4181456.0000,3
2025-06-26,20250626132500000,sz.002418,3.5700,3.5800,3.5600,3.5700,581600,2077408.0000,3
2025-06-26,20250626133000000,sz.002418,3.5800,3.5800,3.5700,3.5800,475400,1697648.0000,3
2025-06-26,20250626133500000,sz.002418,3.5800,3.5800,3.5700,3.5800,569000,2031888.0000,3
2025-06-26,20250626134000000,sz.002418,3.5700,3.5800,3.5600,3.5700,403700,1441328.0000,3
2025-06-26,20250626134500000,sz.002418,3.5600,3.5700,3.5600,3.5700,860000,3061936.0000,3
2025-06-26,20250626135000000,sz.002418,3.5600,3.5600,3.5500,3.5600,1019000,3622576.0000,3
2025-06-26,20250626135500000,sz.002418,3.5500,3.5600,3.5400,3.5400,1136800,4031536.0000,3
2025-06-26,20250626140000000,sz.002418,3.5400,3.5500,3.5400,3.5500,840400,2976416.0000,3
2025-06-26,20250626140500000,sz.002418,3.5400,3.5500,3.5400,3.5400,565500,2002256.0000,3
2025-06-26,20250626141000000,sz.002418,3.5400,3.5500,3.5300,3.5500,667000,2361504.0000,3
2025-06-26,20250626141500000,sz.002418,3.5500,3.5600,3.5400,3.5600,1304400,4632000.0000,3
2025-06-26,20250626142000000,sz.002418,3.5500,3.5600,3.5500,3.5600,776200,2757248.0000,3
2025-06-26,20250626142500000,sz.002418,3.5600,3.5600,3.5500,3.5500,447500,1589504.0000,3
2025-06-26,20250626143000000,sz.002418,3.5500,3.5600,3.5500,3.5600,317300,1127376.0000,3
2025-06-26,20250626143500000,sz.002418,3.5500,3.5600,3.5400,3.5400,647100,2297264.0000,3
2025-06-26,20250626144000000,sz.002418,3.5400,3.5500,3.5400,3.5400,236800,838848.0000,3
2025-06-26,20250626144500000,sz.002418,3.5400,3.5500,3.5400,3.5400,592700,2099504.0000,3
2025-06-26,20250626145000000,sz.002418,3.5500,3.5500,3.5400,3.5500,812800,2880832.0000,3
2025-06-26,20250626145500000,sz.002418,3.5500,3.5500,3.5400,3.5400,1510400,5357392.0000,3
2025-06-26,20250626150000000,sz.002418,3.5500,3.5500,3.5400,3.5500,1346900,4778048.0000,3
2025-06-27,20250627093500000,sz.002418,3.5500,3.5800,3.5400,3.5400,2369400,8447250.0000,3
2025-06-27,20250627094000000,sz.002418,3.5400,3.5600,3.5300,3.5500,2170000,7692565.0000,3
2025-06-27,20250627094500000,sz.002418,3.5500,3.5800,3.5400,3.5700,1768500,6299729.0000,3
2025-06-27,20250627095000000,sz.002418,3.5800,3.5800,3.5600,3.5700,1017400,3632364.0000,3
2025-06-27,20250627095500000,sz.002418,3.5700,3.5800,3.5600,3.5700,1363100,4866136.0000,3
2025-06-27,20250627100000000,sz.002418,3.5700,3.5800,3.5600,3.5700,639800,2283360.0000,3
2025-06-27,20250627100500000,sz.002418,3.5600,3.5700,3.5500,3.5600,1520900,5411588.0000,3
2025-06-27,20250627101000000,sz.002418,3.5600,3.5700,3.5600,3.5600,736800,2623664.0000,3
2025-06-27,20250627101500000,sz.002418,3.5600,3.5800,3.5600,3.5700,1616600,5770320.0000,3
2025-06-27,20250627102000000,sz.002418,3.5800,3.5800,3.5700,3.5700,650700,2324560.0000,3
2025-06-27,20250627102500000,sz.002418,3.5800,3.5800,3.5600,3.5600,773600,2762584.0000,3
2025-06-27,20250627103000000,sz.002418,3.5600,3.5700,3.5600,3.5600,395000,1407944.0000,3
2025-06-27,20250627103500000,sz.002418,3.5700,3.5700,3.5600,3.5600,888900,3165520.0000,3
2025-06-27,20250627104000000,sz.002418,3.5600,3.5700,3.5500,3.5500,574800,2046292.0000,3
2025-06-27,20250627104500000,sz.002418,3.5500,3.5700,3.5500,3.5600,1283500,4565876.0000,3
2025-06-27,20250627105000000,sz.002418,3.5600,3.5700,3.5600,3.5600,569700,2033136.0000,3
2025-06-27,20250627105500000,sz.002418,3.5700,3.5700,3.5600,3.5600,462700,1649240.0000,3
2025-06-27,20250627110000000,sz.002418,3.5700,3.5700,3.5600,3.5600,774200,2757984.0000,3
2025-06-27,20250627110500000,sz.002418,3.5700,3.5700,3.5500,3.5600,1193400,4248288.0000,3
2025-06-27,20250627111000000,sz.002418,3.5600,3.5700,3.5600,3.5700,323100,1150656.0000,3
2025-06-27,20250627111500000,sz.002418,3.5600,3.5700,3.5600,3.5600,474500,1689568.0000,3
2025-06-27,20250627112000000,sz.002418,3.5600,3.5700,3.5600,3.5700,290400,1035400.0000,3
2025-06-27,20250627112500000,sz.002418,3.5700,3.5700,3.5600,3.5700,179700,641160.0000,3
2025-06-27,20250627113000000,sz.002418,3.5700,3.5700,3.5600,3.5600,372200,1326144.0000,3
2025-06-27,20250627130500000,sz.002418,3.5600,3.5700,3.5500,3.5700,1958400,6972488.0000,3
2025-06-27,20250627131000000,sz.002418,3.5700,3.5700,3.5600,3.5700,169100,602528.0000,3
2025-06-27,20250627131500000,sz.002418,3.5700,3.5700,3.5600,3.5600,249600,889248.0000,3
2025-06-27,20250627132000000,sz.002418,3.5600,3.5700,3.5600,3.5700,204000,726920.0000,3
2025-06-27,20250627132500000,sz.002418,3.5700,3.5700,3.5600,3.5600,327500,1166600.0000,3
2025-06-27,20250627133000000,sz.002418,3.5600,3.5700,3.5600,3.5700,1149400,4100856.0000,3
2025-06-27,20250627133500000,sz.002418,3.5600,3.5700,3.5600,3.5600,349100,1244544.0000,3
2025-06-27,20250627134000000,sz.002418,3.5600,3.5700,3.5600,3.5600,120000,427728.0000,3
2025-06-27,20250627134500000,sz.002418,3.5600,3.5600,3.5500,3.5600,1376600,4894280.0000,3
2025-06-27,20250627135000000,sz.002418,3.5500,3.5600,3.5500,3.5500,180700,641544.0000,3
2025-06-27,20250627135500000,sz.002418,3.5600,3.5600,3.5500,3.5500,198300,704440.0000,3
2025-06-27,20250627140000000,sz.002418,3.5600,3.5600,3.5400,3.5500,1564000,5552280.0000,3
2025-06-27,20250627140500000,sz.002418,3.5600,3.5600,3.5500,3.5500,497100,1764880.0000,3
2025-06-27,20250627141000000,sz.002418,3.5600,3.5600,3.5500,3.5500,183700,652600.0000,3
2025-06-27,20250627141500000,sz.002418,3.5500,3.5600,3.5500,3.5500,261500,929336.0000,3
2025-06-27,20250627142000000,sz.002418,3.5600,3.5600,3.5500,3.5600,172400,612760.0000,3
2025-06-27,20250627142500000,sz.002418,3.5600,3.5600,3.5500,3.5500,207600,737616.0000,3
2025-06-27,20250627143000000,sz.002418,3.5600,3.5600,3.5500,3.5600,270600,961640.0000,3
2025-06-27,20250627143500000,sz.002418,3.5600,3.5600,3.5400,3.5400,1415800,5024136.0000,3
2025-06-27,20250627144000000,sz.002418,3.5400,3.5500,3.5400,3.5500,301500,1068232.0000,3
2025-06-27,20250627144500000,sz.002418,3.5400,3.5500,3.5400,3.5400,589100,2086112.0000,3
2025-06-27,20250627145000000,sz.002418,3.5400,3.5500,3.5400,3.5500,1562100,5530224.0000,3
2025-06-27,20250627145500000,sz.002418,3.5500,3.5500,3.5400,3.5400,1808300,6404088.0000,3
2025-06-27,20250627150000000,sz.002418,3.5400,3.5500,3.5400,3.5400,991000,3509144.0000,3
2025-06-30,20250630093500000,sz.002418,3.5300,3.5600,3.5300,3.5500,1851000,6565034.0000,3
2025-06-30,20250630094000000,sz.002418,3.5400,3.5600,3.5300,3.5500,2098000,7441547.0000,3
2025-06-30,20250630094500000,sz.002418,3.5500,3.5600,3.5400,3.5500,862200,3057283.0000,3
2025-06-30,20250630095000000,sz.002418,3.5500,3.5500,3.5300,3.5400,1150900,4074372.0000,3
2025-06-30,20250630095500000,sz.002418,3.5500,3.5500,3.5400,3.5500,355400,1259492.0000,3
2025-06-30,20250630100000000,sz.002418,3.5400,3.5500,3.5400,3.5400,709000,2510438.0000,3
2025-06-30,20250630100500000,sz.002418,3.5400,3.5500,3.5300,3.5400,927400,3281152.0000,3
2025-06-30,20250630101000000,sz.002418,3.5400,3.5400,3.5300,3.5300,488400,1724620.0000,3
2025-06-30,20250630101500000,sz.002418,3.5300,3.5500,3.5300,3.5400,1564800,5538154.0000,3
2025-06-30,20250630102000000,sz.002418,3.5400,3.5500,3.5400,3.5500,581200,2061948.0000,3
2025-06-30,20250630102500000,sz.002418,3.5400,3.5600,3.5400,3.5500,1356500,4817088.0000,3
2025-06-30,20250630103000000,sz.002418,3.5500,3.5600,3.5500,3.5600,331700,1177984.0000,3
2025-06-30,20250630103500000,sz.002418,3.5500,3.5600,3.5500,3.5500,547500,1944564.0000,3
2025-06-30,20250630104000000,sz.002418,3.5500,3.5600,3.5400,3.5400,710600,2522576.0000,3
2025-06-30,20250630104500000,sz.002418,3.5500,3.5500,3.5400,3.5500,811000,2877240.0000,3
2025-06-30,20250630105000000,sz.002418,3.5500,3.5600,3.5400,3.5500,526800,1869988.0000,3
2025-06-30,20250630105500000,sz.002418,3.5500,3.5500,3.5400,3.5400,560900,1985952.0000,3
2025-06-30,20250630110000000,sz.002418,3.5400,3.5500,3.5400,3.5400,686200,2429336.0000,3
2025-06-30,20250630110500000,sz.002418,3.5500,3.5500,3.5400,3.5400,346900,1228516.0000,3
2025-06-30,20250630111000000,sz.002418,3.5400,3.5500,3.5300,3.5300,745900,2639376.0000,3
2025-06-30,20250630111500000,sz.002418,3.5400,3.5500,3.5300,3.5400,607300,2149808.0000,3
2025-06-30,20250630112000000,sz.002418,3.5500,3.5500,3.5400,3.5400,267500,947092.0000,3
2025-06-30,20250630112500000,sz.002418,3.5400,3.5500,3.5300,3.5400,158900,562560.0000,3
2025-06-30,20250630113000000,sz.002418,3.5400,3.5500,3.5300,3.5400,551500,1951540.0000,3
2025-06-30,20250630130500000,sz.002418,3.5400,3.5500,3.5300,3.5300,425300,1504932.0000,3
2025-06-30,20250630131000000,sz.002418,3.5300,3.5400,3.5300,3.5400,157200,555272.0000,3
2025-06-30,20250630131500000,sz.002418,3.5300,3.5400,3.5300,3.5400,252300,892200.0000,3
2025-06-30,20250630132000000,sz.002418,3.5300,3.5500,3.5300,3.5400,758700,2686184.0000,3
2025-06-30,20250630132500000,sz.002418,3.5500,3.5500,3.5400,3.5400,449100,1591048.0000,3
2025-06-30,20250630133000000,sz.002418,3.5400,3.5500,3.5400,3.5500,685900,2428784.0000,3
2025-06-30,20250630133500000,sz.002418,3.5500,3.5500,3.5400,3.5400,400900,1420288.0000,3
2025-06-30,20250630134000000,sz.002418,3.5400,3.5500,3.5400,3.5400,714000,2528856.0000,3
2025-06-30,20250630134500000,sz.002418,3.5400,3.5500,3.5300,3.5400,442300,1565008.0000,3
2025-06-30,20250630135000000,sz.002418,3.5300,3.5400,3.5300,3.5300,368600,1302288.0000,3
2025-06-30,20250630135500000,sz.002418,3.5300,3.5400,3.5300,3.5300,543800,1921152.0000,3
2025-06-30,20250630140000000,sz.002418,3.5400,3.5400,3.5300,3.5400,941600,3325376.0000,3
2025-06-30,20250630140500000,sz.002418,3.5300,3.5400,3.5300,3.5400,378100,1336624.0000,3
2025-06-30,20250630141000000,sz.002418,3.5300,3.5400,3.5300,3.5300,209800,741432.0000,3
2025-06-30,20250630141500000,sz.002418,3.5400,3.5400,3.5300,3.5400,330100,1165800.0000,3
2025-06-30,20250630142000000,sz.002418,3.5300,3.5400,3.5300,3.5400,378700,1338648.0000,3
2025-06-30,20250630142500000,sz.002418,3.5300,3.5400,3.5300,3.5400,204500,722336.0000,3
2025-06-30,20250630143000000,sz.002418,3.5300,3.5400,3.5300,3.5300,676000,2390464.0000,3
2025-06-30,20250630143500000,sz.002418,3.5400,3.5500,3.5300,3.5400,1707300,6044736.0000,3
2025-06-30,20250630144000000,sz.002418,3.5400,3.5500,3.5400,3.5500,316700,1121800.0000,3
2025-06-30,20250630144500000,sz.002418,3.5400,3.5500,3.5400,3.5500,640900,2270792.0000,3
2025-06-30,20250630145000000,sz.002418,3.5500,3.5500,3.5300,3.5400,1550100,5487304.0000,3
2025-06-30,20250630145500000,sz.002418,3.5400,3.5500,3.5300,3.5500,1658200,5869456.0000,3
2025-06-30,20250630150000000,sz.002418,3.5400,3.5500,3.5400,3.5500,1683200,5965112.0000,3
2025-07-01,20250701093500000,sz.002418,3.5600,3.5600,3.5300,3.5400,2259100,8011901.0000,3
2025-07-01,20250701094000000,sz.002418,3.5400,3.5600,3.5400,3.5500,1006600,3576132.0000,3
2025-07-01,20250701094500000,sz.002418,3.5500,3.5600,3.5300,3.5300,1626900,5766835.0000,3
2025-07-01,20250701095000000,sz.002418,3.5400,3.5500,3.5300,3.5400,1439800,5096034.0000,3
2025-07-01,20250701095500000,sz.002418,3.5400,3.5500,3.5300,3.5400,1820200,6435210.0000,3
2025-07-01,20250701100000000,sz.002418,3.5400,3.5900,3.5400,3.5800,7617700,27219760.0000,3
2025-07-01,20250701100500000,sz.002418,3.5800,3.5800,3.5500,3.5600,2402700,8561992.0000,3
2025-07-01,20250701101000000,sz.002418,3.5600,3.5600,3.5500,3.5500,485300,1725988.0000,3
2025-07-01,20250701101500000,sz.002418,3.5500,3.5600,3.5400,3.5500,1978000,7022884.0000,3
2025-07-01,20250701102000000,sz.002418,3.5500,3.5500,3.5300,3.5400,1204500,4262624.0000,3
2025-07-01,20250701102500000,sz.002418,3.5400,3.5500,3.5300,3.5400,928000,3284096.0000,3
2025-07-01,20250701103000000,sz.002418,3.5400,3.5500,3.5400,3.5400,444600,1576416.0000,3
2025-07-01,20250701103500000,sz.002418,3.5400,3.5500,3.5300,3.5500,1999700,7078640.0000,3
2025-07-01,20250701104000000,sz.002418,3.5400,3.5500,3.5300,3.5300,416400,1474144.0000,3
2025-07-01,20250701104500000,sz.002418,3.5300,3.5400,3.5300,3.5300,251000,887104.0000,3
2025-07-01,20250701105000000,sz.002418,3.5400,3.5400,3.5300,3.5300,480900,1701384.0000,3
2025-07-01,20250701105500000,sz.002418,3.5300,3.5400,3.5200,3.5200,2412700,8517464.0000,3
2025-07-01,20250701110000000,sz.002418,3.5200,3.5300,3.5200,3.5200,616800,2171872.0000,3
2025-07-01,20250701110500000,sz.002418,3.5300,3.5300,3.5100,3.5200,1955000,6881632.0000,3
2025-07-01,20250701111000000,sz.002418,3.5200,3.5200,3.5100,3.5100,1864700,6549024.0000,3
2025-07-01,20250701111500000,sz.002418,3.5100,3.5200,3.5000,3.5000,1701100,5965888.0000,3
2025-07-01,20250701112000000,sz.002418,3.5000,3.5100,3.4900,3.5000,2129700,7450864.0000,3
2025-07-01,20250701112500000,sz.002418,3.5100,3.5100,3.5000,3.5100,258700,907504.0000,3
2025-07-01,20250701113000000,sz.002418,3.5100,3.5200,3.5100,3.5200,312500,1097264.0000,3
2025-07-01,20250701130500000,sz.002418,3.5200,3.5200,3.5100,3.5200,223800,786872.0000,3
2025-07-01,20250701131000000,sz.002418,3.5100,3.5300,3.5100,3.5300,434100,1527672.0000,3
2025-07-01,20250701131500000,sz.002418,3.5300,3.5400,3.5200,3.5400,550500,1943792.0000,3
2025-07-01,20250701132000000,sz.002418,3.5400,3.5400,3.5300,3.5400,83400,294736.0000,3
2025-07-01,20250701132500000,sz.002418,3.5400,3.5400,3.5300,3.5300,127200,449392.0000,3
2025-07-01,20250701133000000,sz.002418,3.5300,3.5500,3.5300,3.5400,924700,3275184.0000,3
2025-07-01,20250701133500000,sz.002418,3.5400,3.5500,3.5400,3.5400,161000,571040.0000,3
2025-07-01,20250701134000000,sz.002418,3.5500,3.5500,3.5400,3.5500,144000,510224.0000,3
2025-07-01,20250701134500000,sz.002418,3.5500,3.5500,3.5300,3.5300,748800,2650480.0000,3
2025-07-01,20250701135000000,sz.002418,3.5300,3.5500,3.5300,3.5400,934000,3307120.0000,3
2025-07-01,20250701135500000,sz.002418,3.5400,3.5600,3.5400,3.5500,1376600,4888816.0000,3
2025-07-01,20250701140000000,sz.002418,3.5500,3.5500,3.5400,3.5500,547000,1940992.0000,3
2025-07-01,20250701140500000,sz.002418,3.5500,3.5500,3.5400,3.5400,228600,810944.0000,3
2025-07-01,20250701141000000,sz.002418,3.5500,3.5500,3.5400,3.5400,72000,255376.0000,3
2025-07-01,20250701141500000,sz.002418,3.5400,3.5500,3.5400,3.5400,223300,791712.0000,3
2025-07-01,20250701142000000,sz.002418,3.5400,3.5500,3.5400,3.5500,128200,454240.0000,3
2025-07-01,20250701142500000,sz.002418,3.5500,3.5500,3.5300,3.5400,1499700,5309264.0000,3
2025-07-01,20250701143000000,sz.002418,3.5400,3.5500,3.5300,3.5400,1284500,4541392.0000,3
2025-07-01,20250701143500000,sz.002418,3.5400,3.5500,3.5300,3.5400,1164300,4125632.0000,3
2025-07-01,20250701144000000,sz.002418,3.5400,3.5500,3.5400,3.5400,200000,708624.0000,3
2025-07-01,20250701144500000,sz.002418,3.5400,3.5500,3.5400,3.5400,521500,1848368.0000,3
2025-07-01,20250701145000000,sz.002418,3.5500,3.5500,3.5400,3.5500,706200,2505504.0000,3
2025-07-01,20250701145500000,sz.002418,3.5400,3.5500,3.5400,3.5400,1300600,4611360.0000,3
2025-07-01,20250701150000000,sz.002418,3.5500,3.5500,3.5400,3.5500,1333300,4729792.0000,3
2025-07-02,20250702093500000,sz.002418,3.5500,3.5500,3.5200,3.5300,2994900,10587402.0000,3
2025-07-02,20250702094000000,sz.002418,3.5300,3.5300,3.5100,3.5100,1886100,6631398.0000,3
2025-07-02,20250702094500000,sz.002418,3.5200,3.5300,3.5000,3.5200,1832900,6440632.0000,3
2025-07-02,20250702095000000,sz.002418,3.5200,3.5300,3.5100,3.5100,890000,3130366.0000,3
2025-07-02,20250702095500000,sz.002418,3.5100,3.5300,3.5100,3.5300,1414700,4979810.0000,3
2025-07-02,20250702100000000,sz.002418,3.5200,3.5300,3.5100,3.5200,902200,3174020.0000,3
2025-07-02,20250702100500000,sz.002418,3.5100,3.5200,3.5100,3.5200,614200,2158348.0000,3
2025-07-02,20250702101000000,sz.002418,3.5200,3.5200,3.5100,3.5200,533700,1876796.0000,3
2025-07-02,20250702101500000,sz.002418,3.5200,3.5200,3.5100,3.5100,609000,2142852.0000,3
2025-07-02,20250702102000000,sz.002418,3.5100,3.5300,3.5100,3.5200,738500,2597988.0000,3
2025-07-02,20250702102500000,sz.002418,3.5300,3.5300,3.5200,3.5300,547000,1926112.0000,3
2025-07-02,20250702103000000,sz.002418,3.5300,3.5400,3.5200,3.5400,678800,2395428.0000,3
2025-07-02,20250702103500000,sz.002418,3.5300,3.5400,3.5300,3.5400,384700,1360348.0000,3
2025-07-02,20250702104000000,sz.002418,3.5300,3.5400,3.5300,3.5300,312200,1102348.0000,3
2025-07-02,20250702104500000,sz.002418,3.5400,3.5400,3.5200,3.5200,680800,2402536.0000,3
2025-07-02,20250702105000000,sz.002418,3.5300,3.5300,3.5200,3.5300,380300,1340820.0000,3
2025-07-02,20250702105500000,sz.002418,3.5300,3.5400,3.5300,3.5400,691600,2441644.0000,3
2025-07-02,20250702110000000,sz.002418,3.5300,3.5400,3.5200,3.5200,395300,1395784.0000,3
2025-07-02,20250702110500000,sz.002418,3.5300,3.5300,3.5200,3.5300,156300,550888.0000,3
2025-07-02,20250702111000000,sz.002418,3.5300,3.5400,3.5200,3.5300,357900,1264256.0000,3
2025-07-02,20250702111500000,sz.002418,3.5400,3.5400,3.5300,3.5300,599500,2119468.0000,3
2025-07-02,20250702112000000,sz.002418,3.5300,3.5500,3.5300,3.5400,705000,2496016.0000,3
2025-07-02,20250702112500000,sz.002418,3.5400,3.5500,3.5400,3.5400,1106200,3916636.0000,3
2025-07-02,20250702113000000,sz.002418,3.5400,3.5500,3.5300,3.5400,533000,1887120.0000,3
2025-07-02,20250702130500000,sz.002418,3.5400,3.5400,3.5300,3.5300,435700,1541576.0000,3
2025-07-02,20250702131000000,sz.002418,3.5400,3.5400,3.5300,3.5300,164400,581456.0000,3
2025-07-02,20250702131500000,sz.002418,3.5400,3.5400,3.5300,3.5400,224300,791912.0000,3
2025-07-02,20250702132000000,sz.002418,3.5300,3.5300,3.5200,3.5200,1047000,3695184.0000,3
2025-07-02,20250702132500000,sz.002418,3.5200,3.5300,3.5100,3.5100,818400,2880576.0000,3
2025-07-02,20250702133000000,sz.002418,3.5200,3.5300,3.5100,3.5200,502900,1770304.0000,3
2025-07-02,20250702133500000,sz.002418,3.5200,3.5300,3.5100,3.5300,735800,2589464.0000,3
2025-07-02,20250702134000000,sz.002418,3.5200,3.5300,3.5200,3.5200,215200,758552.0000,3
2025-07-02,20250702134500000,sz.002418,3.5200,3.5300,3.5200,3.5200,190200,669744.0000,3
2025-07-02,20250702135000000,sz.002418,3.5300,3.5300,3.5100,3.5100,942700,3318040.0000,3
2025-07-02,20250702135500000,sz.002418,3.5100,3.5200,3.5100,3.5200,308600,1083880.0000,3
2025-07-02,20250702140000000,sz.002418,3.5100,3.5200,3.5100,3.5200,435000,1527104.0000,3
2025-07-02,20250702140500000,sz.002418,3.5200,3.5200,3.5100,3.5100,288300,1013224.0000,3
2025-07-02,20250702141000000,sz.002418,3.5100,3.5200,3.5100,3.5200,172400,605512.0000,3
2025-07-02,20250702141500000,sz.002418,3.5200,3.5200,3.5100,3.5100,752800,2642448.0000,3
2025-07-02,20250702142000000,sz.002418,3.5100,3.5200,3.5000,3.5100,473600,1660600.0000,3
2025-07-02,20250702142500000,sz.002418,3.5100,3.5200,3.5000,3.5200,657100,2306880.0000,3
2025-07-02,20250702143000000,sz.002418,3.5200,3.5200,3.5100,3.5100,210500,739968.0000,3
2025-07-02,20250702143500000,sz.002418,3.5200,3.5300,3.5100,3.5200,887500,3125008.0000,3
2025-07-02,20250702144000000,sz.002418,3.5200,3.5300,3.5200,3.5200,840700,2962936.0000,3
2025-07-02,20250702144500000,sz.002418,3.5200,3.5300,3.5200,3.5300,512300,1803864.0000,3
2025-07-02,20250702145000000,sz.002418,3.5200,3.5300,3.5100,3.5100,904600,3183936.0000,3
2025-07-02,20250702145500000,sz.002418,3.5200,3.5200,3.5100,3.5100,1041000,3657296.0000,3
2025-07-02,20250702150000000,sz.002418,3.5100,3.5200,3.5100,3.5200,939400,3304600.0000,3
2025-07-03,20250703093500000,sz.002418,3.5100,3.5600,3.5100,3.5500,2846300,10084439.0000,3
2025-07-03,20250703094000000,sz.002418,3.5600,3.5700,3.5400,3.5400,3188200,11341205.0000,3
2025-07-03,20250703094500000,sz.002418,3.5500,3.5500,3.5300,3.5300,769200,2722192.0000,3
2025-07-03,20250703095000000,sz.002418,3.5300,3.5300,3.5200,3.5200,1978300,6982758.0000,3
2025-07-03,20250703095500000,sz.002418,3.5300,3.5300,3.5200,3.5300,327200,1153388.0000,3
2025-07-03,20250703100000000,sz.002418,3.5300,3.5300,3.5200,3.5200,447200,1577458.0000,3
2025-07-03,20250703100500000,sz.002418,3.5300,3.5400,3.5300,3.5300,709500,2504664.0000,3
2025-07-03,20250703101000000,sz.002418,3.5300,3.5400,3.5300,3.5300,257300,908724.0000,3
2025-07-03,20250703101500000,sz.002418,3.5400,3.5400,3.5200,3.5200,1113500,3927312.0000,3
2025-07-03,20250703102000000,sz.002418,3.5200,3.5300,3.5200,3.5300,724200,2549904.0000,3
2025-07-03,20250703102500000,sz.002418,3.5200,3.5300,3.5200,3.5200,285400,1005032.0000,3
2025-07-03,20250703103000000,sz.002418,3.5300,3.5300,3.5200,3.5300,437500,1541104.0000,3
2025-07-03,20250703103500000,sz.002418,3.5300,3.5300,3.5200,3.5200,546100,1926056.0000,3
2025-07-03,20250703104000000,sz.002418,3.5200,3.5300,3.5100,3.5200,931100,3275284.0000,3
2025-07-03,20250703104500000,sz.002418,3.5200,3.5200,3.5100,3.5100,345700,1213656.0000,3
2025-07-03,20250703105000000,sz.002418,3.5100,3.5200,3.5100,3.5200,140100,492372.0000,3
2025-07-03,20250703105500000,sz.002418,3.5100,3.5200,3.5100,3.5100,460500,1617080.0000,3
2025-07-03,20250703110000000,sz.002418,3.5100,3.5100,3.5000,3.5100,877300,3076596.0000,3
2025-07-03,20250703110500000,sz.002418,3.5100,3.5200,3.5000,3.5200,593900,2083776.0000,3
2025-07-03,20250703111000000,sz.002418,3.5100,3.5200,3.5100,3.5100,320300,1124976.0000,3
2025-07-03,20250703111500000,sz.002418,3.5200,3.5200,3.5100,3.5200,179400,630376.0000,3
2025-07-03,20250703112000000,sz.002418,3.5100,3.5200,3.5000,3.5000,708900,2487876.0000,3
2025-07-03,20250703112500000,sz.002418,3.5100,3.5100,3.5000,3.5100,288000,1010332.0000,3
2025-07-03,20250703113000000,sz.002418,3.5100,3.5100,3.5000,3.5100,455600,1596916.0000,3
2025-07-03,20250703130500000,sz.002418,3.5100,3.5200,3.5000,3.5100,1175900,4127188.0000,3
2025-07-03,20250703131000000,sz.002418,3.5000,3.5200,3.5000,3.5000,539100,1891736.0000,3
2025-07-03,20250703131500000,sz.002418,3.5000,3.5200,3.5000,3.5100,245200,860536.0000,3
2025-07-03,20250703132000000,sz.002418,3.5100,3.5200,3.5100,3.5100,107900,378872.0000,3
2025-07-03,20250703132500000,sz.002418,3.5100,3.5200,3.5100,3.5100,78300,275272.0000,3
2025-07-03,20250703133000000,sz.002418,3.5100,3.5200,3.5100,3.5200,153900,541008.0000,3
2025-07-03,20250703133500000,sz.002418,3.5100,3.5200,3.5100,3.5100,81900,287904.0000,3
2025-07-03,20250703134000000,sz.002418,3.5200,3.5200,3.5100,3.5200,152100,534056.0000,3
2025-07-03,20250703134500000,sz.002418,3.5200,3.5200,3.5100,3.5200,172200,605280.0000,3
2025-07-03,20250703135000000,sz.002418,3.5200,3.5400,3.5200,3.5300,2130700,7511976.0000,3
2025-07-03,20250703135500000,sz.002418,3.5300,3.5400,3.5200,3.5300,337900,1193568.0000,3
2025-07-03,20250703140000000,sz.002418,3.5300,3.5400,3.5200,3.5200,295100,1041472.0000,3
2025-07-03,20250703140500000,sz.002418,3.5200,3.5400,3.5200,3.5300,720800,2544280.0000,3
2025-07-03,20250703141000000,sz.002418,3.5200,3.5300,3.5200,3.5300,312900,1102648.0000,3
2025-07-03,20250703141500000,sz.002418,3.5300,3.5300,3.5200,3.5300,348900,1228680.0000,3
2025-07-03,20250703142000000,sz.002418,3.5200,3.5400,3.5200,3.5400,739900,2613336.0000,3
2025-07-03,20250703142500000,sz.002418,3.5300,3.5400,3.5300,3.5400,177900,629064.0000,3
2025-07-03,20250703143000000,sz.002418,3.5300,3.5400,3.5300,3.5300,187300,662448.0000,3
2025-07-03,20250703143500000,sz.002418,3.5400,3.5400,3.5300,3.5400,146800,518944.0000,3
2025-07-03,20250703144000000,sz.002418,3.5300,3.5400,3.5300,3.5300,522700,1845848.0000,3
2025-07-03,20250703144500000,sz.002418,3.5400,3.5400,3.5300,3.5400,834900,2948488.0000,3
2025-07-03,20250703145000000,sz.002418,3.5300,3.5400,3.5300,3.5400,699800,2472960.0000,3
2025-07-03,20250703145500000,sz.002418,3.5400,3.5400,3.5300,3.5300,1119900,3959776.0000,3
2025-07-03,20250703150000000,sz.002418,3.5400,3.5400,3.5300,3.5400,1061700,3754856.0000,3
2025-07-04,20250704093500000,sz.002418,3.5300,3.5300,3.5000,3.5100,2196900,7719237.0000,3
2025-07-04,20250704094000000,sz.002418,3.5000,3.5200,3.5000,3.5100,2163100,7582601.0000,3
2025-07-04,20250704094500000,sz.002418,3.5100,3.5200,3.4900,3.5100,2161000,7565354.0000,3
2025-07-04,20250704095000000,sz.002418,3.5000,3.5100,3.4900,3.5100,1830500,6399546.0000,3
2025-07-04,20250704095500000,sz.002418,3.5000,3.5100,3.4900,3.5000,1262000,4418270.0000,3
2025-07-04,20250704100000000,sz.002418,3.5000,3.5100,3.5000,3.5000,585200,2049280.0000,3
2025-07-04,20250704100500000,sz.002418,3.5100,3.5100,3.4800,3.4800,1270400,4434208.0000,3
2025-07-04,20250704101000000,sz.002418,3.4800,3.4900,3.4700,3.4700,2008400,6988804.0000,3
2025-07-04,20250704101500000,sz.002418,3.4800,3.4800,3.4700,3.4700,874200,3035936.0000,3
2025-07-04,20250704102000000,sz.002418,3.4700,3.4800,3.4600,3.4600,1217200,4221296.0000,3
2025-07-04,20250704102500000,sz.002418,3.4600,3.4700,3.4600,3.4700,894900,3097952.0000,3
2025-07-04,20250704103000000,sz.002418,3.4600,3.4800,3.4600,3.4800,856600,2970468.0000,3
2025-07-04,20250704103500000,sz.002418,3.4800,3.4800,3.4700,3.4700,147800,513692.0000,3
2025-07-04,20250704104000000,sz.002418,3.4800,3.4800,3.4700,3.4800,298800,1038532.0000,3
2025-07-04,20250704104500000,sz.002418,3.4800,3.4800,3.4600,3.4700,1178500,4089680.0000,3
2025-07-04,20250704105000000,sz.002418,3.4700,3.4800,3.4700,3.4800,240300,834384.0000,3
2025-07-04,20250704105500000,sz.002418,3.4700,3.4800,3.4600,3.4700,748900,2598888.0000,3
2025-07-04,20250704110000000,sz.002418,3.4700,3.4800,3.4700,3.4700,116500,404488.0000,3
2025-07-04,20250704110500000,sz.002418,3.4700,3.4700,3.4600,3.4600,841300,2915192.0000,3
2025-07-04,20250704111000000,sz.002418,3.4700,3.4700,3.4600,3.4700,361100,1250952.0000,3
2025-07-04,20250704111500000,sz.002418,3.4600,3.4700,3.4600,3.4700,293000,1015088.0000,3
2025-07-04,20250704112000000,sz.002418,3.4700,3.4800,3.4700,3.4800,425400,1476336.0000,3
2025-07-04,20250704112500000,sz.002418,3.4700,3.4800,3.4700,3.4800,139100,483160.0000,3
2025-07-04,20250704113000000,sz.002418,3.4700,3.4800,3.4700,3.4800,136900,475544.0000,3
2025-07-04,20250704130500000,sz.002418,3.4800,3.4800,3.4700,3.4700,312100,1085192.0000,3
2025-07-04,20250704131000000,sz.002418,3.4700,3.4900,3.4700,3.4900,582800,2028016.0000,3
2025-07-04,20250704131500000,sz.002418,3.4900,3.4900,3.4800,3.4900,651700,2273824.0000,3
2025-07-04,20250704132000000,sz.002418,3.4800,3.4900,3.4800,3.4900,346600,1209120.0000,3
2025-07-04,20250704132500000,sz.002418,3.4900,3.5000,3.4800,3.4900,1062700,3705488.0000,3
2025-07-04,20250704133000000,sz.002418,3.5000,3.5000,3.4900,3.5000,182300,636960.0000,3
2025-07-04,20250704133500000,sz.002418,3.5000,3.5000,3.4900,3.4900,352300,1232296.0000,3
2025-07-04,20250704134000000,sz.002418,3.4900,3.5000,3.4900,3.5000,331500,1157400.0000,3
2025-07-04,20250704134500000,sz.002418,3.4900,3.5000,3.4800,3.4800,864800,3014584.0000,3
2025-07-04,20250704135000000,sz.002418,3.4800,3.4900,3.4800,3.4800,662100,2304232.0000,3
2025-07-04,20250704135500000,sz.002418,3.4700,3.4900,3.4700,3.4900,931600,3242352.0000,3
2025-07-04,20250704140000000,sz.002418,3.4800,3.4900,3.4800,3.4800,196300,683216.0000,3
2025-07-04,20250704140500000,sz.002418,3.4800,3.4800,3.4700,3.4700,189500,658528.0000,3
2025-07-04,20250704141000000,sz.002418,3.4700,3.4800,3.4600,3.4600,1068200,3705120.0000,3
2025-07-04,20250704141500000,sz.002418,3.4700,3.4700,3.4600,3.4700,266700,923488.0000,3
2025-07-04,20250704142000000,sz.002418,3.4600,3.4800,3.4600,3.4700,565900,1962824.0000,3
2025-07-04,20250704142500000,sz.002418,3.4700,3.4700,3.4600,3.4700,775700,2688968.0000,3
2025-07-04,20250704143000000,sz.002418,3.4700,3.4700,3.4500,3.4600,1279500,4425776.0000,3
2025-07-04,20250704143500000,sz.002418,3.4600,3.4700,3.4500,3.4500,1479500,5117864.0000,3
2025-07-04,20250704144000000,sz.002418,3.4600,3.4700,3.4600,3.4600,696400,2409672.0000,3
2025-07-04,20250704144500000,sz.002418,3.4600,3.4700,3.4500,3.4600,1234000,4267776.0000,3
2025-07-04,20250704145000000,sz.002418,3.4600,3.4600,3.4500,3.4600,1825400,6311744.0000,3
2025-07-04,20250704145500000,sz.002418,3.4600,3.4700,3.4600,3.4700,950700,3293120.0000,3
2025-07-04,20250704150000000,sz.002418,3.4600,3.4700,3.4600,3.4600,1127600,3902608.0000,3
2025-07-07,20250707093500000,sz.002418,3.4700,3.4800,3.4400,3.4800,1850400,6409962.0000,3
2025-07-07,20250707094000000,sz.002418,3.4700,3.4800,3.4600,3.4600,753800,2615428.0000,3
2025-07-07,20250707094500000,sz.002418,3.4600,3.4700,3.4500,3.4600,809700,2802152.0000,3
2025-07-07,20250707095000000,sz.002418,3.4600,3.4800,3.4500,3.4800,1954900,6770908.0000,3
2025-07-07,20250707095500000,sz.002418,3.4800,3.5000,3.4800,3.4900,2294700,7999382.0000,3
2025-07-07,20250707100000000,sz.002418,3.4900,3.4900,3.4800,3.4900,267000,931432.0000,3
2025-07-07,20250707100500000,sz.002418,3.4900,3.5000,3.4800,3.5000,743700,2594570.0000,3
2025-07-07,20250707101000000,sz.002418,3.4900,3.5000,3.4900,3.5000,483700,1688700.0000,3
2025-07-07,20250707101500000,sz.002418,3.4900,3.5000,3.4800,3.4800,410500,1432802.0000,3
2025-07-07,20250707102000000,sz.002418,3.4800,3.4900,3.4800,3.4900,171000,596252.0000,3
2025-07-07,20250707102500000,sz.002418,3.4900,3.4900,3.4800,3.4900,157600,548680.0000,3
2025-07-07,20250707103000000,sz.002418,3.4800,3.4900,3.4800,3.4900,337400,1175536.0000,3
2025-07-07,20250707103500000,sz.002418,3.4800,3.4900,3.4700,3.4800,1304900,4536884.0000,3
2025-07-07,20250707104000000,sz.002418,3.4700,3.4800,3.4700,3.4700,59300,205896.0000,3
2025-07-07,20250707104500000,sz.002418,3.4800,3.4800,3.4700,3.4800,150600,523016.0000,3
2025-07-07,20250707105000000,sz.002418,3.4700,3.4900,3.4700,3.4900,702900,2445772.0000,3
2025-07-07,20250707105500000,sz.002418,3.4800,3.4900,3.4800,3.4800,543300,1894108.0000,3
2025-07-07,20250707110000000,sz.002418,3.4900,3.4900,3.4800,3.4800,105700,368004.0000,3
2025-07-07,20250707110500000,sz.002418,3.4900,3.4900,3.4800,3.4900,122600,426964.0000,3
2025-07-07,20250707111000000,sz.002418,3.4900,3.4900,3.4800,3.4900,131400,458060.0000,3
2025-07-07,20250707111500000,sz.002418,3.4800,3.4900,3.4800,3.4900,111200,387424.0000,3
2025-07-07,20250707112000000,sz.002418,3.4800,3.4900,3.4700,3.4800,265800,924336.0000,3
2025-07-07,20250707112500000,sz.002418,3.4700,3.4800,3.4700,3.4800,48600,168780.0000,3
2025-07-07,20250707113000000,sz.002418,3.4800,3.4800,3.4600,3.4700,1190200,4130140.0000,3
2025-07-07,20250707130500000,sz.002418,3.4800,3.4900,3.4700,3.4800,884400,3076856.0000,3
2025-07-07,20250707131000000,sz.002418,3.4700,3.4900,3.4700,3.4900,302500,1053368.0000,3
2025-07-07,20250707131500000,sz.002418,3.4900,3.4900,3.4800,3.4900,205600,717020.0000,3
2025-07-07,20250707132000000,sz.002418,3.4800,3.4900,3.4800,3.4800,133600,465880.0000,3
2025-07-07,20250707132500000,sz.002418,3.4900,3.5100,3.4800,3.5000,5006100,17503328.0000,3
2025-07-07,20250707133000000,sz.002418,3.5000,3.5000,3.4900,3.5000,977400,3420616.0000,3
2025-07-07,20250707133500000,sz.002418,3.5000,3.5100,3.4900,3.5000,729300,2554848.0000,3
2025-07-07,20250707134000000,sz.002418,3.5100,3.5100,3.5000,3.5000,169600,594632.0000,3
2025-07-07,20250707134500000,sz.002418,3.5100,3.5100,3.5000,3.5100,990600,3467816.0000,3
2025-07-07,20250707135000000,sz.002418,3.5000,3.5100,3.5000,3.5100,155800,545840.0000,3
2025-07-07,20250707135500000,sz.002418,3.5000,3.5100,3.5000,3.5000,117800,412528.0000,3
2025-07-07,20250707140000000,sz.002418,3.5000,3.5100,3.5000,3.5100,239500,839312.0000,3
2025-07-07,20250707140500000,sz.002418,3.5000,3.5100,3.4900,3.5000,570000,1994584.0000,3
2025-07-07,20250707141000000,sz.002418,3.5000,3.5000,3.4900,3.4900,114100,399096.0000,3
2025-07-07,20250707141500000,sz.002418,3.5000,3.5000,3.4900,3.4900,1009600,3533168.0000,3
2025-07-07,20250707142000000,sz.002418,3.5000,3.5000,3.4900,3.4900,171900,600976.0000,3
2025-07-07,20250707142500000,sz.002418,3.5000,3.5000,3.4900,3.4900,213100,744936.0000,3
2025-07-07,20250707143000000,sz.002418,3.5000,3.5000,3.4900,3.5000,518100,1812472.0000,3
2025-07-07,20250707143500000,sz.002418,3.5000,3.5000,3.4900,3.5000,292500,1023360.0000,3
2025-07-07,20250707144000000,sz.002418,3.5000,3.5100,3.4900,3.5100,1087700,3807808.0000,3
2025-07-07,20250707144500000,sz.002418,3.5100,3.5100,3.5000,3.5100,523300,1833264.0000,3
2025-07-07,20250707145000000,sz.002418,3.5000,3.5100,3.5000,3.5100,392900,1376672.0000,3
2025-07-07,20250707145500000,sz.002418,3.5100,3.5100,3.5000,3.5100,1275700,4470312.0000,3
2025-07-07,20250707150000000,sz.002418,3.5100,3.5100,3.5000,3.5100,901300,3161456.0000,3
2025-07-08,20250708093500000,sz.002418,3.5200,3.5400,3.5100,3.5200,2688800,9469111.0000,3
2025-07-08,20250708094000000,sz.002418,3.5200,3.5400,3.5200,3.5400,1014900,3581104.0000,3
2025-07-08,20250708094500000,sz.002418,3.5300,3.5500,3.5300,3.5500,1894800,6701761.0000,3
2025-07-08,20250708095000000,sz.002418,3.5400,3.5500,3.5400,3.5500,1000900,3548016.0000,3
2025-07-08,20250708095500000,sz.002418,3.5400,3.5500,3.5400,3.5500,421600,1495252.0000,3
2025-07-08,20250708100000000,sz.002418,3.5500,3.5500,3.5300,3.5400,914900,3239536.0000,3
2025-07-08,20250708100500000,sz.002418,3.5400,3.5500,3.5300,3.5400,1201300,4257236.0000,3
2025-07-08,20250708101000000,sz.002418,3.5400,3.5500,3.5400,3.5400,1113800,3943480.0000,3
2025-07-08,20250708101500000,sz.002418,3.5400,3.5500,3.5300,3.5300,684100,2421980.0000,3
2025-07-08,20250708102000000,sz.002418,3.5400,3.5500,3.5300,3.5400,674900,2388780.0000,3
2025-07-08,20250708102500000,sz.002418,3.5500,3.5500,3.5400,3.5500,373600,1324372.0000,3
2025-07-08,20250708103000000,sz.002418,3.5400,3.5500,3.5300,3.5300,414400,1467084.0000,3
2025-07-08,20250708103500000,sz.002418,3.5400,3.5500,3.5300,3.5400,663800,2349868.0000,3
2025-07-08,20250708104000000,sz.002418,3.5300,3.5400,3.5300,3.5300,175300,620052.0000,3
2025-07-08,20250708104500000,sz.002418,3.5400,3.5400,3.5300,3.5400,295200,1043388.0000,3
2025-07-08,20250708105000000,sz.002418,3.5400,3.5400,3.5300,3.5300,223800,790660.0000,3
2025-07-08,20250708105500000,sz.002418,3.5400,3.5500,3.5300,3.5400,610600,2161756.0000,3
2025-07-08,20250708110000000,sz.002418,3.5400,3.5500,3.5300,3.5300,783700,2774184.0000,3
2025-07-08,20250708110500000,sz.002418,3.5400,3.5500,3.5300,3.5400,606800,2148648.0000,3
2025-07-08,20250708111000000,sz.002418,3.5400,3.5500,3.5400,3.5500,642800,2281596.0000,3
2025-07-08,20250708111500000,sz.002418,3.5500,3.5600,3.5500,3.5600,3115400,11069744.0000,3
2025-07-08,20250708112000000,sz.002418,3.5600,3.5600,3.5500,3.5600,289600,1030184.0000,3
2025-07-08,20250708112500000,sz.002418,3.5600,3.5600,3.5500,3.5500,174900,622528.0000,3
2025-07-08,20250708113000000,sz.002418,3.5500,3.5600,3.5500,3.5500,418600,1488968.0000,3
2025-07-08,20250708130500000,sz.002418,3.5600,3.5600,3.5500,3.5600,613100,2180344.0000,3
2025-07-08,20250708131000000,sz.002418,3.5600,3.5600,3.5500,3.5600,332100,1181632.0000,3
2025-07-08,20250708131500000,sz.002418,3.5500,3.5600,3.5500,3.5600,869800,3095032.0000,3
2025-07-08,20250708132000000,sz.002418,3.5600,3.5600,3.5500,3.5600,526900,1874888.0000,3
2025-07-08,20250708132500000,sz.002418,3.5600,3.5600,3.5500,3.5600,541000,1924936.0000,3
2025-07-08,20250708133000000,sz.002418,3.5600,3.5600,3.5500,3.5600,554700,1971216.0000,3
2025-07-08,20250708133500000,sz.002418,3.5600,3.5600,3.5400,3.5500,1154100,4096912.0000,3
2025-07-08,20250708134000000,sz.002418,3.5600,3.5600,3.5500,3.5600,162100,576768.0000,3
2025-07-08,20250708134500000,sz.002418,3.5600,3.5600,3.5500,3.5600,217500,773424.0000,3
2025-07-08,20250708135000000,sz.002418,3.5600,3.5600,3.5500,3.5600,394500,1403800.0000,3
2025-07-08,20250708135500000,sz.002418,3.5600,3.5600,3.5500,3.5600,293200,1043280.0000,3
2025-07-08,20250708140000000,sz.002418,3.5600,3.5700,3.5600,3.5600,1196300,4261160.0000,3
2025-07-08,20250708140500000,sz.002418,3.5600,3.5700,3.5500,3.5600,1048500,3731888.0000,3
2025-07-08,20250708141000000,sz.002418,3.5600,3.5600,3.5500,3.5500,424500,1510536.0000,3
2025-07-08,20250708141500000,sz.002418,3.5600,3.5600,3.5500,3.5600,271800,965568.0000,3
2025-07-08,20250708142000000,sz.002418,3.5600,3.5700,3.5500,3.5700,1258000,4478928.0000,3
2025-07-08,20250708142500000,sz.002418,3.5700,3.5700,3.5600,3.5700,1213400,4328464.0000,3
2025-07-08,20250708143000000,sz.002418,3.5700,3.5700,3.5600,3.5600,311200,1110744.0000,3
2025-07-08,20250708143500000,sz.002418,3.5600,3.5800,3.5600,3.5800,1767800,6313928.0000,3
2025-07-08,20250708144000000,sz.002418,3.5800,3.5800,3.5700,3.5800,1158000,4144984.0000,3
2025-07-08,20250708144500000,sz.002418,3.5800,3.5900,3.5800,3.5900,1806200,6470216.0000,3
2025-07-08,20250708145000000,sz.002418,3.5800,3.5900,3.5800,3.5900,1008100,3616768.0000,3
2025-07-08,20250708145500000,sz.002418,3.5900,3.5900,3.5800,3.5900,1459100,5235072.0000,3
2025-07-08,20250708150000000,sz.002418,3.5900,3.5900,3.5800,3.5900,1717800,6165424.0000,3
2025-07-09,20250709093500000,sz.002418,3.6000,3.6000,3.5700,3.5800,3368000,12086250.0000,3
2025-07-09,20250709094000000,sz.002418,3.5700,3.5900,3.5700,3.5800,1282100,4590766.0000,3
2025-07-09,20250709094500000,sz.002418,3.5800,3.5900,3.5800,3.5800,712800,2553688.0000,3
2025-07-09,20250709095000000,sz.002418,3.5800,3.5900,3.5700,3.5800,763200,2730362.0000,3
2025-07-09,20250709095500000,sz.002418,3.5700,3.5800,3.5700,3.5700,962100,3435854.0000,3
2025-07-09,20250709100000000,sz.002418,3.5700,3.5800,3.5600,3.5800,1854200,6619328.0000,3
2025-07-09,20250709100500000,sz.002418,3.5800,3.5900,3.5700,3.5900,977800,3501704.0000,3
2025-07-09,20250709101000000,sz.002418,3.5900,3.5900,3.5800,3.5800,823200,2947416.0000,3
2025-07-09,20250709101500000,sz.002418,3.5800,3.5900,3.5800,3.5800,199200,713656.0000,3
2025-07-09,20250709102000000,sz.002418,3.5800,3.5900,3.5700,3.5700,728700,2608912.0000,3
2025-07-09,20250709102500000,sz.002418,3.5700,3.5900,3.5700,3.5900,775600,2776616.0000,3
2025-07-09,20250709103000000,sz.002418,3.5900,3.5900,3.5800,3.5900,270100,968084.0000,3
2025-07-09,20250709103500000,sz.002418,3.5900,3.5900,3.5800,3.5800,502000,1797956.0000,3
2025-07-09,20250709104000000,sz.002418,3.5800,3.5900,3.5700,3.5800,674400,2414296.0000,3
2025-07-09,20250709104500000,sz.002418,3.5800,3.5800,3.5700,3.5800,329600,1179616.0000,3
2025-07-09,20250709105000000,sz.002418,3.5800,3.5900,3.5700,3.5800,629100,2252472.0000,3
2025-07-09,20250709105500000,sz.002418,3.5900,3.5900,3.5700,3.5800,720400,2578808.0000,3
2025-07-09,20250709110000000,sz.002418,3.5800,3.5800,3.5700,3.5700,316900,1131836.0000,3
2025-07-09,20250709110500000,sz.002418,3.5700,3.5800,3.5600,3.5600,1684300,6008248.0000,3
2025-07-09,20250709111000000,sz.002418,3.5600,3.5700,3.5600,3.5600,336800,1199728.0000,3
2025-07-09,20250709111500000,sz.002418,3.5600,3.5700,3.5500,3.5500,982500,3495044.0000,3
2025-07-09,20250709112000000,sz.002418,3.5500,3.5600,3.5500,3.5500,184600,655880.0000,3
2025-07-09,20250709112500000,sz.002418,3.5600,3.5700,3.5500,3.5600,1438900,5118648.0000,3
2025-07-09,20250709113000000,sz.002418,3.5600,3.5700,3.5600,3.5700,285100,1015392.0000,3
2025-07-09,20250709130500000,sz.002418,3.5700,3.5800,3.5600,3.5700,1365400,4872064.0000,3
2025-07-09,20250709131000000,sz.002418,3.5700,3.5700,3.5600,3.5700,308800,1102224.0000,3
2025-07-09,20250709131500000,sz.002418,3.5700,3.5700,3.5600,3.5700,282200,1006992.0000,3
2025-07-09,20250709132000000,sz.002418,3.5700,3.5700,3.5600,3.5700,113500,404880.0000,3
2025-07-09,20250709132500000,sz.002418,3.5600,3.5800,3.5600,3.5700,389300,1388832.0000,3
2025-07-09,20250709133000000,sz.002418,3.5700,3.5800,3.5700,3.5700,502000,1793024.0000,3
2025-07-09,20250709133500000,sz.002418,3.5700,3.5700,3.5600,3.5700,446100,1590736.0000,3
2025-07-09,20250709134000000,sz.002418,3.5700,3.5700,3.5600,3.5600,174200,621048.0000,3
2025-07-09,20250709134500000,sz.002418,3.5700,3.5700,3.5600,3.5600,177600,632760.0000,3
2025-07-09,20250709135000000,sz.002418,3.5600,3.5700,3.5600,3.5700,515800,1836800.0000,3
2025-07-09,20250709135500000,sz.002418,3.5600,3.5800,3.5600,3.5700,820700,2929304.0000,3
2025-07-09,20250709140000000,sz.002418,3.5700,3.5700,3.5600,3.5600,190100,677744.0000,3
2025-07-09,20250709140500000,sz.002418,3.5600,3.5700,3.5600,3.5600,121400,432744.0000,3
2025-07-09,20250709141000000,sz.002418,3.5600,3.5700,3.5600,3.5700,1607000,5721112.0000,3
2025-07-09,20250709141500000,sz.002418,3.5600,3.5700,3.5500,3.5600,699900,2491800.0000,3
2025-07-09,20250709142000000,sz.002418,3.5700,3.5700,3.5600,3.5700,273700,975640.0000,3
2025-07-09,20250709142500000,sz.002418,3.5700,3.5700,3.5600,3.5600,196100,698712.0000,3
2025-07-09,20250709143000000,sz.002418,3.5600,3.5700,3.5500,3.5600,838200,2984504.0000,3
2025-07-09,20250709143500000,sz.002418,3.5600,3.5700,3.5500,3.5600,771000,2745888.0000,3
2025-07-09,20250709144000000,sz.002418,3.5700,3.5700,3.5500,3.5500,763400,2713120.0000,3
2025-07-09,20250709144500000,sz.002418,3.5500,3.5600,3.5500,3.5500,1657400,5887288.0000,3
2025-07-09,20250709145000000,sz.002418,3.5500,3.5600,3.5400,3.5500,970300,3443344.0000,3
2025-07-09,20250709145500000,sz.002418,3.5600,3.5600,3.5500,3.5500,992500,3527552.0000,3
2025-07-09,20250709150000000,sz.002418,3.5500,3.5600,3.5500,3.5600,605200,2152880.0000,3
2025-07-10,20250710093500000,sz.002418,3.5700,3.6200,3.5600,3.5900,3735300,13401758.0000,3
2025-07-10,20250710094000000,sz.002418,3.5800,3.6100,3.5800,3.5900,2761600,9930664.0000,3
2025-07-10,20250710094500000,sz.002418,3.5900,3.6500,3.5900,3.6400,8129500,29467894.0000,3
2025-07-10,20250710095000000,sz.002418,3.6400,3.6600,3.6300,3.6500,6467200,23571908.0000,3
2025-07-10,20250710095500000,sz.002418,3.6500,3.6500,3.6300,3.6400,3256800,11860216.0000,3
2025-07-10,20250710100000000,sz.002418,3.6400,3.6500,3.6300,3.6400,2090600,7610776.0000,3
2025-07-10,20250710100500000,sz.002418,3.6300,3.6400,3.6100,3.6100,2471400,8954544.0000,3
2025-07-10,20250710101000000,sz.002418,3.6200,3.6200,3.6000,3.6000,1932200,6978816.0000,3
2025-07-10,20250710101500000,sz.002418,3.6000,3.6000,3.5900,3.6000,1640100,5902936.0000,3
2025-07-10,20250710102000000,sz.002418,3.5900,3.6000,3.5900,3.6000,1091500,3928816.0000,3
2025-07-10,20250710102500000,sz.002418,3.6000,3.6000,3.5800,3.5800,1925500,6911256.0000,3
2025-07-10,20250710103000000,sz.002418,3.5900,3.6000,3.5800,3.5900,971300,3485472.0000,3
2025-07-10,20250710103500000,sz.002418,3.6000,3.6000,3.5800,3.5800,1470800,5278048.0000,3
2025-07-10,20250710104000000,sz.002418,3.5800,3.5900,3.5700,3.5700,1369800,4904080.0000,3
2025-07-10,20250710104500000,sz.002418,3.5700,3.5800,3.5700,3.5700,551900,1972048.0000,3
2025-07-10,20250710105000000,sz.002418,3.5800,3.5800,3.5700,3.5800,429800,1537760.0000,3
2025-07-10,20250710105500000,sz.002418,3.5700,3.5800,3.5700,3.5800,361900,1294800.0000,3
2025-07-10,20250710110000000,sz.002418,3.5800,3.5800,3.5700,3.5800,449900,1606768.0000,3
2025-07-10,20250710110500000,sz.002418,3.5800,3.5800,3.5600,3.5700,1096400,3915744.0000,3
2025-07-10,20250710111000000,sz.002418,3.5600,3.5700,3.5600,3.5700,733500,2618192.0000,3
2025-07-10,20250710111500000,sz.002418,3.5700,3.5800,3.5700,3.5700,376200,1342992.0000,3
2025-07-10,20250710112000000,sz.002418,3.5700,3.5800,3.5700,3.5700,224300,801232.0000,3
2025-07-10,20250710112500000,sz.002418,3.5700,3.5800,3.5700,3.5800,160100,571872.0000,3
2025-07-10,20250710113000000,sz.002418,3.5800,3.5800,3.5700,3.5700,181400,648704.0000,3
2025-07-10,20250710130500000,sz.002418,3.5800,3.5800,3.5700,3.5700,226200,808400.0000,3
2025-07-10,20250710131000000,sz.002418,3.5700,3.5900,3.5700,3.5800,914000,3271312.0000,3
2025-07-10,20250710131500000,sz.002418,3.5800,3.5800,3.5700,3.5700,661600,2367968.0000,3
2025-07-10,20250710132000000,sz.002418,3.5700,3.5800,3.5600,3.5700,1753000,6259712.0000,3
2025-07-10,20250710132500000,sz.002418,3.5600,3.5700,3.5600,3.5700,1025300,3660080.0000,3
2025-07-10,20250710133000000,sz.002418,3.5700,3.5800,3.5700,3.5700,125600,449104.0000,3
2025-07-10,20250710133500000,sz.002418,3.5800,3.5800,3.5700,3.5800,163800,585200.0000,3
2025-07-10,20250710134000000,sz.002418,3.5700,3.5800,3.5600,3.5700,1035000,3695520.0000,3
2025-07-10,20250710134500000,sz.002418,3.5700,3.5800,3.5600,3.5700,341600,1219664.0000,3
2025-07-10,20250710135000000,sz.002418,3.5800,3.5800,3.5700,3.5700,338300,1210352.0000,3
2025-07-10,20250710135500000,sz.002418,3.5700,3.5800,3.5700,3.5800,115300,412512.0000,3
2025-07-10,20250710140000000,sz.002418,3.5700,3.5900,3.5700,3.5900,635700,2275600.0000,3
2025-07-10,20250710140500000,sz.002418,3.5900,3.5900,3.5800,3.5900,259600,931024.0000,3
2025-07-10,20250710141000000,sz.002418,3.5900,3.6000,3.5800,3.5900,923000,3313504.0000,3
2025-07-10,20250710141500000,sz.002418,3.5900,3.5900,3.5800,3.5800,420600,1509376.0000,3
2025-07-10,20250710142000000,sz.002418,3.5900,3.6000,3.5900,3.5900,295200,1060160.0000,3
2025-07-10,20250710142500000,sz.002418,3.5900,3.6000,3.5800,3.5900,1142300,4100368.0000,3
2025-07-10,20250710143000000,sz.002418,3.5800,3.6000,3.5800,3.5900,1009900,3624608.0000,3
2025-07-10,20250710143500000,sz.002418,3.5900,3.6000,3.5800,3.5900,572500,2053456.0000,3
2025-07-10,20250710144000000,sz.002418,3.5900,3.5900,3.5800,3.5900,1301200,4669648.0000,3
2025-07-10,20250710144500000,sz.002418,3.5900,3.6000,3.5800,3.5900,972100,3490144.0000,3
2025-07-10,20250710145000000,sz.002418,3.5900,3.6000,3.5900,3.6000,533700,1919536.0000,3
2025-07-10,20250710145500000,sz.002418,3.5900,3.6000,3.5900,3.5900,1890200,6800368.0000,3
2025-07-10,20250710150000000,sz.002418,3.5900,3.6100,3.5900,3.6100,1414700,5099456.0000,3
2025-07-11,20250711093500000,sz.002418,3.6200,3.6300,3.5800,3.5800,4607700,16609387.0000,3
2025-07-11,20250711094000000,sz.002418,3.5800,3.5900,3.5700,3.5900,2324400,8310197.0000,3
2025-07-11,20250711094500000,sz.002418,3.5800,3.5900,3.5600,3.5700,2329200,8314886.0000,3
2025-07-11,20250711095000000,sz.002418,3.5700,3.5800,3.5600,3.5700,1763000,6291058.0000,3
2025-07-11,20250711095500000,sz.002418,3.5600,3.5800,3.5600,3.5600,1405300,5014716.0000,3
2025-07-11,20250711100000000,sz.002418,3.5600,3.5700,3.5600,3.5700,1057600,3771532.0000,3
2025-07-11,20250711100500000,sz.002418,3.5600,3.5700,3.5600,3.5600,1416500,5043752.0000,3
2025-07-11,20250711101000000,sz.002418,3.5700,3.5700,3.5500,3.5600,1407900,5011008.0000,3
2025-07-11,20250711101500000,sz.002418,3.5500,3.5700,3.5500,3.5500,1273100,4532164.0000,3
2025-07-11,20250711102000000,sz.002418,3.5500,3.5600,3.5500,3.5600,382600,1359216.0000,3
2025-07-11,20250711102500000,sz.002418,3.5500,3.5800,3.5500,3.5800,1724500,6149036.0000,3
2025-07-11,20250711103000000,sz.002418,3.5700,3.6000,3.5700,3.5900,1522200,5452656.0000,3
2025-07-11,20250711103500000,sz.002418,3.5900,3.6000,3.5800,3.5800,703100,2524040.0000,3
2025-07-11,20250711104000000,sz.002418,3.5800,3.5900,3.5800,3.5800,213600,765200.0000,3
2025-07-11,20250711104500000,sz.002418,3.5800,3.5900,3.5800,3.5900,301900,1082392.0000,3
2025-07-11,20250711105000000,sz.002418,3.5900,3.5900,3.5700,3.5800,569800,2040504.0000,3
2025-07-11,20250711105500000,sz.002418,3.5700,3.5900,3.5700,3.5800,750200,2684232.0000,3
2025-07-11,20250711110000000,sz.002418,3.5900,3.5900,3.5800,3.5800,364200,1304464.0000,3
2025-07-11,20250711110500000,sz.002418,3.5800,3.5900,3.5700,3.5800,705900,2527144.0000,3
2025-07-11,20250711111000000,sz.002418,3.5800,3.5900,3.5700,3.5800,293600,1051120.0000,3
2025-07-11,20250711111500000,sz.002418,3.5800,3.5800,3.5700,3.5800,580800,2077944.0000,3
2025-07-11,20250711112000000,sz.002418,3.5700,3.5800,3.5700,3.5700,119000,425240.0000,3
2025-07-11,20250711112500000,sz.002418,3.5800,3.5800,3.5700,3.5700,309200,1104648.0000,3
2025-07-11,20250711113000000,sz.002418,3.5700,3.5900,3.5700,3.5900,496100,1776552.0000,3
2025-07-11,20250711130500000,sz.002418,3.5900,3.5900,3.5800,3.5900,580500,2080904.0000,3
2025-07-11,20250711131000000,sz.002418,3.5800,3.6000,3.5800,3.5800,1219000,4374032.0000,3
2025-07-11,20250711131500000,sz.002418,3.5900,3.5900,3.5700,3.5800,494700,1771432.0000,3
2025-07-11,20250711132000000,sz.002418,3.5800,3.5800,3.5700,3.5800,185100,662328.0000,3
2025-07-11,20250711132500000,sz.002418,3.5800,3.5900,3.5700,3.5900,352900,1263280.0000,3
2025-07-11,20250711133000000,sz.002418,3.5900,3.5900,3.5800,3.5800,574900,2061192.0000,3
2025-07-11,20250711133500000,sz.002418,3.5800,3.6000,3.5800,3.6000,882500,3168160.0000,3
2025-07-11,20250711134000000,sz.002418,3.6000,3.6000,3.5900,3.5900,704800,2533056.0000,3
2025-07-11,20250711134500000,sz.002418,3.5900,3.6000,3.5900,3.6000,151300,544280.0000,3
2025-07-11,20250711135000000,sz.002418,3.6000,3.6000,3.5900,3.5900,394500,1418584.0000,3
2025-07-11,20250711135500000,sz.002418,3.6000,3.6000,3.5900,3.6000,666600,2394312.0000,3
2025-07-11,20250711140000000,sz.002418,3.6000,3.6000,3.5900,3.5900,430200,1546776.0000,3
2025-07-11,20250711140500000,sz.002418,3.5900,3.6000,3.5900,3.6000,188100,675600.0000,3
2025-07-11,20250711141000000,sz.002418,3.5900,3.6000,3.5900,3.5900,162700,584336.0000,3
2025-07-11,20250711141500000,sz.002418,3.5900,3.6000,3.5900,3.5900,422400,1517992.0000,3
2025-07-11,20250711142000000,sz.002418,3.6000,3.6000,3.5900,3.5900,199200,716072.0000,3
2025-07-11,20250711142500000,sz.002418,3.6000,3.6000,3.5900,3.5900,259200,931832.0000,3
2025-07-11,20250711143000000,sz.002418,3.6000,3.6000,3.5900,3.6000,993400,3574408.0000,3
2025-07-11,20250711143500000,sz.002418,3.6000,3.6000,3.5900,3.6000,781000,2807792.0000,3
2025-07-11,20250711144000000,sz.002418,3.6000,3.6000,3.5800,3.5800,1348400,4841296.0000,3
2025-07-11,20250711144500000,sz.002418,3.5800,3.6000,3.5800,3.5900,1755500,6301152.0000,3
2025-07-11,20250711145000000,sz.002418,3.5900,3.6000,3.5800,3.5900,2057600,7386640.0000,3
2025-07-11,20250711145500000,sz.002418,3.5900,3.6000,3.5800,3.5800,1350600,4846624.0000,3
2025-07-11,20250711150000000,sz.002418,3.5800,3.6000,3.5800,3.6000,1976300,7105328.0000,3
2025-07-14,20250714093500000,sz.002418,3.6000,3.6300,3.5800,3.5900,3350900,12095228.0000,3
2025-07-14,20250714094000000,sz.002418,3.5800,3.6000,3.5800,3.5900,1411000,5066404.0000,3
2025-07-14,20250714094500000,sz.002418,3.5900,3.6100,3.5900,3.6000,1890000,6800086.0000,3
2025-07-14,20250714095000000,sz.002418,3.6100,3.6500,3.6100,3.6300,3675800,13350066.0000,3
2025-07-14,20250714095500000,sz.002418,3.6300,3.6400,3.6200,3.6300,1241000,4505696.0000,3
2025-07-14,20250714100000000,sz.002418,3.6300,3.6400,3.6200,3.6300,726300,2638220.0000,3
2025-07-14,20250714100500000,sz.002418,3.6200,3.6300,3.6200,3.6300,576600,2090740.0000,3
2025-07-14,20250714101000000,sz.002418,3.6200,3.6300,3.6100,3.6200,1510100,5467184.0000,3
2025-07-14,20250714101500000,sz.002418,3.6200,3.6300,3.6100,3.6200,481600,1742788.0000,3
2025-07-14,20250714102000000,sz.002418,3.6200,3.6200,3.6100,3.6200,216500,782888.0000,3
2025-07-14,20250714102500000,sz.002418,3.6200,3.6200,3.6100,3.6100,295800,1069316.0000,3
2025-07-14,20250714103000000,sz.002418,3.6100,3.6200,3.6000,3.6100,1017000,3670688.0000,3
2025-07-14,20250714103500000,sz.002418,3.6100,3.6100,3.6000,3.6100,425900,1534268.0000,3
2025-07-14,20250714104000000,sz.002418,3.6100,3.6200,3.6000,3.6100,902000,3256832.0000,3
2025-07-14,20250714104500000,sz.002418,3.6100,3.6200,3.6000,3.6100,1212800,4377980.0000,3
2025-07-14,20250714105000000,sz.002418,3.6100,3.6100,3.6000,3.6100,269000,968944.0000,3
2025-07-14,20250714105500000,sz.002418,3.6000,3.6100,3.6000,3.6000,91400,329416.0000,3
2025-07-14,20250714110000000,sz.002418,3.6100,3.6100,3.5900,3.5900,1357600,4887184.0000,3
2025-07-14,20250714110500000,sz.002418,3.5900,3.6100,3.5900,3.6100,314600,1133160.0000,3
2025-07-14,20250714111000000,sz.002418,3.6000,3.6100,3.6000,3.6100,161700,583528.0000,3
2025-07-14,20250714111500000,sz.002418,3.6100,3.6100,3.6000,3.6100,157200,566096.0000,3
2025-07-14,20250714112000000,sz.002418,3.6000,3.6100,3.6000,3.6100,433400,1560704.0000,3
2025-07-14,20250714112500000,sz.002418,3.6100,3.6100,3.6000,3.6000,304100,1094888.0000,3
2025-07-14,20250714113000000,sz.002418,3.6100,3.6100,3.5900,3.5900,1008200,3628000.0000,3
2025-07-14,20250714130500000,sz.002418,3.5900,3.6000,3.5900,3.5900,665900,2395592.0000,3
2025-07-14,20250714131000000,sz.002418,3.6000,3.6000,3.5900,3.6000,146600,527368.0000,3
2025-07-14,20250714131500000,sz.002418,3.6000,3.6100,3.5900,3.6000,852700,3069864.0000,3
2025-07-14,20250714132000000,sz.002418,3.6100,3.6100,3.5900,3.5900,284100,1021936.0000,3
2025-07-14,20250714132500000,sz.002418,3.6000,3.6100,3.5900,3.6000,436300,1570056.0000,3
2025-07-14,20250714133000000,sz.002418,3.6000,3.6100,3.6000,3.6000,285800,1029904.0000,3
2025-07-14,20250714133500000,sz.002418,3.6000,3.6100,3.6000,3.6000,169500,610488.0000,3
2025-07-14,20250714134000000,sz.002418,3.6000,3.6100,3.6000,3.6100,156900,564928.0000,3
2025-07-14,20250714134500000,sz.002418,3.6000,3.6100,3.6000,3.6000,100100,360528.0000,3
2025-07-14,20250714135000000,sz.002418,3.6000,3.6100,3.6000,3.6000,45400,163768.0000,3
2025-07-14,20250714135500000,sz.002418,3.6000,3.6100,3.6000,3.6000,85500,307960.0000,3
2025-07-14,20250714140000000,sz.002418,3.6100,3.6100,3.6000,3.6100,308400,1110792.0000,3
2025-07-14,20250714140500000,sz.002418,3.6000,3.6100,3.5900,3.6000,857300,3086576.0000,3
2025-07-14,20250714141000000,sz.002418,3.5900,3.6000,3.5900,3.6000,854100,3073080.0000,3
2025-07-14,20250714141500000,sz.002418,3.6000,3.6000,3.5900,3.5900,306400,1101544.0000,3
2025-07-14,20250714142000000,sz.002418,3.6000,3.6000,3.5900,3.6000,428800,1542336.0000,3
2025-07-14,20250714142500000,sz.002418,3.6000,3.6000,3.5900,3.6000,182000,654592.0000,3
2025-07-14,20250714143000000,sz.002418,3.6000,3.6100,3.5900,3.6000,738800,2658928.0000,3
2025-07-14,20250714143500000,sz.002418,3.6100,3.6100,3.6000,3.6100,266600,961184.0000,3
2025-07-14,20250714144000000,sz.002418,3.6000,3.6100,3.6000,3.6000,397500,1432992.0000,3
2025-07-14,20250714144500000,sz.002418,3.6000,3.6100,3.6000,3.6100,606700,2189128.0000,3
2025-07-14,20250714145000000,sz.002418,3.6100,3.6100,3.6000,3.6100,551600,1988472.0000,3
2025-07-14,20250714145500000,sz.002418,3.6000,3.6100,3.6000,3.6000,1272500,4588144.0000,3
2025-07-14,20250714150000000,sz.002418,3.6000,3.6100,3.6000,3.6100,1958600,7067480.0000,3
2025-07-15,20250715093500000,sz.002418,3.5900,3.6000,3.5500,3.5600,3763500,13433622.0000,3
2025-07-15,20250715094000000,sz.002418,3.5500,3.5800,3.5500,3.5700,1646800,5874344.0000,3
2025-07-15,20250715094500000,sz.002418,3.5700,3.5700,3.5500,3.5600,1884800,6709160.0000,3
2025-07-15,20250715095000000,sz.002418,3.5700,3.6500,3.5600,3.6100,4576100,16496126.0000,3
2025-07-15,20250715095500000,sz.002418,3.6200,3.7200,3.6100,3.6300,17009000,62370100.0000,3
2025-07-15,20250715100000000,sz.002418,3.6300,3.6400,3.6000,3.6100,3707700,13418144.0000,3
2025-07-15,20250715100500000,sz.002418,3.6100,3.6200,3.5800,3.6200,3208800,11546944.0000,3
2025-07-15,20250715101000000,sz.002418,3.6200,3.6400,3.6200,3.6200,2777700,10080584.0000,3
2025-07-15,20250715101500000,sz.002418,3.6200,3.6200,3.6000,3.6000,2194600,7921712.0000,3
2025-07-15,20250715102000000,sz.002418,3.6000,3.6200,3.5900,3.6100,2322000,8375712.0000,3
2025-07-15,20250715102500000,sz.002418,3.6200,3.6600,3.6100,3.6400,3011500,10936624.0000,3
2025-07-15,20250715103000000,sz.002418,3.6300,3.6300,3.6100,3.6100,1367300,4957472.0000,3
2025-07-15,20250715103500000,sz.002418,3.6100,3.6100,3.5900,3.6100,1519000,5471616.0000,3
2025-07-15,20250715104000000,sz.002418,3.6000,3.6100,3.6000,3.6000,196600,708704.0000,3
2025-07-15,20250715104500000,sz.002418,3.6100,3.6100,3.5900,3.5900,1845700,6644976.0000,3
2025-07-15,20250715105000000,sz.002418,3.6000,3.6000,3.5900,3.5900,454500,1633856.0000,3
2025-07-15,20250715105500000,sz.002418,3.6000,3.6000,3.5800,3.5900,1400300,5028144.0000,3
2025-07-15,20250715110000000,sz.002418,3.5900,3.5900,3.5800,3.5800,692300,2481840.0000,3
2025-07-15,20250715110500000,sz.002418,3.5900,3.6000,3.5800,3.5900,1383000,4965488.0000,3
2025-07-15,20250715111000000,sz.002418,3.6000,3.6200,3.5900,3.6100,1017100,3667952.0000,3
2025-07-15,20250715111500000,sz.002418,3.6000,3.6100,3.5900,3.6000,832800,2995088.0000,3
2025-07-15,20250715112000000,sz.002418,3.5900,3.6000,3.5800,3.5900,573500,2058496.0000,3
2025-07-15,20250715112500000,sz.002418,3.5800,3.5900,3.5800,3.5900,473500,1695840.0000,3
2025-07-15,20250715113000000,sz.002418,3.5800,3.5900,3.5700,3.5800,721100,2581232.0000,3
2025-07-15,20250715130500000,sz.002418,3.5800,3.5800,3.5600,3.5700,1591800,5683792.0000,3
2025-07-15,20250715131000000,sz.002418,3.5800,3.6000,3.5700,3.5900,1602100,5746688.0000,3
2025-07-15,20250715131500000,sz.002418,3.5900,3.6000,3.5800,3.6000,459800,1650496.0000,3
2025-07-15,20250715132000000,sz.002418,3.5900,3.6000,3.5900,3.5900,564300,2027312.0000,3
2025-07-15,20250715132500000,sz.002418,3.6000,3.6000,3.5900,3.5900,122800,441648.0000,3
2025-07-15,20250715133000000,sz.002418,3.6000,3.6000,3.5900,3.5900,626300,2249280.0000,3
2025-07-15,20250715133500000,sz.002418,3.5900,3.6000,3.5900,3.5900,166800,599776.0000,3
2025-07-15,20250715134000000,sz.002418,3.5900,3.6000,3.5800,3.5900,631800,2267952.0000,3
2025-07-15,20250715134500000,sz.002418,3.5900,3.5900,3.5800,3.5800,149200,535200.0000,3
2025-07-15,20250715135000000,sz.002418,3.5800,3.5900,3.5700,3.5800,943700,3379120.0000,3
2025-07-15,20250715135500000,sz.002418,3.5800,3.5900,3.5800,3.5900,254400,911056.0000,3
2025-07-15,20250715140000000,sz.002418,3.5800,3.5900,3.5800,3.5800,238100,852640.0000,3
2025-07-15,20250715140500000,sz.002418,3.5900,3.6000,3.5800,3.6000,1047400,3762400.0000,3
2025-07-15,20250715141000000,sz.002418,3.5900,3.6000,3.5900,3.5900,142000,511024.0000,3
2025-07-15,20250715141500000,sz.002418,3.6000,3.6000,3.5900,3.6000,806900,2898688.0000,3
2025-07-15,20250715142000000,sz.002418,3.5900,3.6000,3.5800,3.6000,831700,2985856.0000,3
2025-07-15,20250715142500000,sz.002418,3.5900,3.6000,3.5900,3.6000,772200,2779344.0000,3
2025-07-15,20250715143000000,sz.002418,3.5900,3.6100,3.5900,3.6000,441300,1587888.0000,3
2025-07-15,20250715143500000,sz.002418,3.6000,3.6100,3.6000,3.6100,311800,1124976.0000,3
2025-07-15,20250715144000000,sz.002418,3.6100,3.6200,3.6100,3.6100,1251200,4518320.0000,3
2025-07-15,20250715144500000,sz.002418,3.6100,3.6100,3.6000,3.6100,1362000,4915984.0000,3
2025-07-15,20250715145000000,sz.002418,3.6000,3.6100,3.6000,3.6100,440200,1587648.0000,3
2025-07-15,20250715145500000,sz.002418,3.6000,3.6200,3.6000,3.6100,1856200,6695472.0000,3
2025-07-15,20250715150000000,sz.002418,3.6200,3.6200,3.6100,3.6200,1607000,5815136.0000,3
2025-07-16,20250716093500000,sz.002418,3.6300,3.7200,3.6200,3.7000,15640200,57626304.0000,3
2025-07-16,20250716094000000,sz.002418,3.7000,3.7700,3.6900,3.7400,15569500,58149592.0000,3
2025-07-16,20250716094500000,sz.002418,3.7300,3.7400,3.7100,3.7100,5172800,19267128.0000,3
2025-07-16,20250716095000000,sz.002418,3.7100,3.7200,3.6900,3.7000,3444400,12756016.0000,3
2025-07-16,20250716095500000,sz.002418,3.7000,3.7200,3.7000,3.7100,2387400,8848320.0000,3
2025-07-16,20250716100000000,sz.002418,3.7100,3.7200,3.7000,3.7000,2305000,8546832.0000,3
2025-07-16,20250716100500000,sz.002418,3.7000,3.7200,3.7000,3.7000,3152200,11678624.0000,3
2025-07-16,20250716101000000,sz.002418,3.7000,3.7000,3.6800,3.6800,2517800,9292592.0000,3
2025-07-16,20250716101500000,sz.002418,3.6800,3.6900,3.6800,3.6800,1028500,3791712.0000,3
2025-07-16,20250716102000000,sz.002418,3.6800,3.6900,3.6700,3.6800,2363500,8697984.0000,3
2025-07-16,20250716102500000,sz.002418,3.6900,3.7000,3.6800,3.6800,1708500,6303552.0000,3
2025-07-16,20250716103000000,sz.002418,3.6900,3.6900,3.6800,3.6800,858600,3166112.0000,3
2025-07-16,20250716103500000,sz.002418,3.6900,3.6900,3.6800,3.6900,1249900,4608480.0000,3
2025-07-16,20250716104000000,sz.002418,3.6900,3.7000,3.6900,3.6900,1105700,4084160.0000,3
2025-07-16,20250716104500000,sz.002418,3.7000,3.7000,3.6800,3.6900,1512500,5585072.0000,3
2025-07-16,20250716105000000,sz.002418,3.6900,3.7000,3.6800,3.7000,565700,2088976.0000,3
2025-07-16,20250716105500000,sz.002418,3.6900,3.7000,3.6800,3.6900,1274900,4705088.0000,3
2025-07-16,20250716110000000,sz.002418,3.6800,3.7000,3.6800,3.7000,641900,2368256.0000,3
2025-07-16,20250716110500000,sz.002418,3.7000,3.7000,3.6900,3.7000,192300,710272.0000,3
2025-07-16,20250716111000000,sz.002418,3.7000,3.7000,3.6800,3.6800,1286600,4744960.0000,3
2025-07-16,20250716111500000,sz.002418,3.6800,3.6900,3.6800,3.6800,708800,2609184.0000,3
2025-07-16,20250716112000000,sz.002418,3.6800,3.6900,3.6800,3.6900,231800,853760.0000,3
2025-07-16,20250716112500000,sz.002418,3.6900,3.6900,3.6800,3.6800,248900,916928.0000,3
2025-07-16,20250716113000000,sz.002418,3.6900,3.6900,3.6700,3.6700,969700,3568320.0000,3
2025-07-16,20250716130500000,sz.002418,3.6800,3.6900,3.6700,3.6700,1128300,4150992.0000,3
2025-07-16,20250716131000000,sz.002418,3.6800,3.6800,3.6600,3.6600,1487700,5460560.0000,3
2025-07-16,20250716131500000,sz.002418,3.6700,3.6700,3.6500,3.6600,1425000,5216704.0000,3
2025-07-16,20250716132000000,sz.002418,3.6600,3.6600,3.6500,3.6500,1059000,3873680.0000,3
2025-07-16,20250716132500000,sz.002418,3.6700,3.6700,3.6500,3.6600,638000,2333376.0000,3
2025-07-16,20250716133000000,sz.002418,3.6600,3.6700,3.6600,3.6700,392300,1436656.0000,3
2025-07-16,20250716133500000,sz.002418,3.6700,3.6700,3.6600,3.6600,454200,1662944.0000,3
2025-07-16,20250716134000000,sz.002418,3.6600,3.6600,3.6500,3.6500,988200,3614592.0000,3
2025-07-16,20250716134500000,sz.002418,3.6600,3.6600,3.6500,3.6500,367000,1340960.0000,3
2025-07-16,20250716135000000,sz.002418,3.6500,3.6500,3.6300,3.6400,3349600,12193248.0000,3
2025-07-16,20250716135500000,sz.002418,3.6400,3.6500,3.6400,3.6400,1093800,3988736.0000,3
2025-07-16,20250716140000000,sz.002418,3.6500,3.6700,3.6500,3.6700,983300,3598880.0000,3
2025-07-16,20250716140500000,sz.002418,3.6600,3.6700,3.6500,3.6600,732000,2679360.0000,3
2025-07-16,20250716141000000,sz.002418,3.6500,3.6600,3.6500,3.6600,658100,2406656.0000,3
2025-07-16,20250716141500000,sz.002418,3.6600,3.6700,3.6600,3.6600,396300,1453856.0000,3
2025-07-16,20250716142000000,sz.002418,3.6600,3.6700,3.6600,3.6700,332300,1218432.0000,3
2025-07-16,20250716142500000,sz.002418,3.6700,3.6800,3.6600,3.6700,1087300,3990080.0000,3
2025-07-16,20250716143000000,sz.002418,3.6600,3.6700,3.6600,3.6700,397800,1458976.0000,3
2025-07-16,20250716143500000,sz.002418,3.6700,3.6700,3.6600,3.6600,522300,1915040.0000,3
2025-07-16,20250716144000000,sz.002418,3.6700,3.6700,3.6600,3.6600,1366100,5005568.0000,3
2025-07-16,20250716144500000,sz.002418,3.6600,3.6700,3.6600,3.6600,1270800,4657888.0000,3
2025-07-16,20250716145000000,sz.002418,3.6600,3.6700,3.6600,3.6600,2552500,9362400.0000,3
2025-07-16,20250716145500000,sz.002418,3.6700,3.6800,3.6600,3.6800,2781000,10205696.0000,3
2025-07-16,20250716150000000,sz.002418,3.6700,3.6800,3.6700,3.6800,2439300,8972352.0000,3
2025-07-17,20250717093500000,sz.002418,3.6600,3.6600,3.6300,3.6400,6691200,24361428.0000,3
2025-07-17,20250717094000000,sz.002418,3.6400,3.6600,3.6300,3.6400,2991600,10902336.0000,3
2025-07-17,20250717094500000,sz.002418,3.6500,3.6500,3.6300,3.6400,2253400,8204764.0000,3
2025-07-17,20250717095000000,sz.002418,3.6400,3.6500,3.6400,3.6400,2063700,7513664.0000,3
2025-07-17,20250717095500000,sz.002418,3.6400,3.6600,3.6400,3.6400,1613000,5886524.0000,3
2025-07-17,20250717100000000,sz.002418,3.6400,3.6500,3.6400,3.6500,926700,3375916.0000,3
2025-07-17,20250717100500000,sz.002418,3.6400,3.6600,3.6400,3.6500,1409400,5146612.0000,3
2025-07-17,20250717101000000,sz.002418,3.6500,3.6500,3.6400,3.6500,773600,2819348.0000,3
2025-07-17,20250717101500000,sz.002418,3.6500,3.6600,3.6400,3.6500,858200,3129440.0000,3
2025-07-17,20250717102000000,sz.002418,3.6500,3.6600,3.6400,3.6500,831000,3033120.0000,3
2025-07-17,20250717102500000,sz.002418,3.6400,3.6500,3.6400,3.6400,551600,2008512.0000,3
2025-07-17,20250717103000000,sz.002418,3.6400,3.6500,3.6300,3.6300,1746600,6351848.0000,3
2025-07-17,20250717103500000,sz.002418,3.6300,3.6400,3.6300,3.6300,857200,3115656.0000,3
2025-07-17,20250717104000000,sz.002418,3.6300,3.6400,3.6300,3.6300,566400,2057600.0000,3
2025-07-17,20250717104500000,sz.002418,3.6300,3.6400,3.6200,3.6200,1730600,6279200.0000,3
2025-07-17,20250717105000000,sz.002418,3.6200,3.6300,3.6200,3.6200,2218000,8030016.0000,3
2025-07-17,20250717105500000,sz.002418,3.6200,3.6300,3.6200,3.6200,647800,2345344.0000,3
2025-07-17,20250717110000000,sz.002418,3.6200,3.6300,3.6200,3.6300,1442800,5235232.0000,3
2025-07-17,20250717110500000,sz.002418,3.6200,3.6300,3.6200,3.6300,427400,1548328.0000,3
2025-07-17,20250717111000000,sz.002418,3.6200,3.6300,3.6200,3.6300,854400,3094344.0000,3
2025-07-17,20250717111500000,sz.002418,3.6300,3.6300,3.6200,3.6200,358900,1299736.0000,3
2025-07-17,20250717112000000,sz.002418,3.6200,3.6300,3.6200,3.6300,305900,1108808.0000,3
2025-07-17,20250717112500000,sz.002418,3.6200,3.6300,3.6200,3.6200,266700,966272.0000,3
2025-07-17,20250717113000000,sz.002418,3.6300,3.6300,3.6200,3.6200,627200,2273128.0000,3
2025-07-17,20250717130500000,sz.002418,3.6300,3.6400,3.6300,3.6300,829000,3009728.0000,3
2025-07-17,20250717131000000,sz.002418,3.6400,3.6400,3.6300,3.6300,1059200,3846400.0000,3
2025-07-17,20250717131500000,sz.002418,3.6200,3.6400,3.6200,3.6400,1465700,5313704.0000,3
2025-07-17,20250717132000000,sz.002418,3.6300,3.6400,3.6300,3.6300,615500,2237328.0000,3
2025-07-17,20250717132500000,sz.002418,3.6400,3.6400,3.6300,3.6300,636000,2312320.0000,3
2025-07-17,20250717133000000,sz.002418,3.6300,3.6500,3.6300,3.6300,523500,1904752.0000,3
2025-07-17,20250717133500000,sz.002418,3.6400,3.6400,3.6300,3.6400,298800,1086320.0000,3
2025-07-17,20250717134000000,sz.002418,3.6300,3.6400,3.6300,3.6400,448400,1630720.0000,3
2025-07-17,20250717134500000,sz.002418,3.6400,3.6500,3.6300,3.6400,801700,2916080.0000,3
2025-07-17,20250717135000000,sz.002418,3.6400,3.6400,3.6300,3.6300,628000,2285200.0000,3
2025-07-17,20250717135500000,sz.002418,3.6300,3.6400,3.6300,3.6300,582900,2119824.0000,3
2025-07-17,20250717140000000,sz.002418,3.6400,3.6400,3.6300,3.6300,464900,1690480.0000,3
2025-07-17,20250717140500000,sz.002418,3.6400,3.6500,3.6300,3.6300,1038200,3778528.0000,3
2025-07-17,20250717141000000,sz.002418,3.6300,3.6400,3.6300,3.6400,525300,1911328.0000,3
2025-07-17,20250717141500000,sz.002418,3.6400,3.6400,3.6300,3.6400,235000,854864.0000,3
2025-07-17,20250717142000000,sz.002418,3.6300,3.6400,3.6300,3.6300,254300,923488.0000,3
2025-07-17,20250717142500000,sz.002418,3.6400,3.6400,3.6300,3.6300,600400,2184160.0000,3
2025-07-17,20250717143000000,sz.002418,3.6300,3.6400,3.6200,3.6400,3047700,11063120.0000,3
2025-07-17,20250717143500000,sz.002418,3.6300,3.6400,3.6300,3.6400,522000,1895840.0000,3
2025-07-17,20250717144000000,sz.002418,3.6300,3.6400,3.6300,3.6300,504500,1833120.0000,3
2025-07-17,20250717144500000,sz.002418,3.6400,3.6400,3.6300,3.6300,735000,2670272.0000,3
2025-07-17,20250717145000000,sz.002418,3.6300,3.6400,3.6200,3.6300,1707200,6197888.0000,3
2025-07-17,20250717145500000,sz.002418,3.6300,3.6400,3.6200,3.6400,1910700,6939392.0000,3
2025-07-17,20250717150000000,sz.002418,3.6300,3.6400,3.6300,3.6400,2061600,7497616.0000,3
2025-07-18,20250718093500000,sz.002418,3.6400,3.6700,3.6400,3.6500,3412500,12469370.0000,3
2025-07-18,20250718094000000,sz.002418,3.6500,3.6700,3.6500,3.6600,2163700,7927582.0000,3
2025-07-18,20250718094500000,sz.002418,3.6600,3.6600,3.6400,3.6400,1242100,4535378.0000,3
2025-07-18,20250718095000000,sz.002418,3.6400,3.6500,3.6200,3.6300,1642000,5969994.0000,3
2025-07-18,20250718095500000,sz.002418,3.6300,3.6400,3.6200,3.6300,1459800,5299092.0000,3
2025-07-18,20250718100000000,sz.002418,3.6300,3.6400,3.6300,3.6300,580800,2109056.0000,3
2025-07-18,20250718100500000,sz.002418,3.6300,3.6400,3.6200,3.6300,1447200,5250460.0000,3
2025-07-18,20250718101000000,sz.002418,3.6200,3.6300,3.6100,3.6100,2017800,7296956.0000,3
2025-07-18,20250718101500000,sz.002418,3.6100,3.6200,3.6100,3.6100,626100,2261064.0000,3
2025-07-18,20250718102000000,sz.002418,3.6100,3.6200,3.5900,3.5900,3448400,12421320.0000,3
2025-07-18,20250718102500000,sz.002418,3.5900,3.6000,3.5900,3.5900,614900,2208960.0000,3
2025-07-18,20250718103000000,sz.002418,3.5900,3.6000,3.5900,3.5900,1575300,5655872.0000,3
2025-07-18,20250718103500000,sz.002418,3.5900,3.6000,3.5800,3.5900,1666500,5976056.0000,3
2025-07-18,20250718104000000,sz.002418,3.5900,3.6000,3.5800,3.5900,826500,2966040.0000,3
2025-07-18,20250718104500000,sz.002418,3.6000,3.6000,3.5900,3.5900,372800,1339072.0000,3
2025-07-18,20250718105000000,sz.002418,3.6000,3.6000,3.5900,3.5900,296300,1064528.0000,3
2025-07-18,20250718105500000,sz.002418,3.5900,3.6000,3.5800,3.5900,1586800,5696632.0000,3
2025-07-18,20250718110000000,sz.002418,3.5900,3.5900,3.5800,3.5900,533300,1912280.0000,3
2025-07-18,20250718110500000,sz.002418,3.5800,3.5900,3.5800,3.5900,448700,1607984.0000,3
2025-07-18,20250718111000000,sz.002418,3.5800,3.5900,3.5800,3.5900,240600,862680.0000,3
2025-07-18,20250718111500000,sz.002418,3.5800,3.5900,3.5800,3.5800,262600,941000.0000,3
2025-07-18,20250718112000000,sz.002418,3.5900,3.5900,3.5800,3.5800,290500,1040664.0000,3
2025-07-18,20250718112500000,sz.002418,3.5800,3.5900,3.5800,3.5800,483400,1732160.0000,3
2025-07-18,20250718113000000,sz.002418,3.5900,3.5900,3.5800,3.5800,891100,3196776.0000,3
2025-07-18,20250718130500000,sz.002418,3.5800,3.6000,3.5800,3.5800,746000,2677384.0000,3
2025-07-18,20250718131000000,sz.002418,3.5900,3.5900,3.5800,3.5900,331400,1187320.0000,3
2025-07-18,20250718131500000,sz.002418,3.5900,3.5900,3.5800,3.5900,218800,784208.0000,3
2025-07-18,20250718132000000,sz.002418,3.5900,3.5900,3.5800,3.5800,226600,811536.0000,3
2025-07-18,20250718132500000,sz.002418,3.5800,3.5900,3.5800,3.5800,525900,1883328.0000,3
2025-07-18,20250718133000000,sz.002418,3.5800,3.5900,3.5700,3.5800,1923500,6885480.0000,3
2025-07-18,20250718133500000,sz.002418,3.5700,3.5800,3.5600,3.5700,2475400,8836720.0000,3
2025-07-18,20250718134000000,sz.002418,3.5600,3.5700,3.5600,3.5700,455100,1622696.0000,3
2025-07-18,20250718134500000,sz.002418,3.5600,3.5700,3.5600,3.5700,379100,1350984.0000,3
2025-07-18,20250718135000000,sz.002418,3.5600,3.5700,3.5600,3.5700,330300,1178128.0000,3
2025-07-18,20250718135500000,sz.002418,3.5700,3.5700,3.5600,3.5700,428300,1525736.0000,3
2025-07-18,20250718140000000,sz.002418,3.5600,3.5700,3.5600,3.5700,207300,738448.0000,3
2025-07-18,20250718140500000,sz.002418,3.5700,3.5700,3.5600,3.5700,1176100,4196704.0000,3
2025-07-18,20250718141000000,sz.002418,3.5600,3.5800,3.5600,3.5700,490700,1752320.0000,3
2025-07-18,20250718141500000,sz.002418,3.5700,3.5800,3.5700,3.5700,194400,695264.0000,3
2025-07-18,20250718142000000,sz.002418,3.5700,3.5900,3.5700,3.5800,1252400,4483264.0000,3
2025-07-18,20250718142500000,sz.002418,3.5800,3.5900,3.5800,3.5900,130700,468160.0000,3
2025-07-18,20250718143000000,sz.002418,3.5800,3.5900,3.5800,3.5800,420700,1506656.0000,3
2025-07-18,20250718143500000,sz.002418,3.5800,3.5900,3.5800,3.5800,299100,1071760.0000,3
2025-07-18,20250718144000000,sz.002418,3.5900,3.5900,3.5800,3.5800,404700,1450096.0000,3
2025-07-18,20250718144500000,sz.002418,3.5800,3.5900,3.5800,3.5900,544300,1952112.0000,3
2025-07-18,20250718145000000,sz.002418,3.5900,3.5900,3.5800,3.5800,481800,1727600.0000,3
2025-07-18,20250718145500000,sz.002418,3.5800,3.5900,3.5800,3.5900,1407200,5048032.0000,3
2025-07-18,20250718150000000,sz.002418,3.5900,3.6000,3.5800,3.6000,1426400,5127616.0000,3
2025-07-21,20250721093500000,sz.002418,3.5700,3.6100,3.5700,3.6100,3440600,12345121.0000,3
2025-07-21,20250721094000000,sz.002418,3.6200,3.6200,3.5900,3.6000,1852900,6686239.0000,3
2025-07-21,20250721094500000,sz.002418,3.6000,3.6100,3.6000,3.6100,953500,3436700.0000,3
2025-07-21,20250721095000000,sz.002418,3.6200,3.6200,3.6000,3.6000,2716400,9804952.0000,3
2025-07-21,20250721095500000,sz.002418,3.6000,3.6200,3.6000,3.6200,1560600,5635360.0000,3
2025-07-21,20250721100000000,sz.002418,3.6200,3.6200,3.6100,3.6100,1140900,4129392.0000,3
2025-07-21,20250721100500000,sz.002418,3.6100,3.6200,3.6100,3.6100,289100,1044828.0000,3
2025-07-21,20250721101000000,sz.002418,3.6200,3.6200,3.6100,3.6100,390700,1411728.0000,3
2025-07-21,20250721101500000,sz.002418,3.6100,3.6200,3.6100,3.6200,329200,1189504.0000,3
2025-07-21,20250721102000000,sz.002418,3.6200,3.6200,3.6100,3.6100,813500,2940320.0000,3
2025-07-21,20250721102500000,sz.002418,3.6100,3.6200,3.6000,3.6000,2527400,9124688.0000,3
2025-07-21,20250721103000000,sz.002418,3.6000,3.6200,3.6000,3.6000,696300,2513820.0000,3
2025-07-21,20250721103500000,sz.002418,3.6000,3.6200,3.6000,3.6000,422100,1523452.0000,3
2025-07-21,20250721104000000,sz.002418,3.6000,3.6100,3.6000,3.6100,500600,1802880.0000,3
2025-07-21,20250721104500000,sz.002418,3.6100,3.6100,3.6000,3.6000,387700,1396496.0000,3
2025-07-21,20250721105000000,sz.002418,3.6000,3.6100,3.5900,3.5900,2079700,7486576.0000,3
2025-07-21,20250721105500000,sz.002418,3.5900,3.6100,3.5900,3.6000,1175300,4224320.0000,3
2025-07-21,20250721110000000,sz.002418,3.6000,3.6100,3.5900,3.6000,507000,1825184.0000,3
2025-07-21,20250721110500000,sz.002418,3.6000,3.6100,3.5900,3.6000,246000,885544.0000,3
2025-07-21,20250721111000000,sz.002418,3.6000,3.6000,3.5900,3.6000,331800,1191536.0000,3
2025-07-21,20250721111500000,sz.002418,3.6000,3.6000,3.5900,3.5900,618000,2219584.0000,3
2025-07-21,20250721112000000,sz.002418,3.5900,3.6000,3.5800,3.5900,602000,2161216.0000,3
2025-07-21,20250721112500000,sz.002418,3.5800,3.6000,3.5800,3.6000,516100,1852352.0000,3
2025-07-21,20250721113000000,sz.002418,3.6000,3.6000,3.5900,3.5900,799800,2872928.0000,3
2025-07-21,20250721130500000,sz.002418,3.5900,3.6000,3.5900,3.5900,581400,2088592.0000,3
2025-07-21,20250721131000000,sz.002418,3.6000,3.6000,3.5900,3.6000,433300,1557064.0000,3
2025-07-21,20250721131500000,sz.002418,3.5900,3.6000,3.5900,3.5900,495400,1778904.0000,3
2025-07-21,20250721132000000,sz.002418,3.5900,3.6000,3.5900,3.6000,257200,924592.0000,3
2025-07-21,20250721132500000,sz.002418,3.6000,3.6000,3.5900,3.6000,403400,1449760.0000,3
2025-07-21,20250721133000000,sz.002418,3.6000,3.6000,3.5900,3.6000,260800,936784.0000,3
2025-07-21,20250721133500000,sz.002418,3.6000,3.6100,3.5900,3.6100,1935600,6968912.0000,3
2025-07-21,20250721134000000,sz.002418,3.6000,3.6100,3.6000,3.6000,226100,814424.0000,3
2025-07-21,20250721134500000,sz.002418,3.6000,3.6100,3.6000,3.6100,1236200,4461504.0000,3
2025-07-21,20250721135000000,sz.002418,3.6100,3.6100,3.6000,3.6100,461200,1664136.0000,3
2025-07-21,20250721135500000,sz.002418,3.6100,3.6100,3.6000,3.6100,891000,3215984.0000,3
2025-07-21,20250721140000000,sz.002418,3.6100,3.6100,3.6000,3.6000,562800,2030368.0000,3
2025-07-21,20250721140500000,sz.002418,3.6100,3.6200,3.6000,3.6100,381700,1377480.0000,3
2025-07-21,20250721141000000,sz.002418,3.6200,3.6200,3.6100,3.6200,209900,758256.0000,3
2025-07-21,20250721141500000,sz.002418,3.6100,3.6200,3.6100,3.6200,159000,574312.0000,3
2025-07-21,20250721142000000,sz.002418,3.6100,3.6200,3.6100,3.6200,382300,1382088.0000,3
2025-07-21,20250721142500000,sz.002418,3.6200,3.6200,3.6100,3.6200,362200,1308840.0000,3
2025-07-21,20250721143000000,sz.002418,3.6200,3.6400,3.6100,3.6300,5359600,19425008.0000,3
2025-07-21,20250721143500000,sz.002418,3.6300,3.6300,3.6200,3.6300,611800,2220608.0000,3
2025-07-21,20250721144000000,sz.002418,3.6200,3.6300,3.6200,3.6300,458600,1662944.0000,3
2025-07-21,20250721144500000,sz.002418,3.6300,3.6300,3.6200,3.6200,457800,1659408.0000,3
2025-07-21,20250721145000000,sz.002418,3.6300,3.6300,3.6200,3.6200,469400,1701904.0000,3
2025-07-21,20250721145500000,sz.002418,3.6200,3.6300,3.6200,3.6300,1449300,5258704.0000,3
2025-07-21,20250721150000000,sz.002418,3.6200,3.6300,3.6200,3.6300,1535100,5569888.0000,3
2025-07-22,20250722093500000,sz.002418,3.6300,3.6300,3.5800,3.5900,2821300,10159823.0000,3
2025-07-22,20250722094000000,sz.002418,3.5900,3.5900,3.5700,3.5700,3395700,12158265.0000,3
2025-07-22,20250722094500000,sz.002418,3.5800,3.5800,3.5600,3.5700,3270100,11674920.0000,3
2025-07-22,20250722095000000,sz.002418,3.5700,3.5700,3.5600,3.5600,3130300,11152696.0000,3
2025-07-22,20250722095500000,sz.002418,3.5600,3.5700,3.5500,3.5600,1847000,6565736.0000,3
2025-07-22,20250722100000000,sz.002418,3.5600,3.5600,3.5500,3.5500,1849800,6577464.0000,3
2025-07-22,20250722100500000,sz.002418,3.5500,3.5600,3.5300,3.5400,4018600,14230888.0000,3
2025-07-22,20250722101000000,sz.002418,3.5300,3.5500,3.5300,3.5500,1275400,4514064.0000,3
2025-07-22,20250722101500000,sz.002418,3.5400,3.5500,3.5400,3.5400,699600,2477912.0000,3
2025-07-22,20250722102000000,sz.002418,3.5400,3.5500,3.5400,3.5400,1222300,4332128.0000,3
2025-07-22,20250722102500000,sz.002418,3.5400,3.5500,3.5300,3.5400,1852400,6550680.0000,3
2025-07-22,20250722103000000,sz.002418,3.5300,3.5400,3.5300,3.5400,898200,3175032.0000,3
2025-07-22,20250722103500000,sz.002418,3.5400,3.5400,3.5300,3.5400,942100,3334440.0000,3
2025-07-22,20250722104000000,sz.002418,3.5400,3.5400,3.5300,3.5300,605200,2140704.0000,3
2025-07-22,20250722104500000,sz.002418,3.5400,3.5500,3.5300,3.5500,469700,1663144.0000,3
2025-07-22,20250722105000000,sz.002418,3.5500,3.5500,3.5400,3.5500,274500,972104.0000,3
2025-07-22,20250722105500000,sz.002418,3.5500,3.5500,3.5400,3.5500,687400,2438392.0000,3
2025-07-22,20250722110000000,sz.002418,3.5500,3.5500,3.5400,3.5500,661400,2345680.0000,3
2025-07-22,20250722110500000,sz.002418,3.5400,3.5500,3.5300,3.5400,1192000,4219784.0000,3
2025-07-22,20250722111000000,sz.002418,3.5300,3.5400,3.5300,3.5400,702200,2482920.0000,3
2025-07-22,20250722111500000,sz.002418,3.5300,3.5500,3.5300,3.5400,606900,2147752.0000,3
2025-07-22,20250722112000000,sz.002418,3.5400,3.5500,3.5400,3.5400,350100,1239808.0000,3
2025-07-22,20250722112500000,sz.002418,3.5400,3.5500,3.5400,3.5500,493200,1749600.0000,3
2025-07-22,20250722113000000,sz.002418,3.5400,3.5500,3.5400,3.5500,160600,569592.0000,3
2025-07-22,20250722130500000,sz.002418,3.5400,3.5500,3.5400,3.5400,1461400,5174816.0000,3
2025-07-22,20250722131000000,sz.002418,3.5300,3.5400,3.5300,3.5300,721300,2551528.0000,3
2025-07-22,20250722131500000,sz.002418,3.5400,3.5500,3.5300,3.5300,705700,2496896.0000,3
2025-07-22,20250722132000000,sz.002418,3.5300,3.5500,3.5300,3.5400,451400,1597616.0000,3
2025-07-22,20250722132500000,sz.002418,3.5400,3.5500,3.5400,3.5500,488500,1729512.0000,3
2025-07-22,20250722133000000,sz.002418,3.5500,3.5500,3.5400,3.5400,401600,1422208.0000,3
2025-07-22,20250722133500000,sz.002418,3.5500,3.5500,3.5300,3.5500,1010100,3575576.0000,3
2025-07-22,20250722134000000,sz.002418,3.5500,3.5500,3.5400,3.5400,202200,716816.0000,3
2025-07-22,20250722134500000,sz.002418,3.5400,3.5500,3.5400,3.5400,1044300,3697696.0000,3
2025-07-22,20250722135000000,sz.002418,3.5400,3.5500,3.5400,3.5400,423700,1500016.0000,3
2025-07-22,20250722135500000,sz.002418,3.5400,3.5600,3.5400,3.5600,1401200,4973584.0000,3
2025-07-22,20250722140000000,sz.002418,3.5600,3.5600,3.5500,3.5500,222700,791280.0000,3
2025-07-22,20250722140500000,sz.002418,3.5500,3.5600,3.5400,3.5500,578600,2052720.0000,3
2025-07-22,20250722141000000,sz.002418,3.5400,3.5500,3.5400,3.5400,679700,2407440.0000,3
2025-07-22,20250722141500000,sz.002418,3.5400,3.5500,3.5400,3.5400,785700,2782640.0000,3
2025-07-22,20250722142000000,sz.002418,3.5400,3.5500,3.5300,3.5400,897600,3176192.0000,3
2025-07-22,20250722142500000,sz.002418,3.5300,3.5500,3.5300,3.5500,735500,2603520.0000,3
2025-07-22,20250722143000000,sz.002418,3.5400,3.5500,3.5400,3.5400,209700,742624.0000,3
2025-07-22,20250722143500000,sz.002418,3.5500,3.5500,3.5400,3.5500,290100,1028752.0000,3
2025-07-22,20250722144000000,sz.002418,3.5500,3.5500,3.5400,3.5500,292800,1038032.0000,3
2025-07-22,20250722144500000,sz.002418,3.5500,3.5500,3.5400,3.5500,1057300,3752208.0000,3
2025-07-22,20250722145000000,sz.002418,3.5400,3.5500,3.5400,3.5400,492200,1746128.0000,3
2025-07-22,20250722145500000,sz.002418,3.5500,3.5600,3.5400,3.5500,2104000,7467552.0000,3
2025-07-22,20250722150000000,sz.002418,3.5500,3.5600,3.5400,3.5600,1353800,4815392.0000,3
2025-07-23,20250723093500000,sz.002418,3.5500,3.5500,3.5100,3.5300,2982000,10507231.0000,3
2025-07-23,20250723094000000,sz.002418,3.5300,3.5500,3.5300,3.5400,1171700,4141973.0000,3
2025-07-23,20250723094500000,sz.002418,3.5300,3.5500,3.5200,3.5400,953400,3371252.0000,3
2025-07-23,20250723095000000,sz.002418,3.5500,3.5600,3.5400,3.5600,617400,2192780.0000,3
2025-07-23,20250723095500000,sz.002418,3.5600,3.5600,3.5400,3.5500,2192900,7769528.0000,3
2025-07-23,20250723100000000,sz.002418,3.5400,3.5500,3.5400,3.5400,363200,1286284.0000,3
2025-07-23,20250723100500000,sz.002418,3.5400,3.5500,3.5400,3.5400,268300,950292.0000,3
2025-07-23,20250723101000000,sz.002418,3.5400,3.5500,3.5400,3.5400,535400,1898896.0000,3
2025-07-23,20250723101500000,sz.002418,3.5400,3.5500,3.5300,3.5300,672600,2379644.0000,3
2025-07-23,20250723102000000,sz.002418,3.5300,3.5400,3.5300,3.5300,419300,1482524.0000,3
2025-07-23,20250723102500000,sz.002418,3.5300,3.5400,3.5200,3.5300,1255300,4429920.0000,3
2025-07-23,20250723103000000,sz.002418,3.5400,3.5400,3.5300,3.5300,108000,381660.0000,3
2025-07-23,20250723103500000,sz.002418,3.5300,3.5400,3.5300,3.5300,310000,1095712.0000,3
2025-07-23,20250723104000000,sz.002418,3.5300,3.5400,3.5300,3.5300,324900,1147684.0000,3
2025-07-23,20250723104500000,sz.002418,3.5400,3.5400,3.5300,3.5300,210100,742304.0000,3
2025-07-23,20250723105000000,sz.002418,3.5300,3.5400,3.5300,3.5300,603300,2129788.0000,3
2025-07-23,20250723105500000,sz.002418,3.5300,3.5400,3.5300,3.5300,377700,1333416.0000,3
2025-07-23,20250723110000000,sz.002418,3.5300,3.5300,3.5200,3.5300,274100,966908.0000,3
2025-07-23,20250723110500000,sz.002418,3.5300,3.5400,3.5200,3.5300,472900,1669276.0000,3
2025-07-23,20250723111000000,sz.002418,3.5300,3.5400,3.5200,3.5300,318000,1122420.0000,3
2025-07-23,20250723111500000,sz.002418,3.5200,3.5400,3.5200,3.5300,412800,1456532.0000,3
2025-07-23,20250723112000000,sz.002418,3.5400,3.5400,3.5300,3.5300,287500,1016052.0000,3
2025-07-23,20250723112500000,sz.002418,3.5400,3.5400,3.5300,3.5300,167700,592108.0000,3
2025-07-23,20250723113000000,sz.002418,3.5400,3.5400,3.5300,3.5300,410400,1449448.0000,3
2025-07-23,20250723130500000,sz.002418,3.5300,3.5500,3.5300,3.5400,1105000,3912832.0000,3
2025-07-23,20250723131000000,sz.002418,3.5500,3.5600,3.5400,3.5500,1050700,3731516.0000,3
2025-07-23,20250723131500000,sz.002418,3.5600,3.5600,3.5500,3.5600,445600,1583240.0000,3
2025-07-23,20250723132000000,sz.002418,3.5600,3.5600,3.5500,3.5600,311900,1109684.0000,3
2025-07-23,20250723132500000,sz.002418,3.5600,3.5600,3.5500,3.5500,814100,2890672.0000,3
2025-07-23,20250723133000000,sz.002418,3.5500,3.5500,3.5400,3.5400,520500,1847672.0000,3
2025-07-23,20250723133500000,sz.002418,3.5500,3.5500,3.5400,3.5500,370100,1313136.0000,3
2025-07-23,20250723134000000,sz.002418,3.5500,3.5600,3.5400,3.5500,531000,1885120.0000,3
2025-07-23,20250723134500000,sz.002418,3.5500,3.5500,3.5400,3.5400,79700,282576.0000,3
2025-07-23,20250723135000000,sz.002418,3.5500,3.5500,3.5400,3.5500,156900,556064.0000,3
2025-07-23,20250723135500000,sz.002418,3.5400,3.5500,3.5400,3.5500,933700,3306232.0000,3
2025-07-23,20250723140000000,sz.002418,3.5400,3.5500,3.5400,3.5500,192800,683296.0000,3
2025-07-23,20250723140500000,sz.002418,3.5500,3.5500,3.5400,3.5400,189300,671264.0000,3
2025-07-23,20250723141000000,sz.002418,3.5400,3.5500,3.5400,3.5500,803300,2843904.0000,3
2025-07-23,20250723141500000,sz.002418,3.5400,3.5500,3.5300,3.5300,948700,3356744.0000,3
2025-07-23,20250723142000000,sz.002418,3.5400,3.5400,3.5300,3.5300,119700,422728.0000,3
2025-07-23,20250723142500000,sz.002418,3.5300,3.5400,3.5200,3.5200,1922000,6781752.0000,3
2025-07-23,20250723143000000,sz.002418,3.5200,3.5300,3.5200,3.5300,304700,1073664.0000,3
2025-07-23,20250723143500000,sz.002418,3.5200,3.5300,3.5200,3.5300,629300,2220240.0000,3
2025-07-23,20250723144000000,sz.002418,3.5200,3.5300,3.5100,3.5200,1495200,5261400.0000,3
2025-07-23,20250723144500000,sz.002418,3.5100,3.5200,3.5100,3.5200,1158400,4067592.0000,3
2025-07-23,20250723145000000,sz.002418,3.5200,3.5300,3.5100,3.5300,1138100,4005648.0000,3
2025-07-23,20250723145500000,sz.002418,3.5300,3.5300,3.5100,3.5100,1587300,5584976.0000,3
2025-07-23,20250723150000000,sz.002418,3.5100,3.5200,3.5100,3.5200,825100,2903080.0000,3
2025-07-24,20250724093500000,sz.002418,3.5200,3.5500,3.5100,3.5500,3286900,11625396.0000,3
2025-07-24,20250724094000000,sz.002418,3.5500,3.5500,3.5300,3.5400,865400,3060856.0000,3
2025-07-24,20250724094500000,sz.002418,3.5400,3.5500,3.5300,3.5500,1322900,4684868.0000,3
2025-07-24,20250724095000000,sz.002418,3.5500,3.5500,3.5400,3.5500,219800,779310.0000,3
2025-07-24,20250724095500000,sz.002418,3.5400,3.5500,3.5400,3.5400,607000,2149278.0000,3
2025-07-24,20250724100000000,sz.002418,3.5400,3.5500,3.5400,3.5400,625800,2216326.0000,3
2025-07-24,20250724100500000,sz.002418,3.5400,3.5600,3.5400,3.5500,2697500,9575714.0000,3
2025-07-24,20250724101000000,sz.002418,3.5500,3.5500,3.5300,3.5400,777900,2753964.0000,3
2025-07-24,20250724101500000,sz.002418,3.5400,3.5400,3.5300,3.5400,400700,1415412.0000,3
2025-07-24,20250724102000000,sz.002418,3.5400,3.5500,3.5300,3.5500,1060900,3756592.0000,3
2025-07-24,20250724102500000,sz.002418,3.5400,3.5500,3.5400,3.5400,175100,620092.0000,3
2025-07-24,20250724103000000,sz.002418,3.5400,3.5500,3.5300,3.5400,562900,1992736.0000,3
2025-07-24,20250724103500000,sz.002418,3.5400,3.5500,3.5300,3.5400,596900,2112932.0000,3
2025-07-24,20250724104000000,sz.002418,3.5300,3.5400,3.5300,3.5400,182500,645692.0000,3
2025-07-24,20250724104500000,sz.002418,3.5400,3.5500,3.5300,3.5400,712900,2523952.0000,3
2025-07-24,20250724105000000,sz.002418,3.5300,3.5400,3.5300,3.5300,144500,510616.0000,3
2025-07-24,20250724105500000,sz.002418,3.5400,3.5400,3.5300,3.5300,257500,909960.0000,3
2025-07-24,20250724110000000,sz.002418,3.5300,3.5400,3.5300,3.5300,239100,844816.0000,3
2025-07-24,20250724110500000,sz.002418,3.5400,3.5400,3.5300,3.5300,490600,1732260.0000,3
2025-07-24,20250724111000000,sz.002418,3.5400,3.5400,3.5300,3.5300,202400,714804.0000,3
2025-07-24,20250724111500000,sz.002418,3.5400,3.5400,3.5300,3.5300,994400,3513708.0000,3
2025-07-24,20250724112000000,sz.002418,3.5300,3.5400,3.5200,3.5300,1486200,5247032.0000,3
2025-07-24,20250724112500000,sz.002418,3.5300,3.5300,3.5200,3.5200,741300,2616356.0000,3
2025-07-24,20250724113000000,sz.002418,3.5200,3.5300,3.5200,3.5300,557900,1968584.0000,3
2025-07-24,20250724130500000,sz.002418,3.5300,3.5400,3.5300,3.5400,1222100,4313792.0000,3
2025-07-24,20250724131000000,sz.002418,3.5300,3.5400,3.5300,3.5400,591800,2093888.0000,3
2025-07-24,20250724131500000,sz.002418,3.5300,3.5400,3.5300,3.5400,86600,306104.0000,3
2025-07-24,20250724132000000,sz.002418,3.5300,3.5400,3.5300,3.5400,195200,690488.0000,3
2025-07-24,20250724132500000,sz.002418,3.5400,3.5400,3.5300,3.5300,604300,2138520.0000,3
2025-07-24,20250724133000000,sz.002418,3.5400,3.5400,3.5300,3.5400,825500,2916176.0000,3
2025-07-24,20250724133500000,sz.002418,3.5300,3.5400,3.5300,3.5400,94200,333088.0000,3
2025-07-24,20250724134000000,sz.002418,3.5400,3.5400,3.5300,3.5400,318400,1124896.0000,3
2025-07-24,20250724134500000,sz.002418,3.5400,3.5400,3.5300,3.5300,1533100,5414224.0000,3
2025-07-24,20250724135000000,sz.002418,3.5300,3.5400,3.5200,3.5300,1073400,3787816.0000,3
2025-07-24,20250724135500000,sz.002418,3.5300,3.5400,3.5300,3.5400,186300,658200.0000,3
2025-07-24,20250724140000000,sz.002418,3.5300,3.5400,3.5300,3.5300,384400,1357288.0000,3
2025-07-24,20250724140500000,sz.002418,3.5300,3.5400,3.5300,3.5300,295300,1043064.0000,3
2025-07-24,20250724141000000,sz.002418,3.5300,3.5400,3.5300,3.5300,151900,537200.0000,3
2025-07-24,20250724141500000,sz.002418,3.5400,3.5400,3.5300,3.5400,607900,2151280.0000,3
2025-07-24,20250724142000000,sz.002418,3.5300,3.5400,3.5300,3.5400,162800,575848.0000,3
2025-07-24,20250724142500000,sz.002418,3.5400,3.5500,3.5400,3.5500,1221300,4323936.0000,3
2025-07-24,20250724143000000,sz.002418,3.5400,3.5500,3.5400,3.5500,197200,699384.0000,3
2025-07-24,20250724143500000,sz.002418,3.5500,3.5500,3.5400,3.5500,178000,630856.0000,3
2025-07-24,20250724144000000,sz.002418,3.5500,3.5500,3.5400,3.5400,282600,1001488.0000,3
2025-07-24,20250724144500000,sz.002418,3.5400,3.5500,3.5400,3.5400,481400,1706040.0000,3
2025-07-24,20250724145000000,sz.002418,3.5500,3.5500,3.5400,3.5500,966400,3425248.0000,3
2025-07-24,20250724145500000,sz.002418,3.5400,3.5500,3.5400,3.5500,1100900,3905088.0000,3
2025-07-24,20250724150000000,sz.002418,3.5500,3.5500,3.5400,3.5500,2154500,7645048.0000,3
2025-07-25,20250725093500000,sz.002418,3.5500,3.5500,3.5200,3.5300,1930400,6824461.0000,3
2025-07-25,20250725094000000,sz.002418,3.5300,3.5300,3.5100,3.5200,1583000,5571649.0000,3
2025-07-25,20250725094500000,sz.002418,3.5200,3.5300,3.5100,3.5100,1195800,4208315.0000,3
2025-07-25,20250725095000000,sz.002418,3.5100,3.5200,3.5000,3.5000,2915400,10232531.0000,3
2025-07-25,20250725095500000,sz.002418,3.5000,3.5200,3.5000,3.5200,1508300,5288280.0000,3
2025-07-25,20250725100000000,sz.002418,3.5200,3.5200,3.5100,3.5200,320800,1127558.0000,3
2025-07-25,20250725100500000,sz.002418,3.5100,3.5200,3.5000,3.5200,1882800,6608382.0000,3
2025-07-25,20250725101000000,sz.002418,3.5100,3.5200,3.5100,3.5100,521000,1831720.0000,3
2025-07-25,20250725101500000,sz.002418,3.5200,3.5200,3.5100,3.5100,338100,1186896.0000,3
2025-07-25,20250725102000000,sz.002418,3.5100,3.6100,3.5100,3.5900,11905200,42493424.0000,3
2025-07-25,20250725102500000,sz.002418,3.6000,3.7900,3.6000,3.6700,30345400,112430848.0000,3
2025-07-25,20250725103000000,sz.002418,3.6700,3.7200,3.6600,3.6800,10312400,38028592.0000,3
2025-07-25,20250725103500000,sz.002418,3.6800,3.7000,3.6600,3.6900,5130900,18849312.0000,3
2025-07-25,20250725104000000,sz.002418,3.6900,3.7200,3.6800,3.6900,7330400,27130064.0000,3
2025-07-25,20250725104500000,sz.002418,3.6900,3.6900,3.6600,3.6700,2311700,8496576.0000,3
2025-07-25,20250725105000000,sz.002418,3.6700,3.6700,3.6500,3.6600,1758600,6437152.0000,3
2025-07-25,20250725105500000,sz.002418,3.6500,3.6600,3.6400,3.6400,1501600,5481248.0000,3
2025-07-25,20250725110000000,sz.002418,3.6400,3.6500,3.6400,3.6400,1475600,5376864.0000,3
2025-07-25,20250725110500000,sz.002418,3.6400,3.6500,3.6300,3.6300,1142800,4155808.0000,3
2025-07-25,20250725111000000,sz.002418,3.6400,3.6400,3.6200,3.6300,1644200,5970176.0000,3
2025-07-25,20250725111500000,sz.002418,3.6300,3.6500,3.6200,3.6500,2269000,8247008.0000,3
2025-07-25,20250725112000000,sz.002418,3.6500,3.6500,3.6300,3.6400,1179300,4287392.0000,3
2025-07-25,20250725112500000,sz.002418,3.6300,3.6400,3.6200,3.6300,555300,2015680.0000,3
2025-07-25,20250725113000000,sz.002418,3.6200,3.6300,3.6200,3.6200,594500,2155456.0000,3
2025-07-25,20250725130500000,sz.002418,3.6200,3.6200,3.6100,3.6100,1251400,4530784.0000,3
2025-07-25,20250725131000000,sz.002418,3.6100,3.6200,3.6100,3.6200,451500,1632704.0000,3
2025-07-25,20250725131500000,sz.002418,3.6200,3.6300,3.6100,3.6100,2507300,9079200.0000,3
2025-07-25,20250725132000000,sz.002418,3.6200,3.6200,3.6100,3.6200,217000,785152.0000,3
2025-07-25,20250725132500000,sz.002418,3.6200,3.6200,3.6100,3.6200,482700,1745760.0000,3
2025-07-25,20250725133000000,sz.002418,3.6100,3.6200,3.6100,3.6200,711000,2572768.0000,3
2025-07-25,20250725133500000,sz.002418,3.6200,3.6200,3.6100,3.6200,1038800,3760128.0000,3
2025-07-25,20250725134000000,sz.002418,3.6200,3.6200,3.6100,3.6200,1442900,5221792.0000,3
2025-07-25,20250725134500000,sz.002418,3.6200,3.6300,3.6100,3.6200,874200,3166336.0000,3
2025-07-25,20250725135000000,sz.002418,3.6300,3.6300,3.6200,3.6300,437700,1586848.0000,3
2025-07-25,20250725135500000,sz.002418,3.6200,3.6300,3.6200,3.6300,599200,2173376.0000,3
2025-07-25,20250725140000000,sz.002418,3.6300,3.6300,3.6200,3.6200,299900,1087008.0000,3
2025-07-25,20250725140500000,sz.002418,3.6300,3.6300,3.6100,3.6200,3272400,11836480.0000,3
2025-07-25,20250725141000000,sz.002418,3.6200,3.6200,3.6100,3.6100,437500,1582176.0000,3
2025-07-25,20250725141500000,sz.002418,3.6100,3.6200,3.6100,3.6100,530600,1920224.0000,3
2025-07-25,20250725142000000,sz.002418,3.6100,3.6300,3.6100,3.6300,1338200,4842720.0000,3
2025-07-25,20250725142500000,sz.002418,3.6200,3.6300,3.6100,3.6100,1112000,4026016.0000,3
2025-07-25,20250725143000000,sz.002418,3.6200,3.6200,3.6100,3.6200,701100,2536960.0000,3
2025-07-25,20250725143500000,sz.002418,3.6200,3.6200,3.6100,3.6200,1375900,4979520.0000,3
2025-07-25,20250725144000000,sz.002418,3.6200,3.6200,3.6100,3.6200,1105600,4001504.0000,3
2025-07-25,20250725144500000,sz.002418,3.6200,3.6300,3.6100,3.6300,1394500,5049440.0000,3
2025-07-25,20250725145000000,sz.002418,3.6200,3.6300,3.6200,3.6300,1630800,5916416.0000,3
2025-07-25,20250725145500000,sz.002418,3.6300,3.6400,3.6200,3.6400,2631800,9562912.0000,3
2025-07-25,20250725150000000,sz.002418,3.6300,3.6500,3.6300,3.6400,2616300,9518176.0000,3
2025-07-28,20250728093500000,sz.002418,3.6400,3.6600,3.5900,3.6100,12041200,43562384.0000,3
2025-07-28,20250728094000000,sz.002418,3.6000,3.6200,3.6000,3.6100,3220500,11629440.0000,3
2025-07-28,20250728094500000,sz.002418,3.6100,3.6200,3.6000,3.6100,2748000,9919160.0000,3
2025-07-28,20250728095000000,sz.002418,3.6100,3.6200,3.6000,3.6000,1864900,6728352.0000,3
2025-07-28,20250728095500000,sz.002418,3.6000,3.6100,3.6000,3.6100,1514900,5457328.0000,3
2025-07-28,20250728100000000,sz.002418,3.6000,3.6100,3.6000,3.6000,1382900,4986568.0000,3
2025-07-28,20250728100500000,sz.002418,3.6000,3.6100,3.5900,3.6000,4627400,16656480.0000,3
2025-07-28,20250728101000000,sz.002418,3.5900,3.6100,3.5900,3.6000,1470000,5288056.0000,3
2025-07-28,20250728101500000,sz.002418,3.6000,3.6100,3.6000,3.6000,600400,2162912.0000,3
2025-07-28,20250728102000000,sz.002418,3.6000,3.6100,3.6000,3.6100,875900,3159752.0000,3
2025-07-28,20250728102500000,sz.002418,3.6000,3.6100,3.5900,3.6000,3415300,12295800.0000,3
2025-07-28,20250728103000000,sz.002418,3.5900,3.6100,3.5900,3.6000,842900,3035752.0000,3
2025-07-28,20250728103500000,sz.002418,3.6000,3.6100,3.6000,3.6000,510800,1839808.0000,3
2025-07-28,20250728104000000,sz.002418,3.6000,3.6200,3.6000,3.6000,2467100,8907136.0000,3
2025-07-28,20250728104500000,sz.002418,3.6000,3.6100,3.6000,3.6000,173700,625776.0000,3
2025-07-28,20250728105000000,sz.002418,3.6100,3.6100,3.6000,3.6000,822600,2961920.0000,3
2025-07-28,20250728105500000,sz.002418,3.6100,3.6100,3.6000,3.6000,1221300,4398192.0000,3
2025-07-28,20250728110000000,sz.002418,3.6000,3.6100,3.6000,3.6100,304300,1096080.0000,3
2025-07-28,20250728110500000,sz.002418,3.6000,3.6200,3.6000,3.6100,1001400,3615392.0000,3
2025-07-28,20250728111000000,sz.002418,3.6100,3.6200,3.6000,3.6000,1344800,4853216.0000,3
2025-07-28,20250728111500000,sz.002418,3.6000,3.6100,3.6000,3.6000,763400,2749920.0000,3
2025-07-28,20250728112000000,sz.002418,3.6000,3.6100,3.5900,3.6000,1557300,5606592.0000,3
2025-07-28,20250728112500000,sz.002418,3.5900,3.6000,3.5900,3.5900,2360300,8474832.0000,3
2025-07-28,20250728113000000,sz.002418,3.5900,3.6000,3.5800,3.5800,1428600,5122992.0000,3
2025-07-28,20250728130500000,sz.002418,3.5900,3.5900,3.5800,3.5900,1482200,5316480.0000,3
2025-07-28,20250728131000000,sz.002418,3.5900,3.5900,3.5800,3.5800,179300,642832.0000,3
2025-07-28,20250728131500000,sz.002418,3.5900,3.5900,3.5800,3.5900,1261100,4524288.0000,3
2025-07-28,20250728132000000,sz.002418,3.5900,3.6000,3.5900,3.5900,572400,2058528.0000,3
2025-07-28,20250728132500000,sz.002418,3.5900,3.6000,3.5900,3.5900,389600,1399104.0000,3
2025-07-28,20250728133000000,sz.002418,3.5900,3.6000,3.5900,3.5900,188000,675424.0000,3
2025-07-28,20250728133500000,sz.002418,3.5900,3.6000,3.5900,3.6000,329500,1184784.0000,3
2025-07-28,20250728134000000,sz.002418,3.5900,3.6000,3.5800,3.5900,2298600,8250112.0000,3
2025-07-28,20250728134500000,sz.002418,3.5900,3.5900,3.5800,3.5900,633000,2271200.0000,3
2025-07-28,20250728135000000,sz.002418,3.5800,3.5900,3.5800,3.5900,734600,2630896.0000,3
2025-07-28,20250728135500000,sz.002418,3.5800,3.5900,3.5800,3.5800,365300,1309008.0000,3
2025-07-28,20250728140000000,sz.002418,3.5800,3.5900,3.5800,3.5800,1104900,3965248.0000,3
2025-07-28,20250728140500000,sz.002418,3.5900,3.6000,3.5900,3.6000,312400,1122752.0000,3
2025-07-28,20250728141000000,sz.002418,3.5900,3.6000,3.5900,3.5900,295200,1061248.0000,3
2025-07-28,20250728141500000,sz.002418,3.5900,3.6000,3.5900,3.5900,391800,1407280.0000,3
2025-07-28,20250728142000000,sz.002418,3.5900,3.6000,3.5900,3.5900,908900,3263328.0000,3
2025-07-28,20250728142500000,sz.002418,3.5900,3.6000,3.5800,3.5800,894400,3210512.0000,3
2025-07-28,20250728143000000,sz.002418,3.5900,3.6000,3.5800,3.5900,869900,3122000.0000,3
2025-07-28,20250728143500000,sz.002418,3.5900,3.6000,3.5900,3.5900,606600,2177856.0000,3
2025-07-28,20250728144000000,sz.002418,3.5900,3.6000,3.5900,3.6000,444300,1598000.0000,3
2025-07-28,20250728144500000,sz.002418,3.6000,3.6000,3.5900,3.5900,1016400,3656528.0000,3
2025-07-28,20250728145000000,sz.002418,3.5900,3.6000,3.5900,3.5900,574100,2064112.0000,3
2025-07-28,20250728145500000,sz.002418,3.5900,3.6000,3.5900,3.6000,1738300,6251824.0000,3
2025-07-28,20250728150000000,sz.002418,3.6000,3.6000,3.5900,3.6000,1481600,5330528.0000,3
2025-07-29,20250729093500000,sz.002418,3.6100,3.6100,3.5700,3.5800,2954700,10594139.0000,3
2025-07-29,20250729094000000,sz.002418,3.5700,3.5800,3.5600,3.5700,2111800,7531249.0000,3
2025-07-29,20250729094500000,sz.002418,3.5700,3.5700,3.5400,3.5500,3548200,12598296.0000,3
2025-07-29,20250729095000000,sz.002418,3.5400,3.5500,3.5300,3.5300,2864100,10135316.0000,3
2025-07-29,20250729095500000,sz.002418,3.5400,3.5400,3.5300,3.5400,1731300,6116136.0000,3
2025-07-29,20250729100000000,sz.002418,3.5400,3.5400,3.5100,3.5200,3311600,11660316.0000,3
2025-07-29,20250729100500000,sz.002418,3.5200,3.5300,3.5100,3.5300,1420800,4997956.0000,3
2025-07-29,20250729101000000,sz.002418,3.5300,3.5300,3.5100,3.5200,2085100,7339432.0000,3
2025-07-29,20250729101500000,sz.002418,3.5300,3.5300,3.5100,3.5100,1238000,4357184.0000,3
2025-07-29,20250729102000000,sz.002418,3.5200,3.5300,3.5100,3.5200,1813500,6382960.0000,3
2025-07-29,20250729102500000,sz.002418,3.5200,3.5200,3.5100,3.5200,588600,2070016.0000,3
2025-07-29,20250729103000000,sz.002418,3.5100,3.5200,3.5100,3.5100,1209100,4247336.0000,3
2025-07-29,20250729103500000,sz.002418,3.5100,3.5200,3.5000,3.5000,2698000,9472136.0000,3
2025-07-29,20250729104000000,sz.002418,3.5100,3.5100,3.5000,3.5100,816600,2863344.0000,3
2025-07-29,20250729104500000,sz.002418,3.5100,3.5100,3.5000,3.5100,1278700,4481184.0000,3
2025-07-29,20250729105000000,sz.002418,3.5100,3.5200,3.5000,3.5100,574900,2016848.0000,3
2025-07-29,20250729105500000,sz.002418,3.5000,3.5100,3.5000,3.5100,499200,1749744.0000,3
2025-07-29,20250729110000000,sz.002418,3.5100,3.5100,3.5000,3.5100,348700,1223224.0000,3
2025-07-29,20250729110500000,sz.002418,3.5100,3.5100,3.5000,3.5100,1263000,4422488.0000,3
2025-07-29,20250729111000000,sz.002418,3.5000,3.5100,3.5000,3.5100,780500,2734448.0000,3
2025-07-29,20250729111500000,sz.002418,3.5000,3.5100,3.5000,3.5000,387700,1358464.0000,3
2025-07-29,20250729112000000,sz.002418,3.5000,3.5200,3.5000,3.5200,1351300,4746424.0000,3
2025-07-29,20250729112500000,sz.002418,3.5200,3.5300,3.5200,3.5300,760300,2677120.0000,3
2025-07-29,20250729113000000,sz.002418,3.5300,3.5300,3.5200,3.5200,277100,977568.0000,3
2025-07-29,20250729130500000,sz.002418,3.5200,3.5300,3.5200,3.5200,422800,1488744.0000,3
2025-07-29,20250729131000000,sz.002418,3.5300,3.5300,3.5100,3.5200,1136700,3998744.0000,3
2025-07-29,20250729131500000,sz.002418,3.5100,3.5200,3.5100,3.5200,125100,439792.0000,3
2025-07-29,20250729132000000,sz.002418,3.5100,3.5200,3.5100,3.5200,261600,919888.0000,3
2025-07-29,20250729132500000,sz.002418,3.5200,3.5200,3.5100,3.5200,798200,2802336.0000,3
2025-07-29,20250729133000000,sz.002418,3.5200,3.5200,3.5100,3.5200,294700,1036128.0000,3
2025-07-29,20250729133500000,sz.002418,3.5200,3.5200,3.5100,3.5100,184200,647744.0000,3
2025-07-29,20250729134000000,sz.002418,3.5200,3.5200,3.5100,3.5100,206200,725136.0000,3
2025-07-29,20250729134500000,sz.002418,3.5200,3.5200,3.5100,3.5100,102400,359968.0000,3
2025-07-29,20250729135000000,sz.002418,3.5200,3.5200,3.5100,3.5100,839900,2948864.0000,3
2025-07-29,20250729135500000,sz.002418,3.5100,3.5200,3.5100,3.5200,249400,876224.0000,3
2025-07-29,20250729140000000,sz.002418,3.5200,3.5200,3.5100,3.5100,724600,2544240.0000,3
2025-07-29,20250729140500000,sz.002418,3.5200,3.5200,3.5100,3.5200,320100,1124752.0000,3
2025-07-29,20250729141000000,sz.002418,3.5100,3.5200,3.5100,3.5200,389700,1370448.0000,3
2025-07-29,20250729141500000,sz.002418,3.5200,3.5200,3.5100,3.5200,288200,1013088.0000,3
2025-07-29,20250729142000000,sz.002418,3.5200,3.5300,3.5200,3.5200,845800,2978240.0000,3
2025-07-29,20250729142500000,sz.002418,3.5200,3.5300,3.5100,3.5200,1737300,6116000.0000,3
2025-07-29,20250729143000000,sz.002418,3.5200,3.5300,3.5200,3.5200,536200,1888256.0000,3
2025-07-29,20250729143500000,sz.002418,3.5200,3.5300,3.5200,3.5200,1736400,6113232.0000,3
2025-07-29,20250729144000000,sz.002418,3.5200,3.5300,3.5200,3.5300,404400,1426096.0000,3
2025-07-29,20250729144500000,sz.002418,3.5300,3.5300,3.5200,3.5300,703300,2478768.0000,3
2025-07-29,20250729145000000,sz.002418,3.5300,3.5300,3.5200,3.5300,1062300,3747904.0000,3
2025-07-29,20250729145500000,sz.002418,3.5300,3.5400,3.5200,3.5400,2049800,7240688.0000,3
2025-07-29,20250729150000000,sz.002418,3.5400,3.5400,3.5300,3.5400,1913600,6769520.0000,3
2025-07-30,20250730093500000,sz.002418,3.5300,3.5300,3.5000,3.5100,2549600,8950394.0000,3
2025-07-30,20250730094000000,sz.002418,3.5100,3.5100,3.5000,3.5000,1221700,4281367.0000,3
2025-07-30,20250730094500000,sz.002418,3.5100,3.5100,3.4800,3.4800,4106100,14337311.0000,3
2025-07-30,20250730095000000,sz.002418,3.4800,3.4900,3.4700,3.4800,2419500,8414188.0000,3
2025-07-30,20250730095500000,sz.002418,3.4800,3.4900,3.4800,3.4900,678900,2364948.0000,3
2025-07-30,20250730100000000,sz.002418,3.4800,3.4900,3.4800,3.4800,573200,1996520.0000,3
2025-07-30,20250730100500000,sz.002418,3.4800,3.4900,3.4800,3.4900,527500,1837788.0000,3
2025-07-30,20250730101000000,sz.002418,3.4900,3.4900,3.4700,3.4800,2222900,7735120.0000,3
2025-07-30,20250730101500000,sz.002418,3.4700,3.4800,3.4600,3.4700,2160100,7496644.0000,3
2025-07-30,20250730102000000,sz.002418,3.4600,3.4700,3.4600,3.4700,880000,3046800.0000,3
2025-07-30,20250730102500000,sz.002418,3.4600,3.4700,3.4600,3.4700,493200,1709356.0000,3
2025-07-30,20250730103000000,sz.002418,3.4700,3.4800,3.4700,3.4800,1122900,3897532.0000,3
2025-07-30,20250730103500000,sz.002418,3.4800,3.4900,3.4700,3.4900,1145200,3986272.0000,3
2025-07-30,20250730104000000,sz.002418,3.4900,3.4900,3.4800,3.4900,450700,1571456.0000,3
2025-07-30,20250730104500000,sz.002418,3.4800,3.4900,3.4800,3.4800,151800,528872.0000,3
2025-07-30,20250730105000000,sz.002418,3.4800,3.4900,3.4800,3.4800,744000,2589720.0000,3
2025-07-30,20250730105500000,sz.002418,3.4800,3.4900,3.4800,3.4900,236600,823744.0000,3
2025-07-30,20250730110000000,sz.002418,3.4800,3.4900,3.4800,3.4800,970200,3384232.0000,3
2025-07-30,20250730110500000,sz.002418,3.4800,3.4900,3.4800,3.4900,125700,438048.0000,3
2025-07-30,20250730111000000,sz.002418,3.4800,3.4900,3.4800,3.4800,240500,837320.0000,3
2025-07-30,20250730111500000,sz.002418,3.4800,3.4900,3.4800,3.4900,274100,955680.0000,3
2025-07-30,20250730112000000,sz.002418,3.4800,3.4900,3.4800,3.4800,199100,693112.0000,3
2025-07-30,20250730112500000,sz.002418,3.4800,3.4900,3.4800,3.4800,317300,1104520.0000,3
2025-07-30,20250730113000000,sz.002418,3.4800,3.4900,3.4800,3.4800,478100,1664288.0000,3
2025-07-30,20250730130500000,sz.002418,3.4900,3.4900,3.4800,3.4800,282800,984960.0000,3
2025-07-30,20250730131000000,sz.002418,3.4800,3.4900,3.4700,3.4800,747400,2600864.0000,3
2025-07-30,20250730131500000,sz.002418,3.4700,3.4800,3.4700,3.4700,457000,1586080.0000,3
2025-07-30,20250730132000000,sz.002418,3.4700,3.4800,3.4700,3.4800,468300,1626704.0000,3
2025-07-30,20250730132500000,sz.002418,3.4700,3.4800,3.4600,3.4600,1708600,5927784.0000,3
2025-07-30,20250730133000000,sz.002418,3.4600,3.4700,3.4600,3.4600,224000,776168.0000,3
2025-07-30,20250730133500000,sz.002418,3.4600,3.4800,3.4600,3.4700,726000,2518584.0000,3
2025-07-30,20250730134000000,sz.002418,3.4700,3.4700,3.4600,3.4600,252300,874408.0000,3
2025-07-30,20250730134500000,sz.002418,3.4600,3.4700,3.4600,3.4700,478700,1657168.0000,3
2025-07-30,20250730135000000,sz.002418,3.4600,3.4700,3.4600,3.4600,2221400,7686976.0000,3
2025-07-30,20250730135500000,sz.002418,3.4600,3.4600,3.4500,3.4500,1016000,3512848.0000,3
2025-07-30,20250730140000000,sz.002418,3.4600,3.4600,3.4500,3.4500,2708900,9347968.0000,3
2025-07-30,20250730140500000,sz.002418,3.4500,3.4500,3.4300,3.4300,1215200,4179000.0000,3
2025-07-30,20250730141000000,sz.002418,3.4300,3.4500,3.4300,3.4500,714100,2457072.0000,3
2025-07-30,20250730141500000,sz.002418,3.4500,3.4500,3.4400,3.4500,376500,1296880.0000,3
2025-07-30,20250730142000000,sz.002418,3.4500,3.4600,3.4400,3.4600,1047800,3616088.0000,3
2025-07-30,20250730142500000,sz.002418,3.4600,3.4700,3.4500,3.4600,695400,2405840.0000,3
2025-07-30,20250730143000000,sz.002418,3.4700,3.4700,3.4600,3.4700,301500,1044112.0000,3
2025-07-30,20250730143500000,sz.002418,3.4700,3.4700,3.4600,3.4600,202300,700512.0000,3
2025-07-30,20250730144000000,sz.002418,3.4600,3.4700,3.4500,3.4600,538500,1863152.0000,3
2025-07-30,20250730144500000,sz.002418,3.4600,3.4600,3.4500,3.4600,331900,1146080.0000,3
2025-07-30,20250730145000000,sz.002418,3.4600,3.4600,3.4500,3.4500,1907000,6579536.0000,3
2025-07-30,20250730145500000,sz.002418,3.4500,3.4600,3.4400,3.4500,1275700,4399328.0000,3
2025-07-30,20250730150000000,sz.002418,3.4500,3.4600,3.4400,3.4500,1311500,4528512.0000,3
2025-07-31,20250731093500000,sz.002418,3.4400,3.5000,3.4400,3.4900,5180700,18040712.0000,3
2025-07-31,20250731094000000,sz.002418,3.4900,3.5000,3.4800,3.5000,1498900,5239024.0000,3
2025-07-31,20250731094500000,sz.002418,3.5100,3.5200,3.5000,3.5000,3315100,11632584.0000,3
2025-07-31,20250731095000000,sz.002418,3.5000,3.5400,3.5000,3.5300,5117000,18022500.0000,3
2025-07-31,20250731095500000,sz.002418,3.5400,3.5400,3.5100,3.5200,2308900,8147780.0000,3
2025-07-31,20250731100000000,sz.002418,3.5100,3.5200,3.5000,3.5100,1025900,3600328.0000,3
2025-07-31,20250731100500000,sz.002418,3.5000,3.5100,3.4900,3.4900,1001400,3502568.0000,3
2025-07-31,20250731101000000,sz.002418,3.4900,3.5000,3.4900,3.5000,278000,972240.0000,3
2025-07-31,20250731101500000,sz.002418,3.4900,3.5000,3.4800,3.4900,1330300,4642840.0000,3
2025-07-31,20250731102000000,sz.002418,3.5000,3.5000,3.4900,3.4900,320800,1121344.0000,3
2025-07-31,20250731102500000,sz.002418,3.4900,3.5000,3.4900,3.4900,604300,2113640.0000,3
2025-07-31,20250731103000000,sz.002418,3.5000,3.5000,3.4800,3.4900,730700,2550184.0000,3
2025-07-31,20250731103500000,sz.002418,3.4900,3.4900,3.4800,3.4900,504900,1761576.0000,3
2025-07-31,20250731104000000,sz.002418,3.4900,3.5000,3.4800,3.4900,426600,1488480.0000,3
2025-07-31,20250731104500000,sz.002418,3.4800,3.4900,3.4800,3.4900,266500,928056.0000,3
2025-07-31,20250731105000000,sz.002418,3.4800,3.4900,3.4800,3.4900,323100,1125520.0000,3
2025-07-31,20250731105500000,sz.002418,3.4900,3.5000,3.4800,3.4900,933200,3255984.0000,3
2025-07-31,20250731110000000,sz.002418,3.4900,3.5000,3.4900,3.5000,291100,1017696.0000,3
2025-07-31,20250731110500000,sz.002418,3.5000,3.5000,3.4900,3.4900,463400,1621368.0000,3
2025-07-31,20250731111000000,sz.002418,3.4900,3.5000,3.4900,3.5000,118400,414160.0000,3
2025-07-31,20250731111500000,sz.002418,3.5000,3.5000,3.4900,3.4900,100300,350544.0000,3
2025-07-31,20250731112000000,sz.002418,3.4900,3.5000,3.4900,3.4900,235700,824264.0000,3
2025-07-31,20250731112500000,sz.002418,3.4900,3.5000,3.4900,3.4900,251100,878072.0000,3
2025-07-31,20250731113000000,sz.002418,3.5000,3.5000,3.4900,3.5000,169000,590784.0000,3
2025-07-31,20250731130500000,sz.002418,3.5000,3.5300,3.4900,3.5300,3329500,11688464.0000,3
2025-07-31,20250731131000000,sz.002418,3.5200,3.5200,3.5100,3.5200,809300,2847496.0000,3
2025-07-31,20250731131500000,sz.002418,3.5200,3.5200,3.5000,3.5100,1302100,4574968.0000,3
2025-07-31,20250731132000000,sz.002418,3.5100,3.5100,3.5000,3.5000,268900,943216.0000,3
2025-07-31,20250731132500000,sz.002418,3.5000,3.5100,3.5000,3.5000,791600,2771192.0000,3
2025-07-31,20250731133000000,sz.002418,3.5000,3.5100,3.4900,3.4900,249400,872768.0000,3
2025-07-31,20250731133500000,sz.002418,3.5000,3.5000,3.4900,3.5000,256800,897688.0000,3
2025-07-31,20250731134000000,sz.002418,3.5000,3.5000,3.4800,3.4900,1303000,4547664.0000,3
2025-07-31,20250731134500000,sz.002418,3.4900,3.5000,3.4800,3.4900,424000,1479776.0000,3
2025-07-31,20250731135000000,sz.002418,3.4900,3.5000,3.4900,3.4900,332800,1164200.0000,3
2025-07-31,20250731135500000,sz.002418,3.4900,3.5000,3.4900,3.5000,754300,2638240.0000,3
2025-07-31,20250731140000000,sz.002418,3.5000,3.5100,3.5000,3.5100,575400,2015120.0000,3
2025-07-31,20250731140500000,sz.002418,3.5000,3.5100,3.5000,3.5000,390600,1367560.0000,3
2025-07-31,20250731141000000,sz.002418,3.5100,3.5100,3.5000,3.5000,439000,1539432.0000,3
2025-07-31,20250731141500000,sz.002418,3.5000,3.5400,3.5000,3.5200,5451900,19207952.0000,3
2025-07-31,20250731142000000,sz.002418,3.5200,3.5200,3.5100,3.5200,586600,2064368.0000,3
2025-07-31,20250731142500000,sz.002418,3.5200,3.5200,3.5000,3.5100,718100,2521216.0000,3
2025-07-31,20250731143000000,sz.002418,3.5100,3.5200,3.5000,3.5000,817300,2867648.0000,3
2025-07-31,20250731143500000,sz.002418,3.5100,3.5100,3.4900,3.5000,1232000,4313456.0000,3
2025-07-31,20250731144000000,sz.002418,3.5000,3.5100,3.4900,3.4900,809200,2831920.0000,3
2025-07-31,20250731144500000,sz.002418,3.4900,3.5000,3.4900,3.5000,471900,1649488.0000,3
2025-07-31,20250731145000000,sz.002418,3.5000,3.5000,3.4900,3.4900,649300,2268512.0000,3
2025-07-31,20250731145500000,sz.002418,3.5000,3.5000,3.4900,3.5000,1092800,3819200.0000,3
2025-07-31,20250731150000000,sz.002418,3.5000,3.5000,3.4900,3.4900,1190400,4159232.0000,3
2025-08-01,20250801093500000,sz.002418,3.5000,3.6000,3.4800,3.5700,11739500,41771296.0000,3
2025-08-01,20250801094000000,sz.002418,3.5800,3.6000,3.5600,3.5600,6583000,23571828.0000,3
2025-08-01,20250801094500000,sz.002418,3.5500,3.5600,3.5500,3.5500,1620600,5757100.0000,3
2025-08-01,20250801095000000,sz.002418,3.5600,3.5600,3.5300,3.5400,2303200,8151424.0000,3
2025-08-01,20250801095500000,sz.002418,3.5400,3.5400,3.5100,3.5100,2101300,7404720.0000,3
2025-08-01,20250801100000000,sz.002418,3.5100,3.5300,3.5100,3.5200,1380100,4859840.0000,3
2025-08-01,20250801100500000,sz.002418,3.5200,3.5400,3.5200,3.5400,913400,3229200.0000,3
2025-08-01,20250801101000000,sz.002418,3.5400,3.5400,3.5300,3.5400,289700,1024096.0000,3
2025-08-01,20250801101500000,sz.002418,3.5300,3.5400,3.5300,3.5300,679700,2402824.0000,3
2025-08-01,20250801102000000,sz.002418,3.5300,3.5400,3.5300,3.5300,162700,574808.0000,3
2025-08-01,20250801102500000,sz.002418,3.5300,3.5400,3.5200,3.5300,828900,2925064.0000,3
2025-08-01,20250801103000000,sz.002418,3.5300,3.5300,3.5200,3.5300,468700,1653864.0000,3
2025-08-01,20250801103500000,sz.002418,3.5200,3.5300,3.5200,3.5300,316200,1115008.0000,3
2025-08-01,20250801104000000,sz.002418,3.5200,3.5300,3.5200,3.5300,183200,645856.0000,3
2025-08-01,20250801104500000,sz.002418,3.5200,3.5300,3.5200,3.5300,223000,785600.0000,3
2025-08-01,20250801105000000,sz.002418,3.5200,3.5200,3.5100,3.5100,1599000,5623568.0000,3
2025-08-01,20250801105500000,sz.002418,3.5100,3.5100,3.5000,3.5000,1320400,4633992.0000,3
2025-08-01,20250801110000000,sz.002418,3.5100,3.5100,3.5000,3.5000,451100,1580968.0000,3
2025-08-01,20250801110500000,sz.002418,3.5100,3.5100,3.5000,3.5100,308400,1080120.0000,3
2025-08-01,20250801111000000,sz.002418,3.5100,3.5100,3.5000,3.5100,302600,1060368.0000,3
2025-08-01,20250801111500000,sz.002418,3.5100,3.5100,3.5000,3.5000,120900,424064.0000,3
2025-08-01,20250801112000000,sz.002418,3.5100,3.5100,3.5000,3.5000,99100,347472.0000,3
2025-08-01,20250801112500000,sz.002418,3.5100,3.5100,3.5000,3.5100,164100,575752.0000,3
2025-08-01,20250801113000000,sz.002418,3.5000,3.5100,3.5000,3.5000,238500,835936.0000,3
2025-08-01,20250801130500000,sz.002418,3.5100,3.5100,3.4900,3.5000,1787400,6254640.0000,3
2025-08-01,20250801131000000,sz.002418,3.5000,3.5000,3.4900,3.4900,444900,1555208.0000,3
2025-08-01,20250801131500000,sz.002418,3.5000,3.5000,3.4900,3.4900,796800,2781552.0000,3
2025-08-01,20250801132000000,sz.002418,3.4900,3.5000,3.4800,3.4800,914400,3189992.0000,3
2025-08-01,20250801132500000,sz.002418,3.4900,3.4900,3.4800,3.4900,178700,622912.0000,3
2025-08-01,20250801133000000,sz.002418,3.4900,3.4900,3.4800,3.4900,352600,1229696.0000,3
2025-08-01,20250801133500000,sz.002418,3.4800,3.4900,3.4800,3.4800,345700,1205136.0000,3
2025-08-01,20250801134000000,sz.002418,3.4800,3.4900,3.4700,3.4700,1760500,6124528.0000,3
2025-08-01,20250801134500000,sz.002418,3.4800,3.4800,3.4700,3.4800,796200,2770128.0000,3
2025-08-01,20250801135000000,sz.002418,3.4700,3.4900,3.4700,3.4900,452900,1578432.0000,3
2025-08-01,20250801135500000,sz.002418,3.4900,3.5000,3.4800,3.4900,753800,2630832.0000,3
2025-08-01,20250801140000000,sz.002418,3.4900,3.4900,3.4800,3.4900,175300,610608.0000,3
2025-08-01,20250801140500000,sz.002418,3.4800,3.4900,3.4800,3.4800,211800,737312.0000,3
2025-08-01,20250801141000000,sz.002418,3.4800,3.4900,3.4800,3.4900,291800,1017760.0000,3
2025-08-01,20250801141500000,sz.002418,3.4800,3.5000,3.4800,3.5000,478400,1669248.0000,3
2025-08-01,20250801142000000,sz.002418,3.4900,3.5000,3.4900,3.5000,187500,655424.0000,3
2025-08-01,20250801142500000,sz.002418,3.5000,3.5000,3.4900,3.5000,688300,2403328.0000,3
2025-08-01,20250801143000000,sz.002418,3.4900,3.5000,3.4900,3.5000,269200,941360.0000,3
2025-08-01,20250801143500000,sz.002418,3.4900,3.5000,3.4800,3.4900,1596200,5569632.0000,3
2025-08-01,20250801144000000,sz.002418,3.4900,3.5000,3.4800,3.5000,744100,2594832.0000,3
2025-08-01,20250801144500000,sz.002418,3.4900,3.5000,3.4800,3.4900,854700,2983536.0000,3
2025-08-01,20250801145000000,sz.002418,3.5000,3.5000,3.4900,3.4900,554900,1940752.0000,3
2025-08-01,20250801145500000,sz.002418,3.5000,3.5000,3.4900,3.5000,1217400,4256080.0000,3
2025-08-01,20250801150000000,sz.002418,3.5000,3.5000,3.4900,3.5000,811400,2838640.0000,3
2025-08-04,20250804093500000,sz.002418,3.5300,3.6400,3.4900,3.6400,19266100,68676088.0000,3
2025-08-04,20250804094000000,sz.002418,3.6400,3.6600,3.6000,3.6400,13483300,49029720.0000,3
2025-08-04,20250804094500000,sz.002418,3.6400,3.6400,3.6100,3.6100,5003000,18141008.0000,3
2025-08-04,20250804095000000,sz.002418,3.6100,3.6300,3.6100,3.6200,4389500,15910336.0000,3
2025-08-04,20250804095500000,sz.002418,3.6200,3.6700,3.6200,3.6500,13869700,50672736.0000,3
2025-08-04,20250804100000000,sz.002418,3.6500,3.7000,3.6300,3.6800,10440000,38319376.0000,3
2025-08-04,20250804100500000,sz.002418,3.6800,3.6800,3.6500,3.6500,4170900,15265024.0000,3
2025-08-04,20250804101000000,sz.002418,3.6600,3.6600,3.6400,3.6400,1997600,7281968.0000,3
2025-08-04,20250804101500000,sz.002418,3.6400,3.6500,3.6200,3.6300,1721100,6256224.0000,3
2025-08-04,20250804102000000,sz.002418,3.6200,3.6300,3.6100,3.6200,1627000,5893984.0000,3
2025-08-04,20250804102500000,sz.002418,3.6100,3.6200,3.6100,3.6100,623300,2253056.0000,3
2025-08-04,20250804103000000,sz.002418,3.6100,3.6200,3.6100,3.6100,1506400,5441792.0000,3
2025-08-04,20250804103500000,sz.002418,3.6100,3.6200,3.5900,3.5900,3060100,11031424.0000,3
2025-08-04,20250804104000000,sz.002418,3.6000,3.6000,3.5900,3.6000,1164100,4186912.0000,3
2025-08-04,20250804104500000,sz.002418,3.6000,3.6200,3.5900,3.6200,2126000,7668608.0000,3
2025-08-04,20250804105000000,sz.002418,3.6200,3.6200,3.6100,3.6200,567800,2054496.0000,3
2025-08-04,20250804105500000,sz.002418,3.6200,3.6200,3.6100,3.6100,288300,1042592.0000,3
2025-08-04,20250804110000000,sz.002418,3.6200,3.6200,3.6100,3.6100,671800,2426432.0000,3
2025-08-04,20250804110500000,sz.002418,3.6100,3.6100,3.6000,3.6100,676900,2443264.0000,3
2025-08-04,20250804111000000,sz.002418,3.6100,3.6200,3.6000,3.6100,613400,2218592.0000,3
2025-08-04,20250804111500000,sz.002418,3.6200,3.6300,3.6100,3.6300,830300,3006624.0000,3
2025-08-04,20250804112000000,sz.002418,3.6300,3.6300,3.6100,3.6200,420100,1520544.0000,3
2025-08-04,20250804112500000,sz.002418,3.6200,3.6200,3.6100,3.6100,206500,746592.0000,3
2025-08-04,20250804113000000,sz.002418,3.6100,3.6200,3.6100,3.6200,581400,2100320.0000,3
2025-08-04,20250804130500000,sz.002418,3.6200,3.6200,3.6000,3.6000,1144300,4132800.0000,3
2025-08-04,20250804131000000,sz.002418,3.6100,3.6100,3.6000,3.6100,408000,1471360.0000,3
2025-08-04,20250804131500000,sz.002418,3.6000,3.6200,3.6000,3.6100,927000,3348000.0000,3
2025-08-04,20250804132000000,sz.002418,3.6100,3.6200,3.6100,3.6200,683200,2472288.0000,3
2025-08-04,20250804132500000,sz.002418,3.6200,3.6200,3.6100,3.6200,372000,1346496.0000,3
2025-08-04,20250804133000000,sz.002418,3.6200,3.6200,3.6100,3.6200,285400,1031808.0000,3
2025-08-04,20250804133500000,sz.002418,3.6200,3.6200,3.6100,3.6200,467100,1690464.0000,3
2025-08-04,20250804134000000,sz.002418,3.6200,3.6200,3.6100,3.6200,315400,1141376.0000,3
2025-08-04,20250804134500000,sz.002418,3.6200,3.6200,3.6100,3.6200,653000,2362144.0000,3
2025-08-04,20250804135000000,sz.002418,3.6200,3.6200,3.6100,3.6200,828000,2995840.0000,3
2025-08-04,20250804135500000,sz.002418,3.6200,3.6300,3.6100,3.6300,839700,3042400.0000,3
2025-08-04,20250804140000000,sz.002418,3.6200,3.6200,3.6100,3.6100,1211900,4386432.0000,3
2025-08-04,20250804140500000,sz.002418,3.6100,3.6200,3.6100,3.6200,517000,1870656.0000,3
2025-08-04,20250804141000000,sz.002418,3.6200,3.6300,3.6200,3.6200,548700,1987008.0000,3
2025-08-04,20250804141500000,sz.002418,3.6200,3.6300,3.6200,3.6200,344600,1249952.0000,3
2025-08-04,20250804142000000,sz.002418,3.6200,3.6300,3.6200,3.6200,317100,1149056.0000,3
2025-08-04,20250804142500000,sz.002418,3.6300,3.6300,3.6200,3.6200,255900,928288.0000,3
2025-08-04,20250804143000000,sz.002418,3.6200,3.6300,3.6200,3.6200,439400,1594400.0000,3
2025-08-04,20250804143500000,sz.002418,3.6200,3.6300,3.6200,3.6200,738000,2677696.0000,3
2025-08-04,20250804144000000,sz.002418,3.6200,3.6300,3.6200,3.6200,502200,1821184.0000,3
2025-08-04,20250804144500000,sz.002418,3.6200,3.6300,3.6200,3.6300,1305400,4730176.0000,3
2025-08-04,20250804145000000,sz.002418,3.6200,3.6300,3.6200,3.6200,1816100,6578720.0000,3
2025-08-04,20250804145500000,sz.002418,3.6300,3.6300,3.6200,3.6300,2360900,8551136.0000,3
2025-08-04,20250804150000000,sz.002418,3.6200,3.6300,3.6100,3.6300,3290400,11922528.0000,3
2025-08-05,20250805093500000,sz.002418,3.6600,3.8200,3.6600,3.8000,33978800,128046304.0000,3
2025-08-05,20250805094000000,sz.002418,3.8000,3.8300,3.7800,3.8000,17042100,64837552.0000,3
2025-08-05,20250805094500000,sz.002418,3.8000,3.8000,3.7500,3.7600,7580900,28612416.0000,3
2025-08-05,20250805095000000,sz.002418,3.7500,3.8100,3.7500,3.7900,8762800,33164368.0000,3
2025-08-05,20250805095500000,sz.002418,3.7900,3.7900,3.7700,3.7900,2663800,10068592.0000,3
2025-08-05,20250805100000000,sz.002418,3.7800,3.7900,3.7600,3.7900,7765700,29310512.0000,3
2025-08-05,20250805100500000,sz.002418,3.7900,3.8100,3.7900,3.8000,9130100,34694080.0000,3
2025-08-05,20250805101000000,sz.002418,3.8000,3.8000,3.7700,3.7800,3555100,13458176.0000,3
2025-08-05,20250805101500000,sz.002418,3.7700,3.7800,3.7600,3.7800,2465800,9294528.0000,3
2025-08-05,20250805102000000,sz.002418,3.7800,3.7800,3.7300,3.7300,5523800,20716672.0000,3
2025-08-05,20250805102500000,sz.002418,3.7300,3.7500,3.7300,3.7400,3693000,13801152.0000,3
2025-08-05,20250805103000000,sz.002418,3.7400,3.7500,3.7300,3.7500,1791900,6692992.0000,3
2025-08-05,20250805103500000,sz.002418,3.7500,3.7600,3.7400,3.7500,1247600,4680096.0000,3
2025-08-05,20250805104000000,sz.002418,3.7600,3.8000,3.7500,3.8000,6654200,25138016.0000,3
2025-08-05,20250805104500000,sz.002418,3.7900,3.8100,3.7900,3.8000,5690600,21621440.0000,3
2025-08-05,20250805105000000,sz.002418,3.8000,3.8100,3.7900,3.8100,4939600,18795168.0000,3
2025-08-05,20250805105500000,sz.002418,3.8100,3.8300,3.8000,3.8200,8098700,30927872.0000,3
2025-08-05,20250805110000000,sz.002418,3.8200,3.8200,3.8000,3.8100,2223500,8466528.0000,3
2025-08-05,20250805110500000,sz.002418,3.8000,3.8100,3.7900,3.7900,1790800,6797792.0000,3
2025-08-05,20250805111000000,sz.002418,3.8000,3.8000,3.7900,3.7900,922400,3497984.0000,3
2025-08-05,20250805111500000,sz.002418,3.8000,3.8000,3.7800,3.7800,1040700,3939968.0000,3
2025-08-05,20250805112000000,sz.002418,3.7800,3.7900,3.7800,3.7800,512200,1937792.0000,3
2025-08-05,20250805112500000,sz.002418,3.7900,3.7900,3.7800,3.7900,906400,3432576.0000,3
2025-08-05,20250805113000000,sz.002418,3.7800,3.7900,3.7800,3.7900,985400,3729856.0000,3
2025-08-05,20250805130500000,sz.002418,3.7800,3.8000,3.7600,3.8000,3264700,12336480.0000,3
2025-08-05,20250805131000000,sz.002418,3.8000,3.8000,3.7800,3.7900,1316800,4990014.0000,3
2025-08-05,20250805131500000,sz.002418,3.7800,3.8100,3.7800,3.8000,2133800,8103490.0000,3
2025-08-05,20250805132000000,sz.002418,3.8000,3.8000,3.7900,3.8000,898400,3411268.0000,3
2025-08-05,20250805132500000,sz.002418,3.8000,3.8200,3.7900,3.8200,2966700,11292352.0000,3
2025-08-05,20250805133000000,sz.002418,3.8200,3.8300,3.8000,3.8100,3981500,15214389.0000,3
2025-08-05,20250805133500000,sz.002418,3.8100,3.8100,3.8000,3.8000,1773900,6756866.0000,3
2025-08-05,20250805134000000,sz.002418,3.8100,3.8200,3.8000,3.8200,2821600,10753407.0000,3
2025-08-05,20250805134500000,sz.002418,3.8200,3.8200,3.8100,3.8200,1348200,5144513.0000,3
2025-08-05,20250805135000000,sz.002418,3.8200,3.8200,3.8000,3.8100,2812000,10711814.0000,3
2025-08-05,20250805135500000,sz.002418,3.8100,3.8200,3.8000,3.8200,1384300,5277631.0000,3
2025-08-05,20250805140000000,sz.002418,3.8200,3.8300,3.8100,3.8200,3445100,13158656.0000,3
2025-08-05,20250805140500000,sz.002418,3.8300,3.8400,3.8200,3.8400,2982700,11428858.0000,3
2025-08-05,20250805141000000,sz.002418,3.8400,3.8500,3.8200,3.8300,4004100,15368449.0000,3
2025-08-05,20250805141500000,sz.002418,3.8200,3.8300,3.8200,3.8300,1273900,4874560.0000,3
2025-08-05,20250805142000000,sz.002418,3.8200,3.8300,3.8000,3.8100,2436000,9286141.0000,3
2025-08-05,20250805142500000,sz.002418,3.8100,3.8100,3.8000,3.8100,1517300,5776072.0000,3
2025-08-05,20250805143000000,sz.002418,3.8000,3.8200,3.8000,3.8200,1589400,6056696.0000,3
2025-08-05,20250805143500000,sz.002418,3.8100,3.8200,3.8100,3.8200,1635600,6243662.0000,3
2025-08-05,20250805144000000,sz.002418,3.8100,3.8200,3.8100,3.8200,1687700,6442173.0000,3
2025-08-05,20250805144500000,sz.002418,3.8200,3.8200,3.8100,3.8200,2106800,8037813.0000,3
2025-08-05,20250805145000000,sz.002418,3.8200,3.8200,3.8100,3.8200,1723200,6576398.0000,3
2025-08-05,20250805145500000,sz.002418,3.8100,3.8200,3.8100,3.8200,4404500,16805376.0000,3
2025-08-05,20250805150000000,sz.002418,3.8100,3.8200,3.8100,3.8200,4304000,16430208.0000,3
2025-08-06,20250806093500000,sz.002418,3.7800,3.8800,3.7800,3.8200,18251300,69856112.0000,3
2025-08-06,20250806094000000,sz.002418,3.8200,3.8200,3.8000,3.8100,8979000,34214504.0000,3
2025-08-06,20250806094500000,sz.002418,3.8100,3.8700,3.8100,3.8600,7781700,29841272.0000,3
2025-08-06,20250806095000000,sz.002418,3.8600,3.8800,3.8500,3.8600,10885000,42047072.0000,3
2025-08-06,20250806095500000,sz.002418,3.8600,3.8600,3.8400,3.8400,3658700,14070688.0000,3
2025-08-06,20250806100000000,sz.002418,3.8400,3.8600,3.8300,3.8400,3627400,13949184.0000,3
2025-08-06,20250806100500000,sz.002418,3.8300,3.8500,3.8300,3.8300,2770800,10635424.0000,3
2025-08-06,20250806101000000,sz.002418,3.8300,3.8400,3.8300,3.8300,2854600,10943888.0000,3
2025-08-06,20250806101500000,sz.002418,3.8300,3.8400,3.8300,3.8400,2253700,8634544.0000,3
2025-08-06,20250806102000000,sz.002418,3.8300,3.8500,3.8300,3.8500,2270100,8723616.0000,3
2025-08-06,20250806102500000,sz.002418,3.8500,3.8500,3.8300,3.8400,3319200,12758064.0000,3
2025-08-06,20250806103000000,sz.002418,3.8300,3.8500,3.8300,3.8400,1470500,5647648.0000,3
2025-08-06,20250806103500000,sz.002418,3.8400,3.8500,3.8400,3.8400,2314300,8890720.0000,3
2025-08-06,20250806104000000,sz.002418,3.8400,3.8500,3.8400,3.8400,2070700,7958016.0000,3
2025-08-06,20250806104500000,sz.002418,3.8400,3.8600,3.8400,3.8500,2813200,10832096.0000,3
2025-08-06,20250806105000000,sz.002418,3.8500,3.8600,3.8400,3.8600,733500,2826784.0000,3
2025-08-06,20250806105500000,sz.002418,3.8500,3.8600,3.8400,3.8500,1567400,6036448.0000,3
2025-08-06,20250806110000000,sz.002418,3.8400,3.8600,3.8400,3.8500,1531100,5894528.0000,3
2025-08-06,20250806110500000,sz.002418,3.8600,3.8600,3.8500,3.8500,731500,2817632.0000,3
2025-08-06,20250806111000000,sz.002418,3.8600,3.8600,3.8500,3.8500,808300,3113184.0000,3
2025-08-06,20250806111500000,sz.002418,3.8500,3.8600,3.8400,3.8400,1250700,4814080.0000,3
2025-08-06,20250806112000000,sz.002418,3.8500,3.8500,3.8400,3.8500,620800,2387200.0000,3
2025-08-06,20250806112500000,sz.002418,3.8400,3.8500,3.8400,3.8400,805600,3098688.0000,3
2025-08-06,20250806113000000,sz.002418,3.8500,3.8500,3.8400,3.8500,1759600,6763680.0000,3
2025-08-06,20250806130500000,sz.002418,3.8400,3.8500,3.8300,3.8300,2996800,11500128.0000,3
2025-08-06,20250806131000000,sz.002418,3.8400,3.8400,3.8200,3.8200,3264100,12477504.0000,3
2025-08-06,20250806131500000,sz.002418,3.8200,3.8300,3.8200,3.8200,1289100,4924960.0000,3
2025-08-06,20250806132000000,sz.002418,3.8300,3.8300,3.8200,3.8200,1084000,4145280.0000,3
2025-08-06,20250806132500000,sz.002418,3.8200,3.8300,3.8200,3.8200,1084200,4143264.0000,3
2025-08-06,20250806133000000,sz.002418,3.8200,3.8300,3.8000,3.8100,3190900,12173472.0000,3
2025-08-06,20250806133500000,sz.002418,3.8100,3.8200,3.8100,3.8200,1727800,6584320.0000,3
2025-08-06,20250806134000000,sz.002418,3.8100,3.8200,3.8100,3.8100,1674200,6379840.0000,3
2025-08-06,20250806134500000,sz.002418,3.8200,3.8200,3.8100,3.8100,2924800,11143008.0000,3
2025-08-06,20250806135000000,sz.002418,3.8200,3.8200,3.8100,3.8100,1008600,3844160.0000,3
2025-08-06,20250806135500000,sz.002418,3.8100,3.8200,3.8100,3.8100,1626400,6195072.0000,3
2025-08-06,20250806140000000,sz.002418,3.8100,3.8200,3.8100,3.8200,1264800,4822528.0000,3
2025-08-06,20250806140500000,sz.002418,3.8100,3.8200,3.8100,3.8100,1665300,6347840.0000,3
2025-08-06,20250806141000000,sz.002418,3.8100,3.8200,3.8100,3.8100,866900,3307424.0000,3
2025-08-06,20250806141500000,sz.002418,3.8100,3.8300,3.8100,3.8300,6198500,23694080.0000,3
2025-08-06,20250806142000000,sz.002418,3.8300,3.8400,3.8200,3.8300,1191700,4568896.0000,3
2025-08-06,20250806142500000,sz.002418,3.8300,3.8400,3.8200,3.8300,1311700,5023808.0000,3
2025-08-06,20250806143000000,sz.002418,3.8400,3.8400,3.8200,3.8300,757000,2900096.0000,3
2025-08-06,20250806143500000,sz.002418,3.8300,3.8400,3.8300,3.8300,1684400,6451808.0000,3
2025-08-06,20250806144000000,sz.002418,3.8300,3.8400,3.8200,3.8200,1079400,4131744.0000,3
2025-08-06,20250806144500000,sz.002418,3.8300,3.8300,3.8200,3.8200,1243400,4757120.0000,3
2025-08-06,20250806145000000,sz.002418,3.8300,3.8300,3.8200,3.8300,1682700,6437984.0000,3
2025-08-06,20250806145500000,sz.002418,3.8200,3.8400,3.8200,3.8400,4086000,15657952.0000,3
2025-08-06,20250806150000000,sz.002418,3.8400,3.8400,3.8200,3.8400,3952000,15160768.0000,3
2025-08-07,20250807093500000,sz.002418,3.8300,3.8300,3.8000,3.8100,5209200,19875172.0000,3
2025-08-07,20250807094000000,sz.002418,3.8100,3.8200,3.8000,3.8100,3263800,12441454.0000,3
2025-08-07,20250807094500000,sz.002418,3.8000,3.8200,3.8000,3.8100,2713800,10340206.0000,3
2025-08-07,20250807095000000,sz.002418,3.8000,3.8100,3.7900,3.7900,3611400,13715976.0000,3
2025-08-07,20250807095500000,sz.002418,3.7900,3.8600,3.7900,3.8400,7136700,27299040.0000,3
2025-08-07,20250807100000000,sz.002418,3.8400,3.8600,3.8200,3.8600,2972100,11414056.0000,3
2025-08-07,20250807100500000,sz.002418,3.8600,3.8600,3.8300,3.8400,2289300,8813184.0000,3
2025-08-07,20250807101000000,sz.002418,3.8400,3.8500,3.8200,3.8400,1666400,6389336.0000,3
2025-08-07,20250807101500000,sz.002418,3.8400,3.8500,3.8200,3.8300,1385100,5315904.0000,3
2025-08-07,20250807102000000,sz.002418,3.8200,3.8300,3.8200,3.8300,1666200,6369584.0000,3
2025-08-07,20250807102500000,sz.002418,3.8300,3.8300,3.8200,3.8200,1097600,4195952.0000,3
2025-08-07,20250807103000000,sz.002418,3.8200,3.8300,3.8100,3.8100,974800,3720944.0000,3
2025-08-07,20250807103500000,sz.002418,3.8100,3.8300,3.8100,3.8300,1204700,4600472.0000,3
2025-08-07,20250807104000000,sz.002418,3.8200,3.8300,3.8200,3.8300,935000,3577408.0000,3
2025-08-07,20250807104500000,sz.002418,3.8200,3.8300,3.8100,3.8200,886200,3385248.0000,3
2025-08-07,20250807105000000,sz.002418,3.8200,3.8300,3.8200,3.8200,916000,3499648.0000,3
2025-08-07,20250807105500000,sz.002418,3.8300,3.8300,3.8200,3.8200,338500,1293392.0000,3
2025-08-07,20250807110000000,sz.002418,3.8200,3.8300,3.8200,3.8200,485900,1857760.0000,3
2025-08-07,20250807110500000,sz.002418,3.8200,3.8400,3.8200,3.8200,1099100,4208816.0000,3
2025-08-07,20250807111000000,sz.002418,3.8200,3.8300,3.8100,3.8100,1334100,5092192.0000,3
2025-08-07,20250807111500000,sz.002418,3.8100,3.8200,3.8100,3.8200,696000,2651936.0000,3
2025-08-07,20250807112000000,sz.002418,3.8200,3.8300,3.8100,3.8200,799300,3053632.0000,3
2025-08-07,20250807112500000,sz.002418,3.8200,3.8300,3.8200,3.8200,162600,621728.0000,3
2025-08-07,20250807113000000,sz.002418,3.8200,3.8300,3.8200,3.8200,342700,1310480.0000,3
2025-08-07,20250807130500000,sz.002418,3.8200,3.8300,3.8200,3.8200,713600,2727936.0000,3
2025-08-07,20250807131000000,sz.002418,3.8200,3.8300,3.8100,3.8100,623600,2381280.0000,3
2025-08-07,20250807131500000,sz.002418,3.8100,3.8200,3.8000,3.8100,1244900,4742736.0000,3
2025-08-07,20250807132000000,sz.002418,3.8100,3.8200,3.8000,3.8100,1256600,4787264.0000,3
2025-08-07,20250807132500000,sz.002418,3.8000,3.8100,3.8000,3.8000,397600,1512816.0000,3
2025-08-07,20250807133000000,sz.002418,3.8100,3.8100,3.7900,3.8000,2562600,9738320.0000,3
2025-08-07,20250807133500000,sz.002418,3.8000,3.8100,3.8000,3.8000,428800,1630480.0000,3
2025-08-07,20250807134000000,sz.002418,3.8000,3.8100,3.8000,3.8000,513200,1950688.0000,3
2025-08-07,20250807134500000,sz.002418,3.8100,3.8100,3.8000,3.8100,355200,1350432.0000,3
2025-08-07,20250807135000000,sz.002418,3.8000,3.8100,3.7900,3.8000,1525700,5796096.0000,3
2025-08-07,20250807135500000,sz.002418,3.8000,3.8000,3.7900,3.7900,512500,1943168.0000,3
2025-08-07,20250807140000000,sz.002418,3.7900,3.8000,3.7900,3.8000,1013700,3842192.0000,3
2025-08-07,20250807140500000,sz.002418,3.8000,3.8000,3.7900,3.8000,725800,2753712.0000,3
2025-08-07,20250807141000000,sz.002418,3.8000,3.8000,3.7900,3.7900,528500,2005088.0000,3
2025-08-07,20250807141500000,sz.002418,3.7900,3.8000,3.7900,3.8000,740300,2806432.0000,3
2025-08-07,20250807142000000,sz.002418,3.7900,3.8000,3.7800,3.7900,1785000,6763936.0000,3
2025-08-07,20250807142500000,sz.002418,3.7900,3.8000,3.7900,3.8000,1078900,4092400.0000,3
2025-08-07,20250807143000000,sz.002418,3.7900,3.8000,3.7900,3.8000,598800,2273632.0000,3
2025-08-07,20250807143500000,sz.002418,3.7900,3.8200,3.7900,3.8100,2201500,8378480.0000,3
2025-08-07,20250807144000000,sz.002418,3.8100,3.8200,3.8000,3.8000,654000,2489488.0000,3
2025-08-07,20250807144500000,sz.002418,3.8000,3.8100,3.7900,3.8000,2376600,9021552.0000,3
2025-08-07,20250807145000000,sz.002418,3.7900,3.8000,3.7900,3.7900,1196000,4540336.0000,3
2025-08-07,20250807145500000,sz.002418,3.7900,3.8000,3.7900,3.8000,1671100,6339504.0000,3
2025-08-07,20250807150000000,sz.002418,3.7900,3.8100,3.7900,3.8100,2548100,9685408.0000,3
2025-08-08,20250808093500000,sz.002418,3.8100,3.8100,3.7800,3.7900,4334600,16449024.0000,3
2025-08-08,20250808094000000,sz.002418,3.7800,3.8000,3.7800,3.7900,1633700,6195020.0000,3
2025-08-08,20250808094500000,sz.002418,3.8000,3.8000,3.7900,3.8000,1265000,4798590.0000,3
2025-08-08,20250808095000000,sz.002418,3.8000,3.8400,3.8000,3.8300,2928000,11194182.0000,3
2025-08-08,20250808095500000,sz.002418,3.8300,3.8300,3.8000,3.8100,2384400,9104348.0000,3
2025-08-08,20250808100000000,sz.002418,3.8200,3.8300,3.8100,3.8200,1252300,4783936.0000,3
2025-08-08,20250808100500000,sz.002418,3.8200,3.8200,3.8100,3.8100,506100,1930032.0000,3
2025-08-08,20250808101000000,sz.002418,3.8100,3.8200,3.8000,3.8000,1063000,4050852.0000,3
2025-08-08,20250808101500000,sz.002418,3.8000,3.8000,3.7800,3.7900,1940300,7360092.0000,3
2025-08-08,20250808102000000,sz.002418,3.8000,3.8000,3.7900,3.7900,1013900,3843908.0000,3
2025-08-08,20250808102500000,sz.002418,3.7900,3.8000,3.7800,3.7900,1332700,5051152.0000,3
2025-08-08,20250808103000000,sz.002418,3.7900,3.8000,3.7800,3.7900,769900,2916944.0000,3
2025-08-08,20250808103500000,sz.002418,3.7800,3.8000,3.7800,3.8000,578300,2191792.0000,3
2025-08-08,20250808104000000,sz.002418,3.7900,3.8000,3.7900,3.7900,794500,3014296.0000,3
2025-08-08,20250808104500000,sz.002418,3.7900,3.8000,3.7900,3.7900,354800,1345912.0000,3
2025-08-08,20250808105000000,sz.002418,3.8000,3.8100,3.7900,3.8100,526800,2001656.0000,3
2025-08-08,20250808105500000,sz.002418,3.8100,3.8100,3.7900,3.8000,791300,3006600.0000,3
2025-08-08,20250808110000000,sz.002418,3.8000,3.8100,3.7900,3.8000,534100,2029736.0000,3
2025-08-08,20250808110500000,sz.002418,3.8000,3.8000,3.7900,3.8000,310900,1179824.0000,3
2025-08-08,20250808111000000,sz.002418,3.7900,3.8000,3.7900,3.7900,121800,462136.0000,3
2025-08-08,20250808111500000,sz.002418,3.7900,3.8000,3.7900,3.8000,439200,1665928.0000,3
2025-08-08,20250808112000000,sz.002418,3.7900,3.8000,3.7900,3.8000,628300,2384152.0000,3
2025-08-08,20250808112500000,sz.002418,3.8000,3.8100,3.8000,3.8100,345500,1314432.0000,3
2025-08-08,20250808113000000,sz.002418,3.8000,3.8100,3.8000,3.8000,403800,1536760.0000,3
2025-08-08,20250808130500000,sz.002418,3.8100,3.8100,3.8000,3.8000,717500,2728704.0000,3
2025-08-08,20250808131000000,sz.002418,3.8000,3.8100,3.7900,3.8000,1009400,3834136.0000,3
2025-08-08,20250808131500000,sz.002418,3.8000,3.8100,3.7900,3.8000,1011300,3842480.0000,3
2025-08-08,20250808132000000,sz.002418,3.8000,3.8100,3.8000,3.8000,726000,2758944.0000,3
2025-08-08,20250808132500000,sz.002418,3.8000,3.8300,3.8000,3.8200,3010100,11484448.0000,3
2025-08-08,20250808133000000,sz.002418,3.8100,3.8200,3.8000,3.8100,1308700,4988984.0000,3
2025-08-08,20250808133500000,sz.002418,3.8100,3.8400,3.8100,3.8400,5007200,19189256.0000,3
2025-08-08,20250808134000000,sz.002418,3.8400,3.8500,3.8300,3.8300,2113800,8117744.0000,3
2025-08-08,20250808134500000,sz.002418,3.8300,3.8400,3.8200,3.8300,1025300,3927104.0000,3
2025-08-08,20250808135000000,sz.002418,3.8200,3.8300,3.8100,3.8100,703900,2688272.0000,3
2025-08-08,20250808135500000,sz.002418,3.8100,3.8200,3.8100,3.8200,486900,1859392.0000,3
2025-08-08,20250808140000000,sz.002418,3.8200,3.8200,3.8100,3.8100,445800,1701136.0000,3
2025-08-08,20250808140500000,sz.002418,3.8100,3.8300,3.8100,3.8300,687900,2631360.0000,3
2025-08-08,20250808141000000,sz.002418,3.8300,3.8300,3.8200,3.8200,143400,548448.0000,3
2025-08-08,20250808141500000,sz.002418,3.8300,3.8300,3.8200,3.8300,247300,945472.0000,3
2025-08-08,20250808142000000,sz.002418,3.8300,3.8300,3.8100,3.8300,1372400,5241984.0000,3
2025-08-08,20250808142500000,sz.002418,3.8300,3.8300,3.8200,3.8200,441300,1685904.0000,3
2025-08-08,20250808143000000,sz.002418,3.8300,3.8300,3.8200,3.8300,288200,1102368.0000,3
2025-08-08,20250808143500000,sz.002418,3.8200,3.8300,3.8200,3.8300,563200,2155664.0000,3
2025-08-08,20250808144000000,sz.002418,3.8300,3.8300,3.8200,3.8300,646300,2472208.0000,3
2025-08-08,20250808144500000,sz.002418,3.8200,3.8300,3.8100,3.8200,1521900,5812544.0000,3
2025-08-08,20250808145000000,sz.002418,3.8200,3.8300,3.8100,3.8300,1263600,4828144.0000,3
2025-08-08,20250808145500000,sz.002418,3.8300,3.8300,3.8200,3.8200,973100,3721008.0000,3
2025-08-08,20250808150000000,sz.002418,3.8200,3.8300,3.8200,3.8200,1426000,5449040.0000,3
2025-08-11,20250811093500000,sz.002418,3.8200,3.8400,3.8200,3.8300,3422600,13093024.0000,3
2025-08-11,20250811094000000,sz.002418,3.8300,3.8400,3.8200,3.8300,3230800,12381956.0000,3
2025-08-11,20250811094500000,sz.002418,3.8200,3.8400,3.8200,3.8400,1844900,7067544.0000,3
2025-08-11,20250811095000000,sz.002418,3.8400,3.8500,3.8300,3.8400,2028100,7790068.0000,3
2025-08-11,20250811095500000,sz.002418,3.8300,3.8500,3.8300,3.8300,1713700,6579612.0000,3
2025-08-11,20250811100000000,sz.002418,3.8300,3.8500,3.8300,3.8400,1949800,7498276.0000,3
2025-08-11,20250811100500000,sz.002418,3.8500,3.8500,3.8400,3.8400,2491200,9583936.0000,3
2025-08-11,20250811101000000,sz.002418,3.8400,3.9300,3.8400,3.9200,12644500,49213824.0000,3
2025-08-11,20250811101500000,sz.002418,3.9200,3.9800,3.9000,3.9800,10781100,42325840.0000,3
2025-08-11,20250811102000000,sz.002418,3.9700,3.9900,3.9400,3.9400,13589600,53952304.0000,3
2025-08-11,20250811102500000,sz.002418,3.9400,3.9600,3.9300,3.9500,3890600,15334352.0000,3
2025-08-11,20250811103000000,sz.002418,3.9500,3.9500,3.9300,3.9500,2142600,8444720.0000,3
2025-08-11,20250811103500000,sz.002418,3.9500,4.0700,3.9400,4.0100,14000200,56100656.0000,3
2025-08-11,20250811104000000,sz.002418,4.0100,4.0100,3.9800,3.9800,3916400,15656096.0000,3
2025-08-11,20250811104500000,sz.002418,3.9900,3.9900,3.9600,3.9800,2831300,11256672.0000,3
2025-08-11,20250811105000000,sz.002418,3.9700,3.9900,3.9700,3.9700,1934000,7694240.0000,3
2025-08-11,20250811105500000,sz.002418,3.9700,4.0000,3.9700,3.9900,1638800,6527360.0000,3
2025-08-11,20250811110000000,sz.002418,4.0000,4.0000,3.9800,3.9800,1366200,5451264.0000,3
2025-08-11,20250811110500000,sz.002418,3.9800,3.9800,3.9700,3.9700,1377200,5472480.0000,3
2025-08-11,20250811111000000,sz.002418,3.9800,3.9900,3.9700,3.9800,1024100,4076864.0000,3
2025-08-11,20250811111500000,sz.002418,3.9800,3.9800,3.9700,3.9700,778300,3092800.0000,3
2025-08-11,20250811112000000,sz.002418,3.9700,3.9800,3.9700,3.9700,532900,2116768.0000,3
2025-08-11,20250811112500000,sz.002418,3.9700,3.9800,3.9700,3.9700,1120900,4451776.0000,3
2025-08-11,20250811113000000,sz.002418,3.9800,3.9800,3.9700,3.9800,594900,2363008.0000,3
2025-08-11,20250811130500000,sz.002418,3.9800,4.2000,3.9800,4.2000,33121600,137234208.0000,3
2025-08-11,20250811131000000,sz.002418,4.2000,4.2000,4.2000,4.2000,3597200,15108352.0000,3
2025-08-11,20250811131500000,sz.002418,4.2000,4.2000,4.2000,4.2000,1527000,6413376.0000,3
2025-08-11,20250811132000000,sz.002418,4.2000,4.2000,4.2000,4.2000,1274100,5351232.0000,3
2025-08-11,20250811132500000,sz.002418,4.2000,4.2000,4.2000,4.2000,1770100,7434432.0000,3
2025-08-11,20250811133000000,sz.002418,4.2000,4.2000,4.2000,4.2000,1674900,7034560.0000,3
2025-08-11,20250811133500000,sz.002418,4.2000,4.2000,4.2000,4.2000,661200,2777056.0000,3
2025-08-11,20250811134000000,sz.002418,4.2000,4.2000,4.2000,4.2000,2454500,10308928.0000,3
2025-08-11,20250811134500000,sz.002418,4.2000,4.2000,4.2000,4.2000,447600,1879872.0000,3
2025-08-11,20250811135000000,sz.002418,4.2000,4.2000,4.2000,4.2000,1172200,4923264.0000,3
2025-08-11,20250811135500000,sz.002418,4.2000,4.2000,4.2000,4.2000,398400,1673280.0000,3
2025-08-11,20250811140000000,sz.002418,4.2000,4.2000,4.2000,4.2000,326900,1372992.0000,3
2025-08-11,20250811140500000,sz.002418,4.2000,4.2000,4.2000,4.2000,253500,1064640.0000,3
2025-08-11,20250811141000000,sz.002418,4.2000,4.2000,4.2000,4.2000,167500,703552.0000,3
2025-08-11,20250811141500000,sz.002418,4.2000,4.2000,4.2000,4.2000,276400,1160896.0000,3
2025-08-11,20250811142000000,sz.002418,4.2000,4.2000,4.2000,4.2000,357400,1501056.0000,3
2025-08-11,20250811142500000,sz.002418,4.2000,4.2000,4.2000,4.2000,307600,1291904.0000,3
2025-08-11,20250811143000000,sz.002418,4.2000,4.2000,4.2000,4.2000,422200,1773248.0000,3
2025-08-11,20250811143500000,sz.002418,4.2000,4.2000,4.2000,4.2000,142800,599744.0000,3
2025-08-11,20250811144000000,sz.002418,4.2000,4.2000,4.2000,4.2000,159300,669056.0000,3
2025-08-11,20250811144500000,sz.002418,4.2000,4.2000,4.2000,4.2000,277600,1165952.0000,3
2025-08-11,20250811145000000,sz.002418,4.2000,4.2000,4.2000,4.2000,188600,792128.0000,3
2025-08-11,20250811145500000,sz.002418,4.2000,4.2000,4.2000,4.2000,341000,1432192.0000,3
2025-08-11,20250811150000000,sz.002418,4.2000,4.2000,4.2000,4.2000,302800,1271744.0000,3
2025-08-12,20250812093500000,sz.002418,4.2100,4.3000,4.0800,4.0800,53075100,221397280.0000,3
2025-08-12,20250812094000000,sz.002418,4.0900,4.1200,4.0700,4.0900,18686900,76475616.0000,3
2025-08-12,20250812094500000,sz.002418,4.0700,4.0800,4.0600,4.0700,12030100,48973408.0000,3
2025-08-12,20250812095000000,sz.002418,4.0600,4.1100,4.0600,4.1000,12416700,50590048.0000,3
2025-08-12,20250812095500000,sz.002418,4.1100,4.1900,4.1000,4.1600,13119500,54369024.0000,3
2025-08-12,20250812100000000,sz.002418,4.1600,4.1600,4.1200,4.1500,6008900,24850880.0000,3
2025-08-12,20250812100500000,sz.002418,4.1500,4.2100,4.1500,4.1900,10405700,43439232.0000,3
2025-08-12,20250812101000000,sz.002418,4.1900,4.2000,4.1500,4.1600,7190400,30057728.0000,3
2025-08-12,20250812101500000,sz.002418,4.1500,4.1900,4.1500,4.1600,4536600,18893123.0000,3
2025-08-12,20250812102000000,sz.002418,4.1600,4.1900,4.1400,4.1700,4402300,18342015.0000,3
2025-08-12,20250812102500000,sz.002418,4.1700,4.1800,4.1600,4.1700,3400900,14179518.0000,3
2025-08-12,20250812103000000,sz.002418,4.1600,4.1700,4.1400,4.1500,3360000,13937286.0000,3
2025-08-12,20250812103500000,sz.002418,4.1400,4.1700,4.1400,4.1500,3664000,15212346.0000,3
2025-08-12,20250812104000000,sz.002418,4.1400,4.1600,4.1300,4.1500,2708700,11229504.0000,3
2025-08-12,20250812104500000,sz.002418,4.1600,4.1600,4.1200,4.1400,2800600,11584379.0000,3
2025-08-12,20250812105000000,sz.002418,4.1300,4.1500,4.1300,4.1300,1730500,7160575.0000,3
2025-08-12,20250812105500000,sz.002418,4.1300,4.1400,4.1100,4.1100,2061300,8496640.0000,3
2025-08-12,20250812110000000,sz.002418,4.1200,4.1500,4.1100,4.1300,2033600,8396813.0000,3
2025-08-12,20250812110500000,sz.002418,4.1200,4.1400,4.1000,4.1100,2559800,10541944.0000,3
2025-08-12,20250812111000000,sz.002418,4.1100,4.1400,4.1100,4.1300,1449200,5982717.0000,3
2025-08-12,20250812111500000,sz.002418,4.1300,4.1300,4.1100,4.1100,1751200,7205184.0000,3
2025-08-12,20250812112000000,sz.002418,4.1200,4.1300,4.1000,4.1200,1632200,6711487.0000,3
2025-08-12,20250812112500000,sz.002418,4.1200,4.1200,4.1100,4.1100,1007000,4140999.0000,3
2025-08-12,20250812113000000,sz.002418,4.1100,4.1300,4.1100,4.1300,1497300,6167364.0000,3
2025-08-12,20250812130500000,sz.002418,4.1300,4.1400,4.1100,4.1300,2982700,12290547.0000,3
2025-08-12,20250812131000000,sz.002418,4.1300,4.1300,4.1000,4.1100,1492700,6140736.0000,3
2025-08-12,20250812131500000,sz.002418,4.1000,4.1100,4.1000,4.1100,1076700,4417669.0000,3
2025-08-12,20250812132000000,sz.002418,4.1100,4.1200,4.1100,4.1200,2305200,9485634.0000,3
2025-08-12,20250812132500000,sz.002418,4.1100,4.1200,4.1000,4.1100,1660000,6825728.0000,3
2025-08-12,20250812133000000,sz.002418,4.1100,4.1400,4.1000,4.1200,1869900,7705464.0000,3
2025-08-12,20250812133500000,sz.002418,4.1200,4.1200,4.1000,4.1100,1769500,7277387.0000,3
2025-08-12,20250812134000000,sz.002418,4.1100,4.1100,4.1000,4.1000,783500,3217856.0000,3
2025-08-12,20250812134500000,sz.002418,4.1100,4.1100,4.1000,4.1000,1717400,7045111.0000,3
2025-08-12,20250812135000000,sz.002418,4.1000,4.1100,4.1000,4.1000,1116300,4577411.0000,3
2025-08-12,20250812135500000,sz.002418,4.1100,4.1100,4.0900,4.1000,1530100,6275972.0000,3
2025-08-12,20250812140000000,sz.002418,4.1100,4.1100,4.1000,4.1000,581600,2386751.0000,3
2025-08-12,20250812140500000,sz.002418,4.1000,4.1200,4.1000,4.1200,1098600,4518590.0000,3
2025-08-12,20250812141000000,sz.002418,4.1100,4.1200,4.1100,4.1200,635400,2615166.0000,3
2025-08-12,20250812141500000,sz.002418,4.1100,4.1300,4.1100,4.1100,1220700,5028476.0000,3
2025-08-12,20250812142000000,sz.002418,4.1100,4.1200,4.1100,4.1100,766000,3152832.0000,3
2025-08-12,20250812142500000,sz.002418,4.1100,4.1300,4.1100,4.1200,1428900,5888640.0000,3
2025-08-12,20250812143000000,sz.002418,4.1200,4.1300,4.1200,4.1300,900800,3716238.0000,3
2025-08-12,20250812143500000,sz.002418,4.1200,4.1300,4.1100,4.1200,2442100,10062962.0000,3
2025-08-12,20250812144000000,sz.002418,4.1200,4.1300,4.1100,4.1200,1386500,5711688.0000,3
2025-08-12,20250812144500000,sz.002418,4.1200,4.1300,4.1100,4.1100,1924500,7918276.0000,3
2025-08-12,20250812145000000,sz.002418,4.1200,4.1200,4.1000,4.1100,5061100,20804218.0000,3
2025-08-12,20250812145500000,sz.002418,4.1100,4.1200,4.1100,4.1200,3710500,15270846.0000,3
2025-08-12,20250812150000000,sz.002418,4.1100,4.1300,4.1100,4.1300,4471400,18438466.0000,3
2025-08-13,20250813093500000,sz.002418,4.1600,4.2000,4.1200,4.1500,18650100,77659040.0000,3
2025-08-13,20250813094000000,sz.002418,4.1500,4.1600,4.1200,4.1200,6964900,28808184.0000,3
2025-08-13,20250813094500000,sz.002418,4.1300,4.1400,4.1200,4.1400,5001900,20648968.0000,3
2025-08-13,20250813095000000,sz.002418,4.1400,4.1600,4.1300,4.1500,5411400,22447872.0000,3
2025-08-13,20250813095500000,sz.002418,4.1500,4.1800,4.1500,4.1700,3493700,14558752.0000,3
2025-08-13,20250813100000000,sz.002418,4.1600,4.2100,4.1600,4.2000,10004700,41983808.0000,3
2025-08-13,20250813100500000,sz.002418,4.1900,4.2300,4.1800,4.1900,11046000,46480304.0000,3
2025-08-13,20250813101000000,sz.002418,4.1900,4.2300,4.1800,4.2100,9504600,39970160.0000,3
2025-08-13,20250813101500000,sz.002418,4.2100,4.2200,4.1900,4.2200,3687400,15504320.0000,3
2025-08-13,20250813102000000,sz.002418,4.2200,4.2900,4.2100,4.2700,15963900,67985344.0000,3
2025-08-13,20250813102500000,sz.002418,4.2700,4.3000,4.2500,4.2500,9176600,39227680.0000,3
2025-08-13,20250813103000000,sz.002418,4.2600,4.2600,4.2400,4.2500,5129300,21806720.0000,3
2025-08-13,20250813103500000,sz.002418,4.2500,4.2600,4.2300,4.2500,3862600,16374144.0000,3
2025-08-13,20250813104000000,sz.002418,4.2600,4.2600,4.2300,4.2400,2725000,11558176.0000,3
2025-08-13,20250813104500000,sz.002418,4.2400,4.2400,4.2100,4.2100,3233100,13661440.0000,3
2025-08-13,20250813105000000,sz.002418,4.2200,4.2300,4.2100,4.2100,3335700,14064064.0000,3
2025-08-13,20250813105500000,sz.002418,4.2100,4.2300,4.2000,4.2300,3863100,16262912.0000,3
2025-08-13,20250813110000000,sz.002418,4.2300,4.2300,4.2100,4.2300,1608700,6786304.0000,3
2025-08-13,20250813110500000,sz.002418,4.2200,4.2200,4.2100,4.2100,1068500,4505824.0000,3
2025-08-13,20250813111000000,sz.002418,4.2200,4.2200,4.2000,4.2100,1368000,5763392.0000,3
2025-08-13,20250813111500000,sz.002418,4.2100,4.2100,4.2000,4.2000,1171600,4923296.0000,3
2025-08-13,20250813112000000,sz.002418,4.2000,4.2100,4.1800,4.1900,2574100,10788704.0000,3
2025-08-13,20250813112500000,sz.002418,4.1900,4.2000,4.1800,4.1900,1531600,6417273.0000,3
2025-08-13,20250813113000000,sz.002418,4.1900,4.2100,4.1900,4.2100,1290400,5421119.0000,3
2025-08-13,20250813130500000,sz.002418,4.2000,4.2200,4.1800,4.1900,2990200,12549772.0000,3
2025-08-13,20250813131000000,sz.002418,4.2000,4.2100,4.1800,4.2100,2123800,8914422.0000,3
2025-08-13,20250813131500000,sz.002418,4.2100,4.2100,4.1900,4.1900,2022800,8494476.0000,3
2025-08-13,20250813132000000,sz.002418,4.2000,4.2000,4.1900,4.2000,790000,3315450.0000,3
2025-08-13,20250813132500000,sz.002418,4.2000,4.2000,4.1800,4.1800,2838600,11887418.0000,3
2025-08-13,20250813133000000,sz.002418,4.1900,4.2000,4.1800,4.1900,1622300,6792388.0000,3
2025-08-13,20250813133500000,sz.002418,4.2000,4.2000,4.1900,4.1900,1061800,4450944.0000,3
2025-08-13,20250813134000000,sz.002418,4.2000,4.2000,4.1800,4.1900,2284700,9573370.0000,3
2025-08-13,20250813134500000,sz.002418,4.1900,4.2000,4.1900,4.1900,913600,3830726.0000,3
2025-08-13,20250813135000000,sz.002418,4.2000,4.2100,4.1900,4.2000,2332000,9791302.0000,3
2025-08-13,20250813135500000,sz.002418,4.2000,4.2000,4.1900,4.2000,844000,3543544.0000,3
2025-08-13,20250813140000000,sz.002418,4.2000,4.2000,4.1900,4.2000,806600,3385468.0000,3
2025-08-13,20250813140500000,sz.002418,4.2000,4.2000,4.1900,4.2000,1707300,7168900.0000,3
2025-08-13,20250813141000000,sz.002418,4.2000,4.2000,4.1900,4.2000,1366400,5735552.0000,3
2025-08-13,20250813141500000,sz.002418,4.2000,4.2100,4.1900,4.2000,1235700,5197758.0000,3
2025-08-13,20250813142000000,sz.002418,4.2000,4.2100,4.2000,4.2000,1412400,5943884.0000,3
2025-08-13,20250813142500000,sz.002418,4.2000,4.2100,4.1900,4.1900,3215700,13505651.0000,3
2025-08-13,20250813143000000,sz.002418,4.1900,4.2000,4.1800,4.1800,3807200,15940361.0000,3
2025-08-13,20250813143500000,sz.002418,4.1800,4.2400,4.1800,4.2400,8066900,33979907.0000,3
2025-08-13,20250813144000000,sz.002418,4.2400,4.2400,4.2200,4.2200,4256200,18013377.0000,3
2025-08-13,20250813144500000,sz.002418,4.2200,4.2400,4.2200,4.2300,2918600,12344890.0000,3
2025-08-13,20250813145000000,sz.002418,4.2200,4.2500,4.2200,4.2400,4739900,20098684.0000,3
2025-08-13,20250813145500000,sz.002418,4.2400,4.2400,4.2300,4.2300,4263500,18056649.0000,3
2025-08-13,20250813150000000,sz.002418,4.2400,4.2500,4.2300,4.2300,6546700,27731515.0000,3
2025-08-14,20250814093500000,sz.002418,4.4600,4.6500,4.4600,4.6500,31720200,145683216.0000,3
2025-08-14,20250814094000000,sz.002418,4.6500,4.6500,4.6500,4.6500,5084500,23643072.0000,3
2025-08-14,20250814094500000,sz.002418,4.6500,4.6500,4.6500,4.6500,3887600,18077344.0000,3
2025-08-14,20250814095000000,sz.002418,4.6500,4.6500,4.6500,4.6500,2573100,11964912.0000,3
2025-08-14,20250814095500000,sz.002418,4.6500,4.6500,4.6500,4.6500,1203000,5593952.0000,3
2025-08-14,20250814100000000,sz.002418,4.6500,4.6500,4.6500,4.6500,884300,4111984.0000,3
2025-08-14,20250814100500000,sz.002418,4.6500,4.6500,4.6500,4.6500,464700,2160864.0000,3
2025-08-14,20250814101000000,sz.002418,4.6500,4.6500,4.6500,4.6500,780400,3628864.0000,3
2025-08-14,20250814101500000,sz.002418,4.6500,4.6500,4.6500,4.6500,519100,2413808.0000,3
2025-08-14,20250814102000000,sz.002418,4.6500,4.6500,4.6500,4.6500,393500,1829776.0000,3
2025-08-14,20250814102500000,sz.002418,4.6500,4.6500,4.6500,4.6500,656800,3054112.0000,3
2025-08-14,20250814103000000,sz.002418,4.6500,4.6500,4.6500,4.6500,363300,1689360.0000,3
2025-08-14,20250814103500000,sz.002418,4.6500,4.6500,4.6500,4.6500,332900,1547984.0000,3
2025-08-14,20250814104000000,sz.002418,4.6500,4.6500,4.6500,4.6500,170200,791424.0000,3
2025-08-14,20250814104500000,sz.002418,4.6500,4.6500,4.6500,4.6500,165300,768608.0000,3
2025-08-14,20250814105000000,sz.002418,4.6500,4.6500,4.6500,4.6500,189700,882096.0000,3
2025-08-14,20250814105500000,sz.002418,4.6500,4.6500,4.6500,4.6500,393600,1830240.0000,3
2025-08-14,20250814110000000,sz.002418,4.6500,4.6500,4.6500,4.6500,274300,1275504.0000,3
2025-08-14,20250814110500000,sz.002418,4.6500,4.6500,4.6500,4.6500,128800,598912.0000,3
2025-08-14,20250814111000000,sz.002418,4.6500,4.6500,4.6500,4.6500,84400,392464.0000,3
2025-08-14,20250814111500000,sz.002418,4.6500,4.6500,4.6500,4.6500,105600,491040.0000,3
2025-08-14,20250814112000000,sz.002418,4.6500,4.6500,4.6500,4.6500,85200,396176.0000,3
2025-08-14,20250814112500000,sz.002418,4.6500,4.6500,4.6500,4.6500,93600,435248.0000,3
2025-08-14,20250814113000000,sz.002418,4.6500,4.6500,4.6500,4.6500,216700,1007648.0000,3
2025-08-14,20250814130500000,sz.002418,4.6500,4.6500,4.6500,4.6500,1076600,5006192.0000,3
2025-08-14,20250814131000000,sz.002418,4.6500,4.6500,4.6500,4.6500,568100,2641664.0000,3
2025-08-14,20250814131500000,sz.002418,4.6500,4.6500,4.6500,4.6500,1242600,5778096.0000,3
2025-08-14,20250814132000000,sz.002418,4.6500,4.6500,4.6500,4.6500,506100,2353360.0000,3
2025-08-14,20250814132500000,sz.002418,4.6500,4.6500,4.6500,4.6500,838700,3899952.0000,3
2025-08-14,20250814133000000,sz.002418,4.6500,4.6500,4.6500,4.6500,12803300,59535360.0000,3
2025-08-14,20250814133500000,sz.002418,4.6500,4.6500,4.6500,4.6500,4561600,21211456.0000,3
2025-08-14,20250814134000000,sz.002418,4.6500,4.6500,4.6500,4.6500,2384200,11086528.0000,3
2025-08-14,20250814134500000,sz.002418,4.6500,4.6500,4.6500,4.6500,1331000,6189152.0000,3
2025-08-14,20250814135000000,sz.002418,4.6500,4.6500,4.6500,4.6500,810200,3767424.0000,3
2025-08-14,20250814135500000,sz.002418,4.6500,4.6500,4.6500,4.6500,424100,1972064.0000,3
2025-08-14,20250814140000000,sz.002418,4.6500,4.6500,4.6500,4.6500,743600,3457728.0000,3
2025-08-14,20250814140500000,sz.002418,4.6500,4.6500,4.6500,4.6500,913300,4246848.0000,3
2025-08-14,20250814141000000,sz.002418,4.6500,4.6500,4.6500,4.6500,250100,1162976.0000,3
2025-08-14,20250814141500000,sz.002418,4.6500,4.6500,4.6500,4.6500,407500,1894880.0000,3
2025-08-14,20250814142000000,sz.002418,4.6500,4.6500,4.6500,4.6500,489900,2278016.0000,3
2025-08-14,20250814142500000,sz.002418,4.6500,4.6500,4.6500,4.6500,358700,1667968.0000,3
2025-08-14,20250814143000000,sz.002418,4.6500,4.6500,4.6500,4.6500,450600,2095296.0000,3
2025-08-14,20250814143500000,sz.002418,4.6500,4.6500,4.6500,4.6500,350200,1628416.0000,3
2025-08-14,20250814144000000,sz.002418,4.6500,4.6500,4.6500,4.6500,683700,3179200.0000,3
2025-08-14,20250814144500000,sz.002418,4.6500,4.6500,4.6500,4.6500,522200,2428224.0000,3
2025-08-14,20250814145000000,sz.002418,4.6500,4.6500,4.6500,4.6500,962100,4473760.0000,3
2025-08-14,20250814145500000,sz.002418,4.6500,4.6500,4.6500,4.6500,761900,3542848.0000,3
2025-08-14,20250814150000000,sz.002418,4.6500,4.6500,4.6500,4.6500,2425900,11280448.0000,3
2025-08-15,20250815093500000,sz.002418,5.1200,5.1200,4.5400,4.7400,116850800,570996672.0000,3
2025-08-15,20250815094000000,sz.002418,4.7400,4.7700,4.6500,4.7600,26457400,124353024.0000,3
2025-08-15,20250815094500000,sz.002418,4.7600,4.8600,4.7100,4.8600,24123700,115365569.0000,3
2025-08-15,20250815095000000,sz.002418,4.8600,4.9600,4.7800,4.8600,19514800,95336443.0000,3
2025-08-15,20250815095500000,sz.002418,4.8600,4.8600,4.7600,4.7600,10904500,52261380.0000,3
2025-08-15,20250815100000000,sz.002418,4.7500,4.9200,4.7500,4.9200,10126300,48959992.0000,3
2025-08-15,20250815100500000,sz.002418,4.9200,4.9200,4.8100,4.8200,7724500,37505288.0000,3
2025-08-15,20250815101000000,sz.002418,4.8200,4.8400,4.8000,4.8000,5406200,26035072.0000,3
2025-08-15,20250815101500000,sz.002418,4.8000,4.8400,4.7600,4.8000,5852200,28090242.0000,3
2025-08-15,20250815102000000,sz.002418,4.8100,4.8600,4.7900,4.8300,5010000,24170754.0000,3
2025-08-15,20250815102500000,sz.002418,4.8300,4.8400,4.8200,4.8200,3149700,15218560.0000,3
2025-08-15,20250815103000000,sz.002418,4.8200,4.9000,4.8200,4.8900,5833800,28313848.0000,3
2025-08-15,20250815103500000,sz.002418,4.8900,4.8900,4.8300,4.8300,3599300,17462662.0000,3
2025-08-15,20250815104000000,sz.002418,4.8300,4.9700,4.8200,4.9100,9031800,44228478.0000,3
2025-08-15,20250815104500000,sz.002418,4.9100,4.9100,4.8800,4.9000,3352500,16429568.0000,3
2025-08-15,20250815105000000,sz.002418,4.9000,4.9100,4.8500,4.8600,2390000,11669760.0000,3
2025-08-15,20250815105500000,sz.002418,4.8600,4.8600,4.8400,4.8500,1847800,8958461.0000,3
2025-08-15,20250815110000000,sz.002418,4.8400,4.8600,4.8400,4.8500,2019800,9800316.0000,3
2025-08-15,20250815110500000,sz.002418,4.8500,4.8500,4.8000,4.8400,3129500,15095181.0000,3
2025-08-15,20250815111000000,sz.002418,4.8300,4.8400,4.7700,4.7800,5131000,24658426.0000,3
2025-08-15,20250815111500000,sz.002418,4.7700,4.7900,4.7000,4.7700,6852200,32481792.0000,3
2025-08-15,20250815112000000,sz.002418,4.7700,4.7700,4.7300,4.7500,2252300,10687744.0000,3
2025-08-15,20250815112500000,sz.002418,4.7500,4.7600,4.7400,4.7500,1860100,8831744.0000,3
2025-08-15,20250815113000000,sz.002418,4.7600,4.7900,4.7400,4.7600,2884400,13735424.0000,3
2025-08-15,20250815130500000,sz.002418,4.7600,4.8000,4.7500,4.7500,3935300,18777344.0000,3
2025-08-15,20250815131000000,sz.002418,4.7600,4.7700,4.7500,4.7500,2319500,11035904.0000,3
2025-08-15,20250815131500000,sz.002418,4.7500,4.7600,4.7400,4.7400,1818900,8639616.0000,3
2025-08-15,20250815132000000,sz.002418,4.7500,4.7500,4.7000,4.7200,4510100,21274752.0000,3
2025-08-15,20250815132500000,sz.002418,4.7100,4.7200,4.6500,4.6800,4784200,22446592.0000,3
2025-08-15,20250815133000000,sz.002418,4.6800,4.7200,4.6800,4.7200,2289000,10755840.0000,3
2025-08-15,20250815133500000,sz.002418,4.7100,4.7100,4.6800,4.6900,2241500,10529664.0000,3
2025-08-15,20250815134000000,sz.002418,4.6900,4.7100,4.6800,4.7100,2236100,10499968.0000,3
2025-08-15,20250815134500000,sz.002418,4.7100,4.7300,4.7000,4.7300,1580400,7464448.0000,3
2025-08-15,20250815135000000,sz.002418,4.7200,4.7300,4.6900,4.7100,2527500,11886976.0000,3
2025-08-15,20250815135500000,sz.002418,4.7100,4.7100,4.6800,4.6800,3892600,18243200.0000,3
2025-08-15,20250815140000000,sz.002418,4.6800,4.8800,4.6600,4.8800,8694100,41206656.0000,3
2025-08-15,20250815140500000,sz.002418,4.8800,4.9500,4.8200,4.8600,10941300,53569402.0000,3
2025-08-15,20250815141000000,sz.002418,4.8500,4.8700,4.8300,4.8400,2399700,11650183.0000,3
2025-08-15,20250815141500000,sz.002418,4.8400,4.8500,4.8100,4.8300,1697500,8191614.0000,3
2025-08-15,20250815142000000,sz.002418,4.8300,4.8300,4.7200,4.7700,3089700,14754049.0000,3
2025-08-15,20250815142500000,sz.002418,4.7700,4.7700,4.7500,4.7700,1336000,6356992.0000,3
2025-08-15,20250815143000000,sz.002418,4.7600,4.8300,4.7600,4.8200,2455700,11749248.0000,3
2025-08-15,20250815143500000,sz.002418,4.8300,4.8400,4.7100,4.7100,3235200,15437952.0000,3
2025-08-15,20250815144000000,sz.002418,4.7100,4.7600,4.7100,4.7300,2812600,13304576.0000,3
2025-08-15,20250815144500000,sz.002418,4.7300,4.7800,4.7300,4.7600,2505100,11901696.0000,3
2025-08-15,20250815145000000,sz.002418,4.7500,4.7500,4.7200,4.7500,4146500,19649792.0000,3
2025-08-15,20250815145500000,sz.002418,4.7500,4.8200,4.7400,4.7800,7233200,34596352.0000,3
2025-08-15,20250815150000000,sz.002418,4.7800,4.8300,4.7700,4.8300,9587300,46040064.0000,3
2025-08-18,20250818093500000,sz.002418,5.1200,5.1900,4.8800,4.9800,85742200,431406656.0000,3
2025-08-18,20250818094000000,sz.002418,4.9700,4.9700,4.7700,4.9200,28083600,136992262.0000,3
2025-08-18,20250818094500000,sz.002418,4.9100,4.9300,4.8600,4.9300,12552400,61486010.0000,3
2025-08-18,20250818095000000,sz.002418,4.9300,5.0700,4.9300,5.0200,15273400,76419324.0000,3
2025-08-18,20250818095500000,sz.002418,5.0200,5.1000,5.0000,5.0100,11322700,57068036.0000,3
2025-08-18,20250818100000000,sz.002418,5.0100,5.0300,4.9600,4.9900,7606700,37936135.0000,3
2025-08-18,20250818100500000,sz.002418,4.9800,5.1000,4.9600,5.0500,9136300,45994361.0000,3
2025-08-18,20250818101000000,sz.002418,5.0600,5.0900,5.0400,5.0800,5612400,28411264.0000,3
2025-08-18,20250818101500000,sz.002418,5.0800,5.0900,5.0300,5.0500,4777000,24179904.0000,3
2025-08-18,20250818102000000,sz.002418,5.0500,5.1300,5.0100,5.1100,9729700,49363015.0000,3
2025-08-18,20250818102500000,sz.002418,5.1100,5.2600,5.0800,5.2600,17101500,88602617.0000,3
2025-08-18,20250818103000000,sz.002418,5.2500,5.2600,5.1200,5.1500,10331300,53640960.0000,3
2025-08-18,20250818103500000,sz.002418,5.1400,5.1500,5.0800,5.0900,5264000,26878976.0000,3
2025-08-18,20250818104000000,sz.002418,5.0900,5.1400,5.0700,5.0800,4457300,22742528.0000,3
2025-08-18,20250818104500000,sz.002418,5.0700,5.1000,5.0300,5.0300,4204800,21280508.0000,3
2025-08-18,20250818105000000,sz.002418,5.0300,5.0700,5.0300,5.0300,2876400,14530814.0000,3
2025-08-18,20250818105500000,sz.002418,5.0400,5.0600,5.0400,5.0400,2561400,12920830.0000,3
2025-08-18,20250818110000000,sz.002418,5.0400,5.0500,5.0300,5.0300,2156200,10866948.0000,3
2025-08-18,20250818110500000,sz.002418,5.0300,5.0300,5.0100,5.0200,2791900,14003205.0000,3
2025-08-18,20250818111000000,sz.002418,5.0100,5.0500,5.0100,5.0500,1469800,7381117.0000,3
2025-08-18,20250818111500000,sz.002418,5.0500,5.0800,5.0300,5.0300,1956600,9889922.0000,3
2025-08-18,20250818112000000,sz.002418,5.0300,5.0600,5.0100,5.0100,1581200,7957117.0000,3
2025-08-18,20250818112500000,sz.002418,5.0200,5.0200,5.0100,5.0200,2272100,11388801.0000,3
2025-08-18,20250818113000000,sz.002418,5.0200,5.0400,5.0200,5.0400,1155300,5809794.0000,3
2025-08-18,20250818130500000,sz.002418,5.0400,5.1000,5.0400,5.0700,3375500,17132416.0000,3
2025-08-18,20250818131000000,sz.002418,5.0800,5.0800,5.0500,5.0500,1650700,8364672.0000,3
2025-08-18,20250818131500000,sz.002418,5.0500,5.0800,5.0400,5.0800,1551300,7832954.0000,3
2025-08-18,20250818132000000,sz.002418,5.0800,5.0800,5.0400,5.0600,1532500,7751806.0000,3
2025-08-18,20250818132500000,sz.002418,5.0500,5.0700,5.0500,5.0600,1831100,9264652.0000,3
2025-08-18,20250818133000000,sz.002418,5.0600,5.0600,5.0000,5.0000,3859700,19398136.0000,3
2025-08-18,20250818133500000,sz.002418,5.0000,5.0100,4.9800,4.9800,4690900,23419396.0000,3
2025-08-18,20250818134000000,sz.002418,4.9800,5.0200,4.9700,5.0200,2118600,10571131.0000,3
2025-08-18,20250818134500000,sz.002418,5.0100,5.0200,5.0000,5.0100,1286100,6442885.0000,3
2025-08-18,20250818135000000,sz.002418,5.0000,5.0000,4.9800,4.9800,2676000,13352832.0000,3
2025-08-18,20250818135500000,sz.002418,4.9900,5.0000,4.9800,5.0000,2059800,10270976.0000,3
2025-08-18,20250818140000000,sz.002418,5.0000,5.0000,4.9500,4.9600,2685900,13354496.0000,3
2025-08-18,20250818140500000,sz.002418,4.9600,4.9600,4.9200,4.9300,3077300,15219200.0000,3
2025-08-18,20250818141000000,sz.002418,4.9200,4.9400,4.9100,4.9300,3333000,16415488.0000,3
2025-08-18,20250818141500000,sz.002418,4.9300,4.9300,4.9100,4.9200,1836900,9041408.0000,3
2025-08-18,20250818142000000,sz.002418,4.9200,4.9200,4.8200,4.8400,6449800,31396352.0000,3
2025-08-18,20250818142500000,sz.002418,4.8500,4.9600,4.8500,4.9500,3818200,18736896.0000,3
2025-08-18,20250818143000000,sz.002418,4.9500,4.9600,4.9000,4.9200,2163100,10641664.0000,3
2025-08-18,20250818143500000,sz.002418,4.9200,4.9800,4.9100,4.9700,2729300,13500416.0000,3
2025-08-18,20250818144000000,sz.002418,4.9700,4.9800,4.9400,4.9500,2823000,13986560.0000,3
2025-08-18,20250818144500000,sz.002418,4.9500,4.9500,4.9300,4.9400,2174700,10737536.0000,3
2025-08-18,20250818145000000,sz.002418,4.9300,4.9400,4.8900,4.8900,5057900,24857728.0000,3
2025-08-18,20250818145500000,sz.002418,4.8800,4.9000,4.8800,4.9000,7046000,34447744.0000,3
2025-08-18,20250818150000000,sz.002418,4.9000,4.9000,4.8600,4.8800,8983700,43825280.0000,3
2025-08-19,20250819093500000,sz.002418,4.9300,5.3700,4.9300,5.3700,75747200,394625184.0000,3
2025-08-19,20250819094000000,sz.002418,5.3700,5.3700,5.3700,5.3700,4004300,21503072.0000,3
2025-08-19,20250819094500000,sz.002418,5.3700,5.3700,5.3700,5.3700,2709700,14551104.0000,3
2025-08-19,20250819095000000,sz.002418,5.3700,5.3700,5.3700,5.3700,1188300,6381152.0000,3
2025-08-19,20250819095500000,sz.002418,5.3700,5.3700,5.3700,5.3700,1062800,5707264.0000,3
2025-08-19,20250819100000000,sz.002418,5.3700,5.3700,5.3700,5.3700,819300,4399616.0000,3
2025-08-19,20250819100500000,sz.002418,5.3700,5.3700,5.3700,5.3700,1295400,6956320.0000,3
2025-08-19,20250819101000000,sz.002418,5.3700,5.3700,5.3700,5.3700,1171400,6290432.0000,3
2025-08-19,20250819101500000,sz.002418,5.3700,5.3700,5.3700,5.3700,869300,4668128.0000,3
2025-08-19,20250819102000000,sz.002418,5.3700,5.3700,5.3700,5.3700,470300,2525504.0000,3
2025-08-19,20250819102500000,sz.002418,5.3700,5.3700,5.3700,5.3700,1003100,5386656.0000,3
2025-08-19,20250819103000000,sz.002418,5.3700,5.3700,5.3700,5.3700,13244600,71123520.0000,3
2025-08-19,20250819103500000,sz.002418,5.3700,5.3700,5.1100,5.2800,49066500,259194752.0000,3
2025-08-19,20250819104000000,sz.002418,5.2500,5.2900,5.1800,5.2000,29122200,152206332.0000,3
2025-08-19,20250819104500000,sz.002418,5.2000,5.2500,5.1600,5.1700,13270300,69185348.0000,3
2025-08-19,20250819105000000,sz.002418,5.1600,5.2400,5.1400,5.2100,10831000,56099200.0000,3
2025-08-19,20250819105500000,sz.002418,5.2000,5.2400,5.1900,5.2000,5177900,26969856.0000,3
2025-08-19,20250819110000000,sz.002418,5.2000,5.2400,5.2000,5.2100,4259600,22248188.0000,3
2025-08-19,20250819110500000,sz.002418,5.2100,5.2300,5.2000,5.2200,3447700,17995144.0000,3
2025-08-19,20250819111000000,sz.002418,5.2200,5.2200,5.1500,5.1600,5582700,28955644.0000,3
2025-08-19,20250819111500000,sz.002418,5.1500,5.1700,5.1100,5.1500,10379100,53298688.0000,3
2025-08-19,20250819112000000,sz.002418,5.1500,5.1600,5.1300,5.1600,3979900,20463232.0000,3
2025-08-19,20250819112500000,sz.002418,5.1700,5.1700,5.1400,5.1400,3716900,19163520.0000,3
2025-08-19,20250819113000000,sz.002418,5.1500,5.2200,5.1500,5.2200,2994200,15510400.0000,3
2025-08-19,20250819130500000,sz.002418,5.2300,5.2300,5.0000,5.0800,24399100,124080128.0000,3
2025-08-19,20250819131000000,sz.002418,5.0800,5.0800,5.0100,5.0100,10145800,51210496.0000,3
2025-08-19,20250819131500000,sz.002418,5.0100,5.0500,5.0100,5.0200,8439400,42356224.0000,3
2025-08-19,20250819132000000,sz.002418,5.0100,5.0200,4.9600,5.0200,10373200,51796992.0000,3
2025-08-19,20250819132500000,sz.002418,5.0200,5.0900,5.0200,5.0500,5116800,25853184.0000,3
2025-08-19,20250819133000000,sz.002418,5.0500,5.0800,5.0300,5.0400,2948700,14901888.0000,3
2025-08-19,20250819133500000,sz.002418,5.0500,5.0600,5.0000,5.0100,4053600,20399488.0000,3
2025-08-19,20250819134000000,sz.002418,5.0000,5.0100,4.9800,5.0100,4486000,22420992.0000,3
2025-08-19,20250819134500000,sz.002418,5.0100,5.0100,4.9900,5.0000,4013600,20073472.0000,3
2025-08-19,20250819135000000,sz.002418,5.0000,5.0100,4.9900,5.0100,1941000,9703424.0000,3
2025-08-19,20250819135500000,sz.002418,5.0100,5.0200,4.9900,5.0000,2035600,10177792.0000,3
2025-08-19,20250819140000000,sz.002418,5.0000,5.0200,4.9900,5.0200,2002400,10016128.0000,3
2025-08-19,20250819140500000,sz.002418,5.0300,5.1100,5.0300,5.0900,4236500,21508736.0000,3
2025-08-19,20250819141000000,sz.002418,5.0900,5.1000,5.0700,5.0700,2312400,11761280.0000,3
2025-08-19,20250819141500000,sz.002418,5.0700,5.0800,5.0300,5.0300,1450800,7326720.0000,3
2025-08-19,20250819142000000,sz.002418,5.0300,5.0600,5.0200,5.0500,2057100,10364672.0000,3
2025-08-19,20250819142500000,sz.002418,5.0500,5.0500,5.0300,5.0500,1569900,7906688.0000,3
2025-08-19,20250819143000000,sz.002418,5.0400,5.0500,5.0200,5.0300,2118300,10661888.0000,3
2025-08-19,20250819143500000,sz.002418,5.0300,5.0600,5.0300,5.0600,2018800,10192384.0000,3
2025-08-19,20250819144000000,sz.002418,5.0600,5.1000,5.0600,5.0700,4313400,21930240.0000,3
2025-08-19,20250819144500000,sz.002418,5.0700,5.0800,5.0500,5.0600,3202800,16209920.0000,3
2025-08-19,20250819145000000,sz.002418,5.0600,5.0800,5.0500,5.0700,3466600,17563136.0000,3
2025-08-19,20250819145500000,sz.002418,5.0700,5.0800,5.0500,5.0600,7169400,36272512.0000,3
2025-08-19,20250819150000000,sz.002418,5.0500,5.0600,5.0400,5.0400,7418100,37410688.0000,3
2025-08-20,20250820093500000,sz.002418,4.6900,4.7100,4.5400,4.5400,66595600,307912480.0000,3
2025-08-20,20250820094000000,sz.002418,4.5500,4.6500,4.5400,4.6500,20802300,95388000.0000,3
2025-08-20,20250820094500000,sz.002418,4.6500,4.7000,4.6200,4.6200,17041400,79382880.0000,3
2025-08-20,20250820095000000,sz.002418,4.6200,4.6700,4.6200,4.6500,9090300,42231072.0000,3
2025-08-20,20250820095500000,sz.002418,4.6400,4.6700,4.6400,4.6600,6604600,30745857.0000,3
2025-08-20,20250820100000000,sz.002418,4.6600,4.6600,4.6100,4.6200,7318700,33923970.0000,3
2025-08-20,20250820100500000,sz.002418,4.6200,4.6600,4.6000,4.6500,7062700,32647548.0000,3
2025-08-20,20250820101000000,sz.002418,4.6500,4.6600,4.6200,4.6400,4379600,20292417.0000,3
2025-08-20,20250820101500000,sz.002418,4.6400,4.6400,4.6000,4.6100,4282700,19770878.0000,3
2025-08-20,20250820102000000,sz.002418,4.6100,4.6300,4.6000,4.6200,4540800,20976900.0000,3
2025-08-20,20250820102500000,sz.002418,4.6100,4.6300,4.5900,4.5900,6392000,29422590.0000,3
2025-08-20,20250820103000000,sz.002418,4.5900,4.6900,4.5900,4.6900,5121700,23738750.0000,3
2025-08-20,20250820103500000,sz.002418,4.6900,4.7400,4.6800,4.7000,6784800,31902402.0000,3
2025-08-20,20250820104000000,sz.002418,4.7000,4.7200,4.6800,4.6900,3179600,14952384.0000,3
2025-08-20,20250820104500000,sz.002418,4.6800,4.6800,4.6500,4.6600,2080600,9710148.0000,3
2025-08-20,20250820105000000,sz.002418,4.6600,4.6900,4.6500,4.6500,1535900,7170870.0000,3
2025-08-20,20250820105500000,sz.002418,4.6500,4.6800,4.6500,4.6500,2595200,12096387.0000,3
2025-08-20,20250820110000000,sz.002418,4.6600,4.6600,4.6400,4.6500,1660800,7720392.0000,3
2025-08-20,20250820110500000,sz.002418,4.6600,4.6600,4.6200,4.6300,1767800,8201083.0000,3
2025-08-20,20250820111000000,sz.002418,4.6400,4.6500,4.6300,4.6300,1495100,6929344.0000,3
2025-08-20,20250820111500000,sz.002418,4.6300,4.6400,4.6200,4.6300,2030600,9402880.0000,3
2025-08-20,20250820112000000,sz.002418,4.6300,4.6400,4.6000,4.6100,2874800,13258360.0000,3
2025-08-20,20250820112500000,sz.002418,4.6100,4.6200,4.6000,4.6000,2636900,12154055.0000,3
2025-08-20,20250820113000000,sz.002418,4.6000,4.6200,4.5800,4.6100,4228200,19419777.0000,3
2025-08-20,20250820130500000,sz.002418,4.6100,4.6400,4.5900,4.5900,3457200,15955653.0000,3
2025-08-20,20250820131000000,sz.002418,4.5900,4.5900,4.5700,4.5800,2155400,9875318.0000,3
2025-08-20,20250820131500000,sz.002418,4.5700,4.6200,4.5700,4.6000,2599900,11961085.0000,3
2025-08-20,20250820132000000,sz.002418,4.6000,4.6000,4.5800,4.5900,2087400,9582860.0000,3
2025-08-20,20250820132500000,sz.002418,4.6000,4.6200,4.5800,4.6000,2111000,9706112.0000,3
2025-08-20,20250820133000000,sz.002418,4.6000,4.6100,4.5800,4.6000,2545600,11701820.0000,3
2025-08-20,20250820133500000,sz.002418,4.6200,4.6300,4.5900,4.6200,2568100,11834884.0000,3
2025-08-20,20250820134000000,sz.002418,4.6200,4.6700,4.6200,4.6500,3420600,15890362.0000,3
2025-08-20,20250820134500000,sz.002418,4.6500,4.6600,4.6100,4.6100,1797500,8329346.0000,3
2025-08-20,20250820135000000,sz.002418,4.6200,4.6300,4.6100,4.6100,1722800,7955589.0000,3
2025-08-20,20250820135500000,sz.002418,4.6200,4.6300,4.5800,4.6000,2750900,12663099.0000,3
2025-08-20,20250820140000000,sz.002418,4.6000,4.6100,4.5900,4.6000,2069900,9521024.0000,3
2025-08-20,20250820140500000,sz.002418,4.6000,4.6500,4.6000,4.6500,2140800,9913277.0000,3
2025-08-20,20250820141000000,sz.002418,4.6400,4.6500,4.6300,4.6400,1535800,7117635.0000,3
2025-08-20,20250820141500000,sz.002418,4.6300,4.6500,4.6300,4.6500,1969600,9142336.0000,3
2025-08-20,20250820142000000,sz.002418,4.6400,4.6800,4.6400,4.6600,3852900,17964096.0000,3
2025-08-20,20250820142500000,sz.002418,4.6600,4.6600,4.6300,4.6500,2259000,10496771.0000,3
2025-08-20,20250820143000000,sz.002418,4.6400,4.6600,4.6400,4.6600,2093800,9731069.0000,3
2025-08-20,20250820143500000,sz.002418,4.6600,4.6700,4.6400,4.6600,3927500,18288772.0000,3
2025-08-20,20250820144000000,sz.002418,4.6600,4.6700,4.6400,4.6400,3182200,14806906.0000,3
2025-08-20,20250820144500000,sz.002418,4.6400,4.6600,4.6400,4.6500,4696800,21825920.0000,3
2025-08-20,20250820145000000,sz.002418,4.6400,4.6700,4.6400,4.6600,8441300,39287426.0000,3
2025-08-20,20250820145500000,sz.002418,4.6600,4.6600,4.6500,4.6500,6751100,31419652.0000,3
2025-08-20,20250820150000000,sz.002418,4.6500,4.6600,4.6500,4.6500,9897000,46032512.0000,3
2025-08-21,20250821093500000,sz.002418,4.6500,4.6600,4.5600,4.5800,17614700,81159264.0000,3
2025-08-21,20250821094000000,sz.002418,4.5900,4.6000,4.5300,4.5300,11941800,54562752.0000,3
2025-08-21,20250821094500000,sz.002418,4.5400,4.5400,4.4600,4.4600,20368200,91619680.0000,3
2025-08-21,20250821095000000,sz.002418,4.4600,4.4900,4.4500,4.4500,11758400,52532768.0000,3
2025-08-21,20250821095500000,sz.002418,4.4500,4.4900,4.4100,4.4100,11832700,52561024.0000,3
2025-08-21,20250821100000000,sz.002418,4.4100,4.4200,4.3900,4.4000,11468300,50517824.0000,3
2025-08-21,20250821100500000,sz.002418,4.4000,4.4400,4.4000,4.4100,6663000,29502560.0000,3
2025-08-21,20250821101000000,sz.002418,4.4100,4.4600,4.4100,4.4600,3375000,14979008.0000,3
2025-08-21,20250821101500000,sz.002418,4.4500,4.4600,4.4400,4.4500,3399100,15117344.0000,3
2025-08-21,20250821102000000,sz.002418,4.4500,4.4500,4.4300,4.4500,3186000,14146240.0000,3
2025-08-21,20250821102500000,sz.002418,4.4500,4.4600,4.4400,4.4500,3029200,13488800.0000,3
2025-08-21,20250821103000000,sz.002418,4.4400,4.4500,4.4300,4.4300,2192700,9742624.0000,3
2025-08-21,20250821103500000,sz.002418,4.4400,4.4500,4.4200,4.4200,2716700,12049664.0000,3
2025-08-21,20250821104000000,sz.002418,4.4200,4.4300,4.4200,4.4300,4255200,18823520.0000,3
2025-08-21,20250821104500000,sz.002418,4.4200,4.4300,4.4200,4.4200,1618600,7157760.0000,3
2025-08-21,20250821105000000,sz.002418,4.4200,4.4400,4.4200,4.4300,2238400,9913696.0000,3
2025-08-21,20250821105500000,sz.002418,4.4400,4.4500,4.4300,4.4500,1132200,5028256.0000,3
2025-08-21,20250821110000000,sz.002418,4.4500,4.4500,4.4300,4.4400,1345000,5972480.0000,3
2025-08-21,20250821110500000,sz.002418,4.4400,4.4600,4.4300,4.4600,1255300,5586238.0000,3
2025-08-21,20250821111000000,sz.002418,4.4500,4.4600,4.4300,4.4300,1504700,6688901.0000,3
2025-08-21,20250821111500000,sz.002418,4.4300,4.4400,4.4300,4.4300,1640500,7273079.0000,3
2025-08-21,20250821112000000,sz.002418,4.4300,4.4400,4.4100,4.4100,2224600,9836939.0000,3
2025-08-21,20250821112500000,sz.002418,4.4200,4.4200,4.4100,4.4100,2209600,9748795.0000,3
2025-08-21,20250821113000000,sz.002418,4.4100,4.4200,4.4100,4.4100,1559200,6882238.0000,3
2025-08-21,20250821130500000,sz.002418,4.4100,4.4400,4.4100,4.4400,3062800,13556156.0000,3
2025-08-21,20250821131000000,sz.002418,4.4400,4.4400,4.4200,4.4300,1170800,5187842.0000,3
2025-08-21,20250821131500000,sz.002418,4.4400,4.4400,4.4200,4.4300,1131400,5011068.0000,3
2025-08-21,20250821132000000,sz.002418,4.4300,4.4400,4.4200,4.4400,1386300,6141825.0000,3
2025-08-21,20250821132500000,sz.002418,4.4400,4.4400,4.4300,4.4300,881800,3908871.0000,3
2025-08-21,20250821133000000,sz.002418,4.4400,4.4400,4.4200,4.4200,1290800,5713336.0000,3
2025-08-21,20250821133500000,sz.002418,4.4300,4.4400,4.4200,4.4200,1526100,6759304.0000,3
2025-08-21,20250821134000000,sz.002418,4.4200,4.4300,4.4200,4.4200,1088900,4814658.0000,3
2025-08-21,20250821134500000,sz.002418,4.4200,4.4300,4.4000,4.4100,4418300,19499582.0000,3
2025-08-21,20250821135000000,sz.002418,4.4100,4.4200,4.4100,4.4100,1563600,6897600.0000,3
2025-08-21,20250821135500000,sz.002418,4.4100,4.4300,4.4100,4.4100,2542800,11228928.0000,3
2025-08-21,20250821140000000,sz.002418,4.4100,4.4200,4.4100,4.4100,1356900,5989498.0000,3
2025-08-21,20250821140500000,sz.002418,4.4100,4.4300,4.4100,4.4200,1589100,7019270.0000,3
2025-08-21,20250821141000000,sz.002418,4.4100,4.4200,4.4100,4.4100,1389600,6131200.0000,3
2025-08-21,20250821141500000,sz.002418,4.4100,4.4200,4.4100,4.4100,1139900,5028228.0000,3
2025-08-21,20250821142000000,sz.002418,4.4100,4.4200,4.4100,4.4100,2185500,9644284.0000,3
2025-08-21,20250821142500000,sz.002418,4.4200,4.4200,4.4000,4.4000,2715500,11955840.0000,3
2025-08-21,20250821143000000,sz.002418,4.4000,4.4000,4.3800,4.3900,6754400,29684032.0000,3
2025-08-21,20250821143500000,sz.002418,4.4000,4.4100,4.3900,4.3900,2946800,12961088.0000,3
2025-08-21,20250821144000000,sz.002418,4.3900,4.4000,4.3800,4.3800,3498600,15352960.0000,3
2025-08-21,20250821144500000,sz.002418,4.3800,4.4000,4.3800,4.3800,3589700,15747712.0000,3
2025-08-21,20250821145000000,sz.002418,4.3800,4.4000,4.3800,4.3900,3731800,16376448.0000,3
2025-08-21,20250821145500000,sz.002418,4.3900,4.4100,4.3900,4.4100,3671300,16160576.0000,3
2025-08-21,20250821150000000,sz.002418,4.4100,4.4100,4.3900,4.4000,4325600,19035904.0000,3
2025-08-22,20250822093500000,sz.002418,4.4100,4.4400,4.4000,4.4100,11211200,49518008.0000,3
2025-08-22,20250822094000000,sz.002418,4.4100,4.4400,4.4100,4.4100,5754000,25441224.0000,3
2025-08-22,20250822094500000,sz.002418,4.4100,4.4600,4.4000,4.4500,6171100,27341760.0000,3
2025-08-22,20250822095000000,sz.002418,4.4600,4.4900,4.4500,4.4600,9113400,40756640.0000,3
2025-08-22,20250822095500000,sz.002418,4.4700,4.4700,4.4400,4.4400,3890300,17309184.0000,3
2025-08-22,20250822100000000,sz.002418,4.4400,4.4500,4.4100,4.4100,2712000,12018880.0000,3
2025-08-22,20250822100500000,sz.002418,4.4100,4.4300,4.4100,4.4200,3601300,15910768.0000,3
2025-08-22,20250822101000000,sz.002418,4.4200,4.4200,4.4100,4.4200,2549000,11250880.0000,3
2025-08-22,20250822101500000,sz.002418,4.4200,4.4300,4.4000,4.4200,1918000,8465648.0000,3
2025-08-22,20250822102000000,sz.002418,4.4300,4.4300,4.4100,4.4200,1351400,5973248.0000,3
2025-08-22,20250822102500000,sz.002418,4.4200,4.4300,4.3800,4.3900,5259800,23133440.0000,3
2025-08-22,20250822103000000,sz.002418,4.3900,4.4000,4.3800,4.3800,2081000,9137024.0000,3
2025-08-22,20250822103500000,sz.002418,4.3800,4.4100,4.3800,4.4000,2876600,12656736.0000,3
2025-08-22,20250822104000000,sz.002418,4.3900,4.4100,4.3900,4.4000,869300,3825008.0000,3
2025-08-22,20250822104500000,sz.002418,4.4000,4.4100,4.4000,4.4100,719900,3170192.0000,3
2025-08-22,20250822105000000,sz.002418,4.4100,4.4200,4.4000,4.4100,1877000,8282944.0000,3
2025-08-22,20250822105500000,sz.002418,4.4100,4.4200,4.4000,4.4000,1293900,5704800.0000,3
2025-08-22,20250822110000000,sz.002418,4.4100,4.4100,4.4000,4.4000,1185500,5223776.0000,3
2025-08-22,20250822110500000,sz.002418,4.4000,4.4100,4.4000,4.4000,1592000,7005824.0000,3
2025-08-22,20250822111000000,sz.002418,4.4000,4.4200,4.4000,4.4100,834000,3676320.0000,3
2025-08-22,20250822111500000,sz.002418,4.4100,4.4200,4.4100,4.4100,545100,2405088.0000,3
2025-08-22,20250822112000000,sz.002418,4.4100,4.4200,4.4100,4.4100,608600,2685600.0000,3
2025-08-22,20250822112500000,sz.002418,4.4200,4.4300,4.4100,4.4100,2441100,10791968.0000,3
2025-08-22,20250822113000000,sz.002418,4.4100,4.4200,4.4100,4.4100,593800,2621440.0000,3
2025-08-22,20250822130500000,sz.002418,4.4200,4.4500,4.4200,4.4400,2949600,13061344.0000,3
2025-08-22,20250822131000000,sz.002418,4.4400,4.4500,4.4300,4.4300,2053300,9114496.0000,3
2025-08-22,20250822131500000,sz.002418,4.4300,4.4400,4.4300,4.4400,1470200,6523008.0000,3
2025-08-22,20250822132000000,sz.002418,4.4300,4.4400,4.4200,4.4200,1531200,6783520.0000,3
2025-08-22,20250822132500000,sz.002418,4.4200,4.4400,4.4200,4.4300,1279800,5668224.0000,3
2025-08-22,20250822133000000,sz.002418,4.4300,4.4700,4.4300,4.4500,6236000,27752384.0000,3
2025-08-22,20250822133500000,sz.002418,4.4500,4.4600,4.4500,4.4600,1857100,8274272.0000,3
2025-08-22,20250822134000000,sz.002418,4.4600,4.4600,4.4400,4.4500,934400,4160224.0000,3
2025-08-22,20250822134500000,sz.002418,4.4500,4.4700,4.4500,4.4600,2092500,9338656.0000,3
2025-08-22,20250822135000000,sz.002418,4.4600,4.4700,4.4500,4.4600,1481200,6605856.0000,3
2025-08-22,20250822135500000,sz.002418,4.4500,4.4900,4.4500,4.4800,4936100,22081632.0000,3
2025-08-22,20250822140000000,sz.002418,4.4800,4.4800,4.4600,4.4600,1283800,5741312.0000,3
2025-08-22,20250822140500000,sz.002418,4.4600,4.4800,4.4600,4.4700,1045100,4670592.0000,3
2025-08-22,20250822141000000,sz.002418,4.4800,4.4900,4.4700,4.4900,3025900,13564160.0000,3
2025-08-22,20250822141500000,sz.002418,4.4900,4.5100,4.4800,4.4900,4579500,20604224.0000,3
2025-08-22,20250822142000000,sz.002418,4.5000,4.5000,4.4900,4.5000,1963600,8824544.0000,3
2025-08-22,20250822142500000,sz.002418,4.4900,4.5100,4.4900,4.5000,1773800,7984640.0000,3
2025-08-22,20250822143000000,sz.002418,4.5000,4.5100,4.4900,4.4900,1600400,7204384.0000,3
2025-08-22,20250822143500000,sz.002418,4.5000,4.5000,4.4900,4.5000,1960500,8804576.0000,3
2025-08-22,20250822144000000,sz.002418,4.4900,4.5000,4.4800,4.4800,1896600,8520224.0000,3
2025-08-22,20250822144500000,sz.002418,4.4900,4.5000,4.4800,4.5000,2028500,9107104.0000,3
2025-08-22,20250822145000000,sz.002418,4.4900,4.5000,4.4900,4.4900,1576700,7084254.0000,3
2025-08-22,20250822145500000,sz.002418,4.4900,4.5000,4.4800,4.5000,3278400,14727484.0000,3
2025-08-22,20250822150000000,sz.002418,4.5000,4.5000,4.4900,4.4900,3407200,15303489.0000,3
2025-08-25,20250825093500000,sz.002418,4.5200,4.5800,4.4700,4.4800,13473000,61003404.0000,3
2025-08-25,20250825094000000,sz.002418,4.4700,4.4900,4.4400,4.4900,8798200,39258932.0000,3
2025-08-25,20250825094500000,sz.002418,4.4800,4.5400,4.4800,4.5200,4618200,20872176.0000,3
2025-08-25,20250825095000000,sz.002418,4.5300,4.5500,4.5100,4.5100,5004300,22676000.0000,3
2025-08-25,20250825095500000,sz.002418,4.5200,4.5700,4.5100,4.5700,4424400,20082544.0000,3
2025-08-25,20250825100000000,sz.002418,4.5600,4.5700,4.5500,4.5600,2918000,13306480.0000,3
2025-08-25,20250825100500000,sz.002418,4.5500,4.5600,4.5500,4.5600,2099600,9563088.0000,3
2025-08-25,20250825101000000,sz.002418,4.5500,4.5600,4.5400,4.5600,2544400,11571520.0000,3
2025-08-25,20250825101500000,sz.002418,4.5600,4.5700,4.5500,4.5600,2292600,10453296.0000,3
2025-08-25,20250825102000000,sz.002418,4.5500,4.5600,4.5500,4.5600,1635800,7445808.0000,3
2025-08-25,20250825102500000,sz.002418,4.5500,4.5600,4.5300,4.5400,1696900,7708688.0000,3
2025-08-25,20250825103000000,sz.002418,4.5400,4.5500,4.5300,4.5400,2381400,10804992.0000,3
2025-08-25,20250825103500000,sz.002418,4.5400,4.5500,4.5300,4.5400,1663700,7553232.0000,3
2025-08-25,20250825104000000,sz.002418,4.5300,4.5500,4.5300,4.5500,1702800,7734800.0000,3
2025-08-25,20250825104500000,sz.002418,4.5500,4.5500,4.5400,4.5500,980300,4454848.0000,3
2025-08-25,20250825105000000,sz.002418,4.5500,4.5500,4.5400,4.5400,2020900,9180384.0000,3
2025-08-25,20250825105500000,sz.002418,4.5500,4.5500,4.5300,4.5400,1112300,5046320.0000,3
2025-08-25,20250825110000000,sz.002418,4.5300,4.5400,4.5300,4.5400,1115800,5060160.0000,3
2025-08-25,20250825110500000,sz.002418,4.5400,4.5400,4.5200,4.5200,1710300,7744352.0000,3
2025-08-25,20250825111000000,sz.002418,4.5300,4.5300,4.5100,4.5100,2707800,12217792.0000,3
2025-08-25,20250825111500000,sz.002418,4.5200,4.5200,4.5000,4.5000,1567400,7069184.0000,3
2025-08-25,20250825112000000,sz.002418,4.5000,4.5100,4.4900,4.4900,2145800,9650112.0000,3
2025-08-25,20250825112500000,sz.002418,4.4900,4.5000,4.4800,4.4900,1464800,6573376.0000,3
2025-08-25,20250825113000000,sz.002418,4.5000,4.5000,4.4800,4.4800,2507000,11235520.0000,3
2025-08-25,20250825130500000,sz.002418,4.4800,4.4900,4.4700,4.4700,2380300,10650816.0000,3
2025-08-25,20250825131000000,sz.002418,4.4800,4.4900,4.4700,4.4800,1560700,6990752.0000,3
2025-08-25,20250825131500000,sz.002418,4.4800,4.4800,4.4600,4.4600,1794400,8012864.0000,3
2025-08-25,20250825132000000,sz.002418,4.4700,4.4700,4.4400,4.4400,2691700,11979296.0000,3
2025-08-25,20250825132500000,sz.002418,4.4500,4.4800,4.4400,4.4600,2976900,13277472.0000,3
2025-08-25,20250825133000000,sz.002418,4.4600,4.4700,4.4500,4.4600,1519900,6775264.0000,3
2025-08-25,20250825133500000,sz.002418,4.4600,4.4700,4.4500,4.4600,1980800,8833696.0000,3
2025-08-25,20250825134000000,sz.002418,4.4600,4.4600,4.4500,4.4500,706800,3146656.0000,3
2025-08-25,20250825134500000,sz.002418,4.4600,4.4600,4.4500,4.4600,1935400,8621472.0000,3
2025-08-25,20250825135000000,sz.002418,4.4500,4.4600,4.4500,4.4600,1630700,7261856.0000,3
2025-08-25,20250825135500000,sz.002418,4.4600,4.4700,4.4600,4.4700,1225700,5472480.0000,3
2025-08-25,20250825140000000,sz.002418,4.4700,4.4800,4.4600,4.4600,947900,4235744.0000,3
2025-08-25,20250825140500000,sz.002418,4.4600,4.4700,4.4600,4.4600,993500,4434912.0000,3
2025-08-25,20250825141000000,sz.002418,4.4600,4.4700,4.4600,4.4600,986600,4401312.0000,3
2025-08-25,20250825141500000,sz.002418,4.4700,4.4900,4.4600,4.4800,1582800,7079968.0000,3
2025-08-25,20250825142000000,sz.002418,4.4900,4.4900,4.4800,4.4800,521800,2340832.0000,3
2025-08-25,20250825142500000,sz.002418,4.4800,4.4900,4.4800,4.4900,885000,3966144.0000,3
2025-08-25,20250825143000000,sz.002418,4.4900,4.5000,4.4800,4.5000,1722700,7736672.0000,3
2025-08-25,20250825143500000,sz.002418,4.5000,4.5000,4.4800,4.4800,2080200,9330016.0000,3
2025-08-25,20250825144000000,sz.002418,4.4800,4.4900,4.4700,4.4800,1427400,6396416.0000,3
2025-08-25,20250825144500000,sz.002418,4.4900,4.4900,4.4800,4.4800,1680500,7537536.0000,3
2025-08-25,20250825145000000,sz.002418,4.4800,4.4900,4.4800,4.4800,1467400,6577280.0000,3
2025-08-25,20250825145500000,sz.002418,4.4900,4.5000,4.4800,4.4900,3929200,17657504.0000,3
2025-08-25,20250825150000000,sz.002418,4.4900,4.5100,4.4900,4.4900,3941600,17726720.0000,3
2025-08-26,20250826093500000,sz.002418,4.4500,4.5000,4.4500,4.4800,6550600,29303468.0000,3
2025-08-26,20250826094000000,sz.002418,4.4800,4.4900,4.4600,4.4800,2945400,13181092.0000,3
2025-08-26,20250826094500000,sz.002418,4.4800,4.4900,4.4700,4.4700,2169300,9713948.0000,3
2025-08-26,20250826095000000,sz.002418,4.4700,4.4900,4.4500,4.4900,6870200,30684988.0000,3
2025-08-26,20250826095500000,sz.002418,4.4900,4.5100,4.4900,4.5000,4611400,20746816.0000,3
2025-08-26,20250826100000000,sz.002418,4.5000,4.5000,4.4800,4.5000,2271400,10203352.0000,3
2025-08-26,20250826100500000,sz.002418,4.5000,4.5000,4.4900,4.5000,1078500,4847848.0000,3
2025-08-26,20250826101000000,sz.002418,4.5100,4.5400,4.5000,4.5300,5010300,22598632.0000,3
2025-08-26,20250826101500000,sz.002418,4.5400,4.5700,4.5200,4.5600,7085900,32215232.0000,3
2025-08-26,20250826102000000,sz.002418,4.5700,4.5700,4.5400,4.5500,3610200,16435056.0000,3
2025-08-26,20250826102500000,sz.002418,4.5500,4.5900,4.5400,4.5700,8843400,40409376.0000,3
2025-08-26,20250826103000000,sz.002418,4.5700,4.5800,4.5600,4.5600,2316300,10577296.0000,3
2025-08-26,20250826103500000,sz.002418,4.5700,4.5700,4.5400,4.5400,3528200,16058496.0000,3
2025-08-26,20250826104000000,sz.002418,4.5500,4.5500,4.5300,4.5300,1761100,8000320.0000,3
2025-08-26,20250826104500000,sz.002418,4.5300,4.5500,4.5300,4.5400,1302200,5910928.0000,3
2025-08-26,20250826105000000,sz.002418,4.5500,4.5500,4.5400,4.5500,1726600,7840352.0000,3
2025-08-26,20250826105500000,sz.002418,4.5500,4.5500,4.5400,4.5500,585500,2660320.0000,3
2025-08-26,20250826110000000,sz.002418,4.5400,4.5500,4.5300,4.5300,1499200,6807328.0000,3
2025-08-26,20250826110500000,sz.002418,4.5300,4.5400,4.5300,4.5400,433800,1966912.0000,3
2025-08-26,20250826111000000,sz.002418,4.5300,4.5400,4.5300,4.5400,1268100,5746912.0000,3
2025-08-26,20250826111500000,sz.002418,4.5400,4.5400,4.5200,4.5300,1311000,5937120.0000,3
2025-08-26,20250826112000000,sz.002418,4.5400,4.5500,4.5300,4.5500,1429600,6494720.0000,3
2025-08-26,20250826112500000,sz.002418,4.5500,4.5500,4.5400,4.5500,473200,2149728.0000,3
2025-08-26,20250826113000000,sz.002418,4.5500,4.5500,4.5300,4.5500,524400,2381760.0000,3
2025-08-26,20250826130500000,sz.002418,4.5500,4.5500,4.5300,4.5400,1634800,7428928.0000,3
2025-08-26,20250826131000000,sz.002418,4.5300,4.5500,4.5300,4.5400,811800,3684672.0000,3
2025-08-26,20250826131500000,sz.002418,4.5400,4.5500,4.5300,4.5400,503800,2284480.0000,3
2025-08-26,20250826132000000,sz.002418,4.5300,4.5500,4.5300,4.5400,1179900,5355392.0000,3
2025-08-26,20250826132500000,sz.002418,4.5300,4.5500,4.5300,4.5500,1039700,4720960.0000,3
2025-08-26,20250826133000000,sz.002418,4.5500,4.5600,4.5400,4.5600,2447100,11141248.0000,3
2025-08-26,20250826133500000,sz.002418,4.5600,4.5600,4.5400,4.5400,971300,4416064.0000,3
2025-08-26,20250826134000000,sz.002418,4.5400,4.5500,4.5400,4.5500,1465500,6657632.0000,3
2025-08-26,20250826134500000,sz.002418,4.5500,4.5500,4.5400,4.5500,423600,1925536.0000,3
2025-08-26,20250826135000000,sz.002418,4.5500,4.5500,4.5400,4.5500,1278800,5815584.0000,3
2025-08-26,20250826135500000,sz.002418,4.5500,4.5500,4.5400,4.5500,870900,3958880.0000,3
2025-08-26,20250826140000000,sz.002418,4.5500,4.5500,4.5400,4.5500,911100,4141216.0000,3
2025-08-26,20250826140500000,sz.002418,4.5400,4.5600,4.5400,4.5500,1045900,4760736.0000,3
2025-08-26,20250826141000000,sz.002418,4.5600,4.5600,4.5500,4.5500,865500,3941088.0000,3
2025-08-26,20250826141500000,sz.002418,4.5500,4.5600,4.5400,4.5500,1360500,6192160.0000,3
2025-08-26,20250826142000000,sz.002418,4.5600,4.5600,4.5400,4.5600,1135700,5168256.0000,3
2025-08-26,20250826142500000,sz.002418,4.5600,4.5600,4.5400,4.5500,807700,3671776.0000,3
2025-08-26,20250826143000000,sz.002418,4.5400,4.5500,4.5400,4.5400,584700,2657280.0000,3
2025-08-26,20250826143500000,sz.002418,4.5500,4.5500,4.5400,4.5400,1020700,4637696.0000,3
2025-08-26,20250826144000000,sz.002418,4.5500,4.5500,4.5400,4.5400,1686900,7669472.0000,3
2025-08-26,20250826144500000,sz.002418,4.5400,4.5500,4.5300,4.5400,2905800,13189408.0000,3
2025-08-26,20250826145000000,sz.002418,4.5300,4.5400,4.5300,4.5400,2199100,9964512.0000,3
2025-08-26,20250826145500000,sz.002418,4.5300,4.5400,4.5200,4.5300,2566500,11624096.0000,3
2025-08-26,20250826150000000,sz.002418,4.5200,4.5400,4.5200,4.5300,2204000,9992256.0000,3
2025-08-27,20250827093500000,sz.002418,4.5300,4.6100,4.5200,4.6100,9212200,42089816.0000,3
2025-08-27,20250827094000000,sz.002418,4.6100,4.6100,4.5800,4.5800,4662400,21413360.0000,3
2025-08-27,20250827094500000,sz.002418,4.5800,4.6100,4.5700,4.6000,6833500,31370472.0000,3
2025-08-27,20250827095000000,sz.002418,4.6000,4.6800,4.5900,4.6800,13873900,64269104.0000,3
2025-08-27,20250827095500000,sz.002418,4.6800,4.6800,4.6200,4.6400,8465500,39349664.0000,3
2025-08-27,20250827100000000,sz.002418,4.6400,4.6600,4.6300,4.6500,6492600,30165392.0000,3
2025-08-27,20250827100500000,sz.002418,4.6500,4.6700,4.6400,4.6700,3979400,18517808.0000,3
2025-08-27,20250827101000000,sz.002418,4.6700,4.7200,4.6600,4.7100,13003200,61116992.0000,3
2025-08-27,20250827101500000,sz.002418,4.7100,4.7100,4.6800,4.7100,4594800,21593216.0000,3
2025-08-27,20250827102000000,sz.002418,4.7100,4.7200,4.6900,4.7000,5925900,27893504.0000,3
2025-08-27,20250827102500000,sz.002418,4.6900,4.7000,4.6700,4.6900,4024800,18856128.0000,3
2025-08-27,20250827103000000,sz.002418,4.6900,4.6900,4.6700,4.6800,3128400,14640608.0000,3
2025-08-27,20250827103500000,sz.002418,4.6800,4.6800,4.6500,4.6800,3685500,17197952.0000,3
2025-08-27,20250827104000000,sz.002418,4.6800,4.6800,4.6700,4.6700,1243500,5812480.0000,3
2025-08-27,20250827104500000,sz.002418,4.6800,4.6800,4.6600,4.6800,1439300,6723232.0000,3
2025-08-27,20250827105000000,sz.002418,4.6800,4.6800,4.6600,4.6700,1489800,6962400.0000,3
2025-08-27,20250827105500000,sz.002418,4.6700,4.6800,4.6600,4.6700,1110000,5185056.0000,3
2025-08-27,20250827110000000,sz.002418,4.6700,4.6700,4.6500,4.6600,2639900,12303168.0000,3
2025-08-27,20250827110500000,sz.002418,4.6600,4.6600,4.6400,4.6500,2936800,13660768.0000,3
2025-08-27,20250827111000000,sz.002418,4.6500,4.6600,4.6300,4.6400,2521100,11708288.0000,3
2025-08-27,20250827111500000,sz.002418,4.6400,4.6500,4.6300,4.6400,1459500,6773408.0000,3
2025-08-27,20250827112000000,sz.002418,4.6500,4.6500,4.6300,4.6500,1888800,8767168.0000,3
2025-08-27,20250827112500000,sz.002418,4.6500,4.6600,4.6500,4.6600,941300,4380320.0000,3
2025-08-27,20250827113000000,sz.002418,4.6600,4.6600,4.6500,4.6600,1130700,5266016.0000,3
2025-08-27,20250827130500000,sz.002418,4.6600,4.6700,4.6500,4.6500,2430400,11331968.0000,3
2025-08-27,20250827131000000,sz.002418,4.6500,4.6700,4.6500,4.6600,1393100,6498624.0000,3
2025-08-27,20250827131500000,sz.002418,4.6600,4.6900,4.6600,4.6800,3082800,14401376.0000,3
2025-08-27,20250827132000000,sz.002418,4.6900,4.7200,4.6800,4.7100,5059900,23812006.0000,3
2025-08-27,20250827132500000,sz.002418,4.7100,4.7400,4.7000,4.7400,6172900,29125313.0000,3
2025-08-27,20250827133000000,sz.002418,4.7400,4.7500,4.7000,4.7100,5307000,25112375.0000,3
2025-08-27,20250827133500000,sz.002418,4.7100,4.7100,4.6700,4.6900,3298600,15467396.0000,3
2025-08-27,20250827134000000,sz.002418,4.6900,4.6900,4.6700,4.6700,2258900,10577018.0000,3
2025-08-27,20250827134500000,sz.002418,4.6800,4.6900,4.6700,4.6700,1802700,8432264.0000,3
2025-08-27,20250827135000000,sz.002418,4.6800,4.6800,4.6600,4.6700,3403400,15878462.0000,3
2025-08-27,20250827135500000,sz.002418,4.6700,4.6800,4.6600,4.6600,1887700,8816324.0000,3
2025-08-27,20250827140000000,sz.002418,4.6700,4.6700,4.6400,4.6500,3995800,18593785.0000,3
2025-08-27,20250827140500000,sz.002418,4.6400,4.6700,4.6400,4.6700,2539300,11827387.0000,3
2025-08-27,20250827141000000,sz.002418,4.6600,4.6700,4.6600,4.6700,1300000,6063046.0000,3
2025-08-27,20250827141500000,sz.002418,4.6600,4.6700,4.6500,4.6500,1759100,8195718.0000,3
2025-08-27,20250827142000000,sz.002418,4.6500,4.6600,4.6300,4.6300,3022300,14038706.0000,3
2025-08-27,20250827142500000,sz.002418,4.6300,4.6400,4.6100,4.6200,4843800,22385154.0000,3
2025-08-27,20250827143000000,sz.002418,4.6300,4.6300,4.6000,4.6000,2840200,13103038.0000,3
2025-08-27,20250827143500000,sz.002418,4.6100,4.6200,4.5600,4.6200,5858600,26913160.0000,3
2025-08-27,20250827144000000,sz.002418,4.6200,4.6400,4.6100,4.6100,3023500,13975044.0000,3
2025-08-27,20250827144500000,sz.002418,4.6200,4.6200,4.5900,4.5900,2719300,12511420.0000,3
2025-08-27,20250827145000000,sz.002418,4.5900,4.6100,4.5800,4.6000,5142300,23634688.0000,3
2025-08-27,20250827145500000,sz.002418,4.5900,4.6000,4.5800,4.5900,3811900,17505984.0000,3
2025-08-27,20250827150000000,sz.002418,4.6000,4.6200,4.5900,4.6000,3925700,18056832.0000,3
2025-08-28,20250828093500000,sz.002418,4.5100,4.5700,4.4700,4.5300,14389100,64922192.0000,3
2025-08-28,20250828094000000,sz.002418,4.5300,4.5400,4.4500,4.4800,10353600,46481376.0000,3
2025-08-28,20250828094500000,sz.002418,4.4800,4.5000,4.4600,4.5000,5488600,24593664.0000,3
2025-08-28,20250828095000000,sz.002418,4.5000,4.5400,4.4800,4.5300,3344000,15092096.0000,3
2025-08-28,20250828095500000,sz.002418,4.5300,4.5600,4.5000,4.5000,4010000,18183920.0000,3
2025-08-28,20250828100000000,sz.002418,4.5000,4.5100,4.4700,4.4700,2590300,11628752.0000,3
2025-08-28,20250828100500000,sz.002418,4.4800,4.5000,4.4600,4.4600,3825200,17127952.0000,3
2025-08-28,20250828101000000,sz.002418,4.4600,4.4800,4.4500,4.4700,4485800,20009280.0000,3
2025-08-28,20250828101500000,sz.002418,4.4700,4.4900,4.4600,4.4700,1666900,7460016.0000,3
2025-08-28,20250828102000000,sz.002418,4.4700,4.4900,4.4600,4.4600,2274000,10174992.0000,3
2025-08-28,20250828102500000,sz.002418,4.4600,4.4800,4.4500,4.4800,3598500,16055392.0000,3
2025-08-28,20250828103000000,sz.002418,4.4700,4.5500,4.4700,4.5400,3365100,15196464.0000,3
2025-08-28,20250828103500000,sz.002418,4.5400,4.5700,4.5300,4.5500,3535800,16093424.0000,3
2025-08-28,20250828104000000,sz.002418,4.5400,4.5600,4.5300,4.5300,1796400,8168512.0000,3
2025-08-28,20250828104500000,sz.002418,4.5300,4.5600,4.5200,4.5600,2185400,9910624.0000,3
2025-08-28,20250828105000000,sz.002418,4.5600,4.5800,4.5400,4.5700,2698000,12303328.0000,3
2025-08-28,20250828105500000,sz.002418,4.5600,4.5700,4.5300,4.5400,1347900,6134496.0000,3
2025-08-28,20250828110000000,sz.002418,4.5400,4.5400,4.5200,4.5300,1455200,6585440.0000,3
2025-08-28,20250828110500000,sz.002418,4.5300,4.5300,4.5000,4.5100,1227000,5540800.0000,3
2025-08-28,20250828111000000,sz.002418,4.5000,4.5200,4.5000,4.5100,850200,3835808.0000,3
2025-08-28,20250828111500000,sz.002418,4.5200,4.5200,4.4900,4.4900,2013700,9071424.0000,3
2025-08-28,20250828112000000,sz.002418,4.5000,4.5000,4.4600,4.4700,1617400,7240192.0000,3
2025-08-28,20250828112500000,sz.002418,4.4700,4.4800,4.4300,4.4400,4034200,17959520.0000,3
2025-08-28,20250828113000000,sz.002418,4.4400,4.4600,4.4300,4.4600,2307100,10248864.0000,3
2025-08-28,20250828130500000,sz.002418,4.4600,4.4900,4.4500,4.4600,2298100,10267264.0000,3
2025-08-28,20250828131000000,sz.002418,4.4600,4.4800,4.4500,4.4600,1284600,5732224.0000,3
2025-08-28,20250828131500000,sz.002418,4.4600,4.4700,4.4400,4.4400,1536500,6839904.0000,3
2025-08-28,20250828132000000,sz.002418,4.4400,4.4500,4.4100,4.4200,4063400,17992352.0000,3
2025-08-28,20250828132500000,sz.002418,4.4100,4.4200,4.3900,4.3900,3868900,17035072.0000,3
2025-08-28,20250828133000000,sz.002418,4.4000,4.4100,4.3800,4.3900,2271300,9975968.0000,3
2025-08-28,20250828133500000,sz.002418,4.3800,4.4000,4.3400,4.3500,4721200,20628800.0000,3
2025-08-28,20250828134000000,sz.002418,4.3500,4.4000,4.3500,4.3900,2512200,11006784.0000,3
2025-08-28,20250828134500000,sz.002418,4.3900,4.4300,4.3900,4.4300,3647600,16054400.0000,3
2025-08-28,20250828135000000,sz.002418,4.4200,4.4400,4.4200,4.4300,1125300,4982752.0000,3
2025-08-28,20250828135500000,sz.002418,4.4300,4.4400,4.4100,4.4300,1392800,6161504.0000,3
2025-08-28,20250828140000000,sz.002418,4.4200,4.4400,4.4200,4.4300,1026700,4550848.0000,3
2025-08-28,20250828140500000,sz.002418,4.4400,4.4700,4.4300,4.4600,1386300,6176256.0000,3
2025-08-28,20250828141000000,sz.002418,4.4700,4.4800,4.4500,4.4500,1132600,5054400.0000,3
2025-08-28,20250828141500000,sz.002418,4.4600,4.5000,4.4600,4.4900,1952300,8744768.0000,3
2025-08-28,20250828142000000,sz.002418,4.4900,4.5000,4.4800,4.4900,822900,3694656.0000,3
2025-08-28,20250828142500000,sz.002418,4.5000,4.5000,4.4700,4.4700,1095200,4912318.0000,3
2025-08-28,20250828143000000,sz.002418,4.4800,4.5000,4.4700,4.5000,1163500,5220800.0000,3
2025-08-28,20250828143500000,sz.002418,4.5000,4.5000,4.4900,4.4900,2145300,9646906.0000,3
2025-08-28,20250828144000000,sz.002418,4.4900,4.5100,4.4900,4.5000,1614300,7261571.0000,3
2025-08-28,20250828144500000,sz.002418,4.5100,4.5300,4.5000,4.5200,1640400,7404093.0000,3
2025-08-28,20250828145000000,sz.002418,4.5200,4.5700,4.5200,4.5600,4464900,20327368.0000,3
2025-08-28,20250828145500000,sz.002418,4.5600,4.5600,4.5400,4.5600,2773100,12619840.0000,3
2025-08-28,20250828150000000,sz.002418,4.5600,4.5600,4.5500,4.5600,2755800,12561152.0000,3
2025-08-29,20250829093500000,sz.002418,4.5600,4.5600,4.4400,4.4400,9109100,40700544.0000,3
2025-08-29,20250829094000000,sz.002418,4.4300,4.4400,4.4000,4.4300,8716900,38473176.0000,3
2025-08-29,20250829094500000,sz.002418,4.4400,4.4400,4.3900,4.4100,5621600,24783736.0000,3
2025-08-29,20250829095000000,sz.002418,4.4100,4.4200,4.4000,4.4000,4619300,20342016.0000,3
2025-08-29,20250829095500000,sz.002418,4.4100,4.4200,4.4000,4.4000,3175700,13994048.0000,3
2025-08-29,20250829100000000,sz.002418,4.4000,4.4200,4.3900,4.4200,2881000,12684416.0000,3
2025-08-29,20250829100500000,sz.002418,4.4200,4.4400,4.4100,4.4400,2101400,9307568.0000,3
2025-08-29,20250829101000000,sz.002418,4.4400,4.4400,4.4200,4.4300,1619200,7173536.0000,3
2025-08-29,20250829101500000,sz.002418,4.4300,4.4300,4.4100,4.4100,921600,4070880.0000,3
2025-08-29,20250829102000000,sz.002418,4.4100,4.4200,4.4000,4.4100,2240000,9867728.0000,3
2025-08-29,20250829102500000,sz.002418,4.4100,4.4400,4.4100,4.4300,1669000,7385008.0000,3
2025-08-29,20250829103000000,sz.002418,4.4300,4.4300,4.4200,4.4300,1012900,4482464.0000,3
2025-08-29,20250829103500000,sz.002418,4.4300,4.4600,4.4300,4.4400,1953500,8676416.0000,3
2025-08-29,20250829104000000,sz.002418,4.4500,4.4500,4.4300,4.4500,1258300,5587872.0000,3
2025-08-29,20250829104500000,sz.002418,4.4500,4.4500,4.4300,4.4300,1313900,5825984.0000,3
2025-08-29,20250829105000000,sz.002418,4.4300,4.4400,4.4200,4.4300,1386100,6146992.0000,3
2025-08-29,20250829105500000,sz.002418,4.4300,4.4400,4.4200,4.4300,1096100,4855152.0000,3
2025-08-29,20250829110000000,sz.002418,4.4300,4.4300,4.4100,4.4100,1350500,5970992.0000,3
2025-08-29,20250829110500000,sz.002418,4.4100,4.4300,4.4100,4.4200,1083300,4789040.0000,3
2025-08-29,20250829111000000,sz.002418,4.4300,4.4300,4.4000,4.4000,1785100,7879824.0000,3
2025-08-29,20250829111500000,sz.002418,4.4100,4.4100,4.4000,4.4000,1640300,7221376.0000,3
2025-08-29,20250829112000000,sz.002418,4.4000,4.4100,4.4000,4.4100,1394500,6139008.0000,3
2025-08-29,20250829112500000,sz.002418,4.4100,4.4100,4.4000,4.4000,1207000,5312528.0000,3
2025-08-29,20250829113000000,sz.002418,4.4100,4.4100,4.3900,4.4000,1077300,4740544.0000,3
2025-08-29,20250829130500000,sz.002418,4.4100,4.4100,4.4000,4.4100,1197000,5272288.0000,3
2025-08-29,20250829131000000,sz.002418,4.4000,4.4200,4.4000,4.4000,1550100,6829728.0000,3
2025-08-29,20250829131500000,sz.002418,4.4100,4.4100,4.3900,4.4000,1398300,6150944.0000,3
2025-08-29,20250829132000000,sz.002418,4.3900,4.4100,4.3900,4.4000,1077400,4734208.0000,3
2025-08-29,20250829132500000,sz.002418,4.3900,4.4000,4.3800,4.3800,2638400,11579712.0000,3
2025-08-29,20250829133000000,sz.002418,4.3800,4.3900,4.3800,4.3800,1738300,7618560.0000,3
2025-08-29,20250829133500000,sz.002418,4.3900,4.4000,4.3800,4.3900,1119500,4913600.0000,3
2025-08-29,20250829134000000,sz.002418,4.3900,4.3900,4.3800,4.3900,993100,4356576.0000,3
2025-08-29,20250829134500000,sz.002418,4.3900,4.4000,4.3700,4.3800,1972800,8643936.0000,3
2025-08-29,20250829135000000,sz.002418,4.3700,4.3800,4.3700,4.3800,940300,4115392.0000,3
2025-08-29,20250829135500000,sz.002418,4.3700,4.3900,4.3700,4.3800,958700,4199520.0000,3
2025-08-29,20250829140000000,sz.002418,4.3900,4.3900,4.3800,4.3900,619400,2716160.0000,3
2025-08-29,20250829140500000,sz.002418,4.3900,4.4000,4.3800,4.3900,1077500,4729120.0000,3
2025-08-29,20250829141000000,sz.002418,4.3800,4.4000,4.3800,4.3800,988400,4333376.0000,3
2025-08-29,20250829141500000,sz.002418,4.3800,4.3900,4.3700,4.3800,1565300,6855200.0000,3
2025-08-29,20250829142000000,sz.002418,4.3800,4.3900,4.3700,4.3900,545200,2387104.0000,3
2025-08-29,20250829142500000,sz.002418,4.3800,4.3900,4.3700,4.3700,2579100,11280640.0000,3
2025-08-29,20250829143000000,sz.002418,4.3800,4.3800,4.3700,4.3800,1046300,4574720.0000,3
2025-08-29,20250829143500000,sz.002418,4.3900,4.3900,4.3800,4.3900,1260100,5521824.0000,3
2025-08-29,20250829144000000,sz.002418,4.3800,4.3900,4.3800,4.3800,745600,3266912.0000,3
2025-08-29,20250829144500000,sz.002418,4.3800,4.3900,4.3800,4.3800,1225200,5368736.0000,3
2025-08-29,20250829145000000,sz.002418,4.3900,4.3900,4.3800,4.3900,1593900,6985888.0000,3
2025-08-29,20250829145500000,sz.002418,4.3800,4.3900,4.3800,4.3900,3665900,16071072.0000,3
2025-08-29,20250829150000000,sz.002418,4.3800,4.3900,4.3800,4.3800,2517400,11035360.0000,3
2025-09-01,20250901093500000,sz.002418,4.3800,4.4200,4.3800,4.4000,5008500,22027818.0000,3
2025-09-01,20250901094000000,sz.002418,4.4100,4.4300,4.4000,4.4300,3678800,16251934.0000,3
2025-09-01,20250901094500000,sz.002418,4.4300,4.4500,4.4000,4.4000,4525400,20047304.0000,3
2025-09-01,20250901095000000,sz.002418,4.4100,4.4100,4.3800,4.3900,2835100,12456120.0000,3
2025-09-01,20250901095500000,sz.002418,4.3900,4.3900,4.3600,4.3700,4874200,21307160.0000,3
2025-09-01,20250901100000000,sz.002418,4.3800,4.4000,4.3700,4.3800,1646800,7222984.0000,3
2025-09-01,20250901100500000,sz.002418,4.3800,4.4000,4.3700,4.3800,2769200,12133376.0000,3
2025-09-01,20250901101000000,sz.002418,4.3700,4.3900,4.3700,4.3900,1912900,8380552.0000,3
2025-09-01,20250901101500000,sz.002418,4.3900,4.4000,4.3800,4.3800,1372000,6014208.0000,3
2025-09-01,20250901102000000,sz.002418,4.3800,4.4000,4.3700,4.4000,2117100,9299536.0000,3
2025-09-01,20250901102500000,sz.002418,4.4100,4.4100,4.4000,4.4000,1353500,5967296.0000,3
2025-09-01,20250901103000000,sz.002418,4.4100,4.4300,4.4000,4.4100,2583400,11404080.0000,3
2025-09-01,20250901103500000,sz.002418,4.4500,4.4600,4.4300,4.4500,5389400,23951616.0000,3
2025-09-01,20250901104000000,sz.002418,4.4500,4.4500,4.4300,4.4400,1665600,7400160.0000,3
2025-09-01,20250901104500000,sz.002418,4.4500,4.4600,4.4400,4.4500,2126900,9468144.0000,3
2025-09-01,20250901105000000,sz.002418,4.4500,4.4800,4.4400,4.4800,3157700,14079440.0000,3
2025-09-01,20250901105500000,sz.002418,4.4800,4.4900,4.4600,4.4700,2267300,10146432.0000,3
2025-09-01,20250901110000000,sz.002418,4.4700,4.4900,4.4700,4.4900,1357400,6079936.0000,3
2025-09-01,20250901110500000,sz.002418,4.4900,4.4900,4.4700,4.4700,1509000,6758336.0000,3
2025-09-01,20250901111000000,sz.002418,4.4700,4.4800,4.4600,4.4700,495500,2215120.0000,3
2025-09-01,20250901111500000,sz.002418,4.4600,4.4800,4.4600,4.4600,1262900,5639936.0000,3
2025-09-01,20250901112000000,sz.002418,4.4600,4.4700,4.4500,4.4700,815400,3636752.0000,3
2025-09-01,20250901112500000,sz.002418,4.4600,4.4700,4.4500,4.4500,643900,2872432.0000,3
2025-09-01,20250901113000000,sz.002418,4.4500,4.4600,4.4400,4.4400,1009100,4491040.0000,3
2025-09-01,20250901130500000,sz.002418,4.4500,4.4600,4.4400,4.4500,711000,3164592.0000,3
2025-09-01,20250901131000000,sz.002418,4.4500,4.4600,4.4300,4.4300,1296500,5759072.0000,3
2025-09-01,20250901131500000,sz.002418,4.4300,4.4500,4.4300,4.4400,340200,1511376.0000,3
2025-09-01,20250901132000000,sz.002418,4.4400,4.4500,4.4300,4.4400,639000,2835984.0000,3
2025-09-01,20250901132500000,sz.002418,4.4400,4.4400,4.4300,4.4300,1029700,4562080.0000,3
2025-09-01,20250901133000000,sz.002418,4.4300,4.4400,4.4300,4.4400,323000,1431952.0000,3
2025-09-01,20250901133500000,sz.002418,4.4300,4.4400,4.4200,4.4200,1455400,6448192.0000,3
2025-09-01,20250901134000000,sz.002418,4.4300,4.4400,4.4200,4.4300,1397700,6189152.0000,3
2025-09-01,20250901134500000,sz.002418,4.4300,4.4400,4.4200,4.4200,485800,2152672.0000,3
2025-09-01,20250901135000000,sz.002418,4.4200,4.4300,4.4200,4.4300,434500,1921696.0000,3
2025-09-01,20250901135500000,sz.002418,4.4200,4.4400,4.4200,4.4300,753600,3337280.0000,3
2025-09-01,20250901140000000,sz.002418,4.4400,4.4500,4.4300,4.4500,800400,3551168.0000,3
2025-09-01,20250901140500000,sz.002418,4.4400,4.4500,4.4300,4.4300,484200,2149664.0000,3
2025-09-01,20250901141000000,sz.002418,4.4400,4.4400,4.4300,4.4300,333600,1479872.0000,3
2025-09-01,20250901141500000,sz.002418,4.4300,4.4400,4.4200,4.4200,1113300,4930432.0000,3
2025-09-01,20250901142000000,sz.002418,4.4200,4.4300,4.4200,4.4200,368000,1627392.0000,3
2025-09-01,20250901142500000,sz.002418,4.4200,4.4400,4.4200,4.4300,896200,3970432.0000,3
2025-09-01,20250901143000000,sz.002418,4.4400,4.4400,4.4300,4.4400,250500,1110944.0000,3
2025-09-01,20250901143500000,sz.002418,4.4400,4.4400,4.4300,4.4300,1240500,5501728.0000,3
2025-09-01,20250901144000000,sz.002418,4.4400,4.4500,4.4300,4.4500,989900,4393760.0000,3
2025-09-01,20250901144500000,sz.002418,4.4500,4.4500,4.4400,4.4400,734900,3265632.0000,3
2025-09-01,20250901145000000,sz.002418,4.4500,4.4500,4.4400,4.4500,1348200,5987680.0000,3
2025-09-01,20250901145500000,sz.002418,4.4500,4.4600,4.4400,4.4600,3318100,14772992.0000,3
2025-09-01,20250901150000000,sz.002418,4.4600,4.4600,4.4500,4.4600,2222900,9913184.0000,3
2025-09-02,20250902093500000,sz.002418,4.4500,4.4500,4.3800,4.3800,5565300,24525852.0000,3
2025-09-02,20250902094000000,sz.002418,4.3800,4.3900,4.3600,4.3600,4746100,20763456.0000,3
2025-09-02,20250902094500000,sz.002418,4.3600,4.3700,4.3200,4.3400,8061500,35010812.0000,3
2025-09-02,20250902095000000,sz.002418,4.3300,4.3600,4.3100,4.3100,4752500,20572088.0000,3
2025-09-02,20250902095500000,sz.002418,4.3100,4.3200,4.2900,4.3100,7093800,30505216.0000,3
2025-09-02,20250902100000000,sz.002418,4.3100,4.3100,4.2800,4.2900,3914900,16813584.0000,3
2025-09-02,20250902100500000,sz.002418,4.2900,4.3000,4.2600,4.2800,5680200,24285264.0000,3
2025-09-02,20250902101000000,sz.002418,4.2800,4.3000,4.2800,4.2900,1862300,7985536.0000,3
2025-09-02,20250902101500000,sz.002418,4.3000,4.3000,4.2800,4.2800,1913800,8201904.0000,3
2025-09-02,20250902102000000,sz.002418,4.2800,4.2900,4.2700,4.2800,1424000,6093728.0000,3
2025-09-02,20250902102500000,sz.002418,4.2800,4.3000,4.2800,4.3000,1166500,5006864.0000,3
2025-09-02,20250902103000000,sz.002418,4.3000,4.3000,4.2800,4.2900,1695000,7279456.0000,3
2025-09-02,20250902103500000,sz.002418,4.2900,4.2900,4.2600,4.2600,2258200,9653264.0000,3
2025-09-02,20250902104000000,sz.002418,4.2700,4.2700,4.2600,4.2600,1515000,6458144.0000,3
2025-09-02,20250902104500000,sz.002418,4.2600,4.2700,4.2600,4.2700,1090600,4648384.0000,3
2025-09-02,20250902105000000,sz.002418,4.2600,4.2700,4.2500,4.2600,2466000,10503248.0000,3
2025-09-02,20250902105500000,sz.002418,4.2500,4.2900,4.2500,4.2900,1182700,5050928.0000,3
2025-09-02,20250902110000000,sz.002418,4.2900,4.2900,4.2600,4.2600,1603600,6850672.0000,3
2025-09-02,20250902110500000,sz.002418,4.2700,4.2700,4.2500,4.2700,1218500,5189968.0000,3
2025-09-02,20250902111000000,sz.002418,4.2700,4.2700,4.2600,4.2700,511300,2180016.0000,3
2025-09-02,20250902111500000,sz.002418,4.2700,4.2700,4.2500,4.2500,1104000,4701488.0000,3
2025-09-02,20250902112000000,sz.002418,4.2500,4.2700,4.2500,4.2600,1077300,4584560.0000,3
2025-09-02,20250902112500000,sz.002418,4.2600,4.2900,4.2500,4.2900,938800,4008688.0000,3
2025-09-02,20250902113000000,sz.002418,4.2900,4.2900,4.2800,4.2800,1045300,4476224.0000,3
2025-09-02,20250902130500000,sz.002418,4.2800,4.3000,4.2600,4.3000,2092000,8937632.0000,3
2025-09-02,20250902131000000,sz.002418,4.2900,4.3100,4.2800,4.2900,1352300,5809216.0000,3
2025-09-02,20250902131500000,sz.002418,4.2900,4.3000,4.2600,4.2600,723300,3091264.0000,3
2025-09-02,20250902132000000,sz.002418,4.2600,4.2700,4.2500,4.2600,1122900,4783552.0000,3
2025-09-02,20250902132500000,sz.002418,4.2600,4.2700,4.2500,4.2500,805800,3430784.0000,3
2025-09-02,20250902133000000,sz.002418,4.2500,4.2700,4.2500,4.2600,634300,2702496.0000,3
2025-09-02,20250902133500000,sz.002418,4.2700,4.3100,4.2700,4.3100,1311700,5625664.0000,3
2025-09-02,20250902134000000,sz.002418,4.3000,4.3200,4.3000,4.3100,1076700,4638656.0000,3
2025-09-02,20250902134500000,sz.002418,4.3200,4.3200,4.3100,4.3100,727400,3137632.0000,3
2025-09-02,20250902135000000,sz.002418,4.3200,4.3300,4.3100,4.3300,526000,2273504.0000,3
2025-09-02,20250902135500000,sz.002418,4.3300,4.3300,4.2900,4.2900,1166400,5024960.0000,3
2025-09-02,20250902140000000,sz.002418,4.2900,4.3000,4.2900,4.2900,532900,2286400.0000,3
2025-09-02,20250902140500000,sz.002418,4.2900,4.3100,4.2900,4.3000,951400,4089984.0000,3
2025-09-02,20250902141000000,sz.002418,4.3000,4.3000,4.2800,4.2800,860500,3687968.0000,3
2025-09-02,20250902141500000,sz.002418,4.2900,4.2900,4.2800,4.2900,340500,1459616.0000,3
2025-09-02,20250902142000000,sz.002418,4.2800,4.2900,4.2700,4.2700,1031000,4413120.0000,3
2025-09-02,20250902142500000,sz.002418,4.2800,4.2900,4.2800,4.2800,851200,3645216.0000,3
2025-09-02,20250902143000000,sz.002418,4.2900,4.2900,4.2700,4.2700,1138400,4866560.0000,3
2025-09-02,20250902143500000,sz.002418,4.2700,4.2900,4.2600,4.2700,1125900,4814496.0000,3
2025-09-02,20250902144000000,sz.002418,4.2800,4.2900,4.2700,4.2800,673300,2880480.0000,3
2025-09-02,20250902144500000,sz.002418,4.2800,4.2900,4.2700,4.2800,1248500,5338144.0000,3
2025-09-02,20250902145000000,sz.002418,4.2700,4.2800,4.2600,4.2800,2573400,10989312.0000,3
2025-09-02,20250902145500000,sz.002418,4.2700,4.2800,4.2700,4.2800,1478400,6320832.0000,3
2025-09-02,20250902150000000,sz.002418,4.2900,4.3000,4.2800,4.2800,2100000,8995808.0000,3
2025-09-03,20250903093500000,sz.002418,4.3100,4.3100,4.2400,4.2700,2435300,10403408.0000,3
2025-09-03,20250903094000000,sz.002418,4.2800,4.2800,4.2500,4.2800,1694400,7223996.0000,3
2025-09-03,20250903094500000,sz.002418,4.2700,4.2900,4.2600,4.2700,1039800,4449132.0000,3
2025-09-03,20250903095000000,sz.002418,4.2800,4.2800,4.2500,4.2500,927900,3958908.0000,3
2025-09-03,20250903095500000,sz.002418,4.2500,4.2600,4.2300,4.2400,1080100,4583640.0000,3
2025-09-03,20250903100000000,sz.002418,4.2300,4.2500,4.2300,4.2400,1391700,5894520.0000,3
2025-09-03,20250903100500000,sz.002418,4.2400,4.2500,4.2300,4.2400,1493500,6328468.0000,3
2025-09-03,20250903101000000,sz.002418,4.2400,4.2500,4.2300,4.2400,1254400,5318928.0000,3
2025-09-03,20250903101500000,sz.002418,4.2400,4.2600,4.2300,4.2300,1300400,5521692.0000,3
2025-09-03,20250903102000000,sz.002418,4.2300,4.2500,4.2300,4.2400,767200,3249700.0000,3
2025-09-03,20250903102500000,sz.002418,4.2300,4.2500,4.2300,4.2300,544700,2308980.0000,3
2025-09-03,20250903103000000,sz.002418,4.2300,4.2400,4.2100,4.2200,1867900,7888740.0000,3
2025-09-03,20250903103500000,sz.002418,4.2200,4.2300,4.1900,4.1900,2990400,12583368.0000,3
2025-09-03,20250903104000000,sz.002418,4.1900,4.2200,4.1900,4.2100,1786800,7508648.0000,3
2025-09-03,20250903104500000,sz.002418,4.2200,4.2400,4.2100,4.2400,776000,3278800.0000,3
2025-09-03,20250903105000000,sz.002418,4.2400,4.2500,4.2300,4.2500,497900,2111824.0000,3
2025-09-03,20250903105500000,sz.002418,4.2400,4.2600,4.2400,4.2400,724800,3080096.0000,3
2025-09-03,20250903110000000,sz.002418,4.2400,4.2600,4.2400,4.2500,824400,3500112.0000,3
2025-09-03,20250903110500000,sz.002418,4.2500,4.2600,4.2400,4.2400,637400,2709832.0000,3
2025-09-03,20250903111000000,sz.002418,4.2400,4.2600,4.2400,4.2400,676400,2874488.0000,3
2025-09-03,20250903111500000,sz.002418,4.2500,4.2500,4.2300,4.2400,817000,3459808.0000,3
2025-09-03,20250903112000000,sz.002418,4.2300,4.2400,4.2200,4.2300,817800,3458496.0000,3
2025-09-03,20250903112500000,sz.002418,4.2400,4.2400,4.2100,4.2100,395600,1670464.0000,3
2025-09-03,20250903113000000,sz.002418,4.2200,4.2300,4.2100,4.2100,640000,2695288.0000,3
2025-09-03,20250903130500000,sz.002418,4.2100,4.2200,4.2000,4.2000,800200,3366984.0000,3
2025-09-03,20250903131000000,sz.002418,4.2000,4.2100,4.1900,4.2000,1177900,4946328.0000,3
2025-09-03,20250903131500000,sz.002418,4.2000,4.2100,4.1900,4.2000,741600,3115008.0000,3
2025-09-03,20250903132000000,sz.002418,4.2000,4.2100,4.1900,4.1900,1077100,4525432.0000,3
2025-09-03,20250903132500000,sz.002418,4.1900,4.2000,4.1900,4.1900,730200,3060000.0000,3
2025-09-03,20250903133000000,sz.002418,4.2000,4.2000,4.1800,4.1800,2101700,8801952.0000,3
2025-09-03,20250903133500000,sz.002418,4.1900,4.2000,4.1800,4.1900,770400,3224128.0000,3
2025-09-03,20250903134000000,sz.002418,4.1900,4.1900,4.1700,4.1700,1233700,5148816.0000,3
2025-09-03,20250903134500000,sz.002418,4.1700,4.1900,4.1600,4.1800,2635200,11010736.0000,3
2025-09-03,20250903135000000,sz.002418,4.1800,4.1800,4.1500,4.1600,1627400,6775296.0000,3
2025-09-03,20250903135500000,sz.002418,4.1600,4.1800,4.1500,4.1700,670800,2793728.0000,3
2025-09-03,20250903140000000,sz.002418,4.1800,4.1800,4.1600,4.1800,802300,3346304.0000,3
2025-09-03,20250903140500000,sz.002418,4.1700,4.2100,4.1600,4.2100,2670200,11187568.0000,3
2025-09-03,20250903141000000,sz.002418,4.2100,4.2200,4.1900,4.2200,866400,3643312.0000,3
2025-09-03,20250903141500000,sz.002418,4.2100,4.2200,4.1900,4.2100,642900,2700912.0000,3
2025-09-03,20250903142000000,sz.002418,4.2100,4.2100,4.1800,4.1900,875700,3674784.0000,3
2025-09-03,20250903142500000,sz.002418,4.1800,4.2000,4.1800,4.1800,626100,2621136.0000,3
2025-09-03,20250903143000000,sz.002418,4.1800,4.1900,4.1700,4.1800,702400,2934800.0000,3
2025-09-03,20250903143500000,sz.002418,4.1800,4.1900,4.1700,4.1800,890400,3722272.0000,3
2025-09-03,20250903144000000,sz.002418,4.1800,4.1800,4.1700,4.1700,398100,1661568.0000,3
2025-09-03,20250903144500000,sz.002418,4.1700,4.1800,4.1600,4.1700,1080600,4502304.0000,3
2025-09-03,20250903145000000,sz.002418,4.1700,4.1700,4.1500,4.1600,1575100,6552336.0000,3
2025-09-03,20250903145500000,sz.002418,4.1600,4.1700,4.1500,4.1700,2471400,10271232.0000,3
2025-09-03,20250903150000000,sz.002418,4.1700,4.1700,4.1600,4.1600,1337300,5565520.0000,3
2025-09-04,20250904093500000,sz.002418,4.3100,4.3200,4.2400,4.2600,13171900,56365236.0000,3
2025-09-04,20250904094000000,sz.002418,4.2600,4.2700,4.2200,4.2400,4300800,18237292.0000,3
2025-09-04,20250904094500000,sz.002418,4.2300,4.2600,4.2200,4.2300,3008300,12774088.0000,3
2025-09-04,20250904095000000,sz.002418,4.2300,4.2600,4.2200,4.2300,2043100,8660792.0000,3
2025-09-04,20250904095500000,sz.002418,4.2400,4.2500,4.2200,4.2400,2565500,10870880.0000,3
2025-09-04,20250904100000000,sz.002418,4.2400,4.3000,4.2400,4.3000,3578900,15306752.0000,3
2025-09-04,20250904100500000,sz.002418,4.2900,4.3000,4.2600,4.2800,2722200,11657112.0000,3
2025-09-04,20250904101000000,sz.002418,4.2700,4.2700,4.2400,4.2400,1474500,6276584.0000,3
2025-09-04,20250904101500000,sz.002418,4.2400,4.2600,4.2200,4.2500,3128800,13241760.0000,3
2025-09-04,20250904102000000,sz.002418,4.2600,4.2600,4.2500,4.2500,242600,1032224.0000,3
2025-09-04,20250904102500000,sz.002418,4.2500,4.2700,4.2400,4.2600,1168600,4971456.0000,3
2025-09-04,20250904103000000,sz.002418,4.2500,4.2600,4.2400,4.2500,843700,3582496.0000,3
2025-09-04,20250904103500000,sz.002418,4.2500,4.2500,4.2300,4.2300,875000,3710144.0000,3
2025-09-04,20250904104000000,sz.002418,4.2300,4.2400,4.2200,4.2200,680100,2877264.0000,3
2025-09-04,20250904104500000,sz.002418,4.2300,4.2400,4.2300,4.2400,547200,2316208.0000,3
2025-09-04,20250904105000000,sz.002418,4.2400,4.2400,4.2200,4.2200,899000,3802384.0000,3
2025-09-04,20250904105500000,sz.002418,4.2200,4.2300,4.1900,4.2100,2442400,10279648.0000,3
2025-09-04,20250904110000000,sz.002418,4.2200,4.2300,4.2100,4.2300,690100,2912096.0000,3
2025-09-04,20250904110500000,sz.002418,4.2200,4.2500,4.2200,4.2400,702300,2976208.0000,3
2025-09-04,20250904111000000,sz.002418,4.2300,4.2400,4.2300,4.2400,534700,2262416.0000,3
2025-09-04,20250904111500000,sz.002418,4.2400,4.2400,4.2200,4.2200,450000,1900320.0000,3
2025-09-04,20250904112000000,sz.002418,4.2200,4.2300,4.2100,4.2200,417600,1761648.0000,3
2025-09-04,20250904112500000,sz.002418,4.2200,4.2200,4.2000,4.2000,774800,3261792.0000,3
2025-09-04,20250904113000000,sz.002418,4.2000,4.2100,4.1900,4.2000,1085700,4557712.0000,3
2025-09-04,20250904130500000,sz.002418,4.2000,4.2300,4.2000,4.2000,1201900,5061232.0000,3
2025-09-04,20250904131000000,sz.002418,4.2000,4.2300,4.1900,4.2200,769900,3239072.0000,3
2025-09-04,20250904131500000,sz.002418,4.2300,4.2400,4.2100,4.2300,995000,4205600.0000,3
2025-09-04,20250904132000000,sz.002418,4.2300,4.2400,4.2200,4.2300,900500,3809808.0000,3
2025-09-04,20250904132500000,sz.002418,4.2200,4.2300,4.2100,4.2100,496900,2097968.0000,3
2025-09-04,20250904133000000,sz.002418,4.2200,4.2300,4.2100,4.2100,451900,1906816.0000,3
2025-09-04,20250904133500000,sz.002418,4.2100,4.2200,4.2000,4.2100,902200,3794656.0000,3
2025-09-04,20250904134000000,sz.002418,4.2000,4.2100,4.1900,4.2000,598100,2512096.0000,3
2025-09-04,20250904134500000,sz.002418,4.2000,4.2100,4.1900,4.2000,421300,1767408.0000,3
2025-09-04,20250904135000000,sz.002418,4.2000,4.2100,4.1900,4.2000,972600,4084992.0000,3
2025-09-04,20250904135500000,sz.002418,4.1900,4.2100,4.1900,4.2100,366600,1539632.0000,3
2025-09-04,20250904140000000,sz.002418,4.2100,4.2200,4.2000,4.2000,1002300,4219712.0000,3
2025-09-04,20250904140500000,sz.002418,4.2100,4.2100,4.1900,4.2000,637100,2675440.0000,3
2025-09-04,20250904141000000,sz.002418,4.1900,4.2000,4.1800,4.1800,968400,4056592.0000,3
2025-09-04,20250904141500000,sz.002418,4.1800,4.1800,4.1600,4.1700,1757900,7334400.0000,3
2025-09-04,20250904142000000,sz.002418,4.1700,4.1800,4.1600,4.1600,755800,3146736.0000,3
2025-09-04,20250904142500000,sz.002418,4.1700,4.1700,4.1500,4.1500,1590000,6611424.0000,3
2025-09-04,20250904143000000,sz.002418,4.1600,4.1700,4.1400,4.1600,1358200,5642480.0000,3
2025-09-04,20250904143500000,sz.002418,4.1600,4.1600,4.1200,4.1200,1177500,4874496.0000,3
2025-09-04,20250904144000000,sz.002418,4.1200,4.1400,4.1100,4.1300,1714000,7060512.0000,3
2025-09-04,20250904144500000,sz.002418,4.1300,4.1600,4.1200,4.1500,1059000,4386016.0000,3
2025-09-04,20250904145000000,sz.002418,4.1600,4.1800,4.1400,4.1800,1413100,5875936.0000,3
2025-09-04,20250904145500000,sz.002418,4.1700,4.1800,4.1700,4.1700,1053900,4401280.0000,3
2025-09-04,20250904150000000,sz.002418,4.1800,4.1900,4.1700,4.1800,1418100,5929504.0000,3
2025-09-05,20250905093500000,sz.002418,4.1600,4.1800,4.1300,4.1400,4487400,18643858.0000,3
2025-09-05,20250905094000000,sz.002418,4.1500,4.1500,4.1300,4.1400,2416600,10007466.0000,3
2025-09-05,20250905094500000,sz.002418,4.1400,4.1500,4.1100,4.1200,2688600,11111164.0000,3
2025-09-05,20250905095000000,sz.002418,4.1200,4.1600,4.1200,4.1400,1339500,5550728.0000,3
2025-09-05,20250905095500000,sz.002418,4.1400,4.1700,4.1400,4.1700,1489900,6186668.0000,3
2025-09-05,20250905100000000,sz.002418,4.1700,4.1900,4.1700,4.1800,1149600,4806060.0000,3
2025-09-05,20250905100500000,sz.002418,4.1700,4.2100,4.1700,4.2100,1732400,7254228.0000,3
2025-09-05,20250905101000000,sz.002418,4.2000,4.2100,4.1800,4.1800,1004600,4212948.0000,3
2025-09-05,20250905101500000,sz.002418,4.1900,4.1900,4.1800,4.1900,312100,1305552.0000,3
2025-09-05,20250905102000000,sz.002418,4.1900,4.2100,4.1800,4.2000,1971100,8263096.0000,3
2025-09-05,20250905102500000,sz.002418,4.2100,4.2200,4.2000,4.2100,839500,3533216.0000,3
2025-09-05,20250905103000000,sz.002418,4.2100,4.2200,4.2100,4.2100,819400,3454568.0000,3
2025-09-05,20250905103500000,sz.002418,4.2200,4.2300,4.2100,4.2200,985500,4164248.0000,3
2025-09-05,20250905104000000,sz.002418,4.2300,4.2400,4.2200,4.2300,1156300,4889712.0000,3
2025-09-05,20250905104500000,sz.002418,4.2400,4.2400,4.2200,4.2300,662800,2803448.0000,3
2025-09-05,20250905105000000,sz.002418,4.2300,4.2400,4.2200,4.2300,589200,2491128.0000,3
2025-09-05,20250905105500000,sz.002418,4.2300,4.2400,4.2200,4.2400,1011900,4280736.0000,3
2025-09-05,20250905110000000,sz.002418,4.2400,4.2400,4.2300,4.2300,718700,3043352.0000,3
2025-09-05,20250905110500000,sz.002418,4.2300,4.2400,4.2200,4.2400,1145800,4846304.0000,3
2025-09-05,20250905111000000,sz.002418,4.2300,4.2400,4.2300,4.2400,661000,2800200.0000,3
2025-09-05,20250905111500000,sz.002418,4.2400,4.2400,4.2200,4.2300,346700,1466824.0000,3
2025-09-05,20250905112000000,sz.002418,4.2300,4.2300,4.2100,4.2200,975400,4115000.0000,3
2025-09-05,20250905112500000,sz.002418,4.2200,4.2300,4.2100,4.2200,269900,1139320.0000,3
2025-09-05,20250905113000000,sz.002418,4.2300,4.2300,4.2200,4.2200,348900,1472664.0000,3
2025-09-05,20250905130500000,sz.002418,4.2200,4.2300,4.2200,4.2300,626400,2647792.0000,3
2025-09-05,20250905131000000,sz.002418,4.2300,4.2300,4.2200,4.2200,770400,3252264.0000,3
2025-09-05,20250905131500000,sz.002418,4.2200,4.2300,4.2100,4.2200,841800,3553080.0000,3
2025-09-05,20250905132000000,sz.002418,4.2100,4.2200,4.2100,4.2200,389700,1641856.0000,3
2025-09-05,20250905132500000,sz.002418,4.2100,4.2300,4.2100,4.2100,478600,2019672.0000,3
2025-09-05,20250905133000000,sz.002418,4.2100,4.2300,4.2100,4.2300,602300,2540992.0000,3
2025-09-05,20250905133500000,sz.002418,4.2300,4.2300,4.2200,4.2200,178000,751760.0000,3
2025-09-05,20250905134000000,sz.002418,4.2200,4.2300,4.2200,4.2200,306600,1294784.0000,3
2025-09-05,20250905134500000,sz.002418,4.2300,4.2300,4.2200,4.2200,492000,2078656.0000,3
2025-09-05,20250905135000000,sz.002418,4.2200,4.2400,4.2200,4.2300,1532100,6481120.0000,3
2025-09-05,20250905135500000,sz.002418,4.2300,4.2400,4.2300,4.2300,299200,1266976.0000,3
2025-09-05,20250905140000000,sz.002418,4.2300,4.2400,4.2300,4.2300,327000,1384416.0000,3
2025-09-05,20250905140500000,sz.002418,4.2300,4.2400,4.2300,4.2400,234500,993168.0000,3
2025-09-05,20250905141000000,sz.002418,4.2400,4.2400,4.2300,4.2300,505500,2139632.0000,3
2025-09-05,20250905141500000,sz.002418,4.2300,4.2400,4.2300,4.2300,568400,2407760.0000,3
2025-09-05,20250905142000000,sz.002418,4.2400,4.2400,4.2300,4.2400,427300,1809856.0000,3
2025-09-05,20250905142500000,sz.002418,4.2400,4.2500,4.2300,4.2400,1678800,7121760.0000,3
2025-09-05,20250905143000000,sz.002418,4.2500,4.2600,4.2400,4.2500,1032700,4390208.0000,3
2025-09-05,20250905143500000,sz.002418,4.2500,4.2600,4.2400,4.2400,1180500,5016736.0000,3
2025-09-05,20250905144000000,sz.002418,4.2400,4.2500,4.2400,4.2500,737600,3128880.0000,3
2025-09-05,20250905144500000,sz.002418,4.2500,4.2500,4.2400,4.2500,678300,2880960.0000,3
2025-09-05,20250905145000000,sz.002418,4.2500,4.2500,4.2400,4.2500,666800,2829920.0000,3
2025-09-05,20250905145500000,sz.002418,4.2400,4.2500,4.2300,4.2400,2458600,10426592.0000,3
2025-09-05,20250905150000000,sz.002418,4.2400,4.2500,4.2300,4.2400,1492800,6332816.0000,3
2025-09-08,20250908093500000,sz.002418,4.4000,4.4300,4.3200,4.3300,10717500,46947556.0000,3
2025-09-08,20250908094000000,sz.002418,4.3300,4.3500,4.3200,4.3400,2475400,10726832.0000,3
2025-09-08,20250908094500000,sz.002418,4.3400,4.3500,4.3100,4.3300,3423900,14788956.0000,3
2025-09-08,20250908095000000,sz.002418,4.3300,4.3300,4.2800,4.2800,2481300,10678416.0000,3
2025-09-08,20250908095500000,sz.002418,4.2800,4.3400,4.2800,4.3100,1805300,7767608.0000,3
2025-09-08,20250908100000000,sz.002418,4.3000,4.3200,4.3000,4.3100,837700,3609416.0000,3
2025-09-08,20250908100500000,sz.002418,4.3200,4.3200,4.2900,4.3000,1197800,5152112.0000,3
2025-09-08,20250908101000000,sz.002418,4.3000,4.3200,4.2900,4.3100,1214600,5226744.0000,3
2025-09-08,20250908101500000,sz.002418,4.3000,4.3200,4.3000,4.3100,635800,2741288.0000,3
2025-09-08,20250908102000000,sz.002418,4.3200,4.3200,4.2900,4.3000,1205200,5188976.0000,3
2025-09-08,20250908102500000,sz.002418,4.2900,4.3000,4.2800,4.2900,1061200,4553144.0000,3
2025-09-08,20250908103000000,sz.002418,4.2900,4.3000,4.2800,4.2900,477400,2048336.0000,3
2025-09-08,20250908103500000,sz.002418,4.2900,4.3000,4.2800,4.2900,1103300,4732464.0000,3
2025-09-08,20250908104000000,sz.002418,4.2900,4.2900,4.2700,4.2700,822800,3519960.0000,3
2025-09-08,20250908104500000,sz.002418,4.2700,4.2800,4.2600,4.2800,851900,3637872.0000,3
2025-09-08,20250908105000000,sz.002418,4.2700,4.2700,4.2500,4.2600,1044300,4450544.0000,3
2025-09-08,20250908105500000,sz.002418,4.2600,4.2700,4.2500,4.2500,647400,2755232.0000,3
2025-09-08,20250908110000000,sz.002418,4.2500,4.2800,4.2500,4.2700,1253500,5349424.0000,3
2025-09-08,20250908110500000,sz.002418,4.2700,4.2800,4.2500,4.2600,564100,2406560.0000,3
2025-09-08,20250908111000000,sz.002418,4.2600,4.2700,4.2500,4.2700,265300,1130576.0000,3
2025-09-08,20250908111500000,sz.002418,4.2700,4.2700,4.2600,4.2700,437700,1866320.0000,3
2025-09-08,20250908112000000,sz.002418,4.2700,4.2700,4.2600,4.2700,344000,1468336.0000,3
2025-09-08,20250908112500000,sz.002418,4.2600,4.2800,4.2600,4.2700,328200,1400240.0000,3
2025-09-08,20250908113000000,sz.002418,4.2800,4.2800,4.2700,4.2800,162000,693056.0000,3
2025-09-08,20250908130500000,sz.002418,4.2800,4.2800,4.2500,4.2600,1130600,4824320.0000,3
2025-09-08,20250908131000000,sz.002418,4.2600,4.2700,4.2600,4.2700,173800,740848.0000,3
2025-09-08,20250908131500000,sz.002418,4.2700,4.2800,4.2600,4.2800,1093800,4671856.0000,3
2025-09-08,20250908132000000,sz.002418,4.2700,4.2800,4.2600,4.2700,336700,1437312.0000,3
2025-09-08,20250908132500000,sz.002418,4.2700,4.2800,4.2600,4.2700,204600,873024.0000,3
2025-09-08,20250908133000000,sz.002418,4.2600,4.2800,4.2600,4.2700,293500,1253056.0000,3
2025-09-08,20250908133500000,sz.002418,4.2700,4.2700,4.2600,4.2700,334900,1428880.0000,3
2025-09-08,20250908134000000,sz.002418,4.2600,4.2800,4.2600,4.2700,262200,1120848.0000,3
2025-09-08,20250908134500000,sz.002418,4.2700,4.2800,4.2700,4.2800,619500,2648896.0000,3
2025-09-08,20250908135000000,sz.002418,4.2800,4.2900,4.2700,4.2800,235800,1010096.0000,3
2025-09-08,20250908135500000,sz.002418,4.2800,4.2900,4.2700,4.2700,270700,1158368.0000,3
2025-09-08,20250908140000000,sz.002418,4.2700,4.2900,4.2700,4.2800,456600,1957792.0000,3
2025-09-08,20250908140500000,sz.002418,4.2800,4.2800,4.2700,4.2800,333800,1427904.0000,3
2025-09-08,20250908141000000,sz.002418,4.2800,4.2900,4.2700,4.2800,736300,3151440.0000,3
2025-09-08,20250908141500000,sz.002418,4.2900,4.2900,4.2800,4.2900,394500,1689440.0000,3
2025-09-08,20250908142000000,sz.002418,4.2900,4.2900,4.2800,4.2900,345100,1477520.0000,3
2025-09-08,20250908142500000,sz.002418,4.2900,4.3000,4.2800,4.2900,600500,2575744.0000,3
2025-09-08,20250908143000000,sz.002418,4.2900,4.2900,4.2800,4.2900,185900,796880.0000,3
2025-09-08,20250908143500000,sz.002418,4.2900,4.2900,4.2800,4.2900,403500,1729312.0000,3
2025-09-08,20250908144000000,sz.002418,4.2900,4.2900,4.2800,4.2900,253800,1088000.0000,3
2025-09-08,20250908144500000,sz.002418,4.2900,4.2900,4.2800,4.2900,590700,2533072.0000,3
2025-09-08,20250908145000000,sz.002418,4.2900,4.2900,4.2800,4.2900,704200,3019888.0000,3
2025-09-08,20250908145500000,sz.002418,4.2900,4.3000,4.2800,4.3000,1821600,7820224.0000,3
2025-09-08,20250908150000000,sz.002418,4.2900,4.3000,4.2900,4.3000,1481700,6370640.0000,3
2025-09-09,20250909093500000,sz.002418,4.2400,4.2400,4.2000,4.2100,4127500,17443324.0000,3
2025-09-09,20250909094000000,sz.002418,4.2100,4.2300,4.2000,4.2200,2196500,9253856.0000,3
2025-09-09,20250909094500000,sz.002418,4.2200,4.2400,4.2100,4.2300,2191500,9273056.0000,3
2025-09-09,20250909095000000,sz.002418,4.2300,4.2500,4.2300,4.2400,1253000,5311584.0000,3
2025-09-09,20250909095500000,sz.002418,4.2300,4.2600,4.2300,4.2500,1544000,6551012.0000,3
2025-09-09,20250909100000000,sz.002418,4.2600,4.2600,4.2400,4.2400,601600,2558728.0000,3
2025-09-09,20250909100500000,sz.002418,4.2500,4.2700,4.2400,4.2700,1232700,5244072.0000,3
2025-09-09,20250909101000000,sz.002418,4.2700,4.2700,4.2500,4.2600,760000,3235524.0000,3
2025-09-09,20250909101500000,sz.002418,4.2500,4.2600,4.2500,4.2500,557500,2370452.0000,3
2025-09-09,20250909102000000,sz.002418,4.2600,4.2600,4.2400,4.2400,906600,3852164.0000,3
2025-09-09,20250909102500000,sz.002418,4.2400,4.2600,4.2400,4.2600,482100,2047556.0000,3
2025-09-09,20250909103000000,sz.002418,4.2500,4.2500,4.2400,4.2400,365500,1551656.0000,3
2025-09-09,20250909103500000,sz.002418,4.2400,4.2500,4.2300,4.2300,728800,3089144.0000,3
2025-09-09,20250909104000000,sz.002418,4.2400,4.2400,4.2300,4.2400,550000,2330448.0000,3
2025-09-09,20250909104500000,sz.002418,4.2400,4.2500,4.2300,4.2400,624600,2648288.0000,3
2025-09-09,20250909105000000,sz.002418,4.2500,4.2500,4.2400,4.2400,340400,1443656.0000,3
2025-09-09,20250909105500000,sz.002418,4.2400,4.2400,4.2100,4.2200,1403500,5932488.0000,3
2025-09-09,20250909110000000,sz.002418,4.2200,4.2300,4.2100,4.2200,437600,1846888.0000,3
2025-09-09,20250909110500000,sz.002418,4.2300,4.2300,4.2100,4.2100,471800,1990648.0000,3
2025-09-09,20250909111000000,sz.002418,4.2100,4.2200,4.2100,4.2100,300100,1264848.0000,3
2025-09-09,20250909111500000,sz.002418,4.2100,4.2200,4.2000,4.2100,1345900,5666504.0000,3
2025-09-09,20250909112000000,sz.002418,4.2100,4.2200,4.2000,4.2000,665700,2802696.0000,3
2025-09-09,20250909112500000,sz.002418,4.2000,4.2200,4.2000,4.2200,633200,2664992.0000,3
2025-09-09,20250909113000000,sz.002418,4.2000,4.2100,4.2000,4.2000,723300,3038312.0000,3
2025-09-09,20250909130500000,sz.002418,4.2100,4.2100,4.1900,4.2000,1746300,7334896.0000,3
2025-09-09,20250909131000000,sz.002418,4.2000,4.2200,4.2000,4.2100,675300,2842272.0000,3
2025-09-09,20250909131500000,sz.002418,4.2000,4.2200,4.2000,4.2000,765600,3219448.0000,3
2025-09-09,20250909132000000,sz.002418,4.2000,4.2100,4.1900,4.1900,870700,3654032.0000,3
2025-09-09,20250909132500000,sz.002418,4.1900,4.2100,4.1900,4.1900,693200,2910496.0000,3
2025-09-09,20250909133000000,sz.002418,4.1900,4.2000,4.1900,4.2000,456700,1916168.0000,3
2025-09-09,20250909133500000,sz.002418,4.2000,4.2100,4.1900,4.1900,626700,2628640.0000,3
2025-09-09,20250909134000000,sz.002418,4.2000,4.2000,4.1900,4.1900,263700,1105184.0000,3
2025-09-09,20250909134500000,sz.002418,4.1900,4.2000,4.1800,4.1900,668000,2799144.0000,3
2025-09-09,20250909135000000,sz.002418,4.1900,4.1900,4.1800,4.1900,760900,3185632.0000,3
2025-09-09,20250909135500000,sz.002418,4.1900,4.2000,4.1800,4.1900,663400,2779152.0000,3
2025-09-09,20250909140000000,sz.002418,4.2000,4.2100,4.1800,4.1800,1144300,4798832.0000,3
2025-09-09,20250909140500000,sz.002418,4.1800,4.1900,4.1700,4.1900,1413700,5907056.0000,3
2025-09-09,20250909141000000,sz.002418,4.1800,4.1900,4.1800,4.1800,438800,1838144.0000,3
2025-09-09,20250909141500000,sz.002418,4.1900,4.2000,4.1900,4.1900,498800,2090784.0000,3
2025-09-09,20250909142000000,sz.002418,4.1900,4.2000,4.1900,4.2000,398900,1673888.0000,3
2025-09-09,20250909142500000,sz.002418,4.1900,4.2000,4.1800,4.1900,568000,2379696.0000,3
2025-09-09,20250909143000000,sz.002418,4.1900,4.1900,4.1800,4.1800,325300,1360224.0000,3
2025-09-09,20250909143500000,sz.002418,4.1900,4.1900,4.1700,4.1800,980900,4098800.0000,3
2025-09-09,20250909144000000,sz.002418,4.1800,4.1900,4.1700,4.1800,991200,4141216.0000,3
2025-09-09,20250909144500000,sz.002418,4.1800,4.1900,4.1800,4.1800,422600,1767328.0000,3
2025-09-09,20250909145000000,sz.002418,4.1900,4.1900,4.1700,4.1800,940300,3930016.0000,3
2025-09-09,20250909145500000,sz.002418,4.1800,4.1800,4.1700,4.1800,1209400,5048448.0000,3
2025-09-09,20250909150000000,sz.002418,4.1800,4.1900,4.1700,4.1800,1390800,5813360.0000,3
2025-09-10,20250910093500000,sz.002418,4.1600,4.2100,4.1600,4.1900,1294700,5423830.0000,3
2025-09-10,20250910094000000,sz.002418,4.1900,4.2300,4.1800,4.2200,2042600,8586793.0000,3
2025-09-10,20250910094500000,sz.002418,4.2300,4.2300,4.2100,4.2100,1555900,6572265.0000,3
2025-09-10,20250910095000000,sz.002418,4.2300,4.2400,4.2100,4.2400,1701900,7194656.0000,3
2025-09-10,20250910095500000,sz.002418,4.2300,4.2400,4.2200,4.2200,940900,3980556.0000,3
2025-09-10,20250910100000000,sz.002418,4.2200,4.2400,4.2200,4.2200,1606700,6795868.0000,3
2025-09-10,20250910100500000,sz.002418,4.2200,4.2300,4.2100,4.2100,1382100,5832148.0000,3
2025-09-10,20250910101000000,sz.002418,4.2100,4.2200,4.2000,4.2100,633300,2665016.0000,3
2025-09-10,20250910101500000,sz.002418,4.2100,4.2100,4.2000,4.2000,156000,655988.0000,3
2025-09-10,20250910102000000,sz.002418,4.2100,4.2100,4.1800,4.1900,1231500,5163720.0000,3
2025-09-10,20250910102500000,sz.002418,4.1900,4.2000,4.1800,4.1900,602000,2522972.0000,3
2025-09-10,20250910103000000,sz.002418,4.1900,4.2000,4.1800,4.1800,374600,1568720.0000,3
2025-09-10,20250910103500000,sz.002418,4.1800,4.1900,4.1800,4.1800,1000200,4181420.0000,3
2025-09-10,20250910104000000,sz.002418,4.1800,4.2000,4.1700,4.1800,1012000,4232768.0000,3
2025-09-10,20250910104500000,sz.002418,4.1800,4.1900,4.1700,4.1700,735800,3070296.0000,3
2025-09-10,20250910105000000,sz.002418,4.1700,4.1800,4.1700,4.1800,719300,3000240.0000,3
2025-09-10,20250910105500000,sz.002418,4.1800,4.1900,4.1700,4.1900,698800,2921016.0000,3
2025-09-10,20250910110000000,sz.002418,4.1900,4.1900,4.1700,4.1700,294700,1231264.0000,3
2025-09-10,20250910110500000,sz.002418,4.1700,4.1900,4.1700,4.1900,477000,1991960.0000,3
2025-09-10,20250910111000000,sz.002418,4.1900,4.1900,4.1800,4.1800,207600,868456.0000,3
2025-09-10,20250910111500000,sz.002418,4.1900,4.2000,4.1800,4.1900,623100,2608168.0000,3
2025-09-10,20250910112000000,sz.002418,4.1900,4.2000,4.1800,4.1900,369000,1546632.0000,3
2025-09-10,20250910112500000,sz.002418,4.1900,4.2000,4.1900,4.1900,93500,392112.0000,3
2025-09-10,20250910113000000,sz.002418,4.1900,4.2000,4.1800,4.1800,184600,773240.0000,3
2025-09-10,20250910130500000,sz.002418,4.1900,4.2000,4.1800,4.1800,704300,2949112.0000,3
2025-09-10,20250910131000000,sz.002418,4.1900,4.2000,4.1800,4.1900,275700,1156696.0000,3
2025-09-10,20250910131500000,sz.002418,4.1900,4.2000,4.1800,4.1800,798200,3343176.0000,3
2025-09-10,20250910132000000,sz.002418,4.1800,4.2000,4.1800,4.1800,284700,1192744.0000,3
2025-09-10,20250910132500000,sz.002418,4.1900,4.1900,4.1800,4.1800,250600,1048360.0000,3
2025-09-10,20250910133000000,sz.002418,4.1800,4.1900,4.1800,4.1800,415900,1738888.0000,3
2025-09-10,20250910133500000,sz.002418,4.1800,4.1900,4.1800,4.1800,309500,1294176.0000,3
2025-09-10,20250910134000000,sz.002418,4.1800,4.1900,4.1800,4.1800,171000,715160.0000,3
2025-09-10,20250910134500000,sz.002418,4.1800,4.2000,4.1800,4.1900,622400,2607600.0000,3
2025-09-10,20250910135000000,sz.002418,4.1800,4.1900,4.1800,4.1800,245000,1025976.0000,3
2025-09-10,20250910135500000,sz.002418,4.1900,4.1900,4.1800,4.1900,467200,1953128.0000,3
2025-09-10,20250910140000000,sz.002418,4.1800,4.1900,4.1800,4.1900,90000,376872.0000,3
2025-09-10,20250910140500000,sz.002418,4.1900,4.1900,4.1800,4.1900,848900,3555864.0000,3
2025-09-10,20250910141000000,sz.002418,4.1900,4.2000,4.1900,4.1900,315000,1320168.0000,3
2025-09-10,20250910141500000,sz.002418,4.1800,4.1900,4.1800,4.1900,464000,1943120.0000,3
2025-09-10,20250910142000000,sz.002418,4.1800,4.1900,4.1800,4.1800,139400,583272.0000,3
2025-09-10,20250910142500000,sz.002418,4.1800,4.1900,4.1800,4.1800,184100,769968.0000,3
2025-09-10,20250910143000000,sz.002418,4.1800,4.1900,4.1800,4.1900,233500,976672.0000,3
2025-09-10,20250910143500000,sz.002418,4.1900,4.1900,4.1700,4.1900,1416800,5922240.0000,3
2025-09-10,20250910144000000,sz.002418,4.1800,4.1800,4.1700,4.1800,602700,2518144.0000,3
2025-09-10,20250910144500000,sz.002418,4.1800,4.1900,4.1700,4.1800,591300,2471184.0000,3
2025-09-10,20250910145000000,sz.002418,4.1800,4.1900,4.1800,4.1900,260000,1088008.0000,3
2025-09-10,20250910145500000,sz.002418,4.1800,4.1900,4.1800,4.1800,1375300,5751672.0000,3
2025-09-10,20250910150000000,sz.002418,4.1800,4.1900,4.1800,4.1900,1724500,7220960.0000,3
2025-09-11,20250911093500000,sz.002418,4.3300,4.3300,4.2100,4.2300,12854700,54960504.0000,3
2025-09-11,20250911094000000,sz.002418,4.2300,4.2300,4.2000,4.2200,4304700,18129536.0000,3
2025-09-11,20250911094500000,sz.002418,4.2200,4.2600,4.2000,4.2600,4762000,20130528.0000,3
2025-09-11,20250911095000000,sz.002418,4.2600,4.3200,4.2600,4.3000,10330400,44307144.0000,3
2025-09-11,20250911095500000,sz.002418,4.3000,4.3000,4.2600,4.2600,2741600,11717440.0000,3
2025-09-11,20250911100000000,sz.002418,4.2500,4.2600,4.2400,4.2600,1718500,7305184.0000,3
2025-09-11,20250911100500000,sz.002418,4.2500,4.2900,4.2500,4.2800,3601100,15400944.0000,3
2025-09-11,20250911101000000,sz.002418,4.2700,4.2900,4.2700,4.2800,1034400,4427312.0000,3
2025-09-11,20250911101500000,sz.002418,4.2800,4.2800,4.2700,4.2800,540000,2310096.0000,3
2025-09-11,20250911102000000,sz.002418,4.2700,4.3100,4.2700,4.2900,3810300,16351328.0000,3
2025-09-11,20250911102500000,sz.002418,4.2900,4.3000,4.2800,4.3000,2089200,8970624.0000,3
2025-09-11,20250911103000000,sz.002418,4.3000,4.4000,4.2900,4.3600,13858000,60327968.0000,3
2025-09-11,20250911103500000,sz.002418,4.3700,4.3700,4.3300,4.3500,4516200,19641744.0000,3
2025-09-11,20250911104000000,sz.002418,4.3600,4.3700,4.3400,4.3600,2865900,12487488.0000,3
2025-09-11,20250911104500000,sz.002418,4.3600,4.3600,4.3400,4.3500,1490500,6485024.0000,3
2025-09-11,20250911105000000,sz.002418,4.3500,4.3500,4.3300,4.3400,1320200,5727296.0000,3
2025-09-11,20250911105500000,sz.002418,4.3400,4.3700,4.3300,4.3600,3036700,13227456.0000,3
2025-09-11,20250911110000000,sz.002418,4.3700,4.3800,4.3600,4.3600,1645400,7190080.0000,3
2025-09-11,20250911110500000,sz.002418,4.3700,4.3700,4.3500,4.3500,1132800,4938432.0000,3
2025-09-11,20250911111000000,sz.002418,4.3600,4.3600,4.3500,4.3600,725800,3161472.0000,3
2025-09-11,20250911111500000,sz.002418,4.3500,4.3600,4.3500,4.3600,583600,2540448.0000,3
2025-09-11,20250911112000000,sz.002418,4.3500,4.3600,4.3400,4.3600,1538600,6695648.0000,3
2025-09-11,20250911112500000,sz.002418,4.3500,4.4500,4.3500,4.4400,12031900,53013312.0000,3
2025-09-11,20250911113000000,sz.002418,4.4400,4.4500,4.4200,4.4300,3360100,14895648.0000,3
2025-09-11,20250911130500000,sz.002418,4.4300,4.4300,4.3800,4.3800,2789900,12296320.0000,3
2025-09-11,20250911131000000,sz.002418,4.3800,4.3900,4.3700,4.3800,1643400,7200960.0000,3
2025-09-11,20250911131500000,sz.002418,4.3800,4.4000,4.3700,4.3900,1510400,6621824.0000,3
2025-09-11,20250911132000000,sz.002418,4.4000,4.4000,4.3800,4.3900,1665100,7317216.0000,3
2025-09-11,20250911132500000,sz.002418,4.3900,4.3900,4.3800,4.3900,767900,3369440.0000,3
2025-09-11,20250911133000000,sz.002418,4.3900,4.4000,4.3800,4.3900,1329300,5842592.0000,3
2025-09-11,20250911133500000,sz.002418,4.4000,4.4000,4.3800,4.3900,1187300,5213088.0000,3
2025-09-11,20250911134000000,sz.002418,4.3900,4.3900,4.3800,4.3800,712600,3125184.0000,3
2025-09-11,20250911134500000,sz.002418,4.3900,4.3900,4.3600,4.3600,2073900,9078176.0000,3
2025-09-11,20250911135000000,sz.002418,4.3700,4.3800,4.3600,4.3800,1042400,4553088.0000,3
2025-09-11,20250911135500000,sz.002418,4.3800,4.3800,4.3700,4.3800,296500,1297632.0000,3
2025-09-11,20250911140000000,sz.002418,4.3800,4.3800,4.3700,4.3800,676700,2960480.0000,3
2025-09-11,20250911140500000,sz.002418,4.3800,4.3800,4.3700,4.3700,499400,2185216.0000,3
2025-09-11,20250911141000000,sz.002418,4.3800,4.3800,4.3600,4.3700,1155200,5044896.0000,3
2025-09-11,20250911141500000,sz.002418,4.3600,4.3700,4.3600,4.3700,573300,2503680.0000,3
2025-09-11,20250911142000000,sz.002418,4.3600,4.3800,4.3600,4.3800,1126000,4918976.0000,3
2025-09-11,20250911142500000,sz.002418,4.3800,4.3800,4.3700,4.3700,661600,2895744.0000,3
2025-09-11,20250911143000000,sz.002418,4.3800,4.3800,4.3600,4.3700,1659200,7253376.0000,3
2025-09-11,20250911143500000,sz.002418,4.3700,4.3800,4.3600,4.3700,1087100,4749856.0000,3
2025-09-11,20250911144000000,sz.002418,4.3700,4.3800,4.3600,4.3800,1322900,5785184.0000,3
2025-09-11,20250911144500000,sz.002418,4.3800,4.3800,4.3700,4.3800,1079700,4726912.0000,3
2025-09-11,20250911145000000,sz.002418,4.3800,4.3800,4.3700,4.3700,2299500,10066080.0000,3
2025-09-11,20250911145500000,sz.002418,4.3800,4.3900,4.3800,4.3900,3823300,16767836.0000,3
2025-09-11,20250911150000000,sz.002418,4.3900,4.3900,4.3800,4.3900,3126300,13717564.0000,3
2025-09-12,20250912093500000,sz.002418,4.3200,4.3200,4.2800,4.3000,12913100,55616352.0000,3
2025-09-12,20250912094000000,sz.002418,4.3000,4.3500,4.3000,4.3300,4935900,21331648.0000,3
2025-09-12,20250912094500000,sz.002418,4.3300,4.3400,4.3200,4.3300,3438200,14878288.0000,3
2025-09-12,20250912095000000,sz.002418,4.3200,4.3300,4.2900,4.2900,4794000,20648160.0000,3
2025-09-12,20250912095500000,sz.002418,4.2900,4.3000,4.2800,4.2900,4046200,17349496.0000,3
2025-09-12,20250912100000000,sz.002418,4.2900,4.3100,4.2900,4.3000,2139400,9199368.0000,3
2025-09-12,20250912100500000,sz.002418,4.2900,4.3000,4.2900,4.3000,1434100,6156656.0000,3
2025-09-12,20250912101000000,sz.002418,4.2900,4.3000,4.2800,4.2900,2962500,12710912.0000,3
2025-09-12,20250912101500000,sz.002418,4.2900,4.3000,4.2900,4.2900,1260600,5409984.0000,3
2025-09-12,20250912102000000,sz.002418,4.2900,4.3100,4.2900,4.3000,2650700,11406096.0000,3
2025-09-12,20250912102500000,sz.002418,4.3100,4.3200,4.3000,4.3200,923300,3984464.0000,3
2025-09-12,20250912103000000,sz.002418,4.3100,4.3300,4.3100,4.3200,2081500,9005152.0000,3
2025-09-12,20250912103500000,sz.002418,4.3200,4.3300,4.3200,4.3200,2653200,11465248.0000,3
2025-09-12,20250912104000000,sz.002418,4.3200,4.3300,4.3100,4.3200,1160300,5011168.0000,3
2025-09-12,20250912104500000,sz.002418,4.3100,4.3200,4.3100,4.3100,1702900,7337744.0000,3
2025-09-12,20250912105000000,sz.002418,4.3100,4.3100,4.3000,4.3100,1003200,4314816.0000,3
2025-09-12,20250912105500000,sz.002418,4.3100,4.3100,4.2900,4.3000,1247100,5360928.0000,3
2025-09-12,20250912110000000,sz.002418,4.2900,4.3000,4.2800,4.2800,2873100,12320336.0000,3
2025-09-12,20250912110500000,sz.002418,4.2800,4.2800,4.2600,4.2700,4426500,18917488.0000,3
2025-09-12,20250912111000000,sz.002418,4.2700,4.2900,4.2700,4.2900,1856800,7939328.0000,3
2025-09-12,20250912111500000,sz.002418,4.2800,4.2900,4.2800,4.2800,395500,1694864.0000,3
2025-09-12,20250912112000000,sz.002418,4.2800,4.2900,4.2800,4.2900,404800,1734528.0000,3
2025-09-12,20250912112500000,sz.002418,4.2900,4.2900,4.2800,4.2800,456600,1955840.0000,3
2025-09-12,20250912113000000,sz.002418,4.2900,4.2900,4.2800,4.2900,664400,2844768.0000,3
2025-09-12,20250912130500000,sz.002418,4.2800,4.2900,4.2800,4.2900,1823300,7807648.0000,3
2025-09-12,20250912131000000,sz.002418,4.2800,4.2900,4.2800,4.2900,440500,1886048.0000,3
2025-09-12,20250912131500000,sz.002418,4.2800,4.2900,4.2700,4.2800,1296300,5548448.0000,3
2025-09-12,20250912132000000,sz.002418,4.2800,4.2900,4.2800,4.2800,423300,1812384.0000,3
2025-09-12,20250912132500000,sz.002418,4.2900,4.2900,4.2700,4.2700,995400,4259104.0000,3
2025-09-12,20250912133000000,sz.002418,4.2700,4.2900,4.2700,4.2900,1203100,5148640.0000,3
2025-09-12,20250912133500000,sz.002418,4.2900,4.2900,4.2800,4.2900,658200,2820448.0000,3
2025-09-12,20250912134000000,sz.002418,4.2800,4.2900,4.2800,4.2900,677100,2900640.0000,3
2025-09-12,20250912134500000,sz.002418,4.2800,4.3000,4.2800,4.2800,1082300,4640512.0000,3
2025-09-12,20250912135000000,sz.002418,4.2800,4.3000,4.2800,4.2900,915300,3925856.0000,3
2025-09-12,20250912135500000,sz.002418,4.2800,4.3100,4.2800,4.3100,1274200,5473952.0000,3
2025-09-12,20250912140000000,sz.002418,4.3000,4.3100,4.2900,4.2900,1441100,6199328.0000,3
2025-09-12,20250912140500000,sz.002418,4.2900,4.3000,4.2800,4.2900,861200,3693920.0000,3
2025-09-12,20250912141000000,sz.002418,4.2900,4.3000,4.2800,4.2900,700700,3005408.0000,3
2025-09-12,20250912141500000,sz.002418,4.2800,4.2900,4.2800,4.2800,364500,1561504.0000,3
2025-09-12,20250912142000000,sz.002418,4.2800,4.2900,4.2800,4.2900,573800,2459360.0000,3
2025-09-12,20250912142500000,sz.002418,4.2800,4.2900,4.2800,4.2800,419300,1796128.0000,3
2025-09-12,20250912143000000,sz.002418,4.2800,4.2900,4.2800,4.2800,445500,1908448.0000,3
2025-09-12,20250912143500000,sz.002418,4.2800,4.2900,4.2800,4.2900,1082200,4640928.0000,3
2025-09-12,20250912144000000,sz.002418,4.2900,4.2900,4.2800,4.2900,463800,1988544.0000,3
2025-09-12,20250912144500000,sz.002418,4.2800,4.2900,4.2800,4.2800,878200,3761536.0000,3
2025-09-12,20250912145000000,sz.002418,4.2800,4.2900,4.2800,4.2900,1100300,4712512.0000,3
2025-09-12,20250912145500000,sz.002418,4.2800,4.2900,4.2800,4.2800,3104300,13309120.0000,3
2025-09-12,20250912150000000,sz.002418,4.2800,4.2900,4.2800,4.2900,2229900,9563200.0000,3
2025-09-15,20250915093500000,sz.002418,4.2800,4.2800,4.2200,4.2600,4174800,17734276.0000,3
2025-09-15,20250915094000000,sz.002418,4.2600,4.2700,4.2500,4.2500,2408700,10258070.0000,3
2025-09-15,20250915094500000,sz.002418,4.2400,4.2500,4.2200,4.2300,2844900,12043974.0000,3
2025-09-15,20250915095000000,sz.002418,4.2300,4.2600,4.2200,4.2400,2225200,9436752.0000,3
2025-09-15,20250915095500000,sz.002418,4.2400,4.2900,4.2400,4.2900,1277900,5456828.0000,3
2025-09-15,20250915100000000,sz.002418,4.2900,4.2900,4.2600,4.2700,1299800,5557356.0000,3
2025-09-15,20250915100500000,sz.002418,4.2600,4.2700,4.2500,4.2500,1114600,4750624.0000,3
2025-09-15,20250915101000000,sz.002418,4.2600,4.2600,4.2400,4.2400,1163200,4947712.0000,3
2025-09-15,20250915101500000,sz.002418,4.2500,4.2600,4.2400,4.2500,760500,3231472.0000,3
2025-09-15,20250915102000000,sz.002418,4.2400,4.2500,4.2400,4.2400,386500,1639272.0000,3
2025-09-15,20250915102500000,sz.002418,4.2400,4.2500,4.2300,4.2400,1775900,7528104.0000,3
2025-09-15,20250915103000000,sz.002418,4.2300,4.2500,4.2300,4.2500,556200,2358464.0000,3
2025-09-15,20250915103500000,sz.002418,4.2500,4.2500,4.2400,4.2400,530900,2252912.0000,3
2025-09-15,20250915104000000,sz.002418,4.2400,4.2600,4.2400,4.2500,935400,3977952.0000,3
2025-09-15,20250915104500000,sz.002418,4.2600,4.2600,4.2400,4.2500,1050200,4463592.0000,3
2025-09-15,20250915105000000,sz.002418,4.2600,4.2600,4.2500,4.2600,282000,1198840.0000,3
2025-09-15,20250915105500000,sz.002418,4.2600,4.2600,4.2400,4.2400,785700,3338352.0000,3
2025-09-15,20250915110000000,sz.002418,4.2500,4.2500,4.2400,4.2400,286900,1216848.0000,3
2025-09-15,20250915110500000,sz.002418,4.2400,4.2500,4.2400,4.2500,187700,796400.0000,3
2025-09-15,20250915111000000,sz.002418,4.2400,4.2500,4.2400,4.2400,250900,1064776.0000,3
2025-09-15,20250915111500000,sz.002418,4.2500,4.2500,4.2400,4.2400,370900,1573384.0000,3
2025-09-15,20250915112000000,sz.002418,4.2400,4.2500,4.2400,4.2400,328900,1394840.0000,3
2025-09-15,20250915112500000,sz.002418,4.2400,4.2500,4.2300,4.2400,1282600,5437384.0000,3
2025-09-15,20250915113000000,sz.002418,4.2400,4.2500,4.2400,4.2400,204100,865696.0000,3
2025-09-15,20250915130500000,sz.002418,4.2400,4.2600,4.2400,4.2600,1398000,5943752.0000,3
2025-09-15,20250915131000000,sz.002418,4.2500,4.2700,4.2500,4.2600,753200,3206616.0000,3
2025-09-15,20250915131500000,sz.002418,4.2700,4.2900,4.2600,4.2900,1323100,5657848.0000,3
2025-09-15,20250915132000000,sz.002418,4.2900,4.2900,4.2700,4.2700,867900,3712984.0000,3
2025-09-15,20250915132500000,sz.002418,4.2700,4.2900,4.2700,4.2800,807300,3455560.0000,3
2025-09-15,20250915133000000,sz.002418,4.2800,4.2900,4.2700,4.2700,574500,2456608.0000,3
2025-09-15,20250915133500000,sz.002418,4.2700,4.2800,4.2700,4.2800,1310800,5602320.0000,3
2025-09-15,20250915134000000,sz.002418,4.2800,4.3200,4.2700,4.3000,5380200,23153440.0000,3
2025-09-15,20250915134500000,sz.002418,4.3000,4.3100,4.3000,4.3100,1443500,6217920.0000,3
2025-09-15,20250915135000000,sz.002418,4.3100,4.3200,4.3000,4.3100,686300,2957728.0000,3
2025-09-15,20250915135500000,sz.002418,4.3100,4.3200,4.3000,4.3200,1078100,4651520.0000,3
2025-09-15,20250915140000000,sz.002418,4.3200,4.3200,4.3100,4.3100,1018600,4391792.0000,3
2025-09-15,20250915140500000,sz.002418,4.3100,4.3100,4.2900,4.2900,1358300,5838928.0000,3
2025-09-15,20250915141000000,sz.002418,4.2800,4.3000,4.2800,4.2900,745700,3199136.0000,3
2025-09-15,20250915141500000,sz.002418,4.2900,4.3000,4.2800,4.2800,310800,1331888.0000,3
2025-09-15,20250915142000000,sz.002418,4.2900,4.3100,4.2800,4.3100,1091000,4685088.0000,3
2025-09-15,20250915142500000,sz.002418,4.3100,4.7200,4.3000,4.7200,62839700,290002816.0000,3
2025-09-15,20250915143000000,sz.002418,4.7200,4.7200,4.7200,4.7200,14569200,68766656.0000,3
2025-09-15,20250915143500000,sz.002418,4.7200,4.7200,4.7200,4.7200,14012200,66137536.0000,3
2025-09-15,20250915144000000,sz.002418,4.7200,4.7200,4.7200,4.7200,2967000,14004288.0000,3
2025-09-15,20250915144500000,sz.002418,4.7200,4.7200,4.7200,4.7200,3197800,15093568.0000,3
2025-09-15,20250915145000000,sz.002418,4.7200,4.7200,4.6700,4.6700,9016400,42542976.0000,3
2025-09-15,20250915145500000,sz.002418,4.6800,4.7200,4.6300,4.7200,30328600,142107776.0000,3
2025-09-15,20250915150000000,sz.002418,4.7200,4.7200,4.7200,4.7200,6715600,31697664.0000,3
2025-09-16,20250916093500000,sz.002418,4.8000,4.8500,4.6500,4.7000,52217100,248306592.0000,3
2025-09-16,20250916094000000,sz.002418,4.7000,4.7800,4.6800,4.7000,17485300,82570624.0000,3
2025-09-16,20250916094500000,sz.002418,4.7200,4.7200,4.6500,4.6900,12202500,57238272.0000,3
2025-09-16,20250916095000000,sz.002418,4.6800,4.9000,4.6800,4.9000,29890200,143169728.0000,3
2025-09-16,20250916095500000,sz.002418,4.9300,4.9300,4.7900,4.8000,30784300,149680224.0000,3
2025-09-16,20250916100000000,sz.002418,4.8000,4.8400,4.7700,4.7900,10139000,48655622.0000,3
2025-09-16,20250916100500000,sz.002418,4.7900,4.8400,4.7500,4.8000,10943000,52455100.0000,3
2025-09-16,20250916101000000,sz.002418,4.8000,4.8100,4.7800,4.7900,5212500,24983749.0000,3
2025-09-16,20250916101500000,sz.002418,4.7900,4.8000,4.7300,4.7300,6508200,30953009.0000,3
2025-09-16,20250916102000000,sz.002418,4.7300,4.7500,4.7200,4.7300,4339400,20549642.0000,3
2025-09-16,20250916102500000,sz.002418,4.7400,4.7700,4.7300,4.7600,2657700,12621111.0000,3
2025-09-16,20250916103000000,sz.002418,4.7600,4.7800,4.7500,4.7800,2480400,11816843.0000,3
2025-09-16,20250916103500000,sz.002418,4.7800,4.7900,4.7100,4.7300,4736900,22503170.0000,3
2025-09-16,20250916104000000,sz.002418,4.7300,4.7400,4.7200,4.7300,2872300,13572730.0000,3
2025-09-16,20250916104500000,sz.002418,4.7200,4.7600,4.7200,4.7500,2528100,11990657.0000,3
2025-09-16,20250916105000000,sz.002418,4.7500,4.7500,4.7300,4.7500,3013100,14286206.0000,3
2025-09-16,20250916105500000,sz.002418,4.7400,4.7600,4.7300,4.7300,2710600,12861127.0000,3
2025-09-16,20250916110000000,sz.002418,4.7300,4.7600,4.7300,4.7500,3018000,14303034.0000,3
2025-09-16,20250916110500000,sz.002418,4.7400,4.7500,4.7200,4.7300,3502100,16578112.0000,3
2025-09-16,20250916111000000,sz.002418,4.7300,4.7400,4.7200,4.7200,1705800,8068864.0000,3
2025-09-16,20250916111500000,sz.002418,4.7300,4.7400,4.7200,4.7400,1086200,5141190.0000,3
2025-09-16,20250916112000000,sz.002418,4.7300,4.7400,4.7200,4.7300,1433200,6778810.0000,3
2025-09-16,20250916112500000,sz.002418,4.7300,4.7500,4.7300,4.7400,1159500,5500347.0000,3
2025-09-16,20250916113000000,sz.002418,4.7500,4.7700,4.7400,4.7600,1767600,8410825.0000,3
2025-09-16,20250916130500000,sz.002418,4.7600,4.7900,4.7500,4.7600,3395700,16182266.0000,3
2025-09-16,20250916131000000,sz.002418,4.7600,4.7800,4.7500,4.7700,1507200,7195072.0000,3
2025-09-16,20250916131500000,sz.002418,4.7700,4.7700,4.7600,4.7700,1333400,6355906.0000,3
2025-09-16,20250916132000000,sz.002418,4.7600,4.7700,4.7400,4.7600,3250200,15451012.0000,3
2025-09-16,20250916132500000,sz.002418,4.7600,4.7700,4.7400,4.7500,1795900,8537464.0000,3
2025-09-16,20250916133000000,sz.002418,4.7500,4.7700,4.7500,4.7600,1412700,6725765.0000,3
2025-09-16,20250916133500000,sz.002418,4.7500,4.7700,4.7500,4.7700,1447300,6891907.0000,3
2025-09-16,20250916134000000,sz.002418,4.7700,4.7800,4.7600,4.7800,1578000,7526017.0000,3
2025-09-16,20250916134500000,sz.002418,4.7800,4.7800,4.7600,4.7700,1475000,7041528.0000,3
2025-09-16,20250916135000000,sz.002418,4.7700,4.7800,4.7600,4.7800,789100,3765385.0000,3
2025-09-16,20250916135500000,sz.002418,4.7700,4.7900,4.7700,4.7800,1455200,6954366.0000,3
2025-09-16,20250916140000000,sz.002418,4.7800,4.7800,4.7700,4.7700,1087600,5195380.0000,3
2025-09-16,20250916140500000,sz.002418,4.7700,4.7900,4.7700,4.7900,1326000,6344708.0000,3
2025-09-16,20250916141000000,sz.002418,4.7900,4.7900,4.7700,4.7700,1594500,7623045.0000,3
2025-09-16,20250916141500000,sz.002418,4.7700,4.7800,4.7700,4.7700,843300,4026243.0000,3
2025-09-16,20250916142000000,sz.002418,4.7700,4.7900,4.7700,4.7900,2413500,11531523.0000,3
2025-09-16,20250916142500000,sz.002418,4.7900,4.7900,4.7700,4.7700,1490500,7122557.0000,3
2025-09-16,20250916143000000,sz.002418,4.7800,4.7800,4.7500,4.7500,3317400,15812606.0000,3
2025-09-16,20250916143500000,sz.002418,4.7500,4.7700,4.7500,4.7600,3944500,18770806.0000,3
2025-09-16,20250916144000000,sz.002418,4.7600,4.7600,4.7500,4.7600,1366200,6494988.0000,3
2025-09-16,20250916144500000,sz.002418,4.7600,4.7600,4.7500,4.7600,6347800,30174978.0000,3
2025-09-16,20250916145000000,sz.002418,4.7600,4.7800,4.7500,4.7700,4318100,20577908.0000,3
2025-09-16,20250916145500000,sz.002418,4.7800,4.7800,4.7700,4.7800,4806300,22958468.0000,3
2025-09-16,20250916150000000,sz.002418,4.7800,4.7900,4.7800,4.7900,4834700,23145473.0000,3
2025-09-17,20250917093500000,sz.002418,4.7400,4.8300,4.7300,4.7400,25843100,123032768.0000,3
2025-09-17,20250917094000000,sz.002418,4.7500,4.8200,4.7300,4.8000,12112400,57520192.0000,3
2025-09-17,20250917094500000,sz.002418,4.8200,4.8600,4.8100,4.8100,14565700,70490496.0000,3
2025-09-17,20250917095000000,sz.002418,4.8000,4.8400,4.7800,4.8100,7041000,33801152.0000,3
2025-09-17,20250917095500000,sz.002418,4.8200,4.9700,4.8200,4.9100,25879100,127202976.0000,3
2025-09-17,20250917100000000,sz.002418,4.9200,4.9500,4.9200,4.9200,8543700,42120224.0000,3
2025-09-17,20250917100500000,sz.002418,4.9200,4.9900,4.9100,4.9800,8837400,43650752.0000,3
2025-09-17,20250917101000000,sz.002418,4.9800,4.9800,4.9300,4.9500,8280900,40984640.0000,3
2025-09-17,20250917101500000,sz.002418,4.9400,5.0200,4.9000,4.9800,11525800,57227008.0000,3
2025-09-17,20250917102000000,sz.002418,4.9800,4.9800,4.9400,4.9400,6397000,31711424.0000,3
2025-09-17,20250917102500000,sz.002418,4.9500,4.9500,4.9200,4.9300,3836300,18929467.0000,3
2025-09-17,20250917103000000,sz.002418,4.9200,4.9200,4.8700,4.8900,6894800,33750341.0000,3
2025-09-17,20250917103500000,sz.002418,4.8800,4.9100,4.8800,4.8900,2679800,13124606.0000,3
2025-09-17,20250917104000000,sz.002418,4.8900,4.9100,4.8800,4.9000,2406100,11783354.0000,3
2025-09-17,20250917104500000,sz.002418,4.9000,4.9100,4.8600,4.8600,3432400,16754753.0000,3
2025-09-17,20250917105000000,sz.002418,4.8600,4.8800,4.8500,4.8800,2358700,11481984.0000,3
2025-09-17,20250917105500000,sz.002418,4.8800,4.8800,4.8500,4.8600,2061100,10021887.0000,3
2025-09-17,20250917110000000,sz.002418,4.8500,4.8800,4.8500,4.8700,2162800,10503246.0000,3
2025-09-17,20250917110500000,sz.002418,4.8700,4.8700,4.8600,4.8600,972400,4729080.0000,3
2025-09-17,20250917111000000,sz.002418,4.8600,4.8900,4.8600,4.8700,1661900,8106050.0000,3
2025-09-17,20250917111500000,sz.002418,4.8800,4.8800,4.8700,4.8800,1089700,5311992.0000,3
2025-09-17,20250917112000000,sz.002418,4.8800,4.9100,4.8800,4.8900,1433000,7014472.0000,3
2025-09-17,20250917112500000,sz.002418,4.8900,4.9000,4.8800,4.8800,1162500,5686083.0000,3
2025-09-17,20250917113000000,sz.002418,4.8800,4.8900,4.8700,4.8800,1369400,6674168.0000,3
2025-09-17,20250917130500000,sz.002418,4.8800,4.8900,4.8600,4.8700,2181100,10638526.0000,3
2025-09-17,20250917131000000,sz.002418,4.8700,4.8700,4.8400,4.8400,2671700,12958606.0000,3
2025-09-17,20250917131500000,sz.002418,4.8400,4.8600,4.8300,4.8300,1993700,9647349.0000,3
2025-09-17,20250917132000000,sz.002418,4.8300,4.8400,4.8200,4.8400,1793800,8664636.0000,3
2025-09-17,20250917132500000,sz.002418,4.8400,4.8400,4.8300,4.8300,752600,3638091.0000,3
2025-09-17,20250917133000000,sz.002418,4.8300,4.8400,4.8100,4.8100,2209300,10657405.0000,3
2025-09-17,20250917133500000,sz.002418,4.8100,4.8400,4.8100,4.8300,1354700,6536057.0000,3
2025-09-17,20250917134000000,sz.002418,4.8400,4.8400,4.8300,4.8400,1135000,5484677.0000,3
2025-09-17,20250917134500000,sz.002418,4.8400,4.8400,4.8200,4.8400,1397300,6746811.0000,3
2025-09-17,20250917135000000,sz.002418,4.8400,4.8400,4.8200,4.8400,1517300,7333187.0000,3
2025-09-17,20250917135500000,sz.002418,4.8400,4.8400,4.8200,4.8400,1509000,7286528.0000,3
2025-09-17,20250917140000000,sz.002418,4.8400,4.8400,4.8300,4.8400,887600,4291071.0000,3
2025-09-17,20250917140500000,sz.002418,4.8400,4.8400,4.8200,4.8200,1347700,6509633.0000,3
2025-09-17,20250917141000000,sz.002418,4.8300,4.8400,4.8200,4.8400,1634600,7896900.0000,3
2025-09-17,20250917141500000,sz.002418,4.8300,4.8400,4.8300,4.8300,769000,3717572.0000,3
2025-09-17,20250917142000000,sz.002418,4.8300,4.8500,4.8300,4.8500,2214800,10725940.0000,3
2025-09-17,20250917142500000,sz.002418,4.8500,4.8600,4.8400,4.8500,2384600,11555012.0000,3
2025-09-17,20250917143000000,sz.002418,4.8400,4.8500,4.8300,4.8300,2059000,9966333.0000,3
2025-09-17,20250917143500000,sz.002418,4.8400,4.8400,4.8300,4.8400,2067600,9990851.0000,3
2025-09-17,20250917144000000,sz.002418,4.8400,4.8400,4.8100,4.8100,5575100,26863748.0000,3
2025-09-17,20250917144500000,sz.002418,4.8200,4.8400,4.8200,4.8300,3886500,18778116.0000,3
2025-09-17,20250917145000000,sz.002418,4.8400,4.8400,4.8300,4.8300,2384900,11526516.0000,3
2025-09-17,20250917145500000,sz.002418,4.8300,4.8600,4.8300,4.8500,5050400,24473924.0000,3
2025-09-17,20250917150000000,sz.002418,4.8500,4.8700,4.8500,4.8600,5174500,25136258.0000,3
2025-09-18,20250918093500000,sz.002418,4.8100,4.8700,4.7600,4.8200,15379400,73942816.0000,3
2025-09-18,20250918094000000,sz.002418,4.8200,4.8700,4.7900,4.8700,9505600,45936832.0000,3
2025-09-18,20250918094500000,sz.002418,4.8700,4.8700,4.7900,4.7900,6110400,29498688.0000,3
2025-09-18,20250918095000000,sz.002418,4.8000,4.8300,4.7900,4.8200,8393600,40285616.0000,3
2025-09-18,20250918095500000,sz.002418,4.8300,4.8700,4.8200,4.8400,5306700,25727936.0000,3
2025-09-18,20250918100000000,sz.002418,4.8500,4.8800,4.8300,4.8800,5601800,27210544.0000,3
2025-09-18,20250918100500000,sz.002418,4.8800,4.9100,4.8600,4.8800,6662400,32544576.0000,3
2025-09-18,20250918101000000,sz.002418,4.8700,4.8900,4.8500,4.8800,4561100,22212864.0000,3
2025-09-18,20250918101500000,sz.002418,4.8900,4.9000,4.8700,4.9000,2997900,14656704.0000,3
2025-09-18,20250918102000000,sz.002418,4.9000,4.9000,4.8600,4.8700,3460200,16902048.0000,3
2025-09-18,20250918102500000,sz.002418,4.8600,4.8700,4.8600,4.8700,3221800,15665952.0000,3
2025-09-18,20250918103000000,sz.002418,4.8700,4.8800,4.8500,4.8600,2851200,13863200.0000,3
2025-09-18,20250918103500000,sz.002418,4.8500,4.8900,4.8500,4.8900,4693000,22893600.0000,3
2025-09-18,20250918104000000,sz.002418,4.8900,4.8900,4.8700,4.8800,2971600,14494240.0000,3
2025-09-18,20250918104500000,sz.002418,4.8700,4.8900,4.8700,4.8800,1361800,6649760.0000,3
2025-09-18,20250918105000000,sz.002418,4.8800,4.9000,4.8800,4.8900,3056800,14944064.0000,3
2025-09-18,20250918105500000,sz.002418,4.8900,4.9000,4.8800,4.8800,1856200,9076096.0000,3
2025-09-18,20250918110000000,sz.002418,4.8900,4.8900,4.8700,4.8700,2754700,13434048.0000,3
2025-09-18,20250918110500000,sz.002418,4.8700,4.8900,4.8700,4.8800,2401600,11716448.0000,3
2025-09-18,20250918111000000,sz.002418,4.8800,4.8900,4.8700,4.8700,1764100,8599936.0000,3
2025-09-18,20250918111500000,sz.002418,4.8700,4.8800,4.8600,4.8800,1746400,8500160.0000,3
2025-09-18,20250918112000000,sz.002418,4.8700,4.8800,4.8700,4.8800,1634800,7969312.0000,3
2025-09-18,20250918112500000,sz.002418,4.8800,4.8900,4.8700,4.8900,1757400,8575776.0000,3
2025-09-18,20250918113000000,sz.002418,4.8900,4.8900,4.8700,4.8800,1384900,6763136.0000,3
2025-09-18,20250918130500000,sz.002418,4.8800,5.0000,4.8800,4.9900,13006200,64313120.0000,3
2025-09-18,20250918131000000,sz.002418,4.9900,5.0000,4.9500,4.9700,4659400,23151680.0000,3
2025-09-18,20250918131500000,sz.002418,4.9700,4.9700,4.9300,4.9500,3001600,14848768.0000,3
2025-09-18,20250918132000000,sz.002418,4.9400,4.9700,4.9300,4.9300,3033400,15020480.0000,3
2025-09-18,20250918132500000,sz.002418,4.9300,4.9300,4.9000,4.9100,2990900,14689020.0000,3
2025-09-18,20250918133000000,sz.002418,4.9000,4.9400,4.8900,4.9300,3359000,16490116.0000,3
2025-09-18,20250918133500000,sz.002418,4.9200,4.9400,4.9000,4.9000,1559300,7673084.0000,3
2025-09-18,20250918134000000,sz.002418,4.9000,4.9200,4.9000,4.9100,1681800,8255236.0000,3
2025-09-18,20250918134500000,sz.002418,4.9100,4.9200,4.9000,4.9100,1955700,9607687.0000,3
2025-09-18,20250918135000000,sz.002418,4.9100,4.9100,4.8800,4.9000,3467000,16973305.0000,3
2025-09-18,20250918135500000,sz.002418,4.9100,4.9100,4.8900,4.9000,1377400,6752762.0000,3
2025-09-18,20250918140000000,sz.002418,4.9000,4.9000,4.8700,4.8800,2550400,12444998.0000,3
2025-09-18,20250918140500000,sz.002418,4.8700,4.8800,4.8600,4.8600,2738900,13332290.0000,3
2025-09-18,20250918141000000,sz.002418,4.8600,4.8700,4.8200,4.8500,4390500,21240388.0000,3
2025-09-18,20250918141500000,sz.002418,4.8500,4.8500,4.8000,4.8400,3767000,18162098.0000,3
2025-09-18,20250918142000000,sz.002418,4.8300,4.8800,4.8200,4.8800,3023600,14659917.0000,3
2025-09-18,20250918142500000,sz.002418,4.8700,4.8700,4.8300,4.8400,1654700,8024247.0000,3
2025-09-18,20250918143000000,sz.002418,4.8400,4.8400,4.8200,4.8200,1702700,8219650.0000,3
2025-09-18,20250918143500000,sz.002418,4.8200,4.8300,4.8000,4.8100,4280800,20610938.0000,3
2025-09-18,20250918144000000,sz.002418,4.8000,4.8100,4.7800,4.7800,4355800,20872776.0000,3
2025-09-18,20250918144500000,sz.002418,4.7900,4.7900,4.7400,4.7900,4623000,22035840.0000,3
2025-09-18,20250918145000000,sz.002418,4.7900,4.8400,4.7900,4.8400,3836000,18432576.0000,3
2025-09-18,20250918145500000,sz.002418,4.8400,4.8600,4.8200,4.8400,4132600,20005509.0000,3
2025-09-18,20250918150000000,sz.002418,4.8500,4.8500,4.8300,4.8300,3571800,17280192.0000,3
2025-09-19,20250919093500000,sz.002418,4.8300,4.9100,4.7700,4.7900,11185800,53929084.0000,3
2025-09-19,20250919094000000,sz.002418,4.8000,4.8200,4.7900,4.7900,4456900,21391804.0000,3
2025-09-19,20250919094500000,sz.002418,4.7900,4.7900,4.7100,4.7300,8324800,39523064.0000,3
2025-09-19,20250919095000000,sz.002418,4.7400,4.7800,4.7400,4.7600,4490800,21379904.0000,3
2025-09-19,20250919095500000,sz.002418,4.7500,4.7900,4.7500,4.7800,3320000,15848416.0000,3
2025-09-19,20250919100000000,sz.002418,4.7700,4.8100,4.7700,4.7700,2989000,14315488.0000,3
2025-09-19,20250919100500000,sz.002418,4.7700,4.8000,4.7400,4.7400,2812000,13394544.0000,3
2025-09-19,20250919101000000,sz.002418,4.7400,4.7500,4.7300,4.7500,2619000,12413504.0000,3
2025-09-19,20250919101500000,sz.002418,4.7400,4.7700,4.7300,4.7500,2758500,13088224.0000,3
2025-09-19,20250919102000000,sz.002418,4.7500,4.7700,4.7500,4.7500,2515400,11940688.0000,3
2025-09-19,20250919102500000,sz.002418,4.7600,4.7700,4.7500,4.7500,1708200,8120000.0000,3
2025-09-19,20250919103000000,sz.002418,4.7400,4.7600,4.7400,4.7500,1506000,7149888.0000,3
2025-09-19,20250919103500000,sz.002418,4.7400,4.7600,4.7300,4.7600,2525300,11984528.0000,3
2025-09-19,20250919104000000,sz.002418,4.7500,4.7600,4.7300,4.7300,1533800,7273136.0000,3
2025-09-19,20250919104500000,sz.002418,4.7300,4.7400,4.7200,4.7200,3687200,17418384.0000,3
2025-09-19,20250919105000000,sz.002418,4.7200,4.7400,4.7100,4.7100,3089000,14591008.0000,3
2025-09-19,20250919105500000,sz.002418,4.7100,4.7300,4.7100,4.7100,3005300,14165952.0000,3
2025-09-19,20250919110000000,sz.002418,4.7200,4.7200,4.6900,4.7000,3490500,16415936.0000,3
2025-09-19,20250919110500000,sz.002418,4.7000,4.7100,4.6900,4.7000,2626000,12346912.0000,3
2025-09-19,20250919111000000,sz.002418,4.7000,4.7300,4.7000,4.7200,1240600,5850464.0000,3
2025-09-19,20250919111500000,sz.002418,4.7200,4.7400,4.7100,4.7200,1249000,5899584.0000,3
2025-09-19,20250919112000000,sz.002418,4.7300,4.7300,4.7100,4.7300,925700,4371264.0000,3
2025-09-19,20250919112500000,sz.002418,4.7200,4.7500,4.7200,4.7500,1516000,7179360.0000,3
2025-09-19,20250919113000000,sz.002418,4.7400,4.7500,4.7300,4.7500,1214100,5758560.0000,3
2025-09-19,20250919130500000,sz.002418,4.7500,4.7500,4.7200,4.7300,2247000,10633248.0000,3
2025-09-19,20250919131000000,sz.002418,4.7300,4.7400,4.7200,4.7200,1083700,5118048.0000,3
2025-09-19,20250919131500000,sz.002418,4.7200,4.7300,4.7100,4.7200,898200,4240096.0000,3
2025-09-19,20250919132000000,sz.002418,4.7200,4.7300,4.7100,4.7100,1189800,5609600.0000,3
2025-09-19,20250919132500000,sz.002418,4.7100,4.7100,4.6800,4.7000,2259900,10611296.0000,3
2025-09-19,20250919133000000,sz.002418,4.6900,4.7000,4.6800,4.6800,1222900,5729024.0000,3
2025-09-19,20250919133500000,sz.002418,4.6900,4.7000,4.6700,4.6700,3019900,14130016.0000,3
2025-09-19,20250919134000000,sz.002418,4.6700,4.6800,4.6500,4.6700,3777700,17601632.0000,3
2025-09-19,20250919134500000,sz.002418,4.6700,4.6800,4.6500,4.6700,1270800,5927936.0000,3
2025-09-19,20250919135000000,sz.002418,4.6700,4.6800,4.6700,4.6700,1123200,5246784.0000,3
2025-09-19,20250919135500000,sz.002418,4.6800,4.6800,4.6600,4.6700,1551000,7242752.0000,3
2025-09-19,20250919140000000,sz.002418,4.6700,4.6800,4.6700,4.6700,636600,2974528.0000,3
2025-09-19,20250919140500000,sz.002418,4.6800,4.6900,4.6700,4.6800,2023800,9464576.0000,3
2025-09-19,20250919141000000,sz.002418,4.6800,4.6900,4.6700,4.6800,1183900,5538336.0000,3
2025-09-19,20250919141500000,sz.002418,4.6700,4.7000,4.6700,4.6900,1230600,5760160.0000,3
2025-09-19,20250919142000000,sz.002418,4.6900,4.7100,4.6900,4.7000,1705000,8011840.0000,3
2025-09-19,20250919142500000,sz.002418,4.7000,4.7000,4.6800,4.7000,930100,4364736.0000,3
2025-09-19,20250919143000000,sz.002418,4.6900,4.7100,4.6900,4.7100,1020800,4799328.0000,3
2025-09-19,20250919143500000,sz.002418,4.7000,4.7100,4.6900,4.6900,1319400,6201952.0000,3
2025-09-19,20250919144000000,sz.002418,4.6900,4.7000,4.6900,4.6900,1414100,6634112.0000,3
2025-09-19,20250919144500000,sz.002418,4.6900,4.7000,4.6800,4.6800,2767100,12983936.0000,3
2025-09-19,20250919145000000,sz.002418,4.6800,4.7000,4.6800,4.6800,2158900,10117056.0000,3
2025-09-19,20250919145500000,sz.002418,4.6800,4.6800,4.6700,4.6700,3050200,14258368.0000,3
2025-09-19,20250919150000000,sz.002418,4.6700,4.6800,4.6600,4.6600,3093500,14437632.0000,3
2025-09-22,20250922093500000,sz.002418,4.6600,4.7400,4.6600,4.6900,8866600,41635768.0000,3
2025-09-22,20250922094000000,sz.002418,4.6900,4.7600,4.6900,4.7500,5859900,27790464.0000,3
2025-09-22,20250922094500000,sz.002418,4.7500,4.7500,4.7200,4.7500,3641900,17246328.0000,3
2025-09-22,20250922095000000,sz.002418,4.7500,4.7600,4.7300,4.7300,3126400,14837568.0000,3
2025-09-22,20250922095500000,sz.002418,4.7300,4.7400,4.7200,4.7200,1953400,9236544.0000,3
2025-09-22,20250922100000000,sz.002418,4.7200,4.7300,4.7000,4.7000,2731900,12863648.0000,3
2025-09-22,20250922100500000,sz.002418,4.7000,4.7300,4.6900,4.7300,2144600,10102064.0000,3
2025-09-22,20250922101000000,sz.002418,4.7300,4.7500,4.7300,4.7500,1709900,8104608.0000,3
2025-09-22,20250922101500000,sz.002418,4.7400,4.7500,4.7300,4.7300,1338500,6339824.0000,3
2025-09-22,20250922102000000,sz.002418,4.7400,4.7400,4.7200,4.7300,1285600,6075424.0000,3
2025-09-22,20250922102500000,sz.002418,4.7300,4.7400,4.7100,4.7100,2048300,9673776.0000,3
2025-09-22,20250922103000000,sz.002418,4.7100,4.7200,4.7100,4.7100,757800,3572880.0000,3
2025-09-22,20250922103500000,sz.002418,4.7200,4.7400,4.7100,4.7400,1734800,8208480.0000,3
2025-09-22,20250922104000000,sz.002418,4.7400,4.7400,4.7200,4.7300,812600,3844336.0000,3
2025-09-22,20250922104500000,sz.002418,4.7400,4.7400,4.7200,4.7200,721300,3409728.0000,3
2025-09-22,20250922105000000,sz.002418,4.7200,4.7300,4.7200,4.7300,979000,4622448.0000,3
2025-09-22,20250922105500000,sz.002418,4.7300,4.7400,4.7200,4.7300,1031700,4877312.0000,3
2025-09-22,20250922110000000,sz.002418,4.7400,4.7400,4.7200,4.7300,613200,2900208.0000,3
2025-09-22,20250922110500000,sz.002418,4.7300,4.7400,4.7200,4.7200,625300,2958080.0000,3
2025-09-22,20250922111000000,sz.002418,4.7200,4.7300,4.7100,4.7200,841900,3974176.0000,3
2025-09-22,20250922111500000,sz.002418,4.7200,4.7200,4.7000,4.7000,1045300,4922464.0000,3
2025-09-22,20250922112000000,sz.002418,4.7000,4.7200,4.7000,4.7000,1586500,7467872.0000,3
2025-09-22,20250922112500000,sz.002418,4.6900,4.7200,4.6900,4.7100,976500,4594848.0000,3
2025-09-22,20250922113000000,sz.002418,4.7000,4.7100,4.7000,4.7000,1076500,5060320.0000,3
2025-09-22,20250922130500000,sz.002418,4.7000,4.7100,4.6900,4.6900,1062900,4995872.0000,3
2025-09-22,20250922131000000,sz.002418,4.6900,4.7100,4.6900,4.7000,1147500,5392352.0000,3
2025-09-22,20250922131500000,sz.002418,4.7100,4.7100,4.6900,4.6900,971600,4564992.0000,3
2025-09-22,20250922132000000,sz.002418,4.7000,4.7000,4.6800,4.6900,936100,4392144.0000,3
2025-09-22,20250922132500000,sz.002418,4.7000,4.7100,4.6900,4.7100,931900,4376704.0000,3
2025-09-22,20250922133000000,sz.002418,4.7100,4.7100,4.6900,4.7000,701700,3293824.0000,3
2025-09-22,20250922133500000,sz.002418,4.7000,4.7000,4.6800,4.6800,1421500,6655520.0000,3
2025-09-22,20250922134000000,sz.002418,4.6800,4.6900,4.6800,4.6800,857100,4012016.0000,3
2025-09-22,20250922134500000,sz.002418,4.6800,4.6900,4.6700,4.6800,1627100,7621632.0000,3
2025-09-22,20250922135000000,sz.002418,4.6800,4.6800,4.6700,4.6800,862200,4030240.0000,3
2025-09-22,20250922135500000,sz.002418,4.6700,4.6900,4.6700,4.6800,1126000,5264928.0000,3
2025-09-22,20250922140000000,sz.002418,4.6700,4.6800,4.6600,4.6700,772500,3606304.0000,3
2025-09-22,20250922140500000,sz.002418,4.6700,4.6800,4.6600,4.6600,762800,3561216.0000,3
2025-09-22,20250922141000000,sz.002418,4.6600,4.6800,4.6500,4.6700,2057900,9591584.0000,3
2025-09-22,20250922141500000,sz.002418,4.6700,4.6800,4.6600,4.6600,523900,2445536.0000,3
2025-09-22,20250922142000000,sz.002418,4.6700,4.6700,4.6600,4.6700,841900,3924896.0000,3
2025-09-22,20250922142500000,sz.002418,4.6700,4.6800,4.6600,4.6800,532200,2486848.0000,3
2025-09-22,20250922143000000,sz.002418,4.6800,4.6800,4.6700,4.6700,869300,4060352.0000,3
2025-09-22,20250922143500000,sz.002418,4.6800,4.6900,4.6700,4.6900,1417300,6637472.0000,3
2025-09-22,20250922144000000,sz.002418,4.6800,4.6900,4.6700,4.6800,983000,4601056.0000,3
2025-09-22,20250922144500000,sz.002418,4.6900,4.6900,4.6800,4.6800,650900,3047008.0000,3
2025-09-22,20250922145000000,sz.002418,4.6800,4.6900,4.6700,4.6800,1449100,6781728.0000,3
2025-09-22,20250922145500000,sz.002418,4.6800,4.7000,4.6800,4.7000,1711100,8027008.0000,3
2025-09-22,20250922150000000,sz.002418,4.7000,4.7100,4.6900,4.7000,1599400,7515072.0000,3
2025-09-23,20250923093500000,sz.002418,4.7500,4.8300,4.7000,4.7000,9142800,43584100.0000,3
2025-09-23,20250923094000000,sz.002418,4.7100,4.7300,4.6400,4.6600,5255700,24650956.0000,3
2025-09-23,20250923094500000,sz.002418,4.6600,4.6600,4.5800,4.6000,5818100,26895680.0000,3
2025-09-23,20250923095000000,sz.002418,4.5900,4.6200,4.5400,4.5600,6012500,27490992.0000,3
2025-09-23,20250923095500000,sz.002418,4.5600,4.5600,4.5100,4.5200,5769800,26142896.0000,3
2025-09-23,20250923100000000,sz.002418,4.5200,4.5300,4.5100,4.5100,2492100,11262000.0000,3
2025-09-23,20250923100500000,sz.002418,4.5100,4.5400,4.4900,4.5300,3986500,17989808.0000,3
2025-09-23,20250923101000000,sz.002418,4.5300,4.5500,4.5200,4.5300,1682100,7623168.0000,3
2025-09-23,20250923101500000,sz.002418,4.5400,4.5500,4.5000,4.5500,2631500,11890944.0000,3
2025-09-23,20250923102000000,sz.002418,4.5500,4.5500,4.5200,4.5200,2109300,9574768.0000,3
2025-09-23,20250923102500000,sz.002418,4.5200,4.5400,4.5100,4.5100,1622000,7338320.0000,3
2025-09-23,20250923103000000,sz.002418,4.5100,4.5100,4.5000,4.5000,1989800,8960336.0000,3
2025-09-23,20250923103500000,sz.002418,4.5000,4.5200,4.4900,4.5200,2940100,13231184.0000,3
2025-09-23,20250923104000000,sz.002418,4.5200,4.5400,4.5100,4.5100,1225700,5547280.0000,3
2025-09-23,20250923104500000,sz.002418,4.5100,4.5400,4.4900,4.5400,1247600,5626784.0000,3
2025-09-23,20250923105000000,sz.002418,4.5400,4.5500,4.5300,4.5400,875600,3975200.0000,3
2025-09-23,20250923105500000,sz.002418,4.5400,4.5800,4.5300,4.5700,2052100,9344576.0000,3
2025-09-23,20250923110000000,sz.002418,4.5700,4.5800,4.5400,4.5500,755400,3443344.0000,3
2025-09-23,20250923110500000,sz.002418,4.5500,4.5700,4.5400,4.5700,721400,3288448.0000,3
2025-09-23,20250923111000000,sz.002418,4.5700,4.5800,4.5500,4.5500,753400,3440304.0000,3
2025-09-23,20250923111500000,sz.002418,4.5500,4.5700,4.5500,4.5500,560700,2557408.0000,3
2025-09-23,20250923112000000,sz.002418,4.5600,4.5800,4.5500,4.5700,1276800,5825568.0000,3
2025-09-23,20250923112500000,sz.002418,4.5700,4.5800,4.5400,4.5400,697900,3182944.0000,3
2025-09-23,20250923113000000,sz.002418,4.5400,4.5500,4.5300,4.5400,904800,4103168.0000,3
2025-09-23,20250923130500000,sz.002418,4.5400,4.5400,4.5100,4.5200,575100,2602400.0000,3
2025-09-23,20250923131000000,sz.002418,4.5200,4.5300,4.5000,4.5300,846300,3821344.0000,3
2025-09-23,20250923131500000,sz.002418,4.5300,4.5400,4.5200,4.5200,840300,3801056.0000,3
2025-09-23,20250923132000000,sz.002418,4.5200,4.5400,4.5100,4.5200,369500,1671552.0000,3
2025-09-23,20250923132500000,sz.002418,4.5200,4.5300,4.5100,4.5200,414800,1875776.0000,3
2025-09-23,20250923133000000,sz.002418,4.5200,4.5500,4.5200,4.5300,737400,3341664.0000,3
2025-09-23,20250923133500000,sz.002418,4.5400,4.5500,4.5200,4.5200,551800,2501824.0000,3
2025-09-23,20250923134000000,sz.002418,4.5300,4.5300,4.5100,4.5100,758500,3426880.0000,3
2025-09-23,20250923134500000,sz.002418,4.5200,4.5200,4.5000,4.5000,881600,3974944.0000,3
2025-09-23,20250923135000000,sz.002418,4.5100,4.5100,4.5000,4.5100,550900,2480608.0000,3
2025-09-23,20250923135500000,sz.002418,4.5100,4.5200,4.5000,4.5100,280600,1265248.0000,3
2025-09-23,20250923140000000,sz.002418,4.5100,4.5200,4.5000,4.5100,930000,4194208.0000,3
2025-09-23,20250923140500000,sz.002418,4.5100,4.5300,4.5000,4.5100,899000,4056672.0000,3
2025-09-23,20250923141000000,sz.002418,4.5000,4.5100,4.4800,4.4800,1746700,7843648.0000,3
2025-09-23,20250923141500000,sz.002418,4.4700,4.4900,4.4700,4.4800,958900,4292832.0000,3
2025-09-23,20250923142000000,sz.002418,4.4900,4.5100,4.4800,4.5000,1033100,4644800.0000,3
2025-09-23,20250923142500000,sz.002418,4.5000,4.5200,4.5000,4.5200,587100,2647808.0000,3
2025-09-23,20250923143000000,sz.002418,4.5100,4.5500,4.5100,4.5500,1031500,4671808.0000,3
2025-09-23,20250923143500000,sz.002418,4.5500,4.5600,4.5300,4.5500,1496600,6802752.0000,3
2025-09-23,20250923144000000,sz.002418,4.5500,4.5600,4.5300,4.5500,832400,3783936.0000,3
2025-09-23,20250923144500000,sz.002418,4.5400,4.5500,4.5300,4.5400,1073000,4872736.0000,3
2025-09-23,20250923145000000,sz.002418,4.5500,4.6000,4.5400,4.5900,2703500,12366336.0000,3
2025-09-23,20250923145500000,sz.002418,4.5800,4.5900,4.5600,4.5600,1970400,9002368.0000,3
2025-09-23,20250923150000000,sz.002418,4.5700,4.5700,4.5600,4.5700,1703300,7779264.0000,3
2025-09-24,20250924093500000,sz.002418,4.8100,5.0300,4.8100,5.0300,47371400,236373200.0000,3
2025-09-24,20250924094000000,sz.002418,5.0300,5.0300,5.0300,5.0300,13857000,69700720.0000,3
2025-09-24,20250924094500000,sz.002418,5.0300,5.0300,5.0300,5.0300,2194400,11037824.0000,3
2025-09-24,20250924095000000,sz.002418,5.0300,5.0300,5.0300,5.0300,1304500,6561632.0000,3
2025-09-24,20250924095500000,sz.002418,5.0300,5.0300,5.0300,5.0300,1015000,5105440.0000,3
2025-09-24,20250924100000000,sz.002418,5.0300,5.0300,5.0300,5.0300,872300,4387680.0000,3
2025-09-24,20250924100500000,sz.002418,5.0300,5.0300,5.0300,5.0300,422000,2122656.0000,3
2025-09-24,20250924101000000,sz.002418,5.0300,5.0300,5.0300,5.0300,640400,3221216.0000,3
2025-09-24,20250924101500000,sz.002418,5.0300,5.0300,5.0300,5.0300,791700,3982240.0000,3
2025-09-24,20250924102000000,sz.002418,5.0300,5.0300,5.0300,5.0300,326500,1642304.0000,3
2025-09-24,20250924102500000,sz.002418,5.0300,5.0300,5.0300,5.0300,233800,1176032.0000,3
2025-09-24,20250924103000000,sz.002418,5.0300,5.0300,5.0300,5.0300,161900,814336.0000,3
2025-09-24,20250924103500000,sz.002418,5.0300,5.0300,5.0300,5.0300,350700,1764032.0000,3
2025-09-24,20250924104000000,sz.002418,5.0300,5.0300,5.0300,5.0300,165900,834464.0000,3
2025-09-24,20250924104500000,sz.002418,5.0300,5.0300,5.0300,5.0300,120200,604608.0000,3
2025-09-24,20250924105000000,sz.002418,5.0300,5.0300,5.0300,5.0300,157400,791744.0000,3
2025-09-24,20250924105500000,sz.002418,5.0300,5.0300,5.0300,5.0300,253200,1273568.0000,3
2025-09-24,20250924110000000,sz.002418,5.0300,5.0300,5.0300,5.0300,155200,780672.0000,3
2025-09-24,20250924110500000,sz.002418,5.0300,5.0300,5.0300,5.0300,64500,324448.0000,3
2025-09-24,20250924111000000,sz.002418,5.0300,5.0300,5.0300,5.0300,48000,241440.0000,3
2025-09-24,20250924111500000,sz.002418,5.0300,5.0300,5.0300,5.0300,87200,438592.0000,3
2025-09-24,20250924112000000,sz.002418,5.0300,5.0300,5.0300,5.0300,90500,455232.0000,3
2025-09-24,20250924112500000,sz.002418,5.0300,5.0300,5.0300,5.0300,64000,321920.0000,3
2025-09-24,20250924113000000,sz.002418,5.0300,5.0300,5.0300,5.0300,70800,356128.0000,3
2025-09-24,20250924130500000,sz.002418,5.0300,5.0300,5.0300,5.0300,512700,2578880.0000,3
2025-09-24,20250924131000000,sz.002418,5.0300,5.0300,5.0300,5.0300,125300,630240.0000,3
2025-09-24,20250924131500000,sz.002418,5.0300,5.0300,5.0300,5.0300,111200,559328.0000,3
2025-09-24,20250924132000000,sz.002418,5.0300,5.0300,5.0300,5.0300,46400,233408.0000,3
2025-09-24,20250924132500000,sz.002418,5.0300,5.0300,5.0300,5.0300,47900,240928.0000,3
2025-09-24,20250924133000000,sz.002418,5.0300,5.0300,5.0300,5.0300,79900,401920.0000,3
2025-09-24,20250924133500000,sz.002418,5.0300,5.0300,5.0300,5.0300,62000,311840.0000,3
2025-09-24,20250924134000000,sz.002418,5.0300,5.0300,5.0300,5.0300,29700,149408.0000,3
2025-09-24,20250924134500000,sz.002418,5.0300,5.0300,5.0300,5.0300,107400,540224.0000,3
2025-09-24,20250924135000000,sz.002418,5.0300,5.0300,5.0300,5.0300,54900,276128.0000,3
2025-09-24,20250924135500000,sz.002418,5.0300,5.0300,5.0300,5.0300,65800,330976.0000,3
2025-09-24,20250924140000000,sz.002418,5.0300,5.0300,5.0300,5.0300,24800,124736.0000,3
2025-09-24,20250924140500000,sz.002418,5.0300,5.0300,5.0300,5.0300,35600,179072.0000,3
2025-09-24,20250924141000000,sz.002418,5.0300,5.0300,5.0300,5.0300,54900,276160.0000,3
2025-09-24,20250924141500000,sz.002418,5.0300,5.0300,5.0300,5.0300,98300,494432.0000,3
2025-09-24,20250924142000000,sz.002418,5.0300,5.0300,5.0300,5.0300,72300,363680.0000,3
2025-09-24,20250924142500000,sz.002418,5.0300,5.0300,5.0300,5.0300,86000,432576.0000,3
2025-09-24,20250924143000000,sz.002418,5.0300,5.0300,5.0300,5.0300,68900,346560.0000,3
2025-09-24,20250924143500000,sz.002418,5.0300,5.0300,5.0300,5.0300,43600,219328.0000,3
2025-09-24,20250924144000000,sz.002418,5.0300,5.0300,5.0300,5.0300,52500,264064.0000,3
2025-09-24,20250924144500000,sz.002418,5.0300,5.0300,5.0300,5.0300,93500,470304.0000,3
2025-09-24,20250924145000000,sz.002418,5.0300,5.0300,5.0300,5.0300,74500,374752.0000,3
2025-09-24,20250924145500000,sz.002418,5.0300,5.0300,5.0300,5.0300,227800,1145824.0000,3
2025-09-24,20250924150000000,sz.002418,5.0300,5.0300,5.0300,5.0300,488000,2454624.0000,3
2025-09-25,20250925093500000,sz.002418,5.3800,5.3800,5.0300,5.0700,91405700,475963424.0000,3
2025-09-25,20250925094000000,sz.002418,5.0700,5.0700,4.9500,4.9800,27315000,137129440.0000,3
2025-09-25,20250925094500000,sz.002418,4.9700,5.0500,4.9700,4.9900,13606000,68258624.0000,3
2025-09-25,20250925095000000,sz.002418,4.9900,5.0300,4.9500,4.9700,11815800,58850880.0000,3
2025-09-25,20250925095500000,sz.002418,4.9700,5.0300,4.9400,5.0100,8702500,43314624.0000,3
2025-09-25,20250925100000000,sz.002418,5.0200,5.0200,4.9600,4.9600,4555600,22754816.0000,3
2025-09-25,20250925100500000,sz.002418,4.9700,5.0300,4.9500,5.0100,7000500,34940864.0000,3
2025-09-25,20250925101000000,sz.002418,5.0200,5.0300,4.9900,5.0200,5176000,25948480.0000,3
2025-09-25,20250925101500000,sz.002418,5.0200,5.0300,4.9900,5.0300,3556600,17807872.0000,3
2025-09-25,20250925102000000,sz.002418,5.0300,5.0300,4.9900,4.9900,2673200,13385984.0000,3
2025-09-25,20250925102500000,sz.002418,4.9900,5.0000,4.9700,4.9900,2951600,14713408.0000,3
2025-09-25,20250925103000000,sz.002418,4.9900,5.0200,4.9800,5.0000,3777300,18889472.0000,3
2025-09-25,20250925103500000,sz.002418,4.9900,5.0200,4.9800,5.0200,3166200,15813888.0000,3
2025-09-25,20250925104000000,sz.002418,5.0200,5.0800,5.0100,5.0300,8989100,45400131.0000,3
2025-09-25,20250925104500000,sz.002418,5.0300,5.0300,4.9900,5.0100,3362900,16861117.0000,3
2025-09-25,20250925105000000,sz.002418,5.0100,5.0100,4.9900,5.0100,1569800,7852352.0000,3
2025-09-25,20250925105500000,sz.002418,5.0100,5.0100,4.9900,5.0000,1788600,8949312.0000,3
2025-09-25,20250925110000000,sz.002418,5.0000,5.0100,4.9900,4.9900,1606300,8024832.0000,3
2025-09-25,20250925110500000,sz.002418,4.9900,4.9900,4.9600,4.9800,2778800,13821184.0000,3
2025-09-25,20250925111000000,sz.002418,4.9800,4.9800,4.9500,4.9700,4616800,22894720.0000,3
2025-09-25,20250925111500000,sz.002418,4.9600,4.9700,4.9400,4.9600,2341000,11602816.0000,3
2025-09-25,20250925112000000,sz.002418,4.9600,4.9700,4.9500,4.9700,1178500,5842048.0000,3
2025-09-25,20250925112500000,sz.002418,4.9700,4.9700,4.9500,4.9700,1254800,6225792.0000,3
2025-09-25,20250925113000000,sz.002418,4.9700,4.9700,4.9600,4.9700,1138100,5649024.0000,3
2025-09-25,20250925130500000,sz.002418,4.9700,5.0000,4.9600,4.9600,4206400,20920576.0000,3
2025-09-25,20250925131000000,sz.002418,4.9600,4.9600,4.9500,4.9500,1922100,9519488.0000,3
2025-09-25,20250925131500000,sz.002418,4.9500,4.9500,4.9100,4.9300,6241600,30777472.0000,3
2025-09-25,20250925132000000,sz.002418,4.9300,4.9600,4.9100,4.9400,4484400,22125056.0000,3
2025-09-25,20250925132500000,sz.002418,4.9300,4.9400,4.8900,4.9000,4777700,23448576.0000,3
2025-09-25,20250925133000000,sz.002418,4.9000,4.9200,4.8900,4.9000,2269600,11129728.0000,3
2025-09-25,20250925133500000,sz.002418,4.9000,4.9100,4.8900,4.9000,1778400,8713600.0000,3
2025-09-25,20250925134000000,sz.002418,4.8900,4.9300,4.8900,4.9200,2564500,12601728.0000,3
2025-09-25,20250925134500000,sz.002418,4.9300,4.9300,4.9100,4.9200,1344600,6618624.0000,3
2025-09-25,20250925135000000,sz.002418,4.9300,4.9400,4.9200,4.9300,1467200,7232896.0000,3
2025-09-25,20250925135500000,sz.002418,4.9300,4.9400,4.9100,4.9200,1110500,5466624.0000,3
2025-09-25,20250925140000000,sz.002418,4.9200,4.9300,4.9100,4.9200,1844200,9070720.0000,3
2025-09-25,20250925140500000,sz.002418,4.9300,4.9300,4.9100,4.9200,1392800,6860544.0000,3
2025-09-25,20250925141000000,sz.002418,4.9200,4.9300,4.9100,4.9100,925500,4551680.0000,3
2025-09-25,20250925141500000,sz.002418,4.9200,4.9200,4.9100,4.9200,1777200,8730880.0000,3
2025-09-25,20250925142000000,sz.002418,4.9100,4.9200,4.9100,4.9200,1372100,6739200.0000,3
2025-09-25,20250925142500000,sz.002418,4.9200,4.9200,4.9100,4.9200,1155600,5682176.0000,3
2025-09-25,20250925143000000,sz.002418,4.9200,4.9400,4.9100,4.9300,2334700,11502208.0000,3
2025-09-25,20250925143500000,sz.002418,4.9300,4.9300,4.9200,4.9200,1728800,8509312.0000,3
2025-09-25,20250925144000000,sz.002418,4.9300,4.9300,4.9100,4.9200,2508500,12329984.0000,3
2025-09-25,20250925144500000,sz.002418,4.9200,4.9200,4.9100,4.9200,2625300,12906496.0000,3
2025-09-25,20250925145000000,sz.002418,4.9100,4.9200,4.8900,4.9000,7291700,35751040.0000,3
2025-09-25,20250925145500000,sz.002418,4.9000,4.9200,4.9000,4.9000,4894500,24009984.0000,3
2025-09-25,20250925150000000,sz.002418,4.9000,4.9200,4.8800,4.8800,6731500,32927104.0000,3
2025-09-26,20250926093500000,sz.002418,4.8600,4.8700,4.7300,4.7300,27352100,131549568.0000,3
2025-09-26,20250926094000000,sz.002418,4.7300,4.7400,4.6800,4.6800,12650000,59685040.0000,3
2025-09-26,20250926094500000,sz.002418,4.6900,4.7100,4.6700,4.6700,10238000,48008848.0000,3
2025-09-26,20250926095000000,sz.002418,4.6700,4.7000,4.6700,4.6700,5532000,25905472.0000,3
2025-09-26,20250926095500000,sz.002418,4.6600,4.6700,4.6000,4.6000,11974500,55488864.0000,3
2025-09-26,20250926100000000,sz.002418,4.6000,4.6300,4.5900,4.6000,7402900,34101280.0000,3
2025-09-26,20250926100500000,sz.002418,4.6100,4.6100,4.5700,4.5900,6100800,28006688.0000,3
2025-09-26,20250926101000000,sz.002418,4.5900,4.6200,4.5800,4.6200,2411700,11106432.0000,3
2025-09-26,20250926101500000,sz.002418,4.6200,4.6600,4.6100,4.6400,3366200,15568448.0000,3
2025-09-26,20250926102000000,sz.002418,4.6500,4.6500,4.6200,4.6400,2921500,13526528.0000,3
2025-09-26,20250926102500000,sz.002418,4.6400,4.6600,4.6300,4.6500,2040200,9473568.0000,3
2025-09-26,20250926103000000,sz.002418,4.6500,4.6700,4.6500,4.6600,2585700,12060960.0000,3
2025-09-26,20250926103500000,sz.002418,4.6600,4.6700,4.6400,4.6400,2133700,9931008.0000,3
2025-09-26,20250926104000000,sz.002418,4.6300,4.6400,4.6200,4.6300,2001000,9253248.0000,3
2025-09-26,20250926104500000,sz.002418,4.6400,4.6500,4.6300,4.6500,1514200,7019840.0000,3
2025-09-26,20250926105000000,sz.002418,4.6400,4.6600,4.6300,4.6600,1941200,9020160.0000,3
2025-09-26,20250926105500000,sz.002418,4.6500,4.6600,4.6200,4.6400,2289400,10594592.0000,3
2025-09-26,20250926110000000,sz.002418,4.6400,4.6500,4.6400,4.6400,642600,2986176.0000,3
2025-09-26,20250926110500000,sz.002418,4.6400,4.6600,4.6400,4.6500,1018700,4735776.0000,3
2025-09-26,20250926111000000,sz.002418,4.6500,4.6600,4.6400,4.6500,785600,3652256.0000,3
2025-09-26,20250926111500000,sz.002418,4.6500,4.6600,4.6400,4.6600,1381200,6416224.0000,3
2025-09-26,20250926112000000,sz.002418,4.6600,4.6600,4.6400,4.6500,1017800,4729952.0000,3
2025-09-26,20250926112500000,sz.002418,4.6500,4.6600,4.6400,4.6400,1386300,6438784.0000,3
2025-09-26,20250926113000000,sz.002418,4.6500,4.6700,4.6400,4.6600,1093800,5092896.0000,3
2025-09-26,20250926130500000,sz.002418,4.6600,4.6600,4.6400,4.6400,1272200,5911808.0000,3
2025-09-26,20250926131000000,sz.002418,4.6400,4.6500,4.6300,4.6500,1055700,4895808.0000,3
2025-09-26,20250926131500000,sz.002418,4.6400,4.6500,4.6300,4.6400,848400,3937888.0000,3
2025-09-26,20250926132000000,sz.002418,4.6400,4.6400,4.6300,4.6300,471500,2185088.0000,3
2025-09-26,20250926132500000,sz.002418,4.6300,4.6500,4.6300,4.6300,1035100,4803840.0000,3
2025-09-26,20250926133000000,sz.002418,4.6300,4.6400,4.6200,4.6200,978800,4532283.0000,3
2025-09-26,20250926133500000,sz.002418,4.6200,4.6400,4.6200,4.6300,1599400,7403333.0000,3
2025-09-26,20250926134000000,sz.002418,4.6400,4.6400,4.6300,4.6300,658500,3049984.0000,3
2025-09-26,20250926134500000,sz.002418,4.6300,4.6400,4.6200,4.6300,1332400,6167360.0000,3
2025-09-26,20250926135000000,sz.002418,4.6300,4.6400,4.6200,4.6300,636200,2945210.0000,3
2025-09-26,20250926135500000,sz.002418,4.6300,4.6400,4.6200,4.6200,1424900,6597439.0000,3
2025-09-26,20250926140000000,sz.002418,4.6200,4.6300,4.6100,4.6100,1130100,5216711.0000,3
2025-09-26,20250926140500000,sz.002418,4.6200,4.6300,4.6100,4.6300,1058700,4886016.0000,3
2025-09-26,20250926141000000,sz.002418,4.6200,4.6300,4.6100,4.6200,995700,4600704.0000,3
2025-09-26,20250926141500000,sz.002418,4.6200,4.6300,4.6100,4.6100,953200,4405374.0000,3
2025-09-26,20250926142000000,sz.002418,4.6200,4.6300,4.6100,4.6200,1101600,5088004.0000,3
2025-09-26,20250926142500000,sz.002418,4.6100,4.6300,4.6100,4.6200,642600,2969790.0000,3
2025-09-26,20250926143000000,sz.002418,4.6100,4.6200,4.6000,4.6100,2028100,9345856.0000,3
2025-09-26,20250926143500000,sz.002418,4.6100,4.6200,4.6000,4.6000,1993900,9182848.0000,3
2025-09-26,20250926144000000,sz.002418,4.6000,4.6200,4.5900,4.6000,2249500,10348800.0000,3
2025-09-26,20250926144500000,sz.002418,4.6000,4.6200,4.6000,4.6100,1691500,7792128.0000,3
2025-09-26,20250926145000000,sz.002418,4.6100,4.6200,4.6000,4.6100,2064900,9525120.0000,3
2025-09-26,20250926145500000,sz.002418,4.6100,4.6200,4.5900,4.6000,3743200,17236672.0000,3
2025-09-26,20250926150000000,sz.002418,4.5900,4.6100,4.5900,4.6000,3434600,15799296.0000,3
2025-09-29,20250929093500000,sz.002418,4.6000,4.6200,4.5500,4.5500,9255700,42391888.0000,3
2025-09-29,20250929094000000,sz.002418,4.5500,4.5500,4.5300,4.5300,3695400,16768652.0000,3
2025-09-29,20250929094500000,sz.002418,4.5400,4.5400,4.5200,4.5400,4141200,18757444.0000,3
2025-09-29,20250929095000000,sz.002418,4.5300,4.6100,4.5300,4.6100,3902000,17882752.0000,3
2025-09-29,20250929095500000,sz.002418,4.6000,4.6400,4.5900,4.6000,4929200,22792288.0000,3
2025-09-29,20250929100000000,sz.002418,4.6000,4.6800,4.5900,4.6700,4745700,22026352.0000,3
2025-09-29,20250929100500000,sz.002418,4.6700,4.7100,4.6600,4.6700,6556700,30690224.0000,3
2025-09-29,20250929101000000,sz.002418,4.6800,4.6900,4.6600,4.6600,3331700,15577504.0000,3
2025-09-29,20250929101500000,sz.002418,4.6600,4.6700,4.6500,4.6600,1335800,6222080.0000,3
2025-09-29,20250929102000000,sz.002418,4.6700,4.6800,4.6600,4.6800,1609000,7511664.0000,3
2025-09-29,20250929102500000,sz.002418,4.6700,4.6800,4.6500,4.6700,2129700,9930816.0000,3
2025-09-29,20250929103000000,sz.002418,4.6600,4.6800,4.6600,4.6700,1494000,6984384.0000,3
2025-09-29,20250929103500000,sz.002418,4.6700,4.7000,4.6700,4.7000,2506100,11739360.0000,3
2025-09-29,20250929104000000,sz.002418,4.6900,4.7000,4.6800,4.6900,1716200,8056928.0000,3
2025-09-29,20250929104500000,sz.002418,4.6800,4.7200,4.6700,4.7000,2916200,13679216.0000,3
2025-09-29,20250929105000000,sz.002418,4.7000,4.7100,4.6900,4.7000,1012200,4756704.0000,3
2025-09-29,20250929105500000,sz.002418,4.7000,4.7300,4.6900,4.7300,3115100,14689568.0000,3
2025-09-29,20250929110000000,sz.002418,4.7300,4.7300,4.7000,4.7000,1001200,4720160.0000,3
2025-09-29,20250929110500000,sz.002418,4.7100,4.7200,4.6900,4.7100,1535300,7222176.0000,3
2025-09-29,20250929111000000,sz.002418,4.7100,4.7200,4.7000,4.7000,689400,3249024.0000,3
2025-09-29,20250929111500000,sz.002418,4.7000,4.7100,4.6800,4.6800,1256000,5896608.0000,3
2025-09-29,20250929112000000,sz.002418,4.6800,4.7000,4.6800,4.6900,635500,2980896.0000,3
2025-09-29,20250929112500000,sz.002418,4.6900,4.7000,4.6900,4.6900,569900,2674784.0000,3
2025-09-29,20250929113000000,sz.002418,4.7000,4.7000,4.6900,4.6900,379700,1782528.0000,3
2025-09-29,20250929130500000,sz.002418,4.7000,4.7000,4.6600,4.6700,1521400,7118816.0000,3
2025-09-29,20250929131000000,sz.002418,4.6700,4.6800,4.6500,4.6500,1528100,7121440.0000,3
2025-09-29,20250929131500000,sz.002418,4.6500,4.6600,4.6500,4.6500,1088400,5062112.0000,3
2025-09-29,20250929132000000,sz.002418,4.6500,4.6600,4.6400,4.6400,1553500,7218176.0000,3
2025-09-29,20250929132500000,sz.002418,4.6400,4.6500,4.6400,4.6400,1056700,4905888.0000,3
2025-09-29,20250929133000000,sz.002418,4.6400,4.6600,4.6400,4.6500,1409000,6549056.0000,3
2025-09-29,20250929133500000,sz.002418,4.6500,4.6600,4.6500,4.6600,488400,2273344.0000,3
2025-09-29,20250929134000000,sz.002418,4.6400,4.6600,4.6400,4.6400,1286800,5981504.0000,3
2025-09-29,20250929134500000,sz.002418,4.6500,4.6600,4.6400,4.6400,1099500,5110720.0000,3
2025-09-29,20250929135000000,sz.002418,4.6500,4.6600,4.6400,4.6500,915700,4255744.0000,3
2025-09-29,20250929135500000,sz.002418,4.6600,4.6600,4.6500,4.6500,741600,3451520.0000,3
2025-09-29,20250929140000000,sz.002418,4.6600,4.6600,4.6400,4.6400,1037800,4825408.0000,3
2025-09-29,20250929140500000,sz.002418,4.6500,4.6600,4.6400,4.6500,826600,3842912.0000,3
2025-09-29,20250929141000000,sz.002418,4.6500,4.6500,4.6400,4.6400,772400,3589376.0000,3
2025-09-29,20250929141500000,sz.002418,4.6500,4.6500,4.6200,4.6300,1591700,7378432.0000,3
2025-09-29,20250929142000000,sz.002418,4.6300,4.6400,4.6200,4.6300,1157800,5361248.0000,3
2025-09-29,20250929142500000,sz.002418,4.6400,4.6400,4.6300,4.6400,628900,2912768.0000,3
2025-09-29,20250929143000000,sz.002418,4.6400,4.6500,4.6300,4.6400,857100,3976096.0000,3
2025-09-29,20250929143500000,sz.002418,4.6400,4.6500,4.6300,4.6300,1428100,6627840.0000,3
2025-09-29,20250929144000000,sz.002418,4.6400,4.6400,4.6300,4.6300,661300,3064288.0000,3
2025-09-29,20250929144500000,sz.002418,4.6400,4.6400,4.6300,4.6400,564700,2617024.0000,3
2025-09-29,20250929145000000,sz.002418,4.6400,4.6500,4.6300,4.6400,1966100,9122752.0000,3
2025-09-29,20250929145500000,sz.002418,4.6400,4.6500,4.6400,4.6400,3014200,14000352.0000,3
2025-09-29,20250929150000000,sz.002418,4.6500,4.6500,4.6300,4.6300,3747400,17375136.0000,3
2025-09-30,20250930093500000,sz.002418,4.6300,4.6500,4.5700,4.5900,10215800,47011452.0000,3
2025-09-30,20250930094000000,sz.002418,4.5900,4.6300,4.5800,4.6300,3492200,16077596.0000,3
2025-09-30,20250930094500000,sz.002418,4.6200,4.6500,4.6200,4.6300,2502300,11596584.0000,3
2025-09-30,20250930095000000,sz.002418,4.6300,4.6400,4.6000,4.6100,2109300,9728976.0000,3
2025-09-30,20250930095500000,sz.002418,4.6000,4.6100,4.5700,4.5800,4103600,18835920.0000,3
2025-09-30,20250930100000000,sz.002418,4.5800,4.6000,4.5700,4.5700,2234700,10236528.0000,3
2025-09-30,20250930100500000,sz.002418,4.5700,4.5800,4.5600,4.5600,4080300,18620032.0000,3
2025-09-30,20250930101000000,sz.002418,4.5600,4.5700,4.5500,4.5500,3848100,17520384.0000,3
2025-09-30,20250930101500000,sz.002418,4.5500,4.5600,4.5400,4.5500,2503600,11394448.0000,3
2025-09-30,20250930102000000,sz.002418,4.5500,4.5500,4.5300,4.5500,3208700,14565840.0000,3
2025-09-30,20250930102500000,sz.002418,4.5400,4.5500,4.5300,4.5300,2199900,9987472.0000,3
2025-09-30,20250930103000000,sz.002418,4.5300,4.5400,4.5200,4.5200,2764600,12513856.0000,3
2025-09-30,20250930103500000,sz.002418,4.5200,4.5300,4.5200,4.5200,1684800,7613600.0000,3
2025-09-30,20250930104000000,sz.002418,4.5300,4.5300,4.5100,4.5200,1739700,7862976.0000,3
2025-09-30,20250930104500000,sz.002418,4.5100,4.5200,4.4900,4.5000,5249500,23638240.0000,3
2025-09-30,20250930105000000,sz.002418,4.4900,4.5100,4.4900,4.5000,1067000,4800512.0000,3
2025-09-30,20250930105500000,sz.002418,4.5000,4.5000,4.4700,4.4800,4314600,19363520.0000,3
2025-09-30,20250930110000000,sz.002418,4.4800,4.5000,4.4700,4.4800,1720300,7712992.0000,3
2025-09-30,20250930110500000,sz.002418,4.4900,4.5000,4.4800,4.5000,1026800,4607808.0000,3
2025-09-30,20250930111000000,sz.002418,4.5000,4.5000,4.4900,4.4900,463700,2084096.0000,3
2025-09-30,20250930111500000,sz.002418,4.5000,4.5000,4.4900,4.5000,835500,3755968.0000,3
2025-09-30,20250930112000000,sz.002418,4.5000,4.5000,4.4900,4.5000,678400,3050208.0000,3
2025-09-30,20250930112500000,sz.002418,4.5000,4.5000,4.4800,4.4800,2082200,9345152.0000,3
2025-09-30,20250930113000000,sz.002418,4.4800,4.4900,4.4800,4.4800,1467700,6577856.0000,3
2025-09-30,20250930130500000,sz.002418,4.5000,4.6700,4.5000,4.5800,14412800,66214048.0000,3
2025-09-30,20250930131000000,sz.002418,4.5800,4.5800,4.5300,4.5600,3624900,16506656.0000,3
2025-09-30,20250930131500000,sz.002418,4.5600,4.5600,4.5400,4.5500,1951300,8881536.0000,3
2025-09-30,20250930132000000,sz.002418,4.5600,4.6200,4.5400,4.5700,4055900,18547232.0000,3
2025-09-30,20250930132500000,sz.002418,4.5700,4.5800,4.5600,4.5700,1578000,7212672.0000,3
2025-09-30,20250930133000000,sz.002418,4.5700,4.5700,4.5500,4.5700,2127500,9702912.0000,3
2025-09-30,20250930133500000,sz.002418,4.5700,4.5700,4.5300,4.5400,1712900,7789344.0000,3
2025-09-30,20250930134000000,sz.002418,4.5400,4.5500,4.5300,4.5400,1208800,5487904.0000,3
2025-09-30,20250930134500000,sz.002418,4.5400,4.5500,4.5300,4.5400,1030900,4680864.0000,3
2025-09-30,20250930135000000,sz.002418,4.5400,4.6000,4.5300,4.5500,3613200,16451648.0000,3
2025-09-30,20250930135500000,sz.002418,4.5500,4.6700,4.5400,4.6100,7530000,34818880.0000,3
2025-09-30,20250930140000000,sz.002418,4.6200,4.6200,4.5700,4.5800,2087000,9582624.0000,3
2025-09-30,20250930140500000,sz.002418,4.5700,4.5900,4.5600,4.5700,1512400,6911264.0000,3
2025-09-30,20250930141000000,sz.002418,4.5700,4.5700,4.5500,4.5700,2329100,10616960.0000,3
2025-09-30,20250930141500000,sz.002418,4.5600,4.5700,4.5600,4.5600,971100,4436768.0000,3
2025-09-30,20250930142000000,sz.002418,4.5600,4.5700,4.5500,4.5500,1699500,7751776.0000,3
2025-09-30,20250930142500000,sz.002418,4.5500,4.5600,4.5500,4.5500,650900,2965120.0000,3
2025-09-30,20250930143000000,sz.002418,4.5600,4.5600,4.5400,4.5500,2160500,9832960.0000,3
2025-09-30,20250930143500000,sz.002418,4.5500,4.5500,4.5200,4.5300,3029600,13733625.0000,3
2025-09-30,20250930144000000,sz.002418,4.5300,4.5300,4.5200,4.5300,1097000,4966911.0000,3
2025-09-30,20250930144500000,sz.002418,4.5200,4.5400,4.5200,4.5400,2027300,9181120.0000,3
2025-09-30,20250930145000000,sz.002418,4.5300,4.5400,4.5300,4.5300,1373500,6225866.0000,3
2025-09-30,20250930145500000,sz.002418,4.5300,4.5300,4.5200,4.5200,3360300,15210874.0000,3
2025-09-30,20250930150000000,sz.002418,4.5300,4.5300,4.5200,4.5200,3570800,16149184.0000,3
2025-10-09,20251009093500000,sz.002418,4.5500,4.7100,4.5300,4.6900,23280200,108427488.0000,3
2025-10-09,20251009094000000,sz.002418,4.7000,4.8000,4.6800,4.7400,14921200,70682848.0000,3
2025-10-09,20251009094500000,sz.002418,4.7500,4.7600,4.7000,4.7300,5194200,24566576.0000,3
2025-10-09,20251009095000000,sz.002418,4.7300,4.7800,4.7000,4.7400,6368900,30175776.0000,3
2025-10-09,20251009095500000,sz.002418,4.7300,4.7500,4.7100,4.7100,2101500,9938384.0000,3
2025-10-09,20251009100000000,sz.002418,4.7100,4.7800,4.6900,4.7700,7385200,35065952.0000,3
2025-10-09,20251009100500000,sz.002418,4.7600,4.8100,4.7600,4.7800,8559100,41021376.0000,3
2025-10-09,20251009101000000,sz.002418,4.7800,4.8600,4.7800,4.8000,8023700,38789024.0000,3
2025-10-09,20251009101500000,sz.002418,4.8000,4.8200,4.7900,4.7900,2057800,9878176.0000,3
2025-10-09,20251009102000000,sz.002418,4.7900,4.8000,4.7700,4.7900,2127300,10180032.0000,3
2025-10-09,20251009102500000,sz.002418,4.8000,4.8000,4.7700,4.7700,1671000,8000960.0000,3
2025-10-09,20251009103000000,sz.002418,4.7800,4.7800,4.7600,4.7600,1039100,4954336.0000,3
2025-10-09,20251009103500000,sz.002418,4.7700,4.7800,4.7600,4.7700,1512500,7217760.0000,3
2025-10-09,20251009104000000,sz.002418,4.7800,4.7800,4.7500,4.7700,2619500,12463648.0000,3
2025-10-09,20251009104500000,sz.002418,4.7700,4.7900,4.7700,4.7800,1054900,5045088.0000,3
2025-10-09,20251009105000000,sz.002418,4.7800,4.7800,4.7500,4.7600,1575700,7513792.0000,3
2025-10-09,20251009105500000,sz.002418,4.7500,4.7600,4.7400,4.7500,1612100,7649664.0000,3
2025-10-09,20251009110000000,sz.002418,4.7500,4.7500,4.7200,4.7400,2603300,12311936.0000,3
2025-10-09,20251009110500000,sz.002418,4.7300,4.7900,4.7300,4.7800,2751000,13109088.0000,3
2025-10-09,20251009111000000,sz.002418,4.7700,4.8200,4.7700,4.8100,4298900,20625184.0000,3
2025-10-09,20251009111500000,sz.002418,4.8000,4.8000,4.7700,4.7800,792000,3792704.0000,3
2025-10-09,20251009112000000,sz.002418,4.7800,4.7800,4.7700,4.7700,372600,1778496.0000,3
2025-10-09,20251009112500000,sz.002418,4.7700,4.7900,4.7700,4.7800,895500,4279264.0000,3
2025-10-09,20251009113000000,sz.002418,4.7700,4.7900,4.7600,4.7900,765300,3650432.0000,3
2025-10-09,20251009130500000,sz.002418,4.7900,4.8000,4.7500,4.7600,1255900,5999680.0000,3
2025-10-09,20251009131000000,sz.002418,4.7600,4.7600,4.7400,4.7500,755100,3584992.0000,3
2025-10-09,20251009131500000,sz.002418,4.7500,4.7500,4.7400,4.7400,578600,2745024.0000,3
2025-10-09,20251009132000000,sz.002418,4.7400,4.7500,4.7300,4.7400,1359400,6438272.0000,3
2025-10-09,20251009132500000,sz.002418,4.7400,4.7400,4.7300,4.7400,480300,2273984.0000,3
2025-10-09,20251009133000000,sz.002418,4.7300,4.7500,4.7300,4.7400,641200,3040064.0000,3
2025-10-09,20251009133500000,sz.002418,4.7500,4.7500,4.7300,4.7300,1567600,7421184.0000,3
2025-10-09,20251009134000000,sz.002418,4.7300,4.7400,4.7200,4.7300,880700,4163712.0000,3
2025-10-09,20251009134500000,sz.002418,4.7300,4.7300,4.7200,4.7200,639900,3024032.0000,3
2025-10-09,20251009135000000,sz.002418,4.7300,4.7300,4.7100,4.7200,1380000,6515296.0000,3
2025-10-09,20251009135500000,sz.002418,4.7200,4.7400,4.7100,4.7300,1256800,5938240.0000,3
2025-10-09,20251009140000000,sz.002418,4.7300,4.7500,4.7300,4.7500,1150400,5453314.0000,3
2025-10-09,20251009140500000,sz.002418,4.7400,4.7500,4.7300,4.7300,708900,3360448.0000,3
2025-10-09,20251009141000000,sz.002418,4.7400,4.7400,4.7300,4.7400,405600,1921028.0000,3
2025-10-09,20251009141500000,sz.002418,4.7300,4.7400,4.7300,4.7400,345300,1634676.0000,3
2025-10-09,20251009142000000,sz.002418,4.7400,4.7400,4.7300,4.7300,856800,4057344.0000,3
2025-10-09,20251009142500000,sz.002418,4.7400,4.7400,4.7200,4.7200,786700,3722754.0000,3
2025-10-09,20251009143000000,sz.002418,4.7200,4.7300,4.7200,4.7200,446900,2110274.0000,3
2025-10-09,20251009143500000,sz.002418,4.7200,4.7300,4.7200,4.7300,787100,3718848.0000,3
2025-10-09,20251009144000000,sz.002418,4.7300,4.7300,4.7200,4.7200,713500,3370884.0000,3
2025-10-09,20251009144500000,sz.002418,4.7200,4.7300,4.7100,4.7100,1951900,9209528.0000,3
2025-10-09,20251009145000000,sz.002418,4.7100,4.7300,4.7100,4.7200,1721100,8126718.0000,3
2025-10-09,20251009145500000,sz.002418,4.7300,4.7300,4.7100,4.7200,2661800,12555146.0000,3
2025-10-09,20251009150000000,sz.002418,4.7100,4.7200,4.7100,4.7200,4158500,19621054.0000,3
2025-10-10,20251010093500000,sz.002418,4.6400,4.7000,4.6100,4.6700,9655000,44830696.0000,3
2025-10-10,20251010094000000,sz.002418,4.6800,4.7000,4.6600,4.6600,3203300,14995756.0000,3
2025-10-10,20251010094500000,sz.002418,4.6700,4.6700,4.6200,4.6200,4640100,21517460.0000,3
2025-10-10,20251010095000000,sz.002418,4.6200,4.6400,4.6100,4.6200,4375100,20209736.0000,3
2025-10-10,20251010095500000,sz.002418,4.6200,4.6300,4.6100,4.6200,2565100,11852824.0000,3
2025-10-10,20251010100000000,sz.002418,4.6200,4.6600,4.6100,4.6500,1837600,8512896.0000,3
2025-10-10,20251010100500000,sz.002418,4.6400,4.7100,4.6300,4.6800,3914700,18319864.0000,3
2025-10-10,20251010101000000,sz.002418,4.6900,4.6900,4.6600,4.6600,1268700,5925664.0000,3
2025-10-10,20251010101500000,sz.002418,4.6600,4.6700,4.6500,4.6700,1046400,4875776.0000,3
2025-10-10,20251010102000000,sz.002418,4.6600,4.6700,4.6500,4.6500,1096400,5113136.0000,3
2025-10-10,20251010102500000,sz.002418,4.6500,4.6700,4.6500,4.6600,675300,3145824.0000,3
2025-10-10,20251010103000000,sz.002418,4.6700,4.7400,4.6700,4.7400,3672300,17307200.0000,3
2025-10-10,20251010103500000,sz.002418,4.7400,4.7900,4.7400,4.7700,7528200,35939984.0000,3
2025-10-10,20251010104000000,sz.002418,4.7700,4.7700,4.7600,4.7600,1881200,8958320.0000,3
2025-10-10,20251010104500000,sz.002418,4.7600,4.7800,4.7500,4.7600,1617100,7702528.0000,3
2025-10-10,20251010105000000,sz.002418,4.7700,4.7800,4.7600,4.7700,1281000,6111104.0000,3
2025-10-10,20251010105500000,sz.002418,4.7700,4.7800,4.7500,4.7500,1179800,5618576.0000,3
2025-10-10,20251010110000000,sz.002418,4.7500,4.7600,4.7500,4.7500,990100,4703520.0000,3
2025-10-10,20251010110500000,sz.002418,4.7500,4.7500,4.7300,4.7400,855500,4056816.0000,3
2025-10-10,20251010111000000,sz.002418,4.7500,4.7600,4.7400,4.7500,916200,4352688.0000,3
2025-10-10,20251010111500000,sz.002418,4.7500,4.7500,4.7400,4.7400,492700,2336912.0000,3
2025-10-10,20251010112000000,sz.002418,4.7400,4.7500,4.7300,4.7300,713500,3381136.0000,3
2025-10-10,20251010112500000,sz.002418,4.7400,4.7400,4.7100,4.7300,1113100,5257392.0000,3
2025-10-10,20251010113000000,sz.002418,4.7200,4.7300,4.7100,4.7200,885600,4184080.0000,3
2025-10-10,20251010130500000,sz.002418,4.7200,4.7200,4.7100,4.7200,959100,4523648.0000,3
2025-10-10,20251010131000000,sz.002418,4.7100,4.7200,4.7100,4.7200,466200,2196416.0000,3
2025-10-10,20251010131500000,sz.002418,4.7200,4.7200,4.7000,4.7100,607000,2858656.0000,3
2025-10-10,20251010132000000,sz.002418,4.7000,4.7100,4.6900,4.6900,1200800,5642400.0000,3
2025-10-10,20251010132500000,sz.002418,4.7000,4.7100,4.6900,4.7100,665700,3129824.0000,3
2025-10-10,20251010133000000,sz.002418,4.7100,4.7100,4.6900,4.7000,846500,3978176.0000,3
2025-10-10,20251010133500000,sz.002418,4.7000,4.7100,4.6900,4.7000,644100,3026944.0000,3
2025-10-10,20251010134000000,sz.002418,4.7000,4.7100,4.6900,4.7000,806700,3790496.0000,3
2025-10-10,20251010134500000,sz.002418,4.6900,4.7000,4.6800,4.6800,1442900,6765728.0000,3
2025-10-10,20251010135000000,sz.002418,4.6900,4.7000,4.6800,4.6900,838100,3931200.0000,3
2025-10-10,20251010135500000,sz.002418,4.6900,4.7000,4.6800,4.7000,722900,3389408.0000,3
2025-10-10,20251010140000000,sz.002418,4.6900,4.7100,4.6800,4.7000,772700,3628576.0000,3
2025-10-10,20251010140500000,sz.002418,4.7100,4.7100,4.7000,4.7100,950900,4472608.0000,3
2025-10-10,20251010141000000,sz.002418,4.7000,4.7100,4.6800,4.6800,823200,3864256.0000,3
2025-10-10,20251010141500000,sz.002418,4.6800,4.6900,4.6700,4.6800,862400,4035104.0000,3
2025-10-10,20251010142000000,sz.002418,4.6700,4.6800,4.6600,4.6800,2219700,10364096.0000,3
2025-10-10,20251010142500000,sz.002418,4.6800,4.6800,4.6700,4.6700,1164400,5442624.0000,3
2025-10-10,20251010143000000,sz.002418,4.6600,4.6700,4.6600,4.6700,352400,1644576.0000,3
2025-10-10,20251010143500000,sz.002418,4.6600,4.6800,4.6600,4.6800,1167900,5453440.0000,3
2025-10-10,20251010144000000,sz.002418,4.6800,4.6900,4.6700,4.6700,1743500,8157312.0000,3
2025-10-10,20251010144500000,sz.002418,4.6700,4.6800,4.6600,4.6600,2115200,9877056.0000,3
2025-10-10,20251010145000000,sz.002418,4.6700,4.6700,4.6600,4.6600,1493900,6963424.0000,3
2025-10-10,20251010145500000,sz.002418,4.6600,4.6700,4.6500,4.6600,3638900,16961152.0000,3
2025-10-10,20251010150000000,sz.002418,4.6800,4.6800,4.6600,4.6700,1371300,6405600.0000,3
2025-10-13,20251013093500000,sz.002418,4.4000,4.4300,4.3600,4.4200,15797200,69288792.0000,3
2025-10-13,20251013094000000,sz.002418,4.4300,4.4800,4.4200,4.4600,5440700,24177128.0000,3
2025-10-13,20251013094500000,sz.002418,4.4800,4.5700,4.4700,4.5200,4577000,20714560.0000,3
2025-10-13,20251013095000000,sz.002418,4.5300,4.5500,4.5100,4.5100,2720300,12332576.0000,3
2025-10-13,20251013095500000,sz.002418,4.5100,4.5500,4.5100,4.5200,1924400,8713904.0000,3
2025-10-13,20251013100000000,sz.002418,4.5200,4.5500,4.5200,4.5300,1428000,6475024.0000,3
2025-10-13,20251013100500000,sz.002418,4.5300,4.5600,4.5300,4.5300,1568500,7126368.0000,3
2025-10-13,20251013101000000,sz.002418,4.5300,4.5600,4.5300,4.5300,1626300,7383776.0000,3
2025-10-13,20251013101500000,sz.002418,4.5300,4.5500,4.5300,4.5500,1064700,4830944.0000,3
2025-10-13,20251013102000000,sz.002418,4.5500,4.5500,4.5300,4.5300,1005500,4557488.0000,3
2025-10-13,20251013102500000,sz.002418,4.5300,4.5400,4.5200,4.5200,1010200,4575760.0000,3
2025-10-13,20251013103000000,sz.002418,4.5300,4.5300,4.5100,4.5200,1576500,7125872.0000,3
2025-10-13,20251013103500000,sz.002418,4.5200,4.5600,4.5100,4.5500,2517300,11415360.0000,3
2025-10-13,20251013104000000,sz.002418,4.5600,4.5800,4.5400,4.5700,1586200,7231328.0000,3
2025-10-13,20251013104500000,sz.002418,4.5800,4.5900,4.5700,4.5900,774900,3549104.0000,3
2025-10-13,20251013105000000,sz.002418,4.5800,4.6100,4.5800,4.5900,1010300,4645856.0000,3
2025-10-13,20251013105500000,sz.002418,4.6000,4.6000,4.5800,4.5900,1466400,6731936.0000,3
2025-10-13,20251013110000000,sz.002418,4.5900,4.6000,4.5800,4.5800,706200,3236736.0000,3
2025-10-13,20251013110500000,sz.002418,4.5800,4.5900,4.5700,4.5700,1227100,5614752.0000,3
2025-10-13,20251013111000000,sz.002418,4.5700,4.5800,4.5700,4.5700,641100,2930624.0000,3
2025-10-13,20251013111500000,sz.002418,4.5700,4.5800,4.5500,4.5500,781900,3563120.0000,3
2025-10-13,20251013112000000,sz.002418,4.5600,4.5700,4.5500,4.5500,372900,1698640.0000,3
2025-10-13,20251013112500000,sz.002418,4.5500,4.5700,4.5300,4.5400,1109800,5044448.0000,3
2025-10-13,20251013113000000,sz.002418,4.5300,4.5400,4.5200,4.5200,415600,1882848.0000,3
2025-10-13,20251013130500000,sz.002418,4.5200,4.5300,4.5100,4.5300,1367300,6184384.0000,3
2025-10-13,20251013131000000,sz.002418,4.5300,4.5500,4.5200,4.5400,784000,3555136.0000,3
2025-10-13,20251013131500000,sz.002418,4.5500,4.6200,4.5300,4.6000,2463100,11293024.0000,3
2025-10-13,20251013132000000,sz.002418,4.6000,4.6700,4.5900,4.6200,3710600,17189920.0000,3
2025-10-13,20251013132500000,sz.002418,4.6100,4.6400,4.6000,4.6400,2044800,9456288.0000,3
2025-10-13,20251013133000000,sz.002418,4.6300,4.6300,4.6100,4.6200,614500,2839776.0000,3
2025-10-13,20251013133500000,sz.002418,4.6300,4.6300,4.6100,4.6200,431800,1994176.0000,3
2025-10-13,20251013134000000,sz.002418,4.6100,4.6300,4.6100,4.6300,419400,1937024.0000,3
2025-10-13,20251013134500000,sz.002418,4.6300,4.6300,4.6100,4.6200,505300,2336064.0000,3
2025-10-13,20251013135000000,sz.002418,4.6200,4.6200,4.6100,4.6200,335500,1548704.0000,3
2025-10-13,20251013135500000,sz.002418,4.6200,4.6300,4.6100,4.6200,635000,2934048.0000,3
2025-10-13,20251013140000000,sz.002418,4.6300,4.6300,4.6200,4.6200,239300,1105888.0000,3
2025-10-13,20251013140500000,sz.002418,4.6200,4.6500,4.6200,4.6400,878700,4074304.0000,3
2025-10-13,20251013141000000,sz.002418,4.6400,4.6800,4.6400,4.6600,2249700,10479936.0000,3
2025-10-13,20251013141500000,sz.002418,4.6600,4.6700,4.6500,4.6500,832600,3881024.0000,3
2025-10-13,20251013142000000,sz.002418,4.6600,4.6600,4.6400,4.6600,1678200,7804576.0000,3
2025-10-13,20251013142500000,sz.002418,4.6600,4.6700,4.6500,4.6700,1182300,5507040.0000,3
2025-10-13,20251013143000000,sz.002418,4.6600,4.6700,4.6600,4.6700,613300,2861344.0000,3
2025-10-13,20251013143500000,sz.002418,4.6700,4.7000,4.6600,4.7000,2157100,10109760.0000,3
2025-10-13,20251013144000000,sz.002418,4.7000,4.7100,4.6900,4.6900,1675800,7870176.0000,3
2025-10-13,20251013144500000,sz.002418,4.6900,4.7200,4.6900,4.7000,2777600,13063136.0000,3
2025-10-13,20251013145000000,sz.002418,4.7000,4.7100,4.6900,4.7000,1613700,7583552.0000,3
2025-10-13,20251013145500000,sz.002418,4.6900,4.7100,4.6900,4.7000,1964600,9231808.0000,3
2025-10-13,20251013150000000,sz.002418,4.7000,4.7100,4.7000,4.7000,2140800,10063808.0000,3
2025-10-14,20251014093500000,sz.002418,4.7100,4.7700,4.6800,4.7700,6663300,31487378.0000,3
2025-10-14,20251014094000000,sz.002418,4.7700,4.7900,4.7400,4.7800,4582600,21843634.0000,3
2025-10-14,20251014094500000,sz.002418,4.7700,4.7800,4.7500,4.7700,3333200,15892060.0000,3
2025-10-14,20251014095000000,sz.002418,4.7700,4.7700,4.7500,4.7700,2267300,10785272.0000,3
2025-10-14,20251014095500000,sz.002418,4.7600,4.7800,4.7300,4.7400,3138500,14908232.0000,3
2025-10-14,20251014100000000,sz.002418,4.7500,4.7700,4.7400,4.7400,2266800,10766592.0000,3
2025-10-14,20251014100500000,sz.002418,4.7500,4.7500,4.7200,4.7300,2179400,10315416.0000,3
2025-10-14,20251014101000000,sz.002418,4.7300,4.7400,4.7100,4.7100,1558600,7356008.0000,3
2025-10-14,20251014101500000,sz.002418,4.7100,4.7200,4.7000,4.7000,2488400,11709808.0000,3
2025-10-14,20251014102000000,sz.002418,4.7000,4.7100,4.6900,4.6900,2062400,9691200.0000,3
2025-10-14,20251014102500000,sz.002418,4.6900,4.7000,4.6700,4.6700,2151700,10068560.0000,3
2025-10-14,20251014103000000,sz.002418,4.6700,4.6800,4.6700,4.6700,886800,4144512.0000,3
2025-10-14,20251014103500000,sz.002418,4.6700,4.6800,4.6600,4.6700,1615800,7549872.0000,3
2025-10-14,20251014104000000,sz.002418,4.6500,4.6600,4.6400,4.6400,3675300,17081440.0000,3
2025-10-14,20251014104500000,sz.002418,4.6400,4.6400,4.6200,4.6400,3415500,15805888.0000,3
2025-10-14,20251014105000000,sz.002418,4.6400,4.6400,4.6100,4.6100,1847400,8539520.0000,3
2025-10-14,20251014105500000,sz.002418,4.6100,4.6200,4.5900,4.5900,2384600,10973872.0000,3
2025-10-14,20251014110000000,sz.002418,4.5900,4.6000,4.5900,4.5900,478400,2198368.0000,3
2025-10-14,20251014110500000,sz.002418,4.5900,4.6100,4.5900,4.5900,1545000,7101888.0000,3
2025-10-14,20251014111000000,sz.002418,4.6000,4.6000,4.5600,4.5700,3047000,13949504.0000,3
2025-10-14,20251014111500000,sz.002418,4.5700,4.5800,4.5600,4.5700,1069500,4884032.0000,3
2025-10-14,20251014112000000,sz.002418,4.5700,4.5800,4.5500,4.5500,1432400,6534672.0000,3
2025-10-14,20251014112500000,sz.002418,4.5500,4.5700,4.5500,4.5700,851000,3882320.0000,3
2025-10-14,20251014113000000,sz.002418,4.5600,4.5800,4.5600,4.5700,1051100,4797680.0000,3
2025-10-14,20251014130500000,sz.002418,4.5600,4.5800,4.5400,4.5400,2349800,10699440.0000,3
2025-10-14,20251014131000000,sz.002418,4.5400,4.5500,4.5300,4.5300,1052200,4777472.0000,3
2025-10-14,20251014131500000,sz.002418,4.5300,4.5500,4.5300,4.5500,1054300,4782816.0000,3
2025-10-14,20251014132000000,sz.002418,4.5400,4.5800,4.5400,4.5800,1120500,5104992.0000,3
2025-10-14,20251014132500000,sz.002418,4.5800,4.5900,4.5700,4.5800,766600,3512800.0000,3
2025-10-14,20251014133000000,sz.002418,4.5800,4.6000,4.5500,4.5800,903000,4132416.0000,3
2025-10-14,20251014133500000,sz.002418,4.5800,4.6000,4.5700,4.5800,630600,2891392.0000,3
2025-10-14,20251014134000000,sz.002418,4.5700,4.5800,4.5500,4.5500,556400,2540288.0000,3
2025-10-14,20251014134500000,sz.002418,4.5600,4.5600,4.5500,4.5500,674600,3072032.0000,3
2025-10-14,20251014135000000,sz.002418,4.5600,4.5600,4.5400,4.5500,1026900,4673152.0000,3
2025-10-14,20251014135500000,sz.002418,4.5500,4.5700,4.5400,4.5600,1017800,4637984.0000,3
2025-10-14,20251014140000000,sz.002418,4.5600,4.5600,4.5500,4.5500,837000,3808160.0000,3
2025-10-14,20251014140500000,sz.002418,4.5500,4.5600,4.5400,4.5600,778000,3536640.0000,3
2025-10-14,20251014141000000,sz.002418,4.5500,4.5600,4.5400,4.5400,486200,2211648.0000,3
2025-10-14,20251014141500000,sz.002418,4.5400,4.5500,4.5300,4.5500,1235800,5610944.0000,3
2025-10-14,20251014142000000,sz.002418,4.5500,4.5500,4.5300,4.5400,1270500,5765088.0000,3
2025-10-14,20251014142500000,sz.002418,4.5300,4.5400,4.5300,4.5300,1113800,5047328.0000,3
2025-10-14,20251014143000000,sz.002418,4.5400,4.5400,4.5100,4.5300,1764700,7982560.0000,3
2025-10-14,20251014143500000,sz.002418,4.5200,4.5400,4.5200,4.5300,1775300,8051200.0000,3
2025-10-14,20251014144000000,sz.002418,4.5300,4.5400,4.5100,4.5100,1183100,5348480.0000,3
2025-10-14,20251014144500000,sz.002418,4.5100,4.5200,4.5000,4.5100,1979900,8928960.0000,3
2025-10-14,20251014145000000,sz.002418,4.5100,4.5200,4.5000,4.5100,1333000,6008768.0000,3
2025-10-14,20251014145500000,sz.002418,4.5100,4.5200,4.5000,4.5200,2025400,9136672.0000,3
2025-10-14,20251014150000000,sz.002418,4.5200,4.5200,4.5100,4.5100,1804700,8141952.0000,3
2025-10-15,20251015093500000,sz.002418,4.5200,4.5500,4.4800,4.5000,5062500,22846812.0000,3
2025-10-15,20251015094000000,sz.002418,4.4800,4.4900,4.4600,4.4600,3062100,13685980.0000,3
2025-10-15,20251015094500000,sz.002418,4.4600,4.4900,4.4300,4.4900,4160900,18534804.0000,3
2025-10-15,20251015095000000,sz.002418,4.5100,4.5200,4.4600,4.4700,1723200,7739488.0000,3
2025-10-15,20251015095500000,sz.002418,4.4700,4.4700,4.4500,4.4600,2449200,10919372.0000,3
2025-10-15,20251015100000000,sz.002418,4.4600,4.4800,4.4500,4.4800,1744300,7782712.0000,3
2025-10-15,20251015100500000,sz.002418,4.4800,4.4800,4.4600,4.4800,1051300,4696408.0000,3
2025-10-15,20251015101000000,sz.002418,4.4700,4.5000,4.4700,4.4900,1078200,4831984.0000,3
2025-10-15,20251015101500000,sz.002418,4.5000,4.5000,4.4900,4.4900,875900,3937928.0000,3
2025-10-15,20251015102000000,sz.002418,4.4900,4.5200,4.4900,4.5100,955800,4303664.0000,3
2025-10-15,20251015102500000,sz.002418,4.5100,4.5100,4.4900,4.4900,798100,3590800.0000,3
2025-10-15,20251015103000000,sz.002418,4.5000,4.5100,4.4900,4.5000,501000,2254336.0000,3
2025-10-15,20251015103500000,sz.002418,4.4900,4.5000,4.4700,4.4700,1455000,6517752.0000,3
2025-10-15,20251015104000000,sz.002418,4.4700,4.4700,4.4600,4.4600,997600,4453952.0000,3
2025-10-15,20251015104500000,sz.002418,4.4600,4.4700,4.4400,4.4500,2075600,9235744.0000,3
2025-10-15,20251015105000000,sz.002418,4.4500,4.4600,4.4400,4.4500,1161100,5167160.0000,3
2025-10-15,20251015105500000,sz.002418,4.4400,4.4500,4.4400,4.4500,643500,2861256.0000,3
2025-10-15,20251015110000000,sz.002418,4.4500,4.4500,4.4400,4.4400,494900,2200408.0000,3
2025-10-15,20251015110500000,sz.002418,4.4400,4.4500,4.4400,4.4400,421400,1872240.0000,3
2025-10-15,20251015111000000,sz.002418,4.4500,4.4500,4.4400,4.4500,808400,3589824.0000,3
2025-10-15,20251015111500000,sz.002418,4.4400,4.4500,4.4300,4.4400,976600,4335600.0000,3
2025-10-15,20251015112000000,sz.002418,4.4400,4.4500,4.4300,4.4400,657300,2917328.0000,3
2025-10-15,20251015112500000,sz.002418,4.4400,4.4400,4.4300,4.4400,695300,3083600.0000,3
2025-10-15,20251015113000000,sz.002418,4.4300,4.4600,4.4300,4.4500,2074600,9225344.0000,3
2025-10-15,20251015130500000,sz.002418,4.4500,4.4800,4.4500,4.4800,1168400,5215600.0000,3
2025-10-15,20251015131000000,sz.002418,4.4700,4.4800,4.4600,4.4800,839800,3756144.0000,3
2025-10-15,20251015131500000,sz.002418,4.4700,4.4800,4.4600,4.4700,580900,2593456.0000,3
2025-10-15,20251015132000000,sz.002418,4.4800,4.4800,4.4700,4.4800,209900,939568.0000,3
2025-10-15,20251015132500000,sz.002418,4.4800,4.4900,4.4700,4.4800,759000,3399968.0000,3
2025-10-15,20251015133000000,sz.002418,4.4700,4.4800,4.4700,4.4800,202800,907424.0000,3
2025-10-15,20251015133500000,sz.002418,4.4700,4.4900,4.4700,4.4800,929300,4162944.0000,3
2025-10-15,20251015134000000,sz.002418,4.4900,4.4900,4.4800,4.4900,256500,1149920.0000,3
2025-10-15,20251015134500000,sz.002418,4.4800,4.4900,4.4700,4.4900,1245400,5580864.0000,3
2025-10-15,20251015135000000,sz.002418,4.4900,4.4900,4.4700,4.4800,290500,1300496.0000,3
2025-10-15,20251015135500000,sz.002418,4.4700,4.4900,4.4700,4.4900,914200,4094864.0000,3
2025-10-15,20251015140000000,sz.002418,4.4800,4.4900,4.4700,4.4900,387500,1736528.0000,3
2025-10-15,20251015140500000,sz.002418,4.4800,4.4900,4.4800,4.4800,635800,2849424.0000,3
2025-10-15,20251015141000000,sz.002418,4.4800,4.5000,4.4800,4.4900,996300,4474176.0000,3
2025-10-15,20251015141500000,sz.002418,4.5000,4.5100,4.4900,4.5000,1533000,6897472.0000,3
2025-10-15,20251015142000000,sz.002418,4.5100,4.5100,4.5000,4.5000,769800,3466112.0000,3
2025-10-15,20251015142500000,sz.002418,4.5000,4.5100,4.5000,4.5100,375700,1691552.0000,3
2025-10-15,20251015143000000,sz.002418,4.5000,4.5100,4.5000,4.5000,440800,1985200.0000,3
2025-10-15,20251015143500000,sz.002418,4.5000,4.5100,4.5000,4.5000,403600,1817344.0000,3
2025-10-15,20251015144000000,sz.002418,4.5000,4.5100,4.5000,4.5100,448700,2021888.0000,3
2025-10-15,20251015144500000,sz.002418,4.5100,4.5300,4.5000,4.5200,2594500,11716272.0000,3
2025-10-15,20251015145000000,sz.002418,4.5200,4.5400,4.5200,4.5300,1193700,5410576.0000,3
2025-10-15,20251015145500000,sz.002418,4.5300,4.5300,4.5200,4.5300,2288400,10357664.0000,3
2025-10-15,20251015150000000,sz.002418,4.5200,4.5400,4.5200,4.5300,1745300,7908256.0000,3
2025-10-16,20251016093500000,sz.002418,4.4900,4.4900,4.4200,4.4300,7218100,32093432.0000,3
2025-10-16,20251016094000000,sz.002418,4.4200,4.4500,4.4000,4.4200,4583700,20247840.0000,3
2025-10-16,20251016094500000,sz.002418,4.4200,4.4300,4.3900,4.4000,4469800,19708104.0000,3
2025-10-16,20251016095000000,sz.002418,4.4000,4.4100,4.3900,4.3900,2605600,11457184.0000,3
2025-10-16,20251016095500000,sz.002418,4.3900,4.4000,4.3800,4.3900,2598400,11405760.0000,3
2025-10-16,20251016100000000,sz.002418,4.4000,4.4200,4.3800,4.4000,2650100,11649512.0000,3
2025-10-16,20251016100500000,sz.002418,4.4000,4.4100,4.3900,4.4000,1020500,4489200.0000,3
2025-10-16,20251016101000000,sz.002418,4.4000,4.4100,4.3800,4.3900,2075900,9113672.0000,3
2025-10-16,20251016101500000,sz.002418,4.3900,4.4000,4.3800,4.3900,1364200,5987232.0000,3
2025-10-16,20251016102000000,sz.002418,4.3900,4.4100,4.3900,4.4100,971800,4274632.0000,3
2025-10-16,20251016102500000,sz.002418,4.4100,4.4100,4.4000,4.4000,578300,2547032.0000,3
2025-10-16,20251016103000000,sz.002418,4.4000,4.4000,4.3900,4.3900,756700,3327152.0000,3
2025-10-16,20251016103500000,sz.002418,4.3900,4.4000,4.3800,4.3800,1959100,8604608.0000,3
2025-10-16,20251016104000000,sz.002418,4.3800,4.3900,4.3800,4.3900,483300,2118256.0000,3
2025-10-16,20251016104500000,sz.002418,4.3900,4.3900,4.3800,4.3900,604300,2649536.0000,3
2025-10-16,20251016105000000,sz.002418,4.3900,4.3900,4.3800,4.3800,687400,3013904.0000,3
2025-10-16,20251016105500000,sz.002418,4.3900,4.4000,4.3800,4.4000,651100,2857184.0000,3
2025-10-16,20251016110000000,sz.002418,4.3900,4.4000,4.3900,4.3900,309200,1359344.0000,3
2025-10-16,20251016110500000,sz.002418,4.3900,4.4200,4.3900,4.4000,1111800,4892416.0000,3
2025-10-16,20251016111000000,sz.002418,4.4000,4.4100,4.4000,4.4000,831900,3660880.0000,3
2025-10-16,20251016111500000,sz.002418,4.4000,4.4100,4.3900,4.4100,285900,1258176.0000,3
2025-10-16,20251016112000000,sz.002418,4.4100,4.4100,4.4000,4.4000,434600,1912416.0000,3
2025-10-16,20251016112500000,sz.002418,4.4000,4.4000,4.3800,4.3900,736500,3233456.0000,3
2025-10-16,20251016113000000,sz.002418,4.3900,4.3900,4.3800,4.3900,299800,1314288.0000,3
2025-10-16,20251016130500000,sz.002418,4.3900,4.3900,4.3700,4.3700,2044000,8948016.0000,3
2025-10-16,20251016131000000,sz.002418,4.3700,4.3800,4.3600,4.3700,1296700,5658976.0000,3
2025-10-16,20251016131500000,sz.002418,4.3700,4.3700,4.3500,4.3500,1147700,5001456.0000,3
2025-10-16,20251016132000000,sz.002418,4.3600,4.3600,4.3400,4.3500,2238300,9736688.0000,3
2025-10-16,20251016132500000,sz.002418,4.3500,4.3600,4.3400,4.3500,1434000,6236592.0000,3
2025-10-16,20251016133000000,sz.002418,4.3600,4.3600,4.3400,4.3500,742400,3228560.0000,3
2025-10-16,20251016133500000,sz.002418,4.3500,4.3600,4.3400,4.3600,766500,3333120.0000,3
2025-10-16,20251016134000000,sz.002418,4.3500,4.3600,4.3400,4.3500,932800,4059264.0000,3
2025-10-16,20251016134500000,sz.002418,4.3500,4.3600,4.3400,4.3500,561900,2444272.0000,3
2025-10-16,20251016135000000,sz.002418,4.3400,4.3500,4.3400,4.3500,504700,2191488.0000,3
2025-10-16,20251016135500000,sz.002418,4.3500,4.3600,4.3400,4.3600,867700,3772256.0000,3
2025-10-16,20251016140000000,sz.002418,4.3600,4.3600,4.3400,4.3400,930700,4049952.0000,3
2025-10-16,20251016140500000,sz.002418,4.3500,4.3500,4.3400,4.3400,580100,2519216.0000,3
2025-10-16,20251016141000000,sz.002418,4.3400,4.3500,4.3400,4.3500,595500,2585952.0000,3
2025-10-16,20251016141500000,sz.002418,4.3500,4.3500,4.3400,4.3500,1057200,4597872.0000,3
2025-10-16,20251016142000000,sz.002418,4.3500,4.3500,4.3400,4.3400,553100,2402304.0000,3
2025-10-16,20251016142500000,sz.002418,4.3400,4.3500,4.3300,4.3400,1178700,5114496.0000,3
2025-10-16,20251016143000000,sz.002418,4.3400,4.3500,4.3300,4.3400,1412900,6126896.0000,3
2025-10-16,20251016143500000,sz.002418,4.3400,4.3500,4.3200,4.3200,2478600,10731264.0000,3
2025-10-16,20251016144000000,sz.002418,4.3300,4.3300,4.3100,4.3100,1309900,5657728.0000,3
2025-10-16,20251016144500000,sz.002418,4.3200,4.3300,4.3100,4.3200,1893300,8179168.0000,3
2025-10-16,20251016145000000,sz.002418,4.3200,4.3300,4.3200,4.3300,747200,3230784.0000,3
2025-10-16,20251016145500000,sz.002418,4.3200,4.3300,4.3200,4.3300,2480200,10721216.0000,3
2025-10-16,20251016150000000,sz.002418,4.3300,4.3300,4.3200,4.3200,1933400,8354464.0000,3
2025-10-17,20251017093500000,sz.002418,4.3400,4.3600,4.3100,4.3300,3574200,15477160.0000,3
2025-10-17,20251017094000000,sz.002418,4.3300,4.3300,4.3100,4.3200,1777000,7673098.0000,3
2025-10-17,20251017094500000,sz.002418,4.3000,4.3100,4.2700,4.2800,3112900,13343294.0000,3
2025-10-17,20251017095000000,sz.002418,4.2700,4.2800,4.2600,4.2700,2570700,10976728.0000,3
2025-10-17,20251017095500000,sz.002418,4.2700,4.2800,4.2600,4.2800,1885600,8053592.0000,3
2025-10-17,20251017100000000,sz.002418,4.2700,4.2800,4.2600,4.2700,959900,4100520.0000,3
2025-10-17,20251017100500000,sz.002418,4.2600,4.2700,4.2500,4.2600,1433500,6100904.0000,3
2025-10-17,20251017101000000,sz.002418,4.2600,4.2800,4.2600,4.2700,1735600,7403200.0000,3
2025-10-17,20251017101500000,sz.002418,4.2700,4.2800,4.2500,4.2700,942300,4016616.0000,3
2025-10-17,20251017102000000,sz.002418,4.2700,4.2800,4.2600,4.2700,550900,2349760.0000,3
2025-10-17,20251017102500000,sz.002418,4.2700,4.2800,4.2700,4.2700,557400,2382480.0000,3
2025-10-17,20251017103000000,sz.002418,4.2800,4.3100,4.2700,4.3000,1244200,5342616.0000,3
2025-10-17,20251017103500000,sz.002418,4.3000,4.3100,4.2900,4.3100,518700,2231216.0000,3
2025-10-17,20251017104000000,sz.002418,4.3000,4.3100,4.2900,4.2900,503000,2163664.0000,3
2025-10-17,20251017104500000,sz.002418,4.3000,4.3000,4.2800,4.2800,671900,2884008.0000,3
2025-10-17,20251017105000000,sz.002418,4.2900,4.2900,4.2500,4.2700,4313200,18364280.0000,3
2025-10-17,20251017105500000,sz.002418,4.2700,4.2700,4.2500,4.2600,444200,1893040.0000,3
2025-10-17,20251017110000000,sz.002418,4.2600,4.2700,4.2500,4.2600,471000,2005208.0000,3
2025-10-17,20251017110500000,sz.002418,4.2700,4.2700,4.2300,4.2300,1284200,5452024.0000,3
2025-10-17,20251017111000000,sz.002418,4.2300,4.2400,4.2100,4.2200,2133200,9006744.0000,3
2025-10-17,20251017111500000,sz.002418,4.2200,4.2200,4.2000,4.2100,2310900,9724984.0000,3
2025-10-17,20251017112000000,sz.002418,4.2100,4.2200,4.2000,4.2100,1342100,5657696.0000,3
2025-10-17,20251017112500000,sz.002418,4.2100,4.2200,4.2000,4.2100,728900,3068560.0000,3
2025-10-17,20251017113000000,sz.002418,4.2000,4.2100,4.2000,4.2000,805500,3388320.0000,3
2025-10-17,20251017130500000,sz.002418,4.2000,4.2000,4.1800,4.1900,2332800,9786592.0000,3
2025-10-17,20251017131000000,sz.002418,4.1900,4.2000,4.1800,4.1900,865600,3628400.0000,3
2025-10-17,20251017131500000,sz.002418,4.2000,4.2000,4.1900,4.2000,404300,1695104.0000,3
2025-10-17,20251017132000000,sz.002418,4.2000,4.2100,4.1800,4.1900,1616800,6782032.0000,3
2025-10-17,20251017132500000,sz.002418,4.1900,4.2000,4.1800,4.1900,908200,3801616.0000,3
2025-10-17,20251017133000000,sz.002418,4.2000,4.2100,4.1900,4.2100,625100,2627264.0000,3
2025-10-17,20251017133500000,sz.002418,4.2100,4.2100,4.2000,4.2000,341600,1435328.0000,3
2025-10-17,20251017134000000,sz.002418,4.2000,4.2100,4.1900,4.1900,404800,1697872.0000,3
2025-10-17,20251017134500000,sz.002418,4.1900,4.2000,4.1800,4.1900,817300,3421984.0000,3
2025-10-17,20251017135000000,sz.002418,4.1800,4.2000,4.1800,4.1900,605400,2533248.0000,3
2025-10-17,20251017135500000,sz.002418,4.2000,4.2000,4.1800,4.1900,513200,2150608.0000,3
2025-10-17,20251017140000000,sz.002418,4.1900,4.2000,4.1900,4.1900,470000,1970576.0000,3
2025-10-17,20251017140500000,sz.002418,4.1900,4.2000,4.1800,4.1900,755400,3164944.0000,3
2025-10-17,20251017141000000,sz.002418,4.1900,4.2100,4.1800,4.1800,798000,3349472.0000,3
2025-10-17,20251017141500000,sz.002418,4.1900,4.1900,4.1800,4.1800,547600,2290320.0000,3
2025-10-17,20251017142000000,sz.002418,4.1900,4.1900,4.1600,4.1600,2282400,9513456.0000,3
2025-10-17,20251017142500000,sz.002418,4.1600,4.1700,4.1600,4.1600,1151900,4794016.0000,3
2025-10-17,20251017143000000,sz.002418,4.1600,4.1700,4.1600,4.1700,1145800,4765872.0000,3
2025-10-17,20251017143500000,sz.002418,4.1600,4.1700,4.1500,4.1600,1606300,6677968.0000,3
2025-10-17,20251017144000000,sz.002418,4.1600,4.1700,4.1500,4.1600,1121000,4661040.0000,3
2025-10-17,20251017144500000,sz.002418,4.1600,4.1800,4.1600,4.1700,988100,4118624.0000,3
2025-10-17,20251017145000000,sz.002418,4.1600,4.1700,4.1500,4.1500,959800,3993968.0000,3
2025-10-17,20251017145500000,sz.002418,4.1500,4.1600,4.1400,4.1400,2226100,9227824.0000,3
2025-10-17,20251017150000000,sz.002418,4.1400,4.1500,4.1400,4.1400,1279200,5299200.0000,3
2025-10-20,20251020093500000,sz.002418,4.2000,4.2100,4.1800,4.2000,3847700,16130108.0000,3
2025-10-20,20251020094000000,sz.002418,4.1900,4.2100,4.1900,4.2100,1702100,7148240.0000,3
2025-10-20,20251020094500000,sz.002418,4.2000,4.2100,4.1800,4.2000,1290800,5409292.0000,3
2025-10-20,20251020095000000,sz.002418,4.1900,4.2100,4.1900,4.2100,1553600,6533128.0000,3
2025-10-20,20251020095500000,sz.002418,4.2100,4.2200,4.2000,4.2200,776800,3272032.0000,3
2025-10-20,20251020100000000,sz.002418,4.2200,4.2200,4.2100,4.2200,1049100,4422984.0000,3
2025-10-20,20251020100500000,sz.002418,4.2200,4.2200,4.2000,4.2100,839900,3537328.0000,3
2025-10-20,20251020101000000,sz.002418,4.2200,4.2200,4.2000,4.2000,689900,2903916.0000,3
2025-10-20,20251020101500000,sz.002418,4.2000,4.2100,4.2000,4.2100,828900,3488036.0000,3
2025-10-20,20251020102000000,sz.002418,4.2000,4.2100,4.1900,4.2000,796600,3345076.0000,3
2025-10-20,20251020102500000,sz.002418,4.1900,4.2100,4.1900,4.1900,622300,2610312.0000,3
2025-10-20,20251020103000000,sz.002418,4.1900,4.2100,4.1900,4.2100,557300,2340056.0000,3
2025-10-20,20251020103500000,sz.002418,4.2000,4.2100,4.1900,4.2100,564300,2371868.0000,3
2025-10-20,20251020104000000,sz.002418,4.2100,4.2100,4.2000,4.2100,736600,3096172.0000,3
2025-10-20,20251020104500000,sz.002418,4.2000,4.2100,4.2000,4.2000,211100,887292.0000,3
2025-10-20,20251020105000000,sz.002418,4.2100,4.2100,4.2000,4.2000,91100,383168.0000,3
2025-10-20,20251020105500000,sz.002418,4.2000,4.2100,4.1900,4.1900,843800,3545112.0000,3
2025-10-20,20251020110000000,sz.002418,4.2000,4.2000,4.1900,4.2000,292900,1227968.0000,3
2025-10-20,20251020110500000,sz.002418,4.1900,4.1900,4.1800,4.1900,685000,2867896.0000,3
2025-10-20,20251020111000000,sz.002418,4.1800,4.2000,4.1800,4.2000,679000,2844160.0000,3
2025-10-20,20251020111500000,sz.002418,4.2000,4.2000,4.1900,4.1900,658300,2761872.0000,3
2025-10-20,20251020112000000,sz.002418,4.1900,4.2100,4.1900,4.2000,458300,1924560.0000,3
2025-10-20,20251020112500000,sz.002418,4.2100,4.2100,4.2000,4.2000,111400,468048.0000,3
2025-10-20,20251020113000000,sz.002418,4.2100,4.2100,4.1900,4.1900,328600,1379328.0000,3
2025-10-20,20251020130500000,sz.002418,4.1900,4.2100,4.1900,4.2000,938700,3942112.0000,3
2025-10-20,20251020131000000,sz.002418,4.2000,4.2000,4.1900,4.1900,240300,1008816.0000,3
2025-10-20,20251020131500000,sz.002418,4.1900,4.2000,4.1800,4.1900,582700,2441936.0000,3
2025-10-20,20251020132000000,sz.002418,4.1800,4.1900,4.1700,4.1800,657300,2747824.0000,3
2025-10-20,20251020132500000,sz.002418,4.1800,4.1900,4.1700,4.1700,358100,1495504.0000,3
2025-10-20,20251020133000000,sz.002418,4.1800,4.1900,4.1700,4.1700,290200,1212920.0000,3
2025-10-20,20251020133500000,sz.002418,4.1800,4.1800,4.1600,4.1600,524600,2188392.0000,3
2025-10-20,20251020134000000,sz.002418,4.1800,4.1900,4.1800,4.1800,379400,1585944.0000,3
2025-10-20,20251020134500000,sz.002418,4.1900,4.1900,4.1700,4.1800,626600,2615984.0000,3
2025-10-20,20251020135000000,sz.002418,4.1800,4.1900,4.1700,4.1800,225600,942984.0000,3
2025-10-20,20251020135500000,sz.002418,4.1800,4.1900,4.1800,4.1800,228800,956560.0000,3
2025-10-20,20251020140000000,sz.002418,4.1800,4.1900,4.1800,4.1800,275300,1151104.0000,3
2025-10-20,20251020140500000,sz.002418,4.1900,4.1900,4.1700,4.1800,431300,1803448.0000,3
2025-10-20,20251020141000000,sz.002418,4.1900,4.1900,4.1700,4.1700,236200,987152.0000,3
2025-10-20,20251020141500000,sz.002418,4.1800,4.1800,4.1600,4.1600,518000,2159888.0000,3
2025-10-20,20251020142000000,sz.002418,4.1700,4.1700,4.1600,4.1600,209700,873104.0000,3
2025-10-20,20251020142500000,sz.002418,4.1700,4.1700,4.1600,4.1700,199500,830440.0000,3
2025-10-20,20251020143000000,sz.002418,4.1700,4.1800,4.1600,4.1800,750400,3130752.0000,3
2025-10-20,20251020143500000,sz.002418,4.1800,4.1800,4.1700,4.1800,433800,1810600.0000,3
2025-10-20,20251020144000000,sz.002418,4.1800,4.1800,4.1700,4.1800,390600,1629632.0000,3
2025-10-20,20251020144500000,sz.002418,4.1700,4.1900,4.1700,4.1800,1093600,4571288.0000,3
2025-10-20,20251020145000000,sz.002418,4.1800,4.1900,4.1800,4.1800,282400,1181352.0000,3
2025-10-20,20251020145500000,sz.002418,4.1900,4.1900,4.1800,4.1800,1020800,4271752.0000,3
2025-10-20,20251020150000000,sz.002418,4.1800,4.2000,4.1800,4.1900,1254800,5257360.0000,3
2025-10-21,20251021093500000,sz.002418,4.2000,4.2000,4.1600,4.1600,2147700,8975594.0000,3
2025-10-21,20251021094000000,sz.002418,4.1500,4.2100,4.1500,4.1900,2160500,9049412.0000,3
2025-10-21,20251021094500000,sz.002418,4.1800,4.2100,4.1700,4.2000,1288300,5397606.0000,3
2025-10-21,20251021095000000,sz.002418,4.2000,4.2100,4.2000,4.2100,450900,1894328.0000,3
2025-10-21,20251021095500000,sz.002418,4.2100,4.2200,4.2000,4.2100,1406700,5923680.0000,3
2025-10-21,20251021100000000,sz.002418,4.2100,4.2200,4.2100,4.2100,616300,2598268.0000,3
2025-10-21,20251021100500000,sz.002418,4.2200,4.2200,4.2000,4.2100,873300,3671832.0000,3
2025-10-21,20251021101000000,sz.002418,4.2100,4.2200,4.2000,4.2100,1181900,4976084.0000,3
2025-10-21,20251021101500000,sz.002418,4.2100,4.2300,4.2100,4.2300,1208500,5097156.0000,3
2025-10-21,20251021102000000,sz.002418,4.2200,4.2600,4.2200,4.2400,2850200,12102144.0000,3
2025-10-21,20251021102500000,sz.002418,4.2400,4.2500,4.2400,4.2500,331300,1407312.0000,3
2025-10-21,20251021103000000,sz.002418,4.2500,4.2500,4.2400,4.2400,565600,2403040.0000,3
2025-10-21,20251021103500000,sz.002418,4.2500,4.2500,4.2400,4.2500,584600,2484100.0000,3
2025-10-21,20251021104000000,sz.002418,4.2500,4.2500,4.2400,4.2500,318200,1351580.0000,3
2025-10-21,20251021104500000,sz.002418,4.2500,4.2600,4.2400,4.2600,1382900,5886016.0000,3
2025-10-21,20251021105000000,sz.002418,4.2600,4.2600,4.2500,4.2500,291900,1241136.0000,3
2025-10-21,20251021105500000,sz.002418,4.2600,4.2600,4.2400,4.2400,1938400,8231232.0000,3
2025-10-21,20251021110000000,sz.002418,4.2500,4.2500,4.2400,4.2400,63400,269064.0000,3
2025-10-21,20251021110500000,sz.002418,4.2400,4.2600,4.2400,4.2500,823200,3498192.0000,3
2025-10-21,20251021111000000,sz.002418,4.2500,4.2600,4.2400,4.2400,445500,1892704.0000,3
2025-10-21,20251021111500000,sz.002418,4.2400,4.2600,4.2400,4.2500,402600,1710552.0000,3
2025-10-21,20251021112000000,sz.002418,4.2500,4.2600,4.2500,4.2600,146200,621840.0000,3
2025-10-21,20251021112500000,sz.002418,4.2500,4.2600,4.2500,4.2600,113000,480528.0000,3
2025-10-21,20251021113000000,sz.002418,4.2600,4.2700,4.2500,4.2600,1330300,5666616.0000,3
2025-10-21,20251021130500000,sz.002418,4.2600,4.2600,4.2400,4.2500,643700,2737856.0000,3
2025-10-21,20251021131000000,sz.002418,4.2500,4.2700,4.2400,4.2700,999800,4256032.0000,3
2025-10-21,20251021131500000,sz.002418,4.2700,4.2700,4.2600,4.2600,819600,3495240.0000,3
2025-10-21,20251021132000000,sz.002418,4.2600,4.2700,4.2600,4.2700,446000,1903296.0000,3
2025-10-21,20251021132500000,sz.002418,4.2700,4.2800,4.2600,4.2800,686400,2932048.0000,3
2025-10-21,20251021133000000,sz.002418,4.2700,4.2700,4.2600,4.2700,221500,945584.0000,3
2025-10-21,20251021133500000,sz.002418,4.2600,4.2700,4.2600,4.2700,476800,2035488.0000,3
2025-10-21,20251021134000000,sz.002418,4.2700,4.2800,4.2600,4.2600,902100,3852136.0000,3
2025-10-21,20251021134500000,sz.002418,4.2700,4.2800,4.2600,4.2700,356900,1523824.0000,3
2025-10-21,20251021135000000,sz.002418,4.2700,4.2800,4.2700,4.2700,285100,1218208.0000,3
2025-10-21,20251021135500000,sz.002418,4.2700,4.2700,4.2600,4.2700,116800,498320.0000,3
2025-10-21,20251021140000000,sz.002418,4.2700,4.2700,4.2600,4.2600,156300,666360.0000,3
2025-10-21,20251021140500000,sz.002418,4.2600,4.2700,4.2600,4.2700,444200,1895424.0000,3
2025-10-21,20251021141000000,sz.002418,4.2600,4.2700,4.2600,4.2600,327700,1397208.0000,3
2025-10-21,20251021141500000,sz.002418,4.2700,4.2800,4.2600,4.2700,2242400,9584640.0000,3
2025-10-21,20251021142000000,sz.002418,4.2800,4.2800,4.2700,4.2700,345900,1479952.0000,3
2025-10-21,20251021142500000,sz.002418,4.2800,4.2800,4.2700,4.2800,676900,2896608.0000,3
2025-10-21,20251021143000000,sz.002418,4.2800,4.2800,4.2700,4.2700,353000,1508064.0000,3
2025-10-21,20251021143500000,sz.002418,4.2700,4.2800,4.2700,4.2800,240700,1029104.0000,3
2025-10-21,20251021144000000,sz.002418,4.2700,4.2800,4.2700,4.2800,699600,2988368.0000,3
2025-10-21,20251021144500000,sz.002418,4.2700,4.2800,4.2700,4.2800,642200,2746864.0000,3
2025-10-21,20251021145000000,sz.002418,4.2700,4.2800,4.2700,4.2700,1148200,4906848.0000,3
2025-10-21,20251021145500000,sz.002418,4.2800,4.2800,4.2700,4.2800,997100,4261600.0000,3
2025-10-21,20251021150000000,sz.002418,4.2800,4.2800,4.2700,4.2700,898100,3838288.0000,3
2025-10-22,20251022093500000,sz.002418,4.2500,4.2700,4.2200,4.2700,1753300,7446507.0000,3
2025-10-22,20251022094000000,sz.002418,4.2700,4.2800,4.2400,4.2400,2162000,9200432.0000,3
2025-10-22,20251022094500000,sz.002418,4.2400,4.2500,4.2300,4.2400,882900,3741207.0000,3
2025-10-22,20251022095000000,sz.002418,4.2400,4.2500,4.2200,4.2500,1874100,7935558.0000,3
2025-10-22,20251022095500000,sz.002418,4.2400,4.2700,4.2400,4.2600,1361000,5789192.0000,3
2025-10-22,20251022100000000,sz.002418,4.2600,4.2700,4.2500,4.2600,886100,3775128.0000,3
2025-10-22,20251022100500000,sz.002418,4.2600,4.2800,4.2600,4.2800,1176300,5023248.0000,3
2025-10-22,20251022101000000,sz.002418,4.2800,4.2900,4.2700,4.2800,763300,3267480.0000,3
2025-10-22,20251022101500000,sz.002418,4.2800,4.2800,4.2700,4.2700,265100,1133856.0000,3
2025-10-22,20251022102000000,sz.002418,4.2800,4.2900,4.2700,4.2900,446100,1909404.0000,3
2025-10-22,20251022102500000,sz.002418,4.2900,4.3100,4.2800,4.3100,1846600,7929772.0000,3
2025-10-22,20251022103000000,sz.002418,4.3000,4.3100,4.2900,4.3000,824600,3546844.0000,3
2025-10-22,20251022103500000,sz.002418,4.3000,4.3000,4.2900,4.2900,354000,1521160.0000,3
2025-10-22,20251022104000000,sz.002418,4.3000,4.3000,4.2800,4.2800,2144400,9194740.0000,3
2025-10-22,20251022104500000,sz.002418,4.2700,4.2800,4.2700,4.2800,272300,1165104.0000,3
2025-10-22,20251022105000000,sz.002418,4.2700,4.2800,4.2700,4.2800,114200,487968.0000,3
2025-10-22,20251022105500000,sz.002418,4.2700,4.2800,4.2600,4.2700,591500,2525248.0000,3
2025-10-22,20251022110000000,sz.002418,4.2700,4.2700,4.2500,4.2600,618900,2636560.0000,3
2025-10-22,20251022110500000,sz.002418,4.2500,4.2600,4.2500,4.2500,455000,1934032.0000,3
2025-10-22,20251022111000000,sz.002418,4.2500,4.2700,4.2500,4.2600,407400,1735504.0000,3
2025-10-22,20251022111500000,sz.002418,4.2600,4.2700,4.2600,4.2600,100800,429792.0000,3
2025-10-22,20251022112000000,sz.002418,4.2600,4.2700,4.2600,4.2600,86200,367568.0000,3
2025-10-22,20251022112500000,sz.002418,4.2600,4.2700,4.2600,4.2600,604200,2574256.0000,3
2025-10-22,20251022113000000,sz.002418,4.2600,4.2700,4.2500,4.2600,351400,1497536.0000,3
2025-10-22,20251022130500000,sz.002418,4.2600,4.2600,4.2500,4.2500,794000,3381624.0000,3
2025-10-22,20251022131000000,sz.002418,4.2600,4.2600,4.2500,4.2600,532100,2262312.0000,3
2025-10-22,20251022131500000,sz.002418,4.2600,4.2600,4.2500,4.2500,182600,777048.0000,3
2025-10-22,20251022132000000,sz.002418,4.2500,4.2700,4.2500,4.2600,602400,2564616.0000,3
2025-10-22,20251022132500000,sz.002418,4.2700,4.2800,4.2600,4.2800,407600,1740528.0000,3
2025-10-22,20251022133000000,sz.002418,4.2800,4.2800,4.2700,4.2800,203500,870416.0000,3
2025-10-22,20251022133500000,sz.002418,4.2800,4.2800,4.2700,4.2700,129200,552360.0000,3
2025-10-22,20251022134000000,sz.002418,4.2800,4.2800,4.2700,4.2700,530900,2267864.0000,3
2025-10-22,20251022134500000,sz.002418,4.2700,4.2700,4.2600,4.2700,216200,922936.0000,3
2025-10-22,20251022135000000,sz.002418,4.2600,4.2700,4.2600,4.2700,135900,580008.0000,3
2025-10-22,20251022135500000,sz.002418,4.2600,4.2700,4.2600,4.2700,102600,437584.0000,3
2025-10-22,20251022140000000,sz.002418,4.2600,4.2700,4.2500,4.2500,802200,3417680.0000,3
2025-10-22,20251022140500000,sz.002418,4.2600,4.2700,4.2600,4.2600,489400,2084896.0000,3
2025-10-22,20251022141000000,sz.002418,4.2600,4.2600,4.2500,4.2600,180300,767840.0000,3
2025-10-22,20251022141500000,sz.002418,4.2600,4.2600,4.2500,4.2500,90400,384688.0000,3
2025-10-22,20251022142000000,sz.002418,4.2500,4.2600,4.2500,4.2500,110400,469624.0000,3
2025-10-22,20251022142500000,sz.002418,4.2500,4.2600,4.2500,4.2600,313200,1331536.0000,3
2025-10-22,20251022143000000,sz.002418,4.2600,4.2600,4.2500,4.2600,169000,719280.0000,3
2025-10-22,20251022143500000,sz.002418,4.2600,4.2600,4.2500,4.2500,328300,1397176.0000,3
2025-10-22,20251022144000000,sz.002418,4.2600,4.2600,4.2500,4.2600,237400,1009408.0000,3
2025-10-22,20251022144500000,sz.002418,4.2500,4.2600,4.2500,4.2500,794100,3377696.0000,3
2025-10-22,20251022145000000,sz.002418,4.2600,4.2600,4.2500,4.2600,576200,2450992.0000,3
2025-10-22,20251022145500000,sz.002418,4.2500,4.2600,4.2500,4.2600,1259200,5357072.0000,3
2025-10-22,20251022150000000,sz.002418,4.2600,4.2700,4.2500,4.2600,1014700,4325584.0000,3
2025-10-23,20251023093500000,sz.002418,4.2500,4.2600,4.2100,4.2300,2243400,9501604.0000,3
2025-10-23,20251023094000000,sz.002418,4.2200,4.2200,4.2000,4.2000,1788000,7529728.0000,3
2025-10-23,20251023094500000,sz.002418,4.2000,4.2000,4.1800,4.1800,2246100,9417604.0000,3
2025-10-23,20251023095000000,sz.002418,4.1900,4.2000,4.1700,4.1800,2005300,8395032.0000,3
2025-10-23,20251023095500000,sz.002418,4.1800,4.2000,4.1700,4.1800,1600600,6691288.0000,3
2025-10-23,20251023100000000,sz.002418,4.1800,4.1900,4.1700,4.1700,1128200,4715640.0000,3
2025-10-23,20251023100500000,sz.002418,4.1700,4.1900,4.1700,4.1900,722000,3015960.0000,3
2025-10-23,20251023101000000,sz.002418,4.1900,4.2000,4.1700,4.1800,676100,2828900.0000,3
2025-10-23,20251023101500000,sz.002418,4.1800,4.2000,4.1800,4.1900,1073700,4497760.0000,3
2025-10-23,20251023102000000,sz.002418,4.1900,4.2100,4.1900,4.2100,558600,2345980.0000,3
2025-10-23,20251023102500000,sz.002418,4.2000,4.2000,4.1900,4.1900,387300,1625900.0000,3
2025-10-23,20251023103000000,sz.002418,4.2000,4.2000,4.1900,4.1900,394400,1652720.0000,3
2025-10-23,20251023103500000,sz.002418,4.1900,4.2000,4.1900,4.1900,229300,960916.0000,3
2025-10-23,20251023104000000,sz.002418,4.1900,4.2000,4.1900,4.2000,244800,1026288.0000,3
2025-10-23,20251023104500000,sz.002418,4.2000,4.2100,4.1900,4.2000,756000,3173960.0000,3
2025-10-23,20251023105000000,sz.002418,4.2000,4.2100,4.1900,4.2000,205000,861064.0000,3
2025-10-23,20251023105500000,sz.002418,4.2000,4.2100,4.1900,4.1900,275500,1156656.0000,3
2025-10-23,20251023110000000,sz.002418,4.2000,4.2000,4.1800,4.1900,963200,4035264.0000,3
2025-10-23,20251023110500000,sz.002418,4.1900,4.1900,4.1700,4.1800,702400,2936048.0000,3
2025-10-23,20251023111000000,sz.002418,4.1700,4.1800,4.1700,4.1800,166300,694664.0000,3
2025-10-23,20251023111500000,sz.002418,4.1800,4.1900,4.1700,4.1800,541300,2261208.0000,3
2025-10-23,20251023112000000,sz.002418,4.1700,4.1900,4.1700,4.1900,139300,582192.0000,3
2025-10-23,20251023112500000,sz.002418,4.1900,4.1900,4.1800,4.1900,325800,1364584.0000,3
2025-10-23,20251023113000000,sz.002418,4.2000,4.2000,4.1800,4.1800,292000,1221216.0000,3
2025-10-23,20251023130500000,sz.002418,4.1900,4.1900,4.1800,4.1800,683800,2860776.0000,3
2025-10-23,20251023131000000,sz.002418,4.1800,4.1900,4.1800,4.1900,360100,1507072.0000,3
2025-10-23,20251023131500000,sz.002418,4.1800,4.1900,4.1800,4.1800,96800,404816.0000,3
2025-10-23,20251023132000000,sz.002418,4.1800,4.1900,4.1700,4.1900,416400,1740280.0000,3
2025-10-23,20251023132500000,sz.002418,4.1800,4.1900,4.1800,4.1800,295600,1235888.0000,3
2025-10-23,20251023133000000,sz.002418,4.1800,4.1800,4.1700,4.1800,770600,3214856.0000,3
2025-10-23,20251023133500000,sz.002418,4.1800,4.1900,4.1700,4.1700,489500,2045368.0000,3
2025-10-23,20251023134000000,sz.002418,4.1700,4.1800,4.1700,4.1700,317700,1325416.0000,3
2025-10-23,20251023134500000,sz.002418,4.1700,4.1800,4.1700,4.1700,620100,2585952.0000,3
2025-10-23,20251023135000000,sz.002418,4.1800,4.1800,4.1700,4.1700,152600,636728.0000,3
2025-10-23,20251023135500000,sz.002418,4.1700,4.1800,4.1700,4.1700,69100,288464.0000,3
2025-10-23,20251023140000000,sz.002418,4.1800,4.1800,4.1700,4.1700,346200,1444072.0000,3
2025-10-23,20251023140500000,sz.002418,4.1700,4.1800,4.1700,4.1800,839600,3507968.0000,3
2025-10-23,20251023141000000,sz.002418,4.1800,4.2000,4.1700,4.1900,582300,2436632.0000,3
2025-10-23,20251023141500000,sz.002418,4.2000,4.2100,4.1900,4.2100,688400,2892624.0000,3
2025-10-23,20251023142000000,sz.002418,4.2000,4.2000,4.1900,4.2000,250100,1049040.0000,3
2025-10-23,20251023142500000,sz.002418,4.1900,4.2100,4.1900,4.2000,349300,1467104.0000,3
2025-10-23,20251023143000000,sz.002418,4.2000,4.2200,4.1900,4.2100,536300,2258112.0000,3
2025-10-23,20251023143500000,sz.002418,4.2200,4.2200,4.2000,4.2200,533600,2246448.0000,3
2025-10-23,20251023144000000,sz.002418,4.2200,4.2300,4.2100,4.2200,499200,2107760.0000,3
2025-10-23,20251023144500000,sz.002418,4.2300,4.2400,4.2200,4.2400,719800,3047208.0000,3
2025-10-23,20251023145000000,sz.002418,4.2300,4.2600,4.2300,4.2600,1328400,5642032.0000,3
2025-10-23,20251023145500000,sz.002418,4.2500,4.2600,4.2500,4.2600,1102200,4692560.0000,3
2025-10-23,20251023150000000,sz.002418,4.2600,4.2600,4.2500,4.2500,726700,3091160.0000,3
2025-10-24,20251024093500000,sz.002418,4.2500,4.2900,4.2400,4.2800,2515400,10726538.0000,3
2025-10-24,20251024094000000,sz.002418,4.2700,4.2800,4.2600,4.2700,917100,3916538.0000,3
2025-10-24,20251024094500000,sz.002418,4.2600,4.2700,4.2500,4.2700,1760500,7506556.0000,3
2025-10-24,20251024095000000,sz.002418,4.2600,4.2800,4.2600,4.2800,1105500,4726488.0000,3
2025-10-24,20251024095500000,sz.002418,4.2900,4.2900,4.2700,4.2800,502500,2149108.0000,3
2025-10-24,20251024100000000,sz.002418,4.2700,4.2900,4.2700,4.2800,1338600,5729020.0000,3
2025-10-24,20251024100500000,sz.002418,4.2800,4.2800,4.2600,4.2700,1023300,4370000.0000,3
2025-10-24,20251024101000000,sz.002418,4.2600,4.2700,4.2600,4.2600,2218200,9457608.0000,3
2025-10-24,20251024101500000,sz.002418,4.2600,4.2700,4.2500,4.2600,771600,3287456.0000,3
2025-10-24,20251024102000000,sz.002418,4.2600,4.2600,4.2500,4.2600,305900,1301180.0000,3
2025-10-24,20251024102500000,sz.002418,4.2600,4.2600,4.2500,4.2500,197100,837996.0000,3
2025-10-24,20251024103000000,sz.002418,4.2600,4.2600,4.2500,4.2500,279300,1187860.0000,3
2025-10-24,20251024103500000,sz.002418,4.2600,4.2600,4.2400,4.2500,991900,4216004.0000,3
2025-10-24,20251024104000000,sz.002418,4.2500,4.2600,4.2500,4.2600,339100,1441456.0000,3
2025-10-24,20251024104500000,sz.002418,4.2500,4.2600,4.2400,4.2500,448700,1906492.0000,3
2025-10-24,20251024105000000,sz.002418,4.2400,4.2500,4.2400,4.2500,570200,2417940.0000,3
2025-10-24,20251024105500000,sz.002418,4.2400,4.2500,4.2400,4.2400,468800,1991112.0000,3
2025-10-24,20251024110000000,sz.002418,4.2400,4.2500,4.2400,4.2400,146900,623616.0000,3
2025-10-24,20251024110500000,sz.002418,4.2500,4.2500,4.2400,4.2500,174800,742512.0000,3
2025-10-24,20251024111000000,sz.002418,4.2400,4.2500,4.2400,4.2400,141800,601632.0000,3
2025-10-24,20251024111500000,sz.002418,4.2400,4.2500,4.2400,4.2500,130900,555464.0000,3
2025-10-24,20251024112000000,sz.002418,4.2500,4.2500,4.2400,4.2400,266600,1131656.0000,3
2025-10-24,20251024112500000,sz.002418,4.2400,4.2500,4.2400,4.2500,180600,767144.0000,3
2025-10-24,20251024113000000,sz.002418,4.2500,4.2500,4.2400,4.2500,437800,1859552.0000,3
2025-10-24,20251024130500000,sz.002418,4.2500,4.2500,4.2400,4.2400,463200,1966968.0000,3
2025-10-24,20251024131000000,sz.002418,4.2400,4.2600,4.2400,4.2500,612700,2602840.0000,3
2025-10-24,20251024131500000,sz.002418,4.2500,4.2500,4.2400,4.2400,290300,1233056.0000,3
2025-10-24,20251024132000000,sz.002418,4.2400,4.2500,4.2400,4.2500,217400,923704.0000,3
2025-10-24,20251024132500000,sz.002418,4.2500,4.2600,4.2400,4.2500,390800,1661024.0000,3
2025-10-24,20251024133000000,sz.002418,4.2500,4.2600,4.2400,4.2500,703600,2990464.0000,3
2025-10-24,20251024133500000,sz.002418,4.2500,4.2500,4.2300,4.2300,1368500,5802416.0000,3
2025-10-24,20251024134000000,sz.002418,4.2400,4.2400,4.2300,4.2300,782900,3312272.0000,3
2025-10-24,20251024134500000,sz.002418,4.2300,4.2300,4.2200,4.2300,139400,588696.0000,3
2025-10-24,20251024135000000,sz.002418,4.2300,4.2400,4.2200,4.2300,360100,1522792.0000,3
2025-10-24,20251024135500000,sz.002418,4.2300,4.2400,4.2300,4.2400,81400,344864.0000,3
2025-10-24,20251024140000000,sz.002418,4.2300,4.2400,4.2300,4.2300,187300,792904.0000,3
2025-10-24,20251024140500000,sz.002418,4.2300,4.2400,4.2300,4.2400,281200,1190880.0000,3
2025-10-24,20251024141000000,sz.002418,4.2400,4.2400,4.2300,4.2400,313900,1330232.0000,3
2025-10-24,20251024141500000,sz.002418,4.2300,4.2400,4.2300,4.2400,254200,1076008.0000,3
2025-10-24,20251024142000000,sz.002418,4.2400,4.2400,4.2300,4.2300,271500,1149280.0000,3
2025-10-24,20251024142500000,sz.002418,4.2300,4.2400,4.2300,4.2400,549500,2328024.0000,3
2025-10-24,20251024143000000,sz.002418,4.2400,4.2400,4.2300,4.2400,222200,940464.0000,3
2025-10-24,20251024143500000,sz.002418,4.2400,4.2500,4.2300,4.2400,1164700,4936832.0000,3
2025-10-24,20251024144000000,sz.002418,4.2400,4.2500,4.2400,4.2400,370900,1574408.0000,3
2025-10-24,20251024144500000,sz.002418,4.2400,4.2500,4.2400,4.2400,308500,1309968.0000,3
2025-10-24,20251024145000000,sz.002418,4.2500,4.2500,4.2400,4.2500,521100,2211296.0000,3
2025-10-24,20251024145500000,sz.002418,4.2500,4.2500,4.2400,4.2500,1454400,6174680.0000,3
2025-10-24,20251024150000000,sz.002418,4.2400,4.2500,4.2400,4.2400,804000,3411072.0000,3
2025-10-27,20251027093500000,sz.002418,4.2800,4.3100,4.2600,4.3000,3797500,16260727.0000,3
2025-10-27,20251027094000000,sz.002418,4.3100,4.3100,4.2800,4.2900,2081500,8932429.0000,3
2025-10-27,20251027094500000,sz.002418,4.2900,4.3000,4.2800,4.3000,1506000,6463078.0000,3
2025-10-27,20251027095000000,sz.002418,4.3000,4.3000,4.2700,4.2800,1151900,4936734.0000,3
2025-10-27,20251027095500000,sz.002418,4.2700,4.2800,4.2600,4.2700,1384700,5912996.0000,3
2025-10-27,20251027100000000,sz.002418,4.2600,4.2700,4.2500,4.2600,1199700,5114044.0000,3
2025-10-27,20251027100500000,sz.002418,4.2600,4.2600,4.2500,4.2500,1219300,5184268.0000,3
2025-10-27,20251027101000000,sz.002418,4.2500,4.2600,4.2400,4.2500,612200,2601560.0000,3
2025-10-27,20251027101500000,sz.002418,4.2400,4.2500,4.2300,4.2300,1555200,6593796.0000,3
2025-10-27,20251027102000000,sz.002418,4.2400,4.2400,4.2200,4.2200,1605300,6789096.0000,3
2025-10-27,20251027102500000,sz.002418,4.2200,4.2300,4.2100,4.2200,579300,2443992.0000,3
2025-10-27,20251027103000000,sz.002418,4.2300,4.2400,4.2200,4.2300,410900,1738912.0000,3
2025-10-27,20251027103500000,sz.002418,4.2300,4.2400,4.2300,4.2300,697100,2949152.0000,3
2025-10-27,20251027104000000,sz.002418,4.2300,4.2400,4.2200,4.2200,747400,3158120.0000,3
2025-10-27,20251027104500000,sz.002418,4.2200,4.2300,4.2200,4.2200,599800,2531936.0000,3
2025-10-27,20251027105000000,sz.002418,4.2200,4.2300,4.2100,4.2200,312900,1319376.0000,3
2025-10-27,20251027105500000,sz.002418,4.2200,4.2400,4.2200,4.2300,500100,2114024.0000,3
2025-10-27,20251027110000000,sz.002418,4.2300,4.2400,4.2300,4.2400,131500,556336.0000,3
2025-10-27,20251027110500000,sz.002418,4.2300,4.2400,4.2300,4.2300,174500,738280.0000,3
2025-10-27,20251027111000000,sz.002418,4.2400,4.2400,4.2300,4.2300,69500,294144.0000,3
2025-10-27,20251027111500000,sz.002418,4.2400,4.2500,4.2300,4.2500,746900,3167472.0000,3
2025-10-27,20251027112000000,sz.002418,4.2400,4.2500,4.2300,4.2400,314100,1331880.0000,3
2025-10-27,20251027112500000,sz.002418,4.2400,4.2500,4.2400,4.2500,142500,604432.0000,3
2025-10-27,20251027113000000,sz.002418,4.2500,4.2500,4.2400,4.2400,191700,813480.0000,3
2025-10-27,20251027130500000,sz.002418,4.2500,4.2500,4.2300,4.2400,764100,3237336.0000,3
2025-10-27,20251027131000000,sz.002418,4.2400,4.2400,4.2300,4.2300,363500,1538592.0000,3
2025-10-27,20251027131500000,sz.002418,4.2300,4.2400,4.2200,4.2300,1061300,4488344.0000,3
2025-10-27,20251027132000000,sz.002418,4.2200,4.2300,4.2200,4.2300,835900,3528176.0000,3
2025-10-27,20251027132500000,sz.002418,4.2300,4.2300,4.2200,4.2300,211200,892840.0000,3
2025-10-27,20251027133000000,sz.002418,4.2300,4.2400,4.2200,4.2300,286800,1213088.0000,3
2025-10-27,20251027133500000,sz.002418,4.2300,4.2400,4.2300,4.2400,254000,1075056.0000,3
2025-10-27,20251027134000000,sz.002418,4.2400,4.2400,4.2300,4.2400,207100,876848.0000,3
2025-10-27,20251027134500000,sz.002418,4.2300,4.2400,4.2300,4.2400,67600,286208.0000,3
2025-10-27,20251027135000000,sz.002418,4.2400,4.2400,4.2300,4.2400,262600,1111480.0000,3
2025-10-27,20251027135500000,sz.002418,4.2300,4.2400,4.2200,4.2200,1275900,5397368.0000,3
2025-10-27,20251027140000000,sz.002418,4.2300,4.2300,4.2100,4.2200,1521700,6421328.0000,3
2025-10-27,20251027140500000,sz.002418,4.2100,4.2200,4.2100,4.2200,837900,3535008.0000,3
2025-10-27,20251027141000000,sz.002418,4.2300,4.2300,4.2200,4.2200,188800,796408.0000,3
2025-10-27,20251027141500000,sz.002418,4.2200,4.2300,4.2200,4.2200,487700,2058488.0000,3
2025-10-27,20251027142000000,sz.002418,4.2200,4.2300,4.2200,4.2200,234000,988400.0000,3
2025-10-27,20251027142500000,sz.002418,4.2300,4.2300,4.2200,4.2200,569500,2404840.0000,3
2025-10-27,20251027143000000,sz.002418,4.2300,4.2400,4.2200,4.2300,1898700,8028248.0000,3
2025-10-27,20251027143500000,sz.002418,4.2300,4.2400,4.2200,4.2300,296000,1251344.0000,3
2025-10-27,20251027144000000,sz.002418,4.2200,4.2300,4.2200,4.2300,347000,1466064.0000,3
2025-10-27,20251027144500000,sz.002418,4.2200,4.2300,4.2200,4.2300,361800,1528704.0000,3
2025-10-27,20251027145000000,sz.002418,4.2200,4.2300,4.2200,4.2300,672300,2840640.0000,3
2025-10-27,20251027145500000,sz.002418,4.2300,4.2300,4.2200,4.2300,1361100,5753552.0000,3
2025-10-27,20251027150000000,sz.002418,4.2300,4.2400,4.2200,4.2300,947000,4005936.0000,3
2025-10-28,20251028093500000,sz.002418,4.2300,4.2300,4.1900,4.2200,2532900,10656996.0000,3
2025-10-28,20251028094000000,sz.002418,4.2300,4.2400,4.2200,4.2400,1948200,8231368.0000,3
2025-10-28,20251028094500000,sz.002418,4.2300,4.2500,4.2200,4.2500,1501000,6362476.0000,3
2025-10-28,20251028095000000,sz.002418,4.2400,4.2600,4.2400,4.2400,1499700,6368840.0000,3
2025-10-28,20251028095500000,sz.002418,4.2400,4.2500,4.2300,4.2400,313700,1330686.0000,3
2025-10-28,20251028100000000,sz.002418,4.2400,4.2500,4.2300,4.2400,849100,3599582.0000,3
2025-10-28,20251028100500000,sz.002418,4.2400,4.2500,4.2300,4.2400,533900,2263988.0000,3
2025-10-28,20251028101000000,sz.002418,4.2500,4.2500,4.2400,4.2500,413800,1754764.0000,3
2025-10-28,20251028101500000,sz.002418,4.2400,4.2600,4.2400,4.2600,1230100,5226752.0000,3
2025-10-28,20251028102000000,sz.002418,4.2600,4.2600,4.2500,4.2500,1207300,5132252.0000,3
2025-10-28,20251028102500000,sz.002418,4.2500,4.2500,4.2400,4.2500,115400,489912.0000,3
2025-10-28,20251028103000000,sz.002418,4.2500,4.2500,4.2400,4.2400,157000,665932.0000,3
2025-10-28,20251028103500000,sz.002418,4.2500,4.2500,4.2300,4.2400,434900,1844076.0000,3
2025-10-28,20251028104000000,sz.002418,4.2400,4.2500,4.2300,4.2400,322900,1368992.0000,3
2025-10-28,20251028104500000,sz.002418,4.2400,4.2500,4.2400,4.2500,385600,1635304.0000,3
2025-10-28,20251028105000000,sz.002418,4.2400,4.2500,4.2400,4.2500,191000,810152.0000,3
2025-10-28,20251028105500000,sz.002418,4.2500,4.2500,4.2400,4.2500,107200,454792.0000,3
2025-10-28,20251028110000000,sz.002418,4.2500,4.2500,4.2400,4.2500,376800,1597852.0000,3
2025-10-28,20251028110500000,sz.002418,4.2500,4.2700,4.2400,4.2600,3154100,13422228.0000,3
2025-10-28,20251028111000000,sz.002418,4.2600,4.2700,4.2600,4.2700,212700,906776.0000,3
2025-10-28,20251028111500000,sz.002418,4.2600,4.2700,4.2500,4.2600,347700,1481056.0000,3
2025-10-28,20251028112000000,sz.002418,4.2500,4.2700,4.2500,4.2600,598000,2547440.0000,3
2025-10-28,20251028112500000,sz.002418,4.2600,4.2700,4.2500,4.2700,358700,1528712.0000,3
2025-10-28,20251028113000000,sz.002418,4.2600,4.2700,4.2600,4.2600,379500,1619440.0000,3
2025-10-28,20251028130500000,sz.002418,4.2700,4.2700,4.2600,4.2600,382900,1632888.0000,3
2025-10-28,20251028131000000,sz.002418,4.2600,4.2700,4.2600,4.2600,158300,674976.0000,3
2025-10-28,20251028131500000,sz.002418,4.2600,4.2700,4.2600,4.2600,398800,1699312.0000,3
2025-10-28,20251028132000000,sz.002418,4.2600,4.2700,4.2500,4.2600,915600,3899384.0000,3
2025-10-28,20251028132500000,sz.002418,4.2600,4.2600,4.2500,4.2500,236500,1005408.0000,3
2025-10-28,20251028133000000,sz.002418,4.2500,4.2600,4.2500,4.2600,337300,1435456.0000,3
2025-10-28,20251028133500000,sz.002418,4.2600,4.2600,4.2500,4.2600,198900,846144.0000,3
2025-10-28,20251028134000000,sz.002418,4.2500,4.2600,4.2400,4.2500,1340400,5695920.0000,3
2025-10-28,20251028134500000,sz.002418,4.2400,4.2500,4.2400,4.2500,300300,1274656.0000,3
2025-10-28,20251028135000000,sz.002418,4.2500,4.2500,4.2400,4.2400,250000,1060968.0000,3
2025-10-28,20251028135500000,sz.002418,4.2500,4.3000,4.2500,4.2900,5545400,23704096.0000,3
2025-10-28,20251028140000000,sz.002418,4.2800,4.3000,4.2700,4.2800,1620800,6948280.0000,3
2025-10-28,20251028140500000,sz.002418,4.2700,4.2900,4.2700,4.2700,1463800,6267600.0000,3
2025-10-28,20251028141000000,sz.002418,4.2800,4.2800,4.2700,4.2800,776000,3315504.0000,3
2025-10-28,20251028141500000,sz.002418,4.2800,4.2800,4.2700,4.2800,518600,2218400.0000,3
2025-10-28,20251028142000000,sz.002418,4.2800,4.2800,4.2700,4.2800,483600,2066944.0000,3
2025-10-28,20251028142500000,sz.002418,4.2800,4.2800,4.2700,4.2800,511000,2186048.0000,3
2025-10-28,20251028143000000,sz.002418,4.2800,4.2800,4.2700,4.2700,344500,1472928.0000,3
2025-10-28,20251028143500000,sz.002418,4.2700,4.2800,4.2700,4.2700,315200,1348080.0000,3
2025-10-28,20251028144000000,sz.002418,4.2700,4.2900,4.2700,4.2900,1907100,8165296.0000,3
2025-10-28,20251028144500000,sz.002418,4.2900,4.2900,4.2800,4.2800,705100,3020928.0000,3
2025-10-28,20251028145000000,sz.002418,4.2800,4.2900,4.2800,4.2900,1308700,5610208.0000,3
2025-10-28,20251028145500000,sz.002418,4.2800,4.2900,4.2800,4.2900,2367800,10144560.0000,3
2025-10-28,20251028150000000,sz.002418,4.2800,4.3000,4.2800,4.2900,1467500,6292704.0000,3
2025-10-29,20251029093500000,sz.002418,4.7200,4.7200,4.7200,4.7200,27054300,127696296.0000,3
2025-10-29,20251029094000000,sz.002418,4.7200,4.7200,4.7200,4.7200,2810100,13263672.0000,3
2025-10-29,20251029094500000,sz.002418,4.7200,4.7200,4.7200,4.7200,2244700,10594976.0000,3
2025-10-29,20251029095000000,sz.002418,4.7200,4.7200,4.7200,4.7200,1132100,5343520.0000,3
2025-10-29,20251029095500000,sz.002418,4.7200,4.7200,4.7200,4.7200,1118400,5278848.0000,3
2025-10-29,20251029100000000,sz.002418,4.7200,4.7200,4.7200,4.7200,519700,2452992.0000,3
2025-10-29,20251029100500000,sz.002418,4.7200,4.7200,4.7200,4.7200,496300,2342528.0000,3
2025-10-29,20251029101000000,sz.002418,4.7200,4.7200,4.7200,4.7200,325900,1538240.0000,3
2025-10-29,20251029101500000,sz.002418,4.7200,4.7200,4.7200,4.7200,335400,1583104.0000,3
2025-10-29,20251029102000000,sz.002418,4.7200,4.7200,4.7200,4.7200,352500,1663792.0000,3
2025-10-29,20251029102500000,sz.002418,4.7200,4.7200,4.7200,4.7200,212700,1003952.0000,3
2025-10-29,20251029103000000,sz.002418,4.7200,4.7200,4.7200,4.7200,286100,1350288.0000,3
2025-10-29,20251029103500000,sz.002418,4.7200,4.7200,4.7200,4.7200,625600,2952832.0000,3
2025-10-29,20251029104000000,sz.002418,4.7200,4.7200,4.7200,4.7200,215900,1019056.0000,3
2025-10-29,20251029104500000,sz.002418,4.7200,4.7200,4.7200,4.7200,334400,1578368.0000,3
2025-10-29,20251029105000000,sz.002418,4.7200,4.7200,4.7200,4.7200,183900,868208.0000,3
2025-10-29,20251029105500000,sz.002418,4.7200,4.7200,4.7200,4.7200,224600,1060112.0000,3
2025-10-29,20251029110000000,sz.002418,4.7200,4.7200,4.7200,4.7200,377700,1782736.0000,3
2025-10-29,20251029110500000,sz.002418,4.7200,4.7200,4.7200,4.7200,263300,1242784.0000,3
2025-10-29,20251029111000000,sz.002418,4.7200,4.7200,4.7200,4.7200,368100,1737424.0000,3
2025-10-29,20251029111500000,sz.002418,4.7200,4.7200,4.7200,4.7200,77600,366272.0000,3
2025-10-29,20251029112000000,sz.002418,4.7200,4.7200,4.7200,4.7200,149200,704224.0000,3
2025-10-29,20251029112500000,sz.002418,4.7200,4.7200,4.7200,4.7200,227100,1071920.0000,3
2025-10-29,20251029113000000,sz.002418,4.7200,4.7200,4.7200,4.7200,231800,1094096.0000,3
2025-10-29,20251029130500000,sz.002418,4.7200,4.7200,4.7200,4.7200,408800,1929536.0000,3
2025-10-29,20251029131000000,sz.002418,4.7200,4.7200,4.7200,4.7200,108800,513536.0000,3
2025-10-29,20251029131500000,sz.002418,4.7200,4.7200,4.7200,4.7200,177300,836848.0000,3
2025-10-29,20251029132000000,sz.002418,4.7200,4.7200,4.7200,4.7200,30600,144432.0000,3
2025-10-29,20251029132500000,sz.002418,4.7200,4.7200,4.7200,4.7200,173600,819392.0000,3
2025-10-29,20251029133000000,sz.002418,4.7200,4.7200,4.7200,4.7200,95600,451232.0000,3
2025-10-29,20251029133500000,sz.002418,4.7200,4.7200,4.7200,4.7200,36500,172288.0000,3
2025-10-29,20251029134000000,sz.002418,4.7200,4.7200,4.7200,4.7200,65300,308208.0000,3
2025-10-29,20251029134500000,sz.002418,4.7200,4.7200,4.7200,4.7200,129800,612656.0000,3
2025-10-29,20251029135000000,sz.002418,4.7200,4.7200,4.7200,4.7200,90200,425744.0000,3
2025-10-29,20251029135500000,sz.002418,4.7200,4.7200,4.7200,4.7200,84600,399312.0000,3
2025-10-29,20251029140000000,sz.002418,4.7200,4.7200,4.7200,4.7200,28500,134528.0000,3
2025-10-29,20251029140500000,sz.002418,4.7200,4.7200,4.7200,4.7200,93700,442256.0000,3
2025-10-29,20251029141000000,sz.002418,4.7200,4.7200,4.7200,4.7200,43000,202960.0000,3
2025-10-29,20251029141500000,sz.002418,4.7200,4.7200,4.7200,4.7200,47900,226096.0000,3
2025-10-29,20251029142000000,sz.002418,4.7200,4.7200,4.7200,4.7200,44100,208144.0000,3
2025-10-29,20251029142500000,sz.002418,4.7200,4.7200,4.7200,4.7200,51200,241664.0000,3
2025-10-29,20251029143000000,sz.002418,4.7200,4.7200,4.7200,4.7200,30000,141600.0000,3
2025-10-29,20251029143500000,sz.002418,4.7200,4.7200,4.7200,4.7200,101400,478608.0000,3
2025-10-29,20251029144000000,sz.002418,4.7200,4.7200,4.7200,4.7200,56200,265264.0000,3
2025-10-29,20251029144500000,sz.002418,4.7200,4.7200,4.7200,4.7200,122200,576784.0000,3
2025-10-29,20251029145000000,sz.002418,4.7200,4.7200,4.7200,4.7200,66200,312464.0000,3
2025-10-29,20251029145500000,sz.002418,4.7200,4.7200,4.7200,4.7200,165700,782112.0000,3
2025-10-29,20251029150000000,sz.002418,4.7200,4.7200,4.7200,4.7200,480400,2267488.0000,3
2025-10-30,20251030093500000,sz.002418,5.1500,5.1500,4.8400,5.0300,116329100,587650496.0000,3
2025-10-30,20251030094000000,sz.002418,5.0400,5.1900,5.0100,5.1900,68855700,353237056.0000,3
2025-10-30,20251030094500000,sz.002418,5.1900,5.1900,5.1900,5.1900,3412100,17708800.0000,3
2025-10-30,20251030095000000,sz.002418,5.1900,5.1900,5.1900,5.1900,1777000,9222784.0000,3
2025-10-30,20251030095500000,sz.002418,5.1900,5.1900,5.1900,5.1900,5707500,29621888.0000,3
2025-10-30,20251030100000000,sz.002418,5.1900,5.1900,5.1900,5.1900,1180500,6126848.0000,3
2025-10-30,20251030100500000,sz.002418,5.1900,5.1900,5.1900,5.1900,972100,5045184.0000,3
2025-10-30,20251030101000000,sz.002418,5.1900,5.1900,5.1900,5.1900,550300,2856000.0000,3
2025-10-30,20251030101500000,sz.002418,5.1900,5.1900,5.1900,5.1900,444200,2305408.0000,3
2025-10-30,20251030102000000,sz.002418,5.1900,5.1900,5.1900,5.1900,648100,3363648.0000,3
2025-10-30,20251030102500000,sz.002418,5.1900,5.1900,5.1900,5.1900,515800,2677056.0000,3
2025-10-30,20251030103000000,sz.002418,5.1900,5.1900,5.1900,5.1900,770800,4000384.0000,3
2025-10-30,20251030103500000,sz.002418,5.1900,5.1900,5.1900,5.1900,632300,3281664.0000,3
2025-10-30,20251030104000000,sz.002418,5.1900,5.1900,5.1900,5.1900,276200,1433472.0000,3
2025-10-30,20251030104500000,sz.002418,5.1900,5.1900,5.1900,5.1900,775300,4023808.0000,3
2025-10-30,20251030105000000,sz.002418,5.1900,5.1900,5.1900,5.1900,223700,1161024.0000,3
2025-10-30,20251030105500000,sz.002418,5.1900,5.1900,5.1900,5.1900,274200,1423104.0000,3
2025-10-30,20251030110000000,sz.002418,5.1900,5.1900,5.1900,5.1900,194900,1011520.0000,3
2025-10-30,20251030110500000,sz.002418,5.1900,5.1900,5.1900,5.1900,91700,475904.0000,3
2025-10-30,20251030111000000,sz.002418,5.1900,5.1900,5.1900,5.1900,198100,1028160.0000,3
2025-10-30,20251030111500000,sz.002418,5.1900,5.1900,5.1900,5.1900,144100,747840.0000,3
2025-10-30,20251030112000000,sz.002418,5.1900,5.1900,5.1900,5.1900,545000,2828544.0000,3
2025-10-30,20251030112500000,sz.002418,5.1900,5.1900,5.1900,5.1900,138300,717824.0000,3
2025-10-30,20251030113000000,sz.002418,5.1900,5.1900,5.1900,5.1900,261700,1358208.0000,3
2025-10-30,20251030130500000,sz.002418,5.1900,5.1900,5.1900,5.1900,1187500,6163136.0000,3
2025-10-30,20251030131000000,sz.002418,5.1900,5.1900,5.1900,5.1900,786000,4079360.0000,3
2025-10-30,20251030131500000,sz.002418,5.1900,5.1900,5.1900,5.1900,697200,3618432.0000,3
2025-10-30,20251030132000000,sz.002418,5.1900,5.1900,5.1900,5.1900,1424600,7393664.0000,3
2025-10-30,20251030132500000,sz.002418,5.1900,5.1900,5.1900,5.1900,328200,1703360.0000,3
2025-10-30,20251030133000000,sz.002418,5.1900,5.1900,5.1900,5.1900,213900,1110144.0000,3
2025-10-30,20251030133500000,sz.002418,5.1900,5.1900,5.1900,5.1900,68300,354496.0000,3
2025-10-30,20251030134000000,sz.002418,5.1900,5.1900,5.1900,5.1900,116500,604608.0000,3
2025-10-30,20251030134500000,sz.002418,5.1900,5.1900,5.1900,5.1900,132900,689792.0000,3
2025-10-30,20251030135000000,sz.002418,5.1900,5.1900,5.1900,5.1900,176900,918080.0000,3
2025-10-30,20251030135500000,sz.002418,5.1900,5.1900,5.1900,5.1900,124800,647744.0000,3
2025-10-30,20251030140000000,sz.002418,5.1900,5.1900,5.1900,5.1900,160800,834560.0000,3
2025-10-30,20251030140500000,sz.002418,5.1900,5.1900,5.1900,5.1900,75400,391296.0000,3
2025-10-30,20251030141000000,sz.002418,5.1900,5.1900,5.1900,5.1900,257600,1336960.0000,3
2025-10-30,20251030141500000,sz.002418,5.1900,5.1900,5.1900,5.1900,237400,1232128.0000,3
2025-10-30,20251030142000000,sz.002418,5.1900,5.1900,5.1900,5.1900,217800,1130368.0000,3
2025-10-30,20251030142500000,sz.002418,5.1900,5.1900,5.1900,5.1900,254300,1319808.0000,3
2025-10-30,20251030143000000,sz.002418,5.1900,5.1900,5.1900,5.1900,227500,1180672.0000,3
2025-10-30,20251030143500000,sz.002418,5.1900,5.1900,5.1900,5.1900,231700,1202560.0000,3
2025-10-30,20251030144000000,sz.002418,5.1900,5.1900,5.1900,5.1900,261900,1359232.0000,3
2025-10-30,20251030144500000,sz.002418,5.1900,5.1900,5.1900,5.1900,253700,1316736.0000,3
2025-10-30,20251030145000000,sz.002418,5.1900,5.1900,5.1900,5.1900,483900,2511488.0000,3
2025-10-30,20251030145500000,sz.002418,5.1900,5.1900,5.1900,5.1900,696500,3614720.0000,3
2025-10-30,20251030150000000,sz.002418,5.1900,5.1900,5.1900,5.1900,1494700,7757568.0000,3
2025-10-31,20251031093500000,sz.002418,4.9400,4.9400,4.7900,4.8200,47192400,229649296.0000,3
2025-10-31,20251031094000000,sz.002418,4.8100,4.8300,4.7500,4.7700,18724100,89668784.0000,3
2025-10-31,20251031094500000,sz.002418,4.7600,4.7700,4.7000,4.7500,19177700,90714240.0000,3
2025-10-31,20251031095000000,sz.002418,4.7400,4.7700,4.7200,4.7700,8150600,38651104.0000,3
2025-10-31,20251031095500000,sz.002418,4.7700,4.8000,4.7500,4.7500,9610200,45913824.0000,3
2025-10-31,20251031100000000,sz.002418,4.7500,4.7900,4.7500,4.7600,6277200,29921376.0000,3
2025-10-31,20251031100500000,sz.002418,4.7700,4.7900,4.7600,4.7800,4051900,19339872.0000,3
2025-10-31,20251031101000000,sz.002418,4.7700,4.8100,4.7600,4.8000,5374100,25727168.0000,3
2025-10-31,20251031101500000,sz.002418,4.8000,4.8300,4.7900,4.8100,6083900,29270908.0000,3
2025-10-31,20251031102000000,sz.002418,4.8100,4.8200,4.7800,4.7900,4999700,23964224.0000,3
2025-10-31,20251031102500000,sz.002418,4.7800,4.8100,4.7800,4.7800,4536000,21752324.0000,3
2025-10-31,20251031103000000,sz.002418,4.7900,4.8200,4.7800,4.7900,3321600,15933627.0000,3
2025-10-31,20251031103500000,sz.002418,4.7900,4.8300,4.7800,4.7900,4434700,21310602.0000,3
2025-10-31,20251031104000000,sz.002418,4.8000,4.8400,4.7900,4.8400,3912500,18876671.0000,3
2025-10-31,20251031104500000,sz.002418,4.8300,4.8400,4.8000,4.8200,3691800,17795576.0000,3
2025-10-31,20251031105000000,sz.002418,4.8200,4.8300,4.8100,4.8200,2116300,10193668.0000,3
2025-10-31,20251031105500000,sz.002418,4.8200,4.8400,4.8000,4.8200,2475100,11936634.0000,3
2025-10-31,20251031110000000,sz.002418,4.8200,4.8300,4.8100,4.8100,2036800,9819848.0000,3
2025-10-31,20251031110500000,sz.002418,4.8100,4.8200,4.7800,4.7800,3227600,15468482.0000,3
2025-10-31,20251031111000000,sz.002418,4.7900,4.8000,4.7800,4.7900,2212800,10591744.0000,3
2025-10-31,20251031111500000,sz.002418,4.7900,4.8000,4.7800,4.7800,1606500,7694583.0000,3
2025-10-31,20251031112000000,sz.002418,4.7900,4.8000,4.7700,4.7800,2383800,11393292.0000,3
2025-10-31,20251031112500000,sz.002418,4.7700,4.7800,4.7600,4.7800,3188000,15204209.0000,3
2025-10-31,20251031113000000,sz.002418,4.7800,4.7800,4.7500,4.7600,2310900,11011528.0000,3
2025-10-31,20251031130500000,sz.002418,4.7800,4.7800,4.7400,4.7400,4406600,20969792.0000,3
2025-10-31,20251031131000000,sz.002418,4.7400,4.7500,4.7300,4.7400,3467200,16438272.0000,3
2025-10-31,20251031131500000,sz.002418,4.7400,4.7500,4.7300,4.7300,1849000,8762880.0000,3
2025-10-31,20251031132000000,sz.002418,4.7300,4.7400,4.7300,4.7400,3426700,16218240.0000,3
2025-10-31,20251031132500000,sz.002418,4.7400,4.7600,4.7300,4.7500,3934500,18676408.0000,3
2025-10-31,20251031133000000,sz.002418,4.7400,4.7500,4.7400,4.7500,1344600,6384200.0000,3
2025-10-31,20251031133500000,sz.002418,4.7500,4.7500,4.7300,4.7500,2490400,11812608.0000,3
2025-10-31,20251031134000000,sz.002418,4.7400,4.7500,4.7300,4.7400,2165400,10266240.0000,3
2025-10-31,20251031134500000,sz.002418,4.7500,4.7700,4.7400,4.7400,3017800,14341880.0000,3
2025-10-31,20251031135000000,sz.002418,4.7400,4.7500,4.7100,4.7100,5636700,26635656.0000,3
2025-10-31,20251031135500000,sz.002418,4.7100,4.7200,4.7000,4.7100,6784900,31926272.0000,3
2025-10-31,20251031140000000,sz.002418,4.7100,4.7400,4.7000,4.7300,3577300,16896064.0000,3
2025-10-31,20251031140500000,sz.002418,4.7300,4.7600,4.7300,4.7500,2510900,11910144.0000,3
2025-10-31,20251031141000000,sz.002418,4.7500,4.7600,4.7300,4.7400,1507700,7150336.0000,3
2025-10-31,20251031141500000,sz.002418,4.7400,4.7500,4.7200,4.7200,3696100,17484992.0000,3
2025-10-31,20251031142000000,sz.002418,4.7100,4.7400,4.7100,4.7200,2875800,13583040.0000,3
2025-10-31,20251031142500000,sz.002418,4.7200,4.7400,4.7100,4.7400,3178700,15032256.0000,3
2025-10-31,20251031143000000,sz.002418,4.7400,4.7400,4.7200,4.7300,2433600,11520384.0000,3
2025-10-31,20251031143500000,sz.002418,4.7400,4.7500,4.7200,4.7400,3970900,18816128.0000,3
2025-10-31,20251031144000000,sz.002418,4.7300,4.7400,4.7200,4.7300,3089900,14622464.0000,3
2025-10-31,20251031144500000,sz.002418,4.7400,4.7500,4.7300,4.7400,4245200,20117760.0000,3
2025-10-31,20251031145000000,sz.002418,4.7400,4.7500,4.7200,4.7500,5914000,27993600.0000,3
2025-10-31,20251031145500000,sz.002418,4.7400,4.7900,4.7400,4.7800,9028200,42990208.0000,3
2025-10-31,20251031150000000,sz.002418,4.7800,4.7800,4.7500,4.7500,9527100,45337212.0000,3
2025-11-03,20251103093500000,sz.002418,4.7500,4.8100,4.6600,4.8100,20900400,99040384.0000,3
2025-11-03,20251103094000000,sz.002418,4.8000,4.8400,4.7500,4.8000,16908600,81240464.0000,3
2025-11-03,20251103094500000,sz.002418,4.7900,4.8100,4.7400,4.7700,7379000,35284448.0000,3
2025-11-03,20251103095000000,sz.002418,4.7700,4.8200,4.7700,4.8200,6084400,29179488.0000,3
2025-11-03,20251103095500000,sz.002418,4.8200,4.8200,4.7800,4.7800,4666000,22399392.0000,3
2025-11-03,20251103100000000,sz.002418,4.7800,4.8400,4.7800,4.8200,5163600,24812336.0000,3
2025-11-03,20251103100500000,sz.002418,4.8100,4.8200,4.8000,4.8100,4586500,22062016.0000,3
2025-11-03,20251103101000000,sz.002418,4.8000,4.8200,4.7800,4.8200,3106700,14911904.0000,3
2025-11-03,20251103101500000,sz.002418,4.8200,4.8200,4.8000,4.8100,2003600,9637824.0000,3
2025-11-03,20251103102000000,sz.002418,4.8100,4.8700,4.8100,4.8400,9088900,44018080.0000,3
2025-11-03,20251103102500000,sz.002418,4.8400,4.8400,4.8100,4.8200,4525400,21822528.0000,3
2025-11-03,20251103103000000,sz.002418,4.8200,4.8300,4.8100,4.8100,2083900,10037472.0000,3
2025-11-03,20251103103500000,sz.002418,4.8000,4.8100,4.7800,4.7900,2820700,13520672.0000,3
2025-11-03,20251103104000000,sz.002418,4.7900,4.8000,4.7700,4.7700,2385000,11395776.0000,3
2025-11-03,20251103104500000,sz.002418,4.7800,4.8100,4.7800,4.8000,1790000,8581344.0000,3
2025-11-03,20251103105000000,sz.002418,4.7900,4.8300,4.7900,4.8300,1338600,6437408.0000,3
2025-11-03,20251103105500000,sz.002418,4.8200,4.8400,4.8200,4.8300,1950200,9424288.0000,3
2025-11-03,20251103110000000,sz.002418,4.8300,4.8400,4.8100,4.8300,1677700,8102656.0000,3
2025-11-03,20251103110500000,sz.002418,4.8400,4.8600,4.8300,4.8500,3456100,16750080.0000,3
2025-11-03,20251103111000000,sz.002418,4.8600,4.8800,4.8500,4.8500,3315900,16127616.0000,3
2025-11-03,20251103111500000,sz.002418,4.8500,4.8600,4.8400,4.8400,902800,4375840.0000,3
2025-11-03,20251103112000000,sz.002418,4.8500,4.8500,4.8300,4.8400,1390500,6730848.0000,3
2025-11-03,20251103112500000,sz.002418,4.8400,4.8500,4.8300,4.8500,935600,4527936.0000,3
2025-11-03,20251103113000000,sz.002418,4.8400,4.8500,4.8400,4.8400,894300,4334848.0000,3
2025-11-03,20251103130500000,sz.002418,4.8500,4.8600,4.8300,4.8500,2131400,10325984.0000,3
2025-11-03,20251103131000000,sz.002418,4.8500,4.8500,4.8300,4.8400,1468000,7103206.0000,3
2025-11-03,20251103131500000,sz.002418,4.8300,4.8400,4.8300,4.8300,1662300,8038906.0000,3
2025-11-03,20251103132000000,sz.002418,4.8400,4.8400,4.8200,4.8300,893500,4315136.0000,3
2025-11-03,20251103132500000,sz.002418,4.8200,4.8500,4.8200,4.8400,2250400,10875649.0000,3
2025-11-03,20251103133000000,sz.002418,4.8400,4.8500,4.8300,4.8400,1022700,4950469.0000,3
2025-11-03,20251103133500000,sz.002418,4.8400,4.9100,4.8300,4.9100,10818300,52760378.0000,3
2025-11-03,20251103134000000,sz.002418,4.9100,4.9700,4.9000,4.9200,10814300,53407616.0000,3
2025-11-03,20251103134500000,sz.002418,4.9300,4.9300,4.8900,4.9200,4298600,21091136.0000,3
2025-11-03,20251103135000000,sz.002418,4.9200,5.2000,4.9000,5.1200,21057300,107252864.0000,3
2025-11-03,20251103135500000,sz.002418,5.1200,5.2300,5.0700,5.2300,31775900,164830912.0000,3
2025-11-03,20251103140000000,sz.002418,5.2300,5.2300,5.2300,5.2300,5153200,26951232.0000,3
2025-11-03,20251103140500000,sz.002418,5.2300,5.2300,5.2300,5.2300,1906900,9973056.0000,3
2025-11-03,20251103141000000,sz.002418,5.2300,5.2300,5.2300,5.2300,1784000,9330304.0000,3
2025-11-03,20251103141500000,sz.002418,5.2300,5.2300,5.2300,5.2300,914300,4781824.0000,3
2025-11-03,20251103142000000,sz.002418,5.2300,5.2300,5.2300,5.2300,1582600,8276992.0000,3
2025-11-03,20251103142500000,sz.002418,5.2300,5.2300,5.2300,5.2300,1185900,6202240.0000,3
2025-11-03,20251103143000000,sz.002418,5.2300,5.2300,5.2300,5.2300,2131500,11147776.0000,3
2025-11-03,20251103143500000,sz.002418,5.2300,5.2300,5.2300,5.2300,581400,3040704.0000,3
2025-11-03,20251103144000000,sz.002418,5.2300,5.2300,5.2300,5.2300,525300,2747328.0000,3
2025-11-03,20251103144500000,sz.002418,5.2300,5.2300,5.2300,5.2300,928500,4856064.0000,3
2025-11-03,20251103145000000,sz.002418,5.2300,5.2300,5.2300,5.2300,1152900,6029696.0000,3
2025-11-03,20251103145500000,sz.002418,5.2300,5.2300,5.2300,5.2300,6079900,31797888.0000,3
2025-11-03,20251103150000000,sz.002418,5.2300,5.2300,5.2300,5.2300,9283000,48550016.0000,3
2025-11-04,20251104093500000,sz.002418,5.1900,5.2900,5.0900,5.2200,50768400,263999104.0000,3
2025-11-04,20251104094000000,sz.002418,5.2200,5.3100,5.2000,5.3100,16987700,89070144.0000,3
2025-11-04,20251104094500000,sz.002418,5.3200,5.3300,5.2400,5.2500,15913400,84026112.0000,3
2025-11-04,20251104095000000,sz.002418,5.2400,5.2600,5.2000,5.2300,9654900,50513536.0000,3
2025-11-04,20251104095500000,sz.002418,5.2300,5.2700,5.2100,5.2400,6838700,35801856.0000,3
2025-11-04,20251104100000000,sz.002418,5.2400,5.3000,5.2100,5.2800,7915900,41602116.0000,3
2025-11-04,20251104100500000,sz.002418,5.2900,5.3000,5.2500,5.2700,7310800,38560628.0000,3
2025-11-04,20251104101000000,sz.002418,5.2900,5.3100,5.2600,5.3000,6292200,33266056.0000,3
2025-11-04,20251104101500000,sz.002418,5.2900,5.3000,5.2600,5.2700,4032000,21293496.0000,3
2025-11-04,20251104102000000,sz.002418,5.2700,5.3000,5.2600,5.2800,4402400,23205320.0000,3
2025-11-04,20251104102500000,sz.002418,5.3000,5.3200,5.2800,5.3000,5981700,31699576.0000,3
2025-11-04,20251104103000000,sz.002418,5.3100,5.3100,5.2400,5.2400,6211700,32722058.0000,3
2025-11-04,20251104103500000,sz.002418,5.2500,5.2800,5.2400,5.2500,4042500,21223804.0000,3
2025-11-04,20251104104000000,sz.002418,5.2500,5.2500,5.2100,5.2100,4282800,22384643.0000,3
2025-11-04,20251104104500000,sz.002418,5.2100,5.2400,5.2100,5.2400,2621500,13702077.0000,3
2025-11-04,20251104105000000,sz.002418,5.2500,5.2600,5.2200,5.2400,2697500,14130178.0000,3
2025-11-04,20251104105500000,sz.002418,5.2500,5.2800,5.2400,5.2500,2768500,14542527.0000,3
2025-11-04,20251104110000000,sz.002418,5.2500,5.3800,5.2300,5.3800,16653000,88722113.0000,3
2025-11-04,20251104110500000,sz.002418,5.3900,5.6500,5.3900,5.5100,27484900,152871744.0000,3
2025-11-04,20251104111000000,sz.002418,5.5200,5.6000,5.4700,5.5100,12025300,66545664.0000,3
2025-11-04,20251104111500000,sz.002418,5.5100,5.5200,5.4400,5.4500,4614000,25272320.0000,3
2025-11-04,20251104112000000,sz.002418,5.4400,5.4400,5.3800,5.3900,7521200,40642432.0000,3
2025-11-04,20251104112500000,sz.002418,5.3800,5.4300,5.3800,5.3800,3658300,19737856.0000,3
2025-11-04,20251104113000000,sz.002418,5.3800,5.3900,5.3000,5.3300,5718700,30538364.0000,3
2025-11-04,20251104130500000,sz.002418,5.3400,5.4200,5.3400,5.3900,4788500,25728900.0000,3
2025-11-04,20251104131000000,sz.002418,5.3900,5.4200,5.3600,5.3700,2814400,15198336.0000,3
2025-11-04,20251104131500000,sz.002418,5.3600,5.4100,5.3600,5.4000,2324300,12508928.0000,3
2025-11-04,20251104132000000,sz.002418,5.4000,5.4100,5.3800,5.4000,977300,5274112.0000,3
2025-11-04,20251104132500000,sz.002418,5.4000,5.4000,5.3500,5.3600,1865600,10017792.0000,3
2025-11-04,20251104133000000,sz.002418,5.3600,5.3700,5.3300,5.3400,3048900,16300281.0000,3
2025-11-04,20251104133500000,sz.002418,5.3400,5.3700,5.3300,5.3500,1694200,9052686.0000,3
2025-11-04,20251104134000000,sz.002418,5.3500,5.3500,5.2700,5.2900,6130100,32537853.0000,3
2025-11-04,20251104134500000,sz.002418,5.2900,5.3100,5.2900,5.3100,2673100,14167292.0000,3
2025-11-04,20251104135000000,sz.002418,5.3100,5.3100,5.2600,5.2800,3124600,16513532.0000,3
2025-11-04,20251104135500000,sz.002418,5.2900,5.3700,5.2800,5.3700,3721900,19844101.0000,3
2025-11-04,20251104140000000,sz.002418,5.3700,5.3800,5.3300,5.3300,1768400,9483775.0000,3
2025-11-04,20251104140500000,sz.002418,5.3400,5.3500,5.3000,5.3000,1336900,7123968.0000,3
2025-11-04,20251104141000000,sz.002418,5.3000,5.3400,5.3000,5.3200,1647200,8765944.0000,3
2025-11-04,20251104141500000,sz.002418,5.3200,5.3300,5.2900,5.2900,1567600,8307722.0000,3
2025-11-04,20251104142000000,sz.002418,5.2800,5.3600,5.2800,5.3600,2866300,15264248.0000,3
2025-11-04,20251104142500000,sz.002418,5.3600,5.3600,5.3200,5.3300,1442700,7692416.0000,3
2025-11-04,20251104143000000,sz.002418,5.3300,5.3900,5.3300,5.3800,2786500,14926086.0000,3
2025-11-04,20251104143500000,sz.002418,5.3800,5.3800,5.3200,5.3400,2197600,11750274.0000,3
2025-11-04,20251104144000000,sz.002418,5.3300,5.3400,5.2900,5.3000,3776800,20051834.0000,3
2025-11-04,20251104144500000,sz.002418,5.3100,5.3300,5.3000,5.3300,2341600,12459132.0000,3
2025-11-04,20251104145000000,sz.002418,5.3200,5.3300,5.3100,5.3200,6260200,33298445.0000,3
2025-11-04,20251104145500000,sz.002418,5.3200,5.3700,5.3100,5.3400,7963300,42500859.0000,3
2025-11-04,20251104150000000,sz.002418,5.3400,5.3400,5.3300,5.3400,8681000,46321798.0000,3
2025-11-05,20251105093500000,sz.002418,5.2700,5.3800,5.1800,5.3500,30908600,162777792.0000,3
2025-11-05,20251105094000000,sz.002418,5.3500,5.4300,5.3200,5.4300,15145000,81470464.0000,3
2025-11-05,20251105094500000,sz.002418,5.4200,5.4200,5.3600,5.3700,8877900,47838656.0000,3
2025-11-05,20251105095000000,sz.002418,5.4000,5.4300,5.3700,5.3900,6815600,36813344.0000,3
2025-11-05,20251105095500000,sz.002418,5.4000,5.4200,5.3600,5.4000,5417100,29197184.0000,3
2025-11-05,20251105100000000,sz.002418,5.3900,5.4100,5.3700,5.3900,4738100,25549568.0000,3
2025-11-05,20251105100500000,sz.002418,5.3900,5.4000,5.3700,5.3900,3627800,19539776.0000,3
2025-11-05,20251105101000000,sz.002418,5.3900,5.4300,5.3900,5.4000,6528900,35307360.0000,3
2025-11-05,20251105101500000,sz.002418,5.4100,5.4700,5.4000,5.4500,10547300,57423808.0000,3
2025-11-05,20251105102000000,sz.002418,5.4300,5.4500,5.4200,5.4400,4399300,23916640.0000,3
2025-11-05,20251105102500000,sz.002418,5.4400,5.4600,5.4000,5.4000,4125500,22425632.0000,3
2025-11-05,20251105103000000,sz.002418,5.4100,5.4800,5.4000,5.4700,5210600,28414976.0000,3
2025-11-05,20251105103500000,sz.002418,5.4400,5.4700,5.4300,5.4400,3238300,17652224.0000,3
2025-11-05,20251105104000000,sz.002418,5.4300,5.4600,5.4300,5.4600,2774000,15111296.0000,3
2025-11-05,20251105104500000,sz.002418,5.4600,5.5200,5.4300,5.5000,6710900,36776064.0000,3
2025-11-05,20251105105000000,sz.002418,5.4900,5.5200,5.4600,5.4800,7850200,43158464.0000,3
2025-11-05,20251105105500000,sz.002418,5.4900,5.5000,5.4500,5.4900,3136900,17186112.0000,3
2025-11-05,20251105110000000,sz.002418,5.4800,5.4900,5.4600,5.4700,1944800,10656896.0000,3
2025-11-05,20251105110500000,sz.002418,5.4800,5.5300,5.4800,5.5000,4107700,22612224.0000,3
2025-11-05,20251105111000000,sz.002418,5.5000,5.5500,5.4800,5.5400,4276800,23629120.0000,3
2025-11-05,20251105111500000,sz.002418,5.5400,5.5400,5.5100,5.5300,2053000,11341504.0000,3
2025-11-05,20251105112000000,sz.002418,5.5300,5.5300,5.5000,5.5200,1973900,10878592.0000,3
2025-11-05,20251105112500000,sz.002418,5.5100,5.5500,5.5100,5.5300,2639400,14596736.0000,3
2025-11-05,20251105113000000,sz.002418,5.5300,5.5500,5.5100,5.5500,1795900,9932224.0000,3
2025-11-05,20251105130500000,sz.002418,5.5600,5.6200,5.4900,5.6200,12525300,69578048.0000,3
2025-11-05,20251105131000000,sz.002418,5.6200,5.7200,5.5700,5.6100,17765000,100225536.0000,3
2025-11-05,20251105131500000,sz.002418,5.6100,5.6700,5.5900,5.6300,7513700,42276864.0000,3
2025-11-05,20251105132000000,sz.002418,5.6300,5.6700,5.5700,5.5900,5049500,28404992.0000,3
2025-11-05,20251105132500000,sz.002418,5.5900,5.6000,5.5600,5.5800,3456200,19284672.0000,3
2025-11-05,20251105133000000,sz.002418,5.5800,5.6000,5.5800,5.5900,1959700,10953408.0000,3
2025-11-05,20251105133500000,sz.002418,5.5900,5.5900,5.5300,5.5400,2940000,16350720.0000,3
2025-11-05,20251105134000000,sz.002418,5.5400,5.6400,5.5300,5.6400,5446200,30458368.0000,3
2025-11-05,20251105134500000,sz.002418,5.6400,5.6600,5.6100,5.6200,3845300,21702400.0000,3
2025-11-05,20251105135000000,sz.002418,5.6300,5.8700,5.6100,5.8700,27404000,159348224.0000,3
2025-11-05,20251105135500000,sz.002418,5.8700,5.8700,5.8200,5.8700,16122400,94584064.0000,3
2025-11-05,20251105140000000,sz.002418,5.8700,5.8700,5.7800,5.7800,13754600,80572160.0000,3
2025-11-05,20251105140500000,sz.002418,5.7800,5.8400,5.7500,5.7800,9621700,55640704.0000,3
2025-11-05,20251105141000000,sz.002418,5.7900,5.7900,5.7000,5.7400,7072300,40567808.0000,3
2025-11-05,20251105141500000,sz.002418,5.7400,5.8600,5.7300,5.7800,5977200,34725760.0000,3
2025-11-05,20251105142000000,sz.002418,5.7800,5.8000,5.7600,5.7900,2864800,16559616.0000,3
2025-11-05,20251105142500000,sz.002418,5.8000,5.8000,5.7500,5.7800,3166200,18241920.0000,3
2025-11-05,20251105143000000,sz.002418,5.7700,5.7800,5.7600,5.7700,1770500,10209152.0000,3
2025-11-05,20251105143500000,sz.002418,5.7700,5.7700,5.7200,5.7200,3000800,17264512.0000,3
2025-11-05,20251105144000000,sz.002418,5.7200,5.7600,5.7100,5.7600,3348300,19172992.0000,3
2025-11-05,20251105144500000,sz.002418,5.7600,5.8700,5.7300,5.8700,19558800,114507904.0000,3
2025-11-05,20251105145000000,sz.002418,5.8600,5.8700,5.8200,5.8200,8725600,51178496.0000,3
2025-11-05,20251105145500000,sz.002418,5.8200,5.8200,5.7100,5.7100,7151000,41311488.0000,3
2025-11-05,20251105150000000,sz.002418,5.7100,5.7500,5.7100,5.7100,7414400,42413440.0000,3
2025-11-06,20251106093500000,sz.002418,5.4500,5.5700,5.3700,5.5300,51365100,281295552.0000,3
2025-11-06,20251106094000000,sz.002418,5.5200,5.5200,5.4100,5.4200,20513000,112071232.0000,3
2025-11-06,20251106094500000,sz.002418,5.4100,5.4500,5.3700,5.4400,16999800,91823712.0000,3
2025-11-06,20251106095000000,sz.002418,5.4300,5.5200,5.4000,5.5100,7949800,43350112.0000,3
2025-11-06,20251106095500000,sz.002418,5.5100,5.5200,5.4200,5.5200,6551000,35799616.0000,3
2025-11-06,20251106100000000,sz.002418,5.5200,5.5400,5.4300,5.4400,7677000,42108856.0000,3
2025-11-06,20251106100500000,sz.002418,5.4400,5.5000,5.4400,5.5000,2923000,16013770.0000,3
2025-11-06,20251106101000000,sz.002418,5.4900,5.5400,5.4800,5.5200,5412100,29864765.0000,3
2025-11-06,20251106101500000,sz.002418,5.5200,5.5600,5.5200,5.5500,4302000,23804993.0000,3
2025-11-06,20251106102000000,sz.002418,5.5600,5.6200,5.5500,5.5500,6773100,37774784.0000,3
2025-11-06,20251106102500000,sz.002418,5.5600,5.5900,5.5300,5.5700,3237400,18002240.0000,3
2025-11-06,20251106103000000,sz.002418,5.5800,5.5900,5.5700,5.5800,2450700,13680960.0000,3
2025-11-06,20251106103500000,sz.002418,5.5800,5.6100,5.5700,5.5800,3578500,19995136.0000,3
2025-11-06,20251106104000000,sz.002418,5.5700,5.6000,5.5600,5.5900,2486500,13866368.0000,3
2025-11-06,20251106104500000,sz.002418,5.5900,5.6600,5.5900,5.6200,4432600,24970752.0000,3
2025-11-06,20251106105000000,sz.002418,5.6200,5.6400,5.5700,5.6300,3782300,21178432.0000,3
2025-11-06,20251106105500000,sz.002418,5.6400,5.6800,5.6200,5.6700,5551800,31414464.0000,3
2025-11-06,20251106110000000,sz.002418,5.6600,5.6700,5.6200,5.6400,3305400,18641024.0000,3
2025-11-06,20251106110500000,sz.002418,5.6400,5.6700,5.6300,5.6300,2494800,14092416.0000,3
2025-11-06,20251106111000000,sz.002418,5.6300,5.6400,5.5800,5.6000,3968800,22257472.0000,3
2025-11-06,20251106111500000,sz.002418,5.6400,5.6400,5.6000,5.6400,2541900,14262528.0000,3
2025-11-06,20251106112000000,sz.002418,5.6400,5.6400,5.5900,5.6200,2536900,14244160.0000,3
2025-11-06,20251106112500000,sz.002418,5.6100,5.6100,5.5600,5.5900,4647700,25976960.0000,3
2025-11-06,20251106113000000,sz.002418,5.6000,5.6100,5.5700,5.5700,2199300,12287936.0000,3
2025-11-06,20251106130500000,sz.002418,5.5600,5.6700,5.5600,5.6000,6007200,33717632.0000,3
2025-11-06,20251106131000000,sz.002418,5.6000,5.6100,5.5700,5.6100,2409000,13479296.0000,3
2025-11-06,20251106131500000,sz.002418,5.6000,5.6400,5.5900,5.6000,2049000,11518336.0000,3
2025-11-06,20251106132000000,sz.002418,5.5900,5.6100,5.5800,5.6100,1920000,10738752.0000,3
2025-11-06,20251106132500000,sz.002418,5.6100,5.6100,5.5900,5.5900,1506400,8429824.0000,3
2025-11-06,20251106133000000,sz.002418,5.6000,5.6100,5.5600,5.5600,4381900,24450112.0000,3
2025-11-06,20251106133500000,sz.002418,5.5600,5.5900,5.5500,5.5800,2424200,13517824.0000,3
2025-11-06,20251106134000000,sz.002418,5.5900,5.6000,5.5800,5.5900,2319800,12959360.0000,3
2025-11-06,20251106134500000,sz.002418,5.6000,5.6000,5.5700,5.5700,3288500,18329600.0000,3
2025-11-06,20251106135000000,sz.002418,5.5800,5.5800,5.5700,5.5700,1348700,7515648.0000,3
2025-11-06,20251106135500000,sz.002418,5.5800,5.6000,5.5700,5.5900,2955900,16511744.0000,3
2025-11-06,20251106140000000,sz.002418,5.5900,5.6000,5.5800,5.5900,1770300,9894912.0000,3
2025-11-06,20251106140500000,sz.002418,5.6000,5.6000,5.5700,5.5900,1820900,10164736.0000,3
2025-11-06,20251106141000000,sz.002418,5.6000,5.6000,5.5800,5.5900,2146600,11987968.0000,3
2025-11-06,20251106141500000,sz.002418,5.6000,5.6000,5.5800,5.5800,1384800,7739008.0000,3
2025-11-06,20251106142000000,sz.002418,5.5900,5.6000,5.5800,5.6000,3080900,17238528.0000,3
2025-11-06,20251106142500000,sz.002418,5.6000,5.6000,5.5900,5.6000,2167700,12126848.0000,3
2025-11-06,20251106143000000,sz.002418,5.6000,5.6300,5.5900,5.6200,2385000,13384832.0000,3
2025-11-06,20251106143500000,sz.002418,5.6200,5.6300,5.5900,5.6200,2629700,14744448.0000,3
2025-11-06,20251106144000000,sz.002418,5.6200,5.6200,5.6000,5.6100,2094200,11733760.0000,3
2025-11-06,20251106144500000,sz.002418,5.6100,5.6400,5.5900,5.6400,6814500,38220672.0000,3
2025-11-06,20251106145000000,sz.002418,5.6400,5.6500,5.6100,5.6300,3754200,21129088.0000,3
2025-11-06,20251106145500000,sz.002418,5.6200,5.6300,5.5900,5.5900,7200800,40360064.0000,3
2025-11-06,20251106150000000,sz.002418,5.5900,5.6100,5.5800,5.6000,9199900,51466880.0000,3
2025-11-07,20251107093500000,sz.002418,5.5500,5.6700,5.4900,5.5900,19529000,108707824.0000,3
2025-11-07,20251107094000000,sz.002418,5.5900,5.6800,5.5500,5.6700,12540700,70653904.0000,3
2025-11-07,20251107094500000,sz.002418,5.6700,5.7600,5.5900,5.7000,17024700,96419840.0000,3
2025-11-07,20251107095000000,sz.002418,5.7000,5.8200,5.7000,5.7400,19639800,113248032.0000,3
2025-11-07,20251107095500000,sz.002418,5.7300,5.7900,5.7000,5.7900,8863700,50820512.0000,3
2025-11-07,20251107100000000,sz.002418,5.7900,5.8200,5.7500,5.7600,10678100,61760608.0000,3
2025-11-07,20251107100500000,sz.002418,5.7400,5.7500,5.6900,5.7500,7365300,42137892.0000,3
2025-11-07,20251107101000000,sz.002418,5.7500,5.7800,5.7200,5.7500,3928000,22584564.0000,3
2025-11-07,20251107101500000,sz.002418,5.7500,5.7600,5.7300,5.7500,2525200,14512394.0000,3
2025-11-07,20251107102000000,sz.002418,5.7600,5.7800,5.7300,5.7400,2739400,15773692.0000,3
2025-11-07,20251107102500000,sz.002418,5.7500,5.7800,5.7500,5.7800,2049300,11810178.0000,3
2025-11-07,20251107103000000,sz.002418,5.7800,5.7800,5.7100,5.7200,3475000,19953596.0000,3
2025-11-07,20251107103500000,sz.002418,5.7200,5.7500,5.6900,5.7500,3889100,22216572.0000,3
2025-11-07,20251107104000000,sz.002418,5.7400,5.7500,5.7300,5.7300,1092800,6276544.0000,3
2025-11-07,20251107104500000,sz.002418,5.7300,5.8200,5.7200,5.8000,5890300,34109576.0000,3
2025-11-07,20251107105000000,sz.002418,5.7900,5.8200,5.7900,5.8000,4396100,25509248.0000,3
2025-11-07,20251107105500000,sz.002418,5.8100,5.8500,5.7900,5.7900,5369000,31246208.0000,3
2025-11-07,20251107110000000,sz.002418,5.8100,5.8100,5.7600,5.7700,2796200,16161920.0000,3
2025-11-07,20251107110500000,sz.002418,5.7800,5.7800,5.7500,5.7800,1760000,10148220.0000,3
2025-11-07,20251107111000000,sz.002418,5.7800,5.8000,5.7700,5.7900,1210100,6999485.0000,3
2025-11-07,20251107111500000,sz.002418,5.7800,5.7900,5.7600,5.7700,1224900,7072199.0000,3
2025-11-07,20251107112000000,sz.002418,5.7700,5.7800,5.7600,5.7800,1149000,6632703.0000,3
2025-11-07,20251107112500000,sz.002418,5.7800,5.8400,5.7800,5.8300,3585400,20856065.0000,3
2025-11-07,20251107113000000,sz.002418,5.8300,5.8400,5.8000,5.8000,1318200,7656640.0000,3
2025-11-07,20251107130500000,sz.002418,5.8000,5.8500,5.7800,5.7800,4273700,24861888.0000,3
2025-11-07,20251107131000000,sz.002418,5.7900,5.8000,5.7800,5.8000,1978200,11461632.0000,3
2025-11-07,20251107131500000,sz.002418,5.8000,5.8100,5.7700,5.7900,2424400,14029311.0000,3
2025-11-07,20251107132000000,sz.002418,5.7800,5.7900,5.7700,5.7800,1409100,8144136.0000,3
2025-11-07,20251107132500000,sz.002418,5.7800,5.7900,5.7600,5.7800,1825200,10543093.0000,3
2025-11-07,20251107133000000,sz.002418,5.7900,5.7900,5.7800,5.7900,1302400,7532164.0000,3
2025-11-07,20251107133500000,sz.002418,5.7800,5.7900,5.7800,5.7800,890300,5151040.0000,3
2025-11-07,20251107134000000,sz.002418,5.7900,5.7900,5.7400,5.7500,3797500,21884864.0000,3
2025-11-07,20251107134500000,sz.002418,5.7400,5.7500,5.7200,5.7500,3259200,18696647.0000,3
2025-11-07,20251107135000000,sz.002418,5.7500,5.7500,5.7200,5.7200,2150800,12331196.0000,3
2025-11-07,20251107135500000,sz.002418,5.7100,5.7300,5.7100,5.7100,3596400,20567873.0000,3
2025-11-07,20251107140000000,sz.002418,5.7100,5.7500,5.7100,5.7500,2360300,13517559.0000,3
2025-11-07,20251107140500000,sz.002418,5.7500,5.7500,5.7100,5.7400,2405400,13773635.0000,3
2025-11-07,20251107141000000,sz.002418,5.7300,5.7400,5.7200,5.7200,1638300,9386174.0000,3
2025-11-07,20251107141500000,sz.002418,5.7200,5.7300,5.7100,5.7100,1786700,10209024.0000,3
2025-11-07,20251107142000000,sz.002418,5.7100,5.7300,5.7000,5.7200,3428300,19577092.0000,3
2025-11-07,20251107142500000,sz.002418,5.7200,5.7300,5.7000,5.7100,1714500,9802119.0000,3
2025-11-07,20251107143000000,sz.002418,5.7100,5.7200,5.7000,5.7100,1649900,9413562.0000,3
2025-11-07,20251107143500000,sz.002418,5.7000,5.7200,5.7000,5.7100,2104900,12021253.0000,3
2025-11-07,20251107144000000,sz.002418,5.7200,5.7200,5.6900,5.7100,3547500,20231670.0000,3
2025-11-07,20251107144500000,sz.002418,5.7000,5.7200,5.6900,5.7200,3587200,20478469.0000,3
2025-11-07,20251107145000000,sz.002418,5.7200,5.7600,5.7100,5.7400,5821500,33350277.0000,3
2025-11-07,20251107145500000,sz.002418,5.7300,5.7700,5.7200,5.7500,7455100,42858750.0000,3
2025-11-07,20251107150000000,sz.002418,5.7400,5.7500,5.7400,5.7500,6302400,36227836.0000,3
2025-11-10,20251110093500000,sz.002418,5.6500,5.6800,5.5000,5.5200,32236600,179673184.0000,3
2025-11-10,20251110094000000,sz.002418,5.5400,5.5400,5.4800,5.5100,19920500,109699296.0000,3
2025-11-10,20251110094500000,sz.002418,5.5100,5.5800,5.4700,5.4900,10215700,56489440.0000,3
2025-11-10,20251110095000000,sz.002418,5.4900,5.5100,5.4500,5.4700,12670700,69378752.0000,3
2025-11-10,20251110095500000,sz.002418,5.4700,5.5300,5.4400,5.5000,12167200,66517568.0000,3
2025-11-10,20251110100000000,sz.002418,5.4900,5.5200,5.4600,5.4800,5245300,28801472.0000,3
2025-11-10,20251110100500000,sz.002418,5.4800,5.4900,5.4600,5.4600,4409600,24138784.0000,3
2025-11-10,20251110101000000,sz.002418,5.4600,5.4800,5.3900,5.4000,11145800,60403776.0000,3
2025-11-10,20251110101500000,sz.002418,5.4000,5.4700,5.4000,5.4500,6635100,36098628.0000,3
2025-11-10,20251110102000000,sz.002418,5.4500,5.4800,5.4400,5.4500,2888200,15762044.0000,3
2025-11-10,20251110102500000,sz.002418,5.4400,5.4600,5.4300,5.4400,2154200,11722624.0000,3
2025-11-10,20251110103000000,sz.002418,5.4300,5.4400,5.3900,5.4000,3328200,18020864.0000,3
2025-11-10,20251110103500000,sz.002418,5.4000,5.4500,5.3900,5.4500,3469900,18806720.0000,3
2025-11-10,20251110104000000,sz.002418,5.4500,5.4500,5.4000,5.4200,2946000,15957568.0000,3
2025-11-10,20251110104500000,sz.002418,5.4100,5.4400,5.4100,5.4300,1571000,8517888.0000,3
2025-11-10,20251110105000000,sz.002418,5.4400,5.4500,5.4200,5.4400,1754900,9534976.0000,3
2025-11-10,20251110105500000,sz.002418,5.4300,5.4400,5.4200,5.4200,1532500,8317952.0000,3
2025-11-10,20251110110000000,sz.002418,5.4200,5.4300,5.4000,5.4100,1599200,8655744.0000,3
2025-11-10,20251110110500000,sz.002418,5.4000,5.4100,5.3900,5.3900,2147100,11596992.0000,3
2025-11-10,20251110111000000,sz.002418,5.3900,5.4000,5.3800,5.4000,2799100,15089920.0000,3
2025-11-10,20251110111500000,sz.002418,5.4000,5.4100,5.3900,5.4000,1598600,8625280.0000,3
2025-11-10,20251110112000000,sz.002418,5.3900,5.4100,5.3900,5.4100,1322900,7141952.0000,3
2025-11-10,20251110112500000,sz.002418,5.4000,5.4000,5.3900,5.4000,1107100,5970560.0000,3
2025-11-10,20251110113000000,sz.002418,5.4000,5.4000,5.3600,5.3600,3538200,19023936.0000,3
2025-11-10,20251110130500000,sz.002418,5.3600,5.4200,5.3600,5.4000,4370200,23523904.0000,3
2025-11-10,20251110131000000,sz.002418,5.4000,5.4100,5.3900,5.4100,1511400,8161024.0000,3
2025-11-10,20251110131500000,sz.002418,5.4100,5.4300,5.4000,5.4200,1145700,6202240.0000,3
2025-11-10,20251110132000000,sz.002418,5.4200,5.4300,5.4100,5.4200,1379000,7475840.0000,3
2025-11-10,20251110132500000,sz.002418,5.4200,5.4400,5.4200,5.4400,1457100,7915835.0000,3
2025-11-10,20251110133000000,sz.002418,5.4400,5.4400,5.4200,5.4300,1548500,8411717.0000,3
2025-11-10,20251110133500000,sz.002418,5.4400,5.4500,5.4300,5.4500,1302300,7086336.0000,3
2025-11-10,20251110134000000,sz.002418,5.4500,5.4500,5.4300,5.4500,1385800,7543040.0000,3
2025-11-10,20251110134500000,sz.002418,5.4400,5.4500,5.4200,5.4400,2355500,12805882.0000,3
2025-11-10,20251110135000000,sz.002418,5.4400,5.4700,5.4400,5.4700,1823600,9950408.0000,3
2025-11-10,20251110135500000,sz.002418,5.4700,5.4800,5.4500,5.4700,2832500,15483269.0000,3
2025-11-10,20251110140000000,sz.002418,5.4600,5.4700,5.4500,5.4700,1985700,10844282.0000,3
2025-11-10,20251110140500000,sz.002418,5.4700,5.4800,5.4600,5.4600,1375100,7521847.0000,3
2025-11-10,20251110141000000,sz.002418,5.4600,5.4900,5.4600,5.4700,2002100,10969102.0000,3
2025-11-10,20251110141500000,sz.002418,5.4800,5.5000,5.4700,5.5000,1824900,10019198.0000,3
2025-11-10,20251110142000000,sz.002418,5.5000,5.5000,5.4800,5.4900,1256800,6899904.0000,3
2025-11-10,20251110142500000,sz.002418,5.4800,5.5200,5.4800,5.5000,2299100,12646644.0000,3
2025-11-10,20251110143000000,sz.002418,5.5000,5.5100,5.4900,5.5000,973700,5355328.0000,3
2025-11-10,20251110143500000,sz.002418,5.4900,5.5300,5.4900,5.5300,1928500,10632450.0000,3
2025-11-10,20251110144000000,sz.002418,5.5400,5.5600,5.5300,5.5300,3241000,17967046.0000,3
2025-11-10,20251110144500000,sz.002418,5.5300,5.5400,5.5100,5.5200,2472400,13653240.0000,3
2025-11-10,20251110145000000,sz.002418,5.5200,5.5200,5.5000,5.5100,2869100,15812297.0000,3
2025-11-10,20251110145500000,sz.002418,5.5000,5.5100,5.4900,5.5000,5342400,29389945.0000,3
2025-11-10,20251110150000000,sz.002418,5.4900,5.5100,5.4800,5.4800,5942500,32616585.0000,3
2025-11-11,20251111093500000,sz.002418,5.5100,5.6500,5.5100,5.5800,15605700,87049056.0000,3
2025-11-11,20251111094000000,sz.002418,5.5800,5.6500,5.5600,5.5600,16062500,90115472.0000,3
2025-11-11,20251111094500000,sz.002418,5.5700,5.8400,5.5700,5.8400,24095300,138148944.0000,3
2025-11-11,20251111095000000,sz.002418,5.8300,5.8300,5.7000,5.7400,15453100,88988480.0000,3
2025-11-11,20251111095500000,sz.002418,5.7400,5.8000,5.7200,5.7500,8666100,49862912.0000,3
2025-11-11,20251111100000000,sz.002418,5.7400,5.7400,5.6600,5.6900,6037400,34384256.0000,3
2025-11-11,20251111100500000,sz.002418,5.7000,5.7000,5.6700,5.6900,4021100,22873984.0000,3
2025-11-11,20251111101000000,sz.002418,5.6900,5.7000,5.6600,5.6700,2923000,16605888.0000,3
2025-11-11,20251111101500000,sz.002418,5.6600,5.6900,5.6500,5.6600,3728500,21115456.0000,3
2025-11-11,20251111102000000,sz.002418,5.6600,5.6700,5.6400,5.6400,2399400,13570624.0000,3
2025-11-11,20251111102500000,sz.002418,5.6400,5.6900,5.6400,5.6800,1786400,10123256.0000,3
2025-11-11,20251111103000000,sz.002418,5.6800,5.7500,5.6800,5.7100,4833900,27641289.0000,3
2025-11-11,20251111103500000,sz.002418,5.7200,5.7200,5.7000,5.7000,1208800,6896390.0000,3
2025-11-11,20251111104000000,sz.002418,5.7000,5.7000,5.6800,5.6900,1641900,9339904.0000,3
2025-11-11,20251111104500000,sz.002418,5.6800,5.7100,5.6700,5.6800,1958300,11145269.0000,3
2025-11-11,20251111105000000,sz.002418,5.6800,5.6900,5.6700,5.6900,628600,3571976.0000,3
2025-11-11,20251111105500000,sz.002418,5.6800,5.6900,5.6600,5.6700,1433000,8129985.0000,3
2025-11-11,20251111110000000,sz.002418,5.6700,5.6900,5.6600,5.6800,1064000,6030139.0000,3
2025-11-11,20251111110500000,sz.002418,5.6800,5.6900,5.6600,5.6600,1824400,10346684.0000,3
2025-11-11,20251111111000000,sz.002418,5.6700,5.6900,5.6600,5.6900,1212500,6876299.0000,3
2025-11-11,20251111111500000,sz.002418,5.6800,5.6900,5.6700,5.6800,1262600,7178304.0000,3
2025-11-11,20251111112000000,sz.002418,5.6900,5.6900,5.6800,5.6800,726100,4126781.0000,3
2025-11-11,20251111112500000,sz.002418,5.6800,5.6900,5.6600,5.6700,1224200,6954548.0000,3
2025-11-11,20251111113000000,sz.002418,5.6700,5.6900,5.6600,5.6900,1327700,7529736.0000,3
2025-11-11,20251111130500000,sz.002418,5.6900,5.7000,5.6600,5.6700,1776900,10094328.0000,3
2025-11-11,20251111131000000,sz.002418,5.6800,5.6800,5.6400,5.6500,1843500,10422026.0000,3
2025-11-11,20251111131500000,sz.002418,5.6500,5.6500,5.6300,5.6300,2401900,13535550.0000,3
2025-11-11,20251111132000000,sz.002418,5.6400,5.6400,5.6300,5.6300,1294700,7291452.0000,3
2025-11-11,20251111132500000,sz.002418,5.6300,5.6400,5.6200,5.6300,2255300,12690372.0000,3
2025-11-11,20251111133000000,sz.002418,5.6200,5.6300,5.6100,5.6100,1719400,9661884.0000,3
2025-11-11,20251111133500000,sz.002418,5.6100,5.6500,5.6100,5.6300,2418700,13608444.0000,3
2025-11-11,20251111134000000,sz.002418,5.6300,5.6300,5.5900,5.5900,2043800,11451716.0000,3
2025-11-11,20251111134500000,sz.002418,5.5900,5.6100,5.5800,5.5800,2078000,11617476.0000,3
2025-11-11,20251111135000000,sz.002418,5.5800,5.5900,5.5800,5.5800,1649500,9203776.0000,3
2025-11-11,20251111135500000,sz.002418,5.5800,5.5800,5.5600,5.5800,1951100,10874432.0000,3
2025-11-11,20251111140000000,sz.002418,5.5700,5.5800,5.5500,5.5600,2265800,12611456.0000,3
2025-11-11,20251111140500000,sz.002418,5.5600,5.5900,5.5600,5.5800,3990700,22253056.0000,3
2025-11-11,20251111141000000,sz.002418,5.5800,5.5900,5.5600,5.5600,1425000,7934080.0000,3
2025-11-11,20251111141500000,sz.002418,5.5600,5.5800,5.5600,5.5700,1499500,8351168.0000,3
2025-11-11,20251111142000000,sz.002418,5.5600,5.5900,5.5600,5.5700,1780800,9927616.0000,3
2025-11-11,20251111142500000,sz.002418,5.5700,5.5900,5.5700,5.5800,1142400,6375360.0000,3
2025-11-11,20251111143000000,sz.002418,5.5800,5.6200,5.5800,5.6000,3108300,17414656.0000,3
2025-11-11,20251111143500000,sz.002418,5.6000,5.6100,5.5800,5.5800,1941200,10862976.0000,3
2025-11-11,20251111144000000,sz.002418,5.5900,5.6000,5.5800,5.5800,1632800,9117888.0000,3
2025-11-11,20251111144500000,sz.002418,5.5900,5.6000,5.5600,5.5800,2624900,14650560.0000,3
2025-11-11,20251111145000000,sz.002418,5.5700,5.5800,5.5500,5.5500,3087700,17171456.0000,3
2025-11-11,20251111145500000,sz.002418,5.5600,5.6100,5.5500,5.5800,7694400,42988160.0000,3
2025-11-11,20251111150000000,sz.002418,5.5900,5.5900,5.5700,5.5800,3647000,20348736.0000,3
2025-11-12,20251112093500000,sz.002418,5.5900,5.8200,5.5800,5.7300,22382700,127614272.0000,3
2025-11-12,20251112094000000,sz.002418,5.7200,5.7200,5.5900,5.6100,8200100,46221984.0000,3
2025-11-12,20251112094500000,sz.002418,5.6000,5.6200,5.5400,5.5800,6250100,34845040.0000,3
2025-11-12,20251112095000000,sz.002418,5.5700,5.6000,5.5300,5.5400,4925400,27394512.0000,3
2025-11-12,20251112095500000,sz.002418,5.5400,5.6100,5.5400,5.6000,4600800,25679360.0000,3
2025-11-12,20251112100000000,sz.002418,5.6100,5.6600,5.5900,5.6300,3653400,20573984.0000,3
2025-11-12,20251112100500000,sz.002418,5.6400,5.6400,5.6000,5.6000,3270200,18404736.0000,3
2025-11-12,20251112101000000,sz.002418,5.6000,5.6100,5.5800,5.5800,1558100,8715648.0000,3
2025-11-12,20251112101500000,sz.002418,5.5800,5.6100,5.5700,5.5800,2147600,11999008.0000,3
2025-11-12,20251112102000000,sz.002418,5.5800,5.6200,5.5800,5.6100,1705300,9540608.0000,3
2025-11-12,20251112102500000,sz.002418,5.6000,5.6900,5.5900,5.6700,5959100,33616896.0000,3
2025-11-12,20251112103000000,sz.002418,5.6800,5.7200,5.6500,5.6800,7490300,42610464.0000,3
2025-11-12,20251112103500000,sz.002418,5.6800,5.6900,5.6000,5.6100,3037800,17154912.0000,3
2025-11-12,20251112104000000,sz.002418,5.6100,5.6400,5.6100,5.6100,1589700,8939648.0000,3
2025-11-12,20251112104500000,sz.002418,5.6200,5.6300,5.6000,5.6300,1217400,6833440.0000,3
2025-11-12,20251112105000000,sz.002418,5.6400,5.6500,5.6100,5.6400,1613600,9084800.0000,3
2025-11-12,20251112105500000,sz.002418,5.6500,5.7800,5.6300,5.7700,6800000,38907328.0000,3
2025-11-12,20251112110000000,sz.002418,5.7600,5.7900,5.7200,5.7300,8077900,46526528.0000,3
2025-11-12,20251112110500000,sz.002418,5.7300,5.7400,5.7000,5.7000,3024500,17285822.0000,3
2025-11-12,20251112111000000,sz.002418,5.7000,5.7400,5.7000,5.7400,2403200,13737470.0000,3
2025-11-12,20251112111500000,sz.002418,5.7400,5.7600,5.7200,5.7400,3143000,18058952.0000,3
2025-11-12,20251112112000000,sz.002418,5.7400,5.7400,5.7000,5.7100,1033900,5914484.0000,3
2025-11-12,20251112112500000,sz.002418,5.7000,5.7100,5.6600,5.6600,3019100,17129673.0000,3
2025-11-12,20251112113000000,sz.002418,5.6600,5.6700,5.6500,5.6600,1129300,6388599.0000,3
2025-11-12,20251112130500000,sz.002418,5.6500,5.6500,5.6100,5.6300,1675000,9440388.0000,3
2025-11-12,20251112131000000,sz.002418,5.6300,5.6400,5.6000,5.6100,1605700,9020741.0000,3
2025-11-12,20251112131500000,sz.002418,5.6100,5.6200,5.5900,5.6000,2264600,12691587.0000,3
2025-11-12,20251112132000000,sz.002418,5.6000,5.6000,5.5800,5.5800,1146700,6407164.0000,3
2025-11-12,20251112132500000,sz.002418,5.5800,5.6000,5.5800,5.5900,1870000,10453888.0000,3
2025-11-12,20251112133000000,sz.002418,5.5900,5.6100,5.5900,5.6000,1201200,6723904.0000,3
2025-11-12,20251112133500000,sz.002418,5.6000,5.6100,5.5900,5.6000,760400,4258688.0000,3
2025-11-12,20251112134000000,sz.002418,5.5900,5.6000,5.5800,5.5900,911000,5092155.0000,3
2025-11-12,20251112134500000,sz.002418,5.5900,5.6100,5.5800,5.6100,863400,4833348.0000,3
2025-11-12,20251112135000000,sz.002418,5.6100,5.6300,5.6000,5.6100,1126900,6327417.0000,3
2025-11-12,20251112135500000,sz.002418,5.6200,5.6300,5.6100,5.6200,901000,5059851.0000,3
2025-11-12,20251112140000000,sz.002418,5.6200,5.6200,5.6000,5.6200,466800,2619136.0000,3
2025-11-12,20251112140500000,sz.002418,5.6200,5.6300,5.6000,5.6200,842300,4727607.0000,3
2025-11-12,20251112141000000,sz.002418,5.6300,5.6900,5.6200,5.6700,2520100,14268998.0000,3
2025-11-12,20251112141500000,sz.002418,5.6700,5.6700,5.6300,5.6400,1184700,6691520.0000,3
2025-11-12,20251112142000000,sz.002418,5.6500,5.6500,5.6300,5.6500,649200,3662328.0000,3
2025-11-12,20251112142500000,sz.002418,5.6400,5.6900,5.6400,5.6600,1797600,10192840.0000,3
2025-11-12,20251112143000000,sz.002418,5.6700,5.6700,5.6600,5.6700,673100,3813444.0000,3
2025-11-12,20251112143500000,sz.002418,5.6600,5.6700,5.6400,5.6500,1732800,9800631.0000,3
2025-11-12,20251112144000000,sz.002418,5.6400,5.6700,5.6400,5.6700,2087100,11805245.0000,3
2025-11-12,20251112144500000,sz.002418,5.6700,5.6900,5.6600,5.6700,2215400,12576776.0000,3
2025-11-12,20251112145000000,sz.002418,5.6800,5.6800,5.6600,5.6600,2308000,13089728.0000,3
2025-11-12,20251112145500000,sz.002418,5.6600,5.6700,5.6500,5.6600,4240400,23996986.0000,3
2025-11-12,20251112150000000,sz.002418,5.6600,5.6700,5.6500,5.6600,3656700,20700543.0000,3
2025-11-13,20251113093500000,sz.002418,5.6600,5.8100,5.6400,5.7100,18459500,105988808.0000,3
2025-11-13,20251113094000000,sz.002418,5.7100,5.7400,5.6700,5.7000,6402700,36530344.0000,3
2025-11-13,20251113094500000,sz.002418,5.7000,5.7100,5.6800,5.7000,4321900,24600512.0000,3
2025-11-13,20251113095000000,sz.002418,5.7000,5.7700,5.6800,5.7500,5301100,30305776.0000,3
2025-11-13,20251113095500000,sz.002418,5.7600,5.7700,5.7300,5.7300,3735900,21515792.0000,3
2025-11-13,20251113100000000,sz.002418,5.7400,5.7400,5.7100,5.7300,2825000,16168720.0000,3
2025-11-13,20251113100500000,sz.002418,5.7200,5.7700,5.7200,5.7500,3247100,18677536.0000,3
2025-11-13,20251113101000000,sz.002418,5.7500,6.0100,5.7500,5.9200,31747000,187645824.0000,3
2025-11-13,20251113101500000,sz.002418,5.8900,5.9000,5.8500,5.8900,8772600,51548512.0000,3
2025-11-13,20251113102000000,sz.002418,5.8800,5.9500,5.8700,5.9200,6336000,37477664.0000,3
2025-11-13,20251113102500000,sz.002418,5.9300,5.9300,5.8700,5.8800,3425900,20179416.0000,3
2025-11-13,20251113103000000,sz.002418,5.8800,5.9800,5.8800,5.9400,5862000,34847624.0000,3
2025-11-13,20251113103500000,sz.002418,5.9300,5.9400,5.9000,5.9100,2866800,16972928.0000,3
2025-11-13,20251113104000000,sz.002418,5.9000,5.9100,5.8800,5.9000,1930100,11381952.0000,3
2025-11-13,20251113104500000,sz.002418,5.8900,5.9300,5.8900,5.9000,1842800,10884998.0000,3
2025-11-13,20251113105000000,sz.002418,5.9000,5.9300,5.8900,5.9100,1834600,10845556.0000,3
2025-11-13,20251113105500000,sz.002418,5.9100,5.9100,5.8800,5.8800,1863300,10975300.0000,3
2025-11-13,20251113110000000,sz.002418,5.8800,5.8900,5.8600,5.8600,2211600,12999098.0000,3
2025-11-13,20251113110500000,sz.002418,5.8600,5.8900,5.8600,5.8800,1633300,9592128.0000,3
2025-11-13,20251113111000000,sz.002418,5.8800,5.8800,5.8700,5.8800,991800,5826944.0000,3
2025-11-13,20251113111500000,sz.002418,5.8800,5.9100,5.8600,5.9100,2244700,13227393.0000,3
2025-11-13,20251113112000000,sz.002418,5.9100,5.9100,5.8900,5.9100,986600,5828804.0000,3
2025-11-13,20251113112500000,sz.002418,5.9000,5.9100,5.8900,5.9100,1146200,6763337.0000,3
2025-11-13,20251113113000000,sz.002418,5.9100,5.9500,5.8900,5.9400,2205300,13070778.0000,3
2025-11-13,20251113130500000,sz.002418,5.9500,5.9500,5.8900,5.9100,2639900,15610176.0000,3
2025-11-13,20251113131000000,sz.002418,5.9100,5.9500,5.9000,5.9400,2018000,11961347.0000,3
2025-11-13,20251113131500000,sz.002418,5.9300,5.9400,5.8900,5.9200,1593500,9423933.0000,3
2025-11-13,20251113132000000,sz.002418,5.9300,5.9600,5.9100,5.9100,2011800,11945848.0000,3
2025-11-13,20251113132500000,sz.002418,5.9100,5.9100,5.8800,5.8800,1699800,10017152.0000,3
2025-11-13,20251113133000000,sz.002418,5.8800,5.8900,5.8700,5.8800,1798500,10571084.0000,3
2025-11-13,20251113133500000,sz.002418,5.8800,5.8900,5.8600,5.8600,1985900,11667064.0000,3
2025-11-13,20251113134000000,sz.002418,5.8600,5.8800,5.8600,5.8600,1811600,10625534.0000,3
2025-11-13,20251113134500000,sz.002418,5.8600,5.9000,5.8600,5.8600,2218500,13027523.0000,3
2025-11-13,20251113135000000,sz.002418,5.8600,5.9400,5.8400,5.8700,4482900,26335803.0000,3
2025-11-13,20251113135500000,sz.002418,5.8800,5.9000,5.8700,5.8800,1444100,8494532.0000,3
2025-11-13,20251113140000000,sz.002418,5.8800,5.8800,5.8600,5.8700,1129000,6627648.0000,3
2025-11-13,20251113140500000,sz.002418,5.8700,5.9100,5.8600,5.8800,2613000,15347842.0000,3
2025-11-13,20251113141000000,sz.002418,5.8800,5.8900,5.8600,5.8800,1564300,9191490.0000,3
2025-11-13,20251113141500000,sz.002418,5.8700,5.8800,5.8500,5.8500,1158500,6796098.0000,3
2025-11-13,20251113142000000,sz.002418,5.8600,5.8800,5.8400,5.8700,2310500,13534528.0000,3
2025-11-13,20251113142500000,sz.002418,5.8700,5.8800,5.8600,5.8600,648200,3802112.0000,3
2025-11-13,20251113143000000,sz.002418,5.8600,5.8700,5.8400,5.8400,2194700,12834046.0000,3
2025-11-13,20251113143500000,sz.002418,5.8500,5.8500,5.8200,5.8300,2996800,17488006.0000,3
2025-11-13,20251113144000000,sz.002418,5.8300,5.8500,5.8200,5.8300,2677100,15622330.0000,3
2025-11-13,20251113144500000,sz.002418,5.8300,5.8300,5.8100,5.8200,3730300,21708220.0000,3
2025-11-13,20251113145000000,sz.002418,5.8200,5.8500,5.8100,5.8400,3836700,22359432.0000,3
2025-11-13,20251113145500000,sz.002418,5.8400,5.8500,5.8300,5.8300,4099000,23927028.0000,3
2025-11-13,20251113150000000,sz.002418,5.8300,5.8500,5.8300,5.8400,5775200,33736960.0000,3
2025-11-14,20251114093500000,sz.002418,5.8300,5.8300,5.6300,5.6400,20315200,116392016.0000,3
2025-11-14,20251114094000000,sz.002418,5.6300,5.7000,5.6300,5.6700,8830300,50108304.0000,3
2025-11-14,20251114094500000,sz.002418,5.6700,5.6800,5.6400,5.6700,7317900,41386400.0000,3
2025-11-14,20251114095000000,sz.002418,5.6600,5.6700,5.6400,5.6700,6261200,35368352.0000,3
2025-11-14,20251114095500000,sz.002418,5.6700,5.6800,5.6500,5.6600,2944200,16667376.0000,3
2025-11-14,20251114100000000,sz.002418,5.6600,5.6600,5.6300,5.6400,4205600,23740656.0000,3
2025-11-14,20251114100500000,sz.002418,5.6500,5.6900,5.6400,5.6700,3593600,20369344.0000,3
2025-11-14,20251114101000000,sz.002418,5.6800,5.7200,5.6700,5.7200,2589600,14761536.0000,3
2025-11-14,20251114101500000,sz.002418,5.7200,5.7400,5.6900,5.7400,3112900,17760832.0000,3
2025-11-14,20251114102000000,sz.002418,5.7300,5.7300,5.6900,5.6900,1654400,9442528.0000,3
2025-11-14,20251114102500000,sz.002418,5.7000,5.7100,5.6900,5.6900,1130000,6437696.0000,3
2025-11-14,20251114103000000,sz.002418,5.6900,5.7000,5.6900,5.7000,1408200,8019392.0000,3
2025-11-14,20251114103500000,sz.002418,5.7100,5.7200,5.7000,5.7000,1163500,6643232.0000,3
2025-11-14,20251114104000000,sz.002418,5.7100,5.7200,5.6900,5.7000,1307500,7456928.0000,3
2025-11-14,20251114104500000,sz.002418,5.6900,5.7000,5.6800,5.6800,914100,5202016.0000,3
2025-11-14,20251114105000000,sz.002418,5.6900,5.7000,5.6400,5.6400,3377100,19132640.0000,3
2025-11-14,20251114105500000,sz.002418,5.6400,5.6500,5.5900,5.5900,9325500,52379616.0000,3
2025-11-14,20251114110000000,sz.002418,5.5900,5.6300,5.5900,5.6000,3497700,19605568.0000,3
2025-11-14,20251114110500000,sz.002418,5.6000,5.6500,5.6000,5.6300,2879400,16198752.0000,3
2025-11-14,20251114111000000,sz.002418,5.6300,5.6400,5.6200,5.6200,857900,4829280.0000,3
2025-11-14,20251114111500000,sz.002418,5.6300,5.6400,5.6200,5.6300,939300,5289984.0000,3
2025-11-14,20251114112000000,sz.002418,5.6300,5.6500,5.6300,5.6300,1133100,6384192.0000,3
2025-11-14,20251114112500000,sz.002418,5.6300,5.6300,5.6100,5.6100,1546700,8689856.0000,3
2025-11-14,20251114113000000,sz.002418,5.6200,5.6400,5.6000,5.6200,1541000,8660608.0000,3
2025-11-14,20251114130500000,sz.002418,5.6300,5.6400,5.6200,5.6200,1899800,10689088.0000,3
2025-11-14,20251114131000000,sz.002418,5.6300,5.6400,5.6200,5.6300,1254400,7057920.0000,3
2025-11-14,20251114131500000,sz.002418,5.6300,5.6500,5.6300,5.6400,1002200,5651833.0000,3
2025-11-14,20251114132000000,sz.002418,5.6400,5.6500,5.6300,5.6300,1142200,6435136.0000,3
2025-11-14,20251114132500000,sz.002418,5.6300,5.6300,5.6200,5.6300,1407100,7915724.0000,3
2025-11-14,20251114133000000,sz.002418,5.6400,5.6500,5.6300,5.6300,935600,5276087.0000,3
2025-11-14,20251114133500000,sz.002418,5.6300,5.6500,5.6300,5.6300,1240600,6993340.0000,3
2025-11-14,20251114134000000,sz.002418,5.6300,5.6400,5.6200,5.6400,1158500,6522433.0000,3
2025-11-14,20251114134500000,sz.002418,5.6400,5.6400,5.6300,5.6300,572200,3222912.0000,3
2025-11-14,20251114135000000,sz.002418,5.6300,5.6400,5.6300,5.6300,1012900,5708031.0000,3
2025-11-14,20251114135500000,sz.002418,5.6400,5.6400,5.6200,5.6200,1257800,7079624.0000,3
2025-11-14,20251114140000000,sz.002418,5.6300,5.6400,5.6200,5.6200,1359300,7645244.0000,3
2025-11-14,20251114140500000,sz.002418,5.6200,5.6500,5.6200,5.6500,1258700,7096707.0000,3
2025-11-14,20251114141000000,sz.002418,5.6500,5.6500,5.6300,5.6300,919000,5180800.0000,3
2025-11-14,20251114141500000,sz.002418,5.6400,5.6400,5.6200,5.6300,1092900,6153661.0000,3
2025-11-14,20251114142000000,sz.002418,5.6300,5.6400,5.6100,5.6100,1663100,9341062.0000,3
2025-11-14,20251114142500000,sz.002418,5.6100,5.7100,5.6100,5.7100,4465300,25291068.0000,3
2025-11-14,20251114143000000,sz.002418,5.6800,5.7100,5.6500,5.6500,3395400,19318586.0000,3
2025-11-14,20251114143500000,sz.002418,5.6600,5.6600,5.6300,5.6500,3541300,19980876.0000,3
2025-11-14,20251114144000000,sz.002418,5.6500,5.6700,5.6500,5.6500,1733300,9801850.0000,3
2025-11-14,20251114144500000,sz.002418,5.6400,5.6600,5.6400,5.6400,2036500,11497607.0000,3
2025-11-14,20251114145000000,sz.002418,5.6400,5.6500,5.6300,5.6300,2055000,11580532.0000,3
2025-11-14,20251114145500000,sz.002418,5.6300,5.6500,5.6100,5.6100,5227300,29405953.0000,3
2025-11-14,20251114150000000,sz.002418,5.6100,5.6200,5.6100,5.6100,4022900,22573952.0000,3
2025-11-17,20251117093500000,sz.002418,5.6000,5.6200,5.4800,5.5800,11739700,65302440.0000,3
2025-11-17,20251117094000000,sz.002418,5.6000,5.6400,5.6000,5.6100,5414000,30421664.0000,3
2025-11-17,20251117094500000,sz.002418,5.6100,5.6900,5.6100,5.6700,5105200,28894336.0000,3
2025-11-17,20251117095000000,sz.002418,5.6800,5.7100,5.6600,5.6800,4977600,28278792.0000,3
2025-11-17,20251117095500000,sz.002418,5.6900,5.7000,5.6500,5.6600,3454100,19591312.0000,3
2025-11-17,20251117100000000,sz.002418,5.6800,5.7400,5.6700,5.7100,5727700,32704768.0000,3
2025-11-17,20251117100500000,sz.002418,5.7000,5.7100,5.6700,5.7000,3345300,19035360.0000,3
2025-11-17,20251117101000000,sz.002418,5.6900,5.6900,5.6400,5.6500,2397500,13570432.0000,3
2025-11-17,20251117101500000,sz.002418,5.6600,5.6600,5.6400,5.6500,1680100,9487824.0000,3
2025-11-17,20251117102000000,sz.002418,5.6400,5.6500,5.6200,5.6200,1742900,9808400.0000,3
2025-11-17,20251117102500000,sz.002418,5.6200,5.6400,5.5900,5.5900,3249300,18223680.0000,3
2025-11-17,20251117103000000,sz.002418,5.5900,5.6700,5.5800,5.6600,2965900,16699488.0000,3
2025-11-17,20251117103500000,sz.002418,5.6500,5.6600,5.6300,5.6300,1015900,5737056.0000,3
2025-11-17,20251117104000000,sz.002418,5.6300,5.6500,5.6300,5.6400,1049400,5917664.0000,3
2025-11-17,20251117104500000,sz.002418,5.6400,5.6700,5.6400,5.6700,1134400,6412192.0000,3
2025-11-17,20251117105000000,sz.002418,5.6700,5.6800,5.6500,5.6600,887200,5023392.0000,3
2025-11-17,20251117105500000,sz.002418,5.6500,5.6700,5.6400,5.6400,928500,5245856.0000,3
2025-11-17,20251117110000000,sz.002418,5.6500,5.6500,5.6300,5.6400,699700,3945184.0000,3
2025-11-17,20251117110500000,sz.002418,5.6400,5.6600,5.6300,5.6500,727800,4109184.0000,3
2025-11-17,20251117111000000,sz.002418,5.6500,5.6600,5.6400,5.6600,696800,3936320.0000,3
2025-11-17,20251117111500000,sz.002418,5.6600,5.7200,5.6600,5.7100,4567400,26011616.0000,3
2025-11-17,20251117112000000,sz.002418,5.7100,5.7300,5.7000,5.7300,1888400,10786432.0000,3
2025-11-17,20251117112500000,sz.002418,5.7200,5.7300,5.6900,5.6900,968000,5525888.0000,3
2025-11-17,20251117113000000,sz.002418,5.7000,5.7000,5.6700,5.6700,607900,3455168.0000,3
2025-11-17,20251117130500000,sz.002418,5.6700,5.6800,5.6500,5.6500,1306400,7400320.0000,3
2025-11-17,20251117131000000,sz.002418,5.6600,5.6700,5.6400,5.6500,730200,4126368.0000,3
2025-11-17,20251117131500000,sz.002418,5.6400,5.6400,5.6300,5.6300,1067300,6015584.0000,3
2025-11-17,20251117132000000,sz.002418,5.6300,5.6400,5.6200,5.6300,1049600,5910816.0000,3
2025-11-17,20251117132500000,sz.002418,5.6200,5.6300,5.6200,5.6300,616200,3465760.0000,3
2025-11-17,20251117133000000,sz.002418,5.6200,5.6300,5.6200,5.6300,1011700,5686368.0000,3
2025-11-17,20251117133500000,sz.002418,5.6300,5.6400,5.6100,5.6100,1461000,8213856.0000,3
2025-11-17,20251117134000000,sz.002418,5.6100,5.6200,5.6000,5.6200,2004000,11243872.0000,3
2025-11-17,20251117134500000,sz.002418,5.6100,5.6400,5.6100,5.6200,1645100,9250880.0000,3
2025-11-17,20251117135000000,sz.002418,5.6300,5.6400,5.6200,5.6300,843000,4746688.0000,3
2025-11-17,20251117135500000,sz.002418,5.6300,5.6300,5.6000,5.6000,1571800,8822656.0000,3
2025-11-17,20251117140000000,sz.002418,5.6100,5.6100,5.5900,5.6000,2086300,11683040.0000,3
2025-11-17,20251117140500000,sz.002418,5.5900,5.6100,5.5900,5.6100,2198500,12295872.0000,3
2025-11-17,20251117141000000,sz.002418,5.6000,5.6200,5.5900,5.6100,1247000,6987424.0000,3
2025-11-17,20251117141500000,sz.002418,5.6100,5.6200,5.5900,5.6200,2093200,11726240.0000,3
2025-11-17,20251117142000000,sz.002418,5.6200,5.6300,5.6100,5.6200,1085300,6105888.0000,3
2025-11-17,20251117142500000,sz.002418,5.6300,5.6300,5.6200,5.6200,903000,5075648.0000,3
2025-11-17,20251117143000000,sz.002418,5.6200,5.6500,5.6200,5.6300,1850200,10426496.0000,3
2025-11-17,20251117143500000,sz.002418,5.6400,5.6600,5.6300,5.6600,1993500,11246944.0000,3
2025-11-17,20251117144000000,sz.002418,5.6500,5.6600,5.6500,5.6600,1058500,5983744.0000,3
2025-11-17,20251117144500000,sz.002418,5.6500,5.7000,5.6500,5.6800,4147700,23546072.0000,3
2025-11-17,20251117145000000,sz.002418,5.6900,5.7000,5.6800,5.6900,4301500,24485832.0000,3
2025-11-17,20251117145500000,sz.002418,5.6900,5.7100,5.6900,5.7100,4095000,23353408.0000,3
2025-11-17,20251117150000000,sz.002418,5.7000,5.7100,5.6900,5.7000,3511000,20009986.0000,3
2025-11-18,20251118093500000,sz.002418,5.6500,5.6600,5.5600,5.5900,7648200,42761192.0000,3
2025-11-18,20251118094000000,sz.002418,5.5900,5.5900,5.5100,5.5100,7455800,41340584.0000,3
2025-11-18,20251118094500000,sz.002418,5.5200,5.5300,5.4500,5.4500,9174200,50367472.0000,3
2025-11-18,20251118095000000,sz.002418,5.4600,5.5000,5.4500,5.4900,6653600,36414784.0000,3
2025-11-18,20251118095500000,sz.002418,5.4800,5.5700,5.4800,5.5100,5100800,28123360.0000,3
2025-11-18,20251118100000000,sz.002418,5.5100,5.5200,5.4900,5.5000,2265900,12469472.0000,3
2025-11-18,20251118100500000,sz.002418,5.5000,5.5300,5.4900,5.4900,2867800,15803728.0000,3
2025-11-18,20251118101000000,sz.002418,5.5000,5.5000,5.4600,5.4600,2869000,15706192.0000,3
2025-11-18,20251118101500000,sz.002418,5.4600,5.5000,5.4600,5.4900,1844200,10098160.0000,3
2025-11-18,20251118102000000,sz.002418,5.5000,5.5000,5.4700,5.4900,1854600,10172704.0000,3
2025-11-18,20251118102500000,sz.002418,5.4900,5.4900,5.4700,5.4800,1648100,9031216.0000,3
2025-11-18,20251118103000000,sz.002418,5.4800,5.4900,5.4600,5.4900,1911300,10461280.0000,3
2025-11-18,20251118103500000,sz.002418,5.4800,5.5000,5.4800,5.4900,1672100,9184896.0000,3
2025-11-18,20251118104000000,sz.002418,5.4900,5.4900,5.4700,5.4800,1445600,7924736.0000,3
2025-11-18,20251118104500000,sz.002418,5.4700,5.4800,5.4600,5.4700,1510800,8260096.0000,3
2025-11-18,20251118105000000,sz.002418,5.4700,5.4700,5.4500,5.4500,1358000,7416640.0000,3
2025-11-18,20251118105500000,sz.002418,5.4500,5.4600,5.4400,5.4500,2313500,12609664.0000,3
2025-11-18,20251118110000000,sz.002418,5.4500,5.4500,5.4100,5.4300,3138900,17046400.0000,3
2025-11-18,20251118110500000,sz.002418,5.4200,5.4400,5.4200,5.4200,2165900,11755136.0000,3
2025-11-18,20251118111000000,sz.002418,5.4200,5.4300,5.4100,5.4200,1902600,10309952.0000,3
2025-11-18,20251118111500000,sz.002418,5.4200,5.4300,5.4100,5.4100,2476600,13407264.0000,3
2025-11-18,20251118112000000,sz.002418,5.4100,5.4200,5.4000,5.4100,2087600,11289888.0000,3
2025-11-18,20251118112500000,sz.002418,5.4100,5.4100,5.3800,5.3800,5748300,30979360.0000,3
2025-11-18,20251118113000000,sz.002418,5.3800,5.4000,5.3700,5.4000,2928000,15767072.0000,3
2025-11-18,20251118130500000,sz.002418,5.4000,5.4100,5.3700,5.3900,2554700,13762368.0000,3
2025-11-18,20251118131000000,sz.002418,5.3800,5.3900,5.3700,5.3900,978100,5263232.0000,3
2025-11-18,20251118131500000,sz.002418,5.3800,5.4100,5.3800,5.3900,2011000,10843904.0000,3
2025-11-18,20251118132000000,sz.002418,5.3900,5.4200,5.3900,5.4100,1023100,5524768.0000,3
2025-11-18,20251118132500000,sz.002418,5.4100,5.4300,5.4100,5.4100,1265800,6859456.0000,3
2025-11-18,20251118133000000,sz.002418,5.4200,5.4200,5.4000,5.4100,1490500,8053312.0000,3
2025-11-18,20251118133500000,sz.002418,5.4000,5.4200,5.3900,5.4000,1139300,6156160.0000,3
2025-11-18,20251118134000000,sz.002418,5.4000,5.4100,5.3900,5.4000,689500,3721728.0000,3
2025-11-18,20251118134500000,sz.002418,5.4000,5.4100,5.3900,5.4000,885300,4779360.0000,3
2025-11-18,20251118135000000,sz.002418,5.4000,5.4000,5.3900,5.4000,624900,3370336.0000,3
2025-11-18,20251118135500000,sz.002418,5.3900,5.4000,5.3900,5.3900,887700,4787104.0000,3
2025-11-18,20251118140000000,sz.002418,5.3900,5.4000,5.3800,5.4000,930700,5016608.0000,3
2025-11-18,20251118140500000,sz.002418,5.3900,5.3900,5.3700,5.3800,2022400,10878400.0000,3
2025-11-18,20251118141000000,sz.002418,5.3800,5.4000,5.3800,5.3800,1071200,5767680.0000,3
2025-11-18,20251118141500000,sz.002418,5.3800,5.3900,5.3700,5.3800,982300,5280160.0000,3
2025-11-18,20251118142000000,sz.002418,5.3800,5.3800,5.3700,5.3700,742500,3988416.0000,3
2025-11-18,20251118142500000,sz.002418,5.3800,5.3800,5.3700,5.3700,837600,4500608.0000,3
2025-11-18,20251118143000000,sz.002418,5.3800,5.3800,5.3700,5.3800,868900,4668604.0000,3
2025-11-18,20251118143500000,sz.002418,5.3800,5.3900,5.3600,5.3800,1720800,9248388.0000,3
2025-11-18,20251118144000000,sz.002418,5.3800,5.3900,5.3600,5.3600,1536900,8257602.0000,3
2025-11-18,20251118144500000,sz.002418,5.3600,5.4000,5.3600,5.3900,1801800,9695294.0000,3
2025-11-18,20251118145000000,sz.002418,5.4000,5.4000,5.3800,5.4000,1539700,8302136.0000,3
2025-11-18,20251118145500000,sz.002418,5.3900,5.4000,5.3700,5.3800,3833100,20637889.0000,3
2025-11-18,20251118150000000,sz.002418,5.3800,5.3900,5.3700,5.3900,2846300,15318157.0000,3
2025-11-19,20251119093500000,sz.002418,5.4400,5.4700,5.3800,5.4500,6323500,34287944.0000,3
2025-11-19,20251119094000000,sz.002418,5.4500,5.4700,5.4100,5.4100,3852000,20964484.0000,3
2025-11-19,20251119094500000,sz.002418,5.4100,5.4100,5.3700,5.3800,2598700,14020372.0000,3
2025-11-19,20251119095000000,sz.002418,5.3700,5.3900,5.3400,5.3400,3054300,16380352.0000,3
2025-11-19,20251119095500000,sz.002418,5.3400,5.3500,5.2800,5.2800,7018000,37294800.0000,3
2025-11-19,20251119100000000,sz.002418,5.2800,5.3000,5.2800,5.3000,3908100,20656432.0000,3
2025-11-19,20251119100500000,sz.002418,5.3100,5.3100,5.2500,5.2500,3014600,15895680.0000,3
2025-11-19,20251119101000000,sz.002418,5.2500,5.2600,5.2300,5.2400,3174800,16632048.0000,3
2025-11-19,20251119101500000,sz.002418,5.2400,5.2600,5.2200,5.2500,2903600,15211488.0000,3
2025-11-19,20251119102000000,sz.002418,5.2500,5.2500,5.2200,5.2300,1984600,10369616.0000,3
2025-11-19,20251119102500000,sz.002418,5.2400,5.2400,5.2100,5.2200,1472000,7690560.0000,3
2025-11-19,20251119103000000,sz.002418,5.2200,5.2400,5.2100,5.2200,2008800,10489456.0000,3
2025-11-19,20251119103500000,sz.002418,5.2300,5.2500,5.2200,5.2500,1588300,8314464.0000,3
2025-11-19,20251119104000000,sz.002418,5.2500,5.2700,5.2500,5.2600,1345200,7071696.0000,3
2025-11-19,20251119104500000,sz.002418,5.2500,5.2600,5.2300,5.2400,2640000,13831792.0000,3
2025-11-19,20251119105000000,sz.002418,5.2400,5.2500,5.2300,5.2400,591700,3101104.0000,3
2025-11-19,20251119105500000,sz.002418,5.2500,5.2600,5.2200,5.2300,1134700,5942672.0000,3
2025-11-19,20251119110000000,sz.002418,5.2200,5.2300,5.2100,5.2100,2572100,13408240.0000,3
2025-11-19,20251119110500000,sz.002418,5.2100,5.2400,5.2100,5.2200,869400,4540512.0000,3
2025-11-19,20251119111000000,sz.002418,5.2200,5.2400,5.2200,5.2300,423700,2215008.0000,3
2025-11-19,20251119111500000,sz.002418,5.2300,5.2400,5.2200,5.2200,1117700,5837952.0000,3
2025-11-19,20251119112000000,sz.002418,5.2200,5.2300,5.2100,5.2100,443400,2312288.0000,3
2025-11-19,20251119112500000,sz.002418,5.2100,5.2300,5.2100,5.2200,1050600,5482496.0000,3
2025-11-19,20251119113000000,sz.002418,5.2200,5.2300,5.2100,5.2200,1055400,5506304.0000,3
2025-11-19,20251119130500000,sz.002418,5.2100,5.2300,5.2000,5.2000,2170500,11310368.0000,3
2025-11-19,20251119131000000,sz.002418,5.2000,5.2100,5.1800,5.1900,1514600,7868448.0000,3
2025-11-19,20251119131500000,sz.002418,5.1900,5.2000,5.1900,5.1900,930200,4832384.0000,3
2025-11-19,20251119132000000,sz.002418,5.1900,5.2000,5.1800,5.1900,1249100,6484576.0000,3
2025-11-19,20251119132500000,sz.002418,5.1900,5.2100,5.1900,5.1900,1215600,6314240.0000,3
2025-11-19,20251119133000000,sz.002418,5.1900,5.2000,5.1800,5.1800,1123000,5821920.0000,3
2025-11-19,20251119133500000,sz.002418,5.1800,5.1900,5.1700,5.1800,1388200,7194400.0000,3
2025-11-19,20251119134000000,sz.002418,5.1800,5.1900,5.1700,5.1700,1019000,5280320.0000,3
2025-11-19,20251119134500000,sz.002418,5.1800,5.1800,5.1600,5.1700,2009700,10382944.0000,3
2025-11-19,20251119135000000,sz.002418,5.1700,5.1800,5.1600,5.1700,740000,3824320.0000,3
2025-11-19,20251119135500000,sz.002418,5.1700,5.2100,5.1700,5.2100,1187000,6160736.0000,3
2025-11-19,20251119140000000,sz.002418,5.2100,5.2200,5.1900,5.2200,1176300,6121760.0000,3
2025-11-19,20251119140500000,sz.002418,5.2200,5.2200,5.1800,5.1800,1227500,6383264.0000,3
2025-11-19,20251119141000000,sz.002418,5.1900,5.2000,5.1800,5.2000,1019100,5286368.0000,3
2025-11-19,20251119141500000,sz.002418,5.1900,5.2100,5.1900,5.2100,570400,2964512.0000,3
2025-11-19,20251119142000000,sz.002418,5.2000,5.2300,5.2000,5.2300,1155700,6024352.0000,3
2025-11-19,20251119142500000,sz.002418,5.2300,5.2500,5.2200,5.2400,1600600,8375808.0000,3
2025-11-19,20251119143000000,sz.002418,5.2400,5.2500,5.2300,5.2400,491700,2576352.0000,3
2025-11-19,20251119143500000,sz.002418,5.2400,5.2600,5.2400,5.2400,2153600,11310976.0000,3
2025-11-19,20251119144000000,sz.002418,5.2400,5.2500,5.2300,5.2300,1338000,7011104.0000,3
2025-11-19,20251119144500000,sz.002418,5.2400,5.2400,5.2300,5.2300,890900,4664928.0000,3
2025-11-19,20251119145000000,sz.002418,5.2300,5.2400,5.2300,5.2300,1648200,8627968.0000,3
2025-11-19,20251119145500000,sz.002418,5.2500,5.2600,5.2400,5.2400,3859100,20249824.0000,3
2025-11-19,20251119150000000,sz.002418,5.2500,5.2500,5.2400,5.2400,2103100,11028640.0000,3
2025-11-20,20251120093500000,sz.002418,5.4100,5.4100,5.3100,5.3500,9746700,52352352.0000,3
2025-11-20,20251120094000000,sz.002418,5.3400,5.3500,5.2900,5.3100,3525100,18720064.0000,3
2025-11-20,20251120094500000,sz.002418,5.3100,5.3300,5.2800,5.3000,2829600,15021072.0000,3
2025-11-20,20251120095000000,sz.002418,5.3000,5.3400,5.2800,5.3100,2826900,15032056.0000,3
2025-11-20,20251120095500000,sz.002418,5.3000,5.3200,5.3000,5.3100,861200,4571008.0000,3
2025-11-20,20251120100000000,sz.002418,5.3000,5.3500,5.3000,5.3300,2512500,13397008.0000,3
2025-11-20,20251120100500000,sz.002418,5.3300,5.3400,5.2900,5.3000,1548500,8217176.0000,3
2025-11-20,20251120101000000,sz.002418,5.2900,5.3000,5.2800,5.2800,1759400,9298416.0000,3
2025-11-20,20251120101500000,sz.002418,5.2800,5.3000,5.2800,5.2800,1349500,7137808.0000,3
2025-11-20,20251120102000000,sz.002418,5.2800,5.2800,5.2500,5.2600,1350900,7110224.0000,3
2025-11-20,20251120102500000,sz.002418,5.2600,5.2700,5.2400,5.2400,1419100,7459392.0000,3
2025-11-20,20251120103000000,sz.002418,5.2500,5.2500,5.2300,5.2300,815000,4270944.0000,3
2025-11-20,20251120103500000,sz.002418,5.2300,5.2400,5.2100,5.2100,1542900,8049632.0000,3
2025-11-20,20251120104000000,sz.002418,5.2200,5.2200,5.1900,5.1900,1877700,9765088.0000,3
2025-11-20,20251120104500000,sz.002418,5.1900,5.2100,5.1900,5.2000,986100,5128304.0000,3
2025-11-20,20251120105000000,sz.002418,5.2000,5.2100,5.1800,5.1800,1492700,7745008.0000,3
2025-11-20,20251120105500000,sz.002418,5.1800,5.1900,5.1700,5.1900,1946800,10069968.0000,3
2025-11-20,20251120110000000,sz.002418,5.1800,5.1800,5.1600,5.1700,1398800,7232960.0000,3
2025-11-20,20251120110500000,sz.002418,5.1700,5.1800,5.1600,5.1800,2538500,13115952.0000,3
2025-11-20,20251120111000000,sz.002418,5.1700,5.1700,5.1400,5.1500,2013400,10379264.0000,3
2025-11-20,20251120111500000,sz.002418,5.1500,5.1600,5.1200,5.1400,1609400,8270592.0000,3
2025-11-20,20251120112000000,sz.002418,5.1300,5.1500,5.1300,5.1400,1010800,5190160.0000,3
2025-11-20,20251120112500000,sz.002418,5.1400,5.1500,5.1400,5.1400,351000,1805840.0000,3
2025-11-20,20251120113000000,sz.002418,5.1400,5.1700,5.1400,5.1600,698900,3602496.0000,3
2025-11-20,20251120130500000,sz.002418,5.1500,5.1600,5.1400,5.1400,967300,4981856.0000,3
2025-11-20,20251120131000000,sz.002418,5.1400,5.1500,5.1300,5.1300,790200,4058992.0000,3
2025-11-20,20251120131500000,sz.002418,5.1300,5.1500,5.1300,5.1400,792900,4075216.0000,3
2025-11-20,20251120132000000,sz.002418,5.1400,5.1400,5.1200,5.1400,858700,4407456.0000,3
2025-11-20,20251120132500000,sz.002418,5.1400,5.1500,5.1300,5.1300,512900,2633472.0000,3
2025-11-20,20251120133000000,sz.002418,5.1300,5.1400,5.1200,5.1200,756300,3876512.0000,3
2025-11-20,20251120133500000,sz.002418,5.1200,5.1300,5.1100,5.1200,929100,4754336.0000,3
2025-11-20,20251120134000000,sz.002418,5.1200,5.1200,5.1000,5.1000,2311500,11799520.0000,3
2025-11-20,20251120134500000,sz.002418,5.1000,5.1400,5.1000,5.1300,1882700,9636384.0000,3
2025-11-20,20251120135000000,sz.002418,5.1300,5.1500,5.1300,5.1500,771400,3964352.0000,3
2025-11-20,20251120135500000,sz.002418,5.1600,5.1800,5.1400,5.1700,1791000,9234688.0000,3
2025-11-20,20251120140000000,sz.002418,5.1700,5.1700,5.1500,5.1500,258100,1331456.0000,3
2025-11-20,20251120140500000,sz.002418,5.1500,5.1600,5.1300,5.1400,536000,2755744.0000,3
2025-11-20,20251120141000000,sz.002418,5.1400,5.1500,5.1300,5.1400,611300,3141216.0000,3
2025-11-20,20251120141500000,sz.002418,5.1400,5.1400,5.1200,5.1200,735600,3770880.0000,3
2025-11-20,20251120142000000,sz.002418,5.1200,5.1300,5.1100,5.1200,1045300,5352832.0000,3
2025-11-20,20251120142500000,sz.002418,5.1200,5.1300,5.1100,5.1100,690600,3535840.0000,3
2025-11-20,20251120143000000,sz.002418,5.1200,5.1300,5.1100,5.1300,1478300,7558848.0000,3
2025-11-20,20251120143500000,sz.002418,5.1200,5.1400,5.1200,5.1200,1232700,6313376.0000,3
2025-11-20,20251120144000000,sz.002418,5.1200,5.1500,5.1100,5.1500,1135100,5822304.0000,3
2025-11-20,20251120144500000,sz.002418,5.1500,5.1900,5.1500,5.1800,1938300,10026368.0000,3
2025-11-20,20251120145000000,sz.002418,5.1700,5.1800,5.1300,5.1400,1113300,5733152.0000,3
2025-11-20,20251120145500000,sz.002418,5.1400,5.1400,5.1200,5.1300,2355000,12077440.0000,3
2025-11-20,20251120150000000,sz.002418,5.1400,5.1400,5.1200,5.1200,1464200,7503488.0000,3
2025-11-21,20251121093500000,sz.002418,5.0400,5.0400,4.9400,5.0100,12238100,61156800.0000,3
2025-11-21,20251121094000000,sz.002418,5.0300,5.0300,4.9700,5.0000,3595200,17972928.0000,3
2025-11-21,20251121094500000,sz.002418,5.0000,5.0100,4.9500,4.9800,5680500,28242640.0000,3
2025-11-21,20251121095000000,sz.002418,4.9800,4.9800,4.9300,4.9300,4204200,20797032.0000,3
2025-11-21,20251121095500000,sz.002418,4.9400,4.9600,4.9100,4.9200,3100000,15284280.0000,3
2025-11-21,20251121100000000,sz.002418,4.9200,4.9300,4.8800,4.8800,3926600,19235360.0000,3
2025-11-21,20251121100500000,sz.002418,4.8800,4.9200,4.8800,4.9100,2793200,13673856.0000,3
2025-11-21,20251121101000000,sz.002418,4.9200,4.9500,4.9100,4.9400,1681100,8291024.0000,3
2025-11-21,20251121101500000,sz.002418,4.9400,4.9400,4.9000,4.9100,1254700,6174144.0000,3
2025-11-21,20251121102000000,sz.002418,4.9000,4.9200,4.9000,4.9100,852700,4188160.0000,3
2025-11-21,20251121102500000,sz.002418,4.9100,4.9300,4.9000,4.9200,1589600,7806448.0000,3
2025-11-21,20251121103000000,sz.002418,4.9300,4.9300,4.8900,4.9000,1789100,8771856.0000,3
2025-11-21,20251121103500000,sz.002418,4.8900,4.9000,4.8800,4.8900,1385000,6775792.0000,3
2025-11-21,20251121104000000,sz.002418,4.8900,4.9000,4.8700,4.8700,1234500,6024640.0000,3
2025-11-21,20251121104500000,sz.002418,4.8700,4.8900,4.8700,4.8900,817800,3992560.0000,3
2025-11-21,20251121105000000,sz.002418,4.8800,4.8900,4.8600,4.8800,2011500,9795328.0000,3
2025-11-21,20251121105500000,sz.002418,4.8700,4.8700,4.8500,4.8700,911300,4427696.0000,3
2025-11-21,20251121110000000,sz.002418,4.8600,4.8900,4.8600,4.8800,912200,4447840.0000,3
2025-11-21,20251121110500000,sz.002418,4.8800,4.9000,4.8800,4.8900,1810500,8864448.0000,3
2025-11-21,20251121111000000,sz.002418,4.8900,4.9000,4.8700,4.9000,601300,2936256.0000,3
2025-11-21,20251121111500000,sz.002418,4.8900,4.9000,4.8400,4.8500,989900,4817136.0000,3
2025-11-21,20251121112000000,sz.002418,4.8500,4.8700,4.8300,4.8600,784300,3797792.0000,3
2025-11-21,20251121112500000,sz.002418,4.8600,4.9000,4.8600,4.8900,787200,3841056.0000,3
2025-11-21,20251121113000000,sz.002418,4.8900,4.9000,4.8800,4.8900,568500,2779040.0000,3
2025-11-21,20251121130500000,sz.002418,4.8900,4.9200,4.8800,4.9200,1531800,7500288.0000,3
2025-11-21,20251121131000000,sz.002418,4.9200,4.9200,4.8700,4.8700,560000,2735712.0000,3
2025-11-21,20251121131500000,sz.002418,4.8700,4.8900,4.8600,4.8800,730400,3561824.0000,3
2025-11-21,20251121132000000,sz.002418,4.8800,4.8900,4.8600,4.8600,1210700,5900448.0000,3
2025-11-21,20251121132500000,sz.002418,4.8600,4.8700,4.8400,4.8700,859400,4172576.0000,3
2025-11-21,20251121133000000,sz.002418,4.8600,4.8800,4.8400,4.8500,591100,2871264.0000,3
2025-11-21,20251121133500000,sz.002418,4.8500,4.8800,4.8500,4.8700,536900,2611392.0000,3
2025-11-21,20251121134000000,sz.002418,4.8800,4.8800,4.8300,4.8300,1545200,7498688.0000,3
2025-11-21,20251121134500000,sz.002418,4.8400,4.8400,4.8200,4.8300,983800,4750112.0000,3
2025-11-21,20251121135000000,sz.002418,4.8300,4.8300,4.7900,4.8000,2295700,11032576.0000,3
2025-11-21,20251121135500000,sz.002418,4.8000,4.8100,4.7600,4.7800,4129900,19753920.0000,3
2025-11-21,20251121140000000,sz.002418,4.7800,4.7900,4.7700,4.7800,1639100,7822336.0000,3
2025-11-21,20251121140500000,sz.002418,4.7800,4.7800,4.7600,4.7700,1282400,6117248.0000,3
2025-11-21,20251121141000000,sz.002418,4.7700,4.7800,4.7500,4.7500,2172600,10344032.0000,3
2025-11-21,20251121141500000,sz.002418,4.7600,4.7700,4.7400,4.7700,1482900,7050720.0000,3
2025-11-21,20251121142000000,sz.002418,4.7700,4.7800,4.7600,4.7800,1163500,5552352.0000,3
2025-11-21,20251121142500000,sz.002418,4.7800,4.7900,4.7700,4.7700,1188900,5676320.0000,3
2025-11-21,20251121143000000,sz.002418,4.7700,4.7800,4.7400,4.7600,2020800,9606368.0000,3
2025-11-21,20251121143500000,sz.002418,4.7500,4.7800,4.7400,4.7600,2190300,10427424.0000,3
2025-11-21,20251121144000000,sz.002418,4.7600,4.7700,4.7500,4.7600,1102900,5248960.0000,3
2025-11-21,20251121144500000,sz.002418,4.7600,4.7600,4.7400,4.7500,1507100,7153408.0000,3
2025-11-21,20251121145000000,sz.002418,4.7400,4.7600,4.7400,4.7600,1516000,7200544.0000,3
2025-11-21,20251121145500000,sz.002418,4.7500,4.7700,4.7300,4.7400,3271400,15539552.0000,3
2025-11-21,20251121150000000,sz.002418,4.7400,4.7400,4.7300,4.7300,1416500,6705280.0000,3
2025-11-24,20251124093500000,sz.002418,4.7800,4.8200,4.7100,4.7200,7058500,33556752.0000,3
2025-11-24,20251124094000000,sz.002418,4.7300,4.7500,4.6900,4.7200,3454000,16286388.0000,3
2025-11-24,20251124094500000,sz.002418,4.7100,4.7400,4.6800,4.7400,2748200,12925508.0000,3
2025-11-24,20251124095000000,sz.002418,4.7400,4.7400,4.6900,4.7000,1992000,9385688.0000,3
2025-11-24,20251124095500000,sz.002418,4.7000,4.7000,4.6700,4.6800,4325900,20243608.0000,3
2025-11-24,20251124100000000,sz.002418,4.6700,4.6900,4.6700,4.6700,1700300,7946760.0000,3
2025-11-24,20251124100500000,sz.002418,4.6700,4.6900,4.6100,4.6100,4379300,20315280.0000,3
2025-11-24,20251124101000000,sz.002418,4.6200,4.6200,4.6000,4.6100,3002400,13834624.0000,3
2025-11-24,20251124101500000,sz.002418,4.6100,4.6500,4.6100,4.6500,2789800,12906160.0000,3
2025-11-24,20251124102000000,sz.002418,4.6400,4.6400,4.6100,4.6200,1218200,5631184.0000,3
2025-11-24,20251124102500000,sz.002418,4.6100,4.6300,4.6000,4.6200,1155400,5332576.0000,3
2025-11-24,20251124103000000,sz.002418,4.6200,4.6300,4.6100,4.6200,956800,4421552.0000,3
2025-11-24,20251124103500000,sz.002418,4.6200,4.6300,4.6100,4.6300,951500,4395776.0000,3
2025-11-24,20251124104000000,sz.002418,4.6400,4.6500,4.6200,4.6500,1471500,6823184.0000,3
2025-11-24,20251124104500000,sz.002418,4.6500,4.6600,4.6300,4.6400,559200,2596768.0000,3
2025-11-24,20251124105000000,sz.002418,4.6400,4.6600,4.6300,4.6400,759400,3528672.0000,3
2025-11-24,20251124105500000,sz.002418,4.6400,4.6500,4.6200,4.6200,962700,4457808.0000,3
2025-11-24,20251124110000000,sz.002418,4.6200,4.6300,4.5900,4.5900,1200100,5524336.0000,3
2025-11-24,20251124110500000,sz.002418,4.5900,4.6000,4.5800,4.5900,1093800,5022512.0000,3
2025-11-24,20251124111000000,sz.002418,4.5900,4.6000,4.5900,4.5900,527200,2420768.0000,3
2025-11-24,20251124111500000,sz.002418,4.5900,4.6000,4.5900,4.6000,676700,3107488.0000,3
2025-11-24,20251124112000000,sz.002418,4.6000,4.6000,4.5800,4.5800,455800,2091168.0000,3
2025-11-24,20251124112500000,sz.002418,4.5800,4.5900,4.5700,4.5900,1946500,8920640.0000,3
2025-11-24,20251124113000000,sz.002418,4.5900,4.6000,4.5800,4.5800,526800,2417296.0000,3
2025-11-24,20251124130500000,sz.002418,4.5900,4.5900,4.5700,4.5800,1359900,6223504.0000,3
2025-11-24,20251124131000000,sz.002418,4.5700,4.6000,4.5700,4.6000,592300,2714944.0000,3
2025-11-24,20251124131500000,sz.002418,4.6000,4.6100,4.5900,4.6000,1110600,5110496.0000,3
2025-11-24,20251124132000000,sz.002418,4.6000,4.6200,4.5900,4.6100,812300,3737584.0000,3
2025-11-24,20251124132500000,sz.002418,4.6200,4.6400,4.6100,4.6200,1059600,4898176.0000,3
2025-11-24,20251124133000000,sz.002418,4.6300,4.6700,4.6200,4.6700,1658300,7705872.0000,3
2025-11-24,20251124133500000,sz.002418,4.6700,4.6800,4.6500,4.6600,1158000,5399392.0000,3
2025-11-24,20251124134000000,sz.002418,4.6700,4.6700,4.6500,4.6600,1251500,5832624.0000,3
2025-11-24,20251124134500000,sz.002418,4.6500,4.6700,4.6500,4.6600,1114000,5195088.0000,3
2025-11-24,20251124135000000,sz.002418,4.6600,4.6800,4.6600,4.6800,920700,4300208.0000,3
2025-11-24,20251124135500000,sz.002418,4.6800,4.7100,4.6800,4.6900,2014100,9453488.0000,3
2025-11-24,20251124140000000,sz.002418,4.6900,4.7100,4.6800,4.6800,1324600,6221056.0000,3
2025-11-24,20251124140500000,sz.002418,4.6900,4.7100,4.6800,4.6900,991300,4656928.0000,3
2025-11-24,20251124141000000,sz.002418,4.6900,4.7600,4.6900,4.7400,3752900,17756704.0000,3
2025-11-24,20251124141500000,sz.002418,4.7300,4.7800,4.7200,4.7300,2711500,12875168.0000,3
2025-11-24,20251124142000000,sz.002418,4.7300,4.7400,4.7200,4.7400,1329200,6284640.0000,3
2025-11-24,20251124142500000,sz.002418,4.7300,4.7400,4.7200,4.7400,628800,2975328.0000,3
2025-11-24,20251124143000000,sz.002418,4.7400,4.7400,4.7200,4.7300,697400,3299616.0000,3
2025-11-24,20251124143500000,sz.002418,4.7300,4.7400,4.7200,4.7300,1317400,6232064.0000,3
2025-11-24,20251124144000000,sz.002418,4.7300,4.7400,4.7200,4.7300,910900,4304960.0000,3
2025-11-24,20251124144500000,sz.002418,4.7300,4.7300,4.7100,4.7200,1539900,7268000.0000,3
2025-11-24,20251124145000000,sz.002418,4.7100,4.7200,4.7000,4.7000,1483500,6980704.0000,3
2025-11-24,20251124145500000,sz.002418,4.6900,4.7000,4.6600,4.6700,3246000,15183552.0000,3
2025-11-24,20251124150000000,sz.002418,4.6700,4.6800,4.6700,4.6800,1943800,9090592.0000,3
2025-11-25,20251125093500000,sz.002418,4.7000,4.7900,4.7000,4.7400,6308300,29967180.0000,3
2025-11-25,20251125094000000,sz.002418,4.7300,4.7700,4.7300,4.7600,2191200,10403484.0000,3
2025-11-25,20251125094500000,sz.002418,4.7600,4.7700,4.7400,4.7500,1710200,8137152.0000,3
2025-11-25,20251125095000000,sz.002418,4.7500,4.7700,4.7300,4.7300,2120900,10070356.0000,3
2025-11-25,20251125095500000,sz.002418,4.7300,4.7400,4.7200,4.7200,2051400,9697260.0000,3
2025-11-25,20251125100000000,sz.002418,4.7300,4.7400,4.7200,4.7400,2113500,10002344.0000,3
2025-11-25,20251125100500000,sz.002418,4.7300,4.7600,4.7300,4.7500,1094500,5189568.0000,3
2025-11-25,20251125101000000,sz.002418,4.7500,4.7900,4.7500,4.7800,2588700,12362848.0000,3
2025-11-25,20251125101500000,sz.002418,4.7800,4.7900,4.7600,4.7600,1430600,6833088.0000,3
2025-11-25,20251125102000000,sz.002418,4.7600,4.7800,4.7600,4.7700,850200,4053280.0000,3
2025-11-25,20251125102500000,sz.002418,4.7700,4.7800,4.7700,4.7700,1059800,5061616.0000,3
2025-11-25,20251125103000000,sz.002418,4.7700,4.8000,4.7700,4.7900,1438500,6879896.0000,3
2025-11-25,20251125103500000,sz.002418,4.8000,4.8200,4.7900,4.8200,1760800,8457496.0000,3
2025-11-25,20251125104000000,sz.002418,4.8200,4.8200,4.8000,4.8000,1574800,7579360.0000,3
2025-11-25,20251125104500000,sz.002418,4.8000,4.8200,4.8000,4.8100,813300,3910912.0000,3
2025-11-25,20251125105000000,sz.002418,4.8100,4.8200,4.7900,4.8000,1789900,8596192.0000,3
2025-11-25,20251125105500000,sz.002418,4.8000,4.8100,4.7900,4.7900,284700,1365456.0000,3
2025-11-25,20251125110000000,sz.002418,4.8000,4.8000,4.7800,4.7800,728400,3489344.0000,3
2025-11-25,20251125110500000,sz.002418,4.7900,4.8000,4.7800,4.7900,910700,4360832.0000,3
2025-11-25,20251125111000000,sz.002418,4.7900,4.8000,4.7800,4.7900,545400,2611504.0000,3
2025-11-25,20251125111500000,sz.002418,4.7900,4.8100,4.7900,4.8000,671400,3221792.0000,3
2025-11-25,20251125112000000,sz.002418,4.8000,4.8300,4.8000,4.8200,1219600,5874224.0000,3
2025-11-25,20251125112500000,sz.002418,4.8200,4.8200,4.8100,4.8100,404400,1948736.0000,3
2025-11-25,20251125113000000,sz.002418,4.8100,4.8100,4.8000,4.8100,521000,2505504.0000,3
2025-11-25,20251125130500000,sz.002418,4.8100,4.8100,4.7800,4.7800,1505600,7213040.0000,3
2025-11-25,20251125131000000,sz.002418,4.7800,4.8000,4.7800,4.7800,507700,2432096.0000,3
2025-11-25,20251125131500000,sz.002418,4.7800,4.7900,4.7800,4.7800,426900,2042112.0000,3
2025-11-25,20251125132000000,sz.002418,4.7800,4.8000,4.7800,4.7900,1152100,5519488.0000,3
2025-11-25,20251125132500000,sz.002418,4.8000,4.8000,4.7900,4.7900,288500,1382448.0000,3
2025-11-25,20251125133000000,sz.002418,4.7900,4.8000,4.7800,4.7900,408600,1955808.0000,3
2025-11-25,20251125133500000,sz.002418,4.7900,4.7900,4.7800,4.7900,779400,3726512.0000,3
2025-11-25,20251125134000000,sz.002418,4.7900,4.8100,4.7900,4.8100,803500,3852928.0000,3
2025-11-25,20251125134500000,sz.002418,4.8000,4.8100,4.7900,4.8000,644500,3092064.0000,3
2025-11-25,20251125135000000,sz.002418,4.8000,4.8200,4.8000,4.8200,500800,2408128.0000,3
2025-11-25,20251125135500000,sz.002418,4.8100,4.8200,4.8100,4.8200,756200,3638736.0000,3
2025-11-25,20251125140000000,sz.002418,4.8100,4.8200,4.8000,4.8100,369000,1774416.0000,3
2025-11-25,20251125140500000,sz.002418,4.8100,4.8200,4.8000,4.8200,644800,3103792.0000,3
2025-11-25,20251125141000000,sz.002418,4.8000,4.8100,4.8000,4.8100,320200,1539168.0000,3
2025-11-25,20251125141500000,sz.002418,4.8000,4.8200,4.8000,4.8100,400300,1924704.0000,3
2025-11-25,20251125142000000,sz.002418,4.8000,4.8100,4.7900,4.7900,782000,3750592.0000,3
2025-11-25,20251125142500000,sz.002418,4.7800,4.7900,4.7700,4.7900,1582600,7568416.0000,3
2025-11-25,20251125143000000,sz.002418,4.7800,4.7900,4.7800,4.7800,199600,954944.0000,3
2025-11-25,20251125143500000,sz.002418,4.7800,4.8000,4.7800,4.8000,1007600,4826352.0000,3
2025-11-25,20251125144000000,sz.002418,4.7900,4.8100,4.7900,4.8000,1271000,6099536.0000,3
2025-11-25,20251125144500000,sz.002418,4.7900,4.8100,4.7900,4.8000,1835500,8804272.0000,3
2025-11-25,20251125145000000,sz.002418,4.8000,4.8100,4.7900,4.8000,1001200,4802848.0000,3
2025-11-25,20251125145500000,sz.002418,4.7900,4.8000,4.7800,4.7800,1149400,5503536.0000,3
2025-11-25,20251125150000000,sz.002418,4.7800,4.8000,4.7800,4.7900,2158800,10335936.0000,3
2025-11-26,20251126093500000,sz.002418,4.7600,4.7700,4.7100,4.7100,3782600,17906144.0000,3
2025-11-26,20251126094000000,sz.002418,4.7200,4.7500,4.7000,4.7300,3274700,15467620.0000,3
2025-11-26,20251126094500000,sz.002418,4.7500,4.8000,4.7400,4.7900,2899900,13869916.0000,3
2025-11-26,20251126095000000,sz.002418,4.7900,4.8100,4.7700,4.7800,2136800,10232744.0000,3
2025-11-26,20251126095500000,sz.002418,4.7900,4.8100,4.7800,4.8100,1947700,9335648.0000,3
2025-11-26,20251126100000000,sz.002418,4.8100,4.8400,4.8000,4.8200,2287700,11043008.0000,3
2025-11-26,20251126100500000,sz.002418,4.8300,4.8300,4.8000,4.8000,1357900,6539576.0000,3
2025-11-26,20251126101000000,sz.002418,4.8000,4.8200,4.8000,4.8100,1042000,5011880.0000,3
2025-11-26,20251126101500000,sz.002418,4.8200,4.8200,4.8000,4.8100,1257500,6048424.0000,3
2025-11-26,20251126102000000,sz.002418,4.8100,4.8200,4.7900,4.7900,1419100,6812968.0000,3
2025-11-26,20251126102500000,sz.002418,4.7900,4.8000,4.7800,4.7900,1685900,8072296.0000,3
2025-11-26,20251126103000000,sz.002418,4.7900,4.8000,4.7900,4.7900,535700,2566896.0000,3
2025-11-26,20251126103500000,sz.002418,4.7900,4.8000,4.7800,4.7900,1046600,5013032.0000,3
2025-11-26,20251126104000000,sz.002418,4.8000,4.8000,4.7900,4.7900,520400,2497320.0000,3
2025-11-26,20251126104500000,sz.002418,4.8000,4.8000,4.7700,4.7800,1201700,5751824.0000,3
2025-11-26,20251126105000000,sz.002418,4.7800,4.7800,4.7600,4.7800,944900,4506600.0000,3
2025-11-26,20251126105500000,sz.002418,4.7800,4.7900,4.7700,4.7900,898300,4289848.0000,3
2025-11-26,20251126110000000,sz.002418,4.7900,4.8000,4.7800,4.8000,599500,2871584.0000,3
2025-11-26,20251126110500000,sz.002418,4.8000,4.8000,4.7800,4.7900,473500,2266880.0000,3
2025-11-26,20251126111000000,sz.002418,4.7900,4.8100,4.7800,4.8000,1314800,6311408.0000,3
2025-11-26,20251126111500000,sz.002418,4.8100,4.8200,4.8000,4.8200,597100,2870144.0000,3
2025-11-26,20251126112000000,sz.002418,4.8200,4.8200,4.8100,4.8100,594300,2863792.0000,3
2025-11-26,20251126112500000,sz.002418,4.8100,4.8200,4.8000,4.8200,500700,2408848.0000,3
2025-11-26,20251126113000000,sz.002418,4.8200,4.8200,4.8000,4.8000,342300,1646384.0000,3
2025-11-26,20251126130500000,sz.002418,4.8100,4.8100,4.7900,4.8000,1176300,5646576.0000,3
2025-11-26,20251126131000000,sz.002418,4.8000,4.8000,4.7800,4.7800,603200,2888048.0000,3
2025-11-26,20251126131500000,sz.002418,4.7900,4.8000,4.7800,4.7800,721000,3452688.0000,3
2025-11-26,20251126132000000,sz.002418,4.7700,4.7900,4.7700,4.7800,1108700,5298640.0000,3
2025-11-26,20251126132500000,sz.002418,4.7800,4.7900,4.7700,4.7700,206200,985216.0000,3
2025-11-26,20251126133000000,sz.002418,4.7700,4.7800,4.7700,4.7700,329100,1570560.0000,3
2025-11-26,20251126133500000,sz.002418,4.7800,4.7800,4.7700,4.7700,1515900,7228816.0000,3
2025-11-26,20251126134000000,sz.002418,4.7700,4.7800,4.7600,4.7600,421300,2008576.0000,3
2025-11-26,20251126134500000,sz.002418,4.7700,4.7700,4.7500,4.7600,856400,4076272.0000,3
2025-11-26,20251126135000000,sz.002418,4.7600,4.7600,4.7500,4.7500,696100,3310800.0000,3
2025-11-26,20251126135500000,sz.002418,4.7500,4.7600,4.7400,4.7400,754500,3583088.0000,3
2025-11-26,20251126140000000,sz.002418,4.7400,4.7500,4.7300,4.7400,1527500,7240592.0000,3
2025-11-26,20251126140500000,sz.002418,4.7300,4.7400,4.7200,4.7300,1121300,5303168.0000,3
2025-11-26,20251126141000000,sz.002418,4.7200,4.7300,4.7100,4.7300,973700,4595216.0000,3
2025-11-26,20251126141500000,sz.002418,4.7300,4.7300,4.7100,4.7300,696200,3286352.0000,3
2025-11-26,20251126142000000,sz.002418,4.7300,4.7300,4.7100,4.7300,924700,4364144.0000,3
2025-11-26,20251126142500000,sz.002418,4.7300,4.7300,4.7200,4.7200,260600,1230528.0000,3
2025-11-26,20251126143000000,sz.002418,4.7300,4.7300,4.7100,4.7200,1766600,8329520.0000,3
2025-11-26,20251126143500000,sz.002418,4.7200,4.7200,4.7000,4.7100,2768900,13041872.0000,3
2025-11-26,20251126144000000,sz.002418,4.7100,4.7200,4.7000,4.7100,806900,3798848.0000,3
2025-11-26,20251126144500000,sz.002418,4.7100,4.7100,4.7000,4.7000,759000,3569440.0000,3
2025-11-26,20251126145000000,sz.002418,4.7000,4.7100,4.7000,4.7000,1060100,4986816.0000,3
2025-11-26,20251126145500000,sz.002418,4.7100,4.7100,4.6900,4.7000,3357300,15778192.0000,3
2025-11-26,20251126150000000,sz.002418,4.7000,4.7100,4.7000,4.7100,901700,4244416.0000,3
2025-11-27,20251127093500000,sz.002418,4.7200,4.7600,4.7000,4.7300,3223400,15259706.0000,3
2025-11-27,20251127094000000,sz.002418,4.7200,4.7200,4.7000,4.7100,1118400,5271092.0000,3
2025-11-27,20251127094500000,sz.002418,4.7100,4.7800,4.7100,4.7800,2090200,9930774.0000,3
2025-11-27,20251127095000000,sz.002418,4.7800,4.7800,4.7600,4.7600,1400000,6680888.0000,3
2025-11-27,20251127095500000,sz.002418,4.7600,4.7700,4.7600,4.7700,1036600,4938164.0000,3
2025-11-27,20251127100000000,sz.002418,4.7700,4.7700,4.7600,4.7700,813000,3876304.0000,3
2025-11-27,20251127100500000,sz.002418,4.7700,4.7700,4.7500,4.7500,2379500,11305416.0000,3
2025-11-27,20251127101000000,sz.002418,4.7600,4.7800,4.7500,4.7700,1744500,8319168.0000,3
2025-11-27,20251127101500000,sz.002418,4.7700,4.7700,4.7500,4.7500,928900,4424480.0000,3
2025-11-27,20251127102000000,sz.002418,4.7600,4.7700,4.7500,4.7600,556400,2651264.0000,3
2025-11-27,20251127102500000,sz.002418,4.7700,4.7700,4.7500,4.7500,861300,4095816.0000,3
2025-11-27,20251127103000000,sz.002418,4.7500,4.7600,4.7400,4.7400,807800,3835344.0000,3
2025-11-27,20251127103500000,sz.002418,4.7400,4.7600,4.7400,4.7500,757900,3599120.0000,3
2025-11-27,20251127104000000,sz.002418,4.7500,4.7800,4.7500,4.7600,1213600,5782640.0000,3
2025-11-27,20251127104500000,sz.002418,4.7600,4.7700,4.7500,4.7600,441400,2102528.0000,3
2025-11-27,20251127105000000,sz.002418,4.7500,4.7600,4.7400,4.7500,1033200,4908352.0000,3
2025-11-27,20251127105500000,sz.002418,4.7500,4.7600,4.7400,4.7500,404500,1921832.0000,3
2025-11-27,20251127110000000,sz.002418,4.7600,4.7600,4.7400,4.7500,712300,3384264.0000,3
2025-11-27,20251127110500000,sz.002418,4.7500,4.7600,4.7400,4.7500,355500,1687528.0000,3
2025-11-27,20251127111000000,sz.002418,4.7500,4.7500,4.7200,4.7300,1207200,5719112.0000,3
2025-11-27,20251127111500000,sz.002418,4.7300,4.7300,4.7100,4.7200,1321100,6227552.0000,3
2025-11-27,20251127112000000,sz.002418,4.7200,4.7300,4.7100,4.7200,921200,4345760.0000,3
2025-11-27,20251127112500000,sz.002418,4.7300,4.7300,4.7100,4.7200,246800,1164312.0000,3
2025-11-27,20251127113000000,sz.002418,4.7200,4.7200,4.7100,4.7200,652900,3080896.0000,3
2025-11-27,20251127130500000,sz.002418,4.7200,4.7200,4.7000,4.7100,1154700,5442000.0000,3
2025-11-27,20251127131000000,sz.002418,4.7000,4.7200,4.7000,4.7200,553600,2607664.0000,3
2025-11-27,20251127131500000,sz.002418,4.7100,4.7200,4.7100,4.7200,209000,985112.0000,3
2025-11-27,20251127132000000,sz.002418,4.7200,4.7300,4.7100,4.7200,1097300,5180512.0000,3
2025-11-27,20251127132500000,sz.002418,4.7200,4.7300,4.7200,4.7200,594600,2806784.0000,3
2025-11-27,20251127133000000,sz.002418,4.7300,4.7300,4.7200,4.7300,419800,1983648.0000,3
2025-11-27,20251127133500000,sz.002418,4.7300,4.7400,4.7200,4.7300,422900,1999968.0000,3
2025-11-27,20251127134000000,sz.002418,4.7400,4.7400,4.7200,4.7300,697500,3299056.0000,3
2025-11-27,20251127134500000,sz.002418,4.7300,4.7300,4.7100,4.7100,735300,3470624.0000,3
2025-11-27,20251127135000000,sz.002418,4.7200,4.7200,4.7100,4.7100,556500,2623712.0000,3
2025-11-27,20251127135500000,sz.002418,4.7200,4.7200,4.7100,4.7100,241800,1140352.0000,3
2025-11-27,20251127140000000,sz.002418,4.7100,4.7200,4.7100,4.7100,350100,1650400.0000,3
2025-11-27,20251127140500000,sz.002418,4.7200,4.7300,4.7100,4.7100,973300,4594416.0000,3
2025-11-27,20251127141000000,sz.002418,4.7100,4.7200,4.7000,4.7000,1026700,4835920.0000,3
2025-11-27,20251127141500000,sz.002418,4.7000,4.7100,4.7000,4.7100,463400,2180528.0000,3
2025-11-27,20251127142000000,sz.002418,4.7000,4.7100,4.7000,4.7100,1833800,8620160.0000,3
2025-11-27,20251127142500000,sz.002418,4.7100,4.7100,4.7000,4.7100,191300,899616.0000,3
2025-11-27,20251127143000000,sz.002418,4.7100,4.7100,4.7000,4.7100,474200,2229968.0000,3
2025-11-27,20251127143500000,sz.002418,4.7100,4.7100,4.6900,4.6900,892000,4190640.0000,3
2025-11-27,20251127144000000,sz.002418,4.6900,4.7000,4.6900,4.6900,825800,3874288.0000,3
2025-11-27,20251127144500000,sz.002418,4.7000,4.7000,4.6900,4.6900,609700,2861488.0000,3
2025-11-27,20251127145000000,sz.002418,4.6900,4.6900,4.6800,4.6800,2666700,12490848.0000,3
2025-11-27,20251127145500000,sz.002418,4.6800,4.6800,4.6700,4.6700,1534600,7175216.0000,3
2025-11-27,20251127150000000,sz.002418,4.6800,4.6900,4.6700,4.6800,1454000,6807344.0000,3
2025-11-28,20251128093500000,sz.002418,4.6700,4.7200,4.6700,4.7000,3320500,15596888.0000,3
2025-11-28,20251128094000000,sz.002418,4.6900,4.6900,4.6600,4.6700,1902400,8897400.0000,3
2025-11-28,20251128094500000,sz.002418,4.6800,4.6900,4.6700,4.6900,1128300,5286648.0000,3
2025-11-28,20251128095000000,sz.002418,4.6900,4.7000,4.6700,4.6800,1352100,6332632.0000,3
2025-11-28,20251128095500000,sz.002418,4.6800,4.6900,4.6800,4.6900,1188600,5567004.0000,3
2025-11-28,20251128100000000,sz.002418,4.6800,4.6900,4.6600,4.6600,1765800,8233432.0000,3
2025-11-28,20251128100500000,sz.002418,4.6600,4.7100,4.6600,4.7100,1394300,6531332.0000,3
2025-11-28,20251128101000000,sz.002418,4.7000,4.7100,4.7000,4.7000,1121700,5273464.0000,3
2025-11-28,20251128101500000,sz.002418,4.7000,4.7200,4.7000,4.7100,1204100,5669656.0000,3
2025-11-28,20251128102000000,sz.002418,4.7200,4.7200,4.7000,4.7100,709600,3342520.0000,3
2025-11-28,20251128102500000,sz.002418,4.7100,4.7100,4.7000,4.7100,294000,1382504.0000,3
2025-11-28,20251128103000000,sz.002418,4.7100,4.7200,4.7000,4.7200,576100,2714976.0000,3
2025-11-28,20251128103500000,sz.002418,4.7200,4.7300,4.7100,4.7200,1539200,7267136.0000,3
2025-11-28,20251128104000000,sz.002418,4.7200,4.7300,4.7200,4.7300,634400,2994400.0000,3
2025-11-28,20251128104500000,sz.002418,4.7300,4.7300,4.7000,4.7100,939500,4430552.0000,3
2025-11-28,20251128105000000,sz.002418,4.7100,4.7300,4.7100,4.7300,755800,3568672.0000,3
2025-11-28,20251128105500000,sz.002418,4.7300,4.7300,4.7200,4.7300,437500,2066320.0000,3
2025-11-28,20251128110000000,sz.002418,4.7300,4.7300,4.7200,4.7200,118000,557864.0000,3
2025-11-28,20251128110500000,sz.002418,4.7300,4.7300,4.7200,4.7300,651500,3075728.0000,3
2025-11-28,20251128111000000,sz.002418,4.7200,4.7300,4.7200,4.7200,586400,2768952.0000,3
2025-11-28,20251128111500000,sz.002418,4.7200,4.7300,4.7100,4.7100,568900,2685096.0000,3
2025-11-28,20251128112000000,sz.002418,4.7100,4.7300,4.7100,4.7300,320500,1512952.0000,3
2025-11-28,20251128112500000,sz.002418,4.7300,4.7300,4.7200,4.7200,240100,1133816.0000,3
2025-11-28,20251128113000000,sz.002418,4.7200,4.7300,4.7200,4.7300,931700,4398000.0000,3
2025-11-28,20251128130500000,sz.002418,4.7200,4.7400,4.7200,4.7300,1129300,5342024.0000,3
2025-11-28,20251128131000000,sz.002418,4.7300,4.7400,4.7300,4.7300,346400,1639552.0000,3
2025-11-28,20251128131500000,sz.002418,4.7300,4.7300,4.7200,4.7300,1469100,6940536.0000,3
2025-11-28,20251128132000000,sz.002418,4.7200,4.7300,4.7200,4.7200,391900,1850104.0000,3
2025-11-28,20251128132500000,sz.002418,4.7200,4.7300,4.7200,4.7300,400500,1890688.0000,3
2025-11-28,20251128133000000,sz.002418,4.7200,4.7300,4.7100,4.7100,451800,2131864.0000,3
2025-11-28,20251128133500000,sz.002418,4.7100,4.7300,4.7100,4.7200,374100,1766688.0000,3
2025-11-28,20251128134000000,sz.002418,4.7200,4.7300,4.7100,4.7200,999800,4722072.0000,3
2025-11-28,20251128134500000,sz.002418,4.7200,4.7300,4.7200,4.7200,554400,2618208.0000,3
2025-11-28,20251128135000000,sz.002418,4.7300,4.7400,4.7200,4.7300,501900,2373648.0000,3
2025-11-28,20251128135500000,sz.002418,4.7300,4.7400,4.7300,4.7300,647600,3063408.0000,3
2025-11-28,20251128140000000,sz.002418,4.7300,4.7400,4.7200,4.7200,743000,3512032.0000,3
2025-11-28,20251128140500000,sz.002418,4.7300,4.7300,4.7200,4.7200,521600,2465888.0000,3
2025-11-28,20251128141000000,sz.002418,4.7200,4.7400,4.7200,4.7300,903800,4267696.0000,3
2025-11-28,20251128141500000,sz.002418,4.7300,4.7300,4.7200,4.7200,255000,1204704.0000,3
2025-11-28,20251128142000000,sz.002418,4.7200,4.7400,4.7200,4.7300,733800,3470672.0000,3
2025-11-28,20251128142500000,sz.002418,4.7300,4.7400,4.7300,4.7400,432400,2048944.0000,3
2025-11-28,20251128143000000,sz.002418,4.7400,4.7400,4.7300,4.7400,892100,4221824.0000,3
2025-11-28,20251128143500000,sz.002418,4.7400,4.7500,4.7300,4.7500,1171500,5554912.0000,3
2025-11-28,20251128144000000,sz.002418,4.7500,4.7500,4.7400,4.7500,612200,2905888.0000,3
2025-11-28,20251128144500000,sz.002418,4.7500,4.7600,4.7400,4.7500,2619700,12448880.0000,3
2025-11-28,20251128145000000,sz.002418,4.7500,4.7700,4.7500,4.7600,2496100,11886512.0000,3
2025-11-28,20251128145500000,sz.002418,4.7600,4.7700,4.7500,4.7700,1731100,8239760.0000,3
2025-11-28,20251128150000000,sz.002418,4.7600,4.7700,4.7500,4.7600,919100,4376000.0000,3
2025-12-01,20251201093500000,sz.002418,4.8100,4.8100,4.7500,4.7600,3653300,17446866.0000,3
2025-12-01,20251201094000000,sz.002418,4.7600,4.7700,4.7300,4.7400,1818100,8626956.0000,3
2025-12-01,20251201094500000,sz.002418,4.7500,4.7800,4.7500,4.7800,1907500,9089694.0000,3
2025-12-01,20251201095000000,sz.002418,4.7800,4.8000,4.7700,4.7800,1638100,7838552.0000,3
2025-12-01,20251201095500000,sz.002418,4.7900,4.8000,4.7800,4.7800,2170200,10391628.0000,3
2025-12-01,20251201100000000,sz.002418,4.7800,4.7900,4.7600,4.7700,2001100,9560096.0000,3
2025-12-01,20251201100500000,sz.002418,4.7600,4.7900,4.7600,4.7800,1468900,7009264.0000,3
2025-12-01,20251201101000000,sz.002418,4.7700,4.7800,4.7700,4.7700,531700,2539376.0000,3
2025-12-01,20251201101500000,sz.002418,4.7700,4.7700,4.7600,4.7600,1569500,7477712.0000,3
2025-12-01,20251201102000000,sz.002418,4.7600,4.7700,4.7400,4.7500,1677000,7971400.0000,3
2025-12-01,20251201102500000,sz.002418,4.7600,4.7600,4.7400,4.7500,510600,2426168.0000,3
2025-12-01,20251201103000000,sz.002418,4.7500,4.7500,4.7400,4.7500,490700,2329096.0000,3
2025-12-01,20251201103500000,sz.002418,4.7500,4.7600,4.7400,4.7500,628100,2983872.0000,3
2025-12-01,20251201104000000,sz.002418,4.7500,4.7600,4.7400,4.7500,719500,3416416.0000,3
2025-12-01,20251201104500000,sz.002418,4.7400,4.7500,4.7300,4.7400,1509100,7154840.0000,3
2025-12-01,20251201105000000,sz.002418,4.7400,4.7400,4.7300,4.7400,493700,2339304.0000,3
2025-12-01,20251201105500000,sz.002418,4.7400,4.7400,4.7300,4.7300,842500,3986616.0000,3
2025-12-01,20251201110000000,sz.002418,4.7300,4.7500,4.7300,4.7400,502000,2379456.0000,3
2025-12-01,20251201110500000,sz.002418,4.7400,4.7500,4.7000,4.7100,3497300,16514432.0000,3
2025-12-01,20251201111000000,sz.002418,4.7200,4.7300,4.7100,4.7300,1127700,5320656.0000,3
2025-12-01,20251201111500000,sz.002418,4.7200,4.7300,4.7100,4.7200,595700,2811840.0000,3
2025-12-01,20251201112000000,sz.002418,4.7300,4.7400,4.7200,4.7300,710800,3358672.0000,3
2025-12-01,20251201112500000,sz.002418,4.7300,4.7400,4.7200,4.7300,534700,2529376.0000,3
2025-12-01,20251201113000000,sz.002418,4.7300,4.7400,4.7100,4.7200,1658800,7838752.0000,3
2025-12-01,20251201130500000,sz.002418,4.7200,4.7400,4.7100,4.7200,844800,3987680.0000,3
2025-12-01,20251201131000000,sz.002418,4.7300,4.7300,4.7200,4.7200,797100,3763200.0000,3
2025-12-01,20251201131500000,sz.002418,4.7200,4.7400,4.7200,4.7300,337500,1597008.0000,3
2025-12-01,20251201132000000,sz.002418,4.7200,4.7400,4.7200,4.7300,345700,1636208.0000,3
2025-12-01,20251201132500000,sz.002418,4.7400,4.7400,4.7300,4.7400,440700,2088528.0000,3
2025-12-01,20251201133000000,sz.002418,4.7400,4.7400,4.7200,4.7200,494200,2336752.0000,3
2025-12-01,20251201133500000,sz.002418,4.7300,4.7300,4.7100,4.7200,1303800,6153856.0000,3
2025-12-01,20251201134000000,sz.002418,4.7200,4.7300,4.7100,4.7100,528500,2494368.0000,3
2025-12-01,20251201134500000,sz.002418,4.7100,4.7200,4.7100,4.7100,350600,1653680.0000,3
2025-12-01,20251201135000000,sz.002418,4.7100,4.7200,4.7100,4.7200,746000,3515200.0000,3
2025-12-01,20251201135500000,sz.002418,4.7200,4.7200,4.7100,4.7100,343500,1618848.0000,3
2025-12-01,20251201140000000,sz.002418,4.7100,4.7200,4.7000,4.7100,1728000,8136800.0000,3
2025-12-01,20251201140500000,sz.002418,4.7000,4.7200,4.7000,4.7100,1325800,6243600.0000,3
2025-12-01,20251201141000000,sz.002418,4.7100,4.7200,4.7000,4.7000,793900,3738768.0000,3
2025-12-01,20251201141500000,sz.002418,4.7100,4.7200,4.7000,4.7000,1031900,4856240.0000,3
2025-12-01,20251201142000000,sz.002418,4.7100,4.7100,4.6900,4.6900,3866400,18158944.0000,3
2025-12-01,20251201142500000,sz.002418,4.6900,4.7000,4.6800,4.6800,2132900,9991648.0000,3
2025-12-01,20251201143000000,sz.002418,4.6900,4.7000,4.6800,4.7000,1085800,5090800.0000,3
2025-12-01,20251201143500000,sz.002418,4.7000,4.7000,4.6800,4.6900,993700,4661568.0000,3
2025-12-01,20251201144000000,sz.002418,4.6900,4.7000,4.6800,4.6900,1336300,6266896.0000,3
2025-12-01,20251201144500000,sz.002418,4.7000,4.7000,4.6900,4.6900,436000,2046224.0000,3
2025-12-01,20251201145000000,sz.002418,4.7000,4.7000,4.6900,4.6900,1342200,6301216.0000,3
2025-12-01,20251201145500000,sz.002418,4.6900,4.7000,4.6900,4.7000,2413100,11326912.0000,3
2025-12-01,20251201150000000,sz.002418,4.7000,4.7100,4.6900,4.7100,1461500,6873216.0000,3
2025-12-02,20251202093500000,sz.002418,4.6900,4.6900,4.6400,4.6500,3900600,18197248.0000,3
2025-12-02,20251202094000000,sz.002418,4.6500,4.6800,4.6300,4.6300,2629400,12238004.0000,3
2025-12-02,20251202094500000,sz.002418,4.6300,4.6500,4.6200,4.6400,1988800,9221712.0000,3
2025-12-02,20251202095000000,sz.002418,4.6400,4.6500,4.6300,4.6400,1795000,8322044.0000,3
2025-12-02,20251202095500000,sz.002418,4.6400,4.6800,4.6400,4.6700,2057800,9588680.0000,3
2025-12-02,20251202100000000,sz.002418,4.6700,4.6700,4.6500,4.6500,645900,3007784.0000,3
2025-12-02,20251202100500000,sz.002418,4.6500,4.6700,4.6500,4.6600,1062400,4949712.0000,3
2025-12-02,20251202101000000,sz.002418,4.6700,4.6700,4.6400,4.6400,1031000,4796176.0000,3
2025-12-02,20251202101500000,sz.002418,4.6400,4.6600,4.6300,4.6500,1146000,5321976.0000,3
2025-12-02,20251202102000000,sz.002418,4.6500,4.6500,4.6300,4.6300,526200,2441176.0000,3
2025-12-02,20251202102500000,sz.002418,4.6400,4.6400,4.6300,4.6300,827600,3834728.0000,3
2025-12-02,20251202103000000,sz.002418,4.6400,4.6500,4.6300,4.6400,1057300,4906272.0000,3
2025-12-02,20251202103500000,sz.002418,4.6300,4.6500,4.6300,4.6300,729100,3382352.0000,3
2025-12-02,20251202104000000,sz.002418,4.6300,4.6400,4.6300,4.6300,180100,834112.0000,3
2025-12-02,20251202104500000,sz.002418,4.6300,4.6500,4.6300,4.6500,912900,4230952.0000,3
2025-12-02,20251202105000000,sz.002418,4.6500,4.6600,4.6400,4.6500,465900,2166832.0000,3
2025-12-02,20251202105500000,sz.002418,4.6500,4.6600,4.6400,4.6500,422600,1965128.0000,3
2025-12-02,20251202110000000,sz.002418,4.6500,4.6600,4.6400,4.6400,483700,2248184.0000,3
2025-12-02,20251202110500000,sz.002418,4.6400,4.6500,4.6400,4.6400,494600,2297888.0000,3
2025-12-02,20251202111000000,sz.002418,4.6400,4.6500,4.6400,4.6400,1005800,4669008.0000,3
2025-12-02,20251202111500000,sz.002418,4.6400,4.6500,4.6400,4.6400,594800,2760208.0000,3
2025-12-02,20251202112000000,sz.002418,4.6400,4.6500,4.6300,4.6500,419100,1944384.0000,3
2025-12-02,20251202112500000,sz.002418,4.6400,4.6500,4.6300,4.6400,443900,2059920.0000,3
2025-12-02,20251202113000000,sz.002418,4.6400,4.6500,4.6400,4.6500,348800,1619248.0000,3
2025-12-02,20251202130500000,sz.002418,4.6500,4.6600,4.6400,4.6500,970100,4507056.0000,3
2025-12-02,20251202131000000,sz.002418,4.6400,4.6600,4.6400,4.6500,601900,2799552.0000,3
2025-12-02,20251202131500000,sz.002418,4.6600,4.6600,4.6400,4.6500,547800,2549016.0000,3
2025-12-02,20251202132000000,sz.002418,4.6500,4.6700,4.6400,4.6500,971100,4523616.0000,3
2025-12-02,20251202132500000,sz.002418,4.6600,4.6600,4.6500,4.6500,309300,1439456.0000,3
2025-12-02,20251202133000000,sz.002418,4.6600,4.6600,4.6500,4.6500,258900,1204592.0000,3
2025-12-02,20251202133500000,sz.002418,4.6500,4.6700,4.6500,4.6700,1043900,4862600.0000,3
2025-12-02,20251202134000000,sz.002418,4.6600,4.6700,4.6600,4.6700,149700,698320.0000,3
2025-12-02,20251202134500000,sz.002418,4.6600,4.6700,4.6500,4.6600,748600,3487104.0000,3
2025-12-02,20251202135000000,sz.002418,4.6600,4.6800,4.6600,4.6800,900200,4204608.0000,3
2025-12-02,20251202135500000,sz.002418,4.6800,4.6900,4.6700,4.6800,431700,2019696.0000,3
2025-12-02,20251202140000000,sz.002418,4.6800,4.6800,4.6500,4.6500,1292200,6023280.0000,3
2025-12-02,20251202140500000,sz.002418,4.6600,4.6600,4.6500,4.6600,217500,1012768.0000,3
2025-12-02,20251202141000000,sz.002418,4.6500,4.6600,4.6500,4.6600,695200,3239008.0000,3
2025-12-02,20251202141500000,sz.002418,4.6700,4.6700,4.6500,4.6600,624300,2910080.0000,3
2025-12-02,20251202142000000,sz.002418,4.6700,4.6700,4.6600,4.6700,72200,336736.0000,3
2025-12-02,20251202142500000,sz.002418,4.6700,4.6700,4.6600,4.6700,346000,1613264.0000,3
2025-12-02,20251202143000000,sz.002418,4.6600,4.6700,4.6500,4.6600,702100,3270656.0000,3
2025-12-02,20251202143500000,sz.002418,4.6600,4.6600,4.6500,4.6500,575400,2676288.0000,3
2025-12-02,20251202144000000,sz.002418,4.6600,4.6600,4.6400,4.6400,760600,3536704.0000,3
2025-12-02,20251202144500000,sz.002418,4.6500,4.6500,4.6400,4.6500,371800,1727872.0000,3
2025-12-02,20251202145000000,sz.002418,4.6500,4.6600,4.6400,4.6500,560200,2606208.0000,3
2025-12-02,20251202145500000,sz.002418,4.6500,4.6600,4.6400,4.6400,1894600,8807968.0000,3
2025-12-02,20251202150000000,sz.002418,4.6400,4.6500,4.6400,4.6500,1161800,5401392.0000,3
2025-12-03,20251203093500000,sz.002418,4.6600,4.6900,4.6600,4.6800,3467700,16221693.0000,3
2025-12-03,20251203094000000,sz.002418,4.6800,4.6800,4.6400,4.6400,3414000,15917821.0000,3
2025-12-03,20251203094500000,sz.002418,4.6300,4.6500,4.6300,4.6400,1408900,6536942.0000,3
2025-12-03,20251203095000000,sz.002418,4.6400,4.6400,4.6200,4.6200,2545500,11777912.0000,3
2025-12-03,20251203095500000,sz.002418,4.6200,4.6300,4.6100,4.6200,1148700,5304400.0000,3
2025-12-03,20251203100000000,sz.002418,4.6100,4.6200,4.5900,4.5900,3149900,14496928.0000,3
2025-12-03,20251203100500000,sz.002418,4.5900,4.5900,4.5700,4.5900,1839500,8427256.0000,3
2025-12-03,20251203101000000,sz.002418,4.5800,4.5900,4.5500,4.5700,2916100,13311432.0000,3
2025-12-03,20251203101500000,sz.002418,4.5500,4.5700,4.5500,4.5500,1040600,4741496.0000,3
2025-12-03,20251203102000000,sz.002418,4.5600,4.5700,4.5300,4.5300,2383600,10848896.0000,3
2025-12-03,20251203102500000,sz.002418,4.5300,4.5500,4.5200,4.5300,1728500,7835048.0000,3
2025-12-03,20251203103000000,sz.002418,4.5300,4.5400,4.5100,4.5200,2602600,11766880.0000,3
2025-12-03,20251203103500000,sz.002418,4.5100,4.5200,4.5000,4.5000,3025000,13632432.0000,3
2025-12-03,20251203104000000,sz.002418,4.5100,4.5300,4.5000,4.5300,3628500,16364128.0000,3
2025-12-03,20251203104500000,sz.002418,4.5200,4.5400,4.5200,4.5300,570800,2585312.0000,3
2025-12-03,20251203105000000,sz.002418,4.5400,4.5600,4.5300,4.5600,1262000,5735184.0000,3
2025-12-03,20251203105500000,sz.002418,4.5600,4.5700,4.5500,4.5700,1176200,5366256.0000,3
2025-12-03,20251203110000000,sz.002418,4.5700,4.5700,4.5600,4.5600,221100,1009472.0000,3
2025-12-03,20251203110500000,sz.002418,4.5600,4.5700,4.5500,4.5700,874100,3986192.0000,3
2025-12-03,20251203111000000,sz.002418,4.5600,4.5700,4.5500,4.5700,784200,3576016.0000,3
2025-12-03,20251203111500000,sz.002418,4.5700,4.5700,4.5500,4.5600,407100,1856688.0000,3
2025-12-03,20251203112000000,sz.002418,4.5700,4.5800,4.5600,4.5700,1288300,5887792.0000,3
2025-12-03,20251203112500000,sz.002418,4.5600,4.5600,4.5500,4.5500,523700,2384544.0000,3
2025-12-03,20251203113000000,sz.002418,4.5500,4.5700,4.5500,4.5500,284000,1294512.0000,3
2025-12-03,20251203130500000,sz.002418,4.5500,4.5600,4.5400,4.5500,1200300,5460096.0000,3
2025-12-03,20251203131000000,sz.002418,4.5500,4.5700,4.5500,4.5600,509300,2320736.0000,3
2025-12-03,20251203131500000,sz.002418,4.5600,4.5600,4.5500,4.5600,345500,1573472.0000,3
2025-12-03,20251203132000000,sz.002418,4.5500,4.5700,4.5500,4.5600,276000,1258832.0000,3
2025-12-03,20251203132500000,sz.002418,4.5600,4.5700,4.5500,4.5600,236400,1077216.0000,3
2025-12-03,20251203133000000,sz.002418,4.5600,4.5600,4.5400,4.5400,607000,2761472.0000,3
2025-12-03,20251203133500000,sz.002418,4.5500,4.5500,4.5300,4.5500,971000,4410816.0000,3
2025-12-03,20251203134000000,sz.002418,4.5500,4.5500,4.5300,4.5300,641800,2909168.0000,3
2025-12-03,20251203134500000,sz.002418,4.5300,4.5400,4.5300,4.5300,294200,1332896.0000,3
2025-12-03,20251203135000000,sz.002418,4.5300,4.5400,4.5300,4.5300,127700,578720.0000,3
2025-12-03,20251203135500000,sz.002418,4.5300,4.5300,4.5200,4.5200,517600,2342288.0000,3
2025-12-03,20251203140000000,sz.002418,4.5100,4.5300,4.5100,4.5200,667300,3014576.0000,3
2025-12-03,20251203140500000,sz.002418,4.5200,4.5200,4.5100,4.5100,1181700,5332528.0000,3
2025-12-03,20251203141000000,sz.002418,4.5200,4.5200,4.5100,4.5100,207300,935440.0000,3
2025-12-03,20251203141500000,sz.002418,4.5100,4.5200,4.5100,4.5100,523400,2365296.0000,3
2025-12-03,20251203142000000,sz.002418,4.5200,4.5200,4.5100,4.5100,171400,773584.0000,3
2025-12-03,20251203142500000,sz.002418,4.5100,4.5200,4.5000,4.5100,1109000,5002128.0000,3
2025-12-03,20251203143000000,sz.002418,4.5100,4.5200,4.5100,4.5200,365400,1649184.0000,3
2025-12-03,20251203143500000,sz.002418,4.5100,4.5300,4.5100,4.5200,1685200,7617952.0000,3
2025-12-03,20251203144000000,sz.002418,4.5200,4.5400,4.5100,4.5300,664400,3009424.0000,3
2025-12-03,20251203144500000,sz.002418,4.5300,4.5300,4.5200,4.5200,442700,2004128.0000,3
2025-12-03,20251203145000000,sz.002418,4.5200,4.5400,4.5200,4.5200,969700,4393568.0000,3
2025-12-03,20251203145500000,sz.002418,4.5300,4.5400,4.5200,4.5200,767600,3474848.0000,3
2025-12-03,20251203150000000,sz.002418,4.5300,4.5400,4.5200,4.5300,1375900,6233264.0000,3
2025-12-04,20251204093500000,sz.002418,4.5100,4.5500,4.5000,4.5100,3028900,13699031.0000,3
2025-12-04,20251204094000000,sz.002418,4.5200,4.5200,4.4800,4.4800,1986800,8931505.0000,3
2025-12-04,20251204094500000,sz.002418,4.4800,4.4900,4.4700,4.4700,1933400,8667116.0000,3
2025-12-04,20251204095000000,sz.002418,4.4800,4.4800,4.4500,4.4500,1839300,8218988.0000,3
2025-12-04,20251204095500000,sz.002418,4.4600,4.4700,4.4400,4.4500,1795100,7993856.0000,3
2025-12-04,20251204100000000,sz.002418,4.4500,4.4700,4.4400,4.4400,1709000,7608152.0000,3
2025-12-04,20251204100500000,sz.002418,4.4500,4.4600,4.4400,4.4500,1704400,7587644.0000,3
2025-12-04,20251204101000000,sz.002418,4.4400,4.4500,4.4200,4.4300,3317900,14701060.0000,3
2025-12-04,20251204101500000,sz.002418,4.4300,4.4300,4.4100,4.4100,2028400,8965240.0000,3
2025-12-04,20251204102000000,sz.002418,4.4100,4.4200,4.4100,4.4100,1016800,4487072.0000,3
2025-12-04,20251204102500000,sz.002418,4.4200,4.4600,4.4100,4.4600,1790700,7935360.0000,3
2025-12-04,20251204103000000,sz.002418,4.4600,4.4700,4.4600,4.4600,486600,2171272.0000,3
2025-12-04,20251204103500000,sz.002418,4.4600,4.5000,4.4600,4.4700,1390500,6226400.0000,3
2025-12-04,20251204104000000,sz.002418,4.4800,4.4800,4.4600,4.4600,657900,2935808.0000,3
2025-12-04,20251204104500000,sz.002418,4.4700,4.4700,4.4500,4.4600,877200,3908864.0000,3
2025-12-04,20251204105000000,sz.002418,4.4600,4.4700,4.4500,4.4600,400800,1787920.0000,3
2025-12-04,20251204105500000,sz.002418,4.4600,4.4800,4.4600,4.4800,1026100,4591296.0000,3
2025-12-04,20251204110000000,sz.002418,4.4900,4.4900,4.4700,4.4800,750400,3359000.0000,3
2025-12-04,20251204110500000,sz.002418,4.4800,4.4800,4.4600,4.4600,567100,2535224.0000,3
2025-12-04,20251204111000000,sz.002418,4.4600,4.4700,4.4500,4.4600,253400,1129904.0000,3
2025-12-04,20251204111500000,sz.002418,4.4500,4.4700,4.4400,4.4600,940400,4188480.0000,3
2025-12-04,20251204112000000,sz.002418,4.4600,4.4700,4.4500,4.4700,216300,964816.0000,3
2025-12-04,20251204112500000,sz.002418,4.4600,4.4700,4.4500,4.4600,363300,1620352.0000,3
2025-12-04,20251204113000000,sz.002418,4.4700,4.4700,4.4500,4.4600,252100,1124424.0000,3
2025-12-04,20251204130500000,sz.002418,4.4700,4.4700,4.4500,4.4600,541800,2416480.0000,3
2025-12-04,20251204131000000,sz.002418,4.4600,4.4600,4.4400,4.4400,492400,2192528.0000,3
2025-12-04,20251204131500000,sz.002418,4.4400,4.4500,4.4400,4.4400,314400,1396816.0000,3
2025-12-04,20251204132000000,sz.002418,4.4300,4.4400,4.4300,4.4400,484100,2147648.0000,3
2025-12-04,20251204132500000,sz.002418,4.4400,4.4500,4.4300,4.4400,472900,2099456.0000,3
2025-12-04,20251204133000000,sz.002418,4.4400,4.4500,4.4400,4.4500,320000,1421456.0000,3
2025-12-04,20251204133500000,sz.002418,4.4500,4.4500,4.4300,4.4300,234000,1038384.0000,3
2025-12-04,20251204134000000,sz.002418,4.4300,4.4400,4.4300,4.4300,303700,1346384.0000,3
2025-12-04,20251204134500000,sz.002418,4.4300,4.4400,4.4300,4.4400,1124700,4989408.0000,3
2025-12-04,20251204135000000,sz.002418,4.4300,4.4500,4.4300,4.4300,432400,1918624.0000,3
2025-12-04,20251204135500000,sz.002418,4.4400,4.4400,4.4300,4.4300,257700,1141936.0000,3
2025-12-04,20251204140000000,sz.002418,4.4300,4.4400,4.4300,4.4300,434500,1925216.0000,3
2025-12-04,20251204140500000,sz.002418,4.4300,4.4500,4.4300,4.4400,571000,2535248.0000,3
2025-12-04,20251204141000000,sz.002418,4.4500,4.4500,4.4400,4.4400,127300,565936.0000,3
2025-12-04,20251204141500000,sz.002418,4.4400,4.4600,4.4400,4.4500,593900,2642416.0000,3
2025-12-04,20251204142000000,sz.002418,4.4500,4.4500,4.4300,4.4400,777500,3450512.0000,3
2025-12-04,20251204142500000,sz.002418,4.4400,4.4400,4.4300,4.4300,219900,974624.0000,3
2025-12-04,20251204143000000,sz.002418,4.4300,4.4400,4.4300,4.4400,388000,1722000.0000,3
2025-12-04,20251204143500000,sz.002418,4.4400,4.4500,4.4400,4.4500,260500,1157456.0000,3
2025-12-04,20251204144000000,sz.002418,4.4500,4.4500,4.4300,4.4300,570900,2535344.0000,3
2025-12-04,20251204144500000,sz.002418,4.4400,4.4400,4.4300,4.4300,258200,1145392.0000,3
2025-12-04,20251204145000000,sz.002418,4.4300,4.4400,4.4300,4.4400,852800,3779664.0000,3
2025-12-04,20251204145500000,sz.002418,4.4300,4.4400,4.4300,4.4300,996800,4420704.0000,3
2025-12-04,20251204150000000,sz.002418,4.4400,4.4400,4.4300,4.4400,816400,3622096.0000,3
2025-12-05,20251205093500000,sz.002418,4.4500,4.4700,4.4000,4.4200,2595800,11495327.0000,3
2025-12-05,20251205094000000,sz.002418,4.4200,4.4400,4.4000,4.4100,1249500,5520901.0000,3
2025-12-05,20251205094500000,sz.002418,4.4100,4.4300,4.4100,4.4200,712400,3149124.0000,3
2025-12-05,20251205095000000,sz.002418,4.4300,4.4400,4.4100,4.4200,1235400,5463598.0000,3
2025-12-05,20251205095500000,sz.002418,4.4200,4.4700,4.4100,4.4700,1074300,4775222.0000,3
2025-12-05,20251205100000000,sz.002418,4.4700,4.5000,4.4600,4.5000,1479000,6623620.0000,3
2025-12-05,20251205100500000,sz.002418,4.5100,4.5100,4.4800,4.5100,2267600,10204520.0000,3
2025-12-05,20251205101000000,sz.002418,4.5000,4.5100,4.4800,4.4800,1129300,5080028.0000,3
2025-12-05,20251205101500000,sz.002418,4.4800,4.4900,4.4800,4.4900,320100,1435388.0000,3
2025-12-05,20251205102000000,sz.002418,4.4900,4.4900,4.4800,4.4800,479200,2151344.0000,3
2025-12-05,20251205102500000,sz.002418,4.4800,4.4900,4.4800,4.4800,594900,2668256.0000,3
2025-12-05,20251205103000000,sz.002418,4.4800,4.4900,4.4800,4.4800,157600,706816.0000,3
2025-12-05,20251205103500000,sz.002418,4.4900,4.5000,4.4900,4.4900,448800,2017608.0000,3
2025-12-05,20251205104000000,sz.002418,4.5000,4.5100,4.4900,4.5100,668000,3005020.0000,3
2025-12-05,20251205104500000,sz.002418,4.5000,4.5200,4.5000,4.5000,1361400,6138812.0000,3
2025-12-05,20251205105000000,sz.002418,4.5000,4.5200,4.5000,4.5100,614300,2771856.0000,3
2025-12-05,20251205105500000,sz.002418,4.5000,4.5200,4.5000,4.5100,483100,2179344.0000,3
2025-12-05,20251205110000000,sz.002418,4.5100,4.5200,4.5100,4.5200,344400,1555496.0000,3
2025-12-05,20251205110500000,sz.002418,4.5200,4.5200,4.5000,4.5100,558900,2521000.0000,3
2025-12-05,20251205111000000,sz.002418,4.5000,4.5200,4.5000,4.5200,1142000,5156864.0000,3
2025-12-05,20251205111500000,sz.002418,4.5200,4.5300,4.5100,4.5300,505300,2284824.0000,3
2025-12-05,20251205112000000,sz.002418,4.5300,4.5400,4.5200,4.5400,734000,3325760.0000,3
2025-12-05,20251205112500000,sz.002418,4.5400,4.5400,4.5200,4.5300,408000,1848176.0000,3
2025-12-05,20251205113000000,sz.002418,4.5200,4.5300,4.5100,4.5200,687600,3111272.0000,3
2025-12-05,20251205130500000,sz.002418,4.5300,4.5300,4.5100,4.5200,660800,2987776.0000,3
2025-12-05,20251205131000000,sz.002418,4.5100,4.5200,4.5000,4.5000,971100,4380736.0000,3
2025-12-05,20251205131500000,sz.002418,4.5000,4.5100,4.5000,4.5000,298200,1342616.0000,3
2025-12-05,20251205132000000,sz.002418,4.5100,4.5100,4.5000,4.5000,201900,910232.0000,3
2025-12-05,20251205132500000,sz.002418,4.5100,4.5100,4.5000,4.5100,132000,594624.0000,3
2025-12-05,20251205133000000,sz.002418,4.5100,4.5100,4.5000,4.5100,291800,1315392.0000,3
2025-12-05,20251205133500000,sz.002418,4.5000,4.5200,4.5000,4.5200,403600,1820592.0000,3
2025-12-05,20251205134000000,sz.002418,4.5100,4.5200,4.5000,4.5100,639700,2885232.0000,3
2025-12-05,20251205134500000,sz.002418,4.5100,4.5200,4.5100,4.5200,182300,822456.0000,3
2025-12-05,20251205135000000,sz.002418,4.5100,4.5200,4.5100,4.5200,571700,2582216.0000,3
2025-12-05,20251205135500000,sz.002418,4.5200,4.5200,4.5100,4.5200,245000,1105648.0000,3
2025-12-05,20251205140000000,sz.002418,4.5200,4.5300,4.5100,4.5300,629200,2843824.0000,3
2025-12-05,20251205140500000,sz.002418,4.5300,4.5500,4.5200,4.5400,1659400,7529176.0000,3
2025-12-05,20251205141000000,sz.002418,4.5500,4.5700,4.5400,4.5600,2965900,13514472.0000,3
2025-12-05,20251205141500000,sz.002418,4.5700,4.5700,4.5600,4.5700,1533100,7003056.0000,3
2025-12-05,20251205142000000,sz.002418,4.5600,4.5700,4.5600,4.5700,872900,3981760.0000,3
2025-12-05,20251205142500000,sz.002418,4.5600,4.5700,4.5500,4.5600,474100,2163280.0000,3
2025-12-05,20251205143000000,sz.002418,4.5600,4.5700,4.5500,4.5600,444600,2025392.0000,3
2025-12-05,20251205143500000,sz.002418,4.5500,4.5600,4.5500,4.5600,583800,2661200.0000,3
2025-12-05,20251205144000000,sz.002418,4.5600,4.5600,4.5500,4.5500,533000,2428640.0000,3
2025-12-05,20251205144500000,sz.002418,4.5500,4.5600,4.5400,4.5400,1368000,6220640.0000,3
2025-12-05,20251205145000000,sz.002418,4.5500,4.5500,4.5400,4.5400,862200,3919440.0000,3
2025-12-05,20251205145500000,sz.002418,4.5400,4.5500,4.5300,4.5400,1197000,5435488.0000,3
2025-12-05,20251205150000000,sz.002418,4.5400,4.5400,4.5300,4.5400,1631000,7400736.0000,3
2025-12-08,20251208093500000,sz.002418,4.5500,4.6000,4.5500,4.5700,3718800,16993542.0000,3
2025-12-08,20251208094000000,sz.002418,4.5700,4.6000,4.5700,4.5800,2227100,10215230.0000,3
2025-12-08,20251208094500000,sz.002418,4.5800,4.6000,4.5800,4.5900,1106300,5080946.0000,3
2025-12-08,20251208095000000,sz.002418,4.5900,4.6000,4.5700,4.5800,2048800,9397710.0000,3
2025-12-08,20251208095500000,sz.002418,4.5800,4.5800,4.5600,4.5600,1392900,6362188.0000,3
2025-12-08,20251208100000000,sz.002418,4.5600,4.5800,4.5500,4.5600,1220000,5570528.0000,3
2025-12-08,20251208100500000,sz.002418,4.5500,4.5700,4.5500,4.5600,805700,3673344.0000,3
2025-12-08,20251208101000000,sz.002418,4.5600,4.5700,4.5600,4.5700,464700,2120736.0000,3
2025-12-08,20251208101500000,sz.002418,4.5600,4.6000,4.5600,4.5900,1650100,7564932.0000,3
2025-12-08,20251208102000000,sz.002418,4.6000,4.6000,4.5900,4.6000,508500,2338180.0000,3
2025-12-08,20251208102500000,sz.002418,4.6000,4.6000,4.5900,4.5900,1474900,6770968.0000,3
2025-12-08,20251208103000000,sz.002418,4.5900,4.6000,4.5800,4.5900,539700,2477048.0000,3
2025-12-08,20251208103500000,sz.002418,4.5900,4.5900,4.5800,4.5800,360800,1654232.0000,3
2025-12-08,20251208104000000,sz.002418,4.5800,4.5900,4.5800,4.5800,266400,1221728.0000,3
2025-12-08,20251208104500000,sz.002418,4.5900,4.5900,4.5800,4.5900,331200,1518112.0000,3
2025-12-08,20251208105000000,sz.002418,4.5800,4.5900,4.5700,4.5700,783100,3585736.0000,3
2025-12-08,20251208105500000,sz.002418,4.5700,4.5900,4.5700,4.5800,819500,3753664.0000,3
2025-12-08,20251208110000000,sz.002418,4.5900,4.5900,4.5800,4.5800,204300,936232.0000,3
2025-12-08,20251208110500000,sz.002418,4.5900,4.5900,4.5800,4.5800,299600,1373896.0000,3
2025-12-08,20251208111000000,sz.002418,4.5800,4.5900,4.5800,4.5800,240300,1101992.0000,3
2025-12-08,20251208111500000,sz.002418,4.5800,4.5900,4.5800,4.5900,283300,1298976.0000,3
2025-12-08,20251208112000000,sz.002418,4.5800,4.6000,4.5800,4.5900,892900,4098816.0000,3
2025-12-08,20251208112500000,sz.002418,4.5800,4.5900,4.5800,4.5900,226300,1037688.0000,3
2025-12-08,20251208113000000,sz.002418,4.5900,4.6000,4.5800,4.5900,519500,2384912.0000,3
2025-12-08,20251208130500000,sz.002418,4.5900,4.6100,4.5900,4.6100,1051300,4833824.0000,3
2025-12-08,20251208131000000,sz.002418,4.6000,4.6200,4.6000,4.6100,914100,4217816.0000,3
2025-12-08,20251208131500000,sz.002418,4.6200,4.6200,4.6100,4.6100,348100,1606352.0000,3
2025-12-08,20251208132000000,sz.002418,4.6200,4.6200,4.6000,4.6000,584700,2693824.0000,3
2025-12-08,20251208132500000,sz.002418,4.6000,4.6200,4.6000,4.6200,512900,2363696.0000,3
2025-12-08,20251208133000000,sz.002418,4.6100,4.6300,4.6100,4.6300,763000,3527184.0000,3
2025-12-08,20251208133500000,sz.002418,4.6200,4.6300,4.6200,4.6200,351600,1626704.0000,3
2025-12-08,20251208134000000,sz.002418,4.6200,4.6300,4.6200,4.6300,906200,4187344.0000,3
2025-12-08,20251208134500000,sz.002418,4.6300,4.6300,4.6200,4.6200,287300,1328896.0000,3
2025-12-08,20251208135000000,sz.002418,4.6200,4.6300,4.6200,4.6200,972000,4497424.0000,3
2025-12-08,20251208135500000,sz.002418,4.6200,4.6300,4.6100,4.6100,661700,3055632.0000,3
2025-12-08,20251208140000000,sz.002418,4.6100,4.6200,4.5900,4.5900,1105600,5090000.0000,3
2025-12-08,20251208140500000,sz.002418,4.5900,4.6100,4.5900,4.6100,455500,2095232.0000,3
2025-12-08,20251208141000000,sz.002418,4.6000,4.6100,4.6000,4.6000,254900,1173056.0000,3
2025-12-08,20251208141500000,sz.002418,4.6000,4.6100,4.6000,4.6100,303100,1394944.0000,3
2025-12-08,20251208142000000,sz.002418,4.6100,4.6100,4.5900,4.5900,972500,4471984.0000,3
2025-12-08,20251208142500000,sz.002418,4.5900,4.6000,4.5900,4.6000,388400,1786304.0000,3
2025-12-08,20251208143000000,sz.002418,4.6000,4.6100,4.5900,4.6100,369700,1702128.0000,3
2025-12-08,20251208143500000,sz.002418,4.6100,4.6100,4.6000,4.6000,135000,621712.0000,3
2025-12-08,20251208144000000,sz.002418,4.6100,4.6100,4.6000,4.6100,1143600,5262112.0000,3
2025-12-08,20251208144500000,sz.002418,4.6000,4.6100,4.6000,4.6000,782500,3600272.0000,3
2025-12-08,20251208145000000,sz.002418,4.6000,4.6100,4.5900,4.6000,573200,2638352.0000,3
2025-12-08,20251208145500000,sz.002418,4.6000,4.6100,4.6000,4.6100,1170700,5388272.0000,3
2025-12-08,20251208150000000,sz.002418,4.6100,4.6100,4.6000,4.6000,1333300,6140032.0000,3
2025-12-09,20251209093500000,sz.002418,4.5700,4.5900,4.5600,4.5900,2940500,13442255.0000,3
2025-12-09,20251209094000000,sz.002418,4.5900,4.6300,4.5900,4.6200,1831400,8454121.0000,3
2025-12-09,20251209094500000,sz.002418,4.6100,4.6300,4.6100,4.6300,1424900,6587364.0000,3
2025-12-09,20251209095000000,sz.002418,4.6300,4.6600,4.6200,4.6400,3794100,17615180.0000,3
2025-12-09,20251209095500000,sz.002418,4.6400,4.6500,4.6300,4.6400,1169300,5424672.0000,3
2025-12-09,20251209100000000,sz.002418,4.6400,4.6500,4.6200,4.6300,1644200,7617588.0000,3
2025-12-09,20251209100500000,sz.002418,4.6300,4.6400,4.6100,4.6300,1770400,8183084.0000,3
2025-12-09,20251209101000000,sz.002418,4.6300,4.6300,4.6100,4.6100,1387700,6402264.0000,3
2025-12-09,20251209101500000,sz.002418,4.6100,4.6200,4.6000,4.6100,863600,3982376.0000,3
2025-12-09,20251209102000000,sz.002418,4.6100,4.6300,4.6100,4.6200,1954300,9023496.0000,3
2025-12-09,20251209102500000,sz.002418,4.6200,4.6200,4.6100,4.6100,1854900,8546048.0000,3
2025-12-09,20251209103000000,sz.002418,4.6100,4.6300,4.6000,4.6100,1495100,6900760.0000,3
2025-12-09,20251209103500000,sz.002418,4.6100,4.6200,4.6100,4.6200,851600,3932304.0000,3
2025-12-09,20251209104000000,sz.002418,4.6200,4.6200,4.6100,4.6100,400600,1847872.0000,3
2025-12-09,20251209104500000,sz.002418,4.6100,4.6200,4.6100,4.6100,273500,1262712.0000,3
2025-12-09,20251209105000000,sz.002418,4.6100,4.6200,4.6000,4.6000,849500,3915832.0000,3
2025-12-09,20251209105500000,sz.002418,4.6100,4.6100,4.6000,4.6000,295400,1360488.0000,3
2025-12-09,20251209110000000,sz.002418,4.6100,4.6200,4.6000,4.6200,1397500,6436288.0000,3
2025-12-09,20251209110500000,sz.002418,4.6200,4.6200,4.6000,4.6200,544700,2510456.0000,3
2025-12-09,20251209111000000,sz.002418,4.6200,4.6200,4.6100,4.6200,172100,794848.0000,3
2025-12-09,20251209111500000,sz.002418,4.6200,4.6200,4.6100,4.6100,274700,1268888.0000,3
2025-12-09,20251209112000000,sz.002418,4.6200,4.6200,4.6100,4.6200,451100,2082736.0000,3
2025-12-09,20251209112500000,sz.002418,4.6200,4.6200,4.6100,4.6200,835500,3859584.0000,3
2025-12-09,20251209113000000,sz.002418,4.6200,4.6200,4.6100,4.6200,706100,3261488.0000,3
2025-12-09,20251209130500000,sz.002418,4.6200,4.6200,4.6000,4.6000,1025400,4727456.0000,3
2025-12-09,20251209131000000,sz.002418,4.6100,4.6100,4.5900,4.6000,1357900,6242832.0000,3
2025-12-09,20251209131500000,sz.002418,4.5900,4.6000,4.5900,4.6000,594300,2728128.0000,3
2025-12-09,20251209132000000,sz.002418,4.5900,4.6000,4.5900,4.6000,90000,413360.0000,3
2025-12-09,20251209132500000,sz.002418,4.5900,4.6000,4.5900,4.5900,204400,938608.0000,3
2025-12-09,20251209133000000,sz.002418,4.6000,4.6000,4.5900,4.6000,413600,1900208.0000,3
2025-12-09,20251209133500000,sz.002418,4.6000,4.6100,4.5900,4.6000,1475500,6783056.0000,3
2025-12-09,20251209134000000,sz.002418,4.6000,4.6100,4.6000,4.6100,153000,704912.0000,3
2025-12-09,20251209134500000,sz.002418,4.6000,4.6200,4.6000,4.6100,646900,2983920.0000,3
2025-12-09,20251209135000000,sz.002418,4.6200,4.6200,4.6100,4.6200,371300,1712784.0000,3
2025-12-09,20251209135500000,sz.002418,4.6100,4.6200,4.6100,4.6100,143200,660736.0000,3
2025-12-09,20251209140000000,sz.002418,4.6200,4.6200,4.6100,4.6100,119600,551952.0000,3
2025-12-09,20251209140500000,sz.002418,4.6200,4.6200,4.6000,4.6100,951200,4383536.0000,3
2025-12-09,20251209141000000,sz.002418,4.6100,4.6200,4.6000,4.6100,1065000,4905680.0000,3
2025-12-09,20251209141500000,sz.002418,4.6100,4.6100,4.6000,4.6100,731400,3366640.0000,3
2025-12-09,20251209142000000,sz.002418,4.6000,4.6100,4.6000,4.6000,1108600,5100080.0000,3
2025-12-09,20251209142500000,sz.002418,4.6000,4.6100,4.6000,4.6100,330700,1522496.0000,3
2025-12-09,20251209143000000,sz.002418,4.6100,4.6300,4.6000,4.6200,1077400,4975168.0000,3
2025-12-09,20251209143500000,sz.002418,4.6200,4.6500,4.6200,4.6400,2180700,10106192.0000,3
2025-12-09,20251209144000000,sz.002418,4.6400,4.7400,4.6400,4.6900,13330000,62657312.0000,3
2025-12-09,20251209144500000,sz.002418,4.6800,4.6900,4.6700,4.6700,4898800,22938464.0000,3
2025-12-09,20251209145000000,sz.002418,4.6800,4.6800,4.6600,4.6600,3518200,16410880.0000,3
2025-12-09,20251209145500000,sz.002418,4.6500,4.6600,4.6500,4.6500,3083500,14349504.0000,3
2025-12-09,20251209150000000,sz.002418,4.6500,4.6600,4.6500,4.6600,3735400,17391104.0000,3
2025-12-10,20251210093500000,sz.002418,4.6200,4.6300,4.5800,4.6000,6824700,31429304.0000,3
2025-12-10,20251210094000000,sz.002418,4.6000,4.6400,4.5700,4.6100,5792700,26602812.0000,3
2025-12-10,20251210094500000,sz.002418,4.6100,4.6200,4.5900,4.5900,1527100,7027704.0000,3
2025-12-10,20251210095000000,sz.002418,4.6000,4.6400,4.6000,4.6300,1826600,8430292.0000,3
2025-12-10,20251210095500000,sz.002418,4.6300,4.6400,4.6000,4.6000,1724100,7961096.0000,3
2025-12-10,20251210100000000,sz.002418,4.6000,4.6000,4.5700,4.5700,2979800,13660536.0000,3
2025-12-10,20251210100500000,sz.002418,4.5800,4.5900,4.5600,4.5700,3097900,14176504.0000,3
2025-12-10,20251210101000000,sz.002418,4.5600,4.5700,4.5400,4.5400,2589100,11788456.0000,3
2025-12-10,20251210101500000,sz.002418,4.5400,4.5600,4.5400,4.5500,1451000,6601920.0000,3
2025-12-10,20251210102000000,sz.002418,4.5500,4.5800,4.5500,4.5700,866800,3959440.0000,3
2025-12-10,20251210102500000,sz.002418,4.5800,4.5800,4.5700,4.5700,516300,2362000.0000,3
2025-12-10,20251210103000000,sz.002418,4.5700,4.5800,4.5600,4.5600,987600,4510976.0000,3
2025-12-10,20251210103500000,sz.002418,4.5600,4.5700,4.5500,4.5500,1238300,5646144.0000,3
2025-12-10,20251210104000000,sz.002418,4.5600,4.5600,4.5400,4.5400,1148200,5223120.0000,3
2025-12-10,20251210104500000,sz.002418,4.5400,4.5500,4.5400,4.5400,866900,3940176.0000,3
2025-12-10,20251210105000000,sz.002418,4.5400,4.5500,4.5400,4.5400,621700,2826064.0000,3
2025-12-10,20251210105500000,sz.002418,4.5400,4.5500,4.5400,4.5400,400300,1819088.0000,3
2025-12-10,20251210110000000,sz.002418,4.5500,4.5500,4.5400,4.5400,420600,1911376.0000,3
2025-12-10,20251210110500000,sz.002418,4.5400,4.5400,4.5200,4.5300,3069500,13903392.0000,3
2025-12-10,20251210111000000,sz.002418,4.5300,4.5300,4.5200,4.5300,331500,1499424.0000,3
2025-12-10,20251210111500000,sz.002418,4.5300,4.5300,4.5100,4.5200,1228600,5552224.0000,3
2025-12-10,20251210112000000,sz.002418,4.5100,4.5200,4.5000,4.5100,1454600,6559328.0000,3
2025-12-10,20251210112500000,sz.002418,4.5100,4.5200,4.5000,4.5100,681200,3072752.0000,3
2025-12-10,20251210113000000,sz.002418,4.5100,4.5200,4.5100,4.5100,302200,1363408.0000,3
2025-12-10,20251210130500000,sz.002418,4.5200,4.5200,4.5100,4.5100,384000,1732992.0000,3
2025-12-10,20251210131000000,sz.002418,4.5100,4.5100,4.5000,4.5100,1063800,4795424.0000,3
2025-12-10,20251210131500000,sz.002418,4.5000,4.5100,4.4900,4.4900,2215800,9964528.0000,3
2025-12-10,20251210132000000,sz.002418,4.4900,4.5100,4.4900,4.5100,1419300,6393952.0000,3
2025-12-10,20251210132500000,sz.002418,4.5100,4.5100,4.5000,4.5000,798800,3595536.0000,3
2025-12-10,20251210133000000,sz.002418,4.5100,4.5200,4.5000,4.5100,1019400,4598352.0000,3
2025-12-10,20251210133500000,sz.002418,4.5200,4.5400,4.5200,4.5300,1213900,5496928.0000,3
2025-12-10,20251210134000000,sz.002418,4.5200,4.5400,4.5200,4.5200,392500,1777232.0000,3
2025-12-10,20251210134500000,sz.002418,4.5300,4.5300,4.5200,4.5200,353300,1598656.0000,3
2025-12-10,20251210135000000,sz.002418,4.5300,4.5400,4.5200,4.5200,773100,3501392.0000,3
2025-12-10,20251210135500000,sz.002418,4.5200,4.5300,4.5100,4.5100,526400,2378800.0000,3
2025-12-10,20251210140000000,sz.002418,4.5200,4.5300,4.5100,4.5200,465100,2102352.0000,3
2025-12-10,20251210140500000,sz.002418,4.5200,4.5400,4.5100,4.5400,1336000,6043488.0000,3
2025-12-10,20251210141000000,sz.002418,4.5400,4.5500,4.5300,4.5400,467900,2124656.0000,3
2025-12-10,20251210141500000,sz.002418,4.5500,4.5600,4.5400,4.5600,744400,3390368.0000,3
2025-12-10,20251210142000000,sz.002418,4.5500,4.5600,4.5400,4.5600,960400,4369472.0000,3
2025-12-10,20251210142500000,sz.002418,4.5600,4.5600,4.5500,4.5600,245300,1117248.0000,3
2025-12-10,20251210143000000,sz.002418,4.5500,4.5600,4.5500,4.5500,671300,3056784.0000,3
2025-12-10,20251210143500000,sz.002418,4.5600,4.5700,4.5500,4.5600,1200100,5472768.0000,3
2025-12-10,20251210144000000,sz.002418,4.5600,4.5600,4.5400,4.5500,974200,4432544.0000,3
2025-12-10,20251210144500000,sz.002418,4.5500,4.5600,4.5500,4.5500,719000,3272896.0000,3
2025-12-10,20251210145000000,sz.002418,4.5500,4.5600,4.5400,4.5400,1680000,7642080.0000,3
2025-12-10,20251210145500000,sz.002418,4.5400,4.5500,4.5400,4.5400,985200,4475040.0000,3
2025-12-10,20251210150000000,sz.002418,4.5400,4.5500,4.5300,4.5400,1058100,4802976.0000,3
2025-12-11,20251211093500000,sz.002418,4.5600,4.6000,4.5600,4.5800,6087900,27938632.0000,3
2025-12-11,20251211094000000,sz.002418,4.5800,4.5900,4.5600,4.5700,1534400,7020780.0000,3
2025-12-11,20251211094500000,sz.002418,4.5600,4.5900,4.5600,4.5800,1609700,7366576.0000,3
2025-12-11,20251211095000000,sz.002418,4.5900,4.5900,4.5400,4.5500,1856900,8471832.0000,3
2025-12-11,20251211095500000,sz.002418,4.5500,4.5500,4.5200,4.5300,1128900,5117388.0000,3
2025-12-11,20251211100000000,sz.002418,4.5200,4.5300,4.5100,4.5100,1417400,6397376.0000,3
2025-12-11,20251211100500000,sz.002418,4.5100,4.5400,4.5000,4.5300,1646400,7433176.0000,3
2025-12-11,20251211101000000,sz.002418,4.5300,4.5800,4.5200,4.5800,1437600,6537040.0000,3
2025-12-11,20251211101500000,sz.002418,4.5800,4.5900,4.5600,4.5700,1578700,7222384.0000,3
2025-12-11,20251211102000000,sz.002418,4.5700,4.5800,4.5600,4.5700,579100,2646640.0000,3
2025-12-11,20251211102500000,sz.002418,4.5700,4.5900,4.5600,4.5900,1099000,5033768.0000,3
2025-12-11,20251211103000000,sz.002418,4.5900,4.5900,4.5700,4.5800,497100,2277144.0000,3
2025-12-11,20251211103500000,sz.002418,4.5800,4.5800,4.5600,4.5700,654600,2992176.0000,3
2025-12-11,20251211104000000,sz.002418,4.5600,4.5700,4.5500,4.5600,722600,3295728.0000,3
2025-12-11,20251211104500000,sz.002418,4.5500,4.5600,4.5500,4.5600,394500,1796152.0000,3
2025-12-11,20251211105000000,sz.002418,4.5600,4.5700,4.5500,4.5700,386400,1762632.0000,3
2025-12-11,20251211105500000,sz.002418,4.5600,4.5700,4.5500,4.5600,343300,1565640.0000,3
2025-12-11,20251211110000000,sz.002418,4.5500,4.5600,4.5500,4.5500,598800,2727080.0000,3
2025-12-11,20251211110500000,sz.002418,4.5500,4.5600,4.5500,4.5500,371500,1692904.0000,3
2025-12-11,20251211111000000,sz.002418,4.5500,4.5600,4.5500,4.5500,377300,1719216.0000,3
2025-12-11,20251211111500000,sz.002418,4.5600,4.5700,4.5500,4.5700,669500,3054072.0000,3
2025-12-11,20251211112000000,sz.002418,4.5700,4.5800,4.5600,4.5700,370300,1692056.0000,3
2025-12-11,20251211112500000,sz.002418,4.5700,4.5800,4.5600,4.5600,837100,3826512.0000,3
2025-12-11,20251211113000000,sz.002418,4.5700,4.5700,4.5500,4.5600,697800,3181672.0000,3
2025-12-11,20251211130500000,sz.002418,4.5600,4.5600,4.5400,4.5500,864600,3933728.0000,3
2025-12-11,20251211131000000,sz.002418,4.5400,4.5500,4.5400,4.5400,217800,990232.0000,3
2025-12-11,20251211131500000,sz.002418,4.5400,4.5500,4.5300,4.5400,725600,3294320.0000,3
2025-12-11,20251211132000000,sz.002418,4.5400,4.5500,4.5300,4.5400,374300,1699464.0000,3
2025-12-11,20251211132500000,sz.002418,4.5300,4.5300,4.5200,4.5300,874000,3956160.0000,3
2025-12-11,20251211133000000,sz.002418,4.5200,4.5300,4.5100,4.5200,487500,2203344.0000,3
2025-12-11,20251211133500000,sz.002418,4.5200,4.5300,4.5100,4.5200,472400,2134384.0000,3
2025-12-11,20251211134000000,sz.002418,4.5200,4.5300,4.5100,4.5100,450900,2038112.0000,3
2025-12-11,20251211134500000,sz.002418,4.5100,4.5200,4.5100,4.5200,84600,381824.0000,3
2025-12-11,20251211135000000,sz.002418,4.5100,4.5300,4.5100,4.5300,1084000,4893728.0000,3
2025-12-11,20251211135500000,sz.002418,4.5200,4.5300,4.5100,4.5300,734800,3322672.0000,3
2025-12-11,20251211140000000,sz.002418,4.5200,4.5300,4.5100,4.5300,773700,3497408.0000,3
2025-12-11,20251211140500000,sz.002418,4.5200,4.5300,4.5200,4.5200,368500,1665968.0000,3
2025-12-11,20251211141000000,sz.002418,4.5300,4.5300,4.5100,4.5200,712200,3218000.0000,3
2025-12-11,20251211141500000,sz.002418,4.5100,4.5200,4.5100,4.5100,691800,3126176.0000,3
2025-12-11,20251211142000000,sz.002418,4.5100,4.5200,4.5000,4.5000,1728700,7792192.0000,3
2025-12-11,20251211142500000,sz.002418,4.5000,4.5100,4.4900,4.5000,1100800,4953696.0000,3
2025-12-11,20251211143000000,sz.002418,4.4900,4.5000,4.4900,4.4900,300200,1348992.0000,3
2025-12-11,20251211143500000,sz.002418,4.5000,4.5300,4.5000,4.5300,1219700,5498208.0000,3
2025-12-11,20251211144000000,sz.002418,4.5200,4.5300,4.5100,4.5200,1215000,5496672.0000,3
2025-12-11,20251211144500000,sz.002418,4.5100,4.5200,4.5000,4.5000,1250300,5631392.0000,3
2025-12-11,20251211145000000,sz.002418,4.5000,4.5100,4.4900,4.5000,1547600,6959904.0000,3
2025-12-11,20251211145500000,sz.002418,4.5000,4.5100,4.4900,4.5000,927600,4173760.0000,3
2025-12-11,20251211150000000,sz.002418,4.5100,4.5100,4.4900,4.4900,606200,2724608.0000,3
2025-12-12,20251212093500000,sz.002418,4.4900,4.5400,4.4700,4.5200,2947400,13312722.0000,3
2025-12-12,20251212094000000,sz.002418,4.5300,4.5500,4.4900,4.5000,1694700,7661430.0000,3
2025-12-12,20251212094500000,sz.002418,4.5000,4.5200,4.4900,4.5200,836200,3769222.0000,3
2025-12-12,20251212095000000,sz.002418,4.5100,4.5200,4.4900,4.4900,654600,2946950.0000,3
2025-12-12,20251212095500000,sz.002418,4.5000,4.5200,4.4900,4.5100,885300,3986422.0000,3
2025-12-12,20251212100000000,sz.002418,4.5100,4.5400,4.5100,4.5300,1212500,5491926.0000,3
2025-12-12,20251212100500000,sz.002418,4.5400,4.5500,4.5300,4.5400,1219100,5530376.0000,3
2025-12-12,20251212101000000,sz.002418,4.5400,4.5500,4.5300,4.5400,812600,3688980.0000,3
2025-12-12,20251212101500000,sz.002418,4.5300,4.5400,4.5200,4.5400,912700,4138780.0000,3
2025-12-12,20251212102000000,sz.002418,4.5400,4.5500,4.5300,4.5300,497800,2259984.0000,3
2025-12-12,20251212102500000,sz.002418,4.5300,4.5300,4.5100,4.5100,651900,2946840.0000,3
2025-12-12,20251212103000000,sz.002418,4.5100,4.5100,4.5000,4.5100,411900,1855936.0000,3
2025-12-12,20251212103500000,sz.002418,4.5100,4.5100,4.4900,4.5000,957400,4305704.0000,3
2025-12-12,20251212104000000,sz.002418,4.4900,4.5000,4.4800,4.5000,687100,3086000.0000,3
2025-12-12,20251212104500000,sz.002418,4.5000,4.5200,4.5000,4.5100,624200,2813392.0000,3
2025-12-12,20251212105000000,sz.002418,4.5100,4.5300,4.5100,4.5200,441800,1996184.0000,3
2025-12-12,20251212105500000,sz.002418,4.5200,4.5300,4.5100,4.5300,496900,2246736.0000,3
2025-12-12,20251212110000000,sz.002418,4.5200,4.5300,4.5200,4.5200,249600,1128784.0000,3
2025-12-12,20251212110500000,sz.002418,4.5200,4.5300,4.5100,4.5300,615500,2782080.0000,3
2025-12-12,20251212111000000,sz.002418,4.5200,4.5200,4.5000,4.5100,818100,3689760.0000,3
2025-12-12,20251212111500000,sz.002418,4.5000,4.5100,4.5000,4.5000,121300,546184.0000,3
2025-12-12,20251212112000000,sz.002418,4.5100,4.5200,4.5000,4.5100,356400,1607184.0000,3
2025-12-12,20251212112500000,sz.002418,4.5200,4.5200,4.5100,4.5100,122400,552344.0000,3
2025-12-12,20251212113000000,sz.002418,4.5200,4.5200,4.5100,4.5200,341800,1543928.0000,3
2025-12-12,20251212130500000,sz.002418,4.5100,4.5300,4.5100,4.5100,526300,2377344.0000,3
2025-12-12,20251212131000000,sz.002418,4.5100,4.5200,4.5100,4.5200,428800,1935336.0000,3
2025-12-12,20251212131500000,sz.002418,4.5100,4.5200,4.5000,4.5000,621700,2804368.0000,3
2025-12-12,20251212132000000,sz.002418,4.5000,4.5200,4.5000,4.5100,512300,2310456.0000,3
2025-12-12,20251212132500000,sz.002418,4.5100,4.5200,4.5100,4.5100,214400,967184.0000,3
2025-12-12,20251212133000000,sz.002418,4.5200,4.5200,4.5100,4.5100,702000,3166856.0000,3
2025-12-12,20251212133500000,sz.002418,4.5100,4.5200,4.5000,4.5100,794000,3583456.0000,3
2025-12-12,20251212134000000,sz.002418,4.5200,4.5300,4.5100,4.5200,458700,2072840.0000,3
2025-12-12,20251212134500000,sz.002418,4.5200,4.5300,4.5100,4.5200,467300,2110696.0000,3
2025-12-12,20251212135000000,sz.002418,4.5200,4.5200,4.5100,4.5100,762600,3440472.0000,3
2025-12-12,20251212135500000,sz.002418,4.5100,4.5200,4.5100,4.5200,693200,3131544.0000,3
2025-12-12,20251212140000000,sz.002418,4.5300,4.5300,4.5100,4.5200,494400,2234768.0000,3
2025-12-12,20251212140500000,sz.002418,4.5200,4.5300,4.5200,4.5200,325500,1474056.0000,3
2025-12-12,20251212141000000,sz.002418,4.5300,4.5300,4.5200,4.5200,391900,1772448.0000,3
2025-12-12,20251212141500000,sz.002418,4.5300,4.5300,4.5200,4.5200,489100,2211840.0000,3
2025-12-12,20251212142000000,sz.002418,4.5200,4.5300,4.5200,4.5300,232000,1049088.0000,3
2025-12-12,20251212142500000,sz.002418,4.5200,4.5300,4.5200,4.5300,574200,2599864.0000,3
2025-12-12,20251212143000000,sz.002418,4.5200,4.5300,4.5200,4.5300,533200,2411128.0000,3
2025-12-12,20251212143500000,sz.002418,4.5200,4.5200,4.5100,4.5100,686600,3100320.0000,3
2025-12-12,20251212144000000,sz.002418,4.5200,4.5200,4.5000,4.5100,1125500,5074632.0000,3
2025-12-12,20251212144500000,sz.002418,4.5100,4.5100,4.5000,4.5000,424100,1909904.0000,3
2025-12-12,20251212145000000,sz.002418,4.5000,4.5100,4.5000,4.5100,812200,3657296.0000,3
2025-12-12,20251212145500000,sz.002418,4.5000,4.5100,4.5000,4.5000,1146800,5164368.0000,3
2025-12-12,20251212150000000,sz.002418,4.5000,4.5100,4.4900,4.4900,924800,4158224.0000,3
2025-12-15,20251215093500000,sz.002418,4.4900,4.5600,4.4800,4.5500,4482800,20278172.0000,3
2025-12-15,20251215094000000,sz.002418,4.5500,4.5700,4.5300,4.5600,2953400,13445720.0000,3
2025-12-15,20251215094500000,sz.002418,4.5600,4.5700,4.5300,4.5400,2648200,12070172.0000,3
2025-12-15,20251215095000000,sz.002418,4.5400,4.6700,4.5300,4.6700,6831600,31394792.0000,3
2025-12-15,20251215095500000,sz.002418,4.6700,4.6800,4.6200,4.6200,4060500,18872304.0000,3
2025-12-15,20251215100000000,sz.002418,4.6200,4.6600,4.6100,4.6500,2454100,11376632.0000,3
2025-12-15,20251215100500000,sz.002418,4.6500,4.6800,4.6300,4.6300,3799400,17695936.0000,3
2025-12-15,20251215101000000,sz.002418,4.6300,4.6400,4.6100,4.6100,882000,4080136.0000,3
2025-12-15,20251215101500000,sz.002418,4.6200,4.6200,4.6100,4.6100,791800,3654008.0000,3
2025-12-15,20251215102000000,sz.002418,4.6100,4.6300,4.6000,4.6200,1631700,7528592.0000,3
2025-12-15,20251215102500000,sz.002418,4.6200,4.6300,4.6100,4.6100,165800,765472.0000,3
2025-12-15,20251215103000000,sz.002418,4.6100,4.6400,4.6100,4.6300,1041000,4816640.0000,3
2025-12-15,20251215103500000,sz.002418,4.6300,4.6400,4.6300,4.6300,505300,2342016.0000,3
2025-12-15,20251215104000000,sz.002418,4.6400,4.6400,4.6300,4.6300,609300,2825248.0000,3
2025-12-15,20251215104500000,sz.002418,4.6300,4.6300,4.6200,4.6200,548500,2537968.0000,3
2025-12-15,20251215105000000,sz.002418,4.6300,4.6300,4.6100,4.6300,768400,3551280.0000,3
2025-12-15,20251215105500000,sz.002418,4.6300,4.6300,4.6200,4.6200,334200,1546544.0000,3
2025-12-15,20251215110000000,sz.002418,4.6300,4.6300,4.6200,4.6300,388700,1798000.0000,3
2025-12-15,20251215110500000,sz.002418,4.6300,4.6300,4.6000,4.6000,1183300,5459296.0000,3
2025-12-15,20251215111000000,sz.002418,4.6000,4.6100,4.5900,4.6000,849600,3906256.0000,3
2025-12-15,20251215111500000,sz.002418,4.6000,4.6500,4.5900,4.6300,2378300,11008384.0000,3
2025-12-15,20251215112000000,sz.002418,4.6300,4.6300,4.6100,4.6100,314700,1454288.0000,3
2025-12-15,20251215112500000,sz.002418,4.6100,4.6300,4.6100,4.6200,329600,1522544.0000,3
2025-12-15,20251215113000000,sz.002418,4.6200,4.6200,4.6000,4.6100,411700,1898256.0000,3
2025-12-15,20251215130500000,sz.002418,4.6000,4.6100,4.5900,4.5900,449100,2066144.0000,3
2025-12-15,20251215131000000,sz.002418,4.6000,4.6100,4.5900,4.6100,509100,2343792.0000,3
2025-12-15,20251215131500000,sz.002418,4.6000,4.6100,4.6000,4.6000,248400,1143072.0000,3
2025-12-15,20251215132000000,sz.002418,4.6000,4.6100,4.5900,4.6000,405900,1866480.0000,3
2025-12-15,20251215132500000,sz.002418,4.5900,4.6000,4.5800,4.5800,647400,2970096.0000,3
2025-12-15,20251215133000000,sz.002418,4.5800,4.5900,4.5700,4.5700,564300,2584496.0000,3
2025-12-15,20251215133500000,sz.002418,4.5700,4.5800,4.5700,4.5700,885600,4055376.0000,3
2025-12-15,20251215134000000,sz.002418,4.5700,4.5800,4.5700,4.5700,451300,2063872.0000,3
2025-12-15,20251215134500000,sz.002418,4.5800,4.5800,4.5700,4.5800,431600,1974912.0000,3
2025-12-15,20251215135000000,sz.002418,4.5800,4.6000,4.5800,4.6000,797700,3659920.0000,3
2025-12-15,20251215135500000,sz.002418,4.6000,4.6000,4.5900,4.5900,451500,2074096.0000,3
2025-12-15,20251215140000000,sz.002418,4.6000,4.6100,4.5900,4.6000,517600,2382592.0000,3
2025-12-15,20251215140500000,sz.002418,4.6100,4.6100,4.5900,4.5900,442000,2034048.0000,3
2025-12-15,20251215141000000,sz.002418,4.5900,4.6000,4.5800,4.5800,454600,2087888.0000,3
2025-12-15,20251215141500000,sz.002418,4.5900,4.5900,4.5800,4.5800,251100,1151680.0000,3
2025-12-15,20251215142000000,sz.002418,4.5800,4.6000,4.5800,4.6000,541100,2484464.0000,3
2025-12-15,20251215142500000,sz.002418,4.5900,4.6000,4.5900,4.6000,362100,1665104.0000,3
2025-12-15,20251215143000000,sz.002418,4.6000,4.6000,4.5900,4.5900,437500,2012048.0000,3
2025-12-15,20251215143500000,sz.002418,4.5900,4.6000,4.5800,4.5800,821800,3771264.0000,3
2025-12-15,20251215144000000,sz.002418,4.5800,4.6000,4.5700,4.6000,1545800,7085600.0000,3
2025-12-15,20251215144500000,sz.002418,4.6000,4.6000,4.5800,4.5900,1343700,6166432.0000,3
2025-12-15,20251215145000000,sz.002418,4.5900,4.6000,4.5800,4.6000,1333200,6118912.0000,3
2025-12-15,20251215145500000,sz.002418,4.5900,4.6000,4.5900,4.5900,968000,4445872.0000,3
2025-12-15,20251215150000000,sz.002418,4.5900,4.6000,4.5900,4.5900,1572700,7223056.0000,3
2025-12-16,20251216093500000,sz.002418,4.5700,4.5800,4.5300,4.5300,4475100,20359680.0000,3
2025-12-16,20251216094000000,sz.002418,4.5400,4.5400,4.5000,4.5100,2538100,11452836.0000,3
2025-12-16,20251216094500000,sz.002418,4.5100,4.5200,4.5000,4.5000,2169700,9775588.0000,3
2025-12-16,20251216095000000,sz.002418,4.5000,4.5100,4.4800,4.4900,2257700,10142596.0000,3
2025-12-16,20251216095500000,sz.002418,4.4900,4.4900,4.4600,4.4600,2213900,9900716.0000,3
2025-12-16,20251216100000000,sz.002418,4.4700,4.4800,4.4500,4.4600,2421400,10800176.0000,3
2025-12-16,20251216100500000,sz.002418,4.4400,4.4500,4.4300,4.4500,1412400,6270616.0000,3
2025-12-16,20251216101000000,sz.002418,4.4500,4.4500,4.4300,4.4400,1380600,6126464.0000,3
2025-12-16,20251216101500000,sz.002418,4.4400,4.4400,4.4300,4.4300,898800,3988088.0000,3
2025-12-16,20251216102000000,sz.002418,4.4300,4.4500,4.4300,4.4300,975000,4326256.0000,3
2025-12-16,20251216102500000,sz.002418,4.4300,4.4400,4.4200,4.4300,1815000,8037096.0000,3
2025-12-16,20251216103000000,sz.002418,4.4400,4.4600,4.4300,4.4500,1268500,5646248.0000,3
2025-12-16,20251216103500000,sz.002418,4.4500,4.4500,4.4200,4.4200,1452100,6443048.0000,3
2025-12-16,20251216104000000,sz.002418,4.4300,4.4300,4.4100,4.4100,1113500,4920400.0000,3
2025-12-16,20251216104500000,sz.002418,4.4200,4.4400,4.4100,4.4300,902600,3996280.0000,3
2025-12-16,20251216105000000,sz.002418,4.4300,4.4400,4.4200,4.4300,489700,2169376.0000,3
2025-12-16,20251216105500000,sz.002418,4.4300,4.4400,4.4200,4.4200,544500,2412896.0000,3
2025-12-16,20251216110000000,sz.002418,4.4200,4.4500,4.4200,4.4500,675500,2995992.0000,3
2025-12-16,20251216110500000,sz.002418,4.4500,4.4600,4.4300,4.4400,526300,2339136.0000,3
2025-12-16,20251216111000000,sz.002418,4.4400,4.4500,4.4300,4.4400,618500,2745376.0000,3
2025-12-16,20251216111500000,sz.002418,4.4400,4.4500,4.4300,4.4400,256800,1140448.0000,3
2025-12-16,20251216112000000,sz.002418,4.4400,4.4700,4.4400,4.4500,1158000,5156608.0000,3
2025-12-16,20251216112500000,sz.002418,4.4500,4.4600,4.4400,4.4500,411100,1829728.0000,3
2025-12-16,20251216113000000,sz.002418,4.4500,4.4500,4.4400,4.4400,206600,917984.0000,3
2025-12-16,20251216130500000,sz.002418,4.4500,4.4600,4.4300,4.4500,1489100,6621904.0000,3
2025-12-16,20251216131000000,sz.002418,4.4500,4.4600,4.4400,4.4400,417100,1855424.0000,3
2025-12-16,20251216131500000,sz.002418,4.4500,4.4600,4.4400,4.4500,359300,1599072.0000,3
2025-12-16,20251216132000000,sz.002418,4.4500,4.4500,4.4100,4.4100,2071500,9172144.0000,3
2025-12-16,20251216132500000,sz.002418,4.4100,4.4200,4.4100,4.4200,663600,2927504.0000,3
2025-12-16,20251216133000000,sz.002418,4.4100,4.4200,4.4000,4.4000,760100,3349168.0000,3
2025-12-16,20251216133500000,sz.002418,4.4100,4.4200,4.4000,4.4100,1073600,4731376.0000,3
2025-12-16,20251216134000000,sz.002418,4.4100,4.4300,4.4100,4.4300,1023000,4516352.0000,3
2025-12-16,20251216134500000,sz.002418,4.4300,4.4400,4.4200,4.4300,543600,2407664.0000,3
2025-12-16,20251216135000000,sz.002418,4.4300,4.4300,4.4100,4.4200,669600,2960400.0000,3
2025-12-16,20251216135500000,sz.002418,4.4100,4.4200,4.4000,4.4200,1019400,4496992.0000,3
2025-12-16,20251216140000000,sz.002418,4.4200,4.4300,4.4100,4.4100,617800,2727440.0000,3
2025-12-16,20251216140500000,sz.002418,4.4200,4.4200,4.4000,4.4000,351700,1549424.0000,3
2025-12-16,20251216141000000,sz.002418,4.4100,4.4200,4.4000,4.4200,423900,1869296.0000,3
2025-12-16,20251216141500000,sz.002418,4.4200,4.4200,4.4100,4.4200,827000,3653952.0000,3
2025-12-16,20251216142000000,sz.002418,4.4100,4.4300,4.4100,4.4100,423100,1869232.0000,3
2025-12-16,20251216142500000,sz.002418,4.4100,4.4200,4.4100,4.4200,488200,2156400.0000,3
2025-12-16,20251216143000000,sz.002418,4.4200,4.4200,4.4100,4.4100,240300,1061232.0000,3
2025-12-16,20251216143500000,sz.002418,4.4200,4.4200,4.4000,4.4200,1265300,5578736.0000,3
2025-12-16,20251216144000000,sz.002418,4.4200,4.4200,4.4100,4.4100,340900,1504112.0000,3
2025-12-16,20251216144500000,sz.002418,4.4200,4.4200,4.4100,4.4200,505200,2230288.0000,3
2025-12-16,20251216145000000,sz.002418,4.4100,4.4200,4.4000,4.4100,992600,4378912.0000,3
2025-12-16,20251216145500000,sz.002418,4.4100,4.4100,4.4000,4.4100,877200,3863280.0000,3
2025-12-16,20251216150000000,sz.002418,4.4000,4.4100,4.4000,4.4000,1343200,5916304.0000,3
2025-12-17,20251217093500000,sz.002418,4.4200,4.5100,4.4200,4.4500,4934000,22090656.0000,3
2025-12-17,20251217094000000,sz.002418,4.4400,4.6200,4.4400,4.5100,10839200,49350520.0000,3
2025-12-17,20251217094500000,sz.002418,4.5200,4.5400,4.5000,4.5300,3246100,14665024.0000,3
2025-12-17,20251217095000000,sz.002418,4.5400,4.5500,4.5000,4.5100,3322700,15063376.0000,3
2025-12-17,20251217095500000,sz.002418,4.5100,4.5200,4.4600,4.4700,2507400,11251048.0000,3
2025-12-17,20251217100000000,sz.002418,4.4800,4.4800,4.4500,4.4600,1365800,6092952.0000,3
2025-12-17,20251217100500000,sz.002418,4.4500,4.4600,4.4400,4.4500,3606900,16043480.0000,3
2025-12-17,20251217101000000,sz.002418,4.4500,4.4500,4.4200,4.4400,1782500,7914240.0000,3
2025-12-17,20251217101500000,sz.002418,4.4300,4.4400,4.4200,4.4300,1370000,6069584.0000,3
2025-12-17,20251217102000000,sz.002418,4.4200,4.4500,4.4200,4.4500,1838700,8156048.0000,3
2025-12-17,20251217102500000,sz.002418,4.4500,4.4500,4.4100,4.4200,2400500,10630224.0000,3
2025-12-17,20251217103000000,sz.002418,4.4100,4.4200,4.4000,4.4200,1199500,5289248.0000,3
2025-12-17,20251217103500000,sz.002418,4.4100,4.4200,4.3900,4.3900,2515100,11069616.0000,3
2025-12-17,20251217104000000,sz.002418,4.3900,4.4100,4.3900,4.4000,1581900,6957648.0000,3
2025-12-17,20251217104500000,sz.002418,4.4000,4.4100,4.3900,4.4000,857600,3772144.0000,3
2025-12-17,20251217105000000,sz.002418,4.3900,4.4100,4.3900,4.4000,664000,2922144.0000,3
2025-12-17,20251217105500000,sz.002418,4.4000,4.4100,4.4000,4.4100,369200,1626720.0000,3
2025-12-17,20251217110000000,sz.002418,4.4100,4.4300,4.4000,4.4300,764000,3378048.0000,3
2025-12-17,20251217110500000,sz.002418,4.4300,4.4400,4.4200,4.4400,571300,2532336.0000,3
2025-12-17,20251217111000000,sz.002418,4.4300,4.4500,4.4200,4.4400,805100,3569024.0000,3
2025-12-17,20251217111500000,sz.002418,4.4300,4.4400,4.4300,4.4300,535300,2373600.0000,3
2025-12-17,20251217112000000,sz.002418,4.4200,4.4300,4.4200,4.4300,119600,529520.0000,3
2025-12-17,20251217112500000,sz.002418,4.4300,4.4400,4.4200,4.4400,488700,2164928.0000,3
2025-12-17,20251217113000000,sz.002418,4.4400,4.4500,4.4300,4.4400,738100,3273760.0000,3
2025-12-17,20251217130500000,sz.002418,4.4400,4.5700,4.4200,4.5600,7044500,31885248.0000,3
2025-12-17,20251217131000000,sz.002418,4.5600,4.5800,4.5100,4.5100,4455000,20284320.0000,3
2025-12-17,20251217131500000,sz.002418,4.5200,4.5400,4.5000,4.5000,2233100,10093984.0000,3
2025-12-17,20251217132000000,sz.002418,4.5100,4.5100,4.4800,4.4800,674200,3028096.0000,3
2025-12-17,20251217132500000,sz.002418,4.4800,4.4900,4.4700,4.4800,842800,3774240.0000,3
2025-12-17,20251217133000000,sz.002418,4.4700,4.5100,4.4700,4.5100,988700,4445280.0000,3
2025-12-17,20251217133500000,sz.002418,4.5100,4.5100,4.4800,4.5000,1105200,4969696.0000,3
2025-12-17,20251217134000000,sz.002418,4.5200,4.5500,4.5100,4.5100,2689600,12167072.0000,3
2025-12-17,20251217134500000,sz.002418,4.5100,4.5400,4.5000,4.5200,1129000,5106272.0000,3
2025-12-17,20251217135000000,sz.002418,4.5100,4.5500,4.5000,4.5400,1234700,5581696.0000,3
2025-12-17,20251217135500000,sz.002418,4.5500,4.5800,4.5400,4.5500,2929300,13359712.0000,3
2025-12-17,20251217140000000,sz.002418,4.5500,4.5800,4.5500,4.5700,1890300,8638464.0000,3
2025-12-17,20251217140500000,sz.002418,4.5800,4.5800,4.5600,4.5600,1134800,5179744.0000,3
2025-12-17,20251217141000000,sz.002418,4.5700,4.5900,4.5600,4.5900,2636300,12066848.0000,3
2025-12-17,20251217141500000,sz.002418,4.5900,4.6300,4.5900,4.6100,4493200,20706816.0000,3
2025-12-17,20251217142000000,sz.002418,4.6000,4.6300,4.5900,4.6300,3098600,14282208.0000,3
2025-12-17,20251217142500000,sz.002418,4.6300,4.6600,4.6300,4.6500,5536300,25707424.0000,3
2025-12-17,20251217143000000,sz.002418,4.6500,4.6700,4.6400,4.6400,2754200,12836320.0000,3
2025-12-17,20251217143500000,sz.002418,4.6500,4.7300,4.6400,4.6700,8406700,39431488.0000,3
2025-12-17,20251217144000000,sz.002418,4.6700,4.6900,4.6600,4.6900,2531000,11829152.0000,3
2025-12-17,20251217144500000,sz.002418,4.6800,4.6800,4.6400,4.6500,2399000,11184640.0000,3
2025-12-17,20251217145000000,sz.002418,4.6500,4.6600,4.6400,4.6400,2362800,10981280.0000,3
2025-12-17,20251217145500000,sz.002418,4.6400,4.6500,4.6300,4.6300,3086500,14316832.0000,3
2025-12-17,20251217150000000,sz.002418,4.6400,4.6500,4.6300,4.6500,3993500,18550368.0000,3
2025-12-18,20251218093500000,sz.002418,4.6700,4.7000,4.6000,4.6700,14766500,68776872.0000,3
2025-12-18,20251218094000000,sz.002418,4.6800,4.6900,4.6400,4.6700,5784600,26970464.0000,3
2025-12-18,20251218094500000,sz.002418,4.6700,4.6900,4.6700,4.6700,3383900,15844144.0000,3
2025-12-18,20251218095000000,sz.002418,4.6800,4.7200,4.6700,4.7100,4991200,23463304.0000,3
2025-12-18,20251218095500000,sz.002418,4.7100,4.7100,4.6800,4.6800,2172600,10195456.0000,3
2025-12-18,20251218100000000,sz.002418,4.6800,4.6900,4.6700,4.6800,1775800,8309728.0000,3
2025-12-18,20251218100500000,sz.002418,4.6800,4.6800,4.6600,4.6600,2568600,11996656.0000,3
2025-12-18,20251218101000000,sz.002418,4.6700,4.6700,4.6300,4.6300,4736800,22013376.0000,3
2025-12-18,20251218101500000,sz.002418,4.6300,4.6300,4.6100,4.6100,3809100,17604400.0000,3
2025-12-18,20251218102000000,sz.002418,4.6100,4.6200,4.5900,4.5900,4013000,18458016.0000,3
2025-12-18,20251218102500000,sz.002418,4.5900,4.6200,4.5700,4.6200,5650900,25937168.0000,3
2025-12-18,20251218103000000,sz.002418,4.6200,4.6200,4.6000,4.6100,976100,4502640.0000,3
2025-12-18,20251218103500000,sz.002418,4.6100,4.6200,4.6100,4.6100,1250900,5774320.0000,3
2025-12-18,20251218104000000,sz.002418,4.6100,4.6100,4.5900,4.6000,1640000,7544688.0000,3
2025-12-18,20251218104500000,sz.002418,4.6000,4.6000,4.5800,4.5800,2050900,9407968.0000,3
2025-12-18,20251218105000000,sz.002418,4.5900,4.5900,4.5700,4.5800,1545100,7074496.0000,3
2025-12-18,20251218105500000,sz.002418,4.5700,4.5900,4.5700,4.5900,973100,4460992.0000,3
2025-12-18,20251218110000000,sz.002418,4.5900,4.5900,4.5800,4.5800,493900,2263968.0000,3
2025-12-18,20251218110500000,sz.002418,4.5800,4.5900,4.5700,4.5800,1272600,5827392.0000,3
2025-12-18,20251218111000000,sz.002418,4.5800,4.5800,4.5700,4.5800,682700,3124608.0000,3
2025-12-18,20251218111500000,sz.002418,4.5800,4.5900,4.5700,4.5700,1772100,8110112.0000,3
2025-12-18,20251218112000000,sz.002418,4.5800,4.5900,4.5700,4.5900,577800,2646400.0000,3
2025-12-18,20251218112500000,sz.002418,4.5900,4.5900,4.5700,4.5700,902300,4129312.0000,3
2025-12-18,20251218113000000,sz.002418,4.5800,4.5900,4.5700,4.5700,1522700,6962400.0000,3
2025-12-18,20251218130500000,sz.002418,4.5700,4.5800,4.5600,4.5800,1420600,6486976.0000,3
2025-12-18,20251218131000000,sz.002418,4.5800,4.6000,4.5700,4.5900,1246600,5714784.0000,3
2025-12-18,20251218131500000,sz.002418,4.6000,4.6000,4.5800,4.5900,624200,2865440.0000,3
2025-12-18,20251218132000000,sz.002418,4.6000,4.6000,4.5800,4.5900,1204100,5528832.0000,3
2025-12-18,20251218132500000,sz.002418,4.5900,4.6000,4.5800,4.6000,1000700,4597536.0000,3
2025-12-18,20251218133000000,sz.002418,4.5900,4.6000,4.5900,4.6000,288100,1324448.0000,3
2025-12-18,20251218133500000,sz.002418,4.6000,4.6000,4.5800,4.5800,739400,3392640.0000,3
2025-12-18,20251218134000000,sz.002418,4.5800,4.5800,4.5600,4.5600,2121500,9701344.0000,3
2025-12-18,20251218134500000,sz.002418,4.5700,4.5800,4.5600,4.5600,1478600,6753088.0000,3
2025-12-18,20251218135000000,sz.002418,4.5600,4.5700,4.5600,4.5600,458100,2091616.0000,3
2025-12-18,20251218135500000,sz.002418,4.5600,4.5700,4.5500,4.5600,1745900,7956864.0000,3
2025-12-18,20251218140000000,sz.002418,4.5500,4.5600,4.5500,4.5500,523000,2383136.0000,3
2025-12-18,20251218140500000,sz.002418,4.5600,4.5600,4.5400,4.5600,2019400,9184928.0000,3
2025-12-18,20251218141000000,sz.002418,4.5500,4.5600,4.5400,4.5600,1262300,5744864.0000,3
2025-12-18,20251218141500000,sz.002418,4.5600,4.5700,4.5500,4.5600,1940300,8850592.0000,3
2025-12-18,20251218142000000,sz.002418,4.5600,4.5600,4.5500,4.5600,379900,1730784.0000,3
2025-12-18,20251218142500000,sz.002418,4.5500,4.5600,4.5400,4.5400,1293500,5884000.0000,3
2025-12-18,20251218143000000,sz.002418,4.5500,4.5600,4.5400,4.5600,722000,3285024.0000,3
2025-12-18,20251218143500000,sz.002418,4.5500,4.5600,4.5400,4.5400,1746600,7946784.0000,3
2025-12-18,20251218144000000,sz.002418,4.5500,4.5600,4.5400,4.5500,1266800,5757952.0000,3
2025-12-18,20251218144500000,sz.002418,4.5500,4.5500,4.5400,4.5500,745100,3386624.0000,3
2025-12-18,20251218145000000,sz.002418,4.5500,4.5500,4.5400,4.5400,1387900,6304832.0000,3
2025-12-18,20251218145500000,sz.002418,4.5400,4.5500,4.5300,4.5500,2573400,11683808.0000,3
2025-12-18,20251218150000000,sz.002418,4.5400,4.5500,4.5400,4.5400,1593600,7240224.0000,3
2025-12-19,20251219093500000,sz.002418,4.5500,4.5700,4.5300,4.5400,6361900,28914462.0000,3
2025-12-19,20251219094000000,sz.002418,4.5300,4.5700,4.5300,4.5600,2946200,13396134.0000,3
2025-12-19,20251219094500000,sz.002418,4.5500,4.5600,4.5300,4.5400,1575700,7161460.0000,3
2025-12-19,20251219095000000,sz.002418,4.5300,4.5300,4.5000,4.5100,4202100,18964088.0000,3
2025-12-19,20251219095500000,sz.002418,4.5200,4.5400,4.5200,4.5400,1414200,6403936.0000,3
2025-12-19,20251219100000000,sz.002418,4.5400,4.5600,4.5300,4.5600,1470700,6689232.0000,3
2025-12-19,20251219100500000,sz.002418,4.5600,4.5600,4.5400,4.5400,2659600,12102752.0000,3
2025-12-19,20251219101000000,sz.002418,4.5400,4.5600,4.5300,4.5500,1181200,5363368.0000,3
2025-12-19,20251219101500000,sz.002418,4.5500,4.6000,4.5500,4.5900,3078100,14092904.0000,3
2025-12-19,20251219102000000,sz.002418,4.5800,4.5900,4.5800,4.5800,1187700,5441664.0000,3
2025-12-19,20251219102500000,sz.002418,4.5800,4.5900,4.5800,4.5800,1414100,6488560.0000,3
2025-12-19,20251219103000000,sz.002418,4.5800,4.5900,4.5700,4.5900,1461200,6696808.0000,3
2025-12-19,20251219103500000,sz.002418,4.5900,4.6000,4.5800,4.5800,1151800,5285288.0000,3
2025-12-19,20251219104000000,sz.002418,4.5800,4.5900,4.5800,4.5800,537900,2465840.0000,3
2025-12-19,20251219104500000,sz.002418,4.5800,4.5900,4.5600,4.5700,1079100,4934720.0000,3
2025-12-19,20251219105000000,sz.002418,4.5700,4.5900,4.5700,4.5700,593700,2718784.0000,3
2025-12-19,20251219105500000,sz.002418,4.5700,4.5800,4.5700,4.5800,306900,1403952.0000,3
2025-12-19,20251219110000000,sz.002418,4.5800,4.5800,4.5700,4.5700,713600,3261984.0000,3
2025-12-19,20251219110500000,sz.002418,4.5800,4.5800,4.5700,4.5700,176600,807952.0000,3
2025-12-19,20251219111000000,sz.002418,4.5700,4.5800,4.5700,4.5700,885700,4055216.0000,3
2025-12-19,20251219111500000,sz.002418,4.5700,4.5900,4.5700,4.5800,677500,3102160.0000,3
2025-12-19,20251219112000000,sz.002418,4.5700,4.5900,4.5700,4.5800,547900,2509776.0000,3
2025-12-19,20251219112500000,sz.002418,4.5700,4.5800,4.5700,4.5800,421700,1930832.0000,3
2025-12-19,20251219113000000,sz.002418,4.5800,4.6000,4.5700,4.5900,1176900,5402288.0000,3
2025-12-19,20251219130500000,sz.002418,4.5900,4.6000,4.5800,4.5900,1392100,6388320.0000,3
2025-12-19,20251219131000000,sz.002418,4.5900,4.6100,4.5800,4.6100,1695300,7803136.0000,3
2025-12-19,20251219131500000,sz.002418,4.6100,4.6100,4.6000,4.6000,359400,1654624.0000,3
2025-12-19,20251219132000000,sz.002418,4.6000,4.6000,4.5900,4.5900,513300,2359824.0000,3
2025-12-19,20251219132500000,sz.002418,4.6000,4.6000,4.5900,4.5900,112300,515984.0000,3
2025-12-19,20251219133000000,sz.002418,4.5900,4.6000,4.5900,4.5900,557700,2560176.0000,3
2025-12-19,20251219133500000,sz.002418,4.5900,4.6000,4.5800,4.5900,1247300,5724688.0000,3
2025-12-19,20251219134000000,sz.002418,4.6000,4.6000,4.5900,4.5900,468300,2150592.0000,3
2025-12-19,20251219134500000,sz.002418,4.5900,4.6000,4.5900,4.5900,587000,2698896.0000,3
2025-12-19,20251219135000000,sz.002418,4.6000,4.6200,4.5900,4.6200,1722500,7933312.0000,3
2025-12-19,20251219135500000,sz.002418,4.6100,4.6200,4.6100,4.6200,237600,1096096.0000,3
2025-12-19,20251219140000000,sz.002418,4.6200,4.6200,4.6000,4.6000,819100,3773664.0000,3
2025-12-19,20251219140500000,sz.002418,4.6000,4.6100,4.5900,4.6000,1372000,6310560.0000,3
2025-12-19,20251219141000000,sz.002418,4.6000,4.6100,4.5900,4.6000,410500,1888208.0000,3
2025-12-19,20251219141500000,sz.002418,4.6100,4.6100,4.6000,4.6000,217000,999872.0000,3
2025-12-19,20251219142000000,sz.002418,4.6100,4.6300,4.6100,4.6300,2092600,9661888.0000,3
2025-12-19,20251219142500000,sz.002418,4.6200,4.6300,4.6100,4.6200,1167500,5394256.0000,3
2025-12-19,20251219143000000,sz.002418,4.6200,4.6300,4.6100,4.6200,1214600,5610304.0000,3
2025-12-19,20251219143500000,sz.002418,4.6200,4.6300,4.6100,4.6300,1204800,5565536.0000,3
2025-12-19,20251219144000000,sz.002418,4.6300,4.6300,4.6100,4.6100,1257000,5803344.0000,3
2025-12-19,20251219144500000,sz.002418,4.6100,4.6200,4.6100,4.6100,839000,3870320.0000,3
2025-12-19,20251219145000000,sz.002418,4.6200,4.6200,4.6100,4.6200,1048700,4837424.0000,3
2025-12-19,20251219145500000,sz.002418,4.6100,4.6200,4.6100,4.6100,3712400,17139408.0000,3
2025-12-19,20251219150000000,sz.002418,4.6200,4.6300,4.6100,4.6200,1674600,7736480.0000,3
2025-12-22,20251222093500000,sz.002418,4.6300,4.6900,4.6300,4.6800,4145000,19322674.0000,3
2025-12-22,20251222094000000,sz.002418,4.6800,4.7000,4.6700,4.7000,4292500,20105338.0000,3
2025-12-22,20251222094500000,sz.002418,4.7000,4.7200,4.6800,4.6900,2968500,13950348.0000,3
2025-12-22,20251222095000000,sz.002418,4.6900,4.7000,4.6600,4.6700,2602100,12168472.0000,3
2025-12-22,20251222095500000,sz.002418,4.6700,4.7000,4.6600,4.6800,2845900,13324816.0000,3
2025-12-22,20251222100000000,sz.002418,4.6800,4.7000,4.6700,4.7000,1139100,5342912.0000,3
2025-12-22,20251222100500000,sz.002418,4.7000,4.7000,4.6800,4.6800,930000,4360808.0000,3
2025-12-22,20251222101000000,sz.002418,4.6800,4.6900,4.6600,4.6600,1893600,8851544.0000,3
2025-12-22,20251222101500000,sz.002418,4.6600,4.6700,4.6600,4.6700,546600,2549784.0000,3
2025-12-22,20251222102000000,sz.002418,4.6600,4.6800,4.6600,4.6700,1235200,5765128.0000,3
2025-12-22,20251222102500000,sz.002418,4.6700,4.6900,4.6700,4.6800,635700,2973936.0000,3
2025-12-22,20251222103000000,sz.002418,4.6800,4.6900,4.6700,4.6800,879100,4117976.0000,3
2025-12-22,20251222103500000,sz.002418,4.6800,4.6900,4.6700,4.6800,454400,2126088.0000,3
2025-12-22,20251222104000000,sz.002418,4.6900,4.6900,4.6800,4.6900,850200,3985320.0000,3
2025-12-22,20251222104500000,sz.002418,4.6800,4.7000,4.6800,4.7000,1320100,6191384.0000,3
2025-12-22,20251222105000000,sz.002418,4.6900,4.7000,4.6900,4.6900,559700,2628008.0000,3
2025-12-22,20251222105500000,sz.002418,4.7000,4.7200,4.6900,4.7200,2874100,13527352.0000,3
2025-12-22,20251222110000000,sz.002418,4.7200,4.7200,4.7100,4.7200,1082400,5105456.0000,3
2025-12-22,20251222110500000,sz.002418,4.7200,4.7200,4.7100,4.7200,907700,4278480.0000,3
2025-12-22,20251222111000000,sz.002418,4.7100,4.7200,4.7100,4.7200,568600,2681728.0000,3
2025-12-22,20251222111500000,sz.002418,4.7200,4.7200,4.7000,4.7000,761200,3583872.0000,3
2025-12-22,20251222112000000,sz.002418,4.7000,4.7100,4.6900,4.6900,901200,4236400.0000,3
2025-12-22,20251222112500000,sz.002418,4.7000,4.7000,4.6900,4.7000,164200,770608.0000,3
2025-12-22,20251222113000000,sz.002418,4.7000,4.7000,4.6900,4.7000,379500,1782528.0000,3
2025-12-22,20251222130500000,sz.002418,4.7000,4.7000,4.6900,4.7000,688300,3232560.0000,3
2025-12-22,20251222131000000,sz.002418,4.7000,4.7000,4.6700,4.6800,1740400,8152272.0000,3
2025-12-22,20251222131500000,sz.002418,4.6800,4.6900,4.6800,4.6800,1180200,5524096.0000,3
2025-12-22,20251222132000000,sz.002418,4.6800,4.6900,4.6800,4.6800,447200,2093680.0000,3
2025-12-22,20251222132500000,sz.002418,4.6800,4.7100,4.6800,4.7000,1304800,6127280.0000,3
2025-12-22,20251222133000000,sz.002418,4.7000,4.7000,4.6900,4.6900,322300,1514336.0000,3
2025-12-22,20251222133500000,sz.002418,4.6900,4.7000,4.6900,4.7000,681500,3199600.0000,3
2025-12-22,20251222134000000,sz.002418,4.6900,4.6900,4.6800,4.6900,394700,1850608.0000,3
2025-12-22,20251222134500000,sz.002418,4.6900,4.6900,4.6800,4.6900,494500,2317408.0000,3
2025-12-22,20251222135000000,sz.002418,4.6900,4.7100,4.6800,4.7000,775800,3645792.0000,3
2025-12-22,20251222135500000,sz.002418,4.7000,4.7100,4.7000,4.7000,302100,1421472.0000,3
2025-12-22,20251222140000000,sz.002418,4.7100,4.7100,4.7000,4.7100,622300,2930496.0000,3
2025-12-22,20251222140500000,sz.002418,4.7100,4.7100,4.7000,4.7000,387500,1822000.0000,3
2025-12-22,20251222141000000,sz.002418,4.7000,4.7100,4.6900,4.6900,611800,2875392.0000,3
2025-12-22,20251222141500000,sz.002418,4.6900,4.7100,4.6900,4.7000,1007600,4735040.0000,3
2025-12-22,20251222142000000,sz.002418,4.7000,4.7000,4.6900,4.6900,346400,1627168.0000,3
2025-12-22,20251222142500000,sz.002418,4.6900,4.7000,4.6900,4.6900,309900,1454544.0000,3
2025-12-22,20251222143000000,sz.002418,4.6900,4.7000,4.6900,4.7000,340600,1599008.0000,3
2025-12-22,20251222143500000,sz.002418,4.6900,4.7000,4.6800,4.6800,1380900,6475744.0000,3
2025-12-22,20251222144000000,sz.002418,4.6900,4.6900,4.6800,4.6800,493700,2311536.0000,3
2025-12-22,20251222144500000,sz.002418,4.6800,4.6900,4.6800,4.6800,766200,3588000.0000,3
2025-12-22,20251222145000000,sz.002418,4.6800,4.6900,4.6800,4.6900,838600,3929504.0000,3
2025-12-22,20251222145500000,sz.002418,4.6800,4.7000,4.6800,4.7000,2370100,11112224.0000,3
2025-12-22,20251222150000000,sz.002418,4.7000,4.7000,4.6900,4.7000,1432500,6728176.0000,3
2025-12-23,20251223093500000,sz.002418,4.6700,4.7100,4.6400,4.7000,3935300,18401308.0000,3
2025-12-23,20251223094000000,sz.002418,4.7000,4.8100,4.6800,4.7700,7850600,37333224.0000,3
2025-12-23,20251223094500000,sz.002418,4.7800,4.7900,4.7400,4.7500,2979600,14202572.0000,3
2025-12-23,20251223095000000,sz.002418,4.7500,4.7500,4.7100,4.7300,2043900,9662936.0000,3
2025-12-23,20251223095500000,sz.002418,4.7200,4.7500,4.7100,4.7500,1679500,7939928.0000,3
2025-12-23,20251223100000000,sz.002418,4.7500,4.7700,4.7500,4.7600,1993300,9481088.0000,3
2025-12-23,20251223100500000,sz.002418,4.7500,4.7800,4.7300,4.7700,4088100,19455000.0000,3
2025-12-23,20251223101000000,sz.002418,4.7700,4.7700,4.7400,4.7400,1850300,8785136.0000,3
2025-12-23,20251223101500000,sz.002418,4.7400,4.7700,4.7300,4.7700,1363700,6476456.0000,3
2025-12-23,20251223102000000,sz.002418,4.7600,4.7700,4.7400,4.7500,1714200,8157616.0000,3
2025-12-23,20251223102500000,sz.002418,4.7400,4.8200,4.7400,4.7800,6374100,30519552.0000,3
2025-12-23,20251223103000000,sz.002418,4.7800,4.8000,4.7800,4.7900,3548000,16998496.0000,3
2025-12-23,20251223103500000,sz.002418,4.7900,4.8000,4.7800,4.7900,2992800,14340064.0000,3
2025-12-23,20251223104000000,sz.002418,4.7900,4.8200,4.7900,4.7900,3071500,14756672.0000,3
2025-12-23,20251223104500000,sz.002418,4.7900,4.8000,4.7600,4.7700,1991100,9524368.0000,3
2025-12-23,20251223105000000,sz.002418,4.7700,4.7900,4.7600,4.7900,1709100,8155440.0000,3
2025-12-23,20251223105500000,sz.002418,4.7900,4.7900,4.7800,4.7900,1221500,5850400.0000,3
2025-12-23,20251223110000000,sz.002418,4.7800,4.7900,4.7700,4.7800,681200,3256144.0000,3
2025-12-23,20251223110500000,sz.002418,4.7800,4.7800,4.7600,4.7700,831100,3963120.0000,3
2025-12-23,20251223111000000,sz.002418,4.7700,4.7700,4.7500,4.7500,1348000,6414912.0000,3
2025-12-23,20251223111500000,sz.002418,4.7600,4.7600,4.7500,4.7500,1034900,4923696.0000,3
2025-12-23,20251223112000000,sz.002418,4.7500,4.7600,4.7400,4.7400,1106000,5255408.0000,3
2025-12-23,20251223112500000,sz.002418,4.7500,4.7500,4.7400,4.7400,744000,3528928.0000,3
2025-12-23,20251223113000000,sz.002418,4.7400,4.7500,4.7400,4.7400,958000,4544480.0000,3
2025-12-23,20251223130500000,sz.002418,4.7500,4.7800,4.7300,4.7800,3130100,14880352.0000,3
2025-12-23,20251223131000000,sz.002418,4.7800,4.8000,4.7700,4.7900,2290000,10964224.0000,3
2025-12-23,20251223131500000,sz.002418,4.7900,4.7900,4.7700,4.7700,572000,2733760.0000,3
2025-12-23,20251223132000000,sz.002418,4.7800,4.7800,4.7700,4.7700,611000,2917920.0000,3
2025-12-23,20251223132500000,sz.002418,4.7800,4.8000,4.7700,4.8000,1368600,6556288.0000,3
2025-12-23,20251223133000000,sz.002418,4.7900,4.8100,4.7900,4.8000,1169300,5610976.0000,3
2025-12-23,20251223133500000,sz.002418,4.7900,4.8200,4.7800,4.8100,3479900,16708736.0000,3
2025-12-23,20251223134000000,sz.002418,4.8200,4.8400,4.8100,4.8300,5632800,27190432.0000,3
2025-12-23,20251223134500000,sz.002418,4.8300,4.8400,4.8100,4.8400,4844900,23382624.0000,3
2025-12-23,20251223135000000,sz.002418,4.8400,4.8900,4.8400,4.8700,8363400,40711040.0000,3
2025-12-23,20251223135500000,sz.002418,4.8600,4.8800,4.8500,4.8700,4755800,23150208.0000,3
2025-12-23,20251223140000000,sz.002418,4.8700,4.8700,4.8400,4.8400,2220000,10771712.0000,3
2025-12-23,20251223140500000,sz.002418,4.8400,4.8500,4.8300,4.8400,2265700,10961600.0000,3
2025-12-23,20251223141000000,sz.002418,4.8400,4.8700,4.8400,4.8500,3815900,18509504.0000,3
2025-12-23,20251223141500000,sz.002418,4.8400,4.8500,4.8400,4.8400,1092900,5297312.0000,3
2025-12-23,20251223142000000,sz.002418,4.8500,4.8500,4.8200,4.8300,1636300,7907488.0000,3
2025-12-23,20251223142500000,sz.002418,4.8200,4.8300,4.8100,4.8200,2064600,9948416.0000,3
2025-12-23,20251223143000000,sz.002418,4.8100,4.8200,4.8000,4.8000,1517200,7297792.0000,3
2025-12-23,20251223143500000,sz.002418,4.8000,4.8100,4.7700,4.7800,3857600,18472416.0000,3
2025-12-23,20251223144000000,sz.002418,4.7900,4.7900,4.7800,4.7800,2727600,13049253.0000,3
2025-12-23,20251223144500000,sz.002418,4.7900,4.8100,4.7800,4.8100,4084800,19616257.0000,3
2025-12-23,20251223145000000,sz.002418,4.8000,4.8100,4.8000,4.8000,1981300,9523578.0000,3
2025-12-23,20251223145500000,sz.002418,4.8000,4.8200,4.8000,4.8100,4773200,22940160.0000,3
2025-12-23,20251223150000000,sz.002418,4.8200,4.8300,4.8100,4.8100,4829300,23239097.0000,3
2025-12-24,20251224093500000,sz.002418,4.8300,5.0000,4.7700,5.0000,23032300,112691072.0000,3
2025-12-24,20251224094000000,sz.002418,4.9800,5.0500,4.9600,4.9800,14867900,74333776.0000,3
2025-12-24,20251224094500000,sz.002418,4.9800,5.1700,4.9800,5.0800,13702900,69389568.0000,3
2025-12-24,20251224095000000,sz.002418,5.0700,5.0700,4.9700,5.0000,8176000,40974640.0000,3
2025-12-24,20251224095500000,sz.002418,5.0100,5.0100,4.9700,4.9900,5021600,25074304.0000,3
2025-12-24,20251224100000000,sz.002418,4.9900,5.0100,4.9800,4.9800,4136100,20630432.0000,3
2025-12-24,20251224100500000,sz.002418,4.9900,5.0000,4.9500,4.9900,5315500,26422080.0000,3
2025-12-24,20251224101000000,sz.002418,4.9900,4.9900,4.9500,4.9700,3019400,14989504.0000,3
2025-12-24,20251224101500000,sz.002418,4.9600,4.9700,4.9300,4.9300,2402200,11885248.0000,3
2025-12-24,20251224102000000,sz.002418,4.9300,4.9400,4.9200,4.9300,2341500,11545216.0000,3
2025-12-24,20251224102500000,sz.002418,4.9400,4.9700,4.9300,4.9600,1764000,8744960.0000,3
2025-12-24,20251224103000000,sz.002418,4.9600,4.9600,4.9500,4.9500,1264600,6265600.0000,3
2025-12-24,20251224103500000,sz.002418,4.9400,4.9700,4.9300,4.9600,2191900,10848160.0000,3
2025-12-24,20251224104000000,sz.002418,4.9700,4.9700,4.9400,4.9500,1002500,4966464.0000,3
2025-12-24,20251224104500000,sz.002418,4.9500,4.9600,4.9400,4.9500,643800,3190176.0000,3
2025-12-24,20251224105000000,sz.002418,4.9500,4.9600,4.9400,4.9500,960900,4756896.0000,3
2025-12-24,20251224105500000,sz.002418,4.9500,4.9600,4.9400,4.9600,1101800,5460768.0000,3
2025-12-24,20251224110000000,sz.002418,4.9600,4.9600,4.9500,4.9500,589100,2919808.0000,3
2025-12-24,20251224110500000,sz.002418,4.9500,4.9600,4.9300,4.9400,2998900,14814592.0000,3
2025-12-24,20251224111000000,sz.002418,4.9500,4.9500,4.9300,4.9400,1616600,7983328.0000,3
2025-12-24,20251224111500000,sz.002418,4.9300,4.9400,4.9300,4.9400,439200,2166368.0000,3
2025-12-24,20251224112000000,sz.002418,4.9400,4.9400,4.9100,4.9200,1683700,8292576.0000,3
2025-12-24,20251224112500000,sz.002418,4.9200,4.9400,4.9100,4.9300,1327700,6539552.0000,3
2025-12-24,20251224113000000,sz.002418,4.9300,4.9400,4.9300,4.9400,695700,3433920.0000,3
2025-12-24,20251224130500000,sz.002418,4.9400,4.9500,4.9200,4.9300,1519100,7491392.0000,3
2025-12-24,20251224131000000,sz.002418,4.9300,4.9300,4.9200,4.9300,740600,3649440.0000,3
2025-12-24,20251224131500000,sz.002418,4.9300,4.9300,4.9100,4.9200,1986200,9775168.0000,3
2025-12-24,20251224132000000,sz.002418,4.9100,4.9300,4.9000,4.9300,2742600,13472384.0000,3
2025-12-24,20251224132500000,sz.002418,4.9300,4.9400,4.9200,4.9300,1301100,6414144.0000,3
2025-12-24,20251224133000000,sz.002418,4.9300,4.9300,4.9200,4.9200,505500,2489024.0000,3
2025-12-24,20251224133500000,sz.002418,4.9200,4.9300,4.9100,4.9200,1250600,6156100.0000,3
2025-12-24,20251224134000000,sz.002418,4.9200,4.9300,4.9100,4.9200,1074000,5284288.0000,3
2025-12-24,20251224134500000,sz.002418,4.9300,4.9300,4.9100,4.9200,1025000,5037882.0000,3
2025-12-24,20251224135000000,sz.002418,4.9200,4.9200,4.9100,4.9100,495200,2433353.0000,3
2025-12-24,20251224135500000,sz.002418,4.9100,4.9200,4.9000,4.9000,1707300,8380543.0000,3
2025-12-24,20251224140000000,sz.002418,4.9000,4.9100,4.8900,4.9000,2547100,12485056.0000,3
2025-12-24,20251224140500000,sz.002418,4.9000,4.9100,4.9000,4.9000,1620500,7942527.0000,3
2025-12-24,20251224141000000,sz.002418,4.9100,4.9100,4.9000,4.9000,1197700,5871349.0000,3
2025-12-24,20251224141500000,sz.002418,4.9100,4.9100,4.8900,4.9000,2879300,14109257.0000,3
2025-12-24,20251224142000000,sz.002418,4.9000,4.9100,4.8900,4.8900,1769800,8666173.0000,3
2025-12-24,20251224142500000,sz.002418,4.8900,4.9100,4.8900,4.9000,2082800,10198330.0000,3
2025-12-24,20251224143000000,sz.002418,4.9100,4.9100,4.8900,4.9000,1149000,5631934.0000,3
2025-12-24,20251224143500000,sz.002418,4.8900,4.9100,4.8900,4.9000,2012800,9860936.0000,3
2025-12-24,20251224144000000,sz.002418,4.9000,4.9100,4.8900,4.9100,1430200,7012290.0000,3
2025-12-24,20251224144500000,sz.002418,4.9100,4.9100,4.9000,4.9000,2531300,12403650.0000,3
2025-12-24,20251224145000000,sz.002418,4.9000,4.9000,4.8900,4.8900,2987800,14627638.0000,3
2025-12-24,20251224145500000,sz.002418,4.8900,4.9100,4.8900,4.9100,4081500,19987334.0000,3
2025-12-24,20251224150000000,sz.002418,4.9000,4.9100,4.9000,4.9100,2867300,14069893.0000,3
2025-12-25,20251225093500000,sz.002418,4.9100,4.9100,4.8400,4.9000,14040200,68361280.0000,3
2025-12-25,20251225094000000,sz.002418,4.9000,4.9300,4.9000,4.9300,4624300,22751432.0000,3
2025-12-25,20251225094500000,sz.002418,4.9300,4.9400,4.9100,4.9300,4673600,23018600.0000,3
2025-12-25,20251225095000000,sz.002418,4.9200,4.9400,4.9100,4.9200,3510200,17301048.0000,3
2025-12-25,20251225095500000,sz.002418,4.9200,4.9300,4.9000,4.9000,3669900,18025928.0000,3
2025-12-25,20251225100000000,sz.002418,4.9100,5.0000,4.9000,5.0000,7729100,38330640.0000,3
2025-12-25,20251225100500000,sz.002418,5.0000,5.0100,4.9500,4.9500,4757100,23686912.0000,3
2025-12-25,20251225101000000,sz.002418,4.9500,4.9600,4.9400,4.9400,2396800,11855728.0000,3
2025-12-25,20251225101500000,sz.002418,4.9400,4.9500,4.9300,4.9400,1139000,5621856.0000,3
2025-12-25,20251225102000000,sz.002418,4.9400,5.0100,4.9400,4.9900,4125800,20515376.0000,3
2025-12-25,20251225102500000,sz.002418,4.9900,4.9900,4.9700,4.9900,1728600,8613760.0000,3
2025-12-25,20251225103000000,sz.002418,4.9800,4.9900,4.9800,4.9800,807400,4026240.0000,3
2025-12-25,20251225103500000,sz.002418,4.9900,4.9900,4.9800,4.9900,914100,4558384.0000,3
2025-12-25,20251225104000000,sz.002418,4.9800,4.9900,4.9600,4.9600,1491400,7416720.0000,3
2025-12-25,20251225104500000,sz.002418,4.9500,4.9700,4.9500,4.9600,1075800,5335264.0000,3
2025-12-25,20251225105000000,sz.002418,4.9500,4.9700,4.9500,4.9600,736200,3653120.0000,3
2025-12-25,20251225105500000,sz.002418,4.9700,4.9700,4.9500,4.9500,903100,4477408.0000,3
2025-12-25,20251225110000000,sz.002418,4.9600,4.9700,4.9500,4.9600,1101600,5460160.0000,3
2025-12-25,20251225110500000,sz.002418,4.9500,4.9600,4.9400,4.9500,974700,4822208.0000,3
2025-12-25,20251225111000000,sz.002418,4.9400,4.9600,4.9400,4.9600,797500,3947936.0000,3
2025-12-25,20251225111500000,sz.002418,4.9600,4.9900,4.9600,4.9700,1419900,7062176.0000,3
2025-12-25,20251225112000000,sz.002418,4.9800,4.9900,4.9700,4.9900,1087400,5415552.0000,3
2025-12-25,20251225112500000,sz.002418,4.9800,5.1200,4.9800,5.1100,8979200,45287968.0000,3
2025-12-25,20251225113000000,sz.002418,5.1200,5.2200,5.1200,5.1400,17896500,92398560.0000,3
2025-12-25,20251225130500000,sz.002418,5.1400,5.1900,5.1000,5.1200,10442100,53689472.0000,3
2025-12-25,20251225131000000,sz.002418,5.1200,5.1300,5.1000,5.1200,3096600,15827456.0000,3
2025-12-25,20251225131500000,sz.002418,5.1100,5.1200,5.0900,5.1100,1297800,6622976.0000,3
2025-12-25,20251225132000000,sz.002418,5.1000,5.1100,5.0900,5.0900,1291000,6583552.0000,3
2025-12-25,20251225132500000,sz.002418,5.0900,5.1000,5.0800,5.0800,1767000,8992512.0000,3
2025-12-25,20251225133000000,sz.002418,5.0700,5.0800,5.0600,5.0800,1854100,9392314.0000,3
2025-12-25,20251225133500000,sz.002418,5.0800,5.0800,5.0600,5.0600,1501900,7606470.0000,3
2025-12-25,20251225134000000,sz.002418,5.0600,5.0700,5.0600,5.0600,785400,3976384.0000,3
2025-12-25,20251225134500000,sz.002418,5.0600,5.0700,5.0400,5.0400,2281600,11530493.0000,3
2025-12-25,20251225135000000,sz.002418,5.0400,5.0600,5.0400,5.0500,1330400,6722441.0000,3
2025-12-25,20251225135500000,sz.002418,5.0500,5.0700,5.0500,5.0500,1236400,6254712.0000,3
2025-12-25,20251225140000000,sz.002418,5.0500,5.0700,5.0500,5.0600,1075900,5444864.0000,3
2025-12-25,20251225140500000,sz.002418,5.0600,5.0700,5.0500,5.0500,1732500,8755966.0000,3
2025-12-25,20251225141000000,sz.002418,5.0500,5.0600,5.0500,5.0600,1690400,8544130.0000,3
2025-12-25,20251225141500000,sz.002418,5.0600,5.0600,5.0500,5.0600,757100,3829126.0000,3
2025-12-25,20251225142000000,sz.002418,5.0600,5.0700,5.0600,5.0600,1421600,7199226.0000,3
2025-12-25,20251225142500000,sz.002418,5.0600,5.0700,5.0600,5.0600,892700,4523337.0000,3
2025-12-25,20251225143000000,sz.002418,5.0600,5.0700,5.0600,5.0600,1369200,6932977.0000,3
2025-12-25,20251225143500000,sz.002418,5.0700,5.0700,5.0300,5.0500,4836500,24420292.0000,3
2025-12-25,20251225144000000,sz.002418,5.0500,5.0500,5.0400,5.0500,1578200,7960137.0000,3
2025-12-25,20251225144500000,sz.002418,5.0500,5.0500,5.0400,5.0400,1716400,8660211.0000,3
2025-12-25,20251225145000000,sz.002418,5.0500,5.0500,5.0400,5.0400,2120000,10699467.0000,3
2025-12-25,20251225145500000,sz.002418,5.0400,5.0600,5.0400,5.0400,4986700,25173947.0000,3
2025-12-25,20251225150000000,sz.002418,5.0400,5.0500,5.0400,5.0400,3941100,19873216.0000,3
2025-12-26,20251226093500000,sz.002418,4.9900,5.0200,4.9600,4.9900,11569200,57734336.0000,3
2025-12-26,20251226094000000,sz.002418,5.0000,5.0600,5.0000,5.0600,6116000,30759184.0000,3
2025-12-26,20251226094500000,sz.002418,5.0600,5.0700,5.0000,5.0000,4462200,22424704.0000,3
2025-12-26,20251226095000000,sz.002418,5.0100,5.0100,4.9800,4.9800,4219200,21056416.0000,3
2025-12-26,20251226095500000,sz.002418,4.9800,4.9900,4.9700,4.9700,4044700,20147648.0000,3
2025-12-26,20251226100000000,sz.002418,4.9800,4.9800,4.9600,4.9600,4075500,20257712.0000,3
2025-12-26,20251226100500000,sz.002418,4.9600,4.9900,4.9600,4.9800,4248400,21122736.0000,3
2025-12-26,20251226101000000,sz.002418,4.9800,4.9900,4.9700,4.9800,1948200,9702000.0000,3
2025-12-26,20251226101500000,sz.002418,4.9800,4.9900,4.9700,4.9700,1673600,8334080.0000,3
2025-12-26,20251226102000000,sz.002418,4.9800,5.0000,4.9700,4.9800,1931300,9623744.0000,3
2025-12-26,20251226102500000,sz.002418,4.9800,4.9900,4.9700,4.9800,1320900,6578880.0000,3
2025-12-26,20251226103000000,sz.002418,4.9800,4.9900,4.9700,4.9800,1522200,7580160.0000,3
2025-12-26,20251226103500000,sz.002418,4.9800,5.0000,4.9700,4.9900,1597500,7969168.0000,3
2025-12-26,20251226104000000,sz.002418,5.0000,5.0100,4.9900,5.0000,1473600,7370800.0000,3
2025-12-26,20251226104500000,sz.002418,5.0100,5.0200,5.0000,5.0000,1803300,9024928.0000,3
2025-12-26,20251226105000000,sz.002418,5.0000,5.0100,5.0000,5.0000,818200,4091456.0000,3
2025-12-26,20251226105500000,sz.002418,5.0000,5.0100,5.0000,5.0000,872700,4367152.0000,3
2025-12-26,20251226110000000,sz.002418,5.0000,5.0000,4.9900,5.0000,914000,4562800.0000,3
2025-12-26,20251226110500000,sz.002418,5.0000,5.0000,4.9800,4.9900,1206500,6014144.0000,3
2025-12-26,20251226111000000,sz.002418,4.9800,4.9900,4.9700,4.9700,1629800,8111264.0000,3
2025-12-26,20251226111500000,sz.002418,4.9800,5.0100,4.9700,4.9800,2247800,11224672.0000,3
2025-12-26,20251226112000000,sz.002418,4.9900,4.9900,4.9300,4.9500,4922800,24373760.0000,3
2025-12-26,20251226112500000,sz.002418,4.9500,4.9600,4.9200,4.9300,3099300,15300192.0000,3
2025-12-26,20251226113000000,sz.002418,4.9300,4.9400,4.9200,4.9300,3922100,19317312.0000,3
2025-12-26,20251226130500000,sz.002418,4.9400,4.9600,4.9300,4.9400,1878300,9279616.0000,3
2025-12-26,20251226131000000,sz.002418,4.9400,4.9700,4.9400,4.9600,983200,4872864.0000,3
2025-12-26,20251226131500000,sz.002418,4.9600,4.9600,4.9500,4.9600,1086100,5383840.0000,3
2025-12-26,20251226132000000,sz.002418,4.9600,4.9800,4.9600,4.9600,832900,4137888.0000,3
2025-12-26,20251226132500000,sz.002418,4.9600,4.9700,4.9600,4.9600,931600,4623520.0000,3
2025-12-26,20251226133000000,sz.002418,4.9600,4.9700,4.9600,4.9600,664800,3297824.0000,3
2025-12-26,20251226133500000,sz.002418,4.9600,4.9600,4.9500,4.9500,1148200,5688544.0000,3
2025-12-26,20251226134000000,sz.002418,4.9500,4.9600,4.9500,4.9600,1176200,5830400.0000,3
2025-12-26,20251226134500000,sz.002418,4.9500,4.9700,4.9500,4.9600,584700,2901440.0000,3
2025-12-26,20251226135000000,sz.002418,4.9700,4.9700,4.9600,4.9600,952100,4728352.0000,3
2025-12-26,20251226135500000,sz.002418,4.9700,4.9800,4.9600,4.9600,1816300,9022848.0000,3
2025-12-26,20251226140000000,sz.002418,4.9600,4.9700,4.9600,4.9700,720000,3575520.0000,3
2025-12-26,20251226140500000,sz.002418,4.9600,4.9700,4.9600,4.9700,1000300,4967168.0000,3
2025-12-26,20251226141000000,sz.002418,4.9700,4.9700,4.9500,4.9600,1307600,6483136.0000,3
2025-12-26,20251226141500000,sz.002418,4.9500,4.9600,4.9400,4.9500,1545300,7648992.0000,3
2025-12-26,20251226142000000,sz.002418,4.9500,4.9600,4.9400,4.9400,966500,4783712.0000,3
2025-12-26,20251226142500000,sz.002418,4.9400,4.9500,4.9300,4.9300,1594200,7874656.0000,3
2025-12-26,20251226143000000,sz.002418,4.9400,4.9400,4.9300,4.9400,1291500,6375232.0000,3
2025-12-26,20251226143500000,sz.002418,4.9300,4.9400,4.9300,4.9400,1343000,6632576.0000,3
2025-12-26,20251226144000000,sz.002418,4.9300,4.9500,4.9300,4.9400,1355400,6693824.0000,3
2025-12-26,20251226144500000,sz.002418,4.9400,4.9500,4.9400,4.9400,1733100,8562432.0000,3
2025-12-26,20251226145000000,sz.002418,4.9500,4.9500,4.9300,4.9300,1702900,8411808.0000,3
2025-12-26,20251226145500000,sz.002418,4.9400,4.9500,4.9300,4.9300,3094700,15285024.0000,3
2025-12-26,20251226150000000,sz.002418,4.9400,4.9400,4.9300,4.9400,2381900,11759616.0000,3
2025-12-29,20251229093500000,sz.002418,4.9100,4.9200,4.8600,4.8800,5227500,25567912.0000,3
2025-12-29,20251229094000000,sz.002418,4.8700,4.9100,4.8700,4.8800,4404300,21528716.0000,3
2025-12-29,20251229094500000,sz.002418,4.8800,4.9000,4.8800,4.8800,3076400,15029356.0000,3
2025-12-29,20251229095000000,sz.002418,4.8700,4.8900,4.8600,4.8700,5546400,27009432.0000,3
2025-12-29,20251229095500000,sz.002418,4.8700,4.8800,4.8600,4.8600,2700700,13142520.0000,3
2025-12-29,20251229100000000,sz.002418,4.8600,4.8900,4.8500,4.8900,4673400,22716192.0000,3
2025-12-29,20251229100500000,sz.002418,4.8900,4.9100,4.8800,4.9100,3092300,15127376.0000,3
2025-12-29,20251229101000000,sz.002418,4.9000,4.9100,4.8900,4.8900,1430000,7008352.0000,3
2025-12-29,20251229101500000,sz.002418,4.8900,4.9100,4.8900,4.9100,649000,3182304.0000,3
2025-12-29,20251229102000000,sz.002418,4.9100,4.9200,4.9000,4.9000,1737600,8534560.0000,3
2025-12-29,20251229102500000,sz.002418,4.9000,4.9100,4.8900,4.8900,1128700,5532320.0000,3
2025-12-29,20251229103000000,sz.002418,4.8900,4.9000,4.8900,4.8900,1284800,6286304.0000,3
2025-12-29,20251229103500000,sz.002418,4.9000,4.9000,4.8900,4.8900,942300,4608928.0000,3
2025-12-29,20251229104000000,sz.002418,4.9000,4.9000,4.8900,4.8900,1153600,5642016.0000,3
2025-12-29,20251229104500000,sz.002418,4.8900,4.9000,4.8800,4.8900,1946000,9517408.0000,3
2025-12-29,20251229105000000,sz.002418,4.8800,4.9000,4.8800,4.8800,1781000,8703200.0000,3
2025-12-29,20251229105500000,sz.002418,4.8800,4.9000,4.8800,4.8900,1165200,5697120.0000,3
2025-12-29,20251229110000000,sz.002418,4.8900,4.9000,4.8900,4.8900,466500,2281792.0000,3
2025-12-29,20251229110500000,sz.002418,4.8900,4.9000,4.8900,4.8900,368200,1801104.0000,3
2025-12-29,20251229111000000,sz.002418,4.8900,4.9000,4.8800,4.8800,715100,3493584.0000,3
2025-12-29,20251229111500000,sz.002418,4.8800,4.9000,4.8800,4.8900,945700,4622448.0000,3
2025-12-29,20251229112000000,sz.002418,4.8900,4.9000,4.8900,4.8900,671600,3284496.0000,3
2025-12-29,20251229112500000,sz.002418,4.9000,4.9000,4.8800,4.8900,778000,3804512.0000,3
2025-12-29,20251229113000000,sz.002418,4.8900,4.8900,4.8700,4.8700,1581100,7715424.0000,3
2025-12-29,20251229130500000,sz.002418,4.8700,4.8900,4.8700,4.8700,1132000,5523472.0000,3
2025-12-29,20251229131000000,sz.002418,4.8700,4.8800,4.8600,4.8600,997800,4856336.0000,3
2025-12-29,20251229131500000,sz.002418,4.8600,4.8800,4.8600,4.8700,1787700,8690688.0000,3
2025-12-29,20251229132000000,sz.002418,4.8800,4.8800,4.8600,4.8600,584500,2843936.0000,3
2025-12-29,20251229132500000,sz.002418,4.8600,4.8700,4.8600,4.8700,465500,2263728.0000,3
2025-12-29,20251229133000000,sz.002418,4.8600,4.8900,4.8600,4.8800,1308000,6373424.0000,3
2025-12-29,20251229133500000,sz.002418,4.8800,4.8900,4.8700,4.8800,670400,3272144.0000,3
2025-12-29,20251229134000000,sz.002418,4.8800,4.8900,4.8700,4.8800,466700,2277664.0000,3
2025-12-29,20251229134500000,sz.002418,4.8800,4.8900,4.8700,4.8800,677600,3308464.0000,3
2025-12-29,20251229135000000,sz.002418,4.8800,4.8900,4.8700,4.8800,1093700,5338432.0000,3
2025-12-29,20251229135500000,sz.002418,4.8800,4.8900,4.8800,4.8900,395600,1932192.0000,3
2025-12-29,20251229140000000,sz.002418,4.8900,4.8900,4.8700,4.8700,751400,3668544.0000,3
2025-12-29,20251229140500000,sz.002418,4.8700,4.8800,4.8700,4.8800,527700,2570720.0000,3
2025-12-29,20251229141000000,sz.002418,4.8700,4.8900,4.8700,4.8700,1357200,6622400.0000,3
2025-12-29,20251229141500000,sz.002418,4.8800,4.8800,4.8700,4.8700,277400,1351424.0000,3
2025-12-29,20251229142000000,sz.002418,4.8800,4.8800,4.8700,4.8700,1045500,5099136.0000,3
2025-12-29,20251229142500000,sz.002418,4.8700,4.8800,4.8700,4.8700,419200,2042496.0000,3
2025-12-29,20251229143000000,sz.002418,4.8700,4.8800,4.8500,4.8600,2418700,11765056.0000,3
2025-12-29,20251229143500000,sz.002418,4.8600,4.8700,4.8500,4.8500,1485200,7209440.0000,3
2025-12-29,20251229144000000,sz.002418,4.8500,4.8600,4.8400,4.8600,1266200,6140160.0000,3
2025-12-29,20251229144500000,sz.002418,4.8500,4.8600,4.8500,4.8600,641400,3112384.0000,3
2025-12-29,20251229145000000,sz.002418,4.8600,4.8600,4.8500,4.8600,1285100,6234816.0000,3
2025-12-29,20251229145500000,sz.002418,4.8600,4.8600,4.8500,4.8600,2019400,9804640.0000,3
2025-12-29,20251229150000000,sz.002418,4.8500,4.8600,4.8500,4.8600,1655900,8041600.0000,3
2025-12-30,20251230093500000,sz.002418,4.8400,4.8400,4.8000,4.8200,3555300,17134912.0000,3
2025-12-30,20251230094000000,sz.002418,4.8200,4.8900,4.8200,4.8900,2834200,13782008.0000,3
2025-12-30,20251230094500000,sz.002418,4.8800,4.8900,4.8600,4.8700,1611700,7856640.0000,3
2025-12-30,20251230095000000,sz.002418,4.8700,4.9400,4.8700,4.9400,4916900,24143364.0000,3
2025-12-30,20251230095500000,sz.002418,4.9400,4.9900,4.9400,4.9700,9252100,45973900.0000,3
2025-12-30,20251230100000000,sz.002418,4.9600,4.9800,4.9400,4.9400,3036400,15065952.0000,3
2025-12-30,20251230100500000,sz.002418,4.9400,4.9600,4.9300,4.9500,1499900,7408520.0000,3
2025-12-30,20251230101000000,sz.002418,4.9500,4.9900,4.9500,4.9700,3180900,15829072.0000,3
2025-12-30,20251230101500000,sz.002418,4.9700,4.9800,4.9600,4.9600,1459100,7247856.0000,3
2025-12-30,20251230102000000,sz.002418,4.9600,4.9800,4.9600,4.9600,1766700,8775888.0000,3
2025-12-30,20251230102500000,sz.002418,4.9600,4.9700,4.9600,4.9600,595200,2954720.0000,3
2025-12-30,20251230103000000,sz.002418,4.9700,4.9700,4.9500,4.9500,1365600,6767408.0000,3
2025-12-30,20251230103500000,sz.002418,4.9500,4.9600,4.9500,4.9500,889400,4406608.0000,3
2025-12-30,20251230104000000,sz.002418,4.9600,4.9600,4.9400,4.9500,478400,2368624.0000,3
2025-12-30,20251230104500000,sz.002418,4.9500,4.9600,4.9500,4.9500,341600,1691728.0000,3
2025-12-30,20251230105000000,sz.002418,4.9500,4.9500,4.9400,4.9400,591600,2925008.0000,3
2025-12-30,20251230105500000,sz.002418,4.9400,4.9600,4.9400,4.9600,1012100,5005072.0000,3
2025-12-30,20251230110000000,sz.002418,4.9500,4.9600,4.9500,4.9500,234900,1164064.0000,3
2025-12-30,20251230110500000,sz.002418,4.9500,4.9600,4.9500,4.9500,361900,1792352.0000,3
2025-12-30,20251230111000000,sz.002418,4.9600,4.9700,4.9500,4.9600,1614900,8016672.0000,3
2025-12-30,20251230111500000,sz.002418,4.9600,5.0000,4.9500,4.9700,3318500,16532640.0000,3
2025-12-30,20251230112000000,sz.002418,4.9700,4.9800,4.9600,4.9800,1285700,6391712.0000,3
2025-12-30,20251230112500000,sz.002418,4.9700,4.9800,4.9600,4.9700,472300,2348608.0000,3
2025-12-30,20251230113000000,sz.002418,4.9700,4.9800,4.9700,4.9800,410400,2040992.0000,3
2025-12-30,20251230130500000,sz.002418,4.9800,4.9800,4.9400,4.9600,1685500,8358320.0000,3
2025-12-30,20251230131000000,sz.002418,4.9600,4.9600,4.9400,4.9500,433200,2143456.0000,3
2025-12-30,20251230131500000,sz.002418,4.9400,4.9500,4.9400,4.9400,607600,3005760.0000,3
2025-12-30,20251230132000000,sz.002418,4.9400,4.9400,4.9200,4.9200,2001100,9864624.0000,3
2025-12-30,20251230132500000,sz.002418,4.9200,4.9500,4.9200,4.9500,1128700,5570288.0000,3
2025-12-30,20251230133000000,sz.002418,4.9600,4.9600,4.9400,4.9500,596600,2953520.0000,3
2025-12-30,20251230133500000,sz.002418,4.9400,4.9500,4.9300,4.9400,568100,2805280.0000,3
2025-12-30,20251230134000000,sz.002418,4.9400,4.9400,4.9200,4.9200,888900,4381040.0000,3
2025-12-30,20251230134500000,sz.002418,4.9300,4.9300,4.9200,4.9200,600000,2954512.0000,3
2025-12-30,20251230135000000,sz.002418,4.9200,4.9400,4.9100,4.9200,2051500,10101824.0000,3
2025-12-30,20251230135500000,sz.002418,4.9100,4.9300,4.9100,4.9300,731200,3601440.0000,3
2025-12-30,20251230140000000,sz.002418,4.9300,4.9300,4.9200,4.9200,453100,2230432.0000,3
2025-12-30,20251230140500000,sz.002418,4.9200,4.9300,4.9000,4.9200,1440400,7080160.0000,3
2025-12-30,20251230141000000,sz.002418,4.9200,4.9300,4.9200,4.9300,442500,2177856.0000,3
2025-12-30,20251230141500000,sz.002418,4.9300,4.9300,4.9200,4.9200,605500,2980672.0000,3
2025-12-30,20251230142000000,sz.002418,4.9200,4.9300,4.9200,4.9200,715300,3525088.0000,3
2025-12-30,20251230142500000,sz.002418,4.9200,4.9300,4.9200,4.9200,366800,1806688.0000,3
2025-12-30,20251230143000000,sz.002418,4.9300,4.9300,4.9200,4.9200,350200,1724512.0000,3
2025-12-30,20251230143500000,sz.002418,4.9200,4.9300,4.9100,4.9100,918400,4516800.0000,3
2025-12-30,20251230144000000,sz.002418,4.9100,4.9200,4.9100,4.9100,1136700,5581728.0000,3
2025-12-30,20251230144500000,sz.002418,4.9100,4.9200,4.9100,4.9100,891400,4379264.0000,3
2025-12-30,20251230145000000,sz.002418,4.9200,4.9200,4.9100,4.9100,871000,4278656.0000,3
2025-12-30,20251230145500000,sz.002418,4.9100,4.9200,4.9000,4.9100,2059400,10111872.0000,3
2025-12-30,20251230150000000,sz.002418,4.9100,4.9200,4.9100,4.9200,1591300,7824256.0000,3
2025-12-31,20251231093500000,sz.002418,4.9100,4.9100,4.8300,4.8600,4962300,24108400.0000,3
2025-12-31,20251231094000000,sz.002418,4.8600,4.8600,4.8200,4.8200,3583200,17323124.0000,3
2025-12-31,20251231094500000,sz.002418,4.8300,4.8300,4.7900,4.7900,5641100,27134100.0000,3
2025-12-31,20251231095000000,sz.002418,4.7900,4.8000,4.7700,4.7800,3445800,16487504.0000,3
2025-12-31,20251231095500000,sz.002418,4.7700,4.8000,4.7600,4.7700,2697000,12889576.0000,3
2025-12-31,20251231100000000,sz.002418,4.7600,4.7700,4.7400,4.7400,2690500,12801696.0000,3
2025-12-31,20251231100500000,sz.002418,4.7400,4.7800,4.7400,4.7800,1938900,9211784.0000,3
2025-12-31,20251231101000000,sz.002418,4.7800,4.7800,4.7600,4.7700,808200,3851096.0000,3
2025-12-31,20251231101500000,sz.002418,4.7700,4.7800,4.7600,4.7600,1645000,7842392.0000,3
2025-12-31,20251231102000000,sz.002418,4.7700,4.7700,4.7600,4.7700,772500,3680792.0000,3
2025-12-31,20251231102500000,sz.002418,4.7600,4.7900,4.7600,4.7800,1232500,5885856.0000,3
2025-12-31,20251231103000000,sz.002418,4.7900,4.7900,4.7700,4.7800,985200,4706544.0000,3
2025-12-31,20251231103500000,sz.002418,4.7800,4.7800,4.7600,4.7700,1117400,5322144.0000,3
2025-12-31,20251231104000000,sz.002418,4.7700,4.7800,4.7600,4.7600,929700,4435152.0000,3
2025-12-31,20251231104500000,sz.002418,4.7600,4.7700,4.7600,4.7600,1409200,6711968.0000,3
2025-12-31,20251231105000000,sz.002418,4.7600,4.7700,4.7500,4.7600,1590800,7563856.0000,3
2025-12-31,20251231105500000,sz.002418,4.7700,4.7700,4.7600,4.7600,177900,847360.0000,3
2025-12-31,20251231110000000,sz.002418,4.7600,4.7700,4.7600,4.7600,477900,2276608.0000,3
2025-12-31,20251231110500000,sz.002418,4.7600,4.7700,4.7600,4.7600,785000,3737136.0000,3
2025-12-31,20251231111000000,sz.002418,4.7600,4.7700,4.7600,4.7600,528700,2516864.0000,3
2025-12-31,20251231111500000,sz.002418,4.7600,4.7700,4.7600,4.7600,308600,1469504.0000,3
2025-12-31,20251231112000000,sz.002418,4.7700,4.7800,4.7600,4.7800,1286500,6136368.0000,3
2025-12-31,20251231112500000,sz.002418,4.7800,4.7800,4.7700,4.7800,332900,1589520.0000,3
2025-12-31,20251231113000000,sz.002418,4.7800,4.7800,4.7600,4.7600,762800,3635664.0000,3
2025-12-31,20251231130500000,sz.002418,4.7600,4.7600,4.7500,4.7600,1200900,5711008.0000,3
2025-12-31,20251231131000000,sz.002418,4.7500,4.7600,4.7400,4.7500,1154800,5485472.0000,3
2025-12-31,20251231131500000,sz.002418,4.7600,4.7700,4.7500,4.7600,685500,3263248.0000,3
2025-12-31,20251231132000000,sz.002418,4.7700,4.7800,4.7600,4.7700,585700,2794032.0000,3
2025-12-31,20251231132500000,sz.002418,4.7700,4.7900,4.7700,4.7900,795700,3800768.0000,3
2025-12-31,20251231133000000,sz.002418,4.7800,4.7800,4.7700,4.7700,267800,1278992.0000,3
2025-12-31,20251231133500000,sz.002418,4.7800,4.7800,4.7700,4.7700,475300,2268464.0000,3
2025-12-31,20251231134000000,sz.002418,4.7700,4.7800,4.7700,4.7800,391800,1870336.0000,3
2025-12-31,20251231134500000,sz.002418,4.7800,4.7800,4.7700,4.7800,444500,2122688.0000,3
2025-12-31,20251231135000000,sz.002418,4.7700,4.7800,4.7700,4.7700,396900,1893712.0000,3
2025-12-31,20251231135500000,sz.002418,4.7800,4.7900,4.7700,4.7700,1028300,4914256.0000,3
2025-12-31,20251231140000000,sz.002418,4.7700,4.7800,4.7700,4.7700,426600,2036624.0000,3
2025-12-31,20251231140500000,sz.002418,4.7700,4.7900,4.7700,4.7800,901200,4306672.0000,3
2025-12-31,20251231141000000,sz.002418,4.7800,4.7900,4.7700,4.7800,838400,4007264.0000,3
2025-12-31,20251231141500000,sz.002418,4.7800,4.7800,4.7700,4.7800,325200,1553792.0000,3
2025-12-31,20251231142000000,sz.002418,4.7700,4.7800,4.7700,4.7700,316000,1508256.0000,3
2025-12-31,20251231142500000,sz.002418,4.7800,4.7800,4.7500,4.7700,2520400,12006336.0000,3
2025-12-31,20251231143000000,sz.002418,4.7700,4.7700,4.7600,4.7600,639800,3048400.0000,3
2025-12-31,20251231143500000,sz.002418,4.7700,4.7700,4.7500,4.7600,1236500,5886608.0000,3
2025-12-31,20251231144000000,sz.002418,4.7700,4.7700,4.7500,4.7500,915700,4358720.0000,3
2025-12-31,20251231144500000,sz.002418,4.7600,4.7700,4.7500,4.7600,650300,3096272.0000,3
2025-12-31,20251231145000000,sz.002418,4.7700,4.7700,4.7600,4.7700,689100,3281888.0000,3
2025-12-31,20251231145500000,sz.002418,4.7700,4.7700,4.7600,4.7700,1761400,8393568.0000,3
2025-12-31,20251231150000000,sz.002418,4.7700,4.7700,4.7600,4.7700,1840700,8773248.0000,3
2026-01-05,20260105093500000,sz.002418,4.7700,4.8300,4.7700,4.7900,4903100,23517006.0000,3
2026-01-05,20260105094000000,sz.002418,4.7800,4.8100,4.7700,4.7800,2403400,11512721.0000,3
2026-01-05,20260105094500000,sz.002418,4.7800,4.7900,4.7700,4.7800,1965100,9390713.0000,3
2026-01-05,20260105095000000,sz.002418,4.7800,4.8000,4.7700,4.8000,1159000,5547913.0000,3
2026-01-05,20260105095500000,sz.002418,4.8000,4.8200,4.7900,4.8200,1741200,8373817.0000,3
2026-01-05,20260105100000000,sz.002418,4.8100,4.8200,4.8100,4.8200,943300,4542926.0000,3
2026-01-05,20260105100500000,sz.002418,4.8100,4.8300,4.8100,4.8100,1575500,7593656.0000,3
2026-01-05,20260105101000000,sz.002418,4.8100,4.8200,4.8000,4.8000,819400,3942686.0000,3
2026-01-05,20260105101500000,sz.002418,4.8000,4.8100,4.8000,4.8000,473900,2275641.0000,3
2026-01-05,20260105102000000,sz.002418,4.8100,4.8200,4.8000,4.8000,1011300,4861971.0000,3
2026-01-05,20260105102500000,sz.002418,4.8000,4.8200,4.8000,4.8100,914300,4396592.0000,3
2026-01-05,20260105103000000,sz.002418,4.8100,4.8100,4.8000,4.8000,415200,1995489.0000,3
2026-01-05,20260105103500000,sz.002418,4.8000,4.8100,4.7900,4.7900,618200,2967101.0000,3
2026-01-05,20260105104000000,sz.002418,4.7900,4.8000,4.7900,4.7900,369100,1768568.0000,3
2026-01-05,20260105104500000,sz.002418,4.7900,4.8000,4.7900,4.8000,365400,1751097.0000,3
2026-01-05,20260105105000000,sz.002418,4.8000,4.8000,4.7900,4.8000,539300,2585804.0000,3
2026-01-05,20260105105500000,sz.002418,4.7900,4.8000,4.7900,4.8000,555000,2661248.0000,3
2026-01-05,20260105110000000,sz.002418,4.7900,4.8000,4.7800,4.7900,1181900,5659944.0000,3
2026-01-05,20260105110500000,sz.002418,4.7800,4.7900,4.7800,4.7800,635200,3037190.0000,3
2026-01-05,20260105111000000,sz.002418,4.7800,4.7900,4.7800,4.7800,606900,2901350.0000,3
2026-01-05,20260105111500000,sz.002418,4.7800,4.7900,4.7700,4.7900,428800,2049874.0000,3
2026-01-05,20260105112000000,sz.002418,4.7900,4.7900,4.7700,4.7800,639800,3057128.0000,3
2026-01-05,20260105112500000,sz.002418,4.7700,4.7800,4.7700,4.7700,221500,1057070.0000,3
2026-01-05,20260105113000000,sz.002418,4.7700,4.7900,4.7700,4.7800,830500,3966336.0000,3
2026-01-05,20260105130500000,sz.002418,4.7900,4.7900,4.7600,4.7600,1717100,8191955.0000,3
2026-01-05,20260105131000000,sz.002418,4.7600,4.7800,4.7600,4.7700,1031900,4923290.0000,3
2026-01-05,20260105131500000,sz.002418,4.7800,4.7900,4.7700,4.7800,909700,4347042.0000,3
2026-01-05,20260105132000000,sz.002418,4.7800,4.7900,4.7700,4.7700,617000,2949375.0000,3
2026-01-05,20260105132500000,sz.002418,4.7800,4.7800,4.7700,4.7800,351800,1679333.0000,3
2026-01-05,20260105133000000,sz.002418,4.7800,4.7800,4.7700,4.7700,537600,2565310.0000,3
2026-01-05,20260105133500000,sz.002418,4.7800,4.7800,4.7700,4.7800,556300,2655323.0000,3
2026-01-05,20260105134000000,sz.002418,4.7800,4.7900,4.7700,4.7800,1277500,6105640.0000,3
2026-01-05,20260105134500000,sz.002418,4.7800,4.7900,4.7800,4.7800,311600,1490164.0000,3
2026-01-05,20260105135000000,sz.002418,4.7800,4.7900,4.7800,4.7800,1129700,5400285.0000,3
2026-01-05,20260105135500000,sz.002418,4.7800,4.7900,4.7800,4.7900,568500,2721927.0000,3
2026-01-05,20260105140000000,sz.002418,4.7900,4.8000,4.7800,4.7900,867700,4157018.0000,3
2026-01-05,20260105140500000,sz.002418,4.8000,4.8000,4.7800,4.7800,1193500,5716389.0000,3
2026-01-05,20260105141000000,sz.002418,4.7800,4.7900,4.7800,4.7900,329400,1576812.0000,3
2026-01-05,20260105141500000,sz.002418,4.7900,4.8000,4.7800,4.7900,606700,2906423.0000,3
2026-01-05,20260105142000000,sz.002418,4.7900,4.8000,4.7800,4.7800,1131900,5424383.0000,3
2026-01-05,20260105142500000,sz.002418,4.7900,4.8000,4.7800,4.7900,494200,2366350.0000,3
2026-01-05,20260105143000000,sz.002418,4.7900,4.8000,4.7800,4.7900,497000,2380780.0000,3
2026-01-05,20260105143500000,sz.002418,4.7900,4.7900,4.7800,4.7900,168700,807079.0000,3
2026-01-05,20260105144000000,sz.002418,4.7800,4.7900,4.7800,4.7800,697700,3335971.0000,3
2026-01-05,20260105144500000,sz.002418,4.7800,4.7900,4.7800,4.7900,692700,3315048.0000,3
2026-01-05,20260105145000000,sz.002418,4.7800,4.7900,4.7800,4.7800,1019700,4878622.0000,3
2026-01-05,20260105145500000,sz.002418,4.7800,4.7900,4.7800,4.7800,1211600,5799063.0000,3
2026-01-05,20260105150000000,sz.002418,4.7800,4.8000,4.7800,4.8000,1128800,5408769.0000,3
2026-01-06,20260106093500000,sz.002418,4.7900,4.8100,4.7700,4.8100,1889300,9054006.0000,3
2026-01-06,20260106094000000,sz.002418,4.8100,4.8400,4.8000,4.8400,2578300,12431416.0000,3
2026-01-06,20260106094500000,sz.002418,4.8300,4.8500,4.8300,4.8500,2300600,11135512.0000,3
2026-01-06,20260106095000000,sz.002418,4.8500,4.8500,4.8300,4.8300,1519600,7352769.0000,3
2026-01-06,20260106095500000,sz.002418,4.8300,4.8600,4.8300,4.8600,2056200,9963281.0000,3
2026-01-06,20260106100000000,sz.002418,4.8600,4.8700,4.8500,4.8700,1355000,6583978.0000,3
2026-01-06,20260106100500000,sz.002418,4.8600,4.8700,4.8500,4.8600,1486500,7228185.0000,3
2026-01-06,20260106101000000,sz.002418,4.8700,4.8700,4.8600,4.8700,1088100,5291934.0000,3
2026-01-06,20260106101500000,sz.002418,4.8600,4.8800,4.8600,4.8800,1484900,7234769.0000,3
2026-01-06,20260106102000000,sz.002418,4.8700,4.9000,4.8700,4.8900,1873700,9160041.0000,3
2026-01-06,20260106102500000,sz.002418,4.8900,4.9000,4.8900,4.8900,1662700,8135761.0000,3
2026-01-06,20260106103000000,sz.002418,4.8900,4.8900,4.8700,4.8800,1257700,6131836.0000,3
2026-01-06,20260106103500000,sz.002418,4.8800,4.8800,4.8600,4.8600,1123700,5466785.0000,3
2026-01-06,20260106104000000,sz.002418,4.8600,4.8700,4.8300,4.8300,1417900,6875490.0000,3
2026-01-06,20260106104500000,sz.002418,4.8400,4.8400,4.8300,4.8400,880200,4256706.0000,3
2026-01-06,20260106105000000,sz.002418,4.8400,4.8400,4.8200,4.8200,920400,4444085.0000,3
2026-01-06,20260106105500000,sz.002418,4.8300,4.8300,4.8200,4.8300,518100,2500077.0000,3
2026-01-06,20260106110000000,sz.002418,4.8200,4.8500,4.8200,4.8400,1123200,5432342.0000,3
2026-01-06,20260106110500000,sz.002418,4.8400,4.8700,4.8400,4.8600,1168600,5674073.0000,3
2026-01-06,20260106111000000,sz.002418,4.8500,4.8600,4.8500,4.8500,394100,1914146.0000,3
2026-01-06,20260106111500000,sz.002418,4.8500,4.8600,4.8500,4.8500,370400,1797575.0000,3
2026-01-06,20260106112000000,sz.002418,4.8500,4.8700,4.8500,4.8700,1029200,5001409.0000,3
2026-01-06,20260106112500000,sz.002418,4.8700,4.8700,4.8600,4.8700,779600,3795553.0000,3
2026-01-06,20260106113000000,sz.002418,4.8700,4.8700,4.8600,4.8700,573500,2789172.0000,3
2026-01-06,20260106130500000,sz.002418,4.8600,4.8800,4.8500,4.8500,1149700,5593083.0000,3
2026-01-06,20260106131000000,sz.002418,4.8500,4.8800,4.8500,4.8700,912700,4443275.0000,3
2026-01-06,20260106131500000,sz.002418,4.8600,4.8700,4.8600,4.8600,215500,1047766.0000,3
2026-01-06,20260106132000000,sz.002418,4.8700,4.8700,4.8600,4.8700,576300,2803525.0000,3
2026-01-06,20260106132500000,sz.002418,4.8600,4.8700,4.8600,4.8600,306800,1492267.0000,3
2026-01-06,20260106133000000,sz.002418,4.8600,4.8700,4.8600,4.8600,325700,1584507.0000,3
2026-01-06,20260106133500000,sz.002418,4.8600,4.8700,4.8600,4.8600,329000,1599629.0000,3
2026-01-06,20260106134000000,sz.002418,4.8600,4.8700,4.8500,4.8500,1606800,7813985.0000,3
2026-01-06,20260106134500000,sz.002418,4.8600,4.8600,4.8400,4.8400,1076400,5219396.0000,3
2026-01-06,20260106135000000,sz.002418,4.8400,4.8600,4.8300,4.8600,1637000,7940560.0000,3
2026-01-06,20260106135500000,sz.002418,4.8700,4.8800,4.8600,4.8700,1199600,5843128.0000,3
2026-01-06,20260106140000000,sz.002418,4.8700,4.8800,4.8600,4.8700,251000,1222397.0000,3
2026-01-06,20260106140500000,sz.002418,4.8600,4.8800,4.8600,4.8700,1225100,5969449.0000,3
2026-01-06,20260106141000000,sz.002418,4.8700,4.8900,4.8700,4.8900,1804200,8803537.0000,3
2026-01-06,20260106141500000,sz.002418,4.8900,4.8900,4.8800,4.8800,516600,2524054.0000,3
2026-01-06,20260106142000000,sz.002418,4.8900,4.8900,4.8800,4.8800,638900,3122507.0000,3
2026-01-06,20260106142500000,sz.002418,4.8800,4.8900,4.8800,4.8800,488300,2384822.0000,3
2026-01-06,20260106143000000,sz.002418,4.8800,4.8900,4.8800,4.8800,1382300,6746836.0000,3
2026-01-06,20260106143500000,sz.002418,4.8700,4.8900,4.8700,4.8800,1111800,5425721.0000,3
2026-01-06,20260106144000000,sz.002418,4.8900,4.8900,4.8800,4.8800,937100,4576236.0000,3
2026-01-06,20260106144500000,sz.002418,4.8800,4.8900,4.8700,4.8800,952400,4648731.0000,3
2026-01-06,20260106145000000,sz.002418,4.8800,4.8800,4.8700,4.8800,781900,3811250.0000,3
2026-01-06,20260106145500000,sz.002418,4.8800,4.8800,4.8700,4.8800,1514000,7380143.0000,3
2026-01-06,20260106150000000,sz.002418,4.8800,4.8900,4.8700,4.8900,2531100,12365585.0000,3
2026-01-07,20260107093500000,sz.002418,4.9500,5.0000,4.9300,4.9600,14020000,69588171.0000,3
2026-01-07,20260107094000000,sz.002418,4.9600,5.0100,4.9300,4.9900,8116000,40382680.0000,3
2026-01-07,20260107094500000,sz.002418,4.9900,5.0100,4.9600,5.0100,4683800,23354356.0000,3
2026-01-07,20260107095000000,sz.002418,5.0000,5.0100,4.9800,4.9800,3997400,19985444.0000,3
2026-01-07,20260107095500000,sz.002418,4.9800,4.9900,4.9700,4.9800,3228400,16081456.0000,3
2026-01-07,20260107100000000,sz.002418,4.9800,4.9900,4.9600,4.9800,2365300,11755599.0000,3
2026-01-07,20260107100500000,sz.002418,4.9700,5.0300,4.9700,5.0000,7903500,39596981.0000,3
2026-01-07,20260107101000000,sz.002418,5.0000,5.0000,4.9700,4.9800,3233900,16136585.0000,3
2026-01-07,20260107101500000,sz.002418,4.9800,4.9900,4.9700,4.9700,1939200,9653159.0000,3
2026-01-07,20260107102000000,sz.002418,4.9700,4.9900,4.9700,4.9700,4080300,20320432.0000,3
2026-01-07,20260107102500000,sz.002418,4.9700,4.9800,4.9500,4.9800,4541700,22525001.0000,3
2026-01-07,20260107103000000,sz.002418,4.9700,5.0200,4.9700,5.0100,4407700,22029199.0000,3
2026-01-07,20260107103500000,sz.002418,5.0200,5.0200,4.9800,4.9800,2840600,14218853.0000,3
2026-01-07,20260107104000000,sz.002418,4.9900,4.9900,4.9600,4.9700,1743700,8673382.0000,3
2026-01-07,20260107104500000,sz.002418,4.9700,4.9700,4.9500,4.9600,1605300,7966386.0000,3
2026-01-07,20260107105000000,sz.002418,4.9600,4.9600,4.9500,4.9500,1410500,6992220.0000,3
2026-01-07,20260107105500000,sz.002418,4.9500,4.9700,4.9500,4.9600,1077800,5345657.0000,3
2026-01-07,20260107110000000,sz.002418,4.9700,4.9700,4.9600,4.9600,1008800,5010669.0000,3
2026-01-07,20260107110500000,sz.002418,4.9600,4.9700,4.9500,4.9500,1377100,6830217.0000,3
2026-01-07,20260107111000000,sz.002418,4.9500,4.9700,4.9500,4.9600,643200,3192224.0000,3
2026-01-07,20260107111500000,sz.002418,4.9700,4.9800,4.9600,4.9700,1322500,6573950.0000,3
2026-01-07,20260107112000000,sz.002418,4.9700,4.9700,4.9600,4.9700,369800,1836253.0000,3
2026-01-07,20260107112500000,sz.002418,4.9700,4.9800,4.9600,4.9800,635100,3155594.0000,3
2026-01-07,20260107113000000,sz.002418,4.9700,4.9800,4.9700,4.9800,455100,2264879.0000,3
2026-01-07,20260107130500000,sz.002418,4.9800,4.9800,4.9600,4.9800,1629800,8106052.0000,3
2026-01-07,20260107131000000,sz.002418,4.9800,4.9800,4.9700,4.9700,326600,1625065.0000,3
2026-01-07,20260107131500000,sz.002418,4.9800,4.9800,4.9700,4.9700,922000,4584578.0000,3
2026-01-07,20260107132000000,sz.002418,4.9700,5.0100,4.9700,5.0000,2393800,11946545.0000,3
2026-01-07,20260107132500000,sz.002418,5.0100,5.0100,4.9700,4.9800,1561700,7790276.0000,3
2026-01-07,20260107133000000,sz.002418,4.9700,4.9800,4.9400,4.9500,4293600,21288654.0000,3
2026-01-07,20260107133500000,sz.002418,4.9600,4.9600,4.9500,4.9600,1025300,5078769.0000,3
2026-01-07,20260107134000000,sz.002418,4.9500,4.9600,4.9500,4.9500,438300,2171954.0000,3
2026-01-07,20260107134500000,sz.002418,4.9500,4.9600,4.9200,4.9200,3333800,16474968.0000,3
2026-01-07,20260107135000000,sz.002418,4.9200,4.9400,4.9200,4.9200,1445500,7118442.0000,3
2026-01-07,20260107135500000,sz.002418,4.9300,4.9400,4.9200,4.9300,1108700,5462852.0000,3
2026-01-07,20260107140000000,sz.002418,4.9400,5.1100,4.9300,5.1100,17905900,90256613.0000,3
2026-01-07,20260107140500000,sz.002418,5.1000,5.1900,5.0600,5.1400,22102900,113002855.0000,3
2026-01-07,20260107141000000,sz.002418,5.1400,5.2200,5.1200,5.1700,9701300,50087748.0000,3
2026-01-07,20260107141500000,sz.002418,5.2000,5.3500,5.2000,5.2500,16271600,86153393.0000,3
2026-01-07,20260107142000000,sz.002418,5.2500,5.2600,5.2100,5.2200,4062300,21264137.0000,3
2026-01-07,20260107142500000,sz.002418,5.2200,5.2300,5.1800,5.1900,2890600,15026788.0000,3
2026-01-07,20260107143000000,sz.002418,5.1900,5.1900,5.1700,5.1800,2239300,11603190.0000,3
2026-01-07,20260107143500000,sz.002418,5.1800,5.1800,5.1200,5.1300,3650800,18790439.0000,3
2026-01-07,20260107144000000,sz.002418,5.1400,5.1700,5.1300,5.1500,3086000,15892977.0000,3
2026-01-07,20260107144500000,sz.002418,5.1500,5.1500,5.1300,5.1400,2294400,11799911.0000,3
2026-01-07,20260107145000000,sz.002418,5.1400,5.1400,5.1300,5.1400,2421803,12441174.3900,3
2026-01-07,20260107145500000,sz.002418,5.1400,5.1400,5.1200,5.1300,3758397,19284277.6100,3
2026-01-07,20260107150000000,sz.002418,5.1300,5.1400,5.1200,5.1400,3982103,20450980.3900,3
2026-01-08,20260108093500000,sz.002418,5.0500,5.0600,5.0000,5.0100,15510100,78021010.0000,3
2026-01-08,20260108094000000,sz.002418,5.0200,5.0800,5.0200,5.0400,8410700,42477588.0000,3
2026-01-08,20260108094500000,sz.002418,5.0400,5.1000,5.0400,5.0700,4990400,25295553.0000,3
2026-01-08,20260108095000000,sz.002418,5.0700,5.0900,5.0600,5.0900,2760200,14009792.0000,3
2026-01-08,20260108095500000,sz.002418,5.1000,5.1000,5.0700,5.0800,3552400,18048348.0000,3
2026-01-08,20260108100000000,sz.002418,5.0700,5.1000,5.0700,5.1000,2700600,13745358.0000,3
2026-01-08,20260108100500000,sz.002418,5.1000,5.1000,5.0800,5.0800,2367300,12056034.0000,3
2026-01-08,20260108101000000,sz.002418,5.0800,5.0900,5.0700,5.0800,3679900,18682765.0000,3
2026-01-08,20260108101500000,sz.002418,5.0800,5.1000,5.0800,5.0900,2244000,11422939.0000,3
2026-01-08,20260108102000000,sz.002418,5.0800,5.1100,5.0800,5.1000,2442700,12455783.0000,3
2026-01-08,20260108102500000,sz.002418,5.1000,5.1000,5.0700,5.0700,2338500,11884756.0000,3
2026-01-08,20260108103000000,sz.002418,5.0700,5.1100,5.0700,5.1100,2686900,13680309.0000,3
2026-01-08,20260108103500000,sz.002418,5.1100,5.1100,5.0900,5.0900,939000,4788298.0000,3
2026-01-08,20260108104000000,sz.002418,5.1000,5.1000,5.0800,5.0900,960100,4883127.0000,3
2026-01-08,20260108104500000,sz.002418,5.0800,5.0900,5.0800,5.0800,2099300,10667467.0000,3
2026-01-08,20260108105000000,sz.002418,5.0800,5.1000,5.0800,5.1000,1309200,6659209.0000,3
2026-01-08,20260108105500000,sz.002418,5.1000,5.1000,5.0900,5.0900,881900,4493820.0000,3
2026-01-08,20260108110000000,sz.002418,5.1000,5.1000,5.0800,5.0800,1778700,9049186.0000,3
2026-01-08,20260108110500000,sz.002418,5.0800,5.0900,5.0600,5.0700,3038500,15416664.0000,3
2026-01-08,20260108111000000,sz.002418,5.0600,5.0700,5.0500,5.0500,2390800,12094771.0000,3
2026-01-08,20260108111500000,sz.002418,5.0500,5.0600,5.0400,5.0400,3775400,19074635.0000,3
2026-01-08,20260108112000000,sz.002418,5.0400,5.0600,5.0300,5.0600,2236000,11273987.0000,3
2026-01-08,20260108112500000,sz.002418,5.0500,5.0600,5.0500,5.0600,811900,4104776.0000,3
2026-01-08,20260108113000000,sz.002418,5.0600,5.0700,5.0600,5.0600,857300,4343412.0000,3
2026-01-08,20260108130500000,sz.002418,5.0700,5.0800,5.0600,5.0700,2052300,10402464.0000,3
2026-01-08,20260108131000000,sz.002418,5.0700,5.0700,5.0500,5.0600,1556900,7875478.0000,3
2026-01-08,20260108131500000,sz.002418,5.0600,5.0700,5.0600,5.0600,859800,4352307.0000,3
2026-01-08,20260108132000000,sz.002418,5.0700,5.0800,5.0600,5.0800,1760800,8934617.0000,3
2026-01-08,20260108132500000,sz.002418,5.0700,5.0800,5.0600,5.0600,1561500,7914588.0000,3
2026-01-08,20260108133000000,sz.002418,5.0700,5.0700,5.0600,5.0600,1007300,5099196.0000,3
2026-01-08,20260108133500000,sz.002418,5.0700,5.0700,5.0400,5.0500,3119100,15754233.0000,3
2026-01-08,20260108134000000,sz.002418,5.0500,5.0600,5.0400,5.0500,926700,4679677.0000,3
2026-01-08,20260108134500000,sz.002418,5.0500,5.0600,5.0400,5.0500,1502300,7587605.0000,3
2026-01-08,20260108135000000,sz.002418,5.0500,5.0600,5.0500,5.0500,575900,2909704.0000,3
2026-01-08,20260108135500000,sz.002418,5.0500,5.0600,5.0400,5.0500,1560100,7876951.0000,3
2026-01-08,20260108140000000,sz.002418,5.0500,5.0600,5.0500,5.0500,688200,3479136.0000,3
2026-01-08,20260108140500000,sz.002418,5.0500,5.0700,5.0500,5.0600,1405300,7111096.0000,3
2026-01-08,20260108141000000,sz.002418,5.0600,5.0600,5.0400,5.0500,1530100,7726524.0000,3
2026-01-08,20260108141500000,sz.002418,5.0400,5.0400,5.0200,5.0200,3212500,16157553.0000,3
2026-01-08,20260108142000000,sz.002418,5.0200,5.0400,5.0200,5.0300,3162300,15901378.0000,3
2026-01-08,20260108142500000,sz.002418,5.0400,5.0400,5.0300,5.0400,1963000,9880870.0000,3
2026-01-08,20260108143000000,sz.002418,5.0400,5.0500,5.0300,5.0400,1410200,7106445.0000,3
2026-01-08,20260108143500000,sz.002418,5.0400,5.0500,5.0400,5.0500,520000,2622766.0000,3
2026-01-08,20260108144000000,sz.002418,5.0400,5.0500,5.0400,5.0400,1085200,5472058.0000,3
2026-01-08,20260108144500000,sz.002418,5.0400,5.0500,5.0300,5.0300,3942700,19849750.0000,3
2026-01-08,20260108145000000,sz.002418,5.0300,5.0400,5.0300,5.0300,2567900,12924803.0000,3
2026-01-08,20260108145500000,sz.002418,5.0400,5.0400,5.0200,5.0300,3216500,16177504.0000,3
2026-01-08,20260108150000000,sz.002418,5.0400,5.0400,5.0200,5.0400,2228100,11221354.0000,3
2026-01-09,20260109093500000,sz.002418,5.0400,5.0700,5.0200,5.0600,5924000,29921642.0000,3
2026-01-09,20260109094000000,sz.002418,5.0500,5.0600,5.0400,5.0500,3108100,15678655.0000,3
2026-01-09,20260109094500000,sz.002418,5.0500,5.0700,5.0500,5.0600,1948700,9863101.0000,3
2026-01-09,20260109095000000,sz.002418,5.0600,5.0600,5.0300,5.0400,3969200,20014000.0000,3
2026-01-09,20260109095500000,sz.002418,5.0400,5.0900,5.0400,5.0700,3854100,19545313.0000,3
2026-01-09,20260109100000000,sz.002418,5.0800,5.0800,5.0700,5.0700,1104100,5603551.0000,3
2026-01-09,20260109100500000,sz.002418,5.0700,5.0800,5.0600,5.0700,1898200,9630216.0000,3
2026-01-09,20260109101000000,sz.002418,5.0700,5.0900,5.0700,5.0900,1956400,9931506.0000,3
2026-01-09,20260109101500000,sz.002418,5.0900,5.1100,5.0800,5.1000,3917800,19985344.0000,3
2026-01-09,20260109102000000,sz.002418,5.1000,5.1100,5.0900,5.0900,1273400,6496099.0000,3
2026-01-09,20260109102500000,sz.002418,5.0900,5.1000,5.0800,5.0800,1366900,6961384.0000,3
2026-01-09,20260109103000000,sz.002418,5.0800,5.0900,5.0700,5.0800,1582400,8039191.0000,3
2026-01-09,20260109103500000,sz.002418,5.0800,5.0900,5.0700,5.0900,1067000,5421011.0000,3
2026-01-09,20260109104000000,sz.002418,5.0800,5.0900,5.0800,5.0800,813800,4136442.0000,3
2026-01-09,20260109104500000,sz.002418,5.0800,5.0900,5.0700,5.0700,1000100,5081187.0000,3
2026-01-09,20260109105000000,sz.002418,5.0800,5.0900,5.0700,5.0700,1094500,5558504.0000,3
2026-01-09,20260109105500000,sz.002418,5.0700,5.0800,5.0600,5.0600,1669500,8462644.0000,3
2026-01-09,20260109110000000,sz.002418,5.0600,5.0700,5.0500,5.0500,1703000,8607848.0000,3
2026-01-09,20260109110500000,sz.002418,5.0500,5.0600,5.0400,5.0500,1889500,9540113.0000,3
2026-01-09,20260109111000000,sz.002418,5.0500,5.0500,5.0300,5.0300,1927300,9705589.0000,3
2026-01-09,20260109111500000,sz.002418,5.0400,5.0600,5.0300,5.0500,1833600,9244549.0000,3
2026-01-09,20260109112000000,sz.002418,5.0600,5.0600,5.0400,5.0400,525200,2648620.0000,3
2026-01-09,20260109112500000,sz.002418,5.0400,5.0500,5.0200,5.0200,1952000,9829103.0000,3
2026-01-09,20260109113000000,sz.002418,5.0300,5.0400,5.0200,5.0300,1612800,8108599.0000,3
2026-01-09,20260109130500000,sz.002418,5.0300,5.0400,5.0100,5.0100,2275500,11438146.0000,3
2026-01-09,20260109131000000,sz.002418,5.0100,5.0400,5.0100,5.0300,1288300,6471437.0000,3
2026-01-09,20260109131500000,sz.002418,5.0300,5.0400,5.0300,5.0300,593300,2986020.0000,3
2026-01-09,20260109132000000,sz.002418,5.0400,5.0400,5.0200,5.0200,723400,3637680.0000,3
2026-01-09,20260109132500000,sz.002418,5.0300,5.0300,5.0200,5.0200,762300,3828683.0000,3
2026-01-09,20260109133000000,sz.002418,5.0200,5.0300,5.0200,5.0200,402500,2021995.0000,3
2026-01-09,20260109133500000,sz.002418,5.0300,5.0400,5.0300,5.0300,908200,4570033.0000,3
2026-01-09,20260109134000000,sz.002418,5.0300,5.0500,5.0300,5.0500,1220000,6152457.0000,3
2026-01-09,20260109134500000,sz.002418,5.0500,5.0500,5.0400,5.0500,757400,3823334.0000,3
2026-01-09,20260109135000000,sz.002418,5.0500,5.0500,5.0400,5.0400,556300,2805811.0000,3
2026-01-09,20260109135500000,sz.002418,5.0500,5.0500,5.0400,5.0400,558200,2816911.0000,3
2026-01-09,20260109140000000,sz.002418,5.0400,5.0500,5.0400,5.0500,597900,3015119.0000,3
2026-01-09,20260109140500000,sz.002418,5.0500,5.0600,5.0500,5.0600,1281500,6475805.0000,3
2026-01-09,20260109141000000,sz.002418,5.0600,5.0600,5.0500,5.0600,874000,4421457.0000,3
2026-01-09,20260109141500000,sz.002418,5.0500,5.0600,5.0500,5.0600,698000,3530290.0000,3
2026-01-09,20260109142000000,sz.002418,5.0600,5.0600,5.0400,5.0400,1450600,7322615.0000,3
2026-01-09,20260109142500000,sz.002418,5.0400,5.0500,5.0400,5.0500,667000,3364225.0000,3
2026-01-09,20260109143000000,sz.002418,5.0400,5.0600,5.0400,5.0600,1302300,6578869.0000,3
2026-01-09,20260109143500000,sz.002418,5.0500,5.0600,5.0400,5.0500,1824900,9216356.0000,3
2026-01-09,20260109144000000,sz.002418,5.0500,5.0600,5.0500,5.0600,1159200,5859497.0000,3
2026-01-09,20260109144500000,sz.002418,5.0600,5.0600,5.0500,5.0600,1337500,6760160.0000,3
2026-01-09,20260109145000000,sz.002418,5.0600,5.0700,5.0500,5.0600,1938100,9805744.0000,3
2026-01-09,20260109145500000,sz.002418,5.0600,5.0700,5.0600,5.0600,2593600,13137595.0000,3
2026-01-09,20260109150000000,sz.002418,5.0700,5.0800,5.0600,5.0800,2307500,11712197.0000,3
2026-01-12,20260112093500000,sz.002418,5.1000,5.1000,5.0700,5.0700,7125200,36221544.0000,3
2026-01-12,20260112094000000,sz.002418,5.0700,5.1000,5.0700,5.0700,4796400,24378556.0000,3
2026-01-12,20260112094500000,sz.002418,5.0800,5.0800,5.0600,5.0600,3003500,15221254.0000,3
2026-01-12,20260112095000000,sz.002418,5.0700,5.0800,5.0600,5.0700,2494400,12642613.0000,3
2026-01-12,20260112095500000,sz.002418,5.0700,5.0800,5.0600,5.0800,2157300,10935513.0000,3
2026-01-12,20260112100000000,sz.002418,5.0700,5.0900,5.0700,5.0900,3029500,15391498.0000,3
2026-01-12,20260112100500000,sz.002418,5.0900,5.1400,5.0900,5.1300,4109000,21018812.0000,3
2026-01-12,20260112101000000,sz.002418,5.1300,5.1300,5.1100,5.1100,1945600,9967040.0000,3
2026-01-12,20260112101500000,sz.002418,5.1100,5.1400,5.1100,5.1400,2688100,13798754.0000,3
2026-01-12,20260112102000000,sz.002418,5.1400,5.1500,5.1300,5.1500,2072700,10655927.0000,3
2026-01-12,20260112102500000,sz.002418,5.1500,5.1500,5.1300,5.1300,1706100,8769568.0000,3
2026-01-12,20260112103000000,sz.002418,5.1400,5.1400,5.1200,5.1300,1612200,8271129.0000,3
2026-01-12,20260112103500000,sz.002418,5.1400,5.1600,5.1200,5.1500,4234100,21786582.0000,3
2026-01-12,20260112104000000,sz.002418,5.1600,5.1800,5.1500,5.1700,3412300,17631761.2900,3
2026-01-12,20260112104500000,sz.002418,5.1800,5.1900,5.1700,5.1800,2801100,14511227.0000,3
2026-01-12,20260112105000000,sz.002418,5.1900,5.1900,5.1700,5.1800,1802400,9339855.0000,3
2026-01-12,20260112105500000,sz.002418,5.1700,5.1800,5.1600,5.1700,1337000,6913428.0000,3
2026-01-12,20260112110000000,sz.002418,5.1600,5.1900,5.1600,5.1800,1360900,7052190.0000,3
2026-01-12,20260112110500000,sz.002418,5.1900,5.1900,5.1700,5.1700,1030600,5337490.0000,3
2026-01-12,20260112111000000,sz.002418,5.1700,5.1800,5.1700,5.1800,561100,2904729.0000,3
2026-01-12,20260112111500000,sz.002418,5.1700,5.1800,5.1700,5.1800,947900,4903292.0000,3
2026-01-12,20260112112000000,sz.002418,5.1800,5.1800,5.1700,5.1700,486100,2515616.0000,3
2026-01-12,20260112112500000,sz.002418,5.1800,5.1800,5.1700,5.1800,537700,2781244.0000,3
2026-01-12,20260112113000000,sz.002418,5.1700,5.1800,5.1700,5.1800,567700,2936927.0000,3
2026-01-12,20260112130500000,sz.002418,5.1700,5.1900,5.1700,5.1900,2102500,10894969.0000,3
2026-01-12,20260112131000000,sz.002418,5.1900,5.1900,5.1700,5.1800,982700,5091799.0000,3
2026-01-12,20260112131500000,sz.002418,5.1800,5.1800,5.1500,5.1500,2188400,11299955.0000,3
2026-01-12,20260112132000000,sz.002418,5.1500,5.1500,5.1300,5.1400,2778400,14287804.0000,3
2026-01-12,20260112132500000,sz.002418,5.1400,5.1600,5.1400,5.1500,1018300,5242026.0000,3
2026-01-12,20260112133000000,sz.002418,5.1500,5.1600,5.1400,5.1500,1077300,5545188.0000,3
2026-01-12,20260112133500000,sz.002418,5.1500,5.1600,5.1500,5.1600,770000,3966802.0000,3
2026-01-12,20260112134000000,sz.002418,5.1600,5.1700,5.1500,5.1700,1481300,7648407.0000,3
2026-01-12,20260112134500000,sz.002418,5.1700,5.1800,5.1600,5.1600,1177300,6085215.0000,3
2026-01-12,20260112135000000,sz.002418,5.1600,5.1800,5.1600,5.1700,1551100,8021004.0000,3
2026-01-12,20260112135500000,sz.002418,5.1700,5.1800,5.1700,5.1800,764200,3952421.0000,3
2026-01-12,20260112140000000,sz.002418,5.1700,5.1800,5.1700,5.1800,1103900,5712628.0000,3
2026-01-12,20260112140500000,sz.002418,5.1800,5.1900,5.1800,5.1800,2474200,12822381.0000,3
2026-01-12,20260112141000000,sz.002418,5.1900,5.1900,5.1800,5.1800,1519300,7877334.0000,3
2026-01-12,20260112141500000,sz.002418,5.1800,5.1900,5.1800,5.1900,1281100,6643651.0000,3
2026-01-12,20260112142000000,sz.002418,5.1900,5.1900,5.1800,5.1900,903800,4688650.0000,3
2026-01-12,20260112142500000,sz.002418,5.1800,5.2000,5.1800,5.1800,2248900,11670726.0000,3
2026-01-12,20260112143000000,sz.002418,5.1900,5.1900,5.1800,5.1900,962800,4992335.0000,3
2026-01-12,20260112143500000,sz.002418,5.1900,5.1900,5.1700,5.1700,2582900,13373723.0000,3
2026-01-12,20260112144000000,sz.002418,5.1800,5.1800,5.1600,5.1700,1994000,10299399.0000,3
2026-01-12,20260112144500000,sz.002418,5.1600,5.1700,5.1600,5.1700,1447200,7477854.0000,3
2026-01-12,20260112145000000,sz.002418,5.1600,5.1800,5.1600,5.1700,2771200,14324572.0000,3
2026-01-12,20260112145500000,sz.002418,5.1700,5.1700,5.1600,5.1600,3576226,18471656.1600,3
2026-01-12,20260112150000000,sz.002418,5.1700,5.1700,5.1500,5.1700,2903974,15001161.8400,3
2026-01-13,20260113093500000,sz.002418,5.1800,5.2000,5.0600,5.0600,7588500,38932645.0000,3
2026-01-13,20260113094000000,sz.002418,5.0700,5.0800,5.0200,5.0700,7566400,38126480.0000,3
2026-01-13,20260113094500000,sz.002418,5.0700,5.1100,5.0500,5.0700,3878600,19684919.0000,3
2026-01-13,20260113095000000,sz.002418,5.0600,5.1300,5.0600,5.1200,4551600,23186198.0000,3
2026-01-13,20260113095500000,sz.002418,5.1200,5.1400,5.1000,5.1300,2683600,13735108.0000,3
2026-01-13,20260113100000000,sz.002418,5.1300,5.1600,5.1200,5.1500,2016900,10365945.0000,3
2026-01-13,20260113100500000,sz.002418,5.1600,5.1600,5.1400,5.1600,1896300,9767547.0000,3
2026-01-13,20260113101000000,sz.002418,5.1600,5.1600,5.1300,5.1400,1594000,8196665.0000,3
2026-01-13,20260113101500000,sz.002418,5.1400,5.1600,5.1300,5.1300,2341600,12044160.0000,3
2026-01-13,20260113102000000,sz.002418,5.1200,5.1300,5.1000,5.1000,1451800,7423585.0000,3
2026-01-13,20260113102500000,sz.002418,5.1000,5.1100,5.0900,5.1000,1695000,8637060.0000,3
2026-01-13,20260113103000000,sz.002418,5.1000,5.1200,5.1000,5.1100,868100,4433366.0000,3
2026-01-13,20260113103500000,sz.002418,5.1100,5.1100,5.0800,5.0900,1325600,6749650.0000,3
2026-01-13,20260113104000000,sz.002418,5.0800,5.1000,5.0800,5.0900,916400,4664280.0000,3
2026-01-13,20260113104500000,sz.002418,5.0900,5.1100,5.0900,5.1000,1018500,5190946.0000,3
2026-01-13,20260113105000000,sz.002418,5.1000,5.1200,5.1000,5.1100,642200,3279726.0000,3
2026-01-13,20260113105500000,sz.002418,5.1100,5.1200,5.1000,5.1000,726800,3713666.0000,3
2026-01-13,20260113110000000,sz.002418,5.1000,5.1200,5.1000,5.1100,643900,3288894.0000,3
2026-01-13,20260113110500000,sz.002418,5.1100,5.1200,5.1100,5.1200,511100,2613043.0000,3
2026-01-13,20260113111000000,sz.002418,5.1200,5.1300,5.1100,5.1300,716300,3668126.0000,3
2026-01-13,20260113111500000,sz.002418,5.1300,5.1300,5.1200,5.1200,406500,2082510.0000,3
2026-01-13,20260113112000000,sz.002418,5.1200,5.1300,5.1100,5.1100,1098200,5619952.0000,3
2026-01-13,20260113112500000,sz.002418,5.1100,5.1100,5.0900,5.0900,719600,3671838.0000,3
2026-01-13,20260113113000000,sz.002418,5.1000,5.1100,5.0900,5.1000,594600,3029618.0000,3
2026-01-13,20260113130500000,sz.002418,5.0900,5.1000,5.0800,5.0900,1220500,6214124.0000,3
2026-01-13,20260113131000000,sz.002418,5.0900,5.1000,5.0700,5.0700,1053900,5353297.0000,3
2026-01-13,20260113131500000,sz.002418,5.0700,5.0800,5.0600,5.0600,936100,4742011.0000,3
2026-01-13,20260113132000000,sz.002418,5.0600,5.0700,5.0600,5.0600,595800,3016390.0000,3
2026-01-13,20260113132500000,sz.002418,5.0600,5.0700,5.0600,5.0700,758200,3837202.0000,3
2026-01-13,20260113133000000,sz.002418,5.0700,5.0700,5.0500,5.0600,1104100,5585621.0000,3
2026-01-13,20260113133500000,sz.002418,5.0600,5.0700,5.0400,5.0400,2077900,10494947.0000,3
2026-01-13,20260113134000000,sz.002418,5.0400,5.0600,5.0400,5.0500,842000,4250691.0000,3
2026-01-13,20260113134500000,sz.002418,5.0500,5.0800,5.0500,5.0800,925200,4685542.0000,3
2026-01-13,20260113135000000,sz.002418,5.0700,5.0900,5.0700,5.0800,1264200,6414600.0000,3
2026-01-13,20260113135500000,sz.002418,5.0800,5.1000,5.0800,5.0900,640400,3259893.0000,3
2026-01-13,20260113140000000,sz.002418,5.0900,5.1100,5.0900,5.1000,636200,3245410.0000,3
2026-01-13,20260113140500000,sz.002418,5.1000,5.1000,5.0700,5.0800,1010800,5144374.0000,3
2026-01-13,20260113141000000,sz.002418,5.0700,5.0800,5.0700,5.0800,719900,3652519.0000,3
2026-01-13,20260113141500000,sz.002418,5.0700,5.0700,5.0600,5.0600,448700,2271129.0000,3
2026-01-13,20260113142000000,sz.002418,5.0600,5.0700,5.0500,5.0600,1568200,7931868.0000,3
2026-01-13,20260113142500000,sz.002418,5.0600,5.0700,5.0500,5.0600,833500,4216305.0000,3
2026-01-13,20260113143000000,sz.002418,5.0600,5.0700,5.0400,5.0400,1040000,5253430.0000,3
2026-01-13,20260113143500000,sz.002418,5.0400,5.0600,5.0400,5.0400,1383500,6983187.0000,3
2026-01-13,20260113144000000,sz.002418,5.0500,5.0500,5.0300,5.0300,1670400,8421248.0000,3
2026-01-13,20260113144500000,sz.002418,5.0300,5.0400,5.0200,5.0300,2267100,11398192.0000,3
2026-01-13,20260113145000000,sz.002418,5.0200,5.0300,5.0000,5.0100,3894500,19517385.0000,3
2026-01-13,20260113145500000,sz.002418,5.0100,5.0100,5.0000,5.0000,3855500,19290677.0000,3
2026-01-13,20260113150000000,sz.002418,5.0000,5.0100,5.0000,5.0000,4012900,20073076.0000,3
2026-01-14,20260114093500000,sz.002418,5.0000,5.0500,4.9900,5.0200,3390300,17017482.0000,3
2026-01-14,20260114094000000,sz.002418,5.0100,5.0200,4.9800,5.0100,4170400,20853109.0000,3
2026-01-14,20260114094500000,sz.002418,5.0100,5.0300,5.0000,5.0200,1923800,9651860.0000,3
2026-01-14,20260114095000000,sz.002418,5.0200,5.0300,5.0200,5.0300,1877500,9437603.0000,3
2026-01-14,20260114095500000,sz.002418,5.0200,5.0300,5.0000,5.0100,2071000,10388458.0000,3
2026-01-14,20260114100000000,sz.002418,5.0100,5.0500,5.0000,5.0500,2755900,13841524.0000,3
2026-01-14,20260114100500000,sz.002418,5.0500,5.0600,5.0300,5.0400,1846000,9318481.0000,3
2026-01-14,20260114101000000,sz.002418,5.0400,5.0500,5.0300,5.0400,959500,4837304.0000,3
2026-01-14,20260114101500000,sz.002418,5.0400,5.0600,5.0400,5.0400,1651000,8338706.0000,3
2026-01-14,20260114102000000,sz.002418,5.0400,5.0500,5.0400,5.0400,828700,4179948.0000,3
2026-01-14,20260114102500000,sz.002418,5.0500,5.0500,5.0300,5.0400,918300,4625397.0000,3
2026-01-14,20260114103000000,sz.002418,5.0300,5.0500,5.0300,5.0500,1394200,7029313.0000,3
2026-01-14,20260114103500000,sz.002418,5.0500,5.0500,5.0400,5.0400,1130500,5704594.0000,3
2026-01-14,20260114104000000,sz.002418,5.0400,5.0500,5.0400,5.0500,570400,2876857.0000,3
2026-01-14,20260114104500000,sz.002418,5.0500,5.0600,5.0400,5.0500,1652400,8345508.0000,3
2026-01-14,20260114105000000,sz.002418,5.0500,5.0600,5.0400,5.0500,976100,4929364.0000,3
2026-01-14,20260114105500000,sz.002418,5.0500,5.0600,5.0400,5.0400,1241600,6270441.0000,3
2026-01-14,20260114110000000,sz.002418,5.0400,5.0600,5.0400,5.0500,1347700,6803533.0000,3
2026-01-14,20260114110500000,sz.002418,5.0600,5.0800,5.0500,5.0700,3320400,16816564.0000,3
2026-01-14,20260114111000000,sz.002418,5.0800,5.0800,5.0700,5.0700,700300,3555574.0000,3
2026-01-14,20260114111500000,sz.002418,5.0700,5.0800,5.0600,5.0700,1302600,6597573.0000,3
2026-01-14,20260114112000000,sz.002418,5.0600,5.0700,5.0600,5.0700,693900,3511800.0000,3
2026-01-14,20260114112500000,sz.002418,5.0600,5.0700,5.0600,5.0600,479000,2425485.0000,3
2026-01-14,20260114113000000,sz.002418,5.0600,5.0700,5.0600,5.0600,729400,3694229.0000,3
2026-01-14,20260114130500000,sz.002418,5.0700,5.0700,5.0400,5.0400,4450600,22501554.0000,3
2026-01-14,20260114131000000,sz.002418,5.0400,5.0400,4.9900,4.9900,4483900,22465675.0000,3
2026-01-14,20260114131500000,sz.002418,5.0000,5.0300,4.9800,4.9800,2629476,13157543.7600,3
2026-01-14,20260114132000000,sz.002418,4.9800,4.9900,4.9600,4.9900,3256900,16198303.0000,3
2026-01-14,20260114132500000,sz.002418,4.9900,5.0000,4.9700,4.9900,2069900,10319103.0000,3
2026-01-14,20260114133000000,sz.002418,4.9900,5.0000,4.9700,5.0000,3138300,15632554.0000,3
2026-01-14,20260114133500000,sz.002418,5.0000,5.0400,5.0000,5.0100,1703800,8551426.0000,3
2026-01-14,20260114134000000,sz.002418,5.0100,5.0800,5.0100,5.0600,3474100,17561844.0000,3
2026-01-14,20260114134500000,sz.002418,5.0600,5.0700,5.0400,5.0400,1708500,8633584.0000,3
2026-01-14,20260114135000000,sz.002418,5.0500,5.0500,5.0200,5.0200,1300200,6539216.0000,3
2026-01-14,20260114135500000,sz.002418,5.0200,5.0300,5.0100,5.0200,1023300,5140360.0000,3
2026-01-14,20260114140000000,sz.002418,5.0200,5.0200,4.9700,4.9800,1406600,7018649.0000,3
2026-01-14,20260114140500000,sz.002418,4.9700,4.9900,4.9600,4.9900,2566000,12754246.0000,3
2026-01-14,20260114141000000,sz.002418,4.9900,4.9900,4.9600,4.9700,2309300,11471929.0000,3
2026-01-14,20260114141500000,sz.002418,4.9700,5.0100,4.9700,5.0000,1509800,7538646.0000,3
2026-01-14,20260114142000000,sz.002418,5.0100,5.0300,5.0100,5.0200,1606600,8055872.0000,3
2026-01-14,20260114142500000,sz.002418,5.0300,5.0300,5.0200,5.0300,677900,3407061.0000,3
2026-01-14,20260114143000000,sz.002418,5.0300,5.0400,5.0300,5.0400,1178400,5928412.0000,3
2026-01-14,20260114143500000,sz.002418,5.0400,5.0500,5.0200,5.0300,1168700,5884665.0000,3
2026-01-14,20260114144000000,sz.002418,5.0300,5.0300,5.0200,5.0200,488200,2451511.0000,3
2026-01-14,20260114144500000,sz.002418,5.0200,5.0300,5.0200,5.0300,429000,2155121.0000,3
2026-01-14,20260114145000000,sz.002418,5.0300,5.0300,5.0100,5.0200,719100,3608258.0000,3
2026-01-14,20260114145500000,sz.002418,5.0200,5.0300,5.0100,5.0200,1596400,8011260.0000,3
2026-01-14,20260114150000000,sz.002418,5.0200,5.0300,5.0100,5.0300,1529900,7687322.0000,3
2026-01-15,20260115093500000,sz.002418,4.9800,5.0100,4.9800,5.0100,3425300,17124618.0000,3
2026-01-15,20260115094000000,sz.002418,4.9800,5.0100,4.9600,4.9600,3955700,19724914.0000,3
2026-01-15,20260115094500000,sz.002418,4.9600,5.0200,4.9500,5.0100,3373601,16818180.0100,3
2026-01-15,20260115095000000,sz.002418,5.0000,5.0000,4.9700,4.9800,1940000,9667747.0000,3
2026-01-15,20260115095500000,sz.002418,4.9800,5.0100,4.9700,5.0000,1618300,8070016.0000,3
2026-01-15,20260115100000000,sz.002418,5.0000,5.0700,4.9900,5.0600,3847800,19410975.0000,3
2026-01-15,20260115100500000,sz.002418,5.0500,5.0600,5.0400,5.0500,1425300,7204245.0000,3
2026-01-15,20260115101000000,sz.002418,5.0500,5.0500,5.0000,5.0100,1933800,9696797.0000,3
2026-01-15,20260115101500000,sz.002418,5.0100,5.0100,4.9900,5.0000,938500,4693896.0000,3
2026-01-15,20260115102000000,sz.002418,5.0100,5.0200,5.0000,5.0000,549700,2752800.0000,3
2026-01-15,20260115102500000,sz.002418,5.0000,5.0100,4.9900,5.0000,767200,3835748.0000,3
2026-01-15,20260115103000000,sz.002418,5.0000,5.0100,4.9900,5.0000,1058200,5290448.0000,3
2026-01-15,20260115103500000,sz.002418,4.9900,5.0100,4.9900,5.0000,742500,3709846.0000,3
2026-01-15,20260115104000000,sz.002418,5.0100,5.0100,4.9900,5.0100,303000,1515254.0000,3
2026-01-15,20260115104500000,sz.002418,5.0100,5.0100,4.9800,4.9900,1493200,7456270.0000,3
2026-01-15,20260115105000000,sz.002418,4.9900,5.0000,4.9800,4.9900,663900,3311562.0000,3
2026-01-15,20260115105500000,sz.002418,4.9900,5.0000,4.9900,5.0000,253400,1264905.0000,3
2026-01-15,20260115110000000,sz.002418,5.0000,5.0000,4.9700,4.9700,1081900,5388685.0000,3
2026-01-15,20260115110500000,sz.002418,4.9800,4.9800,4.9600,4.9700,1624200,8071091.0000,3
2026-01-15,20260115111000000,sz.002418,4.9800,4.9900,4.9700,4.9900,551200,2744126.0000,3
2026-01-15,20260115111500000,sz.002418,4.9900,4.9900,4.9700,4.9800,439600,2186661.0000,3
2026-01-15,20260115112000000,sz.002418,4.9800,4.9800,4.9600,4.9700,742100,3685682.0000,3
2026-01-15,20260115112500000,sz.002418,4.9600,4.9700,4.9500,4.9500,1637400,8120228.0000,3
2026-01-15,20260115113000000,sz.002418,4.9500,4.9600,4.9400,4.9500,1993200,9866256.0000,3
2026-01-15,20260115130500000,sz.002418,4.9500,4.9500,4.9300,4.9400,1726800,8534774.0000,3
2026-01-15,20260115131000000,sz.002418,4.9300,4.9500,4.9300,4.9300,1540600,7602499.0000,3
2026-01-15,20260115131500000,sz.002418,4.9300,4.9600,4.9300,4.9500,1067500,5277387.0000,3
2026-01-15,20260115132000000,sz.002418,4.9400,4.9500,4.9300,4.9300,1293100,6390968.0000,3
2026-01-15,20260115132500000,sz.002418,4.9400,4.9400,4.9300,4.9300,1218800,6010833.0000,3
2026-01-15,20260115133000000,sz.002418,4.9300,4.9600,4.9300,4.9500,1176500,5814907.0000,3
2026-01-15,20260115133500000,sz.002418,4.9500,4.9600,4.9500,4.9500,548300,2715803.0000,3
2026-01-15,20260115134000000,sz.002418,4.9500,4.9500,4.9400,4.9400,575100,2843674.0000,3
2026-01-15,20260115134500000,sz.002418,4.9400,4.9400,4.9300,4.9400,701400,3463225.0000,3
2026-01-15,20260115135000000,sz.002418,4.9400,4.9600,4.9400,4.9500,574700,2842975.0000,3
2026-01-15,20260115135500000,sz.002418,4.9500,4.9600,4.9500,4.9600,469100,2322447.0000,3
2026-01-15,20260115140000000,sz.002418,4.9500,4.9600,4.9400,4.9400,382500,1891527.0000,3
2026-01-15,20260115140500000,sz.002418,4.9400,4.9500,4.9300,4.9400,1082000,5345719.0000,3
2026-01-15,20260115141000000,sz.002418,4.9400,4.9500,4.9300,4.9300,442900,2187412.0000,3
2026-01-15,20260115141500000,sz.002418,4.9300,4.9400,4.9200,4.9300,1878900,9259151.0000,3
2026-01-15,20260115142000000,sz.002418,4.9300,4.9300,4.9200,4.9200,868600,4275375.0000,3
2026-01-15,20260115142500000,sz.002418,4.9200,4.9300,4.9100,4.9300,1084500,5336559.0000,3
2026-01-15,20260115143000000,sz.002418,4.9300,4.9600,4.9300,4.9400,1406600,6949195.0000,3
2026-01-15,20260115143500000,sz.002418,4.9500,4.9500,4.9300,4.9400,435500,2150155.0000,3
2026-01-15,20260115144000000,sz.002418,4.9400,4.9400,4.9300,4.9300,395800,1951757.0000,3
2026-01-15,20260115144500000,sz.002418,4.9400,4.9500,4.9300,4.9400,1216900,6007602.0000,3
2026-01-15,20260115145000000,sz.002418,4.9400,4.9500,4.9300,4.9500,756300,3735741.0000,3
2026-01-15,20260115145500000,sz.002418,4.9400,4.9500,4.9400,4.9400,733100,3625641.0000,3
2026-01-15,20260115150000000,sz.002418,4.9500,4.9600,4.9400,4.9600,1271100,6297723.0000,3
2026-01-16,20260116093500000,sz.002418,4.9800,5.0200,4.9800,4.9900,3623300,18131191.0000,3
2026-01-16,20260116094000000,sz.002418,4.9900,4.9900,4.9300,4.9500,3243900,16101345.0000,3
2026-01-16,20260116094500000,sz.002418,4.9500,4.9700,4.9500,4.9600,2034800,10094592.0000,3
2026-01-16,20260116095000000,sz.002418,4.9600,4.9600,4.9300,4.9400,1682000,8317930.0000,3
2026-01-16,20260116095500000,sz.002418,4.9400,4.9800,4.9400,4.9800,922000,4569461.0000,3
2026-01-16,20260116100000000,sz.002418,4.9800,4.9800,4.9400,4.9500,1454100,7201460.0000,3
2026-01-16,20260116100500000,sz.002418,4.9400,4.9600,4.9400,4.9500,1189900,5885674.0000,3
2026-01-16,20260116101000000,sz.002418,4.9400,4.9500,4.9200,4.9300,1557200,7683668.0000,3
2026-01-16,20260116101500000,sz.002418,4.9200,4.9400,4.9200,4.9300,1510300,7444339.0000,3
2026-01-16,20260116102000000,sz.002418,4.9400,4.9500,4.9300,4.9300,1169800,5770949.0000,3
2026-01-16,20260116102500000,sz.002418,4.9300,4.9300,4.8900,4.8900,4736500,23268931.0000,3
2026-01-16,20260116103000000,sz.002418,4.8900,4.8900,4.8800,4.8900,1937200,9463297.0000,3
2026-01-16,20260116103500000,sz.002418,4.8900,4.8900,4.8600,4.8600,2650500,12912598.0000,3
2026-01-16,20260116104000000,sz.002418,4.8600,4.8800,4.8600,4.8800,1160400,5652984.0000,3
2026-01-16,20260116104500000,sz.002418,4.8700,4.8800,4.8500,4.8600,2367800,11516260.0000,3
2026-01-16,20260116105000000,sz.002418,4.8600,4.8600,4.8400,4.8500,1764200,8558842.0000,3
2026-01-16,20260116105500000,sz.002418,4.8500,4.8600,4.8400,4.8400,944800,4581594.0000,3
2026-01-16,20260116110000000,sz.002418,4.8400,4.8500,4.8400,4.8500,1529100,7404969.0000,3
2026-01-16,20260116110500000,sz.002418,4.8400,4.8800,4.8400,4.8700,751800,3654616.0000,3
2026-01-16,20260116111000000,sz.002418,4.8700,4.8800,4.8600,4.8800,427400,2083407.0000,3
2026-01-16,20260116111500000,sz.002418,4.8700,4.8800,4.8600,4.8700,411500,2003293.0000,3
2026-01-16,20260116112000000,sz.002418,4.8700,4.8700,4.8600,4.8700,416500,2026804.0000,3
2026-01-16,20260116112500000,sz.002418,4.8600,4.8800,4.8600,4.8800,539800,2629734.0000,3
2026-01-16,20260116113000000,sz.002418,4.8800,4.8800,4.8700,4.8700,175700,857105.0000,3
2026-01-16,20260116130500000,sz.002418,4.8700,4.8800,4.8600,4.8700,717500,3491974.0000,3
2026-01-16,20260116131000000,sz.002418,4.8600,4.8700,4.8600,4.8700,1159700,5640308.0000,3
2026-01-16,20260116131500000,sz.002418,4.8700,4.8700,4.8600,4.8700,346100,1682747.0000,3
2026-01-16,20260116132000000,sz.002418,4.8600,4.8700,4.8600,4.8700,365200,1776986.0000,3
2026-01-16,20260116132500000,sz.002418,4.8700,4.8800,4.8600,4.8800,549400,2675796.0000,3
2026-01-16,20260116133000000,sz.002418,4.8800,4.9000,4.8800,4.8900,680500,3325461.0000,3
2026-01-16,20260116133500000,sz.002418,4.8900,4.9000,4.8800,4.8900,451200,2205620.0000,3
2026-01-16,20260116134000000,sz.002418,4.8900,4.9200,4.8900,4.9200,961900,4719394.0000,3
2026-01-16,20260116134500000,sz.002418,4.9300,4.9300,4.9100,4.9100,429700,2115275.0000,3
2026-01-16,20260116135000000,sz.002418,4.9100,4.9300,4.9100,4.9200,531500,2614309.0000,3
2026-01-16,20260116135500000,sz.002418,4.9200,4.9300,4.9000,4.9000,1015200,4982087.0000,3
2026-01-16,20260116140000000,sz.002418,4.9000,4.9200,4.9000,4.9100,399100,1959070.0000,3
2026-01-16,20260116140500000,sz.002418,4.9100,4.9200,4.9000,4.9000,213500,1047910.0000,3
2026-01-16,20260116141000000,sz.002418,4.9000,4.9200,4.9000,4.9000,457100,2243739.0000,3
2026-01-16,20260116141500000,sz.002418,4.9000,4.9100,4.9000,4.9100,527200,2584004.0000,3
2026-01-16,20260116142000000,sz.002418,4.9100,4.9100,4.8800,4.9000,1249900,6116306.0000,3
2026-01-16,20260116142500000,sz.002418,4.9000,4.9000,4.8900,4.8900,581000,2842593.0000,3
2026-01-16,20260116143000000,sz.002418,4.8900,4.8900,4.8800,4.8900,365900,1788505.0000,3
2026-01-16,20260116143500000,sz.002418,4.8900,4.8900,4.8700,4.8900,700300,3417399.0000,3
2026-01-16,20260116144000000,sz.002418,4.8900,4.8900,4.8700,4.8800,426001,2077700.8700,3
2026-01-16,20260116144500000,sz.002418,4.8700,4.8900,4.8700,4.8800,772700,3769796.0000,3
2026-01-16,20260116145000000,sz.002418,4.8900,4.8900,4.8700,4.8800,739000,3605983.0000,3
2026-01-16,20260116145500000,sz.002418,4.8800,4.8800,4.8700,4.8700,1204600,5874320.0000,3
2026-01-16,20260116150000000,sz.002418,4.8800,4.8900,4.8700,4.8800,1055100,5149273.0000,3
2026-01-19,20260119093500000,sz.002418,4.8500,4.9000,4.8400,4.8800,2959400,14403873.0000,3
2026-01-19,20260119094000000,sz.002418,4.8700,4.9300,4.8700,4.9200,2867100,14051144.0000,3
2026-01-19,20260119094500000,sz.002418,4.9200,4.9500,4.9200,4.9400,3326000,16410870.0000,3
2026-01-19,20260119095000000,sz.002418,4.9300,4.9400,4.9200,4.9400,1283000,6328659.0000,3
2026-01-19,20260119095500000,sz.002418,4.9400,4.9500,4.9300,4.9500,1282600,6342650.0000,3
2026-01-19,20260119100000000,sz.002418,4.9500,4.9500,4.9400,4.9500,1358000,6712411.0000,3
2026-01-19,20260119100500000,sz.002418,4.9500,4.9500,4.9400,4.9400,1585100,7840193.0000,3
2026-01-19,20260119101000000,sz.002418,4.9300,4.9400,4.9300,4.9300,720900,3556176.0000,3
2026-01-19,20260119101500000,sz.002418,4.9400,4.9400,4.9200,4.9300,1196200,5890022.0000,3
2026-01-19,20260119102000000,sz.002418,4.9300,4.9300,4.9200,4.9300,1028600,5065450.0000,3
2026-01-19,20260119102500000,sz.002418,4.9300,4.9400,4.9300,4.9300,654700,3228406.0000,3
2026-01-19,20260119103000000,sz.002418,4.9300,4.9400,4.9300,4.9300,666800,3290386.0000,3
2026-01-19,20260119103500000,sz.002418,4.9300,4.9400,4.9200,4.9200,343300,1692432.0000,3
2026-01-19,20260119104000000,sz.002418,4.9200,4.9300,4.9200,4.9200,327700,1613070.0000,3
2026-01-19,20260119104500000,sz.002418,4.9200,4.9300,4.9000,4.9100,1072000,5265905.0000,3
2026-01-19,20260119105000000,sz.002418,4.9100,4.9300,4.9100,4.9200,452800,2228091.0000,3
2026-01-19,20260119105500000,sz.002418,4.9200,4.9300,4.9200,4.9300,369100,1816111.0000,3
2026-01-19,20260119110000000,sz.002418,4.9200,4.9300,4.9200,4.9300,175500,864542.0000,3
2026-01-19,20260119110500000,sz.002418,4.9300,4.9300,4.9200,4.9200,191500,942909.0000,3
2026-01-19,20260119111000000,sz.002418,4.9200,4.9300,4.9200,4.9300,290500,1430440.0000,3
2026-01-19,20260119111500000,sz.002418,4.9200,4.9300,4.9200,4.9200,367200,1806872.0000,3
2026-01-19,20260119112000000,sz.002418,4.9200,4.9300,4.9200,4.9200,398600,1961522.0000,3
2026-01-19,20260119112500000,sz.002418,4.9200,4.9300,4.9100,4.9100,337200,1658064.0000,3
2026-01-19,20260119113000000,sz.002418,4.9100,4.9300,4.9100,4.9200,550200,2704861.0000,3
2026-01-19,20260119130500000,sz.002418,4.9200,4.9200,4.9100,4.9100,598200,2941334.0000,3
2026-01-19,20260119131000000,sz.002418,4.9200,4.9300,4.9200,4.9200,480600,2367000.0000,3
2026-01-19,20260119131500000,sz.002418,4.9200,4.9300,4.9200,4.9300,341100,1678799.0000,3
2026-01-19,20260119132000000,sz.002418,4.9200,4.9300,4.9200,4.9200,190500,937631.0000,3
2026-01-19,20260119132500000,sz.002418,4.9200,4.9300,4.9200,4.9300,315200,1551526.0000,3
2026-01-19,20260119133000000,sz.002418,4.9200,4.9300,4.9200,4.9300,368500,1813908.0000,3
2026-01-19,20260119133500000,sz.002418,4.9200,4.9300,4.9100,4.9100,550800,2710486.0000,3
2026-01-19,20260119134000000,sz.002418,4.9100,4.9300,4.9100,4.9200,517300,2544339.0000,3
2026-01-19,20260119134500000,sz.002418,4.9200,4.9300,4.9100,4.9200,323200,1590370.0000,3
2026-01-19,20260119135000000,sz.002418,4.9200,4.9300,4.9100,4.9300,897700,4415247.0000,3
2026-01-19,20260119135500000,sz.002418,4.9300,4.9300,4.9100,4.9100,336300,1653040.0000,3
2026-01-19,20260119140000000,sz.002418,4.9100,4.9200,4.9000,4.9100,993000,4873121.0000,3
2026-01-19,20260119140500000,sz.002418,4.9000,4.9200,4.9000,4.9100,160800,789640.0000,3
2026-01-19,20260119141000000,sz.002418,4.9100,4.9300,4.9100,4.9300,2036100,10023759.0000,3
2026-01-19,20260119141500000,sz.002418,4.9300,4.9400,4.9200,4.9400,374000,1843680.0000,3
2026-01-19,20260119142000000,sz.002418,4.9400,4.9400,4.9300,4.9400,188700,931589.0000,3
2026-01-19,20260119142500000,sz.002418,4.9400,4.9400,4.9300,4.9400,247200,1220525.0000,3
2026-01-19,20260119143000000,sz.002418,4.9300,4.9700,4.9300,4.9700,3648900,18075369.0000,3
2026-01-19,20260119143500000,sz.002418,4.9700,4.9700,4.9500,4.9500,706900,3506680.0000,3
2026-01-19,20260119144000000,sz.002418,4.9600,4.9600,4.9500,4.9500,398000,1972172.0000,3
2026-01-19,20260119144500000,sz.002418,4.9600,4.9600,4.9500,4.9600,422400,2093519.0000,3
2026-01-19,20260119145000000,sz.002418,4.9600,4.9600,4.9500,4.9600,692500,3433250.0000,3
2026-01-19,20260119145500000,sz.002418,4.9600,4.9600,4.9500,4.9500,1132600,5611708.0000,3
2026-01-19,20260119150000000,sz.002418,4.9600,4.9600,4.9500,4.9600,1377400,6829398.0000,3
2026-01-20,20260120093500000,sz.002418,4.9600,4.9600,4.9300,4.9400,2368500,11714899.0000,3
2026-01-20,20260120094000000,sz.002418,4.9400,4.9500,4.8900,4.9000,3388600,16637710.0000,3
2026-01-20,20260120094500000,sz.002418,4.9100,4.9100,4.8800,4.8900,1896600,9275797.0000,3
2026-01-20,20260120095000000,sz.002418,4.8900,4.9000,4.8800,4.8900,1346000,6581723.0000,3
2026-01-20,20260120095500000,sz.002418,4.8900,4.9000,4.8900,4.8900,1503800,7361575.0000,3
2026-01-20,20260120100000000,sz.002418,4.8900,4.9000,4.8700,4.8700,2501000,12212158.0000,3
2026-01-20,20260120100500000,sz.002418,4.8700,4.8800,4.8600,4.8800,1478000,7196950.0000,3
2026-01-20,20260120101000000,sz.002418,4.8800,4.8800,4.8600,4.8600,1329500,6471292.0000,3
2026-01-20,20260120101500000,sz.002418,4.8600,4.8600,4.8400,4.8600,2199200,10670230.0000,3
2026-01-20,20260120102000000,sz.002418,4.8600,4.8600,4.8300,4.8300,1897500,9184521.0000,3
2026-01-20,20260120102500000,sz.002418,4.8300,4.8400,4.8100,4.8200,2572900,12406271.0000,3
2026-01-20,20260120103000000,sz.002418,4.8200,4.8200,4.7900,4.8100,3467400,16657864.0000,3
2026-01-20,20260120103500000,sz.002418,4.8000,4.8200,4.8000,4.8200,1024300,4927596.0000,3
2026-01-20,20260120104000000,sz.002418,4.8200,4.8400,4.8100,4.8400,893200,4313435.0000,3
2026-01-20,20260120104500000,sz.002418,4.8400,4.8400,4.8300,4.8400,792100,3828189.0000,3
2026-01-20,20260120105000000,sz.002418,4.8400,4.8400,4.8200,4.8300,939300,4535398.0000,3
2026-01-20,20260120105500000,sz.002418,4.8300,4.8300,4.8200,4.8200,323900,1562504.0000,3
2026-01-20,20260120110000000,sz.002418,4.8200,4.8300,4.8100,4.8200,585000,2818324.0000,3
2026-01-20,20260120110500000,sz.002418,4.8100,4.8200,4.8100,4.8100,1100300,5294069.0000,3
2026-01-20,20260120111000000,sz.002418,4.8200,4.8200,4.8000,4.8000,678900,3264682.0000,3
2026-01-20,20260120111500000,sz.002418,4.8100,4.8200,4.8000,4.8200,370000,1779375.0000,3
2026-01-20,20260120112000000,sz.002418,4.8200,4.8300,4.8100,4.8200,315000,1518104.0000,3
2026-01-20,20260120112500000,sz.002418,4.8300,4.8300,4.8100,4.8100,356100,1716655.0000,3
2026-01-20,20260120113000000,sz.002418,4.8200,4.8200,4.8000,4.8100,923200,4443645.0000,3
2026-01-20,20260120130500000,sz.002418,4.8100,4.8100,4.7900,4.8000,1890200,9074387.0000,3
2026-01-20,20260120131000000,sz.002418,4.8000,4.8000,4.7900,4.8000,631600,3029127.0000,3
2026-01-20,20260120131500000,sz.002418,4.8000,4.8100,4.7900,4.8000,774700,3718288.0000,3
2026-01-20,20260120132000000,sz.002418,4.8000,4.8100,4.7900,4.8100,601800,2887162.0000,3
2026-01-20,20260120132500000,sz.002418,4.8000,4.8100,4.8000,4.8000,459300,2206698.0000,3
2026-01-20,20260120133000000,sz.002418,4.8000,4.8300,4.8000,4.8300,573900,2763361.0000,3
2026-01-20,20260120133500000,sz.002418,4.8300,4.8300,4.8100,4.8200,319400,1538295.0000,3
2026-01-20,20260120134000000,sz.002418,4.8200,4.8200,4.8000,4.8100,443400,2132467.0000,3
2026-01-20,20260120134500000,sz.002418,4.8100,4.8300,4.8100,4.8200,331800,1599580.0000,3
2026-01-20,20260120135000000,sz.002418,4.8200,4.8500,4.8200,4.8500,664900,3213750.0000,3
2026-01-20,20260120135500000,sz.002418,4.8500,4.8500,4.8300,4.8300,297300,1438810.0000,3
2026-01-20,20260120140000000,sz.002418,4.8300,4.8400,4.8200,4.8200,224000,1081887.0000,3
2026-01-20,20260120140500000,sz.002418,4.8200,4.8200,4.8100,4.8100,396000,1907286.0000,3
2026-01-20,20260120141000000,sz.002418,4.8100,4.8200,4.8000,4.8200,559200,2690371.0000,3
2026-01-20,20260120141500000,sz.002418,4.8200,4.8200,4.8000,4.8200,326700,1571473.0000,3
2026-01-20,20260120142000000,sz.002418,4.8200,4.8200,4.8100,4.8100,245200,1179685.0000,3
2026-01-20,20260120142500000,sz.002418,4.8200,4.8200,4.8100,4.8100,155100,746244.0000,3
2026-01-20,20260120143000000,sz.002418,4.8100,4.8200,4.8000,4.8000,598300,2877361.0000,3
2026-01-20,20260120143500000,sz.002418,4.8000,4.8100,4.8000,4.8000,695800,3342890.0000,3
2026-01-20,20260120144000000,sz.002418,4.8100,4.8100,4.8000,4.8100,711300,3415366.0000,3
2026-01-20,20260120144500000,sz.002418,4.8100,4.8200,4.8000,4.8200,912500,4388978.0000,3
2026-01-20,20260120145000000,sz.002418,4.8200,4.8200,4.8100,4.8200,530600,2555378.0000,3
2026-01-20,20260120145500000,sz.002418,4.8100,4.8300,4.8100,4.8300,1429100,6887395.0000,3
2026-01-20,20260120150000000,sz.002418,4.8300,4.8300,4.8200,4.8300,772400,3729009.0000,3
2026-01-21,20260121093500000,sz.002418,4.7800,4.8100,4.7100,4.7200,3737800,17758795.0000,3
2026-01-21,20260121094000000,sz.002418,4.7100,4.7800,4.7100,4.7800,3320100,15723634.0000,3
2026-01-21,20260121094500000,sz.002418,4.7800,4.8000,4.7700,4.7800,1113900,5328734.0000,3
2026-01-21,20260121095000000,sz.002418,4.7800,4.8000,4.7800,4.7900,835500,4005251.0000,3
2026-01-21,20260121095500000,sz.002418,4.7900,4.8000,4.7700,4.7800,1668700,7996376.0000,3
2026-01-21,20260121100000000,sz.002418,4.7800,4.8100,4.7700,4.8000,1152100,5520967.0000,3
2026-01-21,20260121100500000,sz.002418,4.8000,4.8300,4.8000,4.8100,789600,3802947.0000,3
2026-01-21,20260121101000000,sz.002418,4.8100,4.8400,4.8100,4.8400,656600,3169161.0000,3
2026-01-21,20260121101500000,sz.002418,4.8300,4.8500,4.8300,4.8400,1000800,4844875.0000,3
2026-01-21,20260121102000000,sz.002418,4.8400,4.8500,4.8300,4.8500,971100,4697916.0000,3
2026-01-21,20260121102500000,sz.002418,4.8500,4.8500,4.8400,4.8500,490400,2376537.0000,3
2026-01-21,20260121103000000,sz.002418,4.8500,4.8600,4.8400,4.8600,1146000,5560571.0000,3
2026-01-21,20260121103500000,sz.002418,4.8600,4.8600,4.8300,4.8300,904100,4380352.0000,3
2026-01-21,20260121104000000,sz.002418,4.8300,4.8400,4.8300,4.8300,637100,3077494.0000,3
2026-01-21,20260121104500000,sz.002418,4.8400,4.8600,4.8400,4.8500,1405500,6810911.0000,3
2026-01-21,20260121105000000,sz.002418,4.8500,4.8500,4.8300,4.8500,888900,4303769.0000,3
2026-01-21,20260121105500000,sz.002418,4.8400,4.8500,4.8300,4.8400,385300,1864609.0000,3
2026-01-21,20260121110000000,sz.002418,4.8400,4.8500,4.8300,4.8300,219100,1060895.0000,3
2026-01-21,20260121110500000,sz.002418,4.8300,4.8500,4.8300,4.8400,261600,1266653.0000,3
2026-01-21,20260121111000000,sz.002418,4.8500,4.8600,4.8400,4.8500,926800,4497187.0000,3
2026-01-21,20260121111500000,sz.002418,4.8500,4.8700,4.8500,4.8700,1431400,6965724.0000,3
2026-01-21,20260121112000000,sz.002418,4.8700,4.8800,4.8600,4.8700,286100,1393803.0000,3
2026-01-21,20260121112500000,sz.002418,4.8700,4.8800,4.8600,4.8600,484100,2357992.0000,3
2026-01-21,20260121113000000,sz.002418,4.8700,4.8700,4.8600,4.8600,239200,1163284.0000,3
2026-01-21,20260121130500000,sz.002418,4.8600,4.8700,4.8500,4.8600,771600,3750040.0000,3
2026-01-21,20260121131000000,sz.002418,4.8600,4.8700,4.8500,4.8500,829400,4026084.0000,3
2026-01-21,20260121131500000,sz.002418,4.8500,4.8600,4.8500,4.8500,863500,4188178.0000,3
2026-01-21,20260121132000000,sz.002418,4.8500,4.8500,4.8400,4.8400,253700,1229226.0000,3
2026-01-21,20260121132500000,sz.002418,4.8500,4.8500,4.8400,4.8400,1221800,5912581.0000,3
2026-01-21,20260121133000000,sz.002418,4.8400,4.8500,4.8400,4.8500,237100,1148732.0000,3
2026-01-21,20260121133500000,sz.002418,4.8500,4.8600,4.8400,4.8500,1009900,4895854.0000,3
2026-01-21,20260121134000000,sz.002418,4.8500,4.8600,4.8400,4.8500,277800,1347045.0000,3
2026-01-21,20260121134500000,sz.002418,4.8400,4.8700,4.8400,4.8700,1302600,6330372.0000,3
2026-01-21,20260121135000000,sz.002418,4.8600,4.8700,4.8600,4.8600,795200,3865580.0000,3
2026-01-21,20260121135500000,sz.002418,4.8600,4.8700,4.8600,4.8700,207700,1010166.0000,3
2026-01-21,20260121140000000,sz.002418,4.8700,4.8700,4.8600,4.8700,406900,1980863.0000,3
2026-01-21,20260121140500000,sz.002418,4.8700,4.8700,4.8600,4.8600,155300,755967.0000,3
2026-01-21,20260121141000000,sz.002418,4.8700,4.8700,4.8600,4.8700,370600,1802376.0000,3
2026-01-21,20260121141500000,sz.002418,4.8700,4.8800,4.8600,4.8700,988700,4815620.0000,3
2026-01-21,20260121142000000,sz.002418,4.8800,4.8800,4.8700,4.8700,537000,2615669.0000,3
2026-01-21,20260121142500000,sz.002418,4.8700,4.8800,4.8600,4.8700,975200,4747869.0000,3
2026-01-21,20260121143000000,sz.002418,4.8800,4.8800,4.8600,4.8700,431400,2098110.0000,3
2026-01-21,20260121143500000,sz.002418,4.8700,4.8700,4.8600,4.8700,353300,1718396.0000,3
2026-01-21,20260121144000000,sz.002418,4.8700,4.8800,4.8600,4.8700,1277300,6220255.0000,3
2026-01-21,20260121144500000,sz.002418,4.8700,4.8800,4.8700,4.8800,447000,2177431.0000,3
2026-01-21,20260121145000000,sz.002418,4.8800,4.8800,4.8700,4.8700,475900,2318913.0000,3
2026-01-21,20260121145500000,sz.002418,4.8700,4.8800,4.8700,4.8700,769800,3752479.0000,3
2026-01-21,20260121150000000,sz.002418,4.8700,4.8800,4.8700,4.8700,903300,4401303.0000,3
2026-01-22,20260122093500000,sz.002418,4.8800,4.9200,4.8800,4.8900,2207000,10810925.0000,3
2026-01-22,20260122094000000,sz.002418,4.8800,4.8900,4.8600,4.8800,2059900,10038563.0000,3
2026-01-22,20260122094500000,sz.002418,4.8700,4.8800,4.8600,4.8600,1058900,5159122.0000,3
2026-01-22,20260122095000000,sz.002418,4.8700,4.8800,4.8600,4.8700,871300,4241858.0000,3
2026-01-22,20260122095500000,sz.002418,4.8600,4.9100,4.8600,4.9000,1299900,6353822.0000,3
2026-01-22,20260122100000000,sz.002418,4.9000,4.9100,4.8900,4.9100,730900,3579286.0000,3
2026-01-22,20260122100500000,sz.002418,4.9000,4.9100,4.8900,4.8900,1152800,5651210.0000,3
2026-01-22,20260122101000000,sz.002418,4.8900,4.9100,4.8800,4.9000,784300,3839666.0000,3
2026-01-22,20260122101500000,sz.002418,4.9000,4.9100,4.8900,4.8900,766100,3749949.0000,3
2026-01-22,20260122102000000,sz.002418,4.8900,4.8900,4.8800,4.8800,486500,2376308.0000,3
2026-01-22,20260122102500000,sz.002418,4.8800,4.8900,4.8800,4.8900,610900,2984735.0000,3
2026-01-22,20260122103000000,sz.002418,4.8800,4.9000,4.8800,4.8800,541800,2650010.0000,3
2026-01-22,20260122103500000,sz.002418,4.8800,4.9000,4.8800,4.9000,488700,2388951.0000,3
2026-01-22,20260122104000000,sz.002418,4.9000,4.9100,4.8900,4.9100,957500,4693624.0000,3
2026-01-22,20260122104500000,sz.002418,4.9100,4.9100,4.8900,4.9000,532800,2611470.0000,3
2026-01-22,20260122105000000,sz.002418,4.8900,4.9000,4.8800,4.8900,474900,2323002.0000,3
2026-01-22,20260122105500000,sz.002418,4.8900,4.9000,4.8800,4.8900,342500,1674836.0000,3
2026-01-22,20260122110000000,sz.002418,4.8900,4.9000,4.8900,4.8900,337000,1648075.0000,3
2026-01-22,20260122110500000,sz.002418,4.8900,4.9000,4.8800,4.8800,377400,1844845.0000,3
2026-01-22,20260122111000000,sz.002418,4.8800,4.8900,4.8800,4.8900,307400,1501076.0000,3
2026-01-22,20260122111500000,sz.002418,4.8900,4.9000,4.8800,4.8800,549200,2685015.0000,3
2026-01-22,20260122112000000,sz.002418,4.8800,4.8900,4.8600,4.8800,1169400,5699839.0000,3
2026-01-22,20260122112500000,sz.002418,4.8800,4.8800,4.8700,4.8700,422900,2059647.0000,3
2026-01-22,20260122113000000,sz.002418,4.8700,4.8800,4.8700,4.8700,274400,1336672.0000,3
2026-01-22,20260122130500000,sz.002418,4.8700,4.8700,4.8600,4.8600,979200,4762562.0000,3
2026-01-22,20260122131000000,sz.002418,4.8600,4.8800,4.8600,4.8800,375100,1825994.0000,3
2026-01-22,20260122131500000,sz.002418,4.8800,4.8900,4.8700,4.8900,863500,4214200.0000,3
2026-01-22,20260122132000000,sz.002418,4.8900,4.8900,4.8800,4.8800,134100,655346.0000,3
2026-01-22,20260122132500000,sz.002418,4.8800,4.8900,4.8700,4.8700,685400,3342456.0000,3
2026-01-22,20260122133000000,sz.002418,4.8700,4.8800,4.8700,4.8800,68600,334624.0000,3
2026-01-22,20260122133500000,sz.002418,4.8800,4.8900,4.8800,4.8800,279400,1363645.0000,3
2026-01-22,20260122134000000,sz.002418,4.8800,4.9100,4.8800,4.9100,1599400,7823751.0000,3
2026-01-22,20260122134500000,sz.002418,4.9100,4.9100,4.8900,4.9000,460800,2256459.0000,3
2026-01-22,20260122135000000,sz.002418,4.9000,4.9000,4.8900,4.9000,133700,654440.0000,3
2026-01-22,20260122135500000,sz.002418,4.9000,4.9100,4.8900,4.9100,837600,4102451.0000,3
2026-01-22,20260122140000000,sz.002418,4.9000,4.9100,4.9000,4.9100,515700,2527638.0000,3
2026-01-22,20260122140500000,sz.002418,4.9100,4.9100,4.9000,4.9000,745500,3653335.0000,3
2026-01-22,20260122141000000,sz.002418,4.9000,4.9100,4.9000,4.9100,308700,1514238.0000,3
2026-01-22,20260122141500000,sz.002418,4.9100,4.9100,4.8900,4.9000,582000,2852408.0000,3
2026-01-22,20260122142000000,sz.002418,4.9000,4.9500,4.8900,4.9400,4781300,23541091.0000,3
2026-01-22,20260122142500000,sz.002418,4.9500,4.9500,4.9300,4.9400,1694800,8372659.0000,3
2026-01-22,20260122143000000,sz.002418,4.9400,4.9500,4.9400,4.9400,733700,3626149.0000,3
2026-01-22,20260122143500000,sz.002418,4.9400,4.9500,4.9300,4.9400,1074400,5307297.0000,3
2026-01-22,20260122144000000,sz.002418,4.9400,4.9500,4.9300,4.9400,503800,2488069.0000,3
2026-01-22,20260122144500000,sz.002418,4.9400,4.9400,4.9300,4.9400,543000,2680366.0000,3
2026-01-22,20260122145000000,sz.002418,4.9400,4.9400,4.9300,4.9300,587600,2899302.0000,3
2026-01-22,20260122145500000,sz.002418,4.9400,4.9400,4.9300,4.9400,1275300,6294762.0000,3
2026-01-22,20260122150000000,sz.002418,4.9300,4.9400,4.9300,4.9400,1873700,9248600.0000,3
2026-01-23,20260123093500000,sz.002418,4.9400,4.9600,4.9300,4.9300,2204200,10897199.0000,3
2026-01-23,20260123094000000,sz.002418,4.9300,4.9500,4.9200,4.9500,1956400,9655407.0000,3
2026-01-23,20260123094500000,sz.002418,4.9400,4.9500,4.9400,4.9400,792300,3919283.0000,3
2026-01-23,20260123095000000,sz.002418,4.9400,4.9500,4.9300,4.9300,837400,4135892.0000,3
2026-01-23,20260123095500000,sz.002418,4.9300,4.9500,4.9300,4.9500,955200,4719935.0000,3
2026-01-23,20260123100000000,sz.002418,4.9500,4.9500,4.9300,4.9300,762000,3763200.0000,3
2026-01-23,20260123100500000,sz.002418,4.9300,4.9500,4.9300,4.9500,1774100,8770500.0000,3
2026-01-23,20260123101000000,sz.002418,4.9500,4.9600,4.9400,4.9600,955500,4729166.0000,3
2026-01-23,20260123101500000,sz.002418,4.9500,4.9600,4.9500,4.9600,637100,3157131.0000,3
2026-01-23,20260123102000000,sz.002418,4.9600,4.9600,4.9500,4.9500,986800,4886147.0000,3
2026-01-23,20260123102500000,sz.002418,4.9500,4.9800,4.9400,4.9700,3054901,15167892.9600,3
2026-01-23,20260123103000000,sz.002418,4.9700,4.9800,4.9600,4.9700,1623200,8066448.0000,3
2026-01-23,20260123103500000,sz.002418,4.9700,4.9800,4.9600,4.9700,948500,4714543.0000,3
2026-01-23,20260123104000000,sz.002418,4.9700,4.9800,4.9600,4.9800,534200,2656405.0000,3
2026-01-23,20260123104500000,sz.002418,4.9800,4.9800,4.9700,4.9800,660200,3283506.0000,3
2026-01-23,20260123105000000,sz.002418,4.9700,4.9800,4.9600,4.9700,604900,3006096.0000,3
2026-01-23,20260123105500000,sz.002418,4.9700,4.9700,4.9600,4.9600,451100,2239564.0000,3
2026-01-23,20260123110000000,sz.002418,4.9600,4.9700,4.9600,4.9700,319600,1587581.0000,3
2026-01-23,20260123110500000,sz.002418,4.9700,4.9700,4.9600,4.9700,362600,1801429.0000,3
2026-01-23,20260123111000000,sz.002418,4.9700,4.9800,4.9600,4.9700,882700,4388206.0000,3
2026-01-23,20260123111500000,sz.002418,4.9700,4.9800,4.9600,4.9600,507300,2520679.0000,3
2026-01-23,20260123112000000,sz.002418,4.9600,4.9800,4.9600,4.9700,745400,3704624.0000,3
2026-01-23,20260123112500000,sz.002418,4.9700,4.9800,4.9600,4.9800,328300,1632425.0000,3
2026-01-23,20260123113000000,sz.002418,4.9800,4.9800,4.9700,4.9800,363500,1807856.0000,3
2026-01-23,20260123130500000,sz.002418,4.9700,4.9800,4.9700,4.9700,823600,4098861.0000,3
2026-01-23,20260123131000000,sz.002418,4.9800,4.9800,4.9700,4.9700,243600,1211508.0000,3
2026-01-23,20260123131500000,sz.002418,4.9800,4.9800,4.9700,4.9800,360200,1791877.0000,3
2026-01-23,20260123132000000,sz.002418,4.9700,4.9800,4.9700,4.9800,348100,1732234.0000,3
2026-01-23,20260123132500000,sz.002418,4.9700,4.9800,4.9700,4.9700,497300,2473225.0000,3
2026-01-23,20260123133000000,sz.002418,4.9700,4.9800,4.9700,4.9800,364800,1813917.0000,3
2026-01-23,20260123133500000,sz.002418,4.9700,4.9800,4.9700,4.9700,624000,3106365.0000,3
2026-01-23,20260123134000000,sz.002418,4.9800,4.9900,4.9700,4.9800,1100100,5477804.0000,3
2026-01-23,20260123134500000,sz.002418,4.9800,4.9900,4.9700,4.9700,1220000,6077411.0000,3
2026-01-23,20260123135000000,sz.002418,4.9800,4.9800,4.9700,4.9700,323300,1607523.0000,3
2026-01-23,20260123135500000,sz.002418,4.9700,4.9800,4.9700,4.9800,402700,2004358.0000,3
2026-01-23,20260123140000000,sz.002418,4.9800,4.9800,4.9700,4.9800,307800,1530788.0000,3
2026-01-23,20260123140500000,sz.002418,4.9800,4.9900,4.9700,4.9800,812200,4044253.0000,3
2026-01-23,20260123141000000,sz.002418,4.9800,4.9900,4.9800,4.9800,285300,1421881.0000,3
2026-01-23,20260123141500000,sz.002418,4.9800,4.9800,4.9700,4.9800,742700,3697184.0000,3
2026-01-23,20260123142000000,sz.002418,4.9800,4.9800,4.9700,4.9800,264800,1317954.0000,3
2026-01-23,20260123142500000,sz.002418,4.9800,4.9800,4.9700,4.9800,361200,1797837.0000,3
2026-01-23,20260123143000000,sz.002418,4.9800,4.9900,4.9700,4.9800,1266600,6312566.0000,3
2026-01-23,20260123143500000,sz.002418,4.9900,4.9900,4.9800,4.9800,589100,2938290.0000,3
2026-01-23,20260123144000000,sz.002418,4.9800,4.9900,4.9800,4.9900,468900,2336869.0000,3
2026-01-23,20260123144500000,sz.002418,4.9800,4.9900,4.9800,4.9900,662000,3301325.0000,3
2026-01-23,20260123145000000,sz.002418,4.9800,4.9900,4.9800,4.9900,993700,4957444.0000,3
2026-01-23,20260123145500000,sz.002418,4.9900,5.0000,4.9800,4.9900,2085900,10408101.0000,3
2026-01-23,20260123150000000,sz.002418,4.9900,5.0000,4.9900,5.0000,2102900,10511614.0000,3
2026-01-26,20260126093500000,sz.002418,5.0100,5.0800,5.0100,5.0600,4723200,23797700.0000,3
2026-01-26,20260126094000000,sz.002418,5.0700,5.0700,5.0300,5.0300,3730000,18858233.0000,3
2026-01-26,20260126094500000,sz.002418,5.0300,5.0400,4.9900,4.9900,2810400,14079172.0000,3
2026-01-26,20260126095000000,sz.002418,4.9900,4.9900,4.9700,4.9800,2130600,10612067.0000,3
2026-01-26,20260126095500000,sz.002418,4.9700,4.9900,4.9600,4.9600,2264300,11252269.0000,3
2026-01-26,20260126100000000,sz.002418,4.9600,4.9800,4.9500,4.9700,1678400,8331253.0000,3
2026-01-26,20260126100500000,sz.002418,4.9800,4.9900,4.9500,4.9600,1006100,4999662.0000,3
2026-01-26,20260126101000000,sz.002418,4.9600,4.9700,4.9500,4.9600,1136000,5631972.0000,3
2026-01-26,20260126101500000,sz.002418,4.9700,4.9700,4.9400,4.9400,2098700,10400358.0000,3
2026-01-26,20260126102000000,sz.002418,4.9400,4.9400,4.9200,4.9200,1180200,5822779.0000,3
2026-01-26,20260126102500000,sz.002418,4.9300,4.9400,4.9100,4.9300,2231000,10978630.0000,3
2026-01-26,20260126103000000,sz.002418,4.9200,4.9400,4.9200,4.9300,680600,3351853.0000,3
2026-01-26,20260126103500000,sz.002418,4.9200,4.9400,4.9100,4.9400,1442400,7096223.0000,3
2026-01-26,20260126104000000,sz.002418,4.9400,4.9400,4.9300,4.9300,435400,2147552.0000,3
2026-01-26,20260126104500000,sz.002418,4.9300,4.9400,4.9200,4.9200,469600,2315789.0000,3
2026-01-26,20260126105000000,sz.002418,4.9300,4.9300,4.9100,4.9100,699200,3440056.0000,3
2026-01-26,20260126105500000,sz.002418,4.9100,4.9300,4.9100,4.9300,488000,2400101.0000,3
2026-01-26,20260126110000000,sz.002418,4.9300,4.9300,4.9100,4.9200,413400,2033019.0000,3
2026-01-26,20260126110500000,sz.002418,4.9200,4.9300,4.9100,4.9300,428700,2108945.0000,3
2026-01-26,20260126111000000,sz.002418,4.9300,4.9300,4.9100,4.9300,824800,4057745.0000,3
2026-01-26,20260126111500000,sz.002418,4.9300,4.9500,4.9200,4.9500,706400,3487327.0000,3
2026-01-26,20260126112000000,sz.002418,4.9500,4.9500,4.9300,4.9300,202700,1001327.0000,3
2026-01-26,20260126112500000,sz.002418,4.9400,4.9400,4.9300,4.9300,395000,1947631.0000,3
2026-01-26,20260126113000000,sz.002418,4.9300,4.9400,4.9200,4.9200,415600,2048592.0000,3
2026-01-26,20260126130500000,sz.002418,4.9300,4.9400,4.9200,4.9200,600400,2957146.0000,3
2026-01-26,20260126131000000,sz.002418,4.9300,4.9300,4.9200,4.9200,507100,2495895.0000,3
2026-01-26,20260126131500000,sz.002418,4.9200,4.9200,4.9100,4.9200,466900,2294963.0000,3
2026-01-26,20260126132000000,sz.002418,4.9200,4.9200,4.9100,4.9100,308900,1518182.0000,3
2026-01-26,20260126132500000,sz.002418,4.9100,4.9100,4.9000,4.9000,1005200,4932877.0000,3
2026-01-26,20260126133000000,sz.002418,4.9000,4.9000,4.8800,4.8900,1424600,6975107.0000,3
2026-01-26,20260126133500000,sz.002418,4.8800,4.8900,4.8700,4.8700,1571500,7666060.0000,3
2026-01-26,20260126134000000,sz.002418,4.8800,4.8800,4.8700,4.8800,581400,2835965.0000,3
2026-01-26,20260126134500000,sz.002418,4.8800,4.8800,4.8700,4.8800,414000,2018791.0000,3
2026-01-26,20260126135000000,sz.002418,4.8700,4.8800,4.8600,4.8700,1276700,6217213.0000,3
2026-01-26,20260126135500000,sz.002418,4.8800,4.8900,4.8700,4.8800,757200,3695591.0000,3
2026-01-26,20260126140000000,sz.002418,4.8800,4.8800,4.8700,4.8800,172600,841385.0000,3
2026-01-26,20260126140500000,sz.002418,4.8800,4.8800,4.8600,4.8600,672100,3273198.0000,3
2026-01-26,20260126141000000,sz.002418,4.8600,4.8800,4.8600,4.8700,550100,2678730.0000,3
2026-01-26,20260126141500000,sz.002418,4.8700,4.8900,4.8700,4.8800,636700,3107252.0000,3
2026-01-26,20260126142000000,sz.002418,4.8800,4.8900,4.8700,4.8900,491600,2398848.0000,3
2026-01-26,20260126142500000,sz.002418,4.8900,4.9100,4.8900,4.9100,542900,2657784.0000,3
2026-01-26,20260126143000000,sz.002418,4.9100,4.9300,4.9100,4.9200,839100,4130077.0000,3
2026-01-26,20260126143500000,sz.002418,4.9200,4.9400,4.9200,4.9400,475300,2343909.0000,3
2026-01-26,20260126144000000,sz.002418,4.9300,4.9400,4.9200,4.9200,647000,3189813.0000,3
2026-01-26,20260126144500000,sz.002418,4.9300,4.9400,4.9200,4.9300,611200,3013765.0000,3
2026-01-26,20260126145000000,sz.002418,4.9400,4.9400,4.9300,4.9300,405900,2003284.0000,3
2026-01-26,20260126145500000,sz.002418,4.9300,4.9500,4.9300,4.9300,902400,4457180.0000,3
2026-01-26,20260126150000000,sz.002418,4.9400,4.9400,4.9300,4.9300,613500,3026473.0000,3
2026-01-27,20260127093500000,sz.002418,4.8800,4.9300,4.8500,4.8500,3919900,19145463.0000,3
2026-01-27,20260127094000000,sz.002418,4.8500,4.8600,4.8100,4.8200,3886500,18777595.0000,3
2026-01-27,20260127094500000,sz.002418,4.8100,4.8200,4.7600,4.7600,5156100,24683264.0000,3
2026-01-27,20260127095000000,sz.002418,4.7600,4.7600,4.7300,4.7300,4300700,20428759.0000,3
2026-01-27,20260127095500000,sz.002418,4.7300,4.7400,4.7000,4.7100,4579803,21598383.1000,3
2026-01-27,20260127100000000,sz.002418,4.7000,4.7100,4.6600,4.6800,4828997,22633358.8700,3
2026-01-27,20260127100500000,sz.002418,4.6800,4.7500,4.6700,4.7500,2761400,12972398.0000,3
2026-01-27,20260127101000000,sz.002418,4.7500,4.7600,4.7200,4.7500,2082500,9870240.0000,3
2026-01-27,20260127101500000,sz.002418,4.7500,4.7600,4.7400,4.7400,1071500,5090951.0000,3
2026-01-27,20260127102000000,sz.002418,4.7400,4.7500,4.7300,4.7400,712400,3378778.0000,3
2026-01-27,20260127102500000,sz.002418,4.7400,4.7500,4.7400,4.7400,612100,2904687.0000,3
2026-01-27,20260127103000000,sz.002418,4.7400,4.7400,4.7200,4.7300,670300,3171055.0000,3
2026-01-27,20260127103500000,sz.002418,4.7300,4.7400,4.7100,4.7200,675100,3186051.0000,3
2026-01-27,20260127104000000,sz.002418,4.7200,4.7600,4.7200,4.7500,812200,3851469.0000,3
2026-01-27,20260127104500000,sz.002418,4.7500,4.7600,4.7500,4.7500,315500,1499604.0000,3
2026-01-27,20260127105000000,sz.002418,4.7600,4.7600,4.7300,4.7400,602800,2860790.0000,3
2026-01-27,20260127105500000,sz.002418,4.7400,4.7400,4.7100,4.7100,871500,4114222.0000,3
2026-01-27,20260127110000000,sz.002418,4.7100,4.7200,4.7100,4.7100,457000,2155069.0000,3
2026-01-27,20260127110500000,sz.002418,4.7200,4.7300,4.7100,4.7300,656200,3093625.0000,3
2026-01-27,20260127111000000,sz.002418,4.7300,4.7300,4.7200,4.7200,244900,1157795.0000,3
2026-01-27,20260127111500000,sz.002418,4.7200,4.7300,4.7100,4.7200,333300,1573528.0000,3
2026-01-27,20260127112000000,sz.002418,4.7200,4.7300,4.7200,4.7300,289900,1369295.0000,3
2026-01-27,20260127112500000,sz.002418,4.7300,4.7300,4.7100,4.7200,335200,1583162.0000,3
2026-01-27,20260127113000000,sz.002418,4.7200,4.7300,4.7100,4.7200,330000,1557248.0000,3
2026-01-27,20260127130500000,sz.002418,4.7300,4.7400,4.7200,4.7300,640100,3025881.0000,3
2026-01-27,20260127131000000,sz.002418,4.7200,4.7400,4.7200,4.7400,421700,1994329.0000,3
2026-01-27,20260127131500000,sz.002418,4.7400,4.7800,4.7400,4.7800,1334600,6346561.0000,3
2026-01-27,20260127132000000,sz.002418,4.7800,4.7800,4.7600,4.7700,499500,2381992.0000,3
2026-01-27,20260127132500000,sz.002418,4.7700,4.7700,4.7600,4.7700,249400,1188056.0000,3
2026-01-27,20260127133000000,sz.002418,4.7700,4.7700,4.7600,4.7600,618400,2943966.0000,3
2026-01-27,20260127133500000,sz.002418,4.7700,4.7900,4.7600,4.7900,912200,4354326.0000,3
2026-01-27,20260127134000000,sz.002418,4.7800,4.7900,4.7600,4.7800,792200,3778896.0000,3
2026-01-27,20260127134500000,sz.002418,4.7700,4.7900,4.7700,4.7900,340000,1624501.0000,3
2026-01-27,20260127135000000,sz.002418,4.7900,4.8200,4.7800,4.8200,1119503,5377401.4300,3
2026-01-27,20260127135500000,sz.002418,4.8200,4.8200,4.8100,4.8100,389800,1877298.0000,3
2026-01-27,20260127140000000,sz.002418,4.8200,4.8200,4.8100,4.8100,322200,1551541.0000,3
2026-01-27,20260127140500000,sz.002418,4.8100,4.8300,4.8100,4.8300,606700,2926161.0000,3
2026-01-27,20260127141000000,sz.002418,4.8300,4.8300,4.8100,4.8200,599100,2888718.0000,3
2026-01-27,20260127141500000,sz.002418,4.8100,4.8300,4.8100,4.8300,707200,3408398.0000,3
2026-01-27,20260127142000000,sz.002418,4.8300,4.8300,4.8200,4.8300,405800,1957258.0000,3
2026-01-27,20260127142500000,sz.002418,4.8200,4.8300,4.8100,4.8200,590100,2840981.0000,3
2026-01-27,20260127143000000,sz.002418,4.8200,4.8200,4.8100,4.8200,439201,2115047.8100,3
2026-01-27,20260127143500000,sz.002418,4.8200,4.8300,4.8200,4.8300,502400,2422519.0000,3
2026-01-27,20260127144000000,sz.002418,4.8200,4.8200,4.8000,4.8100,1447000,6965582.0000,3
2026-01-27,20260127144500000,sz.002418,4.8100,4.8200,4.8000,4.8200,614700,2956383.0000,3
2026-01-27,20260127145000000,sz.002418,4.8200,4.8200,4.8100,4.8100,436600,2102006.0000,3
2026-01-27,20260127145500000,sz.002418,4.8200,4.8200,4.8100,4.8200,841600,4052863.0000,3
2026-01-27,20260127150000000,sz.002418,4.8100,4.8200,4.8100,4.8100,741000,3567833.0000,3
2026-01-28,20260128093500000,sz.002418,4.8100,4.8100,4.7500,4.7800,1518876,7253741.0000,3
2026-01-28,20260128094000000,sz.002418,4.7800,4.8200,4.7800,4.8000,959500,4602641.0000,3
2026-01-28,20260128094500000,sz.002418,4.8000,4.8100,4.7800,4.7900,890100,4266803.0000,3
2026-01-28,20260128095000000,sz.002418,4.7900,4.7900,4.7500,4.7600,1931400,9215742.0000,3
2026-01-28,20260128095500000,sz.002418,4.7500,4.7600,4.7200,4.7400,2176900,10321703.0000,3
2026-01-28,20260128100000000,sz.002418,4.7300,4.7400,4.7300,4.7300,1327500,6282815.0000,3
2026-01-28,20260128100500000,sz.002418,4.7300,4.7300,4.7100,4.7200,2173000,10255593.0000,3
2026-01-28,20260128101000000,sz.002418,4.7200,4.7200,4.7000,4.7100,2023700,9531236.0000,3
2026-01-28,20260128101500000,sz.002418,4.7100,4.7200,4.7000,4.7100,1346700,6344590.0000,3
2026-01-28,20260128102000000,sz.002418,4.7100,4.7200,4.7000,4.7100,596300,2808950.0000,3
2026-01-28,20260128102500000,sz.002418,4.7100,4.7400,4.7100,4.7200,666000,3148289.0000,3
2026-01-28,20260128103000000,sz.002418,4.7200,4.7500,4.7200,4.7400,542400,2565493.0000,3
2026-01-28,20260128103500000,sz.002418,4.7400,4.7500,4.7300,4.7300,605600,2871336.0000,3
2026-01-28,20260128104000000,sz.002418,4.7400,4.7400,4.7200,4.7200,565900,2675921.0000,3
2026-01-28,20260128104500000,sz.002418,4.7200,4.7400,4.7200,4.7400,434500,2054429.0000,3
2026-01-28,20260128105000000,sz.002418,4.7300,4.7600,4.7300,4.7400,1299700,6169331.0000,3
2026-01-28,20260128105500000,sz.002418,4.7400,4.7500,4.7400,4.7400,488000,2313926.0000,3
2026-01-28,20260128110000000,sz.002418,4.7400,4.7500,4.7300,4.7400,401900,1904445.0000,3
2026-01-28,20260128110500000,sz.002418,4.7300,4.7500,4.7300,4.7300,723800,3427412.0000,3
2026-01-28,20260128111000000,sz.002418,4.7300,4.7400,4.7300,4.7300,179800,850872.0000,3
2026-01-28,20260128111500000,sz.002418,4.7300,4.7400,4.7300,4.7300,246200,1165894.0000,3
2026-01-28,20260128112000000,sz.002418,4.7300,4.7500,4.7300,4.7500,270400,1281408.0000,3
2026-01-28,20260128112500000,sz.002418,4.7500,4.7600,4.7400,4.7600,450000,2137999.0000,3
2026-01-28,20260128113000000,sz.002418,4.7600,4.7700,4.7600,4.7700,577200,2750038.0000,3
2026-01-28,20260128130500000,sz.002418,4.7700,4.8000,4.7700,4.8000,1932300,9251803.0000,3
2026-01-28,20260128131000000,sz.002418,4.8000,4.8100,4.7900,4.7900,639100,3068899.0000,3
2026-01-28,20260128131500000,sz.002418,4.7900,4.8100,4.7900,4.7900,855800,4105635.0000,3
2026-01-28,20260128132000000,sz.002418,4.7900,4.8000,4.7700,4.7700,731200,3499609.0000,3
2026-01-28,20260128132500000,sz.002418,4.7700,4.7800,4.7700,4.7700,387400,1848753.0000,3
2026-01-28,20260128133000000,sz.002418,4.7700,4.7800,4.7600,4.7700,402100,1918188.0000,3
2026-01-28,20260128133500000,sz.002418,4.7700,4.7800,4.7600,4.7600,559500,2669689.0000,3
2026-01-28,20260128134000000,sz.002418,4.7600,4.7800,4.7600,4.7800,243300,1159540.0000,3
2026-01-28,20260128134500000,sz.002418,4.7700,4.7800,4.7600,4.7600,415800,1981893.0000,3
2026-01-28,20260128135000000,sz.002418,4.7600,4.7800,4.7600,4.7700,200900,958158.0000,3
2026-01-28,20260128135500000,sz.002418,4.7700,4.7700,4.7600,4.7600,184400,878437.0000,3
2026-01-28,20260128140000000,sz.002418,4.7600,4.7700,4.7500,4.7500,252800,1203210.0000,3
2026-01-28,20260128140500000,sz.002418,4.7500,4.7700,4.7500,4.7500,539600,2567722.0000,3
2026-01-28,20260128141000000,sz.002418,4.7600,4.7700,4.7500,4.7700,504500,2399200.0000,3
2026-01-28,20260128141500000,sz.002418,4.7600,4.7800,4.7600,4.7800,698600,3333179.0000,3
2026-01-28,20260128142000000,sz.002418,4.7700,4.7800,4.7700,4.7700,217600,1038311.0000,3
2026-01-28,20260128142500000,sz.002418,4.7700,4.7800,4.7600,4.7700,271400,1294476.0000,3
2026-01-28,20260128143000000,sz.002418,4.7700,4.7800,4.7600,4.7700,397900,1897262.0000,3
2026-01-28,20260128143500000,sz.002418,4.7700,4.7800,4.7700,4.7700,687300,3279441.0000,3
2026-01-28,20260128144000000,sz.002418,4.7700,4.7800,4.7600,4.7600,521700,2488875.0000,3
2026-01-28,20260128144500000,sz.002418,4.7600,4.7700,4.7600,4.7600,384600,1832602.0000,3
2026-01-28,20260128145000000,sz.002418,4.7700,4.7700,4.7600,4.7700,378700,1804367.0000,3
2026-01-28,20260128145500000,sz.002418,4.7600,4.7700,4.7600,4.7700,1021300,4868983.0000,3
2026-01-28,20260128150000000,sz.002418,4.7600,4.7800,4.7600,4.7700,903700,4311437.0200,3
2026-01-29,20260129093500000,sz.002418,4.7300,4.7300,4.6600,4.7200,3448900,16201011.0000,3
2026-01-29,20260129094000000,sz.002418,4.7100,4.7700,4.6900,4.7600,2466800,11661604.0000,3
2026-01-29,20260129094500000,sz.002418,4.7700,4.7800,4.7500,4.7500,1483500,7067496.0000,3
2026-01-29,20260129095000000,sz.002418,4.7600,4.7700,4.7300,4.7500,1602900,7601497.0000,3
2026-01-29,20260129095500000,sz.002418,4.7600,4.8000,4.7500,4.7900,1116300,5330986.0000,3
2026-01-29,20260129100000000,sz.002418,4.8000,4.8000,4.7800,4.7800,1138700,5453770.0000,3
2026-01-29,20260129100500000,sz.002418,4.7900,4.8000,4.7800,4.7900,1095900,5251685.0000,3
2026-01-29,20260129101000000,sz.002418,4.7900,4.8100,4.7900,4.8000,1078100,5171458.0000,3
2026-01-29,20260129101500000,sz.002418,4.8000,4.8200,4.8000,4.8100,1111000,5343901.0000,3
2026-01-29,20260129102000000,sz.002418,4.8100,4.8100,4.7800,4.7900,687600,3298321.0000,3
2026-01-29,20260129102500000,sz.002418,4.7800,4.8000,4.7800,4.7900,480600,2301679.0000,3
2026-01-29,20260129103000000,sz.002418,4.7900,4.7900,4.7800,4.7800,421400,2018156.0000,3
2026-01-29,20260129103500000,sz.002418,4.7900,4.8000,4.7800,4.7900,265400,1270894.0000,3
2026-01-29,20260129104000000,sz.002418,4.7900,4.8000,4.7900,4.7900,387400,1855977.0000,3
2026-01-29,20260129104500000,sz.002418,4.7900,4.8000,4.7900,4.7900,154000,738076.0000,3
2026-01-29,20260129105000000,sz.002418,4.7900,4.8000,4.7900,4.7900,155900,747787.0000,3
2026-01-29,20260129105500000,sz.002418,4.8000,4.8000,4.7900,4.8000,246400,1180743.0000,3
2026-01-29,20260129110000000,sz.002418,4.8000,4.8100,4.7900,4.8000,802300,3851802.0000,3
2026-01-29,20260129110500000,sz.002418,4.8000,4.8100,4.7900,4.7900,254300,1220546.0000,3
2026-01-29,20260129111000000,sz.002418,4.7900,4.8000,4.7800,4.7800,332700,1593806.0000,3
2026-01-29,20260129111500000,sz.002418,4.7800,4.7900,4.7700,4.7700,621400,2969383.0000,3
2026-01-29,20260129112000000,sz.002418,4.7700,4.7900,4.7700,4.7900,610200,2913940.0000,3
2026-01-29,20260129112500000,sz.002418,4.7800,4.7900,4.7800,4.7800,443500,2122478.0000,3
2026-01-29,20260129113000000,sz.002418,4.7800,4.7900,4.7700,4.7800,239600,1144756.0000,3
2026-01-29,20260129130500000,sz.002418,4.7800,4.7800,4.7500,4.7500,826900,3940662.0000,3
2026-01-29,20260129131000000,sz.002418,4.7600,4.7800,4.7500,4.7700,401900,1916469.0000,3
2026-01-29,20260129131500000,sz.002418,4.7700,4.7800,4.7600,4.7600,462300,2203509.0000,3
2026-01-29,20260129132000000,sz.002418,4.7600,4.7700,4.7600,4.7600,283600,1350213.0000,3
2026-01-29,20260129132500000,sz.002418,4.7600,4.7700,4.7500,4.7500,325800,1550641.0000,3
2026-01-29,20260129133000000,sz.002418,4.7500,4.7600,4.7400,4.7400,706100,3350824.0000,3
2026-01-29,20260129133500000,sz.002418,4.7400,4.7400,4.7300,4.7400,619500,2932304.0000,3
2026-01-29,20260129134000000,sz.002418,4.7300,4.7500,4.7300,4.7400,423000,2004186.0000,3
2026-01-29,20260129134500000,sz.002418,4.7400,4.7500,4.7400,4.7500,291500,1384110.0000,3
2026-01-29,20260129135000000,sz.002418,4.7500,4.7500,4.7200,4.7300,926100,4382867.0000,3
2026-01-29,20260129135500000,sz.002418,4.7300,4.7300,4.7100,4.7200,760600,3590451.0000,3
2026-01-29,20260129140000000,sz.002418,4.7300,4.7300,4.7000,4.7100,831900,3920000.0000,3
2026-01-29,20260129140500000,sz.002418,4.7100,4.7100,4.7000,4.7100,1311300,6165146.0000,3
2026-01-29,20260129141000000,sz.002418,4.7100,4.7100,4.7000,4.7000,413300,1944389.0000,3
2026-01-29,20260129141500000,sz.002418,4.7000,4.7100,4.6800,4.6800,2527500,11854766.0000,3
2026-01-29,20260129142000000,sz.002418,4.6800,4.7000,4.6800,4.7000,847500,3970233.0000,3
2026-01-29,20260129142500000,sz.002418,4.7000,4.7100,4.7000,4.7100,383400,1803208.0000,3
2026-01-29,20260129143000000,sz.002418,4.7100,4.7200,4.7000,4.7100,483700,2279958.0000,3
2026-01-29,20260129143500000,sz.002418,4.7100,4.7100,4.6900,4.7000,941700,4427771.0000,3
2026-01-29,20260129144000000,sz.002418,4.6900,4.7000,4.6900,4.6900,583000,2736632.0000,3
2026-01-29,20260129144500000,sz.002418,4.7000,4.7100,4.6900,4.7100,632000,2967641.0000,3
2026-01-29,20260129145000000,sz.002418,4.7100,4.7100,4.7000,4.7100,1090000,5130108.0000,3
2026-01-29,20260129145500000,sz.002418,4.7000,4.7100,4.7000,4.7000,501900,2359836.0000,3
2026-01-29,20260129150000000,sz.002418,4.7000,4.7100,4.6900,4.6900,787400,3697739.0000,3
2026-01-30,20260130093500000,sz.002418,4.7500,4.8000,4.7500,4.7700,6275400,29946757.0000,3
2026-01-30,20260130094000000,sz.002418,4.7600,4.8300,4.7300,4.8100,5403300,25873583.0000,3
2026-01-30,20260130094500000,sz.002418,4.8100,4.8200,4.7900,4.7900,3446700,16576733.0000,3
2026-01-30,20260130095000000,sz.002418,4.7900,4.8400,4.7700,4.8300,3916700,18834577.0000,3
2026-01-30,20260130095500000,sz.002418,4.8400,4.8500,4.8100,4.8200,4253700,20592299.0000,3
2026-01-30,20260130100000000,sz.002418,4.8200,4.8200,4.7800,4.7800,1098500,5269662.0000,3
2026-01-30,20260130100500000,sz.002418,4.7800,4.7800,4.7500,4.7600,2887200,13744189.0000,3
2026-01-30,20260130101000000,sz.002418,4.7600,4.7800,4.7600,4.7700,1529700,7295689.0000,3
2026-01-30,20260130101500000,sz.002418,4.7700,4.7700,4.7500,4.7500,1917300,9121144.0000,3
2026-01-30,20260130102000000,sz.002418,4.7500,4.7500,4.7400,4.7500,684200,3248743.0000,3
2026-01-30,20260130102500000,sz.002418,4.7400,4.7400,4.7300,4.7400,1167800,5533783.0000,3
2026-01-30,20260130103000000,sz.002418,4.7300,4.7600,4.7300,4.7600,1357900,6445350.0000,3
2026-01-30,20260130103500000,sz.002418,4.7500,4.7500,4.7200,4.7200,1710000,8099930.0000,3
2026-01-30,20260130104000000,sz.002418,4.7200,4.7800,4.7200,4.7800,1335800,6338915.0000,3
2026-01-30,20260130104500000,sz.002418,4.7800,4.7800,4.7700,4.7700,435900,2082333.0000,3
2026-01-30,20260130105000000,sz.002418,4.7700,4.7800,4.7600,4.7700,547100,2609464.0000,3
2026-01-30,20260130105500000,sz.002418,4.7700,4.7800,4.7600,4.7600,537300,2558814.0000,3
2026-01-30,20260130110000000,sz.002418,4.7600,4.7600,4.7400,4.7400,470700,2235120.0000,3
2026-01-30,20260130110500000,sz.002418,4.7400,4.7500,4.7300,4.7300,558300,2646397.0000,3
2026-01-30,20260130111000000,sz.002418,4.7300,4.7500,4.7300,4.7400,263500,1249277.0000,3
2026-01-30,20260130111500000,sz.002418,4.7400,4.7400,4.7200,4.7300,1240200,5864412.0000,3
2026-01-30,20260130112000000,sz.002418,4.7300,4.7400,4.7300,4.7300,475800,2251858.0000,3
2026-01-30,20260130112500000,sz.002418,4.7400,4.7400,4.7200,4.7300,228100,1078996.0000,3
2026-01-30,20260130113000000,sz.002418,4.7300,4.7400,4.7200,4.7400,496300,2347911.0000,3
2026-01-30,20260130130500000,sz.002418,4.7300,4.7400,4.7100,4.7400,1997200,9437812.0000,3
2026-01-30,20260130131000000,sz.002418,4.7400,4.7500,4.7300,4.7500,467700,2216626.0000,3
2026-01-30,20260130131500000,sz.002418,4.7500,4.7500,4.7400,4.7400,397900,1887811.0000,3
2026-01-30,20260130132000000,sz.002418,4.7400,4.7900,4.7300,4.7900,1779300,8473390.0000,3
2026-01-30,20260130132500000,sz.002418,4.7900,4.8300,4.7800,4.8000,2212000,10630263.0000,3
2026-01-30,20260130133000000,sz.002418,4.7900,4.8000,4.7800,4.7900,480000,2299262.0000,3
2026-01-30,20260130133500000,sz.002418,4.7900,4.8000,4.7800,4.7900,872000,4175662.0000,3
2026-01-30,20260130134000000,sz.002418,4.7900,4.8000,4.7800,4.7900,490800,2351890.0000,3
2026-01-30,20260130134500000,sz.002418,4.8000,4.8000,4.7900,4.8000,955700,4586965.0000,3
2026-01-30,20260130135000000,sz.002418,4.8000,4.8000,4.7900,4.8000,805700,3864264.0000,3
2026-01-30,20260130135500000,sz.002418,4.8000,4.8100,4.8000,4.8100,551900,2653418.0000,3
2026-01-30,20260130140000000,sz.002418,4.8100,4.8100,4.7900,4.7900,502800,2413244.0000,3
2026-01-30,20260130140500000,sz.002418,4.7900,4.8000,4.7800,4.8000,565700,2709846.0000,3
2026-01-30,20260130141000000,sz.002418,4.7900,4.8000,4.7900,4.7900,270000,1293727.0000,3
2026-01-30,20260130141500000,sz.002418,4.7900,4.8000,4.7900,4.7900,252400,1209200.0000,3
2026-01-30,20260130142000000,sz.002418,4.7900,4.8000,4.7900,4.7900,423700,2031365.0000,3
2026-01-30,20260130142500000,sz.002418,4.8000,4.8000,4.7800,4.7900,824700,3948154.0000,3
2026-01-30,20260130143000000,sz.002418,4.7900,4.7900,4.7700,4.7800,407800,1949496.0000,3
2026-01-30,20260130143500000,sz.002418,4.7800,4.7800,4.7600,4.7700,647700,3091316.0000,3
2026-01-30,20260130144000000,sz.002418,4.7700,4.7700,4.7600,4.7700,224900,1071894.0000,3
2026-01-30,20260130144500000,sz.002418,4.7700,4.7700,4.7600,4.7600,777600,3707548.0000,3
2026-01-30,20260130145000000,sz.002418,4.7700,4.7800,4.7600,4.7800,808400,3859317.0000,3
2026-01-30,20260130145500000,sz.002418,4.7800,4.7900,4.7700,4.7800,1573400,7529857.0000,3
2026-01-30,20260130150000000,sz.002418,4.7900,4.8000,4.7800,4.7900,1347100,6453385.0000,3
2026-02-02,20260202093500000,sz.002418,4.7600,4.8100,4.7300,4.8000,3809200,18149376.0000,3
2026-02-02,20260202094000000,sz.002418,4.8000,4.8200,4.7700,4.7900,3879200,18629064.0000,3
2026-02-02,20260202094500000,sz.002418,4.8000,4.8000,4.7600,4.7600,1997700,9550069.0000,3
2026-02-02,20260202095000000,sz.002418,4.7500,4.7600,4.7000,4.7100,3061200,14464413.0000,3
2026-02-02,20260202095500000,sz.002418,4.7000,4.7200,4.6700,4.7100,3815700,17909319.0000,3
2026-02-02,20260202100000000,sz.002418,4.7000,4.7100,4.6800,4.7100,1364000,6407820.0000,3
2026-02-02,20260202100500000,sz.002418,4.7100,4.7100,4.6800,4.7100,1137600,5341565.0000,3
2026-02-02,20260202101000000,sz.002418,4.7100,4.7400,4.7000,4.7300,1039700,4905963.0000,3
2026-02-02,20260202101500000,sz.002418,4.7400,4.7400,4.7200,4.7200,627000,2967377.0000,3
2026-02-02,20260202102000000,sz.002418,4.7200,4.7400,4.7100,4.7300,423800,2005002.0000,3
2026-02-02,20260202102500000,sz.002418,4.7300,4.7500,4.7100,4.7400,723000,3421960.0000,3
2026-02-02,20260202103000000,sz.002418,4.7400,4.7600,4.7400,4.7600,486800,2312986.0000,3
2026-02-02,20260202103500000,sz.002418,4.7500,4.7600,4.7500,4.7500,390200,1855663.0000,3
2026-02-02,20260202104000000,sz.002418,4.7500,4.7600,4.7400,4.7400,517500,2456881.0000,3
2026-02-02,20260202104500000,sz.002418,4.7400,4.7500,4.7300,4.7500,282400,1338909.0000,3
2026-02-02,20260202105000000,sz.002418,4.7400,4.7500,4.7400,4.7400,190200,902134.0000,3
2026-02-02,20260202105500000,sz.002418,4.7400,4.7500,4.7300,4.7300,575600,2725896.0000,3
2026-02-02,20260202110000000,sz.002418,4.7300,4.7400,4.7100,4.7200,273900,1294193.0000,3
2026-02-02,20260202110500000,sz.002418,4.7200,4.7200,4.7000,4.7200,661300,3114107.0000,3
2026-02-02,20260202111000000,sz.002418,4.7200,4.7200,4.7000,4.7200,337500,1589450.0000,3
2026-02-02,20260202111500000,sz.002418,4.7200,4.7200,4.7100,4.7200,155300,732065.0000,3
2026-02-02,20260202112000000,sz.002418,4.7300,4.7500,4.7300,4.7300,979500,4634312.0000,3
2026-02-02,20260202112500000,sz.002418,4.7300,4.7400,4.7200,4.7200,251900,1190713.0000,3
2026-02-02,20260202113000000,sz.002418,4.7200,4.7200,4.7100,4.7100,233300,1100075.0000,3
2026-02-02,20260202130500000,sz.002418,4.7200,4.7200,4.7000,4.7200,730400,3437874.0000,3
2026-02-02,20260202131000000,sz.002418,4.7200,4.7200,4.7100,4.7200,199400,939745.0000,3
2026-02-02,20260202131500000,sz.002418,4.7200,4.7300,4.7100,4.7200,232200,1095484.0000,3
2026-02-02,20260202132000000,sz.002418,4.7200,4.7300,4.7100,4.7100,434100,2045164.0000,3
2026-02-02,20260202132500000,sz.002418,4.7100,4.7200,4.7000,4.7100,251500,1184423.0000,3
2026-02-02,20260202133000000,sz.002418,4.7100,4.7200,4.7000,4.7100,187100,881254.0000,3
2026-02-02,20260202133500000,sz.002418,4.7100,4.7100,4.6900,4.6900,579800,2724708.0000,3
2026-02-02,20260202134000000,sz.002418,4.6900,4.7000,4.6900,4.7000,569700,2674773.0000,3
2026-02-02,20260202134500000,sz.002418,4.7000,4.7000,4.6900,4.6900,527700,2475407.0000,3
2026-02-02,20260202135000000,sz.002418,4.6900,4.7000,4.6800,4.6800,646600,3031080.0000,3
2026-02-02,20260202135500000,sz.002418,4.6800,4.6900,4.6600,4.6700,2388900,11168809.0000,3
2026-02-02,20260202140000000,sz.002418,4.6800,4.6900,4.6700,4.6900,689400,3225946.0000,3
2026-02-02,20260202140500000,sz.002418,4.6900,4.7100,4.6800,4.7000,619300,2908692.0000,3
2026-02-02,20260202141000000,sz.002418,4.7000,4.7000,4.6800,4.6900,552400,2591100.0000,3
2026-02-02,20260202141500000,sz.002418,4.6900,4.7000,4.6600,4.6800,2067500,9672483.0000,3
2026-02-02,20260202142000000,sz.002418,4.6800,4.6800,4.6700,4.6700,295700,1382953.0000,3
2026-02-02,20260202142500000,sz.002418,4.6800,4.6800,4.6700,4.6700,293300,1370309.0000,3
2026-02-02,20260202143000000,sz.002418,4.6700,4.6700,4.6600,4.6600,1106400,5160299.0000,3
2026-02-02,20260202143500000,sz.002418,4.6600,4.6700,4.6600,4.6600,1082698,5045719.7000,3
2026-02-02,20260202144000000,sz.002418,4.6600,4.6700,4.6400,4.6500,1627202,7568505.3000,3
2026-02-02,20260202144500000,sz.002418,4.6500,4.6500,4.6300,4.6400,1160500,5385260.0000,3
2026-02-02,20260202145000000,sz.002418,4.6300,4.6400,4.6100,4.6100,1464000,6768462.0000,3
2026-02-02,20260202145500000,sz.002418,4.6100,4.6200,4.6100,4.6100,1270400,5860771.0000,3
2026-02-02,20260202150000000,sz.002418,4.6100,4.6200,4.6000,4.6000,921500,4243387.0200,3
2026-02-03,20260203093500000,sz.002418,4.6600,4.6700,4.6100,4.6300,2529300,11723873.0000,3
2026-02-03,20260203094000000,sz.002418,4.6200,4.6500,4.6100,4.6200,1993700,9227252.0000,3
2026-02-03,20260203094500000,sz.002418,4.6200,4.6300,4.6000,4.6300,3676900,16963467.0000,3
2026-02-03,20260203095000000,sz.002418,4.6300,4.6300,4.6200,4.6200,678700,3137560.0000,3
2026-02-03,20260203095500000,sz.002418,4.6200,4.6300,4.6100,4.6100,1047800,4837092.0000,3
2026-02-03,20260203100000000,sz.002418,4.6100,4.6300,4.6000,4.6300,1002300,4630868.0000,3
2026-02-03,20260203100500000,sz.002418,4.6400,4.6500,4.6300,4.6300,943000,4376529.0000,3
2026-02-03,20260203101000000,sz.002418,4.6300,4.6500,4.6300,4.6400,706600,3278749.0000,3
2026-02-03,20260203101500000,sz.002418,4.6400,4.6500,4.6100,4.6100,1381800,6386531.0000,3
2026-02-03,20260203102000000,sz.002418,4.6200,4.6200,4.6100,4.6200,318100,1468388.0000,3
2026-02-03,20260203102500000,sz.002418,4.6200,4.6300,4.6200,4.6200,547800,2531117.0000,3
2026-02-03,20260203103000000,sz.002418,4.6200,4.6200,4.6000,4.6100,850500,3921345.0000,3
2026-02-03,20260203103500000,sz.002418,4.6100,4.6100,4.5800,4.5800,1599100,7347368.0000,3
2026-02-03,20260203104000000,sz.002418,4.5800,4.6000,4.5800,4.6000,522200,2399255.0000,3
2026-02-03,20260203104500000,sz.002418,4.6000,4.6100,4.5800,4.5800,663600,3048342.0000,3
2026-02-03,20260203105000000,sz.002418,4.5800,4.5900,4.5700,4.5700,1265200,5786928.0000,3
2026-02-03,20260203105500000,sz.002418,4.5700,4.5900,4.5700,4.5800,1647000,7532660.0000,3
2026-02-03,20260203110000000,sz.002418,4.5900,4.6000,4.5800,4.6000,265100,1216757.0000,3
2026-02-03,20260203110500000,sz.002418,4.6000,4.6000,4.5900,4.6000,243100,1116176.0000,3
2026-02-03,20260203111000000,sz.002418,4.6000,4.6000,4.5800,4.6000,581400,2667447.0000,3
2026-02-03,20260203111500000,sz.002418,4.6000,4.6000,4.5900,4.5900,246600,1132527.0000,3
2026-02-03,20260203112000000,sz.002418,4.5900,4.6000,4.5900,4.6000,854700,3929300.0000,3
2026-02-03,20260203112500000,sz.002418,4.6000,4.6200,4.6000,4.6100,174300,803186.0000,3
2026-02-03,20260203113000000,sz.002418,4.6200,4.6200,4.6000,4.6100,299600,1381627.0000,3
2026-02-03,20260203130500000,sz.002418,4.6200,4.6400,4.6100,4.6400,570400,2638963.0000,3
2026-02-03,20260203131000000,sz.002418,4.6400,4.6400,4.6300,4.6400,310400,1437798.0000,3
2026-02-03,20260203131500000,sz.002418,4.6400,4.6400,4.6200,4.6300,521600,2414715.0000,3
2026-02-03,20260203132000000,sz.002418,4.6200,4.6400,4.6200,4.6300,448100,2074945.0000,3
2026-02-03,20260203132500000,sz.002418,4.6300,4.6400,4.6200,4.6300,302700,1401610.0000,3
2026-02-03,20260203133000000,sz.002418,4.6300,4.6400,4.6300,4.6300,215700,999013.0000,3
2026-02-03,20260203133500000,sz.002418,4.6400,4.6400,4.6300,4.6400,247300,1146132.0000,3
2026-02-03,20260203134000000,sz.002418,4.6400,4.6500,4.6300,4.6500,1269500,5892545.0000,3
2026-02-03,20260203134500000,sz.002418,4.6400,4.6600,4.6400,4.6500,1175300,5464106.0000,3
2026-02-03,20260203135000000,sz.002418,4.6600,4.6600,4.6500,4.6600,351800,1638298.0000,3
2026-02-03,20260203135500000,sz.002418,4.6600,4.6600,4.6500,4.6600,267800,1246960.0000,3
2026-02-03,20260203140000000,sz.002418,4.6600,4.6600,4.6500,4.6600,212800,990951.0000,3
2026-02-03,20260203140500000,sz.002418,4.6500,4.6600,4.6500,4.6600,234000,1088924.0000,3
2026-02-03,20260203141000000,sz.002418,4.6600,4.6700,4.6500,4.6700,764600,3562636.0000,3
2026-02-03,20260203141500000,sz.002418,4.6700,4.6800,4.6700,4.6800,778100,3634167.0000,3
2026-02-03,20260203142000000,sz.002418,4.6800,4.6800,4.6700,4.6800,93200,435605.0000,3
2026-02-03,20260203142500000,sz.002418,4.6800,4.6800,4.6700,4.6800,142600,666275.0000,3
2026-02-03,20260203143000000,sz.002418,4.6700,4.6800,4.6600,4.6700,972300,4537029.0000,3
2026-02-03,20260203143500000,sz.002418,4.6700,4.6700,4.6600,4.6600,428200,1997691.0000,3
2026-02-03,20260203144000000,sz.002418,4.6700,4.6800,4.6600,4.6700,1022800,4776782.0000,3
2026-02-03,20260203144500000,sz.002418,4.6700,4.6800,4.6700,4.6700,496400,2320986.0000,3
2026-02-03,20260203145000000,sz.002418,4.6800,4.6800,4.6700,4.6800,535700,2503588.0000,3
2026-02-03,20260203145500000,sz.002418,4.6700,4.6800,4.6700,4.6800,1103200,5156272.0000,3
2026-02-03,20260203150000000,sz.002418,4.6700,4.6800,4.6700,4.6800,1110200,5193804.0000,3
2026-02-04,20260204093500000,sz.002418,4.6500,4.6800,4.6400,4.6600,1611300,7504148.0000,3
2026-02-04,20260204094000000,sz.002418,4.6500,4.6800,4.6500,4.6700,1221300,5699366.0000,3
2026-02-04,20260204094500000,sz.002418,4.6700,4.7100,4.6700,4.6900,2610200,12246136.0000,3
2026-02-04,20260204095000000,sz.002418,4.6900,4.6900,4.6600,4.6700,748800,3501034.0000,3
2026-02-04,20260204095500000,sz.002418,4.6600,4.7000,4.6600,4.7000,1293900,6053867.0000,3
2026-02-04,20260204100000000,sz.002418,4.6900,4.7100,4.6900,4.7000,1845400,8677494.0000,3
2026-02-04,20260204100500000,sz.002418,4.6900,4.7400,4.6900,4.7400,1664900,7847280.0000,3
2026-02-04,20260204101000000,sz.002418,4.7300,4.7500,4.7200,4.7300,1051200,4978305.0000,3
2026-02-04,20260204101500000,sz.002418,4.7300,4.7400,4.7200,4.7200,282100,1334221.0000,3
2026-02-04,20260204102000000,sz.002418,4.7200,4.7300,4.7100,4.7200,356100,1680893.0000,3
2026-02-04,20260204102500000,sz.002418,4.7200,4.7300,4.7200,4.7200,122800,579757.0000,3
2026-02-04,20260204103000000,sz.002418,4.7200,4.7300,4.7100,4.7200,631900,2982641.0000,3
2026-02-04,20260204103500000,sz.002418,4.7200,4.7200,4.7100,4.7200,554600,2616964.0000,3
2026-02-04,20260204104000000,sz.002418,4.7300,4.7300,4.7100,4.7100,528600,2495017.0000,3
2026-02-04,20260204104500000,sz.002418,4.7100,4.7200,4.7000,4.7200,814300,3835589.0000,3
2026-02-04,20260204105000000,sz.002418,4.7200,4.7200,4.7100,4.7100,377700,1780329.0000,3
2026-02-04,20260204105500000,sz.002418,4.7100,4.7100,4.7000,4.7000,518100,2437006.0000,3
2026-02-04,20260204110000000,sz.002418,4.7000,4.7100,4.6900,4.6900,454500,2135102.0000,3
2026-02-04,20260204110500000,sz.002418,4.6900,4.7000,4.6900,4.6900,597700,2804075.0000,3
2026-02-04,20260204111000000,sz.002418,4.6900,4.7100,4.6900,4.7000,558100,2621154.0000,3
2026-02-04,20260204111500000,sz.002418,4.7000,4.7000,4.6800,4.6800,275100,1291017.0000,3
2026-02-04,20260204112000000,sz.002418,4.6800,4.6900,4.6700,4.6700,571900,2674119.0000,3
2026-02-04,20260204112500000,sz.002418,4.6700,4.6900,4.6700,4.6800,463400,2166421.0000,3
2026-02-04,20260204113000000,sz.002418,4.6800,4.6800,4.6700,4.6700,256800,1201045.0000,3
2026-02-04,20260204130500000,sz.002418,4.6700,4.6900,4.6700,4.6700,305100,1427097.0000,3
2026-02-04,20260204131000000,sz.002418,4.6700,4.6900,4.6700,4.6700,226900,1061334.0000,3
2026-02-04,20260204131500000,sz.002418,4.6800,4.6800,4.6600,4.6800,677100,3162083.0000,3
2026-02-04,20260204132000000,sz.002418,4.6700,4.6800,4.6600,4.6800,1058200,4942002.0000,3
2026-02-04,20260204132500000,sz.002418,4.6800,4.7000,4.6800,4.7000,280500,1314995.0000,3
2026-02-04,20260204133000000,sz.002418,4.7000,4.7100,4.6900,4.7100,237900,1117916.0000,3
2026-02-04,20260204133500000,sz.002418,4.7000,4.7100,4.6900,4.6900,317300,1490793.0000,3
2026-02-04,20260204134000000,sz.002418,4.6900,4.7000,4.6800,4.6900,164400,771031.0000,3
2026-02-04,20260204134500000,sz.002418,4.6900,4.6900,4.6800,4.6800,61200,286541.0000,3
2026-02-04,20260204135000000,sz.002418,4.6900,4.7000,4.6800,4.6800,214000,1003335.0000,3
2026-02-04,20260204135500000,sz.002418,4.6800,4.6900,4.6800,4.6900,88000,412667.0000,3
2026-02-04,20260204140000000,sz.002418,4.6900,4.6900,4.6700,4.6700,643400,3007871.0000,3
2026-02-04,20260204140500000,sz.002418,4.6700,4.6800,4.6700,4.6700,208800,975363.0000,3
2026-02-04,20260204141000000,sz.002418,4.6700,4.6900,4.6700,4.6800,434700,2034111.0000,3
2026-02-04,20260204141500000,sz.002418,4.6900,4.7100,4.6800,4.7100,683200,3208470.0000,3
2026-02-04,20260204142000000,sz.002418,4.7100,4.7100,4.6900,4.6900,232200,1091290.0000,3
2026-02-04,20260204142500000,sz.002418,4.6900,4.7100,4.6900,4.7100,188600,886823.0000,3
2026-02-04,20260204143000000,sz.002418,4.7100,4.7100,4.6900,4.7000,286900,1348651.0000,3
2026-02-04,20260204143500000,sz.002418,4.7000,4.7100,4.7000,4.7100,424500,1994699.0000,3
2026-02-04,20260204144000000,sz.002418,4.7200,4.7200,4.7100,4.7100,664700,3131087.0000,3
2026-02-04,20260204144500000,sz.002418,4.7100,4.7200,4.7100,4.7200,798700,3769529.0000,3
2026-02-04,20260204145000000,sz.002418,4.7200,4.7300,4.7100,4.7300,497900,2350695.0000,3
2026-02-04,20260204145500000,sz.002418,4.7300,4.7300,4.7200,4.7200,531300,2509638.0000,3
2026-02-04,20260204150000000,sz.002418,4.7300,4.7300,4.7100,4.7300,750100,3543430.0000,3
2026-02-05,20260205093500000,sz.002418,4.7300,4.7300,4.6600,4.7000,2858200,13399053.0000,3
2026-02-05,20260205094000000,sz.002418,4.6900,4.7200,4.6900,4.7100,793900,3732402.0000,3
2026-02-05,20260205094500000,sz.002418,4.7100,4.7100,4.6900,4.7000,468600,2201556.0000,3
2026-02-05,20260205095000000,sz.002418,4.7000,4.7000,4.6800,4.6900,751200,3522689.0000,3
2026-02-05,20260205095500000,sz.002418,4.6800,4.6900,4.6600,4.6700,1622300,7586334.0000,3
2026-02-05,20260205100000000,sz.002418,4.6600,4.6800,4.6600,4.6600,787100,3676885.0000,3
2026-02-05,20260205100500000,sz.002418,4.6700,4.6700,4.6500,4.6600,1709000,7962283.0000,3
2026-02-05,20260205101000000,sz.002418,4.6600,4.6600,4.6500,4.6600,364700,1697493.0000,3
2026-02-05,20260205101500000,sz.002418,4.6600,4.6600,4.6400,4.6400,1381800,6419634.0000,3
2026-02-05,20260205102000000,sz.002418,4.6400,4.6400,4.6200,4.6300,1994100,9234051.0000,3
2026-02-05,20260205102500000,sz.002418,4.6200,4.6300,4.6200,4.6200,1100800,5086290.0000,3
2026-02-05,20260205103000000,sz.002418,4.6200,4.6300,4.6100,4.6100,1228700,5677202.0000,3
2026-02-05,20260205103500000,sz.002418,4.6100,4.6300,4.6100,4.6200,1032000,4766228.0000,3
2026-02-05,20260205104000000,sz.002418,4.6300,4.6300,4.6200,4.6200,217800,1007804.0000,3
2026-02-05,20260205104500000,sz.002418,4.6300,4.6300,4.6200,4.6300,150200,695116.0000,3
2026-02-05,20260205105000000,sz.002418,4.6300,4.6300,4.6100,4.6100,1762500,8140889.0000,3
2026-02-05,20260205105500000,sz.002418,4.6100,4.6200,4.5900,4.6000,1963800,9042317.0000,3
2026-02-05,20260205110000000,sz.002418,4.5900,4.6100,4.5900,4.6100,1042600,4793898.0000,3
2026-02-05,20260205110500000,sz.002418,4.6100,4.6200,4.6000,4.6100,1194200,5510274.0000,3
2026-02-05,20260205111000000,sz.002418,4.6100,4.6200,4.6000,4.6100,345900,1594051.0000,3
2026-02-05,20260205111500000,sz.002418,4.6100,4.6200,4.6000,4.6000,288200,1327653.0000,3
2026-02-05,20260205112000000,sz.002418,4.6000,4.6100,4.5900,4.6000,863900,3972518.0000,3
2026-02-05,20260205112500000,sz.002418,4.6000,4.6100,4.6000,4.6100,111300,512830.0000,3
2026-02-05,20260205113000000,sz.002418,4.6100,4.6100,4.6000,4.6100,120900,556781.0000,3
2026-02-05,20260205130500000,sz.002418,4.6100,4.6100,4.5900,4.6000,850400,3912040.0000,3
2026-02-05,20260205131000000,sz.002418,4.6000,4.6000,4.5900,4.5900,153300,704375.0000,3
2026-02-05,20260205131500000,sz.002418,4.5900,4.6000,4.5900,4.6000,303200,1392525.0000,3
2026-02-05,20260205132000000,sz.002418,4.5900,4.6000,4.5900,4.6000,456400,2095143.0000,3
2026-02-05,20260205132500000,sz.002418,4.5900,4.6000,4.5900,4.5900,268700,1233917.0000,3
2026-02-05,20260205133000000,sz.002418,4.5900,4.6000,4.5900,4.6000,315800,1450092.0000,3
2026-02-05,20260205133500000,sz.002418,4.6000,4.6000,4.5800,4.5900,1684600,7731617.0000,3
2026-02-05,20260205134000000,sz.002418,4.5900,4.6000,4.5800,4.5900,576000,2643041.0000,3
2026-02-05,20260205134500000,sz.002418,4.5900,4.6000,4.5900,4.6000,302700,1390488.0000,3
2026-02-05,20260205135000000,sz.002418,4.6000,4.6100,4.6000,4.6000,974600,4485125.0000,3
2026-02-05,20260205135500000,sz.002418,4.6000,4.6100,4.6000,4.6100,116200,535221.0000,3
2026-02-05,20260205140000000,sz.002418,4.6100,4.6100,4.5900,4.6000,683200,3143278.0000,3
2026-02-05,20260205140500000,sz.002418,4.5900,4.6000,4.5900,4.6000,322300,1481494.0000,3
2026-02-05,20260205141000000,sz.002418,4.6000,4.6100,4.5900,4.6100,379200,1743730.0000,3
2026-02-05,20260205141500000,sz.002418,4.6100,4.6100,4.5900,4.5900,227900,1048218.0000,3
2026-02-05,20260205142000000,sz.002418,4.5900,4.6000,4.5800,4.5900,1421800,6525289.0000,3
2026-02-05,20260205142500000,sz.002418,4.5900,4.5900,4.5800,4.5900,638000,2924512.0000,3
2026-02-05,20260205143000000,sz.002418,4.5800,4.5900,4.5800,4.5900,285300,1306955.0000,3
2026-02-05,20260205143500000,sz.002418,4.5800,4.5900,4.5800,4.5900,603000,2766018.0000,3
2026-02-05,20260205144000000,sz.002418,4.5900,4.5900,4.5700,4.5800,1691300,7745258.0000,3
2026-02-05,20260205144500000,sz.002418,4.5800,4.5800,4.5700,4.5800,635300,2908058.0000,3
2026-02-05,20260205145000000,sz.002418,4.5700,4.5800,4.5700,4.5800,648000,2966344.0000,3
2026-02-05,20260205145500000,sz.002418,4.5800,4.5900,4.5700,4.5700,1389300,6362826.0000,3
2026-02-05,20260205150000000,sz.002418,4.5700,4.5800,4.5700,4.5700,1452800,6641214.0000,3
2026-02-06,20260206093500000,sz.002418,4.5600,4.5600,4.5200,4.5400,2574800,11683600.0000,3
2026-02-06,20260206094000000,sz.002418,4.5400,4.5900,4.5300,4.5800,1142400,5209177.0000,3
2026-02-06,20260206094500000,sz.002418,4.5800,4.5900,4.5700,4.5900,707700,3245443.0000,3
2026-02-06,20260206095000000,sz.002418,4.5800,4.6200,4.5800,4.6000,1271100,5847952.0000,3
2026-02-06,20260206095500000,sz.002418,4.6000,4.6100,4.5900,4.6000,770100,3542137.0000,3
2026-02-06,20260206100000000,sz.002418,4.6100,4.6100,4.5900,4.6000,546000,2511499.0000,3
2026-02-06,20260206100500000,sz.002418,4.6100,4.6100,4.5800,4.5800,414600,1903910.0000,3
2026-02-06,20260206101000000,sz.002418,4.5800,4.5900,4.5700,4.5700,576700,2638612.0000,3
2026-02-06,20260206101500000,sz.002418,4.5800,4.5900,4.5700,4.5800,417400,1912044.0000,3
2026-02-06,20260206102000000,sz.002418,4.5800,4.6200,4.5700,4.6100,1518200,6984957.0000,3
2026-02-06,20260206102500000,sz.002418,4.6100,4.6500,4.6100,4.6500,2540300,11761264.0000,3
2026-02-06,20260206103000000,sz.002418,4.6500,4.6600,4.6400,4.6600,1337200,6213425.0000,3
2026-02-06,20260206103500000,sz.002418,4.6600,4.6700,4.6500,4.6600,1175500,5477659.0000,3
2026-02-06,20260206104000000,sz.002418,4.6600,4.6700,4.6500,4.6500,390800,1819437.0000,3
2026-02-06,20260206104500000,sz.002418,4.6500,4.6600,4.6400,4.6400,1058200,4920761.0000,3
2026-02-06,20260206105000000,sz.002418,4.6400,4.6600,4.6400,4.6500,351800,1635701.0000,3
2026-02-06,20260206105500000,sz.002418,4.6500,4.6500,4.6400,4.6400,442800,2054697.0000,3
2026-02-06,20260206110000000,sz.002418,4.6400,4.6600,4.6400,4.6600,587100,2729764.0000,3
2026-02-06,20260206110500000,sz.002418,4.6600,4.6600,4.6400,4.6600,406400,1890831.0000,3
2026-02-06,20260206111000000,sz.002418,4.6600,4.6700,4.6500,4.6700,1204900,5615701.0000,3
2026-02-06,20260206111500000,sz.002418,4.6700,4.6700,4.6600,4.6700,213400,995239.0000,3
2026-02-06,20260206112000000,sz.002418,4.6700,4.6700,4.6600,4.6600,338300,1578292.0000,3
2026-02-06,20260206112500000,sz.002418,4.6600,4.6700,4.6500,4.6600,609100,2838257.0000,3
2026-02-06,20260206113000000,sz.002418,4.6600,4.6700,4.6500,4.6700,358598,1671323.6800,3
2026-02-06,20260206130500000,sz.002418,4.6700,4.6700,4.6600,4.6700,303800,1417386.0000,3
2026-02-06,20260206131000000,sz.002418,4.6700,4.6700,4.6600,4.6700,106200,495369.0000,3
2026-02-06,20260206131500000,sz.002418,4.6700,4.6700,4.6500,4.6600,729100,3398312.0000,3
2026-02-06,20260206132000000,sz.002418,4.6700,4.6700,4.6500,4.6500,383200,1785849.0000,3
2026-02-06,20260206132500000,sz.002418,4.6500,4.6700,4.6500,4.6600,296400,1381317.0000,3
2026-02-06,20260206133000000,sz.002418,4.6600,4.6700,4.6500,4.6600,265300,1236530.0000,3
2026-02-06,20260206133500000,sz.002418,4.6600,4.6800,4.6600,4.6800,1835500,8570847.0000,3
2026-02-06,20260206134000000,sz.002418,4.6800,4.6800,4.6600,4.6700,582300,2718703.0000,3
2026-02-06,20260206134500000,sz.002418,4.6700,4.6700,4.6600,4.6700,181800,848685.0000,3
2026-02-06,20260206135000000,sz.002418,4.6700,4.6700,4.6500,4.6600,463600,2160249.0000,3
2026-02-06,20260206135500000,sz.002418,4.6600,4.6700,4.6500,4.6600,252200,1175628.0000,3
2026-02-06,20260206140000000,sz.002418,4.6600,4.6700,4.6600,4.6700,264400,1232300.0000,3
2026-02-06,20260206140500000,sz.002418,4.6700,4.6700,4.6600,4.6600,106300,496284.0000,3
2026-02-06,20260206141000000,sz.002418,4.6700,4.6700,4.6600,4.6600,367900,1714465.0000,3
2026-02-06,20260206141500000,sz.002418,4.6600,4.6700,4.6500,4.6600,277700,1293669.0000,3
2026-02-06,20260206142000000,sz.002418,4.6500,4.6600,4.6500,4.6600,227900,1060828.0000,3
2026-02-06,20260206142500000,sz.002418,4.6600,4.6600,4.6500,4.6500,131700,612520.0000,3
2026-02-06,20260206143000000,sz.002418,4.6500,4.6500,4.6300,4.6300,1052000,4888380.0000,3
2026-02-06,20260206143500000,sz.002418,4.6300,4.6500,4.6300,4.6300,462700,2146571.0000,3
2026-02-06,20260206144000000,sz.002418,4.6300,4.6400,4.6200,4.6200,666600,3086011.0000,3
2026-02-06,20260206144500000,sz.002418,4.6400,4.6400,4.6200,4.6200,244000,1128838.0000,3
2026-02-06,20260206145000000,sz.002418,4.6300,4.6300,4.6200,4.6200,1127100,5211101.0000,3
2026-02-06,20260206145500000,sz.002418,4.6200,4.6200,4.6100,4.6200,307000,1417126.0000,3
2026-02-06,20260206150000000,sz.002418,4.6100,4.6200,4.6100,4.6200,657200,3034259.0000,3
2026-02-09,20260209093500000,sz.002418,4.6700,4.7700,4.6700,4.7600,5280800,24952051.0000,3
2026-02-09,20260209094000000,sz.002418,4.7600,4.7600,4.7300,4.7400,1812100,8601836.0000,3
2026-02-09,20260209094500000,sz.002418,4.7400,4.7500,4.7200,4.7400,2197500,10410087.0000,3
2026-02-09,20260209095000000,sz.002418,4.7500,4.7500,4.7400,4.7400,547900,2598653.0000,3
2026-02-09,20260209095500000,sz.002418,4.7400,4.7500,4.7300,4.7500,892700,4234451.0000,3
2026-02-09,20260209100000000,sz.002418,4.7400,4.7600,4.7400,4.7600,1222300,5808525.0000,3
2026-02-09,20260209100500000,sz.002418,4.7600,4.7600,4.7400,4.7500,685600,3254305.0000,3
2026-02-09,20260209101000000,sz.002418,4.7500,4.7600,4.7400,4.7500,1051900,4994276.0000,3
2026-02-09,20260209101500000,sz.002418,4.7500,4.7600,4.7400,4.7400,423600,2012210.0000,3
2026-02-09,20260209102000000,sz.002418,4.7400,4.7600,4.7400,4.7600,597500,2839057.0000,3
2026-02-09,20260209102500000,sz.002418,4.7500,4.7700,4.7500,4.7700,2739000,13042533.0000,3
2026-02-09,20260209103000000,sz.002418,4.7700,4.7700,4.7600,4.7700,995100,4745500.0000,3
2026-02-09,20260209103500000,sz.002418,4.7700,4.7800,4.7600,4.7800,967100,4615221.0000,3
2026-02-09,20260209104000000,sz.002418,4.7800,4.7800,4.7700,4.7800,356900,1704030.0000,3
2026-02-09,20260209104500000,sz.002418,4.7800,4.7800,4.7700,4.7800,254800,1215760.0000,3
2026-02-09,20260209105000000,sz.002418,4.7800,4.7900,4.7700,4.7900,1859200,8880323.0000,3
2026-02-09,20260209105500000,sz.002418,4.7900,4.7900,4.7800,4.7800,516900,2474597.0000,3
2026-02-09,20260209110000000,sz.002418,4.7800,4.7900,4.7800,4.7800,723700,3465443.0000,3
2026-02-09,20260209110500000,sz.002418,4.7800,4.7900,4.7700,4.7700,917000,4379576.0000,3
2026-02-09,20260209111000000,sz.002418,4.7700,4.7700,4.7600,4.7600,198600,945968.0000,3
2026-02-09,20260209111500000,sz.002418,4.7600,4.7700,4.7600,4.7600,244300,1163402.0000,3
2026-02-09,20260209112000000,sz.002418,4.7700,4.7800,4.7600,4.7700,465700,2221493.0000,3
2026-02-09,20260209112500000,sz.002418,4.7700,4.7800,4.7700,4.7700,147000,701708.0000,3
2026-02-09,20260209113000000,sz.002418,4.7700,4.7800,4.7600,4.7700,978000,4665677.0000,3
2026-02-09,20260209130500000,sz.002418,4.7700,4.7700,4.7400,4.7500,805400,3831040.0000,3
2026-02-09,20260209131000000,sz.002418,4.7500,4.7500,4.7400,4.7400,278600,1322404.0000,3
2026-02-09,20260209131500000,sz.002418,4.7400,4.7500,4.7400,4.7400,333800,1582591.0000,3
2026-02-09,20260209132000000,sz.002418,4.7400,4.7500,4.7300,4.7400,539100,2555916.0000,3
2026-02-09,20260209132500000,sz.002418,4.7400,4.7600,4.7400,4.7600,414600,1968985.0000,3
2026-02-09,20260209133000000,sz.002418,4.7500,4.7600,4.7500,4.7600,64300,305909.0000,3
2026-02-09,20260209133500000,sz.002418,4.7500,4.7700,4.7500,4.7700,453800,2161434.0000,3
2026-02-09,20260209134000000,sz.002418,4.7700,4.7700,4.7600,4.7700,69200,329458.0000,3
2026-02-09,20260209134500000,sz.002418,4.7700,4.7700,4.7600,4.7700,329200,1569184.0000,3
2026-02-09,20260209135000000,sz.002418,4.7700,4.7700,4.7600,4.7700,107400,511525.0000,3
2026-02-09,20260209135500000,sz.002418,4.7700,4.7700,4.7600,4.7600,126300,601592.0000,3
2026-02-09,20260209140000000,sz.002418,4.7600,4.7700,4.7600,4.7700,280600,1336401.0000,3
2026-02-09,20260209140500000,sz.002418,4.7700,4.7700,4.7600,4.7700,787400,3748622.0000,3
2026-02-09,20260209141000000,sz.002418,4.7700,4.7700,4.7500,4.7600,437800,2084038.0000,3
2026-02-09,20260209141500000,sz.002418,4.7600,4.7700,4.7500,4.7600,410500,1953831.0000,3
2026-02-09,20260209142000000,sz.002418,4.7600,4.7700,4.7500,4.7600,190400,906600.0000,3
2026-02-09,20260209142500000,sz.002418,4.7500,4.7600,4.7500,4.7600,328000,1560818.0000,3
2026-02-09,20260209143000000,sz.002418,4.7600,4.7600,4.7500,4.7600,592000,2813042.0000,3
2026-02-09,20260209143500000,sz.002418,4.7600,4.7600,4.7500,4.7600,138500,658631.0000,3
2026-02-09,20260209144000000,sz.002418,4.7600,4.7600,4.7500,4.7600,506100,2408301.0000,3
2026-02-09,20260209144500000,sz.002418,4.7600,4.7600,4.7500,4.7600,389600,1852679.0000,3
2026-02-09,20260209145000000,sz.002418,4.7600,4.7700,4.7500,4.7600,1203500,5728710.0000,3
2026-02-09,20260209145500000,sz.002418,4.7600,4.7700,4.7600,4.7700,916900,4368888.0000,3
2026-02-09,20260209150000000,sz.002418,4.7600,4.7700,4.7600,4.7600,1025100,4882975.0000,3
2026-02-10,20260210093500000,sz.002418,4.7600,4.7700,4.7400,4.7500,1702500,8097809.0000,3
2026-02-10,20260210094000000,sz.002418,4.7500,4.7900,4.7500,4.7700,1563000,7457799.0000,3
2026-02-10,20260210094500000,sz.002418,4.7700,4.7800,4.7600,4.7600,1013000,4828022.0000,3
2026-02-10,20260210095000000,sz.002418,4.7600,4.7800,4.7400,4.7800,1262800,6008696.0000,3
2026-02-10,20260210095500000,sz.002418,4.7800,4.7900,4.7700,4.7800,1345100,6430332.0000,3
2026-02-10,20260210100000000,sz.002418,4.7800,4.7900,4.7700,4.7700,592400,2831864.0000,3
2026-02-10,20260210100500000,sz.002418,4.7700,4.7900,4.7700,4.7900,629200,3008117.0000,3
2026-02-10,20260210101000000,sz.002418,4.7800,4.7900,4.7800,4.7800,379700,1815419.0000,3
2026-02-10,20260210101500000,sz.002418,4.7800,4.7900,4.7700,4.7800,568800,2718992.0000,3
2026-02-10,20260210102000000,sz.002418,4.7800,4.7900,4.7700,4.7700,418000,1998552.0000,3
2026-02-10,20260210102500000,sz.002418,4.7700,4.7800,4.7700,4.7700,451100,2152196.0000,3
2026-02-10,20260210103000000,sz.002418,4.7700,4.7800,4.7600,4.7700,516700,2463168.0000,3
2026-02-10,20260210103500000,sz.002418,4.7700,4.7700,4.7500,4.7500,596500,2837658.0000,3
2026-02-10,20260210104000000,sz.002418,4.7500,4.7600,4.7400,4.7400,698100,3315325.0000,3
2026-02-10,20260210104500000,sz.002418,4.7400,4.7600,4.7400,4.7500,368300,1749371.0000,3
2026-02-10,20260210105000000,sz.002418,4.7500,4.7600,4.7400,4.7500,416700,1979298.0000,3
2026-02-10,20260210105500000,sz.002418,4.7500,4.7600,4.7400,4.7600,505200,2401395.0000,3
2026-02-10,20260210110000000,sz.002418,4.7500,4.7700,4.7500,4.7600,431900,2054719.0000,3
2026-02-10,20260210110500000,sz.002418,4.7600,4.7700,4.7500,4.7500,224100,1067060.0000,3
2026-02-10,20260210111000000,sz.002418,4.7500,4.7600,4.7500,4.7500,161500,767837.0000,3
2026-02-10,20260210111500000,sz.002418,4.7600,4.7600,4.7500,4.7500,122800,583469.0000,3
2026-02-10,20260210112000000,sz.002418,4.7500,4.7600,4.7500,4.7500,195000,926572.0000,3
2026-02-10,20260210112500000,sz.002418,4.7500,4.7700,4.7500,4.7600,420000,2000072.0000,3
2026-02-10,20260210113000000,sz.002418,4.7600,4.7700,4.7600,4.7600,242700,1155643.0000,3
2026-02-10,20260210130500000,sz.002418,4.7600,4.7700,4.7500,4.7700,474800,2260147.0000,3
2026-02-10,20260210131000000,sz.002418,4.7700,4.7700,4.7600,4.7600,397000,1890165.0000,3
2026-02-10,20260210131500000,sz.002418,4.7600,4.7700,4.7600,4.7600,206300,983121.0000,3
2026-02-10,20260210132000000,sz.002418,4.7700,4.7700,4.7600,4.7600,83200,396218.0000,3
2026-02-10,20260210132500000,sz.002418,4.7600,4.7700,4.7600,4.7600,123100,586985.0000,3
2026-02-10,20260210133000000,sz.002418,4.7600,4.7700,4.7600,4.7600,249600,1188258.0000,3
2026-02-10,20260210133500000,sz.002418,4.7600,4.7700,4.7600,4.7600,377800,1798392.0000,3
2026-02-10,20260210134000000,sz.002418,4.7700,4.7700,4.7600,4.7600,68800,327610.0000,3
2026-02-10,20260210134500000,sz.002418,4.7600,4.7700,4.7600,4.7600,232200,1105351.0000,3
2026-02-10,20260210135000000,sz.002418,4.7600,4.7700,4.7600,4.7600,408500,1944647.0000,3
2026-02-10,20260210135500000,sz.002418,4.7600,4.7700,4.7600,4.7700,108900,518633.0000,3
2026-02-10,20260210140000000,sz.002418,4.7700,4.7700,4.7600,4.7600,54900,261450.0000,3
2026-02-10,20260210140500000,sz.002418,4.7600,4.7700,4.7600,4.7700,120500,573949.0000,3
2026-02-10,20260210141000000,sz.002418,4.7700,4.7700,4.7600,4.7700,259600,1235875.0000,3
2026-02-10,20260210141500000,sz.002418,4.7600,4.7700,4.7600,4.7700,213800,1018178.0000,3
2026-02-10,20260210142000000,sz.002418,4.7700,4.7700,4.7600,4.7600,218900,1042140.0000,3
2026-02-10,20260210142500000,sz.002418,4.7600,4.7700,4.7500,4.7600,869100,4135894.0000,3
2026-02-10,20260210143000000,sz.002418,4.7600,4.7600,4.7500,4.7600,156300,742860.0000,3
2026-02-10,20260210143500000,sz.002418,4.7500,4.7600,4.7500,4.7600,251600,1195646.0000,3
2026-02-10,20260210144000000,sz.002418,4.7600,4.7600,4.7500,4.7500,633700,3010430.0000,3
2026-02-10,20260210144500000,sz.002418,4.7500,4.7600,4.7500,4.7500,590500,2805043.0000,3
2026-02-10,20260210145000000,sz.002418,4.7500,4.7600,4.7400,4.7500,610600,2900110.0000,3
2026-02-10,20260210145500000,sz.002418,4.7400,4.7500,4.7400,4.7500,568800,2699403.0000,3
2026-02-10,20260210150000000,sz.002418,4.7500,4.7600,4.7400,4.7600,692200,3291326.0000,3
2026-02-11,20260211093500000,sz.002418,4.7500,4.7800,4.7200,4.7600,1244900,5916099.0000,3
2026-02-11,20260211094000000,sz.002418,4.7700,4.7700,4.7500,4.7700,940800,4482430.0000,3
2026-02-11,20260211094500000,sz.002418,4.7700,4.7900,4.7700,4.7900,1322600,6317448.0000,3
2026-02-11,20260211095000000,sz.002418,4.7800,4.7900,4.7700,4.7700,431800,2063882.0000,3
2026-02-11,20260211095500000,sz.002418,4.7800,4.7800,4.7600,4.7600,550300,2624943.0000,3
2026-02-11,20260211100000000,sz.002418,4.7600,4.7800,4.7600,4.7600,570600,2721922.0000,3
2026-02-11,20260211100500000,sz.002418,4.7600,4.7700,4.7600,4.7700,355500,1692409.0000,3
2026-02-11,20260211101000000,sz.002418,4.7700,4.7800,4.7500,4.7700,659100,3141328.0000,3
2026-02-11,20260211101500000,sz.002418,4.7700,4.7800,4.7700,4.7800,100300,478773.0000,3
2026-02-11,20260211102000000,sz.002418,4.7800,4.7800,4.7600,4.7700,434200,2071065.0000,3
2026-02-11,20260211102500000,sz.002418,4.7800,4.7800,4.7700,4.7800,181500,866276.0000,3
2026-02-11,20260211103000000,sz.002418,4.7800,4.7800,4.7600,4.7700,315300,1503859.0000,3
2026-02-11,20260211103500000,sz.002418,4.7700,4.7700,4.7600,4.7600,179500,854927.0000,3
2026-02-11,20260211104000000,sz.002418,4.7600,4.7700,4.7600,4.7600,192800,918836.0000,3
2026-02-11,20260211104500000,sz.002418,4.7600,4.7800,4.7600,4.7800,443900,2117644.0000,3
2026-02-11,20260211105000000,sz.002418,4.7700,4.7800,4.7600,4.7700,324700,1548989.0000,3
2026-02-11,20260211105500000,sz.002418,4.7700,4.7800,4.7600,4.7700,238700,1138685.0000,3
2026-02-11,20260211110000000,sz.002418,4.7700,4.7800,4.7600,4.7600,455100,2171725.0000,3
2026-02-11,20260211110500000,sz.002418,4.7700,4.7700,4.7600,4.7700,69600,331739.0000,3
2026-02-11,20260211111000000,sz.002418,4.7700,4.7800,4.7600,4.7700,458100,2183769.0000,3
2026-02-11,20260211111500000,sz.002418,4.7700,4.7700,4.7600,4.7700,297600,1416771.0000,3
2026-02-11,20260211112000000,sz.002418,4.7700,4.7700,4.7500,4.7600,513900,2446435.0000,3
2026-02-11,20260211112500000,sz.002418,4.7500,4.7600,4.7500,4.7600,50300,239028.0000,3
2026-02-11,20260211113000000,sz.002418,4.7500,4.7600,4.7500,4.7600,200300,952402.0000,3
2026-02-11,20260211130500000,sz.002418,4.7600,4.7600,4.7400,4.7400,892300,4240176.0000,3
2026-02-11,20260211131000000,sz.002418,4.7400,4.7600,4.7400,4.7500,158800,754369.0000,3
2026-02-11,20260211131500000,sz.002418,4.7500,4.7600,4.7500,4.7600,78900,374954.0000,3
2026-02-11,20260211132000000,sz.002418,4.7500,4.7600,4.7400,4.7500,268000,1272783.0000,3
2026-02-11,20260211132500000,sz.002418,4.7500,4.7500,4.7400,4.7500,81200,385171.0000,3
2026-02-11,20260211133000000,sz.002418,4.7400,4.7500,4.7400,4.7400,266800,1265010.0000,3
2026-02-11,20260211133500000,sz.002418,4.7400,4.7400,4.7300,4.7300,641100,3035837.0000,3
2026-02-11,20260211134000000,sz.002418,4.7300,4.7400,4.7300,4.7300,319600,1511771.0000,3
2026-02-11,20260211134500000,sz.002418,4.7300,4.7400,4.7300,4.7400,307800,1458745.0000,3
2026-02-11,20260211135000000,sz.002418,4.7400,4.7500,4.7300,4.7500,160700,762152.0000,3
2026-02-11,20260211135500000,sz.002418,4.7500,4.7500,4.7400,4.7400,186300,883345.0000,3
2026-02-11,20260211140000000,sz.002418,4.7400,4.7500,4.7400,4.7500,281600,1335914.0000,3
2026-02-11,20260211140500000,sz.002418,4.7500,4.7500,4.7300,4.7300,218600,1036411.0000,3
2026-02-11,20260211141000000,sz.002418,4.7300,4.7500,4.7300,4.7400,175300,830664.0000,3
2026-02-11,20260211141500000,sz.002418,4.7400,4.7400,4.7300,4.7400,269100,1273935.0000,3
2026-02-11,20260211142000000,sz.002418,4.7400,4.7400,4.7300,4.7300,530500,2509511.0000,3
2026-02-11,20260211142500000,sz.002418,4.7300,4.7400,4.7300,4.7300,123800,586075.0000,3
2026-02-11,20260211143000000,sz.002418,4.7300,4.7400,4.7300,4.7400,162200,768273.0000,3
2026-02-11,20260211143500000,sz.002418,4.7300,4.7400,4.7200,4.7200,691000,3267860.0000,3
2026-02-11,20260211144000000,sz.002418,4.7200,4.7300,4.7200,4.7200,480400,2270019.0000,3
2026-02-11,20260211144500000,sz.002418,4.7200,4.7300,4.7200,4.7200,249700,1179561.0000,3
2026-02-11,20260211145000000,sz.002418,4.7200,4.7300,4.7200,4.7200,722400,3411524.0000,3
2026-02-11,20260211145500000,sz.002418,4.7200,4.7300,4.7200,4.7200,587500,2774484.0000,3
2026-02-11,20260211150000000,sz.002418,4.7200,4.7300,4.7100,4.7200,793400,3745049.0000,3
2026-02-12,20260212093500000,sz.002418,4.9000,4.9400,4.8400,4.8600,11670400,57136208.0000,3
2026-02-12,20260212094000000,sz.002418,4.8700,4.8700,4.8200,4.8300,5057600,24534800.0000,3
2026-02-12,20260212094500000,sz.002418,4.8300,4.8600,4.8000,4.8400,5458500,26369046.0000,3
2026-02-12,20260212095000000,sz.002418,4.8400,4.8700,4.8300,4.8700,3809300,18491985.0000,3
2026-02-12,20260212095500000,sz.002418,4.8700,4.8900,4.8500,4.8900,2911600,14181898.0000,3
2026-02-12,20260212100000000,sz.002418,4.8900,4.8900,4.8600,4.8800,2408900,11759386.0000,3
2026-02-12,20260212100500000,sz.002418,4.8800,4.8900,4.8700,4.8900,1900100,9271275.0000,3
2026-02-12,20260212101000000,sz.002418,4.8800,4.8900,4.8500,4.8500,1327100,6462572.0000,3
2026-02-12,20260212101500000,sz.002418,4.8600,4.8600,4.8300,4.8400,1091600,5288200.0000,3
2026-02-12,20260212102000000,sz.002418,4.8400,4.8500,4.8300,4.8400,869600,4208421.0000,3
2026-02-12,20260212102500000,sz.002418,4.8400,4.8400,4.8300,4.8300,345300,1670243.0000,3
2026-02-12,20260212103000000,sz.002418,4.8300,4.8500,4.8300,4.8300,899700,4353017.0000,3
2026-02-12,20260212103500000,sz.002418,4.8300,4.8400,4.8100,4.8300,1999600,9642816.0000,3
2026-02-12,20260212104000000,sz.002418,4.8200,4.8300,4.8200,4.8200,450900,2175475.0000,3
2026-02-12,20260212104500000,sz.002418,4.8200,4.8300,4.8100,4.8100,1009200,4858460.0000,3
2026-02-12,20260212105000000,sz.002418,4.8000,4.8200,4.8000,4.8100,725300,3490106.0000,3
2026-02-12,20260212105500000,sz.002418,4.8100,4.8300,4.8100,4.8200,541000,2607427.0000,3
2026-02-12,20260212110000000,sz.002418,4.8200,4.8300,4.8100,4.8100,448400,2160768.0000,3
2026-02-12,20260212110500000,sz.002418,4.8100,4.8300,4.8100,4.8300,458200,2209288.0000,3
2026-02-12,20260212111000000,sz.002418,4.8200,4.8300,4.8100,4.8200,364700,1758002.0000,3
2026-02-12,20260212111500000,sz.002418,4.8200,4.8400,4.8200,4.8200,444200,2144442.0000,3
2026-02-12,20260212112000000,sz.002418,4.8300,4.8400,4.8200,4.8400,334500,1616109.0000,3
2026-02-12,20260212112500000,sz.002418,4.8300,4.8600,4.8300,4.8500,892800,4324361.0000,3
2026-02-12,20260212113000000,sz.002418,4.8400,4.8500,4.8400,4.8400,340900,1651624.0000,3
2026-02-12,20260212130500000,sz.002418,4.8400,4.8500,4.8300,4.8300,594700,2878882.0000,3
2026-02-12,20260212131000000,sz.002418,4.8300,4.8400,4.8300,4.8300,599200,2897214.0000,3
2026-02-12,20260212131500000,sz.002418,4.8200,4.8300,4.8200,4.8300,354400,1711152.0000,3
2026-02-12,20260212132000000,sz.002418,4.8300,4.8500,4.8300,4.8400,501500,2428124.0000,3
2026-02-12,20260212132500000,sz.002418,4.8400,4.8500,4.8300,4.8300,287600,1391517.0000,3
2026-02-12,20260212133000000,sz.002418,4.8300,4.8400,4.8300,4.8400,86800,419656.0000,3
2026-02-12,20260212133500000,sz.002418,4.8400,4.8400,4.8200,4.8300,531900,2569230.0000,3
2026-02-12,20260212134000000,sz.002418,4.8300,4.8300,4.8200,4.8300,310100,1497315.0000,3
2026-02-12,20260212134500000,sz.002418,4.8300,4.8300,4.8200,4.8300,284200,1372669.0000,3
2026-02-12,20260212135000000,sz.002418,4.8300,4.8400,4.8200,4.8400,276400,1334804.0000,3
2026-02-12,20260212135500000,sz.002418,4.8400,4.8400,4.8300,4.8400,672000,3252434.0000,3
2026-02-12,20260212140000000,sz.002418,4.8400,4.8500,4.8300,4.8400,318400,1541513.0000,3
2026-02-12,20260212140500000,sz.002418,4.8400,4.8500,4.8300,4.8400,465900,2256102.0000,3
2026-02-12,20260212141000000,sz.002418,4.8400,4.8500,4.8400,4.8400,478900,2318336.0000,3
2026-02-12,20260212141500000,sz.002418,4.8400,4.8500,4.8300,4.8300,495100,2396402.0000,3
2026-02-12,20260212142000000,sz.002418,4.8300,4.8400,4.8300,4.8400,148100,716394.0000,3
2026-02-12,20260212142500000,sz.002418,4.8400,4.8400,4.8300,4.8400,210700,1019127.0000,3
2026-02-12,20260212143000000,sz.002418,4.8300,4.8400,4.8300,4.8300,210300,1016619.0000,3
2026-02-12,20260212143500000,sz.002418,4.8400,4.8400,4.8200,4.8200,1912600,9226120.0000,3
2026-02-12,20260212144000000,sz.002418,4.8200,4.8300,4.8200,4.8300,731600,3529884.0000,3
2026-02-12,20260212144500000,sz.002418,4.8200,4.8300,4.8200,4.8300,418400,2017906.0000,3
2026-02-12,20260212145000000,sz.002418,4.8300,4.8300,4.8100,4.8200,1491200,7188533.0000,3
2026-02-12,20260212145500000,sz.002418,4.8200,4.8200,4.8100,4.8200,672300,3237584.0000,3
2026-02-12,20260212150000000,sz.002418,4.8100,4.8200,4.8100,4.8100,1667800,8025636.0000,3
2026-02-13,20260213093500000,sz.002418,4.7800,4.7800,4.7200,4.7600,6266200,29807901.0000,3
2026-02-13,20260213094000000,sz.002418,4.7500,4.7700,4.7400,4.7600,1569100,7461965.0000,3
2026-02-13,20260213094500000,sz.002418,4.7700,4.7900,4.7500,4.7800,2115200,10083958.0000,3
2026-02-13,20260213095000000,sz.002418,4.7800,4.7800,4.7600,4.7700,1665400,7937965.0000,3
2026-02-13,20260213095500000,sz.002418,4.7800,4.8000,4.7700,4.7900,1345100,6432323.0000,3
2026-02-13,20260213100000000,sz.002418,4.7800,4.8000,4.7700,4.7800,1166700,5574226.0000,3
2026-02-13,20260213100500000,sz.002418,4.7800,4.7800,4.7700,4.7700,362100,1728042.0000,3
2026-02-13,20260213101000000,sz.002418,4.7700,4.7700,4.7500,4.7600,1688600,8044290.0000,3
2026-02-13,20260213101500000,sz.002418,4.7700,4.7700,4.7500,4.7500,872000,4145712.0000,3
2026-02-13,20260213102000000,sz.002418,4.7500,4.7600,4.7500,4.7500,404300,1921238.0000,3
2026-02-13,20260213102500000,sz.002418,4.7500,4.7600,4.7500,4.7500,276300,1314063.0000,3
2026-02-13,20260213103000000,sz.002418,4.7500,4.7600,4.7400,4.7500,1077100,5114633.0000,3
2026-02-13,20260213103500000,sz.002418,4.7500,4.7500,4.7400,4.7500,352900,1674450.0000,3
2026-02-13,20260213104000000,sz.002418,4.7500,4.7500,4.7400,4.7500,686500,3258797.0000,3
2026-02-13,20260213104500000,sz.002418,4.7400,4.7600,4.7300,4.7300,1026100,4866954.0000,3
2026-02-13,20260213105000000,sz.002418,4.7300,4.7400,4.7300,4.7400,475600,2252110.0000,3
2026-02-13,20260213105500000,sz.002418,4.7300,4.7400,4.7200,4.7300,942000,4455889.0000,3
2026-02-13,20260213110000000,sz.002418,4.7300,4.7400,4.7200,4.7200,418300,1977797.0000,3
2026-02-13,20260213110500000,sz.002418,4.7200,4.7300,4.7200,4.7200,507000,2397376.0000,3
2026-02-13,20260213111000000,sz.002418,4.7200,4.7400,4.7200,4.7400,315100,1490518.0000,3
2026-02-13,20260213111500000,sz.002418,4.7400,4.7400,4.7300,4.7400,213000,1008180.0000,3
2026-02-13,20260213112000000,sz.002418,4.7400,4.7400,4.7200,4.7300,575600,2721507.0000,3
2026-02-13,20260213112500000,sz.002418,4.7300,4.7300,4.7200,4.7300,493600,2332631.0000,3
2026-02-13,20260213113000000,sz.002418,4.7300,4.7400,4.7300,4.7400,173600,821362.0000,3
2026-02-13,20260213130500000,sz.002418,4.7400,4.7400,4.7200,4.7300,776200,3670960.0000,3
2026-02-13,20260213131000000,sz.002418,4.7300,4.7400,4.7200,4.7400,268300,1270010.0000,3
2026-02-13,20260213131500000,sz.002418,4.7400,4.7400,4.7300,4.7300,178300,843986.0000,3
2026-02-13,20260213132000000,sz.002418,4.7300,4.7400,4.7300,4.7300,254000,1203346.0000,3
2026-02-13,20260213132500000,sz.002418,4.7300,4.7400,4.7300,4.7300,359400,1701552.0000,3
2026-02-13,20260213133000000,sz.002418,4.7300,4.7400,4.7300,4.7300,296300,1403032.0000,3
2026-02-13,20260213133500000,sz.002418,4.7300,4.7700,4.7300,4.7700,1326900,6304298.0000,3
2026-02-13,20260213134000000,sz.002418,4.7700,4.7800,4.7500,4.7800,772700,3682848.0000,3
2026-02-13,20260213134500000,sz.002418,4.7800,4.8200,4.7700,4.8100,1791800,8594525.0000,3
2026-02-13,20260213135000000,sz.002418,4.8100,4.8100,4.7900,4.7900,729300,3497210.0000,3
2026-02-13,20260213135500000,sz.002418,4.7900,4.8000,4.7800,4.7800,482500,2308333.0000,3
2026-02-13,20260213140000000,sz.002418,4.7800,4.7900,4.7800,4.7800,120000,574319.0000,3
2026-02-13,20260213140500000,sz.002418,4.7800,4.7900,4.7800,4.7800,133500,638930.0000,3
2026-02-13,20260213141000000,sz.002418,4.7900,4.7900,4.7700,4.7700,687900,3289532.0000,3
2026-02-13,20260213141500000,sz.002418,4.7700,4.7800,4.7700,4.7800,395200,1886698.0000,3
2026-02-13,20260213142000000,sz.002418,4.7800,4.7900,4.7700,4.7800,782700,3742708.0000,3
2026-02-13,20260213142500000,sz.002418,4.7800,4.7800,4.7700,4.7800,363800,1738949.0000,3
2026-02-13,20260213143000000,sz.002418,4.7900,4.7900,4.7800,4.7800,410600,1965412.0000,3
2026-02-13,20260213143500000,sz.002418,4.7800,4.8000,4.7800,4.7900,670000,3208692.0000,3
2026-02-13,20260213144000000,sz.002418,4.7900,4.8000,4.7600,4.7600,1173400,5613612.0000,3
2026-02-13,20260213144500000,sz.002418,4.7700,4.7700,4.7600,4.7600,524700,2500872.0000,3
2026-02-13,20260213145000000,sz.002418,4.7700,4.7700,4.7500,4.7600,1608600,7657402.0000,3
2026-02-13,20260213145500000,sz.002418,4.7600,4.7700,4.7600,4.7600,851600,4057883.0000,3
2026-02-13,20260213150000000,sz.002418,4.7600,4.7700,4.7500,4.7500,1013100,4818999.0000,3
2026-02-24,20260224093500000,sz.002418,4.8200,4.9300,4.8200,4.9300,10560800,51512932.0000,3
2026-02-24,20260224094000000,sz.002418,4.9300,4.9300,4.8900,4.9200,6173000,30318013.0000,3
2026-02-24,20260224094500000,sz.002418,4.9200,4.9200,4.8800,4.9000,4242600,20800636.0000,3
2026-02-24,20260224095000000,sz.002418,4.9000,4.9500,4.9000,4.9400,6716600,33121744.0000,3
2026-02-24,20260224095500000,sz.002418,4.9300,4.9900,4.9300,4.9800,8210100,40777807.0000,3
2026-02-24,20260224100000000,sz.002418,4.9800,4.9800,4.9400,4.9600,2352300,11672180.0000,3
2026-02-24,20260224100500000,sz.002418,4.9500,4.9600,4.9300,4.9400,1639200,8109690.0000,3
2026-02-24,20260224101000000,sz.002418,4.9400,4.9400,4.9200,4.9400,1064500,5248875.0000,3
2026-02-24,20260224101500000,sz.002418,4.9400,4.9800,4.9300,4.9800,2463500,12211316.0000,3
2026-02-24,20260224102000000,sz.002418,4.9800,4.9800,4.9700,4.9800,1755500,8737346.0000,3
2026-02-24,20260224102500000,sz.002418,4.9700,4.9800,4.9600,4.9700,2399500,11920213.0000,3
2026-02-24,20260224103000000,sz.002418,4.9600,4.9700,4.9600,4.9600,791000,3925124.0000,3
2026-02-24,20260224103500000,sz.002418,4.9700,5.0000,4.9600,4.9800,6759600,33703471.0000,3
2026-02-24,20260224104000000,sz.002418,4.9800,4.9900,4.9700,4.9900,852700,4248016.0000,3
2026-02-24,20260224104500000,sz.002418,4.9900,5.0200,4.9800,5.0200,5857300,29289822.0000,3
2026-02-24,20260224105000000,sz.002418,5.0100,5.0200,5.0000,5.0100,2014800,10098720.0000,3
2026-02-24,20260224105500000,sz.002418,5.0000,5.0100,4.9900,4.9900,1150600,5754381.0000,3
2026-02-24,20260224110000000,sz.002418,4.9900,5.0000,4.9900,5.0000,764500,3817931.0000,3
2026-02-24,20260224110500000,sz.002418,5.0000,5.0100,4.9900,5.0100,804800,4025897.0000,3
2026-02-24,20260224111000000,sz.002418,5.0100,5.0100,4.9900,5.0000,1283200,6416983.0000,3
2026-02-24,20260224111500000,sz.002418,5.0000,5.0000,4.9900,4.9900,654000,3268445.0000,3
2026-02-24,20260224112000000,sz.002418,4.9900,5.0000,4.9900,4.9900,174700,872878.0000,3
2026-02-24,20260224112500000,sz.002418,4.9900,5.0000,4.9900,5.0000,594000,2965680.0000,3
2026-02-24,20260224113000000,sz.002418,5.0000,5.0000,4.9900,4.9900,934200,4664759.0000,3
2026-02-24,20260224130500000,sz.002418,5.0000,5.0000,4.9700,4.9700,1480300,7383314.0000,3
2026-02-24,20260224131000000,sz.002418,4.9700,4.9900,4.9700,4.9800,632500,3148924.0000,3
2026-02-24,20260224131500000,sz.002418,4.9800,4.9900,4.9700,4.9700,411700,2050291.0000,3
2026-02-24,20260224132000000,sz.002418,4.9700,4.9800,4.9700,4.9800,359300,1787776.0000,3
2026-02-24,20260224132500000,sz.002418,4.9800,4.9800,4.9600,4.9600,1034800,5139778.0000,3
2026-02-24,20260224133000000,sz.002418,4.9600,4.9800,4.9600,4.9700,777400,3864213.0000,3
2026-02-24,20260224133500000,sz.002418,4.9800,4.9800,4.9700,4.9700,588100,2927106.0000,3
2026-02-24,20260224134000000,sz.002418,4.9700,4.9800,4.9600,4.9600,583800,2902261.0000,3
2026-02-24,20260224134500000,sz.002418,4.9600,4.9700,4.9600,4.9600,676400,3355532.0000,3
2026-02-24,20260224135000000,sz.002418,4.9600,4.9800,4.9600,4.9700,1033700,5137472.0000,3
2026-02-24,20260224135500000,sz.002418,4.9600,4.9800,4.9600,4.9700,334700,1665173.0000,3
2026-02-24,20260224140000000,sz.002418,4.9700,4.9800,4.9700,4.9700,241200,1200464.0000,3
2026-02-24,20260224140500000,sz.002418,4.9800,4.9900,4.9700,4.9800,1301800,6486771.0000,3
2026-02-24,20260224141000000,sz.002418,4.9800,4.9900,4.9800,4.9800,499000,2488565.0000,3
2026-02-24,20260224141500000,sz.002418,4.9800,4.9900,4.9800,4.9900,731600,3649454.0000,3
2026-02-24,20260224142000000,sz.002418,4.9800,4.9900,4.9800,4.9800,344600,1718748.0000,3
2026-02-24,20260224142500000,sz.002418,4.9900,4.9900,4.9800,4.9900,386500,1927448.0000,3
2026-02-24,20260224143000000,sz.002418,4.9800,4.9900,4.9800,4.9800,706100,3518262.0000,3
2026-02-24,20260224143500000,sz.002418,4.9800,4.9900,4.9700,4.9700,1489100,7415260.0000,3
2026-02-24,20260224144000000,sz.002418,4.9800,4.9800,4.9700,4.9700,864900,4306526.0000,3
2026-02-24,20260224144500000,sz.002418,4.9700,4.9800,4.9700,4.9700,462600,2301956.0000,3
2026-02-24,20260224145000000,sz.002418,4.9800,4.9800,4.9700,4.9800,594700,2959457.0000,3
2026-02-24,20260224145500000,sz.002418,4.9800,4.9900,4.9700,4.9800,2988800,14885772.0000,3
2026-02-24,20260224150000000,sz.002418,4.9800,4.9900,4.9700,4.9700,1451600,7221801.0000,3
2026-02-25,20260225093500000,sz.002418,4.9800,5.0200,4.9600,5.0000,4610000,22962450.0000,3
2026-02-25,20260225094000000,sz.002418,5.0000,5.0000,4.9600,4.9700,2524100,12575246.0000,3
2026-02-25,20260225094500000,sz.002418,4.9700,4.9900,4.9700,4.9900,1472700,7331376.0000,3
2026-02-25,20260225095000000,sz.002418,4.9900,4.9900,4.9700,4.9700,1170400,5824767.0000,3
2026-02-25,20260225095500000,sz.002418,4.9700,4.9900,4.9700,4.9800,1392000,6925188.0000,3
2026-02-25,20260225100000000,sz.002418,4.9800,4.9900,4.9800,4.9800,1002000,4994484.0000,3
2026-02-25,20260225100500000,sz.002418,4.9800,4.9900,4.9700,4.9700,753800,3752801.0000,3
2026-02-25,20260225101000000,sz.002418,4.9700,4.9800,4.9700,4.9700,585200,2911324.0000,3
2026-02-25,20260225101500000,sz.002418,4.9700,4.9800,4.9600,4.9600,1236100,6145255.0000,3
2026-02-25,20260225102000000,sz.002418,4.9600,4.9700,4.9600,4.9700,583600,2896064.0000,3
2026-02-25,20260225102500000,sz.002418,4.9600,4.9700,4.9500,4.9600,1542900,7653793.0000,3
2026-02-25,20260225103000000,sz.002418,4.9700,4.9700,4.9500,4.9500,902000,4474868.0000,3
2026-02-25,20260225103500000,sz.002418,4.9500,4.9700,4.9500,4.9700,575000,2853162.0000,3
2026-02-25,20260225104000000,sz.002418,4.9700,4.9700,4.9600,4.9600,340500,1689662.0000,3
2026-02-25,20260225104500000,sz.002418,4.9700,4.9700,4.9600,4.9600,934000,4633421.0000,3
2026-02-25,20260225105000000,sz.002418,4.9600,4.9700,4.9600,4.9600,457800,2270995.0000,3
2026-02-25,20260225105500000,sz.002418,4.9600,4.9700,4.9500,4.9600,861300,4272454.0000,3
2026-02-25,20260225110000000,sz.002418,4.9600,4.9600,4.9500,4.9500,730500,3617303.0000,3
2026-02-25,20260225110500000,sz.002418,4.9500,4.9700,4.9500,4.9600,1055000,5233119.0000,3
2026-02-25,20260225111000000,sz.002418,4.9600,4.9600,4.9500,4.9600,296700,1471068.0000,3
2026-02-25,20260225111500000,sz.002418,4.9600,4.9700,4.9600,4.9600,276500,1371604.0000,3
2026-02-25,20260225112000000,sz.002418,4.9700,4.9700,4.9600,4.9600,200300,994862.0000,3
2026-02-25,20260225112500000,sz.002418,4.9600,4.9700,4.9600,4.9600,329200,1633414.0000,3
2026-02-25,20260225113000000,sz.002418,4.9600,4.9700,4.9600,4.9700,429000,2130097.0000,3
2026-02-25,20260225130500000,sz.002418,4.9700,4.9700,4.9500,4.9600,962500,4773814.0000,3
2026-02-25,20260225131000000,sz.002418,4.9500,4.9600,4.9500,4.9500,260900,1292367.0000,3
2026-02-25,20260225131500000,sz.002418,4.9500,4.9600,4.9400,4.9400,2087500,10329434.0000,3
2026-02-25,20260225132000000,sz.002418,4.9400,4.9600,4.9400,4.9500,737500,3651013.0000,3
2026-02-25,20260225132500000,sz.002418,4.9500,4.9600,4.9500,4.9500,606300,3001668.0000,3
2026-02-25,20260225133000000,sz.002418,4.9500,4.9600,4.9500,4.9600,559300,2768830.0000,3
2026-02-25,20260225133500000,sz.002418,4.9500,4.9600,4.9500,4.9500,522300,2585634.0000,3
2026-02-25,20260225134000000,sz.002418,4.9500,4.9500,4.9400,4.9500,567600,2808955.0000,3
2026-02-25,20260225134500000,sz.002418,4.9400,4.9500,4.9400,4.9400,363400,1797307.0000,3
2026-02-25,20260225135000000,sz.002418,4.9400,4.9500,4.9400,4.9400,292100,1444566.0000,3
2026-02-25,20260225135500000,sz.002418,4.9500,4.9500,4.9400,4.9400,671700,3319250.0000,3
2026-02-25,20260225140000000,sz.002418,4.9400,4.9500,4.9300,4.9300,949600,4689802.0000,3
2026-02-25,20260225140500000,sz.002418,4.9300,4.9400,4.9300,4.9300,621100,3063113.0000,3
2026-02-25,20260225141000000,sz.002418,4.9300,4.9400,4.9200,4.9200,1662300,8192242.0000,3
2026-02-25,20260225141500000,sz.002418,4.9200,4.9300,4.9100,4.9200,1264100,6219458.0000,3
2026-02-25,20260225142000000,sz.002418,4.9200,4.9300,4.9200,4.9200,634700,3123379.0000,3
2026-02-25,20260225142500000,sz.002418,4.9200,4.9300,4.9100,4.9200,696500,3426626.0000,3
2026-02-25,20260225143000000,sz.002418,4.9200,4.9200,4.9100,4.9100,1238500,6082209.0000,3
2026-02-25,20260225143500000,sz.002418,4.9100,4.9200,4.9000,4.9100,1700600,8347637.0000,3
2026-02-25,20260225144000000,sz.002418,4.9100,4.9200,4.9000,4.9200,419800,2061231.0000,3
2026-02-25,20260225144500000,sz.002418,4.9200,4.9200,4.9100,4.9200,448400,2204873.0000,3
2026-02-25,20260225145000000,sz.002418,4.9200,4.9200,4.9100,4.9100,868600,4269475.0000,3
2026-02-25,20260225145500000,sz.002418,4.9100,4.9300,4.9100,4.9200,1391900,6848032.0000,3
2026-02-25,20260225150000000,sz.002418,4.9200,4.9300,4.9200,4.9300,1003900,4947435.0000,3
2026-02-26,20260226093500000,sz.002418,4.9500,4.9600,4.9100,4.9400,2687000,13269313.0000,3
2026-02-26,20260226094000000,sz.002418,4.9400,4.9500,4.9100,4.9300,1658700,8169344.0000,3
2026-02-26,20260226094500000,sz.002418,4.9300,4.9300,4.9100,4.9300,1149700,5661270.0000,3
2026-02-26,20260226095000000,sz.002418,4.9200,4.9300,4.9100,4.9200,817900,4024445.0000,3
2026-02-26,20260226095500000,sz.002418,4.9100,4.9400,4.9100,4.9300,1089500,5369647.0000,3
2026-02-26,20260226100000000,sz.002418,4.9400,4.9400,4.9200,4.9400,1198600,5909077.0000,3
2026-02-26,20260226100500000,sz.002418,4.9400,4.9400,4.9300,4.9300,428600,2115430.0000,3
2026-02-26,20260226101000000,sz.002418,4.9300,4.9400,4.9200,4.9300,1174800,5792852.0000,3
2026-02-26,20260226101500000,sz.002418,4.9400,5.0100,4.9300,5.0100,5815200,28933022.0000,3
2026-02-26,20260226102000000,sz.002418,5.0100,5.0300,4.9900,5.0200,6198600,31098502.0000,3
2026-02-26,20260226102500000,sz.002418,5.0200,5.0600,5.0100,5.0400,9523600,47988732.0000,3
2026-02-26,20260226103000000,sz.002418,5.0300,5.0600,5.0300,5.0500,4535600,22885539.0000,3
2026-02-26,20260226103500000,sz.002418,5.0400,5.0600,5.0400,5.0500,3485900,17595239.0000,3
2026-02-26,20260226104000000,sz.002418,5.0500,5.0600,5.0400,5.0500,2194000,11085384.0000,3
2026-02-26,20260226104500000,sz.002418,5.0400,5.0600,5.0400,5.0600,3118800,15742795.0000,3
2026-02-26,20260226105000000,sz.002418,5.0500,5.0600,5.0500,5.0500,1770700,8949070.0000,3
2026-02-26,20260226105500000,sz.002418,5.0500,5.0600,5.0500,5.0500,790400,3996406.0000,3
2026-02-26,20260226110000000,sz.002418,5.0500,5.0700,5.0500,5.0700,1714000,8673209.0000,3
2026-02-26,20260226110500000,sz.002418,5.0700,5.0700,5.0400,5.0500,1840700,9310498.0000,3
2026-02-26,20260226111000000,sz.002418,5.0400,5.0500,5.0400,5.0500,911900,4604058.0000,3
2026-02-26,20260226111500000,sz.002418,5.0400,5.0600,5.0400,5.0400,1049500,5299741.0000,3
2026-02-26,20260226112000000,sz.002418,5.0500,5.0500,5.0300,5.0300,1224100,6168349.0000,3
2026-02-26,20260226112500000,sz.002418,5.0300,5.0400,5.0300,5.0400,381600,1921873.0000,3
2026-02-26,20260226113000000,sz.002418,5.0400,5.0500,5.0300,5.0500,1031600,5203431.0000,3
2026-02-26,20260226130500000,sz.002418,5.0500,5.0500,5.0300,5.0400,1398900,7053119.0000,3
2026-02-26,20260226131000000,sz.002418,5.0300,5.0400,5.0300,5.0300,279000,1405383.0000,3
2026-02-26,20260226131500000,sz.002418,5.0400,5.0500,5.0300,5.0500,815400,4109560.0000,3
2026-02-26,20260226132000000,sz.002418,5.0500,5.0500,5.0400,5.0500,807300,4076306.0000,3
2026-02-26,20260226132500000,sz.002418,5.0400,5.0500,5.0400,5.0400,290100,1464133.0000,3
2026-02-26,20260226133000000,sz.002418,5.0500,5.0500,5.0400,5.0400,459800,2320520.0000,3
2026-02-26,20260226133500000,sz.002418,5.0400,5.0500,5.0300,5.0400,1979900,9970721.0000,3
2026-02-26,20260226134000000,sz.002418,5.0300,5.0400,5.0300,5.0300,437600,2203410.0000,3
2026-02-26,20260226134500000,sz.002418,5.0300,5.0400,5.0300,5.0300,296900,1494525.0000,3
2026-02-26,20260226135000000,sz.002418,5.0300,5.0400,5.0300,5.0400,152800,768999.0000,3
2026-02-26,20260226135500000,sz.002418,5.0300,5.0400,5.0200,5.0200,1408600,7082329.0000,3
2026-02-26,20260226140000000,sz.002418,5.0200,5.0300,5.0200,5.0300,615800,3092022.0000,3
2026-02-26,20260226140500000,sz.002418,5.0300,5.0300,5.0200,5.0300,364000,1827899.0000,3
2026-02-26,20260226141000000,sz.002418,5.0300,5.0300,5.0200,5.0200,245800,1235149.0000,3
2026-02-26,20260226141500000,sz.002418,5.0200,5.0300,5.0200,5.0200,474700,2384539.0000,3
2026-02-26,20260226142000000,sz.002418,5.0200,5.0200,5.0100,5.0200,898900,4511596.0000,3
2026-02-26,20260226142500000,sz.002418,5.0100,5.0300,5.0100,5.0300,762300,3827657.0000,3
2026-02-26,20260226143000000,sz.002418,5.0200,5.0300,5.0200,5.0200,636600,3200692.0000,3
2026-02-26,20260226143500000,sz.002418,5.0300,5.0300,5.0200,5.0300,654500,3289333.0000,3
2026-02-26,20260226144000000,sz.002418,5.0200,5.0300,5.0200,5.0300,785400,3949760.0000,3
2026-02-26,20260226144500000,sz.002418,5.0300,5.0400,5.0200,5.0300,1806000,9085573.0000,3
2026-02-26,20260226145000000,sz.002418,5.0400,5.0400,5.0300,5.0300,1092100,5498790.0000,3
2026-02-26,20260226145500000,sz.002418,5.0300,5.0400,5.0300,5.0300,1479800,7453086.0000,3
2026-02-26,20260226150000000,sz.002418,5.0400,5.0500,5.0300,5.0300,3348503,16859047.0900,3
