date,time,code,open,high,low,close,volume,amount,adjustflag
2025-02-26,20250226093500000,sz.002225,5.7500,5.9000,5.7500,5.7700,5333500,31039008.0000,3
2025-02-26,20250226094000000,sz.002225,5.7700,5.8200,5.7600,5.8000,1123400,6503080.0000,3
2025-02-26,20250226094500000,sz.002225,5.7900,5.8400,5.7800,5.8100,1262900,7335000.0000,3
2025-02-26,20250226095000000,sz.002225,5.8100,5.8400,5.7600,5.7700,1441500,8357560.0000,3
2025-02-26,20250226095500000,sz.002225,5.7700,5.7800,5.7100,5.7100,1582400,9092900.0000,3
2025-02-26,20250226100000000,sz.002225,5.7100,5.7400,5.7000,5.7100,918000,5241792.0000,3
2025-02-26,20250226100500000,sz.002225,5.7100,5.7300,5.6400,5.6600,1851300,10523864.0000,3
2025-02-26,20250226101000000,sz.002225,5.6600,5.7300,5.6600,5.6800,1133600,6449216.0000,3
2025-02-26,20250226101500000,sz.002225,5.6800,5.6800,5.6500,5.6600,764200,4329104.0000,3
2025-02-26,20250226102000000,sz.002225,5.6600,5.6900,5.6600,5.6600,393200,2230632.0000,3
2025-02-26,20250226102500000,sz.002225,5.6600,5.6700,5.6500,5.6600,707200,4000544.0000,3
2025-02-26,20250226103000000,sz.002225,5.6600,5.6700,5.6500,5.6500,350400,1983568.0000,3
2025-02-26,20250226103500000,sz.002225,5.6500,5.6700,5.6400,5.6700,688500,3890304.0000,3
2025-02-26,20250226104000000,sz.002225,5.6700,5.6800,5.6400,5.6600,572600,3238336.0000,3
2025-02-26,20250226104500000,sz.002225,5.6600,5.6700,5.6500,5.6500,288800,1633640.0000,3
2025-02-26,20250226105000000,sz.002225,5.6500,5.6800,5.6500,5.6800,252100,1426632.0000,3
2025-02-26,20250226105500000,sz.002225,5.6800,5.6800,5.6500,5.6600,464800,2630528.0000,3
2025-02-26,20250226110000000,sz.002225,5.6700,5.6900,5.6400,5.6600,1256300,7115592.0000,3
2025-02-26,20250226110500000,sz.002225,5.6600,5.6600,5.6200,5.6500,1132400,6385696.0000,3
2025-02-26,20250226111000000,sz.002225,5.6500,5.6700,5.6300,5.6500,545600,3082584.0000,3
2025-02-26,20250226111500000,sz.002225,5.6500,5.6700,5.6400,5.6500,756300,4276152.0000,3
2025-02-26,20250226112000000,sz.002225,5.6500,5.7000,5.6500,5.6600,699500,3971016.0000,3
2025-02-26,20250226112500000,sz.002225,5.6600,5.7100,5.6600,5.7100,326800,1859552.0000,3
2025-02-26,20250226113000000,sz.002225,5.7100,5.7200,5.6900,5.6900,416100,2372496.0000,3
2025-02-26,20250226130500000,sz.002225,5.7100,5.7200,5.6800,5.7000,550800,3139600.0000,3
2025-02-26,20250226131000000,sz.002225,5.7000,5.7200,5.6800,5.6800,418800,2386048.0000,3
2025-02-26,20250226131500000,sz.002225,5.6800,5.6900,5.6600,5.6700,425500,2415280.0000,3
2025-02-26,20250226132000000,sz.002225,5.6700,5.6700,5.6600,5.6600,273700,1550192.0000,3
2025-02-26,20250226132500000,sz.002225,5.6600,5.6800,5.6500,5.6600,317100,1797152.0000,3
2025-02-26,20250226133000000,sz.002225,5.6600,5.6600,5.6400,5.6500,496200,2804256.0000,3
2025-02-26,20250226133500000,sz.002225,5.6600,5.6600,5.6300,5.6400,840400,4742176.0000,3
2025-02-26,20250226134000000,sz.002225,5.6300,5.6400,5.6200,5.6300,1021700,5751776.0000,3
2025-02-26,20250226134500000,sz.002225,5.6300,5.6400,5.6200,5.6200,496600,2794448.0000,3
2025-02-26,20250226135000000,sz.002225,5.6200,5.6300,5.6100,5.6100,706500,3967024.0000,3
2025-02-26,20250226135500000,sz.002225,5.6200,5.6200,5.6100,5.6100,218700,1228608.0000,3
2025-02-26,20250226140000000,sz.002225,5.6100,5.6200,5.6000,5.6000,1151300,6455664.0000,3
2025-02-26,20250226140500000,sz.002225,5.6000,5.6100,5.5800,5.5900,827900,4631712.0000,3
2025-02-26,20250226141000000,sz.002225,5.5900,5.6100,5.5800,5.6000,363000,2032016.0000,3
2025-02-26,20250226141500000,sz.002225,5.5900,5.6000,5.5800,5.5900,695000,3882480.0000,3
2025-02-26,20250226142000000,sz.002225,5.5900,5.6100,5.5700,5.5800,677500,3784880.0000,3
2025-02-26,20250226142500000,sz.002225,5.5800,5.5800,5.5500,5.5700,998800,5560448.0000,3
2025-02-26,20250226143000000,sz.002225,5.5700,5.5900,5.5600,5.5900,555900,3097728.0000,3
2025-02-26,20250226143500000,sz.002225,5.5900,5.5900,5.5800,5.5800,381900,2132752.0000,3
2025-02-26,20250226144000000,sz.002225,5.5800,5.6100,5.5800,5.5800,1017400,5688016.0000,3
2025-02-26,20250226144500000,sz.002225,5.5800,5.6100,5.5800,5.6100,726200,4063088.0000,3
2025-02-26,20250226145000000,sz.002225,5.6100,5.6100,5.5900,5.6000,977700,5475808.0000,3
2025-02-26,20250226145500000,sz.002225,5.6000,5.6100,5.6000,5.6100,887400,4976128.0000,3
2025-02-26,20250226150000000,sz.002225,5.6100,5.6200,5.6000,5.6100,1326600,7439792.0000,3
2025-02-27,20250227093500000,sz.002225,5.6200,5.6600,5.6000,5.6300,1633000,9182207.0000,3
2025-02-27,20250227094000000,sz.002225,5.6300,5.6600,5.5800,5.6300,1243300,6989217.0000,3
2025-02-27,20250227094500000,sz.002225,5.6300,5.6300,5.5900,5.6000,656100,3679596.0000,3
2025-02-27,20250227095000000,sz.002225,5.6000,5.6100,5.5800,5.5900,793000,4435706.0000,3
2025-02-27,20250227095500000,sz.002225,5.5900,5.6000,5.5600,5.5600,955200,5322612.0000,3
2025-02-27,20250227100000000,sz.002225,5.5600,5.6000,5.5500,5.5800,555600,3095848.0000,3
2025-02-27,20250227100500000,sz.002225,5.5800,5.6000,5.5700,5.5900,316800,1768408.0000,3
2025-02-27,20250227101000000,sz.002225,5.5900,5.5900,5.5600,5.5900,530300,2953428.0000,3
2025-02-27,20250227101500000,sz.002225,5.5900,5.6400,5.5800,5.5900,1194300,6688068.0000,3
2025-02-27,20250227102000000,sz.002225,5.5700,5.5800,5.5600,5.5700,687700,3828912.0000,3
2025-02-27,20250227102500000,sz.002225,5.5700,5.6000,5.5600,5.6000,481800,2688380.0000,3
2025-02-27,20250227103000000,sz.002225,5.6000,5.6100,5.5900,5.6100,263500,1476460.0000,3
2025-02-27,20250227103500000,sz.002225,5.6100,5.6600,5.6000,5.6600,1293300,7288752.0000,3
2025-02-27,20250227104000000,sz.002225,5.6600,5.6600,5.6000,5.6100,1336000,7533528.0000,3
2025-02-27,20250227104500000,sz.002225,5.6100,5.6500,5.5900,5.6300,956500,5376196.0000,3
2025-02-27,20250227105000000,sz.002225,5.6300,5.6300,5.6100,5.6200,346600,1948624.0000,3
2025-02-27,20250227105500000,sz.002225,5.6200,5.6200,5.6000,5.6100,539800,3026904.0000,3
2025-02-27,20250227110000000,sz.002225,5.6100,5.6400,5.6100,5.6300,248600,1398304.0000,3
2025-02-27,20250227110500000,sz.002225,5.6300,5.6800,5.6100,5.6600,1873400,10600184.0000,3
2025-02-27,20250227111000000,sz.002225,5.6700,5.6800,5.6400,5.6600,1395100,7897928.0000,3
2025-02-27,20250227111500000,sz.002225,5.6600,5.6600,5.6300,5.6300,521400,2945104.0000,3
2025-02-27,20250227112000000,sz.002225,5.6400,5.6400,5.5900,5.6000,709500,3981952.0000,3
2025-02-27,20250227112500000,sz.002225,5.6000,5.6000,5.5800,5.5900,633900,3543832.0000,3
2025-02-27,20250227113000000,sz.002225,5.5800,5.5900,5.5800,5.5800,240000,1341216.0000,3
2025-02-27,20250227130500000,sz.002225,5.5800,5.5900,5.5500,5.5500,909100,5060952.0000,3
2025-02-27,20250227131000000,sz.002225,5.5500,5.5600,5.5300,5.5300,1044700,5794088.0000,3
2025-02-27,20250227131500000,sz.002225,5.5300,5.5500,5.5200,5.5400,496600,2747752.0000,3
2025-02-27,20250227132000000,sz.002225,5.5400,5.5600,5.5400,5.5600,331900,1842104.0000,3
2025-02-27,20250227132500000,sz.002225,5.5600,5.5700,5.5500,5.5700,146000,812048.0000,3
2025-02-27,20250227133000000,sz.002225,5.5600,5.5700,5.5500,5.5500,345200,1917664.0000,3
2025-02-27,20250227133500000,sz.002225,5.5400,5.5500,5.5400,5.5500,108300,600488.0000,3
2025-02-27,20250227134000000,sz.002225,5.5500,5.5500,5.5300,5.5300,580300,3214440.0000,3
2025-02-27,20250227134500000,sz.002225,5.5300,5.5800,5.5200,5.5400,379300,2102968.0000,3
2025-02-27,20250227135000000,sz.002225,5.5400,5.5600,5.5400,5.5600,190200,1056008.0000,3
2025-02-27,20250227135500000,sz.002225,5.5600,5.5700,5.5500,5.5600,138700,771128.0000,3
2025-02-27,20250227140000000,sz.002225,5.5600,5.5700,5.5500,5.5500,93000,516920.0000,3
2025-02-27,20250227140500000,sz.002225,5.5500,5.5700,5.5500,5.5500,223700,1243904.0000,3
2025-02-27,20250227141000000,sz.002225,5.5500,5.5600,5.5500,5.5600,189000,1049984.0000,3
2025-02-27,20250227141500000,sz.002225,5.5600,5.5800,5.5600,5.5800,229500,1277664.0000,3
2025-02-27,20250227142000000,sz.002225,5.5800,5.5800,5.5700,5.5800,270000,1506432.0000,3
2025-02-27,20250227142500000,sz.002225,5.5700,5.6100,5.5700,5.6000,331100,1851232.0000,3
2025-02-27,20250227143000000,sz.002225,5.6100,5.6100,5.5900,5.6000,543800,3047712.0000,3
2025-02-27,20250227143500000,sz.002225,5.6000,5.6100,5.5900,5.6000,346000,1936896.0000,3
2025-02-27,20250227144000000,sz.002225,5.6000,5.6100,5.5900,5.6100,320900,1794800.0000,3
2025-02-27,20250227144500000,sz.002225,5.6000,5.6100,5.5900,5.6100,321100,1799200.0000,3
2025-02-27,20250227145000000,sz.002225,5.6100,5.6100,5.5900,5.6100,659900,3696704.0000,3
2025-02-27,20250227145500000,sz.002225,5.6100,5.6100,5.6000,5.6100,807100,4524048.0000,3
2025-02-27,20250227150000000,sz.002225,5.6100,5.6100,5.5900,5.6000,1141100,6389088.0000,3
2025-02-28,20250228093500000,sz.002225,5.6200,5.6600,5.5600,5.6000,2602200,14616660.0000,3
2025-02-28,20250228094000000,sz.002225,5.6000,5.6300,5.5800,5.6200,865800,4862628.0000,3
2025-02-28,20250228094500000,sz.002225,5.6200,5.6200,5.5600,5.5800,788900,4403932.0000,3
2025-02-28,20250228095000000,sz.002225,5.5800,5.6400,5.5800,5.6200,656000,3683554.0000,3
2025-02-28,20250228095500000,sz.002225,5.6100,5.6200,5.5900,5.6200,552800,3096488.0000,3
2025-02-28,20250228100000000,sz.002225,5.6200,5.6300,5.5700,5.5800,806800,4510750.0000,3
2025-02-28,20250228100500000,sz.002225,5.5800,5.5800,5.5500,5.5700,622200,3461548.0000,3
2025-02-28,20250228101000000,sz.002225,5.5700,5.6500,5.5600,5.6100,1313700,7375764.0000,3
2025-02-28,20250228101500000,sz.002225,5.6100,5.6100,5.5900,5.5900,220800,1236828.0000,3
2025-02-28,20250228102000000,sz.002225,5.5900,5.6000,5.5800,5.6000,168300,941016.0000,3
2025-02-28,20250228102500000,sz.002225,5.6000,5.6100,5.5900,5.6100,339800,1904172.0000,3
2025-02-28,20250228103000000,sz.002225,5.6100,5.6200,5.6000,5.6200,262500,1472768.0000,3
2025-02-28,20250228103500000,sz.002225,5.6200,5.6300,5.6100,5.6200,279300,1570364.0000,3
2025-02-28,20250228104000000,sz.002225,5.6200,5.6400,5.6100,5.6400,563700,3174968.0000,3
2025-02-28,20250228104500000,sz.002225,5.6400,5.6600,5.6300,5.6400,791400,4469488.0000,3
2025-02-28,20250228105000000,sz.002225,5.6300,5.6400,5.6200,5.6200,403700,2272460.0000,3
2025-02-28,20250228105500000,sz.002225,5.6200,5.6400,5.6100,5.6100,294900,1658516.0000,3
2025-02-28,20250228110000000,sz.002225,5.6000,5.6100,5.5700,5.5800,675500,3773896.0000,3
2025-02-28,20250228110500000,sz.002225,5.5800,5.5800,5.5600,5.5800,416900,2322368.0000,3
2025-02-28,20250228111000000,sz.002225,5.5700,5.6400,5.5700,5.6000,719000,4037432.0000,3
2025-02-28,20250228111500000,sz.002225,5.6000,5.6300,5.6000,5.6300,393200,2209760.0000,3
2025-02-28,20250228112000000,sz.002225,5.6300,5.6400,5.6100,5.6200,494400,2779000.0000,3
2025-02-28,20250228112500000,sz.002225,5.6200,5.6200,5.6000,5.6100,164600,923488.0000,3
2025-02-28,20250228113000000,sz.002225,5.6100,5.6200,5.6000,5.6200,178400,1000928.0000,3
2025-02-28,20250228130500000,sz.002225,5.6300,5.6800,5.6200,5.6700,2111300,11948640.0000,3
2025-02-28,20250228131000000,sz.002225,5.6700,5.7100,5.6600,5.7000,1944000,11054960.0000,3
2025-02-28,20250228131500000,sz.002225,5.7000,5.8000,5.6600,5.7900,2407500,13782104.0000,3
2025-02-28,20250228132000000,sz.002225,5.7900,5.8600,5.7300,5.7900,4528800,26291296.0000,3
2025-02-28,20250228132500000,sz.002225,5.7900,5.8600,5.7700,5.8600,2933000,17057296.0000,3
2025-02-28,20250228133000000,sz.002225,5.8600,6.0700,5.8600,6.0700,7458800,44313776.0000,3
2025-02-28,20250228133500000,sz.002225,6.0700,6.1600,5.9800,6.1600,8599200,52697488.0000,3
2025-02-28,20250228134000000,sz.002225,6.1600,6.1600,6.1600,6.1600,1694300,10436896.0000,3
2025-02-28,20250228134500000,sz.002225,6.1600,6.1600,6.1600,6.1600,9766500,60161648.0000,3
2025-02-28,20250228135000000,sz.002225,6.1600,6.1600,6.1000,6.1600,18668600,114951200.0000,3
2025-02-28,20250228135500000,sz.002225,6.1600,6.1600,6.0200,6.0200,4999100,30379744.0000,3
2025-02-28,20250228140000000,sz.002225,6.0200,6.0400,5.9700,5.9800,2982100,17895360.0000,3
2025-02-28,20250228140500000,sz.002225,5.9800,5.9800,5.8700,5.8900,2872700,16977120.0000,3
2025-02-28,20250228141000000,sz.002225,5.8900,6.0800,5.8700,5.9800,1918000,11446400.0000,3
2025-02-28,20250228141500000,sz.002225,5.9800,5.9900,5.9000,5.9000,1549100,9214720.0000,3
2025-02-28,20250228142000000,sz.002225,5.9000,5.9000,5.8000,5.8300,2407500,14059424.0000,3
2025-02-28,20250228142500000,sz.002225,5.8200,5.8300,5.7200,5.8000,3257600,18814528.0000,3
2025-02-28,20250228143000000,sz.002225,5.8000,5.8700,5.7800,5.8500,1515600,8807552.0000,3
2025-02-28,20250228143500000,sz.002225,5.8500,5.8600,5.7900,5.7900,946500,5518208.0000,3
2025-02-28,20250228144000000,sz.002225,5.7900,5.8100,5.7800,5.7900,1065000,6174784.0000,3
2025-02-28,20250228144500000,sz.002225,5.7900,5.9000,5.7900,5.9000,1065400,6217280.0000,3
2025-02-28,20250228145000000,sz.002225,5.9000,6.0000,5.8200,6.0000,1558700,9225784.0000,3
2025-02-28,20250228145500000,sz.002225,6.0000,6.1000,5.9600,5.9700,4463600,26977160.0000,3
2025-02-28,20250228150000000,sz.002225,5.9700,5.9700,5.8900,5.9600,1761700,10471616.0000,3
2025-03-03,20250303093500000,sz.002225,5.5500,5.6700,5.5500,5.5900,9006300,50451744.0000,3
2025-03-03,20250303094000000,sz.002225,5.5900,5.6400,5.5800,5.6000,3430700,19226428.0000,3
2025-03-03,20250303094500000,sz.002225,5.6000,5.6900,5.5700,5.6800,4364100,24516208.0000,3
2025-03-03,20250303095000000,sz.002225,5.6800,5.8200,5.6800,5.7900,8414400,48454048.0000,3
2025-03-03,20250303095500000,sz.002225,5.7900,5.8200,5.7600,5.8100,2891800,16756384.0000,3
2025-03-03,20250303100000000,sz.002225,5.8100,5.8300,5.7700,5.7700,2109700,12236896.0000,3
2025-03-03,20250303100500000,sz.002225,5.7700,5.8300,5.7600,5.7600,2450200,14177536.0000,3
2025-03-03,20250303101000000,sz.002225,5.7600,5.7800,5.7300,5.7400,1456600,8378288.0000,3
2025-03-03,20250303101500000,sz.002225,5.7400,5.7900,5.7300,5.7500,1851900,10679280.0000,3
2025-03-03,20250303102000000,sz.002225,5.7500,5.8200,5.7300,5.8200,1969000,11386880.0000,3
2025-03-03,20250303102500000,sz.002225,5.8200,5.8900,5.8000,5.8500,2913300,17017680.0000,3
2025-03-03,20250303103000000,sz.002225,5.8500,5.9000,5.8100,5.9000,2820800,16517456.0000,3
2025-03-03,20250303103500000,sz.002225,5.9000,6.1300,5.8900,6.0100,8075600,48729568.0000,3
2025-03-03,20250303104000000,sz.002225,6.0100,6.0300,5.9100,5.9200,2694600,16107968.0000,3
2025-03-03,20250303104500000,sz.002225,5.9200,5.9800,5.9000,5.9800,1217300,7236224.0000,3
2025-03-03,20250303105000000,sz.002225,5.9800,5.9800,5.9500,5.9500,785700,4685184.0000,3
2025-03-03,20250303105500000,sz.002225,5.9500,5.9800,5.9100,5.9700,981200,5833888.0000,3
2025-03-03,20250303110000000,sz.002225,5.9700,5.9800,5.8600,5.9000,968800,5717632.0000,3
2025-03-03,20250303110500000,sz.002225,5.9000,5.9000,5.8600,5.8800,583800,3430560.0000,3
2025-03-03,20250303111000000,sz.002225,5.8800,5.9000,5.8500,5.8500,499000,2924160.0000,3
2025-03-03,20250303111500000,sz.002225,5.8500,5.8700,5.8300,5.8500,499500,2917024.0000,3
2025-03-03,20250303112000000,sz.002225,5.8500,5.8800,5.8400,5.8500,525900,3078976.0000,3
2025-03-03,20250303112500000,sz.002225,5.8500,5.8700,5.8400,5.8500,386100,2260576.0000,3
2025-03-03,20250303113000000,sz.002225,5.8600,5.8600,5.7900,5.8300,1005700,5851360.0000,3
2025-03-03,20250303130500000,sz.002225,5.8400,5.8800,5.8300,5.8600,971200,5690624.0000,3
2025-03-03,20250303131000000,sz.002225,5.8600,5.9200,5.8400,5.8900,788100,4625952.0000,3
2025-03-03,20250303131500000,sz.002225,5.8900,5.9300,5.8600,5.9000,803700,4739104.0000,3
2025-03-03,20250303132000000,sz.002225,5.9000,5.9100,5.8700,5.8700,505300,2977408.0000,3
2025-03-03,20250303132500000,sz.002225,5.8700,5.8900,5.8300,5.8400,330900,1938720.0000,3
2025-03-03,20250303133000000,sz.002225,5.8400,5.8600,5.8200,5.8200,465500,2715552.0000,3
2025-03-03,20250303133500000,sz.002225,5.8200,5.8600,5.8100,5.8400,526400,3066080.0000,3
2025-03-03,20250303134000000,sz.002225,5.8400,5.8600,5.8000,5.8400,513300,2987296.0000,3
2025-03-03,20250303134500000,sz.002225,5.8400,5.8600,5.8100,5.8400,529500,3088448.0000,3
2025-03-03,20250303135000000,sz.002225,5.8400,5.8400,5.7400,5.7600,1682100,9735776.0000,3
2025-03-03,20250303135500000,sz.002225,5.7600,5.7900,5.7500,5.7600,1144700,6601152.0000,3
2025-03-03,20250303140000000,sz.002225,5.7600,5.8000,5.7500,5.7700,717700,4143456.0000,3
2025-03-03,20250303140500000,sz.002225,5.7700,5.8100,5.7400,5.7600,1208400,6984896.0000,3
2025-03-03,20250303141000000,sz.002225,5.7600,5.8000,5.7500,5.7900,687200,3966176.0000,3
2025-03-03,20250303141500000,sz.002225,5.7900,5.7900,5.7500,5.7700,615700,3552288.0000,3
2025-03-03,20250303142000000,sz.002225,5.7700,5.8100,5.7700,5.7700,518000,2997056.0000,3
2025-03-03,20250303142500000,sz.002225,5.7700,5.8100,5.7600,5.8000,957300,5537920.0000,3
2025-03-03,20250303143000000,sz.002225,5.7800,5.8200,5.7700,5.8000,551800,3197920.0000,3
2025-03-03,20250303143500000,sz.002225,5.8100,5.8300,5.7700,5.7700,644000,3734080.0000,3
2025-03-03,20250303144000000,sz.002225,5.7800,5.7900,5.7500,5.7800,1305400,7529984.0000,3
2025-03-03,20250303144500000,sz.002225,5.7800,5.8000,5.7500,5.7900,800000,4622400.0000,3
2025-03-03,20250303145000000,sz.002225,5.7900,5.7900,5.7500,5.7600,1045800,6035776.0000,3
2025-03-03,20250303145500000,sz.002225,5.7600,5.8000,5.7300,5.7900,2250700,12989216.0000,3
2025-03-03,20250303150000000,sz.002225,5.7900,5.8100,5.7800,5.7800,1435400,8307296.0000,3
2025-03-04,20250304093500000,sz.002225,5.7000,5.8300,5.6900,5.7600,3680000,21134552.0000,3
2025-03-04,20250304094000000,sz.002225,5.7700,5.8200,5.7200,5.7900,1542200,8889404.0000,3
2025-03-04,20250304094500000,sz.002225,5.7900,5.7900,5.7100,5.7100,902300,5175470.0000,3
2025-03-04,20250304095000000,sz.002225,5.7100,5.7400,5.6900,5.7100,1176200,6718104.0000,3
2025-03-04,20250304095500000,sz.002225,5.7100,5.7200,5.6900,5.6900,1404600,8010656.0000,3
2025-03-04,20250304100000000,sz.002225,5.6900,5.7000,5.6600,5.6700,1306600,7416188.0000,3
2025-03-04,20250304100500000,sz.002225,5.6700,5.6700,5.6500,5.6600,1220200,6906524.0000,3
2025-03-04,20250304101000000,sz.002225,5.6600,5.6700,5.6400,5.6600,878400,4967800.0000,3
2025-03-04,20250304101500000,sz.002225,5.6700,5.6800,5.6500,5.6800,417600,2366424.0000,3
2025-03-04,20250304102000000,sz.002225,5.6800,5.7700,5.6700,5.7400,1406600,8057224.0000,3
2025-03-04,20250304102500000,sz.002225,5.7500,5.8000,5.7300,5.7300,1377300,7943872.0000,3
2025-03-04,20250304103000000,sz.002225,5.7300,5.7400,5.6900,5.6900,199500,1139232.0000,3
2025-03-04,20250304103500000,sz.002225,5.6900,5.7500,5.6900,5.7300,234000,1337320.0000,3
2025-03-04,20250304104000000,sz.002225,5.7300,5.7400,5.7200,5.7200,264000,1513408.0000,3
2025-03-04,20250304104500000,sz.002225,5.7200,5.8000,5.7200,5.8000,641400,3703760.0000,3
2025-03-04,20250304105000000,sz.002225,5.8000,5.8000,5.7500,5.7500,310300,1791168.0000,3
2025-03-04,20250304105500000,sz.002225,5.7500,5.7700,5.7500,5.7500,188100,1082704.0000,3
2025-03-04,20250304110000000,sz.002225,5.7500,5.7600,5.7300,5.7300,80600,463136.0000,3
2025-03-04,20250304110500000,sz.002225,5.7300,5.7500,5.7200,5.7300,215000,1232624.0000,3
2025-03-04,20250304111000000,sz.002225,5.7300,5.7300,5.7100,5.7100,189400,1084128.0000,3
2025-03-04,20250304111500000,sz.002225,5.7100,5.7200,5.6800,5.6800,415600,2367296.0000,3
2025-03-04,20250304112000000,sz.002225,5.6900,5.7000,5.6800,5.6800,201200,1143832.0000,3
2025-03-04,20250304112500000,sz.002225,5.6900,5.7400,5.6800,5.6900,357200,2039488.0000,3
2025-03-04,20250304113000000,sz.002225,5.6900,5.7000,5.6800,5.6900,219400,1248000.0000,3
2025-03-04,20250304130500000,sz.002225,5.6800,5.7100,5.6500,5.6800,1365500,7748432.0000,3
2025-03-04,20250304131000000,sz.002225,5.6800,5.7100,5.6700,5.6900,298700,1697600.0000,3
2025-03-04,20250304131500000,sz.002225,5.6900,5.7700,5.6900,5.7700,989500,5667568.0000,3
2025-03-04,20250304132000000,sz.002225,5.7700,5.7700,5.7000,5.7000,445300,2557040.0000,3
2025-03-04,20250304132500000,sz.002225,5.7000,5.7100,5.6800,5.6800,188700,1074240.0000,3
2025-03-04,20250304133000000,sz.002225,5.6800,5.6900,5.6600,5.6800,661100,3752448.0000,3
2025-03-04,20250304133500000,sz.002225,5.6800,5.7000,5.6700,5.6900,423600,2407016.0000,3
2025-03-04,20250304134000000,sz.002225,5.6900,5.7200,5.6900,5.7200,467000,2664560.0000,3
2025-03-04,20250304134500000,sz.002225,5.7200,5.7600,5.7200,5.7200,733700,4206896.0000,3
2025-03-04,20250304135000000,sz.002225,5.7200,5.7300,5.6800,5.7000,509900,2909264.0000,3
2025-03-04,20250304135500000,sz.002225,5.7000,5.7000,5.6800,5.6900,290600,1653216.0000,3
2025-03-04,20250304140000000,sz.002225,5.6900,5.7100,5.6800,5.7000,276900,1576800.0000,3
2025-03-04,20250304140500000,sz.002225,5.7000,5.7100,5.6900,5.7000,226400,1289680.0000,3
2025-03-04,20250304141000000,sz.002225,5.7100,5.7100,5.7000,5.7000,193400,1103408.0000,3
2025-03-04,20250304141500000,sz.002225,5.7000,5.7200,5.6900,5.7000,300700,1715104.0000,3
2025-03-04,20250304142000000,sz.002225,5.7000,5.7300,5.6900,5.7200,487400,2781248.0000,3
2025-03-04,20250304142500000,sz.002225,5.7200,5.7500,5.7200,5.7300,665100,3813568.0000,3
2025-03-04,20250304143000000,sz.002225,5.7300,5.7500,5.7200,5.7300,447600,2566464.0000,3
2025-03-04,20250304143500000,sz.002225,5.7300,5.7500,5.7300,5.7500,359700,2065296.0000,3
2025-03-04,20250304144000000,sz.002225,5.7500,5.7500,5.7300,5.7500,495200,2844384.0000,3
2025-03-04,20250304144500000,sz.002225,5.7500,5.7600,5.7400,5.7600,525300,3019280.0000,3
2025-03-04,20250304145000000,sz.002225,5.7600,5.7600,5.7300,5.7500,1108800,6370064.0000,3
2025-03-04,20250304145500000,sz.002225,5.7500,5.7600,5.7300,5.7500,1002100,5756064.0000,3
2025-03-04,20250304150000000,sz.002225,5.7600,5.7600,5.7400,5.7600,1206600,6947120.0000,3
2025-03-05,20250305093500000,sz.002225,5.7500,5.7900,5.7000,5.7000,2491900,14312821.0000,3
2025-03-05,20250305094000000,sz.002225,5.7000,5.7200,5.6800,5.7000,1293000,7366789.0000,3
2025-03-05,20250305094500000,sz.002225,5.7000,5.7100,5.6500,5.6600,1729800,9807200.0000,3
2025-03-05,20250305095000000,sz.002225,5.6600,5.6900,5.6500,5.6700,1152300,6529012.0000,3
2025-03-05,20250305095500000,sz.002225,5.6700,5.6900,5.6500,5.6800,776700,4395024.0000,3
2025-03-05,20250305100000000,sz.002225,5.6800,5.6800,5.6100,5.6200,1184000,6668384.0000,3
2025-03-05,20250305100500000,sz.002225,5.6200,5.6300,5.5900,5.6000,1373900,7700984.0000,3
2025-03-05,20250305101000000,sz.002225,5.6000,5.6600,5.5800,5.6600,1540800,8631368.0000,3
2025-03-05,20250305101500000,sz.002225,5.6600,5.6900,5.6200,5.6600,985100,5574528.0000,3
2025-03-05,20250305102000000,sz.002225,5.6600,5.6600,5.6400,5.6400,202700,1145112.0000,3
2025-03-05,20250305102500000,sz.002225,5.6400,5.6500,5.6300,5.6300,365100,2059232.0000,3
2025-03-05,20250305103000000,sz.002225,5.6400,5.6400,5.6100,5.6200,587000,3298672.0000,3
2025-03-05,20250305103500000,sz.002225,5.6100,5.6200,5.5900,5.6100,680600,3815360.0000,3
2025-03-05,20250305104000000,sz.002225,5.6000,5.6200,5.6000,5.6100,275000,1542520.0000,3
2025-03-05,20250305104500000,sz.002225,5.6100,5.6400,5.6000,5.6200,473200,2662776.0000,3
2025-03-05,20250305105000000,sz.002225,5.6200,5.6400,5.6200,5.6200,194300,1093440.0000,3
2025-03-05,20250305105500000,sz.002225,5.6200,5.6300,5.6000,5.6100,302500,1697400.0000,3
2025-03-05,20250305110000000,sz.002225,5.6200,5.6300,5.6100,5.6300,282800,1588096.0000,3
2025-03-05,20250305110500000,sz.002225,5.6300,5.6300,5.6100,5.6100,167300,940840.0000,3
2025-03-05,20250305111000000,sz.002225,5.6100,5.6200,5.6000,5.6000,270700,1518240.0000,3
2025-03-05,20250305111500000,sz.002225,5.6100,5.6300,5.6000,5.6100,341500,1916416.0000,3
2025-03-05,20250305112000000,sz.002225,5.6100,5.6200,5.6000,5.6100,372200,2086872.0000,3
2025-03-05,20250305112500000,sz.002225,5.6100,5.7000,5.6100,5.6900,1121100,6348472.0000,3
2025-03-05,20250305113000000,sz.002225,5.6900,5.6900,5.6300,5.6400,408000,2311544.0000,3
2025-03-05,20250305130500000,sz.002225,5.6400,5.6500,5.6300,5.6300,971300,5470824.0000,3
2025-03-05,20250305131000000,sz.002225,5.6300,5.7200,5.6200,5.7200,1077000,6123080.0000,3
2025-03-05,20250305131500000,sz.002225,5.7200,5.8600,5.7200,5.8600,4271600,24767488.0000,3
2025-03-05,20250305132000000,sz.002225,5.8600,5.9400,5.8600,5.8800,5917100,34899520.0000,3
2025-03-05,20250305132500000,sz.002225,5.8800,5.8800,5.8300,5.8500,2050200,12001536.0000,3
2025-03-05,20250305133000000,sz.002225,5.8500,5.9100,5.8500,5.8900,1356600,7982224.0000,3
2025-03-05,20250305133500000,sz.002225,5.8900,5.8900,5.8400,5.8500,759700,4456016.0000,3
2025-03-05,20250305134000000,sz.002225,5.8500,5.8500,5.8300,5.8400,488200,2850224.0000,3
2025-03-05,20250305134500000,sz.002225,5.8400,5.8700,5.8100,5.8600,930100,5425648.0000,3
2025-03-05,20250305135000000,sz.002225,5.8600,5.9000,5.8500,5.8700,818000,4803616.0000,3
2025-03-05,20250305135500000,sz.002225,5.8700,5.8900,5.8500,5.8900,749100,4394976.0000,3
2025-03-05,20250305140000000,sz.002225,5.8900,5.9100,5.8700,5.8900,1003400,5915392.0000,3
2025-03-05,20250305140500000,sz.002225,5.8900,5.8900,5.8700,5.8800,332900,1958496.0000,3
2025-03-05,20250305141000000,sz.002225,5.8800,5.9600,5.8700,5.8800,2707700,16043376.0000,3
2025-03-05,20250305141500000,sz.002225,5.8800,5.9000,5.8700,5.8800,948600,5582944.0000,3
2025-03-05,20250305142000000,sz.002225,5.8800,5.8900,5.8700,5.8800,494100,2906192.0000,3
2025-03-05,20250305142500000,sz.002225,5.8800,5.8900,5.8700,5.8800,451700,2655552.0000,3
2025-03-05,20250305143000000,sz.002225,5.8800,5.9000,5.8700,5.9000,602100,3545872.0000,3
2025-03-05,20250305143500000,sz.002225,5.9000,5.9000,5.8900,5.9000,419100,2471120.0000,3
2025-03-05,20250305144000000,sz.002225,5.8900,5.9000,5.8600,5.8600,920800,5413392.0000,3
2025-03-05,20250305144500000,sz.002225,5.8600,5.8800,5.8600,5.8800,805300,4727040.0000,3
2025-03-05,20250305145000000,sz.002225,5.8800,5.8800,5.8700,5.8800,754400,4432384.0000,3
2025-03-05,20250305145500000,sz.002225,5.8800,5.8900,5.8700,5.8800,1444000,8483776.0000,3
2025-03-05,20250305150000000,sz.002225,5.8800,5.9000,5.8800,5.8900,2076000,12227296.0000,3
2025-03-06,20250306093500000,sz.002225,5.8200,5.8200,5.7300,5.7300,4138800,23909558.0000,3
2025-03-06,20250306094000000,sz.002225,5.7300,5.7800,5.7200,5.7300,2053900,11808338.0000,3
2025-03-06,20250306094500000,sz.002225,5.7300,5.7400,5.7100,5.7300,2150900,12297868.0000,3
2025-03-06,20250306095000000,sz.002225,5.7300,5.7800,5.7300,5.7400,1282900,7379832.0000,3
2025-03-06,20250306095500000,sz.002225,5.7400,5.7500,5.7200,5.7500,1201000,6882720.0000,3
2025-03-06,20250306100000000,sz.002225,5.7500,5.7900,5.7300,5.7600,989500,5701504.0000,3
2025-03-06,20250306100500000,sz.002225,5.7600,5.8100,5.7600,5.7900,1499700,8669952.0000,3
2025-03-06,20250306101000000,sz.002225,5.7900,5.8200,5.7700,5.8000,1432500,8300320.0000,3
2025-03-06,20250306101500000,sz.002225,5.7800,5.8400,5.7800,5.8100,920500,5348928.0000,3
2025-03-06,20250306102000000,sz.002225,5.8100,5.8600,5.8000,5.8400,1411300,8225160.0000,3
2025-03-06,20250306102500000,sz.002225,5.8100,5.8500,5.8000,5.8100,422700,2464536.0000,3
2025-03-06,20250306103000000,sz.002225,5.8100,5.8500,5.8100,5.8300,631900,3684512.0000,3
2025-03-06,20250306103500000,sz.002225,5.8300,5.9000,5.8300,5.8600,1596800,9369856.0000,3
2025-03-06,20250306104000000,sz.002225,5.8600,5.8700,5.8200,5.8200,849900,4972128.0000,3
2025-03-06,20250306104500000,sz.002225,5.8200,5.8300,5.8100,5.8200,583200,3394104.0000,3
2025-03-06,20250306105000000,sz.002225,5.8300,5.8300,5.8100,5.8100,291100,1694704.0000,3
2025-03-06,20250306105500000,sz.002225,5.8100,5.8200,5.8100,5.8200,235700,1369960.0000,3
2025-03-06,20250306110000000,sz.002225,5.8200,5.8300,5.7900,5.8200,853100,4952864.0000,3
2025-03-06,20250306110500000,sz.002225,5.8300,5.8600,5.8300,5.8500,699700,4095272.0000,3
2025-03-06,20250306111000000,sz.002225,5.8400,5.8700,5.8300,5.8400,875800,5122488.0000,3
2025-03-06,20250306111500000,sz.002225,5.8400,5.8600,5.8400,5.8400,158100,924688.0000,3
2025-03-06,20250306112000000,sz.002225,5.8400,5.8500,5.8400,5.8500,180400,1054560.0000,3
2025-03-06,20250306112500000,sz.002225,5.8400,5.8900,5.8400,5.8900,664000,3892448.0000,3
2025-03-06,20250306113000000,sz.002225,5.8900,5.9600,5.8800,5.9500,2007200,11908480.0000,3
2025-03-06,20250306130500000,sz.002225,5.9600,5.9700,5.8900,5.9000,1367900,8113824.0000,3
2025-03-06,20250306131000000,sz.002225,5.9000,5.9200,5.9000,5.9100,353900,2091440.0000,3
2025-03-06,20250306131500000,sz.002225,5.9100,5.9200,5.8900,5.8900,534600,3155888.0000,3
2025-03-06,20250306132000000,sz.002225,5.8900,5.9600,5.8900,5.9200,1223500,7245184.0000,3
2025-03-06,20250306132500000,sz.002225,5.9200,5.9200,5.8900,5.9000,568500,3356576.0000,3
2025-03-06,20250306133000000,sz.002225,5.9000,5.9000,5.8700,5.8800,824800,4849104.0000,3
2025-03-06,20250306133500000,sz.002225,5.8800,5.9000,5.8800,5.8800,338400,1992432.0000,3
2025-03-06,20250306134000000,sz.002225,5.8800,5.9200,5.8800,5.8800,618000,3642288.0000,3
2025-03-06,20250306134500000,sz.002225,5.8900,5.9300,5.8800,5.9300,791100,4669792.0000,3
2025-03-06,20250306135000000,sz.002225,5.9200,5.9200,5.8900,5.9000,609900,3606928.0000,3
2025-03-06,20250306135500000,sz.002225,5.9000,5.9300,5.9000,5.9200,385500,2280560.0000,3
2025-03-06,20250306140000000,sz.002225,5.9200,5.9600,5.9200,5.9200,1222500,7261392.0000,3
2025-03-06,20250306140500000,sz.002225,5.9200,5.9400,5.9200,5.9400,431700,2557904.0000,3
2025-03-06,20250306141000000,sz.002225,5.9400,5.9400,5.9200,5.9200,300300,1781984.0000,3
2025-03-06,20250306141500000,sz.002225,5.9200,5.9500,5.9200,5.9500,406900,2415552.0000,3
2025-03-06,20250306142000000,sz.002225,5.9500,5.9600,5.9300,5.9500,771600,4588176.0000,3
2025-03-06,20250306142500000,sz.002225,5.9500,5.9900,5.9500,5.9700,1186300,7084688.0000,3
2025-03-06,20250306143000000,sz.002225,5.9700,5.9800,5.9600,5.9800,618400,3690976.0000,3
2025-03-06,20250306143500000,sz.002225,5.9700,5.9700,5.9400,5.9400,751900,4474992.0000,3
2025-03-06,20250306144000000,sz.002225,5.9400,5.9500,5.9200,5.9200,729700,4329088.0000,3
2025-03-06,20250306144500000,sz.002225,5.9200,5.9500,5.9100,5.9500,1615400,9571776.0000,3
2025-03-06,20250306145000000,sz.002225,5.9500,5.9500,5.9200,5.9300,889000,5276848.0000,3
2025-03-06,20250306145500000,sz.002225,5.9300,5.9600,5.9200,5.9600,1761900,10466144.0000,3
2025-03-06,20250306150000000,sz.002225,5.9600,5.9600,5.9400,5.9500,1450200,8628496.0000,3
2025-03-07,20250307093500000,sz.002225,5.9000,6.0000,5.8700,5.9800,3126200,18583512.0000,3
2025-03-07,20250307094000000,sz.002225,5.9800,6.0100,5.9500,6.0100,2185600,13070382.0000,3
2025-03-07,20250307094500000,sz.002225,6.0100,6.0100,5.9400,5.9700,1708500,10201924.0000,3
2025-03-07,20250307095000000,sz.002225,5.9700,6.0500,5.9700,5.9900,1639800,9864388.0000,3
2025-03-07,20250307095500000,sz.002225,5.9900,6.0500,5.9800,6.0200,1994700,12015024.0000,3
2025-03-07,20250307100000000,sz.002225,6.0200,6.0800,6.0100,6.0600,2074100,12536972.0000,3
2025-03-07,20250307100500000,sz.002225,6.0600,6.0600,6.0300,6.0600,628700,3804248.0000,3
2025-03-07,20250307101000000,sz.002225,6.0600,6.0600,6.0200,6.0400,899600,5431976.0000,3
2025-03-07,20250307101500000,sz.002225,6.0400,6.1600,6.0400,6.1400,2809700,17146816.0000,3
2025-03-07,20250307102000000,sz.002225,6.1400,6.1600,6.0900,6.1600,2696400,16505136.0000,3
2025-03-07,20250307102500000,sz.002225,6.1600,6.2500,6.1200,6.1900,4028500,24939472.0000,3
2025-03-07,20250307103000000,sz.002225,6.1900,6.2200,6.1300,6.1400,1396800,8629136.0000,3
2025-03-07,20250307103500000,sz.002225,6.1400,6.1400,6.1000,6.1200,727700,4456128.0000,3
2025-03-07,20250307104000000,sz.002225,6.1200,6.1200,6.0800,6.1000,887200,5408064.0000,3
2025-03-07,20250307104500000,sz.002225,6.1000,6.1100,6.0900,6.1000,418800,2554912.0000,3
2025-03-07,20250307105000000,sz.002225,6.1000,6.1100,6.0900,6.1000,476700,2908736.0000,3
2025-03-07,20250307105500000,sz.002225,6.1000,6.1100,6.0700,6.0800,592600,3608320.0000,3
2025-03-07,20250307110000000,sz.002225,6.0800,6.1000,6.0700,6.0800,571400,3476064.0000,3
2025-03-07,20250307110500000,sz.002225,6.0800,6.1000,6.0800,6.0900,192600,1173568.0000,3
2025-03-07,20250307111000000,sz.002225,6.1000,6.1000,6.0800,6.0800,180100,1096720.0000,3
2025-03-07,20250307111500000,sz.002225,6.0800,6.1200,6.0800,6.1100,438500,2671424.0000,3
2025-03-07,20250307112000000,sz.002225,6.0900,6.1100,6.0300,6.0500,781000,4728752.0000,3
2025-03-07,20250307112500000,sz.002225,6.0500,6.0600,6.0400,6.0600,522400,3158864.0000,3
2025-03-07,20250307113000000,sz.002225,6.0600,6.0700,6.0500,6.0500,293600,1777488.0000,3
2025-03-07,20250307130500000,sz.002225,6.0600,6.1800,6.0600,6.1600,1995600,12267424.0000,3
2025-03-07,20250307131000000,sz.002225,6.1600,6.1700,6.1200,6.1400,849300,5217536.0000,3
2025-03-07,20250307131500000,sz.002225,6.1400,6.1700,6.1400,6.1400,992400,6107472.0000,3
2025-03-07,20250307132000000,sz.002225,6.1400,6.1600,6.1300,6.1500,335500,2062288.0000,3
2025-03-07,20250307132500000,sz.002225,6.1500,6.1600,6.1400,6.1600,408000,2508944.0000,3
2025-03-07,20250307133000000,sz.002225,6.1600,6.2000,6.1500,6.1700,828700,5121392.0000,3
2025-03-07,20250307133500000,sz.002225,6.1700,6.2700,6.1700,6.2500,2721200,16934768.0000,3
2025-03-07,20250307134000000,sz.002225,6.2500,6.2600,6.2100,6.2500,1479100,9221984.0000,3
2025-03-07,20250307134500000,sz.002225,6.2500,6.2700,6.2000,6.2400,2115900,13194336.0000,3
2025-03-07,20250307135000000,sz.002225,6.2400,6.3400,6.2200,6.3300,3346300,21039072.0000,3
2025-03-07,20250307135500000,sz.002225,6.3300,6.3500,6.2900,6.3200,3448800,21842112.0000,3
2025-03-07,20250307140000000,sz.002225,6.3200,6.3200,6.2400,6.2700,825800,5177792.0000,3
2025-03-07,20250307140500000,sz.002225,6.2700,6.2700,6.2000,6.2400,1024500,6382432.0000,3
2025-03-07,20250307141000000,sz.002225,6.2300,6.2500,6.2000,6.2500,588700,3660256.0000,3
2025-03-07,20250307141500000,sz.002225,6.2400,6.2900,6.2200,6.2800,854300,5347264.0000,3
2025-03-07,20250307142000000,sz.002225,6.2800,6.2800,6.2400,6.2400,482200,3020352.0000,3
2025-03-07,20250307142500000,sz.002225,6.2600,6.2800,6.2300,6.2600,532800,3338080.0000,3
2025-03-07,20250307143000000,sz.002225,6.2600,6.2700,6.2300,6.2500,714400,4460992.0000,3
2025-03-07,20250307143500000,sz.002225,6.2500,6.2500,6.2000,6.2300,912000,5679904.0000,3
2025-03-07,20250307144000000,sz.002225,6.2300,6.2700,6.2200,6.2500,1046900,6543744.0000,3
2025-03-07,20250307144500000,sz.002225,6.2500,6.2700,6.2500,6.2500,791500,4950944.0000,3
2025-03-07,20250307145000000,sz.002225,6.2500,6.2700,6.2500,6.2500,1149000,7196704.0000,3
2025-03-07,20250307145500000,sz.002225,6.2500,6.4300,6.2500,6.4200,4589900,29024000.0000,3
2025-03-07,20250307150000000,sz.002225,6.4200,6.4400,6.3100,6.3300,2632200,16764992.0000,3
2025-03-10,20250310093500000,sz.002225,6.2400,6.2500,6.1700,6.1700,5465000,33936804.0000,3
2025-03-10,20250310094000000,sz.002225,6.1700,6.2500,6.1700,6.2100,3681800,22836436.0000,3
2025-03-10,20250310094500000,sz.002225,6.2100,6.2500,6.1900,6.2000,1711600,10636728.0000,3
2025-03-10,20250310095000000,sz.002225,6.2000,6.2000,6.1400,6.1400,2726100,16826432.0000,3
2025-03-10,20250310095500000,sz.002225,6.1400,6.1900,6.1400,6.1700,1614000,9948016.0000,3
2025-03-10,20250310100000000,sz.002225,6.1700,6.1800,6.1500,6.1600,937600,5780504.0000,3
2025-03-10,20250310100500000,sz.002225,6.1600,6.1800,6.1500,6.1700,917800,5654648.0000,3
2025-03-10,20250310101000000,sz.002225,6.1700,6.2200,6.1200,6.1300,2583600,15918368.0000,3
2025-03-10,20250310101500000,sz.002225,6.1300,6.1800,6.1300,6.1500,791900,4873608.0000,3
2025-03-10,20250310102000000,sz.002225,6.1500,6.1800,6.1300,6.1500,717900,4414304.0000,3
2025-03-10,20250310102500000,sz.002225,6.1500,6.1800,6.1400,6.1600,972800,5999616.0000,3
2025-03-10,20250310103000000,sz.002225,6.1700,6.2500,6.1500,6.2100,1722100,10670704.0000,3
2025-03-10,20250310103500000,sz.002225,6.2100,6.2700,6.2000,6.2300,1811300,11319584.0000,3
2025-03-10,20250310104000000,sz.002225,6.2300,6.2700,6.2300,6.2300,766700,4791200.0000,3
2025-03-10,20250310104500000,sz.002225,6.2300,6.2500,6.2200,6.2300,514000,3199696.0000,3
2025-03-10,20250310105000000,sz.002225,6.2200,6.2300,6.2100,6.2300,284300,1767056.0000,3
2025-03-10,20250310105500000,sz.002225,6.2300,6.2800,6.2200,6.2400,364700,2280544.0000,3
2025-03-10,20250310110000000,sz.002225,6.2400,6.2500,6.2300,6.2400,168600,1051360.0000,3
2025-03-10,20250310110500000,sz.002225,6.2400,6.2700,6.2100,6.2700,638200,3979856.0000,3
2025-03-10,20250310111000000,sz.002225,6.2700,6.3200,6.2600,6.3000,1145100,7200544.0000,3
2025-03-10,20250310111500000,sz.002225,6.3000,6.3700,6.2900,6.3300,1604800,10146560.0000,3
2025-03-10,20250310112000000,sz.002225,6.3300,6.3300,6.2900,6.3200,825600,5204992.0000,3
2025-03-10,20250310112500000,sz.002225,6.3200,6.3300,6.3000,6.3200,423800,2678352.0000,3
2025-03-10,20250310113000000,sz.002225,6.3200,6.3200,6.2900,6.3100,312800,1970704.0000,3
2025-03-10,20250310130500000,sz.002225,6.3000,6.3200,6.2600,6.2800,279900,1758896.0000,3
2025-03-10,20250310131000000,sz.002225,6.2800,6.3300,6.2500,6.2900,699900,4395360.0000,3
2025-03-10,20250310131500000,sz.002225,6.2900,6.3200,6.2600,6.2900,329200,2068944.0000,3
2025-03-10,20250310132000000,sz.002225,6.3100,6.3700,6.3000,6.3300,826300,5239584.0000,3
2025-03-10,20250310132500000,sz.002225,6.3300,6.3300,6.3000,6.3100,359600,2268480.0000,3
2025-03-10,20250310133000000,sz.002225,6.3100,6.3100,6.2700,6.2700,302600,1902144.0000,3
2025-03-10,20250310133500000,sz.002225,6.2700,6.3000,6.2600,6.2900,308300,1934528.0000,3
2025-03-10,20250310134000000,sz.002225,6.2800,6.2900,6.2600,6.2800,170200,1068192.0000,3
2025-03-10,20250310134500000,sz.002225,6.2800,6.3000,6.2700,6.2800,296700,1863488.0000,3
2025-03-10,20250310135000000,sz.002225,6.2900,6.2900,6.2700,6.2900,151000,948400.0000,3
2025-03-10,20250310135500000,sz.002225,6.2900,6.3400,6.2700,6.3000,346700,2181904.0000,3
2025-03-10,20250310140000000,sz.002225,6.3000,6.3400,6.3000,6.3100,495500,3130768.0000,3
2025-03-10,20250310140500000,sz.002225,6.3100,6.3100,6.2500,6.2800,724100,4540464.0000,3
2025-03-10,20250310141000000,sz.002225,6.2800,6.2900,6.2600,6.2800,273400,1714608.0000,3
2025-03-10,20250310141500000,sz.002225,6.2800,6.2800,6.2600,6.2700,211300,1324608.0000,3
2025-03-10,20250310142000000,sz.002225,6.2700,6.3000,6.2600,6.2900,238700,1499040.0000,3
2025-03-10,20250310142500000,sz.002225,6.2900,6.3000,6.2600,6.2800,182800,1147280.0000,3
2025-03-10,20250310143000000,sz.002225,6.2800,6.2800,6.2500,6.2600,464900,2912400.0000,3
2025-03-10,20250310143500000,sz.002225,6.2600,6.2700,6.2500,6.2600,296200,1854112.0000,3
2025-03-10,20250310144000000,sz.002225,6.2600,6.3300,6.2600,6.3200,1364600,8590848.0000,3
2025-03-10,20250310144500000,sz.002225,6.3200,6.3300,6.2900,6.3100,933200,5894816.0000,3
2025-03-10,20250310145000000,sz.002225,6.3100,6.3300,6.2900,6.3100,936200,5908128.0000,3
2025-03-10,20250310145500000,sz.002225,6.2900,6.3200,6.2900,6.2900,1381400,8706144.0000,3
2025-03-10,20250310150000000,sz.002225,6.2900,6.3000,6.2800,6.2800,984700,6188736.0000,3
2025-03-11,20250311093500000,sz.002225,6.2100,6.2800,6.2000,6.2800,2989200,18669562.0000,3
2025-03-11,20250311094000000,sz.002225,6.2800,6.2800,6.2300,6.2400,613600,3834506.0000,3
2025-03-11,20250311094500000,sz.002225,6.2400,6.2600,6.2200,6.2300,995000,6200662.0000,3
2025-03-11,20250311095000000,sz.002225,6.2300,6.3100,6.2200,6.2800,1229300,7710092.0000,3
2025-03-11,20250311095500000,sz.002225,6.2800,6.3500,6.2500,6.3400,1528400,9650000.0000,3
2025-03-11,20250311100000000,sz.002225,6.3400,6.4200,6.3100,6.4000,2991400,19023036.0000,3
2025-03-11,20250311100500000,sz.002225,6.4000,6.4100,6.3500,6.3500,3262100,20859376.0000,3
2025-03-11,20250311101000000,sz.002225,6.3500,6.3600,6.3200,6.3500,947900,6011704.0000,3
2025-03-11,20250311101500000,sz.002225,6.3500,6.3600,6.3300,6.3600,558000,3540752.0000,3
2025-03-11,20250311102000000,sz.002225,6.3600,6.3700,6.3200,6.3200,812200,5148800.0000,3
2025-03-11,20250311102500000,sz.002225,6.3200,6.3500,6.3200,6.3200,275100,1740568.0000,3
2025-03-11,20250311103000000,sz.002225,6.3200,6.3500,6.3200,6.3300,375100,2375112.0000,3
2025-03-11,20250311103500000,sz.002225,6.3400,6.3500,6.3300,6.3400,307900,1952224.0000,3
2025-03-11,20250311104000000,sz.002225,6.3400,6.3500,6.3200,6.3300,408000,2583040.0000,3
2025-03-11,20250311104500000,sz.002225,6.3300,6.3300,6.2600,6.2700,1419900,8926456.0000,3
2025-03-11,20250311105000000,sz.002225,6.2700,6.2800,6.2300,6.2400,982400,6143568.0000,3
2025-03-11,20250311105500000,sz.002225,6.2300,6.2800,6.2300,6.2800,280800,1756384.0000,3
2025-03-11,20250311110000000,sz.002225,6.2800,6.2900,6.2700,6.2800,240300,1507872.0000,3
2025-03-11,20250311110500000,sz.002225,6.2800,6.3100,6.2700,6.2800,336300,2115800.0000,3
2025-03-11,20250311111000000,sz.002225,6.2800,6.2800,6.2600,6.2800,285700,1791472.0000,3
2025-03-11,20250311111500000,sz.002225,6.2800,6.3000,6.2700,6.2900,175500,1103248.0000,3
2025-03-11,20250311112000000,sz.002225,6.2900,6.3100,6.2900,6.3100,369700,2322856.0000,3
2025-03-11,20250311112500000,sz.002225,6.3100,6.3200,6.2900,6.3000,225200,1418384.0000,3
2025-03-11,20250311113000000,sz.002225,6.3000,6.3200,6.3000,6.3100,120800,762032.0000,3
2025-03-11,20250311130500000,sz.002225,6.3100,6.3300,6.2700,6.2700,504400,3172064.0000,3
2025-03-11,20250311131000000,sz.002225,6.2800,6.3300,6.2700,6.3100,400900,2525552.0000,3
2025-03-11,20250311131500000,sz.002225,6.3100,6.3400,6.2900,6.3200,817700,5171120.0000,3
2025-03-11,20250311132000000,sz.002225,6.3100,6.3300,6.2800,6.3000,658800,4155616.0000,3
2025-03-11,20250311132500000,sz.002225,6.3000,6.3100,6.2800,6.2900,408000,2569280.0000,3
2025-03-11,20250311133000000,sz.002225,6.2900,6.3000,6.2700,6.2800,411500,2584864.0000,3
2025-03-11,20250311133500000,sz.002225,6.2900,6.3200,6.2700,6.3100,563900,3551552.0000,3
2025-03-11,20250311134000000,sz.002225,6.3000,6.3100,6.2900,6.3000,204800,1290640.0000,3
2025-03-11,20250311134500000,sz.002225,6.3000,6.3000,6.2500,6.2700,844100,5289056.0000,3
2025-03-11,20250311135000000,sz.002225,6.2900,6.2900,6.2400,6.2500,426900,2669872.0000,3
2025-03-11,20250311135500000,sz.002225,6.2500,6.2700,6.2500,6.2500,156200,978032.0000,3
2025-03-11,20250311140000000,sz.002225,6.2500,6.2700,6.2500,6.2700,193600,1212608.0000,3
2025-03-11,20250311140500000,sz.002225,6.2700,6.3000,6.2700,6.2800,459100,2887408.0000,3
2025-03-11,20250311141000000,sz.002225,6.2800,6.3100,6.2800,6.2900,523800,3296368.0000,3
2025-03-11,20250311141500000,sz.002225,6.2900,6.3000,6.2700,6.2800,315400,1982208.0000,3
2025-03-11,20250311142000000,sz.002225,6.2900,6.3000,6.2800,6.2900,212000,1333904.0000,3
2025-03-11,20250311142500000,sz.002225,6.2900,6.2900,6.2700,6.2800,308600,1938240.0000,3
2025-03-11,20250311143000000,sz.002225,6.2800,6.2900,6.2700,6.2900,199700,1253888.0000,3
2025-03-11,20250311143500000,sz.002225,6.2900,6.3000,6.2700,6.2900,465300,2926576.0000,3
2025-03-11,20250311144000000,sz.002225,6.2900,6.3000,6.2800,6.2800,419500,2638688.0000,3
2025-03-11,20250311144500000,sz.002225,6.2800,6.3000,6.2800,6.2900,390400,2456352.0000,3
2025-03-11,20250311145000000,sz.002225,6.2900,6.3100,6.2900,6.3000,581000,3661952.0000,3
2025-03-11,20250311145500000,sz.002225,6.3000,6.3100,6.2900,6.3000,943200,5940736.0000,3
2025-03-11,20250311150000000,sz.002225,6.3000,6.3100,6.2900,6.3000,1117900,7042256.0000,3
2025-03-12,20250312093500000,sz.002225,6.3200,6.4000,6.2600,6.2700,2500400,15779651.0000,3
2025-03-12,20250312094000000,sz.002225,6.2700,6.2700,6.2100,6.2400,1864000,11611201.0000,3
2025-03-12,20250312094500000,sz.002225,6.2400,6.2600,6.2300,6.2400,861200,5379160.0000,3
2025-03-12,20250312095000000,sz.002225,6.2400,6.2500,6.2100,6.2300,1315000,8191674.0000,3
2025-03-12,20250312095500000,sz.002225,6.2300,6.2400,6.1400,6.1400,3478600,21503316.0000,3
2025-03-12,20250312100000000,sz.002225,6.1400,6.1800,6.1200,6.1400,2816100,17303984.0000,3
2025-03-12,20250312100500000,sz.002225,6.1400,6.1700,6.1200,6.1200,1837300,11267880.0000,3
2025-03-12,20250312101000000,sz.002225,6.1200,6.1500,6.0800,6.0900,3288200,20061248.0000,3
2025-03-12,20250312101500000,sz.002225,6.0900,6.1300,6.0800,6.0800,1661600,10140280.0000,3
2025-03-12,20250312102000000,sz.002225,6.0800,6.0900,6.0400,6.0500,2495900,15133728.0000,3
2025-03-12,20250312102500000,sz.002225,6.0500,6.0700,6.0200,6.0700,2011800,12153696.0000,3
2025-03-12,20250312103000000,sz.002225,6.0700,6.1000,6.0700,6.1000,481100,2927840.0000,3
2025-03-12,20250312103500000,sz.002225,6.1000,6.1300,6.0800,6.1100,840800,5131424.0000,3
2025-03-12,20250312104000000,sz.002225,6.1100,6.1300,6.0900,6.1300,528100,3227264.0000,3
2025-03-12,20250312104500000,sz.002225,6.1300,6.1300,6.1000,6.1100,344800,2108048.0000,3
2025-03-12,20250312105000000,sz.002225,6.1200,6.1200,6.0900,6.1000,355500,2168848.0000,3
2025-03-12,20250312105500000,sz.002225,6.1000,6.1100,6.0900,6.1000,267000,1628976.0000,3
2025-03-12,20250312110000000,sz.002225,6.1100,6.1100,6.0900,6.1000,267600,1632368.0000,3
2025-03-12,20250312110500000,sz.002225,6.1000,6.1000,6.0600,6.0600,984200,5977952.0000,3
2025-03-12,20250312111000000,sz.002225,6.0600,6.0900,6.0500,6.0800,1054500,6397696.0000,3
2025-03-12,20250312111500000,sz.002225,6.0800,6.0800,6.0500,6.0600,706700,4280224.0000,3
2025-03-12,20250312112000000,sz.002225,6.0600,6.0700,6.0400,6.0500,765700,4634656.0000,3
2025-03-12,20250312112500000,sz.002225,6.0500,6.0600,6.0300,6.0400,1041000,6291120.0000,3
2025-03-12,20250312113000000,sz.002225,6.0400,6.0500,6.0100,6.0500,1530200,9219088.0000,3
2025-03-12,20250312130500000,sz.002225,6.0500,6.0600,6.0200,6.0400,1134200,6852064.0000,3
2025-03-12,20250312131000000,sz.002225,6.0500,6.0800,6.0400,6.0600,727400,4404992.0000,3
2025-03-12,20250312131500000,sz.002225,6.0600,6.1100,6.0600,6.0900,542500,3299120.0000,3
2025-03-12,20250312132000000,sz.002225,6.0900,6.1400,6.0900,6.1400,849500,5198944.0000,3
2025-03-12,20250312132500000,sz.002225,6.1400,6.1700,6.1200,6.1300,1009200,6205488.0000,3
2025-03-12,20250312133000000,sz.002225,6.1300,6.1300,6.1100,6.1200,389500,2382480.0000,3
2025-03-12,20250312133500000,sz.002225,6.1000,6.1100,6.0800,6.1100,608600,3713488.0000,3
2025-03-12,20250312134000000,sz.002225,6.1100,6.1200,6.0900,6.1000,725100,4425952.0000,3
2025-03-12,20250312134500000,sz.002225,6.1000,6.1200,6.1000,6.1000,261100,1594032.0000,3
2025-03-12,20250312135000000,sz.002225,6.1000,6.1100,6.0800,6.0900,619300,3773536.0000,3
2025-03-12,20250312135500000,sz.002225,6.1100,6.1100,6.0800,6.1000,284000,1730976.0000,3
2025-03-12,20250312140000000,sz.002225,6.1000,6.1100,6.0800,6.0900,419500,2557248.0000,3
2025-03-12,20250312140500000,sz.002225,6.0900,6.1100,6.0800,6.0900,292400,1782720.0000,3
2025-03-12,20250312141000000,sz.002225,6.0900,6.1100,6.0900,6.1000,279700,1704736.0000,3
2025-03-12,20250312141500000,sz.002225,6.1000,6.1100,6.0800,6.0800,439500,2675232.0000,3
2025-03-12,20250312142000000,sz.002225,6.0900,6.0900,6.0700,6.0700,315800,1919760.0000,3
2025-03-12,20250312142500000,sz.002225,6.0700,6.0800,6.0300,6.0400,1570300,9500736.0000,3
2025-03-12,20250312143000000,sz.002225,6.0400,6.0500,6.0000,6.0100,3004100,18059616.0000,3
2025-03-12,20250312143500000,sz.002225,6.0100,6.0200,5.9800,6.0200,2173000,13029280.0000,3
2025-03-12,20250312144000000,sz.002225,6.0200,6.0200,5.9500,5.9700,3743400,22397440.0000,3
2025-03-12,20250312144500000,sz.002225,5.9700,5.9900,5.9500,5.9600,1599700,9541664.0000,3
2025-03-12,20250312145000000,sz.002225,5.9600,5.9700,5.8900,5.9000,3605600,21380864.0000,3
2025-03-12,20250312145500000,sz.002225,5.9000,5.9400,5.8800,5.9200,2112700,12492768.0000,3
2025-03-12,20250312150000000,sz.002225,5.9200,5.9200,5.9000,5.9000,1985100,11720896.0000,3
2025-03-13,20250313093500000,sz.002225,5.8900,5.9200,5.8200,5.9100,2768100,16258028.0000,3
2025-03-13,20250313094000000,sz.002225,5.9100,5.9400,5.8700,5.9400,1905600,11248057.0000,3
2025-03-13,20250313094500000,sz.002225,5.9400,5.9500,5.9200,5.9400,1895600,11249904.0000,3
2025-03-13,20250313095000000,sz.002225,5.9400,5.9500,5.9100,5.9300,994900,5888152.0000,3
2025-03-13,20250313095500000,sz.002225,5.9300,5.9400,5.8900,5.9000,1412400,8351436.0000,3
2025-03-13,20250313100000000,sz.002225,5.9000,5.9000,5.8600,5.8700,807800,4749780.0000,3
2025-03-13,20250313100500000,sz.002225,5.8700,5.9100,5.8700,5.9000,713300,4200116.0000,3
2025-03-13,20250313101000000,sz.002225,5.9000,5.9100,5.8900,5.9000,290400,1714012.0000,3
2025-03-13,20250313101500000,sz.002225,5.9100,5.9100,5.8800,5.8900,537400,3164168.0000,3
2025-03-13,20250313102000000,sz.002225,5.8900,5.9000,5.8700,5.8700,301500,1774268.0000,3
2025-03-13,20250313102500000,sz.002225,5.8700,5.9200,5.8700,5.8800,722500,4257736.0000,3
2025-03-13,20250313103000000,sz.002225,5.8800,5.8900,5.8600,5.8700,443100,2600784.0000,3
2025-03-13,20250313103500000,sz.002225,5.8700,5.8800,5.8600,5.8600,354700,2081424.0000,3
2025-03-13,20250313104000000,sz.002225,5.8600,5.8700,5.8600,5.8600,561300,3290368.0000,3
2025-03-13,20250313104500000,sz.002225,5.8600,5.8700,5.8500,5.8600,357700,2093920.0000,3
2025-03-13,20250313105000000,sz.002225,5.8500,5.8700,5.8400,5.8600,574600,3360936.0000,3
2025-03-13,20250313105500000,sz.002225,5.8600,5.8700,5.8500,5.8600,233800,1369472.0000,3
2025-03-13,20250313110000000,sz.002225,5.8700,5.8900,5.8700,5.8800,371400,2183288.0000,3
2025-03-13,20250313110500000,sz.002225,5.8800,5.8900,5.8600,5.8700,169500,996096.0000,3
2025-03-13,20250313111000000,sz.002225,5.8700,5.8700,5.8400,5.8600,313100,1833472.0000,3
2025-03-13,20250313111500000,sz.002225,5.8500,5.8500,5.8400,5.8400,248600,1452592.0000,3
2025-03-13,20250313112000000,sz.002225,5.8400,5.8500,5.8300,5.8300,405800,2367904.0000,3
2025-03-13,20250313112500000,sz.002225,5.8300,5.8400,5.8300,5.8300,238700,1392008.0000,3
2025-03-13,20250313113000000,sz.002225,5.8300,5.8400,5.8200,5.8200,703800,4103688.0000,3
2025-03-13,20250313130500000,sz.002225,5.8200,5.8700,5.8200,5.8500,1016300,5933552.0000,3
2025-03-13,20250313131000000,sz.002225,5.8500,5.8600,5.8400,5.8400,235400,1375920.0000,3
2025-03-13,20250313131500000,sz.002225,5.8400,5.8400,5.8200,5.8300,333000,1942512.0000,3
2025-03-13,20250313132000000,sz.002225,5.8300,5.8400,5.8200,5.8200,333800,1945280.0000,3
2025-03-13,20250313132500000,sz.002225,5.8300,5.8300,5.8000,5.8100,1056500,6136856.0000,3
2025-03-13,20250313133000000,sz.002225,5.8100,5.8200,5.8000,5.8100,372100,2162392.0000,3
2025-03-13,20250313133500000,sz.002225,5.8100,5.8300,5.8100,5.8100,267500,1556272.0000,3
2025-03-13,20250313134000000,sz.002225,5.8100,5.8200,5.7900,5.8200,830600,4818200.0000,3
2025-03-13,20250313134500000,sz.002225,5.8200,5.8400,5.8100,5.8400,455500,2653208.0000,3
2025-03-13,20250313135000000,sz.002225,5.8400,5.8500,5.8200,5.8500,199000,1160768.0000,3
2025-03-13,20250313135500000,sz.002225,5.8500,5.8500,5.8300,5.8300,148100,864496.0000,3
2025-03-13,20250313140000000,sz.002225,5.8200,5.8300,5.8000,5.8100,376300,2185904.0000,3
2025-03-13,20250313140500000,sz.002225,5.8100,5.8100,5.7900,5.7900,144900,839792.0000,3
2025-03-13,20250313141000000,sz.002225,5.7900,5.8300,5.7900,5.8200,653600,3799104.0000,3
2025-03-13,20250313141500000,sz.002225,5.8200,5.8600,5.8100,5.8400,477500,2788016.0000,3
2025-03-13,20250313142000000,sz.002225,5.8400,5.8600,5.8200,5.8300,495600,2892656.0000,3
2025-03-13,20250313142500000,sz.002225,5.8300,5.8500,5.8200,5.8500,543000,3170368.0000,3
2025-03-13,20250313143000000,sz.002225,5.8500,5.8900,5.8500,5.8900,454500,2667808.0000,3
2025-03-13,20250313143500000,sz.002225,5.8900,5.9100,5.8700,5.9100,706100,4161200.0000,3
2025-03-13,20250313144000000,sz.002225,5.9100,5.9300,5.9100,5.9200,424300,2511648.0000,3
2025-03-13,20250313144500000,sz.002225,5.9200,5.9200,5.9000,5.9000,469200,2773440.0000,3
2025-03-13,20250313145000000,sz.002225,5.9000,5.9100,5.9000,5.9100,594000,3506368.0000,3
2025-03-13,20250313145500000,sz.002225,5.9100,5.9100,5.8900,5.9000,587400,3465616.0000,3
2025-03-13,20250313150000000,sz.002225,5.9000,5.9300,5.9000,5.9300,1042800,6170640.0000,3
2025-03-14,20250314093500000,sz.002225,5.9700,5.9800,5.8700,5.8700,2065700,12258032.0000,3
2025-03-14,20250314094000000,sz.002225,5.8700,5.8800,5.8100,5.8100,1525300,8914303.0000,3
2025-03-14,20250314094500000,sz.002225,5.8100,5.8200,5.7800,5.8000,1630300,9464636.0000,3
2025-03-14,20250314095000000,sz.002225,5.8000,5.8300,5.7900,5.8000,1104000,6404920.0000,3
2025-03-14,20250314095500000,sz.002225,5.8000,5.8300,5.7900,5.8100,674700,3920728.0000,3
2025-03-14,20250314100000000,sz.002225,5.8100,5.8300,5.8000,5.8100,666800,3876296.0000,3
2025-03-14,20250314100500000,sz.002225,5.8100,5.8200,5.7900,5.7900,1404800,8150836.0000,3
2025-03-14,20250314101000000,sz.002225,5.7800,5.8000,5.7600,5.8000,1455100,8401112.0000,3
2025-03-14,20250314101500000,sz.002225,5.8000,5.8200,5.7900,5.8100,621100,3605124.0000,3
2025-03-14,20250314102000000,sz.002225,5.8100,5.8200,5.8100,5.8200,354900,2063624.0000,3
2025-03-14,20250314102500000,sz.002225,5.8200,5.8400,5.8200,5.8400,265900,1550848.0000,3
2025-03-14,20250314103000000,sz.002225,5.8300,5.8300,5.8100,5.8200,289100,1683560.0000,3
2025-03-14,20250314103500000,sz.002225,5.8200,5.8300,5.8100,5.8200,246600,1435128.0000,3
2025-03-14,20250314104000000,sz.002225,5.8300,5.8300,5.8100,5.8200,533900,3106392.0000,3
2025-03-14,20250314104500000,sz.002225,5.8200,5.8400,5.8200,5.8300,228600,1331608.0000,3
2025-03-14,20250314105000000,sz.002225,5.8300,5.8300,5.7900,5.7900,707600,4105216.0000,3
2025-03-14,20250314105500000,sz.002225,5.7900,5.8000,5.7800,5.7800,1249900,7228384.0000,3
2025-03-14,20250314110000000,sz.002225,5.7900,5.8200,5.7800,5.8200,1287300,7435736.0000,3
2025-03-14,20250314110500000,sz.002225,5.8200,5.8200,5.8000,5.8100,144600,840544.0000,3
2025-03-14,20250314111000000,sz.002225,5.8100,5.8200,5.8000,5.8100,189400,1100888.0000,3
2025-03-14,20250314111500000,sz.002225,5.8100,5.8300,5.8100,5.8100,380400,2212592.0000,3
2025-03-14,20250314112000000,sz.002225,5.8100,5.8300,5.8100,5.8300,217200,1263872.0000,3
2025-03-14,20250314112500000,sz.002225,5.8300,5.8300,5.8100,5.8100,501600,2916768.0000,3
2025-03-14,20250314113000000,sz.002225,5.8100,5.8300,5.8100,5.8200,222600,1295168.0000,3
2025-03-14,20250314130500000,sz.002225,5.8300,5.8400,5.8100,5.8300,775200,4513192.0000,3
2025-03-14,20250314131000000,sz.002225,5.8300,5.8300,5.8100,5.8200,350900,2040704.0000,3
2025-03-14,20250314131500000,sz.002225,5.8200,5.8200,5.7900,5.8000,663400,3852056.0000,3
2025-03-14,20250314132000000,sz.002225,5.8000,5.8200,5.8000,5.8200,282000,1637448.0000,3
2025-03-14,20250314132500000,sz.002225,5.8200,5.8200,5.8000,5.8100,512500,2977664.0000,3
2025-03-14,20250314133000000,sz.002225,5.8100,5.8200,5.7900,5.8000,609000,3531400.0000,3
2025-03-14,20250314133500000,sz.002225,5.7900,5.8100,5.7900,5.8100,482300,2798496.0000,3
2025-03-14,20250314134000000,sz.002225,5.8100,5.8200,5.8000,5.8000,571600,3318112.0000,3
2025-03-14,20250314134500000,sz.002225,5.8000,5.8100,5.8000,5.8100,472900,2747368.0000,3
2025-03-14,20250314135000000,sz.002225,5.8100,5.8200,5.8000,5.8100,527700,3066728.0000,3
2025-03-14,20250314135500000,sz.002225,5.8100,5.8200,5.8100,5.8200,403000,2345064.0000,3
2025-03-14,20250314140000000,sz.002225,5.8200,5.8300,5.8100,5.8300,246800,1437072.0000,3
2025-03-14,20250314140500000,sz.002225,5.8300,5.8300,5.8200,5.8200,338000,1969168.0000,3
2025-03-14,20250314141000000,sz.002225,5.8200,5.8300,5.8200,5.8300,996000,5801184.0000,3
2025-03-14,20250314141500000,sz.002225,5.8300,5.8300,5.8200,5.8200,271400,1581712.0000,3
2025-03-14,20250314142000000,sz.002225,5.8300,5.8300,5.8200,5.8200,267000,1554720.0000,3
2025-03-14,20250314142500000,sz.002225,5.8200,5.8300,5.8000,5.8000,1102500,6405904.0000,3
2025-03-14,20250314143000000,sz.002225,5.8000,5.8200,5.8000,5.8100,568200,3300576.0000,3
2025-03-14,20250314143500000,sz.002225,5.8100,5.8100,5.8000,5.8100,361700,2100320.0000,3
2025-03-14,20250314144000000,sz.002225,5.8100,5.8100,5.8000,5.8100,574000,3331712.0000,3
2025-03-14,20250314144500000,sz.002225,5.8100,5.8100,5.8000,5.8000,668100,3876624.0000,3
2025-03-14,20250314145000000,sz.002225,5.8000,5.8100,5.8000,5.8100,1071300,6215440.0000,3
2025-03-14,20250314145500000,sz.002225,5.8100,5.8100,5.7900,5.7900,1691100,9803808.0000,3
2025-03-14,20250314150000000,sz.002225,5.7900,5.8000,5.7900,5.8000,745000,4318784.0000,3
2025-03-17,20250317093500000,sz.002225,5.8400,6.2400,5.8400,6.1100,11028300,67123672.0000,3
2025-03-17,20250317094000000,sz.002225,6.1100,6.1200,6.0100,6.0400,2784400,16869528.0000,3
2025-03-17,20250317094500000,sz.002225,6.0400,6.0400,5.9800,5.9900,1675600,10050144.0000,3
2025-03-17,20250317095000000,sz.002225,5.9900,6.0000,5.9500,5.9600,1043800,6235440.0000,3
2025-03-17,20250317095500000,sz.002225,5.9600,5.9900,5.9500,5.9700,857600,5111888.0000,3
2025-03-17,20250317100000000,sz.002225,5.9700,5.9700,5.9500,5.9600,275900,1644488.0000,3
2025-03-17,20250317100500000,sz.002225,5.9600,5.9700,5.9300,5.9400,494000,2936064.0000,3
2025-03-17,20250317101000000,sz.002225,5.9400,5.9600,5.9300,5.9500,294200,1748832.0000,3
2025-03-17,20250317101500000,sz.002225,5.9500,5.9500,5.9200,5.9300,382100,2267624.0000,3
2025-03-17,20250317102000000,sz.002225,5.9400,5.9500,5.9300,5.9500,239600,1422088.0000,3
2025-03-17,20250317102500000,sz.002225,5.9500,5.9600,5.9400,5.9500,261400,1554384.0000,3
2025-03-17,20250317103000000,sz.002225,5.9500,5.9500,5.9300,5.9400,220000,1307032.0000,3
2025-03-17,20250317103500000,sz.002225,5.9400,5.9400,5.9300,5.9400,95200,565208.0000,3
2025-03-17,20250317104000000,sz.002225,5.9400,5.9500,5.9300,5.9400,349500,2076840.0000,3
2025-03-17,20250317104500000,sz.002225,5.9400,5.9400,5.9200,5.9400,414500,2456816.0000,3
2025-03-17,20250317105000000,sz.002225,5.9400,5.9800,5.9200,5.9600,464700,2766872.0000,3
2025-03-17,20250317105500000,sz.002225,5.9600,5.9600,5.9400,5.9500,211800,1260264.0000,3
2025-03-17,20250317110000000,sz.002225,5.9500,5.9900,5.9400,5.9900,386600,2309872.0000,3
2025-03-17,20250317110500000,sz.002225,5.9900,6.0200,5.9800,6.0000,758600,4551600.0000,3
2025-03-17,20250317111000000,sz.002225,6.0400,6.0900,6.0400,6.0400,1258400,7609600.0000,3
2025-03-17,20250317111500000,sz.002225,6.0400,6.0400,5.9900,6.0000,157400,945264.0000,3
2025-03-17,20250317112000000,sz.002225,5.9900,6.0000,5.9900,5.9900,165300,990944.0000,3
2025-03-17,20250317112500000,sz.002225,5.9900,5.9900,5.9800,5.9900,53300,319008.0000,3
2025-03-17,20250317113000000,sz.002225,5.9800,5.9900,5.9600,5.9900,119500,713808.0000,3
2025-03-17,20250317130500000,sz.002225,5.9900,5.9900,5.9600,5.9700,170200,1016688.0000,3
2025-03-17,20250317131000000,sz.002225,5.9700,5.9700,5.9600,5.9600,172400,1028480.0000,3
2025-03-17,20250317131500000,sz.002225,5.9700,5.9700,5.9500,5.9600,131700,785088.0000,3
2025-03-17,20250317132000000,sz.002225,5.9600,5.9900,5.9500,5.9500,661000,3951696.0000,3
2025-03-17,20250317132500000,sz.002225,5.9500,5.9600,5.9500,5.9600,75600,450064.0000,3
2025-03-17,20250317133000000,sz.002225,5.9600,5.9600,5.9500,5.9600,116100,691424.0000,3
2025-03-17,20250317133500000,sz.002225,5.9600,5.9700,5.9500,5.9500,241500,1438336.0000,3
2025-03-17,20250317134000000,sz.002225,5.9500,5.9700,5.9500,5.9600,44600,265760.0000,3
2025-03-17,20250317134500000,sz.002225,5.9700,5.9700,5.9600,5.9600,53300,317872.0000,3
2025-03-17,20250317135000000,sz.002225,5.9600,5.9700,5.9500,5.9700,146800,874656.0000,3
2025-03-17,20250317135500000,sz.002225,5.9700,5.9700,5.9500,5.9500,88100,525440.0000,3
2025-03-17,20250317140000000,sz.002225,5.9500,5.9600,5.9400,5.9400,170700,1015728.0000,3
2025-03-17,20250317140500000,sz.002225,5.9400,5.9600,5.9400,5.9600,101400,602944.0000,3
2025-03-17,20250317141000000,sz.002225,5.9600,5.9600,5.9400,5.9400,63000,374592.0000,3
2025-03-17,20250317141500000,sz.002225,5.9400,5.9500,5.9400,5.9400,57100,339504.0000,3
2025-03-17,20250317142000000,sz.002225,5.9400,5.9500,5.9300,5.9300,142700,847120.0000,3
2025-03-17,20250317142500000,sz.002225,5.9300,5.9500,5.9300,5.9300,374600,2223872.0000,3
2025-03-17,20250317143000000,sz.002225,5.9300,5.9400,5.9300,5.9400,148700,882944.0000,3
2025-03-17,20250317143500000,sz.002225,5.9400,5.9400,5.9300,5.9400,143500,852064.0000,3
2025-03-17,20250317144000000,sz.002225,5.9400,5.9400,5.9300,5.9300,255600,1516528.0000,3
2025-03-17,20250317144500000,sz.002225,5.9300,5.9400,5.9300,5.9300,301600,1788896.0000,3
2025-03-17,20250317145000000,sz.002225,5.9300,5.9400,5.9200,5.9200,666700,3950160.0000,3
2025-03-17,20250317145500000,sz.002225,5.9200,5.9300,5.9100,5.9100,699100,4138224.0000,3
2025-03-17,20250317150000000,sz.002225,5.9100,5.9200,5.9000,5.9200,1017200,6018080.0000,3
2025-03-18,20250318093500000,sz.002225,5.8800,5.9300,5.8500,5.8900,2149600,12667238.0000,3
2025-03-18,20250318094000000,sz.002225,5.8900,5.9500,5.8900,5.9200,1301200,7701864.0000,3
2025-03-18,20250318094500000,sz.002225,5.9200,5.9800,5.9200,5.9600,789700,4704414.0000,3
2025-03-18,20250318095000000,sz.002225,5.9500,5.9600,5.9400,5.9400,454500,2705040.0000,3
2025-03-18,20250318095500000,sz.002225,5.9400,5.9900,5.9200,5.9300,1063500,6347928.0000,3
2025-03-18,20250318100000000,sz.002225,5.9300,5.9300,5.9000,5.9100,578400,3421248.0000,3
2025-03-18,20250318100500000,sz.002225,5.9100,5.9400,5.9100,5.9100,227800,1347664.0000,3
2025-03-18,20250318101000000,sz.002225,5.9100,5.9400,5.9100,5.9300,247700,1468196.0000,3
2025-03-18,20250318101500000,sz.002225,5.9300,5.9500,5.9200,5.9400,225900,1339696.0000,3
2025-03-18,20250318102000000,sz.002225,5.9400,5.9700,5.9200,5.9600,403500,2400468.0000,3
2025-03-18,20250318102500000,sz.002225,5.9600,5.9700,5.9500,5.9700,219500,1307680.0000,3
2025-03-18,20250318103000000,sz.002225,5.9700,6.0200,5.9600,5.9700,1478700,8858900.0000,3
2025-03-18,20250318103500000,sz.002225,5.9700,5.9800,5.9600,5.9600,246800,1473228.0000,3
2025-03-18,20250318104000000,sz.002225,5.9600,5.9700,5.9500,5.9600,231000,1376180.0000,3
2025-03-18,20250318104500000,sz.002225,5.9600,6.0000,5.9500,5.9800,1026000,6139112.0000,3
2025-03-18,20250318105000000,sz.002225,5.9700,5.9900,5.9600,5.9700,239800,1432584.0000,3
2025-03-18,20250318105500000,sz.002225,5.9700,5.9900,5.9700,5.9700,207500,1240040.0000,3
2025-03-18,20250318110000000,sz.002225,5.9800,5.9900,5.9700,5.9800,201500,1205068.0000,3
2025-03-18,20250318110500000,sz.002225,5.9800,5.9900,5.9600,5.9600,354000,2113252.0000,3
2025-03-18,20250318111000000,sz.002225,5.9600,5.9700,5.9400,5.9600,435000,2589536.0000,3
2025-03-18,20250318111500000,sz.002225,5.9600,5.9700,5.9600,5.9600,90600,540472.0000,3
2025-03-18,20250318112000000,sz.002225,5.9700,5.9800,5.9600,5.9800,253900,1517112.0000,3
2025-03-18,20250318112500000,sz.002225,5.9700,5.9900,5.9600,5.9700,279800,1671880.0000,3
2025-03-18,20250318113000000,sz.002225,5.9700,5.9900,5.9700,5.9700,125300,749128.0000,3
2025-03-18,20250318130500000,sz.002225,5.9700,5.9800,5.9600,5.9800,177000,1057048.0000,3
2025-03-18,20250318131000000,sz.002225,5.9700,6.0000,5.9600,5.9800,785000,4696368.0000,3
2025-03-18,20250318131500000,sz.002225,5.9800,5.9900,5.9700,5.9800,271800,1625144.0000,3
2025-03-18,20250318132000000,sz.002225,5.9700,5.9800,5.9600,5.9600,216800,1294384.0000,3
2025-03-18,20250318132500000,sz.002225,5.9600,5.9800,5.9600,5.9800,307800,1837536.0000,3
2025-03-18,20250318133000000,sz.002225,5.9700,5.9800,5.9700,5.9700,190600,1139064.0000,3
2025-03-18,20250318133500000,sz.002225,5.9800,5.9800,5.9500,5.9600,517900,3086680.0000,3
2025-03-18,20250318134000000,sz.002225,5.9600,5.9600,5.9500,5.9500,163400,973128.0000,3
2025-03-18,20250318134500000,sz.002225,5.9500,5.9600,5.9500,5.9600,149200,888672.0000,3
2025-03-18,20250318135000000,sz.002225,5.9600,5.9700,5.9500,5.9700,292800,1745592.0000,3
2025-03-18,20250318135500000,sz.002225,5.9700,5.9800,5.9600,5.9700,158800,948016.0000,3
2025-03-18,20250318140000000,sz.002225,5.9700,5.9700,5.9600,5.9600,136000,810832.0000,3
2025-03-18,20250318140500000,sz.002225,5.9600,5.9600,5.9500,5.9600,88100,524920.0000,3
2025-03-18,20250318141000000,sz.002225,5.9600,5.9600,5.9500,5.9600,179400,1068144.0000,3
2025-03-18,20250318141500000,sz.002225,5.9600,5.9600,5.9300,5.9400,461400,2742152.0000,3
2025-03-18,20250318142000000,sz.002225,5.9400,5.9500,5.9400,5.9500,167800,997320.0000,3
2025-03-18,20250318142500000,sz.002225,5.9400,5.9600,5.9400,5.9600,225600,1341904.0000,3
2025-03-18,20250318143000000,sz.002225,5.9500,5.9600,5.9500,5.9500,109300,651168.0000,3
2025-03-18,20250318143500000,sz.002225,5.9600,5.9600,5.9500,5.9600,478900,2849136.0000,3
2025-03-18,20250318144000000,sz.002225,5.9600,5.9600,5.9500,5.9600,237900,1417224.0000,3
2025-03-18,20250318144500000,sz.002225,5.9600,5.9600,5.9500,5.9600,218600,1301640.0000,3
2025-03-18,20250318145000000,sz.002225,5.9600,5.9800,5.9500,5.9700,782500,4672976.0000,3
2025-03-18,20250318145500000,sz.002225,5.9600,6.0000,5.9600,6.0000,1923400,11513560.0000,3
2025-03-18,20250318150000000,sz.002225,6.0000,6.0100,5.9900,6.0000,1809500,10856008.0000,3
2025-03-19,20250319093500000,sz.002225,5.9600,6.0300,5.9000,5.9000,2615100,15552802.0000,3
2025-03-19,20250319094000000,sz.002225,5.9000,5.9000,5.8600,5.8600,3560000,20926503.0000,3
2025-03-19,20250319094500000,sz.002225,5.8600,5.8800,5.8500,5.8700,1114800,6538628.0000,3
2025-03-19,20250319095000000,sz.002225,5.8700,5.8900,5.8600,5.8700,780100,4582352.0000,3
2025-03-19,20250319095500000,sz.002225,5.8700,5.8800,5.8500,5.8600,1328500,7791220.0000,3
2025-03-19,20250319100000000,sz.002225,5.8600,5.8600,5.8000,5.8200,1554500,9066252.0000,3
2025-03-19,20250319100500000,sz.002225,5.8200,5.8300,5.8100,5.8100,738200,4293920.0000,3
2025-03-19,20250319101000000,sz.002225,5.8100,5.8300,5.8100,5.8200,588200,3422912.0000,3
2025-03-19,20250319101500000,sz.002225,5.8200,5.8300,5.8100,5.8200,423900,2466488.0000,3
2025-03-19,20250319102000000,sz.002225,5.8200,5.8200,5.8100,5.8100,273000,1588080.0000,3
2025-03-19,20250319102500000,sz.002225,5.8100,5.8300,5.8100,5.8200,319700,1860472.0000,3
2025-03-19,20250319103000000,sz.002225,5.8200,5.8300,5.8100,5.8100,300800,1750280.0000,3
2025-03-19,20250319103500000,sz.002225,5.8100,5.8200,5.8100,5.8200,385700,2243208.0000,3
2025-03-19,20250319104000000,sz.002225,5.8200,5.8200,5.7800,5.8100,3004400,17433640.0000,3
2025-03-19,20250319104500000,sz.002225,5.8100,5.8200,5.8000,5.8200,278900,1619512.0000,3
2025-03-19,20250319105000000,sz.002225,5.8200,5.8300,5.8100,5.8200,439900,2559344.0000,3
2025-03-19,20250319105500000,sz.002225,5.8300,5.8300,5.8100,5.8100,461800,2689664.0000,3
2025-03-19,20250319110000000,sz.002225,5.8100,5.8200,5.8100,5.8100,345800,2010272.0000,3
2025-03-19,20250319110500000,sz.002225,5.8100,5.8200,5.8000,5.8000,490100,2846800.0000,3
2025-03-19,20250319111000000,sz.002225,5.8000,5.8100,5.8000,5.8000,425900,2470688.0000,3
2025-03-19,20250319111500000,sz.002225,5.8000,5.8200,5.8000,5.8100,157000,911824.0000,3
2025-03-19,20250319112000000,sz.002225,5.8100,5.8200,5.8000,5.8100,264300,1535344.0000,3
2025-03-19,20250319112500000,sz.002225,5.8100,5.8200,5.8000,5.8100,329000,1911928.0000,3
2025-03-19,20250319113000000,sz.002225,5.8100,5.8200,5.8000,5.8100,229200,1331672.0000,3
2025-03-19,20250319130500000,sz.002225,5.8200,5.8300,5.8000,5.8200,397200,2308832.0000,3
2025-03-19,20250319131000000,sz.002225,5.8200,5.8300,5.8000,5.8100,221100,1284680.0000,3
2025-03-19,20250319131500000,sz.002225,5.8100,5.8400,5.8100,5.8100,336100,1956664.0000,3
2025-03-19,20250319132000000,sz.002225,5.8100,5.8300,5.8100,5.8100,224400,1305072.0000,3
2025-03-19,20250319132500000,sz.002225,5.8100,5.8200,5.8100,5.8100,132700,771576.0000,3
2025-03-19,20250319133000000,sz.002225,5.8100,5.8200,5.8000,5.8100,259500,1507592.0000,3
2025-03-19,20250319133500000,sz.002225,5.8100,5.8200,5.8000,5.8000,317300,1842448.0000,3
2025-03-19,20250319134000000,sz.002225,5.8000,5.8200,5.8000,5.8000,262500,1524512.0000,3
2025-03-19,20250319134500000,sz.002225,5.8100,5.8200,5.8000,5.8100,372700,2165664.0000,3
2025-03-19,20250319135000000,sz.002225,5.8100,5.8200,5.8100,5.8100,63200,367472.0000,3
2025-03-19,20250319135500000,sz.002225,5.8100,5.8200,5.8000,5.8100,251500,1461192.0000,3
2025-03-19,20250319140000000,sz.002225,5.8100,5.8200,5.8000,5.8200,129500,752608.0000,3
2025-03-19,20250319140500000,sz.002225,5.8200,5.8200,5.8100,5.8100,59300,344688.0000,3
2025-03-19,20250319141000000,sz.002225,5.8100,5.8200,5.8100,5.8100,89600,520920.0000,3
2025-03-19,20250319141500000,sz.002225,5.8100,5.8200,5.8100,5.8100,129000,750224.0000,3
2025-03-19,20250319142000000,sz.002225,5.8200,5.8300,5.8100,5.8100,267000,1553936.0000,3
2025-03-19,20250319142500000,sz.002225,5.8100,5.8200,5.8100,5.8100,233800,1359696.0000,3
2025-03-19,20250319143000000,sz.002225,5.8100,5.8200,5.8100,5.8100,98700,573696.0000,3
2025-03-19,20250319143500000,sz.002225,5.8100,5.8200,5.8000,5.8000,752200,4366720.0000,3
2025-03-19,20250319144000000,sz.002225,5.8000,5.8100,5.7900,5.8100,693800,4023648.0000,3
2025-03-19,20250319144500000,sz.002225,5.8000,5.8100,5.7900,5.8000,1110800,6432624.0000,3
2025-03-19,20250319145000000,sz.002225,5.8000,5.8000,5.7900,5.7900,382200,2216128.0000,3
2025-03-19,20250319145500000,sz.002225,5.8000,5.8100,5.7900,5.7900,837700,4854048.0000,3
2025-03-19,20250319150000000,sz.002225,5.7900,5.8000,5.7800,5.7800,1215700,7028864.0000,3
2025-03-20,20250320093500000,sz.002225,5.7800,5.7800,5.7100,5.7200,1197200,6863235.0000,3
2025-03-20,20250320094000000,sz.002225,5.7200,5.7300,5.7000,5.7300,1655200,9446515.0000,3
2025-03-20,20250320094500000,sz.002225,5.7300,5.7500,5.7300,5.7400,227400,1304308.0000,3
2025-03-20,20250320095000000,sz.002225,5.7500,5.7500,5.7200,5.7400,384500,2204326.0000,3
2025-03-20,20250320095500000,sz.002225,5.7400,5.7900,5.7300,5.7700,442200,2550916.0000,3
2025-03-20,20250320100000000,sz.002225,5.7600,5.7800,5.7600,5.7700,112200,647048.0000,3
2025-03-20,20250320100500000,sz.002225,5.7700,5.7900,5.7700,5.7900,237200,1370224.0000,3
2025-03-20,20250320101000000,sz.002225,5.7900,5.7900,5.7700,5.7800,118400,684344.0000,3
2025-03-20,20250320101500000,sz.002225,5.7800,5.7800,5.7700,5.7700,433800,2504046.0000,3
2025-03-20,20250320102000000,sz.002225,5.7800,5.7800,5.7700,5.7800,159100,918498.0000,3
2025-03-20,20250320102500000,sz.002225,5.7700,5.7800,5.7600,5.7700,369300,2130384.0000,3
2025-03-20,20250320103000000,sz.002225,5.7600,5.7700,5.7600,5.7600,70900,408476.0000,3
2025-03-20,20250320103500000,sz.002225,5.7600,5.7700,5.7600,5.7700,60400,347548.0000,3
2025-03-20,20250320104000000,sz.002225,5.7700,5.7800,5.7700,5.7800,259600,1498624.0000,3
2025-03-20,20250320104500000,sz.002225,5.7800,5.8000,5.7700,5.7800,1119600,6473240.0000,3
2025-03-20,20250320105000000,sz.002225,5.7800,5.8000,5.7800,5.8000,173600,1004772.0000,3
2025-03-20,20250320105500000,sz.002225,5.7900,5.8000,5.7800,5.7800,212000,1227684.0000,3
2025-03-20,20250320110000000,sz.002225,5.8000,5.8000,5.7900,5.8000,119900,694804.0000,3
2025-03-20,20250320110500000,sz.002225,5.8000,5.8000,5.7800,5.7900,83200,481664.0000,3
2025-03-20,20250320111000000,sz.002225,5.7800,5.7900,5.7800,5.7800,177100,1024072.0000,3
2025-03-20,20250320111500000,sz.002225,5.7800,5.7900,5.7800,5.7900,133200,770744.0000,3
2025-03-20,20250320112000000,sz.002225,5.7900,5.8000,5.7900,5.8000,198600,1151604.0000,3
2025-03-20,20250320112500000,sz.002225,5.8000,5.8100,5.7900,5.8100,133100,772172.0000,3
2025-03-20,20250320113000000,sz.002225,5.8100,5.8100,5.8000,5.8000,124700,723672.0000,3
2025-03-20,20250320130500000,sz.002225,5.8100,5.8100,5.7900,5.8000,206300,1196576.0000,3
2025-03-20,20250320131000000,sz.002225,5.7900,5.8000,5.7800,5.7900,286900,1660104.0000,3
2025-03-20,20250320131500000,sz.002225,5.7900,5.8000,5.7800,5.7900,126100,730688.0000,3
2025-03-20,20250320132000000,sz.002225,5.7900,5.7900,5.7800,5.7900,62800,363268.0000,3
2025-03-20,20250320132500000,sz.002225,5.7800,5.7900,5.7700,5.7800,220300,1273876.0000,3
2025-03-20,20250320133000000,sz.002225,5.7800,5.7800,5.7700,5.7700,185400,1069916.0000,3
2025-03-20,20250320133500000,sz.002225,5.7700,5.7800,5.7700,5.7700,92700,535172.0000,3
2025-03-20,20250320134000000,sz.002225,5.7700,5.7700,5.7600,5.7600,240600,1386240.0000,3
2025-03-20,20250320134500000,sz.002225,5.7600,5.7700,5.7500,5.7500,297600,1711752.0000,3
2025-03-20,20250320135000000,sz.002225,5.7500,5.7600,5.7400,5.7400,228600,1313252.0000,3
2025-03-20,20250320135500000,sz.002225,5.7400,5.7500,5.7300,5.7400,362500,2080852.0000,3
2025-03-20,20250320140000000,sz.002225,5.7500,5.7600,5.7400,5.7400,119400,686480.0000,3
2025-03-20,20250320140500000,sz.002225,5.7500,5.7500,5.7300,5.7300,210800,1209804.0000,3
2025-03-20,20250320141000000,sz.002225,5.7300,5.7400,5.7300,5.7400,417000,2389728.0000,3
2025-03-20,20250320141500000,sz.002225,5.7400,5.7700,5.7400,5.7600,320300,1840196.0000,3
2025-03-20,20250320142000000,sz.002225,5.7600,5.7700,5.7500,5.7500,124000,713496.0000,3
2025-03-20,20250320142500000,sz.002225,5.7400,5.7500,5.7300,5.7500,183400,1052624.0000,3
2025-03-20,20250320143000000,sz.002225,5.7500,5.7500,5.7300,5.7400,149900,860104.0000,3
2025-03-20,20250320143500000,sz.002225,5.7400,5.7500,5.7400,5.7500,133800,768632.0000,3
2025-03-20,20250320144000000,sz.002225,5.7500,5.7500,5.7300,5.7300,351300,2014936.0000,3
2025-03-20,20250320144500000,sz.002225,5.7300,5.7300,5.7000,5.7200,1143600,6532688.0000,3
2025-03-20,20250320145000000,sz.002225,5.7200,5.7200,5.7100,5.7100,756400,4324656.0000,3
2025-03-20,20250320145500000,sz.002225,5.7100,5.7200,5.7100,5.7200,596700,3408216.0000,3
2025-03-20,20250320150000000,sz.002225,5.7100,5.7400,5.7100,5.7400,618800,3544312.0000,3
2025-03-21,20250321093500000,sz.002225,5.7200,5.7200,5.6600,5.6800,1175300,6682351.0000,3
2025-03-21,20250321094000000,sz.002225,5.6800,5.7800,5.6500,5.7600,2179500,12428021.0000,3
2025-03-21,20250321094500000,sz.002225,5.7500,5.7600,5.7200,5.7400,232200,1331728.0000,3
2025-03-21,20250321095000000,sz.002225,5.7400,5.7400,5.7000,5.7100,332300,1897494.0000,3
2025-03-21,20250321095500000,sz.002225,5.7100,5.7100,5.6900,5.6900,171300,976604.0000,3
2025-03-21,20250321100000000,sz.002225,5.6900,5.7000,5.6700,5.7000,288900,1642100.0000,3
2025-03-21,20250321100500000,sz.002225,5.6900,5.7000,5.6800,5.6900,260700,1483970.0000,3
2025-03-21,20250321101000000,sz.002225,5.7000,5.7200,5.7000,5.7200,196300,1120476.0000,3
2025-03-21,20250321101500000,sz.002225,5.7200,5.7300,5.7000,5.7100,120900,691256.0000,3
2025-03-21,20250321102000000,sz.002225,5.7000,5.7200,5.7000,5.7000,116100,662700.0000,3
2025-03-21,20250321102500000,sz.002225,5.7000,5.7700,5.7000,5.7400,834600,4793992.0000,3
2025-03-21,20250321103000000,sz.002225,5.7500,5.7700,5.7300,5.7600,489700,2816004.0000,3
2025-03-21,20250321103500000,sz.002225,5.7600,5.7800,5.7400,5.7400,414000,2386996.0000,3
2025-03-21,20250321104000000,sz.002225,5.7400,5.7700,5.7400,5.7700,362700,2088524.0000,3
2025-03-21,20250321104500000,sz.002225,5.7600,5.7700,5.7500,5.7500,158400,912604.0000,3
2025-03-21,20250321105000000,sz.002225,5.7500,5.7700,5.7500,5.7700,224700,1293748.0000,3
2025-03-21,20250321105500000,sz.002225,5.7700,5.7700,5.7400,5.7500,187600,1079064.0000,3
2025-03-21,20250321110000000,sz.002225,5.7500,5.7600,5.7400,5.7400,145700,837320.0000,3
2025-03-21,20250321110500000,sz.002225,5.7300,5.7500,5.7100,5.7300,471800,2705804.0000,3
2025-03-21,20250321111000000,sz.002225,5.7300,5.7600,5.7300,5.7600,126600,727712.0000,3
2025-03-21,20250321111500000,sz.002225,5.7600,5.7700,5.7600,5.7700,457500,2637300.0000,3
2025-03-21,20250321112000000,sz.002225,5.7700,5.7800,5.7400,5.7400,299900,1728084.0000,3
2025-03-21,20250321112500000,sz.002225,5.7500,5.7600,5.7300,5.7500,336400,1931364.0000,3
2025-03-21,20250321113000000,sz.002225,5.7500,5.7700,5.7400,5.7600,230800,1328884.0000,3
2025-03-21,20250321130500000,sz.002225,5.7700,5.7700,5.7500,5.7700,521600,3004960.0000,3
2025-03-21,20250321131000000,sz.002225,5.7700,5.7800,5.7500,5.7800,237300,1368692.0000,3
2025-03-21,20250321131500000,sz.002225,5.7800,5.7800,5.7700,5.7700,197000,1137792.0000,3
2025-03-21,20250321132000000,sz.002225,5.7700,5.7900,5.7600,5.7900,712400,4118328.0000,3
2025-03-21,20250321132500000,sz.002225,5.7900,5.8000,5.7800,5.7800,318700,1846984.0000,3
2025-03-21,20250321133000000,sz.002225,5.7900,5.8100,5.7800,5.8000,486500,2820144.0000,3
2025-03-21,20250321133500000,sz.002225,5.8000,5.8100,5.7800,5.8000,411700,2386464.0000,3
2025-03-21,20250321134000000,sz.002225,5.8100,5.8100,5.7800,5.7800,300500,1742264.0000,3
2025-03-21,20250321134500000,sz.002225,5.7800,5.7900,5.7700,5.7800,248600,1437032.0000,3
2025-03-21,20250321135000000,sz.002225,5.7800,5.8000,5.7700,5.7900,497300,2877752.0000,3
2025-03-21,20250321135500000,sz.002225,5.7900,5.8100,5.7800,5.8100,568700,3299960.0000,3
2025-03-21,20250321140000000,sz.002225,5.8100,5.8100,5.8000,5.8100,203400,1180432.0000,3
2025-03-21,20250321140500000,sz.002225,5.8000,5.8200,5.7900,5.8200,699500,4060864.0000,3
2025-03-21,20250321141000000,sz.002225,5.8200,5.8300,5.8100,5.8300,356000,2072456.0000,3
2025-03-21,20250321141500000,sz.002225,5.8300,5.8300,5.8100,5.8100,227300,1323008.0000,3
2025-03-21,20250321142000000,sz.002225,5.8100,5.8200,5.8100,5.8200,376900,2192872.0000,3
2025-03-21,20250321142500000,sz.002225,5.8300,5.8600,5.8300,5.8600,1268400,7410752.0000,3
2025-03-21,20250321143000000,sz.002225,5.8500,5.8900,5.8500,5.8800,1420300,8338520.0000,3
2025-03-21,20250321143500000,sz.002225,5.8900,5.8900,5.8700,5.8800,518200,3048672.0000,3
2025-03-21,20250321144000000,sz.002225,5.8800,5.8800,5.8700,5.8800,389200,2286152.0000,3
2025-03-21,20250321144500000,sz.002225,5.8800,5.8800,5.8500,5.8600,619500,3634072.0000,3
2025-03-21,20250321145000000,sz.002225,5.8600,5.8600,5.8500,5.8600,503000,2944568.0000,3
2025-03-21,20250321145500000,sz.002225,5.8600,5.8600,5.8500,5.8600,629000,3681776.0000,3
2025-03-21,20250321150000000,sz.002225,5.8500,5.8600,5.8300,5.8400,945000,5522592.0000,3
2025-03-24,20250324093500000,sz.002225,5.8100,5.8200,5.7600,5.7900,1223200,7065186.0000,3
2025-03-24,20250324094000000,sz.002225,5.7900,5.7900,5.7500,5.7800,620300,3578195.0000,3
2025-03-24,20250324094500000,sz.002225,5.7700,5.7800,5.7100,5.7200,1023500,5878636.0000,3
2025-03-24,20250324095000000,sz.002225,5.7200,5.7300,5.6300,5.6400,2216100,12562779.0000,3
2025-03-24,20250324095500000,sz.002225,5.6400,5.6500,5.6000,5.6300,1684900,9464748.0000,3
2025-03-24,20250324100000000,sz.002225,5.6300,5.6700,5.6200,5.6600,453400,2557504.0000,3
2025-03-24,20250324100500000,sz.002225,5.6500,5.6500,5.6200,5.6500,1038500,5848080.0000,3
2025-03-24,20250324101000000,sz.002225,5.6500,5.6500,5.6300,5.6300,327600,1846476.0000,3
2025-03-24,20250324101500000,sz.002225,5.6400,5.6500,5.6300,5.6500,466200,2631540.0000,3
2025-03-24,20250324102000000,sz.002225,5.6500,5.6800,5.6500,5.6500,251000,1421332.0000,3
2025-03-24,20250324102500000,sz.002225,5.6600,5.6700,5.6400,5.6400,434200,2453908.0000,3
2025-03-24,20250324103000000,sz.002225,5.6500,5.6500,5.6200,5.6400,965000,5440696.0000,3
2025-03-24,20250324103500000,sz.002225,5.6300,5.6300,5.6100,5.6200,457900,2573764.0000,3
2025-03-24,20250324104000000,sz.002225,5.6200,5.6300,5.6000,5.6000,691400,3879100.0000,3
2025-03-24,20250324104500000,sz.002225,5.6000,5.6100,5.5800,5.5800,1147900,6419336.0000,3
2025-03-24,20250324105000000,sz.002225,5.5800,5.5800,5.5600,5.5700,738600,4113568.0000,3
2025-03-24,20250324105500000,sz.002225,5.5800,5.5800,5.5500,5.5600,858000,4770544.0000,3
2025-03-24,20250324110000000,sz.002225,5.5600,5.5900,5.5600,5.5800,308000,1716480.0000,3
2025-03-24,20250324110500000,sz.002225,5.5800,5.5900,5.5700,5.5800,149400,834160.0000,3
2025-03-24,20250324111000000,sz.002225,5.5900,5.6000,5.5600,5.5600,531700,2967112.0000,3
2025-03-24,20250324111500000,sz.002225,5.5600,5.5700,5.5500,5.5600,404300,2247976.0000,3
2025-03-24,20250324112000000,sz.002225,5.5700,5.5700,5.5500,5.5700,289600,1611096.0000,3
2025-03-24,20250324112500000,sz.002225,5.5600,5.5700,5.5500,5.5500,485900,2700368.0000,3
2025-03-24,20250324113000000,sz.002225,5.5500,5.5600,5.5200,5.5300,1019700,5643872.0000,3
2025-03-24,20250324130500000,sz.002225,5.5200,5.5300,5.4700,5.4700,1229800,6767264.0000,3
2025-03-24,20250324131000000,sz.002225,5.4700,5.5100,5.4600,5.4900,652000,3571912.0000,3
2025-03-24,20250324131500000,sz.002225,5.4900,5.5400,5.4900,5.5300,282200,1557712.0000,3
2025-03-24,20250324132000000,sz.002225,5.5300,5.5700,5.5200,5.5400,362700,2013656.0000,3
2025-03-24,20250324132500000,sz.002225,5.5400,5.5500,5.5200,5.5300,255000,1410488.0000,3
2025-03-24,20250324133000000,sz.002225,5.5300,5.5400,5.5200,5.5400,246100,1360456.0000,3
2025-03-24,20250324133500000,sz.002225,5.5300,5.5400,5.5200,5.5300,223300,1234120.0000,3
2025-03-24,20250324134000000,sz.002225,5.5300,5.5400,5.5100,5.5200,457800,2531032.0000,3
2025-03-24,20250324134500000,sz.002225,5.5200,5.5200,5.5000,5.5000,301100,1657848.0000,3
2025-03-24,20250324135000000,sz.002225,5.5000,5.5000,5.4700,5.4700,560200,3071488.0000,3
2025-03-24,20250324135500000,sz.002225,5.4800,5.4800,5.4500,5.4700,641400,3506416.0000,3
2025-03-24,20250324140000000,sz.002225,5.4700,5.4900,5.4600,5.4900,365200,1999848.0000,3
2025-03-24,20250324140500000,sz.002225,5.4900,5.4900,5.4600,5.4800,238600,1305936.0000,3
2025-03-24,20250324141000000,sz.002225,5.4800,5.4800,5.4600,5.4600,277800,1518296.0000,3
2025-03-24,20250324141500000,sz.002225,5.4600,5.4700,5.4400,5.4400,561300,3061952.0000,3
2025-03-24,20250324142000000,sz.002225,5.4500,5.4500,5.4200,5.4300,765200,4158112.0000,3
2025-03-24,20250324142500000,sz.002225,5.4300,5.5000,5.4300,5.4800,354000,1934704.0000,3
2025-03-24,20250324143000000,sz.002225,5.4900,5.5200,5.4800,5.5100,292000,1604528.0000,3
2025-03-24,20250324143500000,sz.002225,5.5200,5.5600,5.5200,5.5300,294000,1630272.0000,3
2025-03-24,20250324144000000,sz.002225,5.5400,5.5800,5.5300,5.5700,452300,2513904.0000,3
2025-03-24,20250324144500000,sz.002225,5.5800,5.5900,5.5600,5.5800,286900,1598544.0000,3
2025-03-24,20250324145000000,sz.002225,5.5900,5.5900,5.5700,5.5900,360700,2012848.0000,3
2025-03-24,20250324145500000,sz.002225,5.5800,5.5900,5.5500,5.5500,406400,2261632.0000,3
2025-03-24,20250324150000000,sz.002225,5.5600,5.5700,5.5500,5.5700,417700,2321648.0000,3
2025-03-25,20250325093500000,sz.002225,5.5700,5.5700,5.4900,5.5200,840100,4635082.0000,3
2025-03-25,20250325094000000,sz.002225,5.5300,5.5500,5.5200,5.5300,451300,2496879.0000,3
2025-03-25,20250325094500000,sz.002225,5.5200,5.5300,5.5000,5.5300,444500,2451267.0000,3
2025-03-25,20250325095000000,sz.002225,5.5300,5.5300,5.5200,5.5300,192400,1062849.0000,3
2025-03-25,20250325095500000,sz.002225,5.5300,5.5400,5.5200,5.5400,218900,1211014.0000,3
2025-03-25,20250325100000000,sz.002225,5.5400,5.5400,5.5200,5.5200,210400,1163596.0000,3
2025-03-25,20250325100500000,sz.002225,5.5300,5.5400,5.5100,5.5200,215000,1186899.0000,3
2025-03-25,20250325101000000,sz.002225,5.5300,5.5400,5.5100,5.5300,376000,2076700.0000,3
2025-03-25,20250325101500000,sz.002225,5.5300,5.5500,5.5300,5.5500,70500,390311.0000,3
2025-03-25,20250325102000000,sz.002225,5.5400,5.5500,5.5400,5.5500,104200,577669.0000,3
2025-03-25,20250325102500000,sz.002225,5.5600,5.5700,5.5500,5.5700,127600,709818.0000,3
2025-03-25,20250325103000000,sz.002225,5.5600,5.5700,5.5600,5.5600,131200,729802.0000,3
2025-03-25,20250325103500000,sz.002225,5.5600,5.5600,5.5400,5.5500,243300,1350496.0000,3
2025-03-25,20250325104000000,sz.002225,5.5500,5.5600,5.5400,5.5600,77800,432298.0000,3
2025-03-25,20250325104500000,sz.002225,5.5500,5.5600,5.5400,5.5500,107800,597948.0000,3
2025-03-25,20250325105000000,sz.002225,5.5500,5.5600,5.5500,5.5600,98800,548636.0000,3
2025-03-25,20250325105500000,sz.002225,5.5500,5.5900,5.5400,5.5800,377800,2103428.0000,3
2025-03-25,20250325110000000,sz.002225,5.5800,5.6000,5.5700,5.5900,460300,2574744.0000,3
2025-03-25,20250325110500000,sz.002225,5.5900,5.6000,5.5800,5.5900,210500,1176524.0000,3
2025-03-25,20250325111000000,sz.002225,5.5900,5.6000,5.5700,5.5800,69700,389176.0000,3
2025-03-25,20250325111500000,sz.002225,5.5800,5.6000,5.5800,5.5900,96900,541896.0000,3
2025-03-25,20250325112000000,sz.002225,5.5900,5.6000,5.5700,5.5700,174700,975700.0000,3
2025-03-25,20250325112500000,sz.002225,5.5700,5.5700,5.5600,5.5700,97000,540176.0000,3
2025-03-25,20250325113000000,sz.002225,5.5700,5.5800,5.5700,5.5800,36800,205162.0000,3
2025-03-25,20250325130500000,sz.002225,5.5900,5.5900,5.5700,5.5800,66700,372362.0000,3
2025-03-25,20250325131000000,sz.002225,5.5800,5.6100,5.5800,5.6100,269600,1508680.0000,3
2025-03-25,20250325131500000,sz.002225,5.6100,5.6200,5.6000,5.6100,165000,926486.0000,3
2025-03-25,20250325132000000,sz.002225,5.6100,5.6300,5.6100,5.6300,159100,893474.0000,3
2025-03-25,20250325132500000,sz.002225,5.6300,5.6300,5.6200,5.6300,141700,797360.0000,3
2025-03-25,20250325133000000,sz.002225,5.6300,5.6400,5.6200,5.6400,153700,865132.0000,3
2025-03-25,20250325133500000,sz.002225,5.6400,5.6400,5.6100,5.6100,379100,2130980.0000,3
2025-03-25,20250325134000000,sz.002225,5.6100,5.6300,5.6100,5.6200,158200,888824.0000,3
2025-03-25,20250325134500000,sz.002225,5.6200,5.6200,5.6100,5.6100,40900,229580.0000,3
2025-03-25,20250325135000000,sz.002225,5.6100,5.6200,5.6100,5.6200,75600,424504.0000,3
2025-03-25,20250325135500000,sz.002225,5.6100,5.6200,5.6100,5.6100,133000,746280.0000,3
2025-03-25,20250325140000000,sz.002225,5.6100,5.6100,5.6000,5.6000,135400,758404.0000,3
2025-03-25,20250325140500000,sz.002225,5.6000,5.6100,5.5900,5.6100,228500,1280580.0000,3
2025-03-25,20250325141000000,sz.002225,5.6200,5.6400,5.6200,5.6300,310200,1745300.0000,3
2025-03-25,20250325141500000,sz.002225,5.6300,5.6400,5.6200,5.6300,184300,1037600.0000,3
2025-03-25,20250325142000000,sz.002225,5.6300,5.6600,5.6300,5.6600,698900,3948984.0000,3
2025-03-25,20250325142500000,sz.002225,5.6600,5.6600,5.6500,5.6500,216800,1225932.0000,3
2025-03-25,20250325143000000,sz.002225,5.6600,5.6600,5.6300,5.6300,196600,1109640.0000,3
2025-03-25,20250325143500000,sz.002225,5.6400,5.6500,5.6300,5.6300,196500,1107476.0000,3
2025-03-25,20250325144000000,sz.002225,5.6200,5.6200,5.6000,5.6000,361600,2026812.0000,3
2025-03-25,20250325144500000,sz.002225,5.6000,5.6100,5.6000,5.6100,170500,955576.0000,3
2025-03-25,20250325145000000,sz.002225,5.6100,5.6200,5.6000,5.6100,167100,937268.0000,3
2025-03-25,20250325145500000,sz.002225,5.6100,5.6200,5.6100,5.6200,381900,2143704.0000,3
2025-03-25,20250325150000000,sz.002225,5.6200,5.6400,5.6100,5.6400,417100,2349196.0000,3
2025-03-26,20250326093500000,sz.002225,5.5900,5.6200,5.5800,5.6000,443600,2485041.0000,3
2025-03-26,20250326094000000,sz.002225,5.6000,5.6200,5.5900,5.6000,1488200,8335285.0000,3
2025-03-26,20250326094500000,sz.002225,5.6000,5.6000,5.5900,5.6000,484600,2709989.0000,3
2025-03-26,20250326095000000,sz.002225,5.5900,5.6200,5.5900,5.6200,297200,1664578.0000,3
2025-03-26,20250326095500000,sz.002225,5.6200,5.6200,5.6000,5.6100,142100,797535.0000,3
2025-03-26,20250326100000000,sz.002225,5.6100,5.6200,5.6100,5.6100,220000,1234466.0000,3
2025-03-26,20250326100500000,sz.002225,5.6100,5.6200,5.6100,5.6100,167900,942190.0000,3
2025-03-26,20250326101000000,sz.002225,5.6100,5.6200,5.5900,5.5900,357400,2001694.0000,3
2025-03-26,20250326101500000,sz.002225,5.5900,5.6000,5.5600,5.5600,535000,2982182.0000,3
2025-03-26,20250326102000000,sz.002225,5.5700,5.5900,5.5700,5.5800,349500,1946494.0000,3
2025-03-26,20250326102500000,sz.002225,5.5800,5.5900,5.5800,5.5800,155100,865782.0000,3
2025-03-26,20250326103000000,sz.002225,5.5800,5.5900,5.5800,5.5800,38400,214408.0000,3
2025-03-26,20250326103500000,sz.002225,5.5800,5.5900,5.5800,5.5900,57200,319478.0000,3
2025-03-26,20250326104000000,sz.002225,5.5800,5.5900,5.5800,5.5800,46100,257376.0000,3
2025-03-26,20250326104500000,sz.002225,5.5900,5.6000,5.5800,5.5800,155600,869018.0000,3
2025-03-26,20250326105000000,sz.002225,5.5800,5.6300,5.5800,5.6200,463200,2598440.0000,3
2025-03-26,20250326105500000,sz.002225,5.6200,5.6300,5.6100,5.6200,97800,549664.0000,3
2025-03-26,20250326110000000,sz.002225,5.6200,5.6600,5.6100,5.6400,311500,1756644.0000,3
2025-03-26,20250326110500000,sz.002225,5.6600,5.7100,5.6400,5.6700,1251100,7104556.0000,3
2025-03-26,20250326111000000,sz.002225,5.6700,5.7000,5.6600,5.6900,298700,1696668.0000,3
2025-03-26,20250326111500000,sz.002225,5.6900,5.6900,5.6500,5.6600,199500,1130112.0000,3
2025-03-26,20250326112000000,sz.002225,5.6500,5.6600,5.6400,5.6500,77400,436960.0000,3
2025-03-26,20250326112500000,sz.002225,5.6500,5.6800,5.6500,5.6600,118500,671056.0000,3
2025-03-26,20250326113000000,sz.002225,5.6600,5.6700,5.6500,5.6600,78700,445404.0000,3
2025-03-26,20250326130500000,sz.002225,5.6600,5.6600,5.6400,5.6500,119700,676724.0000,3
2025-03-26,20250326131000000,sz.002225,5.6500,5.6600,5.6400,5.6500,120000,677944.0000,3
2025-03-26,20250326131500000,sz.002225,5.6500,5.6500,5.6400,5.6500,286200,1614940.0000,3
2025-03-26,20250326132000000,sz.002225,5.6400,5.6600,5.6400,5.6400,59500,336132.0000,3
2025-03-26,20250326132500000,sz.002225,5.6500,5.6800,5.6500,5.6700,628900,3565956.0000,3
2025-03-26,20250326133000000,sz.002225,5.6700,5.7100,5.6700,5.6800,529800,3014876.0000,3
2025-03-26,20250326133500000,sz.002225,5.6800,5.7000,5.6600,5.6900,206400,1172628.0000,3
2025-03-26,20250326134000000,sz.002225,5.6800,5.7300,5.6700,5.7200,682500,3893176.0000,3
2025-03-26,20250326134500000,sz.002225,5.7200,5.7200,5.6900,5.6900,108700,619784.0000,3
2025-03-26,20250326135000000,sz.002225,5.6900,5.7300,5.6900,5.7000,329000,1878012.0000,3
2025-03-26,20250326135500000,sz.002225,5.7000,5.7300,5.7000,5.7200,280400,1603176.0000,3
2025-03-26,20250326140000000,sz.002225,5.7300,5.7400,5.7200,5.7300,667800,3827324.0000,3
2025-03-26,20250326140500000,sz.002225,5.7300,5.7400,5.7200,5.7400,417200,2392052.0000,3
2025-03-26,20250326141000000,sz.002225,5.7400,5.7400,5.7200,5.7200,185500,1062992.0000,3
2025-03-26,20250326141500000,sz.002225,5.7200,5.7300,5.7200,5.7200,141200,807760.0000,3
2025-03-26,20250326142000000,sz.002225,5.7300,5.7300,5.7200,5.7200,87800,502576.0000,3
2025-03-26,20250326142500000,sz.002225,5.7300,5.7300,5.7000,5.7100,201000,1148296.0000,3
2025-03-26,20250326143000000,sz.002225,5.7100,5.7200,5.7100,5.7100,91800,524520.0000,3
2025-03-26,20250326143500000,sz.002225,5.7100,5.7200,5.7000,5.7000,316100,1804496.0000,3
2025-03-26,20250326144000000,sz.002225,5.7000,5.7200,5.6900,5.7100,453900,2587992.0000,3
2025-03-26,20250326144500000,sz.002225,5.7200,5.7300,5.7200,5.7200,614100,3516232.0000,3
2025-03-26,20250326145000000,sz.002225,5.7300,5.7300,5.7100,5.7100,254100,1454160.0000,3
2025-03-26,20250326145500000,sz.002225,5.7100,5.7200,5.7000,5.7100,201200,1149192.0000,3
2025-03-26,20250326150000000,sz.002225,5.7200,5.7300,5.7100,5.7300,398100,2278600.0000,3
2025-03-27,20250327093500000,sz.002225,5.7600,5.7800,5.6600,5.7500,4592100,26390476.0000,3
2025-03-27,20250327094000000,sz.002225,5.7500,5.7600,5.7200,5.7400,521100,2991292.0000,3
2025-03-27,20250327094500000,sz.002225,5.7300,5.7700,5.7300,5.7700,1031800,5935524.0000,3
2025-03-27,20250327095000000,sz.002225,5.7500,5.7600,5.6800,5.7000,1234900,7063884.0000,3
2025-03-27,20250327095500000,sz.002225,5.7000,5.7300,5.6900,5.7300,213500,1219244.0000,3
2025-03-27,20250327100000000,sz.002225,5.7300,5.7600,5.7100,5.7400,382100,2187372.0000,3
2025-03-27,20250327100500000,sz.002225,5.7500,5.7600,5.7300,5.7400,192300,1105264.0000,3
2025-03-27,20250327101000000,sz.002225,5.7300,5.7400,5.7100,5.7100,256300,1466896.0000,3
2025-03-27,20250327101500000,sz.002225,5.7200,5.7200,5.7100,5.7200,80800,461764.0000,3
2025-03-27,20250327102000000,sz.002225,5.7200,5.7200,5.7100,5.7200,141900,811464.0000,3
2025-03-27,20250327102500000,sz.002225,5.7200,5.7300,5.7100,5.7200,85000,486740.0000,3
2025-03-27,20250327103000000,sz.002225,5.7200,5.7200,5.7000,5.7200,221600,1265832.0000,3
2025-03-27,20250327103500000,sz.002225,5.7100,5.7200,5.7100,5.7100,124300,709792.0000,3
2025-03-27,20250327104000000,sz.002225,5.7100,5.7300,5.7100,5.7300,115900,663000.0000,3
2025-03-27,20250327104500000,sz.002225,5.7300,5.7300,5.7100,5.7100,195300,1116264.0000,3
2025-03-27,20250327105000000,sz.002225,5.7200,5.7300,5.7100,5.7200,68000,389264.0000,3
2025-03-27,20250327105500000,sz.002225,5.7300,5.7300,5.7200,5.7200,99800,571284.0000,3
2025-03-27,20250327110000000,sz.002225,5.7300,5.7300,5.7000,5.7000,219800,1256228.0000,3
2025-03-27,20250327110500000,sz.002225,5.7100,5.7100,5.6900,5.6900,152300,868072.0000,3
2025-03-27,20250327111000000,sz.002225,5.6900,5.7000,5.6900,5.7000,41400,235716.0000,3
2025-03-27,20250327111500000,sz.002225,5.7000,5.7000,5.6900,5.7000,75600,430572.0000,3
2025-03-27,20250327112000000,sz.002225,5.6900,5.7000,5.6700,5.6800,537000,3050840.0000,3
2025-03-27,20250327112500000,sz.002225,5.6800,5.6800,5.6500,5.6600,268200,1518168.0000,3
2025-03-27,20250327113000000,sz.002225,5.6600,5.6600,5.6500,5.6500,151900,858672.0000,3
2025-03-27,20250327130500000,sz.002225,5.6700,5.6800,5.6600,5.6700,194800,1103652.0000,3
2025-03-27,20250327131000000,sz.002225,5.6700,5.6700,5.6600,5.6700,93700,530820.0000,3
2025-03-27,20250327131500000,sz.002225,5.6600,5.6700,5.6600,5.6700,55700,315572.0000,3
2025-03-27,20250327132000000,sz.002225,5.6700,5.6700,5.6600,5.6700,103300,585036.0000,3
2025-03-27,20250327132500000,sz.002225,5.6700,5.6700,5.6600,5.6700,30200,171216.0000,3
2025-03-27,20250327133000000,sz.002225,5.6700,5.6700,5.6600,5.6700,70100,396948.0000,3
2025-03-27,20250327133500000,sz.002225,5.6700,5.6700,5.6600,5.6700,67600,382976.0000,3
2025-03-27,20250327134000000,sz.002225,5.6700,5.6700,5.6600,5.6700,40700,230608.0000,3
2025-03-27,20250327134500000,sz.002225,5.6700,5.6800,5.6600,5.6800,106700,604836.0000,3
2025-03-27,20250327135000000,sz.002225,5.6700,5.6800,5.6700,5.6800,105200,597440.0000,3
2025-03-27,20250327135500000,sz.002225,5.6800,5.6800,5.6700,5.6800,97300,551936.0000,3
2025-03-27,20250327140000000,sz.002225,5.6800,5.6800,5.6600,5.6700,76800,435112.0000,3
2025-03-27,20250327140500000,sz.002225,5.6600,5.6700,5.6600,5.6600,34500,195504.0000,3
2025-03-27,20250327141000000,sz.002225,5.6600,5.6800,5.6600,5.6800,418700,2373144.0000,3
2025-03-27,20250327141500000,sz.002225,5.6800,5.6800,5.6700,5.6800,34000,193112.0000,3
2025-03-27,20250327142000000,sz.002225,5.6700,5.6800,5.6700,5.6700,56300,319416.0000,3
2025-03-27,20250327142500000,sz.002225,5.6800,5.6800,5.6700,5.6800,70600,400592.0000,3
2025-03-27,20250327143000000,sz.002225,5.6800,5.6800,5.6700,5.6800,55500,314896.0000,3
2025-03-27,20250327143500000,sz.002225,5.6700,5.6800,5.6600,5.6700,135000,765288.0000,3
2025-03-27,20250327144000000,sz.002225,5.6700,5.6700,5.6600,5.6700,140300,794528.0000,3
2025-03-27,20250327144500000,sz.002225,5.6700,5.6700,5.6600,5.6600,147200,833304.0000,3
2025-03-27,20250327145000000,sz.002225,5.6600,5.6600,5.6500,5.6600,173600,981872.0000,3
2025-03-27,20250327145500000,sz.002225,5.6500,5.6600,5.6400,5.6500,389200,2198392.0000,3
2025-03-27,20250327150000000,sz.002225,5.6600,5.6700,5.6500,5.6700,216700,1227424.0000,3
2025-03-28,20250328093500000,sz.002225,5.6400,5.6400,5.5800,5.5800,1016400,5703195.0000,3
2025-03-28,20250328094000000,sz.002225,5.5900,5.6000,5.5600,5.5700,698700,3897050.0000,3
2025-03-28,20250328094500000,sz.002225,5.5600,5.6000,5.5600,5.6000,340400,1900889.0000,3
2025-03-28,20250328095000000,sz.002225,5.6000,5.6200,5.6000,5.6100,194000,1088268.0000,3
2025-03-28,20250328095500000,sz.002225,5.6200,5.6200,5.6000,5.6000,161400,904466.0000,3
2025-03-28,20250328100000000,sz.002225,5.6000,5.6100,5.5900,5.5900,210300,1176483.0000,3
2025-03-28,20250328100500000,sz.002225,5.5800,5.6000,5.5700,5.5800,503800,2811459.0000,3
2025-03-28,20250328101000000,sz.002225,5.5700,5.5800,5.5600,5.5700,461900,2573652.0000,3
2025-03-28,20250328101500000,sz.002225,5.5700,5.5800,5.5600,5.5600,380100,2115706.0000,3
2025-03-28,20250328102000000,sz.002225,5.5700,5.5700,5.5600,5.5600,144700,805188.0000,3
2025-03-28,20250328102500000,sz.002225,5.5700,5.5700,5.5500,5.5500,1008400,5607418.0000,3
2025-03-28,20250328103000000,sz.002225,5.5500,5.5600,5.5000,5.5200,970900,5358962.0000,3
2025-03-28,20250328103500000,sz.002225,5.5100,5.5200,5.5000,5.5000,523400,2882168.0000,3
2025-03-28,20250328104000000,sz.002225,5.5000,5.5200,5.5000,5.5100,233500,1285872.0000,3
2025-03-28,20250328104500000,sz.002225,5.5100,5.5200,5.5100,5.5100,119900,660932.0000,3
2025-03-28,20250328105000000,sz.002225,5.5200,5.5200,5.5000,5.5100,335700,1848024.0000,3
2025-03-28,20250328105500000,sz.002225,5.5000,5.5100,5.5000,5.5100,248200,1366220.0000,3
2025-03-28,20250328110000000,sz.002225,5.5000,5.5300,5.5000,5.5300,309800,1707492.0000,3
2025-03-28,20250328110500000,sz.002225,5.5300,5.5300,5.5100,5.5200,136100,751008.0000,3
2025-03-28,20250328111000000,sz.002225,5.5200,5.5700,5.5200,5.5500,383000,2125308.0000,3
2025-03-28,20250328111500000,sz.002225,5.5500,5.5500,5.5300,5.5400,141600,784496.0000,3
2025-03-28,20250328112000000,sz.002225,5.5200,5.5300,5.5100,5.5100,136000,750076.0000,3
2025-03-28,20250328112500000,sz.002225,5.5100,5.5300,5.5100,5.5200,128300,707916.0000,3
2025-03-28,20250328113000000,sz.002225,5.5200,5.5300,5.5100,5.5200,67200,371244.0000,3
2025-03-28,20250328130500000,sz.002225,5.5100,5.5100,5.5000,5.5000,217800,1198916.0000,3
2025-03-28,20250328131000000,sz.002225,5.5000,5.5200,5.5000,5.5100,207300,1141124.0000,3
2025-03-28,20250328131500000,sz.002225,5.5200,5.5200,5.5000,5.5100,192600,1061020.0000,3
2025-03-28,20250328132000000,sz.002225,5.5100,5.5200,5.5000,5.5200,109200,601544.0000,3
2025-03-28,20250328132500000,sz.002225,5.5100,5.5100,5.5000,5.5000,123800,681632.0000,3
2025-03-28,20250328133000000,sz.002225,5.5000,5.5100,5.4900,5.4900,118600,651872.0000,3
2025-03-28,20250328133500000,sz.002225,5.4900,5.5000,5.4800,5.5000,357500,1961940.0000,3
2025-03-28,20250328134000000,sz.002225,5.4900,5.5000,5.4900,5.5000,141200,775800.0000,3
2025-03-28,20250328134500000,sz.002225,5.5000,5.5300,5.5000,5.5200,162600,896928.0000,3
2025-03-28,20250328135000000,sz.002225,5.5200,5.5400,5.5100,5.5400,165800,916112.0000,3
2025-03-28,20250328135500000,sz.002225,5.5400,5.5400,5.5200,5.5200,135100,747116.0000,3
2025-03-28,20250328140000000,sz.002225,5.5200,5.5300,5.5100,5.5200,164900,910132.0000,3
2025-03-28,20250328140500000,sz.002225,5.5300,5.5400,5.5200,5.5200,139400,771300.0000,3
2025-03-28,20250328141000000,sz.002225,5.5300,5.5300,5.5200,5.5300,16900,93332.0000,3
2025-03-28,20250328141500000,sz.002225,5.5200,5.5200,5.5000,5.5000,175200,966564.0000,3
2025-03-28,20250328142000000,sz.002225,5.5100,5.5200,5.5000,5.5200,84100,463560.0000,3
2025-03-28,20250328142500000,sz.002225,5.5100,5.5400,5.5100,5.5300,79400,438332.0000,3
2025-03-28,20250328143000000,sz.002225,5.5200,5.5300,5.5100,5.5200,65000,358892.0000,3
2025-03-28,20250328143500000,sz.002225,5.5200,5.5300,5.5200,5.5200,114000,629992.0000,3
2025-03-28,20250328144000000,sz.002225,5.5200,5.5400,5.5200,5.5200,214800,1187872.0000,3
2025-03-28,20250328144500000,sz.002225,5.5200,5.5300,5.5200,5.5300,94900,523964.0000,3
2025-03-28,20250328145000000,sz.002225,5.5300,5.5300,5.5200,5.5200,286000,1579428.0000,3
2025-03-28,20250328145500000,sz.002225,5.5300,5.5300,5.5100,5.5100,235100,1296184.0000,3
2025-03-28,20250328150000000,sz.002225,5.5100,5.5200,5.5000,5.5000,545500,3003440.0000,3
2025-03-31,20250331093500000,sz.002225,5.4500,5.4500,5.3800,5.4200,1111900,6026049.0000,3
2025-03-31,20250331094000000,sz.002225,5.4300,5.4300,5.4000,5.4000,326000,1762733.0000,3
2025-03-31,20250331094500000,sz.002225,5.4000,5.4000,5.3600,5.3600,951300,5114359.0000,3
2025-03-31,20250331095000000,sz.002225,5.3700,5.4000,5.3500,5.4000,633000,3402845.0000,3
2025-03-31,20250331095500000,sz.002225,5.3900,5.4300,5.3900,5.4000,254700,1375596.0000,3
2025-03-31,20250331100000000,sz.002225,5.4000,5.4100,5.3900,5.4000,117400,633706.0000,3
2025-03-31,20250331100500000,sz.002225,5.4000,5.4000,5.3600,5.3600,487100,2618140.0000,3
2025-03-31,20250331101000000,sz.002225,5.3700,5.4100,5.3600,5.3600,304500,1638060.0000,3
2025-03-31,20250331101500000,sz.002225,5.3600,5.3800,5.3000,5.3000,913000,4863944.0000,3
2025-03-31,20250331102000000,sz.002225,5.2900,5.2900,5.2500,5.2500,909800,4801422.0000,3
2025-03-31,20250331102500000,sz.002225,5.2600,5.2600,5.1900,5.1900,1590600,8312382.0000,3
2025-03-31,20250331103000000,sz.002225,5.2100,5.2300,5.2100,5.2100,581100,3031788.0000,3
2025-03-31,20250331103500000,sz.002225,5.2100,5.2200,5.2000,5.2000,362100,1885544.0000,3
2025-03-31,20250331104000000,sz.002225,5.2000,5.2200,5.2000,5.2000,568300,2958372.0000,3
2025-03-31,20250331104500000,sz.002225,5.2000,5.2000,5.1700,5.1800,549200,2847028.0000,3
2025-03-31,20250331105000000,sz.002225,5.1800,5.1900,5.1400,5.1400,1145000,5912736.0000,3
2025-03-31,20250331105500000,sz.002225,5.1800,5.2200,5.1500,5.2100,1027900,5324304.0000,3
2025-03-31,20250331110000000,sz.002225,5.2100,5.2100,5.1800,5.2000,366300,1900672.0000,3
2025-03-31,20250331110500000,sz.002225,5.2000,5.2000,5.1600,5.1600,344800,1785036.0000,3
2025-03-31,20250331111000000,sz.002225,5.1600,5.1700,5.1600,5.1700,324600,1676068.0000,3
2025-03-31,20250331111500000,sz.002225,5.1800,5.2000,5.1600,5.1800,309000,1601768.0000,3
2025-03-31,20250331112000000,sz.002225,5.1900,5.2200,5.1900,5.2200,333100,1735720.0000,3
2025-03-31,20250331112500000,sz.002225,5.2100,5.2400,5.2000,5.2000,365200,1907432.0000,3
2025-03-31,20250331113000000,sz.002225,5.2200,5.2200,5.1800,5.1800,284700,1477360.0000,3
2025-03-31,20250331130500000,sz.002225,5.1900,5.2200,5.1800,5.2200,443200,2302208.0000,3
2025-03-31,20250331131000000,sz.002225,5.2200,5.2200,5.1900,5.1900,185200,963280.0000,3
2025-03-31,20250331131500000,sz.002225,5.2000,5.2600,5.2000,5.2600,541600,2838200.0000,3
2025-03-31,20250331132000000,sz.002225,5.2600,5.2900,5.2600,5.2700,517800,2731088.0000,3
2025-03-31,20250331132500000,sz.002225,5.2700,5.3200,5.2700,5.3100,510200,2702552.0000,3
2025-03-31,20250331133000000,sz.002225,5.3200,5.3200,5.2800,5.2800,295000,1562504.0000,3
2025-03-31,20250331133500000,sz.002225,5.2900,5.3000,5.2700,5.2700,407200,2152016.0000,3
2025-03-31,20250331134000000,sz.002225,5.2800,5.2900,5.2600,5.2600,319700,1684560.0000,3
2025-03-31,20250331134500000,sz.002225,5.2600,5.2600,5.2200,5.2200,266400,1397192.0000,3
2025-03-31,20250331135000000,sz.002225,5.2300,5.2500,5.2200,5.2300,254500,1333248.0000,3
2025-03-31,20250331135500000,sz.002225,5.2300,5.2300,5.2100,5.2200,152100,794360.0000,3
2025-03-31,20250331140000000,sz.002225,5.2200,5.2300,5.2100,5.2300,202700,1058800.0000,3
2025-03-31,20250331140500000,sz.002225,5.2400,5.2600,5.2300,5.2600,105700,553800.0000,3
2025-03-31,20250331141000000,sz.002225,5.2500,5.2900,5.2500,5.2800,332400,1751400.0000,3
2025-03-31,20250331141500000,sz.002225,5.2800,5.3100,5.2600,5.3000,306500,1620880.0000,3
2025-03-31,20250331142000000,sz.002225,5.3000,5.3100,5.2800,5.2900,197600,1046872.0000,3
2025-03-31,20250331142500000,sz.002225,5.2900,5.3100,5.2800,5.3000,197700,1046864.0000,3
2025-03-31,20250331143000000,sz.002225,5.3000,5.3000,5.2600,5.2700,244900,1293152.0000,3
2025-03-31,20250331143500000,sz.002225,5.2800,5.2900,5.2800,5.2900,239400,1265808.0000,3
2025-03-31,20250331144000000,sz.002225,5.2900,5.3000,5.2800,5.2900,276100,1460952.0000,3
2025-03-31,20250331144500000,sz.002225,5.2900,5.3000,5.2800,5.2800,195100,1031352.0000,3
2025-03-31,20250331145000000,sz.002225,5.2800,5.2900,5.2800,5.2800,219000,1157552.0000,3
2025-03-31,20250331145500000,sz.002225,5.2800,5.2900,5.2700,5.2800,426700,2252624.0000,3
2025-03-31,20250331150000000,sz.002225,5.2900,5.2900,5.2700,5.2800,289600,1529528.0000,3
2025-04-01,20250401093500000,sz.002225,5.2700,5.3100,5.2300,5.2600,911200,4812380.0000,3
2025-04-01,20250401094000000,sz.002225,5.2600,5.2800,5.2000,5.2100,1958800,10224712.0000,3
2025-04-01,20250401094500000,sz.002225,5.2000,5.2800,5.2000,5.2700,834500,4380358.0000,3
2025-04-01,20250401095000000,sz.002225,5.2700,5.3100,5.2600,5.3000,635300,3360002.0000,3
2025-04-01,20250401095500000,sz.002225,5.2900,5.3200,5.2800,5.3000,982400,5203922.0000,3
2025-04-01,20250401100000000,sz.002225,5.2900,5.3100,5.2700,5.3100,559900,2959972.0000,3
2025-04-01,20250401100500000,sz.002225,5.3000,5.3100,5.2800,5.3000,295500,1565134.0000,3
2025-04-01,20250401101000000,sz.002225,5.2900,5.3100,5.2700,5.2900,458700,2426628.0000,3
2025-04-01,20250401101500000,sz.002225,5.2900,5.3000,5.2800,5.2800,190500,1008468.0000,3
2025-04-01,20250401102000000,sz.002225,5.2800,5.3400,5.2800,5.3400,679300,3605140.0000,3
2025-04-01,20250401102500000,sz.002225,5.3400,5.3800,5.3400,5.3500,989000,5293244.0000,3
2025-04-01,20250401103000000,sz.002225,5.3500,5.3600,5.3400,5.3600,202700,1085108.0000,3
2025-04-01,20250401103500000,sz.002225,5.3600,5.3600,5.3400,5.3500,245300,1312600.0000,3
2025-04-01,20250401104000000,sz.002225,5.3500,5.3600,5.3300,5.3300,128500,686332.0000,3
2025-04-01,20250401104500000,sz.002225,5.3300,5.3500,5.3300,5.3500,140400,749644.0000,3
2025-04-01,20250401105000000,sz.002225,5.3500,5.3500,5.3400,5.3500,84600,452532.0000,3
2025-04-01,20250401105500000,sz.002225,5.3500,5.3500,5.3300,5.3400,174000,928952.0000,3
2025-04-01,20250401110000000,sz.002225,5.3300,5.3500,5.3300,5.3400,97400,520468.0000,3
2025-04-01,20250401110500000,sz.002225,5.3300,5.3500,5.3300,5.3500,126600,676088.0000,3
2025-04-01,20250401111000000,sz.002225,5.3500,5.3600,5.3400,5.3600,154000,823812.0000,3
2025-04-01,20250401111500000,sz.002225,5.3600,5.3600,5.3300,5.3500,134400,718352.0000,3
2025-04-01,20250401112000000,sz.002225,5.3300,5.3500,5.3300,5.3500,61500,328956.0000,3
2025-04-01,20250401112500000,sz.002225,5.3500,5.3600,5.3400,5.3500,115500,617552.0000,3
2025-04-01,20250401113000000,sz.002225,5.3500,5.3600,5.3400,5.3500,69300,371212.0000,3
2025-04-01,20250401130500000,sz.002225,5.3500,5.3500,5.3200,5.3200,303200,1618084.0000,3
2025-04-01,20250401131000000,sz.002225,5.3200,5.3200,5.3100,5.3100,231600,1230396.0000,3
2025-04-01,20250401131500000,sz.002225,5.3100,5.3100,5.2900,5.3100,286100,1516616.0000,3
2025-04-01,20250401132000000,sz.002225,5.3200,5.3200,5.3000,5.3000,72600,385472.0000,3
2025-04-01,20250401132500000,sz.002225,5.3000,5.3100,5.2900,5.2900,162800,862832.0000,3
2025-04-01,20250401133000000,sz.002225,5.2900,5.3100,5.2900,5.3000,145500,770788.0000,3
2025-04-01,20250401133500000,sz.002225,5.3000,5.3000,5.2900,5.2900,50800,268876.0000,3
2025-04-01,20250401134000000,sz.002225,5.2900,5.3000,5.2900,5.3000,63400,335824.0000,3
2025-04-01,20250401134500000,sz.002225,5.2900,5.3000,5.2800,5.2900,137800,728736.0000,3
2025-04-01,20250401135000000,sz.002225,5.2900,5.3100,5.2900,5.3100,66900,354440.0000,3
2025-04-01,20250401135500000,sz.002225,5.3000,5.3200,5.3000,5.3100,71800,381332.0000,3
2025-04-01,20250401140000000,sz.002225,5.3200,5.3200,5.3000,5.3100,81700,433780.0000,3
2025-04-01,20250401140500000,sz.002225,5.3100,5.3100,5.3000,5.3100,245000,1300468.0000,3
2025-04-01,20250401141000000,sz.002225,5.3100,5.3100,5.3000,5.3000,216900,1149684.0000,3
2025-04-01,20250401141500000,sz.002225,5.3000,5.3100,5.2900,5.2900,66600,352848.0000,3
2025-04-01,20250401142000000,sz.002225,5.2900,5.3000,5.2900,5.3000,98000,518632.0000,3
2025-04-01,20250401142500000,sz.002225,5.3000,5.3000,5.2900,5.3000,35400,187492.0000,3
2025-04-01,20250401143000000,sz.002225,5.3000,5.3100,5.2900,5.3100,247700,1314020.0000,3
2025-04-01,20250401143500000,sz.002225,5.3200,5.3300,5.3200,5.3200,204400,1088064.0000,3
2025-04-01,20250401144000000,sz.002225,5.3100,5.3200,5.3100,5.3100,61500,326640.0000,3
2025-04-01,20250401144500000,sz.002225,5.3200,5.3200,5.3100,5.3100,92400,491104.0000,3
2025-04-01,20250401145000000,sz.002225,5.3200,5.3200,5.3100,5.3100,297300,1580632.0000,3
2025-04-01,20250401145500000,sz.002225,5.3100,5.3100,5.3000,5.3000,199900,1059672.0000,3
2025-04-01,20250401150000000,sz.002225,5.3000,5.3100,5.2900,5.2900,253800,1343984.0000,3
2025-04-02,20250402093500000,sz.002225,5.3000,5.3200,5.2700,5.3000,694600,3675110.0000,3
2025-04-02,20250402094000000,sz.002225,5.3000,5.3400,5.3000,5.3400,205100,1090969.0000,3
2025-04-02,20250402094500000,sz.002225,5.3200,5.3800,5.3200,5.3500,621400,3326720.0000,3
2025-04-02,20250402095000000,sz.002225,5.3500,5.3800,5.3300,5.3700,481000,2576370.0000,3
2025-04-02,20250402095500000,sz.002225,5.3700,5.3700,5.3600,5.3600,160800,862112.0000,3
2025-04-02,20250402100000000,sz.002225,5.3600,5.3800,5.3600,5.3700,611400,3285807.0000,3
2025-04-02,20250402100500000,sz.002225,5.3800,5.4000,5.3500,5.3900,838600,4509032.0000,3
2025-04-02,20250402101000000,sz.002225,5.3900,5.4300,5.3800,5.4200,1155900,6250064.0000,3
2025-04-02,20250402101500000,sz.002225,5.4300,5.4400,5.4100,5.4100,662600,3595964.0000,3
2025-04-02,20250402102000000,sz.002225,5.4100,5.4200,5.3800,5.4000,188400,1016776.0000,3
2025-04-02,20250402102500000,sz.002225,5.4000,5.4000,5.3800,5.3900,137500,741288.0000,3
2025-04-02,20250402103000000,sz.002225,5.3900,5.4100,5.3900,5.4000,115900,625620.0000,3
2025-04-02,20250402103500000,sz.002225,5.4000,5.4000,5.3800,5.3800,220200,1185860.0000,3
2025-04-02,20250402104000000,sz.002225,5.3800,5.3900,5.3800,5.3900,139900,753092.0000,3
2025-04-02,20250402104500000,sz.002225,5.3800,5.3900,5.3700,5.3700,112300,604152.0000,3
2025-04-02,20250402105000000,sz.002225,5.3700,5.3800,5.3700,5.3800,184200,990124.0000,3
2025-04-02,20250402105500000,sz.002225,5.3700,5.3800,5.3600,5.3700,131200,704520.0000,3
2025-04-02,20250402110000000,sz.002225,5.3700,5.3800,5.3700,5.3700,39800,213856.0000,3
2025-04-02,20250402110500000,sz.002225,5.3800,5.3800,5.3700,5.3800,21800,117244.0000,3
2025-04-02,20250402111000000,sz.002225,5.3800,5.3800,5.3700,5.3800,42200,226732.0000,3
2025-04-02,20250402111500000,sz.002225,5.3800,5.3800,5.3700,5.3800,30700,165136.0000,3
2025-04-02,20250402112000000,sz.002225,5.3800,5.3900,5.3700,5.3800,109100,587120.0000,3
2025-04-02,20250402112500000,sz.002225,5.3800,5.3900,5.3800,5.3900,65800,354424.0000,3
2025-04-02,20250402113000000,sz.002225,5.3900,5.3900,5.3700,5.3800,47100,253412.0000,3
2025-04-02,20250402130500000,sz.002225,5.3800,5.3800,5.3700,5.3800,82600,444192.0000,3
2025-04-02,20250402131000000,sz.002225,5.3800,5.3800,5.3600,5.3600,125100,671640.0000,3
2025-04-02,20250402131500000,sz.002225,5.3600,5.3700,5.3600,5.3600,103000,552752.0000,3
2025-04-02,20250402132000000,sz.002225,5.3600,5.3700,5.3600,5.3700,35800,192136.0000,3
2025-04-02,20250402132500000,sz.002225,5.3600,5.3700,5.3600,5.3600,58200,312040.0000,3
2025-04-02,20250402133000000,sz.002225,5.3600,5.3700,5.3600,5.3600,288600,1547156.0000,3
2025-04-02,20250402133500000,sz.002225,5.3700,5.3800,5.3500,5.3500,196300,1053380.0000,3
2025-04-02,20250402134000000,sz.002225,5.3500,5.3600,5.3500,5.3600,77300,413964.0000,3
2025-04-02,20250402134500000,sz.002225,5.3600,5.3700,5.3500,5.3700,198700,1065276.0000,3
2025-04-02,20250402135000000,sz.002225,5.3700,5.3800,5.3600,5.3800,68100,365868.0000,3
2025-04-02,20250402135500000,sz.002225,5.3800,5.3800,5.3600,5.3700,35200,189124.0000,3
2025-04-02,20250402140000000,sz.002225,5.3600,5.3800,5.3600,5.3700,27400,147208.0000,3
2025-04-02,20250402140500000,sz.002225,5.3700,5.3800,5.3600,5.3700,140100,752236.0000,3
2025-04-02,20250402141000000,sz.002225,5.3700,5.3700,5.3600,5.3700,41400,222280.0000,3
2025-04-02,20250402141500000,sz.002225,5.3600,5.3800,5.3600,5.3800,143000,767268.0000,3
2025-04-02,20250402142000000,sz.002225,5.3800,5.3800,5.3700,5.3800,95500,513336.0000,3
2025-04-02,20250402142500000,sz.002225,5.3800,5.3800,5.3600,5.3700,193900,1040944.0000,3
2025-04-02,20250402143000000,sz.002225,5.3800,5.3800,5.3600,5.3700,177200,952312.0000,3
2025-04-02,20250402143500000,sz.002225,5.3700,5.3800,5.3600,5.3700,43000,230888.0000,3
2025-04-02,20250402144000000,sz.002225,5.3600,5.3700,5.3500,5.3600,230900,1238248.0000,3
2025-04-02,20250402144500000,sz.002225,5.3600,5.3700,5.3600,5.3700,147900,793856.0000,3
2025-04-02,20250402145000000,sz.002225,5.3700,5.3900,5.3600,5.3800,467700,2515496.0000,3
2025-04-02,20250402145500000,sz.002225,5.3800,5.3900,5.3700,5.3800,153100,823316.0000,3
2025-04-02,20250402150000000,sz.002225,5.3800,5.3900,5.3700,5.3800,359300,1933180.0000,3
2025-04-03,20250403093500000,sz.002225,5.3900,5.5400,5.3800,5.4900,3448900,18841902.0000,3
2025-04-03,20250403094000000,sz.002225,5.4900,5.4900,5.4600,5.4800,440700,2412890.0000,3
2025-04-03,20250403094500000,sz.002225,5.4800,5.5200,5.4700,5.4900,942300,5181528.0000,3
2025-04-03,20250403095000000,sz.002225,5.4900,5.5500,5.4900,5.5100,1061900,5867644.0000,3
2025-04-03,20250403095500000,sz.002225,5.4900,5.5500,5.4800,5.5100,867700,4785492.0000,3
2025-04-03,20250403100000000,sz.002225,5.5200,5.5200,5.5000,5.5000,343500,1890784.0000,3
2025-04-03,20250403100500000,sz.002225,5.5000,5.5400,5.4900,5.5300,604000,3330536.0000,3
2025-04-03,20250403101000000,sz.002225,5.5200,5.6400,5.5200,5.6400,4654300,25924008.0000,3
2025-04-03,20250403101500000,sz.002225,5.6600,5.6900,5.6200,5.6700,2293400,12971184.0000,3
2025-04-03,20250403102000000,sz.002225,5.6600,5.6700,5.6100,5.6200,686500,3875880.0000,3
2025-04-03,20250403102500000,sz.002225,5.6300,5.6400,5.6000,5.6000,288100,1619072.0000,3
2025-04-03,20250403103000000,sz.002225,5.6100,5.6400,5.5900,5.6400,434600,2435528.0000,3
2025-04-03,20250403103500000,sz.002225,5.6400,5.6500,5.6200,5.6400,532800,3002392.0000,3
2025-04-03,20250403104000000,sz.002225,5.6400,5.6400,5.6100,5.6100,108500,610792.0000,3
2025-04-03,20250403104500000,sz.002225,5.6100,5.6200,5.6000,5.6000,113600,637280.0000,3
2025-04-03,20250403105000000,sz.002225,5.6000,5.6100,5.6000,5.6000,272700,1527576.0000,3
2025-04-03,20250403105500000,sz.002225,5.6000,5.6100,5.5900,5.5900,686200,3837040.0000,3
2025-04-03,20250403110000000,sz.002225,5.5900,5.6000,5.5900,5.6000,88700,496368.0000,3
2025-04-03,20250403110500000,sz.002225,5.5900,5.6000,5.5800,5.5900,226800,1267504.0000,3
2025-04-03,20250403111000000,sz.002225,5.5800,5.5800,5.5700,5.5800,133300,743112.0000,3
2025-04-03,20250403111500000,sz.002225,5.5700,5.6000,5.5700,5.5800,102800,574048.0000,3
2025-04-03,20250403112000000,sz.002225,5.5800,5.5900,5.5700,5.5800,45300,252776.0000,3
2025-04-03,20250403112500000,sz.002225,5.5800,5.5900,5.5700,5.5900,162100,904328.0000,3
2025-04-03,20250403113000000,sz.002225,5.5800,5.5900,5.5600,5.5700,195700,1089992.0000,3
2025-04-03,20250403130500000,sz.002225,5.5700,5.5800,5.5600,5.5600,215200,1197056.0000,3
2025-04-03,20250403131000000,sz.002225,5.5600,5.5600,5.5300,5.5300,617500,3427352.0000,3
2025-04-03,20250403131500000,sz.002225,5.5400,5.5400,5.5200,5.5300,170100,940688.0000,3
2025-04-03,20250403132000000,sz.002225,5.5400,5.5400,5.5200,5.5300,56300,311504.0000,3
2025-04-03,20250403132500000,sz.002225,5.5400,5.5400,5.5300,5.5300,189700,1050320.0000,3
2025-04-03,20250403133000000,sz.002225,5.5400,5.5400,5.5200,5.5400,109700,606592.0000,3
2025-04-03,20250403133500000,sz.002225,5.5400,5.5400,5.5300,5.5400,43000,238048.0000,3
2025-04-03,20250403134000000,sz.002225,5.5400,5.5400,5.5300,5.5400,36200,200504.0000,3
2025-04-03,20250403134500000,sz.002225,5.5400,5.5400,5.5000,5.5100,1211000,6667320.0000,3
2025-04-03,20250403135000000,sz.002225,5.5200,5.5300,5.5100,5.5300,49300,272272.0000,3
2025-04-03,20250403135500000,sz.002225,5.5300,5.5500,5.5200,5.5500,107400,594168.0000,3
2025-04-03,20250403140000000,sz.002225,5.5500,5.5700,5.5400,5.5700,346000,1923928.0000,3
2025-04-03,20250403140500000,sz.002225,5.5700,5.5700,5.5500,5.5700,143300,796472.0000,3
2025-04-03,20250403141000000,sz.002225,5.5700,5.6000,5.5600,5.6000,314000,1751928.0000,3
2025-04-03,20250403141500000,sz.002225,5.6000,5.6000,5.5400,5.5500,1122400,6234112.0000,3
2025-04-03,20250403142000000,sz.002225,5.5500,5.5700,5.5400,5.5700,79800,443360.0000,3
2025-04-03,20250403142500000,sz.002225,5.5600,5.5600,5.5400,5.5500,152700,847720.0000,3
2025-04-03,20250403143000000,sz.002225,5.5400,5.5500,5.5300,5.5400,145700,807304.0000,3
2025-04-03,20250403143500000,sz.002225,5.5400,5.5400,5.5300,5.5300,154700,856528.0000,3
2025-04-03,20250403144000000,sz.002225,5.5400,5.5400,5.5000,5.5400,457900,2525888.0000,3
2025-04-03,20250403144500000,sz.002225,5.5400,5.5400,5.5200,5.5200,163900,906368.0000,3
2025-04-03,20250403145000000,sz.002225,5.5200,5.5400,5.5100,5.5200,197800,1093184.0000,3
2025-04-03,20250403145500000,sz.002225,5.5100,5.5100,5.4800,5.4900,997400,5476784.0000,3
2025-04-03,20250403150000000,sz.002225,5.5000,5.5100,5.4800,5.4800,403000,2212384.0000,3
2025-04-07,20250407093500000,sz.002225,5.1900,5.2800,5.0300,5.1400,4029700,20764764.0000,3
2025-04-07,20250407094000000,sz.002225,5.1100,5.1300,4.9400,4.9400,2681800,13416580.0000,3
2025-04-07,20250407094500000,sz.002225,4.9400,4.9900,4.9300,4.9400,1918400,9478064.0000,3
2025-04-07,20250407095000000,sz.002225,4.9400,4.9400,4.9300,4.9300,1096800,5409432.0000,3
2025-04-07,20250407095500000,sz.002225,4.9300,4.9300,4.9300,4.9300,254800,1256168.0000,3
2025-04-07,20250407100000000,sz.002225,4.9300,4.9400,4.9300,4.9400,609600,3006372.0000,3
2025-04-07,20250407100500000,sz.002225,4.9300,4.9500,4.9300,4.9400,589400,2910928.0000,3
2025-04-07,20250407101000000,sz.002225,4.9300,4.9400,4.9300,4.9400,424600,2094008.0000,3
2025-04-07,20250407101500000,sz.002225,4.9400,4.9400,4.9300,4.9300,402100,1983548.0000,3
2025-04-07,20250407102000000,sz.002225,4.9300,4.9300,4.9300,4.9300,71600,352988.0000,3
2025-04-07,20250407102500000,sz.002225,4.9300,4.9500,4.9300,4.9400,585600,2889748.0000,3
2025-04-07,20250407103000000,sz.002225,4.9400,4.9400,4.9300,4.9300,74200,366240.0000,3
2025-04-07,20250407103500000,sz.002225,4.9400,4.9400,4.9300,4.9300,368800,1818360.0000,3
2025-04-07,20250407104000000,sz.002225,4.9300,4.9300,4.9300,4.9300,29300,144448.0000,3
2025-04-07,20250407104500000,sz.002225,4.9300,4.9300,4.9300,4.9300,17600,86768.0000,3
2025-04-07,20250407105000000,sz.002225,4.9300,4.9300,4.9300,4.9300,17800,87756.0000,3
2025-04-07,20250407105500000,sz.002225,4.9300,4.9300,4.9300,4.9300,21900,107968.0000,3
2025-04-07,20250407110000000,sz.002225,4.9300,4.9300,4.9300,4.9300,9200,45356.0000,3
2025-04-07,20250407110500000,sz.002225,4.9300,4.9300,4.9300,4.9300,68500,337704.0000,3
2025-04-07,20250407111000000,sz.002225,4.9300,4.9300,4.9300,4.9300,17200,84796.0000,3
2025-04-07,20250407111500000,sz.002225,4.9300,4.9300,4.9300,4.9300,9100,44864.0000,3
2025-04-07,20250407112000000,sz.002225,4.9300,4.9300,4.9300,4.9300,3700,18240.0000,3
2025-04-07,20250407112500000,sz.002225,4.9300,4.9300,4.9300,4.9300,4700,23172.0000,3
2025-04-07,20250407113000000,sz.002225,4.9300,4.9300,4.9300,4.9300,2900,14296.0000,3
2025-04-07,20250407130500000,sz.002225,4.9300,4.9300,4.9300,4.9300,60100,296292.0000,3
2025-04-07,20250407131000000,sz.002225,4.9300,4.9300,4.9300,4.9300,90000,443700.0000,3
2025-04-07,20250407131500000,sz.002225,4.9300,4.9300,4.9300,4.9300,12700,62608.0000,3
2025-04-07,20250407132000000,sz.002225,4.9300,4.9300,4.9300,4.9300,9300,45856.0000,3
2025-04-07,20250407132500000,sz.002225,4.9300,4.9300,4.9300,4.9300,11800,58168.0000,3
2025-04-07,20250407133000000,sz.002225,4.9300,4.9300,4.9300,4.9300,2500,12328.0000,3
2025-04-07,20250407133500000,sz.002225,4.9300,4.9300,4.9300,4.9300,28300,139520.0000,3
2025-04-07,20250407134000000,sz.002225,4.9300,4.9300,4.9300,4.9300,35100,173040.0000,3
2025-04-07,20250407134500000,sz.002225,4.9300,4.9300,4.9300,4.9300,2100,10352.0000,3
2025-04-07,20250407135000000,sz.002225,4.9300,4.9300,4.9300,4.9300,12500,61632.0000,3
2025-04-07,20250407135500000,sz.002225,4.9300,4.9300,4.9300,4.9300,400,1968.0000,3
2025-04-07,20250407140000000,sz.002225,4.9300,4.9300,4.9300,4.9300,600,2960.0000,3
2025-04-07,20250407140500000,sz.002225,4.9300,4.9300,4.9300,4.9300,0,0.0000,3
2025-04-07,20250407141000000,sz.002225,4.9300,4.9300,4.9300,4.9300,5100,25144.0000,3
2025-04-07,20250407141500000,sz.002225,4.9300,4.9300,4.9300,4.9300,600,2952.0000,3
2025-04-07,20250407142000000,sz.002225,4.9300,4.9300,4.9300,4.9300,2600,12824.0000,3
2025-04-07,20250407142500000,sz.002225,4.9300,4.9300,4.9300,4.9300,2100,10352.0000,3
2025-04-07,20250407143000000,sz.002225,4.9300,4.9300,4.9300,4.9300,9300,45848.0000,3
2025-04-07,20250407143500000,sz.002225,4.9300,4.9300,4.9300,4.9300,6400,31552.0000,3
2025-04-07,20250407144000000,sz.002225,4.9300,4.9300,4.9300,4.9300,11100,54720.0000,3
2025-04-07,20250407144500000,sz.002225,4.9300,4.9300,4.9300,4.9300,2172000,10707960.0000,3
2025-04-07,20250407145000000,sz.002225,4.9300,4.9300,4.9300,4.9300,66700,328832.0000,3
2025-04-07,20250407145500000,sz.002225,4.9300,4.9300,4.9300,4.9300,65900,324888.0000,3
2025-04-07,20250407150000000,sz.002225,4.9300,4.9300,4.9300,4.9300,165200,814432.0000,3
2025-04-08,20250408093500000,sz.002225,4.8900,4.9200,4.7600,4.7800,2656200,12878541.0000,3
2025-04-08,20250408094000000,sz.002225,4.7700,4.8800,4.7200,4.8100,2359800,11292841.0000,3
2025-04-08,20250408094500000,sz.002225,4.8000,4.8200,4.6900,4.7000,1780500,8439174.0000,3
2025-04-08,20250408095000000,sz.002225,4.7000,4.7300,4.6300,4.6300,1570500,7340780.0000,3
2025-04-08,20250408095500000,sz.002225,4.6500,4.6500,4.5700,4.6200,1809900,8328200.0000,3
2025-04-08,20250408100000000,sz.002225,4.6100,4.6300,4.5700,4.6300,920000,4239248.0000,3
2025-04-08,20250408100500000,sz.002225,4.6300,4.6600,4.5800,4.6100,908200,4180652.0000,3
2025-04-08,20250408101000000,sz.002225,4.5900,4.6500,4.5600,4.6500,1067700,4921772.0000,3
2025-04-08,20250408101500000,sz.002225,4.6500,4.6900,4.6500,4.6700,599400,2800824.0000,3
2025-04-08,20250408102000000,sz.002225,4.6700,4.6700,4.6300,4.6500,515100,2398100.0000,3
2025-04-08,20250408102500000,sz.002225,4.6500,4.6700,4.6400,4.6400,668300,3111460.0000,3
2025-04-08,20250408103000000,sz.002225,4.6500,4.6700,4.6400,4.6500,340000,1582176.0000,3
2025-04-08,20250408103500000,sz.002225,4.6600,4.7100,4.6500,4.7000,327700,1534104.0000,3
2025-04-08,20250408104000000,sz.002225,4.7000,4.7200,4.6900,4.7000,423400,1993160.0000,3
2025-04-08,20250408104500000,sz.002225,4.6900,4.7100,4.6600,4.6800,374800,1757480.0000,3
2025-04-08,20250408105000000,sz.002225,4.6800,4.6900,4.6600,4.6600,373900,1746784.0000,3
2025-04-08,20250408105500000,sz.002225,4.6800,4.7000,4.6600,4.7000,148500,694384.0000,3
2025-04-08,20250408110000000,sz.002225,4.6900,4.7200,4.6700,4.6700,223000,1047744.0000,3
2025-04-08,20250408110500000,sz.002225,4.6800,4.6900,4.6600,4.6900,167100,782216.0000,3
2025-04-08,20250408111000000,sz.002225,4.6700,4.6800,4.6200,4.6400,274000,1274608.0000,3
2025-04-08,20250408111500000,sz.002225,4.6400,4.6500,4.6300,4.6400,168300,782096.0000,3
2025-04-08,20250408112000000,sz.002225,4.6400,4.6900,4.6400,4.6900,277600,1292304.0000,3
2025-04-08,20250408112500000,sz.002225,4.6800,4.6800,4.6600,4.6700,59000,275192.0000,3
2025-04-08,20250408113000000,sz.002225,4.6700,4.6800,4.6500,4.6800,101700,473776.0000,3
2025-04-08,20250408130500000,sz.002225,4.7000,4.7600,4.6900,4.7100,817800,3862536.0000,3
2025-04-08,20250408131000000,sz.002225,4.6900,4.7100,4.6600,4.6700,169800,795592.0000,3
2025-04-08,20250408131500000,sz.002225,4.6600,4.6700,4.6300,4.6300,306600,1426552.0000,3
2025-04-08,20250408132000000,sz.002225,4.6200,4.6200,4.5800,4.5900,411300,1892280.0000,3
2025-04-08,20250408132500000,sz.002225,4.5900,4.6100,4.5800,4.5900,657200,3025968.0000,3
2025-04-08,20250408133000000,sz.002225,4.6000,4.6000,4.5700,4.5800,402100,1843432.0000,3
2025-04-08,20250408133500000,sz.002225,4.5700,4.6200,4.5700,4.6200,689400,3171048.0000,3
2025-04-08,20250408134000000,sz.002225,4.6200,4.6400,4.6100,4.6400,123100,569872.0000,3
2025-04-08,20250408134500000,sz.002225,4.6400,4.6400,4.5800,4.5900,397500,1833112.0000,3
2025-04-08,20250408135000000,sz.002225,4.6000,4.6000,4.5600,4.5600,1037000,4748672.0000,3
2025-04-08,20250408135500000,sz.002225,4.5600,4.5600,4.4900,4.5300,2297800,10417488.0000,3
2025-04-08,20250408140000000,sz.002225,4.5200,4.5300,4.4900,4.5000,1105300,4980288.0000,3
2025-04-08,20250408140500000,sz.002225,4.5000,4.5800,4.5000,4.5500,396100,1797960.0000,3
2025-04-08,20250408141000000,sz.002225,4.5600,4.5700,4.4900,4.5100,663100,3002208.0000,3
2025-04-08,20250408141500000,sz.002225,4.5300,4.5300,4.4900,4.5300,521700,2352664.0000,3
2025-04-08,20250408142000000,sz.002225,4.5200,4.6000,4.5100,4.5200,500300,2269248.0000,3
2025-04-08,20250408142500000,sz.002225,4.5300,4.5600,4.5100,4.5500,543200,2460088.0000,3
2025-04-08,20250408143000000,sz.002225,4.5500,4.5700,4.5500,4.5700,161800,737488.0000,3
2025-04-08,20250408143500000,sz.002225,4.5600,4.6000,4.5600,4.6000,467500,2143136.0000,3
2025-04-08,20250408144000000,sz.002225,4.5800,4.6000,4.5800,4.6000,222400,1020416.0000,3
2025-04-08,20250408144500000,sz.002225,4.5900,4.6500,4.5900,4.6200,246000,1136832.0000,3
2025-04-08,20250408145000000,sz.002225,4.6300,4.6600,4.6200,4.6600,298600,1385616.0000,3
2025-04-08,20250408145500000,sz.002225,4.6600,4.6800,4.6500,4.6800,468900,2188672.0000,3
2025-04-08,20250408150000000,sz.002225,4.6700,4.6800,4.6700,4.6700,470000,2196416.0000,3
2025-04-09,20250409093500000,sz.002225,4.7500,4.7900,4.4100,4.4200,5831000,26722284.0000,3
2025-04-09,20250409094000000,sz.002225,4.4200,4.4200,4.3000,4.3700,2430100,10579768.0000,3
2025-04-09,20250409094500000,sz.002225,4.3700,4.4400,4.3300,4.4100,950600,4169536.0000,3
2025-04-09,20250409095000000,sz.002225,4.4100,4.4400,4.3900,4.3900,1829200,8069828.0000,3
2025-04-09,20250409095500000,sz.002225,4.4400,4.4700,4.4000,4.4300,884400,3919224.0000,3
2025-04-09,20250409100000000,sz.002225,4.4400,4.5000,4.4200,4.5000,463400,2066224.0000,3
2025-04-09,20250409100500000,sz.002225,4.5000,4.5600,4.4900,4.5600,678400,3072352.0000,3
2025-04-09,20250409101000000,sz.002225,4.5400,4.5700,4.5300,4.5600,430000,1958932.0000,3
2025-04-09,20250409101500000,sz.002225,4.5500,4.6800,4.5500,4.6300,582900,2693988.0000,3
2025-04-09,20250409102000000,sz.002225,4.6200,4.7000,4.6200,4.6600,552800,2571620.0000,3
2025-04-09,20250409102500000,sz.002225,4.6500,4.7400,4.6300,4.7200,2041700,9615524.0000,3
2025-04-09,20250409103000000,sz.002225,4.7200,4.7400,4.6700,4.6800,1043600,4923528.0000,3
2025-04-09,20250409103500000,sz.002225,4.6800,4.7200,4.6700,4.7200,327200,1536312.0000,3
2025-04-09,20250409104000000,sz.002225,4.7200,4.7200,4.6800,4.7000,327500,1536912.0000,3
2025-04-09,20250409104500000,sz.002225,4.7000,4.7400,4.7000,4.7300,561100,2649776.0000,3
2025-04-09,20250409105000000,sz.002225,4.7300,4.7500,4.7100,4.7200,681300,3224248.0000,3
2025-04-09,20250409105500000,sz.002225,4.7200,4.7400,4.7100,4.7400,76900,363144.0000,3
2025-04-09,20250409110000000,sz.002225,4.7300,4.7300,4.7100,4.7100,156500,738888.0000,3
2025-04-09,20250409110500000,sz.002225,4.7100,4.7300,4.6800,4.6800,357300,1681544.0000,3
2025-04-09,20250409111000000,sz.002225,4.6800,4.6800,4.6300,4.6400,273200,1271008.0000,3
2025-04-09,20250409111500000,sz.002225,4.6300,4.6700,4.6300,4.6600,39700,184784.0000,3
2025-04-09,20250409112000000,sz.002225,4.6600,4.6900,4.6600,4.6900,88600,414568.0000,3
2025-04-09,20250409112500000,sz.002225,4.6800,4.7000,4.6800,4.7000,38700,181696.0000,3
2025-04-09,20250409113000000,sz.002225,4.7000,4.7100,4.6900,4.7100,162500,764824.0000,3
2025-04-09,20250409130500000,sz.002225,4.7100,4.7200,4.6700,4.7000,520400,2445080.0000,3
2025-04-09,20250409131000000,sz.002225,4.7100,4.7400,4.7100,4.7400,200200,947512.0000,3
2025-04-09,20250409131500000,sz.002225,4.7400,4.7600,4.7400,4.7600,220100,1046720.0000,3
2025-04-09,20250409132000000,sz.002225,4.7600,4.7800,4.7600,4.7800,278300,1327368.0000,3
2025-04-09,20250409132500000,sz.002225,4.7800,4.8000,4.7700,4.7800,370100,1771880.0000,3
2025-04-09,20250409133000000,sz.002225,4.7800,4.8000,4.7700,4.7900,444900,2129424.0000,3
2025-04-09,20250409133500000,sz.002225,4.8000,4.8300,4.7900,4.8300,404800,1944184.0000,3
2025-04-09,20250409134000000,sz.002225,4.8200,4.8300,4.8200,4.8300,116500,562904.0000,3
2025-04-09,20250409134500000,sz.002225,4.8200,4.8800,4.8200,4.8400,574400,2790232.0000,3
2025-04-09,20250409135000000,sz.002225,4.8500,4.8800,4.8400,4.8700,284100,1381200.0000,3
2025-04-09,20250409135500000,sz.002225,4.8700,4.8900,4.8500,4.8500,332100,1618936.0000,3
2025-04-09,20250409140000000,sz.002225,4.8500,4.8700,4.8500,4.8500,192300,933888.0000,3
2025-04-09,20250409140500000,sz.002225,4.8500,4.8500,4.8300,4.8400,226600,1096928.0000,3
2025-04-09,20250409141000000,sz.002225,4.8400,4.8600,4.8300,4.8600,194900,943992.0000,3
2025-04-09,20250409141500000,sz.002225,4.8600,4.8800,4.8600,4.8800,278600,1355656.0000,3
2025-04-09,20250409142000000,sz.002225,4.8800,4.9100,4.8800,4.9100,406400,1987672.0000,3
2025-04-09,20250409142500000,sz.002225,4.9100,4.9200,4.8800,4.9000,475800,2333568.0000,3
2025-04-09,20250409143000000,sz.002225,4.9000,4.9300,4.9000,4.9300,313000,1540064.0000,3
2025-04-09,20250409143500000,sz.002225,4.9300,4.9500,4.9300,4.9400,191200,944016.0000,3
2025-04-09,20250409144000000,sz.002225,4.9400,4.9500,4.9200,4.9300,222400,1097464.0000,3
2025-04-09,20250409144500000,sz.002225,4.9300,4.9400,4.8900,4.9000,889300,4360304.0000,3
2025-04-09,20250409145000000,sz.002225,4.9000,4.9000,4.8800,4.8800,258300,1262736.0000,3
2025-04-09,20250409145500000,sz.002225,4.8900,4.8900,4.8700,4.8800,194500,948544.0000,3
2025-04-09,20250409150000000,sz.002225,4.8800,4.8800,4.8600,4.8600,262700,1277376.0000,3
2025-04-10,20250410093500000,sz.002225,4.9000,4.9900,4.8300,4.9000,5429300,26677622.0000,3
2025-04-10,20250410094000000,sz.002225,4.9000,4.9700,4.8800,4.9400,1061500,5238646.0000,3
2025-04-10,20250410094500000,sz.002225,4.9500,5.0000,4.9400,5.0000,1441500,7152300.0000,3
2025-04-10,20250410095000000,sz.002225,4.9900,5.0000,4.9800,5.0000,1253100,6246624.0000,3
2025-04-10,20250410095500000,sz.002225,5.0100,5.0200,5.0000,5.0000,480700,2410456.0000,3
2025-04-10,20250410100000000,sz.002225,5.0000,5.0200,4.9600,4.9900,988000,4933096.0000,3
2025-04-10,20250410100500000,sz.002225,5.0000,5.0000,4.9600,4.9700,821700,4086416.0000,3
2025-04-10,20250410101000000,sz.002225,4.9600,4.9800,4.9300,4.9500,904200,4474176.0000,3
2025-04-10,20250410101500000,sz.002225,4.9500,4.9900,4.9500,4.9800,401200,1996876.0000,3
2025-04-10,20250410102000000,sz.002225,4.9700,4.9900,4.9700,4.9900,309000,1538456.0000,3
2025-04-10,20250410102500000,sz.002225,4.9900,4.9900,4.9800,4.9900,50400,251444.0000,3
2025-04-10,20250410103000000,sz.002225,4.9900,4.9900,4.9600,4.9900,312800,1558200.0000,3
2025-04-10,20250410103500000,sz.002225,4.9800,4.9900,4.9700,4.9700,252700,1257768.0000,3
2025-04-10,20250410104000000,sz.002225,4.9800,5.0100,4.9600,5.0000,512100,2554256.0000,3
2025-04-10,20250410104500000,sz.002225,4.9900,5.0100,4.9800,4.9900,379900,1899616.0000,3
2025-04-10,20250410105000000,sz.002225,4.9900,5.0100,4.9800,4.9900,354900,1772016.0000,3
2025-04-10,20250410105500000,sz.002225,5.0000,5.0100,4.9600,4.9700,459000,2292032.0000,3
2025-04-10,20250410110000000,sz.002225,4.9800,5.0000,4.9700,4.9900,407600,2034808.0000,3
2025-04-10,20250410110500000,sz.002225,4.9900,4.9900,4.9700,4.9800,242700,1209992.0000,3
2025-04-10,20250410111000000,sz.002225,4.9800,5.0200,4.9800,5.0200,330600,1655136.0000,3
2025-04-10,20250410111500000,sz.002225,5.0100,5.0100,4.9900,4.9900,117500,587376.0000,3
2025-04-10,20250410112000000,sz.002225,5.0000,5.0100,4.9900,5.0000,254500,1272296.0000,3
2025-04-10,20250410112500000,sz.002225,5.0100,5.0100,4.9900,5.0000,121100,605680.0000,3
2025-04-10,20250410113000000,sz.002225,4.9900,4.9900,4.9600,4.9600,281900,1402232.0000,3
2025-04-10,20250410130500000,sz.002225,4.9700,4.9700,4.9400,4.9500,497600,2461920.0000,3
2025-04-10,20250410131000000,sz.002225,4.9500,5.0000,4.9500,4.9800,425600,2120056.0000,3
2025-04-10,20250410131500000,sz.002225,4.9800,5.0000,4.9800,5.0000,100100,498760.0000,3
2025-04-10,20250410132000000,sz.002225,4.9900,5.0100,4.9900,5.0100,142000,709856.0000,3
2025-04-10,20250410132500000,sz.002225,5.0100,5.0100,4.9900,5.0100,129000,645424.0000,3
2025-04-10,20250410133000000,sz.002225,5.0000,5.0100,4.9900,5.0100,49800,249056.0000,3
2025-04-10,20250410133500000,sz.002225,5.0000,5.0100,4.9900,5.0000,77500,387344.0000,3
2025-04-10,20250410134000000,sz.002225,4.9900,5.0100,4.9900,5.0100,226000,1130800.0000,3
2025-04-10,20250410134500000,sz.002225,5.0000,5.0100,5.0000,5.0100,296100,1482144.0000,3
2025-04-10,20250410135000000,sz.002225,5.0100,5.0100,4.9900,5.0000,171600,857840.0000,3
2025-04-10,20250410135500000,sz.002225,5.0000,5.0000,4.9800,4.9800,82200,410288.0000,3
2025-04-10,20250410140000000,sz.002225,4.9800,4.9900,4.9700,4.9700,171900,855568.0000,3
2025-04-10,20250410140500000,sz.002225,4.9700,4.9800,4.9600,4.9800,119800,595688.0000,3
2025-04-10,20250410141000000,sz.002225,4.9800,5.0000,4.9800,4.9900,149000,743184.0000,3
2025-04-10,20250410141500000,sz.002225,5.0000,5.0200,4.9900,5.0100,423700,2122536.0000,3
2025-04-10,20250410142000000,sz.002225,5.0000,5.0100,5.0000,5.0100,36600,183248.0000,3
2025-04-10,20250410142500000,sz.002225,5.0100,5.0500,4.9900,5.0400,725100,3640392.0000,3
2025-04-10,20250410143000000,sz.002225,5.0200,5.0300,5.0000,5.0200,212800,1066744.0000,3
2025-04-10,20250410143500000,sz.002225,5.0200,5.0200,5.0000,5.0000,119300,598048.0000,3
2025-04-10,20250410144000000,sz.002225,5.0000,5.0100,4.9900,4.9900,189700,948728.0000,3
2025-04-10,20250410144500000,sz.002225,4.9900,5.0100,4.9900,5.0000,229700,1147784.0000,3
2025-04-10,20250410145000000,sz.002225,4.9900,5.0000,4.9800,4.9900,614400,3066480.0000,3
2025-04-10,20250410145500000,sz.002225,4.9900,5.0000,4.9800,4.9900,332300,1659776.0000,3
2025-04-10,20250410150000000,sz.002225,4.9900,4.9900,4.9700,4.9800,332400,1654976.0000,3
2025-04-11,20250411093500000,sz.002225,4.9000,5.0200,4.9000,4.9900,1034100,5138466.0000,3
2025-04-11,20250411094000000,sz.002225,4.9800,5.0000,4.9700,4.9700,766100,3810934.0000,3
2025-04-11,20250411094500000,sz.002225,4.9800,4.9900,4.9300,4.9400,633100,3134771.0000,3
2025-04-11,20250411095000000,sz.002225,4.9500,4.9800,4.9500,4.9600,220200,1091734.0000,3
2025-04-11,20250411095500000,sz.002225,4.9700,4.9700,4.9500,4.9600,192000,953127.0000,3
2025-04-11,20250411100000000,sz.002225,4.9600,4.9600,4.9400,4.9500,251600,1246267.0000,3
2025-04-11,20250411100500000,sz.002225,4.9600,4.9700,4.9400,4.9600,220700,1093902.0000,3
2025-04-11,20250411101000000,sz.002225,4.9600,4.9600,4.9400,4.9500,253000,1251905.0000,3
2025-04-11,20250411101500000,sz.002225,4.9500,4.9600,4.9400,4.9500,154700,764904.0000,3
2025-04-11,20250411102000000,sz.002225,4.9500,4.9700,4.9400,4.9700,185900,919930.0000,3
2025-04-11,20250411102500000,sz.002225,4.9700,4.9800,4.9700,4.9800,166700,828626.0000,3
2025-04-11,20250411103000000,sz.002225,4.9800,4.9800,4.9500,4.9500,101900,506310.0000,3
2025-04-11,20250411103500000,sz.002225,4.9600,4.9700,4.9400,4.9400,447600,2215316.0000,3
2025-04-11,20250411104000000,sz.002225,4.9400,4.9500,4.9400,4.9400,27300,135080.0000,3
2025-04-11,20250411104500000,sz.002225,4.9500,4.9500,4.9400,4.9500,40100,198316.0000,3
2025-04-11,20250411105000000,sz.002225,4.9500,4.9500,4.9300,4.9300,245800,1213936.0000,3
2025-04-11,20250411105500000,sz.002225,4.9300,4.9400,4.9200,4.9400,248000,1222832.0000,3
2025-04-11,20250411110000000,sz.002225,4.9300,4.9300,4.9200,4.9200,162200,799176.0000,3
2025-04-11,20250411110500000,sz.002225,4.9200,4.9400,4.9100,4.9300,365600,1800148.0000,3
2025-04-11,20250411111000000,sz.002225,4.9500,4.9500,4.9400,4.9400,182800,904976.0000,3
2025-04-11,20250411111500000,sz.002225,4.9400,4.9400,4.9300,4.9400,67400,332950.0000,3
2025-04-11,20250411112000000,sz.002225,4.9400,4.9400,4.9300,4.9300,201400,994838.0000,3
2025-04-11,20250411112500000,sz.002225,4.9300,4.9300,4.9200,4.9300,55500,273566.0000,3
2025-04-11,20250411113000000,sz.002225,4.9300,4.9400,4.9300,4.9400,102300,504374.0000,3
2025-04-11,20250411130500000,sz.002225,4.9400,4.9600,4.9400,4.9600,317500,1569448.0000,3
2025-04-11,20250411131000000,sz.002225,4.9500,4.9700,4.9400,4.9700,184000,913176.0000,3
2025-04-11,20250411131500000,sz.002225,4.9600,4.9800,4.9600,4.9700,156800,778456.0000,3
2025-04-11,20250411132000000,sz.002225,4.9600,4.9700,4.9500,4.9500,290500,1440568.0000,3
2025-04-11,20250411132500000,sz.002225,4.9500,4.9600,4.9300,4.9300,321200,1587200.0000,3
2025-04-11,20250411133000000,sz.002225,4.9400,4.9500,4.9300,4.9500,309700,1529952.0000,3
2025-04-11,20250411133500000,sz.002225,4.9400,4.9500,4.9300,4.9400,178900,883620.0000,3
2025-04-11,20250411134000000,sz.002225,4.9300,4.9600,4.9300,4.9500,267700,1324072.0000,3
2025-04-11,20250411134500000,sz.002225,4.9500,4.9700,4.9500,4.9500,153000,758424.0000,3
2025-04-11,20250411135000000,sz.002225,4.9600,4.9600,4.9500,4.9500,185500,919032.0000,3
2025-04-11,20250411135500000,sz.002225,4.9500,4.9600,4.9400,4.9500,60500,299404.0000,3
2025-04-11,20250411140000000,sz.002225,4.9500,4.9500,4.9300,4.9400,244300,1206944.0000,3
2025-04-11,20250411140500000,sz.002225,4.9500,4.9500,4.9400,4.9500,117800,582576.0000,3
2025-04-11,20250411141000000,sz.002225,4.9400,4.9500,4.9400,4.9400,40000,197808.0000,3
2025-04-11,20250411141500000,sz.002225,4.9400,4.9500,4.9400,4.9400,49900,246672.0000,3
2025-04-11,20250411142000000,sz.002225,4.9400,4.9500,4.9400,4.9500,185100,914648.0000,3
2025-04-11,20250411142500000,sz.002225,4.9400,4.9600,4.9400,4.9400,88400,437420.0000,3
2025-04-11,20250411143000000,sz.002225,4.9400,4.9500,4.9300,4.9300,206100,1017580.0000,3
2025-04-11,20250411143500000,sz.002225,4.9300,4.9400,4.9200,4.9400,878500,4331568.0000,3
2025-04-11,20250411144000000,sz.002225,4.9300,4.9400,4.9200,4.9300,247800,1221384.0000,3
2025-04-11,20250411144500000,sz.002225,4.9200,4.9300,4.9100,4.9200,330200,1623148.0000,3
2025-04-11,20250411145000000,sz.002225,4.9200,4.9300,4.9100,4.9200,198300,974956.0000,3
2025-04-11,20250411145500000,sz.002225,4.9100,4.9200,4.9000,4.9000,553400,2716880.0000,3
2025-04-11,20250411150000000,sz.002225,4.9000,4.9100,4.9000,4.9000,488900,2396192.0000,3
2025-04-14,20250414093500000,sz.002225,4.9500,5.0200,4.9200,5.0200,1737300,8679228.0000,3
2025-04-14,20250414094000000,sz.002225,5.0100,5.1300,5.0100,5.1000,1617600,8202130.0000,3
2025-04-14,20250414094500000,sz.002225,5.0900,5.1300,5.0800,5.1100,1240400,6324608.0000,3
2025-04-14,20250414095000000,sz.002225,5.1100,5.1100,5.1000,5.1100,479800,2448074.0000,3
2025-04-14,20250414095500000,sz.002225,5.1000,5.1100,5.1000,5.1000,351700,1795996.0000,3
2025-04-14,20250414100000000,sz.002225,5.1000,5.1100,5.1000,5.1100,256400,1308232.0000,3
2025-04-14,20250414100500000,sz.002225,5.1100,5.1700,5.1000,5.1600,965400,4957924.0000,3
2025-04-14,20250414101000000,sz.002225,5.1500,5.1900,5.1500,5.1700,754000,3901748.0000,3
2025-04-14,20250414101500000,sz.002225,5.1700,5.1800,5.1600,5.1700,200800,1038368.0000,3
2025-04-14,20250414102000000,sz.002225,5.1700,5.1800,5.1500,5.1500,255600,1321552.0000,3
2025-04-14,20250414102500000,sz.002225,5.1500,5.1700,5.1400,5.1400,359500,1848676.0000,3
2025-04-14,20250414103000000,sz.002225,5.1500,5.1500,5.1200,5.1300,176700,907400.0000,3
2025-04-14,20250414103500000,sz.002225,5.1300,5.1800,5.1200,5.1800,413800,2131952.0000,3
2025-04-14,20250414104000000,sz.002225,5.1800,5.2200,5.1800,5.1900,810700,4211168.0000,3
2025-04-14,20250414104500000,sz.002225,5.2000,5.2200,5.2000,5.2000,377100,1965672.0000,3
2025-04-14,20250414105000000,sz.002225,5.2100,5.2100,5.1800,5.1900,354600,1840664.0000,3
2025-04-14,20250414105500000,sz.002225,5.1900,5.2100,5.1800,5.1900,319900,1663240.0000,3
2025-04-14,20250414110000000,sz.002225,5.2000,5.2100,5.1900,5.1900,239300,1243828.0000,3
2025-04-14,20250414110500000,sz.002225,5.2000,5.2100,5.2000,5.2000,277800,1445248.0000,3
2025-04-14,20250414111000000,sz.002225,5.2000,5.2100,5.1700,5.1700,120600,626108.0000,3
2025-04-14,20250414111500000,sz.002225,5.1700,5.1800,5.1600,5.1600,171900,888012.0000,3
2025-04-14,20250414112000000,sz.002225,5.1700,5.1900,5.1600,5.1800,274300,1420500.0000,3
2025-04-14,20250414112500000,sz.002225,5.1900,5.2000,5.1800,5.1800,254400,1318968.0000,3
2025-04-14,20250414113000000,sz.002225,5.1900,5.2100,5.1800,5.2000,217500,1128936.0000,3
2025-04-14,20250414130500000,sz.002225,5.2000,5.2300,5.2000,5.2200,853000,4443536.0000,3
2025-04-14,20250414131000000,sz.002225,5.2200,5.2200,5.1900,5.2100,178100,927344.0000,3
2025-04-14,20250414131500000,sz.002225,5.2100,5.2200,5.2000,5.2100,229700,1195688.0000,3
2025-04-14,20250414132000000,sz.002225,5.2100,5.2100,5.1800,5.1900,378000,1965504.0000,3
2025-04-14,20250414132500000,sz.002225,5.1900,5.2000,5.1700,5.1700,211300,1097224.0000,3
2025-04-14,20250414133000000,sz.002225,5.1800,5.1800,5.1700,5.1800,303300,1569976.0000,3
2025-04-14,20250414133500000,sz.002225,5.1900,5.1900,5.1800,5.1800,109700,568360.0000,3
2025-04-14,20250414134000000,sz.002225,5.1800,5.1800,5.1700,5.1800,175300,907992.0000,3
2025-04-14,20250414134500000,sz.002225,5.1800,5.1800,5.1700,5.1700,165300,855816.0000,3
2025-04-14,20250414135000000,sz.002225,5.1800,5.1800,5.1500,5.1500,219300,1133416.0000,3
2025-04-14,20250414135500000,sz.002225,5.1600,5.1600,5.1500,5.1600,230300,1187488.0000,3
2025-04-14,20250414140000000,sz.002225,5.1600,5.1600,5.1500,5.1500,294900,1519528.0000,3
2025-04-14,20250414140500000,sz.002225,5.1600,5.1700,5.1500,5.1600,179300,925304.0000,3
2025-04-14,20250414141000000,sz.002225,5.1600,5.1700,5.1500,5.1500,52800,272320.0000,3
2025-04-14,20250414141500000,sz.002225,5.1500,5.1700,5.1500,5.1500,148400,765576.0000,3
2025-04-14,20250414142000000,sz.002225,5.1600,5.1600,5.1500,5.1500,195500,1006792.0000,3
2025-04-14,20250414142500000,sz.002225,5.1500,5.1500,5.1400,5.1400,58500,301136.0000,3
2025-04-14,20250414143000000,sz.002225,5.1500,5.1500,5.1400,5.1500,154900,796272.0000,3
2025-04-14,20250414143500000,sz.002225,5.1500,5.1500,5.1300,5.1500,291400,1497984.0000,3
2025-04-14,20250414144000000,sz.002225,5.1500,5.1500,5.1400,5.1400,59100,303976.0000,3
2025-04-14,20250414144500000,sz.002225,5.1400,5.1500,5.1400,5.1500,215800,1109448.0000,3
2025-04-14,20250414145000000,sz.002225,5.1500,5.1500,5.1400,5.1400,458600,2356240.0000,3
2025-04-14,20250414145500000,sz.002225,5.1500,5.1600,5.1400,5.1500,940600,4841776.0000,3
2025-04-14,20250414150000000,sz.002225,5.1400,5.1500,5.1300,5.1400,455600,2341256.0000,3
2025-04-15,20250415093500000,sz.002225,5.1600,5.1800,5.1300,5.1300,585600,3015883.0000,3
2025-04-15,20250415094000000,sz.002225,5.1200,5.1300,5.1000,5.1000,657800,3362304.0000,3
2025-04-15,20250415094500000,sz.002225,5.1100,5.1100,5.0600,5.0600,629100,3199164.0000,3
2025-04-15,20250415095000000,sz.002225,5.0700,5.1000,5.0600,5.0900,469400,2380255.0000,3
2025-04-15,20250415095500000,sz.002225,5.0900,5.1000,5.0700,5.0700,323800,1645571.0000,3
2025-04-15,20250415100000000,sz.002225,5.0700,5.0900,5.0700,5.0700,295000,1497712.0000,3
2025-04-15,20250415100500000,sz.002225,5.0700,5.1100,5.0700,5.1000,347800,1769147.0000,3
2025-04-15,20250415101000000,sz.002225,5.1100,5.1100,5.0900,5.1000,110100,562004.0000,3
2025-04-15,20250415101500000,sz.002225,5.1100,5.1200,5.1000,5.1200,94900,485332.0000,3
2025-04-15,20250415102000000,sz.002225,5.1200,5.1400,5.1000,5.1300,279400,1430456.0000,3
2025-04-15,20250415102500000,sz.002225,5.1400,5.1500,5.1300,5.1300,151000,776228.0000,3
2025-04-15,20250415103000000,sz.002225,5.1400,5.1500,5.1400,5.1400,262300,1349796.0000,3
2025-04-15,20250415103500000,sz.002225,5.1400,5.1600,5.1400,5.1500,64100,330414.0000,3
2025-04-15,20250415104000000,sz.002225,5.1600,5.1700,5.1500,5.1700,128600,663516.0000,3
2025-04-15,20250415104500000,sz.002225,5.1600,5.1700,5.1600,5.1600,181600,937978.0000,3
2025-04-15,20250415105000000,sz.002225,5.1700,5.1700,5.1500,5.1600,128700,664308.0000,3
2025-04-15,20250415105500000,sz.002225,5.1500,5.1700,5.1500,5.1500,148200,763820.0000,3
2025-04-15,20250415110000000,sz.002225,5.1500,5.1500,5.1200,5.1200,99200,509360.0000,3
2025-04-15,20250415110500000,sz.002225,5.1200,5.1300,5.1100,5.1200,109500,560800.0000,3
2025-04-15,20250415111000000,sz.002225,5.1200,5.1200,5.1000,5.1100,163100,833660.0000,3
2025-04-15,20250415111500000,sz.002225,5.1100,5.1200,5.1000,5.1000,189800,969776.0000,3
2025-04-15,20250415112000000,sz.002225,5.1100,5.1100,5.1000,5.1000,90800,463136.0000,3
2025-04-15,20250415112500000,sz.002225,5.1000,5.1000,5.0900,5.1000,57100,291024.0000,3
2025-04-15,20250415113000000,sz.002225,5.0900,5.1000,5.0800,5.1000,102700,522656.0000,3
2025-04-15,20250415130500000,sz.002225,5.1000,5.1000,5.0800,5.0900,177200,901800.0000,3
2025-04-15,20250415131000000,sz.002225,5.1000,5.1000,5.0900,5.0900,34400,175264.0000,3
2025-04-15,20250415131500000,sz.002225,5.0900,5.0900,5.0800,5.0800,156400,795188.0000,3
2025-04-15,20250415132000000,sz.002225,5.0800,5.1000,5.0700,5.0900,135000,686406.0000,3
2025-04-15,20250415132500000,sz.002225,5.1000,5.1000,5.0900,5.0900,55500,282602.0000,3
2025-04-15,20250415133000000,sz.002225,5.0900,5.0900,5.0700,5.0800,598600,3039640.0000,3
2025-04-15,20250415133500000,sz.002225,5.0900,5.0900,5.0800,5.0800,57200,290664.0000,3
2025-04-15,20250415134000000,sz.002225,5.0800,5.1000,5.0800,5.0800,186300,948176.0000,3
2025-04-15,20250415134500000,sz.002225,5.0800,5.1000,5.0800,5.1000,124100,632096.0000,3
2025-04-15,20250415135000000,sz.002225,5.1100,5.1100,5.1000,5.1000,108600,554940.0000,3
2025-04-15,20250415135500000,sz.002225,5.1000,5.1100,5.0900,5.1000,56100,286104.0000,3
2025-04-15,20250415140000000,sz.002225,5.0900,5.1000,5.0900,5.0900,26000,132456.0000,3
2025-04-15,20250415140500000,sz.002225,5.0900,5.1000,5.0800,5.0800,109000,554824.0000,3
2025-04-15,20250415141000000,sz.002225,5.0800,5.0900,5.0800,5.0800,44700,227188.0000,3
2025-04-15,20250415141500000,sz.002225,5.0800,5.0900,5.0800,5.0800,51300,260868.0000,3
2025-04-15,20250415142000000,sz.002225,5.0800,5.0900,5.0700,5.0800,278300,1413760.0000,3
2025-04-15,20250415142500000,sz.002225,5.0800,5.0900,5.0800,5.0900,59900,304700.0000,3
2025-04-15,20250415143000000,sz.002225,5.0800,5.0900,5.0800,5.0800,57100,290568.0000,3
2025-04-15,20250415143500000,sz.002225,5.0800,5.0900,5.0800,5.0800,94900,482344.0000,3
2025-04-15,20250415144000000,sz.002225,5.0800,5.0900,5.0800,5.0900,240400,1223312.0000,3
2025-04-15,20250415144500000,sz.002225,5.0800,5.1000,5.0800,5.0800,264300,1344400.0000,3
2025-04-15,20250415145000000,sz.002225,5.0900,5.0900,5.0800,5.0800,303100,1541412.0000,3
2025-04-15,20250415145500000,sz.002225,5.0800,5.1000,5.0800,5.0900,338000,1719504.0000,3
2025-04-15,20250415150000000,sz.002225,5.0900,5.1000,5.0800,5.0900,245100,1246716.0000,3
2025-04-16,20250416093500000,sz.002225,5.0800,5.0800,5.0300,5.0500,514900,2598082.0000,3
2025-04-16,20250416094000000,sz.002225,5.0400,5.0500,5.0200,5.0300,376100,1892945.0000,3
2025-04-16,20250416094500000,sz.002225,5.0300,5.0400,5.0100,5.0100,333400,1674465.0000,3
2025-04-16,20250416095000000,sz.002225,5.0100,5.0100,4.9800,4.9900,672200,3358891.0000,3
2025-04-16,20250416095500000,sz.002225,5.0000,5.0000,4.9700,4.9700,251400,1252321.0000,3
2025-04-16,20250416100000000,sz.002225,4.9700,4.9700,4.9500,4.9600,636700,3160668.0000,3
2025-04-16,20250416100500000,sz.002225,4.9600,4.9700,4.9500,4.9600,293300,1454523.0000,3
2025-04-16,20250416101000000,sz.002225,4.9700,4.9900,4.9600,4.9800,163300,812498.0000,3
2025-04-16,20250416101500000,sz.002225,4.9700,4.9800,4.9600,4.9600,89600,445194.0000,3
2025-04-16,20250416102000000,sz.002225,4.9600,4.9700,4.9500,4.9500,241500,1197817.0000,3
2025-04-16,20250416102500000,sz.002225,4.9500,4.9600,4.9100,4.9300,737400,3639908.0000,3
2025-04-16,20250416103000000,sz.002225,4.9100,4.9200,4.9000,4.9100,376200,1846978.0000,3
2025-04-16,20250416103500000,sz.002225,4.9100,4.9300,4.9100,4.9100,171900,845458.0000,3
2025-04-16,20250416104000000,sz.002225,4.9100,4.9800,4.9100,4.9600,831700,4119848.0000,3
2025-04-16,20250416104500000,sz.002225,4.9500,4.9500,4.9300,4.9300,152500,753676.0000,3
2025-04-16,20250416105000000,sz.002225,4.9300,4.9400,4.9300,4.9300,51800,255618.0000,3
2025-04-16,20250416105500000,sz.002225,4.9300,4.9300,4.9100,4.9200,645900,3179338.0000,3
2025-04-16,20250416110000000,sz.002225,4.9200,4.9200,4.9000,4.9200,174000,854872.0000,3
2025-04-16,20250416110500000,sz.002225,4.9200,4.9200,4.8800,4.8900,501700,2456644.0000,3
2025-04-16,20250416111000000,sz.002225,4.8800,4.8900,4.8700,4.8900,339300,1656516.0000,3
2025-04-16,20250416111500000,sz.002225,4.9000,4.9000,4.8900,4.9000,86800,424844.0000,3
2025-04-16,20250416112000000,sz.002225,4.8900,4.8900,4.8700,4.8900,144600,705908.0000,3
2025-04-16,20250416112500000,sz.002225,4.8900,4.8900,4.8600,4.8600,165500,807380.0000,3
2025-04-16,20250416113000000,sz.002225,4.8600,4.8600,4.8200,4.8400,357700,1732344.0000,3
2025-04-16,20250416130500000,sz.002225,4.8500,4.8800,4.8300,4.8800,325000,1572960.0000,3
2025-04-16,20250416131000000,sz.002225,4.8800,4.9400,4.8600,4.9200,566500,2774144.0000,3
2025-04-16,20250416131500000,sz.002225,4.9100,4.9300,4.9100,4.9200,163700,805340.0000,3
2025-04-16,20250416132000000,sz.002225,4.9200,4.9200,4.9000,4.9100,127300,625332.0000,3
2025-04-16,20250416132500000,sz.002225,4.9100,4.9200,4.9000,4.9100,54900,269528.0000,3
2025-04-16,20250416133000000,sz.002225,4.9100,4.9300,4.9100,4.9300,175900,865208.0000,3
2025-04-16,20250416133500000,sz.002225,4.9300,4.9400,4.9300,4.9400,188100,928616.0000,3
2025-04-16,20250416134000000,sz.002225,4.9500,4.9500,4.9300,4.9300,154100,761056.0000,3
2025-04-16,20250416134500000,sz.002225,4.9200,4.9400,4.9100,4.9100,89200,439920.0000,3
2025-04-16,20250416135000000,sz.002225,4.9100,4.9200,4.9000,4.9000,290900,1426312.0000,3
2025-04-16,20250416135500000,sz.002225,4.9000,4.9300,4.9000,4.9200,293000,1436848.0000,3
2025-04-16,20250416140000000,sz.002225,4.9200,4.9200,4.8900,4.9100,331400,1624512.0000,3
2025-04-16,20250416140500000,sz.002225,4.9000,4.9300,4.9000,4.9200,114600,563384.0000,3
2025-04-16,20250416141000000,sz.002225,4.9200,4.9200,4.9000,4.9100,150000,736912.0000,3
2025-04-16,20250416141500000,sz.002225,4.9100,4.9200,4.9100,4.9200,89000,437668.0000,3
2025-04-16,20250416142000000,sz.002225,4.9100,4.9200,4.9000,4.9100,117300,575792.0000,3
2025-04-16,20250416142500000,sz.002225,4.9100,4.9100,4.8900,4.9000,155900,764048.0000,3
2025-04-16,20250416143000000,sz.002225,4.9100,4.9100,4.9000,4.9100,131700,645456.0000,3
2025-04-16,20250416143500000,sz.002225,4.9000,4.9100,4.8800,4.9000,279200,1367000.0000,3
2025-04-16,20250416144000000,sz.002225,4.9000,4.9100,4.8900,4.9000,176800,866264.0000,3
2025-04-16,20250416144500000,sz.002225,4.8900,4.9000,4.8800,4.8900,198700,972324.0000,3
2025-04-16,20250416145000000,sz.002225,4.8900,4.9200,4.8900,4.9200,375800,1843352.0000,3
2025-04-16,20250416145500000,sz.002225,4.9100,4.9200,4.9000,4.9100,234500,1151980.0000,3
2025-04-16,20250416150000000,sz.002225,4.9100,4.9200,4.9100,4.9200,194500,956756.0000,3
2025-04-17,20250417093500000,sz.002225,4.9000,4.9200,4.8600,4.9200,392300,1922912.0000,3
2025-04-17,20250417094000000,sz.002225,4.9100,4.9700,4.9100,4.9600,545900,2702810.0000,3
2025-04-17,20250417094500000,sz.002225,4.9600,4.9800,4.9600,4.9700,278900,1385560.0000,3
2025-04-17,20250417095000000,sz.002225,4.9600,4.9800,4.9600,4.9700,256600,1275652.0000,3
2025-04-17,20250417095500000,sz.002225,4.9700,4.9900,4.9700,4.9800,349100,1738580.0000,3
2025-04-17,20250417100000000,sz.002225,4.9800,4.9900,4.9600,4.9700,444400,2211140.0000,3
2025-04-17,20250417100500000,sz.002225,4.9700,4.9800,4.9700,4.9700,227200,1130013.0000,3
2025-04-17,20250417101000000,sz.002225,4.9800,4.9900,4.9700,4.9800,317500,1580671.0000,3
2025-04-17,20250417101500000,sz.002225,4.9800,4.9900,4.9700,4.9900,422200,2102981.0000,3
2025-04-17,20250417102000000,sz.002225,4.9800,5.0000,4.9800,5.0000,285200,1424513.0000,3
2025-04-17,20250417102500000,sz.002225,4.9900,5.0000,4.9900,4.9900,107900,539226.0000,3
2025-04-17,20250417103000000,sz.002225,4.9900,5.0000,4.9800,5.0000,259700,1296334.0000,3
2025-04-17,20250417103500000,sz.002225,5.0000,5.0200,5.0000,5.0000,291500,1459858.0000,3
2025-04-17,20250417104000000,sz.002225,5.0000,5.0100,4.9900,5.0000,226500,1132366.0000,3
2025-04-17,20250417104500000,sz.002225,5.0100,5.0100,5.0000,5.0100,216100,1082424.0000,3
2025-04-17,20250417105000000,sz.002225,5.0000,5.0200,5.0000,5.0200,144400,723860.0000,3
2025-04-17,20250417105500000,sz.002225,5.0100,5.0200,5.0000,5.0100,217200,1087984.0000,3
2025-04-17,20250417110000000,sz.002225,5.0100,5.0200,5.0000,5.0200,120500,603900.0000,3
2025-04-17,20250417110500000,sz.002225,5.0200,5.0200,5.0100,5.0200,204000,1023672.0000,3
2025-04-17,20250417111000000,sz.002225,5.0100,5.0200,5.0100,5.0100,92800,465364.0000,3
2025-04-17,20250417111500000,sz.002225,5.0100,5.0300,5.0100,5.0300,341100,1712220.0000,3
2025-04-17,20250417112000000,sz.002225,5.0300,5.0400,5.0300,5.0400,192900,970640.0000,3
2025-04-17,20250417112500000,sz.002225,5.0400,5.0500,5.0400,5.0500,230500,1162278.0000,3
2025-04-17,20250417113000000,sz.002225,5.0400,5.0500,5.0400,5.0500,162700,820692.0000,3
2025-04-17,20250417130500000,sz.002225,5.0500,5.0600,5.0400,5.0600,302100,1526460.0000,3
2025-04-17,20250417131000000,sz.002225,5.0600,5.0600,5.0400,5.0400,373100,1881706.0000,3
2025-04-17,20250417131500000,sz.002225,5.0300,5.0300,5.0200,5.0200,204700,1028456.0000,3
2025-04-17,20250417132000000,sz.002225,5.0200,5.0500,5.0200,5.0500,102000,513544.0000,3
2025-04-17,20250417132500000,sz.002225,5.0400,5.0500,5.0400,5.0400,68400,344888.0000,3
2025-04-17,20250417133000000,sz.002225,5.0400,5.0500,5.0400,5.0500,80400,405604.0000,3
2025-04-17,20250417133500000,sz.002225,5.0400,5.0500,5.0300,5.0400,210200,1059160.0000,3
2025-04-17,20250417134000000,sz.002225,5.0300,5.0400,5.0300,5.0400,108000,543296.0000,3
2025-04-17,20250417134500000,sz.002225,5.0300,5.0400,5.0300,5.0300,44700,225204.0000,3
2025-04-17,20250417135000000,sz.002225,5.0400,5.0400,5.0300,5.0300,154300,777360.0000,3
2025-04-17,20250417135500000,sz.002225,5.0300,5.0700,5.0300,5.0600,670800,3389220.0000,3
2025-04-17,20250417140000000,sz.002225,5.0700,5.0700,5.0500,5.0500,112900,570972.0000,3
2025-04-17,20250417140500000,sz.002225,5.0600,5.0700,5.0500,5.0700,106800,540692.0000,3
2025-04-17,20250417141000000,sz.002225,5.0600,5.0700,5.0600,5.0700,153400,776548.0000,3
2025-04-17,20250417141500000,sz.002225,5.0700,5.0700,5.0600,5.0700,165900,839572.0000,3
2025-04-17,20250417142000000,sz.002225,5.0700,5.0700,5.0600,5.0600,66700,337548.0000,3
2025-04-17,20250417142500000,sz.002225,5.0700,5.0700,5.0600,5.0700,125500,636112.0000,3
2025-04-17,20250417143000000,sz.002225,5.0600,5.0700,5.0600,5.0700,110000,556960.0000,3
2025-04-17,20250417143500000,sz.002225,5.0700,5.0700,5.0600,5.0700,228800,1159688.0000,3
2025-04-17,20250417144000000,sz.002225,5.0600,5.0700,5.0400,5.0400,624800,3159780.0000,3
2025-04-17,20250417144500000,sz.002225,5.0400,5.0500,5.0300,5.0300,284600,1434712.0000,3
2025-04-17,20250417145000000,sz.002225,5.0400,5.0500,5.0300,5.0500,110500,557052.0000,3
2025-04-17,20250417145500000,sz.002225,5.0400,5.0500,5.0400,5.0400,347600,1753800.0000,3
2025-04-17,20250417150000000,sz.002225,5.0400,5.0500,5.0200,5.0200,357100,1797232.0000,3
2025-04-18,20250418093500000,sz.002225,4.9800,5.0500,4.9600,4.9800,1154000,5759357.0000,3
2025-04-18,20250418094000000,sz.002225,4.9700,4.9800,4.9400,4.9700,631200,3130010.0000,3
2025-04-18,20250418094500000,sz.002225,4.9600,5.0200,4.9600,5.0100,435300,2176575.0000,3
2025-04-18,20250418095000000,sz.002225,5.0100,5.1400,5.0100,5.1200,1294900,6582986.0000,3
2025-04-18,20250418095500000,sz.002225,5.1100,5.1400,5.0800,5.1100,905800,4633442.0000,3
2025-04-18,20250418100000000,sz.002225,5.1100,5.1400,5.0800,5.1100,576100,2948438.0000,3
2025-04-18,20250418100500000,sz.002225,5.1100,5.1100,5.0700,5.1100,532700,2710212.0000,3
2025-04-18,20250418101000000,sz.002225,5.1100,5.1500,5.1000,5.1100,852400,4374482.0000,3
2025-04-18,20250418101500000,sz.002225,5.1000,5.1000,5.0800,5.0800,353700,1799970.0000,3
2025-04-18,20250418102000000,sz.002225,5.0900,5.0900,5.0700,5.0800,213200,1082904.0000,3
2025-04-18,20250418102500000,sz.002225,5.0800,5.0900,5.0700,5.0800,183600,932564.0000,3
2025-04-18,20250418103000000,sz.002225,5.0800,5.1100,5.0800,5.0900,465800,2374044.0000,3
2025-04-18,20250418103500000,sz.002225,5.0800,5.0800,5.0600,5.0800,446200,2261120.0000,3
2025-04-18,20250418104000000,sz.002225,5.0800,5.0800,5.0700,5.0800,104500,529876.0000,3
2025-04-18,20250418104500000,sz.002225,5.0800,5.1000,5.0700,5.0700,290500,1476100.0000,3
2025-04-18,20250418105000000,sz.002225,5.0800,5.1400,5.0700,5.1400,546900,2796404.0000,3
2025-04-18,20250418105500000,sz.002225,5.1400,5.1400,5.1000,5.1000,104100,533100.0000,3
2025-04-18,20250418110000000,sz.002225,5.1000,5.1000,5.0800,5.0800,74100,377392.0000,3
2025-04-18,20250418110500000,sz.002225,5.0800,5.0800,5.0600,5.0700,323200,1639264.0000,3
2025-04-18,20250418111000000,sz.002225,5.0700,5.0800,5.0500,5.0600,153600,777816.0000,3
2025-04-18,20250418111500000,sz.002225,5.0600,5.0700,5.0500,5.0600,162500,822312.0000,3
2025-04-18,20250418112000000,sz.002225,5.0600,5.0600,5.0300,5.0400,256500,1294756.0000,3
2025-04-18,20250418112500000,sz.002225,5.0500,5.0600,5.0400,5.0400,146200,738308.0000,3
2025-04-18,20250418113000000,sz.002225,5.0400,5.0500,5.0400,5.0400,32500,163808.0000,3
2025-04-18,20250418130500000,sz.002225,5.0400,5.0400,5.0300,5.0400,140500,707256.0000,3
2025-04-18,20250418131000000,sz.002225,5.0300,5.0500,5.0200,5.0500,207600,1045332.0000,3
2025-04-18,20250418131500000,sz.002225,5.0500,5.0600,5.0400,5.0400,76100,384360.0000,3
2025-04-18,20250418132000000,sz.002225,5.0400,5.0400,5.0200,5.0300,83500,420448.0000,3
2025-04-18,20250418132500000,sz.002225,5.0400,5.0400,5.0300,5.0400,150800,759812.0000,3
2025-04-18,20250418133000000,sz.002225,5.0500,5.0500,5.0300,5.0400,90800,458048.0000,3
2025-04-18,20250418133500000,sz.002225,5.0400,5.0500,5.0400,5.0500,141000,711408.0000,3
2025-04-18,20250418134000000,sz.002225,5.0600,5.0600,5.0400,5.0500,40900,206544.0000,3
2025-04-18,20250418134500000,sz.002225,5.0400,5.0400,5.0200,5.0200,130700,657620.0000,3
2025-04-18,20250418135000000,sz.002225,5.0300,5.0300,5.0200,5.0200,84300,423608.0000,3
2025-04-18,20250418135500000,sz.002225,5.0300,5.0500,5.0200,5.0500,324400,1632076.0000,3
2025-04-18,20250418140000000,sz.002225,5.0500,5.0600,5.0400,5.0600,99100,500464.0000,3
2025-04-18,20250418140500000,sz.002225,5.0600,5.0700,5.0500,5.0600,91000,460060.0000,3
2025-04-18,20250418141000000,sz.002225,5.0700,5.0800,5.0500,5.0700,196600,995180.0000,3
2025-04-18,20250418141500000,sz.002225,5.0800,5.0800,5.0600,5.0600,88000,446144.0000,3
2025-04-18,20250418142000000,sz.002225,5.0700,5.0700,5.0500,5.0500,48600,245876.0000,3
2025-04-18,20250418142500000,sz.002225,5.0600,5.0600,5.0200,5.0400,276300,1390788.0000,3
2025-04-18,20250418143000000,sz.002225,5.0400,5.0400,5.0200,5.0200,142200,714872.0000,3
2025-04-18,20250418143500000,sz.002225,5.0200,5.0300,5.0100,5.0200,230700,1158032.0000,3
2025-04-18,20250418144000000,sz.002225,5.0200,5.0200,5.0100,5.0200,214900,1076788.0000,3
2025-04-18,20250418144500000,sz.002225,5.0200,5.0300,5.0000,5.0300,535200,2682636.0000,3
2025-04-18,20250418145000000,sz.002225,5.0300,5.0300,5.0100,5.0100,145400,728792.0000,3
2025-04-18,20250418145500000,sz.002225,5.0100,5.0100,4.9800,4.9900,495300,2476088.0000,3
2025-04-18,20250418150000000,sz.002225,5.0000,5.0000,4.9900,4.9900,313300,1564184.0000,3
2025-04-21,20250421093500000,sz.002225,5.0800,5.0800,4.9500,5.0100,780600,3899347.0000,3
2025-04-21,20250421094000000,sz.002225,5.0100,5.0300,4.9700,5.0300,502700,2512262.0000,3
2025-04-21,20250421094500000,sz.002225,5.0200,5.1000,5.0200,5.0800,884700,4482198.0000,3
2025-04-21,20250421095000000,sz.002225,5.0800,5.1500,5.0700,5.1500,1124600,5753233.0000,3
2025-04-21,20250421095500000,sz.002225,5.1500,5.1500,5.1200,5.1300,900000,4617684.0000,3
2025-04-21,20250421100000000,sz.002225,5.1300,5.1400,5.1200,5.1300,287000,1471984.0000,3
2025-04-21,20250421100500000,sz.002225,5.1200,5.1300,5.1100,5.1100,259600,1327188.0000,3
2025-04-21,20250421101000000,sz.002225,5.1100,5.1500,5.1100,5.1500,626800,3217756.0000,3
2025-04-21,20250421101500000,sz.002225,5.1500,5.1700,5.1400,5.1500,571900,2950004.0000,3
2025-04-21,20250421102000000,sz.002225,5.1600,5.1600,5.1400,5.1600,361000,1858788.0000,3
2025-04-21,20250421102500000,sz.002225,5.1800,5.1800,5.1500,5.1600,426600,2201272.0000,3
2025-04-21,20250421103000000,sz.002225,5.1600,5.1700,5.1500,5.1700,156300,806380.0000,3
2025-04-21,20250421103500000,sz.002225,5.1700,5.1900,5.1600,5.1800,930200,4818064.0000,3
2025-04-21,20250421104000000,sz.002225,5.1800,5.2000,5.1700,5.1900,790100,4099372.0000,3
2025-04-21,20250421104500000,sz.002225,5.1900,5.1900,5.1600,5.1700,206200,1067292.0000,3
2025-04-21,20250421105000000,sz.002225,5.1800,5.1900,5.1700,5.1800,403100,2089040.0000,3
2025-04-21,20250421105500000,sz.002225,5.1900,5.1900,5.1800,5.1800,145000,751368.0000,3
2025-04-21,20250421110000000,sz.002225,5.1800,5.2000,5.1700,5.2000,351800,1825460.0000,3
2025-04-21,20250421110500000,sz.002225,5.1900,5.2000,5.1800,5.1900,161600,839052.0000,3
2025-04-21,20250421111000000,sz.002225,5.1800,5.2000,5.1700,5.1700,171500,889064.0000,3
2025-04-21,20250421111500000,sz.002225,5.1700,5.2000,5.1700,5.2000,338500,1755396.0000,3
2025-04-21,20250421112000000,sz.002225,5.2000,5.2100,5.1900,5.2100,718200,3733256.0000,3
2025-04-21,20250421112500000,sz.002225,5.2100,5.2200,5.2000,5.2100,154000,801540.0000,3
2025-04-21,20250421113000000,sz.002225,5.2000,5.2100,5.1900,5.1900,158400,823772.0000,3
2025-04-21,20250421130500000,sz.002225,5.2000,5.2000,5.1700,5.1700,206100,1068912.0000,3
2025-04-21,20250421131000000,sz.002225,5.1700,5.1700,5.1500,5.1700,392800,2026520.0000,3
2025-04-21,20250421131500000,sz.002225,5.1700,5.1900,5.1600,5.1700,93400,483492.0000,3
2025-04-21,20250421132000000,sz.002225,5.1700,5.1700,5.1600,5.1700,87500,452260.0000,3
2025-04-21,20250421132500000,sz.002225,5.1700,5.1900,5.1700,5.1800,192700,997532.0000,3
2025-04-21,20250421133000000,sz.002225,5.1800,5.1800,5.1700,5.1700,58900,304864.0000,3
2025-04-21,20250421133500000,sz.002225,5.1800,5.1800,5.1700,5.1800,120300,622956.0000,3
2025-04-21,20250421134000000,sz.002225,5.1800,5.1800,5.1700,5.1700,69500,359700.0000,3
2025-04-21,20250421134500000,sz.002225,5.1800,5.1900,5.1600,5.1900,287500,1487024.0000,3
2025-04-21,20250421135000000,sz.002225,5.1800,5.1900,5.1800,5.1900,45100,233640.0000,3
2025-04-21,20250421135500000,sz.002225,5.1900,5.1900,5.1800,5.1900,108900,565016.0000,3
2025-04-21,20250421140000000,sz.002225,5.1900,5.1900,5.1800,5.1900,70100,363376.0000,3
2025-04-21,20250421140500000,sz.002225,5.1900,5.2000,5.1800,5.1900,255900,1328184.0000,3
2025-04-21,20250421141000000,sz.002225,5.2000,5.2000,5.1800,5.2000,196600,1020536.0000,3
2025-04-21,20250421141500000,sz.002225,5.1900,5.2100,5.1900,5.2000,798100,4148152.0000,3
2025-04-21,20250421142000000,sz.002225,5.2100,5.2100,5.2000,5.2100,358300,1863704.0000,3
2025-04-21,20250421142500000,sz.002225,5.2100,5.2500,5.2000,5.2500,804200,4202232.0000,3
2025-04-21,20250421143000000,sz.002225,5.2500,5.2600,5.2300,5.2500,983000,5157232.0000,3
2025-04-21,20250421143500000,sz.002225,5.2400,5.2500,5.2300,5.2500,459300,2405400.0000,3
2025-04-21,20250421144000000,sz.002225,5.2400,5.2500,5.2300,5.2500,325100,1704640.0000,3
2025-04-21,20250421144500000,sz.002225,5.2500,5.2500,5.2300,5.2300,254100,1331552.0000,3
2025-04-21,20250421145000000,sz.002225,5.2300,5.2500,5.2300,5.2500,454700,2383448.0000,3
2025-04-21,20250421145500000,sz.002225,5.2400,5.2500,5.2400,5.2500,294600,1545336.0000,3
2025-04-21,20250421150000000,sz.002225,5.2400,5.2400,5.2300,5.2400,442700,2319408.0000,3
2025-04-22,20250422093500000,sz.002225,5.2500,5.3400,5.2500,5.2800,2457500,13005453.0000,3
2025-04-22,20250422094000000,sz.002225,5.2700,5.2900,5.2600,5.2600,745700,3932931.0000,3
2025-04-22,20250422094500000,sz.002225,5.2600,5.2900,5.2500,5.2900,444600,2343112.0000,3
2025-04-22,20250422095000000,sz.002225,5.2900,5.2900,5.2500,5.2600,524900,2763404.0000,3
2025-04-22,20250422095500000,sz.002225,5.2500,5.2700,5.2300,5.2400,358800,1883608.0000,3
2025-04-22,20250422100000000,sz.002225,5.2400,5.2600,5.2300,5.2600,551700,2892124.0000,3
2025-04-22,20250422100500000,sz.002225,5.2500,5.2600,5.2200,5.2400,467800,2449232.0000,3
2025-04-22,20250422101000000,sz.002225,5.2400,5.2600,5.2400,5.2500,247100,1296876.0000,3
2025-04-22,20250422101500000,sz.002225,5.2400,5.2600,5.2400,5.2400,107700,565184.0000,3
2025-04-22,20250422102000000,sz.002225,5.2400,5.2600,5.2400,5.2600,281800,1478744.0000,3
2025-04-22,20250422102500000,sz.002225,5.2500,5.2600,5.2500,5.2500,173600,913076.0000,3
2025-04-22,20250422103000000,sz.002225,5.2500,5.2500,5.2400,5.2400,254700,1335960.0000,3
2025-04-22,20250422103500000,sz.002225,5.2400,5.2600,5.2400,5.2500,121400,637376.0000,3
2025-04-22,20250422104000000,sz.002225,5.2600,5.2600,5.2400,5.2500,173600,910816.0000,3
2025-04-22,20250422104500000,sz.002225,5.2400,5.2500,5.2300,5.2400,285800,1496620.0000,3
2025-04-22,20250422105000000,sz.002225,5.2300,5.2800,5.2300,5.2800,700900,3678616.0000,3
2025-04-22,20250422105500000,sz.002225,5.2900,5.3800,5.2800,5.2800,2361800,12598572.0000,3
2025-04-22,20250422110000000,sz.002225,5.2900,5.3100,5.2900,5.3000,289900,1535712.0000,3
2025-04-22,20250422110500000,sz.002225,5.3100,5.3400,5.3000,5.3400,1018100,5423120.0000,3
2025-04-22,20250422111000000,sz.002225,5.3400,5.3600,5.3200,5.3400,364300,1946720.0000,3
2025-04-22,20250422111500000,sz.002225,5.3400,5.3400,5.3300,5.3300,119400,636840.0000,3
2025-04-22,20250422112000000,sz.002225,5.3300,5.3400,5.3200,5.3200,129200,688232.0000,3
2025-04-22,20250422112500000,sz.002225,5.3300,5.3400,5.3200,5.3300,205300,1094076.0000,3
2025-04-22,20250422113000000,sz.002225,5.3300,5.3300,5.2900,5.2900,278400,1479808.0000,3
2025-04-22,20250422130500000,sz.002225,5.2900,5.3000,5.2600,5.2800,425000,2244620.0000,3
2025-04-22,20250422131000000,sz.002225,5.2800,5.2900,5.2700,5.2700,153700,810704.0000,3
2025-04-22,20250422131500000,sz.002225,5.2700,5.2700,5.2600,5.2700,141500,745120.0000,3
2025-04-22,20250422132000000,sz.002225,5.2600,5.2800,5.2600,5.2700,167600,882712.0000,3
2025-04-22,20250422132500000,sz.002225,5.2700,5.2700,5.2600,5.2700,53900,283832.0000,3
2025-04-22,20250422133000000,sz.002225,5.2600,5.2800,5.2600,5.2700,107300,564776.0000,3
2025-04-22,20250422133500000,sz.002225,5.2700,5.2900,5.2700,5.2800,83800,442496.0000,3
2025-04-22,20250422134000000,sz.002225,5.2900,5.2900,5.2700,5.2800,35700,188592.0000,3
2025-04-22,20250422134500000,sz.002225,5.2800,5.2800,5.2700,5.2700,71800,378528.0000,3
2025-04-22,20250422135000000,sz.002225,5.2800,5.2800,5.2500,5.2500,164300,864848.0000,3
2025-04-22,20250422135500000,sz.002225,5.2600,5.2700,5.2500,5.2700,260300,1369424.0000,3
2025-04-22,20250422140000000,sz.002225,5.2700,5.2900,5.2600,5.2900,139600,736304.0000,3
2025-04-22,20250422140500000,sz.002225,5.2800,5.2900,5.2700,5.2900,126400,667408.0000,3
2025-04-22,20250422141000000,sz.002225,5.2800,5.2900,5.2800,5.2900,85500,452184.0000,3
2025-04-22,20250422141500000,sz.002225,5.2900,5.3000,5.2800,5.2900,94000,497304.0000,3
2025-04-22,20250422142000000,sz.002225,5.2900,5.3100,5.2800,5.2800,597800,3165912.0000,3
2025-04-22,20250422142500000,sz.002225,5.2800,5.2900,5.2800,5.2900,47900,253312.0000,3
2025-04-22,20250422143000000,sz.002225,5.2900,5.2900,5.2800,5.2900,69200,365504.0000,3
2025-04-22,20250422143500000,sz.002225,5.2900,5.2900,5.2700,5.2800,77000,406544.0000,3
2025-04-22,20250422144000000,sz.002225,5.2700,5.2800,5.2700,5.2700,156900,828024.0000,3
2025-04-22,20250422144500000,sz.002225,5.2700,5.2800,5.2700,5.2700,272200,1435192.0000,3
2025-04-22,20250422145000000,sz.002225,5.2800,5.2800,5.2700,5.2700,246900,1301904.0000,3
2025-04-22,20250422145500000,sz.002225,5.2800,5.2900,5.2700,5.2900,469500,2478392.0000,3
2025-04-22,20250422150000000,sz.002225,5.2700,5.3000,5.2700,5.2800,391400,2066688.0000,3
2025-04-23,20250423093500000,sz.002225,5.3200,5.3700,5.3000,5.3400,1592600,8500034.0000,3
2025-04-23,20250423094000000,sz.002225,5.3400,5.3500,5.3100,5.3200,910100,4851130.0000,3
2025-04-23,20250423094500000,sz.002225,5.3200,5.3200,5.3000,5.3100,326200,1732295.0000,3
2025-04-23,20250423095000000,sz.002225,5.3200,5.3300,5.3100,5.3200,245100,1303828.0000,3
2025-04-23,20250423095500000,sz.002225,5.3200,5.3300,5.3000,5.3000,406900,2161583.0000,3
2025-04-23,20250423100000000,sz.002225,5.3100,5.3300,5.3000,5.3300,299500,1592878.0000,3
2025-04-23,20250423100500000,sz.002225,5.3300,5.4300,5.3100,5.4200,1723900,9266926.0000,3
2025-04-23,20250423101000000,sz.002225,5.4200,5.4200,5.3700,5.3900,686600,3698218.0000,3
2025-04-23,20250423101500000,sz.002225,5.3900,5.4000,5.3500,5.3700,465300,2499544.0000,3
2025-04-23,20250423102000000,sz.002225,5.3700,5.3800,5.3400,5.3500,285800,1532112.0000,3
2025-04-23,20250423102500000,sz.002225,5.3600,5.3700,5.3500,5.3600,206200,1105292.0000,3
2025-04-23,20250423103000000,sz.002225,5.3700,5.3800,5.3600,5.3800,174800,939704.0000,3
2025-04-23,20250423103500000,sz.002225,5.3800,5.3800,5.3600,5.3600,301200,1618728.0000,3
2025-04-23,20250423104000000,sz.002225,5.3600,5.3700,5.3500,5.3600,89300,478868.0000,3
2025-04-23,20250423104500000,sz.002225,5.3700,5.3700,5.3600,5.3700,43900,235700.0000,3
2025-04-23,20250423105000000,sz.002225,5.3700,5.3700,5.3600,5.3600,70000,375728.0000,3
2025-04-23,20250423105500000,sz.002225,5.3600,5.3700,5.3400,5.3500,317500,1700732.0000,3
2025-04-23,20250423110000000,sz.002225,5.3500,5.3600,5.3400,5.3500,95400,510364.0000,3
2025-04-23,20250423110500000,sz.002225,5.3400,5.3500,5.3300,5.3400,212700,1136324.0000,3
2025-04-23,20250423111000000,sz.002225,5.3500,5.3500,5.3400,5.3500,76500,409148.0000,3
2025-04-23,20250423111500000,sz.002225,5.3500,5.3600,5.3300,5.3300,349400,1866492.0000,3
2025-04-23,20250423112000000,sz.002225,5.3400,5.3500,5.3300,5.3500,108700,580968.0000,3
2025-04-23,20250423112500000,sz.002225,5.3600,5.3900,5.3500,5.3900,525800,2824772.0000,3
2025-04-23,20250423113000000,sz.002225,5.3800,5.3800,5.3700,5.3800,90000,484016.0000,3
2025-04-23,20250423130500000,sz.002225,5.3700,5.3800,5.3700,5.3800,172400,926432.0000,3
2025-04-23,20250423131000000,sz.002225,5.3700,5.3800,5.3600,5.3600,168800,905616.0000,3
2025-04-23,20250423131500000,sz.002225,5.3600,5.4200,5.3600,5.4100,701500,3788784.0000,3
2025-04-23,20250423132000000,sz.002225,5.4200,5.4300,5.3900,5.4000,518700,2810084.0000,3
2025-04-23,20250423132500000,sz.002225,5.4000,5.4100,5.3900,5.3900,134100,723740.0000,3
2025-04-23,20250423133000000,sz.002225,5.4000,5.4100,5.3900,5.4000,291700,1574432.0000,3
2025-04-23,20250423133500000,sz.002225,5.4100,5.4100,5.3800,5.4000,281100,1518716.0000,3
2025-04-23,20250423134000000,sz.002225,5.4000,5.4100,5.3900,5.4000,177400,958328.0000,3
2025-04-23,20250423134500000,sz.002225,5.4000,5.4100,5.3800,5.4000,268000,1445536.0000,3
2025-04-23,20250423135000000,sz.002225,5.3900,5.4000,5.3800,5.3900,213800,1152292.0000,3
2025-04-23,20250423135500000,sz.002225,5.3900,5.4000,5.3700,5.3700,206200,1109128.0000,3
2025-04-23,20250423140000000,sz.002225,5.3700,5.4000,5.3700,5.3700,304700,1637760.0000,3
2025-04-23,20250423140500000,sz.002225,5.3700,5.4000,5.3600,5.3800,392900,2110624.0000,3
2025-04-23,20250423141000000,sz.002225,5.3600,5.3800,5.3400,5.3500,448800,2401344.0000,3
2025-04-23,20250423141500000,sz.002225,5.3400,5.3600,5.3300,5.3600,147600,789152.0000,3
2025-04-23,20250423142000000,sz.002225,5.3500,5.3600,5.3400,5.3500,121700,651544.0000,3
2025-04-23,20250423142500000,sz.002225,5.3700,5.3700,5.3500,5.3600,137800,738136.0000,3
2025-04-23,20250423143000000,sz.002225,5.3600,5.3800,5.3500,5.3800,118200,633920.0000,3
2025-04-23,20250423143500000,sz.002225,5.3700,5.3800,5.3600,5.3700,181300,973160.0000,3
2025-04-23,20250423144000000,sz.002225,5.3700,5.3800,5.3500,5.3700,373700,2005848.0000,3
2025-04-23,20250423144500000,sz.002225,5.3700,5.3800,5.3600,5.3800,312000,1675336.0000,3
2025-04-23,20250423145000000,sz.002225,5.3700,5.3800,5.3600,5.3800,214800,1154232.0000,3
2025-04-23,20250423145500000,sz.002225,5.3800,5.3800,5.3700,5.3700,424800,2283928.0000,3
2025-04-23,20250423150000000,sz.002225,5.3700,5.3800,5.3600,5.3700,194900,1046488.0000,3
2025-04-24,20250424093500000,sz.002225,5.3200,5.3900,5.3200,5.3300,1382300,7385252.0000,3
2025-04-24,20250424094000000,sz.002225,5.3300,5.3700,5.3000,5.3600,744600,3964573.0000,3
2025-04-24,20250424094500000,sz.002225,5.3700,5.3800,5.3200,5.3300,725600,3873818.0000,3
2025-04-24,20250424095000000,sz.002225,5.3300,5.3700,5.3200,5.3500,535700,2862011.0000,3
2025-04-24,20250424095500000,sz.002225,5.3500,5.3500,5.3300,5.3300,242200,1291616.0000,3
2025-04-24,20250424100000000,sz.002225,5.3200,5.3400,5.3200,5.3300,168800,899640.0000,3
2025-04-24,20250424100500000,sz.002225,5.3400,5.3600,5.3400,5.3500,130500,697708.0000,3
2025-04-24,20250424101000000,sz.002225,5.3500,5.3600,5.3400,5.3500,121600,650296.0000,3
2025-04-24,20250424101500000,sz.002225,5.3600,5.3600,5.3400,5.3400,145400,776942.0000,3
2025-04-24,20250424102000000,sz.002225,5.3400,5.3400,5.3300,5.3300,11400,60860.0000,3
2025-04-24,20250424102500000,sz.002225,5.3300,5.3400,5.3300,5.3300,53200,283642.0000,3
2025-04-24,20250424103000000,sz.002225,5.3300,5.3400,5.3200,5.3300,161100,858476.0000,3
2025-04-24,20250424103500000,sz.002225,5.3200,5.3300,5.3000,5.3000,141200,750274.0000,3
2025-04-24,20250424104000000,sz.002225,5.3100,5.3100,5.3000,5.3000,86300,457860.0000,3
2025-04-24,20250424104500000,sz.002225,5.3000,5.3100,5.2900,5.2900,275900,1462518.0000,3
2025-04-24,20250424105000000,sz.002225,5.3000,5.3100,5.2900,5.3100,238700,1265094.0000,3
2025-04-24,20250424105500000,sz.002225,5.3000,5.3100,5.2800,5.2800,256200,1353684.0000,3
2025-04-24,20250424110000000,sz.002225,5.2700,5.2800,5.2600,5.2600,490400,2582164.0000,3
2025-04-24,20250424110500000,sz.002225,5.2600,5.2800,5.2400,5.2600,791100,4158172.0000,3
2025-04-24,20250424111000000,sz.002225,5.2600,5.2600,5.2200,5.2200,392100,2049464.0000,3
2025-04-24,20250424111500000,sz.002225,5.2200,5.2400,5.2100,5.2300,233500,1220456.0000,3
2025-04-24,20250424112000000,sz.002225,5.2300,5.2300,5.2000,5.2200,118800,619624.0000,3
2025-04-24,20250424112500000,sz.002225,5.2100,5.2300,5.2000,5.2200,331700,1729100.0000,3
2025-04-24,20250424113000000,sz.002225,5.2200,5.2400,5.2000,5.2000,423900,2210764.0000,3
2025-04-24,20250424130500000,sz.002225,5.2100,5.2400,5.2100,5.2300,223200,1166476.0000,3
2025-04-24,20250424131000000,sz.002225,5.2200,5.2400,5.2200,5.2200,227600,1190020.0000,3
2025-04-24,20250424131500000,sz.002225,5.2200,5.2300,5.2100,5.2200,560700,2926900.0000,3
2025-04-24,20250424132000000,sz.002225,5.2200,5.2300,5.2200,5.2200,132800,693300.0000,3
2025-04-24,20250424132500000,sz.002225,5.2200,5.2400,5.2200,5.2400,169000,884272.0000,3
2025-04-24,20250424133000000,sz.002225,5.2300,5.2400,5.2300,5.2400,55400,290224.0000,3
2025-04-24,20250424133500000,sz.002225,5.2400,5.2500,5.2300,5.2500,163900,859584.0000,3
2025-04-24,20250424134000000,sz.002225,5.2400,5.2600,5.2400,5.2600,91800,482268.0000,3
2025-04-24,20250424134500000,sz.002225,5.2600,5.2700,5.2400,5.2400,115800,608204.0000,3
2025-04-24,20250424135000000,sz.002225,5.2500,5.2600,5.2400,5.2500,126500,663760.0000,3
2025-04-24,20250424135500000,sz.002225,5.2500,5.2600,5.2400,5.2500,84000,440832.0000,3
2025-04-24,20250424140000000,sz.002225,5.2600,5.2600,5.2400,5.2400,57100,299436.0000,3
2025-04-24,20250424140500000,sz.002225,5.2500,5.2500,5.2200,5.2300,161000,842288.0000,3
2025-04-24,20250424141000000,sz.002225,5.2200,5.2400,5.2200,5.2300,57500,300692.0000,3
2025-04-24,20250424141500000,sz.002225,5.2300,5.2400,5.2200,5.2200,72000,376232.0000,3
2025-04-24,20250424142000000,sz.002225,5.2300,5.2400,5.2200,5.2300,86600,453044.0000,3
2025-04-24,20250424142500000,sz.002225,5.2300,5.2400,5.2200,5.2400,102800,537724.0000,3
2025-04-24,20250424143000000,sz.002225,5.2400,5.2400,5.2300,5.2400,61300,320752.0000,3
2025-04-24,20250424143500000,sz.002225,5.2400,5.2500,5.2300,5.2400,276400,1447692.0000,3
2025-04-24,20250424144000000,sz.002225,5.2500,5.2500,5.2300,5.2400,97200,509420.0000,3
2025-04-24,20250424144500000,sz.002225,5.2300,5.2500,5.2300,5.2400,158100,827744.0000,3
2025-04-24,20250424145000000,sz.002225,5.2400,5.2500,5.2300,5.2400,241400,1264352.0000,3
2025-04-24,20250424145500000,sz.002225,5.2400,5.2500,5.2200,5.2300,205000,1072708.0000,3
2025-04-24,20250424150000000,sz.002225,5.2200,5.2400,5.2200,5.2400,259600,1358340.0000,3
2025-04-25,20250425093500000,sz.002225,5.3000,5.3000,5.2600,5.2900,508900,2686331.0000,3
2025-04-25,20250425094000000,sz.002225,5.2900,5.3000,5.2800,5.2800,294300,1556875.0000,3
2025-04-25,20250425094500000,sz.002225,5.2800,5.3100,5.2700,5.2700,509000,2690412.0000,3
2025-04-25,20250425095000000,sz.002225,5.2700,5.2800,5.2600,5.2700,135300,713041.0000,3
2025-04-25,20250425095500000,sz.002225,5.2700,5.3100,5.2600,5.3000,446100,2359857.0000,3
2025-04-25,20250425100000000,sz.002225,5.3000,5.3000,5.2800,5.2900,91900,486195.0000,3
2025-04-25,20250425100500000,sz.002225,5.3000,5.3100,5.2900,5.3100,327700,1736798.0000,3
2025-04-25,20250425101000000,sz.002225,5.3200,5.3600,5.3000,5.3500,842100,4498210.0000,3
2025-04-25,20250425101500000,sz.002225,5.3500,5.3600,5.3400,5.3400,218600,1168981.0000,3
2025-04-25,20250425102000000,sz.002225,5.3400,5.3900,5.3400,5.3600,727800,3907624.0000,3
2025-04-25,20250425102500000,sz.002225,5.3600,5.3800,5.3500,5.3700,369200,1980968.0000,3
2025-04-25,20250425103000000,sz.002225,5.3700,5.3700,5.3500,5.3700,214800,1151270.0000,3
2025-04-25,20250425103500000,sz.002225,5.3700,5.3800,5.3500,5.3600,431100,2314050.0000,3
2025-04-25,20250425104000000,sz.002225,5.3600,5.3600,5.3500,5.3500,116800,625608.0000,3
2025-04-25,20250425104500000,sz.002225,5.3600,5.3600,5.3400,5.3500,154700,827584.0000,3
2025-04-25,20250425105000000,sz.002225,5.3400,5.3500,5.3400,5.3500,24700,132104.0000,3
2025-04-25,20250425105500000,sz.002225,5.3500,5.3800,5.3400,5.3500,294100,1575708.0000,3
2025-04-25,20250425110000000,sz.002225,5.3600,5.3700,5.3500,5.3600,112800,604984.0000,3
2025-04-25,20250425110500000,sz.002225,5.3600,5.3700,5.3500,5.3700,55000,294972.0000,3
2025-04-25,20250425111000000,sz.002225,5.3800,5.3800,5.3500,5.3600,155800,836172.0000,3
2025-04-25,20250425111500000,sz.002225,5.3600,5.3600,5.3500,5.3600,22200,118944.0000,3
2025-04-25,20250425112000000,sz.002225,5.3500,5.3600,5.3300,5.3400,121000,646752.0000,3
2025-04-25,20250425112500000,sz.002225,5.3400,5.3500,5.3300,5.3400,62500,333740.0000,3
2025-04-25,20250425113000000,sz.002225,5.3400,5.3500,5.3300,5.3500,45600,243636.0000,3
2025-04-25,20250425130500000,sz.002225,5.3600,5.3800,5.3400,5.3600,521500,2794760.0000,3
2025-04-25,20250425131000000,sz.002225,5.3600,5.3900,5.3600,5.3900,705400,3795684.0000,3
2025-04-25,20250425131500000,sz.002225,5.3800,5.3800,5.3600,5.3600,222800,1197900.0000,3
2025-04-25,20250425132000000,sz.002225,5.3600,5.3700,5.3500,5.3600,237900,1275360.0000,3
2025-04-25,20250425132500000,sz.002225,5.3600,5.3700,5.3600,5.3600,185600,994976.0000,3
2025-04-25,20250425133000000,sz.002225,5.3700,5.3900,5.3700,5.3800,247500,1331016.0000,3
2025-04-25,20250425133500000,sz.002225,5.3900,5.3900,5.3800,5.3800,126000,678248.0000,3
2025-04-25,20250425134000000,sz.002225,5.3800,5.3800,5.3700,5.3800,68500,368080.0000,3
2025-04-25,20250425134500000,sz.002225,5.3800,5.3900,5.3700,5.3700,168100,904648.0000,3
2025-04-25,20250425135000000,sz.002225,5.3800,5.3800,5.3700,5.3800,8800,47288.0000,3
2025-04-25,20250425135500000,sz.002225,5.3800,5.3800,5.3700,5.3800,16100,86536.0000,3
2025-04-25,20250425140000000,sz.002225,5.3700,5.3800,5.3600,5.3700,144900,777336.0000,3
2025-04-25,20250425140500000,sz.002225,5.3600,5.3700,5.3600,5.3600,71400,382704.0000,3
2025-04-25,20250425141000000,sz.002225,5.3600,5.3700,5.3500,5.3500,509400,2729412.0000,3
2025-04-25,20250425141500000,sz.002225,5.3600,5.3600,5.3500,5.3600,100900,539964.0000,3
2025-04-25,20250425142000000,sz.002225,5.3500,5.3700,5.3500,5.3600,149100,799084.0000,3
2025-04-25,20250425142500000,sz.002225,5.3700,5.3700,5.3600,5.3700,30400,163204.0000,3
2025-04-25,20250425143000000,sz.002225,5.3700,5.3700,5.3600,5.3600,58300,312844.0000,3
2025-04-25,20250425143500000,sz.002225,5.3600,5.3700,5.3600,5.3700,214200,1150188.0000,3
2025-04-25,20250425144000000,sz.002225,5.3600,5.3700,5.3500,5.3500,116600,624484.0000,3
2025-04-25,20250425144500000,sz.002225,5.3600,5.3600,5.3400,5.3400,180600,965292.0000,3
2025-04-25,20250425145000000,sz.002225,5.3400,5.3500,5.3300,5.3300,266000,1422084.0000,3
2025-04-25,20250425145500000,sz.002225,5.3400,5.3500,5.3300,5.3300,417500,2228520.0000,3
2025-04-25,20250425150000000,sz.002225,5.3300,5.3400,5.3200,5.3300,430300,2293780.0000,3
2025-04-28,20250428093500000,sz.002225,5.3000,5.3400,5.2700,5.3200,871900,4613128.0000,3
2025-04-28,20250428094000000,sz.002225,5.3100,5.3100,5.2400,5.2600,793400,4179339.0000,3
2025-04-28,20250428094500000,sz.002225,5.2400,5.3000,5.2400,5.3000,399600,2107538.0000,3
2025-04-28,20250428095000000,sz.002225,5.3000,5.3200,5.2800,5.2800,307700,1630478.0000,3
2025-04-28,20250428095500000,sz.002225,5.2800,5.3000,5.2600,5.2700,317600,1677824.0000,3
2025-04-28,20250428100000000,sz.002225,5.2700,5.3000,5.2600,5.2900,248500,1311530.0000,3
2025-04-28,20250428100500000,sz.002225,5.3000,5.3300,5.2800,5.3200,257900,1369069.0000,3
2025-04-28,20250428101000000,sz.002225,5.3200,5.3400,5.3100,5.3200,458200,2433990.0000,3
2025-04-28,20250428101500000,sz.002225,5.3200,5.3200,5.3000,5.3100,133800,710352.0000,3
2025-04-28,20250428102000000,sz.002225,5.3100,5.3100,5.2900,5.2900,202100,1070776.0000,3
2025-04-28,20250428102500000,sz.002225,5.3000,5.3000,5.2700,5.2800,121900,644120.0000,3
2025-04-28,20250428103000000,sz.002225,5.2800,5.2800,5.2600,5.2700,367300,1933340.0000,3
2025-04-28,20250428103500000,sz.002225,5.2700,5.2800,5.2600,5.2600,187700,988472.0000,3
2025-04-28,20250428104000000,sz.002225,5.2600,5.2900,5.2600,5.2900,113700,600494.0000,3
2025-04-28,20250428104500000,sz.002225,5.2900,5.2900,5.2700,5.2800,43100,227496.0000,3
2025-04-28,20250428105000000,sz.002225,5.2800,5.2900,5.2500,5.2600,408900,2152188.0000,3
2025-04-28,20250428105500000,sz.002225,5.2600,5.2600,5.2300,5.2400,335800,1759886.0000,3
2025-04-28,20250428110000000,sz.002225,5.2300,5.2400,5.2000,5.2300,635000,3311844.0000,3
2025-04-28,20250428110500000,sz.002225,5.2300,5.2300,5.1800,5.1900,1405100,7307952.0000,3
2025-04-28,20250428111000000,sz.002225,5.2100,5.2100,5.1800,5.1900,446800,2320108.0000,3
2025-04-28,20250428111500000,sz.002225,5.2000,5.2100,5.1900,5.2000,279700,1454100.0000,3
2025-04-28,20250428112000000,sz.002225,5.2000,5.2000,5.1800,5.1900,245500,1273740.0000,3
2025-04-28,20250428112500000,sz.002225,5.1900,5.2000,5.1800,5.1800,292300,1515880.0000,3
2025-04-28,20250428113000000,sz.002225,5.1700,5.1900,5.1700,5.1900,172900,895048.0000,3
2025-04-28,20250428130500000,sz.002225,5.1900,5.2100,5.1900,5.2100,404700,2104060.0000,3
2025-04-28,20250428131000000,sz.002225,5.2000,5.2100,5.1800,5.1900,166100,862848.0000,3
2025-04-28,20250428131500000,sz.002225,5.1900,5.2000,5.1900,5.2000,271100,1409048.0000,3
2025-04-28,20250428132000000,sz.002225,5.2000,5.2000,5.1700,5.1800,400000,2072656.0000,3
2025-04-28,20250428132500000,sz.002225,5.1800,5.1800,5.1700,5.1800,136800,708452.0000,3
2025-04-28,20250428133000000,sz.002225,5.1800,5.2000,5.1800,5.2000,501800,2607964.0000,3
2025-04-28,20250428133500000,sz.002225,5.2000,5.2000,5.1800,5.1900,497800,2580712.0000,3
2025-04-28,20250428134000000,sz.002225,5.1900,5.1900,5.1800,5.1800,42800,221904.0000,3
2025-04-28,20250428134500000,sz.002225,5.1900,5.1900,5.1800,5.1800,156600,811536.0000,3
2025-04-28,20250428135000000,sz.002225,5.1800,5.1800,5.1700,5.1700,141600,732696.0000,3
2025-04-28,20250428135500000,sz.002225,5.1800,5.1800,5.1700,5.1800,52800,273484.0000,3
2025-04-28,20250428140000000,sz.002225,5.1800,5.1800,5.1600,5.1700,360400,1862788.0000,3
2025-04-28,20250428140500000,sz.002225,5.1700,5.1800,5.1600,5.1600,328400,1697840.0000,3
2025-04-28,20250428141000000,sz.002225,5.1700,5.1700,5.1600,5.1700,78100,403340.0000,3
2025-04-28,20250428141500000,sz.002225,5.1600,5.1700,5.1600,5.1700,152200,785428.0000,3
2025-04-28,20250428142000000,sz.002225,5.1700,5.1800,5.1600,5.1700,426300,2203344.0000,3
2025-04-28,20250428142500000,sz.002225,5.1700,5.1700,5.1600,5.1600,136400,705032.0000,3
2025-04-28,20250428143000000,sz.002225,5.1700,5.1700,5.1600,5.1700,109700,566104.0000,3
2025-04-28,20250428143500000,sz.002225,5.1700,5.1700,5.1400,5.1400,331800,1709736.0000,3
2025-04-28,20250428144000000,sz.002225,5.1500,5.1500,5.1400,5.1500,224300,1153784.0000,3
2025-04-28,20250428144500000,sz.002225,5.1500,5.1500,5.1300,5.1500,289000,1485000.0000,3
2025-04-28,20250428145000000,sz.002225,5.1500,5.1500,5.1400,5.1500,418200,2152704.0000,3
2025-04-28,20250428145500000,sz.002225,5.1500,5.1500,5.1300,5.1400,247000,1270080.0000,3
2025-04-28,20250428150000000,sz.002225,5.1400,5.1500,5.1300,5.1500,283000,1453848.0000,3
2025-04-29,20250429093500000,sz.002225,5.1100,5.1500,5.0400,5.0700,1880300,9568238.0000,3
2025-04-29,20250429094000000,sz.002225,5.0900,5.1000,5.0800,5.1000,379000,1929766.0000,3
2025-04-29,20250429094500000,sz.002225,5.1000,5.1500,5.0800,5.1400,547100,2803801.0000,3
2025-04-29,20250429095000000,sz.002225,5.1500,5.1500,5.1300,5.1400,263700,1356237.0000,3
2025-04-29,20250429095500000,sz.002225,5.1500,5.1600,5.1100,5.1100,658900,3379290.0000,3
2025-04-29,20250429100000000,sz.002225,5.1100,5.1100,5.0900,5.0900,366100,1867466.0000,3
2025-04-29,20250429100500000,sz.002225,5.0900,5.1300,5.0900,5.1300,373100,1905498.0000,3
2025-04-29,20250429101000000,sz.002225,5.1200,5.1500,5.1200,5.1500,468900,2405712.0000,3
2025-04-29,20250429101500000,sz.002225,5.1500,5.1600,5.1300,5.1500,494800,2546156.0000,3
2025-04-29,20250429102000000,sz.002225,5.1500,5.1600,5.1500,5.1600,266900,1376524.0000,3
2025-04-29,20250429102500000,sz.002225,5.1500,5.2000,5.1500,5.1800,1428600,7380544.0000,3
2025-04-29,20250429103000000,sz.002225,5.1800,5.1800,5.1300,5.1400,872800,4494544.0000,3
2025-04-29,20250429103500000,sz.002225,5.1500,5.1500,5.1200,5.1200,261400,1341976.0000,3
2025-04-29,20250429104000000,sz.002225,5.1200,5.1300,5.0900,5.0900,428400,2188848.0000,3
2025-04-29,20250429104500000,sz.002225,5.1000,5.1100,5.0900,5.1100,234000,1192704.0000,3
2025-04-29,20250429105000000,sz.002225,5.1000,5.1200,5.1000,5.1100,270200,1380520.0000,3
2025-04-29,20250429105500000,sz.002225,5.1100,5.1400,5.1000,5.1300,400500,2050564.0000,3
2025-04-29,20250429110000000,sz.002225,5.1200,5.1300,5.1100,5.1300,210900,1080720.0000,3
2025-04-29,20250429110500000,sz.002225,5.1300,5.1300,5.1000,5.1200,230300,1178084.0000,3
2025-04-29,20250429111000000,sz.002225,5.1200,5.1400,5.1100,5.1200,309200,1583064.0000,3
2025-04-29,20250429111500000,sz.002225,5.1300,5.1300,5.1000,5.1200,209300,1070920.0000,3
2025-04-29,20250429112000000,sz.002225,5.1100,5.1300,5.1000,5.1100,210900,1078596.0000,3
2025-04-29,20250429112500000,sz.002225,5.1100,5.1300,5.1100,5.1100,180200,921848.0000,3
2025-04-29,20250429113000000,sz.002225,5.1100,5.1300,5.1000,5.1000,158000,808188.0000,3
2025-04-29,20250429130500000,sz.002225,5.1300,5.1300,5.1100,5.1200,262800,1344216.0000,3
2025-04-29,20250429131000000,sz.002225,5.1100,5.1300,5.1000,5.1300,257100,1315736.0000,3
2025-04-29,20250429131500000,sz.002225,5.1300,5.1300,5.1100,5.1100,115900,593168.0000,3
2025-04-29,20250429132000000,sz.002225,5.1100,5.1200,5.0900,5.0900,370800,1890784.0000,3
2025-04-29,20250429132500000,sz.002225,5.0900,5.1000,5.0900,5.1000,353000,1798976.0000,3
2025-04-29,20250429133000000,sz.002225,5.1000,5.1000,5.0900,5.1000,87100,443544.0000,3
2025-04-29,20250429133500000,sz.002225,5.1000,5.1000,5.0600,5.0600,522900,2653920.0000,3
2025-04-29,20250429134000000,sz.002225,5.0600,5.0700,5.0600,5.0700,279900,1417840.0000,3
2025-04-29,20250429134500000,sz.002225,5.0700,5.0700,5.0500,5.0600,443000,2241256.0000,3
2025-04-29,20250429135000000,sz.002225,5.0700,5.0700,5.0600,5.0700,393200,1991792.0000,3
2025-04-29,20250429135500000,sz.002225,5.0700,5.0700,5.0500,5.0600,337300,1707032.0000,3
2025-04-29,20250429140000000,sz.002225,5.0500,5.1100,5.0500,5.0800,525500,2664896.0000,3
2025-04-29,20250429140500000,sz.002225,5.0800,5.1000,5.0800,5.0900,266600,1357456.0000,3
2025-04-29,20250429141000000,sz.002225,5.1000,5.1200,5.0900,5.1200,530300,2708496.0000,3
2025-04-29,20250429141500000,sz.002225,5.1100,5.1300,5.1100,5.1200,328900,1681912.0000,3
2025-04-29,20250429142000000,sz.002225,5.1100,5.1600,5.1100,5.1600,779900,4007392.0000,3
2025-04-29,20250429142500000,sz.002225,5.1600,5.1600,5.1400,5.1600,392300,2022136.0000,3
2025-04-29,20250429143000000,sz.002225,5.1600,5.1600,5.1200,5.1200,298000,1529768.0000,3
2025-04-29,20250429143500000,sz.002225,5.1200,5.1300,5.1100,5.1200,265000,1355456.0000,3
2025-04-29,20250429144000000,sz.002225,5.1100,5.1200,5.1100,5.1100,310000,1584504.0000,3
2025-04-29,20250429144500000,sz.002225,5.1100,5.1200,5.1000,5.1100,491700,2513368.0000,3
2025-04-29,20250429145000000,sz.002225,5.1200,5.1200,5.0900,5.0900,665200,3393200.0000,3
2025-04-29,20250429145500000,sz.002225,5.1000,5.1100,5.0900,5.1000,804300,4101840.0000,3
2025-04-29,20250429150000000,sz.002225,5.1000,5.1200,5.1000,5.1100,408600,2086688.0000,3
2025-04-30,20250430093500000,sz.002225,5.1100,5.4700,5.1100,5.4300,6994700,37618884.0000,3
2025-04-30,20250430094000000,sz.002225,5.4200,5.5300,5.3900,5.4500,3681600,20120972.0000,3
2025-04-30,20250430094500000,sz.002225,5.4600,5.5000,5.4400,5.4900,2218500,12139560.0000,3
2025-04-30,20250430095000000,sz.002225,5.4800,5.5400,5.4500,5.4800,1785800,9820344.0000,3
2025-04-30,20250430095500000,sz.002225,5.4900,5.5800,5.4700,5.5500,2918200,16133632.0000,3
2025-04-30,20250430100000000,sz.002225,5.5500,5.5500,5.4900,5.4900,596800,3293344.0000,3
2025-04-30,20250430100500000,sz.002225,5.5000,5.5100,5.4700,5.4800,286100,1570416.0000,3
2025-04-30,20250430101000000,sz.002225,5.4900,5.4900,5.4600,5.4600,527400,2884608.0000,3
2025-04-30,20250430101500000,sz.002225,5.4700,5.4900,5.4500,5.4900,393700,2151504.0000,3
2025-04-30,20250430102000000,sz.002225,5.4900,5.4900,5.4500,5.4600,529200,2890512.0000,3
2025-04-30,20250430102500000,sz.002225,5.4600,5.4600,5.4200,5.4200,221800,1205264.0000,3
2025-04-30,20250430103000000,sz.002225,5.4200,5.4600,5.4200,5.4300,416400,2264728.0000,3
2025-04-30,20250430103500000,sz.002225,5.4400,5.4600,5.4300,5.4400,403600,2196800.0000,3
2025-04-30,20250430104000000,sz.002225,5.4400,5.5000,5.4400,5.4900,993600,5445096.0000,3
2025-04-30,20250430104500000,sz.002225,5.5000,5.5100,5.4700,5.4700,174900,960616.0000,3
2025-04-30,20250430105000000,sz.002225,5.4800,5.4900,5.4700,5.4700,195700,1072464.0000,3
2025-04-30,20250430105500000,sz.002225,5.4800,5.4900,5.4700,5.4700,159200,871800.0000,3
2025-04-30,20250430110000000,sz.002225,5.4700,5.4800,5.4600,5.4700,130000,711248.0000,3
2025-04-30,20250430110500000,sz.002225,5.4700,5.4800,5.4500,5.4700,190200,1039624.0000,3
2025-04-30,20250430111000000,sz.002225,5.4600,5.4700,5.4500,5.4500,316200,1723984.0000,3
2025-04-30,20250430111500000,sz.002225,5.4500,5.4500,5.4300,5.4400,104500,568400.0000,3
2025-04-30,20250430112000000,sz.002225,5.4300,5.4400,5.4100,5.4200,283600,1537504.0000,3
2025-04-30,20250430112500000,sz.002225,5.4200,5.4200,5.4100,5.4100,295600,1599992.0000,3
2025-04-30,20250430113000000,sz.002225,5.4100,5.4200,5.4000,5.4100,79000,427424.0000,3
2025-04-30,20250430130500000,sz.002225,5.4000,5.4700,5.4000,5.4500,415700,2261280.0000,3
2025-04-30,20250430131000000,sz.002225,5.4400,5.4500,5.4300,5.4400,176400,959800.0000,3
2025-04-30,20250430131500000,sz.002225,5.4400,5.4500,5.4400,5.4500,130900,713152.0000,3
2025-04-30,20250430132000000,sz.002225,5.4400,5.4500,5.4300,5.4300,131000,712552.0000,3
2025-04-30,20250430132500000,sz.002225,5.4300,5.4400,5.4000,5.4100,551300,2983056.0000,3
2025-04-30,20250430133000000,sz.002225,5.4100,5.4200,5.3900,5.4000,348000,1878176.0000,3
2025-04-30,20250430133500000,sz.002225,5.4000,5.4100,5.3900,5.3900,172200,929680.0000,3
2025-04-30,20250430134000000,sz.002225,5.3900,5.4000,5.3800,5.3800,85800,462160.0000,3
2025-04-30,20250430134500000,sz.002225,5.3800,5.3900,5.3800,5.3800,463800,2496064.0000,3
2025-04-30,20250430135000000,sz.002225,5.3800,5.4000,5.3700,5.3900,213600,1150816.0000,3
2025-04-30,20250430135500000,sz.002225,5.3900,5.3900,5.3800,5.3900,205100,1104320.0000,3
2025-04-30,20250430140000000,sz.002225,5.3800,5.3900,5.3700,5.3800,168800,908288.0000,3
2025-04-30,20250430140500000,sz.002225,5.3800,5.4000,5.3800,5.3900,303700,1635664.0000,3
2025-04-30,20250430141000000,sz.002225,5.3900,5.4000,5.3800,5.3800,219900,1184816.0000,3
2025-04-30,20250430141500000,sz.002225,5.3800,5.3900,5.3700,5.3800,238400,1282512.0000,3
2025-04-30,20250430142000000,sz.002225,5.3800,5.3900,5.3800,5.3800,118700,638640.0000,3
2025-04-30,20250430142500000,sz.002225,5.3800,5.3900,5.3700,5.3700,163400,879168.0000,3
2025-04-30,20250430143000000,sz.002225,5.3700,5.3800,5.3700,5.3800,200300,1076336.0000,3
2025-04-30,20250430143500000,sz.002225,5.3800,5.3800,5.3500,5.3800,383900,2061232.0000,3
2025-04-30,20250430144000000,sz.002225,5.3700,5.3900,5.3600,5.3700,221200,1189200.0000,3
2025-04-30,20250430144500000,sz.002225,5.3600,5.3800,5.3600,5.3600,191100,1025232.0000,3
2025-04-30,20250430145000000,sz.002225,5.3700,5.3700,5.3500,5.3600,363200,1946448.0000,3
2025-04-30,20250430145500000,sz.002225,5.3700,5.3800,5.3400,5.3500,704600,3774912.0000,3
2025-04-30,20250430150000000,sz.002225,5.3500,5.3600,5.3400,5.3400,445900,2383392.0000,3
2025-05-06,20250506093500000,sz.002225,5.3100,5.4200,5.3100,5.3900,2143400,11510236.0000,3
2025-05-06,20250506094000000,sz.002225,5.3900,5.4000,5.3700,5.4000,484900,2612875.0000,3
2025-05-06,20250506094500000,sz.002225,5.4100,5.4200,5.3700,5.3700,807900,4358535.0000,3
2025-05-06,20250506095000000,sz.002225,5.3800,5.4300,5.3800,5.4100,790000,4269210.0000,3
2025-05-06,20250506095500000,sz.002225,5.4100,5.4200,5.3900,5.3900,293100,1584324.0000,3
2025-05-06,20250506100000000,sz.002225,5.3900,5.4100,5.3900,5.4000,427000,2303430.0000,3
2025-05-06,20250506100500000,sz.002225,5.4100,5.4100,5.3700,5.3900,395000,2127892.0000,3
2025-05-06,20250506101000000,sz.002225,5.4000,5.4000,5.3500,5.3800,939900,5049566.0000,3
2025-05-06,20250506101500000,sz.002225,5.3900,5.3900,5.3700,5.3700,334400,1800132.0000,3
2025-05-06,20250506102000000,sz.002225,5.3800,5.3800,5.3700,5.3800,134600,723580.0000,3
2025-05-06,20250506102500000,sz.002225,5.3800,5.3800,5.3600,5.3600,465300,2496284.0000,3
2025-05-06,20250506103000000,sz.002225,5.3600,5.3700,5.3600,5.3600,199800,1071060.0000,3
2025-05-06,20250506103500000,sz.002225,5.3700,5.3700,5.3600,5.3700,86200,462108.0000,3
2025-05-06,20250506104000000,sz.002225,5.3700,5.3700,5.3600,5.3600,155700,834772.0000,3
2025-05-06,20250506104500000,sz.002225,5.3600,5.3600,5.3500,5.3600,99100,530484.0000,3
2025-05-06,20250506105000000,sz.002225,5.3500,5.3700,5.3500,5.3600,163900,878432.0000,3
2025-05-06,20250506105500000,sz.002225,5.3600,5.3700,5.3600,5.3600,48000,257632.0000,3
2025-05-06,20250506110000000,sz.002225,5.3600,5.3800,5.3600,5.3800,240900,1294864.0000,3
2025-05-06,20250506110500000,sz.002225,5.3700,5.4300,5.3700,5.4000,1205000,6525392.0000,3
2025-05-06,20250506111000000,sz.002225,5.4000,5.4000,5.3800,5.3900,432000,2328812.0000,3
2025-05-06,20250506111500000,sz.002225,5.4000,5.4000,5.3800,5.3800,198600,1071332.0000,3
2025-05-06,20250506112000000,sz.002225,5.3800,5.3900,5.3800,5.3900,72500,390684.0000,3
2025-05-06,20250506112500000,sz.002225,5.3900,5.3900,5.3700,5.3800,185300,997404.0000,3
2025-05-06,20250506113000000,sz.002225,5.3800,5.3900,5.3700,5.3800,138300,744492.0000,3
2025-05-06,20250506130500000,sz.002225,5.3800,5.3800,5.3600,5.3700,363500,1952332.0000,3
2025-05-06,20250506131000000,sz.002225,5.3700,5.3900,5.3700,5.3800,475100,2557212.0000,3
2025-05-06,20250506131500000,sz.002225,5.3900,5.3900,5.3700,5.3700,125400,674408.0000,3
2025-05-06,20250506132000000,sz.002225,5.3800,5.3800,5.3700,5.3800,142800,767856.0000,3
2025-05-06,20250506132500000,sz.002225,5.3800,5.3800,5.3700,5.3700,369500,1986852.0000,3
2025-05-06,20250506133000000,sz.002225,5.3800,5.4000,5.3700,5.3900,501400,2699056.0000,3
2025-05-06,20250506133500000,sz.002225,5.4000,5.4100,5.3900,5.4000,228200,1232368.0000,3
2025-05-06,20250506134000000,sz.002225,5.4000,5.4100,5.4000,5.4100,80300,433896.0000,3
2025-05-06,20250506134500000,sz.002225,5.4100,5.4100,5.3900,5.4000,269900,1457480.0000,3
2025-05-06,20250506135000000,sz.002225,5.4000,5.4000,5.3900,5.3900,122200,659032.0000,3
2025-05-06,20250506135500000,sz.002225,5.3800,5.3900,5.3800,5.3900,269300,1449248.0000,3
2025-05-06,20250506140000000,sz.002225,5.3900,5.3900,5.3800,5.3900,80000,430776.0000,3
2025-05-06,20250506140500000,sz.002225,5.3900,5.3900,5.3800,5.3800,116900,629632.0000,3
2025-05-06,20250506141000000,sz.002225,5.3800,5.3900,5.3800,5.3900,79700,429064.0000,3
2025-05-06,20250506141500000,sz.002225,5.3800,5.3900,5.3700,5.3700,374700,2015432.0000,3
2025-05-06,20250506142000000,sz.002225,5.3700,5.3900,5.3700,5.3800,449400,2416632.0000,3
2025-05-06,20250506142500000,sz.002225,5.3800,5.3800,5.3700,5.3800,160100,860592.0000,3
2025-05-06,20250506143000000,sz.002225,5.3800,5.3900,5.3700,5.3800,231600,1245440.0000,3
2025-05-06,20250506143500000,sz.002225,5.3700,5.3800,5.3700,5.3800,185900,999216.0000,3
2025-05-06,20250506144000000,sz.002225,5.3800,5.3800,5.3700,5.3700,266500,1431976.0000,3
2025-05-06,20250506144500000,sz.002225,5.3700,5.3800,5.3700,5.3800,474500,2549472.0000,3
2025-05-06,20250506145000000,sz.002225,5.3700,5.3800,5.3700,5.3700,558500,3000544.0000,3
2025-05-06,20250506145500000,sz.002225,5.3700,5.3900,5.3700,5.3800,1078700,5794552.0000,3
2025-05-06,20250506150000000,sz.002225,5.3800,5.3900,5.3600,5.3900,585600,3148072.0000,3
2025-05-07,20250507093500000,sz.002225,5.3900,5.4300,5.3700,5.4000,2009600,10838037.0000,3
2025-05-07,20250507094000000,sz.002225,5.4100,5.4100,5.3800,5.3900,520400,2807261.0000,3
2025-05-07,20250507094500000,sz.002225,5.3900,5.3900,5.3800,5.3800,497100,2675678.0000,3
2025-05-07,20250507095000000,sz.002225,5.3700,5.4200,5.3700,5.4100,522500,2819598.0000,3
2025-05-07,20250507095500000,sz.002225,5.4000,5.4400,5.3800,5.4400,798100,4319794.0000,3
2025-05-07,20250507100000000,sz.002225,5.4400,5.4500,5.4200,5.4300,539300,2931396.0000,3
2025-05-07,20250507100500000,sz.002225,5.4300,5.4400,5.4200,5.4200,201700,1095096.0000,3
2025-05-07,20250507101000000,sz.002225,5.4200,5.4500,5.4200,5.4200,870600,4731826.0000,3
2025-05-07,20250507101500000,sz.002225,5.4300,5.4300,5.4100,5.4300,217300,1177730.0000,3
2025-05-07,20250507102000000,sz.002225,5.4300,5.4500,5.4200,5.4300,479100,2605896.0000,3
2025-05-07,20250507102500000,sz.002225,5.4400,5.4400,5.4200,5.4400,197900,1074880.0000,3
2025-05-07,20250507103000000,sz.002225,5.4300,5.4400,5.4000,5.4200,398600,2158440.0000,3
2025-05-07,20250507103500000,sz.002225,5.4100,5.4200,5.4000,5.4100,262300,1419372.0000,3
2025-05-07,20250507104000000,sz.002225,5.4100,5.4300,5.4100,5.4200,137200,743644.0000,3
2025-05-07,20250507104500000,sz.002225,5.4200,5.4300,5.4100,5.4200,81000,439056.0000,3
2025-05-07,20250507105000000,sz.002225,5.4300,5.4300,5.4100,5.4100,79000,427920.0000,3
2025-05-07,20250507105500000,sz.002225,5.4200,5.4300,5.4100,5.4200,98700,535088.0000,3
2025-05-07,20250507110000000,sz.002225,5.4300,5.4300,5.4200,5.4200,63600,344764.0000,3
2025-05-07,20250507110500000,sz.002225,5.4200,5.4200,5.4100,5.4200,193600,1048932.0000,3
2025-05-07,20250507111000000,sz.002225,5.4200,5.4200,5.4000,5.4200,242100,1309652.0000,3
2025-05-07,20250507111500000,sz.002225,5.4100,5.4200,5.4100,5.4100,41800,226196.0000,3
2025-05-07,20250507112000000,sz.002225,5.4200,5.4200,5.3900,5.3900,451400,2437892.0000,3
2025-05-07,20250507112500000,sz.002225,5.3900,5.4000,5.3900,5.3900,213100,1150196.0000,3
2025-05-07,20250507113000000,sz.002225,5.3900,5.4000,5.3900,5.3900,56500,304920.0000,3
2025-05-07,20250507130500000,sz.002225,5.4000,5.4000,5.3800,5.3800,268700,1448740.0000,3
2025-05-07,20250507131000000,sz.002225,5.3800,5.4000,5.3800,5.3900,95900,516884.0000,3
2025-05-07,20250507131500000,sz.002225,5.3900,5.4000,5.3900,5.3900,64100,345836.0000,3
2025-05-07,20250507132000000,sz.002225,5.3900,5.4000,5.3800,5.3800,167800,904240.0000,3
2025-05-07,20250507132500000,sz.002225,5.3900,5.3900,5.3700,5.3800,789400,4244616.0000,3
2025-05-07,20250507133000000,sz.002225,5.3700,5.3800,5.3700,5.3700,340300,1827892.0000,3
2025-05-07,20250507133500000,sz.002225,5.3700,5.3900,5.3700,5.3900,293700,1581852.0000,3
2025-05-07,20250507134000000,sz.002225,5.3900,5.4000,5.3900,5.4000,72800,392680.0000,3
2025-05-07,20250507134500000,sz.002225,5.3900,5.4000,5.3900,5.3900,619200,3342360.0000,3
2025-05-07,20250507135000000,sz.002225,5.3900,5.3900,5.3800,5.3800,212500,1145292.0000,3
2025-05-07,20250507135500000,sz.002225,5.3800,5.4000,5.3800,5.3900,45400,244700.0000,3
2025-05-07,20250507140000000,sz.002225,5.3900,5.4000,5.3700,5.3700,270800,1457236.0000,3
2025-05-07,20250507140500000,sz.002225,5.3700,5.3800,5.3600,5.3700,414100,2223704.0000,3
2025-05-07,20250507141000000,sz.002225,5.3800,5.3800,5.3700,5.3700,139100,747168.0000,3
2025-05-07,20250507141500000,sz.002225,5.3800,5.3800,5.3600,5.3700,240800,1292936.0000,3
2025-05-07,20250507142000000,sz.002225,5.3600,5.3700,5.3500,5.3600,633400,3391520.0000,3
2025-05-07,20250507142500000,sz.002225,5.3600,5.3600,5.3500,5.3500,82400,440936.0000,3
2025-05-07,20250507143000000,sz.002225,5.3600,5.3800,5.3500,5.3700,250500,1342864.0000,3
2025-05-07,20250507143500000,sz.002225,5.3700,5.3900,5.3700,5.3900,219800,1182864.0000,3
2025-05-07,20250507144000000,sz.002225,5.3900,5.4100,5.3900,5.4000,288500,1557056.0000,3
2025-05-07,20250507144500000,sz.002225,5.4000,5.4100,5.4000,5.4000,393800,2129248.0000,3
2025-05-07,20250507145000000,sz.002225,5.4100,5.4100,5.4000,5.4000,321100,1736288.0000,3
2025-05-07,20250507145500000,sz.002225,5.4100,5.4100,5.4000,5.4100,493600,2668088.0000,3
2025-05-07,20250507150000000,sz.002225,5.4000,5.4200,5.4000,5.4000,307300,1660696.0000,3
2025-05-08,20250508093500000,sz.002225,5.4100,5.4100,5.3300,5.3500,1197000,6410373.0000,3
2025-05-08,20250508094000000,sz.002225,5.3500,5.3700,5.3400,5.3700,514000,2752630.0000,3
2025-05-08,20250508094500000,sz.002225,5.3700,5.3800,5.3600,5.3700,296200,1590544.0000,3
2025-05-08,20250508095000000,sz.002225,5.3700,5.3800,5.3700,5.3800,231800,1245773.0000,3
2025-05-08,20250508095500000,sz.002225,5.3900,5.3900,5.3800,5.3900,166600,896723.0000,3
2025-05-08,20250508100000000,sz.002225,5.3900,5.4300,5.3800,5.4200,429100,2317558.0000,3
2025-05-08,20250508100500000,sz.002225,5.4200,5.4500,5.4200,5.4500,791500,4301763.0000,3
2025-05-08,20250508101000000,sz.002225,5.4500,5.4500,5.4300,5.4300,221600,1205020.0000,3
2025-05-08,20250508101500000,sz.002225,5.4400,5.4600,5.4300,5.4500,781000,4256116.0000,3
2025-05-08,20250508102000000,sz.002225,5.4500,5.4500,5.4300,5.4300,163500,889152.0000,3
2025-05-08,20250508102500000,sz.002225,5.4400,5.4400,5.4200,5.4200,192500,1044864.0000,3
2025-05-08,20250508103000000,sz.002225,5.4300,5.4400,5.4200,5.4400,149000,809736.0000,3
2025-05-08,20250508103500000,sz.002225,5.4400,5.4400,5.4200,5.4300,180800,981932.0000,3
2025-05-08,20250508104000000,sz.002225,5.4400,5.4400,5.4300,5.4300,45200,245528.0000,3
2025-05-08,20250508104500000,sz.002225,5.4300,5.4400,5.4200,5.4200,105300,571902.0000,3
2025-05-08,20250508105000000,sz.002225,5.4300,5.4300,5.4200,5.4200,184600,1000912.0000,3
2025-05-08,20250508105500000,sz.002225,5.4300,5.4300,5.4200,5.4200,57800,313338.0000,3
2025-05-08,20250508110000000,sz.002225,5.4300,5.4400,5.4200,5.4300,145000,787318.0000,3
2025-05-08,20250508110500000,sz.002225,5.4400,5.4400,5.4300,5.4400,121700,661170.0000,3
2025-05-08,20250508111000000,sz.002225,5.4400,5.4400,5.4200,5.4300,107900,585966.0000,3
2025-05-08,20250508111500000,sz.002225,5.4300,5.4400,5.4200,5.4400,96300,522960.0000,3
2025-05-08,20250508112000000,sz.002225,5.4300,5.4400,5.4300,5.4300,31700,172278.0000,3
2025-05-08,20250508112500000,sz.002225,5.4400,5.4400,5.4300,5.4300,40400,219516.0000,3
2025-05-08,20250508113000000,sz.002225,5.4400,5.4400,5.4300,5.4300,101300,550760.0000,3
2025-05-08,20250508130500000,sz.002225,5.4300,5.4600,5.4200,5.4500,716300,3898892.0000,3
2025-05-08,20250508131000000,sz.002225,5.4600,5.4600,5.4300,5.4400,142300,774928.0000,3
2025-05-08,20250508131500000,sz.002225,5.4400,5.4400,5.4300,5.4400,54800,297844.0000,3
2025-05-08,20250508132000000,sz.002225,5.4400,5.4400,5.4200,5.4200,157900,856832.0000,3
2025-05-08,20250508132500000,sz.002225,5.4300,5.4400,5.4200,5.4200,135700,736856.0000,3
2025-05-08,20250508133000000,sz.002225,5.4300,5.4400,5.4200,5.4200,109400,594076.0000,3
2025-05-08,20250508133500000,sz.002225,5.4300,5.4300,5.4200,5.4200,256300,1389292.0000,3
2025-05-08,20250508134000000,sz.002225,5.4200,5.4300,5.4200,5.4300,95800,519604.0000,3
2025-05-08,20250508134500000,sz.002225,5.4300,5.4400,5.4200,5.4400,180100,978084.0000,3
2025-05-08,20250508135000000,sz.002225,5.4400,5.4700,5.4300,5.4600,628800,3428488.0000,3
2025-05-08,20250508135500000,sz.002225,5.4700,5.4700,5.4600,5.4600,307200,1679664.0000,3
2025-05-08,20250508140000000,sz.002225,5.4700,5.4800,5.4600,5.4800,280900,1536328.0000,3
2025-05-08,20250508140500000,sz.002225,5.4800,5.4800,5.4700,5.4800,250500,1371340.0000,3
2025-05-08,20250508141000000,sz.002225,5.4800,5.4900,5.4700,5.4900,501700,2750628.0000,3
2025-05-08,20250508141500000,sz.002225,5.4900,5.4900,5.4700,5.4800,348100,1906072.0000,3
2025-05-08,20250508142000000,sz.002225,5.4800,5.4800,5.4600,5.4700,178100,974808.0000,3
2025-05-08,20250508142500000,sz.002225,5.4700,5.4700,5.4500,5.4600,315300,1722088.0000,3
2025-05-08,20250508143000000,sz.002225,5.4700,5.4700,5.4400,5.4500,303600,1656552.0000,3
2025-05-08,20250508143500000,sz.002225,5.4600,5.4600,5.4500,5.4500,147300,803596.0000,3
2025-05-08,20250508144000000,sz.002225,5.4500,5.4500,5.4400,5.4500,123900,674960.0000,3
2025-05-08,20250508144500000,sz.002225,5.4500,5.4500,5.4400,5.4500,231100,1259176.0000,3
2025-05-08,20250508145000000,sz.002225,5.4600,5.4600,5.4500,5.4500,235300,1283844.0000,3
2025-05-08,20250508145500000,sz.002225,5.4500,5.4500,5.4400,5.4400,462600,2518880.0000,3
2025-05-08,20250508150000000,sz.002225,5.4500,5.4600,5.4400,5.4500,160900,876856.0000,3
2025-05-09,20250509093500000,sz.002225,5.4900,5.4900,5.4100,5.4200,765500,4164446.0000,3
2025-05-09,20250509094000000,sz.002225,5.4100,5.4100,5.3900,5.4000,698000,3771383.0000,3
2025-05-09,20250509094500000,sz.002225,5.4000,5.4100,5.3600,5.3800,963300,5189832.0000,3
2025-05-09,20250509095000000,sz.002225,5.3800,5.3900,5.3600,5.3700,776600,4172253.0000,3
2025-05-09,20250509095500000,sz.002225,5.3700,5.3700,5.3500,5.3600,385900,2070172.0000,3
2025-05-09,20250509100000000,sz.002225,5.3600,5.3800,5.3500,5.3700,162300,870610.0000,3
2025-05-09,20250509100500000,sz.002225,5.3700,5.3900,5.3700,5.3900,176100,947230.0000,3
2025-05-09,20250509101000000,sz.002225,5.3800,5.3900,5.3800,5.3800,159300,857130.0000,3
2025-05-09,20250509101500000,sz.002225,5.3700,5.3900,5.3700,5.3700,161800,869506.0000,3
2025-05-09,20250509102000000,sz.002225,5.3700,5.3800,5.3700,5.3800,76400,410630.0000,3
2025-05-09,20250509102500000,sz.002225,5.3700,5.3800,5.3600,5.3600,172600,926602.0000,3
2025-05-09,20250509103000000,sz.002225,5.3600,5.3600,5.3500,5.3600,320900,1719116.0000,3
2025-05-09,20250509103500000,sz.002225,5.3500,5.3600,5.3500,5.3500,355200,1900914.0000,3
2025-05-09,20250509104000000,sz.002225,5.3500,5.3600,5.3400,5.3500,136100,728016.0000,3
2025-05-09,20250509104500000,sz.002225,5.3600,5.3700,5.3500,5.3700,94200,505112.0000,3
2025-05-09,20250509105000000,sz.002225,5.3700,5.3800,5.3500,5.3700,137900,739528.0000,3
2025-05-09,20250509105500000,sz.002225,5.3700,5.3700,5.3500,5.3600,109200,585372.0000,3
2025-05-09,20250509110000000,sz.002225,5.3500,5.3600,5.3300,5.3300,514400,2746600.0000,3
2025-05-09,20250509110500000,sz.002225,5.3300,5.3400,5.3200,5.3400,159700,851128.0000,3
2025-05-09,20250509111000000,sz.002225,5.3300,5.3400,5.3300,5.3300,66700,355748.0000,3
2025-05-09,20250509111500000,sz.002225,5.3400,5.3500,5.3300,5.3500,203800,1087856.0000,3
2025-05-09,20250509112000000,sz.002225,5.3500,5.3500,5.3400,5.3500,183100,979416.0000,3
2025-05-09,20250509112500000,sz.002225,5.3500,5.3600,5.3400,5.3600,109000,583216.0000,3
2025-05-09,20250509113000000,sz.002225,5.3600,5.3600,5.3400,5.3600,173600,929112.0000,3
2025-05-09,20250509130500000,sz.002225,5.3600,5.4400,5.3600,5.4200,1392800,7543472.0000,3
2025-05-09,20250509131000000,sz.002225,5.4200,5.4200,5.4000,5.4100,217400,1175852.0000,3
2025-05-09,20250509131500000,sz.002225,5.4100,5.4200,5.4000,5.4000,77000,416156.0000,3
2025-05-09,20250509132000000,sz.002225,5.4000,5.4000,5.3800,5.3800,148600,800868.0000,3
2025-05-09,20250509132500000,sz.002225,5.3800,5.4000,5.3800,5.3800,82000,441684.0000,3
2025-05-09,20250509133000000,sz.002225,5.3800,5.4000,5.3800,5.3800,95800,516464.0000,3
2025-05-09,20250509133500000,sz.002225,5.3900,5.4100,5.3900,5.4000,55900,301820.0000,3
2025-05-09,20250509134000000,sz.002225,5.4000,5.4100,5.4000,5.4000,131600,710700.0000,3
2025-05-09,20250509134500000,sz.002225,5.4000,5.4200,5.4000,5.4100,190800,1031956.0000,3
2025-05-09,20250509135000000,sz.002225,5.4100,5.4200,5.4100,5.4200,132100,714960.0000,3
2025-05-09,20250509135500000,sz.002225,5.4100,5.4200,5.4000,5.4100,97200,525684.0000,3
2025-05-09,20250509140000000,sz.002225,5.4100,5.4200,5.4100,5.4100,79900,432656.0000,3
2025-05-09,20250509140500000,sz.002225,5.4100,5.4300,5.4100,5.4200,266600,1445344.0000,3
2025-05-09,20250509141000000,sz.002225,5.4200,5.4200,5.4100,5.4100,18500,100192.0000,3
2025-05-09,20250509141500000,sz.002225,5.4200,5.4200,5.4000,5.4000,79700,430936.0000,3
2025-05-09,20250509142000000,sz.002225,5.4000,5.4200,5.4000,5.4200,236100,1279040.0000,3
2025-05-09,20250509142500000,sz.002225,5.4200,5.4300,5.4200,5.4200,88200,478144.0000,3
2025-05-09,20250509143000000,sz.002225,5.4300,5.4300,5.4100,5.4300,195600,1061356.0000,3
2025-05-09,20250509143500000,sz.002225,5.4100,5.4300,5.4100,5.4100,151600,821556.0000,3
2025-05-09,20250509144000000,sz.002225,5.4200,5.4400,5.4100,5.4400,305100,1655208.0000,3
2025-05-09,20250509144500000,sz.002225,5.4300,5.4400,5.4200,5.4300,280300,1522132.0000,3
2025-05-09,20250509145000000,sz.002225,5.4200,5.4300,5.4100,5.4200,223200,1209876.0000,3
2025-05-09,20250509145500000,sz.002225,5.4300,5.4300,5.4200,5.4300,292600,1586700.0000,3
2025-05-09,20250509150000000,sz.002225,5.4200,5.4300,5.4100,5.4200,337600,1829932.0000,3
2025-05-12,20250512093500000,sz.002225,5.4800,5.5700,5.4700,5.5000,2416800,13335461.0000,3
2025-05-12,20250512094000000,sz.002225,5.5000,5.5000,5.4800,5.4900,643300,3532571.0000,3
2025-05-12,20250512094500000,sz.002225,5.5000,5.5200,5.4700,5.4900,1026700,5645856.0000,3
2025-05-12,20250512095000000,sz.002225,5.4800,5.5000,5.4700,5.4800,677400,3719394.0000,3
2025-05-12,20250512095500000,sz.002225,5.4800,5.4900,5.4700,5.4700,256600,1405670.0000,3
2025-05-12,20250512100000000,sz.002225,5.4700,5.5600,5.4700,5.5300,968000,5336858.0000,3
2025-05-12,20250512100500000,sz.002225,5.5300,5.5400,5.5200,5.5300,438300,2425826.0000,3
2025-05-12,20250512101000000,sz.002225,5.5400,5.5400,5.5100,5.5100,208400,1150516.0000,3
2025-05-12,20250512101500000,sz.002225,5.5200,5.5200,5.5100,5.5100,122800,677728.0000,3
2025-05-12,20250512102000000,sz.002225,5.5200,5.5200,5.4900,5.5000,226500,1246920.0000,3
2025-05-12,20250512102500000,sz.002225,5.5000,5.5100,5.4800,5.5000,193100,1061040.0000,3
2025-05-12,20250512103000000,sz.002225,5.5000,5.5400,5.5000,5.5200,432800,2388976.0000,3
2025-05-12,20250512103500000,sz.002225,5.5300,5.6000,5.5000,5.5600,2374500,13213272.0000,3
2025-05-12,20250512104000000,sz.002225,5.5700,5.5800,5.5500,5.5500,209500,1165692.0000,3
2025-05-12,20250512104500000,sz.002225,5.5500,5.5500,5.5200,5.5300,103800,574644.0000,3
2025-05-12,20250512105000000,sz.002225,5.5300,5.5300,5.5200,5.5200,129900,718084.0000,3
2025-05-12,20250512105500000,sz.002225,5.5300,5.5300,5.5200,5.5300,50000,276356.0000,3
2025-05-12,20250512110000000,sz.002225,5.5300,5.5300,5.5100,5.5100,183100,1010060.0000,3
2025-05-12,20250512110500000,sz.002225,5.5100,5.5200,5.5000,5.5100,161700,890884.0000,3
2025-05-12,20250512111000000,sz.002225,5.5000,5.5100,5.4900,5.4900,224900,1236696.0000,3
2025-05-12,20250512111500000,sz.002225,5.5000,5.5000,5.4800,5.4800,161100,884144.0000,3
2025-05-12,20250512112000000,sz.002225,5.4800,5.4900,5.4800,5.4900,67300,369128.0000,3
2025-05-12,20250512112500000,sz.002225,5.4900,5.4900,5.4800,5.4900,77300,424220.0000,3
2025-05-12,20250512113000000,sz.002225,5.4800,5.4900,5.4600,5.4700,405100,2217140.0000,3
2025-05-12,20250512130500000,sz.002225,5.4800,5.4800,5.4500,5.4600,383500,2095872.0000,3
2025-05-12,20250512131000000,sz.002225,5.4500,5.4600,5.4500,5.4600,103500,564760.0000,3
2025-05-12,20250512131500000,sz.002225,5.4600,5.4700,5.4400,5.4500,575400,3137304.0000,3
2025-05-12,20250512132000000,sz.002225,5.4500,5.4500,5.4400,5.4400,132600,722232.0000,3
2025-05-12,20250512132500000,sz.002225,5.4500,5.4600,5.4400,5.4500,513600,2799352.0000,3
2025-05-12,20250512133000000,sz.002225,5.4500,5.4600,5.4400,5.4600,194900,1062048.0000,3
2025-05-12,20250512133500000,sz.002225,5.4600,5.4600,5.4500,5.4600,65500,357392.0000,3
2025-05-12,20250512134000000,sz.002225,5.4600,5.4600,5.4400,5.4400,107800,587512.0000,3
2025-05-12,20250512134500000,sz.002225,5.4500,5.4500,5.4400,5.4400,55700,303296.0000,3
2025-05-12,20250512135000000,sz.002225,5.4400,5.4500,5.4400,5.4500,232000,1262152.0000,3
2025-05-12,20250512135500000,sz.002225,5.4500,5.4500,5.4400,5.4500,245200,1335168.0000,3
2025-05-12,20250512140000000,sz.002225,5.4500,5.4500,5.4400,5.4400,50200,273456.0000,3
2025-05-12,20250512140500000,sz.002225,5.4500,5.4600,5.4500,5.4600,224500,1225016.0000,3
2025-05-12,20250512141000000,sz.002225,5.4600,5.4600,5.4500,5.4600,62000,338432.0000,3
2025-05-12,20250512141500000,sz.002225,5.4600,5.4600,5.4500,5.4500,197900,1078664.0000,3
2025-05-12,20250512142000000,sz.002225,5.4500,5.4600,5.4400,5.4500,153600,837224.0000,3
2025-05-12,20250512142500000,sz.002225,5.4600,5.4700,5.4500,5.4600,100000,545816.0000,3
2025-05-12,20250512143000000,sz.002225,5.4700,5.4700,5.4600,5.4700,27900,152512.0000,3
2025-05-12,20250512143500000,sz.002225,5.4700,5.4700,5.4500,5.4600,195900,1069744.0000,3
2025-05-12,20250512144000000,sz.002225,5.4600,5.4600,5.4500,5.4600,124100,676888.0000,3
2025-05-12,20250512144500000,sz.002225,5.4600,5.4700,5.4500,5.4500,293400,1601856.0000,3
2025-05-12,20250512145000000,sz.002225,5.4600,5.4600,5.4500,5.4600,234300,1278776.0000,3
2025-05-12,20250512145500000,sz.002225,5.4600,5.4800,5.4500,5.4700,500700,2735504.0000,3
2025-05-12,20250512150000000,sz.002225,5.4600,5.4800,5.4600,5.4700,500500,2737872.0000,3
2025-05-13,20250513093500000,sz.002225,5.5000,5.5300,5.4800,5.5100,1249700,6879513.0000,3
2025-05-13,20250513094000000,sz.002225,5.5000,5.5400,5.5000,5.5200,584000,3223633.0000,3
2025-05-13,20250513094500000,sz.002225,5.5200,5.5500,5.5100,5.5400,702500,3889447.0000,3
2025-05-13,20250513095000000,sz.002225,5.5400,5.5500,5.5100,5.5200,351100,1942277.0000,3
2025-05-13,20250513095500000,sz.002225,5.5200,5.5300,5.5000,5.5300,234500,1292842.0000,3
2025-05-13,20250513100000000,sz.002225,5.5200,5.6000,5.5100,5.5500,1529100,8508056.0000,3
2025-05-13,20250513100500000,sz.002225,5.5500,5.5700,5.5400,5.5600,511300,2845732.0000,3
2025-05-13,20250513101000000,sz.002225,5.5600,5.6200,5.5600,5.6200,1175700,6571544.0000,3
2025-05-13,20250513101500000,sz.002225,5.6200,5.6200,5.5700,5.5700,991900,5552956.0000,3
2025-05-13,20250513102000000,sz.002225,5.5800,5.6100,5.5600,5.5900,753600,4214828.0000,3
2025-05-13,20250513102500000,sz.002225,5.5900,5.6000,5.5700,5.5800,346800,1936848.0000,3
2025-05-13,20250513103000000,sz.002225,5.5800,5.5800,5.5600,5.5700,145900,812936.0000,3
2025-05-13,20250513103500000,sz.002225,5.5700,5.5700,5.5300,5.5400,497500,2761016.0000,3
2025-05-13,20250513104000000,sz.002225,5.5400,5.5400,5.5200,5.5200,290800,1607804.0000,3
2025-05-13,20250513104500000,sz.002225,5.5200,5.5300,5.5100,5.5300,205700,1135392.0000,3
2025-05-13,20250513105000000,sz.002225,5.5200,5.5300,5.5100,5.5200,155700,859796.0000,3
2025-05-13,20250513105500000,sz.002225,5.5200,5.5200,5.5100,5.5200,69200,382136.0000,3
2025-05-13,20250513110000000,sz.002225,5.5200,5.5400,5.5200,5.5300,47000,259884.0000,3
2025-05-13,20250513110500000,sz.002225,5.5300,5.5300,5.5100,5.5100,189600,1047096.0000,3
2025-05-13,20250513111000000,sz.002225,5.5200,5.5200,5.5000,5.5100,261500,1441812.0000,3
2025-05-13,20250513111500000,sz.002225,5.5100,5.5100,5.5000,5.5100,67900,374124.0000,3
2025-05-13,20250513112000000,sz.002225,5.5100,5.5100,5.5000,5.5000,30100,165632.0000,3
2025-05-13,20250513112500000,sz.002225,5.5000,5.5100,5.4900,5.4900,365100,2007488.0000,3
2025-05-13,20250513113000000,sz.002225,5.4900,5.4900,5.4800,5.4800,103100,565644.0000,3
2025-05-13,20250513130500000,sz.002225,5.4600,5.5100,5.4600,5.4900,437500,2397900.0000,3
2025-05-13,20250513131000000,sz.002225,5.4900,5.5000,5.4900,5.5000,65400,359056.0000,3
2025-05-13,20250513131500000,sz.002225,5.5000,5.5000,5.4900,5.4900,63600,349440.0000,3
2025-05-13,20250513132000000,sz.002225,5.4900,5.5000,5.4900,5.5000,53300,293040.0000,3
2025-05-13,20250513132500000,sz.002225,5.5000,5.5100,5.4900,5.5000,139200,765500.0000,3
2025-05-13,20250513133000000,sz.002225,5.5000,5.5100,5.4900,5.5000,126900,698472.0000,3
2025-05-13,20250513133500000,sz.002225,5.5000,5.5100,5.5000,5.5100,113000,622432.0000,3
2025-05-13,20250513134000000,sz.002225,5.5100,5.5400,5.5000,5.5300,193600,1070692.0000,3
2025-05-13,20250513134500000,sz.002225,5.5300,5.5300,5.5200,5.5200,19600,108284.0000,3
2025-05-13,20250513135000000,sz.002225,5.5300,5.5300,5.5200,5.5200,68000,375956.0000,3
2025-05-13,20250513135500000,sz.002225,5.5200,5.5300,5.5100,5.5100,100100,552480.0000,3
2025-05-13,20250513140000000,sz.002225,5.5100,5.5200,5.5100,5.5100,60300,332656.0000,3
2025-05-13,20250513140500000,sz.002225,5.5100,5.5200,5.5000,5.5100,302900,1668336.0000,3
2025-05-13,20250513141000000,sz.002225,5.5100,5.5300,5.5100,5.5200,96700,533760.0000,3
2025-05-13,20250513141500000,sz.002225,5.5200,5.5300,5.5100,5.5200,139600,770896.0000,3
2025-05-13,20250513142000000,sz.002225,5.5300,5.5400,5.5200,5.5200,247600,1369448.0000,3
2025-05-13,20250513142500000,sz.002225,5.5200,5.5300,5.5200,5.5200,73800,407880.0000,3
2025-05-13,20250513143000000,sz.002225,5.5200,5.5200,5.5100,5.5200,105300,580896.0000,3
2025-05-13,20250513143500000,sz.002225,5.5100,5.5200,5.5100,5.5200,70000,385816.0000,3
2025-05-13,20250513144000000,sz.002225,5.5100,5.5200,5.5100,5.5100,82300,453616.0000,3
2025-05-13,20250513144500000,sz.002225,5.5100,5.5100,5.4900,5.5100,288300,1586480.0000,3
2025-05-13,20250513145000000,sz.002225,5.5000,5.5100,5.5000,5.5100,160100,880952.0000,3
2025-05-13,20250513145500000,sz.002225,5.5000,5.5200,5.5000,5.5000,467800,2576880.0000,3
2025-05-13,20250513150000000,sz.002225,5.5100,5.5200,5.5100,5.5200,194900,1075120.0000,3
2025-05-14,20250514093500000,sz.002225,5.4900,5.5500,5.4900,5.5400,1061700,5846891.0000,3
2025-05-14,20250514094000000,sz.002225,5.5400,5.5400,5.4800,5.4900,764700,4211439.0000,3
2025-05-14,20250514094500000,sz.002225,5.4900,5.5100,5.4800,5.4800,750700,4119283.0000,3
2025-05-14,20250514095000000,sz.002225,5.4800,5.4800,5.4600,5.4600,469200,2566880.0000,3
2025-05-14,20250514095500000,sz.002225,5.4700,5.4800,5.4600,5.4700,233200,1275737.0000,3
2025-05-14,20250514100000000,sz.002225,5.4700,5.4900,5.4700,5.4800,168200,921650.0000,3
2025-05-14,20250514100500000,sz.002225,5.4800,5.4800,5.4700,5.4800,81200,444720.0000,3
2025-05-14,20250514101000000,sz.002225,5.4800,5.4800,5.4600,5.4700,375800,2055176.0000,3
2025-05-14,20250514101500000,sz.002225,5.4700,5.4900,5.4700,5.4800,206900,1133126.0000,3
2025-05-14,20250514102000000,sz.002225,5.4900,5.4900,5.4700,5.4900,82100,450066.0000,3
2025-05-14,20250514102500000,sz.002225,5.4900,5.4900,5.4800,5.4900,47600,261036.0000,3
2025-05-14,20250514103000000,sz.002225,5.4900,5.4900,5.4800,5.4900,89400,490674.0000,3
2025-05-14,20250514103500000,sz.002225,5.4800,5.5000,5.4800,5.4800,173600,953210.0000,3
2025-05-14,20250514104000000,sz.002225,5.4900,5.4900,5.4700,5.4700,138100,756400.0000,3
2025-05-14,20250514104500000,sz.002225,5.4600,5.4700,5.4500,5.4600,699400,3816506.0000,3
2025-05-14,20250514105000000,sz.002225,5.4600,5.4700,5.4600,5.4700,85600,467498.0000,3
2025-05-14,20250514105500000,sz.002225,5.4700,5.4700,5.4500,5.4500,284700,1552016.0000,3
2025-05-14,20250514110000000,sz.002225,5.4500,5.4700,5.4500,5.4600,196500,1072380.0000,3
2025-05-14,20250514110500000,sz.002225,5.4700,5.4900,5.4500,5.4600,272500,1491904.0000,3
2025-05-14,20250514111000000,sz.002225,5.4600,5.4900,5.4600,5.4700,111400,610152.0000,3
2025-05-14,20250514111500000,sz.002225,5.4700,5.4800,5.4600,5.4700,300500,1639872.0000,3
2025-05-14,20250514112000000,sz.002225,5.4600,5.4800,5.4600,5.4700,108000,590576.0000,3
2025-05-14,20250514112500000,sz.002225,5.4700,5.4700,5.4600,5.4700,32600,178024.0000,3
2025-05-14,20250514113000000,sz.002225,5.4600,5.4600,5.4500,5.4600,85100,464592.0000,3
2025-05-14,20250514130500000,sz.002225,5.4600,5.4700,5.4500,5.4600,131300,716620.0000,3
2025-05-14,20250514131000000,sz.002225,5.4600,5.4900,5.4600,5.4900,285800,1565736.0000,3
2025-05-14,20250514131500000,sz.002225,5.4900,5.5100,5.4700,5.5000,193500,1062628.0000,3
2025-05-14,20250514132000000,sz.002225,5.5100,5.5100,5.5000,5.5100,52500,288848.0000,3
2025-05-14,20250514132500000,sz.002225,5.5100,5.5100,5.5000,5.5100,61800,339992.0000,3
2025-05-14,20250514133000000,sz.002225,5.5000,5.5100,5.5000,5.5000,465100,2555336.0000,3
2025-05-14,20250514133500000,sz.002225,5.5000,5.5000,5.4800,5.4900,84100,461680.0000,3
2025-05-14,20250514134000000,sz.002225,5.4900,5.5200,5.4800,5.5100,385300,2117940.0000,3
2025-05-14,20250514134500000,sz.002225,5.5100,5.5300,5.5100,5.5200,263600,1454748.0000,3
2025-05-14,20250514135000000,sz.002225,5.5300,5.5300,5.5000,5.5000,284500,1569552.0000,3
2025-05-14,20250514135500000,sz.002225,5.5100,5.5100,5.5000,5.5000,372900,2051584.0000,3
2025-05-14,20250514140000000,sz.002225,5.5100,5.5200,5.5000,5.5200,74000,407824.0000,3
2025-05-14,20250514140500000,sz.002225,5.5100,5.5100,5.5000,5.5100,131200,722784.0000,3
2025-05-14,20250514141000000,sz.002225,5.5000,5.5000,5.4900,5.5000,111100,610544.0000,3
2025-05-14,20250514141500000,sz.002225,5.4900,5.5000,5.4900,5.5000,40700,223544.0000,3
2025-05-14,20250514142000000,sz.002225,5.4900,5.5000,5.4900,5.4900,125900,691664.0000,3
2025-05-14,20250514142500000,sz.002225,5.4900,5.5000,5.4900,5.5000,65200,358200.0000,3
2025-05-14,20250514143000000,sz.002225,5.5000,5.5000,5.4900,5.5000,87900,482624.0000,3
2025-05-14,20250514143500000,sz.002225,5.4900,5.5900,5.4900,5.5700,2139400,11873696.0000,3
2025-05-14,20250514144000000,sz.002225,5.5700,5.6000,5.5500,5.5600,1199200,6691912.0000,3
2025-05-14,20250514144500000,sz.002225,5.5600,5.5800,5.5500,5.5700,582900,3243968.0000,3
2025-05-14,20250514145000000,sz.002225,5.5800,5.5800,5.5600,5.5700,627600,3495312.0000,3
2025-05-14,20250514145500000,sz.002225,5.5800,5.5800,5.5600,5.5700,430500,2398584.0000,3
2025-05-14,20250514150000000,sz.002225,5.5800,5.5800,5.5600,5.5800,1000400,5581256.0000,3
2025-05-15,20250515093500000,sz.002225,5.5700,5.5700,5.4800,5.4800,2520400,13907584.0000,3
2025-05-15,20250515094000000,sz.002225,5.4900,5.5000,5.4800,5.4900,588100,3227756.0000,3
2025-05-15,20250515094500000,sz.002225,5.4900,5.5000,5.4100,5.4300,1561700,8517384.0000,3
2025-05-15,20250515095000000,sz.002225,5.4200,5.4300,5.4000,5.4100,1677000,9065796.0000,3
2025-05-15,20250515095500000,sz.002225,5.4000,5.4200,5.3900,5.4200,600300,3242660.0000,3
2025-05-15,20250515100000000,sz.002225,5.4200,5.4200,5.4000,5.4000,186700,1009200.0000,3
2025-05-15,20250515100500000,sz.002225,5.4000,5.4200,5.4000,5.4200,374400,2026268.0000,3
2025-05-15,20250515101000000,sz.002225,5.4200,5.4300,5.4100,5.4200,193200,1047528.0000,3
2025-05-15,20250515101500000,sz.002225,5.4200,5.4400,5.4200,5.4400,191600,1039644.0000,3
2025-05-15,20250515102000000,sz.002225,5.4400,5.4500,5.4300,5.4400,140300,763836.0000,3
2025-05-15,20250515102500000,sz.002225,5.4400,5.4500,5.4300,5.4400,168000,913776.0000,3
2025-05-15,20250515103000000,sz.002225,5.4500,5.4500,5.4300,5.4400,185800,1010060.0000,3
2025-05-15,20250515103500000,sz.002225,5.4300,5.4500,5.4300,5.4500,114400,622260.0000,3
2025-05-15,20250515104000000,sz.002225,5.4500,5.4600,5.4400,5.4600,320400,1745984.0000,3
2025-05-15,20250515104500000,sz.002225,5.4600,5.4600,5.4500,5.4500,152200,829680.0000,3
2025-05-15,20250515105000000,sz.002225,5.4500,5.4500,5.4400,5.4400,18700,101856.0000,3
2025-05-15,20250515105500000,sz.002225,5.4500,5.4600,5.4400,5.4400,111500,607704.0000,3
2025-05-15,20250515110000000,sz.002225,5.4400,5.4500,5.4300,5.4400,175100,953372.0000,3
2025-05-15,20250515110500000,sz.002225,5.4400,5.4400,5.4300,5.4300,76300,415068.0000,3
2025-05-15,20250515111000000,sz.002225,5.4300,5.4400,5.4300,5.4400,112500,611420.0000,3
2025-05-15,20250515111500000,sz.002225,5.4300,5.4400,5.4200,5.4200,230900,1254116.0000,3
2025-05-15,20250515112000000,sz.002225,5.4200,5.4300,5.4200,5.4200,83000,449920.0000,3
2025-05-15,20250515112500000,sz.002225,5.4200,5.4300,5.4100,5.4200,218800,1186044.0000,3
2025-05-15,20250515113000000,sz.002225,5.4200,5.4300,5.4100,5.4200,52400,284072.0000,3
2025-05-15,20250515130500000,sz.002225,5.4500,5.4500,5.4200,5.4400,234300,1273512.0000,3
2025-05-15,20250515131000000,sz.002225,5.4400,5.4400,5.4200,5.4200,46800,254008.0000,3
2025-05-15,20250515131500000,sz.002225,5.4300,5.4300,5.4200,5.4300,31400,170292.0000,3
2025-05-15,20250515132000000,sz.002225,5.4300,5.4300,5.4200,5.4300,80100,434192.0000,3
2025-05-15,20250515132500000,sz.002225,5.4200,5.4300,5.4100,5.4200,71600,388036.0000,3
2025-05-15,20250515133000000,sz.002225,5.4200,5.4200,5.4100,5.4200,81900,443840.0000,3
2025-05-15,20250515133500000,sz.002225,5.4100,5.4300,5.4100,5.4300,142300,771360.0000,3
2025-05-15,20250515134000000,sz.002225,5.4300,5.4400,5.4200,5.4200,85600,464740.0000,3
2025-05-15,20250515134500000,sz.002225,5.4300,5.4300,5.4100,5.4200,83100,450436.0000,3
2025-05-15,20250515135000000,sz.002225,5.4200,5.4300,5.4100,5.4200,74100,401668.0000,3
2025-05-15,20250515135500000,sz.002225,5.4200,5.4300,5.4200,5.4200,27700,150240.0000,3
2025-05-15,20250515140000000,sz.002225,5.4200,5.4300,5.4200,5.4200,22500,121960.0000,3
2025-05-15,20250515140500000,sz.002225,5.4200,5.4300,5.4100,5.4100,145000,785748.0000,3
2025-05-15,20250515141000000,sz.002225,5.4200,5.4200,5.4100,5.4200,76500,414084.0000,3
2025-05-15,20250515141500000,sz.002225,5.4100,5.4300,5.4100,5.4300,273300,1480816.0000,3
2025-05-15,20250515142000000,sz.002225,5.4200,5.4400,5.4200,5.4300,175200,950876.0000,3
2025-05-15,20250515142500000,sz.002225,5.4300,5.4400,5.4200,5.4400,147900,803924.0000,3
2025-05-15,20250515143000000,sz.002225,5.4500,5.4500,5.4300,5.4300,61400,333824.0000,3
2025-05-15,20250515143500000,sz.002225,5.4300,5.4400,5.4300,5.4300,136100,739784.0000,3
2025-05-15,20250515144000000,sz.002225,5.4300,5.4400,5.4200,5.4200,332400,1804568.0000,3
2025-05-15,20250515144500000,sz.002225,5.4200,5.4300,5.4100,5.4300,295100,1599368.0000,3
2025-05-15,20250515145000000,sz.002225,5.4300,5.4300,5.4100,5.4300,372100,2016536.0000,3
2025-05-15,20250515145500000,sz.002225,5.4200,5.4200,5.4100,5.4100,290500,1573264.0000,3
2025-05-15,20250515150000000,sz.002225,5.4100,5.4200,5.4100,5.4100,477300,2582240.0000,3
2025-05-16,20250516093500000,sz.002225,5.4200,5.4600,5.3900,5.4400,946200,5127780.0000,3
2025-05-16,20250516094000000,sz.002225,5.4400,5.4500,5.4200,5.4200,304700,1654285.0000,3
2025-05-16,20250516094500000,sz.002225,5.4400,5.4500,5.4300,5.4300,479300,2602023.0000,3
2025-05-16,20250516095000000,sz.002225,5.4400,5.4600,5.4300,5.4400,274100,1492985.0000,3
2025-05-16,20250516095500000,sz.002225,5.4400,5.4600,5.4400,5.4600,410100,2236012.0000,3
2025-05-16,20250516100000000,sz.002225,5.4600,5.4600,5.4500,5.4600,103600,564956.0000,3
2025-05-16,20250516100500000,sz.002225,5.4600,5.4600,5.4500,5.4500,152600,831769.0000,3
2025-05-16,20250516101000000,sz.002225,5.4600,5.4600,5.4100,5.4300,923000,5013694.0000,3
2025-05-16,20250516101500000,sz.002225,5.4200,5.4300,5.3900,5.4100,407300,2200050.0000,3
2025-05-16,20250516102000000,sz.002225,5.4000,5.4100,5.3900,5.4000,231300,1248754.0000,3
2025-05-16,20250516102500000,sz.002225,5.3900,5.4000,5.3900,5.4000,121400,654460.0000,3
2025-05-16,20250516103000000,sz.002225,5.3900,5.4100,5.3900,5.4100,248400,1340862.0000,3
2025-05-16,20250516103500000,sz.002225,5.4000,5.4100,5.4000,5.4100,60500,327210.0000,3
2025-05-16,20250516104000000,sz.002225,5.4100,5.4100,5.4000,5.4100,87800,474504.0000,3
2025-05-16,20250516104500000,sz.002225,5.4100,5.4100,5.4000,5.4100,149500,807648.0000,3
2025-05-16,20250516105000000,sz.002225,5.4000,5.4200,5.4000,5.4100,148800,805222.0000,3
2025-05-16,20250516105500000,sz.002225,5.4000,5.4200,5.4000,5.4200,81600,441568.0000,3
2025-05-16,20250516110000000,sz.002225,5.4100,5.4300,5.4100,5.4200,281300,1524730.0000,3
2025-05-16,20250516110500000,sz.002225,5.4200,5.4300,5.4100,5.4200,140500,761648.0000,3
2025-05-16,20250516111000000,sz.002225,5.4100,5.4200,5.4100,5.4200,93700,507730.0000,3
2025-05-16,20250516111500000,sz.002225,5.4100,5.4300,5.4100,5.4200,186600,1011598.0000,3
2025-05-16,20250516112000000,sz.002225,5.4300,5.4300,5.4200,5.4300,21700,117748.0000,3
2025-05-16,20250516112500000,sz.002225,5.4200,5.4300,5.4100,5.4200,188400,1021556.0000,3
2025-05-16,20250516113000000,sz.002225,5.4100,5.4200,5.4100,5.4200,32000,173364.0000,3
2025-05-16,20250516130500000,sz.002225,5.4200,5.4200,5.4100,5.4200,83000,449308.0000,3
2025-05-16,20250516131000000,sz.002225,5.4100,5.4400,5.4100,5.4400,153100,830132.0000,3
2025-05-16,20250516131500000,sz.002225,5.4300,5.4400,5.4200,5.4300,93100,505604.0000,3
2025-05-16,20250516132000000,sz.002225,5.4300,5.4400,5.4200,5.4400,170600,927788.0000,3
2025-05-16,20250516132500000,sz.002225,5.4300,5.4400,5.4300,5.4400,18900,102716.0000,3
2025-05-16,20250516133000000,sz.002225,5.4400,5.4400,5.4300,5.4400,97600,530888.0000,3
2025-05-16,20250516133500000,sz.002225,5.4300,5.4500,5.4300,5.4500,241400,1313524.0000,3
2025-05-16,20250516134000000,sz.002225,5.4400,5.4500,5.4300,5.4500,153100,832888.0000,3
2025-05-16,20250516134500000,sz.002225,5.4400,5.4500,5.4300,5.4400,209100,1137480.0000,3
2025-05-16,20250516135000000,sz.002225,5.4400,5.4500,5.4300,5.4400,69000,375244.0000,3
2025-05-16,20250516135500000,sz.002225,5.4300,5.4400,5.4300,5.4400,100300,545112.0000,3
2025-05-16,20250516140000000,sz.002225,5.4300,5.4400,5.4300,5.4400,41800,227232.0000,3
2025-05-16,20250516140500000,sz.002225,5.4300,5.4300,5.4200,5.4300,212100,1150308.0000,3
2025-05-16,20250516141000000,sz.002225,5.4300,5.4300,5.4100,5.4200,116700,631788.0000,3
2025-05-16,20250516141500000,sz.002225,5.4100,5.4200,5.4000,5.4100,110200,595984.0000,3
2025-05-16,20250516142000000,sz.002225,5.4000,5.4200,5.4000,5.4200,64200,347268.0000,3
2025-05-16,20250516142500000,sz.002225,5.4100,5.4200,5.4100,5.4100,83200,450436.0000,3
2025-05-16,20250516143000000,sz.002225,5.4100,5.4300,5.4100,5.4100,150100,813488.0000,3
2025-05-16,20250516143500000,sz.002225,5.4200,5.4300,5.4100,5.4200,178000,963760.0000,3
2025-05-16,20250516144000000,sz.002225,5.4100,5.4200,5.4100,5.4200,64800,350736.0000,3
2025-05-16,20250516144500000,sz.002225,5.4100,5.4200,5.4100,5.4100,223400,1208644.0000,3
2025-05-16,20250516145000000,sz.002225,5.4000,5.4100,5.3900,5.4000,361500,1952236.0000,3
2025-05-16,20250516145500000,sz.002225,5.4000,5.4100,5.3900,5.4000,247100,1334808.0000,3
2025-05-16,20250516150000000,sz.002225,5.4000,5.4100,5.3900,5.3900,356400,1923140.0000,3
2025-05-19,20250519093500000,sz.002225,5.3800,5.4300,5.3700,5.4000,842000,4538340.0000,3
2025-05-19,20250519094000000,sz.002225,5.3800,5.4200,5.3800,5.3900,538300,2903031.0000,3
2025-05-19,20250519094500000,sz.002225,5.3800,5.3900,5.3600,5.3600,261100,1401268.0000,3
2025-05-19,20250519095000000,sz.002225,5.3600,5.3600,5.3300,5.3300,638000,3410452.0000,3
2025-05-19,20250519095500000,sz.002225,5.3300,5.3400,5.3000,5.3100,681200,3620926.0000,3
2025-05-19,20250519100000000,sz.002225,5.3100,5.3500,5.3100,5.3400,386900,2062397.0000,3
2025-05-19,20250519100500000,sz.002225,5.3400,5.4200,5.3300,5.4000,355000,1904934.0000,3
2025-05-19,20250519101000000,sz.002225,5.4000,5.4000,5.3700,5.3700,125800,677898.0000,3
2025-05-19,20250519101500000,sz.002225,5.3700,5.3800,5.3600,5.3800,99500,534982.0000,3
2025-05-19,20250519102000000,sz.002225,5.3800,5.4000,5.3800,5.4000,199400,1075508.0000,3
2025-05-19,20250519102500000,sz.002225,5.3900,5.4000,5.3900,5.3900,70600,381196.0000,3
2025-05-19,20250519103000000,sz.002225,5.3900,5.4200,5.3900,5.4200,298700,1615262.0000,3
2025-05-19,20250519103500000,sz.002225,5.4200,5.4300,5.4100,5.4100,135200,731990.0000,3
2025-05-19,20250519104000000,sz.002225,5.4200,5.4200,5.4100,5.4100,82300,445904.0000,3
2025-05-19,20250519104500000,sz.002225,5.4200,5.4300,5.4200,5.4300,178200,966302.0000,3
2025-05-19,20250519105000000,sz.002225,5.4200,5.4300,5.4200,5.4300,100900,546950.0000,3
2025-05-19,20250519105500000,sz.002225,5.4200,5.4400,5.4200,5.4300,390600,2120584.0000,3
2025-05-19,20250519110000000,sz.002225,5.4400,5.4500,5.4300,5.4300,295600,1607920.0000,3
2025-05-19,20250519110500000,sz.002225,5.4300,5.4400,5.4300,5.4400,89600,487228.0000,3
2025-05-19,20250519111000000,sz.002225,5.4400,5.4500,5.4300,5.4400,189500,1029632.0000,3
2025-05-19,20250519111500000,sz.002225,5.4400,5.4400,5.4200,5.4300,125100,679348.0000,3
2025-05-19,20250519112000000,sz.002225,5.4400,5.4400,5.4200,5.4300,89400,485462.0000,3
2025-05-19,20250519112500000,sz.002225,5.4300,5.4300,5.4100,5.4100,170800,925406.0000,3
2025-05-19,20250519113000000,sz.002225,5.4100,5.4200,5.4000,5.4000,167800,907440.0000,3
2025-05-19,20250519130500000,sz.002225,5.4100,5.4100,5.3900,5.3900,160600,867120.0000,3
2025-05-19,20250519131000000,sz.002225,5.3900,5.4100,5.3900,5.4000,114400,617896.0000,3
2025-05-19,20250519131500000,sz.002225,5.4100,5.4100,5.4000,5.4100,85700,463424.0000,3
2025-05-19,20250519132000000,sz.002225,5.4100,5.4100,5.4000,5.4000,110700,598140.0000,3
2025-05-19,20250519132500000,sz.002225,5.4100,5.4400,5.3900,5.4400,435900,2360788.0000,3
2025-05-19,20250519133000000,sz.002225,5.4400,5.4800,5.4200,5.4300,1171800,6389000.0000,3
2025-05-19,20250519133500000,sz.002225,5.4300,5.4300,5.4200,5.4300,78900,428348.0000,3
2025-05-19,20250519134000000,sz.002225,5.4400,5.4400,5.4300,5.4300,98800,536524.0000,3
2025-05-19,20250519134500000,sz.002225,5.4300,5.4500,5.4300,5.4400,114100,620408.0000,3
2025-05-19,20250519135000000,sz.002225,5.4400,5.4400,5.4300,5.4300,151300,822108.0000,3
2025-05-19,20250519135500000,sz.002225,5.4300,5.4300,5.4200,5.4300,181500,984476.0000,3
2025-05-19,20250519140000000,sz.002225,5.4200,5.4200,5.4100,5.4100,53000,287168.0000,3
2025-05-19,20250519140500000,sz.002225,5.4100,5.4200,5.4100,5.4200,190100,1028832.0000,3
2025-05-19,20250519141000000,sz.002225,5.4200,5.4300,5.4200,5.4300,56600,306956.0000,3
2025-05-19,20250519141500000,sz.002225,5.4200,5.4300,5.4200,5.4300,72400,392572.0000,3
2025-05-19,20250519142000000,sz.002225,5.4200,5.4300,5.4200,5.4200,78500,425472.0000,3
2025-05-19,20250519142500000,sz.002225,5.4200,5.4300,5.4200,5.4200,70600,382704.0000,3
2025-05-19,20250519143000000,sz.002225,5.4100,5.4200,5.4100,5.4100,165800,897112.0000,3
2025-05-19,20250519143500000,sz.002225,5.4200,5.4300,5.4100,5.4200,111300,603236.0000,3
2025-05-19,20250519144000000,sz.002225,5.4100,5.4300,5.4100,5.4300,132800,720132.0000,3
2025-05-19,20250519144500000,sz.002225,5.4100,5.4400,5.4100,5.4300,309900,1683108.0000,3
2025-05-19,20250519145000000,sz.002225,5.4300,5.4400,5.4200,5.4200,239500,1300820.0000,3
2025-05-19,20250519145500000,sz.002225,5.4200,5.4300,5.4100,5.4100,238500,1291400.0000,3
2025-05-19,20250519150000000,sz.002225,5.4100,5.4200,5.4100,5.4200,248100,1343808.0000,3
2025-05-20,20250520093500000,sz.002225,5.4000,5.4500,5.3900,5.4000,372300,2018464.0000,3
2025-05-20,20250520094000000,sz.002225,5.3900,5.4200,5.3800,5.4200,514300,2774565.0000,3
2025-05-20,20250520094500000,sz.002225,5.4200,5.4200,5.3800,5.3800,259100,1397888.0000,3
2025-05-20,20250520095000000,sz.002225,5.3900,5.4000,5.3700,5.3800,452800,2433703.0000,3
2025-05-20,20250520095500000,sz.002225,5.3800,5.3800,5.3600,5.3600,262200,1408247.0000,3
2025-05-20,20250520100000000,sz.002225,5.3700,5.3700,5.3500,5.3700,392700,2104854.0000,3
2025-05-20,20250520100500000,sz.002225,5.3700,5.3900,5.3700,5.3900,161700,868987.0000,3
2025-05-20,20250520101000000,sz.002225,5.3900,5.3900,5.3700,5.3800,117300,631011.0000,3
2025-05-20,20250520101500000,sz.002225,5.3800,5.3800,5.3600,5.3700,205300,1102766.0000,3
2025-05-20,20250520102000000,sz.002225,5.3700,5.3800,5.3600,5.3700,119200,640373.0000,3
2025-05-20,20250520102500000,sz.002225,5.3700,5.3800,5.3700,5.3700,55100,295951.0000,3
2025-05-20,20250520103000000,sz.002225,5.3700,5.3800,5.3500,5.3500,470900,2525123.0000,3
2025-05-20,20250520103500000,sz.002225,5.3500,5.4000,5.3500,5.3900,643700,3461772.0000,3
2025-05-20,20250520104000000,sz.002225,5.3800,5.3800,5.3700,5.3700,50900,273676.0000,3
2025-05-20,20250520104500000,sz.002225,5.3800,5.3800,5.3600,5.3700,284700,1527866.0000,3
2025-05-20,20250520105000000,sz.002225,5.3600,5.3700,5.3600,5.3700,123400,662554.0000,3
2025-05-20,20250520105500000,sz.002225,5.3700,5.3700,5.3600,5.3700,50400,270516.0000,3
2025-05-20,20250520110000000,sz.002225,5.3700,5.3700,5.3600,5.3600,111700,599696.0000,3
2025-05-20,20250520110500000,sz.002225,5.3700,5.3800,5.3700,5.3700,49600,266392.0000,3
2025-05-20,20250520111000000,sz.002225,5.3800,5.3900,5.3700,5.3800,160800,865064.0000,3
2025-05-20,20250520111500000,sz.002225,5.3800,5.3900,5.3800,5.3800,49900,268472.0000,3
2025-05-20,20250520112000000,sz.002225,5.3900,5.3900,5.3700,5.3800,103600,557572.0000,3
2025-05-20,20250520112500000,sz.002225,5.3800,5.3900,5.3700,5.3900,118200,635856.0000,3
2025-05-20,20250520113000000,sz.002225,5.3700,5.3800,5.3600,5.3700,792900,4252876.0000,3
2025-05-20,20250520130500000,sz.002225,5.3700,5.3700,5.3500,5.3600,490500,2629032.0000,3
2025-05-20,20250520131000000,sz.002225,5.3600,5.3800,5.3600,5.3800,68500,367972.0000,3
2025-05-20,20250520131500000,sz.002225,5.3700,5.3800,5.3600,5.3700,159800,857920.0000,3
2025-05-20,20250520132000000,sz.002225,5.3800,5.3800,5.3600,5.3700,143900,773284.0000,3
2025-05-20,20250520132500000,sz.002225,5.3700,5.3700,5.3600,5.3700,104800,561916.0000,3
2025-05-20,20250520133000000,sz.002225,5.3600,5.3700,5.3600,5.3600,74300,398920.0000,3
2025-05-20,20250520133500000,sz.002225,5.3600,5.3800,5.3600,5.3700,265000,1421232.0000,3
2025-05-20,20250520134000000,sz.002225,5.3700,5.3800,5.3700,5.3700,31600,169860.0000,3
2025-05-20,20250520134500000,sz.002225,5.3700,5.3800,5.3600,5.3700,482800,2587356.0000,3
2025-05-20,20250520135000000,sz.002225,5.3800,5.3800,5.3700,5.3700,199300,1071632.0000,3
2025-05-20,20250520135500000,sz.002225,5.3700,5.3800,5.3700,5.3800,53300,286356.0000,3
2025-05-20,20250520140000000,sz.002225,5.3700,5.3800,5.3600,5.3800,75100,403352.0000,3
2025-05-20,20250520140500000,sz.002225,5.3700,5.3800,5.3700,5.3800,49600,266564.0000,3
2025-05-20,20250520141000000,sz.002225,5.3800,5.3800,5.3600,5.3700,110100,591404.0000,3
2025-05-20,20250520141500000,sz.002225,5.3700,5.3700,5.3600,5.3700,157300,844380.0000,3
2025-05-20,20250520142000000,sz.002225,5.3700,5.3800,5.3700,5.3700,109500,588112.0000,3
2025-05-20,20250520142500000,sz.002225,5.3700,5.3800,5.3700,5.3800,42000,225856.0000,3
2025-05-20,20250520143000000,sz.002225,5.3800,5.3800,5.3700,5.3700,62100,333936.0000,3
2025-05-20,20250520143500000,sz.002225,5.3700,5.3800,5.3500,5.3600,875500,4690720.0000,3
2025-05-20,20250520144000000,sz.002225,5.3500,5.3600,5.3500,5.3600,84900,454792.0000,3
2025-05-20,20250520144500000,sz.002225,5.3600,5.3600,5.3500,5.3600,248900,1332940.0000,3
2025-05-20,20250520145000000,sz.002225,5.3600,5.3600,5.3500,5.3500,237000,1268420.0000,3
2025-05-20,20250520145500000,sz.002225,5.3500,5.3600,5.3400,5.3400,689700,3690424.0000,3
2025-05-20,20250520150000000,sz.002225,5.3400,5.3500,5.3400,5.3500,310400,1659952.0000,3
2025-05-21,20250521093500000,sz.002225,5.3500,5.3600,5.2900,5.2900,1486200,7894723.0000,3
2025-05-21,20250521094000000,sz.002225,5.2800,5.3100,5.2700,5.2900,744400,3934594.0000,3
2025-05-21,20250521094500000,sz.002225,5.2900,5.2900,5.2600,5.2700,1009300,5322543.0000,3
2025-05-21,20250521095000000,sz.002225,5.2600,5.2700,5.2500,5.2600,657200,3456024.0000,3
2025-05-21,20250521095500000,sz.002225,5.2600,5.2700,5.2300,5.2400,1065100,5592108.0000,3
2025-05-21,20250521100000000,sz.002225,5.2400,5.2500,5.2300,5.2500,321500,1685682.0000,3
2025-05-21,20250521100500000,sz.002225,5.2500,5.2500,5.2400,5.2400,135700,712198.0000,3
2025-05-21,20250521101000000,sz.002225,5.2400,5.2500,5.2300,5.2300,388800,2037452.0000,3
2025-05-21,20250521101500000,sz.002225,5.2400,5.2400,5.2200,5.2300,546900,2861106.0000,3
2025-05-21,20250521102000000,sz.002225,5.2300,5.2400,5.2200,5.2400,338800,1772098.0000,3
2025-05-21,20250521102500000,sz.002225,5.2400,5.2500,5.2300,5.2400,354900,1859800.0000,3
2025-05-21,20250521103000000,sz.002225,5.2400,5.2700,5.2400,5.2600,191700,1006976.0000,3
2025-05-21,20250521103500000,sz.002225,5.2700,5.2700,5.2500,5.2500,189100,994764.0000,3
2025-05-21,20250521104000000,sz.002225,5.2500,5.2600,5.2400,5.2400,308700,1620740.0000,3
2025-05-21,20250521104500000,sz.002225,5.2400,5.2500,5.2300,5.2400,208200,1090980.0000,3
2025-05-21,20250521105000000,sz.002225,5.2400,5.2500,5.2300,5.2300,183900,962428.0000,3
2025-05-21,20250521105500000,sz.002225,5.2300,5.2400,5.2300,5.2400,92000,481736.0000,3
2025-05-21,20250521110000000,sz.002225,5.2400,5.2500,5.2300,5.2400,79500,416600.0000,3
2025-05-21,20250521110500000,sz.002225,5.2400,5.2400,5.2300,5.2400,40300,210936.0000,3
2025-05-21,20250521111000000,sz.002225,5.2300,5.2400,5.2200,5.2300,204600,1069932.0000,3
2025-05-21,20250521111500000,sz.002225,5.2400,5.2400,5.2300,5.2300,113100,591928.0000,3
2025-05-21,20250521112000000,sz.002225,5.2300,5.2400,5.2300,5.2300,34800,182116.0000,3
2025-05-21,20250521112500000,sz.002225,5.2300,5.2500,5.2300,5.2500,75500,395840.0000,3
2025-05-21,20250521113000000,sz.002225,5.2500,5.2600,5.2500,5.2500,92300,484724.0000,3
2025-05-21,20250521130500000,sz.002225,5.2600,5.2600,5.2400,5.2500,79500,417080.0000,3
2025-05-21,20250521131000000,sz.002225,5.2400,5.2500,5.2300,5.2300,134500,705204.0000,3
2025-05-21,20250521131500000,sz.002225,5.2300,5.2400,5.2300,5.2300,85700,448588.0000,3
2025-05-21,20250521132000000,sz.002225,5.2400,5.2700,5.2300,5.2700,264700,1390380.0000,3
2025-05-21,20250521132500000,sz.002225,5.2600,5.2700,5.2600,5.2600,32700,172168.0000,3
2025-05-21,20250521133000000,sz.002225,5.2700,5.2900,5.2600,5.2700,175900,928108.0000,3
2025-05-21,20250521133500000,sz.002225,5.2700,5.2900,5.2700,5.2800,396900,2095940.0000,3
2025-05-21,20250521134000000,sz.002225,5.2700,5.2800,5.2600,5.2700,63100,332452.0000,3
2025-05-21,20250521134500000,sz.002225,5.2600,5.2700,5.2600,5.2600,44900,236396.0000,3
2025-05-21,20250521135000000,sz.002225,5.2600,5.2800,5.2600,5.2800,150900,794520.0000,3
2025-05-21,20250521135500000,sz.002225,5.2700,5.3000,5.2700,5.3000,336700,1778912.0000,3
2025-05-21,20250521140000000,sz.002225,5.2900,5.2900,5.2700,5.2900,143600,758288.0000,3
2025-05-21,20250521140500000,sz.002225,5.2800,5.2900,5.2700,5.2900,56900,300544.0000,3
2025-05-21,20250521141000000,sz.002225,5.2800,5.2900,5.2700,5.2700,132500,699608.0000,3
2025-05-21,20250521141500000,sz.002225,5.2700,5.2800,5.2700,5.2800,73400,387196.0000,3
2025-05-21,20250521142000000,sz.002225,5.2800,5.2800,5.2600,5.2700,162600,857068.0000,3
2025-05-21,20250521142500000,sz.002225,5.2700,5.2800,5.2600,5.2800,97400,513348.0000,3
2025-05-21,20250521143000000,sz.002225,5.2800,5.2800,5.2600,5.2800,95600,503844.0000,3
2025-05-21,20250521143500000,sz.002225,5.2800,5.2800,5.2700,5.2800,47200,248968.0000,3
2025-05-21,20250521144000000,sz.002225,5.2700,5.2900,5.2700,5.2900,177600,937816.0000,3
2025-05-21,20250521144500000,sz.002225,5.2800,5.2900,5.2700,5.2800,121900,643176.0000,3
2025-05-21,20250521145000000,sz.002225,5.2800,5.2900,5.2700,5.2800,188800,996520.0000,3
2025-05-21,20250521145500000,sz.002225,5.2800,5.2900,5.2700,5.2700,430700,2273732.0000,3
2025-05-21,20250521150000000,sz.002225,5.2700,5.2800,5.2700,5.2800,146700,773752.0000,3
2025-05-22,20250522093500000,sz.002225,5.2500,5.2700,5.2400,5.2600,410400,2156665.0000,3
2025-05-22,20250522094000000,sz.002225,5.2600,5.2800,5.2500,5.2800,139500,735211.0000,3
2025-05-22,20250522094500000,sz.002225,5.2700,5.3000,5.2700,5.2900,244600,1292594.0000,3
2025-05-22,20250522095000000,sz.002225,5.3100,5.3500,5.3100,5.3200,999000,5320366.0000,3
2025-05-22,20250522095500000,sz.002225,5.3200,5.3200,5.3000,5.3100,236300,1255452.0000,3
2025-05-22,20250522100000000,sz.002225,5.3100,5.3200,5.3000,5.3000,330100,1751206.0000,3
2025-05-22,20250522100500000,sz.002225,5.3000,5.3200,5.3000,5.3100,267300,1418265.0000,3
2025-05-22,20250522101000000,sz.002225,5.3000,5.3100,5.2900,5.2900,50900,269563.0000,3
2025-05-22,20250522101500000,sz.002225,5.2900,5.3000,5.2800,5.2800,107300,567538.0000,3
2025-05-22,20250522102000000,sz.002225,5.2800,5.2900,5.2800,5.2900,45800,241912.0000,3
2025-05-22,20250522102500000,sz.002225,5.2800,5.2900,5.2700,5.2800,111200,587079.0000,3
2025-05-22,20250522103000000,sz.002225,5.2800,5.2800,5.2700,5.2700,52100,275039.0000,3
2025-05-22,20250522103500000,sz.002225,5.2800,5.2900,5.2700,5.2900,137400,725290.0000,3
2025-05-22,20250522104000000,sz.002225,5.2900,5.2900,5.2600,5.2600,208000,1096504.0000,3
2025-05-22,20250522104500000,sz.002225,5.2600,5.2700,5.2500,5.2500,384900,2024316.0000,3
2025-05-22,20250522105000000,sz.002225,5.2500,5.2600,5.2500,5.2500,217300,1140868.0000,3
2025-05-22,20250522105500000,sz.002225,5.2400,5.2500,5.2400,5.2400,45500,238672.0000,3
2025-05-22,20250522110000000,sz.002225,5.2400,5.2500,5.2300,5.2300,423700,2217940.0000,3
2025-05-22,20250522110500000,sz.002225,5.2300,5.2400,5.2200,5.2300,299900,1568442.0000,3
2025-05-22,20250522111000000,sz.002225,5.2400,5.2400,5.2300,5.2300,68000,356126.0000,3
2025-05-22,20250522111500000,sz.002225,5.2300,5.2400,5.2300,5.2300,126700,663044.0000,3
2025-05-22,20250522112000000,sz.002225,5.2300,5.2400,5.2200,5.2300,84800,443442.0000,3
2025-05-22,20250522112500000,sz.002225,5.2300,5.2500,5.2300,5.2500,192300,1008026.0000,3
2025-05-22,20250522113000000,sz.002225,5.2500,5.2700,5.2500,5.2700,47700,250948.0000,3
2025-05-22,20250522130500000,sz.002225,5.2700,5.2800,5.2600,5.2700,185300,976136.0000,3
2025-05-22,20250522131000000,sz.002225,5.2600,5.2800,5.2600,5.2800,47000,247936.0000,3
2025-05-22,20250522131500000,sz.002225,5.2800,5.2800,5.2600,5.2600,134800,710806.0000,3
2025-05-22,20250522132000000,sz.002225,5.2700,5.2700,5.2600,5.2600,281800,1482360.0000,3
2025-05-22,20250522132500000,sz.002225,5.2600,5.2700,5.2500,5.2500,44200,232512.0000,3
2025-05-22,20250522133000000,sz.002225,5.2500,5.2600,5.2500,5.2500,153200,804366.0000,3
2025-05-22,20250522133500000,sz.002225,5.2600,5.2600,5.2400,5.2400,482000,2529568.0000,3
2025-05-22,20250522134000000,sz.002225,5.2400,5.2500,5.2400,5.2500,31100,163228.0000,3
2025-05-22,20250522134500000,sz.002225,5.2500,5.2500,5.2400,5.2400,44700,234608.0000,3
2025-05-22,20250522135000000,sz.002225,5.2400,5.2500,5.2400,5.2500,72100,378332.0000,3
2025-05-22,20250522135500000,sz.002225,5.2400,5.2600,5.2400,5.2600,72100,378892.0000,3
2025-05-22,20250522140000000,sz.002225,5.2600,5.2700,5.2500,5.2500,156400,822824.0000,3
2025-05-22,20250522140500000,sz.002225,5.2500,5.2600,5.2500,5.2500,9800,51532.0000,3
2025-05-22,20250522141000000,sz.002225,5.2500,5.2600,5.2400,5.2600,92600,486124.0000,3
2025-05-22,20250522141500000,sz.002225,5.2500,5.2500,5.2400,5.2400,116000,608208.0000,3
2025-05-22,20250522142000000,sz.002225,5.2400,5.2400,5.2300,5.2300,157500,825236.0000,3
2025-05-22,20250522142500000,sz.002225,5.2400,5.2400,5.2300,5.2300,128600,673792.0000,3
2025-05-22,20250522143000000,sz.002225,5.2300,5.2400,5.2200,5.2200,326900,1709620.0000,3
2025-05-22,20250522143500000,sz.002225,5.2200,5.2400,5.2200,5.2400,142500,745224.0000,3
2025-05-22,20250522144000000,sz.002225,5.2300,5.2400,5.2200,5.2200,165200,863956.0000,3
2025-05-22,20250522144500000,sz.002225,5.2200,5.2300,5.2100,5.2100,472700,2466112.0000,3
2025-05-22,20250522145000000,sz.002225,5.2100,5.2200,5.2100,5.2200,409500,2134620.0000,3
2025-05-22,20250522145500000,sz.002225,5.2200,5.2200,5.2100,5.2100,195000,1016528.0000,3
2025-05-22,20250522150000000,sz.002225,5.2100,5.2200,5.2000,5.2100,146900,765176.0000,3
2025-05-23,20250523093500000,sz.002225,5.2000,5.2700,5.2000,5.2600,641900,3358071.0000,3
2025-05-23,20250523094000000,sz.002225,5.2600,5.2700,5.2300,5.2400,288000,1511442.0000,3
2025-05-23,20250523094500000,sz.002225,5.2400,5.2400,5.2100,5.2300,344700,1801142.0000,3
2025-05-23,20250523095000000,sz.002225,5.2300,5.2400,5.2200,5.2400,152300,796545.0000,3
2025-05-23,20250523095500000,sz.002225,5.2400,5.2500,5.2300,5.2400,85400,447488.0000,3
2025-05-23,20250523100000000,sz.002225,5.2400,5.2600,5.2400,5.2500,210500,1104358.0000,3
2025-05-23,20250523100500000,sz.002225,5.2400,5.2500,5.2400,5.2500,23000,120648.0000,3
2025-05-23,20250523101000000,sz.002225,5.2500,5.2500,5.2400,5.2400,50200,263144.0000,3
2025-05-23,20250523101500000,sz.002225,5.2400,5.2500,5.2100,5.2200,528800,2765383.0000,3
2025-05-23,20250523102000000,sz.002225,5.2100,5.2200,5.2100,5.2200,153900,801912.0000,3
2025-05-23,20250523102500000,sz.002225,5.2200,5.2400,5.2200,5.2400,143700,750712.0000,3
2025-05-23,20250523103000000,sz.002225,5.2300,5.2400,5.2300,5.2300,187600,981783.0000,3
2025-05-23,20250523103500000,sz.002225,5.2300,5.2500,5.2300,5.2300,197200,1032879.0000,3
2025-05-23,20250523104000000,sz.002225,5.2300,5.2400,5.2200,5.2300,85000,444569.0000,3
2025-05-23,20250523104500000,sz.002225,5.2300,5.2300,5.2100,5.2100,89500,467049.0000,3
2025-05-23,20250523105000000,sz.002225,5.2200,5.2300,5.2100,5.2100,173100,903545.0000,3
2025-05-23,20250523105500000,sz.002225,5.2200,5.2300,5.2100,5.2200,314500,1642418.0000,3
2025-05-23,20250523110000000,sz.002225,5.2200,5.2200,5.2100,5.2200,119900,624800.0000,3
2025-05-23,20250523110500000,sz.002225,5.2200,5.2400,5.2100,5.2200,298500,1558880.0000,3
2025-05-23,20250523111000000,sz.002225,5.2200,5.2300,5.2200,5.2200,121100,632288.0000,3
2025-05-23,20250523111500000,sz.002225,5.2100,5.2300,5.2100,5.2100,240100,1253864.0000,3
2025-05-23,20250523112000000,sz.002225,5.2200,5.2200,5.2100,5.2200,85700,447468.0000,3
2025-05-23,20250523112500000,sz.002225,5.2100,5.2200,5.2100,5.2100,25500,133036.0000,3
2025-05-23,20250523113000000,sz.002225,5.2200,5.2200,5.2000,5.2000,151500,789216.0000,3
2025-05-23,20250523130500000,sz.002225,5.2000,5.2100,5.1900,5.1900,259700,1349634.0000,3
2025-05-23,20250523131000000,sz.002225,5.2000,5.2000,5.1900,5.1900,61300,318662.0000,3
2025-05-23,20250523131500000,sz.002225,5.1900,5.2000,5.1800,5.1900,205400,1065460.0000,3
2025-05-23,20250523132000000,sz.002225,5.1900,5.2000,5.1900,5.1900,100100,519604.0000,3
2025-05-23,20250523132500000,sz.002225,5.2000,5.2100,5.1900,5.2100,155900,810750.0000,3
2025-05-23,20250523133000000,sz.002225,5.2100,5.2100,5.2000,5.2100,68100,354306.0000,3
2025-05-23,20250523133500000,sz.002225,5.2000,5.2100,5.2000,5.2000,66800,347434.0000,3
2025-05-23,20250523134000000,sz.002225,5.2000,5.2100,5.1900,5.1900,82100,426742.0000,3
2025-05-23,20250523134500000,sz.002225,5.1900,5.2000,5.1900,5.1900,64200,333506.0000,3
2025-05-23,20250523135000000,sz.002225,5.1900,5.2000,5.1800,5.1800,122700,636892.0000,3
2025-05-23,20250523135500000,sz.002225,5.1900,5.2000,5.1800,5.1800,103800,538638.0000,3
2025-05-23,20250523140000000,sz.002225,5.1900,5.1900,5.1800,5.1900,62600,324604.0000,3
2025-05-23,20250523140500000,sz.002225,5.1900,5.1900,5.1700,5.1800,245200,1269084.0000,3
2025-05-23,20250523141000000,sz.002225,5.1700,5.1700,5.1500,5.1500,361900,1867964.0000,3
2025-05-23,20250523141500000,sz.002225,5.1500,5.1600,5.1300,5.1500,502700,2585488.0000,3
2025-05-23,20250523142000000,sz.002225,5.1600,5.1700,5.1500,5.1600,171400,884124.0000,3
2025-05-23,20250523142500000,sz.002225,5.1600,5.1700,5.1600,5.1600,139700,721012.0000,3
2025-05-23,20250523143000000,sz.002225,5.1700,5.1700,5.1500,5.1500,397600,2053008.0000,3
2025-05-23,20250523143500000,sz.002225,5.1500,5.1500,5.1100,5.1300,827000,4243072.0000,3
2025-05-23,20250523144000000,sz.002225,5.1400,5.1600,5.1300,5.1500,330200,1699552.0000,3
2025-05-23,20250523144500000,sz.002225,5.1500,5.1700,5.1400,5.1600,184100,949212.0000,3
2025-05-23,20250523145000000,sz.002225,5.1600,5.1600,5.1500,5.1600,77200,398012.0000,3
2025-05-23,20250523145500000,sz.002225,5.1600,5.1600,5.1400,5.1400,387300,1993792.0000,3
2025-05-23,20250523150000000,sz.002225,5.1400,5.1500,5.1300,5.1400,256400,1318024.0000,3
2025-05-26,20250526093500000,sz.002225,5.1300,5.1700,5.1300,5.1600,262900,1352425.0000,3
2025-05-26,20250526094000000,sz.002225,5.1500,5.1600,5.1300,5.1500,312700,1607961.0000,3
2025-05-26,20250526094500000,sz.002225,5.1500,5.1900,5.1500,5.1800,710700,3674772.0000,3
2025-05-26,20250526095000000,sz.002225,5.1800,5.1900,5.1600,5.1800,627500,3249021.0000,3
2025-05-26,20250526095500000,sz.002225,5.1700,5.1900,5.1700,5.1800,251800,1304834.0000,3
2025-05-26,20250526100000000,sz.002225,5.1800,5.1900,5.1600,5.1700,789600,4088336.0000,3
2025-05-26,20250526100500000,sz.002225,5.1800,5.2000,5.1800,5.1800,328400,1704051.0000,3
2025-05-26,20250526101000000,sz.002225,5.1900,5.2000,5.1800,5.1900,207800,1079436.0000,3
2025-05-26,20250526101500000,sz.002225,5.1900,5.2000,5.1800,5.2000,344500,1789844.0000,3
2025-05-26,20250526102000000,sz.002225,5.2000,5.2100,5.1900,5.2100,319300,1660796.0000,3
2025-05-26,20250526102500000,sz.002225,5.2100,5.2100,5.1900,5.2000,292400,1520104.0000,3
2025-05-26,20250526103000000,sz.002225,5.1900,5.2000,5.1900,5.2000,211200,1097956.0000,3
2025-05-26,20250526103500000,sz.002225,5.2000,5.2100,5.1900,5.2000,168100,874260.0000,3
2025-05-26,20250526104000000,sz.002225,5.2000,5.2100,5.1900,5.2000,224400,1167556.0000,3
2025-05-26,20250526104500000,sz.002225,5.2100,5.2100,5.1900,5.1900,191900,998710.0000,3
2025-05-26,20250526105000000,sz.002225,5.2000,5.2000,5.1900,5.2000,112700,585704.0000,3
2025-05-26,20250526105500000,sz.002225,5.2000,5.2000,5.1800,5.1800,202800,1052528.0000,3
2025-05-26,20250526110000000,sz.002225,5.1900,5.2000,5.1900,5.2000,192800,1001590.0000,3
2025-05-26,20250526110500000,sz.002225,5.1900,5.2100,5.1800,5.1900,212400,1103584.0000,3
2025-05-26,20250526111000000,sz.002225,5.2000,5.2000,5.1800,5.1900,102300,531064.0000,3
2025-05-26,20250526111500000,sz.002225,5.1900,5.1900,5.1800,5.1800,71400,370372.0000,3
2025-05-26,20250526112000000,sz.002225,5.1800,5.1900,5.1700,5.1800,222400,1151472.0000,3
2025-05-26,20250526112500000,sz.002225,5.1700,5.1800,5.1500,5.1600,270600,1397640.0000,3
2025-05-26,20250526113000000,sz.002225,5.1600,5.1600,5.1500,5.1500,159600,822416.0000,3
2025-05-26,20250526130500000,sz.002225,5.1500,5.1700,5.1500,5.1700,375100,1933456.0000,3
2025-05-26,20250526131000000,sz.002225,5.1700,5.1700,5.1500,5.1500,193300,996568.0000,3
2025-05-26,20250526131500000,sz.002225,5.1600,5.1700,5.1500,5.1600,409400,2109492.0000,3
2025-05-26,20250526132000000,sz.002225,5.1500,5.1600,5.1500,5.1500,95400,492004.0000,3
2025-05-26,20250526132500000,sz.002225,5.1500,5.1600,5.1500,5.1500,147500,759872.0000,3
2025-05-26,20250526133000000,sz.002225,5.1500,5.1500,5.1300,5.1300,241900,1243428.0000,3
2025-05-26,20250526133500000,sz.002225,5.1400,5.1400,5.1300,5.1300,195000,1000664.0000,3
2025-05-26,20250526134000000,sz.002225,5.1300,5.1500,5.1300,5.1400,174100,895512.0000,3
2025-05-26,20250526134500000,sz.002225,5.1400,5.1500,5.1400,5.1400,69700,358812.0000,3
2025-05-26,20250526135000000,sz.002225,5.1400,5.1600,5.1400,5.1500,224400,1154928.0000,3
2025-05-26,20250526135500000,sz.002225,5.1400,5.1600,5.1400,5.1600,67800,349564.0000,3
2025-05-26,20250526140000000,sz.002225,5.1600,5.1600,5.1500,5.1500,80300,414144.0000,3
2025-05-26,20250526140500000,sz.002225,5.1500,5.1600,5.1500,5.1500,140800,725924.0000,3
2025-05-26,20250526141000000,sz.002225,5.1600,5.1600,5.1500,5.1500,127500,657420.0000,3
2025-05-26,20250526141500000,sz.002225,5.1500,5.1600,5.1500,5.1500,83900,432360.0000,3
2025-05-26,20250526142000000,sz.002225,5.1500,5.1500,5.1400,5.1500,200600,1032524.0000,3
2025-05-26,20250526142500000,sz.002225,5.1500,5.1600,5.1400,5.1500,154300,794724.0000,3
2025-05-26,20250526143000000,sz.002225,5.1500,5.1600,5.1500,5.1600,46100,237828.0000,3
2025-05-26,20250526143500000,sz.002225,5.1600,5.1600,5.1500,5.1500,153400,790376.0000,3
2025-05-26,20250526144000000,sz.002225,5.1600,5.1600,5.1500,5.1500,49400,254796.0000,3
2025-05-26,20250526144500000,sz.002225,5.1600,5.1600,5.1400,5.1500,215600,1110148.0000,3
2025-05-26,20250526145000000,sz.002225,5.1400,5.1600,5.1400,5.1600,269400,1387112.0000,3
2025-05-26,20250526145500000,sz.002225,5.1500,5.1600,5.1500,5.1500,192400,991184.0000,3
2025-05-26,20250526150000000,sz.002225,5.1500,5.1600,5.1400,5.1600,179000,922848.0000,3
2025-05-27,20250527093500000,sz.002225,5.1400,5.1700,5.1200,5.1400,453100,2327299.0000,3
2025-05-27,20250527094000000,sz.002225,5.1200,5.1300,5.0900,5.0900,608100,3107423.0000,3
2025-05-27,20250527094500000,sz.002225,5.1000,5.1100,5.0700,5.0800,1006700,5122260.0000,3
2025-05-27,20250527095000000,sz.002225,5.0800,5.0900,5.0700,5.0800,410600,2086208.0000,3
2025-05-27,20250527095500000,sz.002225,5.0800,5.1000,5.0800,5.1000,189200,962282.0000,3
2025-05-27,20250527100000000,sz.002225,5.0900,5.1000,5.0900,5.0900,155900,794051.0000,3
2025-05-27,20250527100500000,sz.002225,5.0900,5.0900,5.0700,5.0800,462300,2348844.0000,3
2025-05-27,20250527101000000,sz.002225,5.0800,5.0800,5.0600,5.0600,374500,1897233.0000,3
2025-05-27,20250527101500000,sz.002225,5.0600,5.0700,5.0400,5.0400,1309200,6611164.0000,3
2025-05-27,20250527102000000,sz.002225,5.0400,5.0500,5.0200,5.0400,756000,3818404.0000,3
2025-05-27,20250527102500000,sz.002225,5.0400,5.0500,5.0300,5.0400,1191000,5997040.0000,3
2025-05-27,20250527103000000,sz.002225,5.0400,5.0500,5.0400,5.0400,141700,714948.0000,3
2025-05-27,20250527103500000,sz.002225,5.0400,5.0600,5.0400,5.0500,352000,1778044.0000,3
2025-05-27,20250527104000000,sz.002225,5.0500,5.0500,5.0300,5.0500,320600,1616064.0000,3
2025-05-27,20250527104500000,sz.002225,5.0500,5.0600,5.0400,5.0500,239100,1206944.0000,3
2025-05-27,20250527105000000,sz.002225,5.0500,5.0500,5.0300,5.0400,495000,2496080.0000,3
2025-05-27,20250527105500000,sz.002225,5.0400,5.0700,5.0400,5.0700,420300,2123848.0000,3
2025-05-27,20250527110000000,sz.002225,5.0700,5.0700,5.0600,5.0700,193000,978064.0000,3
2025-05-27,20250527110500000,sz.002225,5.0700,5.0700,5.0500,5.0600,106900,540524.0000,3
2025-05-27,20250527111000000,sz.002225,5.0600,5.0600,5.0500,5.0600,154100,779092.0000,3
2025-05-27,20250527111500000,sz.002225,5.0600,5.0600,5.0300,5.0300,312400,1574836.0000,3
2025-05-27,20250527112000000,sz.002225,5.0300,5.0400,5.0200,5.0200,259000,1303248.0000,3
2025-05-27,20250527112500000,sz.002225,5.0300,5.0300,5.0200,5.0200,184600,927520.0000,3
2025-05-27,20250527113000000,sz.002225,5.0200,5.0300,5.0100,5.0100,534700,2682312.0000,3
2025-05-27,20250527130500000,sz.002225,5.0200,5.0300,5.0100,5.0200,408600,2051396.0000,3
2025-05-27,20250527131000000,sz.002225,5.0200,5.0300,5.0100,5.0300,627500,3147800.0000,3
2025-05-27,20250527131500000,sz.002225,5.0300,5.0300,5.0100,5.0200,230500,1156384.0000,3
2025-05-27,20250527132000000,sz.002225,5.0100,5.0100,4.9900,5.0000,645900,3230788.0000,3
2025-05-27,20250527132500000,sz.002225,4.9900,5.0000,4.9700,4.9700,766000,3819548.0000,3
2025-05-27,20250527133000000,sz.002225,4.9700,4.9800,4.9600,4.9700,474700,2358152.0000,3
2025-05-27,20250527133500000,sz.002225,4.9700,4.9900,4.9700,4.9700,461700,2297808.0000,3
2025-05-27,20250527134000000,sz.002225,4.9800,4.9900,4.9700,4.9900,211700,1054848.0000,3
2025-05-27,20250527134500000,sz.002225,4.9800,4.9900,4.9800,4.9800,327300,1630288.0000,3
2025-05-27,20250527135000000,sz.002225,4.9900,4.9900,4.9600,4.9600,464100,2308360.0000,3
2025-05-27,20250527135500000,sz.002225,4.9600,4.9700,4.9600,4.9600,280400,1390888.0000,3
2025-05-27,20250527140000000,sz.002225,4.9600,4.9700,4.9600,4.9700,357300,1772944.0000,3
2025-05-27,20250527140500000,sz.002225,4.9700,4.9800,4.9600,4.9700,266700,1325608.0000,3
2025-05-27,20250527141000000,sz.002225,4.9600,4.9700,4.9600,4.9700,138900,689376.0000,3
2025-05-27,20250527141500000,sz.002225,4.9600,4.9900,4.9600,4.9900,389800,1939752.0000,3
2025-05-27,20250527142000000,sz.002225,4.9800,4.9900,4.9800,4.9800,223300,1112856.0000,3
2025-05-27,20250527142500000,sz.002225,4.9800,4.9900,4.9700,4.9700,207400,1033192.0000,3
2025-05-27,20250527143000000,sz.002225,4.9800,4.9800,4.9700,4.9700,138100,686688.0000,3
2025-05-27,20250527143500000,sz.002225,4.9700,4.9800,4.9600,4.9600,312900,1555216.0000,3
2025-05-27,20250527144000000,sz.002225,4.9700,4.9800,4.9600,4.9600,196200,974616.0000,3
2025-05-27,20250527144500000,sz.002225,4.9700,4.9700,4.9600,4.9600,345300,1713312.0000,3
2025-05-27,20250527145000000,sz.002225,4.9600,4.9700,4.9500,4.9600,405400,2011008.0000,3
2025-05-27,20250527145500000,sz.002225,4.9500,4.9600,4.9500,4.9600,878200,4349048.0000,3
2025-05-27,20250527150000000,sz.002225,4.9600,4.9700,4.9500,4.9700,464900,2303960.0000,3
2025-05-28,20250528093500000,sz.002225,4.9900,5.0200,4.9500,4.9600,1679400,8376044.0000,3
2025-05-28,20250528094000000,sz.002225,4.9600,4.9800,4.9500,4.9800,730800,3628466.0000,3
2025-05-28,20250528094500000,sz.002225,4.9800,4.9900,4.9600,4.9600,323000,1605673.0000,3
2025-05-28,20250528095000000,sz.002225,4.9700,4.9900,4.9600,4.9800,271800,1351640.0000,3
2025-05-28,20250528095500000,sz.002225,4.9800,4.9800,4.9600,4.9700,811400,4027561.0000,3
2025-05-28,20250528100000000,sz.002225,4.9700,4.9800,4.9600,4.9600,390900,1943468.0000,3
2025-05-28,20250528100500000,sz.002225,4.9600,4.9700,4.9500,4.9500,206900,1025664.0000,3
2025-05-28,20250528101000000,sz.002225,4.9600,4.9600,4.9400,4.9400,304300,1506432.0000,3
2025-05-28,20250528101500000,sz.002225,4.9400,4.9600,4.9400,4.9400,209600,1037856.0000,3
2025-05-28,20250528102000000,sz.002225,4.9400,4.9600,4.9400,4.9500,214200,1059844.0000,3
2025-05-28,20250528102500000,sz.002225,4.9500,5.0000,4.9500,4.9800,381900,1901940.0000,3
2025-05-28,20250528103000000,sz.002225,4.9900,5.0100,4.9900,5.0000,251400,1256892.0000,3
2025-05-28,20250528103500000,sz.002225,5.0100,5.0100,4.9800,4.9800,130500,651756.0000,3
2025-05-28,20250528104000000,sz.002225,4.9800,4.9900,4.9700,4.9700,91400,454762.0000,3
2025-05-28,20250528104500000,sz.002225,4.9700,5.0000,4.9600,4.9900,321200,1599302.0000,3
2025-05-28,20250528105000000,sz.002225,4.9900,4.9900,4.9800,4.9900,96200,479844.0000,3
2025-05-28,20250528105500000,sz.002225,4.9900,4.9900,4.9800,4.9800,56600,282012.0000,3
2025-05-28,20250528110000000,sz.002225,4.9800,4.9900,4.9700,4.9800,107000,532654.0000,3
2025-05-28,20250528110500000,sz.002225,4.9700,4.9800,4.9700,4.9700,63800,317522.0000,3
2025-05-28,20250528111000000,sz.002225,4.9700,4.9800,4.9700,4.9700,80000,397790.0000,3
2025-05-28,20250528111500000,sz.002225,4.9700,4.9800,4.9600,4.9700,106600,529482.0000,3
2025-05-28,20250528112000000,sz.002225,4.9600,4.9700,4.9500,4.9600,216300,1072872.0000,3
2025-05-28,20250528112500000,sz.002225,4.9600,4.9600,4.9400,4.9600,234400,1160180.0000,3
2025-05-28,20250528113000000,sz.002225,4.9500,4.9700,4.9500,4.9500,303600,1504752.0000,3
2025-05-28,20250528130500000,sz.002225,4.9700,4.9700,4.9500,4.9600,135100,670940.0000,3
2025-05-28,20250528131000000,sz.002225,4.9700,4.9700,4.9500,4.9600,76000,376868.0000,3
2025-05-28,20250528131500000,sz.002225,4.9600,4.9700,4.9600,4.9600,60700,301080.0000,3
2025-05-28,20250528132000000,sz.002225,4.9700,4.9700,4.9500,4.9600,72400,359008.0000,3
2025-05-28,20250528132500000,sz.002225,4.9500,4.9700,4.9500,4.9700,80700,400648.0000,3
2025-05-28,20250528133000000,sz.002225,4.9600,4.9700,4.9600,4.9600,72100,357836.0000,3
2025-05-28,20250528133500000,sz.002225,4.9700,4.9700,4.9600,4.9600,70000,347348.0000,3
2025-05-28,20250528134000000,sz.002225,4.9600,4.9600,4.9500,4.9500,94000,465812.0000,3
2025-05-28,20250528134500000,sz.002225,4.9600,4.9600,4.9500,4.9500,287900,1425204.0000,3
2025-05-28,20250528135000000,sz.002225,4.9500,4.9600,4.9500,4.9600,107600,532628.0000,3
2025-05-28,20250528135500000,sz.002225,4.9500,4.9600,4.9400,4.9500,53800,266328.0000,3
2025-05-28,20250528140000000,sz.002225,4.9400,4.9500,4.9300,4.9400,357900,1767964.0000,3
2025-05-28,20250528140500000,sz.002225,4.9400,4.9400,4.9300,4.9400,143200,707204.0000,3
2025-05-28,20250528141000000,sz.002225,4.9400,4.9400,4.9300,4.9400,77900,384752.0000,3
2025-05-28,20250528141500000,sz.002225,4.9400,4.9500,4.9300,4.9500,163400,807588.0000,3
2025-05-28,20250528142000000,sz.002225,4.9400,4.9500,4.9300,4.9300,109100,538544.0000,3
2025-05-28,20250528142500000,sz.002225,4.9300,4.9400,4.9300,4.9300,68900,339900.0000,3
2025-05-28,20250528143000000,sz.002225,4.9400,4.9500,4.9400,4.9500,104000,514076.0000,3
2025-05-28,20250528143500000,sz.002225,4.9500,4.9600,4.9400,4.9500,369700,1830288.0000,3
2025-05-28,20250528144000000,sz.002225,4.9500,4.9600,4.9400,4.9500,88200,436552.0000,3
2025-05-28,20250528144500000,sz.002225,4.9400,4.9500,4.9400,4.9500,91200,450808.0000,3
2025-05-28,20250528145000000,sz.002225,4.9500,4.9500,4.9400,4.9500,71600,353896.0000,3
2025-05-28,20250528145500000,sz.002225,4.9500,4.9500,4.9400,4.9500,148500,734344.0000,3
2025-05-28,20250528150000000,sz.002225,4.9500,4.9500,4.9400,4.9500,187800,928852.0000,3
2025-05-29,20250529093500000,sz.002225,4.9600,4.9900,4.9100,4.9700,657500,3259870.0000,3
2025-05-29,20250529094000000,sz.002225,4.9700,4.9900,4.9500,4.9800,307800,1531321.0000,3
2025-05-29,20250529094500000,sz.002225,4.9800,5.0100,4.9800,5.0100,458700,2290510.0000,3
2025-05-29,20250529095000000,sz.002225,5.0100,5.0100,5.0000,5.0100,575100,2877003.0000,3
2025-05-29,20250529095500000,sz.002225,5.0100,5.0100,4.9700,4.9800,472400,2355382.0000,3
2025-05-29,20250529100000000,sz.002225,4.9700,4.9900,4.9700,4.9800,1051000,5216900.0000,3
2025-05-29,20250529100500000,sz.002225,4.9900,5.0000,4.9800,4.9900,335300,1673990.0000,3
2025-05-29,20250529101000000,sz.002225,4.9900,5.0000,4.9800,4.9900,186700,932156.0000,3
2025-05-29,20250529101500000,sz.002225,4.9900,4.9900,4.9700,4.9800,218800,1090354.0000,3
2025-05-29,20250529102000000,sz.002225,4.9700,4.9800,4.9600,4.9800,411400,2045298.0000,3
2025-05-29,20250529102500000,sz.002225,4.9800,5.0000,4.9700,4.9700,320800,1599336.0000,3
2025-05-29,20250529103000000,sz.002225,4.9700,4.9900,4.9700,4.9900,154100,767320.0000,3
2025-05-29,20250529103500000,sz.002225,4.9900,4.9900,4.9700,4.9800,210500,1048166.0000,3
2025-05-29,20250529104000000,sz.002225,4.9800,4.9900,4.9700,4.9800,144500,719960.0000,3
2025-05-29,20250529104500000,sz.002225,4.9800,4.9900,4.9800,4.9900,132700,662078.0000,3
2025-05-29,20250529105000000,sz.002225,4.9900,5.0000,4.9800,5.0000,209000,1043704.0000,3
2025-05-29,20250529105500000,sz.002225,5.0000,5.0000,4.9800,5.0000,237100,1183310.0000,3
2025-05-29,20250529110000000,sz.002225,5.0000,5.0000,4.9900,4.9900,37000,184676.0000,3
2025-05-29,20250529110500000,sz.002225,4.9900,5.0000,4.9800,4.9900,171000,853464.0000,3
2025-05-29,20250529111000000,sz.002225,4.9900,4.9900,4.9800,4.9900,35400,176518.0000,3
2025-05-29,20250529111500000,sz.002225,4.9900,5.0000,4.9900,4.9900,169600,846336.0000,3
2025-05-29,20250529112000000,sz.002225,4.9900,5.0000,4.9800,4.9900,44900,224030.0000,3
2025-05-29,20250529112500000,sz.002225,4.9800,4.9900,4.9800,4.9800,72000,359040.0000,3
2025-05-29,20250529113000000,sz.002225,4.9900,4.9900,4.9800,4.9900,42600,212430.0000,3
2025-05-29,20250529130500000,sz.002225,4.9900,5.0000,4.9800,4.9900,177000,883136.0000,3
2025-05-29,20250529131000000,sz.002225,4.9900,4.9900,4.9800,4.9900,204900,1020612.0000,3
2025-05-29,20250529131500000,sz.002225,4.9800,4.9800,4.9700,4.9800,158200,787460.0000,3
2025-05-29,20250529132000000,sz.002225,4.9700,4.9900,4.9700,4.9900,95300,474632.0000,3
2025-05-29,20250529132500000,sz.002225,4.9900,4.9900,4.9700,4.9700,216900,1079200.0000,3
2025-05-29,20250529133000000,sz.002225,4.9700,4.9800,4.9600,4.9700,545000,2710760.0000,3
2025-05-29,20250529133500000,sz.002225,4.9700,4.9700,4.9600,4.9600,73700,365888.0000,3
2025-05-29,20250529134000000,sz.002225,4.9600,4.9800,4.9600,4.9800,144400,717720.0000,3
2025-05-29,20250529134500000,sz.002225,4.9700,4.9800,4.9700,4.9700,287200,1427648.0000,3
2025-05-29,20250529135000000,sz.002225,4.9700,4.9700,4.9600,4.9700,121000,601316.0000,3
2025-05-29,20250529135500000,sz.002225,4.9600,4.9800,4.9600,4.9800,114000,566364.0000,3
2025-05-29,20250529140000000,sz.002225,4.9700,4.9800,4.9700,4.9800,109900,547148.0000,3
2025-05-29,20250529140500000,sz.002225,4.9800,4.9800,4.9600,4.9800,140100,696308.0000,3
2025-05-29,20250529141000000,sz.002225,4.9800,4.9800,4.9600,4.9600,105100,522288.0000,3
2025-05-29,20250529141500000,sz.002225,4.9700,4.9800,4.9600,4.9700,71900,357324.0000,3
2025-05-29,20250529142000000,sz.002225,4.9700,4.9700,4.9600,4.9700,381300,1891504.0000,3
2025-05-29,20250529142500000,sz.002225,4.9700,4.9700,4.9600,4.9600,97300,482820.0000,3
2025-05-29,20250529143000000,sz.002225,4.9600,4.9700,4.9600,4.9600,322800,1601420.0000,3
2025-05-29,20250529143500000,sz.002225,4.9700,4.9700,4.9600,4.9700,441000,2188960.0000,3
2025-05-29,20250529144000000,sz.002225,4.9700,4.9700,4.9500,4.9600,620300,3074028.0000,3
2025-05-29,20250529144500000,sz.002225,4.9500,4.9600,4.9500,4.9500,128700,637220.0000,3
2025-05-29,20250529145000000,sz.002225,4.9500,4.9600,4.9400,4.9400,508300,2515084.0000,3
2025-05-29,20250529145500000,sz.002225,4.9500,4.9600,4.9400,4.9500,546400,2705728.0000,3
2025-05-29,20250529150000000,sz.002225,4.9500,4.9600,4.9400,4.9600,264700,1311244.0000,3
2025-05-30,20250530093500000,sz.002225,4.9600,4.9600,4.9200,4.9200,601800,2971054.0000,3
2025-05-30,20250530094000000,sz.002225,4.9200,4.9400,4.9200,4.9300,270100,1331045.0000,3
2025-05-30,20250530094500000,sz.002225,4.9300,4.9300,4.8900,4.8900,1204500,5909118.0000,3
2025-05-30,20250530095000000,sz.002225,4.9000,4.9000,4.8700,4.9000,528800,2584790.0000,3
2025-05-30,20250530095500000,sz.002225,4.9000,4.9000,4.8800,4.8800,939400,4589929.0000,3
2025-05-30,20250530100000000,sz.002225,4.8700,4.8900,4.8700,4.8800,179600,876344.0000,3
2025-05-30,20250530100500000,sz.002225,4.8800,4.9200,4.8800,4.9100,1299400,6365376.0000,3
2025-05-30,20250530101000000,sz.002225,4.9100,4.9100,4.8800,4.8800,145200,710572.0000,3
2025-05-30,20250530101500000,sz.002225,4.8800,4.8900,4.8800,4.8800,252000,1230386.0000,3
2025-05-30,20250530102000000,sz.002225,4.8800,4.8900,4.8700,4.8800,337500,1644352.0000,3
2025-05-30,20250530102500000,sz.002225,4.8700,4.8800,4.8600,4.8600,495600,2410378.0000,3
2025-05-30,20250530103000000,sz.002225,4.8600,4.8700,4.8500,4.8600,213900,1039320.0000,3
2025-05-30,20250530103500000,sz.002225,4.8700,4.8700,4.8600,4.8700,223700,1089192.0000,3
2025-05-30,20250530104000000,sz.002225,4.8700,4.8700,4.8500,4.8700,403200,1959824.0000,3
2025-05-30,20250530104500000,sz.002225,4.8700,4.8800,4.8700,4.8800,87400,425712.0000,3
2025-05-30,20250530105000000,sz.002225,4.8700,4.8800,4.8700,4.8800,75000,365524.0000,3
2025-05-30,20250530105500000,sz.002225,4.8800,4.8900,4.8800,4.8900,175800,857996.0000,3
2025-05-30,20250530110000000,sz.002225,4.8900,4.9000,4.8700,4.9000,272800,1333904.0000,3
2025-05-30,20250530110500000,sz.002225,4.9000,4.9000,4.8800,4.8800,114000,557568.0000,3
2025-05-30,20250530111000000,sz.002225,4.8800,4.8900,4.8800,4.8800,122700,599112.0000,3
2025-05-30,20250530111500000,sz.002225,4.8800,4.8900,4.8800,4.8800,59000,288140.0000,3
2025-05-30,20250530112000000,sz.002225,4.8800,4.8900,4.8800,4.8800,114800,560240.0000,3
2025-05-30,20250530112500000,sz.002225,4.8800,4.8900,4.8700,4.8800,81500,397596.0000,3
2025-05-30,20250530113000000,sz.002225,4.8700,4.8900,4.8700,4.8800,29200,142440.0000,3
2025-05-30,20250530130500000,sz.002225,4.8900,4.9000,4.8700,4.8900,503700,2463680.0000,3
2025-05-30,20250530131000000,sz.002225,4.8900,4.9000,4.8900,4.8900,56200,274824.0000,3
2025-05-30,20250530131500000,sz.002225,4.8900,4.8900,4.8800,4.8900,54400,266000.0000,3
2025-05-30,20250530132000000,sz.002225,4.8900,4.9100,4.8900,4.8900,456200,2236048.0000,3
2025-05-30,20250530132500000,sz.002225,4.8900,4.9000,4.8900,4.8900,41600,203576.0000,3
2025-05-30,20250530133000000,sz.002225,4.9000,4.9000,4.8900,4.8900,137800,674996.0000,3
2025-05-30,20250530133500000,sz.002225,4.8900,4.9100,4.8900,4.9000,103000,504700.0000,3
2025-05-30,20250530134000000,sz.002225,4.9000,4.9000,4.8900,4.9000,74800,366144.0000,3
2025-05-30,20250530134500000,sz.002225,4.9000,4.9000,4.8900,4.8900,57000,279024.0000,3
2025-05-30,20250530135000000,sz.002225,4.9000,4.9000,4.8900,4.9000,94400,461820.0000,3
2025-05-30,20250530135500000,sz.002225,4.9000,4.9000,4.8900,4.8900,17100,83740.0000,3
2025-05-30,20250530140000000,sz.002225,4.9000,4.9000,4.8900,4.9000,225200,1102816.0000,3
2025-05-30,20250530140500000,sz.002225,4.8900,4.9000,4.8800,4.9000,136400,667632.0000,3
2025-05-30,20250530141000000,sz.002225,4.9000,4.9100,4.8900,4.9100,370500,1814216.0000,3
2025-05-30,20250530141500000,sz.002225,4.9100,4.9100,4.9000,4.9000,253100,1240248.0000,3
2025-05-30,20250530142000000,sz.002225,4.9000,4.9000,4.8800,4.8900,80900,395752.0000,3
2025-05-30,20250530142500000,sz.002225,4.8900,4.9100,4.8800,4.9000,338900,1656276.0000,3
2025-05-30,20250530143000000,sz.002225,4.9000,4.9100,4.8900,4.9000,86700,424652.0000,3
2025-05-30,20250530143500000,sz.002225,4.8900,4.9000,4.8900,4.8900,22400,109676.0000,3
2025-05-30,20250530144000000,sz.002225,4.9000,4.9000,4.8900,4.8900,61600,301688.0000,3
2025-05-30,20250530144500000,sz.002225,4.9000,4.9000,4.8900,4.9000,46400,227096.0000,3
2025-05-30,20250530145000000,sz.002225,4.9000,4.9000,4.8900,4.9000,92100,450764.0000,3
2025-05-30,20250530145500000,sz.002225,4.9000,4.9200,4.8900,4.9200,439800,2156944.0000,3
2025-05-30,20250530150000000,sz.002225,4.9200,4.9200,4.9000,4.9000,223700,1098104.0000,3
2025-06-03,20250603093500000,sz.002225,4.8600,4.9000,4.8600,4.8700,653900,3189700.0000,3
2025-06-03,20250603094000000,sz.002225,4.8700,4.8900,4.8600,4.8900,240400,1172223.0000,3
2025-06-03,20250603094500000,sz.002225,4.8900,4.8900,4.8700,4.8700,330600,1611617.0000,3
2025-06-03,20250603095000000,sz.002225,4.8700,4.8900,4.8700,4.8900,238400,1162726.0000,3
2025-06-03,20250603095500000,sz.002225,4.8800,4.9000,4.8800,4.8900,215000,1051771.0000,3
2025-06-03,20250603100000000,sz.002225,4.8900,4.9000,4.8900,4.9000,88000,430873.0000,3
2025-06-03,20250603100500000,sz.002225,4.8900,4.9000,4.8700,4.8800,563600,2752104.0000,3
2025-06-03,20250603101000000,sz.002225,4.8800,4.8800,4.8600,4.8600,259900,1265022.0000,3
2025-06-03,20250603101500000,sz.002225,4.8600,4.8700,4.8600,4.8600,236500,1150774.0000,3
2025-06-03,20250603102000000,sz.002225,4.8600,4.8700,4.8500,4.8600,852200,4135962.0000,3
2025-06-03,20250603102500000,sz.002225,4.8600,4.8600,4.8400,4.8500,511300,2484460.0000,3
2025-06-03,20250603103000000,sz.002225,4.8500,4.8600,4.8400,4.8500,258700,1255816.0000,3
2025-06-03,20250603103500000,sz.002225,4.8500,4.8700,4.8500,4.8500,155400,755202.0000,3
2025-06-03,20250603104000000,sz.002225,4.8500,4.8600,4.8500,4.8500,63300,307306.0000,3
2025-06-03,20250603104500000,sz.002225,4.8500,4.8600,4.8500,4.8500,240700,1167602.0000,3
2025-06-03,20250603105000000,sz.002225,4.8500,4.8600,4.8500,4.8500,68400,332158.0000,3
2025-06-03,20250603105500000,sz.002225,4.8600,4.8700,4.8500,4.8600,250300,1216550.0000,3
2025-06-03,20250603110000000,sz.002225,4.8700,4.8700,4.8600,4.8700,49800,242088.0000,3
2025-06-03,20250603110500000,sz.002225,4.8600,4.8700,4.8600,4.8600,59900,291290.0000,3
2025-06-03,20250603111000000,sz.002225,4.8700,4.8700,4.8600,4.8600,59900,291322.0000,3
2025-06-03,20250603111500000,sz.002225,4.8600,4.8700,4.8600,4.8600,77300,375766.0000,3
2025-06-03,20250603112000000,sz.002225,4.8700,4.8800,4.8600,4.8700,220300,1073298.0000,3
2025-06-03,20250603112500000,sz.002225,4.8700,4.8800,4.8700,4.8700,55900,272298.0000,3
2025-06-03,20250603113000000,sz.002225,4.8700,4.8800,4.8700,4.8700,68000,331428.0000,3
2025-06-03,20250603130500000,sz.002225,4.8700,4.8700,4.8500,4.8600,304200,1480060.0000,3
2025-06-03,20250603131000000,sz.002225,4.8500,4.8600,4.8500,4.8500,141500,686750.0000,3
2025-06-03,20250603131500000,sz.002225,4.8500,4.8600,4.8500,4.8600,80600,391142.0000,3
2025-06-03,20250603132000000,sz.002225,4.8500,4.8700,4.8500,4.8600,198200,963396.0000,3
2025-06-03,20250603132500000,sz.002225,4.8600,4.8700,4.8600,4.8600,52300,254216.0000,3
2025-06-03,20250603133000000,sz.002225,4.8600,4.9000,4.8600,4.8800,444000,2166796.0000,3
2025-06-03,20250603133500000,sz.002225,4.8700,4.8800,4.8600,4.8600,104300,507852.0000,3
2025-06-03,20250603134000000,sz.002225,4.8600,4.8700,4.8600,4.8600,30700,149288.0000,3
2025-06-03,20250603134500000,sz.002225,4.8600,4.8800,4.8600,4.8800,142200,692260.0000,3
2025-06-03,20250603135000000,sz.002225,4.8700,4.8700,4.8600,4.8600,173900,845652.0000,3
2025-06-03,20250603135500000,sz.002225,4.8600,4.8700,4.8600,4.8600,34300,166712.0000,3
2025-06-03,20250603140000000,sz.002225,4.8600,4.8700,4.8600,4.8600,78700,382560.0000,3
2025-06-03,20250603140500000,sz.002225,4.8600,4.8700,4.8600,4.8600,135200,657560.0000,3
2025-06-03,20250603141000000,sz.002225,4.8600,4.8800,4.8600,4.8700,278500,1356312.0000,3
2025-06-03,20250603141500000,sz.002225,4.8700,4.8700,4.8600,4.8700,94000,457320.0000,3
2025-06-03,20250603142000000,sz.002225,4.8600,4.8700,4.8600,4.8600,83700,406968.0000,3
2025-06-03,20250603142500000,sz.002225,4.8600,4.8800,4.8600,4.8700,335900,1637940.0000,3
2025-06-03,20250603143000000,sz.002225,4.8700,4.8800,4.8700,4.8800,114600,558460.0000,3
2025-06-03,20250603143500000,sz.002225,4.8700,4.8800,4.8600,4.8600,163100,793504.0000,3
2025-06-03,20250603144000000,sz.002225,4.8600,4.8700,4.8600,4.8700,134800,655528.0000,3
2025-06-03,20250603144500000,sz.002225,4.8700,4.8700,4.8600,4.8600,187100,910112.0000,3
2025-06-03,20250603145000000,sz.002225,4.8600,4.8700,4.8500,4.8500,460500,2237700.0000,3
2025-06-03,20250603145500000,sz.002225,4.8600,4.8700,4.8600,4.8700,264200,1285456.0000,3
2025-06-03,20250603150000000,sz.002225,4.8700,4.8800,4.8600,4.8700,276700,1347512.0000,3
2025-06-04,20250604093500000,sz.002225,4.8900,4.9000,4.8600,4.8800,636000,3100876.0000,3
2025-06-04,20250604094000000,sz.002225,4.8800,4.9100,4.8800,4.8900,331000,1620131.0000,3
2025-06-04,20250604094500000,sz.002225,4.8900,4.9000,4.8800,4.8900,327700,1602530.0000,3
2025-06-04,20250604095000000,sz.002225,4.8900,4.9200,4.8900,4.9100,507600,2490508.0000,3
2025-06-04,20250604095500000,sz.002225,4.9200,4.9300,4.9100,4.9200,421700,2074254.0000,3
2025-06-04,20250604100000000,sz.002225,4.9100,4.9300,4.9100,4.9300,132300,651017.0000,3
2025-06-04,20250604100500000,sz.002225,4.9200,4.9300,4.9200,4.9300,142200,700762.0000,3
2025-06-04,20250604101000000,sz.002225,4.9200,4.9300,4.9100,4.9100,203400,1000524.0000,3
2025-06-04,20250604101500000,sz.002225,4.9100,4.9300,4.9100,4.9200,292300,1437787.0000,3
2025-06-04,20250604102000000,sz.002225,4.9200,4.9300,4.9200,4.9200,182000,896673.0000,3
2025-06-04,20250604102500000,sz.002225,4.9300,4.9300,4.9100,4.9200,614600,3020116.0000,3
2025-06-04,20250604103000000,sz.002225,4.9200,4.9300,4.9100,4.9300,212700,1047238.0000,3
2025-06-04,20250604103500000,sz.002225,4.9300,4.9300,4.9200,4.9200,17600,86694.0000,3
2025-06-04,20250604104000000,sz.002225,4.9200,4.9200,4.9100,4.9200,105200,517364.0000,3
2025-06-04,20250604104500000,sz.002225,4.9100,4.9200,4.9100,4.9100,97900,481194.0000,3
2025-06-04,20250604105000000,sz.002225,4.9200,4.9200,4.9100,4.9200,99900,491270.0000,3
2025-06-04,20250604105500000,sz.002225,4.9200,4.9200,4.9100,4.9100,68200,335198.0000,3
2025-06-04,20250604110000000,sz.002225,4.9200,4.9200,4.9100,4.9100,171000,840698.0000,3
2025-06-04,20250604110500000,sz.002225,4.9200,4.9400,4.9100,4.9200,1041600,5131270.0000,3
2025-06-04,20250604111000000,sz.002225,4.9200,4.9300,4.9000,4.9000,454400,2232518.0000,3
2025-06-04,20250604111500000,sz.002225,4.9100,4.9100,4.9000,4.9100,49700,243998.0000,3
2025-06-04,20250604112000000,sz.002225,4.9100,4.9200,4.9000,4.9100,136000,667962.0000,3
2025-06-04,20250604112500000,sz.002225,4.9200,4.9200,4.9100,4.9200,99200,487850.0000,3
2025-06-04,20250604113000000,sz.002225,4.9100,4.9200,4.9100,4.9200,99800,490752.0000,3
2025-06-04,20250604130500000,sz.002225,4.9100,4.9200,4.8800,4.8800,957000,4688264.0000,3
2025-06-04,20250604131000000,sz.002225,4.8900,4.8900,4.8800,4.8800,183300,895912.0000,3
2025-06-04,20250604131500000,sz.002225,4.8900,4.8900,4.8800,4.8900,70700,345368.0000,3
2025-06-04,20250604132000000,sz.002225,4.8900,4.8900,4.8800,4.8900,83600,408528.0000,3
2025-06-04,20250604132500000,sz.002225,4.8900,4.8900,4.8800,4.8900,52400,255884.0000,3
2025-06-04,20250604133000000,sz.002225,4.8800,4.8900,4.8800,4.8900,56900,277812.0000,3
2025-06-04,20250604133500000,sz.002225,4.8800,4.8900,4.8700,4.8700,300900,1468088.0000,3
2025-06-04,20250604134000000,sz.002225,4.8700,4.8900,4.8700,4.8800,99900,487140.0000,3
2025-06-04,20250604134500000,sz.002225,4.8800,4.8800,4.8700,4.8800,55500,270568.0000,3
2025-06-04,20250604135000000,sz.002225,4.8800,4.9000,4.8700,4.8800,233800,1142300.0000,3
2025-06-04,20250604135500000,sz.002225,4.8800,4.8900,4.8800,4.8900,36200,176872.0000,3
2025-06-04,20250604140000000,sz.002225,4.8900,4.8900,4.8800,4.8900,31200,152356.0000,3
2025-06-04,20250604140500000,sz.002225,4.8800,4.8900,4.8800,4.8800,41800,204088.0000,3
2025-06-04,20250604141000000,sz.002225,4.8900,4.8900,4.8800,4.8800,217900,1063520.0000,3
2025-06-04,20250604141500000,sz.002225,4.8800,4.8900,4.8800,4.8800,67800,331152.0000,3
2025-06-04,20250604142000000,sz.002225,4.8800,4.8900,4.8800,4.8900,44200,215832.0000,3
2025-06-04,20250604142500000,sz.002225,4.8900,4.8900,4.8800,4.8900,166500,813916.0000,3
2025-06-04,20250604143000000,sz.002225,4.8900,4.9000,4.8800,4.8900,71500,349768.0000,3
2025-06-04,20250604143500000,sz.002225,4.9000,4.9000,4.8900,4.9000,39700,194216.0000,3
2025-06-04,20250604144000000,sz.002225,4.9000,4.9000,4.8800,4.8900,262000,1281024.0000,3
2025-06-04,20250604144500000,sz.002225,4.8800,4.8900,4.8800,4.8900,129000,630088.0000,3
2025-06-04,20250604145000000,sz.002225,4.8900,4.8900,4.8800,4.8900,168100,820784.0000,3
2025-06-04,20250604145500000,sz.002225,4.8800,4.9000,4.8800,4.8900,337500,1649840.0000,3
2025-06-04,20250604150000000,sz.002225,4.8900,4.9000,4.8900,4.9000,186000,911144.0000,3
2025-06-05,20250605093500000,sz.002225,4.9000,4.9000,4.8600,4.8600,665100,3240954.0000,3
2025-06-05,20250605094000000,sz.002225,4.8700,4.8700,4.8400,4.8500,965600,4684656.0000,3
2025-06-05,20250605094500000,sz.002225,4.8600,4.8800,4.8500,4.8800,388000,1886797.0000,3
2025-06-05,20250605095000000,sz.002225,4.8800,4.8800,4.8600,4.8700,379200,1847012.0000,3
2025-06-05,20250605095500000,sz.002225,4.8700,4.8800,4.8700,4.8700,39300,191603.0000,3
2025-06-05,20250605100000000,sz.002225,4.8700,4.8800,4.8600,4.8700,355300,1730015.0000,3
2025-06-05,20250605100500000,sz.002225,4.8700,4.8800,4.8600,4.8600,169100,822677.0000,3
2025-06-05,20250605101000000,sz.002225,4.8600,4.8700,4.8600,4.8700,114200,555600.0000,3
2025-06-05,20250605101500000,sz.002225,4.8700,4.8800,4.8700,4.8800,82200,400758.0000,3
2025-06-05,20250605102000000,sz.002225,4.8800,4.8800,4.8700,4.8700,85500,416639.0000,3
2025-06-05,20250605102500000,sz.002225,4.8800,4.8800,4.8700,4.8700,52600,256446.0000,3
2025-06-05,20250605103000000,sz.002225,4.8700,4.8800,4.8600,4.8600,124700,607193.0000,3
2025-06-05,20250605103500000,sz.002225,4.8600,4.8700,4.8600,4.8700,45200,219746.0000,3
2025-06-05,20250605104000000,sz.002225,4.8700,4.8700,4.8600,4.8700,21500,104676.0000,3
2025-06-05,20250605104500000,sz.002225,4.8700,4.8700,4.8600,4.8700,114800,558420.0000,3
2025-06-05,20250605105000000,sz.002225,4.8700,4.8700,4.8600,4.8700,51100,248796.0000,3
2025-06-05,20250605105500000,sz.002225,4.8700,4.8700,4.8600,4.8600,59000,286988.0000,3
2025-06-05,20250605110000000,sz.002225,4.8700,4.9000,4.8600,4.8900,575900,2812370.0000,3
2025-06-05,20250605110500000,sz.002225,4.8900,4.9000,4.8800,4.8900,219600,1073212.0000,3
2025-06-05,20250605111000000,sz.002225,4.8900,4.8900,4.8700,4.8700,134100,653656.0000,3
2025-06-05,20250605111500000,sz.002225,4.8700,4.8800,4.8700,4.8700,78200,380866.0000,3
2025-06-05,20250605112000000,sz.002225,4.8800,4.8800,4.8600,4.8600,62400,303908.0000,3
2025-06-05,20250605112500000,sz.002225,4.8700,4.8700,4.8600,4.8700,92900,451876.0000,3
2025-06-05,20250605113000000,sz.002225,4.8700,4.8700,4.8400,4.8500,949200,4606534.0000,3
2025-06-05,20250605130500000,sz.002225,4.8500,4.8500,4.8400,4.8400,205800,997538.0000,3
2025-06-05,20250605131000000,sz.002225,4.8400,4.8500,4.8400,4.8500,142600,691072.0000,3
2025-06-05,20250605131500000,sz.002225,4.8400,4.8500,4.8400,4.8500,37500,181712.0000,3
2025-06-05,20250605132000000,sz.002225,4.8500,4.8500,4.8300,4.8300,454700,2200796.0000,3
2025-06-05,20250605132500000,sz.002225,4.8300,4.8500,4.8300,4.8400,71500,346108.0000,3
2025-06-05,20250605133000000,sz.002225,4.8400,4.8500,4.8300,4.8400,148300,717666.0000,3
2025-06-05,20250605133500000,sz.002225,4.8400,4.8500,4.8400,4.8500,77500,375238.0000,3
2025-06-05,20250605134000000,sz.002225,4.8500,4.8500,4.8400,4.8400,59500,288100.0000,3
2025-06-05,20250605134500000,sz.002225,4.8500,4.8600,4.8400,4.8500,241400,1170508.0000,3
2025-06-05,20250605135000000,sz.002225,4.8500,4.8600,4.8500,4.8500,35800,173752.0000,3
2025-06-05,20250605135500000,sz.002225,4.8600,4.8600,4.8500,4.8500,59600,289604.0000,3
2025-06-05,20250605140000000,sz.002225,4.8500,4.8600,4.8400,4.8500,162100,786284.0000,3
2025-06-05,20250605140500000,sz.002225,4.8400,4.8600,4.8400,4.8500,191600,929248.0000,3
2025-06-05,20250605141000000,sz.002225,4.8500,4.8600,4.8400,4.8500,65200,316064.0000,3
2025-06-05,20250605141500000,sz.002225,4.8600,4.8600,4.8500,4.8500,53500,259704.0000,3
2025-06-05,20250605142000000,sz.002225,4.8600,4.8600,4.8500,4.8600,45700,221840.0000,3
2025-06-05,20250605142500000,sz.002225,4.8500,4.8700,4.8500,4.8700,217100,1055776.0000,3
2025-06-05,20250605143000000,sz.002225,4.8700,4.8700,4.8600,4.8700,57200,278516.0000,3
2025-06-05,20250605143500000,sz.002225,4.8700,4.8800,4.8600,4.8700,191000,930328.0000,3
2025-06-05,20250605144000000,sz.002225,4.8700,4.8800,4.8700,4.8800,277500,1353348.0000,3
2025-06-05,20250605144500000,sz.002225,4.8800,4.9000,4.8800,4.8900,392600,1919748.0000,3
2025-06-05,20250605145000000,sz.002225,4.9000,4.9000,4.8900,4.8900,347000,1698548.0000,3
2025-06-05,20250605145500000,sz.002225,4.8900,4.8900,4.8700,4.8800,389300,1899800.0000,3
2025-06-05,20250605150000000,sz.002225,4.8800,4.8900,4.8800,4.8800,146200,713620.0000,3
2025-06-06,20250606093500000,sz.002225,4.8900,4.9300,4.8900,4.9100,959200,4703658.0000,3
2025-06-06,20250606094000000,sz.002225,4.9100,4.9200,4.8900,4.8900,576100,2827047.0000,3
2025-06-06,20250606094500000,sz.002225,4.8900,4.8900,4.8700,4.8800,371400,1814345.0000,3
2025-06-06,20250606095000000,sz.002225,4.8800,4.9200,4.8800,4.9100,356100,1744266.0000,3
2025-06-06,20250606095500000,sz.002225,4.9200,4.9200,4.9000,4.9100,230200,1130055.0000,3
2025-06-06,20250606100000000,sz.002225,4.9000,4.9200,4.9000,4.9000,447200,2195911.0000,3
2025-06-06,20250606100500000,sz.002225,4.9100,4.9100,4.9000,4.9100,132200,648971.0000,3
2025-06-06,20250606101000000,sz.002225,4.9100,4.9200,4.9000,4.9000,246300,1209316.0000,3
2025-06-06,20250606101500000,sz.002225,4.9000,4.9200,4.9000,4.9100,163300,801779.0000,3
2025-06-06,20250606102000000,sz.002225,4.9100,4.9200,4.9100,4.9100,221900,1091116.0000,3
2025-06-06,20250606102500000,sz.002225,4.9100,4.9300,4.9100,4.9300,584400,2878090.0000,3
2025-06-06,20250606103000000,sz.002225,4.9300,4.9300,4.9200,4.9200,526700,2593248.0000,3
2025-06-06,20250606103500000,sz.002225,4.9300,4.9600,4.9200,4.9500,904600,4468910.0000,3
2025-06-06,20250606104000000,sz.002225,4.9500,4.9500,4.9300,4.9400,234500,1158736.0000,3
2025-06-06,20250606104500000,sz.002225,4.9300,4.9400,4.9200,4.9300,185600,914846.0000,3
2025-06-06,20250606105000000,sz.002225,4.9300,4.9300,4.9200,4.9300,280300,1381736.0000,3
2025-06-06,20250606105500000,sz.002225,4.9300,4.9400,4.9300,4.9400,42400,209396.0000,3
2025-06-06,20250606110000000,sz.002225,4.9400,4.9400,4.9300,4.9400,213300,1053592.0000,3
2025-06-06,20250606110500000,sz.002225,4.9400,4.9800,4.9300,4.9600,918700,4557198.0000,3
2025-06-06,20250606111000000,sz.002225,4.9700,5.0100,4.9600,4.9800,1753000,8744076.0000,3
2025-06-06,20250606111500000,sz.002225,4.9700,4.9900,4.9600,4.9700,280300,1394448.0000,3
2025-06-06,20250606112000000,sz.002225,4.9700,4.9800,4.9600,4.9700,225100,1118484.0000,3
2025-06-06,20250606112500000,sz.002225,4.9700,4.9700,4.9500,4.9700,277000,1373964.0000,3
2025-06-06,20250606113000000,sz.002225,4.9700,4.9800,4.9500,4.9600,395500,1964652.0000,3
2025-06-06,20250606130500000,sz.002225,4.9600,4.9700,4.9400,4.9500,580800,2876380.0000,3
2025-06-06,20250606131000000,sz.002225,4.9500,4.9600,4.9400,4.9500,137200,679084.0000,3
2025-06-06,20250606131500000,sz.002225,4.9600,4.9700,4.9500,4.9600,82400,408680.0000,3
2025-06-06,20250606132000000,sz.002225,4.9700,4.9700,4.9400,4.9400,220000,1090716.0000,3
2025-06-06,20250606132500000,sz.002225,4.9400,4.9500,4.9300,4.9300,138900,685960.0000,3
2025-06-06,20250606133000000,sz.002225,4.9400,4.9400,4.9200,4.9200,260100,1281956.0000,3
2025-06-06,20250606133500000,sz.002225,4.9300,4.9300,4.9200,4.9200,84900,418376.0000,3
2025-06-06,20250606134000000,sz.002225,4.9200,4.9300,4.9200,4.9200,29100,143328.0000,3
2025-06-06,20250606134500000,sz.002225,4.9300,4.9300,4.9200,4.9200,50100,246756.0000,3
2025-06-06,20250606135000000,sz.002225,4.9200,4.9300,4.9000,4.9000,458100,2251324.0000,3
2025-06-06,20250606135500000,sz.002225,4.9000,4.9200,4.9000,4.9200,115900,569156.0000,3
2025-06-06,20250606140000000,sz.002225,4.9200,4.9200,4.9100,4.9200,15300,75212.0000,3
2025-06-06,20250606140500000,sz.002225,4.9100,4.9200,4.9100,4.9200,254800,1253256.0000,3
2025-06-06,20250606141000000,sz.002225,4.9200,4.9200,4.9100,4.9200,80800,397668.0000,3
2025-06-06,20250606141500000,sz.002225,4.9200,4.9300,4.9100,4.9200,70700,348052.0000,3
2025-06-06,20250606142000000,sz.002225,4.9300,4.9300,4.9200,4.9200,44100,217148.0000,3
2025-06-06,20250606142500000,sz.002225,4.9300,4.9300,4.9200,4.9200,41900,206284.0000,3
2025-06-06,20250606143000000,sz.002225,4.9200,4.9300,4.9200,4.9200,28800,141776.0000,3
2025-06-06,20250606143500000,sz.002225,4.9200,4.9300,4.9200,4.9200,124400,612752.0000,3
2025-06-06,20250606144000000,sz.002225,4.9200,4.9300,4.9200,4.9300,394500,1944648.0000,3
2025-06-06,20250606144500000,sz.002225,4.9200,4.9300,4.9200,4.9300,123300,607184.0000,3
2025-06-06,20250606145000000,sz.002225,4.9200,4.9400,4.9200,4.9300,386500,1905872.0000,3
2025-06-06,20250606145500000,sz.002225,4.9300,4.9400,4.9200,4.9200,372400,1834312.0000,3
2025-06-06,20250606150000000,sz.002225,4.9200,4.9400,4.9200,4.9400,104300,514512.0000,3
2025-06-09,20250609093500000,sz.002225,4.9500,4.9700,4.9300,4.9300,993500,4914491.0000,3
2025-06-09,20250609094000000,sz.002225,4.9300,4.9400,4.9300,4.9300,185900,917681.0000,3
2025-06-09,20250609094500000,sz.002225,4.9300,4.9500,4.9300,4.9300,355500,1756026.0000,3
2025-06-09,20250609095000000,sz.002225,4.9300,4.9400,4.9100,4.9100,638800,3143942.0000,3
2025-06-09,20250609095500000,sz.002225,4.9100,4.9200,4.9000,4.9000,591200,2903783.0000,3
2025-06-09,20250609100000000,sz.002225,4.9000,4.9100,4.8900,4.9000,397300,1947097.0000,3
2025-06-09,20250609100500000,sz.002225,4.9000,4.9100,4.9000,4.9000,255600,1253138.0000,3
2025-06-09,20250609101000000,sz.002225,4.9000,4.9000,4.8800,4.8900,860700,4209362.0000,3
2025-06-09,20250609101500000,sz.002225,4.8900,4.9000,4.8800,4.8800,420700,2056166.0000,3
2025-06-09,20250609102000000,sz.002225,4.8800,4.8900,4.8600,4.8600,1452800,7080908.0000,3
2025-06-09,20250609102500000,sz.002225,4.8600,4.8700,4.8600,4.8600,674000,3277870.0000,3
2025-06-09,20250609103000000,sz.002225,4.8600,4.8700,4.8500,4.8600,648100,3150420.0000,3
2025-06-09,20250609103500000,sz.002225,4.8600,4.8700,4.8500,4.8500,542700,2637540.0000,3
2025-06-09,20250609104000000,sz.002225,4.8600,4.8700,4.8600,4.8600,443800,2158008.0000,3
2025-06-09,20250609104500000,sz.002225,4.8600,4.8700,4.8600,4.8600,232100,1129396.0000,3
2025-06-09,20250609105000000,sz.002225,4.8600,4.8700,4.8600,4.8600,134200,652332.0000,3
2025-06-09,20250609105500000,sz.002225,4.8600,4.8700,4.8500,4.8600,231800,1126372.0000,3
2025-06-09,20250609110000000,sz.002225,4.8500,4.8800,4.8500,4.8800,1453500,7065364.0000,3
2025-06-09,20250609110500000,sz.002225,4.8700,4.8900,4.8700,4.8800,208300,1016200.0000,3
2025-06-09,20250609111000000,sz.002225,4.8800,4.8900,4.8700,4.8700,82400,402060.0000,3
2025-06-09,20250609111500000,sz.002225,4.8700,4.8800,4.8700,4.8700,46300,225632.0000,3
2025-06-09,20250609112000000,sz.002225,4.8700,4.8800,4.8700,4.8700,41700,203280.0000,3
2025-06-09,20250609112500000,sz.002225,4.8800,4.8800,4.8700,4.8700,78400,382148.0000,3
2025-06-09,20250609113000000,sz.002225,4.8700,4.8800,4.8700,4.8700,125800,613016.0000,3
2025-06-09,20250609130500000,sz.002225,4.8800,4.8800,4.8700,4.8700,242900,1184412.0000,3
2025-06-09,20250609131000000,sz.002225,4.8700,4.8800,4.8700,4.8700,46900,228480.0000,3
2025-06-09,20250609131500000,sz.002225,4.8700,4.9000,4.8700,4.8800,507000,2477112.0000,3
2025-06-09,20250609132000000,sz.002225,4.8800,4.8900,4.8800,4.8800,118400,577820.0000,3
2025-06-09,20250609132500000,sz.002225,4.8800,4.8900,4.8700,4.8700,118400,577752.0000,3
2025-06-09,20250609133000000,sz.002225,4.8700,4.8800,4.8700,4.8800,144000,701664.0000,3
2025-06-09,20250609133500000,sz.002225,4.8800,4.8800,4.8700,4.8700,87600,426808.0000,3
2025-06-09,20250609134000000,sz.002225,4.8700,4.8800,4.8700,4.8800,58900,286888.0000,3
2025-06-09,20250609134500000,sz.002225,4.8700,4.8800,4.8700,4.8800,118200,576112.0000,3
2025-06-09,20250609135000000,sz.002225,4.8800,4.8900,4.8700,4.8800,211100,1030020.0000,3
2025-06-09,20250609135500000,sz.002225,4.8800,4.8900,4.8800,4.8800,86900,424556.0000,3
2025-06-09,20250609140000000,sz.002225,4.8800,4.8900,4.8800,4.8800,187200,913932.0000,3
2025-06-09,20250609140500000,sz.002225,4.8800,4.8900,4.8800,4.8800,130200,635592.0000,3
2025-06-09,20250609141000000,sz.002225,4.8800,4.8900,4.8800,4.8900,102100,498748.0000,3
2025-06-09,20250609141500000,sz.002225,4.8900,4.8900,4.8800,4.8900,220100,1075832.0000,3
2025-06-09,20250609142000000,sz.002225,4.8900,4.9000,4.8900,4.8900,192600,941988.0000,3
2025-06-09,20250609142500000,sz.002225,4.8800,4.8900,4.8800,4.8800,127500,622852.0000,3
2025-06-09,20250609143000000,sz.002225,4.8800,4.9000,4.8800,4.8900,140800,688376.0000,3
2025-06-09,20250609143500000,sz.002225,4.8900,4.9000,4.8900,4.9000,197300,966136.0000,3
2025-06-09,20250609144000000,sz.002225,4.8900,4.9000,4.8900,4.8900,115600,565992.0000,3
2025-06-09,20250609144500000,sz.002225,4.9000,4.9000,4.8900,4.8900,179500,878480.0000,3
2025-06-09,20250609145000000,sz.002225,4.8900,4.9000,4.8900,4.9000,401800,1965888.0000,3
2025-06-09,20250609145500000,sz.002225,4.8900,4.9000,4.8900,4.9000,441800,2161632.0000,3
2025-06-09,20250609150000000,sz.002225,4.9000,4.9000,4.8900,4.8900,431300,2110824.0000,3
2025-06-10,20250610093500000,sz.002225,4.8800,4.8900,4.8600,4.8700,448400,2188047.0000,3
2025-06-10,20250610094000000,sz.002225,4.8600,4.8700,4.8500,4.8700,602400,2927182.0000,3
2025-06-10,20250610094500000,sz.002225,4.8700,4.8700,4.8500,4.8500,350000,1701016.0000,3
2025-06-10,20250610095000000,sz.002225,4.8600,4.8600,4.8400,4.8400,768100,3726287.0000,3
2025-06-10,20250610095500000,sz.002225,4.8400,4.8500,4.8400,4.8400,258800,1254599.0000,3
2025-06-10,20250610100000000,sz.002225,4.8500,4.8600,4.8400,4.8500,284800,1381029.0000,3
2025-06-10,20250610100500000,sz.002225,4.8500,4.8500,4.8300,4.8300,1042400,5046216.0000,3
2025-06-10,20250610101000000,sz.002225,4.8300,4.8500,4.8300,4.8400,254600,1232548.0000,3
2025-06-10,20250610101500000,sz.002225,4.8400,4.8500,4.8400,4.8500,230100,1114088.0000,3
2025-06-10,20250610102000000,sz.002225,4.8400,4.8600,4.8300,4.8500,1551400,7518572.0000,3
2025-06-10,20250610102500000,sz.002225,4.8500,4.8600,4.8400,4.8400,133900,649444.0000,3
2025-06-10,20250610103000000,sz.002225,4.8500,4.8700,4.8500,4.8600,264000,1282816.0000,3
2025-06-10,20250610103500000,sz.002225,4.8600,4.8700,4.8600,4.8600,56300,273704.0000,3
2025-06-10,20250610104000000,sz.002225,4.8600,4.8700,4.8500,4.8500,93700,455374.0000,3
2025-06-10,20250610104500000,sz.002225,4.8500,4.8700,4.8500,4.8600,172400,837978.0000,3
2025-06-10,20250610105000000,sz.002225,4.8600,4.8700,4.8600,4.8600,32500,157972.0000,3
2025-06-10,20250610105500000,sz.002225,4.8600,4.8700,4.8600,4.8600,165400,803964.0000,3
2025-06-10,20250610110000000,sz.002225,4.8700,4.8700,4.8500,4.8500,196400,953422.0000,3
2025-06-10,20250610110500000,sz.002225,4.8500,4.8600,4.8400,4.8400,170500,826478.0000,3
2025-06-10,20250610111000000,sz.002225,4.8400,4.8500,4.8400,4.8400,175500,849764.0000,3
2025-06-10,20250610111500000,sz.002225,4.8500,4.8500,4.8400,4.8500,119100,577500.0000,3
2025-06-10,20250610112000000,sz.002225,4.8500,4.8500,4.8400,4.8400,64500,312440.0000,3
2025-06-10,20250610112500000,sz.002225,4.8400,4.9000,4.8400,4.8600,1355200,6606068.0000,3
2025-06-10,20250610113000000,sz.002225,4.8600,4.8700,4.8600,4.8600,151400,737124.0000,3
2025-06-10,20250610130500000,sz.002225,4.8700,4.8900,4.8600,4.8700,559900,2724168.0000,3
2025-06-10,20250610131000000,sz.002225,4.8700,4.9000,4.8600,4.8800,478800,2337768.0000,3
2025-06-10,20250610131500000,sz.002225,4.8800,4.8900,4.8500,4.8500,494900,2405108.0000,3
2025-06-10,20250610132000000,sz.002225,4.8500,4.8700,4.8400,4.8500,429800,2085608.0000,3
2025-06-10,20250610132500000,sz.002225,4.8500,4.8500,4.8400,4.8400,528300,2560836.0000,3
2025-06-10,20250610133000000,sz.002225,4.8400,4.8500,4.8100,4.8100,1853500,8953416.0000,3
2025-06-10,20250610133500000,sz.002225,4.8200,4.8200,4.7800,4.8000,1280900,6144408.0000,3
2025-06-10,20250610134000000,sz.002225,4.8000,4.8000,4.7900,4.7900,329600,1580968.0000,3
2025-06-10,20250610134500000,sz.002225,4.8000,4.8200,4.7900,4.8100,373900,1796464.0000,3
2025-06-10,20250610135000000,sz.002225,4.8100,4.8200,4.8000,4.8200,168100,808968.0000,3
2025-06-10,20250610135500000,sz.002225,4.8200,4.8200,4.8100,4.8200,142200,684128.0000,3
2025-06-10,20250610140000000,sz.002225,4.8200,4.8200,4.8100,4.8100,156200,751872.0000,3
2025-06-10,20250610140500000,sz.002225,4.8200,4.8300,4.8000,4.8200,668200,3216240.0000,3
2025-06-10,20250610141000000,sz.002225,4.8200,4.8300,4.8200,4.8300,86500,417488.0000,3
2025-06-10,20250610141500000,sz.002225,4.8300,4.8300,4.8200,4.8300,89300,430680.0000,3
2025-06-10,20250610142000000,sz.002225,4.8200,4.8400,4.8200,4.8400,215500,1040624.0000,3
2025-06-10,20250610142500000,sz.002225,4.8300,4.8500,4.8300,4.8500,176500,854368.0000,3
2025-06-10,20250610143000000,sz.002225,4.8400,4.8700,4.8400,4.8700,370000,1797800.0000,3
2025-06-10,20250610143500000,sz.002225,4.8600,4.8800,4.8600,4.8600,205600,1001040.0000,3
2025-06-10,20250610144000000,sz.002225,4.8700,4.8800,4.8600,4.8600,168900,822336.0000,3
2025-06-10,20250610144500000,sz.002225,4.8600,4.8700,4.8600,4.8600,54700,266136.0000,3
2025-06-10,20250610145000000,sz.002225,4.8600,4.8800,4.8600,4.8800,283400,1380704.0000,3
2025-06-10,20250610145500000,sz.002225,4.8700,4.8900,4.8700,4.8800,670900,3275056.0000,3
2025-06-10,20250610150000000,sz.002225,4.8900,4.8900,4.8800,4.8900,422000,2062808.0000,3
2025-06-11,20250611093500000,sz.002225,4.8700,4.9000,4.8600,4.8800,1110900,5430659.0000,3
2025-06-11,20250611094000000,sz.002225,4.8900,4.9200,4.8800,4.9100,967900,4749927.0000,3
2025-06-11,20250611094500000,sz.002225,4.9200,4.9200,4.9000,4.9100,541500,2658736.0000,3
2025-06-11,20250611095000000,sz.002225,4.9200,4.9200,4.9100,4.9100,556900,2736747.0000,3
2025-06-11,20250611095500000,sz.002225,4.9200,4.9300,4.9100,4.9200,1110200,5466245.0000,3
2025-06-11,20250611100000000,sz.002225,4.9100,4.9300,4.9100,4.9200,498200,2452512.0000,3
2025-06-11,20250611100500000,sz.002225,4.9200,4.9500,4.9200,4.9500,1379800,6820592.0000,3
2025-06-11,20250611101000000,sz.002225,4.9500,4.9800,4.9400,4.9800,1669200,8285454.0000,3
2025-06-11,20250611101500000,sz.002225,4.9800,4.9800,4.9500,4.9600,635200,3152616.0000,3
2025-06-11,20250611102000000,sz.002225,4.9600,4.9700,4.9500,4.9600,1407800,6991672.0000,3
2025-06-11,20250611102500000,sz.002225,4.9700,5.0000,4.9600,4.9700,2203700,10982544.0000,3
2025-06-11,20250611103000000,sz.002225,4.9800,4.9800,4.9600,4.9600,868600,4320944.0000,3
2025-06-11,20250611103500000,sz.002225,4.9600,4.9700,4.9500,4.9500,467600,2318620.0000,3
2025-06-11,20250611104000000,sz.002225,4.9500,4.9600,4.9500,4.9500,175100,868260.0000,3
2025-06-11,20250611104500000,sz.002225,4.9500,4.9700,4.9500,4.9600,538200,2667848.0000,3
2025-06-11,20250611105000000,sz.002225,4.9700,4.9700,4.9600,4.9600,190500,945688.0000,3
2025-06-11,20250611105500000,sz.002225,4.9700,4.9700,4.9500,4.9500,246000,1220992.0000,3
2025-06-11,20250611110000000,sz.002225,4.9600,4.9600,4.9300,4.9400,610300,3016368.0000,3
2025-06-11,20250611110500000,sz.002225,4.9400,4.9400,4.9300,4.9400,106000,523400.0000,3
2025-06-11,20250611111000000,sz.002225,4.9400,4.9500,4.9400,4.9400,127800,631848.0000,3
2025-06-11,20250611111500000,sz.002225,4.9500,4.9500,4.9300,4.9300,122300,604680.0000,3
2025-06-11,20250611112000000,sz.002225,4.9300,4.9400,4.9300,4.9300,57600,284456.0000,3
2025-06-11,20250611112500000,sz.002225,4.9300,4.9400,4.9300,4.9400,128200,633000.0000,3
2025-06-11,20250611113000000,sz.002225,4.9400,4.9400,4.9300,4.9300,252700,1247072.0000,3
2025-06-11,20250611130500000,sz.002225,4.9300,4.9500,4.9300,4.9500,179400,886736.0000,3
2025-06-11,20250611131000000,sz.002225,4.9500,4.9500,4.9300,4.9400,200000,988304.0000,3
2025-06-11,20250611131500000,sz.002225,4.9400,4.9500,4.9200,4.9300,593000,2922304.0000,3
2025-06-11,20250611132000000,sz.002225,4.9300,4.9400,4.9300,4.9400,132900,656096.0000,3
2025-06-11,20250611132500000,sz.002225,4.9400,4.9400,4.9300,4.9400,106800,527536.0000,3
2025-06-11,20250611133000000,sz.002225,4.9300,4.9500,4.9300,4.9400,153100,756360.0000,3
2025-06-11,20250611133500000,sz.002225,4.9400,4.9400,4.9300,4.9300,399600,1971352.0000,3
2025-06-11,20250611134000000,sz.002225,4.9300,4.9400,4.9200,4.9400,170700,842328.0000,3
2025-06-11,20250611134500000,sz.002225,4.9300,4.9400,4.9300,4.9400,218400,1077800.0000,3
2025-06-11,20250611135000000,sz.002225,4.9400,4.9400,4.9300,4.9300,170200,839776.0000,3
2025-06-11,20250611135500000,sz.002225,4.9400,4.9400,4.9300,4.9400,121400,599680.0000,3
2025-06-11,20250611140000000,sz.002225,4.9400,4.9400,4.9200,4.9200,435000,2143728.0000,3
2025-06-11,20250611140500000,sz.002225,4.9200,4.9300,4.9100,4.9100,481500,2367056.0000,3
2025-06-11,20250611141000000,sz.002225,4.9200,4.9300,4.9100,4.9200,116900,575296.0000,3
2025-06-11,20250611141500000,sz.002225,4.9200,4.9300,4.9200,4.9300,159500,786112.0000,3
2025-06-11,20250611142000000,sz.002225,4.9300,4.9300,4.9200,4.9300,83300,410616.0000,3
2025-06-11,20250611142500000,sz.002225,4.9300,4.9300,4.9200,4.9300,126500,623440.0000,3
2025-06-11,20250611143000000,sz.002225,4.9200,4.9300,4.9200,4.9300,108900,536560.0000,3
2025-06-11,20250611143500000,sz.002225,4.9300,4.9300,4.9200,4.9300,307100,1513744.0000,3
2025-06-11,20250611144000000,sz.002225,4.9300,4.9300,4.9200,4.9300,174600,860448.0000,3
2025-06-11,20250611144500000,sz.002225,4.9200,4.9300,4.9200,4.9300,179600,885048.0000,3
2025-06-11,20250611145000000,sz.002225,4.9200,4.9300,4.9200,4.9300,329100,1619888.0000,3
2025-06-11,20250611145500000,sz.002225,4.9200,4.9300,4.9100,4.9100,555100,2731832.0000,3
2025-06-11,20250611150000000,sz.002225,4.9200,4.9200,4.9100,4.9200,459400,2259944.0000,3
2025-06-12,20250612093500000,sz.002225,4.9000,4.9100,4.8700,4.8800,1046800,5113131.0000,3
2025-06-12,20250612094000000,sz.002225,4.8800,4.8900,4.8600,4.8800,645900,3146572.0000,3
2025-06-12,20250612094500000,sz.002225,4.8800,4.8900,4.8700,4.8800,588700,2870165.0000,3
2025-06-12,20250612095000000,sz.002225,4.8800,4.8900,4.8600,4.8800,727600,3543962.0000,3
2025-06-12,20250612095500000,sz.002225,4.8700,4.9100,4.8600,4.8800,634600,3098574.0000,3
2025-06-12,20250612100000000,sz.002225,4.8800,4.8800,4.8700,4.8800,108500,529044.0000,3
2025-06-12,20250612100500000,sz.002225,4.8700,4.8900,4.8700,4.8800,107500,524420.0000,3
2025-06-12,20250612101000000,sz.002225,4.8800,4.8900,4.8700,4.8800,187600,915492.0000,3
2025-06-12,20250612101500000,sz.002225,4.8800,4.8800,4.8700,4.8700,216700,1055796.0000,3
2025-06-12,20250612102000000,sz.002225,4.8700,4.8700,4.8600,4.8700,289500,1409324.0000,3
2025-06-12,20250612102500000,sz.002225,4.8700,4.8700,4.8400,4.8500,975000,4730776.0000,3
2025-06-12,20250612103000000,sz.002225,4.8500,4.8700,4.8400,4.8700,239700,1163912.0000,3
2025-06-12,20250612103500000,sz.002225,4.8600,4.9100,4.8500,4.9000,562700,2745908.0000,3
2025-06-12,20250612104000000,sz.002225,4.8900,4.9000,4.8800,4.8900,42500,207756.0000,3
2025-06-12,20250612104500000,sz.002225,4.8800,4.9000,4.8600,4.8700,1511900,7397784.0000,3
2025-06-12,20250612105000000,sz.002225,4.8700,4.8700,4.8500,4.8700,732500,3569112.0000,3
2025-06-12,20250612105500000,sz.002225,4.8700,4.8800,4.8700,4.8700,91900,448296.0000,3
2025-06-12,20250612110000000,sz.002225,4.8700,4.8800,4.8700,4.8800,49300,240440.0000,3
2025-06-12,20250612110500000,sz.002225,4.8900,4.8900,4.8700,4.8700,144200,704272.0000,3
2025-06-12,20250612111000000,sz.002225,4.8700,4.8800,4.8700,4.8800,36700,179060.0000,3
2025-06-12,20250612111500000,sz.002225,4.8700,4.8800,4.8700,4.8700,10900,53148.0000,3
2025-06-12,20250612112000000,sz.002225,4.8800,4.8900,4.8700,4.8800,179700,876944.0000,3
2025-06-12,20250612112500000,sz.002225,4.8900,4.9000,4.8700,4.9000,348000,1703780.0000,3
2025-06-12,20250612113000000,sz.002225,4.9000,4.9100,4.8900,4.8900,81400,398820.0000,3
2025-06-12,20250612130500000,sz.002225,4.8900,4.9000,4.8700,4.8800,193800,945828.0000,3
2025-06-12,20250612131000000,sz.002225,4.8800,4.9300,4.8700,4.9300,830600,4081036.0000,3
2025-06-12,20250612131500000,sz.002225,4.9300,4.9400,4.9100,4.9200,1771400,8736348.0000,3
2025-06-12,20250612132000000,sz.002225,4.9200,4.9300,4.9200,4.9300,205800,1013652.0000,3
2025-06-12,20250612132500000,sz.002225,4.9300,4.9400,4.9200,4.9200,748800,3696792.0000,3
2025-06-12,20250612133000000,sz.002225,4.9200,4.9300,4.9100,4.9200,209100,1028728.0000,3
2025-06-12,20250612133500000,sz.002225,4.9200,4.9200,4.9000,4.9100,378600,1858392.0000,3
2025-06-12,20250612134000000,sz.002225,4.9000,4.9400,4.9000,4.9400,1478800,7296864.0000,3
2025-06-12,20250612134500000,sz.002225,4.9300,4.9400,4.9300,4.9300,1056900,5218160.0000,3
2025-06-12,20250612135000000,sz.002225,4.9200,4.9300,4.9200,4.9200,971600,4788648.0000,3
2025-06-12,20250612135500000,sz.002225,4.9200,4.9300,4.9100,4.9200,186100,915960.0000,3
2025-06-12,20250612140000000,sz.002225,4.9200,4.9200,4.9100,4.9200,107700,529296.0000,3
2025-06-12,20250612140500000,sz.002225,4.9200,4.9200,4.9000,4.9100,340000,1667464.0000,3
2025-06-12,20250612141000000,sz.002225,4.9000,4.9200,4.9000,4.9100,160600,788560.0000,3
2025-06-12,20250612141500000,sz.002225,4.9200,4.9300,4.9100,4.9300,273000,1342912.0000,3
2025-06-12,20250612142000000,sz.002225,4.9400,4.9400,4.9200,4.9200,211100,1040680.0000,3
2025-06-12,20250612142500000,sz.002225,4.9200,4.9400,4.9200,4.9300,326700,1610880.0000,3
2025-06-12,20250612143000000,sz.002225,4.9400,4.9400,4.9300,4.9300,109200,538608.0000,3
2025-06-12,20250612143500000,sz.002225,4.9400,4.9400,4.9300,4.9400,164100,809832.0000,3
2025-06-12,20250612144000000,sz.002225,4.9400,4.9400,4.9300,4.9300,255100,1258224.0000,3
2025-06-12,20250612144500000,sz.002225,4.9400,4.9400,4.9300,4.9300,284700,1404840.0000,3
2025-06-12,20250612145000000,sz.002225,4.9400,4.9400,4.9300,4.9300,489200,2416264.0000,3
2025-06-12,20250612145500000,sz.002225,4.9400,4.9400,4.9300,4.9400,771600,3810008.0000,3
2025-06-12,20250612150000000,sz.002225,4.9300,4.9500,4.9300,4.9400,405600,2002000.0000,3
2025-06-13,20250613093500000,sz.002225,4.9900,5.0000,4.8800,4.8900,4251700,21053062.0000,3
2025-06-13,20250613094000000,sz.002225,4.8900,4.8900,4.8700,4.8800,741400,3618442.0000,3
2025-06-13,20250613094500000,sz.002225,4.8800,4.9100,4.8700,4.9100,543700,2658400.0000,3
2025-06-13,20250613095000000,sz.002225,4.9000,4.9200,4.8900,4.8900,323300,1586004.0000,3
2025-06-13,20250613095500000,sz.002225,4.9000,4.9000,4.8800,4.8900,649500,3175124.0000,3
2025-06-13,20250613100000000,sz.002225,4.8900,4.9300,4.8800,4.9100,726900,3569932.0000,3
2025-06-13,20250613100500000,sz.002225,4.9100,4.9700,4.9000,4.9200,907200,4465204.0000,3
2025-06-13,20250613101000000,sz.002225,4.9200,4.9500,4.9000,4.9400,600000,2955236.0000,3
2025-06-13,20250613101500000,sz.002225,4.9400,4.9400,4.9200,4.9300,657300,3241800.0000,3
2025-06-13,20250613102000000,sz.002225,4.9300,4.9400,4.9100,4.9200,594300,2927660.0000,3
2025-06-13,20250613102500000,sz.002225,4.9200,4.9400,4.9000,4.9000,455800,2239780.0000,3
2025-06-13,20250613103000000,sz.002225,4.8900,4.9000,4.8800,4.8900,332400,1626648.0000,3
2025-06-13,20250613103500000,sz.002225,4.8800,4.8900,4.8700,4.8900,722900,3529200.0000,3
2025-06-13,20250613104000000,sz.002225,4.8800,4.9100,4.8800,4.8900,584200,2859192.0000,3
2025-06-13,20250613104500000,sz.002225,4.8800,4.8900,4.8700,4.8700,393500,1920620.0000,3
2025-06-13,20250613105000000,sz.002225,4.8700,4.8800,4.8600,4.8700,387400,1886072.0000,3
2025-06-13,20250613105500000,sz.002225,4.8700,4.8800,4.8600,4.8700,188800,919316.0000,3
2025-06-13,20250613110000000,sz.002225,4.8700,4.8800,4.8600,4.8700,218900,1065840.0000,3
2025-06-13,20250613110500000,sz.002225,4.8700,4.8700,4.8600,4.8600,75100,365528.0000,3
2025-06-13,20250613111000000,sz.002225,4.8700,4.8700,4.8400,4.8500,1364600,6621372.0000,3
2025-06-13,20250613111500000,sz.002225,4.8500,4.8600,4.8400,4.8500,373600,1811208.0000,3
2025-06-13,20250613112000000,sz.002225,4.8400,4.8400,4.8100,4.8300,867300,4187904.0000,3
2025-06-13,20250613112500000,sz.002225,4.8300,4.8300,4.8100,4.8200,561100,2702328.0000,3
2025-06-13,20250613113000000,sz.002225,4.8200,4.8400,4.8100,4.8200,196000,945424.0000,3
2025-06-13,20250613130500000,sz.002225,4.8300,4.8300,4.8000,4.8100,475600,2288512.0000,3
2025-06-13,20250613131000000,sz.002225,4.8000,4.8100,4.8000,4.8100,325800,1565568.0000,3
2025-06-13,20250613131500000,sz.002225,4.8100,4.8200,4.8000,4.8000,176400,848416.0000,3
2025-06-13,20250613132000000,sz.002225,4.8000,4.8200,4.8000,4.8200,278800,1341160.0000,3
2025-06-13,20250613132500000,sz.002225,4.8200,4.8200,4.8100,4.8200,104900,505384.0000,3
2025-06-13,20250613133000000,sz.002225,4.8200,4.8500,4.8100,4.8400,254800,1231672.0000,3
2025-06-13,20250613133500000,sz.002225,4.8500,4.8600,4.8400,4.8500,199400,966936.0000,3
2025-06-13,20250613134000000,sz.002225,4.8500,4.8500,4.8300,4.8300,255300,1236000.0000,3
2025-06-13,20250613134500000,sz.002225,4.8400,4.8400,4.8200,4.8300,214500,1036328.0000,3
2025-06-13,20250613135000000,sz.002225,4.8300,4.8400,4.8200,4.8300,131900,636984.0000,3
2025-06-13,20250613135500000,sz.002225,4.8300,4.8400,4.8300,4.8400,54800,264896.0000,3
2025-06-13,20250613140000000,sz.002225,4.8300,4.8400,4.8200,4.8300,195000,941544.0000,3
2025-06-13,20250613140500000,sz.002225,4.8200,4.8400,4.8200,4.8300,80700,389720.0000,3
2025-06-13,20250613141000000,sz.002225,4.8300,4.8400,4.8200,4.8400,118000,569856.0000,3
2025-06-13,20250613141500000,sz.002225,4.8300,4.8500,4.8300,4.8400,151400,732792.0000,3
2025-06-13,20250613142000000,sz.002225,4.8400,4.8400,4.8300,4.8400,60400,292248.0000,3
2025-06-13,20250613142500000,sz.002225,4.8300,4.8400,4.8200,4.8200,248800,1201640.0000,3
2025-06-13,20250613143000000,sz.002225,4.8200,4.8400,4.8200,4.8300,91900,443808.0000,3
2025-06-13,20250613143500000,sz.002225,4.8300,4.8300,4.8100,4.8100,361400,1742472.0000,3
2025-06-13,20250613144000000,sz.002225,4.8100,4.8200,4.8100,4.8200,123100,592744.0000,3
2025-06-13,20250613144500000,sz.002225,4.8200,4.8200,4.8000,4.8000,1110200,5335064.0000,3
2025-06-13,20250613145000000,sz.002225,4.8000,4.8100,4.8000,4.8100,288300,1384896.0000,3
2025-06-13,20250613145500000,sz.002225,4.8000,4.8100,4.8000,4.8000,392200,1884048.0000,3
2025-06-13,20250613150000000,sz.002225,4.8000,4.8200,4.8000,4.8000,284400,1366464.0000,3
2025-06-16,20250616093500000,sz.002225,4.8000,4.8200,4.7800,4.8100,759700,3651590.0000,3
2025-06-16,20250616094000000,sz.002225,4.8100,4.8200,4.7900,4.7900,409500,1966616.0000,3
2025-06-16,20250616094500000,sz.002225,4.8000,4.8000,4.7500,4.7500,2267600,10798520.0000,3
2025-06-16,20250616095000000,sz.002225,4.7500,4.7600,4.7300,4.7500,1867000,8850346.0000,3
2025-06-16,20250616095500000,sz.002225,4.7500,4.7700,4.7400,4.7500,460700,2190664.0000,3
2025-06-16,20250616100000000,sz.002225,4.7400,4.7500,4.7200,4.7300,1609300,7616352.0000,3
2025-06-16,20250616100500000,sz.002225,4.7400,4.7600,4.7200,4.7600,692200,3283180.0000,3
2025-06-16,20250616101000000,sz.002225,4.7600,4.7800,4.7500,4.7700,209100,997000.0000,3
2025-06-16,20250616101500000,sz.002225,4.7700,4.7800,4.7600,4.7700,207900,991820.0000,3
2025-06-16,20250616102000000,sz.002225,4.7600,4.7700,4.7500,4.7600,151900,723056.0000,3
2025-06-16,20250616102500000,sz.002225,4.7600,4.7700,4.7600,4.7600,111800,532516.0000,3
2025-06-16,20250616103000000,sz.002225,4.7700,4.7700,4.7600,4.7600,133900,637492.0000,3
2025-06-16,20250616103500000,sz.002225,4.7700,4.7700,4.7500,4.7600,136700,650720.0000,3
2025-06-16,20250616104000000,sz.002225,4.7600,4.7600,4.7400,4.7400,204900,973044.0000,3
2025-06-16,20250616104500000,sz.002225,4.7400,4.7500,4.7400,4.7400,44400,210528.0000,3
2025-06-16,20250616105000000,sz.002225,4.7400,4.7500,4.7400,4.7500,214300,1017696.0000,3
2025-06-16,20250616105500000,sz.002225,4.7500,4.7500,4.7400,4.7500,85100,403600.0000,3
2025-06-16,20250616110000000,sz.002225,4.7500,4.7600,4.7400,4.7600,154700,734572.0000,3
2025-06-16,20250616110500000,sz.002225,4.7600,4.7600,4.7500,4.7600,107900,512848.0000,3
2025-06-16,20250616111000000,sz.002225,4.7600,4.7600,4.7500,4.7600,60300,286696.0000,3
2025-06-16,20250616111500000,sz.002225,4.7500,4.7600,4.7400,4.7400,148900,707176.0000,3
2025-06-16,20250616112000000,sz.002225,4.7400,4.7500,4.7400,4.7400,52100,247388.0000,3
2025-06-16,20250616112500000,sz.002225,4.7500,4.7600,4.7400,4.7500,348900,1657068.0000,3
2025-06-16,20250616113000000,sz.002225,4.7500,4.7600,4.7500,4.7600,24800,117832.0000,3
2025-06-16,20250616130500000,sz.002225,4.7400,4.7600,4.7400,4.7600,792100,3767072.0000,3
2025-06-16,20250616131000000,sz.002225,4.7600,4.7600,4.7500,4.7500,71000,337892.0000,3
2025-06-16,20250616131500000,sz.002225,4.7600,4.7600,4.7500,4.7500,207400,986892.0000,3
2025-06-16,20250616132000000,sz.002225,4.7500,4.7600,4.7500,4.7600,179500,853784.0000,3
2025-06-16,20250616132500000,sz.002225,4.7600,4.8000,4.7500,4.7800,1063200,5081368.0000,3
2025-06-16,20250616133000000,sz.002225,4.7700,4.8000,4.7700,4.7900,1668400,8001296.0000,3
2025-06-16,20250616133500000,sz.002225,4.7900,4.7900,4.7500,4.7500,1095500,5214560.0000,3
2025-06-16,20250616134000000,sz.002225,4.7600,4.7600,4.7500,4.7500,31600,150408.0000,3
2025-06-16,20250616134500000,sz.002225,4.7600,4.7600,4.7500,4.7500,44000,209264.0000,3
2025-06-16,20250616135000000,sz.002225,4.7600,4.7600,4.7500,4.7500,82500,392176.0000,3
2025-06-16,20250616135500000,sz.002225,4.7500,4.7600,4.7400,4.7400,221700,1053088.0000,3
2025-06-16,20250616140000000,sz.002225,4.7400,4.7500,4.7300,4.7400,376000,1781896.0000,3
2025-06-16,20250616140500000,sz.002225,4.7500,4.7500,4.7300,4.7400,170100,805712.0000,3
2025-06-16,20250616141000000,sz.002225,4.7400,4.7400,4.7300,4.7300,117100,555032.0000,3
2025-06-16,20250616141500000,sz.002225,4.7400,4.7500,4.7300,4.7500,149700,709664.0000,3
2025-06-16,20250616142000000,sz.002225,4.7500,4.7500,4.7400,4.7400,53800,255416.0000,3
2025-06-16,20250616142500000,sz.002225,4.7400,4.7500,4.7400,4.7400,65300,309616.0000,3
2025-06-16,20250616143000000,sz.002225,4.7400,4.7500,4.7400,4.7400,89800,426176.0000,3
2025-06-16,20250616143500000,sz.002225,4.7400,4.7500,4.7400,4.7400,49500,234712.0000,3
2025-06-16,20250616144000000,sz.002225,4.7400,4.7500,4.7400,4.7400,298800,1416944.0000,3
2025-06-16,20250616144500000,sz.002225,4.7400,4.7400,4.7200,4.7300,1301600,6153480.0000,3
2025-06-16,20250616145000000,sz.002225,4.7300,4.7300,4.7200,4.7300,471100,2224704.0000,3
2025-06-16,20250616145500000,sz.002225,4.7200,4.7300,4.7200,4.7200,388400,1834784.0000,3
2025-06-16,20250616150000000,sz.002225,4.7300,4.7300,4.7200,4.7200,450100,2124896.0000,3
2025-06-17,20250617093500000,sz.002225,4.7300,4.7400,4.7100,4.7200,972200,4596871.0000,3
2025-06-17,20250617094000000,sz.002225,4.7200,4.7300,4.7200,4.7200,308400,1456169.0000,3
2025-06-17,20250617094500000,sz.002225,4.7200,4.7400,4.7200,4.7400,410000,1940187.0000,3
2025-06-17,20250617095000000,sz.002225,4.7400,4.7400,4.7300,4.7300,217400,1029047.0000,3
2025-06-17,20250617095500000,sz.002225,4.7300,4.7800,4.7300,4.7600,1205500,5739652.0000,3
2025-06-17,20250617100000000,sz.002225,4.7600,4.7900,4.7500,4.7900,642700,3062382.0000,3
2025-06-17,20250617100500000,sz.002225,4.7800,4.8300,4.7600,4.8200,1503500,7210812.0000,3
2025-06-17,20250617101000000,sz.002225,4.8200,4.8400,4.7900,4.8400,1790200,8619204.0000,3
2025-06-17,20250617101500000,sz.002225,4.8500,4.9200,4.8200,4.9000,4825300,23527388.0000,3
2025-06-17,20250617102000000,sz.002225,4.9100,4.9200,4.8900,4.9000,2393100,11745072.0000,3
2025-06-17,20250617102500000,sz.002225,4.9000,4.9700,4.9000,4.9300,5305700,26193480.0000,3
2025-06-17,20250617103000000,sz.002225,4.9300,4.9400,4.8900,4.9400,1200700,5896424.0000,3
2025-06-17,20250617103500000,sz.002225,4.9400,4.9800,4.9200,4.9800,4428900,21946888.0000,3
2025-06-17,20250617104000000,sz.002225,4.9800,4.9900,4.9400,4.9500,1918600,9538096.0000,3
2025-06-17,20250617104500000,sz.002225,4.9500,4.9600,4.9200,4.9500,862700,4262728.0000,3
2025-06-17,20250617105000000,sz.002225,4.9400,4.9400,4.9100,4.9100,353300,1740896.0000,3
2025-06-17,20250617105500000,sz.002225,4.9200,4.9200,4.8900,4.9000,551000,2701328.0000,3
2025-06-17,20250617110000000,sz.002225,4.9100,4.9100,4.9000,4.9100,353400,1734560.0000,3
2025-06-17,20250617110500000,sz.002225,4.9000,4.9100,4.8900,4.8900,248500,1217232.0000,3
2025-06-17,20250617111000000,sz.002225,4.8900,4.9000,4.8800,4.8900,387100,1893296.0000,3
2025-06-17,20250617111500000,sz.002225,4.8900,4.9000,4.8800,4.9000,387900,1895872.0000,3
2025-06-17,20250617112000000,sz.002225,4.8900,4.9200,4.8800,4.9100,542800,2658816.0000,3
2025-06-17,20250617112500000,sz.002225,4.9100,4.9400,4.9100,4.9300,821400,4044000.0000,3
2025-06-17,20250617113000000,sz.002225,4.9300,4.9300,4.9100,4.9300,305200,1502000.0000,3
2025-06-17,20250617130500000,sz.002225,4.9400,4.9700,4.9300,4.9500,1430000,7076368.0000,3
2025-06-17,20250617131000000,sz.002225,4.9500,4.9500,4.9400,4.9400,211700,1046064.0000,3
2025-06-17,20250617131500000,sz.002225,4.9400,4.9400,4.9300,4.9400,194800,961856.0000,3
2025-06-17,20250617132000000,sz.002225,4.9400,4.9500,4.9300,4.9400,236800,1169488.0000,3
2025-06-17,20250617132500000,sz.002225,4.9300,4.9400,4.9200,4.9300,214100,1056128.0000,3
2025-06-17,20250617133000000,sz.002225,4.9300,4.9400,4.9200,4.9400,200300,987536.0000,3
2025-06-17,20250617133500000,sz.002225,4.9300,4.9400,4.9200,4.9300,128100,631552.0000,3
2025-06-17,20250617134000000,sz.002225,4.9300,4.9400,4.9200,4.9200,182700,899520.0000,3
2025-06-17,20250617134500000,sz.002225,4.9200,4.9200,4.9100,4.9200,260100,1278896.0000,3
2025-06-17,20250617135000000,sz.002225,4.9200,4.9400,4.9200,4.9300,270700,1333568.0000,3
2025-06-17,20250617135500000,sz.002225,4.9300,4.9400,4.9300,4.9300,227400,1121120.0000,3
2025-06-17,20250617140000000,sz.002225,4.9300,4.9400,4.9300,4.9400,179000,883472.0000,3
2025-06-17,20250617140500000,sz.002225,4.9300,4.9400,4.9300,4.9300,114600,565360.0000,3
2025-06-17,20250617141000000,sz.002225,4.9400,4.9400,4.9300,4.9300,405800,2001072.0000,3
2025-06-17,20250617141500000,sz.002225,4.9300,4.9400,4.9200,4.9300,160500,791120.0000,3
2025-06-17,20250617142000000,sz.002225,4.9300,4.9300,4.9200,4.9200,179800,885088.0000,3
2025-06-17,20250617142500000,sz.002225,4.9200,4.9400,4.9200,4.9400,236700,1166720.0000,3
2025-06-17,20250617143000000,sz.002225,4.9400,4.9400,4.9300,4.9400,125700,620352.0000,3
2025-06-17,20250617143500000,sz.002225,4.9400,4.9400,4.9200,4.9400,717400,3536960.0000,3
2025-06-17,20250617144000000,sz.002225,4.9400,4.9400,4.9300,4.9400,301900,1489216.0000,3
2025-06-17,20250617144500000,sz.002225,4.9300,4.9400,4.9300,4.9300,140300,692544.0000,3
2025-06-17,20250617145000000,sz.002225,4.9400,4.9400,4.9300,4.9300,520300,2567184.0000,3
2025-06-17,20250617145500000,sz.002225,4.9300,4.9400,4.9300,4.9300,880600,4345760.0000,3
2025-06-17,20250617150000000,sz.002225,4.9300,4.9500,4.9300,4.9400,837500,4139584.0000,3
2025-06-18,20250618093500000,sz.002225,4.9500,4.9500,4.8500,4.8500,1979400,9669299.0000,3
2025-06-18,20250618094000000,sz.002225,4.8600,4.8700,4.8400,4.8400,1137200,5515119.0000,3
2025-06-18,20250618094500000,sz.002225,4.8400,4.8500,4.8200,4.8300,965300,4666062.0000,3
2025-06-18,20250618095000000,sz.002225,4.8200,4.8400,4.8100,4.8100,1142500,5508484.0000,3
2025-06-18,20250618095500000,sz.002225,4.8100,4.8200,4.8000,4.8100,826300,3973064.0000,3
2025-06-18,20250618100000000,sz.002225,4.8100,4.8200,4.7800,4.8100,1525700,7320020.0000,3
2025-06-18,20250618100500000,sz.002225,4.8000,4.8100,4.7800,4.7800,848600,4066360.0000,3
2025-06-18,20250618101000000,sz.002225,4.7800,4.7900,4.7800,4.7900,379800,1818520.0000,3
2025-06-18,20250618101500000,sz.002225,4.7900,4.8000,4.7900,4.8000,860600,4122160.0000,3
2025-06-18,20250618102000000,sz.002225,4.7900,4.8000,4.7900,4.8000,406300,1949484.0000,3
2025-06-18,20250618102500000,sz.002225,4.8000,4.8100,4.7900,4.8000,263100,1263076.0000,3
2025-06-18,20250618103000000,sz.002225,4.7900,4.8000,4.7800,4.7800,801900,3839228.0000,3
2025-06-18,20250618103500000,sz.002225,4.7900,4.8000,4.7800,4.8000,134200,642700.0000,3
2025-06-18,20250618104000000,sz.002225,4.8000,4.8000,4.7900,4.7900,302600,1449392.0000,3
2025-06-18,20250618104500000,sz.002225,4.7900,4.7900,4.7800,4.7800,230000,1100936.0000,3
2025-06-18,20250618105000000,sz.002225,4.7800,4.7900,4.7800,4.7900,139500,667156.0000,3
2025-06-18,20250618105500000,sz.002225,4.7800,4.7900,4.7700,4.7700,415500,1985556.0000,3
2025-06-18,20250618110000000,sz.002225,4.7700,4.7800,4.7600,4.7700,550000,2622488.0000,3
2025-06-18,20250618110500000,sz.002225,4.7700,4.7900,4.7600,4.7700,737100,3519080.0000,3
2025-06-18,20250618111000000,sz.002225,4.7700,4.7700,4.7600,4.7700,125500,598552.0000,3
2025-06-18,20250618111500000,sz.002225,4.7700,4.7700,4.7600,4.7700,123600,589264.0000,3
2025-06-18,20250618112000000,sz.002225,4.7600,4.7800,4.7600,4.7700,293700,1400816.0000,3
2025-06-18,20250618112500000,sz.002225,4.7600,4.7700,4.7600,4.7600,107500,512440.0000,3
2025-06-18,20250618113000000,sz.002225,4.7700,4.7700,4.7600,4.7700,395400,1882472.0000,3
2025-06-18,20250618130500000,sz.002225,4.7700,4.7800,4.7600,4.7800,565600,2695200.0000,3
2025-06-18,20250618131000000,sz.002225,4.7700,4.7900,4.7700,4.7800,75000,358392.0000,3
2025-06-18,20250618131500000,sz.002225,4.7900,4.7900,4.7700,4.7800,231300,1104840.0000,3
2025-06-18,20250618132000000,sz.002225,4.7800,4.7900,4.7700,4.7700,191900,916264.0000,3
2025-06-18,20250618132500000,sz.002225,4.7800,4.7800,4.7700,4.7800,106800,510280.0000,3
2025-06-18,20250618133000000,sz.002225,4.7700,4.7900,4.7700,4.7800,300800,1436448.0000,3
2025-06-18,20250618133500000,sz.002225,4.7900,4.7900,4.7700,4.7900,211800,1012608.0000,3
2025-06-18,20250618134000000,sz.002225,4.7900,4.8000,4.7800,4.7900,368100,1761920.0000,3
2025-06-18,20250618134500000,sz.002225,4.7900,4.7900,4.7800,4.7900,55600,266320.0000,3
2025-06-18,20250618135000000,sz.002225,4.7900,4.7900,4.7800,4.7800,207100,990488.0000,3
2025-06-18,20250618135500000,sz.002225,4.7800,4.7900,4.7700,4.7800,97000,463608.0000,3
2025-06-18,20250618140000000,sz.002225,4.7800,4.7800,4.7700,4.7800,109400,522848.0000,3
2025-06-18,20250618140500000,sz.002225,4.7800,4.7800,4.7700,4.7800,223700,1068176.0000,3
2025-06-18,20250618141000000,sz.002225,4.7800,4.7900,4.7700,4.7800,219300,1048224.0000,3
2025-06-18,20250618141500000,sz.002225,4.7900,4.7900,4.7800,4.7800,191200,914368.0000,3
2025-06-18,20250618142000000,sz.002225,4.7800,4.7900,4.7700,4.7800,290400,1386960.0000,3
2025-06-18,20250618142500000,sz.002225,4.7800,4.7800,4.7700,4.7700,308000,1470192.0000,3
2025-06-18,20250618143000000,sz.002225,4.7800,4.7800,4.7700,4.7800,50400,240824.0000,3
2025-06-18,20250618143500000,sz.002225,4.7700,4.7900,4.7700,4.7800,180400,862064.0000,3
2025-06-18,20250618144000000,sz.002225,4.7800,4.7800,4.7700,4.7700,199400,952496.0000,3
2025-06-18,20250618144500000,sz.002225,4.7800,4.7800,4.7700,4.7800,477900,2281240.0000,3
2025-06-18,20250618145000000,sz.002225,4.7800,4.7900,4.7700,4.7800,304900,1456192.0000,3
2025-06-18,20250618145500000,sz.002225,4.7800,4.7800,4.7700,4.7800,272900,1303632.0000,3
2025-06-18,20250618150000000,sz.002225,4.7700,4.7900,4.7700,4.7700,649900,3102064.0000,3
2025-06-19,20250619093500000,sz.002225,4.7400,4.7600,4.7300,4.7500,808900,3837038.0000,3
2025-06-19,20250619094000000,sz.002225,4.7500,4.7600,4.7400,4.7500,172500,818859.0000,3
2025-06-19,20250619094500000,sz.002225,4.7500,4.7500,4.7400,4.7400,206900,981081.0000,3
2025-06-19,20250619095000000,sz.002225,4.7400,4.7500,4.7300,4.7300,207800,983835.0000,3
2025-06-19,20250619095500000,sz.002225,4.7300,4.7400,4.7300,4.7400,211700,1001753.0000,3
2025-06-19,20250619100000000,sz.002225,4.7300,4.7400,4.6900,4.6900,1674000,7883152.0000,3
2025-06-19,20250619100500000,sz.002225,4.6800,4.6900,4.6600,4.6800,1421500,6643942.0000,3
2025-06-19,20250619101000000,sz.002225,4.6800,4.6800,4.6700,4.6800,348400,1628892.0000,3
2025-06-19,20250619101500000,sz.002225,4.6800,4.6800,4.6600,4.6700,455200,2125496.0000,3
2025-06-19,20250619102000000,sz.002225,4.6700,4.6700,4.6500,4.6500,859900,4005022.0000,3
2025-06-19,20250619102500000,sz.002225,4.6600,4.6700,4.6500,4.6600,477100,2222566.0000,3
2025-06-19,20250619103000000,sz.002225,4.6600,4.6600,4.6400,4.6400,675600,3138892.0000,3
2025-06-19,20250619103500000,sz.002225,4.6400,4.6600,4.6400,4.6500,220100,1022728.0000,3
2025-06-19,20250619104000000,sz.002225,4.6400,4.6500,4.6200,4.6300,523300,2423464.0000,3
2025-06-19,20250619104500000,sz.002225,4.6300,4.6600,4.6300,4.6500,219300,1018036.0000,3
2025-06-19,20250619105000000,sz.002225,4.6400,4.6600,4.6400,4.6400,157600,732680.0000,3
2025-06-19,20250619105500000,sz.002225,4.6500,4.6500,4.6400,4.6500,71800,333420.0000,3
2025-06-19,20250619110000000,sz.002225,4.6400,4.6400,4.6200,4.6200,416600,1926816.0000,3
2025-06-19,20250619110500000,sz.002225,4.6300,4.6300,4.6100,4.6200,412400,1905136.0000,3
2025-06-19,20250619111000000,sz.002225,4.6200,4.6500,4.6200,4.6300,381600,1767952.0000,3
2025-06-19,20250619111500000,sz.002225,4.6300,4.6900,4.6200,4.6800,710500,3312236.0000,3
2025-06-19,20250619112000000,sz.002225,4.6800,4.6900,4.6400,4.6500,277800,1293836.0000,3
2025-06-19,20250619112500000,sz.002225,4.6500,4.6500,4.6300,4.6400,174700,810568.0000,3
2025-06-19,20250619113000000,sz.002225,4.6400,4.6500,4.6300,4.6400,396200,1838248.0000,3
2025-06-19,20250619130500000,sz.002225,4.6400,4.6400,4.6200,4.6300,377400,1748424.0000,3
2025-06-19,20250619131000000,sz.002225,4.6300,4.6400,4.6200,4.6300,184800,855880.0000,3
2025-06-19,20250619131500000,sz.002225,4.6300,4.6400,4.6300,4.6300,144000,667760.0000,3
2025-06-19,20250619132000000,sz.002225,4.6500,4.6500,4.6400,4.6500,113000,524708.0000,3
2025-06-19,20250619132500000,sz.002225,4.6500,4.6500,4.6300,4.6400,496700,2304516.0000,3
2025-06-19,20250619133000000,sz.002225,4.6400,4.6500,4.6300,4.6400,24500,113632.0000,3
2025-06-19,20250619133500000,sz.002225,4.6400,4.6500,4.6400,4.6500,22100,102704.0000,3
2025-06-19,20250619134000000,sz.002225,4.6500,4.6500,4.6400,4.6500,56300,261436.0000,3
2025-06-19,20250619134500000,sz.002225,4.6500,4.6500,4.6400,4.6400,36000,167108.0000,3
2025-06-19,20250619135000000,sz.002225,4.6400,4.6500,4.6300,4.6300,452100,2095640.0000,3
2025-06-19,20250619135500000,sz.002225,4.6300,4.6300,4.6200,4.6300,56800,262944.0000,3
2025-06-19,20250619140000000,sz.002225,4.6300,4.6400,4.6200,4.6300,142800,661208.0000,3
2025-06-19,20250619140500000,sz.002225,4.6300,4.6400,4.6300,4.6300,16500,76404.0000,3
2025-06-19,20250619141000000,sz.002225,4.6400,4.6400,4.6300,4.6300,80200,371460.0000,3
2025-06-19,20250619141500000,sz.002225,4.6400,4.6400,4.6300,4.6400,142200,659108.0000,3
2025-06-19,20250619142000000,sz.002225,4.6300,4.6300,4.6200,4.6300,206500,955340.0000,3
2025-06-19,20250619142500000,sz.002225,4.6200,4.6300,4.6200,4.6200,202900,938268.0000,3
2025-06-19,20250619143000000,sz.002225,4.6200,4.6300,4.6100,4.6200,430700,1989428.0000,3
2025-06-19,20250619143500000,sz.002225,4.6200,4.6300,4.6100,4.6100,209900,969256.0000,3
2025-06-19,20250619144000000,sz.002225,4.6100,4.6200,4.6100,4.6100,397400,1834104.0000,3
2025-06-19,20250619144500000,sz.002225,4.6200,4.6300,4.6100,4.6300,401200,1851584.0000,3
2025-06-19,20250619145000000,sz.002225,4.6300,4.6300,4.6100,4.6200,382700,1767784.0000,3
2025-06-19,20250619145500000,sz.002225,4.6200,4.6400,4.6200,4.6300,485600,2246976.0000,3
2025-06-19,20250619150000000,sz.002225,4.6200,4.6300,4.6200,4.6200,297700,1376416.0000,3
2025-06-20,20250620093500000,sz.002225,4.6300,4.6400,4.6000,4.6400,474400,2195258.0000,3
2025-06-20,20250620094000000,sz.002225,4.6500,4.6500,4.6300,4.6400,197200,915932.0000,3
2025-06-20,20250620094500000,sz.002225,4.6500,4.6600,4.6400,4.6500,275600,1282158.0000,3
2025-06-20,20250620095000000,sz.002225,4.6600,4.6600,4.6400,4.6500,134100,623291.0000,3
2025-06-20,20250620095500000,sz.002225,4.6500,4.6500,4.6300,4.6300,250000,1158484.0000,3
2025-06-20,20250620100000000,sz.002225,4.6300,4.6500,4.6300,4.6400,218900,1016376.0000,3
2025-06-20,20250620100500000,sz.002225,4.6400,4.6500,4.6200,4.6300,170500,790207.0000,3
2025-06-20,20250620101000000,sz.002225,4.6300,4.6400,4.6200,4.6200,118000,546235.0000,3
2025-06-20,20250620101500000,sz.002225,4.6300,4.6300,4.6100,4.6200,379200,1750669.0000,3
2025-06-20,20250620102000000,sz.002225,4.6100,4.6200,4.6100,4.6100,66300,305710.0000,3
2025-06-20,20250620102500000,sz.002225,4.6100,4.6300,4.6100,4.6200,153900,710520.0000,3
2025-06-20,20250620103000000,sz.002225,4.6300,4.6400,4.6200,4.6400,168300,780175.0000,3
2025-06-20,20250620103500000,sz.002225,4.6400,4.6400,4.6200,4.6200,42400,196471.0000,3
2025-06-20,20250620104000000,sz.002225,4.6200,4.6300,4.6200,4.6300,24100,111535.0000,3
2025-06-20,20250620104500000,sz.002225,4.6300,4.6400,4.6200,4.6400,67200,311599.0000,3
2025-06-20,20250620105000000,sz.002225,4.6300,4.6400,4.6300,4.6300,69400,321388.0000,3
2025-06-20,20250620105500000,sz.002225,4.6300,4.6400,4.6300,4.6300,54600,253053.0000,3
2025-06-20,20250620110000000,sz.002225,4.6400,4.6500,4.6300,4.6500,188300,873956.0000,3
2025-06-20,20250620110500000,sz.002225,4.6500,4.6500,4.6400,4.6400,52100,241830.0000,3
2025-06-20,20250620111000000,sz.002225,4.6400,4.6500,4.6300,4.6400,54400,252211.0000,3
2025-06-20,20250620111500000,sz.002225,4.6300,4.6400,4.6300,4.6300,62200,288073.0000,3
2025-06-20,20250620112000000,sz.002225,4.6300,4.6500,4.6300,4.6400,288600,1338986.0000,3
2025-06-20,20250620112500000,sz.002225,4.6400,4.6400,4.6300,4.6300,44100,204587.0000,3
2025-06-20,20250620113000000,sz.002225,4.6300,4.6300,4.6200,4.6200,166500,769886.0000,3
2025-06-20,20250620130500000,sz.002225,4.6200,4.6400,4.6200,4.6300,143200,662846.0000,3
2025-06-20,20250620131000000,sz.002225,4.6300,4.6500,4.6300,4.6400,253700,1178064.0000,3
2025-06-20,20250620131500000,sz.002225,4.6500,4.6600,4.6400,4.6400,504200,2344216.0000,3
2025-06-20,20250620132000000,sz.002225,4.6400,4.6500,4.6300,4.6400,129200,599164.0000,3
2025-06-20,20250620132500000,sz.002225,4.6300,4.6300,4.6300,4.6300,1500,6946.0000,3
2025-06-20,20250620133000000,sz.002225,4.6300,4.6300,4.6200,4.6200,96200,445398.0000,3
2025-06-20,20250620133500000,sz.002225,4.6300,4.6300,4.6200,4.6300,90000,416680.0000,3
2025-06-20,20250620134000000,sz.002225,4.6300,4.6400,4.6300,4.6300,15900,73712.0000,3
2025-06-20,20250620134500000,sz.002225,4.6400,4.6400,4.6300,4.6400,20200,93566.0000,3
2025-06-20,20250620135000000,sz.002225,4.6400,4.6400,4.6300,4.6300,88200,408418.0000,3
2025-06-20,20250620135500000,sz.002225,4.6300,4.6300,4.6200,4.6300,319100,1475284.0000,3
2025-06-20,20250620140000000,sz.002225,4.6300,4.6300,4.6200,4.6200,88700,410396.0000,3
2025-06-20,20250620140500000,sz.002225,4.6200,4.6300,4.6100,4.6100,307700,1421088.0000,3
2025-06-20,20250620141000000,sz.002225,4.6100,4.6200,4.6000,4.6000,456800,2104236.0000,3
2025-06-20,20250620141500000,sz.002225,4.6000,4.6100,4.6000,4.6100,123600,568760.0000,3
2025-06-20,20250620142000000,sz.002225,4.6100,4.6100,4.6000,4.6100,81700,376512.0000,3
2025-06-20,20250620142500000,sz.002225,4.6100,4.6200,4.6100,4.6100,78300,361340.0000,3
2025-06-20,20250620143000000,sz.002225,4.6100,4.6200,4.6100,4.6200,93000,428868.0000,3
2025-06-20,20250620143500000,sz.002225,4.6200,4.6200,4.6000,4.6100,145100,669092.0000,3
2025-06-20,20250620144000000,sz.002225,4.6100,4.6200,4.6100,4.6200,76000,350920.0000,3
2025-06-20,20250620144500000,sz.002225,4.6200,4.6200,4.6100,4.6100,177400,818128.0000,3
2025-06-20,20250620145000000,sz.002225,4.6200,4.6200,4.6100,4.6100,174000,802604.0000,3
2025-06-20,20250620145500000,sz.002225,4.6200,4.6200,4.6000,4.6100,149400,688396.0000,3
2025-06-20,20250620150000000,sz.002225,4.6100,4.6200,4.6000,4.6100,120700,556396.0000,3
2025-06-23,20250623093500000,sz.002225,4.6000,4.6000,4.5600,4.5800,454500,2080864.0000,3
2025-06-23,20250623094000000,sz.002225,4.5800,4.6000,4.5800,4.6000,399300,1833109.0000,3
2025-06-23,20250623094500000,sz.002225,4.6100,4.6300,4.6000,4.6200,529000,2445237.0000,3
2025-06-23,20250623095000000,sz.002225,4.6300,4.6300,4.6000,4.6000,96300,444104.0000,3
2025-06-23,20250623095500000,sz.002225,4.6100,4.6200,4.6000,4.6100,204300,942884.0000,3
2025-06-23,20250623100000000,sz.002225,4.6200,4.6300,4.6200,4.6200,70800,327240.0000,3
2025-06-23,20250623100500000,sz.002225,4.6200,4.6400,4.6200,4.6200,193800,897562.0000,3
2025-06-23,20250623101000000,sz.002225,4.6300,4.6500,4.6200,4.6400,259700,1204849.0000,3
2025-06-23,20250623101500000,sz.002225,4.6400,4.6400,4.6300,4.6400,58700,272339.0000,3
2025-06-23,20250623102000000,sz.002225,4.6400,4.6400,4.6300,4.6400,42800,198587.0000,3
2025-06-23,20250623102500000,sz.002225,4.6400,4.6600,4.6400,4.6400,243700,1132827.0000,3
2025-06-23,20250623103000000,sz.002225,4.6500,4.6500,4.6400,4.6500,142100,659731.0000,3
2025-06-23,20250623103500000,sz.002225,4.6400,4.6600,4.6400,4.6600,232400,1081637.0000,3
2025-06-23,20250623104000000,sz.002225,4.6500,4.6600,4.6500,4.6500,54800,254949.0000,3
2025-06-23,20250623104500000,sz.002225,4.6500,4.6600,4.6500,4.6600,25500,118707.0000,3
2025-06-23,20250623105000000,sz.002225,4.6600,4.6700,4.6400,4.6400,286000,1331946.0000,3
2025-06-23,20250623105500000,sz.002225,4.6500,4.6500,4.6400,4.6400,20600,95755.0000,3
2025-06-23,20250623110000000,sz.002225,4.6400,4.6500,4.6400,4.6500,62900,292434.0000,3
2025-06-23,20250623110500000,sz.002225,4.6400,4.6600,4.6400,4.6600,161400,750442.0000,3
2025-06-23,20250623111000000,sz.002225,4.6600,4.6700,4.6600,4.6600,126700,590473.0000,3
2025-06-23,20250623111500000,sz.002225,4.6500,4.6600,4.6500,4.6600,95000,442584.0000,3
2025-06-23,20250623112000000,sz.002225,4.6600,4.6700,4.6600,4.6700,191100,891234.0000,3
2025-06-23,20250623112500000,sz.002225,4.6700,4.6700,4.6600,4.6600,12800,59676.0000,3
2025-06-23,20250623113000000,sz.002225,4.6700,4.6700,4.6600,4.6700,8700,40626.0000,3
2025-06-23,20250623130500000,sz.002225,4.6600,4.7500,4.6600,4.7500,1977700,9308208.0000,3
2025-06-23,20250623131000000,sz.002225,4.7500,4.7500,4.7000,4.7100,310900,1466830.0000,3
2025-06-23,20250623131500000,sz.002225,4.7100,4.7300,4.7000,4.7200,312300,1472240.0000,3
2025-06-23,20250623132000000,sz.002225,4.7200,4.7300,4.6900,4.7000,123500,581178.0000,3
2025-06-23,20250623132500000,sz.002225,4.6900,4.7500,4.6900,4.7500,771900,3653100.0000,3
2025-06-23,20250623133000000,sz.002225,4.7500,4.7900,4.7400,4.7600,1455500,6939956.0000,3
2025-06-23,20250623133500000,sz.002225,4.7700,4.7900,4.7600,4.7600,710800,3395300.0000,3
2025-06-23,20250623134000000,sz.002225,4.7600,4.7800,4.7500,4.7600,332000,1582868.0000,3
2025-06-23,20250623134500000,sz.002225,4.7700,4.7700,4.7500,4.7500,188900,900376.0000,3
2025-06-23,20250623135000000,sz.002225,4.7600,4.7700,4.7500,4.7600,155900,742844.0000,3
2025-06-23,20250623135500000,sz.002225,4.7600,4.7600,4.7500,4.7500,154500,735272.0000,3
2025-06-23,20250623140000000,sz.002225,4.7600,4.7700,4.7500,4.7600,119100,566772.0000,3
2025-06-23,20250623140500000,sz.002225,4.7700,4.7800,4.7600,4.7600,285300,1360908.0000,3
2025-06-23,20250623141000000,sz.002225,4.7600,4.7700,4.7600,4.7700,22700,108212.0000,3
2025-06-23,20250623141500000,sz.002225,4.7700,4.7800,4.7600,4.7700,216100,1030756.0000,3
2025-06-23,20250623142000000,sz.002225,4.7800,4.7800,4.7600,4.7700,82500,393588.0000,3
2025-06-23,20250623142500000,sz.002225,4.7700,4.7800,4.7600,4.7600,124000,591228.0000,3
2025-06-23,20250623143000000,sz.002225,4.7600,4.7700,4.7600,4.7600,130200,619852.0000,3
2025-06-23,20250623143500000,sz.002225,4.7600,4.7700,4.7600,4.7700,102000,485784.0000,3
2025-06-23,20250623144000000,sz.002225,4.7700,4.7700,4.7600,4.7600,121000,576236.0000,3
2025-06-23,20250623144500000,sz.002225,4.7700,4.7700,4.7500,4.7600,485800,2312256.0000,3
2025-06-23,20250623145000000,sz.002225,4.7600,4.7600,4.7500,4.7500,209100,993924.0000,3
2025-06-23,20250623145500000,sz.002225,4.7400,4.7600,4.7400,4.7500,359100,1706712.0000,3
2025-06-23,20250623150000000,sz.002225,4.7500,4.7600,4.7500,4.7600,210000,999160.0000,3
2025-06-24,20250624093500000,sz.002225,4.7800,4.7800,4.7300,4.7500,849200,4034473.0000,3
2025-06-24,20250624094000000,sz.002225,4.7500,4.7700,4.7500,4.7600,467600,2225708.0000,3
2025-06-24,20250624094500000,sz.002225,4.7600,4.7900,4.7600,4.7800,561600,2682570.0000,3
2025-06-24,20250624095000000,sz.002225,4.7800,4.7900,4.7700,4.7900,636300,3043890.0000,3
2025-06-24,20250624095500000,sz.002225,4.7900,4.8000,4.7800,4.7800,724700,3473273.0000,3
2025-06-24,20250624100000000,sz.002225,4.7800,4.7900,4.7600,4.7600,304700,1454402.0000,3
2025-06-24,20250624100500000,sz.002225,4.7700,4.7900,4.7600,4.7800,445900,2130718.0000,3
2025-06-24,20250624101000000,sz.002225,4.7800,4.7900,4.7800,4.7800,170200,814594.0000,3
2025-06-24,20250624101500000,sz.002225,4.7800,4.8100,4.7800,4.8000,761200,3654946.0000,3
2025-06-24,20250624102000000,sz.002225,4.8100,4.8100,4.7900,4.8000,240700,1155594.0000,3
2025-06-24,20250624102500000,sz.002225,4.8000,4.8200,4.8000,4.8100,509600,2450924.0000,3
2025-06-24,20250624103000000,sz.002225,4.8100,4.8300,4.8100,4.8300,299300,1443380.0000,3
2025-06-24,20250624103500000,sz.002225,4.8300,4.8500,4.8300,4.8400,654300,3166108.0000,3
2025-06-24,20250624104000000,sz.002225,4.8300,4.8400,4.8300,4.8300,132500,641124.0000,3
2025-06-24,20250624104500000,sz.002225,4.8300,4.8400,4.8200,4.8300,289000,1395976.0000,3
2025-06-24,20250624105000000,sz.002225,4.8200,4.8300,4.8200,4.8200,56300,271380.0000,3
2025-06-24,20250624105500000,sz.002225,4.8300,4.8300,4.8100,4.8200,175200,844308.0000,3
2025-06-24,20250624110000000,sz.002225,4.8200,4.8200,4.8100,4.8100,158500,763268.0000,3
2025-06-24,20250624110500000,sz.002225,4.8100,4.8200,4.8100,4.8100,5500,26476.0000,3
2025-06-24,20250624111000000,sz.002225,4.8100,4.8200,4.8100,4.8100,57200,275516.0000,3
2025-06-24,20250624111500000,sz.002225,4.8100,4.8200,4.8100,4.8100,218900,1054788.0000,3
2025-06-24,20250624112000000,sz.002225,4.8100,4.8200,4.8100,4.8100,153400,738640.0000,3
2025-06-24,20250624112500000,sz.002225,4.8200,4.8600,4.8100,4.8400,1624800,7872304.0000,3
2025-06-24,20250624113000000,sz.002225,4.8400,4.8500,4.8300,4.8300,291200,1408712.0000,3
2025-06-24,20250624130500000,sz.002225,4.8300,4.8400,4.8200,4.8200,581300,2806200.0000,3
2025-06-24,20250624131000000,sz.002225,4.8200,4.8400,4.8200,4.8300,154900,747568.0000,3
2025-06-24,20250624131500000,sz.002225,4.8300,4.8400,4.8300,4.8300,94500,456776.0000,3
2025-06-24,20250624132000000,sz.002225,4.8400,4.8400,4.8200,4.8200,265800,1283136.0000,3
2025-06-24,20250624132500000,sz.002225,4.8200,4.8300,4.8100,4.8100,272400,1312332.0000,3
2025-06-24,20250624133000000,sz.002225,4.8100,4.8200,4.8100,4.8100,50400,242512.0000,3
2025-06-24,20250624133500000,sz.002225,4.8200,4.8300,4.8100,4.8100,269400,1298308.0000,3
2025-06-24,20250624134000000,sz.002225,4.8100,4.8700,4.8100,4.8600,2052000,9950592.0000,3
2025-06-24,20250624134500000,sz.002225,4.8600,4.8600,4.8400,4.8500,339400,1647080.0000,3
2025-06-24,20250624135000000,sz.002225,4.8500,4.8500,4.8400,4.8400,201600,977352.0000,3
2025-06-24,20250624135500000,sz.002225,4.8500,4.8500,4.8400,4.8500,292000,1416024.0000,3
2025-06-24,20250624140000000,sz.002225,4.8500,4.8500,4.8400,4.8500,66700,323424.0000,3
2025-06-24,20250624140500000,sz.002225,4.8400,4.8500,4.8300,4.8300,145700,705120.0000,3
2025-06-24,20250624141000000,sz.002225,4.8400,4.8400,4.8300,4.8400,85800,415248.0000,3
2025-06-24,20250624141500000,sz.002225,4.8400,4.8400,4.8300,4.8400,14100,68208.0000,3
2025-06-24,20250624142000000,sz.002225,4.8400,4.8600,4.8300,4.8600,466100,2258424.0000,3
2025-06-24,20250624142500000,sz.002225,4.8600,4.8600,4.8500,4.8500,54800,265824.0000,3
2025-06-24,20250624143000000,sz.002225,4.8500,4.8600,4.8400,4.8500,290200,1407376.0000,3
2025-06-24,20250624143500000,sz.002225,4.8500,4.8600,4.8400,4.8500,132900,644616.0000,3
2025-06-24,20250624144000000,sz.002225,4.8500,4.8500,4.8400,4.8500,141900,687584.0000,3
2025-06-24,20250624144500000,sz.002225,4.8500,4.8600,4.8400,4.8500,711700,3451856.0000,3
2025-06-24,20250624145000000,sz.002225,4.8600,4.8600,4.8500,4.8500,120600,585696.0000,3
2025-06-24,20250624145500000,sz.002225,4.8500,4.8600,4.8500,4.8500,377700,1834144.0000,3
2025-06-24,20250624150000000,sz.002225,4.8500,4.8600,4.8500,4.8600,595400,2890960.0000,3
2025-06-25,20250625093500000,sz.002225,4.8500,4.8700,4.8400,4.8600,1149700,5580419.0000,3
2025-06-25,20250625094000000,sz.002225,4.8600,4.8800,4.8600,4.8700,685000,3334508.0000,3
2025-06-25,20250625094500000,sz.002225,4.8700,4.8800,4.8500,4.8500,364000,1771060.0000,3
2025-06-25,20250625095000000,sz.002225,4.8500,4.8700,4.8500,4.8600,398500,1934606.0000,3
2025-06-25,20250625095500000,sz.002225,4.8700,4.8700,4.8600,4.8600,94900,461720.0000,3
2025-06-25,20250625100000000,sz.002225,4.8700,4.8700,4.8500,4.8600,407300,1978979.0000,3
2025-06-25,20250625100500000,sz.002225,4.8600,4.8700,4.8500,4.8500,244600,1188520.0000,3
2025-06-25,20250625101000000,sz.002225,4.8600,4.8600,4.8400,4.8500,544800,2641254.0000,3
2025-06-25,20250625101500000,sz.002225,4.8400,4.8500,4.8400,4.8400,130900,633626.0000,3
2025-06-25,20250625102000000,sz.002225,4.8400,4.8500,4.8300,4.8400,180700,874880.0000,3
2025-06-25,20250625102500000,sz.002225,4.8400,4.8400,4.8200,4.8200,357700,1728198.0000,3
2025-06-25,20250625103000000,sz.002225,4.8300,4.8300,4.8100,4.8200,372100,1793904.0000,3
2025-06-25,20250625103500000,sz.002225,4.8200,4.8300,4.8100,4.8300,228300,1100732.0000,3
2025-06-25,20250625104000000,sz.002225,4.8200,4.8300,4.8100,4.8300,242700,1169776.0000,3
2025-06-25,20250625104500000,sz.002225,4.8200,4.8200,4.8000,4.8100,556600,2677386.0000,3
2025-06-25,20250625105000000,sz.002225,4.8100,4.8200,4.8000,4.8100,242400,1165348.0000,3
2025-06-25,20250625105500000,sz.002225,4.8000,4.8200,4.8000,4.8200,151500,728644.0000,3
2025-06-25,20250625110000000,sz.002225,4.8200,4.8200,4.8100,4.8200,44100,212424.0000,3
2025-06-25,20250625110500000,sz.002225,4.8200,4.8200,4.8100,4.8200,152200,733210.0000,3
2025-06-25,20250625111000000,sz.002225,4.8200,4.8200,4.8100,4.8200,86600,416802.0000,3
2025-06-25,20250625111500000,sz.002225,4.8100,4.8200,4.8100,4.8100,380500,1830480.0000,3
2025-06-25,20250625112000000,sz.002225,4.8100,4.8300,4.8100,4.8300,62400,300636.0000,3
2025-06-25,20250625112500000,sz.002225,4.8300,4.8300,4.8200,4.8300,51200,247192.0000,3
2025-06-25,20250625113000000,sz.002225,4.8300,4.8600,4.8200,4.8600,248400,1203496.0000,3
2025-06-25,20250625130500000,sz.002225,4.8600,4.9600,4.8600,4.9400,4110600,20183680.0000,3
2025-06-25,20250625131000000,sz.002225,4.9500,4.9500,4.8900,4.9100,706200,3469744.0000,3
2025-06-25,20250625131500000,sz.002225,4.9200,4.9500,4.9100,4.9200,930300,4584408.0000,3
2025-06-25,20250625132000000,sz.002225,4.9300,4.9300,4.9100,4.9100,234700,1155136.0000,3
2025-06-25,20250625132500000,sz.002225,4.9000,4.9200,4.9000,4.9200,195000,957992.0000,3
2025-06-25,20250625133000000,sz.002225,4.9100,4.9500,4.9100,4.9400,1236100,6094424.0000,3
2025-06-25,20250625133500000,sz.002225,4.9400,4.9500,4.9400,4.9400,538500,2663648.0000,3
2025-06-25,20250625134000000,sz.002225,4.9500,4.9800,4.9500,4.9700,1249700,6203968.0000,3
2025-06-25,20250625134500000,sz.002225,4.9800,5.0000,4.9700,4.9900,2113800,10531536.0000,3
2025-06-25,20250625135000000,sz.002225,4.9900,4.9900,4.9600,4.9700,328300,1635376.0000,3
2025-06-25,20250625135500000,sz.002225,4.9700,4.9700,4.9600,4.9700,144100,715936.0000,3
2025-06-25,20250625140000000,sz.002225,4.9700,4.9800,4.9600,4.9700,247000,1227944.0000,3
2025-06-25,20250625140500000,sz.002225,4.9700,4.9700,4.9500,4.9500,161900,803288.0000,3
2025-06-25,20250625141000000,sz.002225,4.9600,4.9600,4.9500,4.9500,279400,1384320.0000,3
2025-06-25,20250625141500000,sz.002225,4.9600,4.9600,4.9500,4.9600,244500,1211896.0000,3
2025-06-25,20250625142000000,sz.002225,4.9600,4.9700,4.9500,4.9600,238200,1181928.0000,3
2025-06-25,20250625142500000,sz.002225,4.9600,4.9700,4.9500,4.9600,148400,736704.0000,3
2025-06-25,20250625143000000,sz.002225,4.9600,5.0000,4.9600,4.9900,974900,4854736.0000,3
2025-06-25,20250625143500000,sz.002225,5.0000,5.0400,4.9900,5.0300,2411700,12100216.0000,3
2025-06-25,20250625144000000,sz.002225,5.0300,5.0400,5.0200,5.0400,1004000,5051768.0000,3
2025-06-25,20250625144500000,sz.002225,5.0400,5.0400,5.0300,5.0400,1017200,5122496.0000,3
2025-06-25,20250625145000000,sz.002225,5.0300,5.0500,5.0100,5.0200,702900,3536952.0000,3
2025-06-25,20250625145500000,sz.002225,5.0200,5.0200,5.0100,5.0100,565500,2835152.0000,3
2025-06-25,20250625150000000,sz.002225,5.0100,5.0200,5.0000,5.0100,442300,2215736.0000,3
2025-06-26,20250626093500000,sz.002225,5.0300,5.0600,4.9800,4.9900,2062700,10368758.0000,3
2025-06-26,20250626094000000,sz.002225,4.9900,5.0400,4.9900,5.0100,687600,3448683.0000,3
2025-06-26,20250626094500000,sz.002225,5.0200,5.0400,5.0100,5.0300,504100,2532499.0000,3
2025-06-26,20250626095000000,sz.002225,5.0400,5.0500,5.0100,5.0400,674900,3394872.0000,3
2025-06-26,20250626095500000,sz.002225,5.0500,5.0700,5.0400,5.0400,760100,3841258.0000,3
2025-06-26,20250626100000000,sz.002225,5.0400,5.0600,5.0400,5.0600,479600,2424724.0000,3
2025-06-26,20250626100500000,sz.002225,5.0500,5.0800,5.0500,5.0800,606100,3069230.0000,3
2025-06-26,20250626101000000,sz.002225,5.0700,5.0900,5.0600,5.0600,1117200,5673916.0000,3
2025-06-26,20250626101500000,sz.002225,5.0600,5.0700,5.0500,5.0500,431200,2181848.0000,3
2025-06-26,20250626102000000,sz.002225,5.0500,5.0600,5.0500,5.0600,206600,1044408.0000,3
2025-06-26,20250626102500000,sz.002225,5.0600,5.0600,5.0400,5.0400,347300,1751772.0000,3
2025-06-26,20250626103000000,sz.002225,5.0400,5.0500,5.0200,5.0300,465000,2338328.0000,3
2025-06-26,20250626103500000,sz.002225,5.0300,5.0300,5.0200,5.0300,333900,1676372.0000,3
2025-06-26,20250626104000000,sz.002225,5.0300,5.0300,5.0200,5.0300,122500,615144.0000,3
2025-06-26,20250626104500000,sz.002225,5.0200,5.0300,5.0100,5.0200,150400,755068.0000,3
2025-06-26,20250626105000000,sz.002225,5.0100,5.0200,5.0000,5.0100,484800,2428444.0000,3
2025-06-26,20250626105500000,sz.002225,5.0200,5.0200,5.0100,5.0200,203400,1018684.0000,3
2025-06-26,20250626110000000,sz.002225,5.0200,5.0200,5.0100,5.0200,80200,402456.0000,3
2025-06-26,20250626110500000,sz.002225,5.0200,5.0200,5.0100,5.0200,71300,357364.0000,3
2025-06-26,20250626111000000,sz.002225,5.0200,5.0200,4.9900,4.9900,400200,2002152.0000,3
2025-06-26,20250626111500000,sz.002225,4.9900,5.0000,4.9800,4.9900,533100,2660420.0000,3
2025-06-26,20250626112000000,sz.002225,4.9800,5.0000,4.9800,4.9900,376600,1878300.0000,3
2025-06-26,20250626112500000,sz.002225,4.9800,5.0000,4.9800,4.9900,203900,1017284.0000,3
2025-06-26,20250626113000000,sz.002225,5.0000,5.0000,4.9800,4.9900,210700,1051680.0000,3
2025-06-26,20250626130500000,sz.002225,4.9900,5.0000,4.9800,5.0000,606600,3027904.0000,3
2025-06-26,20250626131000000,sz.002225,4.9900,5.0000,4.9900,5.0000,224800,1122164.0000,3
2025-06-26,20250626131500000,sz.002225,4.9900,5.0000,4.9800,4.9800,235100,1171660.0000,3
2025-06-26,20250626132000000,sz.002225,4.9800,4.9800,4.9700,4.9700,404800,2014196.0000,3
2025-06-26,20250626132500000,sz.002225,4.9700,4.9800,4.9700,4.9700,151600,753732.0000,3
2025-06-26,20250626133000000,sz.002225,4.9700,4.9800,4.9700,4.9800,174200,867128.0000,3
2025-06-26,20250626133500000,sz.002225,4.9800,4.9800,4.9700,4.9800,75200,373984.0000,3
2025-06-26,20250626134000000,sz.002225,4.9700,4.9800,4.9600,4.9700,370600,1841984.0000,3
2025-06-26,20250626134500000,sz.002225,4.9700,4.9700,4.9600,4.9700,156100,774576.0000,3
2025-06-26,20250626135000000,sz.002225,4.9700,4.9700,4.9500,4.9700,428700,2126272.0000,3
2025-06-26,20250626135500000,sz.002225,4.9700,4.9700,4.9600,4.9600,272500,1351920.0000,3
2025-06-26,20250626140000000,sz.002225,4.9600,4.9600,4.9500,4.9500,127400,630880.0000,3
2025-06-26,20250626140500000,sz.002225,4.9600,4.9600,4.9500,4.9500,233300,1156544.0000,3
2025-06-26,20250626141000000,sz.002225,4.9600,4.9700,4.9500,4.9700,647000,3207160.0000,3
2025-06-26,20250626141500000,sz.002225,4.9700,4.9800,4.9600,4.9800,172100,855496.0000,3
2025-06-26,20250626142000000,sz.002225,4.9700,4.9800,4.9700,4.9800,63000,313616.0000,3
2025-06-26,20250626142500000,sz.002225,4.9800,4.9800,4.9700,4.9700,43900,218488.0000,3
2025-06-26,20250626143000000,sz.002225,4.9800,4.9800,4.9600,4.9600,306300,1522024.0000,3
2025-06-26,20250626143500000,sz.002225,4.9600,4.9700,4.9500,4.9600,217800,1080408.0000,3
2025-06-26,20250626144000000,sz.002225,4.9600,4.9700,4.9500,4.9500,151600,751600.0000,3
2025-06-26,20250626144500000,sz.002225,4.9500,4.9600,4.9500,4.9500,216900,1074000.0000,3
2025-06-26,20250626145000000,sz.002225,4.9500,4.9600,4.9400,4.9500,257800,1276016.0000,3
2025-06-26,20250626145500000,sz.002225,4.9400,4.9500,4.9400,4.9400,268500,1328088.0000,3
2025-06-26,20250626150000000,sz.002225,4.9500,4.9500,4.9400,4.9500,307800,1523120.0000,3
2025-06-27,20250627093500000,sz.002225,4.9900,5.0300,4.9800,5.0200,1052000,5264764.0000,3
2025-06-27,20250627094000000,sz.002225,5.0300,5.0300,4.9900,5.0000,321200,1608266.0000,3
2025-06-27,20250627094500000,sz.002225,4.9900,5.0100,4.9900,4.9900,545000,2724552.0000,3
2025-06-27,20250627095000000,sz.002225,4.9900,5.0000,4.9900,5.0000,158600,791876.0000,3
2025-06-27,20250627095500000,sz.002225,4.9900,5.0000,4.9800,4.9900,127400,635410.0000,3
2025-06-27,20250627100000000,sz.002225,4.9800,4.9900,4.9700,4.9800,213100,1060629.0000,3
2025-06-27,20250627100500000,sz.002225,4.9800,4.9900,4.9700,4.9900,185800,925074.0000,3
2025-06-27,20250627101000000,sz.002225,4.9900,5.0000,4.9800,4.9900,157500,785927.0000,3
2025-06-27,20250627101500000,sz.002225,4.9900,4.9900,4.9700,4.9700,176100,876808.0000,3
2025-06-27,20250627102000000,sz.002225,4.9700,4.9800,4.9700,4.9800,29500,146829.0000,3
2025-06-27,20250627102500000,sz.002225,4.9700,4.9800,4.9700,4.9800,146900,731023.0000,3
2025-06-27,20250627103000000,sz.002225,4.9700,4.9800,4.9700,4.9700,142800,710003.0000,3
2025-06-27,20250627103500000,sz.002225,4.9800,4.9800,4.9600,4.9700,253500,1259603.0000,3
2025-06-27,20250627104000000,sz.002225,4.9700,4.9700,4.9500,4.9500,277500,1376352.0000,3
2025-06-27,20250627104500000,sz.002225,4.9500,4.9600,4.9500,4.9500,137400,679942.0000,3
2025-06-27,20250627105000000,sz.002225,4.9500,4.9700,4.9500,4.9600,151200,750194.0000,3
2025-06-27,20250627105500000,sz.002225,4.9600,4.9700,4.9600,4.9700,27300,135428.0000,3
2025-06-27,20250627110000000,sz.002225,4.9600,4.9800,4.9600,4.9700,86200,428436.0000,3
2025-06-27,20250627110500000,sz.002225,4.9700,4.9800,4.9600,4.9700,60200,299220.0000,3
2025-06-27,20250627111000000,sz.002225,4.9700,4.9800,4.9600,4.9800,113400,563912.0000,3
2025-06-27,20250627111500000,sz.002225,4.9800,4.9800,4.9700,4.9700,19600,97540.0000,3
2025-06-27,20250627112000000,sz.002225,4.9700,4.9800,4.9700,4.9800,83300,414092.0000,3
2025-06-27,20250627112500000,sz.002225,4.9700,4.9800,4.9700,4.9700,35100,174620.0000,3
2025-06-27,20250627113000000,sz.002225,4.9700,4.9800,4.9700,4.9700,158300,787940.0000,3
2025-06-27,20250627130500000,sz.002225,4.9800,5.0400,4.9800,5.0000,1095200,5491468.0000,3
2025-06-27,20250627131000000,sz.002225,5.0000,5.0100,4.9900,5.0000,110800,553712.0000,3
2025-06-27,20250627131500000,sz.002225,5.0000,5.0000,4.9800,4.9800,163100,813428.0000,3
2025-06-27,20250627132000000,sz.002225,4.9800,5.0000,4.9800,5.0000,180800,901996.0000,3
2025-06-27,20250627132500000,sz.002225,5.0000,5.0000,4.9800,5.0000,221000,1102644.0000,3
2025-06-27,20250627133000000,sz.002225,5.0000,5.0000,4.9800,4.9900,112900,563256.0000,3
2025-06-27,20250627133500000,sz.002225,4.9900,4.9900,4.9800,4.9900,69100,344652.0000,3
2025-06-27,20250627134000000,sz.002225,4.9800,4.9900,4.9800,4.9800,108600,541648.0000,3
2025-06-27,20250627134500000,sz.002225,4.9900,5.0000,4.9800,4.9800,122100,609456.0000,3
2025-06-27,20250627135000000,sz.002225,4.9900,4.9900,4.9800,4.9800,63600,316836.0000,3
2025-06-27,20250627135500000,sz.002225,4.9800,4.9900,4.9800,4.9800,62300,310296.0000,3
2025-06-27,20250627140000000,sz.002225,4.9800,4.9900,4.9800,4.9800,133700,665964.0000,3
2025-06-27,20250627140500000,sz.002225,4.9900,4.9900,4.9800,4.9800,133700,666060.0000,3
2025-06-27,20250627141000000,sz.002225,4.9800,4.9900,4.9800,4.9900,39200,195424.0000,3
2025-06-27,20250627141500000,sz.002225,4.9900,4.9900,4.9800,4.9900,14700,73308.0000,3
2025-06-27,20250627142000000,sz.002225,4.9900,5.0200,4.9800,5.0200,676700,3383664.0000,3
2025-06-27,20250627142500000,sz.002225,5.0100,5.0200,4.9900,5.0000,362600,1814916.0000,3
2025-06-27,20250627143000000,sz.002225,5.0000,5.0000,4.9900,5.0000,61500,306944.0000,3
2025-06-27,20250627143500000,sz.002225,4.9900,5.0000,4.9800,4.9800,156400,780064.0000,3
2025-06-27,20250627144000000,sz.002225,4.9900,4.9900,4.9800,4.9800,30500,151944.0000,3
2025-06-27,20250627144500000,sz.002225,4.9900,4.9900,4.9700,4.9700,135600,675236.0000,3
2025-06-27,20250627145000000,sz.002225,4.9800,4.9800,4.9700,4.9700,46300,230420.0000,3
2025-06-27,20250627145500000,sz.002225,4.9700,4.9800,4.9700,4.9800,226800,1127748.0000,3
2025-06-27,20250627150000000,sz.002225,4.9700,4.9800,4.9700,4.9700,155100,771012.0000,3
2025-06-30,20250630093500000,sz.002225,4.9700,5.0000,4.9400,4.9400,697900,3469018.0000,3
2025-06-30,20250630094000000,sz.002225,4.9300,4.9500,4.9300,4.9300,528600,2610772.0000,3
2025-06-30,20250630094500000,sz.002225,4.9400,4.9400,4.9300,4.9400,249900,1232901.0000,3
2025-06-30,20250630095000000,sz.002225,4.9300,4.9400,4.9300,4.9400,388000,1914537.0000,3
2025-06-30,20250630095500000,sz.002225,4.9300,4.9400,4.9300,4.9400,52900,260973.0000,3
2025-06-30,20250630100000000,sz.002225,4.9400,4.9500,4.9300,4.9300,184200,909759.0000,3
2025-06-30,20250630100500000,sz.002225,4.9300,4.9400,4.9000,4.9200,1050100,5160448.0000,3
2025-06-30,20250630101000000,sz.002225,4.9100,4.9200,4.9100,4.9200,320600,1574832.0000,3
2025-06-30,20250630101500000,sz.002225,4.9100,4.9300,4.9100,4.9100,326300,1603916.0000,3
2025-06-30,20250630102000000,sz.002225,4.9100,4.9200,4.9100,4.9100,109100,536148.0000,3
2025-06-30,20250630102500000,sz.002225,4.9200,4.9200,4.9100,4.9100,277100,1362748.0000,3
2025-06-30,20250630103000000,sz.002225,4.9200,4.9200,4.9100,4.9200,90800,446218.0000,3
2025-06-30,20250630103500000,sz.002225,4.9200,4.9200,4.9100,4.9200,192100,944534.0000,3
2025-06-30,20250630104000000,sz.002225,4.9200,4.9200,4.9100,4.9100,150100,737930.0000,3
2025-06-30,20250630104500000,sz.002225,4.9100,4.9200,4.9100,4.9100,372000,1826466.0000,3
2025-06-30,20250630105000000,sz.002225,4.9100,4.9200,4.9000,4.9100,132400,649558.0000,3
2025-06-30,20250630105500000,sz.002225,4.9000,4.9100,4.9000,4.9000,94000,460998.0000,3
2025-06-30,20250630110000000,sz.002225,4.9000,4.9100,4.9000,4.9100,145500,713716.0000,3
2025-06-30,20250630110500000,sz.002225,4.9100,4.9100,4.8900,4.9000,725100,3551836.0000,3
2025-06-30,20250630111000000,sz.002225,4.9000,4.9100,4.9000,4.9100,59900,293812.0000,3
2025-06-30,20250630111500000,sz.002225,4.9000,4.9100,4.9000,4.9100,173200,849494.0000,3
2025-06-30,20250630112000000,sz.002225,4.9100,4.9100,4.9000,4.9100,67800,332442.0000,3
2025-06-30,20250630112500000,sz.002225,4.9000,4.9100,4.9000,4.9000,64500,316428.0000,3
2025-06-30,20250630113000000,sz.002225,4.9100,4.9100,4.9000,4.9000,113800,557748.0000,3
2025-06-30,20250630130500000,sz.002225,4.9000,4.9100,4.8900,4.9000,520200,2548832.0000,3
2025-06-30,20250630131000000,sz.002225,4.9000,4.9000,4.8900,4.9000,37700,184376.0000,3
2025-06-30,20250630131500000,sz.002225,4.9000,4.9100,4.8900,4.8900,221600,1085640.0000,3
2025-06-30,20250630132000000,sz.002225,4.9000,4.9200,4.8900,4.9200,466500,2288632.0000,3
2025-06-30,20250630132500000,sz.002225,4.9100,4.9200,4.9100,4.9100,111400,547264.0000,3
2025-06-30,20250630133000000,sz.002225,4.9200,4.9200,4.9100,4.9100,96000,471476.0000,3
2025-06-30,20250630133500000,sz.002225,4.9100,4.9200,4.9000,4.9200,160700,789108.0000,3
2025-06-30,20250630134000000,sz.002225,4.9100,4.9200,4.9100,4.9100,62000,304716.0000,3
2025-06-30,20250630134500000,sz.002225,4.9100,4.9200,4.9100,4.9100,291000,1429344.0000,3
2025-06-30,20250630135000000,sz.002225,4.9100,4.9100,4.9100,4.9100,105500,517892.0000,3
2025-06-30,20250630135500000,sz.002225,4.9100,4.9200,4.9100,4.9100,50000,245788.0000,3
2025-06-30,20250630140000000,sz.002225,4.9200,4.9300,4.9100,4.9200,123000,605092.0000,3
2025-06-30,20250630140500000,sz.002225,4.9300,4.9300,4.9200,4.9300,132600,652472.0000,3
2025-06-30,20250630141000000,sz.002225,4.9200,4.9400,4.9200,4.9400,208100,1026184.0000,3
2025-06-30,20250630141500000,sz.002225,4.9300,4.9500,4.9300,4.9400,153400,757808.0000,3
2025-06-30,20250630142000000,sz.002225,4.9300,4.9400,4.9300,4.9300,28700,141664.0000,3
2025-06-30,20250630142500000,sz.002225,4.9300,4.9400,4.9300,4.9300,75700,373240.0000,3
2025-06-30,20250630143000000,sz.002225,4.9300,4.9400,4.9300,4.9300,44200,218016.0000,3
2025-06-30,20250630143500000,sz.002225,4.9400,4.9400,4.9300,4.9400,39200,193624.0000,3
2025-06-30,20250630144000000,sz.002225,4.9300,4.9400,4.9300,4.9400,46000,227140.0000,3
2025-06-30,20250630144500000,sz.002225,4.9300,4.9500,4.9300,4.9400,331200,1636436.0000,3
2025-06-30,20250630145000000,sz.002225,4.9400,4.9500,4.9300,4.9500,212700,1050744.0000,3
2025-06-30,20250630145500000,sz.002225,4.9500,4.9500,4.9200,4.9200,1029700,5077560.0000,3
2025-06-30,20250630150000000,sz.002225,4.9200,4.9500,4.9200,4.9500,590600,2914240.0000,3
2025-07-01,20250701093500000,sz.002225,4.9500,4.9500,4.9300,4.9500,384300,1900014.0000,3
2025-07-01,20250701094000000,sz.002225,4.9400,4.9600,4.9400,4.9400,258700,1279988.0000,3
2025-07-01,20250701094500000,sz.002225,4.9300,4.9400,4.9200,4.9200,416700,2054420.0000,3
2025-07-01,20250701095000000,sz.002225,4.9300,4.9300,4.9200,4.9300,390500,1922215.0000,3
2025-07-01,20250701095500000,sz.002225,4.9200,4.9400,4.9200,4.9300,334200,1648022.0000,3
2025-07-01,20250701100000000,sz.002225,4.9300,4.9400,4.9200,4.9300,250800,1236810.0000,3
2025-07-01,20250701100500000,sz.002225,4.9300,4.9400,4.9200,4.9300,142000,700031.0000,3
2025-07-01,20250701101000000,sz.002225,4.9300,4.9300,4.9200,4.9200,197800,974508.0000,3
2025-07-01,20250701101500000,sz.002225,4.9200,4.9300,4.9100,4.9200,227600,1119499.0000,3
2025-07-01,20250701102000000,sz.002225,4.9100,4.9200,4.9100,4.9200,449700,2208190.0000,3
2025-07-01,20250701102500000,sz.002225,4.9200,4.9600,4.9200,4.9400,675800,3337735.0000,3
2025-07-01,20250701103000000,sz.002225,4.9400,4.9500,4.9300,4.9300,124700,616008.0000,3
2025-07-01,20250701103500000,sz.002225,4.9300,4.9400,4.9200,4.9200,204500,1007792.0000,3
2025-07-01,20250701104000000,sz.002225,4.9200,4.9300,4.9200,4.9200,101100,498006.0000,3
2025-07-01,20250701104500000,sz.002225,4.9200,4.9300,4.9200,4.9300,64200,315930.0000,3
2025-07-01,20250701105000000,sz.002225,4.9200,4.9300,4.8900,4.9100,2000400,9810468.0000,3
2025-07-01,20250701105500000,sz.002225,4.9000,4.9100,4.9000,4.9000,43700,214442.0000,3
2025-07-01,20250701110000000,sz.002225,4.9000,4.9100,4.9000,4.9000,258200,1266950.0000,3
2025-07-01,20250701110500000,sz.002225,4.9000,4.9100,4.9000,4.9000,79300,389044.0000,3
2025-07-01,20250701111000000,sz.002225,4.9000,4.9100,4.9000,4.9000,79100,387802.0000,3
2025-07-01,20250701111500000,sz.002225,4.9000,4.9100,4.8900,4.9000,292900,1434954.0000,3
2025-07-01,20250701112000000,sz.002225,4.8900,4.8900,4.8800,4.8900,388400,1898340.0000,3
2025-07-01,20250701112500000,sz.002225,4.8900,4.9000,4.8800,4.9000,115000,562196.0000,3
2025-07-01,20250701113000000,sz.002225,4.9000,4.9100,4.8900,4.9100,90600,443888.0000,3
2025-07-01,20250701130500000,sz.002225,4.9100,4.9100,4.8900,4.9000,126300,618948.0000,3
2025-07-01,20250701131000000,sz.002225,4.9100,4.9200,4.9000,4.9100,197200,967736.0000,3
2025-07-01,20250701131500000,sz.002225,4.9100,4.9200,4.9100,4.9200,155500,764080.0000,3
2025-07-01,20250701132000000,sz.002225,4.9200,4.9300,4.9100,4.9200,256200,1259408.0000,3
2025-07-01,20250701132500000,sz.002225,4.9200,4.9200,4.9100,4.9200,91900,452008.0000,3
2025-07-01,20250701133000000,sz.002225,4.9100,4.9300,4.9100,4.9200,143500,705544.0000,3
2025-07-01,20250701133500000,sz.002225,4.9200,4.9300,4.9100,4.9200,253600,1247712.0000,3
2025-07-01,20250701134000000,sz.002225,4.9200,4.9300,4.9200,4.9200,77600,381824.0000,3
2025-07-01,20250701134500000,sz.002225,4.9300,4.9300,4.9100,4.9100,72700,357636.0000,3
2025-07-01,20250701135000000,sz.002225,4.9200,4.9300,4.9100,4.9100,206800,1016852.0000,3
2025-07-01,20250701135500000,sz.002225,4.9200,4.9300,4.9100,4.9200,394200,1939728.0000,3
2025-07-01,20250701140000000,sz.002225,4.9200,4.9300,4.9100,4.9100,107200,527332.0000,3
2025-07-01,20250701140500000,sz.002225,4.9200,4.9300,4.9100,4.9200,122200,601164.0000,3
2025-07-01,20250701141000000,sz.002225,4.9200,4.9300,4.9100,4.9200,95600,470356.0000,3
2025-07-01,20250701141500000,sz.002225,4.9200,4.9300,4.9200,4.9200,58000,285472.0000,3
2025-07-01,20250701142000000,sz.002225,4.9300,4.9300,4.9200,4.9200,205200,1010056.0000,3
2025-07-01,20250701142500000,sz.002225,4.9300,4.9300,4.9200,4.9200,147200,724508.0000,3
2025-07-01,20250701143000000,sz.002225,4.9200,4.9200,4.9100,4.9100,68200,335040.0000,3
2025-07-01,20250701143500000,sz.002225,4.9100,4.9200,4.9100,4.9100,259200,1274396.0000,3
2025-07-01,20250701144000000,sz.002225,4.9200,4.9300,4.9200,4.9200,86000,423148.0000,3
2025-07-01,20250701144500000,sz.002225,4.9200,4.9300,4.9200,4.9300,126800,623896.0000,3
2025-07-01,20250701145000000,sz.002225,4.9300,4.9400,4.9200,4.9300,239100,1178680.0000,3
2025-07-01,20250701145500000,sz.002225,4.9300,4.9400,4.9300,4.9300,235200,1161336.0000,3
2025-07-01,20250701150000000,sz.002225,4.9300,4.9400,4.9300,4.9400,149700,739204.0000,3
2025-07-02,20250702093500000,sz.002225,4.9300,4.9600,4.9100,4.9300,1381000,6800684.0000,3
2025-07-02,20250702094000000,sz.002225,4.9300,4.9300,4.9000,4.9100,232900,1143614.0000,3
2025-07-02,20250702094500000,sz.002225,4.9100,4.9200,4.9000,4.9200,265200,1302389.0000,3
2025-07-02,20250702095000000,sz.002225,4.9200,4.9200,4.9100,4.9200,101600,499295.0000,3
2025-07-02,20250702095500000,sz.002225,4.9200,4.9300,4.9200,4.9200,250500,1233343.0000,3
2025-07-02,20250702100000000,sz.002225,4.9200,4.9400,4.9200,4.9400,226000,1113513.0000,3
2025-07-02,20250702100500000,sz.002225,4.9400,4.9400,4.9300,4.9400,94300,465286.0000,3
2025-07-02,20250702101000000,sz.002225,4.9400,4.9400,4.9300,4.9300,64000,315631.0000,3
2025-07-02,20250702101500000,sz.002225,4.9300,4.9400,4.9200,4.9300,140200,691212.0000,3
2025-07-02,20250702102000000,sz.002225,4.9300,4.9300,4.9200,4.9300,128800,634276.0000,3
2025-07-02,20250702102500000,sz.002225,4.9300,4.9300,4.9200,4.9300,33700,165922.0000,3
2025-07-02,20250702103000000,sz.002225,4.9300,4.9400,4.9200,4.9400,141500,697865.0000,3
2025-07-02,20250702103500000,sz.002225,4.9400,4.9400,4.9300,4.9300,50300,248246.0000,3
2025-07-02,20250702104000000,sz.002225,4.9400,4.9400,4.9300,4.9300,53800,265435.0000,3
2025-07-02,20250702104500000,sz.002225,4.9300,4.9400,4.9300,4.9300,94300,465424.0000,3
2025-07-02,20250702105000000,sz.002225,4.9300,4.9400,4.9300,4.9400,122300,603775.0000,3
2025-07-02,20250702105500000,sz.002225,4.9400,4.9600,4.9400,4.9400,336400,1663630.0000,3
2025-07-02,20250702110000000,sz.002225,4.9400,4.9500,4.9400,4.9500,118400,585972.0000,3
2025-07-02,20250702110500000,sz.002225,4.9400,4.9500,4.9300,4.9400,206800,1021308.0000,3
2025-07-02,20250702111000000,sz.002225,4.9400,4.9500,4.9400,4.9500,33400,165022.0000,3
2025-07-02,20250702111500000,sz.002225,4.9400,4.9500,4.9300,4.9400,83500,412574.0000,3
2025-07-02,20250702112000000,sz.002225,4.9400,4.9500,4.9300,4.9500,45200,223276.0000,3
2025-07-02,20250702112500000,sz.002225,4.9400,4.9500,4.9400,4.9500,48900,241640.0000,3
2025-07-02,20250702113000000,sz.002225,4.9500,4.9500,4.9400,4.9500,35200,174196.0000,3
2025-07-02,20250702130500000,sz.002225,4.9500,4.9500,4.9400,4.9500,85100,420748.0000,3
2025-07-02,20250702131000000,sz.002225,4.9500,4.9500,4.9300,4.9300,171200,845740.0000,3
2025-07-02,20250702131500000,sz.002225,4.9400,4.9500,4.9300,4.9500,71200,351700.0000,3
2025-07-02,20250702132000000,sz.002225,4.9400,4.9500,4.9300,4.9400,230900,1140550.0000,3
2025-07-02,20250702132500000,sz.002225,4.9400,4.9400,4.9300,4.9300,118300,584210.0000,3
2025-07-02,20250702133000000,sz.002225,4.9300,4.9600,4.9300,4.9500,396000,1958536.0000,3
2025-07-02,20250702133500000,sz.002225,4.9600,4.9600,4.9400,4.9500,289300,1431760.0000,3
2025-07-02,20250702134000000,sz.002225,4.9500,4.9800,4.9400,4.9500,958700,4758260.0000,3
2025-07-02,20250702134500000,sz.002225,4.9500,4.9600,4.9500,4.9600,77900,386204.0000,3
2025-07-02,20250702135000000,sz.002225,4.9500,4.9600,4.9400,4.9500,184700,914300.0000,3
2025-07-02,20250702135500000,sz.002225,4.9500,4.9600,4.9400,4.9600,93800,464384.0000,3
2025-07-02,20250702140000000,sz.002225,4.9500,4.9600,4.9500,4.9600,282600,1401544.0000,3
2025-07-02,20250702140500000,sz.002225,4.9600,4.9700,4.9500,4.9700,118100,585956.0000,3
2025-07-02,20250702141000000,sz.002225,4.9700,4.9700,4.9500,4.9600,185000,917832.0000,3
2025-07-02,20250702141500000,sz.002225,4.9700,4.9900,4.9600,4.9900,848100,4220760.0000,3
2025-07-02,20250702142000000,sz.002225,4.9800,5.0000,4.9800,4.9900,905400,4521488.0000,3
2025-07-02,20250702142500000,sz.002225,4.9900,4.9900,4.9800,4.9800,132800,662412.0000,3
2025-07-02,20250702143000000,sz.002225,4.9800,4.9900,4.9800,4.9900,89300,444800.0000,3
2025-07-02,20250702143500000,sz.002225,4.9900,4.9900,4.9800,4.9800,40100,200080.0000,3
2025-07-02,20250702144000000,sz.002225,4.9800,5.0000,4.9800,4.9900,378100,1887876.0000,3
2025-07-02,20250702144500000,sz.002225,5.0000,5.0000,4.9900,4.9900,407900,2036776.0000,3
2025-07-02,20250702145000000,sz.002225,4.9900,5.0000,4.9900,4.9900,219200,1095052.0000,3
2025-07-02,20250702145500000,sz.002225,4.9900,5.0000,4.9900,4.9900,258200,1289512.0000,3
2025-07-02,20250702150000000,sz.002225,5.0000,5.0100,4.9900,5.0100,577400,2888928.0000,3
2025-07-03,20250703093500000,sz.002225,4.9900,5.0100,4.9600,4.9700,693400,3459078.0000,3
2025-07-03,20250703094000000,sz.002225,4.9800,4.9800,4.9600,4.9600,491300,2440333.0000,3
2025-07-03,20250703094500000,sz.002225,4.9700,4.9800,4.9600,4.9700,267100,1327986.0000,3
2025-07-03,20250703095000000,sz.002225,4.9700,5.0100,4.9700,4.9800,666800,3327426.0000,3
2025-07-03,20250703095500000,sz.002225,4.9900,4.9900,4.9800,4.9900,225900,1126543.0000,3
2025-07-03,20250703100000000,sz.002225,4.9900,4.9900,4.9800,4.9900,140200,699010.0000,3
2025-07-03,20250703100500000,sz.002225,4.9900,4.9900,4.9700,4.9800,244000,1214992.0000,3
2025-07-03,20250703101000000,sz.002225,4.9700,4.9800,4.9600,4.9600,404000,2006824.0000,3
2025-07-03,20250703101500000,sz.002225,4.9600,4.9700,4.9600,4.9700,210800,1047079.0000,3
2025-07-03,20250703102000000,sz.002225,4.9600,4.9800,4.9500,4.9700,827300,4104245.0000,3
2025-07-03,20250703102500000,sz.002225,4.9800,5.0100,4.9700,5.0000,664900,3315834.0000,3
2025-07-03,20250703103000000,sz.002225,5.0100,5.0200,4.9900,5.0000,568800,2842778.0000,3
2025-07-03,20250703103500000,sz.002225,5.0000,5.0100,5.0000,5.0000,326200,1631010.0000,3
2025-07-03,20250703104000000,sz.002225,5.0100,5.0100,5.0000,5.0000,340800,1707042.0000,3
2025-07-03,20250703104500000,sz.002225,5.0000,5.0000,4.9900,5.0000,132300,661240.0000,3
2025-07-03,20250703105000000,sz.002225,5.0000,5.0000,4.9900,4.9900,54200,270568.0000,3
2025-07-03,20250703105500000,sz.002225,5.0000,5.0100,4.9800,5.0100,250800,1252256.0000,3
2025-07-03,20250703110000000,sz.002225,5.0100,5.0200,5.0100,5.0100,635700,3185124.0000,3
2025-07-03,20250703110500000,sz.002225,5.0100,5.0500,5.0100,5.0500,1068800,5382224.0000,3
2025-07-03,20250703111000000,sz.002225,5.0500,5.0900,5.0400,5.0600,1658400,8410224.0000,3
2025-07-03,20250703111500000,sz.002225,5.0700,5.0900,5.0600,5.0700,1192200,6052744.0000,3
2025-07-03,20250703112000000,sz.002225,5.0800,5.1100,5.0600,5.0900,1646400,8378548.0000,3
2025-07-03,20250703112500000,sz.002225,5.0900,5.1000,5.0800,5.0900,361600,1839692.0000,3
2025-07-03,20250703113000000,sz.002225,5.0900,5.1400,5.0900,5.1300,1157500,5917120.0000,3
2025-07-03,20250703130500000,sz.002225,5.1500,5.2600,5.1300,5.2000,6275500,32667264.0000,3
2025-07-03,20250703131000000,sz.002225,5.2000,5.2500,5.1900,5.2500,2476800,12949704.0000,3
2025-07-03,20250703131500000,sz.002225,5.2600,5.2700,5.2200,5.2400,2175900,11405672.0000,3
2025-07-03,20250703132000000,sz.002225,5.2400,5.2500,5.2300,5.2400,1255700,6575312.0000,3
2025-07-03,20250703132500000,sz.002225,5.2400,5.2600,5.2000,5.2400,1558000,8151264.0000,3
2025-07-03,20250703133000000,sz.002225,5.2400,5.2400,5.2200,5.2300,494900,2589648.0000,3
2025-07-03,20250703133500000,sz.002225,5.2300,5.2500,5.2300,5.2300,970000,5083904.0000,3
2025-07-03,20250703134000000,sz.002225,5.2400,5.2400,5.2200,5.2300,527200,2756608.0000,3
2025-07-03,20250703134500000,sz.002225,5.2400,5.2600,5.2300,5.2600,869600,4564144.0000,3
2025-07-03,20250703135000000,sz.002225,5.2600,5.2600,5.2400,5.2400,1004200,5268304.0000,3
2025-07-03,20250703135500000,sz.002225,5.2400,5.2500,5.2300,5.2300,389200,2037312.0000,3
2025-07-03,20250703140000000,sz.002225,5.2300,5.2300,5.2100,5.2200,451900,2361792.0000,3
2025-07-03,20250703140500000,sz.002225,5.2200,5.2200,5.2000,5.2100,754200,3927200.0000,3
2025-07-03,20250703141000000,sz.002225,5.2100,5.2200,5.1900,5.2200,499200,2597136.0000,3
2025-07-03,20250703141500000,sz.002225,5.2100,5.2300,5.2100,5.2300,418300,2183952.0000,3
2025-07-03,20250703142000000,sz.002225,5.2200,5.2300,5.2100,5.2100,141700,739552.0000,3
2025-07-03,20250703142500000,sz.002225,5.2200,5.2200,5.2100,5.2100,153100,797792.0000,3
2025-07-03,20250703143000000,sz.002225,5.2100,5.2200,5.2000,5.2000,228900,1192144.0000,3
2025-07-03,20250703143500000,sz.002225,5.2000,5.2100,5.1900,5.2000,788900,4099680.0000,3
2025-07-03,20250703144000000,sz.002225,5.2000,5.2100,5.1900,5.2000,565600,2943888.0000,3
2025-07-03,20250703144500000,sz.002225,5.2000,5.2100,5.1900,5.2000,355100,1846864.0000,3
2025-07-03,20250703145000000,sz.002225,5.2000,5.2100,5.2000,5.2100,369700,1923824.0000,3
2025-07-03,20250703145500000,sz.002225,5.2100,5.2100,5.2000,5.2000,717800,3738160.0000,3
2025-07-03,20250703150000000,sz.002225,5.2100,5.2100,5.2000,5.2100,392500,2044112.0000,3
2025-07-04,20250704093500000,sz.002225,5.2000,5.2400,5.1200,5.2000,2153100,11140410.0000,3
2025-07-04,20250704094000000,sz.002225,5.2000,5.2000,5.1800,5.1800,442000,2292390.0000,3
2025-07-04,20250704094500000,sz.002225,5.1800,5.1900,5.1600,5.1700,460100,2379438.0000,3
2025-07-04,20250704095000000,sz.002225,5.1800,5.2400,5.1800,5.2200,2419300,12635498.0000,3
2025-07-04,20250704095500000,sz.002225,5.2300,5.2800,5.2200,5.2800,2239800,11748496.0000,3
2025-07-04,20250704100000000,sz.002225,5.2800,5.3100,5.2500,5.2800,2141400,11312248.0000,3
2025-07-04,20250704100500000,sz.002225,5.2700,5.2700,5.2200,5.2200,579400,3036748.0000,3
2025-07-04,20250704101000000,sz.002225,5.2100,5.2200,5.2000,5.2000,492200,2562316.0000,3
2025-07-04,20250704101500000,sz.002225,5.2000,5.2000,5.1800,5.1800,326100,1693000.0000,3
2025-07-04,20250704102000000,sz.002225,5.1700,5.1800,5.1600,5.1700,251400,1300456.0000,3
2025-07-04,20250704102500000,sz.002225,5.1700,5.1800,5.1600,5.1700,203500,1051992.0000,3
2025-07-04,20250704103000000,sz.002225,5.1700,5.1800,5.1600,5.1600,375000,1937984.0000,3
2025-07-04,20250704103500000,sz.002225,5.1600,5.1800,5.1600,5.1700,201200,1040044.0000,3
2025-07-04,20250704104000000,sz.002225,5.1700,5.1800,5.1600,5.1700,145400,751580.0000,3
2025-07-04,20250704104500000,sz.002225,5.1600,5.1800,5.1500,5.1500,572600,2953528.0000,3
2025-07-04,20250704105000000,sz.002225,5.1500,5.1600,5.1500,5.1500,232100,1195808.0000,3
2025-07-04,20250704105500000,sz.002225,5.1500,5.1600,5.1500,5.1600,122100,629264.0000,3
2025-07-04,20250704110000000,sz.002225,5.1600,5.1600,5.1500,5.1600,306200,1578960.0000,3
2025-07-04,20250704110500000,sz.002225,5.1600,5.1600,5.1400,5.1400,322300,1659048.0000,3
2025-07-04,20250704111000000,sz.002225,5.1400,5.1600,5.1300,5.1300,366900,1886568.0000,3
2025-07-04,20250704111500000,sz.002225,5.1300,5.1500,5.1300,5.1300,518900,2666232.0000,3
2025-07-04,20250704112000000,sz.002225,5.1400,5.1400,5.1300,5.1300,143200,735864.0000,3
2025-07-04,20250704112500000,sz.002225,5.1400,5.1400,5.1300,5.1400,142800,733424.0000,3
2025-07-04,20250704113000000,sz.002225,5.1400,5.1500,5.1300,5.1400,152500,783792.0000,3
2025-07-04,20250704130500000,sz.002225,5.1400,5.1700,5.1400,5.1400,421500,2171624.0000,3
2025-07-04,20250704131000000,sz.002225,5.1400,5.1500,5.1300,5.1300,261900,1345744.0000,3
2025-07-04,20250704131500000,sz.002225,5.1400,5.1400,5.1300,5.1400,480700,2469720.0000,3
2025-07-04,20250704132000000,sz.002225,5.1300,5.1400,5.1300,5.1300,362000,1858016.0000,3
2025-07-04,20250704132500000,sz.002225,5.1300,5.1500,5.1300,5.1500,345800,1778760.0000,3
2025-07-04,20250704133000000,sz.002225,5.1400,5.1600,5.1400,5.1400,337200,1736040.0000,3
2025-07-04,20250704133500000,sz.002225,5.1400,5.1500,5.1400,5.1500,250500,1288920.0000,3
2025-07-04,20250704134000000,sz.002225,5.1500,5.1500,5.1400,5.1500,257700,1326304.0000,3
2025-07-04,20250704134500000,sz.002225,5.1500,5.1500,5.1400,5.1500,153000,786744.0000,3
2025-07-04,20250704135000000,sz.002225,5.1400,5.1400,5.1200,5.1200,492600,2527288.0000,3
2025-07-04,20250704135500000,sz.002225,5.1300,5.1300,5.1100,5.1200,450600,2306560.0000,3
2025-07-04,20250704140000000,sz.002225,5.1100,5.1300,5.1100,5.1200,391200,2001440.0000,3
2025-07-04,20250704140500000,sz.002225,5.1200,5.1300,5.1000,5.1100,469800,2400952.0000,3
2025-07-04,20250704141000000,sz.002225,5.1100,5.1100,5.0800,5.1000,1216200,6196024.0000,3
2025-07-04,20250704141500000,sz.002225,5.1000,5.1000,5.0900,5.0900,257000,1309416.0000,3
2025-07-04,20250704142000000,sz.002225,5.0900,5.1000,5.0900,5.0900,144100,733984.0000,3
2025-07-04,20250704142500000,sz.002225,5.0900,5.1000,5.0800,5.0900,236800,1205192.0000,3
2025-07-04,20250704143000000,sz.002225,5.0900,5.0900,5.0800,5.0900,308600,1568192.0000,3
2025-07-04,20250704143500000,sz.002225,5.0900,5.0900,5.0700,5.0900,464700,2360776.0000,3
2025-07-04,20250704144000000,sz.002225,5.0900,5.1000,5.0900,5.0900,274800,1399856.0000,3
2025-07-04,20250704144500000,sz.002225,5.0900,5.1000,5.0800,5.0800,411800,2094400.0000,3
2025-07-04,20250704145000000,sz.002225,5.0900,5.0900,5.0700,5.0800,368300,1872128.0000,3
2025-07-04,20250704145500000,sz.002225,5.0800,5.1000,5.0800,5.1000,343400,1746488.0000,3
2025-07-04,20250704150000000,sz.002225,5.0900,5.1000,5.0900,5.1000,382100,1946944.0000,3
2025-07-07,20250707093500000,sz.002225,5.1000,5.2300,5.0900,5.2200,2809100,14545257.0000,3
2025-07-07,20250707094000000,sz.002225,5.2200,5.2300,5.1600,5.1600,1007800,5243503.0000,3
2025-07-07,20250707094500000,sz.002225,5.1600,5.1900,5.1500,5.1600,504000,2607480.0000,3
2025-07-07,20250707095000000,sz.002225,5.1700,5.1800,5.1600,5.1700,292500,1511608.0000,3
2025-07-07,20250707095500000,sz.002225,5.1700,5.1700,5.1400,5.1700,399900,2061092.0000,3
2025-07-07,20250707100000000,sz.002225,5.1600,5.1700,5.1400,5.1400,245400,1264862.0000,3
2025-07-07,20250707100500000,sz.002225,5.1500,5.1600,5.1500,5.1500,367900,1895426.0000,3
2025-07-07,20250707101000000,sz.002225,5.1500,5.2000,5.1500,5.2000,425400,2203172.0000,3
2025-07-07,20250707101500000,sz.002225,5.2000,5.2100,5.1900,5.2100,694800,3615476.0000,3
2025-07-07,20250707102000000,sz.002225,5.2000,5.2100,5.2000,5.2000,449900,2340804.0000,3
2025-07-07,20250707102500000,sz.002225,5.1900,5.2100,5.1900,5.2000,535800,2789092.0000,3
2025-07-07,20250707103000000,sz.002225,5.2000,5.2000,5.1800,5.2000,383300,1990180.0000,3
2025-07-07,20250707103500000,sz.002225,5.2000,5.2000,5.1900,5.1900,241700,1254600.0000,3
2025-07-07,20250707104000000,sz.002225,5.1900,5.1900,5.1800,5.1900,35600,184604.0000,3
2025-07-07,20250707104500000,sz.002225,5.1900,5.1900,5.1700,5.1800,273400,1415492.0000,3
2025-07-07,20250707105000000,sz.002225,5.1700,5.1800,5.1600,5.1800,150100,776004.0000,3
2025-07-07,20250707105500000,sz.002225,5.1700,5.2000,5.1700,5.1900,267900,1389368.0000,3
2025-07-07,20250707110000000,sz.002225,5.1900,5.2300,5.1800,5.2200,852700,4439040.0000,3
2025-07-07,20250707110500000,sz.002225,5.2200,5.2300,5.2100,5.2200,317000,1656372.0000,3
2025-07-07,20250707111000000,sz.002225,5.2200,5.2500,5.2100,5.2500,952200,4983504.0000,3
2025-07-07,20250707111500000,sz.002225,5.2500,5.2500,5.2400,5.2400,374400,1964120.0000,3
2025-07-07,20250707112000000,sz.002225,5.2400,5.2800,5.2400,5.2600,1157200,6094748.0000,3
2025-07-07,20250707112500000,sz.002225,5.2600,5.3000,5.2600,5.2900,1543000,8148748.0000,3
2025-07-07,20250707113000000,sz.002225,5.2800,5.3300,5.2700,5.3100,2284800,12109584.0000,3
2025-07-07,20250707130500000,sz.002225,5.3300,5.4900,5.3300,5.3800,5357900,29000880.0000,3
2025-07-07,20250707131000000,sz.002225,5.3700,5.4500,5.3600,5.4000,2202000,11896048.0000,3
2025-07-07,20250707131500000,sz.002225,5.4200,5.4400,5.4100,5.4100,1782800,9672888.0000,3
2025-07-07,20250707132000000,sz.002225,5.4100,5.4400,5.3800,5.4000,1270000,6868864.0000,3
2025-07-07,20250707132500000,sz.002225,5.4000,5.4500,5.4000,5.4200,1650800,8968640.0000,3
2025-07-07,20250707133000000,sz.002225,5.4200,5.4700,5.4200,5.4700,1706100,9299712.0000,3
2025-07-07,20250707133500000,sz.002225,5.4700,5.4700,5.4400,5.4500,1357900,7416848.0000,3
2025-07-07,20250707134000000,sz.002225,5.4500,5.4600,5.4400,5.4600,586200,3194992.0000,3
2025-07-07,20250707134500000,sz.002225,5.4600,5.4600,5.4400,5.4500,548900,2992080.0000,3
2025-07-07,20250707135000000,sz.002225,5.4400,5.4500,5.4300,5.4300,661400,3598016.0000,3
2025-07-07,20250707135500000,sz.002225,5.4300,5.4400,5.4200,5.4300,555200,3014208.0000,3
2025-07-07,20250707140000000,sz.002225,5.4300,5.4400,5.4300,5.4300,378900,2059536.0000,3
2025-07-07,20250707140500000,sz.002225,5.4300,5.4500,5.4200,5.4300,508500,2762144.0000,3
2025-07-07,20250707141000000,sz.002225,5.4200,5.4300,5.4000,5.4000,669500,3617776.0000,3
2025-07-07,20250707141500000,sz.002225,5.4000,5.4100,5.4000,5.4000,344500,1860928.0000,3
2025-07-07,20250707142000000,sz.002225,5.4100,5.4100,5.4000,5.4000,414100,2236672.0000,3
2025-07-07,20250707142500000,sz.002225,5.4000,5.4100,5.4000,5.4000,288500,1558640.0000,3
2025-07-07,20250707143000000,sz.002225,5.4100,5.4100,5.3900,5.3900,363100,1960240.0000,3
2025-07-07,20250707143500000,sz.002225,5.3900,5.4000,5.3900,5.4000,380800,2052720.0000,3
2025-07-07,20250707144000000,sz.002225,5.3900,5.4000,5.3800,5.3800,537800,2897888.0000,3
2025-07-07,20250707144500000,sz.002225,5.3900,5.4000,5.3800,5.3900,681200,3668640.0000,3
2025-07-07,20250707145000000,sz.002225,5.3900,5.4000,5.3800,5.3900,498000,2685104.0000,3
2025-07-07,20250707145500000,sz.002225,5.3900,5.3900,5.3700,5.3700,1186100,6381776.0000,3
2025-07-07,20250707150000000,sz.002225,5.3800,5.3800,5.3500,5.3800,1188900,6392128.0000,3
2025-07-08,20250708093500000,sz.002225,5.6900,5.9200,5.6900,5.8100,31317500,182915472.0000,3
2025-07-08,20250708094000000,sz.002225,5.8100,5.8400,5.7300,5.7800,6036700,34986400.0000,3
2025-07-08,20250708094500000,sz.002225,5.7800,5.8000,5.7300,5.7800,2665300,15365984.0000,3
2025-07-08,20250708095000000,sz.002225,5.7700,5.7900,5.7400,5.7900,2585600,14915728.0000,3
2025-07-08,20250708095500000,sz.002225,5.8000,5.9200,5.7900,5.8900,10093600,59400672.0000,3
2025-07-08,20250708100000000,sz.002225,5.8800,5.9000,5.8500,5.8600,3347700,19674048.0000,3
2025-07-08,20250708100500000,sz.002225,5.8600,5.8700,5.8300,5.8600,1430000,8360928.0000,3
2025-07-08,20250708101000000,sz.002225,5.8600,5.8700,5.8100,5.8100,916000,5349184.0000,3
2025-07-08,20250708101500000,sz.002225,5.8100,5.8200,5.7600,5.7600,1527000,8839712.0000,3
2025-07-08,20250708102000000,sz.002225,5.7600,5.8400,5.7600,5.8300,1271300,7380768.0000,3
2025-07-08,20250708102500000,sz.002225,5.8400,5.8600,5.8000,5.8000,872000,5088352.0000,3
2025-07-08,20250708103000000,sz.002225,5.8000,5.8200,5.8000,5.8000,560400,3252928.0000,3
2025-07-08,20250708103500000,sz.002225,5.8000,5.8100,5.7800,5.7800,430200,2492736.0000,3
2025-07-08,20250708104000000,sz.002225,5.7800,5.8400,5.7800,5.8100,938100,5446336.0000,3
2025-07-08,20250708104500000,sz.002225,5.8100,5.8100,5.7900,5.8000,330500,1917952.0000,3
2025-07-08,20250708105000000,sz.002225,5.8000,5.8400,5.8000,5.8400,898400,5230976.0000,3
2025-07-08,20250708105500000,sz.002225,5.8400,5.8400,5.8100,5.8100,389000,2269216.0000,3
2025-07-08,20250708110000000,sz.002225,5.8100,5.8300,5.8100,5.8200,271000,1575840.0000,3
2025-07-08,20250708110500000,sz.002225,5.8100,5.8400,5.8100,5.8400,415800,2420384.0000,3
2025-07-08,20250708111000000,sz.002225,5.8500,5.8500,5.8100,5.8200,493700,2877600.0000,3
2025-07-08,20250708111500000,sz.002225,5.8100,5.8400,5.8100,5.8200,419800,2444800.0000,3
2025-07-08,20250708112000000,sz.002225,5.8200,5.8200,5.8000,5.8100,370700,2152224.0000,3
2025-07-08,20250708112500000,sz.002225,5.8000,5.8200,5.8000,5.8100,285100,1655744.0000,3
2025-07-08,20250708113000000,sz.002225,5.8100,5.8300,5.8000,5.8100,287800,1673152.0000,3
2025-07-08,20250708130500000,sz.002225,5.8300,5.9200,5.8200,5.9200,8606300,50830880.0000,3
2025-07-08,20250708131000000,sz.002225,5.9200,5.9200,5.9200,5.9200,973500,5763136.0000,3
2025-07-08,20250708131500000,sz.002225,5.9200,5.9200,5.9200,5.9200,231100,1368096.0000,3
2025-07-08,20250708132000000,sz.002225,5.9200,5.9200,5.9200,5.9200,350700,2076160.0000,3
2025-07-08,20250708132500000,sz.002225,5.9200,5.9200,5.9200,5.9200,212400,1256992.0000,3
2025-07-08,20250708133000000,sz.002225,5.9200,5.9200,5.9200,5.9200,60100,355776.0000,3
2025-07-08,20250708133500000,sz.002225,5.9200,5.9200,5.9200,5.9200,388400,2299328.0000,3
2025-07-08,20250708134000000,sz.002225,5.9200,5.9200,5.9200,5.9200,85300,504992.0000,3
2025-07-08,20250708134500000,sz.002225,5.9200,5.9200,5.9200,5.9200,72800,430976.0000,3
2025-07-08,20250708135000000,sz.002225,5.9200,5.9200,5.9200,5.9200,38100,225536.0000,3
2025-07-08,20250708135500000,sz.002225,5.9200,5.9200,5.9200,5.9200,112200,664224.0000,3
2025-07-08,20250708140000000,sz.002225,5.9200,5.9200,5.9200,5.9200,128600,761312.0000,3
2025-07-08,20250708140500000,sz.002225,5.9200,5.9200,5.9200,5.9200,64500,381856.0000,3
2025-07-08,20250708141000000,sz.002225,5.9200,5.9200,5.9200,5.9200,329100,1948256.0000,3
2025-07-08,20250708141500000,sz.002225,5.9200,5.9200,5.9200,5.9200,92200,545824.0000,3
2025-07-08,20250708142000000,sz.002225,5.9200,5.9200,5.9200,5.9200,46100,272928.0000,3
2025-07-08,20250708142500000,sz.002225,5.9200,5.9200,5.9200,5.9200,43400,256928.0000,3
2025-07-08,20250708143000000,sz.002225,5.9200,5.9200,5.9200,5.9200,86100,509696.0000,3
2025-07-08,20250708143500000,sz.002225,5.9200,5.9200,5.9200,5.9200,73300,433952.0000,3
2025-07-08,20250708144000000,sz.002225,5.9200,5.9200,5.9200,5.9200,30500,180544.0000,3
2025-07-08,20250708144500000,sz.002225,5.9200,5.9200,5.9200,5.9200,40700,240960.0000,3
2025-07-08,20250708145000000,sz.002225,5.9200,5.9200,5.9200,5.9200,57700,341568.0000,3
2025-07-08,20250708145500000,sz.002225,5.9200,5.9200,5.9200,5.9200,603600,3573312.0000,3
2025-07-08,20250708150000000,sz.002225,5.9200,5.9200,5.9200,5.9200,256500,1518496.0000,3
2025-07-09,20250709093500000,sz.002225,6.1000,6.4400,6.1000,6.1900,42236300,265847792.0000,3
2025-07-09,20250709094000000,sz.002225,6.2000,6.2400,6.1500,6.1600,8723300,54002800.0000,3
2025-07-09,20250709094500000,sz.002225,6.1500,6.1600,6.0500,6.0700,7350700,44819872.0000,3
2025-07-09,20250709095000000,sz.002225,6.0800,6.1400,6.0700,6.0800,4456700,27199552.0000,3
2025-07-09,20250709095500000,sz.002225,6.0700,6.1100,6.0300,6.0300,4515000,27385792.0000,3
2025-07-09,20250709100000000,sz.002225,6.0300,6.0500,5.9900,5.9900,3839800,23110624.0000,3
2025-07-09,20250709100500000,sz.002225,5.9900,6.0200,5.8900,6.0100,5708400,33951008.0000,3
2025-07-09,20250709101000000,sz.002225,6.0000,6.0100,5.9800,5.9900,1905000,11424192.0000,3
2025-07-09,20250709101500000,sz.002225,5.9900,6.0400,5.9800,6.0000,2099700,12598848.0000,3
2025-07-09,20250709102000000,sz.002225,6.0000,6.0100,5.9500,5.9500,1503500,8978464.0000,3
2025-07-09,20250709102500000,sz.002225,5.9700,6.0100,5.9600,5.9700,969300,5798112.0000,3
2025-07-09,20250709103000000,sz.002225,5.9700,5.9700,5.9400,5.9500,543200,3232256.0000,3
2025-07-09,20250709103500000,sz.002225,5.9600,5.9600,5.9300,5.9400,594900,3535168.0000,3
2025-07-09,20250709104000000,sz.002225,5.9500,5.9500,5.9200,5.9300,415300,2465056.0000,3
2025-07-09,20250709104500000,sz.002225,5.9400,5.9600,5.9000,5.9000,913300,5417792.0000,3
2025-07-09,20250709105000000,sz.002225,5.9000,5.9200,5.8900,5.9100,975400,5754848.0000,3
2025-07-09,20250709105500000,sz.002225,5.9100,5.9700,5.9100,5.9500,1070200,6362624.0000,3
2025-07-09,20250709110000000,sz.002225,5.9600,5.9600,5.9000,5.9000,627700,3725568.0000,3
2025-07-09,20250709110500000,sz.002225,5.9100,5.9100,5.8800,5.9000,740400,4366784.0000,3
2025-07-09,20250709111000000,sz.002225,5.9100,5.9800,5.9100,5.9600,945300,5628480.0000,3
2025-07-09,20250709111500000,sz.002225,5.9600,5.9700,5.9400,5.9500,438200,2608384.0000,3
2025-07-09,20250709112000000,sz.002225,5.9600,5.9600,5.9200,5.9200,330900,1966272.0000,3
2025-07-09,20250709112500000,sz.002225,5.9200,5.9400,5.9100,5.9300,326000,1933632.0000,3
2025-07-09,20250709113000000,sz.002225,5.9300,5.9500,5.9100,5.9500,489400,2902912.0000,3
2025-07-09,20250709130500000,sz.002225,5.9500,5.9500,5.8900,5.9100,876300,5180544.0000,3
2025-07-09,20250709131000000,sz.002225,5.9100,5.9100,5.8900,5.9000,494400,2916864.0000,3
2025-07-09,20250709131500000,sz.002225,5.8900,5.9100,5.8700,5.8700,559600,3297216.0000,3
2025-07-09,20250709132000000,sz.002225,5.8700,5.8900,5.8600,5.8900,616800,3620160.0000,3
2025-07-09,20250709132500000,sz.002225,5.8900,5.9300,5.8800,5.8900,639400,3774976.0000,3
2025-07-09,20250709133000000,sz.002225,5.9000,5.9000,5.8600,5.8700,421200,2474944.0000,3
2025-07-09,20250709133500000,sz.002225,5.8700,5.8700,5.8300,5.8400,996900,5830464.0000,3
2025-07-09,20250709134000000,sz.002225,5.8500,5.8800,5.8400,5.8500,1137900,6662912.0000,3
2025-07-09,20250709134500000,sz.002225,5.8400,5.8600,5.8300,5.8600,969900,5668864.0000,3
2025-07-09,20250709135000000,sz.002225,5.8500,5.9000,5.8300,5.8700,983000,5769408.0000,3
2025-07-09,20250709135500000,sz.002225,5.8800,5.8900,5.8600,5.8700,455200,2674752.0000,3
2025-07-09,20250709140000000,sz.002225,5.8700,5.9000,5.8600,5.8900,523900,3081344.0000,3
2025-07-09,20250709140500000,sz.002225,5.8900,5.8900,5.8700,5.8700,655800,3857344.0000,3
2025-07-09,20250709141000000,sz.002225,5.8800,5.8900,5.8700,5.8800,325400,1912768.0000,3
2025-07-09,20250709141500000,sz.002225,5.8900,5.8900,5.8600,5.8700,569300,3344320.0000,3
2025-07-09,20250709142000000,sz.002225,5.8800,5.9100,5.8700,5.8900,726100,4276800.0000,3
2025-07-09,20250709142500000,sz.002225,5.9000,5.9000,5.8700,5.8700,994400,5854080.0000,3
2025-07-09,20250709143000000,sz.002225,5.8800,5.8800,5.8700,5.8700,530700,3116928.0000,3
2025-07-09,20250709143500000,sz.002225,5.8800,5.9000,5.8700,5.9000,982500,5783168.0000,3
2025-07-09,20250709144000000,sz.002225,5.9000,5.9200,5.9000,5.9100,1151000,6799872.0000,3
2025-07-09,20250709144500000,sz.002225,5.9100,5.9400,5.9100,5.9300,1428500,8471360.0000,3
2025-07-09,20250709145000000,sz.002225,5.9400,5.9700,5.9200,5.9400,1885400,11206208.0000,3
2025-07-09,20250709145500000,sz.002225,5.9400,5.9500,5.9200,5.9300,1370600,8134336.0000,3
2025-07-09,20250709150000000,sz.002225,5.9400,5.9400,5.9000,5.9000,2008800,11881664.0000,3
2025-07-10,20250710093500000,sz.002225,5.8800,5.9100,5.7700,5.8800,9221500,53964620.0000,3
2025-07-10,20250710094000000,sz.002225,5.8700,5.9200,5.8600,5.8600,2777300,16361700.0000,3
2025-07-10,20250710094500000,sz.002225,5.8600,5.8600,5.8200,5.8400,2022600,11814624.0000,3
2025-07-10,20250710095000000,sz.002225,5.8600,5.9000,5.8500,5.8900,1568700,9223736.0000,3
2025-07-10,20250710095500000,sz.002225,5.8900,5.8900,5.8400,5.8400,1112300,6512184.0000,3
2025-07-10,20250710100000000,sz.002225,5.8500,5.8700,5.8400,5.8700,744400,4357240.0000,3
2025-07-10,20250710100500000,sz.002225,5.8600,5.8900,5.8500,5.8900,994200,5835952.0000,3
2025-07-10,20250710101000000,sz.002225,5.8900,5.9000,5.8700,5.8900,718800,4228320.0000,3
2025-07-10,20250710101500000,sz.002225,5.8900,5.9200,5.8800,5.9200,965300,5686936.0000,3
2025-07-10,20250710102000000,sz.002225,5.9200,5.9600,5.9000,5.9400,2311700,13686616.0000,3
2025-07-10,20250710102500000,sz.002225,5.9400,6.0300,5.9300,6.0000,5415400,32492504.0000,3
2025-07-10,20250710103000000,sz.002225,5.9900,6.0000,5.9600,5.9700,1448600,8665184.0000,3
2025-07-10,20250710103500000,sz.002225,5.9800,5.9900,5.9400,5.9500,691000,4126304.0000,3
2025-07-10,20250710104000000,sz.002225,5.9400,5.9400,5.9100,5.9200,769100,4559712.0000,3
2025-07-10,20250710104500000,sz.002225,5.9200,5.9300,5.8900,5.9000,1160600,6859632.0000,3
2025-07-10,20250710105000000,sz.002225,5.9200,5.9600,5.9100,5.9400,1065200,6323408.0000,3
2025-07-10,20250710105500000,sz.002225,5.9600,5.9900,5.9200,5.9700,761400,4534864.0000,3
2025-07-10,20250710110000000,sz.002225,5.9900,6.1200,5.9500,6.1100,5324500,32288992.0000,3
2025-07-10,20250710110500000,sz.002225,6.1500,6.2700,6.0700,6.1800,11611500,71699072.0000,3
2025-07-10,20250710111000000,sz.002225,6.2100,6.2100,6.1300,6.1700,3740300,23053728.0000,3
2025-07-10,20250710111500000,sz.002225,6.1800,6.2300,6.1100,6.1400,3046200,18732416.0000,3
2025-07-10,20250710112000000,sz.002225,6.1600,6.1900,6.1100,6.1800,2201700,13539616.0000,3
2025-07-10,20250710112500000,sz.002225,6.1900,6.1900,6.1200,6.1500,1648500,10134688.0000,3
2025-07-10,20250710113000000,sz.002225,6.1500,6.2400,6.1500,6.2200,2970100,18446784.0000,3
2025-07-10,20250710130500000,sz.002225,6.2500,6.3100,6.1700,6.2800,6749900,42263680.0000,3
2025-07-10,20250710131000000,sz.002225,6.2800,6.2800,6.2000,6.2100,1131100,7048704.0000,3
2025-07-10,20250710131500000,sz.002225,6.2100,6.2200,6.1700,6.1700,1298100,8044576.0000,3
2025-07-10,20250710132000000,sz.002225,6.1800,6.2000,6.1700,6.1700,694100,4291808.0000,3
2025-07-10,20250710132500000,sz.002225,6.1800,6.1800,6.1500,6.1800,658000,4056928.0000,3
2025-07-10,20250710133000000,sz.002225,6.1800,6.1800,6.1500,6.1500,457000,2813632.0000,3
2025-07-10,20250710133500000,sz.002225,6.1600,6.1600,6.1400,6.1400,350600,2155712.0000,3
2025-07-10,20250710134000000,sz.002225,6.1500,6.1500,6.1200,6.1200,432800,2653184.0000,3
2025-07-10,20250710134500000,sz.002225,6.1300,6.1400,6.1200,6.1300,419600,2571008.0000,3
2025-07-10,20250710135000000,sz.002225,6.1300,6.1300,6.1100,6.1200,373300,2284640.0000,3
2025-07-10,20250710135500000,sz.002225,6.1200,6.1200,6.1100,6.1200,459100,2807488.0000,3
2025-07-10,20250710140000000,sz.002225,6.1200,6.1400,6.0900,6.1200,1323100,8083840.0000,3
2025-07-10,20250710140500000,sz.002225,6.1300,6.1900,6.1200,6.1800,1284300,7906944.0000,3
2025-07-10,20250710141000000,sz.002225,6.1900,6.2200,6.1800,6.2000,1430600,8869248.0000,3
2025-07-10,20250710141500000,sz.002225,6.2000,6.2400,6.2000,6.2200,1644700,10230176.0000,3
2025-07-10,20250710142000000,sz.002225,6.2200,6.2600,6.2100,6.2600,1628900,10149184.0000,3
2025-07-10,20250710142500000,sz.002225,6.2600,6.2900,6.2400,6.2800,2387200,14948640.0000,3
2025-07-10,20250710143000000,sz.002225,6.2800,6.3300,6.2600,6.2600,2763100,17396480.0000,3
2025-07-10,20250710143500000,sz.002225,6.2600,6.2800,6.2200,6.2300,1688200,10549760.0000,3
2025-07-10,20250710144000000,sz.002225,6.2300,6.2500,6.2100,6.2100,1004100,6254016.0000,3
2025-07-10,20250710144500000,sz.002225,6.2100,6.2200,6.2000,6.2200,1086300,6743616.0000,3
2025-07-10,20250710145000000,sz.002225,6.2200,6.2200,6.2000,6.2100,1182700,7345984.0000,3
2025-07-10,20250710145500000,sz.002225,6.2100,6.2500,6.2000,6.2300,1550800,9643904.0000,3
2025-07-10,20250710150000000,sz.002225,6.2300,6.2600,6.2200,6.2300,1568400,9780160.0000,3
2025-07-11,20250711093500000,sz.002225,6.2200,6.2900,6.0600,6.0600,8920100,54894736.0000,3
2025-07-11,20250711094000000,sz.002225,6.0500,6.0700,6.0100,6.0700,4922500,29688192.0000,3
2025-07-11,20250711094500000,sz.002225,6.0600,6.1100,6.0300,6.0600,3218500,19495968.0000,3
2025-07-11,20250711095000000,sz.002225,6.0600,6.1100,6.0300,6.0600,2324300,14109168.0000,3
2025-07-11,20250711095500000,sz.002225,6.0700,6.1000,6.0300,6.0500,2004900,12129904.0000,3
2025-07-11,20250711100000000,sz.002225,6.0400,6.0700,6.0300,6.0400,1020400,6168976.0000,3
2025-07-11,20250711100500000,sz.002225,6.0300,6.0700,6.0200,6.0700,1043300,6304352.0000,3
2025-07-11,20250711101000000,sz.002225,6.0600,6.0700,6.0400,6.0700,605700,3667456.0000,3
2025-07-11,20250711101500000,sz.002225,6.0700,6.0900,6.0600,6.0700,939600,5708736.0000,3
2025-07-11,20250711102000000,sz.002225,6.0700,6.0800,6.0500,6.0800,1248500,7563520.0000,3
2025-07-11,20250711102500000,sz.002225,6.0800,6.1400,6.0700,6.1200,1559200,9526752.0000,3
2025-07-11,20250711103000000,sz.002225,6.1300,6.1300,6.1200,6.1300,665900,4077376.0000,3
2025-07-11,20250711103500000,sz.002225,6.1300,6.1800,6.1200,6.1800,1188200,7301632.0000,3
2025-07-11,20250711104000000,sz.002225,6.1700,6.1700,6.1500,6.1500,722900,4450544.0000,3
2025-07-11,20250711104500000,sz.002225,6.1600,6.1800,6.1500,6.1500,743400,4581456.0000,3
2025-07-11,20250711105000000,sz.002225,6.1500,6.1500,6.1200,6.1300,723400,4437616.0000,3
2025-07-11,20250711105500000,sz.002225,6.1200,6.1400,6.1100,6.1300,367000,2248624.0000,3
2025-07-11,20250711110000000,sz.002225,6.1300,6.1300,6.1000,6.1100,516100,3155936.0000,3
2025-07-11,20250711110500000,sz.002225,6.1200,6.1900,6.1100,6.1800,870900,5359392.0000,3
2025-07-11,20250711111000000,sz.002225,6.1800,6.2600,6.1700,6.1900,1879200,11678112.0000,3
2025-07-11,20250711111500000,sz.002225,6.1900,6.2000,6.1600,6.1900,710600,4392736.0000,3
2025-07-11,20250711112000000,sz.002225,6.1900,6.2900,6.1800,6.2900,2468300,15444736.0000,3
2025-07-11,20250711112500000,sz.002225,6.2900,6.3000,6.2200,6.2200,1778700,11122576.0000,3
2025-07-11,20250711113000000,sz.002225,6.2200,6.2800,6.2100,6.2400,939700,5864032.0000,3
2025-07-11,20250711130500000,sz.002225,6.2400,6.2400,6.1600,6.2000,1447700,8963040.0000,3
2025-07-11,20250711131000000,sz.002225,6.2000,6.2300,6.1800,6.2300,1638600,10160944.0000,3
2025-07-11,20250711131500000,sz.002225,6.2100,6.2100,6.1800,6.1800,398100,2466656.0000,3
2025-07-11,20250711132000000,sz.002225,6.1900,6.2000,6.1800,6.1900,451400,2792512.0000,3
2025-07-11,20250711132500000,sz.002225,6.1900,6.2200,6.1700,6.2100,1292200,8010240.0000,3
2025-07-11,20250711133000000,sz.002225,6.2200,6.3000,6.2100,6.2400,1423000,8913568.0000,3
2025-07-11,20250711133500000,sz.002225,6.2500,6.3000,6.2400,6.2900,1424400,8922816.0000,3
2025-07-11,20250711134000000,sz.002225,6.3000,6.3000,6.2700,6.2700,801300,5032800.0000,3
2025-07-11,20250711134500000,sz.002225,6.2800,6.2800,6.2600,6.2600,340000,2131296.0000,3
2025-07-11,20250711135000000,sz.002225,6.2700,6.2700,6.2300,6.2400,562100,3515264.0000,3
2025-07-11,20250711135500000,sz.002225,6.2400,6.2500,6.2300,6.2400,357600,2230112.0000,3
2025-07-11,20250711140000000,sz.002225,6.2400,6.2900,6.2300,6.2900,776100,4858784.0000,3
2025-07-11,20250711140500000,sz.002225,6.2900,6.2900,6.2700,6.2800,686400,4307456.0000,3
2025-07-11,20250711141000000,sz.002225,6.2800,6.3000,6.2700,6.2800,1020900,6420192.0000,3
2025-07-11,20250711141500000,sz.002225,6.2900,6.2900,6.2600,6.2800,802200,5029792.0000,3
2025-07-11,20250711142000000,sz.002225,6.2800,6.2800,6.2600,6.2700,261100,1637248.0000,3
2025-07-11,20250711142500000,sz.002225,6.2700,6.2800,6.2600,6.2700,488400,3059840.0000,3
2025-07-11,20250711143000000,sz.002225,6.2700,6.2700,6.2500,6.2500,473200,2959680.0000,3
2025-07-11,20250711143500000,sz.002225,6.2600,6.2600,6.2300,6.2300,764200,4770400.0000,3
2025-07-11,20250711144000000,sz.002225,6.2400,6.2400,6.2100,6.2100,994300,6179744.0000,3
2025-07-11,20250711144500000,sz.002225,6.2200,6.2200,6.2000,6.2100,1142200,7093248.0000,3
2025-07-11,20250711145000000,sz.002225,6.2000,6.2200,6.2000,6.2100,1234300,7660928.0000,3
2025-07-11,20250711145500000,sz.002225,6.2100,6.2400,6.2100,6.2200,1659100,10327840.0000,3
2025-07-11,20250711150000000,sz.002225,6.2200,6.2200,6.1800,6.1900,2073800,12857632.0000,3
2025-07-14,20250714093500000,sz.002225,6.2400,6.3800,6.2200,6.2700,6830800,42938624.0000,3
2025-07-14,20250714094000000,sz.002225,6.2600,6.2900,6.2200,6.2800,2001400,12499912.0000,3
2025-07-14,20250714094500000,sz.002225,6.2700,6.3500,6.2700,6.3400,3023100,19073160.0000,3
2025-07-14,20250714095000000,sz.002225,6.3400,6.3800,6.3100,6.3800,3329000,21164096.0000,3
2025-07-14,20250714095500000,sz.002225,6.3700,6.4100,6.3400,6.3500,1695900,10808160.0000,3
2025-07-14,20250714100000000,sz.002225,6.3500,6.3800,6.3400,6.3700,1047700,6669408.0000,3
2025-07-14,20250714100500000,sz.002225,6.3700,6.3700,6.2800,6.2800,1661400,10490592.0000,3
2025-07-14,20250714101000000,sz.002225,6.2700,6.2800,6.2300,6.2400,1487300,9301624.0000,3
2025-07-14,20250714101500000,sz.002225,6.2400,6.2500,6.2300,6.2300,967800,6037768.0000,3
2025-07-14,20250714102000000,sz.002225,6.2300,6.2300,6.1900,6.2000,1416700,8796336.0000,3
2025-07-14,20250714102500000,sz.002225,6.2000,6.2200,6.1900,6.1900,1108600,6876368.0000,3
2025-07-14,20250714103000000,sz.002225,6.1800,6.2100,6.1800,6.2100,875800,5423136.0000,3
2025-07-14,20250714103500000,sz.002225,6.2000,6.2200,6.2000,6.2000,641700,3983264.0000,3
2025-07-14,20250714104000000,sz.002225,6.2000,6.2100,6.2000,6.2100,309100,1916544.0000,3
2025-07-14,20250714104500000,sz.002225,6.2100,6.2100,6.1900,6.2000,545400,3383168.0000,3
2025-07-14,20250714105000000,sz.002225,6.2000,6.2100,6.1800,6.1900,712700,4410720.0000,3
2025-07-14,20250714105500000,sz.002225,6.1800,6.1900,6.1800,6.1800,444900,2749776.0000,3
2025-07-14,20250714110000000,sz.002225,6.1900,6.1900,6.1700,6.1800,563600,3486848.0000,3
2025-07-14,20250714110500000,sz.002225,6.1700,6.1900,6.1700,6.1800,479800,2963440.0000,3
2025-07-14,20250714111000000,sz.002225,6.1900,6.2100,6.1700,6.1900,567500,3512624.0000,3
2025-07-14,20250714111500000,sz.002225,6.2000,6.2000,6.1900,6.2000,394600,2443152.0000,3
2025-07-14,20250714112000000,sz.002225,6.1900,6.2000,6.1800,6.1800,924500,5723808.0000,3
2025-07-14,20250714112500000,sz.002225,6.1800,6.2000,6.1800,6.1900,391300,2422880.0000,3
2025-07-14,20250714113000000,sz.002225,6.1900,6.2000,6.1900,6.1900,141600,876576.0000,3
2025-07-14,20250714130500000,sz.002225,6.1900,6.2000,6.1700,6.1900,906700,5606528.0000,3
2025-07-14,20250714131000000,sz.002225,6.1800,6.2000,6.1800,6.2000,194800,1206864.0000,3
2025-07-14,20250714131500000,sz.002225,6.2000,6.2100,6.1900,6.2000,268800,1665984.0000,3
2025-07-14,20250714132000000,sz.002225,6.2000,6.2100,6.1900,6.2000,503900,3121600.0000,3
2025-07-14,20250714132500000,sz.002225,6.2000,6.2200,6.1900,6.2200,463300,2873984.0000,3
2025-07-14,20250714133000000,sz.002225,6.2200,6.2500,6.2100,6.2500,535700,3336208.0000,3
2025-07-14,20250714133500000,sz.002225,6.2600,6.3400,6.2500,6.3100,2154600,13578640.0000,3
2025-07-14,20250714134000000,sz.002225,6.3100,6.3300,6.3000,6.3100,1631400,10300592.0000,3
2025-07-14,20250714134500000,sz.002225,6.3100,6.3200,6.3000,6.3100,1066000,6726560.0000,3
2025-07-14,20250714135000000,sz.002225,6.3100,6.3200,6.3000,6.3200,530300,3345856.0000,3
2025-07-14,20250714135500000,sz.002225,6.3100,6.3200,6.3100,6.3100,593900,3746976.0000,3
2025-07-14,20250714140000000,sz.002225,6.3100,6.3500,6.3000,6.3400,1806000,11421600.0000,3
2025-07-14,20250714140500000,sz.002225,6.3600,6.3600,6.3200,6.3600,1125400,7132912.0000,3
2025-07-14,20250714141000000,sz.002225,6.3600,6.3700,6.3400,6.3700,983600,6254048.0000,3
2025-07-14,20250714141500000,sz.002225,6.3700,6.3800,6.3600,6.3600,776700,4947328.0000,3
2025-07-14,20250714142000000,sz.002225,6.3600,6.3800,6.3500,6.3500,818100,5202752.0000,3
2025-07-14,20250714142500000,sz.002225,6.3500,6.3600,6.3300,6.3500,851700,5404864.0000,3
2025-07-14,20250714143000000,sz.002225,6.3600,6.3600,6.3400,6.3500,835200,5303840.0000,3
2025-07-14,20250714143500000,sz.002225,6.3600,6.3600,6.3100,6.3300,1354600,8577056.0000,3
2025-07-14,20250714144000000,sz.002225,6.3300,6.3300,6.3100,6.3100,819700,5181792.0000,3
2025-07-14,20250714144500000,sz.002225,6.3200,6.3600,6.3100,6.3400,1716000,10842784.0000,3
2025-07-14,20250714145000000,sz.002225,6.3400,6.3800,6.3400,6.3800,1456700,9284064.0000,3
2025-07-14,20250714145500000,sz.002225,6.3800,6.3800,6.3500,6.3700,1407300,8960480.0000,3
2025-07-14,20250714150000000,sz.002225,6.3600,6.3700,6.3400,6.3400,830200,5273920.0000,3
2025-07-15,20250715093500000,sz.002225,6.2300,6.2600,6.1100,6.1400,7100800,44005668.0000,3
2025-07-15,20250715094000000,sz.002225,6.1400,6.1700,6.1200,6.1500,3759600,23084532.0000,3
2025-07-15,20250715094500000,sz.002225,6.1500,6.2500,6.1200,6.2500,2623000,16213640.0000,3
2025-07-15,20250715095000000,sz.002225,6.2500,6.2800,6.2400,6.2600,1676300,10481032.0000,3
2025-07-15,20250715095500000,sz.002225,6.2500,6.2800,6.2500,6.2600,1552800,9726408.0000,3
2025-07-15,20250715100000000,sz.002225,6.2600,6.2800,6.2400,6.2700,906500,5669440.0000,3
2025-07-15,20250715100500000,sz.002225,6.2600,6.2700,6.2400,6.2500,575700,3598016.0000,3
2025-07-15,20250715101000000,sz.002225,6.2500,6.2500,6.2000,6.2100,884900,5498424.0000,3
2025-07-15,20250715101500000,sz.002225,6.2000,6.2100,6.1500,6.1500,1136900,7029552.0000,3
2025-07-15,20250715102000000,sz.002225,6.1500,6.1900,6.1500,6.1900,1166000,7193328.0000,3
2025-07-15,20250715102500000,sz.002225,6.1900,6.2000,6.1700,6.1800,498400,3083048.0000,3
2025-07-15,20250715103000000,sz.002225,6.1700,6.1800,6.1300,6.1400,829100,5101088.0000,3
2025-07-15,20250715103500000,sz.002225,6.1300,6.1900,6.1300,6.1700,1291000,7946480.0000,3
2025-07-15,20250715104000000,sz.002225,6.1700,6.1800,6.1600,6.1700,389800,2404576.0000,3
2025-07-15,20250715104500000,sz.002225,6.1700,6.1700,6.1100,6.1200,977700,6001952.0000,3
2025-07-15,20250715105000000,sz.002225,6.1100,6.1800,6.1100,6.1800,1073300,6586144.0000,3
2025-07-15,20250715105500000,sz.002225,6.1800,6.1900,6.1500,6.1600,529900,3267760.0000,3
2025-07-15,20250715110000000,sz.002225,6.1600,6.1700,6.1400,6.1600,391900,2411968.0000,3
2025-07-15,20250715110500000,sz.002225,6.1500,6.1700,6.1400,6.1500,382600,2354864.0000,3
2025-07-15,20250715111000000,sz.002225,6.1500,6.1600,6.1300,6.1300,380500,2336752.0000,3
2025-07-15,20250715111500000,sz.002225,6.1400,6.1400,6.1100,6.1200,465100,2849056.0000,3
2025-07-15,20250715112000000,sz.002225,6.1300,6.1400,6.1200,6.1300,603300,3693472.0000,3
2025-07-15,20250715112500000,sz.002225,6.1300,6.1300,6.1000,6.1000,606800,3708144.0000,3
2025-07-15,20250715113000000,sz.002225,6.1000,6.1300,6.1000,6.1300,406500,2486752.0000,3
2025-07-15,20250715130500000,sz.002225,6.1300,6.1700,6.1200,6.1400,731500,4492272.0000,3
2025-07-15,20250715131000000,sz.002225,6.1500,6.1500,6.1200,6.1300,437500,2682960.0000,3
2025-07-15,20250715131500000,sz.002225,6.1400,6.1400,6.1100,6.1200,505300,3093040.0000,3
2025-07-15,20250715132000000,sz.002225,6.1200,6.1900,6.1200,6.1700,681000,4194048.0000,3
2025-07-15,20250715132500000,sz.002225,6.1800,6.1900,6.1600,6.1900,438500,2710080.0000,3
2025-07-15,20250715133000000,sz.002225,6.1800,6.2200,6.1700,6.2200,1155800,7175520.0000,3
2025-07-15,20250715133500000,sz.002225,6.2100,6.2200,6.1900,6.1900,527400,3275728.0000,3
2025-07-15,20250715134000000,sz.002225,6.1900,6.2100,6.1800,6.1900,439700,2723248.0000,3
2025-07-15,20250715134500000,sz.002225,6.1900,6.2100,6.1800,6.2000,287400,1780624.0000,3
2025-07-15,20250715135000000,sz.002225,6.2000,6.2100,6.1700,6.1800,797300,4933008.0000,3
2025-07-15,20250715135500000,sz.002225,6.1900,6.2400,6.1900,6.2000,436500,2710352.0000,3
2025-07-15,20250715140000000,sz.002225,6.2000,6.2100,6.1900,6.2000,266400,1650128.0000,3
2025-07-15,20250715140500000,sz.002225,6.1900,6.2100,6.1700,6.1800,676400,4186624.0000,3
2025-07-15,20250715141000000,sz.002225,6.1900,6.2000,6.1700,6.1900,211900,1310928.0000,3
2025-07-15,20250715141500000,sz.002225,6.1800,6.1900,6.1700,6.1800,358300,2213712.0000,3
2025-07-15,20250715142000000,sz.002225,6.1700,6.1900,6.1700,6.1700,605400,3740256.0000,3
2025-07-15,20250715142500000,sz.002225,6.1700,6.1900,6.1500,6.1700,749900,4624784.0000,3
2025-07-15,20250715143000000,sz.002225,6.1600,6.1700,6.1400,6.1500,798200,4907328.0000,3
2025-07-15,20250715143500000,sz.002225,6.1500,6.1600,6.1400,6.1400,987500,6070816.0000,3
2025-07-15,20250715144000000,sz.002225,6.1400,6.1600,6.1400,6.1400,965600,5933024.0000,3
2025-07-15,20250715144500000,sz.002225,6.1400,6.1600,6.1400,6.1600,1009000,6205104.0000,3
2025-07-15,20250715145000000,sz.002225,6.1500,6.1800,6.1500,6.1800,1062300,6546480.0000,3
2025-07-15,20250715145500000,sz.002225,6.1700,6.1800,6.1500,6.1600,1241000,7647232.0000,3
2025-07-15,20250715150000000,sz.002225,6.1500,6.2300,6.1500,6.1800,1088300,6720736.0000,3
2025-07-16,20250716093500000,sz.002225,6.1300,6.1600,6.0600,6.0800,2333800,14241745.0000,3
2025-07-16,20250716094000000,sz.002225,6.0300,6.0700,6.0200,6.0200,3633900,21925867.0000,3
2025-07-16,20250716094500000,sz.002225,6.0100,6.0100,5.9600,5.9700,2484500,14854796.0000,3
2025-07-16,20250716095000000,sz.002225,5.9900,6.0200,5.9800,6.0200,2861100,17161624.0000,3
2025-07-16,20250716095500000,sz.002225,6.0200,6.0500,6.0100,6.0400,1444900,8713728.0000,3
2025-07-16,20250716100000000,sz.002225,6.0400,6.0500,6.0200,6.0500,568400,3431288.0000,3
2025-07-16,20250716100500000,sz.002225,6.0500,6.0700,6.0300,6.0300,907600,5492968.0000,3
2025-07-16,20250716101000000,sz.002225,6.0300,6.0700,6.0300,6.0700,694800,4205568.0000,3
2025-07-16,20250716101500000,sz.002225,6.0600,6.0800,6.0500,6.0600,534400,3240384.0000,3
2025-07-16,20250716102000000,sz.002225,6.0500,6.0600,6.0300,6.0400,1178700,7113216.0000,3
2025-07-16,20250716102500000,sz.002225,6.0400,6.0600,6.0400,6.0600,884200,5346824.0000,3
2025-07-16,20250716103000000,sz.002225,6.0500,6.0800,6.0500,6.0700,360900,2190376.0000,3
2025-07-16,20250716103500000,sz.002225,6.0600,6.0800,6.0500,6.0600,422600,2562584.0000,3
2025-07-16,20250716104000000,sz.002225,6.0500,6.0700,6.0400,6.0500,345800,2092832.0000,3
2025-07-16,20250716104500000,sz.002225,6.0500,6.0600,6.0100,6.0200,679700,4100360.0000,3
2025-07-16,20250716105000000,sz.002225,6.0200,6.0300,6.0100,6.0200,490300,2951872.0000,3
2025-07-16,20250716105500000,sz.002225,6.0200,6.0300,6.0100,6.0200,204400,1231040.0000,3
2025-07-16,20250716110000000,sz.002225,6.0200,6.0300,6.0100,6.0300,329700,1984512.0000,3
2025-07-16,20250716110500000,sz.002225,6.0200,6.0500,6.0200,6.0300,752400,4537880.0000,3
2025-07-16,20250716111000000,sz.002225,6.0300,6.0400,6.0200,6.0300,451700,2721400.0000,3
2025-07-16,20250716111500000,sz.002225,6.0200,6.0500,6.0200,6.0400,406600,2452824.0000,3
2025-07-16,20250716112000000,sz.002225,6.0400,6.0600,6.0400,6.0500,318400,1925272.0000,3
2025-07-16,20250716112500000,sz.002225,6.0500,6.0500,6.0200,6.0300,341300,2060096.0000,3
2025-07-16,20250716113000000,sz.002225,6.0200,6.0400,6.0200,6.0300,300200,1810848.0000,3
2025-07-16,20250716130500000,sz.002225,6.0300,6.0500,6.0100,6.0300,875700,5279008.0000,3
2025-07-16,20250716131000000,sz.002225,6.0100,6.0300,5.9900,5.9900,1686000,10134128.0000,3
2025-07-16,20250716131500000,sz.002225,5.9900,6.0100,5.9900,5.9900,538900,3230048.0000,3
2025-07-16,20250716132000000,sz.002225,5.9900,6.0100,5.9900,6.0000,782600,4693344.0000,3
2025-07-16,20250716132500000,sz.002225,6.0000,6.0200,6.0000,6.0000,720200,4328144.0000,3
2025-07-16,20250716133000000,sz.002225,6.0000,6.0100,5.9900,6.0000,375100,2251264.0000,3
2025-07-16,20250716133500000,sz.002225,6.0000,6.0200,5.9900,6.0000,520300,3124240.0000,3
2025-07-16,20250716134000000,sz.002225,5.9900,6.0100,5.9900,6.0000,422400,2534672.0000,3
2025-07-16,20250716134500000,sz.002225,6.0000,6.0100,5.9900,6.0000,757800,4545504.0000,3
2025-07-16,20250716135000000,sz.002225,5.9800,5.9900,5.9500,5.9700,1918200,11452672.0000,3
2025-07-16,20250716135500000,sz.002225,5.9800,5.9900,5.9700,5.9800,489300,2925936.0000,3
2025-07-16,20250716140000000,sz.002225,5.9700,5.9800,5.9700,5.9700,358300,2140208.0000,3
2025-07-16,20250716140500000,sz.002225,5.9700,5.9900,5.9600,5.9800,608800,3636112.0000,3
2025-07-16,20250716141000000,sz.002225,5.9600,5.9800,5.9600,5.9800,396200,2364800.0000,3
2025-07-16,20250716141500000,sz.002225,5.9700,6.0000,5.9700,5.9800,551300,3299904.0000,3
2025-07-16,20250716142000000,sz.002225,5.9800,6.0000,5.9800,5.9900,429200,2570208.0000,3
2025-07-16,20250716142500000,sz.002225,5.9800,5.9900,5.9700,5.9800,579200,3461312.0000,3
2025-07-16,20250716143000000,sz.002225,5.9700,5.9900,5.9700,5.9900,414700,2477280.0000,3
2025-07-16,20250716143500000,sz.002225,5.9800,6.0300,5.9800,6.0200,1264400,7585840.0000,3
2025-07-16,20250716144000000,sz.002225,6.0100,6.0200,5.9900,5.9900,1265900,7594688.0000,3
2025-07-16,20250716144500000,sz.002225,5.9900,6.0000,5.9800,6.0000,695700,4167856.0000,3
2025-07-16,20250716145000000,sz.002225,5.9900,6.0200,5.9900,6.0100,1137400,6830192.0000,3
2025-07-16,20250716145500000,sz.002225,6.0000,6.0200,6.0000,6.0100,817400,4910256.0000,3
2025-07-16,20250716150000000,sz.002225,6.0100,6.0200,6.0000,6.0200,552900,3324800.0000,3
2025-07-17,20250717093500000,sz.002225,6.0000,6.0000,5.9200,5.9600,1750700,10420690.0000,3
2025-07-17,20250717094000000,sz.002225,5.9500,5.9700,5.9200,5.9500,809500,4811751.0000,3
2025-07-17,20250717094500000,sz.002225,5.9600,5.9800,5.9300,5.9400,1038100,6167431.0000,3
2025-07-17,20250717095000000,sz.002225,5.9300,5.9800,5.9300,5.9500,1384400,8243184.0000,3
2025-07-17,20250717095500000,sz.002225,5.9500,5.9500,5.9200,5.9300,617500,3665988.0000,3
2025-07-17,20250717100000000,sz.002225,5.9200,5.9400,5.9200,5.9400,1768900,10460292.0000,3
2025-07-17,20250717100500000,sz.002225,5.9200,5.9400,5.9100,5.9200,643700,3813332.0000,3
2025-07-17,20250717101000000,sz.002225,5.9100,5.9500,5.9100,5.9400,515500,3054700.0000,3
2025-07-17,20250717101500000,sz.002225,5.9400,5.9500,5.9200,5.9500,583300,3460312.0000,3
2025-07-17,20250717102000000,sz.002225,5.9400,5.9500,5.9300,5.9400,401700,2385936.0000,3
2025-07-17,20250717102500000,sz.002225,5.9300,5.9400,5.9200,5.9300,401300,2379816.0000,3
2025-07-17,20250717103000000,sz.002225,5.9200,5.9300,5.9100,5.9200,392100,2321412.0000,3
2025-07-17,20250717103500000,sz.002225,5.9100,5.9200,5.9000,5.9100,595500,3520032.0000,3
2025-07-17,20250717104000000,sz.002225,5.9000,5.9300,5.9000,5.9200,561700,3322252.0000,3
2025-07-17,20250717104500000,sz.002225,5.9100,5.9200,5.9000,5.9100,487600,2881352.0000,3
2025-07-17,20250717105000000,sz.002225,5.9100,5.9200,5.9000,5.9100,499200,2947072.0000,3
2025-07-17,20250717105500000,sz.002225,5.9000,5.9100,5.9000,5.9100,352100,2077856.0000,3
2025-07-17,20250717110000000,sz.002225,5.9000,5.9100,5.8800,5.8900,1106600,6514688.0000,3
2025-07-17,20250717110500000,sz.002225,5.8900,5.8900,5.8700,5.8800,988800,5810144.0000,3
2025-07-17,20250717111000000,sz.002225,5.8800,5.8900,5.8700,5.8800,453600,2665408.0000,3
2025-07-17,20250717111500000,sz.002225,5.8700,5.8800,5.8600,5.8700,550400,3233016.0000,3
2025-07-17,20250717112000000,sz.002225,5.8700,5.8800,5.8600,5.8800,1193300,7004560.0000,3
2025-07-17,20250717112500000,sz.002225,5.8600,5.8900,5.8600,5.8700,1032100,6058600.0000,3
2025-07-17,20250717113000000,sz.002225,5.8700,5.8700,5.8500,5.8700,528800,3098768.0000,3
2025-07-17,20250717130500000,sz.002225,5.8700,5.8800,5.8400,5.8500,1526600,8936496.0000,3
2025-07-17,20250717131000000,sz.002225,5.8400,5.8600,5.8300,5.8400,397600,2323408.0000,3
2025-07-17,20250717131500000,sz.002225,5.8300,5.8400,5.8300,5.8400,463300,2702336.0000,3
2025-07-17,20250717132000000,sz.002225,5.8300,5.8400,5.8200,5.8300,879400,5124912.0000,3
2025-07-17,20250717132500000,sz.002225,5.8200,5.8300,5.8100,5.8200,1222600,7116768.0000,3
2025-07-17,20250717133000000,sz.002225,5.8100,5.8200,5.8100,5.8200,388700,2260048.0000,3
2025-07-17,20250717133500000,sz.002225,5.8100,5.8200,5.8000,5.8100,636200,3695232.0000,3
2025-07-17,20250717134000000,sz.002225,5.8000,5.8200,5.8000,5.8200,510900,2970560.0000,3
2025-07-17,20250717134500000,sz.002225,5.8100,5.8500,5.8100,5.8500,757500,4411920.0000,3
2025-07-17,20250717135000000,sz.002225,5.8300,5.8400,5.8100,5.8300,728700,4243312.0000,3
2025-07-17,20250717135500000,sz.002225,5.8300,5.8300,5.8200,5.8300,264500,1540400.0000,3
2025-07-17,20250717140000000,sz.002225,5.8200,5.8300,5.8200,5.8200,431300,2511472.0000,3
2025-07-17,20250717140500000,sz.002225,5.8200,5.8300,5.8100,5.8300,517600,3012080.0000,3
2025-07-17,20250717141000000,sz.002225,5.8200,5.8300,5.8100,5.8200,638700,3716960.0000,3
2025-07-17,20250717141500000,sz.002225,5.8100,5.8300,5.8100,5.8100,860900,5009280.0000,3
2025-07-17,20250717142000000,sz.002225,5.8100,5.8400,5.8100,5.8300,605200,3526112.0000,3
2025-07-17,20250717142500000,sz.002225,5.8200,5.8300,5.8100,5.8200,525600,3058256.0000,3
2025-07-17,20250717143000000,sz.002225,5.8100,5.8400,5.8100,5.8100,1316000,7661680.0000,3
2025-07-17,20250717143500000,sz.002225,5.8100,5.8200,5.8000,5.8100,702500,4080576.0000,3
2025-07-17,20250717144000000,sz.002225,5.8100,5.8300,5.8100,5.8200,1020200,5936384.0000,3
2025-07-17,20250717144500000,sz.002225,5.8100,5.8300,5.8100,5.8200,638000,3712944.0000,3
2025-07-17,20250717145000000,sz.002225,5.8200,5.8300,5.8100,5.8300,1560700,9085296.0000,3
2025-07-17,20250717145500000,sz.002225,5.8200,5.8300,5.8000,5.8100,1675300,9738240.0000,3
2025-07-17,20250717150000000,sz.002225,5.8000,5.8300,5.8000,5.8300,1304200,7587712.0000,3
2025-07-18,20250718093500000,sz.002225,5.7800,5.8600,5.7700,5.8100,2404000,13952612.0000,3
2025-07-18,20250718094000000,sz.002225,5.8100,5.8200,5.8000,5.8100,868200,5044872.0000,3
2025-07-18,20250718094500000,sz.002225,5.8100,5.8300,5.7900,5.8000,1212600,7040392.0000,3
2025-07-18,20250718095000000,sz.002225,5.8000,5.8100,5.7800,5.7900,656900,3806464.0000,3
2025-07-18,20250718095500000,sz.002225,5.8000,5.8100,5.7700,5.7800,708600,4099488.0000,3
2025-07-18,20250718100000000,sz.002225,5.7700,5.7800,5.7500,5.7700,791200,4558116.0000,3
2025-07-18,20250718100500000,sz.002225,5.7700,5.8000,5.7600,5.7900,839700,4849680.0000,3
2025-07-18,20250718101000000,sz.002225,5.8000,5.8200,5.7800,5.7800,667400,3870544.0000,3
2025-07-18,20250718101500000,sz.002225,5.7800,5.7900,5.7700,5.7800,458500,2649912.0000,3
2025-07-18,20250718102000000,sz.002225,5.7800,5.7900,5.7700,5.7800,415700,2402840.0000,3
2025-07-18,20250718102500000,sz.002225,5.7800,5.7900,5.7600,5.7700,575800,3323456.0000,3
2025-07-18,20250718103000000,sz.002225,5.7700,5.7800,5.7600,5.7600,390900,2254136.0000,3
2025-07-18,20250718103500000,sz.002225,5.7600,5.7800,5.7600,5.7600,664100,3828788.0000,3
2025-07-18,20250718104000000,sz.002225,5.7700,5.7700,5.7500,5.7500,905700,5211640.0000,3
2025-07-18,20250718104500000,sz.002225,5.7500,5.7800,5.7500,5.7600,519300,2994356.0000,3
2025-07-18,20250718105000000,sz.002225,5.7600,5.7700,5.7600,5.7600,277200,1597336.0000,3
2025-07-18,20250718105500000,sz.002225,5.7600,5.7700,5.7300,5.7400,1287200,7394464.0000,3
2025-07-18,20250718110000000,sz.002225,5.7400,5.7500,5.7300,5.7500,642400,3688408.0000,3
2025-07-18,20250718110500000,sz.002225,5.7400,5.7600,5.7400,5.7400,468900,2694288.0000,3
2025-07-18,20250718111000000,sz.002225,5.7400,5.7500,5.7200,5.7400,670500,3841360.0000,3
2025-07-18,20250718111500000,sz.002225,5.7400,5.7400,5.7200,5.7200,710000,4068280.0000,3
2025-07-18,20250718112000000,sz.002225,5.7200,5.7700,5.7200,5.7600,1118700,6422240.0000,3
2025-07-18,20250718112500000,sz.002225,5.7600,5.7700,5.7400,5.7500,493300,2836104.0000,3
2025-07-18,20250718113000000,sz.002225,5.7500,5.7700,5.7500,5.7500,213400,1228352.0000,3
2025-07-18,20250718130500000,sz.002225,5.7600,5.7600,5.7300,5.7500,849600,4882528.0000,3
2025-07-18,20250718131000000,sz.002225,5.7500,5.7500,5.7300,5.7500,607200,3487168.0000,3
2025-07-18,20250718131500000,sz.002225,5.7500,5.7600,5.7400,5.7500,275400,1584144.0000,3
2025-07-18,20250718132000000,sz.002225,5.7500,5.7600,5.7400,5.7600,421100,2421160.0000,3
2025-07-18,20250718132500000,sz.002225,5.7600,5.7600,5.7400,5.7400,853700,4909328.0000,3
2025-07-18,20250718133000000,sz.002225,5.7400,5.7500,5.7300,5.7500,194700,1117464.0000,3
2025-07-18,20250718133500000,sz.002225,5.7500,5.7500,5.7300,5.7400,371500,2132368.0000,3
2025-07-18,20250718134000000,sz.002225,5.7300,5.7400,5.7200,5.7200,393800,2255672.0000,3
2025-07-18,20250718134500000,sz.002225,5.7200,5.7400,5.7200,5.7300,426200,2442032.0000,3
2025-07-18,20250718135000000,sz.002225,5.7400,5.7400,5.7300,5.7300,203900,1168776.0000,3
2025-07-18,20250718135500000,sz.002225,5.7300,5.7300,5.7100,5.7200,457700,2618960.0000,3
2025-07-18,20250718140000000,sz.002225,5.7200,5.7300,5.7100,5.7100,213600,1221096.0000,3
2025-07-18,20250718140500000,sz.002225,5.7100,5.7300,5.7100,5.7200,364100,2081464.0000,3
2025-07-18,20250718141000000,sz.002225,5.7100,5.7300,5.7100,5.7100,413300,2364272.0000,3
2025-07-18,20250718141500000,sz.002225,5.7200,5.7300,5.7100,5.7200,98300,562496.0000,3
2025-07-18,20250718142000000,sz.002225,5.7200,5.7300,5.7100,5.7100,553700,3164080.0000,3
2025-07-18,20250718142500000,sz.002225,5.7100,5.7200,5.7000,5.7100,618600,3531344.0000,3
2025-07-18,20250718143000000,sz.002225,5.7100,5.7200,5.7000,5.7100,130900,747600.0000,3
2025-07-18,20250718143500000,sz.002225,5.7100,5.7200,5.7100,5.7100,331800,1895984.0000,3
2025-07-18,20250718144000000,sz.002225,5.7100,5.7200,5.7100,5.7200,510600,2919280.0000,3
2025-07-18,20250718144500000,sz.002225,5.7100,5.7200,5.7100,5.7200,342200,1956576.0000,3
2025-07-18,20250718145000000,sz.002225,5.7200,5.7200,5.7100,5.7100,501900,2869632.0000,3
2025-07-18,20250718145500000,sz.002225,5.7100,5.7300,5.7000,5.7200,1734900,9903456.0000,3
2025-07-18,20250718150000000,sz.002225,5.7200,5.7500,5.7100,5.7500,680600,3904816.0000,3
2025-07-21,20250721093500000,sz.002225,5.8300,5.9100,5.7700,5.8500,8788900,51331748.0000,3
2025-07-21,20250721094000000,sz.002225,5.8600,5.8900,5.8200,5.8800,2635400,15399276.0000,3
2025-07-21,20250721094500000,sz.002225,5.8700,5.9400,5.8700,5.8900,3789700,22407768.0000,3
2025-07-21,20250721095000000,sz.002225,5.8900,5.9500,5.8400,5.9100,4272000,25166984.0000,3
2025-07-21,20250721095500000,sz.002225,5.9100,5.9300,5.8800,5.9100,1520400,8981528.0000,3
2025-07-21,20250721100000000,sz.002225,5.9200,5.9200,5.9000,5.9100,713800,4218160.0000,3
2025-07-21,20250721100500000,sz.002225,5.9000,5.9200,5.8900,5.9000,596400,3521176.0000,3
2025-07-21,20250721101000000,sz.002225,5.9000,5.9100,5.8900,5.8900,602500,3553296.0000,3
2025-07-21,20250721101500000,sz.002225,5.8900,5.9000,5.8800,5.8900,767800,4523456.0000,3
2025-07-21,20250721102000000,sz.002225,5.8900,5.8900,5.8500,5.8700,1429600,8390224.0000,3
2025-07-21,20250721102500000,sz.002225,5.8800,5.9200,5.8800,5.9000,912600,5381152.0000,3
2025-07-21,20250721103000000,sz.002225,5.9000,5.9300,5.9000,5.9200,1090600,6453712.0000,3
2025-07-21,20250721103500000,sz.002225,5.9200,5.9300,5.8900,5.8900,888600,5244912.0000,3
2025-07-21,20250721104000000,sz.002225,5.9100,5.9300,5.9000,5.9300,1056500,6252224.0000,3
2025-07-21,20250721104500000,sz.002225,5.9300,5.9900,5.9300,5.9400,2307400,13763264.0000,3
2025-07-21,20250721105000000,sz.002225,5.9400,5.9600,5.9400,5.9400,417700,2484608.0000,3
2025-07-21,20250721105500000,sz.002225,5.9500,5.9500,5.8900,5.8900,839300,4960304.0000,3
2025-07-21,20250721110000000,sz.002225,5.9000,5.9200,5.9000,5.9100,528100,3122864.0000,3
2025-07-21,20250721110500000,sz.002225,5.9100,5.9400,5.9100,5.9400,513200,3043520.0000,3
2025-07-21,20250721111000000,sz.002225,5.9300,5.9500,5.9100,5.9300,812500,4821824.0000,3
2025-07-21,20250721111500000,sz.002225,5.9300,5.9500,5.9200,5.9400,355100,2105840.0000,3
2025-07-21,20250721112000000,sz.002225,5.9400,5.9600,5.9300,5.9400,1020900,6068064.0000,3
2025-07-21,20250721112500000,sz.002225,5.9400,6.0200,5.9400,6.0200,2397600,14353808.0000,3
2025-07-21,20250721113000000,sz.002225,6.0200,6.0400,5.9900,6.0000,1676900,10081360.0000,3
2025-07-21,20250721130500000,sz.002225,6.0000,6.0600,5.9800,6.0300,2396400,14434624.0000,3
2025-07-21,20250721131000000,sz.002225,6.0300,6.0500,6.0100,6.0300,698800,4216592.0000,3
2025-07-21,20250721131500000,sz.002225,6.0300,6.0800,6.0300,6.0500,2392600,14496976.0000,3
2025-07-21,20250721132000000,sz.002225,6.0500,6.1000,6.0500,6.0900,2651100,16129312.0000,3
2025-07-21,20250721132500000,sz.002225,6.0900,6.1500,6.0900,6.1400,2509000,15353376.0000,3
2025-07-21,20250721133000000,sz.002225,6.1500,6.2500,6.1300,6.1800,5223600,32377600.0000,3
2025-07-21,20250721133500000,sz.002225,6.2000,6.2000,6.1400,6.1400,2239200,13820608.0000,3
2025-07-21,20250721134000000,sz.002225,6.1500,6.1600,6.1400,6.1600,904000,5557824.0000,3
2025-07-21,20250721134500000,sz.002225,6.1600,6.1700,6.1400,6.1600,569700,3507424.0000,3
2025-07-21,20250721135000000,sz.002225,6.1700,6.1700,6.1300,6.1400,672500,4131168.0000,3
2025-07-21,20250721135500000,sz.002225,6.1300,6.1600,6.1200,6.1400,794200,4873920.0000,3
2025-07-21,20250721140000000,sz.002225,6.1500,6.1600,6.1400,6.1500,437300,2690240.0000,3
2025-07-21,20250721140500000,sz.002225,6.1400,6.1600,6.1300,6.1500,900600,5532960.0000,3
2025-07-21,20250721141000000,sz.002225,6.1500,6.1600,6.1300,6.1600,564000,3464832.0000,3
2025-07-21,20250721141500000,sz.002225,6.1600,6.1600,6.1400,6.1500,372400,2288960.0000,3
2025-07-21,20250721142000000,sz.002225,6.1400,6.1600,6.1400,6.1500,775700,4769568.0000,3
2025-07-21,20250721142500000,sz.002225,6.1300,6.1500,6.1300,6.1300,596100,3658176.0000,3
2025-07-21,20250721143000000,sz.002225,6.1400,6.1500,6.1300,6.1400,711400,4365408.0000,3
2025-07-21,20250721143500000,sz.002225,6.1300,6.1500,6.1300,6.1400,768800,4718752.0000,3
2025-07-21,20250721144000000,sz.002225,6.1300,6.1600,6.1200,6.1400,688900,4225984.0000,3
2025-07-21,20250721144500000,sz.002225,6.1400,6.1500,6.1300,6.1400,783200,4807200.0000,3
2025-07-21,20250721145000000,sz.002225,6.1400,6.1500,6.1200,6.1300,1255600,7695904.0000,3
2025-07-21,20250721145500000,sz.002225,6.1300,6.1700,6.1200,6.1400,1817800,11176000.0000,3
2025-07-21,20250721150000000,sz.002225,6.1500,6.1600,6.1000,6.1600,1414100,8688160.0000,3
2025-07-22,20250722093500000,sz.002225,6.3400,6.4900,6.2700,6.3500,16473400,104945584.0000,3
2025-07-22,20250722094000000,sz.002225,6.3400,6.5900,6.3300,6.5200,9896800,64135648.0000,3
2025-07-22,20250722094500000,sz.002225,6.4900,6.5100,6.4300,6.4500,3265000,21138096.0000,3
2025-07-22,20250722095000000,sz.002225,6.4500,6.4600,6.4000,6.4500,2664400,17149952.0000,3
2025-07-22,20250722095500000,sz.002225,6.4500,6.5300,6.4200,6.5000,2710500,17522992.0000,3
2025-07-22,20250722100000000,sz.002225,6.4900,6.5100,6.4700,6.5000,1779300,11538784.0000,3
2025-07-22,20250722100500000,sz.002225,6.4900,6.5300,6.4500,6.5000,1976700,12857392.0000,3
2025-07-22,20250722101000000,sz.002225,6.5000,6.5300,6.4900,6.4900,2269700,14779248.0000,3
2025-07-22,20250722101500000,sz.002225,6.5000,6.5000,6.4800,6.4900,1068800,6935504.0000,3
2025-07-22,20250722102000000,sz.002225,6.4900,6.5200,6.4700,6.5000,1880500,12226720.0000,3
2025-07-22,20250722102500000,sz.002225,6.5000,6.5700,6.5000,6.5300,2557100,16737920.0000,3
2025-07-22,20250722103000000,sz.002225,6.5300,6.5400,6.4800,6.5000,1477900,9621408.0000,3
2025-07-22,20250722103500000,sz.002225,6.5000,6.5400,6.4900,6.5000,992300,6469248.0000,3
2025-07-22,20250722104000000,sz.002225,6.5000,6.5600,6.4900,6.5200,3387900,22154976.0000,3
2025-07-22,20250722104500000,sz.002225,6.5200,6.5900,6.5000,6.5900,1988800,13020640.0000,3
2025-07-22,20250722105000000,sz.002225,6.5900,6.5900,6.5400,6.5400,1025000,6725888.0000,3
2025-07-22,20250722105500000,sz.002225,6.5500,6.5500,6.5200,6.5200,636900,4160000.0000,3
2025-07-22,20250722110000000,sz.002225,6.5300,6.5900,6.5200,6.5900,1189500,7795936.0000,3
2025-07-22,20250722110500000,sz.002225,6.5800,6.6200,6.5300,6.5400,2317500,15270272.0000,3
2025-07-22,20250722111000000,sz.002225,6.5500,6.5500,6.5000,6.5300,818700,5341856.0000,3
2025-07-22,20250722111500000,sz.002225,6.5200,6.5600,6.5200,6.5600,392600,2567424.0000,3
2025-07-22,20250722112000000,sz.002225,6.5500,6.6100,6.5500,6.6100,1207800,7955840.0000,3
2025-07-22,20250722112500000,sz.002225,6.5900,6.6000,6.5600,6.5700,393100,2587616.0000,3
2025-07-22,20250722113000000,sz.002225,6.5700,6.5700,6.5400,6.5400,701400,4599648.0000,3
2025-07-22,20250722130500000,sz.002225,6.5400,6.5800,6.5000,6.5700,1787300,11690656.0000,3
2025-07-22,20250722131000000,sz.002225,6.5700,6.5700,6.5400,6.5400,712700,4673376.0000,3
2025-07-22,20250722131500000,sz.002225,6.5400,6.6000,6.5300,6.5900,962000,6316352.0000,3
2025-07-22,20250722132000000,sz.002225,6.5900,6.5900,6.5400,6.5600,1033300,6773216.0000,3
2025-07-22,20250722132500000,sz.002225,6.5600,6.6000,6.5600,6.5900,775600,5107136.0000,3
2025-07-22,20250722133000000,sz.002225,6.5900,6.6500,6.5800,6.6100,1898000,12547744.0000,3
2025-07-22,20250722133500000,sz.002225,6.6000,6.6000,6.5700,6.5700,903900,5949824.0000,3
2025-07-22,20250722134000000,sz.002225,6.5700,6.5900,6.5600,6.5700,886500,5827040.0000,3
2025-07-22,20250722134500000,sz.002225,6.5700,6.5800,6.5600,6.5600,611500,4017344.0000,3
2025-07-22,20250722135000000,sz.002225,6.5600,6.5800,6.5500,6.5600,808400,5302688.0000,3
2025-07-22,20250722135500000,sz.002225,6.5600,6.5700,6.5500,6.5600,693200,4545600.0000,3
2025-07-22,20250722140000000,sz.002225,6.5600,6.6000,6.5500,6.5800,814000,5351904.0000,3
2025-07-22,20250722140500000,sz.002225,6.5800,6.5800,6.5600,6.5800,493300,3241984.0000,3
2025-07-22,20250722141000000,sz.002225,6.5800,6.5900,6.5500,6.5500,863000,5669536.0000,3
2025-07-22,20250722141500000,sz.002225,6.5600,6.5700,6.5500,6.5700,648300,4254144.0000,3
2025-07-22,20250722142000000,sz.002225,6.5800,6.5800,6.5600,6.5700,818700,5378176.0000,3
2025-07-22,20250722142500000,sz.002225,6.5800,6.5800,6.5700,6.5700,649300,4267744.0000,3
2025-07-22,20250722143000000,sz.002225,6.5700,6.6000,6.5700,6.5900,1797200,11841888.0000,3
2025-07-22,20250722143500000,sz.002225,6.6000,6.6500,6.5900,6.6300,1616300,10710112.0000,3
2025-07-22,20250722144000000,sz.002225,6.6400,6.7600,6.6300,6.6700,5249600,35162272.0000,3
2025-07-22,20250722144500000,sz.002225,6.6700,6.6800,6.6300,6.6300,1812700,12054272.0000,3
2025-07-22,20250722145000000,sz.002225,6.6200,6.6400,6.6000,6.6100,1667200,11028416.0000,3
2025-07-22,20250722145500000,sz.002225,6.6100,6.6900,6.6000,6.6900,2029800,13478336.0000,3
2025-07-22,20250722150000000,sz.002225,6.6800,6.6900,6.6400,6.6500,1938700,12912384.0000,3
2025-07-23,20250723093500000,sz.002225,6.6200,6.6800,6.4000,6.5600,10074000,66039704.0000,3
2025-07-23,20250723094000000,sz.002225,6.5500,6.5800,6.5000,6.5100,3673500,24034248.0000,3
2025-07-23,20250723094500000,sz.002225,6.5200,6.6100,6.5200,6.6100,2911600,19088576.0000,3
2025-07-23,20250723095000000,sz.002225,6.6100,6.6400,6.5800,6.5900,1917100,12672536.0000,3
2025-07-23,20250723095500000,sz.002225,6.6000,6.6500,6.5800,6.6100,1405200,9301448.0000,3
2025-07-23,20250723100000000,sz.002225,6.6000,6.6300,6.5700,6.6200,763800,5036944.0000,3
2025-07-23,20250723100500000,sz.002225,6.6100,6.6100,6.5300,6.5600,1535100,10077792.0000,3
2025-07-23,20250723101000000,sz.002225,6.5700,6.5900,6.5400,6.5700,1230200,8069696.0000,3
2025-07-23,20250723101500000,sz.002225,6.5700,6.5700,6.5400,6.5600,1146800,7518384.0000,3
2025-07-23,20250723102000000,sz.002225,6.5500,6.5900,6.5500,6.5800,1921200,12639136.0000,3
2025-07-23,20250723102500000,sz.002225,6.6000,6.6000,6.5400,6.5600,2054200,13493824.0000,3
2025-07-23,20250723103000000,sz.002225,6.5400,6.6200,6.5400,6.6000,2632000,17303952.0000,3
2025-07-23,20250723103500000,sz.002225,6.6000,6.6200,6.5600,6.5700,750000,4947888.0000,3
2025-07-23,20250723104000000,sz.002225,6.5900,6.6000,6.5700,6.5900,746800,4916048.0000,3
2025-07-23,20250723104500000,sz.002225,6.6000,6.6200,6.5900,6.5900,791100,5220768.0000,3
2025-07-23,20250723105000000,sz.002225,6.6000,6.6100,6.5900,6.6000,1059200,6990208.0000,3
2025-07-23,20250723105500000,sz.002225,6.6000,6.6000,6.5900,6.5900,551200,3634544.0000,3
2025-07-23,20250723110000000,sz.002225,6.5900,6.6100,6.5800,6.5800,542100,3576016.0000,3
2025-07-23,20250723110500000,sz.002225,6.5900,6.5900,6.5500,6.5600,895100,5881296.0000,3
2025-07-23,20250723111000000,sz.002225,6.5500,6.5600,6.5100,6.5200,1016600,6640912.0000,3
2025-07-23,20250723111500000,sz.002225,6.5300,6.5500,6.5200,6.5300,667800,4363648.0000,3
2025-07-23,20250723112000000,sz.002225,6.5300,6.5600,6.5300,6.5600,860600,5626592.0000,3
2025-07-23,20250723112500000,sz.002225,6.5500,6.5800,6.5500,6.5700,647000,4250224.0000,3
2025-07-23,20250723113000000,sz.002225,6.5700,6.5900,6.5600,6.5900,988200,6496784.0000,3
2025-07-23,20250723130500000,sz.002225,6.5900,6.5900,6.5400,6.5400,1462100,9615184.0000,3
2025-07-23,20250723131000000,sz.002225,6.5400,6.5600,6.5300,6.5400,753200,4931008.0000,3
2025-07-23,20250723131500000,sz.002225,6.5500,6.5600,6.5400,6.5600,664700,4353600.0000,3
2025-07-23,20250723132000000,sz.002225,6.5500,6.5700,6.5400,6.5600,894700,5864224.0000,3
2025-07-23,20250723132500000,sz.002225,6.5600,6.5800,6.5500,6.5500,725500,4761920.0000,3
2025-07-23,20250723133000000,sz.002225,6.5500,6.5600,6.5500,6.5500,834100,5465952.0000,3
2025-07-23,20250723133500000,sz.002225,6.5600,6.5700,6.5500,6.5500,638200,4187296.0000,3
2025-07-23,20250723134000000,sz.002225,6.5600,6.5600,6.5400,6.5500,801800,5251008.0000,3
2025-07-23,20250723134500000,sz.002225,6.5500,6.5500,6.5300,6.5500,529800,3465824.0000,3
2025-07-23,20250723135000000,sz.002225,6.5500,6.5900,6.5400,6.5900,1209900,7936512.0000,3
2025-07-23,20250723135500000,sz.002225,6.5900,6.5900,6.5700,6.5800,804400,5294848.0000,3
2025-07-23,20250723140000000,sz.002225,6.5700,6.5800,6.5500,6.5600,645400,4238880.0000,3
2025-07-23,20250723140500000,sz.002225,6.5600,6.5700,6.5400,6.5600,741800,4862720.0000,3
2025-07-23,20250723141000000,sz.002225,6.5600,6.5600,6.5500,6.5600,268300,1759584.0000,3
2025-07-23,20250723141500000,sz.002225,6.5500,6.5600,6.5300,6.5400,1036700,6786336.0000,3
2025-07-23,20250723142000000,sz.002225,6.5300,6.5400,6.5100,6.5200,1236100,8064768.0000,3
2025-07-23,20250723142500000,sz.002225,6.5200,6.5200,6.4900,6.5100,2088900,13580960.0000,3
2025-07-23,20250723143000000,sz.002225,6.5100,6.5200,6.5000,6.5100,888900,5785568.0000,3
2025-07-23,20250723143500000,sz.002225,6.5100,6.5300,6.4900,6.5200,1603500,10437312.0000,3
2025-07-23,20250723144000000,sz.002225,6.5200,6.5300,6.5100,6.5100,805900,5252000.0000,3
2025-07-23,20250723144500000,sz.002225,6.5100,6.5300,6.5000,6.5300,992100,6470400.0000,3
2025-07-23,20250723145000000,sz.002225,6.5300,6.5500,6.5300,6.5400,983300,6431328.0000,3
2025-07-23,20250723145500000,sz.002225,6.5300,6.5400,6.5200,6.5400,1012400,6611808.0000,3
2025-07-23,20250723150000000,sz.002225,6.5400,6.5500,6.5000,6.5000,1934700,12604064.0000,3
2025-07-24,20250724093500000,sz.002225,6.4400,6.5800,6.4400,6.5000,4319900,28093040.0000,3
2025-07-24,20250724094000000,sz.002225,6.5000,6.6100,6.5000,6.6100,3013000,19799088.0000,3
2025-07-24,20250724094500000,sz.002225,6.6000,6.6400,6.5800,6.6200,2587500,17104336.0000,3
2025-07-24,20250724095000000,sz.002225,6.6300,6.7400,6.6300,6.7300,4819900,32326896.0000,3
2025-07-24,20250724095500000,sz.002225,6.7300,6.7800,6.7100,6.7200,4485800,30269480.0000,3
2025-07-24,20250724100000000,sz.002225,6.7200,6.7200,6.6700,6.6800,1692500,11318664.0000,3
2025-07-24,20250724100500000,sz.002225,6.6700,6.7000,6.5800,6.5800,2306800,15286688.0000,3
2025-07-24,20250724101000000,sz.002225,6.5900,6.6000,6.5500,6.5600,1516600,9970656.0000,3
2025-07-24,20250724101500000,sz.002225,6.5600,6.5600,6.5200,6.5200,2018200,13186080.0000,3
2025-07-24,20250724102000000,sz.002225,6.5300,6.5500,6.5000,6.5100,2526900,16461680.0000,3
2025-07-24,20250724102500000,sz.002225,6.5200,6.5200,6.4800,6.4900,1808100,11745280.0000,3
2025-07-24,20250724103000000,sz.002225,6.4800,6.4800,6.4400,6.4500,1928500,12458928.0000,3
2025-07-24,20250724103500000,sz.002225,6.4500,6.4900,6.4500,6.4700,2187500,14139584.0000,3
2025-07-24,20250724104000000,sz.002225,6.4700,6.5300,6.4700,6.5300,1347800,8776688.0000,3
2025-07-24,20250724104500000,sz.002225,6.5300,6.5600,6.5200,6.5400,1018300,6654352.0000,3
2025-07-24,20250724105000000,sz.002225,6.5400,6.5800,6.5400,6.5700,1224800,8044144.0000,3
2025-07-24,20250724105500000,sz.002225,6.5600,6.5700,6.5400,6.5600,575200,3770688.0000,3
2025-07-24,20250724110000000,sz.002225,6.5600,6.5700,6.5400,6.5500,683100,4479856.0000,3
2025-07-24,20250724110500000,sz.002225,6.5500,6.5600,6.5100,6.5200,911700,5949936.0000,3
2025-07-24,20250724111000000,sz.002225,6.5300,6.5300,6.5100,6.5200,346900,2261440.0000,3
2025-07-24,20250724111500000,sz.002225,6.5200,6.6000,6.5200,6.5600,754900,4949440.0000,3
2025-07-24,20250724112000000,sz.002225,6.5600,6.6300,6.5600,6.6100,1850300,12237504.0000,3
2025-07-24,20250724112500000,sz.002225,6.6200,6.7300,6.6200,6.7000,2147400,14360192.0000,3
2025-07-24,20250724113000000,sz.002225,6.7300,6.8000,6.7000,6.7300,4345100,29382432.0000,3
2025-07-24,20250724130500000,sz.002225,6.7300,6.7300,6.6200,6.6200,2826300,18859040.0000,3
2025-07-24,20250724131000000,sz.002225,6.6200,6.6600,6.6100,6.6200,1007100,6690336.0000,3
2025-07-24,20250724131500000,sz.002225,6.6300,6.6800,6.6300,6.6800,1236400,8225376.0000,3
2025-07-24,20250724132000000,sz.002225,6.6800,6.6900,6.6400,6.6400,1017100,6777152.0000,3
2025-07-24,20250724132500000,sz.002225,6.6300,6.6500,6.6200,6.6300,672400,4460928.0000,3
2025-07-24,20250724133000000,sz.002225,6.6400,6.6500,6.6200,6.6300,740500,4913440.0000,3
2025-07-24,20250724133500000,sz.002225,6.6300,6.6800,6.6300,6.6600,1013400,6743232.0000,3
2025-07-24,20250724134000000,sz.002225,6.6600,6.6900,6.6500,6.6700,528200,3523808.0000,3
2025-07-24,20250724134500000,sz.002225,6.6700,6.6800,6.6400,6.6500,430400,2868320.0000,3
2025-07-24,20250724135000000,sz.002225,6.6400,6.6600,6.6400,6.6500,337500,2243392.0000,3
2025-07-24,20250724135500000,sz.002225,6.6500,6.6600,6.6300,6.6500,426300,2832512.0000,3
2025-07-24,20250724140000000,sz.002225,6.6500,6.6500,6.6100,6.6300,571900,3790784.0000,3
2025-07-24,20250724140500000,sz.002225,6.6300,6.6500,6.6300,6.6400,330500,2194432.0000,3
2025-07-24,20250724141000000,sz.002225,6.6400,6.7200,6.6400,6.6700,991500,6625472.0000,3
2025-07-24,20250724141500000,sz.002225,6.6700,6.7100,6.6700,6.6900,723200,4840800.0000,3
2025-07-24,20250724142000000,sz.002225,6.6900,6.6900,6.6700,6.6700,292200,1952832.0000,3
2025-07-24,20250724142500000,sz.002225,6.6700,6.7400,6.6700,6.7400,1479700,9928768.0000,3
2025-07-24,20250724143000000,sz.002225,6.7400,6.7400,6.7100,6.7300,742100,4993440.0000,3
2025-07-24,20250724143500000,sz.002225,6.7300,6.7700,6.7200,6.7500,1593600,10760864.0000,3
2025-07-24,20250724144000000,sz.002225,6.7500,6.7500,6.7300,6.7500,924300,6232032.0000,3
2025-07-24,20250724144500000,sz.002225,6.7500,6.7600,6.7200,6.7500,1768400,11909344.0000,3
2025-07-24,20250724145000000,sz.002225,6.7500,6.7500,6.7200,6.7400,2108700,14211328.0000,3
2025-07-24,20250724145500000,sz.002225,6.7300,6.7600,6.7200,6.7300,1777500,11984480.0000,3
2025-07-24,20250724150000000,sz.002225,6.7300,6.7500,6.7300,6.7400,1373200,9251520.0000,3
2025-07-25,20250725093500000,sz.002225,6.7200,6.8200,6.6500,6.7500,5123100,34475960.0000,3
2025-07-25,20250725094000000,sz.002225,6.7500,6.7600,6.7000,6.7400,2185900,14713120.0000,3
2025-07-25,20250725094500000,sz.002225,6.7400,6.7900,6.7300,6.7500,2253900,15245016.0000,3
2025-07-25,20250725095000000,sz.002225,6.7400,6.8000,6.7300,6.7900,1870800,12655728.0000,3
2025-07-25,20250725095500000,sz.002225,6.7900,6.8800,6.7900,6.8500,3197300,21864808.0000,3
2025-07-25,20250725100000000,sz.002225,6.8500,6.9000,6.8300,6.8600,3678300,25259544.0000,3
2025-07-25,20250725100500000,sz.002225,6.8500,6.8700,6.7400,6.7500,2796400,19026112.0000,3
2025-07-25,20250725101000000,sz.002225,6.7500,6.7600,6.7200,6.7200,967300,6522016.0000,3
2025-07-25,20250725101500000,sz.002225,6.7200,6.7600,6.7200,6.7400,1142500,7702000.0000,3
2025-07-25,20250725102000000,sz.002225,6.7300,6.7500,6.7300,6.7400,703000,4734848.0000,3
2025-07-25,20250725102500000,sz.002225,6.7500,6.7600,6.7400,6.7400,549700,3711248.0000,3
2025-07-25,20250725103000000,sz.002225,6.7400,6.7500,6.7400,6.7400,337600,2276288.0000,3
2025-07-25,20250725103500000,sz.002225,6.7600,6.7800,6.7500,6.7600,579100,3915472.0000,3
2025-07-25,20250725104000000,sz.002225,6.7700,6.7800,6.7500,6.7500,585400,3964368.0000,3
2025-07-25,20250725104500000,sz.002225,6.7600,6.7700,6.7400,6.7600,415500,2804992.0000,3
2025-07-25,20250725105000000,sz.002225,6.7700,6.7800,6.7400,6.7500,533600,3601936.0000,3
2025-07-25,20250725105500000,sz.002225,6.7500,6.7800,6.7400,6.7800,776700,5253056.0000,3
2025-07-25,20250725110000000,sz.002225,6.7800,6.7900,6.7500,6.7800,645700,4375168.0000,3
2025-07-25,20250725110500000,sz.002225,6.7900,6.8300,6.7800,6.8300,1575500,10731712.0000,3
2025-07-25,20250725111000000,sz.002225,6.8300,6.8400,6.8100,6.8200,729300,4976880.0000,3
2025-07-25,20250725111500000,sz.002225,6.8200,6.8300,6.8200,6.8200,445500,3039536.0000,3
2025-07-25,20250725112000000,sz.002225,6.8200,6.8700,6.7800,6.8600,1865900,12726048.0000,3
2025-07-25,20250725112500000,sz.002225,6.8700,6.8700,6.7900,6.7900,681100,4661472.0000,3
2025-07-25,20250725113000000,sz.002225,6.7900,6.7900,6.7700,6.7800,457100,3100320.0000,3
2025-07-25,20250725130500000,sz.002225,6.7800,6.9300,6.7700,6.8100,3492800,23970880.0000,3
2025-07-25,20250725131000000,sz.002225,6.8200,6.8800,6.8100,6.8500,1822400,12481824.0000,3
2025-07-25,20250725131500000,sz.002225,6.8500,6.8500,6.8000,6.8200,1575400,10750512.0000,3
2025-07-25,20250725132000000,sz.002225,6.8100,6.9100,6.8100,6.8800,2221900,15251360.0000,3
2025-07-25,20250725132500000,sz.002225,6.8900,6.9800,6.8900,6.9100,3249900,22569984.0000,3
2025-07-25,20250725133000000,sz.002225,6.9200,6.9300,6.8900,6.9100,909000,6283264.0000,3
2025-07-25,20250725133500000,sz.002225,6.9100,6.9500,6.8900,6.9400,1770700,12259264.0000,3
2025-07-25,20250725134000000,sz.002225,6.9400,6.9400,6.8700,6.8800,1045700,7215168.0000,3
2025-07-25,20250725134500000,sz.002225,6.8800,6.8800,6.8500,6.8800,657000,4511744.0000,3
2025-07-25,20250725135000000,sz.002225,6.8700,6.9200,6.8700,6.9200,1109600,7658272.0000,3
2025-07-25,20250725135500000,sz.002225,6.9300,6.9600,6.9200,6.9300,1487500,10338016.0000,3
2025-07-25,20250725140000000,sz.002225,6.9300,7.0000,6.9300,6.9800,1556000,10839136.0000,3
2025-07-25,20250725140500000,sz.002225,6.9600,6.9700,6.9200,6.9700,1144500,7951712.0000,3
2025-07-25,20250725141000000,sz.002225,6.9700,6.9800,6.9300,6.9400,668500,4658400.0000,3
2025-07-25,20250725141500000,sz.002225,6.9400,6.9600,6.9300,6.9300,691700,4802208.0000,3
2025-07-25,20250725142000000,sz.002225,6.9400,6.9400,6.9000,6.9100,1436400,9928128.0000,3
2025-07-25,20250725142500000,sz.002225,6.9100,6.9300,6.8900,6.9100,1433500,9916352.0000,3
2025-07-25,20250725143000000,sz.002225,6.9100,6.9500,6.9100,6.9400,1195400,8292608.0000,3
2025-07-25,20250725143500000,sz.002225,6.9400,6.9500,6.9200,6.9300,1038900,7204768.0000,3
2025-07-25,20250725144000000,sz.002225,6.9300,6.9800,6.9100,6.9800,2652200,18433440.0000,3
2025-07-25,20250725144500000,sz.002225,6.9800,7.0300,6.9600,7.0300,4500800,31520768.0000,3
2025-07-25,20250725145000000,sz.002225,7.0300,7.0600,7.0100,7.0200,3737300,26269056.0000,3
2025-07-25,20250725145500000,sz.002225,7.0200,7.0200,6.9700,6.9800,3408000,23809952.0000,3
2025-07-25,20250725150000000,sz.002225,6.9800,7.0000,6.9500,6.9800,2028400,14143168.0000,3
2025-07-28,20250728093500000,sz.002225,6.9300,6.9300,6.7200,6.8100,12466900,85274208.0000,3
2025-07-28,20250728094000000,sz.002225,6.8200,6.8400,6.7200,6.7500,7628800,51613408.0000,3
2025-07-28,20250728094500000,sz.002225,6.7400,6.7600,6.6800,6.6900,4215400,28350544.0000,3
2025-07-28,20250728095000000,sz.002225,6.6900,6.7700,6.6700,6.7300,4266300,28648592.0000,3
2025-07-28,20250728095500000,sz.002225,6.7700,6.8700,6.7400,6.8300,3430200,23392224.0000,3
2025-07-28,20250728100000000,sz.002225,6.8300,6.8600,6.8000,6.8300,2880200,19661184.0000,3
2025-07-28,20250728100500000,sz.002225,6.8300,6.8600,6.7900,6.7900,3398300,23205376.0000,3
2025-07-28,20250728101000000,sz.002225,6.7900,6.8300,6.7700,6.8300,1778400,12085600.0000,3
2025-07-28,20250728101500000,sz.002225,6.8300,6.8600,6.8000,6.8500,1777800,12150688.0000,3
2025-07-28,20250728102000000,sz.002225,6.8500,6.8700,6.8100,6.8300,1250100,8553472.0000,3
2025-07-28,20250728102500000,sz.002225,6.8200,6.8200,6.8000,6.8100,686400,4673344.0000,3
2025-07-28,20250728103000000,sz.002225,6.8100,6.8500,6.8000,6.8200,1125500,7675840.0000,3
2025-07-28,20250728103500000,sz.002225,6.8100,6.8300,6.8000,6.8200,883000,6019904.0000,3
2025-07-28,20250728104000000,sz.002225,6.8200,6.8800,6.8100,6.8700,1003200,6876384.0000,3
2025-07-28,20250728104500000,sz.002225,6.8700,6.9100,6.8700,6.8800,799700,5508128.0000,3
2025-07-28,20250728105000000,sz.002225,6.8900,6.8900,6.8500,6.8700,880000,6045248.0000,3
2025-07-28,20250728105500000,sz.002225,6.8700,6.8900,6.8500,6.8600,479900,3294816.0000,3
2025-07-28,20250728110000000,sz.002225,6.8600,6.8700,6.8300,6.8500,646900,4418848.0000,3
2025-07-28,20250728110500000,sz.002225,6.8400,6.8600,6.8200,6.8200,618600,4229280.0000,3
2025-07-28,20250728111000000,sz.002225,6.8200,6.8400,6.8000,6.8200,738000,5033568.0000,3
2025-07-28,20250728111500000,sz.002225,6.8300,6.8300,6.7800,6.7900,501100,3409184.0000,3
2025-07-28,20250728112000000,sz.002225,6.7800,6.8000,6.7600,6.7700,1215500,8244256.0000,3
2025-07-28,20250728112500000,sz.002225,6.7600,6.7900,6.7500,6.7600,1345900,9100704.0000,3
2025-07-28,20250728113000000,sz.002225,6.7600,6.7700,6.7400,6.7500,561300,3791104.0000,3
2025-07-28,20250728130500000,sz.002225,6.7500,6.8700,6.7400,6.8400,2201800,14954528.0000,3
2025-07-28,20250728131000000,sz.002225,6.8400,6.8700,6.8300,6.8500,707600,4842720.0000,3
2025-07-28,20250728131500000,sz.002225,6.8400,6.8400,6.7700,6.7700,1689100,11487488.0000,3
2025-07-28,20250728132000000,sz.002225,6.7600,6.8100,6.7600,6.7900,961000,6517856.0000,3
2025-07-28,20250728132500000,sz.002225,6.8000,6.8000,6.7700,6.7800,911700,6181024.0000,3
2025-07-28,20250728133000000,sz.002225,6.7900,6.7900,6.7600,6.7700,596800,4041056.0000,3
2025-07-28,20250728133500000,sz.002225,6.7700,6.7800,6.7500,6.7600,769700,5208128.0000,3
2025-07-28,20250728134000000,sz.002225,6.7600,6.7600,6.7400,6.7400,790900,5337472.0000,3
2025-07-28,20250728134500000,sz.002225,6.7400,6.7500,6.7400,6.7400,557100,3755552.0000,3
2025-07-28,20250728135000000,sz.002225,6.7500,6.7600,6.7300,6.7300,1379300,9295776.0000,3
2025-07-28,20250728135500000,sz.002225,6.7300,6.7500,6.7300,6.7400,671100,4519904.0000,3
2025-07-28,20250728140000000,sz.002225,6.7400,6.8200,6.7400,6.8100,1997700,13553664.0000,3
2025-07-28,20250728140500000,sz.002225,6.8100,6.8200,6.7700,6.7800,645000,4382368.0000,3
2025-07-28,20250728141000000,sz.002225,6.7800,6.7900,6.7700,6.7800,542400,3677888.0000,3
2025-07-28,20250728141500000,sz.002225,6.7900,6.8000,6.7700,6.7700,439500,2983392.0000,3
2025-07-28,20250728142000000,sz.002225,6.7800,6.7800,6.7500,6.7600,491500,3325184.0000,3
2025-07-28,20250728142500000,sz.002225,6.7500,6.7700,6.7400,6.7700,917300,6192800.0000,3
2025-07-28,20250728143000000,sz.002225,6.7500,6.7700,6.7500,6.7700,487800,3296672.0000,3
2025-07-28,20250728143500000,sz.002225,6.7600,6.7800,6.7500,6.7700,951600,6441984.0000,3
2025-07-28,20250728144000000,sz.002225,6.7500,6.7700,6.7400,6.7400,1013600,6847168.0000,3
2025-07-28,20250728144500000,sz.002225,6.7500,6.7600,6.7000,6.7200,2349600,15801536.0000,3
2025-07-28,20250728145000000,sz.002225,6.7200,6.7500,6.7000,6.7400,987500,6651616.0000,3
2025-07-28,20250728145500000,sz.002225,6.7300,6.7700,6.7300,6.7600,2522800,17046528.0000,3
2025-07-28,20250728150000000,sz.002225,6.7700,6.7700,6.7300,6.7500,876200,5909056.0000,3
2025-07-29,20250729093500000,sz.002225,6.7200,7.1500,6.6700,7.0000,22183800,154657728.0000,3
2025-07-29,20250729094000000,sz.002225,7.0000,7.1700,7.0000,7.1300,5226200,37076192.0000,3
2025-07-29,20250729094500000,sz.002225,7.1200,7.1700,7.0800,7.1600,6274200,44776384.0000,3
2025-07-29,20250729095000000,sz.002225,7.1500,7.2500,7.1000,7.1100,6902600,49512640.0000,3
2025-07-29,20250729095500000,sz.002225,7.1100,7.1300,7.0300,7.1300,5665700,40157408.0000,3
2025-07-29,20250729100000000,sz.002225,7.1200,7.1300,7.0600,7.0800,2872600,20405536.0000,3
2025-07-29,20250729100500000,sz.002225,7.0700,7.1000,7.0000,7.0400,5713700,40218176.0000,3
2025-07-29,20250729101000000,sz.002225,7.0400,7.0500,6.9800,6.9800,2652700,18583776.0000,3
2025-07-29,20250729101500000,sz.002225,6.9700,6.9900,6.9400,6.9800,2548100,17748640.0000,3
2025-07-29,20250729102000000,sz.002225,6.9900,6.9900,6.9300,6.9500,2163000,15054528.0000,3
2025-07-29,20250729102500000,sz.002225,6.9600,6.9700,6.9300,6.9700,1807900,12569216.0000,3
2025-07-29,20250729103000000,sz.002225,6.9700,6.9900,6.9400,6.9600,1310000,9122400.0000,3
2025-07-29,20250729103500000,sz.002225,6.9500,6.9600,6.9300,6.9400,1304400,9055392.0000,3
2025-07-29,20250729104000000,sz.002225,6.9300,6.9500,6.9100,6.9400,1680300,11644544.0000,3
2025-07-29,20250729104500000,sz.002225,6.9300,6.9400,6.9000,6.9200,1082900,7492672.0000,3
2025-07-29,20250729105000000,sz.002225,6.9100,6.9200,6.8700,6.8800,1993300,13741568.0000,3
2025-07-29,20250729105500000,sz.002225,6.8800,6.8900,6.8600,6.8800,1188000,8167712.0000,3
2025-07-29,20250729110000000,sz.002225,6.8700,6.8800,6.8100,6.8400,1671800,11437344.0000,3
2025-07-29,20250729110500000,sz.002225,6.8400,6.8800,6.8300,6.8700,1841200,12619520.0000,3
2025-07-29,20250729111000000,sz.002225,6.8700,6.8800,6.8400,6.8400,910400,6242336.0000,3
2025-07-29,20250729111500000,sz.002225,6.8400,6.8500,6.8300,6.8300,966500,6606912.0000,3
2025-07-29,20250729112000000,sz.002225,6.8300,6.8500,6.8200,6.8300,994500,6794880.0000,3
2025-07-29,20250729112500000,sz.002225,6.8300,6.8300,6.8000,6.8200,1409600,9605632.0000,3
2025-07-29,20250729113000000,sz.002225,6.8200,6.8900,6.8200,6.8800,985000,6761152.0000,3
2025-07-29,20250729130500000,sz.002225,6.8900,6.9100,6.8200,6.8500,1636300,11226752.0000,3
2025-07-29,20250729131000000,sz.002225,6.8600,6.8600,6.8100,6.8200,625400,4272576.0000,3
2025-07-29,20250729131500000,sz.002225,6.8200,6.8300,6.8100,6.8100,798700,5448448.0000,3
2025-07-29,20250729132000000,sz.002225,6.8100,6.8200,6.8000,6.8100,677400,4615360.0000,3
2025-07-29,20250729132500000,sz.002225,6.8100,6.8200,6.7900,6.7900,1234000,8390208.0000,3
2025-07-29,20250729133000000,sz.002225,6.7900,6.8000,6.7600,6.7700,1429000,9680256.0000,3
2025-07-29,20250729133500000,sz.002225,6.7700,6.7900,6.7200,6.7300,2796500,18901504.0000,3
2025-07-29,20250729134000000,sz.002225,6.7300,6.7600,6.7300,6.7500,1494900,10083840.0000,3
2025-07-29,20250729134500000,sz.002225,6.7400,6.7500,6.7400,6.7500,940300,6340736.0000,3
2025-07-29,20250729135000000,sz.002225,6.7400,6.7800,6.7400,6.7700,824500,5567936.0000,3
2025-07-29,20250729135500000,sz.002225,6.7700,6.8000,6.7600,6.7700,1060700,7185728.0000,3
2025-07-29,20250729140000000,sz.002225,6.7700,6.7700,6.7400,6.7600,965200,6521600.0000,3
2025-07-29,20250729140500000,sz.002225,6.7500,6.8000,6.7500,6.7900,841100,5700992.0000,3
2025-07-29,20250729141000000,sz.002225,6.7800,6.7900,6.7500,6.7600,799200,5409792.0000,3
2025-07-29,20250729141500000,sz.002225,6.7500,6.7900,6.7500,6.7700,706900,4779072.0000,3
2025-07-29,20250729142000000,sz.002225,6.7600,6.8100,6.7600,6.8100,884900,6007360.0000,3
2025-07-29,20250729142500000,sz.002225,6.8100,6.8100,6.7800,6.8000,956200,6494144.0000,3
2025-07-29,20250729143000000,sz.002225,6.7900,6.8100,6.7900,6.8000,579800,3940160.0000,3
2025-07-29,20250729143500000,sz.002225,6.8000,6.8100,6.7900,6.7900,1047100,7117568.0000,3
2025-07-29,20250729144000000,sz.002225,6.8000,6.8100,6.7800,6.8000,463500,3149568.0000,3
2025-07-29,20250729144500000,sz.002225,6.8000,6.8200,6.7800,6.7800,3047100,20676480.0000,3
2025-07-29,20250729145000000,sz.002225,6.7600,6.7800,6.7500,6.7600,1951800,13186560.0000,3
2025-07-29,20250729145500000,sz.002225,6.7500,6.7700,6.7400,6.7400,2216800,14976000.0000,3
2025-07-29,20250729150000000,sz.002225,6.7400,6.7500,6.7300,6.7300,1420800,9572864.0000,3
2025-07-30,20250730093500000,sz.002225,6.7800,6.9700,6.7000,6.9600,10846600,74423280.0000,3
2025-07-30,20250730094000000,sz.002225,6.9600,6.9600,6.8700,6.9100,4459000,30834816.0000,3
2025-07-30,20250730094500000,sz.002225,6.9000,6.9500,6.8300,6.8900,4003900,27557384.0000,3
2025-07-30,20250730095000000,sz.002225,6.8900,6.9900,6.8800,6.9800,4789600,33240376.0000,3
2025-07-30,20250730095500000,sz.002225,6.9700,6.9800,6.8800,6.8900,2918000,20219552.0000,3
2025-07-30,20250730100000000,sz.002225,6.8800,6.8900,6.8400,6.8500,1157700,7941856.0000,3
2025-07-30,20250730100500000,sz.002225,6.8500,6.9100,6.8300,6.9100,1552400,10649968.0000,3
2025-07-30,20250730101000000,sz.002225,6.9100,6.9600,6.8900,6.9500,1980700,13711360.0000,3
2025-07-30,20250730101500000,sz.002225,6.9600,6.9700,6.9100,6.9200,2424300,16849568.0000,3
2025-07-30,20250730102000000,sz.002225,6.9000,6.9100,6.8500,6.8600,821200,5643072.0000,3
2025-07-30,20250730102500000,sz.002225,6.8500,6.9300,6.8400,6.9000,1260000,8683984.0000,3
2025-07-30,20250730103000000,sz.002225,6.8900,7.0400,6.8900,7.0400,5135700,35892688.0000,3
2025-07-30,20250730103500000,sz.002225,7.0500,7.0500,6.9800,7.0100,1704900,11961920.0000,3
2025-07-30,20250730104000000,sz.002225,7.0100,7.0100,6.9300,6.9400,776300,5404896.0000,3
2025-07-30,20250730104500000,sz.002225,6.9300,6.9400,6.9200,6.9300,619300,4287552.0000,3
2025-07-30,20250730105000000,sz.002225,6.9200,6.9300,6.9000,6.9100,600000,4149184.0000,3
2025-07-30,20250730105500000,sz.002225,6.9000,6.9100,6.8900,6.8900,804000,5545280.0000,3
2025-07-30,20250730110000000,sz.002225,6.8900,6.9300,6.8900,6.9300,1068500,7383552.0000,3
2025-07-30,20250730110500000,sz.002225,6.9400,7.0300,6.9300,7.0100,2039200,14254656.0000,3
2025-07-30,20250730111000000,sz.002225,7.0000,7.0000,6.9700,6.9900,747000,5219104.0000,3
2025-07-30,20250730111500000,sz.002225,6.9900,7.0100,6.9500,6.9500,759900,5308544.0000,3
2025-07-30,20250730112000000,sz.002225,6.9600,6.9800,6.9500,6.9500,579100,4032992.0000,3
2025-07-30,20250730112500000,sz.002225,6.9600,6.9800,6.9500,6.9600,594900,4142720.0000,3
2025-07-30,20250730113000000,sz.002225,6.9600,6.9900,6.9500,6.9500,802900,5596416.0000,3
2025-07-30,20250730130500000,sz.002225,6.9600,6.9600,6.9200,6.9400,1077600,7483104.0000,3
2025-07-30,20250730131000000,sz.002225,6.9500,6.9500,6.9100,6.9300,651500,4510528.0000,3
2025-07-30,20250730131500000,sz.002225,6.9400,7.0200,6.9200,7.0100,986200,6884576.0000,3
2025-07-30,20250730132000000,sz.002225,7.0300,7.1200,7.0100,7.0600,3823300,27051200.0000,3
2025-07-30,20250730132500000,sz.002225,7.0600,7.1400,7.0500,7.1400,3077900,21867808.0000,3
2025-07-30,20250730133000000,sz.002225,7.1400,7.1600,7.1200,7.1500,2952800,21110176.0000,3
2025-07-30,20250730133500000,sz.002225,7.1400,7.1800,7.1100,7.1300,2424300,17312320.0000,3
2025-07-30,20250730134000000,sz.002225,7.1300,7.1600,7.0900,7.0900,2164300,15431968.0000,3
2025-07-30,20250730134500000,sz.002225,7.0900,7.0900,7.0500,7.0600,1033200,7305088.0000,3
2025-07-30,20250730135000000,sz.002225,7.0600,7.1100,7.0500,7.0800,1350400,9562688.0000,3
2025-07-30,20250730135500000,sz.002225,7.0800,7.0900,7.0400,7.0600,1231200,8698080.0000,3
2025-07-30,20250730140000000,sz.002225,7.0700,7.0700,7.0300,7.0400,847600,5971744.0000,3
2025-07-30,20250730140500000,sz.002225,7.0500,7.0700,7.0200,7.0200,1365900,9625568.0000,3
2025-07-30,20250730141000000,sz.002225,7.0300,7.1400,7.0200,7.1300,1558800,11040444.0000,3
2025-07-30,20250730141500000,sz.002225,7.1500,7.1600,7.0900,7.1600,3289300,23475396.0000,3
2025-07-30,20250730142000000,sz.002225,7.1500,7.2300,7.1500,7.1700,3108300,22323648.0000,3
2025-07-30,20250730142500000,sz.002225,7.1700,7.2300,7.1500,7.2300,1847900,13279360.0000,3
2025-07-30,20250730143000000,sz.002225,7.2400,7.2500,7.1900,7.2100,2810200,20290560.0000,3
2025-07-30,20250730143500000,sz.002225,7.2200,7.2400,7.2100,7.2300,1656700,11961728.0000,3
2025-07-30,20250730144000000,sz.002225,7.2200,7.2600,7.2100,7.2500,3133100,22669696.0000,3
2025-07-30,20250730144500000,sz.002225,7.2600,7.2600,7.1400,7.1500,4323700,31172224.0000,3
2025-07-30,20250730145000000,sz.002225,7.1700,7.1700,7.1200,7.1700,3407700,24320640.0000,3
2025-07-30,20250730145500000,sz.002225,7.1800,7.1800,7.1400,7.1600,1848200,13227584.0000,3
2025-07-30,20250730150000000,sz.002225,7.1600,7.2100,7.1600,7.1700,2034000,14594752.0000,3
2025-07-31,20250731093500000,sz.002225,7.3200,7.3200,7.0800,7.1300,8199000,58864784.0000,3
2025-07-31,20250731094000000,sz.002225,7.1300,7.2300,7.1100,7.1800,3890100,27940776.0000,3
2025-07-31,20250731094500000,sz.002225,7.1900,7.2100,7.1200,7.1200,2218300,15865328.0000,3
2025-07-31,20250731095000000,sz.002225,7.1300,7.2200,7.1200,7.1400,2685000,19212400.0000,3
2025-07-31,20250731095500000,sz.002225,7.1400,7.1600,7.0800,7.0800,2700100,19225176.0000,3
2025-07-31,20250731100000000,sz.002225,7.0800,7.0900,7.0600,7.0800,1746100,12357440.0000,3
2025-07-31,20250731100500000,sz.002225,7.0800,7.0900,7.0000,7.0200,4422900,31099600.0000,3
2025-07-31,20250731101000000,sz.002225,7.0200,7.0500,7.0000,7.0400,1970200,13857792.0000,3
2025-07-31,20250731101500000,sz.002225,7.0400,7.0400,7.0200,7.0300,1119300,7865760.0000,3
2025-07-31,20250731102000000,sz.002225,7.0300,7.0500,6.9800,6.9800,1634700,11460416.0000,3
2025-07-31,20250731102500000,sz.002225,6.9800,7.0100,6.9800,7.0000,990100,6923520.0000,3
2025-07-31,20250731103000000,sz.002225,6.9900,7.0000,6.9700,6.9700,1183400,8261008.0000,3
2025-07-31,20250731103500000,sz.002225,6.9800,7.0000,6.9700,6.9900,767900,5359728.0000,3
2025-07-31,20250731104000000,sz.002225,6.9900,7.0000,6.9500,6.9600,1248800,8700624.0000,3
2025-07-31,20250731104500000,sz.002225,6.9600,6.9700,6.9500,6.9600,927400,6450352.0000,3
2025-07-31,20250731105000000,sz.002225,6.9700,6.9700,6.9500,6.9500,613900,4272544.0000,3
2025-07-31,20250731105500000,sz.002225,6.9600,6.9900,6.9500,6.9900,781800,5444704.0000,3
2025-07-31,20250731110000000,sz.002225,6.9900,7.0100,6.9800,6.9900,1115900,7803392.0000,3
2025-07-31,20250731110500000,sz.002225,6.9900,7.0100,6.9700,6.9800,1170100,8184032.0000,3
2025-07-31,20250731111000000,sz.002225,6.9800,7.0200,6.9700,7.0100,824200,5768352.0000,3
2025-07-31,20250731111500000,sz.002225,7.0100,7.0500,7.0000,7.0400,976600,6865280.0000,3
2025-07-31,20250731112000000,sz.002225,7.0500,7.0600,7.0300,7.0300,1067900,7520480.0000,3
2025-07-31,20250731112500000,sz.002225,7.0300,7.0400,7.0000,7.0100,549100,3852832.0000,3
2025-07-31,20250731113000000,sz.002225,7.0100,7.0300,7.0000,7.0200,556300,3903168.0000,3
2025-07-31,20250731130500000,sz.002225,7.0200,7.0500,7.0200,7.0200,808300,5682560.0000,3
2025-07-31,20250731131000000,sz.002225,7.0200,7.0300,7.0000,7.0200,595500,4177600.0000,3
2025-07-31,20250731131500000,sz.002225,7.0300,7.0800,7.0100,7.0700,1265600,8917472.0000,3
2025-07-31,20250731132000000,sz.002225,7.0700,7.1500,7.0500,7.1500,1941300,13770240.0000,3
2025-07-31,20250731132500000,sz.002225,7.1500,7.2100,7.1400,7.2100,3023700,21675392.0000,3
2025-07-31,20250731133000000,sz.002225,7.2100,7.2100,7.1500,7.1600,1787500,12835936.0000,3
2025-07-31,20250731133500000,sz.002225,7.1600,7.1900,7.1400,7.1600,1415500,10144704.0000,3
2025-07-31,20250731134000000,sz.002225,7.1600,7.1700,7.1200,7.1500,959000,6851488.0000,3
2025-07-31,20250731134500000,sz.002225,7.1500,7.1700,7.1400,7.1700,785800,5625472.0000,3
2025-07-31,20250731135000000,sz.002225,7.1700,7.2200,7.1700,7.2000,1599400,11508736.0000,3
2025-07-31,20250731135500000,sz.002225,7.1800,7.1900,7.1500,7.1700,1089500,7810912.0000,3
2025-07-31,20250731140000000,sz.002225,7.1600,7.1900,7.1500,7.1700,722100,5175040.0000,3
2025-07-31,20250731140500000,sz.002225,7.1800,7.2300,7.1500,7.2000,1951200,14020288.0000,3
2025-07-31,20250731141000000,sz.002225,7.2000,7.2400,7.1800,7.2000,1145900,8256512.0000,3
2025-07-31,20250731141500000,sz.002225,7.1900,7.2200,7.1700,7.1800,783400,5638784.0000,3
2025-07-31,20250731142000000,sz.002225,7.1800,7.1900,7.1600,7.1700,775500,5562240.0000,3
2025-07-31,20250731142500000,sz.002225,7.1700,7.1800,7.1500,7.1700,1178200,8440864.0000,3
2025-07-31,20250731143000000,sz.002225,7.1700,7.1800,7.1500,7.1700,943200,6755424.0000,3
2025-07-31,20250731143500000,sz.002225,7.1700,7.1700,7.1300,7.1600,1104600,7903712.0000,3
2025-07-31,20250731144000000,sz.002225,7.1700,7.1800,7.1500,7.1500,890200,6377472.0000,3
2025-07-31,20250731144500000,sz.002225,7.1600,7.1900,7.1500,7.1800,1558400,11181344.0000,3
2025-07-31,20250731145000000,sz.002225,7.1800,7.2000,7.1700,7.2000,1935300,13909472.0000,3
2025-07-31,20250731145500000,sz.002225,7.2000,7.2200,7.1900,7.2200,2251600,16221792.0000,3
2025-07-31,20250731150000000,sz.002225,7.2000,7.2200,7.1900,7.2000,1775400,12787879.0000,3
2025-08-01,20250801093500000,sz.002225,7.1000,7.1800,7.1000,7.1600,2923400,20900432.0000,3
2025-08-01,20250801094000000,sz.002225,7.1800,7.2100,7.1600,7.1800,1934100,13887600.0000,3
2025-08-01,20250801094500000,sz.002225,7.2000,7.2100,7.1400,7.1500,2481200,17804204.0000,3
2025-08-01,20250801095000000,sz.002225,7.1500,7.1700,7.1500,7.1500,733400,5250156.0000,3
2025-08-01,20250801095500000,sz.002225,7.1600,7.1600,7.1300,7.1600,969400,6930332.0000,3
2025-08-01,20250801100000000,sz.002225,7.1500,7.1800,7.1500,7.1500,787500,5638300.0000,3
2025-08-01,20250801100500000,sz.002225,7.1500,7.1700,7.1500,7.1600,840000,6016592.0000,3
2025-08-01,20250801101000000,sz.002225,7.1600,7.1800,7.1500,7.1600,1124700,8056816.0000,3
2025-08-01,20250801101500000,sz.002225,7.1700,7.1700,7.1300,7.1300,1597000,11411888.0000,3
2025-08-01,20250801102000000,sz.002225,7.1300,7.1500,7.1200,7.1200,907300,6471104.0000,3
2025-08-01,20250801102500000,sz.002225,7.1200,7.1300,7.0800,7.0900,1316100,9343904.0000,3
2025-08-01,20250801103000000,sz.002225,7.0900,7.0900,7.0300,7.0500,2482700,17509480.0000,3
2025-08-01,20250801103500000,sz.002225,7.0600,7.0900,7.0500,7.0700,1725400,12190120.0000,3
2025-08-01,20250801104000000,sz.002225,7.0700,7.0900,7.0600,7.0900,502100,3554032.0000,3
2025-08-01,20250801104500000,sz.002225,7.0900,7.0900,7.0700,7.0800,547900,3881728.0000,3
2025-08-01,20250801105000000,sz.002225,7.0900,7.0900,7.0700,7.0700,638800,4523904.0000,3
2025-08-01,20250801105500000,sz.002225,7.0700,7.0800,7.0600,7.0600,646100,4567312.0000,3
2025-08-01,20250801110000000,sz.002225,7.0600,7.0900,7.0600,7.0800,526700,3727232.0000,3
2025-08-01,20250801110500000,sz.002225,7.0900,7.0900,7.0400,7.0500,483100,3410032.0000,3
2025-08-01,20250801111000000,sz.002225,7.0600,7.0700,7.0500,7.0600,494900,3493760.0000,3
2025-08-01,20250801111500000,sz.002225,7.0600,7.0800,7.0600,7.0800,387100,2737184.0000,3
2025-08-01,20250801112000000,sz.002225,7.0800,7.1100,7.0700,7.1100,512000,3631440.0000,3
2025-08-01,20250801112500000,sz.002225,7.1100,7.1600,7.1000,7.1600,719500,5131488.0000,3
2025-08-01,20250801113000000,sz.002225,7.1500,7.1800,7.1500,7.1700,1161000,8321328.0000,3
2025-08-01,20250801130500000,sz.002225,7.1700,7.2500,7.1700,7.2200,2893800,20873440.0000,3
2025-08-01,20250801131000000,sz.002225,7.2200,7.2300,7.1800,7.2100,833500,6002496.0000,3
2025-08-01,20250801131500000,sz.002225,7.2100,7.2200,7.1800,7.1900,1773900,12761424.0000,3
2025-08-01,20250801132000000,sz.002225,7.2000,7.2000,7.1500,7.1600,591000,4237952.0000,3
2025-08-01,20250801132500000,sz.002225,7.1600,7.1700,7.1400,7.1400,328500,2350128.0000,3
2025-08-01,20250801133000000,sz.002225,7.1400,7.1400,7.0900,7.0900,1037200,7377200.0000,3
2025-08-01,20250801133500000,sz.002225,7.0900,7.1100,7.0700,7.0700,765800,5425904.0000,3
2025-08-01,20250801134000000,sz.002225,7.0700,7.0900,7.0700,7.0700,493100,3489488.0000,3
2025-08-01,20250801134500000,sz.002225,7.0800,7.0800,7.0600,7.0700,637000,4504864.0000,3
2025-08-01,20250801135000000,sz.002225,7.0700,7.0900,7.0700,7.0800,567900,4020480.0000,3
2025-08-01,20250801135500000,sz.002225,7.0800,7.0800,7.0400,7.0400,850500,6006048.0000,3
2025-08-01,20250801140000000,sz.002225,7.0400,7.0800,7.0300,7.0600,1775400,12516016.0000,3
2025-08-01,20250801140500000,sz.002225,7.0700,7.0700,7.0300,7.0400,934900,6590336.0000,3
2025-08-01,20250801141000000,sz.002225,7.0300,7.0600,7.0300,7.0500,669700,4717248.0000,3
2025-08-01,20250801141500000,sz.002225,7.0500,7.0600,7.0400,7.0400,599600,4227424.0000,3
2025-08-01,20250801142000000,sz.002225,7.0500,7.0500,7.0200,7.0200,1273200,8956960.0000,3
2025-08-01,20250801142500000,sz.002225,7.0200,7.0300,7.0000,7.0000,1715600,12026784.0000,3
2025-08-01,20250801143000000,sz.002225,7.0100,7.0100,7.0000,7.0000,1149900,8052032.0000,3
2025-08-01,20250801143500000,sz.002225,7.0000,7.0100,6.9900,7.0100,1056800,7396416.0000,3
2025-08-01,20250801144000000,sz.002225,7.0000,7.0100,7.0000,7.0000,942100,6598368.0000,3
2025-08-01,20250801144500000,sz.002225,7.0000,7.0100,7.0000,7.0100,751000,5262112.0000,3
2025-08-01,20250801145000000,sz.002225,7.0100,7.0200,7.0000,7.0000,1601200,11224256.0000,3
2025-08-01,20250801145500000,sz.002225,7.0000,7.0100,6.9900,7.0000,1360800,9524128.0000,3
2025-08-01,20250801150000000,sz.002225,6.9900,7.0000,6.9800,7.0000,1339100,9363520.0000,3
2025-08-04,20250804093500000,sz.002225,6.9300,6.9800,6.8800,6.9600,3795800,26283090.0000,3
2025-08-04,20250804094000000,sz.002225,6.9600,7.2200,6.9500,7.1800,7016700,50104894.0000,3
2025-08-04,20250804094500000,sz.002225,7.1700,7.1700,6.9900,7.0000,3312800,23444032.0000,3
2025-08-04,20250804095000000,sz.002225,6.9900,7.0200,6.9700,6.9900,2785800,19477456.0000,3
2025-08-04,20250804095500000,sz.002225,7.0000,7.0100,6.9200,6.9900,3012900,21000176.0000,3
2025-08-04,20250804100000000,sz.002225,6.9900,6.9900,6.9500,6.9500,1056300,7358272.0000,3
2025-08-04,20250804100500000,sz.002225,6.9400,6.9500,6.9200,6.9300,2023700,14025344.0000,3
2025-08-04,20250804101000000,sz.002225,6.9300,6.9600,6.9200,6.9500,860800,5971152.0000,3
2025-08-04,20250804101500000,sz.002225,6.9500,6.9600,6.9300,6.9400,1405100,9746496.0000,3
2025-08-04,20250804102000000,sz.002225,6.9300,6.9400,6.8900,6.9400,2297500,15879456.0000,3
2025-08-04,20250804102500000,sz.002225,6.9300,6.9400,6.9200,6.9200,615100,4262976.0000,3
2025-08-04,20250804103000000,sz.002225,6.9200,6.9700,6.9200,6.9500,1036400,7196640.0000,3
2025-08-04,20250804103500000,sz.002225,6.9500,6.9500,6.9100,6.9100,706100,4886848.0000,3
2025-08-04,20250804104000000,sz.002225,6.9200,6.9400,6.9000,6.9000,691200,4778400.0000,3
2025-08-04,20250804104500000,sz.002225,6.9000,6.9200,6.9000,6.9000,545700,3769072.0000,3
2025-08-04,20250804105000000,sz.002225,6.9000,6.9700,6.9000,6.9700,1416500,9877216.0000,3
2025-08-04,20250804105500000,sz.002225,6.9800,7.0400,6.9800,6.9900,1135900,7956192.0000,3
2025-08-04,20250804110000000,sz.002225,6.9900,7.0200,6.9700,6.9800,556400,3891360.0000,3
2025-08-04,20250804110500000,sz.002225,6.9800,6.9900,6.9500,6.9800,515700,3596784.0000,3
2025-08-04,20250804111000000,sz.002225,6.9800,7.0000,6.9700,6.9800,368600,2573264.0000,3
2025-08-04,20250804111500000,sz.002225,6.9800,7.0000,6.9800,6.9800,434300,3035360.0000,3
2025-08-04,20250804112000000,sz.002225,6.9800,6.9900,6.9700,6.9700,323600,2258512.0000,3
2025-08-04,20250804112500000,sz.002225,6.9700,6.9900,6.9700,6.9800,192700,1344752.0000,3
2025-08-04,20250804113000000,sz.002225,6.9800,6.9800,6.9600,6.9600,273800,1907920.0000,3
2025-08-04,20250804130500000,sz.002225,6.9700,6.9900,6.9400,6.9400,642500,4473840.0000,3
2025-08-04,20250804131000000,sz.002225,6.9400,7.0200,6.9400,7.0000,585100,4084944.0000,3
2025-08-04,20250804131500000,sz.002225,7.0000,7.0000,6.9700,6.9700,510900,3569200.0000,3
2025-08-04,20250804132000000,sz.002225,6.9700,6.9900,6.9600,6.9900,415200,2895856.0000,3
2025-08-04,20250804132500000,sz.002225,6.9900,7.0000,6.9700,7.0000,466600,3260000.0000,3
2025-08-04,20250804133000000,sz.002225,7.0000,7.0000,6.9900,6.9900,150800,1054624.0000,3
2025-08-04,20250804133500000,sz.002225,6.9900,7.0000,6.9800,6.9800,432500,3023136.0000,3
2025-08-04,20250804134000000,sz.002225,6.9800,6.9800,6.9700,6.9800,472700,3297120.0000,3
2025-08-04,20250804134500000,sz.002225,6.9800,7.0100,6.9700,7.0000,727400,5081728.0000,3
2025-08-04,20250804135000000,sz.002225,7.0000,7.0100,6.9900,6.9900,332400,2326848.0000,3
2025-08-04,20250804135500000,sz.002225,6.9900,6.9900,6.9700,6.9800,579800,4048064.0000,3
2025-08-04,20250804140000000,sz.002225,6.9700,6.9800,6.9600,6.9800,391500,2729632.0000,3
2025-08-04,20250804140500000,sz.002225,6.9700,7.0200,6.9700,7.0100,1547200,10817664.0000,3
2025-08-04,20250804141000000,sz.002225,7.0100,7.0400,7.0100,7.0300,1111900,7811264.0000,3
2025-08-04,20250804141500000,sz.002225,7.0300,7.0500,7.0200,7.0300,420600,2959232.0000,3
2025-08-04,20250804142000000,sz.002225,7.0300,7.0300,7.0100,7.0100,479800,3368992.0000,3
2025-08-04,20250804142500000,sz.002225,7.0100,7.0200,7.0100,7.0100,500100,3507648.0000,3
2025-08-04,20250804143000000,sz.002225,7.0100,7.0300,7.0000,7.0200,740500,5193600.0000,3
2025-08-04,20250804143500000,sz.002225,7.0200,7.0500,7.0100,7.0400,1173300,8251328.0000,3
2025-08-04,20250804144000000,sz.002225,7.0400,7.0600,7.0300,7.0400,790400,5566592.0000,3
2025-08-04,20250804144500000,sz.002225,7.0400,7.0600,7.0300,7.0400,843800,5943424.0000,3
2025-08-04,20250804145000000,sz.002225,7.0400,7.0500,7.0300,7.0400,802900,5655552.0000,3
2025-08-04,20250804145500000,sz.002225,7.0400,7.0600,7.0300,7.0400,1017300,7164512.0000,3
2025-08-04,20250804150000000,sz.002225,7.0500,7.0600,7.0400,7.0600,629000,4434272.0000,3
2025-08-05,20250805093500000,sz.002225,7.0400,7.0600,6.9900,7.0500,2459100,17267136.0000,3
2025-08-05,20250805094000000,sz.002225,7.0300,7.1100,7.0300,7.0500,1943000,13749164.0000,3
2025-08-05,20250805094500000,sz.002225,7.0500,7.0700,7.0400,7.0600,950200,6699184.0000,3
2025-08-05,20250805095000000,sz.002225,7.0600,7.0800,7.0400,7.0600,642500,4529564.0000,3
2025-08-05,20250805095500000,sz.002225,7.0600,7.1100,7.0500,7.0900,1317000,9327280.0000,3
2025-08-05,20250805100000000,sz.002225,7.1000,7.1000,7.0700,7.0800,1109500,7866148.0000,3
2025-08-05,20250805100500000,sz.002225,7.0800,7.0900,7.0500,7.0500,823500,5823196.0000,3
2025-08-05,20250805101000000,sz.002225,7.0600,7.0900,7.0400,7.0900,705700,4982040.0000,3
2025-08-05,20250805101500000,sz.002225,7.0800,7.1700,7.0800,7.1400,1546800,11019344.0000,3
2025-08-05,20250805102000000,sz.002225,7.1500,7.1500,7.1000,7.1000,918300,6542024.0000,3
2025-08-05,20250805102500000,sz.002225,7.1000,7.1000,7.0500,7.0700,735300,5202216.0000,3
2025-08-05,20250805103000000,sz.002225,7.0600,7.0700,7.0400,7.0400,687600,4847432.0000,3
2025-08-05,20250805103500000,sz.002225,7.0500,7.0600,7.0300,7.0400,374300,2635960.0000,3
2025-08-05,20250805104000000,sz.002225,7.0500,7.0800,7.0500,7.0700,411800,2907240.0000,3
2025-08-05,20250805104500000,sz.002225,7.0700,7.1000,7.0700,7.0700,449800,3186856.0000,3
2025-08-05,20250805105000000,sz.002225,7.0800,7.0800,7.0600,7.0700,290200,2052384.0000,3
2025-08-05,20250805105500000,sz.002225,7.0700,7.0800,7.0600,7.0600,450900,3186368.0000,3
2025-08-05,20250805110000000,sz.002225,7.0700,7.0800,7.0600,7.0600,553500,3911736.0000,3
2025-08-05,20250805110500000,sz.002225,7.0700,7.0800,7.0600,7.0600,280900,1984648.0000,3
2025-08-05,20250805111000000,sz.002225,7.0600,7.0600,7.0400,7.0500,475500,3353584.0000,3
2025-08-05,20250805111500000,sz.002225,7.0400,7.0500,7.0300,7.0400,282000,1985424.0000,3
2025-08-05,20250805112000000,sz.002225,7.0400,7.0400,7.0300,7.0300,462500,3252072.0000,3
2025-08-05,20250805112500000,sz.002225,7.0300,7.0500,7.0300,7.0400,255100,1795656.0000,3
2025-08-05,20250805113000000,sz.002225,7.0500,7.0700,7.0400,7.0600,449100,3167760.0000,3
2025-08-05,20250805130500000,sz.002225,7.0600,7.0700,7.0400,7.0500,550000,3879168.0000,3
2025-08-05,20250805131000000,sz.002225,7.0500,7.0500,7.0300,7.0400,707300,4976608.0000,3
2025-08-05,20250805131500000,sz.002225,7.0400,7.1100,7.0300,7.1000,890600,6291984.0000,3
2025-08-05,20250805132000000,sz.002225,7.0900,7.1100,7.0800,7.0800,863000,6118096.0000,3
2025-08-05,20250805132500000,sz.002225,7.0800,7.1200,7.0700,7.1100,762900,5414928.0000,3
2025-08-05,20250805133000000,sz.002225,7.1000,7.1100,7.0800,7.1000,495100,3510576.0000,3
2025-08-05,20250805133500000,sz.002225,7.0900,7.1300,7.0900,7.1200,922500,6561440.0000,3
2025-08-05,20250805134000000,sz.002225,7.1100,7.1200,7.0900,7.1000,1254500,8914544.0000,3
2025-08-05,20250805134500000,sz.002225,7.0900,7.1000,7.0800,7.0800,437800,3103872.0000,3
2025-08-05,20250805135000000,sz.002225,7.0800,7.1000,7.0800,7.0900,464300,3290448.0000,3
2025-08-05,20250805135500000,sz.002225,7.0900,7.1000,7.0800,7.0800,396900,2813312.0000,3
2025-08-05,20250805140000000,sz.002225,7.0800,7.0800,7.0700,7.0700,447800,3167200.0000,3
2025-08-05,20250805140500000,sz.002225,7.0800,7.0800,7.0700,7.0700,465300,3290864.0000,3
2025-08-05,20250805141000000,sz.002225,7.0600,7.0700,7.0600,7.0700,590100,4168096.0000,3
2025-08-05,20250805141500000,sz.002225,7.0700,7.0800,7.0600,7.0800,363300,2569424.0000,3
2025-08-05,20250805142000000,sz.002225,7.0700,7.0800,7.0600,7.0700,349500,2471392.0000,3
2025-08-05,20250805142500000,sz.002225,7.0800,7.0800,7.0600,7.0700,233100,1647408.0000,3
2025-08-05,20250805143000000,sz.002225,7.0700,7.0700,7.0500,7.0500,507500,3582816.0000,3
2025-08-05,20250805143500000,sz.002225,7.0600,7.0700,7.0500,7.0700,710700,5015232.0000,3
2025-08-05,20250805144000000,sz.002225,7.0600,7.0700,7.0500,7.0500,419800,2964224.0000,3
2025-08-05,20250805144500000,sz.002225,7.0600,7.0700,7.0400,7.0500,628700,4434608.0000,3
2025-08-05,20250805145000000,sz.002225,7.0500,7.0600,7.0500,7.0600,695800,4910912.0000,3
2025-08-05,20250805145500000,sz.002225,7.0600,7.0700,7.0500,7.0500,805500,5686656.0000,3
2025-08-05,20250805150000000,sz.002225,7.0600,7.0700,7.0500,7.0700,396600,2800880.0000,3
2025-08-06,20250806093500000,sz.002225,7.0600,7.2300,7.0400,7.1300,4590100,32982106.0000,3
2025-08-06,20250806094000000,sz.002225,7.1300,7.2600,7.1200,7.2600,2599500,18717822.0000,3
2025-08-06,20250806094500000,sz.002225,7.2600,7.2700,7.2300,7.2500,2183300,15835504.0000,3
2025-08-06,20250806095000000,sz.002225,7.2400,7.2700,7.2100,7.2300,1205800,8734648.0000,3
2025-08-06,20250806095500000,sz.002225,7.2300,7.2900,7.2300,7.2900,2076300,15084664.0000,3
2025-08-06,20250806100000000,sz.002225,7.2800,7.4100,7.2800,7.3600,4301700,31604496.0000,3
2025-08-06,20250806100500000,sz.002225,7.3700,7.4100,7.3600,7.3800,3556800,26271448.0000,3
2025-08-06,20250806101000000,sz.002225,7.3700,7.3900,7.3300,7.3900,2187600,16100448.0000,3
2025-08-06,20250806101500000,sz.002225,7.3800,7.4200,7.3600,7.3900,1749500,12932112.0000,3
2025-08-06,20250806102000000,sz.002225,7.3900,7.4000,7.3300,7.3300,869300,6402384.0000,3
2025-08-06,20250806102500000,sz.002225,7.3300,7.3600,7.3100,7.3300,1619800,11847520.0000,3
2025-08-06,20250806103000000,sz.002225,7.3200,7.3500,7.3100,7.3100,672700,4925904.0000,3
2025-08-06,20250806103500000,sz.002225,7.3200,7.3200,7.2800,7.2800,1110400,8102944.0000,3
2025-08-06,20250806104000000,sz.002225,7.2800,7.2800,7.2300,7.2700,1793800,13006320.0000,3
2025-08-06,20250806104500000,sz.002225,7.2700,7.3100,7.2400,7.3100,1136400,8268464.0000,3
2025-08-06,20250806105000000,sz.002225,7.3200,7.3400,7.3100,7.3400,720300,5270816.0000,3
2025-08-06,20250806105500000,sz.002225,7.3400,7.3500,7.3300,7.3300,640200,4698800.0000,3
2025-08-06,20250806110000000,sz.002225,7.3300,7.3900,7.3200,7.3900,981300,7227312.0000,3
2025-08-06,20250806110500000,sz.002225,7.3900,7.4600,7.3600,7.4500,2807700,20822064.0000,3
2025-08-06,20250806111000000,sz.002225,7.4500,7.5400,7.4400,7.5300,3068600,23034144.0000,3
2025-08-06,20250806111500000,sz.002225,7.5300,7.5400,7.4800,7.4900,1170400,8780832.0000,3
2025-08-06,20250806112000000,sz.002225,7.4900,7.5000,7.4400,7.4500,1219000,9103968.0000,3
2025-08-06,20250806112500000,sz.002225,7.4400,7.5700,7.4300,7.5600,2787500,21000928.0000,3
2025-08-06,20250806113000000,sz.002225,7.5500,7.5500,7.4600,7.4600,638500,4783168.0000,3
2025-08-06,20250806130500000,sz.002225,7.4600,7.4600,7.4100,7.4300,2103200,15633696.0000,3
2025-08-06,20250806131000000,sz.002225,7.4100,7.5100,7.4000,7.4800,1653900,12302496.0000,3
2025-08-06,20250806131500000,sz.002225,7.4800,7.4900,7.4300,7.4700,1239400,9246016.0000,3
2025-08-06,20250806132000000,sz.002225,7.4700,7.5100,7.4700,7.4900,449300,3364576.0000,3
2025-08-06,20250806132500000,sz.002225,7.4800,7.4900,7.4700,7.4700,1012600,7572096.0000,3
2025-08-06,20250806133000000,sz.002225,7.4800,7.4900,7.4400,7.4400,521400,3895968.0000,3
2025-08-06,20250806133500000,sz.002225,7.4400,7.4500,7.4200,7.4400,649000,4826528.0000,3
2025-08-06,20250806134000000,sz.002225,7.4400,7.4500,7.4200,7.4300,378100,2810080.0000,3
2025-08-06,20250806134500000,sz.002225,7.4200,7.4400,7.4200,7.4400,205800,1529856.0000,3
2025-08-06,20250806135000000,sz.002225,7.4400,7.4500,7.4300,7.4300,362000,2693088.0000,3
2025-08-06,20250806135500000,sz.002225,7.4300,7.4500,7.4300,7.4500,492900,3666240.0000,3
2025-08-06,20250806140000000,sz.002225,7.4500,7.4700,7.4400,7.4600,284800,2122176.0000,3
2025-08-06,20250806140500000,sz.002225,7.4600,7.5900,7.4500,7.5100,3535700,26667392.0000,3
2025-08-06,20250806141000000,sz.002225,7.5200,7.5200,7.4500,7.4700,1247200,9310624.0000,3
2025-08-06,20250806141500000,sz.002225,7.4700,7.4900,7.4600,7.4800,587200,4389344.0000,3
2025-08-06,20250806142000000,sz.002225,7.4800,7.4900,7.4600,7.4800,399700,2990816.0000,3
2025-08-06,20250806142500000,sz.002225,7.4700,7.4900,7.4700,7.4800,423200,3165568.0000,3
2025-08-06,20250806143000000,sz.002225,7.4900,7.5000,7.4800,7.5000,385800,2890240.0000,3
2025-08-06,20250806143500000,sz.002225,7.5000,7.5200,7.4800,7.5100,645900,4843008.0000,3
2025-08-06,20250806144000000,sz.002225,7.5100,7.5700,7.5100,7.5100,1240100,9360384.0000,3
2025-08-06,20250806144500000,sz.002225,7.5200,7.5300,7.5100,7.5200,554700,4169344.0000,3
2025-08-06,20250806145000000,sz.002225,7.5200,7.5300,7.5100,7.5300,685400,5152256.0000,3
2025-08-06,20250806145500000,sz.002225,7.5300,7.5600,7.5200,7.5500,1864700,14057728.0000,3
2025-08-06,20250806150000000,sz.002225,7.5600,7.5600,7.5100,7.5300,1684900,12691584.0000,3
2025-08-07,20250807093500000,sz.002225,7.5400,7.5400,7.3600,7.4100,4423000,32858060.0000,3
2025-08-07,20250807094000000,sz.002225,7.4200,7.5200,7.4000,7.5200,2925000,21866488.0000,3
2025-08-07,20250807094500000,sz.002225,7.5200,7.5400,7.5000,7.5300,2177200,16371404.0000,3
2025-08-07,20250807095000000,sz.002225,7.5200,7.5300,7.4900,7.5000,1615400,12134272.0000,3
2025-08-07,20250807095500000,sz.002225,7.5000,7.5400,7.4800,7.5000,1856500,13945584.0000,3
2025-08-07,20250807100000000,sz.002225,7.4900,7.5300,7.4800,7.5200,1125700,8444336.0000,3
2025-08-07,20250807100500000,sz.002225,7.5200,7.5300,7.4700,7.4700,1324700,9936168.0000,3
2025-08-07,20250807101000000,sz.002225,7.4700,7.4900,7.4400,7.4600,1694700,12658312.0000,3
2025-08-07,20250807101500000,sz.002225,7.4700,7.4700,7.4300,7.4300,1247500,9299888.0000,3
2025-08-07,20250807102000000,sz.002225,7.4400,7.4500,7.4200,7.4300,1241100,9223456.0000,3
2025-08-07,20250807102500000,sz.002225,7.4300,7.4400,7.3800,7.4100,1995400,14778096.0000,3
2025-08-07,20250807103000000,sz.002225,7.4100,7.4200,7.3900,7.3900,638300,4725936.0000,3
2025-08-07,20250807103500000,sz.002225,7.3900,7.4000,7.3500,7.3500,2218500,16367776.0000,3
2025-08-07,20250807104000000,sz.002225,7.3600,7.4000,7.3500,7.3900,1199000,8835872.0000,3
2025-08-07,20250807104500000,sz.002225,7.4000,7.4200,7.3800,7.4100,697000,5158336.0000,3
2025-08-07,20250807105000000,sz.002225,7.4000,7.4100,7.3800,7.3800,742100,5476448.0000,3
2025-08-07,20250807105500000,sz.002225,7.3800,7.3900,7.3500,7.3700,478800,3526320.0000,3
2025-08-07,20250807110000000,sz.002225,7.3500,7.3700,7.3300,7.3600,1115700,8199376.0000,3
2025-08-07,20250807110500000,sz.002225,7.3700,7.3700,7.3400,7.3400,561800,4132368.0000,3
2025-08-07,20250807111000000,sz.002225,7.3400,7.3600,7.3400,7.3500,445000,3269408.0000,3
2025-08-07,20250807111500000,sz.002225,7.3600,7.3600,7.3100,7.3400,1332400,9768128.0000,3
2025-08-07,20250807112000000,sz.002225,7.3400,7.3800,7.3300,7.3700,604800,4446592.0000,3
2025-08-07,20250807112500000,sz.002225,7.3600,7.3700,7.3600,7.3700,243100,1791568.0000,3
2025-08-07,20250807113000000,sz.002225,7.3600,7.4100,7.3500,7.4100,846000,6231024.0000,3
2025-08-07,20250807130500000,sz.002225,7.3900,7.4000,7.3500,7.3600,969900,7146704.0000,3
2025-08-07,20250807131000000,sz.002225,7.3600,7.3900,7.3600,7.3800,545400,4027328.0000,3
2025-08-07,20250807131500000,sz.002225,7.3800,7.3800,7.3600,7.3800,519400,3829536.0000,3
2025-08-07,20250807132000000,sz.002225,7.3700,7.3800,7.3600,7.3700,440600,3248176.0000,3
2025-08-07,20250807132500000,sz.002225,7.3800,7.3800,7.3500,7.3500,586500,4317232.0000,3
2025-08-07,20250807133000000,sz.002225,7.3500,7.3500,7.3200,7.3300,959400,7032240.0000,3
2025-08-07,20250807133500000,sz.002225,7.3200,7.3300,7.3200,7.3200,798400,5847392.0000,3
2025-08-07,20250807134000000,sz.002225,7.3100,7.3500,7.3100,7.3500,833600,6107360.0000,3
2025-08-07,20250807134500000,sz.002225,7.3400,7.3500,7.3200,7.3400,674400,4946496.0000,3
2025-08-07,20250807135000000,sz.002225,7.3300,7.3500,7.3300,7.3500,656700,4823424.0000,3
2025-08-07,20250807135500000,sz.002225,7.3600,7.3700,7.3400,7.3500,759800,5585312.0000,3
2025-08-07,20250807140000000,sz.002225,7.3400,7.3600,7.3300,7.3400,624000,4582912.0000,3
2025-08-07,20250807140500000,sz.002225,7.3400,7.3500,7.3300,7.3500,1220800,8963296.0000,3
2025-08-07,20250807141000000,sz.002225,7.3400,7.3500,7.3200,7.3400,678900,4978784.0000,3
2025-08-07,20250807141500000,sz.002225,7.3500,7.3700,7.3400,7.3500,428800,3152832.0000,3
2025-08-07,20250807142000000,sz.002225,7.3600,7.3600,7.3400,7.3400,551900,4055552.0000,3
2025-08-07,20250807142500000,sz.002225,7.3400,7.3600,7.3400,7.3500,712300,5233696.0000,3
2025-08-07,20250807143000000,sz.002225,7.3400,7.3800,7.3400,7.3600,748500,5511776.0000,3
2025-08-07,20250807143500000,sz.002225,7.3600,7.3800,7.3500,7.3800,573600,4222048.0000,3
2025-08-07,20250807144000000,sz.002225,7.3600,7.3800,7.3500,7.3600,711500,5239296.0000,3
2025-08-07,20250807144500000,sz.002225,7.3600,7.3600,7.3200,7.3300,1309900,9616352.0000,3
2025-08-07,20250807145000000,sz.002225,7.3300,7.3400,7.2800,7.2900,3978400,29076672.0000,3
2025-08-07,20250807145500000,sz.002225,7.2900,7.3100,7.2800,7.2900,2277500,16611584.0000,3
2025-08-07,20250807150000000,sz.002225,7.3000,7.3200,7.2900,7.3200,976600,7134688.0000,3
2025-08-08,20250808093500000,sz.002225,7.3200,7.3500,7.2100,7.3500,3059300,22355320.0000,3
2025-08-08,20250808094000000,sz.002225,7.3400,7.4500,7.3200,7.4300,2976500,21999264.0000,3
2025-08-08,20250808094500000,sz.002225,7.4300,7.4400,7.3700,7.3800,1705200,12617212.0000,3
2025-08-08,20250808095000000,sz.002225,7.3800,7.3800,7.2700,7.2700,1840700,13467820.0000,3
2025-08-08,20250808095500000,sz.002225,7.2600,7.2900,7.2600,7.2900,896900,6517800.0000,3
2025-08-08,20250808100000000,sz.002225,7.2900,7.3400,7.2800,7.3300,1010800,7398480.0000,3
2025-08-08,20250808100500000,sz.002225,7.3300,7.3300,7.2600,7.2700,552400,4026472.0000,3
2025-08-08,20250808101000000,sz.002225,7.2600,7.2900,7.2600,7.2700,549200,3993192.0000,3
2025-08-08,20250808101500000,sz.002225,7.2600,7.2700,7.2400,7.2600,687300,4988488.0000,3
2025-08-08,20250808102000000,sz.002225,7.2600,7.2700,7.2500,7.2500,848900,6158552.0000,3
2025-08-08,20250808102500000,sz.002225,7.2400,7.3000,7.2400,7.3000,440600,3201560.0000,3
2025-08-08,20250808103000000,sz.002225,7.3000,7.3300,7.3000,7.3300,767800,5617104.0000,3
2025-08-08,20250808103500000,sz.002225,7.3300,7.3600,7.3200,7.3200,514000,3774112.0000,3
2025-08-08,20250808104000000,sz.002225,7.3200,7.3500,7.3000,7.3400,320600,2346920.0000,3
2025-08-08,20250808104500000,sz.002225,7.3300,7.3300,7.3100,7.3300,266700,1953424.0000,3
2025-08-08,20250808105000000,sz.002225,7.3300,7.3600,7.3200,7.3600,550000,4039720.0000,3
2025-08-08,20250808105500000,sz.002225,7.3600,7.4000,7.3600,7.4000,1785600,13186864.0000,3
2025-08-08,20250808110000000,sz.002225,7.3900,7.4000,7.3700,7.3900,548100,4051216.0000,3
2025-08-08,20250808110500000,sz.002225,7.3900,7.4600,7.3900,7.4300,1594900,11859600.0000,3
2025-08-08,20250808111000000,sz.002225,7.4200,7.4500,7.4100,7.4400,740300,5500752.0000,3
2025-08-08,20250808111500000,sz.002225,7.4400,7.4600,7.4300,7.4600,597500,4449008.0000,3
2025-08-08,20250808112000000,sz.002225,7.4500,7.4900,7.4500,7.4700,1219600,9114400.0000,3
2025-08-08,20250808112500000,sz.002225,7.4600,7.5000,7.4600,7.4900,368700,2758784.0000,3
2025-08-08,20250808113000000,sz.002225,7.4900,7.4900,7.4600,7.4900,333600,2494816.0000,3
2025-08-08,20250808130500000,sz.002225,7.4900,7.5300,7.4500,7.5200,1502800,11258384.0000,3
2025-08-08,20250808131000000,sz.002225,7.5200,7.5200,7.4900,7.5000,367500,2759168.0000,3
2025-08-08,20250808131500000,sz.002225,7.5000,7.5100,7.4700,7.4700,582400,4361760.0000,3
2025-08-08,20250808132000000,sz.002225,7.4700,7.5100,7.4500,7.5100,708300,5297920.0000,3
2025-08-08,20250808132500000,sz.002225,7.5100,7.5400,7.5100,7.5200,1284300,9667024.0000,3
2025-08-08,20250808133000000,sz.002225,7.5200,7.5200,7.4500,7.4900,407200,3046704.0000,3
2025-08-08,20250808133500000,sz.002225,7.4900,7.4900,7.4400,7.4500,666300,4968576.0000,3
2025-08-08,20250808134000000,sz.002225,7.4500,7.4800,7.4300,7.4700,654400,4877744.0000,3
2025-08-08,20250808134500000,sz.002225,7.4700,7.4800,7.4400,7.4500,441100,3295632.0000,3
2025-08-08,20250808135000000,sz.002225,7.4600,7.4900,7.4400,7.4400,496200,3710912.0000,3
2025-08-08,20250808135500000,sz.002225,7.4400,7.4500,7.4200,7.4400,522700,3881728.0000,3
2025-08-08,20250808140000000,sz.002225,7.4400,7.4500,7.4200,7.4400,327700,2435296.0000,3
2025-08-08,20250808140500000,sz.002225,7.4400,7.5000,7.4400,7.4900,423800,3166928.0000,3
2025-08-08,20250808141000000,sz.002225,7.4900,7.5500,7.4800,7.5300,1486000,11178752.0000,3
2025-08-08,20250808141500000,sz.002225,7.5400,7.5500,7.5200,7.5400,873500,6582560.0000,3
2025-08-08,20250808142000000,sz.002225,7.5500,7.5500,7.4600,7.4600,280300,2101568.0000,3
2025-08-08,20250808142500000,sz.002225,7.4600,7.4800,7.4600,7.4700,250500,1871072.0000,3
2025-08-08,20250808143000000,sz.002225,7.4700,7.4700,7.4400,7.4500,245800,1831936.0000,3
2025-08-08,20250808143500000,sz.002225,7.4500,7.4700,7.4400,7.4500,370900,2767104.0000,3
2025-08-08,20250808144000000,sz.002225,7.4600,7.4700,7.4500,7.4600,330900,2468096.0000,3
2025-08-08,20250808144500000,sz.002225,7.4500,7.4600,7.4400,7.4600,387700,2888448.0000,3
2025-08-08,20250808145000000,sz.002225,7.4500,7.4600,7.4400,7.4400,719200,5358112.0000,3
2025-08-08,20250808145500000,sz.002225,7.4500,7.4500,7.4300,7.4300,997000,7416064.0000,3
2025-08-08,20250808150000000,sz.002225,7.4300,7.4600,7.4200,7.4600,577000,4295008.0000,3
2025-08-11,20250811093500000,sz.002225,7.5100,7.5100,7.3500,7.3600,3320400,24569758.0000,3
2025-08-11,20250811094000000,sz.002225,7.3500,7.4400,7.3500,7.4000,1801800,13337218.0000,3
2025-08-11,20250811094500000,sz.002225,7.4100,7.4400,7.3800,7.4100,1468400,10881192.0000,3
2025-08-11,20250811095000000,sz.002225,7.4100,7.4600,7.4100,7.4200,1260000,9374168.0000,3
2025-08-11,20250811095500000,sz.002225,7.4200,7.4400,7.4000,7.4000,771500,5725556.0000,3
2025-08-11,20250811100000000,sz.002225,7.4000,7.4400,7.4000,7.4200,658200,4881516.0000,3
2025-08-11,20250811100500000,sz.002225,7.4200,7.4300,7.4000,7.4000,738300,5473984.0000,3
2025-08-11,20250811101000000,sz.002225,7.4100,7.4200,7.3900,7.3900,1020600,7554224.0000,3
2025-08-11,20250811101500000,sz.002225,7.4100,7.4300,7.4000,7.4200,761500,5643688.0000,3
2025-08-11,20250811102000000,sz.002225,7.4200,7.4300,7.4000,7.4000,602200,4465736.0000,3
2025-08-11,20250811102500000,sz.002225,7.4100,7.4100,7.3800,7.4000,729100,5392728.0000,3
2025-08-11,20250811103000000,sz.002225,7.3900,7.4400,7.3900,7.4100,456900,3390208.0000,3
2025-08-11,20250811103500000,sz.002225,7.4200,7.4300,7.4100,7.4200,416100,3085368.0000,3
2025-08-11,20250811104000000,sz.002225,7.4100,7.4400,7.4100,7.4200,342500,2544352.0000,3
2025-08-11,20250811104500000,sz.002225,7.4300,7.4400,7.4200,7.4300,412900,3068112.0000,3
2025-08-11,20250811105000000,sz.002225,7.4300,7.4500,7.4300,7.4400,173000,1287056.0000,3
2025-08-11,20250811105500000,sz.002225,7.4400,7.4600,7.4400,7.4500,414400,3088048.0000,3
2025-08-11,20250811110000000,sz.002225,7.4500,7.4600,7.4500,7.4500,313300,2333912.0000,3
2025-08-11,20250811110500000,sz.002225,7.4600,7.4800,7.4500,7.4700,742200,5540488.0000,3
2025-08-11,20250811111000000,sz.002225,7.4700,7.4800,7.4500,7.4500,441200,3291464.0000,3
2025-08-11,20250811111500000,sz.002225,7.4500,7.4600,7.4400,7.4400,301400,2244576.0000,3
2025-08-11,20250811112000000,sz.002225,7.4400,7.4500,7.4200,7.4300,398700,2963848.0000,3
2025-08-11,20250811112500000,sz.002225,7.4300,7.4300,7.4200,7.4200,242400,1799640.0000,3
2025-08-11,20250811113000000,sz.002225,7.4200,7.4400,7.4100,7.4300,891600,6614760.0000,3
2025-08-11,20250811130500000,sz.002225,7.4300,7.4600,7.4200,7.4400,794000,5909920.0000,3
2025-08-11,20250811131000000,sz.002225,7.4500,7.4600,7.4400,7.4400,524400,3903504.0000,3
2025-08-11,20250811131500000,sz.002225,7.4500,7.4500,7.4300,7.4300,465000,3458416.0000,3
2025-08-11,20250811132000000,sz.002225,7.4300,7.4300,7.4100,7.4100,770900,5720512.0000,3
2025-08-11,20250811132500000,sz.002225,7.4100,7.4200,7.4000,7.4100,839000,6216016.0000,3
2025-08-11,20250811133000000,sz.002225,7.4100,7.4200,7.4000,7.4100,421900,3125808.0000,3
2025-08-11,20250811133500000,sz.002225,7.4100,7.4100,7.3900,7.4000,882400,6532976.0000,3
2025-08-11,20250811134000000,sz.002225,7.3900,7.4100,7.3900,7.4000,294700,2181952.0000,3
2025-08-11,20250811134500000,sz.002225,7.4000,7.4100,7.3900,7.4100,294300,2178784.0000,3
2025-08-11,20250811135000000,sz.002225,7.4000,7.4100,7.4000,7.4000,386000,2857808.0000,3
2025-08-11,20250811135500000,sz.002225,7.4000,7.4100,7.3900,7.4000,637700,4717184.0000,3
2025-08-11,20250811140000000,sz.002225,7.4000,7.4100,7.3900,7.4000,298400,2207568.0000,3
2025-08-11,20250811140500000,sz.002225,7.4000,7.4100,7.3900,7.4000,422300,3125088.0000,3
2025-08-11,20250811141000000,sz.002225,7.3900,7.4000,7.3700,7.3800,1124300,8302112.0000,3
2025-08-11,20250811141500000,sz.002225,7.3700,7.3900,7.3700,7.3800,451900,3336144.0000,3
2025-08-11,20250811142000000,sz.002225,7.3800,7.3900,7.3700,7.3700,529900,3910496.0000,3
2025-08-11,20250811142500000,sz.002225,7.3700,7.3800,7.3700,7.3800,543600,4008240.0000,3
2025-08-11,20250811143000000,sz.002225,7.3700,7.3800,7.3700,7.3800,478100,3526752.0000,3
2025-08-11,20250811143500000,sz.002225,7.3700,7.4000,7.3700,7.3800,936100,6909376.0000,3
2025-08-11,20250811144000000,sz.002225,7.3700,7.3900,7.3700,7.3800,442800,3266928.0000,3
2025-08-11,20250811144500000,sz.002225,7.3700,7.3800,7.3600,7.3600,1141900,8418032.0000,3
2025-08-11,20250811145000000,sz.002225,7.3600,7.3800,7.3600,7.3600,1008000,7424400.0000,3
2025-08-11,20250811145500000,sz.002225,7.3700,7.3800,7.3600,7.3700,1686300,12422560.0000,3
2025-08-11,20250811150000000,sz.002225,7.3700,7.3800,7.3600,7.3700,883800,6512960.0000,3
2025-08-12,20250812093500000,sz.002225,7.3900,7.4100,7.3000,7.3000,2154000,15846201.0000,3
2025-08-12,20250812094000000,sz.002225,7.3000,7.3000,7.2200,7.2200,3349200,24304711.0000,3
2025-08-12,20250812094500000,sz.002225,7.2300,7.2300,7.1500,7.1600,5202700,37310272.0000,3
2025-08-12,20250812095000000,sz.002225,7.1600,7.2100,7.1200,7.2100,2285500,16348320.0000,3
2025-08-12,20250812095500000,sz.002225,7.2000,7.2500,7.1700,7.2500,1819700,13108192.0000,3
2025-08-12,20250812100000000,sz.002225,7.2500,7.2900,7.2400,7.2700,1252300,9104416.0000,3
2025-08-12,20250812100500000,sz.002225,7.2700,7.2800,7.2300,7.2800,1097500,7955536.0000,3
2025-08-12,20250812101000000,sz.002225,7.2800,7.2800,7.2200,7.2200,458400,3320944.0000,3
2025-08-12,20250812101500000,sz.002225,7.2200,7.2300,7.2000,7.2200,1114600,8033632.0000,3
2025-08-12,20250812102000000,sz.002225,7.2200,7.2300,7.1800,7.1800,613400,4416384.0000,3
2025-08-12,20250812102500000,sz.002225,7.1800,7.1800,7.1500,7.1600,1063400,7617648.0000,3
2025-08-12,20250812103000000,sz.002225,7.1600,7.1700,7.1300,7.1300,1238500,8852288.0000,3
2025-08-12,20250812103500000,sz.002225,7.1200,7.1400,7.1000,7.1200,3328100,23685776.0000,3
2025-08-12,20250812104000000,sz.002225,7.1300,7.1300,7.1100,7.1100,2599200,18499792.0000,3
2025-08-12,20250812104500000,sz.002225,7.1200,7.1300,7.1100,7.1200,1532500,10911232.0000,3
2025-08-12,20250812105000000,sz.002225,7.1200,7.1300,7.1000,7.1000,1485000,10555312.0000,3
2025-08-12,20250812105500000,sz.002225,7.1100,7.1200,7.0900,7.0900,1366600,9703552.0000,3
2025-08-12,20250812110000000,sz.002225,7.0900,7.0900,7.0700,7.0800,1410000,9981536.0000,3
2025-08-12,20250812110500000,sz.002225,7.0800,7.1300,7.0800,7.0900,954400,6778144.0000,3
2025-08-12,20250812111000000,sz.002225,7.0900,7.1300,7.0900,7.1100,746400,5307904.0000,3
2025-08-12,20250812111500000,sz.002225,7.1100,7.1500,7.1100,7.1400,858300,6127760.0000,3
2025-08-12,20250812112000000,sz.002225,7.1300,7.1400,7.1100,7.1100,408800,2913440.0000,3
2025-08-12,20250812112500000,sz.002225,7.1100,7.1400,7.1100,7.1200,292800,2085200.0000,3
2025-08-12,20250812113000000,sz.002225,7.1200,7.1300,7.1000,7.1200,545100,3877488.0000,3
2025-08-12,20250812130500000,sz.002225,7.1200,7.1200,7.1000,7.1200,1132400,8050288.0000,3
2025-08-12,20250812131000000,sz.002225,7.1200,7.1300,7.1000,7.1200,972000,6919520.0000,3
2025-08-12,20250812131500000,sz.002225,7.1100,7.1200,7.1000,7.1000,700200,4974560.0000,3
2025-08-12,20250812132000000,sz.002225,7.1000,7.1200,7.1000,7.1000,877900,6236032.0000,3
2025-08-12,20250812132500000,sz.002225,7.1000,7.1100,7.0700,7.0700,1456100,10317248.0000,3
2025-08-12,20250812133000000,sz.002225,7.0700,7.1200,7.0700,7.1000,791400,5616704.0000,3
2025-08-12,20250812133500000,sz.002225,7.1000,7.1100,7.0900,7.0900,556100,3946144.0000,3
2025-08-12,20250812134000000,sz.002225,7.0900,7.1200,7.0900,7.1100,442700,3144640.0000,3
2025-08-12,20250812134500000,sz.002225,7.1100,7.1300,7.1000,7.1200,284100,2021472.0000,3
2025-08-12,20250812135000000,sz.002225,7.1200,7.1300,7.1100,7.1200,435500,3099456.0000,3
2025-08-12,20250812135500000,sz.002225,7.1200,7.1400,7.1100,7.1400,548300,3909024.0000,3
2025-08-12,20250812140000000,sz.002225,7.1400,7.1600,7.1400,7.1500,340200,2430976.0000,3
2025-08-12,20250812140500000,sz.002225,7.1500,7.1600,7.1400,7.1500,579400,4143712.0000,3
2025-08-12,20250812141000000,sz.002225,7.1400,7.1500,7.1200,7.1300,550100,3924000.0000,3
2025-08-12,20250812141500000,sz.002225,7.1300,7.1300,7.1200,7.1300,283200,2017344.0000,3
2025-08-12,20250812142000000,sz.002225,7.1200,7.1300,7.1100,7.1200,709900,5053472.0000,3
2025-08-12,20250812142500000,sz.002225,7.1200,7.1300,7.1200,7.1200,371600,2646720.0000,3
2025-08-12,20250812143000000,sz.002225,7.1200,7.1300,7.1200,7.1200,255700,1820800.0000,3
2025-08-12,20250812143500000,sz.002225,7.1300,7.1300,7.1100,7.1100,943000,6713056.0000,3
2025-08-12,20250812144000000,sz.002225,7.1100,7.1400,7.1000,7.1400,1025900,7303264.0000,3
2025-08-12,20250812144500000,sz.002225,7.1300,7.1400,7.1200,7.1200,707100,5039136.0000,3
2025-08-12,20250812145000000,sz.002225,7.1300,7.1500,7.1200,7.1500,889000,6342400.0000,3
2025-08-12,20250812145500000,sz.002225,7.1400,7.1600,7.1300,7.1600,822100,5873952.0000,3
2025-08-12,20250812150000000,sz.002225,7.1500,7.1600,7.1400,7.1600,622300,4453120.0000,3
2025-08-13,20250813093500000,sz.002225,7.1500,7.2400,7.1200,7.2300,2463900,17672684.0000,3
2025-08-13,20250813094000000,sz.002225,7.2300,7.2500,7.2000,7.2100,923600,6671964.0000,3
2025-08-13,20250813094500000,sz.002225,7.2200,7.2400,7.1800,7.2000,1396000,10065924.0000,3
2025-08-13,20250813095000000,sz.002225,7.2100,7.2200,7.1800,7.1900,1143200,8227604.0000,3
2025-08-13,20250813095500000,sz.002225,7.2000,7.2700,7.2000,7.2500,1670800,12090516.0000,3
2025-08-13,20250813100000000,sz.002225,7.2500,7.2700,7.2300,7.2300,654000,4740912.0000,3
2025-08-13,20250813100500000,sz.002225,7.2300,7.3100,7.2200,7.2900,2081900,15132764.0000,3
2025-08-13,20250813101000000,sz.002225,7.2900,7.2900,7.2200,7.2300,696000,5051328.0000,3
2025-08-13,20250813101500000,sz.002225,7.2300,7.2500,7.2200,7.2400,888300,6419712.0000,3
2025-08-13,20250813102000000,sz.002225,7.2400,7.2600,7.2300,7.2400,727400,5270120.0000,3
2025-08-13,20250813102500000,sz.002225,7.2400,7.2500,7.2100,7.2100,731500,5287224.0000,3
2025-08-13,20250813103000000,sz.002225,7.2100,7.2200,7.1900,7.2100,535600,3857320.0000,3
2025-08-13,20250813103500000,sz.002225,7.2000,7.2100,7.1800,7.1800,718900,5169304.0000,3
2025-08-13,20250813104000000,sz.002225,7.1900,7.2000,7.1700,7.1800,597000,4287584.0000,3
2025-08-13,20250813104500000,sz.002225,7.1700,7.1800,7.1600,7.1800,1041100,7463512.0000,3
2025-08-13,20250813105000000,sz.002225,7.1800,7.1900,7.1400,7.1500,1200500,8589544.0000,3
2025-08-13,20250813105500000,sz.002225,7.1500,7.1500,7.1300,7.1300,748500,5344216.0000,3
2025-08-13,20250813110000000,sz.002225,7.1300,7.1600,7.1300,7.1400,822200,5873416.0000,3
2025-08-13,20250813110500000,sz.002225,7.1500,7.1700,7.1400,7.1600,1020100,7293584.0000,3
2025-08-13,20250813111000000,sz.002225,7.1700,7.1800,7.1400,7.1400,424500,3036976.0000,3
2025-08-13,20250813111500000,sz.002225,7.1400,7.1600,7.1300,7.1400,820700,5867984.0000,3
2025-08-13,20250813112000000,sz.002225,7.1300,7.1500,7.1200,7.1400,695700,4960736.0000,3
2025-08-13,20250813112500000,sz.002225,7.1300,7.1400,7.1100,7.1300,1507000,10713312.0000,3
2025-08-13,20250813113000000,sz.002225,7.1200,7.1400,7.1200,7.1300,290300,2068320.0000,3
2025-08-13,20250813130500000,sz.002225,7.1300,7.1700,7.1300,7.1400,1109800,7917280.0000,3
2025-08-13,20250813131000000,sz.002225,7.1300,7.1400,7.1200,7.1300,338400,2412128.0000,3
2025-08-13,20250813131500000,sz.002225,7.1400,7.1500,7.1200,7.1300,777200,5541984.0000,3
2025-08-13,20250813132000000,sz.002225,7.1300,7.1400,7.1200,7.1300,557000,3969040.0000,3
2025-08-13,20250813132500000,sz.002225,7.1300,7.1500,7.1100,7.1200,1016200,7243120.0000,3
2025-08-13,20250813133000000,sz.002225,7.1100,7.1200,7.1000,7.1100,1164500,8282384.0000,3
2025-08-13,20250813133500000,sz.002225,7.1000,7.1200,7.1000,7.1000,1077100,7654512.0000,3
2025-08-13,20250813134000000,sz.002225,7.1000,7.1100,7.0800,7.0900,1278100,9063072.0000,3
2025-08-13,20250813134500000,sz.002225,7.0900,7.1000,7.0700,7.1000,597100,4228752.0000,3
2025-08-13,20250813135000000,sz.002225,7.0900,7.1100,7.0800,7.1000,1146900,8132624.0000,3
2025-08-13,20250813135500000,sz.002225,7.1000,7.1100,7.0900,7.1100,484800,3443168.0000,3
2025-08-13,20250813140000000,sz.002225,7.1100,7.1200,7.1000,7.1000,914600,6499376.0000,3
2025-08-13,20250813140500000,sz.002225,7.1000,7.1200,7.1000,7.1000,500400,3555104.0000,3
2025-08-13,20250813141000000,sz.002225,7.1000,7.1200,7.1000,7.1100,552800,3926032.0000,3
2025-08-13,20250813141500000,sz.002225,7.1000,7.1100,7.1000,7.1000,269300,1912400.0000,3
2025-08-13,20250813142000000,sz.002225,7.1000,7.1100,7.1000,7.1000,413000,2933504.0000,3
2025-08-13,20250813142500000,sz.002225,7.1000,7.1100,7.0900,7.1000,796500,5655584.0000,3
2025-08-13,20250813143000000,sz.002225,7.1000,7.1100,7.0900,7.1000,614600,4363600.0000,3
2025-08-13,20250813143500000,sz.002225,7.1000,7.1200,7.1000,7.1100,277500,1972368.0000,3
2025-08-13,20250813144000000,sz.002225,7.1100,7.1300,7.1100,7.1200,485300,3454848.0000,3
2025-08-13,20250813144500000,sz.002225,7.1100,7.1200,7.1000,7.1000,902400,6413088.0000,3
2025-08-13,20250813145000000,sz.002225,7.1100,7.1200,7.1000,7.1100,438900,3119328.0000,3
2025-08-13,20250813145500000,sz.002225,7.1100,7.1300,7.1000,7.1300,923700,6573952.0000,3
2025-08-13,20250813150000000,sz.002225,7.1200,7.1600,7.1200,7.1500,1158800,8278848.0000,3
2025-08-14,20250814093500000,sz.002225,7.2300,7.2300,7.0000,7.0200,8359000,59258248.0000,3
2025-08-14,20250814094000000,sz.002225,7.0100,7.0200,6.9800,6.9800,2194600,15368288.0000,3
2025-08-14,20250814094500000,sz.002225,6.9800,7.0100,6.9800,7.0100,2002100,13997032.0000,3
2025-08-14,20250814095000000,sz.002225,7.0100,7.0100,6.9600,6.9700,2407300,16796512.0000,3
2025-08-14,20250814095500000,sz.002225,6.9600,6.9800,6.9300,6.9500,2953000,20513336.0000,3
2025-08-14,20250814100000000,sz.002225,6.9400,7.0000,6.9300,6.9700,1511200,10522536.0000,3
2025-08-14,20250814100500000,sz.002225,6.9700,6.9700,6.9200,6.9200,2342700,16246176.0000,3
2025-08-14,20250814101000000,sz.002225,6.9300,6.9300,6.9000,6.9200,2758100,19075376.0000,3
2025-08-14,20250814101500000,sz.002225,6.9200,6.9600,6.9000,6.9500,1810800,12526336.0000,3
2025-08-14,20250814102000000,sz.002225,6.9600,7.0000,6.9400,6.9800,1736900,12120224.0000,3
2025-08-14,20250814102500000,sz.002225,6.9800,7.0300,6.9700,7.0100,965700,6769376.0000,3
2025-08-14,20250814103000000,sz.002225,7.0100,7.0400,7.0000,7.0300,1555400,10913040.0000,3
2025-08-14,20250814103500000,sz.002225,7.0100,7.0300,6.9500,6.9600,917300,6403984.0000,3
2025-08-14,20250814104000000,sz.002225,6.9600,7.0000,6.9600,6.9900,536100,3740816.0000,3
2025-08-14,20250814104500000,sz.002225,6.9700,6.9900,6.9600,6.9800,604100,4212976.0000,3
2025-08-14,20250814105000000,sz.002225,6.9800,6.9900,6.9600,6.9700,293000,2042624.0000,3
2025-08-14,20250814105500000,sz.002225,6.9800,7.0500,6.9700,7.0400,1232500,8646256.0000,3
2025-08-14,20250814110000000,sz.002225,7.0500,7.0800,7.0500,7.0700,1334200,9433872.0000,3
2025-08-14,20250814110500000,sz.002225,7.0700,7.1200,7.0600,7.1000,2291200,16243216.0000,3
2025-08-14,20250814111000000,sz.002225,7.0900,7.1400,7.0900,7.0900,1756400,12495120.0000,3
2025-08-14,20250814111500000,sz.002225,7.0900,7.1300,7.0700,7.1200,1031100,7314784.0000,3
2025-08-14,20250814112000000,sz.002225,7.1200,7.1300,7.1100,7.1200,411700,2931456.0000,3
2025-08-14,20250814112500000,sz.002225,7.1100,7.1800,7.1000,7.1300,1430800,10230016.0000,3
2025-08-14,20250814113000000,sz.002225,7.1300,7.1300,7.1000,7.1000,364700,2594272.0000,3
2025-08-14,20250814130500000,sz.002225,7.1000,7.1000,7.0100,7.0200,1022600,7201888.0000,3
2025-08-14,20250814131000000,sz.002225,7.0300,7.0600,7.0100,7.0100,658500,4634880.0000,3
2025-08-14,20250814131500000,sz.002225,7.0100,7.0200,6.9900,7.0000,584400,4092832.0000,3
2025-08-14,20250814132000000,sz.002225,7.0000,7.0100,6.9900,6.9900,253900,1776768.0000,3
2025-08-14,20250814132500000,sz.002225,6.9900,7.0000,6.9800,6.9900,652600,4562112.0000,3
2025-08-14,20250814133000000,sz.002225,6.9900,7.0200,6.9900,7.0100,288900,2022624.0000,3
2025-08-14,20250814133500000,sz.002225,7.0100,7.0800,7.0100,7.0200,878300,6198752.0000,3
2025-08-14,20250814134000000,sz.002225,7.0200,7.0300,7.0000,7.0000,555100,3892128.0000,3
2025-08-14,20250814134500000,sz.002225,7.0000,7.0100,6.9900,6.9900,578200,4048672.0000,3
2025-08-14,20250814135000000,sz.002225,7.0000,7.0200,6.9900,7.0100,448900,3146688.0000,3
2025-08-14,20250814135500000,sz.002225,7.0100,7.0200,7.0000,7.0100,500500,3509216.0000,3
2025-08-14,20250814140000000,sz.002225,7.0100,7.0200,7.0000,7.0100,355600,2492128.0000,3
2025-08-14,20250814140500000,sz.002225,7.0200,7.0700,7.0100,7.0500,797800,5623968.0000,3
2025-08-14,20250814141000000,sz.002225,7.0600,7.0600,7.0500,7.0600,253800,1789984.0000,3
2025-08-14,20250814141500000,sz.002225,7.0500,7.0700,7.0500,7.0600,360000,2540704.0000,3
2025-08-14,20250814142000000,sz.002225,7.0600,7.0700,7.0400,7.0400,559600,3946144.0000,3
2025-08-14,20250814142500000,sz.002225,7.0500,7.0500,7.0200,7.0400,299400,2107264.0000,3
2025-08-14,20250814143000000,sz.002225,7.0500,7.0500,7.0300,7.0400,246300,1733600.0000,3
2025-08-14,20250814143500000,sz.002225,7.0400,7.0600,7.0300,7.0400,393100,2768768.0000,3
2025-08-14,20250814144000000,sz.002225,7.0300,7.0400,7.0200,7.0300,308300,2168640.0000,3
2025-08-14,20250814144500000,sz.002225,7.0300,7.0400,7.0200,7.0300,414100,2912064.0000,3
2025-08-14,20250814145000000,sz.002225,7.0300,7.0300,7.0100,7.0200,835600,5864800.0000,3
2025-08-14,20250814145500000,sz.002225,7.0100,7.0200,7.0000,7.0000,1043100,7311872.0000,3
2025-08-14,20250814150000000,sz.002225,7.0000,7.0200,7.0000,7.0100,735900,5157056.0000,3
2025-08-15,20250815093500000,sz.002225,7.0000,7.0600,6.9600,7.0600,2909900,20358594.0000,3
2025-08-15,20250815094000000,sz.002225,7.0400,7.1000,7.0300,7.1000,1583300,11187246.0000,3
2025-08-15,20250815094500000,sz.002225,7.1000,7.1100,7.0800,7.0900,1106900,7853204.0000,3
2025-08-15,20250815095000000,sz.002225,7.1000,7.1300,7.0800,7.1200,741500,5267664.0000,3
2025-08-15,20250815095500000,sz.002225,7.1100,7.1200,7.0900,7.0900,707900,5029000.0000,3
2025-08-15,20250815100000000,sz.002225,7.0900,7.1100,7.0800,7.1100,756100,5367908.0000,3
2025-08-15,20250815100500000,sz.002225,7.1100,7.2000,7.1100,7.1900,4159500,29839256.0000,3
2025-08-15,20250815101000000,sz.002225,7.1800,7.1900,7.1200,7.1400,2511800,17907472.0000,3
2025-08-15,20250815101500000,sz.002225,7.1400,7.1400,7.0900,7.1100,923500,6565624.0000,3
2025-08-15,20250815102000000,sz.002225,7.1200,7.2400,7.1100,7.2200,4584800,33023840.0000,3
2025-08-15,20250815102500000,sz.002225,7.2200,7.2300,7.1700,7.2000,1242300,8928832.0000,3
2025-08-15,20250815103000000,sz.002225,7.1900,7.2100,7.1800,7.1800,705200,5074080.0000,3
2025-08-15,20250815103500000,sz.002225,7.1900,7.2300,7.1800,7.2200,1057000,7622016.0000,3
2025-08-15,20250815104000000,sz.002225,7.2100,7.2300,7.2000,7.2200,747000,5387232.0000,3
2025-08-15,20250815104500000,sz.002225,7.2300,7.2300,7.2000,7.2200,890200,6420512.0000,3
2025-08-15,20250815105000000,sz.002225,7.2200,7.2200,7.2100,7.2200,806200,5817088.0000,3
2025-08-15,20250815105500000,sz.002225,7.2100,7.2200,7.2100,7.2200,416800,3008192.0000,3
2025-08-15,20250815110000000,sz.002225,7.2200,7.2400,7.2100,7.2300,1355900,9810800.0000,3
2025-08-15,20250815110500000,sz.002225,7.2300,7.2600,7.2300,7.2400,1420700,10300000.0000,3
2025-08-15,20250815111000000,sz.002225,7.2500,7.2900,7.2500,7.2800,1267600,9214800.0000,3
2025-08-15,20250815111500000,sz.002225,7.2900,7.3100,7.2500,7.2600,1886400,13755232.0000,3
2025-08-15,20250815112000000,sz.002225,7.2700,7.2900,7.2500,7.2700,701200,5100160.0000,3
2025-08-15,20250815112500000,sz.002225,7.2700,7.2800,7.2600,7.2600,245000,1780688.0000,3
2025-08-15,20250815113000000,sz.002225,7.2700,7.2700,7.2500,7.2600,260900,1893728.0000,3
2025-08-15,20250815130500000,sz.002225,7.2700,7.3600,7.2500,7.3400,3211600,23507904.0000,3
2025-08-15,20250815131000000,sz.002225,7.3600,7.3600,7.3100,7.3300,916600,6716352.0000,3
2025-08-15,20250815131500000,sz.002225,7.3200,7.4000,7.3200,7.3900,1688100,12446224.0000,3
2025-08-15,20250815132000000,sz.002225,7.4000,7.5400,7.3800,7.5100,4596700,34360992.0000,3
2025-08-15,20250815132500000,sz.002225,7.5000,7.5300,7.4900,7.5300,2241500,16842976.0000,3
2025-08-15,20250815133000000,sz.002225,7.5400,7.6300,7.5300,7.6100,4967400,37733632.0000,3
2025-08-15,20250815133500000,sz.002225,7.6000,7.6300,7.5300,7.5700,1570700,11886688.0000,3
2025-08-15,20250815134000000,sz.002225,7.5600,7.6900,7.5600,7.6900,4479500,34314400.0000,3
2025-08-15,20250815134500000,sz.002225,7.6900,7.7100,7.6400,7.6600,17450200,134294752.0000,3
2025-08-15,20250815135000000,sz.002225,7.6500,7.7000,7.6300,7.6900,3298100,25292224.0000,3
2025-08-15,20250815135500000,sz.002225,7.6900,7.7000,7.6600,7.6900,2662600,20452736.0000,3
2025-08-15,20250815140000000,sz.002225,7.6800,7.7100,7.6700,7.7100,3941000,30350592.0000,3
2025-08-15,20250815140500000,sz.002225,7.7100,7.7100,7.7100,7.7100,598300,4612928.0000,3
2025-08-15,20250815141000000,sz.002225,7.7100,7.7100,7.7100,7.7100,248900,1919360.0000,3
2025-08-15,20250815141500000,sz.002225,7.7100,7.7100,7.7100,7.7100,682300,5260544.0000,3
2025-08-15,20250815142000000,sz.002225,7.7100,7.7100,7.6900,7.6900,2666500,20549056.0000,3
2025-08-15,20250815142500000,sz.002225,7.6900,7.7000,7.6700,7.6900,2061600,15845888.0000,3
2025-08-15,20250815143000000,sz.002225,7.6700,7.6900,7.6100,7.6400,2123200,16240448.0000,3
2025-08-15,20250815143500000,sz.002225,7.6500,7.6600,7.6200,7.6400,1922300,14681024.0000,3
2025-08-15,20250815144000000,sz.002225,7.6400,7.6600,7.6300,7.6500,1583400,12111552.0000,3
2025-08-15,20250815144500000,sz.002225,7.6400,7.6700,7.6300,7.6500,1615600,12361216.0000,3
2025-08-15,20250815145000000,sz.002225,7.6500,7.6600,7.6200,7.6500,1277700,9757504.0000,3
2025-08-15,20250815145500000,sz.002225,7.6400,7.6600,7.6200,7.6200,1792100,13680960.0000,3
2025-08-15,20250815150000000,sz.002225,7.6300,7.6400,7.6100,7.6300,1660200,12661888.0000,3
2025-08-18,20250818093500000,sz.002225,7.6400,7.6500,7.4000,7.4400,10681800,79877968.0000,3
2025-08-18,20250818094000000,sz.002225,7.4500,7.5600,7.4400,7.5100,4399200,33025864.0000,3
2025-08-18,20250818094500000,sz.002225,7.5100,7.5600,7.5000,7.5100,1985300,14940568.0000,3
2025-08-18,20250818095000000,sz.002225,7.5000,7.5100,7.4700,7.4900,2419500,18126976.0000,3
2025-08-18,20250818095500000,sz.002225,7.4900,7.4900,7.4500,7.4900,3130300,23346432.0000,3
2025-08-18,20250818100000000,sz.002225,7.4900,7.5000,7.4500,7.4600,1676700,12520048.0000,3
2025-08-18,20250818100500000,sz.002225,7.4600,7.5200,7.4600,7.4800,1498000,11209792.0000,3
2025-08-18,20250818101000000,sz.002225,7.4600,7.5200,7.4600,7.5000,1248300,9356144.0000,3
2025-08-18,20250818101500000,sz.002225,7.5000,7.5100,7.4000,7.4000,2586400,19236032.0000,3
2025-08-18,20250818102000000,sz.002225,7.3900,7.4100,7.3600,7.3900,4771300,35242016.0000,3
2025-08-18,20250818102500000,sz.002225,7.3700,7.4100,7.3700,7.4000,2007600,14837424.0000,3
2025-08-18,20250818103000000,sz.002225,7.3900,7.4500,7.3900,7.4300,1276100,9474688.0000,3
2025-08-18,20250818103500000,sz.002225,7.4200,7.5100,7.4200,7.4900,1641700,12263872.0000,3
2025-08-18,20250818104000000,sz.002225,7.4800,7.4900,7.4400,7.4700,2037200,15200544.0000,3
2025-08-18,20250818104500000,sz.002225,7.4800,7.5000,7.4500,7.4800,809800,6054528.0000,3
2025-08-18,20250818105000000,sz.002225,7.4800,7.5000,7.4400,7.4500,1633600,12191744.0000,3
2025-08-18,20250818105500000,sz.002225,7.4600,7.4600,7.4400,7.4400,1195800,8906624.0000,3
2025-08-18,20250818110000000,sz.002225,7.4500,7.4500,7.4300,7.4400,849000,6320352.0000,3
2025-08-18,20250818110500000,sz.002225,7.4400,7.4700,7.4400,7.4500,651000,4850976.0000,3
2025-08-18,20250818111000000,sz.002225,7.4400,7.4600,7.4300,7.4300,1053900,7841120.0000,3
2025-08-18,20250818111500000,sz.002225,7.4400,7.4400,7.4200,7.4300,1016500,7551072.0000,3
2025-08-18,20250818112000000,sz.002225,7.4400,7.4500,7.4200,7.4400,770200,5723392.0000,3
2025-08-18,20250818112500000,sz.002225,7.4300,7.4800,7.4300,7.4700,655100,4887552.0000,3
2025-08-18,20250818113000000,sz.002225,7.4700,7.4800,7.4600,7.4700,498400,3722304.0000,3
2025-08-18,20250818130500000,sz.002225,7.4700,7.4800,7.3900,7.4300,3058400,22699968.0000,3
2025-08-18,20250818131000000,sz.002225,7.4300,7.4300,7.3600,7.3700,3375700,24929760.0000,3
2025-08-18,20250818131500000,sz.002225,7.3700,7.3800,7.3600,7.3600,1168900,8613024.0000,3
2025-08-18,20250818132000000,sz.002225,7.3600,7.3900,7.3600,7.3800,988400,7284832.0000,3
2025-08-18,20250818132500000,sz.002225,7.3700,7.3900,7.3600,7.3800,1457300,10747616.0000,3
2025-08-18,20250818133000000,sz.002225,7.3900,7.4000,7.3700,7.4000,1327900,9795840.0000,3
2025-08-18,20250818133500000,sz.002225,7.3900,7.4300,7.3800,7.4100,1166700,8636192.0000,3
2025-08-18,20250818134000000,sz.002225,7.4100,7.4200,7.3900,7.4100,722200,5347936.0000,3
2025-08-18,20250818134500000,sz.002225,7.4200,7.4300,7.4000,7.4000,840400,6230048.0000,3
2025-08-18,20250818135000000,sz.002225,7.4000,7.4400,7.4000,7.4300,1202700,8920096.0000,3
2025-08-18,20250818135500000,sz.002225,7.4300,7.4400,7.4200,7.4300,657700,4886624.0000,3
2025-08-18,20250818140000000,sz.002225,7.4300,7.4500,7.4200,7.4300,630600,4688480.0000,3
2025-08-18,20250818140500000,sz.002225,7.4300,7.5000,7.4300,7.5000,1297200,9686112.0000,3
2025-08-18,20250818141000000,sz.002225,7.5000,7.5000,7.4500,7.4500,1285300,9615424.0000,3
2025-08-18,20250818141500000,sz.002225,7.4600,7.4700,7.4500,7.4600,895100,6680736.0000,3
2025-08-18,20250818142000000,sz.002225,7.4600,7.4600,7.4400,7.4500,882200,6571040.0000,3
2025-08-18,20250818142500000,sz.002225,7.4400,7.4500,7.4300,7.4300,416800,3101280.0000,3
2025-08-18,20250818143000000,sz.002225,7.4300,7.4400,7.4100,7.4100,687900,5108544.0000,3
2025-08-18,20250818143500000,sz.002225,7.4200,7.4400,7.4200,7.4300,508700,3777785.0000,3
2025-08-18,20250818144000000,sz.002225,7.4200,7.4500,7.4200,7.4300,890300,6615807.0000,3
2025-08-18,20250818144500000,sz.002225,7.4300,7.4600,7.4300,7.4400,874100,6507840.0000,3
2025-08-18,20250818145000000,sz.002225,7.4400,7.4500,7.4300,7.4400,1387300,10318981.0000,3
2025-08-18,20250818145500000,sz.002225,7.4300,7.4400,7.4200,7.4300,1144300,8507139.0000,3
2025-08-18,20250818150000000,sz.002225,7.4300,7.4500,7.4300,7.4400,1443300,10733632.0000,3
2025-08-19,20250819093500000,sz.002225,7.5600,7.5600,7.3500,7.3600,4090300,30373736.0000,3
2025-08-19,20250819094000000,sz.002225,7.3500,7.3500,7.3100,7.3300,2686700,19681216.0000,3
2025-08-19,20250819094500000,sz.002225,7.3100,7.3300,7.3000,7.3100,2350600,17182704.0000,3
2025-08-19,20250819095000000,sz.002225,7.3000,7.3300,7.2400,7.2400,3663100,26674808.0000,3
2025-08-19,20250819095500000,sz.002225,7.2400,7.2500,7.2200,7.2400,2452200,17743984.0000,3
2025-08-19,20250819100000000,sz.002225,7.2300,7.2800,7.2200,7.2700,1886500,13694056.0000,3
2025-08-19,20250819100500000,sz.002225,7.2600,7.2800,7.2100,7.2200,2359900,17066136.0000,3
2025-08-19,20250819101000000,sz.002225,7.2200,7.2200,7.2000,7.2100,1936900,13958768.0000,3
2025-08-19,20250819101500000,sz.002225,7.2100,7.2100,7.1800,7.2000,1535600,11049072.0000,3
2025-08-19,20250819102000000,sz.002225,7.1900,7.2000,7.1800,7.1800,1070200,7694384.0000,3
2025-08-19,20250819102500000,sz.002225,7.1900,7.2100,7.1800,7.2000,1105500,7954336.0000,3
2025-08-19,20250819103000000,sz.002225,7.2000,7.2100,7.1900,7.2000,708300,5099888.0000,3
2025-08-19,20250819103500000,sz.002225,7.1900,7.2300,7.1900,7.1900,1360200,9798336.0000,3
2025-08-19,20250819104000000,sz.002225,7.2000,7.2200,7.1900,7.2200,754300,5440816.0000,3
2025-08-19,20250819104500000,sz.002225,7.2200,7.2200,7.2000,7.2200,840400,6061904.0000,3
2025-08-19,20250819105000000,sz.002225,7.2100,7.2200,7.1900,7.2200,2833200,20403024.0000,3
2025-08-19,20250819105500000,sz.002225,7.2200,7.2600,7.2000,7.2100,1653700,11966272.0000,3
2025-08-19,20250819110000000,sz.002225,7.2100,7.2200,7.2000,7.2100,569200,4104992.0000,3
2025-08-19,20250819110500000,sz.002225,7.2100,7.2200,7.2000,7.2100,433100,3120768.0000,3
2025-08-19,20250819111000000,sz.002225,7.2100,7.2200,7.2000,7.2100,376000,2711664.0000,3
2025-08-19,20250819111500000,sz.002225,7.2000,7.2100,7.1900,7.2000,411100,2960416.0000,3
2025-08-19,20250819112000000,sz.002225,7.2000,7.2800,7.1900,7.2400,868600,6270144.0000,3
2025-08-19,20250819112500000,sz.002225,7.2300,7.2900,7.2200,7.2800,689400,5007408.0000,3
2025-08-19,20250819113000000,sz.002225,7.2900,7.2900,7.2400,7.2400,484300,3518224.0000,3
2025-08-19,20250819130500000,sz.002225,7.2500,7.2700,7.2300,7.2400,1253600,9089280.0000,3
2025-08-19,20250819131000000,sz.002225,7.2400,7.2800,7.2400,7.2700,934300,6784704.0000,3
2025-08-19,20250819131500000,sz.002225,7.2700,7.3200,7.2600,7.3100,1208200,8804928.0000,3
2025-08-19,20250819132000000,sz.002225,7.3000,7.3300,7.2800,7.3000,2274500,16612896.0000,3
2025-08-19,20250819132500000,sz.002225,7.3100,7.3800,7.3100,7.3300,2055900,15096064.0000,3
2025-08-19,20250819133000000,sz.002225,7.3300,7.3300,7.2900,7.3000,603800,4414752.0000,3
2025-08-19,20250819133500000,sz.002225,7.2900,7.3000,7.2500,7.2500,380900,2772160.0000,3
2025-08-19,20250819134000000,sz.002225,7.2500,7.3000,7.2500,7.2900,580900,4228928.0000,3
2025-08-19,20250819134500000,sz.002225,7.2900,7.2900,7.2800,7.2900,287200,2092128.0000,3
2025-08-19,20250819135000000,sz.002225,7.2800,7.2800,7.2500,7.2600,637800,4631648.0000,3
2025-08-19,20250819135500000,sz.002225,7.2600,7.2700,7.2300,7.2500,375700,2722784.0000,3
2025-08-19,20250819140000000,sz.002225,7.2500,7.2500,7.2300,7.2400,585000,4234560.0000,3
2025-08-19,20250819140500000,sz.002225,7.2400,7.2700,7.2300,7.2500,517100,3751936.0000,3
2025-08-19,20250819141000000,sz.002225,7.2600,7.2700,7.2500,7.2500,132300,960736.0000,3
2025-08-19,20250819141500000,sz.002225,7.2600,7.2800,7.2300,7.2400,488900,3543072.0000,3
2025-08-19,20250819142000000,sz.002225,7.2500,7.2500,7.2300,7.2400,409600,2965344.0000,3
2025-08-19,20250819142500000,sz.002225,7.2400,7.2700,7.2300,7.2500,398900,2892416.0000,3
2025-08-19,20250819143000000,sz.002225,7.2300,7.2500,7.2100,7.2300,994500,7181952.0000,3
2025-08-19,20250819143500000,sz.002225,7.2200,7.2400,7.2200,7.2300,416500,3010944.0000,3
2025-08-19,20250819144000000,sz.002225,7.2300,7.2300,7.2100,7.2300,598300,4320960.0000,3
2025-08-19,20250819144500000,sz.002225,7.2200,7.2400,7.2100,7.2300,836200,6043328.0000,3
2025-08-19,20250819145000000,sz.002225,7.2400,7.2400,7.2200,7.2400,608100,4396608.0000,3
2025-08-19,20250819145500000,sz.002225,7.2200,7.2500,7.2100,7.2400,1598500,11553152.0000,3
2025-08-19,20250819150000000,sz.002225,7.2400,7.2700,7.2400,7.2500,1703500,12353792.0000,3
2025-08-20,20250820093500000,sz.002225,7.2000,7.3500,7.1800,7.3200,4250800,30822908.0000,3
2025-08-20,20250820094000000,sz.002225,7.3100,7.3200,7.2500,7.2700,1550900,11294156.0000,3
2025-08-20,20250820094500000,sz.002225,7.2800,7.3100,7.2600,7.3000,833400,6068632.0000,3
2025-08-20,20250820095000000,sz.002225,7.3000,7.3200,7.2800,7.3000,1621200,11847984.0000,3
2025-08-20,20250820095500000,sz.002225,7.3000,7.3300,7.2900,7.3200,2810900,20552432.0000,3
2025-08-20,20250820100000000,sz.002225,7.3200,7.3300,7.2900,7.2900,797000,5826560.0000,3
2025-08-20,20250820100500000,sz.002225,7.2900,7.2900,7.2700,7.2800,717700,5226040.0000,3
2025-08-20,20250820101000000,sz.002225,7.2700,7.2800,7.2500,7.2500,669800,4863000.0000,3
2025-08-20,20250820101500000,sz.002225,7.2500,7.2700,7.2500,7.2600,466400,3385648.0000,3
2025-08-20,20250820102000000,sz.002225,7.2700,7.3100,7.2700,7.2900,839500,6116656.0000,3
2025-08-20,20250820102500000,sz.002225,7.2900,7.3300,7.2700,7.2700,1643100,12016040.0000,3
2025-08-20,20250820103000000,sz.002225,7.2700,7.2800,7.2500,7.2600,466400,3389192.0000,3
2025-08-20,20250820103500000,sz.002225,7.2600,7.2700,7.2400,7.2500,741900,5380080.0000,3
2025-08-20,20250820104000000,sz.002225,7.2400,7.2700,7.2400,7.2600,1056100,7660048.0000,3
2025-08-20,20250820104500000,sz.002225,7.2600,7.3000,7.2600,7.2700,1176600,8571120.0000,3
2025-08-20,20250820105000000,sz.002225,7.2800,7.2800,7.2600,7.2600,187100,1360608.0000,3
2025-08-20,20250820105500000,sz.002225,7.2600,7.2700,7.2500,7.2500,396600,2877904.0000,3
2025-08-20,20250820110000000,sz.002225,7.2500,7.2600,7.2300,7.2500,654700,4744480.0000,3
2025-08-20,20250820110500000,sz.002225,7.2500,7.2600,7.2400,7.2400,414100,3000096.0000,3
2025-08-20,20250820111000000,sz.002225,7.2500,7.2700,7.2300,7.2300,1605900,11632640.0000,3
2025-08-20,20250820111500000,sz.002225,7.2400,7.2400,7.2200,7.2300,710000,5133504.0000,3
2025-08-20,20250820112000000,sz.002225,7.2200,7.2300,7.2000,7.2100,718300,5181632.0000,3
2025-08-20,20250820112500000,sz.002225,7.2200,7.2300,7.2000,7.2100,421100,3038896.0000,3
2025-08-20,20250820113000000,sz.002225,7.2000,7.2100,7.1900,7.2100,1146400,8249456.0000,3
2025-08-20,20250820130500000,sz.002225,7.2100,7.2300,7.1900,7.1900,848100,6112528.0000,3
2025-08-20,20250820131000000,sz.002225,7.1900,7.2000,7.1600,7.1600,1160800,8327760.0000,3
2025-08-20,20250820131500000,sz.002225,7.1700,7.1900,7.1600,7.1700,379600,2724880.0000,3
2025-08-20,20250820132000000,sz.002225,7.1800,7.2000,7.1700,7.1900,299600,2152144.0000,3
2025-08-20,20250820132500000,sz.002225,7.1900,7.2000,7.1900,7.1900,343500,2471216.0000,3
2025-08-20,20250820133000000,sz.002225,7.1900,7.2100,7.1900,7.2000,187300,1347776.0000,3
2025-08-20,20250820133500000,sz.002225,7.2000,7.2300,7.1900,7.2100,507200,3658736.0000,3
2025-08-20,20250820134000000,sz.002225,7.2100,7.2200,7.2000,7.2100,316500,2282864.0000,3
2025-08-20,20250820134500000,sz.002225,7.2200,7.2200,7.1900,7.1900,1245800,8962304.0000,3
2025-08-20,20250820135000000,sz.002225,7.1900,7.2000,7.1800,7.1800,511100,3673904.0000,3
2025-08-20,20250820135500000,sz.002225,7.1800,7.1900,7.1800,7.1800,477700,3432288.0000,3
2025-08-20,20250820140000000,sz.002225,7.1900,7.1900,7.1700,7.1900,357700,2568112.0000,3
2025-08-20,20250820140500000,sz.002225,7.1900,7.2100,7.1900,7.2000,215600,1551792.0000,3
2025-08-20,20250820141000000,sz.002225,7.2000,7.2400,7.2000,7.2100,670000,4840928.0000,3
2025-08-20,20250820141500000,sz.002225,7.2200,7.2500,7.2100,7.2400,581200,4206192.0000,3
2025-08-20,20250820142000000,sz.002225,7.2400,7.2400,7.2200,7.2300,457100,3305968.0000,3
2025-08-20,20250820142500000,sz.002225,7.2300,7.2500,7.2200,7.2500,518500,3750704.0000,3
2025-08-20,20250820143000000,sz.002225,7.2500,7.2900,7.2300,7.2800,1336000,9712272.0000,3
2025-08-20,20250820143500000,sz.002225,7.2800,7.3300,7.2800,7.2900,2150500,15710816.0000,3
2025-08-20,20250820144000000,sz.002225,7.2900,7.2900,7.2700,7.2900,856100,6234464.0000,3
2025-08-20,20250820144500000,sz.002225,7.2900,7.3000,7.2600,7.2800,1858700,13532544.0000,3
2025-08-20,20250820145000000,sz.002225,7.2800,7.3200,7.2700,7.2900,1483000,10812448.0000,3
2025-08-20,20250820145500000,sz.002225,7.2900,7.3100,7.2800,7.2900,1205200,8787616.0000,3
2025-08-20,20250820150000000,sz.002225,7.3100,7.3100,7.2800,7.3000,1049100,7657184.0000,3
2025-08-21,20250821093500000,sz.002225,7.3500,7.3500,7.2600,7.2800,2358400,17223144.0000,3
2025-08-21,20250821094000000,sz.002225,7.2800,7.3000,7.2500,7.3000,1199400,8728052.0000,3
2025-08-21,20250821094500000,sz.002225,7.3000,7.3100,7.2500,7.2600,1988800,14500932.0000,3
2025-08-21,20250821095000000,sz.002225,7.2600,7.2700,7.2400,7.2500,954900,6923420.0000,3
2025-08-21,20250821095500000,sz.002225,7.2400,7.2500,7.2000,7.2000,989200,7133764.0000,3
2025-08-21,20250821100000000,sz.002225,7.2100,7.2100,7.1900,7.2100,1637100,11779336.0000,3
2025-08-21,20250821100500000,sz.002225,7.2100,7.2300,7.1800,7.1800,1228400,8848984.0000,3
2025-08-21,20250821101000000,sz.002225,7.1800,7.1900,7.1800,7.1900,751900,5402744.0000,3
2025-08-21,20250821101500000,sz.002225,7.1900,7.2100,7.1900,7.2100,535900,3855080.0000,3
2025-08-21,20250821102000000,sz.002225,7.2100,7.2100,7.1900,7.2000,509300,3667456.0000,3
2025-08-21,20250821102500000,sz.002225,7.2100,7.2100,7.1900,7.2000,393200,2831440.0000,3
2025-08-21,20250821103000000,sz.002225,7.2000,7.2000,7.1800,7.1800,494400,3554064.0000,3
2025-08-21,20250821103500000,sz.002225,7.1800,7.2000,7.1800,7.1900,690400,4960480.0000,3
2025-08-21,20250821104000000,sz.002225,7.2000,7.2000,7.1800,7.1900,293600,2110408.0000,3
2025-08-21,20250821104500000,sz.002225,7.1900,7.2000,7.1800,7.2000,381400,2743416.0000,3
2025-08-21,20250821105000000,sz.002225,7.1900,7.2100,7.1900,7.2000,260100,1871928.0000,3
2025-08-21,20250821105500000,sz.002225,7.2100,7.2200,7.2000,7.2000,271700,1958696.0000,3
2025-08-21,20250821110000000,sz.002225,7.2100,7.2100,7.2000,7.2100,104600,753704.0000,3
2025-08-21,20250821110500000,sz.002225,7.2100,7.2100,7.1900,7.1900,388600,2797272.0000,3
2025-08-21,20250821111000000,sz.002225,7.2000,7.2000,7.1800,7.1800,401600,2887600.0000,3
2025-08-21,20250821111500000,sz.002225,7.1800,7.2000,7.1800,7.1900,347300,2498424.0000,3
2025-08-21,20250821112000000,sz.002225,7.1900,7.1900,7.1800,7.1900,254700,1830984.0000,3
2025-08-21,20250821112500000,sz.002225,7.1900,7.1900,7.1500,7.1600,2230300,15986272.0000,3
2025-08-21,20250821113000000,sz.002225,7.1600,7.1800,7.1600,7.1800,364400,2613264.0000,3
2025-08-21,20250821130500000,sz.002225,7.1800,7.2300,7.1800,7.2000,718600,5175520.0000,3
2025-08-21,20250821131000000,sz.002225,7.2000,7.2100,7.1900,7.2000,278600,2004720.0000,3
2025-08-21,20250821131500000,sz.002225,7.2000,7.2200,7.2000,7.2100,228100,1644864.0000,3
2025-08-21,20250821132000000,sz.002225,7.2100,7.2200,7.2000,7.2100,198900,1433296.0000,3
2025-08-21,20250821132500000,sz.002225,7.2000,7.2100,7.1900,7.2000,262400,1889600.0000,3
2025-08-21,20250821133000000,sz.002225,7.2100,7.2100,7.1800,7.2000,407600,2932208.0000,3
2025-08-21,20250821133500000,sz.002225,7.2000,7.2100,7.1800,7.2100,648400,4666016.0000,3
2025-08-21,20250821134000000,sz.002225,7.2100,7.2300,7.1900,7.2100,1389300,10008640.0000,3
2025-08-21,20250821134500000,sz.002225,7.2100,7.2100,7.1900,7.2100,588000,4234384.0000,3
2025-08-21,20250821135000000,sz.002225,7.2000,7.2400,7.1900,7.2000,843900,6090592.0000,3
2025-08-21,20250821135500000,sz.002225,7.2000,7.2000,7.1800,7.1800,362400,2605072.0000,3
2025-08-21,20250821140000000,sz.002225,7.1900,7.1900,7.1800,7.1800,177600,1276736.0000,3
2025-08-21,20250821140500000,sz.002225,7.1800,7.1900,7.1700,7.1800,474100,3404432.0000,3
2025-08-21,20250821141000000,sz.002225,7.1700,7.1900,7.1700,7.1800,364700,2618656.0000,3
2025-08-21,20250821141500000,sz.002225,7.1800,7.1800,7.1700,7.1800,199400,1430800.0000,3
2025-08-21,20250821142000000,sz.002225,7.1700,7.2300,7.1700,7.1900,809400,5816736.0000,3
2025-08-21,20250821142500000,sz.002225,7.1900,7.1900,7.1600,7.1600,531900,3813408.0000,3
2025-08-21,20250821143000000,sz.002225,7.1700,7.1700,7.1400,7.1500,1947700,13932704.0000,3
2025-08-21,20250821143500000,sz.002225,7.1600,7.1700,7.1200,7.1300,1066700,7621504.0000,3
2025-08-21,20250821144000000,sz.002225,7.1300,7.1300,7.1100,7.1200,1066400,7590496.0000,3
2025-08-21,20250821144500000,sz.002225,7.1200,7.1200,7.0900,7.1000,3201200,22710320.0000,3
2025-08-21,20250821145000000,sz.002225,7.1100,7.1100,7.0900,7.1100,832200,5909696.0000,3
2025-08-21,20250821145500000,sz.002225,7.1000,7.1200,7.1000,7.1100,1163000,8268320.0000,3
2025-08-21,20250821150000000,sz.002225,7.1100,7.1200,7.1000,7.1000,653800,4645376.0000,3
2025-08-22,20250822093500000,sz.002225,7.1300,7.1800,7.0900,7.1300,1611200,11500519.0000,3
2025-08-22,20250822094000000,sz.002225,7.1400,7.1400,7.1000,7.1400,1000800,7122915.0000,3
2025-08-22,20250822094500000,sz.002225,7.1300,7.1500,7.1000,7.1500,795600,5668454.0000,3
2025-08-22,20250822095000000,sz.002225,7.1400,7.2100,7.1400,7.2000,1603200,11512556.0000,3
2025-08-22,20250822095500000,sz.002225,7.2000,7.2000,7.1600,7.1700,1282800,9213248.0000,3
2025-08-22,20250822100000000,sz.002225,7.1700,7.1700,7.1100,7.1200,964300,6879884.0000,3
2025-08-22,20250822100500000,sz.002225,7.1100,7.1300,7.1000,7.1100,617800,4393588.0000,3
2025-08-22,20250822101000000,sz.002225,7.1100,7.1100,7.1000,7.1000,527900,3751316.0000,3
2025-08-22,20250822101500000,sz.002225,7.1000,7.1200,7.0900,7.1200,661200,4696232.0000,3
2025-08-22,20250822102000000,sz.002225,7.1100,7.1200,7.0900,7.1000,774900,5500968.0000,3
2025-08-22,20250822102500000,sz.002225,7.0900,7.1000,7.0600,7.0600,1752600,12396472.0000,3
2025-08-22,20250822103000000,sz.002225,7.0600,7.0600,7.0000,7.0000,4219900,29613568.0000,3
2025-08-22,20250822103500000,sz.002225,7.0000,7.0300,6.9800,6.9900,2648900,18539360.0000,3
2025-08-22,20250822104000000,sz.002225,6.9900,7.0300,6.9600,7.0200,2066200,14415624.0000,3
2025-08-22,20250822104500000,sz.002225,7.0300,7.0800,7.0200,7.0800,1233000,8688176.0000,3
2025-08-22,20250822105000000,sz.002225,7.0800,7.0900,7.0400,7.0500,875100,6185632.0000,3
2025-08-22,20250822105500000,sz.002225,7.0500,7.0900,7.0400,7.0800,408800,2886704.0000,3
2025-08-22,20250822110000000,sz.002225,7.0800,7.1000,7.0700,7.0800,664100,4706480.0000,3
2025-08-22,20250822110500000,sz.002225,7.0700,7.1000,7.0600,7.0900,401200,2841104.0000,3
2025-08-22,20250822111000000,sz.002225,7.0900,7.1000,7.0700,7.0700,670300,4753808.0000,3
2025-08-22,20250822111500000,sz.002225,7.0700,7.0900,7.0700,7.0700,111700,790848.0000,3
2025-08-22,20250822112000000,sz.002225,7.0700,7.0900,7.0600,7.0700,227200,1607248.0000,3
2025-08-22,20250822112500000,sz.002225,7.0700,7.0800,7.0600,7.0700,257500,1820368.0000,3
2025-08-22,20250822113000000,sz.002225,7.0600,7.1200,7.0600,7.1100,997600,7072944.0000,3
2025-08-22,20250822130500000,sz.002225,7.1200,7.1200,7.0400,7.0400,1504300,10645424.0000,3
2025-08-22,20250822131000000,sz.002225,7.0400,7.0900,7.0200,7.0900,1112700,7848912.0000,3
2025-08-22,20250822131500000,sz.002225,7.0900,7.0900,7.0800,7.0900,308300,2184432.0000,3
2025-08-22,20250822132000000,sz.002225,7.0900,7.0900,7.0600,7.0600,565000,3996688.0000,3
2025-08-22,20250822132500000,sz.002225,7.0600,7.0800,7.0500,7.0700,451800,3190992.0000,3
2025-08-22,20250822133000000,sz.002225,7.0500,7.0700,7.0300,7.0600,349000,2460240.0000,3
2025-08-22,20250822133500000,sz.002225,7.0700,7.1100,7.0600,7.1100,654800,4638496.0000,3
2025-08-22,20250822134000000,sz.002225,7.1000,7.1100,7.0600,7.0800,545400,3863264.0000,3
2025-08-22,20250822134500000,sz.002225,7.0700,7.0700,7.0500,7.0500,844400,5957632.0000,3
2025-08-22,20250822135000000,sz.002225,7.0500,7.0700,7.0500,7.0600,275500,1944288.0000,3
2025-08-22,20250822135500000,sz.002225,7.0500,7.0700,7.0500,7.0500,347700,2452928.0000,3
2025-08-22,20250822140000000,sz.002225,7.0500,7.0600,7.0200,7.0300,656700,4619248.0000,3
2025-08-22,20250822140500000,sz.002225,7.0400,7.0500,7.0200,7.0300,555000,3901376.0000,3
2025-08-22,20250822141000000,sz.002225,7.0200,7.0400,7.0000,7.0200,3389900,23763328.0000,3
2025-08-22,20250822141500000,sz.002225,7.0200,7.0300,6.9900,7.0000,1551800,10867472.0000,3
2025-08-22,20250822142000000,sz.002225,6.9900,7.0100,6.9900,6.9900,1017700,7119744.0000,3
2025-08-22,20250822142500000,sz.002225,6.9900,7.0000,6.9500,6.9700,2155800,15031904.0000,3
2025-08-22,20250822143000000,sz.002225,6.9700,6.9900,6.9600,6.9900,886900,6188128.0000,3
2025-08-22,20250822143500000,sz.002225,6.9900,6.9900,6.9700,6.9800,756900,5281824.0000,3
2025-08-22,20250822144000000,sz.002225,6.9700,7.0000,6.9700,6.9900,1352200,9435648.0000,3
2025-08-22,20250822144500000,sz.002225,6.9800,7.0200,6.9800,7.0000,1012600,7084608.0000,3
2025-08-22,20250822145000000,sz.002225,7.0000,7.0200,7.0000,7.0100,1007500,7059680.0000,3
2025-08-22,20250822145500000,sz.002225,7.0000,7.0100,7.0000,7.0100,864900,6057632.0000,3
2025-08-22,20250822150000000,sz.002225,7.0100,7.0100,7.0000,7.0100,1088400,7627392.0000,3
2025-08-25,20250825093500000,sz.002225,7.0000,7.0600,6.9700,6.9800,4705200,32954942.0000,3
2025-08-25,20250825094000000,sz.002225,6.9700,6.9700,6.8800,6.8900,4831000,33407442.0000,3
2025-08-25,20250825094500000,sz.002225,6.8900,6.9700,6.8800,6.9600,3253700,22487248.0000,3
2025-08-25,20250825095000000,sz.002225,6.9700,7.0000,6.9600,6.9800,995800,6953640.0000,3
2025-08-25,20250825095500000,sz.002225,6.9800,7.0400,6.9700,7.0200,1582600,11105984.0000,3
2025-08-25,20250825100000000,sz.002225,7.0200,7.0500,7.0200,7.0400,706700,4971264.0000,3
2025-08-25,20250825100500000,sz.002225,7.0400,7.0500,7.0200,7.0300,967100,6802616.0000,3
2025-08-25,20250825101000000,sz.002225,7.0400,7.0700,7.0300,7.0600,975000,6879576.0000,3
2025-08-25,20250825101500000,sz.002225,7.0500,7.0600,7.0300,7.0300,708200,4988984.0000,3
2025-08-25,20250825102000000,sz.002225,7.0400,7.0400,7.0000,7.0100,1884000,13206672.0000,3
2025-08-25,20250825102500000,sz.002225,7.0100,7.0200,6.9800,6.9800,1268200,8870272.0000,3
2025-08-25,20250825103000000,sz.002225,6.9900,6.9900,6.9700,6.9700,869800,6069744.0000,3
2025-08-25,20250825103500000,sz.002225,6.9700,6.9900,6.9400,6.9800,3488300,24301520.0000,3
2025-08-25,20250825104000000,sz.002225,6.9800,7.0200,6.9700,7.0000,977200,6834800.0000,3
2025-08-25,20250825104500000,sz.002225,6.9900,7.0200,6.9700,7.0000,1645500,11527648.0000,3
2025-08-25,20250825105000000,sz.002225,6.9900,7.0000,6.9300,6.9400,2290000,15910560.0000,3
2025-08-25,20250825105500000,sz.002225,6.9400,6.9500,6.9000,6.9100,2171200,15009632.0000,3
2025-08-25,20250825110000000,sz.002225,6.9100,6.9600,6.9100,6.9500,935300,6480624.0000,3
2025-08-25,20250825110500000,sz.002225,6.9500,6.9500,6.9100,6.9200,856700,5935072.0000,3
2025-08-25,20250825111000000,sz.002225,6.9100,6.9300,6.8800,6.9200,1996500,13777456.0000,3
2025-08-25,20250825111500000,sz.002225,6.9300,6.9300,6.9100,6.9100,509700,3524864.0000,3
2025-08-25,20250825112000000,sz.002225,6.9200,6.9200,6.9000,6.9100,513100,3545568.0000,3
2025-08-25,20250825112500000,sz.002225,6.9200,6.9300,6.8900,6.9200,1447700,9992080.0000,3
2025-08-25,20250825113000000,sz.002225,6.9300,6.9600,6.9200,6.9200,546000,3790784.0000,3
2025-08-25,20250825130500000,sz.002225,6.9300,6.9400,6.8800,6.9000,1344500,9278432.0000,3
2025-08-25,20250825131000000,sz.002225,6.9000,6.9200,6.8900,6.9100,1782900,12287616.0000,3
2025-08-25,20250825131500000,sz.002225,6.9200,6.9200,6.8900,6.9000,922100,6363680.0000,3
2025-08-25,20250825132000000,sz.002225,6.8800,6.8900,6.8700,6.8800,2008300,13820736.0000,3
2025-08-25,20250825132500000,sz.002225,6.8800,6.8900,6.8700,6.8800,724700,4985216.0000,3
2025-08-25,20250825133000000,sz.002225,6.8800,6.8800,6.8500,6.8600,1249100,8572832.0000,3
2025-08-25,20250825133500000,sz.002225,6.8600,6.8700,6.8500,6.8600,1144800,7847296.0000,3
2025-08-25,20250825134000000,sz.002225,6.8500,6.8700,6.8500,6.8700,403300,2765056.0000,3
2025-08-25,20250825134500000,sz.002225,6.8700,6.8800,6.8600,6.8700,698200,4796000.0000,3
2025-08-25,20250825135000000,sz.002225,6.8700,6.9000,6.8600,6.8900,660800,4546368.0000,3
2025-08-25,20250825135500000,sz.002225,6.8900,6.8900,6.8700,6.8800,385000,2649984.0000,3
2025-08-25,20250825140000000,sz.002225,6.8900,6.9100,6.8800,6.9000,178700,1231968.0000,3
2025-08-25,20250825140500000,sz.002225,6.9100,6.9100,6.8600,6.8800,499200,3436224.0000,3
2025-08-25,20250825141000000,sz.002225,6.8800,6.9000,6.8700,6.8900,446700,3073248.0000,3
2025-08-25,20250825141500000,sz.002225,6.8800,6.8900,6.8700,6.8800,720000,4954080.0000,3
2025-08-25,20250825142000000,sz.002225,6.9100,6.9100,6.8900,6.9100,287400,1982528.0000,3
2025-08-25,20250825142500000,sz.002225,6.9000,6.9300,6.9000,6.9100,654000,4520576.0000,3
2025-08-25,20250825143000000,sz.002225,6.9100,6.9200,6.9000,6.9100,376500,2601088.0000,3
2025-08-25,20250825143500000,sz.002225,6.9200,6.9200,6.9000,6.9000,478600,3304768.0000,3
2025-08-25,20250825144000000,sz.002225,6.9100,6.9100,6.8800,6.9000,1262600,8700320.0000,3
2025-08-25,20250825144500000,sz.002225,6.9000,6.9000,6.8900,6.9000,502300,3463904.0000,3
2025-08-25,20250825145000000,sz.002225,6.9000,6.9100,6.8900,6.9000,650500,4486400.0000,3
2025-08-25,20250825145500000,sz.002225,6.9000,6.9100,6.8900,6.9000,721300,4976128.0000,3
2025-08-25,20250825150000000,sz.002225,6.9000,6.9000,6.8900,6.9000,794400,5479712.0000,3
2025-08-26,20250826093500000,sz.002225,6.9400,6.9800,6.8900,6.9200,3531000,24482184.0000,3
2025-08-26,20250826094000000,sz.002225,6.9100,6.9200,6.8700,6.8900,1607200,11074552.0000,3
2025-08-26,20250826094500000,sz.002225,6.8800,6.8900,6.8700,6.8800,993900,6836368.0000,3
2025-08-26,20250826095000000,sz.002225,6.8800,6.8900,6.8600,6.8700,1006100,6918448.0000,3
2025-08-26,20250826095500000,sz.002225,6.8600,6.8900,6.8600,6.8800,632300,4346884.0000,3
2025-08-26,20250826100000000,sz.002225,6.8700,6.9300,6.8700,6.9300,838700,5797052.0000,3
2025-08-26,20250826100500000,sz.002225,6.9400,6.9500,6.9200,6.9300,815400,5653704.0000,3
2025-08-26,20250826101000000,sz.002225,6.9300,6.9400,6.9000,6.9300,1444300,9985336.0000,3
2025-08-26,20250826101500000,sz.002225,6.9300,6.9300,6.9100,6.9200,381300,2640672.0000,3
2025-08-26,20250826102000000,sz.002225,6.9200,6.9300,6.9100,6.9200,570000,3944544.0000,3
2025-08-26,20250826102500000,sz.002225,6.9100,6.9200,6.8900,6.8900,369500,2548800.0000,3
2025-08-26,20250826103000000,sz.002225,6.8900,6.9000,6.8900,6.9000,388200,2675848.0000,3
2025-08-26,20250826103500000,sz.002225,6.8900,6.9300,6.8900,6.9100,730300,5045696.0000,3
2025-08-26,20250826104000000,sz.002225,6.9200,6.9500,6.9000,6.9200,2630100,18211264.0000,3
2025-08-26,20250826104500000,sz.002225,6.9300,6.9400,6.8900,6.9000,1282900,8857352.0000,3
2025-08-26,20250826105000000,sz.002225,6.9100,6.9200,6.9000,6.9000,295500,2042352.0000,3
2025-08-26,20250826105500000,sz.002225,6.9000,6.9200,6.9000,6.9100,325800,2252672.0000,3
2025-08-26,20250826110000000,sz.002225,6.9100,6.9100,6.8900,6.9100,388500,2681376.0000,3
2025-08-26,20250826110500000,sz.002225,6.9000,6.9100,6.8900,6.9100,310000,2139400.0000,3
2025-08-26,20250826111000000,sz.002225,6.9000,6.9100,6.8900,6.9100,1129400,7791720.0000,3
2025-08-26,20250826111500000,sz.002225,6.9100,6.9100,6.8900,6.8900,282600,1950352.0000,3
2025-08-26,20250826112000000,sz.002225,6.8900,6.9200,6.8900,6.9200,936900,6465600.0000,3
2025-08-26,20250826112500000,sz.002225,6.9200,6.9200,6.9000,6.9200,152200,1051840.0000,3
2025-08-26,20250826113000000,sz.002225,6.9100,6.9300,6.9000,6.9300,281200,1944816.0000,3
2025-08-26,20250826130500000,sz.002225,6.9200,6.9400,6.9000,6.9100,608500,4211376.0000,3
2025-08-26,20250826131000000,sz.002225,6.9100,6.9100,6.8900,6.8900,511300,3528032.0000,3
2025-08-26,20250826131500000,sz.002225,6.9000,6.9000,6.8700,6.8800,854600,5884640.0000,3
2025-08-26,20250826132000000,sz.002225,6.8800,6.9000,6.8700,6.9000,715700,4928880.0000,3
2025-08-26,20250826132500000,sz.002225,6.9000,6.9000,6.8700,6.8800,330800,2275440.0000,3
2025-08-26,20250826133000000,sz.002225,6.8700,6.8800,6.8700,6.8800,301300,2070464.0000,3
2025-08-26,20250826133500000,sz.002225,6.8700,6.8800,6.8600,6.8700,333000,2287552.0000,3
2025-08-26,20250826134000000,sz.002225,6.8700,6.8800,6.8700,6.8700,387000,2659616.0000,3
2025-08-26,20250826134500000,sz.002225,6.8700,6.8800,6.8600,6.8600,889100,6102816.0000,3
2025-08-26,20250826135000000,sz.002225,6.8600,6.8700,6.8500,6.8600,1313400,9003168.0000,3
2025-08-26,20250826135500000,sz.002225,6.8600,6.8700,6.8600,6.8600,607700,4171840.0000,3
2025-08-26,20250826140000000,sz.002225,6.8600,6.8700,6.8500,6.8600,1604400,11005472.0000,3
2025-08-26,20250826140500000,sz.002225,6.8600,6.8700,6.8500,6.8700,590300,4050128.0000,3
2025-08-26,20250826141000000,sz.002225,6.8600,6.8700,6.8600,6.8600,247100,1695520.0000,3
2025-08-26,20250826141500000,sz.002225,6.8600,6.8700,6.8500,6.8600,442800,3038240.0000,3
2025-08-26,20250826142000000,sz.002225,6.8600,6.8700,6.8500,6.8600,883900,6056384.0000,3
2025-08-26,20250826142500000,sz.002225,6.8500,6.8600,6.8300,6.8500,1356600,9282048.0000,3
2025-08-26,20250826143000000,sz.002225,6.8400,6.8500,6.8300,6.8500,501000,3427824.0000,3
2025-08-26,20250826143500000,sz.002225,6.8500,6.8500,6.8100,6.8100,2225600,15182144.0000,3
2025-08-26,20250826144000000,sz.002225,6.8200,6.8200,6.7900,6.7900,2368500,16104832.0000,3
2025-08-26,20250826144500000,sz.002225,6.7900,6.8000,6.7700,6.7800,1381800,9369152.0000,3
2025-08-26,20250826145000000,sz.002225,6.7700,6.7800,6.7500,6.7600,2893500,19559232.0000,3
2025-08-26,20250826145500000,sz.002225,6.7600,6.7600,6.7400,6.7400,1801800,12158144.0000,3
2025-08-26,20250826150000000,sz.002225,6.7500,6.7900,6.7500,6.7900,699800,4735200.0000,3
2025-08-27,20250827093500000,sz.002225,6.7800,6.8100,6.7600,6.7800,1786500,12114433.0000,3
2025-08-27,20250827094000000,sz.002225,6.7800,6.7900,6.7400,6.7400,1510600,10205795.0000,3
2025-08-27,20250827094500000,sz.002225,6.7300,6.7500,6.7000,6.7200,2636500,17721816.0000,3
2025-08-27,20250827095000000,sz.002225,6.7300,6.7300,6.6900,6.7200,1750400,11737244.0000,3
2025-08-27,20250827095500000,sz.002225,6.7100,6.7500,6.7100,6.7400,1058000,7122960.0000,3
2025-08-27,20250827100000000,sz.002225,6.7400,6.7500,6.7000,6.7100,1205800,8102448.0000,3
2025-08-27,20250827100500000,sz.002225,6.7000,6.7900,6.7000,6.7600,2713700,18327184.0000,3
2025-08-27,20250827101000000,sz.002225,6.7600,6.7800,6.7500,6.7800,613400,4148744.0000,3
2025-08-27,20250827101500000,sz.002225,6.7800,6.7800,6.7300,6.7500,854500,5770952.0000,3
2025-08-27,20250827102000000,sz.002225,6.7500,6.7500,6.7300,6.7400,592900,3996392.0000,3
2025-08-27,20250827102500000,sz.002225,6.7400,6.7600,6.7400,6.7500,346700,2340104.0000,3
2025-08-27,20250827103000000,sz.002225,6.7500,6.7600,6.7300,6.7400,1442900,9727360.0000,3
2025-08-27,20250827103500000,sz.002225,6.7300,6.7400,6.7200,6.7300,380600,2561312.0000,3
2025-08-27,20250827104000000,sz.002225,6.7300,6.7400,6.7000,6.7000,1911000,12823736.0000,3
2025-08-27,20250827104500000,sz.002225,6.7100,6.7200,6.7000,6.7100,724100,4855824.0000,3
2025-08-27,20250827105000000,sz.002225,6.7100,6.7200,6.6900,6.7000,1040500,6972112.0000,3
2025-08-27,20250827105500000,sz.002225,6.6900,6.7100,6.6900,6.6900,1421200,9514464.0000,3
2025-08-27,20250827110000000,sz.002225,6.6900,6.7100,6.6900,6.7100,721300,4827392.0000,3
2025-08-27,20250827110500000,sz.002225,6.7100,6.7300,6.7100,6.7200,313900,2108144.0000,3
2025-08-27,20250827111000000,sz.002225,6.7200,6.7500,6.7200,6.7500,401300,2701376.0000,3
2025-08-27,20250827111500000,sz.002225,6.7500,6.7600,6.7400,6.7500,592300,3998592.0000,3
2025-08-27,20250827112000000,sz.002225,6.7500,6.7500,6.7100,6.7100,644800,4339792.0000,3
2025-08-27,20250827112500000,sz.002225,6.7100,6.7400,6.7000,6.7000,997200,6694576.0000,3
2025-08-27,20250827113000000,sz.002225,6.7000,6.7200,6.7000,6.7100,715400,4798096.0000,3
2025-08-27,20250827130500000,sz.002225,6.7100,6.7400,6.7000,6.7000,1205100,8091504.0000,3
2025-08-27,20250827131000000,sz.002225,6.7000,6.7000,6.6500,6.6800,4939000,32935168.0000,3
2025-08-27,20250827131500000,sz.002225,6.6800,6.6900,6.6700,6.6900,818100,5463856.0000,3
2025-08-27,20250827132000000,sz.002225,6.7000,6.7300,6.6900,6.7100,718400,4818432.0000,3
2025-08-27,20250827132500000,sz.002225,6.7100,6.7600,6.7100,6.7400,941600,6345392.0000,3
2025-08-27,20250827133000000,sz.002225,6.7400,6.7600,6.7300,6.7500,593500,4005472.0000,3
2025-08-27,20250827133500000,sz.002225,6.7500,6.7600,6.6900,6.6900,1714400,11505072.0000,3
2025-08-27,20250827134000000,sz.002225,6.6900,6.7000,6.6800,6.6800,643400,4301888.0000,3
2025-08-27,20250827134500000,sz.002225,6.6800,6.7300,6.6800,6.6800,796300,5330560.0000,3
2025-08-27,20250827135000000,sz.002225,6.6700,6.7000,6.6700,6.6700,813300,5435648.0000,3
2025-08-27,20250827135500000,sz.002225,6.6900,6.6900,6.6500,6.6500,749400,4993664.0000,3
2025-08-27,20250827140000000,sz.002225,6.6500,6.6700,6.6400,6.6500,1790000,11911936.0000,3
2025-08-27,20250827140500000,sz.002225,6.6500,6.6800,6.6500,6.6700,673000,4485952.0000,3
2025-08-27,20250827141000000,sz.002225,6.6700,6.6800,6.6600,6.6700,390900,2604640.0000,3
2025-08-27,20250827141500000,sz.002225,6.6700,6.6700,6.6400,6.6500,949300,6316128.0000,3
2025-08-27,20250827142000000,sz.002225,6.6500,6.6600,6.6300,6.6300,606100,4022752.0000,3
2025-08-27,20250827142500000,sz.002225,6.6200,6.6300,6.6000,6.6100,1177300,7790464.0000,3
2025-08-27,20250827143000000,sz.002225,6.6000,6.6100,6.5700,6.5900,1515100,9986912.0000,3
2025-08-27,20250827143500000,sz.002225,6.5800,6.5900,6.5500,6.5700,1665000,10949344.0000,3
2025-08-27,20250827144000000,sz.002225,6.5900,6.5900,6.5400,6.5500,1371400,8998752.0000,3
2025-08-27,20250827144500000,sz.002225,6.5500,6.5500,6.5300,6.5400,2594800,16975296.0000,3
2025-08-27,20250827145000000,sz.002225,6.5400,6.5500,6.5000,6.5400,2490500,16243616.0000,3
2025-08-27,20250827145500000,sz.002225,6.5300,6.5400,6.5200,6.5400,1190500,7775904.0000,3
2025-08-27,20250827150000000,sz.002225,6.5300,6.5400,6.5000,6.5000,2732400,17796640.0000,3
2025-08-28,20250828093500000,sz.002225,6.5000,6.5600,6.5000,6.5300,2539600,16584269.0000,3
2025-08-28,20250828094000000,sz.002225,6.5200,6.5300,6.4800,6.4900,1673700,10892523.0000,3
2025-08-28,20250828094500000,sz.002225,6.4800,6.5200,6.4800,6.5000,1958700,12734020.0000,3
2025-08-28,20250828095000000,sz.002225,6.5000,6.5200,6.4400,6.4700,2320200,15018848.0000,3
2025-08-28,20250828095500000,sz.002225,6.4700,6.5000,6.4400,6.4600,5644200,36377628.0000,3
2025-08-28,20250828100000000,sz.002225,6.4500,6.4500,6.3900,6.3900,3733200,23908936.0000,3
2025-08-28,20250828100500000,sz.002225,6.4000,6.4000,6.3600,6.3700,2357600,15054728.0000,3
2025-08-28,20250828101000000,sz.002225,6.3700,6.3800,6.3300,6.3700,2885600,18327144.0000,3
2025-08-28,20250828101500000,sz.002225,6.3800,6.4200,6.3700,6.4200,1528800,9771776.0000,3
2025-08-28,20250828102000000,sz.002225,6.4200,6.4300,6.3800,6.3900,1637800,10481936.0000,3
2025-08-28,20250828102500000,sz.002225,6.4100,6.4100,6.3800,6.4000,432000,2763072.0000,3
2025-08-28,20250828103000000,sz.002225,6.4100,6.4500,6.4000,6.4500,916800,5892800.0000,3
2025-08-28,20250828103500000,sz.002225,6.4500,6.4700,6.4400,6.4600,598700,3864384.0000,3
2025-08-28,20250828104000000,sz.002225,6.4600,6.5000,6.4600,6.4700,671700,4357648.0000,3
2025-08-28,20250828104500000,sz.002225,6.4700,6.4900,6.4500,6.4800,865000,5599072.0000,3
2025-08-28,20250828105000000,sz.002225,6.4800,6.4900,6.4500,6.4600,713700,4614736.0000,3
2025-08-28,20250828105500000,sz.002225,6.4700,6.4700,6.4500,6.4500,359200,2320848.0000,3
2025-08-28,20250828110000000,sz.002225,6.4500,6.4600,6.4500,6.4500,426700,2753904.0000,3
2025-08-28,20250828110500000,sz.002225,6.4500,6.4600,6.4300,6.4300,652200,4202064.0000,3
2025-08-28,20250828111000000,sz.002225,6.4400,6.4600,6.4300,6.4300,767800,4953840.0000,3
2025-08-28,20250828111500000,sz.002225,6.4200,6.4300,6.3800,6.4000,865600,5543408.0000,3
2025-08-28,20250828112000000,sz.002225,6.3900,6.3900,6.3600,6.3600,1210800,7709712.0000,3
2025-08-28,20250828112500000,sz.002225,6.3600,6.3600,6.3000,6.3000,2347200,14841120.0000,3
2025-08-28,20250828113000000,sz.002225,6.3000,6.3400,6.3000,6.3200,769100,4862416.0000,3
2025-08-28,20250828130500000,sz.002225,6.3400,6.4000,6.3400,6.3800,780900,4976000.0000,3
2025-08-28,20250828131000000,sz.002225,6.3700,6.3900,6.3500,6.3800,1001100,6373168.0000,3
2025-08-28,20250828131500000,sz.002225,6.3800,6.4300,6.3600,6.3700,2197200,14009120.0000,3
2025-08-28,20250828132000000,sz.002225,6.3600,6.4100,6.3600,6.3900,507100,3243584.0000,3
2025-08-28,20250828132500000,sz.002225,6.4000,6.4000,6.3300,6.3300,1139300,7246656.0000,3
2025-08-28,20250828133000000,sz.002225,6.3300,6.3400,6.3100,6.3200,852300,5389856.0000,3
2025-08-28,20250828133500000,sz.002225,6.3100,6.3300,6.2800,6.3000,1489500,9387776.0000,3
2025-08-28,20250828134000000,sz.002225,6.3000,6.3500,6.3000,6.3500,723800,4579552.0000,3
2025-08-28,20250828134500000,sz.002225,6.3400,6.3900,6.3400,6.3800,551900,3508224.0000,3
2025-08-28,20250828135000000,sz.002225,6.3800,6.4500,6.3800,6.4300,1189900,7631872.0000,3
2025-08-28,20250828135500000,sz.002225,6.4300,6.4400,6.4000,6.4100,498300,3197312.0000,3
2025-08-28,20250828140000000,sz.002225,6.4100,6.4200,6.4000,6.4100,339500,2177504.0000,3
2025-08-28,20250828140500000,sz.002225,6.4200,6.4400,6.4000,6.4400,703900,4524736.0000,3
2025-08-28,20250828141000000,sz.002225,6.4500,6.4500,6.4200,6.4300,283200,1821216.0000,3
2025-08-28,20250828141500000,sz.002225,6.4200,6.4500,6.4100,6.4400,539200,3469632.0000,3
2025-08-28,20250828142000000,sz.002225,6.4500,6.4700,6.4400,6.4500,478000,3084128.0000,3
2025-08-28,20250828142500000,sz.002225,6.4500,6.4600,6.4100,6.4100,363700,2340672.0000,3
2025-08-28,20250828143000000,sz.002225,6.4200,6.4300,6.3800,6.4000,1280100,8200224.0000,3
2025-08-28,20250828143500000,sz.002225,6.4000,6.4300,6.4000,6.4300,672700,4313248.0000,3
2025-08-28,20250828144000000,sz.002225,6.4300,6.4300,6.4000,6.4100,1187100,7612640.0000,3
2025-08-28,20250828144500000,sz.002225,6.4000,6.4300,6.4000,6.4200,982900,6308192.0000,3
2025-08-28,20250828145000000,sz.002225,6.4300,6.4500,6.4200,6.4500,1080500,6957536.0000,3
2025-08-28,20250828145500000,sz.002225,6.4500,6.4700,6.4400,6.4700,1205800,7783616.0000,3
2025-08-28,20250828150000000,sz.002225,6.4700,6.4800,6.4600,6.4700,618000,3997152.0000,3
2025-08-29,20250829093500000,sz.002225,6.5700,6.5700,6.4400,6.4500,3883400,25235130.0000,3
2025-08-29,20250829094000000,sz.002225,6.4500,6.4500,6.3800,6.4100,1474000,9457870.0000,3
2025-08-29,20250829094500000,sz.002225,6.4100,6.4100,6.3500,6.3600,1760900,11226072.0000,3
2025-08-29,20250829095000000,sz.002225,6.3500,6.3800,6.3400,6.3700,2052500,13075444.0000,3
2025-08-29,20250829095500000,sz.002225,6.3700,6.3800,6.3500,6.3500,1353700,8610916.0000,3
2025-08-29,20250829100000000,sz.002225,6.3400,6.3700,6.3300,6.3500,1580300,10034280.0000,3
2025-08-29,20250829100500000,sz.002225,6.3600,6.3700,6.3500,6.3700,775400,4928048.0000,3
2025-08-29,20250829101000000,sz.002225,6.3500,6.3700,6.3300,6.3300,1451800,9214592.0000,3
2025-08-29,20250829101500000,sz.002225,6.3400,6.3500,6.3200,6.3300,1534700,9715160.0000,3
2025-08-29,20250829102000000,sz.002225,6.3300,6.3400,6.3100,6.3300,2047500,12952856.0000,3
2025-08-29,20250829102500000,sz.002225,6.3300,6.3700,6.3300,6.3500,1662800,10551008.0000,3
2025-08-29,20250829103000000,sz.002225,6.3500,6.3900,6.3400,6.3900,652100,4148464.0000,3
2025-08-29,20250829103500000,sz.002225,6.3900,6.3900,6.3700,6.3700,430900,2750720.0000,3
2025-08-29,20250829104000000,sz.002225,6.3800,6.3800,6.3600,6.3700,413800,2636624.0000,3
2025-08-29,20250829104500000,sz.002225,6.3800,6.3800,6.3500,6.3600,625200,3975888.0000,3
2025-08-29,20250829105000000,sz.002225,6.3600,6.3900,6.3500,6.3700,517800,3298640.0000,3
2025-08-29,20250829105500000,sz.002225,6.3700,6.3800,6.3600,6.3600,451500,2873728.0000,3
2025-08-29,20250829110000000,sz.002225,6.3700,6.3800,6.3600,6.3600,421800,2685504.0000,3
2025-08-29,20250829110500000,sz.002225,6.3600,6.3700,6.3500,6.3600,1011900,6435552.0000,3
2025-08-29,20250829111000000,sz.002225,6.3600,6.3700,6.3300,6.3300,1199600,7615712.0000,3
2025-08-29,20250829111500000,sz.002225,6.3300,6.3500,6.3300,6.3400,579400,3672736.0000,3
2025-08-29,20250829112000000,sz.002225,6.3400,6.3400,6.3200,6.3400,690000,4362784.0000,3
2025-08-29,20250829112500000,sz.002225,6.3400,6.3400,6.3200,6.3300,216000,1367744.0000,3
2025-08-29,20250829113000000,sz.002225,6.3200,6.3400,6.3200,6.3300,153300,970192.0000,3
2025-08-29,20250829130500000,sz.002225,6.3400,6.3500,6.3200,6.3400,381800,2418208.0000,3
2025-08-29,20250829131000000,sz.002225,6.3400,6.3600,6.3400,6.3400,371700,2360496.0000,3
2025-08-29,20250829131500000,sz.002225,6.3500,6.3500,6.3300,6.3400,290900,1844352.0000,3
2025-08-29,20250829132000000,sz.002225,6.3400,6.3500,6.3200,6.3300,438200,2776496.0000,3
2025-08-29,20250829132500000,sz.002225,6.3300,6.3300,6.3100,6.3200,391000,2469936.0000,3
2025-08-29,20250829133000000,sz.002225,6.3200,6.3200,6.3000,6.3100,577000,3640464.0000,3
2025-08-29,20250829133500000,sz.002225,6.3100,6.3200,6.3000,6.3200,425100,2681088.0000,3
2025-08-29,20250829134000000,sz.002225,6.3300,6.3600,6.3100,6.3600,585100,3705280.0000,3
2025-08-29,20250829134500000,sz.002225,6.3500,6.3500,6.2900,6.3000,4208400,26556976.0000,3
2025-08-29,20250829135000000,sz.002225,6.3000,6.3000,6.2800,6.2900,643100,4044560.0000,3
2025-08-29,20250829135500000,sz.002225,6.2900,6.3000,6.2800,6.3000,402700,2532816.0000,3
2025-08-29,20250829140000000,sz.002225,6.3000,6.3100,6.2900,6.3000,478500,3013360.0000,3
2025-08-29,20250829140500000,sz.002225,6.3000,6.3100,6.2900,6.3000,369000,2325232.0000,3
2025-08-29,20250829141000000,sz.002225,6.2900,6.3100,6.2900,6.3000,342200,2154144.0000,3
2025-08-29,20250829141500000,sz.002225,6.2900,6.3000,6.2800,6.3000,427900,2690864.0000,3
2025-08-29,20250829142000000,sz.002225,6.3000,6.3000,6.2800,6.2900,412100,2590480.0000,3
2025-08-29,20250829142500000,sz.002225,6.2900,6.2900,6.2600,6.2600,727700,4564288.0000,3
2025-08-29,20250829143000000,sz.002225,6.2600,6.2700,6.2200,6.2400,3696000,23076592.0000,3
2025-08-29,20250829143500000,sz.002225,6.2400,6.2500,6.2300,6.2400,842700,5260688.0000,3
2025-08-29,20250829144000000,sz.002225,6.2400,6.2500,6.2200,6.2300,1621600,10103104.0000,3
2025-08-29,20250829144500000,sz.002225,6.2400,6.2400,6.2200,6.2300,1396500,8697664.0000,3
2025-08-29,20250829145000000,sz.002225,6.2400,6.2600,6.2300,6.2400,1964200,12253824.0000,3
2025-08-29,20250829145500000,sz.002225,6.2400,6.2400,6.1900,6.2100,4706900,29229568.0000,3
2025-08-29,20250829150000000,sz.002225,6.2200,6.2300,6.1900,6.2000,8811000,54620320.0000,3
2025-09-01,20250901093500000,sz.002225,6.2100,6.2400,6.1600,6.1800,3014700,18684020.0000,3
2025-09-01,20250901094000000,sz.002225,6.1700,6.2500,6.1700,6.2400,2212600,13748648.0000,3
2025-09-01,20250901094500000,sz.002225,6.2300,6.2500,6.2100,6.2100,1470100,9156816.0000,3
2025-09-01,20250901095000000,sz.002225,6.2100,6.2400,6.2100,6.2400,779600,4854756.0000,3
2025-09-01,20250901095500000,sz.002225,6.2400,6.2400,6.2100,6.2400,1198800,7459444.0000,3
2025-09-01,20250901100000000,sz.002225,6.2400,6.3300,6.2200,6.3300,2503600,15717084.0000,3
2025-09-01,20250901100500000,sz.002225,6.3300,6.4200,6.3100,6.3600,5658900,36063096.0000,3
2025-09-01,20250901101000000,sz.002225,6.3700,6.4200,6.3600,6.3700,3171200,20293400.0000,3
2025-09-01,20250901101500000,sz.002225,6.3800,6.4400,6.3800,6.4300,2349100,15069296.0000,3
2025-09-01,20250901102000000,sz.002225,6.4300,6.4400,6.4100,6.4200,2147100,13804512.0000,3
2025-09-01,20250901102500000,sz.002225,6.4200,6.4300,6.3800,6.4100,1760600,11264992.0000,3
2025-09-01,20250901103000000,sz.002225,6.4100,6.4300,6.3800,6.3900,1997300,12791296.0000,3
2025-09-01,20250901103500000,sz.002225,6.3900,6.4200,6.3900,6.4000,926600,5932800.0000,3
2025-09-01,20250901104000000,sz.002225,6.4000,6.4100,6.3900,6.4000,721300,4615280.0000,3
2025-09-01,20250901104500000,sz.002225,6.4000,6.4100,6.3800,6.3900,503200,3216528.0000,3
2025-09-01,20250901105000000,sz.002225,6.4000,6.4000,6.3700,6.3800,845200,5394016.0000,3
2025-09-01,20250901105500000,sz.002225,6.3800,6.3800,6.3600,6.3700,1234500,7859312.0000,3
2025-09-01,20250901110000000,sz.002225,6.3600,6.3800,6.3500,6.3600,939900,5980992.0000,3
2025-09-01,20250901110500000,sz.002225,6.3600,6.3700,6.3400,6.3700,938000,5961504.0000,3
2025-09-01,20250901111000000,sz.002225,6.3500,6.4000,6.3400,6.3700,1427000,9088688.0000,3
2025-09-01,20250901111500000,sz.002225,6.3700,6.4300,6.3600,6.4300,1491600,9560064.0000,3
2025-09-01,20250901112000000,sz.002225,6.4200,6.4400,6.4200,6.4300,692600,4454960.0000,3
2025-09-01,20250901112500000,sz.002225,6.4300,6.4300,6.3800,6.3900,507600,3249360.0000,3
2025-09-01,20250901113000000,sz.002225,6.3900,6.3900,6.3500,6.3600,651200,4148960.0000,3
2025-09-01,20250901130500000,sz.002225,6.3700,6.3700,6.3500,6.3500,1015400,6455984.0000,3
2025-09-01,20250901131000000,sz.002225,6.3500,6.3600,6.3200,6.3300,815100,5162240.0000,3
2025-09-01,20250901131500000,sz.002225,6.3300,6.3400,6.3100,6.3200,1004300,6349168.0000,3
2025-09-01,20250901132000000,sz.002225,6.3200,6.3700,6.3200,6.3600,777300,4928576.0000,3
2025-09-01,20250901132500000,sz.002225,6.3500,6.3600,6.3200,6.3300,679200,4306816.0000,3
2025-09-01,20250901133000000,sz.002225,6.3200,6.3400,6.3200,6.3400,468600,2966080.0000,3
2025-09-01,20250901133500000,sz.002225,6.3400,6.3600,6.3300,6.3400,706400,4482720.0000,3
2025-09-01,20250901134000000,sz.002225,6.3400,6.3400,6.3000,6.3300,865600,5467552.0000,3
2025-09-01,20250901134500000,sz.002225,6.3300,6.3300,6.3100,6.3200,679400,4292576.0000,3
2025-09-01,20250901135000000,sz.002225,6.3200,6.3400,6.3200,6.3300,512300,3240704.0000,3
2025-09-01,20250901135500000,sz.002225,6.3400,6.3400,6.3100,6.3200,455300,2878464.0000,3
2025-09-01,20250901140000000,sz.002225,6.3200,6.3200,6.3000,6.3200,545900,3443456.0000,3
2025-09-01,20250901140500000,sz.002225,6.3200,6.3300,6.3100,6.3300,632800,3996640.0000,3
2025-09-01,20250901141000000,sz.002225,6.3300,6.3400,6.3100,6.3200,600400,3796576.0000,3
2025-09-01,20250901141500000,sz.002225,6.3200,6.3300,6.3100,6.3100,2416900,15257600.0000,3
2025-09-01,20250901142000000,sz.002225,6.3100,6.3100,6.2900,6.3000,874900,5509984.0000,3
2025-09-01,20250901142500000,sz.002225,6.3000,6.3300,6.2900,6.3200,689600,4348384.0000,3
2025-09-01,20250901143000000,sz.002225,6.3200,6.3200,6.3000,6.3100,350200,2209728.0000,3
2025-09-01,20250901143500000,sz.002225,6.3100,6.3200,6.3000,6.3200,346100,2185120.0000,3
2025-09-01,20250901144000000,sz.002225,6.3200,6.3400,6.3000,6.3400,1099500,6959488.0000,3
2025-09-01,20250901144500000,sz.002225,6.3400,6.3600,6.3300,6.3500,1060800,6732320.0000,3
2025-09-01,20250901145000000,sz.002225,6.3500,6.3500,6.3300,6.3400,681300,4321088.0000,3
2025-09-01,20250901145500000,sz.002225,6.3500,6.3500,6.3300,6.3400,1195000,7574784.0000,3
2025-09-01,20250901150000000,sz.002225,6.3400,6.3400,6.3300,6.3400,614200,3892576.0000,3
2025-09-02,20250902093500000,sz.002225,6.3500,6.3900,6.2500,6.2700,2331900,14692613.0000,3
2025-09-02,20250902094000000,sz.002225,6.2700,6.2700,6.2000,6.2000,2989700,18615123.0000,3
2025-09-02,20250902094500000,sz.002225,6.1900,6.2100,6.1800,6.2000,2079700,12868860.0000,3
2025-09-02,20250902095000000,sz.002225,6.2000,6.2400,6.2000,6.2200,1214400,7555592.0000,3
2025-09-02,20250902095500000,sz.002225,6.2200,6.2200,6.1800,6.2000,1657800,10273404.0000,3
2025-09-02,20250902100000000,sz.002225,6.2100,6.2100,6.1500,6.1500,1026100,6340152.0000,3
2025-09-02,20250902100500000,sz.002225,6.1500,6.1600,6.1200,6.1300,1686900,10362944.0000,3
2025-09-02,20250902101000000,sz.002225,6.1400,6.1700,6.1300,6.1700,1575200,9691120.0000,3
2025-09-02,20250902101500000,sz.002225,6.1600,6.1600,6.1100,6.1200,858500,5267808.0000,3
2025-09-02,20250902102000000,sz.002225,6.1100,6.1600,6.1100,6.1600,1327900,8136496.0000,3
2025-09-02,20250902102500000,sz.002225,6.1600,6.1600,6.1300,6.1400,543100,3338080.0000,3
2025-09-02,20250902103000000,sz.002225,6.1400,6.1400,6.1200,6.1300,424400,2601432.0000,3
2025-09-02,20250902103500000,sz.002225,6.1300,6.1300,6.0700,6.0700,2114100,12890648.0000,3
2025-09-02,20250902104000000,sz.002225,6.0700,6.0800,6.0600,6.0600,588700,3574984.0000,3
2025-09-02,20250902104500000,sz.002225,6.0700,6.0900,6.0600,6.0800,734000,4458072.0000,3
2025-09-02,20250902105000000,sz.002225,6.0700,6.0800,6.0700,6.0800,500700,3040712.0000,3
2025-09-02,20250902105500000,sz.002225,6.0800,6.1100,6.0700,6.0900,759400,4628344.0000,3
2025-09-02,20250902110000000,sz.002225,6.0800,6.0900,6.0600,6.0600,434900,2641328.0000,3
2025-09-02,20250902110500000,sz.002225,6.0600,6.0700,6.0400,6.0700,984100,5960384.0000,3
2025-09-02,20250902111000000,sz.002225,6.0600,6.0800,6.0500,6.0500,510600,3095088.0000,3
2025-09-02,20250902111500000,sz.002225,6.0500,6.0700,6.0500,6.0600,311700,1889200.0000,3
2025-09-02,20250902112000000,sz.002225,6.0600,6.0600,6.0200,6.0500,870800,5256480.0000,3
2025-09-02,20250902112500000,sz.002225,6.0400,6.0900,6.0400,6.0900,387800,2354064.0000,3
2025-09-02,20250902113000000,sz.002225,6.0900,6.1000,6.0800,6.0800,857100,5219728.0000,3
2025-09-02,20250902130500000,sz.002225,6.0800,6.1200,6.0600,6.1200,548300,3335696.0000,3
2025-09-02,20250902131000000,sz.002225,6.1100,6.1400,6.1100,6.1100,572700,3510720.0000,3
2025-09-02,20250902131500000,sz.002225,6.1100,6.1100,6.0600,6.0600,343500,2088432.0000,3
2025-09-02,20250902132000000,sz.002225,6.0600,6.0900,6.0600,6.0900,538200,3268560.0000,3
2025-09-02,20250902132500000,sz.002225,6.0900,6.1000,6.0800,6.0900,270500,1646608.0000,3
2025-09-02,20250902133000000,sz.002225,6.0800,6.1100,6.0700,6.1100,259900,1581696.0000,3
2025-09-02,20250902133500000,sz.002225,6.1000,6.1600,6.1000,6.1600,567200,3482176.0000,3
2025-09-02,20250902134000000,sz.002225,6.1600,6.1800,6.1500,6.1700,700900,4318432.0000,3
2025-09-02,20250902134500000,sz.002225,6.1700,6.1700,6.1500,6.1500,371200,2287072.0000,3
2025-09-02,20250902135000000,sz.002225,6.1500,6.1700,6.1400,6.1600,634500,3906320.0000,3
2025-09-02,20250902135500000,sz.002225,6.1600,6.1600,6.1400,6.1500,168900,1038496.0000,3
2025-09-02,20250902140000000,sz.002225,6.1500,6.1600,6.1300,6.1400,438800,2696080.0000,3
2025-09-02,20250902140500000,sz.002225,6.1400,6.1600,6.1300,6.1300,426100,2616720.0000,3
2025-09-02,20250902141000000,sz.002225,6.1400,6.1400,6.1100,6.1300,399500,2445504.0000,3
2025-09-02,20250902141500000,sz.002225,6.1300,6.1500,6.1200,6.1400,455000,2792208.0000,3
2025-09-02,20250902142000000,sz.002225,6.1400,6.1400,6.1300,6.1300,322800,1979600.0000,3
2025-09-02,20250902142500000,sz.002225,6.1300,6.1400,6.1200,6.1300,448800,2750880.0000,3
2025-09-02,20250902143000000,sz.002225,6.1300,6.1300,6.1000,6.1100,496000,3031008.0000,3
2025-09-02,20250902143500000,sz.002225,6.1000,6.1400,6.1000,6.1100,579300,3544288.0000,3
2025-09-02,20250902144000000,sz.002225,6.1100,6.1100,6.0900,6.1000,536700,3273712.0000,3
2025-09-02,20250902144500000,sz.002225,6.0900,6.1100,6.0700,6.0800,892400,5428640.0000,3
2025-09-02,20250902145000000,sz.002225,6.0900,6.1000,6.0700,6.0800,833500,5070496.0000,3
2025-09-02,20250902145500000,sz.002225,6.0800,6.1100,6.0800,6.1000,798600,4865936.0000,3
2025-09-02,20250902150000000,sz.002225,6.1100,6.1100,6.0900,6.1100,526200,3210272.0000,3
2025-09-03,20250903093500000,sz.002225,6.1700,6.1900,6.1100,6.1600,2531500,15578774.0000,3
2025-09-03,20250903094000000,sz.002225,6.1600,6.1600,6.1100,6.1200,1041300,6388154.0000,3
2025-09-03,20250903094500000,sz.002225,6.1200,6.1500,6.1200,6.1200,585700,3591436.0000,3
2025-09-03,20250903095000000,sz.002225,6.1300,6.1300,6.0900,6.1000,651800,3980474.0000,3
2025-09-03,20250903095500000,sz.002225,6.1000,6.1100,6.0700,6.0700,444600,2708606.0000,3
2025-09-03,20250903100000000,sz.002225,6.0800,6.0800,6.0600,6.0600,496000,3010332.0000,3
2025-09-03,20250903100500000,sz.002225,6.0700,6.0900,6.0500,6.0800,891800,5411216.0000,3
2025-09-03,20250903101000000,sz.002225,6.0800,6.0800,6.0600,6.0700,300700,1824520.0000,3
2025-09-03,20250903101500000,sz.002225,6.0700,6.0800,6.0500,6.0500,510000,3090152.0000,3
2025-09-03,20250903102000000,sz.002225,6.0500,6.0500,6.0300,6.0400,624100,3766404.0000,3
2025-09-03,20250903102500000,sz.002225,6.0500,6.0500,6.0200,6.0300,366200,2210788.0000,3
2025-09-03,20250903103000000,sz.002225,6.0200,6.0400,6.0100,6.0300,796400,4795748.0000,3
2025-09-03,20250903103500000,sz.002225,6.0300,6.0300,6.0000,6.0000,540400,3248072.0000,3
2025-09-03,20250903104000000,sz.002225,6.0000,6.0600,6.0000,6.0400,582100,3505008.0000,3
2025-09-03,20250903104500000,sz.002225,6.0400,6.1000,6.0300,6.1000,438800,2660196.0000,3
2025-09-03,20250903105000000,sz.002225,6.0800,6.1100,6.0600,6.1000,1398400,8495056.0000,3
2025-09-03,20250903105500000,sz.002225,6.1000,6.1400,6.0800,6.1300,911900,5578360.0000,3
2025-09-03,20250903110000000,sz.002225,6.1100,6.1800,6.1100,6.1600,2515200,15452408.0000,3
2025-09-03,20250903110500000,sz.002225,6.1600,6.1700,6.1200,6.1400,786100,4833896.0000,3
2025-09-03,20250903111000000,sz.002225,6.1300,6.1500,6.1100,6.1100,528200,3239424.0000,3
2025-09-03,20250903111500000,sz.002225,6.1000,6.1100,6.0800,6.0900,250100,1523912.0000,3
2025-09-03,20250903112000000,sz.002225,6.0900,6.1500,6.0800,6.1300,475600,2909168.0000,3
2025-09-03,20250903112500000,sz.002225,6.1400,6.1400,6.1100,6.1200,432100,2646992.0000,3
2025-09-03,20250903113000000,sz.002225,6.1200,6.1300,6.1000,6.1100,314300,1922384.0000,3
2025-09-03,20250903130500000,sz.002225,6.1100,6.1200,6.0800,6.0800,782500,4774752.0000,3
2025-09-03,20250903131000000,sz.002225,6.0800,6.1100,6.0600,6.1100,1163000,7089712.0000,3
2025-09-03,20250903131500000,sz.002225,6.1000,6.1100,6.0800,6.0900,633100,3861632.0000,3
2025-09-03,20250903132000000,sz.002225,6.0900,6.1000,6.0700,6.0800,775700,4714968.0000,3
2025-09-03,20250903132500000,sz.002225,6.0800,6.0900,6.0600,6.0600,746500,4524032.0000,3
2025-09-03,20250903133000000,sz.002225,6.0700,6.0700,6.0500,6.0700,335200,2030480.0000,3
2025-09-03,20250903133500000,sz.002225,6.0600,6.0900,6.0600,6.0800,348600,2115824.0000,3
2025-09-03,20250903134000000,sz.002225,6.0800,6.0900,6.0600,6.0600,228300,1385920.0000,3
2025-09-03,20250903134500000,sz.002225,6.0600,6.0700,6.0500,6.0600,338300,2050656.0000,3
2025-09-03,20250903135000000,sz.002225,6.0500,6.0500,6.0300,6.0400,353000,2132272.0000,3
2025-09-03,20250903135500000,sz.002225,6.0400,6.0900,6.0400,6.0800,419900,2544528.0000,3
2025-09-03,20250903140000000,sz.002225,6.0800,6.1500,6.0800,6.1300,822200,5020576.0000,3
2025-09-03,20250903140500000,sz.002225,6.1300,6.1400,6.0900,6.1200,972000,5943312.0000,3
2025-09-03,20250903141000000,sz.002225,6.1200,6.1200,6.0900,6.1000,281700,1719520.0000,3
2025-09-03,20250903141500000,sz.002225,6.1000,6.1100,6.0900,6.1000,377000,2300544.0000,3
2025-09-03,20250903142000000,sz.002225,6.1000,6.1000,6.0500,6.0800,1018700,6182144.0000,3
2025-09-03,20250903142500000,sz.002225,6.0700,6.0800,6.0500,6.0700,238300,1445136.0000,3
2025-09-03,20250903143000000,sz.002225,6.0600,6.0600,6.0400,6.0500,540100,3270304.0000,3
2025-09-03,20250903143500000,sz.002225,6.0600,6.0800,6.0500,6.0600,451000,2733280.0000,3
2025-09-03,20250903144000000,sz.002225,6.0600,6.0800,6.0500,6.0800,638600,3875040.0000,3
2025-09-03,20250903144500000,sz.002225,6.0600,6.0700,6.0300,6.0400,915800,5533728.0000,3
2025-09-03,20250903145000000,sz.002225,6.0400,6.0500,6.0200,6.0300,811400,4891424.0000,3
2025-09-03,20250903145500000,sz.002225,6.0200,6.0400,6.0100,6.0300,1498400,9023712.0000,3
2025-09-03,20250903150000000,sz.002225,6.0300,6.0400,6.0200,6.0300,310200,1870624.0000,3
2025-09-04,20250904093500000,sz.002225,6.0100,6.0900,6.0100,6.0600,2540400,15369191.0000,3
2025-09-04,20250904094000000,sz.002225,6.0700,6.1100,6.0600,6.1000,1559100,9498457.0000,3
2025-09-04,20250904094500000,sz.002225,6.1100,6.1800,6.1100,6.1300,2642300,16251148.0000,3
2025-09-04,20250904095000000,sz.002225,6.1400,6.1600,6.1200,6.1300,934900,5744136.0000,3
2025-09-04,20250904095500000,sz.002225,6.1400,6.1800,6.1200,6.1700,1563000,9630232.0000,3
2025-09-04,20250904100000000,sz.002225,6.1600,6.1700,6.1500,6.1600,751700,4632160.0000,3
2025-09-04,20250904100500000,sz.002225,6.1500,6.1600,6.1300,6.1600,1508000,9262924.0000,3
2025-09-04,20250904101000000,sz.002225,6.1500,6.1500,6.1200,6.1200,1330200,8160120.0000,3
2025-09-04,20250904101500000,sz.002225,6.1200,6.1500,6.1100,6.1300,575400,3526584.0000,3
2025-09-04,20250904102000000,sz.002225,6.1300,6.1800,6.1300,6.1800,1000400,6171720.0000,3
2025-09-04,20250904102500000,sz.002225,6.1900,6.2000,6.1600,6.1700,1783400,11029952.0000,3
2025-09-04,20250904103000000,sz.002225,6.1800,6.2400,6.1700,6.2400,2412500,15008224.0000,3
2025-09-04,20250904103500000,sz.002225,6.2500,6.2600,6.2000,6.2000,2172500,13525936.0000,3
2025-09-04,20250904104000000,sz.002225,6.2000,6.2500,6.2000,6.2300,1313700,8181696.0000,3
2025-09-04,20250904104500000,sz.002225,6.2300,6.2400,6.2000,6.2100,1203700,7484704.0000,3
2025-09-04,20250904105000000,sz.002225,6.2200,6.2300,6.1800,6.1800,784800,4865168.0000,3
2025-09-04,20250904105500000,sz.002225,6.1900,6.1900,6.1300,6.1400,1746700,10743296.0000,3
2025-09-04,20250904110000000,sz.002225,6.1400,6.1700,6.1200,6.1700,1963900,12056768.0000,3
2025-09-04,20250904110500000,sz.002225,6.1700,6.1900,6.1700,6.1800,168300,1039600.0000,3
2025-09-04,20250904111000000,sz.002225,6.1800,6.1900,6.1600,6.1900,340800,2104448.0000,3
2025-09-04,20250904111500000,sz.002225,6.2000,6.2000,6.1500,6.1600,645400,3985440.0000,3
2025-09-04,20250904112000000,sz.002225,6.1600,6.1800,6.1500,6.1600,186000,1146128.0000,3
2025-09-04,20250904112500000,sz.002225,6.1600,6.1600,6.1200,6.1300,342600,2103296.0000,3
2025-09-04,20250904113000000,sz.002225,6.1200,6.1300,6.1000,6.1100,758400,4633280.0000,3
2025-09-04,20250904130500000,sz.002225,6.1100,6.1500,6.1000,6.1000,978800,5990000.0000,3
2025-09-04,20250904131000000,sz.002225,6.1100,6.1500,6.1000,6.1400,406900,2490720.0000,3
2025-09-04,20250904131500000,sz.002225,6.1300,6.1500,6.1100,6.1300,1319900,8083008.0000,3
2025-09-04,20250904132000000,sz.002225,6.1400,6.1500,6.1200,6.1200,649000,3978880.0000,3
2025-09-04,20250904132500000,sz.002225,6.1200,6.1200,6.0800,6.1100,789400,4815008.0000,3
2025-09-04,20250904133000000,sz.002225,6.1200,6.1200,6.1000,6.1200,361600,2209712.0000,3
2025-09-04,20250904133500000,sz.002225,6.1200,6.1200,6.0800,6.0900,537000,3274736.0000,3
2025-09-04,20250904134000000,sz.002225,6.0900,6.1100,6.0800,6.0800,696100,4239440.0000,3
2025-09-04,20250904134500000,sz.002225,6.0800,6.0800,6.0600,6.0800,376900,2288992.0000,3
2025-09-04,20250904135000000,sz.002225,6.0800,6.1000,6.0700,6.0700,680100,4139152.0000,3
2025-09-04,20250904135500000,sz.002225,6.0800,6.0800,6.0500,6.0700,1372800,8324496.0000,3
2025-09-04,20250904140000000,sz.002225,6.0800,6.1000,6.0700,6.0800,411500,2504560.0000,3
2025-09-04,20250904140500000,sz.002225,6.0700,6.0800,6.0500,6.0600,696000,4219392.0000,3
2025-09-04,20250904141000000,sz.002225,6.0600,6.0700,6.0500,6.0500,433000,2621968.0000,3
2025-09-04,20250904141500000,sz.002225,6.0400,6.0500,6.0300,6.0300,882200,5324832.0000,3
2025-09-04,20250904142000000,sz.002225,6.0300,6.0400,6.0200,6.0300,461400,2782032.0000,3
2025-09-04,20250904142500000,sz.002225,6.0300,6.0300,6.0000,6.0000,1386500,8329392.0000,3
2025-09-04,20250904143000000,sz.002225,6.0100,6.0200,5.9900,6.0100,633900,3806320.0000,3
2025-09-04,20250904143500000,sz.002225,6.0100,6.0100,5.9600,5.9600,1030300,6161440.0000,3
2025-09-04,20250904144000000,sz.002225,5.9600,5.9900,5.9500,5.9800,681700,4060256.0000,3
2025-09-04,20250904144500000,sz.002225,5.9700,6.0300,5.9700,6.0300,518900,3116032.0000,3
2025-09-04,20250904145000000,sz.002225,6.0200,6.0300,5.9900,6.0100,887600,5338304.0000,3
2025-09-04,20250904145500000,sz.002225,6.0100,6.0400,6.0100,6.0300,757100,4563328.0000,3
2025-09-04,20250904150000000,sz.002225,6.0400,6.0800,6.0300,6.0800,737200,4467360.0000,3
2025-09-05,20250905093500000,sz.002225,6.0900,6.0900,6.0000,6.0200,2419000,14592237.0000,3
2025-09-05,20250905094000000,sz.002225,6.0100,6.0300,5.9800,6.0000,1318200,7913693.0000,3
2025-09-05,20250905094500000,sz.002225,6.0000,6.0600,5.9900,5.9900,981600,5910010.0000,3
2025-09-05,20250905095000000,sz.002225,5.9900,6.0500,5.9900,6.0200,702200,4225430.0000,3
2025-09-05,20250905095500000,sz.002225,6.0100,6.0400,6.0000,6.0400,518500,3121926.0000,3
2025-09-05,20250905100000000,sz.002225,6.0400,6.0600,6.0400,6.0500,401700,2430648.0000,3
2025-09-05,20250905100500000,sz.002225,6.0600,6.1000,6.0400,6.1000,1040300,6322808.0000,3
2025-09-05,20250905101000000,sz.002225,6.0900,6.1000,6.0800,6.0800,700100,4262036.0000,3
2025-09-05,20250905101500000,sz.002225,6.0900,6.0900,6.0500,6.0800,668500,4060820.0000,3
2025-09-05,20250905102000000,sz.002225,6.0900,6.0900,6.0700,6.0900,406900,2475916.0000,3
2025-09-05,20250905102500000,sz.002225,6.0800,6.0900,6.0700,6.0900,611000,3714232.0000,3
2025-09-05,20250905103000000,sz.002225,6.0900,6.1200,6.0800,6.1000,608400,3712060.0000,3
2025-09-05,20250905103500000,sz.002225,6.1000,6.1300,6.1000,6.1300,555600,3399936.0000,3
2025-09-05,20250905104000000,sz.002225,6.1300,6.1400,6.1200,6.1300,492800,3021232.0000,3
2025-09-05,20250905104500000,sz.002225,6.1300,6.1300,6.1000,6.1100,426100,2605648.0000,3
2025-09-05,20250905105000000,sz.002225,6.1100,6.1300,6.1100,6.1200,302400,1851016.0000,3
2025-09-05,20250905105500000,sz.002225,6.1200,6.1300,6.1100,6.1200,234000,1430648.0000,3
2025-09-05,20250905110000000,sz.002225,6.1200,6.1300,6.1000,6.1100,387300,2369224.0000,3
2025-09-05,20250905110500000,sz.002225,6.1200,6.1200,6.1000,6.1100,296500,1811656.0000,3
2025-09-05,20250905111000000,sz.002225,6.1200,6.1200,6.1000,6.1000,271100,1654488.0000,3
2025-09-05,20250905111500000,sz.002225,6.1000,6.1100,6.0900,6.1100,311000,1896816.0000,3
2025-09-05,20250905112000000,sz.002225,6.1000,6.1000,6.0800,6.0900,256700,1563872.0000,3
2025-09-05,20250905112500000,sz.002225,6.0900,6.1000,6.0700,6.0800,568800,3461040.0000,3
2025-09-05,20250905113000000,sz.002225,6.0800,6.0900,6.0700,6.0800,513000,3115240.0000,3
2025-09-05,20250905130500000,sz.002225,6.0800,6.0800,6.0400,6.0400,991400,6009848.0000,3
2025-09-05,20250905131000000,sz.002225,6.0500,6.0600,6.0400,6.0600,230200,1392712.0000,3
2025-09-05,20250905131500000,sz.002225,6.0600,6.0700,6.0400,6.0400,592200,3586136.0000,3
2025-09-05,20250905132000000,sz.002225,6.0500,6.1200,6.0400,6.0900,3498600,21285992.0000,3
2025-09-05,20250905132500000,sz.002225,6.0900,6.1000,6.0600,6.0900,946700,5754200.0000,3
2025-09-05,20250905133000000,sz.002225,6.0700,6.1000,6.0700,6.0800,594200,3610608.0000,3
2025-09-05,20250905133500000,sz.002225,6.0900,6.1000,6.0900,6.1000,210800,1283808.0000,3
2025-09-05,20250905134000000,sz.002225,6.1000,6.1400,6.0900,6.1300,1093100,6697888.0000,3
2025-09-05,20250905134500000,sz.002225,6.1300,6.1400,6.1100,6.1300,493100,3020352.0000,3
2025-09-05,20250905135000000,sz.002225,6.1300,6.1300,6.1200,6.1200,124400,761760.0000,3
2025-09-05,20250905135500000,sz.002225,6.1300,6.1300,6.1100,6.1100,323800,1980512.0000,3
2025-09-05,20250905140000000,sz.002225,6.1200,6.1200,6.1000,6.1100,393000,2400688.0000,3
2025-09-05,20250905140500000,sz.002225,6.1100,6.1300,6.1000,6.1200,1090100,6671296.0000,3
2025-09-05,20250905141000000,sz.002225,6.1200,6.1900,6.1200,6.1800,2584600,15948320.0000,3
2025-09-05,20250905141500000,sz.002225,6.1900,6.1900,6.1500,6.1500,950200,5860448.0000,3
2025-09-05,20250905142000000,sz.002225,6.1600,6.1700,6.1400,6.1600,723900,4455360.0000,3
2025-09-05,20250905142500000,sz.002225,6.1600,6.1600,6.1400,6.1600,593300,3651568.0000,3
2025-09-05,20250905143000000,sz.002225,6.1500,6.1600,6.1500,6.1500,499100,3073056.0000,3
2025-09-05,20250905143500000,sz.002225,6.1500,6.1600,6.1200,6.1200,1498600,9202880.0000,3
2025-09-05,20250905144000000,sz.002225,6.1300,6.1300,6.1100,6.1300,736100,4506592.0000,3
2025-09-05,20250905144500000,sz.002225,6.1300,6.1300,6.1100,6.1100,1317100,8060880.0000,3
2025-09-05,20250905145000000,sz.002225,6.1100,6.1200,6.1000,6.1100,1041500,6359856.0000,3
2025-09-05,20250905145500000,sz.002225,6.1100,6.1100,6.0700,6.0700,1690000,10300944.0000,3
2025-09-05,20250905150000000,sz.002225,6.0800,6.1000,6.0700,6.1000,3095200,18858928.0000,3
2025-09-08,20250908093500000,sz.002225,6.1600,6.1600,6.0800,6.1400,2200000,13450433.0000,3
2025-09-08,20250908094000000,sz.002225,6.1400,6.1600,6.1200,6.1600,1092100,6701569.0000,3
2025-09-08,20250908094500000,sz.002225,6.1600,6.2400,6.1500,6.2300,2996500,18571110.0000,3
2025-09-08,20250908095000000,sz.002225,6.2400,6.2800,6.2100,6.2200,6049500,37781592.0000,3
2025-09-08,20250908095500000,sz.002225,6.2100,6.2200,6.1700,6.1800,1823800,11295520.0000,3
2025-09-08,20250908100000000,sz.002225,6.1800,6.2100,6.1400,6.2000,2253600,13926248.0000,3
2025-09-08,20250908100500000,sz.002225,6.2000,6.2100,6.1700,6.1900,2425900,15013024.0000,3
2025-09-08,20250908101000000,sz.002225,6.1900,6.2300,6.1600,6.2000,3214600,19882792.0000,3
2025-09-08,20250908101500000,sz.002225,6.2000,6.2200,6.1900,6.2100,834800,5182992.0000,3
2025-09-08,20250908102000000,sz.002225,6.2100,6.2200,6.1700,6.1800,927800,5744496.0000,3
2025-09-08,20250908102500000,sz.002225,6.1700,6.1800,6.1500,6.1700,1920100,11845312.0000,3
2025-09-08,20250908103000000,sz.002225,6.1700,6.1900,6.1600,6.1700,476500,2941008.0000,3
2025-09-08,20250908103500000,sz.002225,6.1700,6.1800,6.1500,6.1800,584500,3603920.0000,3
2025-09-08,20250908104000000,sz.002225,6.1800,6.1800,6.1300,6.1500,763700,4701472.0000,3
2025-09-08,20250908104500000,sz.002225,6.1400,6.1600,6.1300,6.1500,608800,3743968.0000,3
2025-09-08,20250908105000000,sz.002225,6.1500,6.1600,6.1400,6.1500,328800,2023024.0000,3
2025-09-08,20250908105500000,sz.002225,6.1500,6.1600,6.1200,6.1300,535900,3293104.0000,3
2025-09-08,20250908110000000,sz.002225,6.1200,6.1700,6.1200,6.1500,465000,2854080.0000,3
2025-09-08,20250908110500000,sz.002225,6.1600,6.1700,6.1200,6.1200,443200,2723280.0000,3
2025-09-08,20250908111000000,sz.002225,6.1300,6.1300,6.1000,6.1200,930200,5684992.0000,3
2025-09-08,20250908111500000,sz.002225,6.1200,6.1500,6.1100,6.1300,601700,3683184.0000,3
2025-09-08,20250908112000000,sz.002225,6.1300,6.1400,6.1100,6.1300,325000,1991072.0000,3
2025-09-08,20250908112500000,sz.002225,6.1300,6.1600,6.1300,6.1400,608300,3737728.0000,3
2025-09-08,20250908113000000,sz.002225,6.1400,6.1800,6.1300,6.1700,764400,4705088.0000,3
2025-09-08,20250908130500000,sz.002225,6.1800,6.1800,6.1300,6.1300,974900,6008944.0000,3
2025-09-08,20250908131000000,sz.002225,6.1400,6.2000,6.1300,6.1900,835600,5159040.0000,3
2025-09-08,20250908131500000,sz.002225,6.1900,6.1900,6.1600,6.1600,724600,4473408.0000,3
2025-09-08,20250908132000000,sz.002225,6.1500,6.1600,6.1300,6.1500,618900,3803616.0000,3
2025-09-08,20250908132500000,sz.002225,6.1600,6.1600,6.1300,6.1400,563400,3463632.0000,3
2025-09-08,20250908133000000,sz.002225,6.1400,6.1400,6.1200,6.1300,863800,5294480.0000,3
2025-09-08,20250908133500000,sz.002225,6.1200,6.1400,6.1100,6.1300,405200,2480784.0000,3
2025-09-08,20250908134000000,sz.002225,6.1300,6.1400,6.1200,6.1300,406100,2489968.0000,3
2025-09-08,20250908134500000,sz.002225,6.1300,6.1700,6.1200,6.1600,896500,5512096.0000,3
2025-09-08,20250908135000000,sz.002225,6.1700,6.1800,6.1500,6.1800,1069700,6597600.0000,3
2025-09-08,20250908135500000,sz.002225,6.1900,6.2000,6.1600,6.1700,1047300,6471312.0000,3
2025-09-08,20250908140000000,sz.002225,6.1800,6.1800,6.1500,6.1600,431800,2660096.0000,3
2025-09-08,20250908140500000,sz.002225,6.1600,6.1600,6.1400,6.1400,346000,2128368.0000,3
2025-09-08,20250908141000000,sz.002225,6.1500,6.1600,6.1400,6.1500,248500,1528192.0000,3
2025-09-08,20250908141500000,sz.002225,6.1500,6.1600,6.1400,6.1500,803500,4938640.0000,3
2025-09-08,20250908142000000,sz.002225,6.1500,6.1500,6.1300,6.1400,279900,1718864.0000,3
2025-09-08,20250908142500000,sz.002225,6.1400,6.1500,6.1300,6.1400,350100,2149536.0000,3
2025-09-08,20250908143000000,sz.002225,6.1400,6.1500,6.1200,6.1300,539000,3304736.0000,3
2025-09-08,20250908143500000,sz.002225,6.1300,6.1500,6.1300,6.1400,621100,3812672.0000,3
2025-09-08,20250908144000000,sz.002225,6.1500,6.1500,6.1300,6.1400,650100,3993856.0000,3
2025-09-08,20250908144500000,sz.002225,6.1500,6.1500,6.1300,6.1300,1305100,8011392.0000,3
2025-09-08,20250908145000000,sz.002225,6.1400,6.1400,6.1300,6.1300,777200,4769632.0000,3
2025-09-08,20250908145500000,sz.002225,6.1300,6.1400,6.1200,6.1300,1459900,8948928.0000,3
2025-09-08,20250908150000000,sz.002225,6.1300,6.1300,6.1200,6.1300,699700,4287776.0000,3
2025-09-09,20250909093500000,sz.002225,6.1900,6.2000,6.0800,6.0900,3152500,19322174.0000,3
2025-09-09,20250909094000000,sz.002225,6.0800,6.0800,6.0400,6.0400,2151400,13037752.0000,3
2025-09-09,20250909094500000,sz.002225,6.0500,6.0900,6.0400,6.0800,1203900,7296714.0000,3
2025-09-09,20250909095000000,sz.002225,6.0800,6.1100,6.0700,6.0900,1124200,6844860.0000,3
2025-09-09,20250909095500000,sz.002225,6.0900,6.0900,6.0600,6.0800,414500,2517964.0000,3
2025-09-09,20250909100000000,sz.002225,6.0800,6.1000,6.0700,6.0900,487100,2964720.0000,3
2025-09-09,20250909100500000,sz.002225,6.1000,6.1200,6.0800,6.0800,745100,4545104.0000,3
2025-09-09,20250909101000000,sz.002225,6.0800,6.0900,6.0500,6.0600,2927800,17755320.0000,3
2025-09-09,20250909101500000,sz.002225,6.0700,6.0900,6.0600,6.0800,531100,3228336.0000,3
2025-09-09,20250909102000000,sz.002225,6.0900,6.0900,6.0600,6.0600,582600,3541200.0000,3
2025-09-09,20250909102500000,sz.002225,6.0700,6.0700,6.0500,6.0700,601500,3645472.0000,3
2025-09-09,20250909103000000,sz.002225,6.0700,6.0800,6.0600,6.0600,432400,2621288.0000,3
2025-09-09,20250909103500000,sz.002225,6.0600,6.1200,6.0600,6.1100,1053400,6412744.0000,3
2025-09-09,20250909104000000,sz.002225,6.1200,6.1400,6.1000,6.1400,2178800,13344560.0000,3
2025-09-09,20250909104500000,sz.002225,6.1400,6.1400,6.1000,6.1000,891700,5463392.0000,3
2025-09-09,20250909105000000,sz.002225,6.1000,6.1200,6.0900,6.1200,354700,2166576.0000,3
2025-09-09,20250909105500000,sz.002225,6.1200,6.1200,6.0700,6.0900,822000,5007024.0000,3
2025-09-09,20250909110000000,sz.002225,6.0900,6.1300,6.0800,6.1000,324600,1984832.0000,3
2025-09-09,20250909110500000,sz.002225,6.1200,6.1300,6.0800,6.0800,821100,5015824.0000,3
2025-09-09,20250909111000000,sz.002225,6.0800,6.1000,6.0600,6.0700,903600,5491120.0000,3
2025-09-09,20250909111500000,sz.002225,6.0700,6.0800,6.0600,6.0600,392200,2380528.0000,3
2025-09-09,20250909112000000,sz.002225,6.0500,6.0900,6.0500,6.0600,904500,5483744.0000,3
2025-09-09,20250909112500000,sz.002225,6.0600,6.0700,6.0600,6.0600,201700,1223776.0000,3
2025-09-09,20250909113000000,sz.002225,6.0700,6.0700,6.0500,6.0600,292100,1769888.0000,3
2025-09-09,20250909130500000,sz.002225,6.0600,6.0800,6.0500,6.0700,568200,3447600.0000,3
2025-09-09,20250909131000000,sz.002225,6.0700,6.0800,6.0600,6.0700,309400,1877808.0000,3
2025-09-09,20250909131500000,sz.002225,6.0600,6.0800,6.0500,6.0700,288700,1750176.0000,3
2025-09-09,20250909132000000,sz.002225,6.0700,6.0700,6.0500,6.0700,403100,2443408.0000,3
2025-09-09,20250909132500000,sz.002225,6.0600,6.0700,6.0300,6.0300,1344900,8135600.0000,3
2025-09-09,20250909133000000,sz.002225,6.0300,6.0600,6.0300,6.0500,460900,2786128.0000,3
2025-09-09,20250909133500000,sz.002225,6.0500,6.0900,6.0400,6.0900,754200,4572032.0000,3
2025-09-09,20250909134000000,sz.002225,6.0800,6.0900,6.0200,6.0300,2903400,17547824.0000,3
2025-09-09,20250909134500000,sz.002225,6.0400,6.0400,6.0200,6.0200,815800,4916656.0000,3
2025-09-09,20250909135000000,sz.002225,6.0200,6.0300,6.0000,6.0100,1078000,6477264.0000,3
2025-09-09,20250909135500000,sz.002225,6.0100,6.0300,6.0000,6.0300,543200,3265584.0000,3
2025-09-09,20250909140000000,sz.002225,6.0300,6.0300,6.0000,6.0100,448200,2695424.0000,3
2025-09-09,20250909140500000,sz.002225,6.0100,6.0100,5.9800,6.0000,1278300,7664672.0000,3
2025-09-09,20250909141000000,sz.002225,6.0100,6.0100,5.9900,5.9900,420100,2520576.0000,3
2025-09-09,20250909141500000,sz.002225,6.0000,6.0300,5.9900,6.0200,384400,2311952.0000,3
2025-09-09,20250909142000000,sz.002225,6.0200,6.0400,6.0100,6.0200,409400,2466496.0000,3
2025-09-09,20250909142500000,sz.002225,6.0200,6.0300,6.0100,6.0100,230600,1386560.0000,3
2025-09-09,20250909143000000,sz.002225,6.0200,6.0200,6.0000,6.0000,218200,1310784.0000,3
2025-09-09,20250909143500000,sz.002225,6.0100,6.0100,5.9800,6.0000,818600,4911008.0000,3
2025-09-09,20250909144000000,sz.002225,5.9900,6.0100,5.9900,6.0100,489600,2936288.0000,3
2025-09-09,20250909144500000,sz.002225,6.0000,6.0200,6.0000,6.0000,388900,2335520.0000,3
2025-09-09,20250909145000000,sz.002225,6.0100,6.0100,5.9900,6.0000,406600,2439648.0000,3
2025-09-09,20250909145500000,sz.002225,6.0000,6.0200,5.9900,6.0000,1123000,6738240.0000,3
2025-09-09,20250909150000000,sz.002225,6.0100,6.0200,6.0000,6.0100,357100,2145424.0000,3
2025-09-10,20250910093500000,sz.002225,6.0000,6.2300,6.0000,6.2300,7757100,47691572.0000,3
2025-09-10,20250910094000000,sz.002225,6.2400,6.4000,6.2400,6.3800,16407200,103994876.0000,3
2025-09-10,20250910094500000,sz.002225,6.3800,6.3900,6.3000,6.3000,4725600,30002160.0000,3
2025-09-10,20250910095000000,sz.002225,6.3000,6.3200,6.2900,6.3200,4108800,25902304.0000,3
2025-09-10,20250910095500000,sz.002225,6.3200,6.3600,6.2800,6.3600,2638400,16688512.0000,3
2025-09-10,20250910100000000,sz.002225,6.3600,6.4000,6.3400,6.3600,4073100,25952496.0000,3
2025-09-10,20250910100500000,sz.002225,6.3500,6.3500,6.2700,6.2800,1580700,9969392.0000,3
2025-09-10,20250910101000000,sz.002225,6.2700,6.3500,6.2600,6.3300,1598200,10052032.0000,3
2025-09-10,20250910101500000,sz.002225,6.3400,6.3400,6.2900,6.3100,556300,3507808.0000,3
2025-09-10,20250910102000000,sz.002225,6.3100,6.3100,6.2300,6.2400,1405800,8796160.0000,3
2025-09-10,20250910102500000,sz.002225,6.2500,6.2500,6.2000,6.2100,954500,5943168.0000,3
2025-09-10,20250910103000000,sz.002225,6.2100,6.2100,6.1800,6.1900,802300,4974688.0000,3
2025-09-10,20250910103500000,sz.002225,6.1800,6.1900,6.1600,6.1800,1230500,7596768.0000,3
2025-09-10,20250910104000000,sz.002225,6.1800,6.1800,6.1600,6.1700,1541900,9513024.0000,3
2025-09-10,20250910104500000,sz.002225,6.1800,6.1800,6.1500,6.1700,736600,4541376.0000,3
2025-09-10,20250910105000000,sz.002225,6.1700,6.1900,6.1700,6.1900,476100,2941760.0000,3
2025-09-10,20250910105500000,sz.002225,6.1800,6.1900,6.1500,6.1600,634600,3914528.0000,3
2025-09-10,20250910110000000,sz.002225,6.1600,6.1600,6.1300,6.1400,855300,5256576.0000,3
2025-09-10,20250910110500000,sz.002225,6.1400,6.1500,6.1100,6.1400,1178200,7216448.0000,3
2025-09-10,20250910111000000,sz.002225,6.1400,6.1500,6.1200,6.1300,654800,4016288.0000,3
2025-09-10,20250910111500000,sz.002225,6.1200,6.1300,6.1200,6.1300,446000,2730720.0000,3
2025-09-10,20250910112000000,sz.002225,6.1300,6.1300,6.1100,6.1200,526300,3222208.0000,3
2025-09-10,20250910112500000,sz.002225,6.1100,6.1300,6.0900,6.0900,896600,5477568.0000,3
2025-09-10,20250910113000000,sz.002225,6.0900,6.1000,6.0800,6.0900,590300,3594656.0000,3
2025-09-10,20250910130500000,sz.002225,6.1000,6.1000,6.0800,6.0900,686700,4181760.0000,3
2025-09-10,20250910131000000,sz.002225,6.0900,6.1100,6.0900,6.1000,877600,5353408.0000,3
2025-09-10,20250910131500000,sz.002225,6.0900,6.1400,6.0900,6.1400,800400,4890624.0000,3
2025-09-10,20250910132000000,sz.002225,6.1400,6.1500,6.1100,6.1100,458600,2811968.0000,3
2025-09-10,20250910132500000,sz.002225,6.1200,6.1300,6.1200,6.1300,296500,1815616.0000,3
2025-09-10,20250910133000000,sz.002225,6.1300,6.1400,6.1200,6.1300,345200,2117568.0000,3
2025-09-10,20250910133500000,sz.002225,6.1400,6.1800,6.1300,6.1600,912000,5613216.0000,3
2025-09-10,20250910134000000,sz.002225,6.1600,6.1600,6.1400,6.1500,326300,2006208.0000,3
2025-09-10,20250910134500000,sz.002225,6.1400,6.1600,6.1400,6.1600,195500,1202176.0000,3
2025-09-10,20250910135000000,sz.002225,6.1600,6.1600,6.1400,6.1500,368800,2267904.0000,3
2025-09-10,20250910135500000,sz.002225,6.1400,6.1600,6.1400,6.1600,458500,2820384.0000,3
2025-09-10,20250910140000000,sz.002225,6.1500,6.1700,6.1400,6.1700,232800,1434016.0000,3
2025-09-10,20250910140500000,sz.002225,6.1700,6.1700,6.1500,6.1700,241800,1489984.0000,3
2025-09-10,20250910141000000,sz.002225,6.1700,6.1800,6.1600,6.1600,434800,2682944.0000,3
2025-09-10,20250910141500000,sz.002225,6.1700,6.1700,6.1500,6.1700,276700,1705216.0000,3
2025-09-10,20250910142000000,sz.002225,6.1700,6.1700,6.1600,6.1700,153800,948800.0000,3
2025-09-10,20250910142500000,sz.002225,6.1700,6.1800,6.1500,6.1500,398900,2459520.0000,3
2025-09-10,20250910143000000,sz.002225,6.1500,6.1600,6.1400,6.1400,351500,2160992.0000,3
2025-09-10,20250910143500000,sz.002225,6.1500,6.1500,6.1300,6.1400,593400,3639616.0000,3
2025-09-10,20250910144000000,sz.002225,6.1400,6.1500,6.1200,6.1300,595000,3646624.0000,3
2025-09-10,20250910144500000,sz.002225,6.1300,6.1500,6.1200,6.1400,1148700,7060832.0000,3
2025-09-10,20250910145000000,sz.002225,6.1400,6.1500,6.1300,6.1300,525900,3229088.0000,3
2025-09-10,20250910145500000,sz.002225,6.1400,6.1400,6.1200,6.1300,781200,4785856.0000,3
2025-09-10,20250910150000000,sz.002225,6.1300,6.1400,6.1200,6.1400,965800,5922592.0000,3
2025-09-11,20250911093500000,sz.002225,6.1100,6.1200,6.0100,6.0500,5466000,33198240.0000,3
2025-09-11,20250911094000000,sz.002225,6.0400,6.0400,5.9900,5.9900,4293400,25809436.0000,3
2025-09-11,20250911094500000,sz.002225,5.9800,6.0400,5.9800,6.0400,2761000,16556748.0000,3
2025-09-11,20250911095000000,sz.002225,6.0400,6.0600,6.0200,6.0500,1060100,6398240.0000,3
2025-09-11,20250911095500000,sz.002225,6.0500,6.0600,6.0300,6.0300,811300,4905816.0000,3
2025-09-11,20250911100000000,sz.002225,6.0300,6.0500,6.0200,6.0400,694700,4191280.0000,3
2025-09-11,20250911100500000,sz.002225,6.0300,6.0900,6.0300,6.0700,819000,4963216.0000,3
2025-09-11,20250911101000000,sz.002225,6.0700,6.1000,6.0700,6.0900,834400,5076632.0000,3
2025-09-11,20250911101500000,sz.002225,6.1000,6.1000,6.0700,6.0900,495500,3015176.0000,3
2025-09-11,20250911102000000,sz.002225,6.0800,6.0800,6.0500,6.0600,378700,2297152.0000,3
2025-09-11,20250911102500000,sz.002225,6.0700,6.1100,6.0600,6.0900,592200,3604728.0000,3
2025-09-11,20250911103000000,sz.002225,6.1000,6.1200,6.0900,6.1100,312200,1904768.0000,3
2025-09-11,20250911103500000,sz.002225,6.1100,6.1500,6.1100,6.1300,1129900,6928128.0000,3
2025-09-11,20250911104000000,sz.002225,6.1200,6.1200,6.1000,6.1000,257900,1575592.0000,3
2025-09-11,20250911104500000,sz.002225,6.1100,6.1100,6.0900,6.1000,199000,1213344.0000,3
2025-09-11,20250911105000000,sz.002225,6.1000,6.1000,6.0800,6.0900,249600,1520064.0000,3
2025-09-11,20250911105500000,sz.002225,6.0800,6.1200,6.0800,6.1200,329700,2010904.0000,3
2025-09-11,20250911110000000,sz.002225,6.1200,6.1300,6.1100,6.1100,256300,1568432.0000,3
2025-09-11,20250911110500000,sz.002225,6.1200,6.1600,6.1100,6.1600,1096300,6728360.0000,3
2025-09-11,20250911111000000,sz.002225,6.1600,6.1600,6.1200,6.1200,709500,4351696.0000,3
2025-09-11,20250911111500000,sz.002225,6.1200,6.1300,6.1200,6.1200,161200,986848.0000,3
2025-09-11,20250911112000000,sz.002225,6.1200,6.1300,6.1100,6.1100,124900,763680.0000,3
2025-09-11,20250911112500000,sz.002225,6.1100,6.1300,6.1100,6.1300,652400,3988512.0000,3
2025-09-11,20250911113000000,sz.002225,6.1200,6.1300,6.1200,6.1200,290100,1776800.0000,3
2025-09-11,20250911130500000,sz.002225,6.1300,6.1500,6.1200,6.1300,874600,5362112.0000,3
2025-09-11,20250911131000000,sz.002225,6.1300,6.1500,6.1300,6.1500,706200,4336896.0000,3
2025-09-11,20250911131500000,sz.002225,6.1600,6.1800,6.1400,6.1700,3071800,18932416.0000,3
2025-09-11,20250911132000000,sz.002225,6.1600,6.1700,6.1400,6.1500,841800,5182496.0000,3
2025-09-11,20250911132500000,sz.002225,6.1500,6.1900,6.1500,6.1600,1066100,6575568.0000,3
2025-09-11,20250911133000000,sz.002225,6.1500,6.1600,6.1400,6.1500,488500,3003664.0000,3
2025-09-11,20250911133500000,sz.002225,6.1500,6.1800,6.1400,6.1700,1120000,6903264.0000,3
2025-09-11,20250911134000000,sz.002225,6.1700,6.1800,6.1500,6.1800,682200,4206624.0000,3
2025-09-11,20250911134500000,sz.002225,6.1800,6.2000,6.1600,6.1700,1545900,9559328.0000,3
2025-09-11,20250911135000000,sz.002225,6.1600,6.1800,6.1500,6.1700,402200,2479584.0000,3
2025-09-11,20250911135500000,sz.002225,6.1700,6.1800,6.1700,6.1800,261200,1613168.0000,3
2025-09-11,20250911140000000,sz.002225,6.1800,6.1800,6.1600,6.1700,394000,2431712.0000,3
2025-09-11,20250911140500000,sz.002225,6.1700,6.1900,6.1700,6.1800,515700,3185200.0000,3
2025-09-11,20250911141000000,sz.002225,6.1900,6.1900,6.1800,6.1800,556500,3439056.0000,3
2025-09-11,20250911141500000,sz.002225,6.1900,6.1900,6.1700,6.1900,354700,2191760.0000,3
2025-09-11,20250911142000000,sz.002225,6.1900,6.1900,6.1800,6.1800,270800,1674944.0000,3
2025-09-11,20250911142500000,sz.002225,6.1800,6.1900,6.1800,6.1800,257500,1592848.0000,3
2025-09-11,20250911143000000,sz.002225,6.1900,6.1900,6.1800,6.1900,330900,2046768.0000,3
2025-09-11,20250911143500000,sz.002225,6.1900,6.2000,6.1800,6.1900,800100,4953104.0000,3
2025-09-11,20250911144000000,sz.002225,6.1900,6.2000,6.1800,6.1900,1465900,9073072.0000,3
2025-09-11,20250911144500000,sz.002225,6.1900,6.2000,6.1800,6.1900,909000,5626848.0000,3
2025-09-11,20250911145000000,sz.002225,6.2000,6.2000,6.1800,6.2000,819900,5076064.0000,3
2025-09-11,20250911145500000,sz.002225,6.1900,6.2000,6.1800,6.1800,709100,4385248.0000,3
2025-09-11,20250911150000000,sz.002225,6.1900,6.2000,6.1800,6.1900,1167600,7225760.0000,3
2025-09-12,20250912093500000,sz.002225,6.1900,6.2100,6.1200,6.1600,3189000,19652724.0000,3
2025-09-12,20250912094000000,sz.002225,6.1600,6.1900,6.1500,6.1700,985300,6082960.0000,3
2025-09-12,20250912094500000,sz.002225,6.1600,6.2000,6.1500,6.2000,1210800,7474476.0000,3
2025-09-12,20250912095000000,sz.002225,6.2000,6.2200,6.1500,6.1500,5922800,36641888.0000,3
2025-09-12,20250912095500000,sz.002225,6.1500,6.1600,6.1200,6.1200,1122200,6886648.0000,3
2025-09-12,20250912100000000,sz.002225,6.1200,6.1400,6.1200,6.1300,637500,3909992.0000,3
2025-09-12,20250912100500000,sz.002225,6.1300,6.1400,6.1300,6.1300,757200,4642400.0000,3
2025-09-12,20250912101000000,sz.002225,6.1300,6.1500,6.1300,6.1300,938300,5756416.0000,3
2025-09-12,20250912101500000,sz.002225,6.1300,6.1500,6.1200,6.1200,1939500,11911672.0000,3
2025-09-12,20250912102000000,sz.002225,6.1200,6.1400,6.1200,6.1400,498800,3054968.0000,3
2025-09-12,20250912102500000,sz.002225,6.1400,6.1400,6.1200,6.1300,487600,2987952.0000,3
2025-09-12,20250912103000000,sz.002225,6.1200,6.1300,6.1200,6.1200,607800,3720704.0000,3
2025-09-12,20250912103500000,sz.002225,6.1200,6.1300,6.1100,6.1100,1081800,6614480.0000,3
2025-09-12,20250912104000000,sz.002225,6.1100,6.1100,6.1000,6.1100,845600,5161192.0000,3
2025-09-12,20250912104500000,sz.002225,6.1100,6.1100,6.0900,6.1000,1081700,6596448.0000,3
2025-09-12,20250912105000000,sz.002225,6.1000,6.1000,6.0800,6.1000,796900,4854472.0000,3
2025-09-12,20250912105500000,sz.002225,6.0900,6.1000,6.0700,6.0700,843600,5132640.0000,3
2025-09-12,20250912110000000,sz.002225,6.0700,6.0800,6.0600,6.0600,772900,4691968.0000,3
2025-09-12,20250912110500000,sz.002225,6.0600,6.0700,6.0400,6.0500,2196400,13293856.0000,3
2025-09-12,20250912111000000,sz.002225,6.0500,6.0600,6.0400,6.0500,729200,4408256.0000,3
2025-09-12,20250912111500000,sz.002225,6.0600,6.0700,6.0600,6.0600,277200,1681728.0000,3
2025-09-12,20250912112000000,sz.002225,6.0600,6.0700,6.0600,6.0600,137800,835808.0000,3
2025-09-12,20250912112500000,sz.002225,6.0600,6.0700,6.0600,6.0600,302000,1831712.0000,3
2025-09-12,20250912113000000,sz.002225,6.0600,6.0700,6.0500,6.0500,913600,5534848.0000,3
2025-09-12,20250912130500000,sz.002225,6.0700,6.0800,6.0400,6.0400,2430400,14701968.0000,3
2025-09-12,20250912131000000,sz.002225,6.0400,6.0400,6.0300,6.0300,1133300,6841008.0000,3
2025-09-12,20250912131500000,sz.002225,6.0300,6.0500,6.0300,6.0400,907100,5475488.0000,3
2025-09-12,20250912132000000,sz.002225,6.0300,6.0500,6.0300,6.0400,809600,4888208.0000,3
2025-09-12,20250912132500000,sz.002225,6.0400,6.0500,6.0300,6.0300,638600,3856912.0000,3
2025-09-12,20250912133000000,sz.002225,6.0300,6.0500,6.0300,6.0300,449900,2715504.0000,3
2025-09-12,20250912133500000,sz.002225,6.0300,6.0500,6.0300,6.0300,660400,3985856.0000,3
2025-09-12,20250912134000000,sz.002225,6.0300,6.0400,6.0300,6.0300,573900,3463136.0000,3
2025-09-12,20250912134500000,sz.002225,6.0300,6.0400,6.0300,6.0300,766400,4623856.0000,3
2025-09-12,20250912135000000,sz.002225,6.0300,6.0400,6.0300,6.0300,708700,4275936.0000,3
2025-09-12,20250912135500000,sz.002225,6.0300,6.0500,6.0300,6.0400,863200,5215664.0000,3
2025-09-12,20250912140000000,sz.002225,6.0300,6.0600,6.0300,6.0500,882700,5331360.0000,3
2025-09-12,20250912140500000,sz.002225,6.0500,6.0600,6.0200,6.0300,1756900,10599552.0000,3
2025-09-12,20250912141000000,sz.002225,6.0200,6.0300,6.0100,6.0200,1377000,8291760.0000,3
2025-09-12,20250912141500000,sz.002225,6.0200,6.0300,6.0100,6.0200,1400200,8419584.0000,3
2025-09-12,20250912142000000,sz.002225,6.0100,6.0300,6.0100,6.0200,852500,5131184.0000,3
2025-09-12,20250912142500000,sz.002225,6.0200,6.0400,6.0200,6.0300,657200,3964608.0000,3
2025-09-12,20250912143000000,sz.002225,6.0200,6.0400,6.0200,6.0300,607200,3659936.0000,3
2025-09-12,20250912143500000,sz.002225,6.0300,6.0600,6.0300,6.0500,696800,4211744.0000,3
2025-09-12,20250912144000000,sz.002225,6.0500,6.0600,6.0500,6.0500,460700,2787936.0000,3
2025-09-12,20250912144500000,sz.002225,6.0600,6.0600,6.0300,6.0400,753900,4554368.0000,3
2025-09-12,20250912145000000,sz.002225,6.0300,6.0500,6.0300,6.0500,936500,5658080.0000,3
2025-09-12,20250912145500000,sz.002225,6.0400,6.0700,6.0400,6.0600,1195900,7239296.0000,3
2025-09-12,20250912150000000,sz.002225,6.0600,6.0600,6.0500,6.0500,1593000,9640320.0000,3
2025-09-15,20250915093500000,sz.002225,6.0500,6.1100,6.0300,6.1100,1928800,11695070.0000,3
2025-09-15,20250915094000000,sz.002225,6.1000,6.1200,6.0800,6.1000,1501800,9162436.0000,3
2025-09-15,20250915094500000,sz.002225,6.1000,6.1000,6.0600,6.0700,911200,5534874.0000,3
2025-09-15,20250915095000000,sz.002225,6.0700,6.1100,6.0600,6.0700,1123700,6838094.0000,3
2025-09-15,20250915095500000,sz.002225,6.0800,6.1100,6.0700,6.0900,623100,3796618.0000,3
2025-09-15,20250915100000000,sz.002225,6.0800,6.0900,6.0500,6.0600,1777200,10773252.0000,3
2025-09-15,20250915100500000,sz.002225,6.0600,6.0700,6.0300,6.0300,1147200,6931552.0000,3
2025-09-15,20250915101000000,sz.002225,6.0300,6.0600,6.0300,6.0600,401900,2429120.0000,3
2025-09-15,20250915101500000,sz.002225,6.0500,6.0900,6.0500,6.0700,2280900,13842392.0000,3
2025-09-15,20250915102000000,sz.002225,6.0700,6.0800,6.0500,6.0600,317800,1927144.0000,3
2025-09-15,20250915102500000,sz.002225,6.0600,6.0700,6.0400,6.0400,276200,1672032.0000,3
2025-09-15,20250915103000000,sz.002225,6.0500,6.0600,6.0400,6.0500,266200,1610768.0000,3
2025-09-15,20250915103500000,sz.002225,6.0600,6.0900,6.0500,6.0800,811900,4929720.0000,3
2025-09-15,20250915104000000,sz.002225,6.0900,6.0900,6.0600,6.0700,425900,2587248.0000,3
2025-09-15,20250915104500000,sz.002225,6.0700,6.0700,6.0400,6.0500,434100,2627520.0000,3
2025-09-15,20250915105000000,sz.002225,6.0500,6.0500,6.0300,6.0400,376300,2272944.0000,3
2025-09-15,20250915105500000,sz.002225,6.0400,6.0500,6.0300,6.0500,333200,2010640.0000,3
2025-09-15,20250915110000000,sz.002225,6.0400,6.0600,6.0400,6.0600,296300,1793576.0000,3
2025-09-15,20250915110500000,sz.002225,6.0700,6.0700,6.0600,6.0600,223200,1353456.0000,3
2025-09-15,20250915111000000,sz.002225,6.0600,6.0700,6.0600,6.0600,167100,1012760.0000,3
2025-09-15,20250915111500000,sz.002225,6.0700,6.0700,6.0500,6.0600,189400,1148000.0000,3
2025-09-15,20250915112000000,sz.002225,6.0600,6.0700,6.0500,6.0600,76100,461160.0000,3
2025-09-15,20250915112500000,sz.002225,6.0600,6.0700,6.0500,6.0700,181200,1097992.0000,3
2025-09-15,20250915113000000,sz.002225,6.0700,6.0800,6.0600,6.0700,218000,1322336.0000,3
2025-09-15,20250915130500000,sz.002225,6.0700,6.0700,6.0500,6.0500,348300,2111880.0000,3
2025-09-15,20250915131000000,sz.002225,6.0500,6.0600,6.0500,6.0600,199900,1209744.0000,3
2025-09-15,20250915131500000,sz.002225,6.0600,6.0600,6.0400,6.0500,196700,1190096.0000,3
2025-09-15,20250915132000000,sz.002225,6.0500,6.0600,6.0400,6.0500,244200,1477016.0000,3
2025-09-15,20250915132500000,sz.002225,6.0500,6.0600,6.0500,6.0500,108800,658432.0000,3
2025-09-15,20250915133000000,sz.002225,6.0600,6.0800,6.0500,6.0600,847100,5140344.0000,3
2025-09-15,20250915133500000,sz.002225,6.0600,6.0600,6.0500,6.0500,478400,2897960.0000,3
2025-09-15,20250915134000000,sz.002225,6.0600,6.0600,6.0400,6.0600,258100,1561672.0000,3
2025-09-15,20250915134500000,sz.002225,6.0600,6.0700,6.0400,6.0400,403500,2443384.0000,3
2025-09-15,20250915135000000,sz.002225,6.0500,6.0600,6.0400,6.0600,334200,2021024.0000,3
2025-09-15,20250915135500000,sz.002225,6.0500,6.0600,6.0500,6.0500,304800,1844192.0000,3
2025-09-15,20250915140000000,sz.002225,6.0500,6.0600,6.0500,6.0500,131200,794040.0000,3
2025-09-15,20250915140500000,sz.002225,6.0500,6.0600,6.0400,6.0400,887700,5364840.0000,3
2025-09-15,20250915141000000,sz.002225,6.0400,6.0500,6.0300,6.0400,838900,5059040.0000,3
2025-09-15,20250915141500000,sz.002225,6.0400,6.0400,6.0300,6.0400,146000,881064.0000,3
2025-09-15,20250915142000000,sz.002225,6.0400,6.0400,6.0300,6.0400,142500,860520.0000,3
2025-09-15,20250915142500000,sz.002225,6.0400,6.0400,6.0300,6.0400,67800,409264.0000,3
2025-09-15,20250915143000000,sz.002225,6.0300,6.0400,6.0200,6.0300,493400,2974816.0000,3
2025-09-15,20250915143500000,sz.002225,6.0300,6.0400,6.0200,6.0400,389900,2352784.0000,3
2025-09-15,20250915144000000,sz.002225,6.0400,6.0400,6.0300,6.0400,294500,1778512.0000,3
2025-09-15,20250915144500000,sz.002225,6.0300,6.0400,6.0300,6.0400,231000,1394656.0000,3
2025-09-15,20250915145000000,sz.002225,6.0400,6.0400,6.0300,6.0400,719700,4348096.0000,3
2025-09-15,20250915145500000,sz.002225,6.0400,6.0400,6.0300,6.0300,484800,2924752.0000,3
2025-09-15,20250915150000000,sz.002225,6.0400,6.0400,6.0300,6.0400,629100,3795312.0000,3
2025-09-16,20250916093500000,sz.002225,6.0500,6.0500,6.0200,6.0200,1582500,9541329.0000,3
2025-09-16,20250916094000000,sz.002225,6.0200,6.0500,6.0200,6.0200,673700,4064752.0000,3
2025-09-16,20250916094500000,sz.002225,6.0300,6.0300,6.0100,6.0100,885200,5330955.0000,3
2025-09-16,20250916095000000,sz.002225,6.0100,6.0300,6.0000,6.0000,762700,4585716.0000,3
2025-09-16,20250916095500000,sz.002225,6.0100,6.0200,6.0000,6.0000,608200,3653514.0000,3
2025-09-16,20250916100000000,sz.002225,6.0000,6.0300,6.0000,6.0100,653600,3930870.0000,3
2025-09-16,20250916100500000,sz.002225,6.0200,6.0300,6.0100,6.0100,293700,1767052.0000,3
2025-09-16,20250916101000000,sz.002225,6.0200,6.0300,6.0100,6.0200,522400,3145340.0000,3
2025-09-16,20250916101500000,sz.002225,6.0300,6.0300,6.0000,6.0000,1113400,6688736.0000,3
2025-09-16,20250916102000000,sz.002225,6.0000,6.0500,6.0000,6.0100,1872800,11268776.0000,3
2025-09-16,20250916102500000,sz.002225,6.0100,6.0100,5.9900,5.9900,841800,5049360.0000,3
2025-09-16,20250916103000000,sz.002225,5.9900,6.0000,5.9800,5.9800,726000,4348668.0000,3
2025-09-16,20250916103500000,sz.002225,5.9800,5.9900,5.9600,5.9600,2031400,12140940.0000,3
2025-09-16,20250916104000000,sz.002225,5.9600,5.9800,5.9300,5.9500,3162800,18824808.0000,3
2025-09-16,20250916104500000,sz.002225,5.9400,5.9800,5.9400,5.9500,1528100,9105824.0000,3
2025-09-16,20250916105000000,sz.002225,5.9500,5.9600,5.9500,5.9600,161700,963064.0000,3
2025-09-16,20250916105500000,sz.002225,5.9600,5.9600,5.9200,5.9200,2377200,14093296.0000,3
2025-09-16,20250916110000000,sz.002225,5.9200,5.9400,5.9200,5.9200,639200,3789976.0000,3
2025-09-16,20250916110500000,sz.002225,5.9300,5.9400,5.9200,5.9300,173400,1028328.0000,3
2025-09-16,20250916111000000,sz.002225,5.9400,5.9400,5.9200,5.9300,742000,4400208.0000,3
2025-09-16,20250916111500000,sz.002225,5.9300,5.9600,5.9300,5.9500,268800,1598584.0000,3
2025-09-16,20250916112000000,sz.002225,5.9500,5.9800,5.9400,5.9700,301100,1793872.0000,3
2025-09-16,20250916112500000,sz.002225,5.9700,5.9900,5.9700,5.9800,343900,2057744.0000,3
2025-09-16,20250916113000000,sz.002225,5.9900,5.9900,5.9600,5.9600,162100,967464.0000,3
2025-09-16,20250916130500000,sz.002225,5.9700,5.9800,5.9600,5.9800,245200,1464184.0000,3
2025-09-16,20250916131000000,sz.002225,5.9800,5.9900,5.9700,5.9700,275800,1648912.0000,3
2025-09-16,20250916131500000,sz.002225,5.9800,5.9900,5.9700,5.9900,389200,2326784.0000,3
2025-09-16,20250916132000000,sz.002225,5.9800,5.9900,5.9700,5.9800,181500,1085408.0000,3
2025-09-16,20250916132500000,sz.002225,5.9800,5.9800,5.9600,5.9700,485500,2896656.0000,3
2025-09-16,20250916133000000,sz.002225,5.9700,5.9800,5.9600,5.9700,341100,2035936.0000,3
2025-09-16,20250916133500000,sz.002225,5.9700,5.9800,5.9600,5.9700,391900,2338320.0000,3
2025-09-16,20250916134000000,sz.002225,5.9700,5.9800,5.9600,5.9700,298700,1783424.0000,3
2025-09-16,20250916134500000,sz.002225,5.9700,5.9800,5.9600,5.9600,264000,1575472.0000,3
2025-09-16,20250916135000000,sz.002225,5.9600,5.9700,5.9600,5.9700,159300,950240.0000,3
2025-09-16,20250916135500000,sz.002225,5.9700,5.9800,5.9600,5.9700,531600,3173744.0000,3
2025-09-16,20250916140000000,sz.002225,5.9700,6.0000,5.9700,6.0000,628000,3758256.0000,3
2025-09-16,20250916140500000,sz.002225,6.0000,6.0100,5.9900,6.0100,584900,3507952.0000,3
2025-09-16,20250916141000000,sz.002225,6.0000,6.0100,5.9900,6.0000,517700,3103792.0000,3
2025-09-16,20250916141500000,sz.002225,6.0000,6.0200,5.9900,6.0200,657800,3949200.0000,3
2025-09-16,20250916142000000,sz.002225,6.0200,6.0200,6.0000,6.0000,81200,487920.0000,3
2025-09-16,20250916142500000,sz.002225,6.0000,6.0100,5.9900,5.9900,311200,1867216.0000,3
2025-09-16,20250916143000000,sz.002225,6.0000,6.0100,5.9900,6.0000,393900,2362480.0000,3
2025-09-16,20250916143500000,sz.002225,6.0000,6.0400,5.9900,6.0100,2359300,14213712.0000,3
2025-09-16,20250916144000000,sz.002225,6.0000,6.0200,6.0000,6.0200,590300,3546320.0000,3
2025-09-16,20250916144500000,sz.002225,6.0300,6.0300,6.0100,6.0100,532300,3202176.0000,3
2025-09-16,20250916145000000,sz.002225,6.0200,6.0200,6.0000,6.0200,401600,2415664.0000,3
2025-09-16,20250916145500000,sz.002225,6.0100,6.0200,6.0000,6.0200,523200,3146560.0000,3
2025-09-16,20250916150000000,sz.002225,6.0200,6.0300,6.0100,6.0300,616100,3711104.0000,3
2025-09-17,20250917093500000,sz.002225,6.0300,6.0300,5.9700,5.9700,1862500,11172404.0000,3
2025-09-17,20250917094000000,sz.002225,5.9600,5.9900,5.9600,5.9800,1027800,6134876.0000,3
2025-09-17,20250917094500000,sz.002225,5.9800,6.0000,5.9800,5.9900,497300,2979528.0000,3
2025-09-17,20250917095000000,sz.002225,5.9900,6.0000,5.9700,5.9700,501200,2999972.0000,3
2025-09-17,20250917095500000,sz.002225,5.9800,6.0100,5.9800,6.0100,554500,3322668.0000,3
2025-09-17,20250917100000000,sz.002225,6.0100,6.0400,5.9900,6.0200,886000,5331576.0000,3
2025-09-17,20250917100500000,sz.002225,6.0200,6.0400,6.0000,6.0100,557900,3361468.0000,3
2025-09-17,20250917101000000,sz.002225,6.0100,6.0300,5.9900,5.9900,2952000,17765124.0000,3
2025-09-17,20250917101500000,sz.002225,6.0000,6.0200,6.0000,6.0100,273800,1643728.0000,3
2025-09-17,20250917102000000,sz.002225,6.0000,6.0400,6.0000,6.0200,1497400,9025744.0000,3
2025-09-17,20250917102500000,sz.002225,6.0200,6.0200,6.0000,6.0100,168700,1013304.0000,3
2025-09-17,20250917103000000,sz.002225,6.0100,6.0100,5.9900,6.0000,348800,2092848.0000,3
2025-09-17,20250917103500000,sz.002225,5.9900,6.0000,5.9900,6.0000,192100,1152528.0000,3
2025-09-17,20250917104000000,sz.002225,5.9900,6.0000,5.9900,5.9900,534700,3203656.0000,3
2025-09-17,20250917104500000,sz.002225,6.0000,6.0000,5.9800,5.9900,251300,1505872.0000,3
2025-09-17,20250917105000000,sz.002225,5.9800,6.0100,5.9800,6.0000,389700,2336864.0000,3
2025-09-17,20250917105500000,sz.002225,6.0100,6.0200,6.0100,6.0200,116700,701456.0000,3
2025-09-17,20250917110000000,sz.002225,6.0200,6.0300,6.0100,6.0100,301100,1811512.0000,3
2025-09-17,20250917110500000,sz.002225,6.0100,6.0300,6.0100,6.0300,245200,1475432.0000,3
2025-09-17,20250917111000000,sz.002225,6.0300,6.0300,6.0000,6.0100,707600,4254680.0000,3
2025-09-17,20250917111500000,sz.002225,6.0100,6.0100,6.0000,6.0000,315300,1892040.0000,3
2025-09-17,20250917112000000,sz.002225,6.0000,6.0100,6.0000,6.0100,393700,2362224.0000,3
2025-09-17,20250917112500000,sz.002225,6.0100,6.0100,6.0000,6.0100,824700,4948720.0000,3
2025-09-17,20250917113000000,sz.002225,6.0100,6.0100,6.0000,6.0000,271900,1632640.0000,3
2025-09-17,20250917130500000,sz.002225,6.0000,6.0100,5.9800,5.9800,1369500,8201136.0000,3
2025-09-17,20250917131000000,sz.002225,5.9800,5.9800,5.9700,5.9800,397100,2373408.0000,3
2025-09-17,20250917131500000,sz.002225,5.9800,5.9900,5.9700,5.9700,535500,3198608.0000,3
2025-09-17,20250917132000000,sz.002225,5.9700,5.9800,5.9600,5.9700,464700,2774656.0000,3
2025-09-17,20250917132500000,sz.002225,5.9700,5.9700,5.9600,5.9700,479500,2858968.0000,3
2025-09-17,20250917133000000,sz.002225,5.9600,5.9700,5.9400,5.9500,1620300,9647336.0000,3
2025-09-17,20250917133500000,sz.002225,5.9400,5.9600,5.9400,5.9500,744700,4430216.0000,3
2025-09-17,20250917134000000,sz.002225,5.9600,5.9600,5.9500,5.9600,150800,897936.0000,3
2025-09-17,20250917134500000,sz.002225,5.9500,5.9600,5.9500,5.9500,416900,2482560.0000,3
2025-09-17,20250917135000000,sz.002225,5.9500,5.9600,5.9500,5.9600,286000,1702840.0000,3
2025-09-17,20250917135500000,sz.002225,5.9600,5.9700,5.9500,5.9600,417000,2483808.0000,3
2025-09-17,20250917140000000,sz.002225,5.9600,5.9600,5.9500,5.9500,269000,1602416.0000,3
2025-09-17,20250917140500000,sz.002225,5.9600,5.9700,5.9500,5.9600,573600,3418144.0000,3
2025-09-17,20250917141000000,sz.002225,5.9600,5.9600,5.9400,5.9500,822900,4897632.0000,3
2025-09-17,20250917141500000,sz.002225,5.9500,5.9500,5.9400,5.9400,385300,2290464.0000,3
2025-09-17,20250917142000000,sz.002225,5.9500,5.9500,5.9400,5.9400,345000,2052448.0000,3
2025-09-17,20250917142500000,sz.002225,5.9500,5.9500,5.9300,5.9500,1366200,8114480.0000,3
2025-09-17,20250917143000000,sz.002225,5.9400,5.9500,5.9300,5.9400,513900,3052544.0000,3
2025-09-17,20250917143500000,sz.002225,5.9300,5.9400,5.9300,5.9400,302400,1795168.0000,3
2025-09-17,20250917144000000,sz.002225,5.9300,5.9400,5.9200,5.9200,892000,5289168.0000,3
2025-09-17,20250917144500000,sz.002225,5.9300,5.9400,5.9200,5.9400,1079400,6402640.0000,3
2025-09-17,20250917145000000,sz.002225,5.9400,5.9500,5.9100,5.9200,1604700,9507456.0000,3
2025-09-17,20250917145500000,sz.002225,5.9200,5.9300,5.9100,5.9100,1310900,7755872.0000,3
2025-09-17,20250917150000000,sz.002225,5.9100,5.9300,5.9100,5.9200,458100,2711840.0000,3
2025-09-18,20250918093500000,sz.002225,5.9400,5.9400,5.8500,5.8900,2398900,14139133.0000,3
2025-09-18,20250918094000000,sz.002225,5.8900,5.8900,5.8400,5.8400,2231400,13065633.0000,3
2025-09-18,20250918094500000,sz.002225,5.8400,5.8600,5.8100,5.8100,2547800,14849422.0000,3
2025-09-18,20250918095000000,sz.002225,5.8200,5.8400,5.8000,5.8000,4148900,24110808.0000,3
2025-09-18,20250918095500000,sz.002225,5.8000,5.8100,5.7900,5.8100,1160500,6729628.0000,3
2025-09-18,20250918100000000,sz.002225,5.8000,5.8400,5.8000,5.8300,750500,4366776.0000,3
2025-09-18,20250918100500000,sz.002225,5.8400,5.8700,5.8300,5.8700,1048300,6137320.0000,3
2025-09-18,20250918101000000,sz.002225,5.8700,5.9100,5.8600,5.9000,1106100,6518400.0000,3
2025-09-18,20250918101500000,sz.002225,5.9100,5.9400,5.9100,5.9300,1195600,7079648.0000,3
2025-09-18,20250918102000000,sz.002225,5.9300,5.9600,5.9100,5.9500,1926100,11432672.0000,3
2025-09-18,20250918102500000,sz.002225,5.9400,5.9600,5.9300,5.9500,1035000,6158704.0000,3
2025-09-18,20250918103000000,sz.002225,5.9800,6.0000,5.9600,5.9600,1850900,11060152.0000,3
2025-09-18,20250918103500000,sz.002225,5.9600,5.9800,5.9500,5.9600,680800,4062944.0000,3
2025-09-18,20250918104000000,sz.002225,5.9500,6.0000,5.9500,6.0000,1798400,10754632.0000,3
2025-09-18,20250918104500000,sz.002225,5.9900,5.9900,5.9700,5.9800,645300,3859856.0000,3
2025-09-18,20250918105000000,sz.002225,5.9800,6.0100,5.9700,6.0100,780100,4676832.0000,3
2025-09-18,20250918105500000,sz.002225,6.0000,6.0300,5.9900,6.0300,1297800,7802640.0000,3
2025-09-18,20250918110000000,sz.002225,6.0300,6.0300,6.0100,6.0100,302600,1820880.0000,3
2025-09-18,20250918110500000,sz.002225,6.0200,6.0200,6.0000,6.0100,569000,3416208.0000,3
2025-09-18,20250918111000000,sz.002225,6.0100,6.0100,5.9900,6.0000,325500,1953728.0000,3
2025-09-18,20250918111500000,sz.002225,6.0000,6.0200,6.0000,6.0200,761100,4576208.0000,3
2025-09-18,20250918112000000,sz.002225,6.0200,6.0400,6.0100,6.0200,1105500,6661504.0000,3
2025-09-18,20250918112500000,sz.002225,6.0200,6.0200,6.0000,6.0200,386300,2322176.0000,3
2025-09-18,20250918113000000,sz.002225,6.0200,6.0500,6.0100,6.0300,942100,5684688.0000,3
2025-09-18,20250918130500000,sz.002225,6.0300,6.0300,6.0000,6.0100,778200,4686096.0000,3
2025-09-18,20250918131000000,sz.002225,6.0100,6.0200,5.9900,6.0100,754000,4525504.0000,3
2025-09-18,20250918131500000,sz.002225,6.0100,6.0100,6.0000,6.0000,314000,1885552.0000,3
2025-09-18,20250918132000000,sz.002225,5.9900,6.0000,5.9800,5.9800,329300,1972288.0000,3
2025-09-18,20250918132500000,sz.002225,5.9800,5.9900,5.9500,5.9500,570800,3407200.0000,3
2025-09-18,20250918133000000,sz.002225,5.9500,5.9500,5.9400,5.9500,336300,1999312.0000,3
2025-09-18,20250918133500000,sz.002225,5.9400,5.9500,5.9300,5.9300,813200,4833088.0000,3
2025-09-18,20250918134000000,sz.002225,5.9300,5.9400,5.9200,5.9300,400900,2377200.0000,3
2025-09-18,20250918134500000,sz.002225,5.9200,5.9300,5.9000,5.9100,546900,3237040.0000,3
2025-09-18,20250918135000000,sz.002225,5.9100,5.9200,5.9000,5.9200,354500,2093824.0000,3
2025-09-18,20250918135500000,sz.002225,5.9100,5.9800,5.9100,5.9600,2602700,15459584.0000,3
2025-09-18,20250918140000000,sz.002225,5.9600,5.9800,5.9500,5.9600,818700,4882928.0000,3
2025-09-18,20250918140500000,sz.002225,5.9500,5.9600,5.9300,5.9300,685000,4072192.0000,3
2025-09-18,20250918141000000,sz.002225,5.9300,5.9400,5.8900,5.9000,1755800,10368912.0000,3
2025-09-18,20250918141500000,sz.002225,5.8900,5.9000,5.8700,5.8900,803700,4726384.0000,3
2025-09-18,20250918142000000,sz.002225,5.8800,5.9000,5.8800,5.8900,555700,3273792.0000,3
2025-09-18,20250918142500000,sz.002225,5.8900,5.9000,5.8700,5.8700,564300,3319392.0000,3
2025-09-18,20250918143000000,sz.002225,5.8800,5.8800,5.8600,5.8700,519400,3048480.0000,3
2025-09-18,20250918143500000,sz.002225,5.8600,5.8800,5.8400,5.8500,1289000,7545328.0000,3
2025-09-18,20250918144000000,sz.002225,5.8400,5.8500,5.8000,5.8100,1518100,8838528.0000,3
2025-09-18,20250918144500000,sz.002225,5.8100,5.8300,5.8000,5.8200,1071500,6224480.0000,3
2025-09-18,20250918145000000,sz.002225,5.8200,5.9000,5.8200,5.8900,1351700,7912352.0000,3
2025-09-18,20250918145500000,sz.002225,5.8900,5.9100,5.8800,5.9000,1346300,7929952.0000,3
2025-09-18,20250918150000000,sz.002225,5.9000,5.9100,5.8500,5.8500,912400,5362880.0000,3
2025-09-19,20250919093500000,sz.002225,5.8500,5.9200,5.8500,5.9100,1199400,7058954.0000,3
2025-09-19,20250919094000000,sz.002225,5.9000,5.9100,5.8700,5.8700,1095400,6443046.0000,3
2025-09-19,20250919094500000,sz.002225,5.8700,5.8800,5.8100,5.8200,2559700,14963160.0000,3
2025-09-19,20250919095000000,sz.002225,5.8200,5.8600,5.8200,5.8300,538100,3142588.0000,3
2025-09-19,20250919095500000,sz.002225,5.8300,5.8300,5.8100,5.8300,514600,2995268.0000,3
2025-09-19,20250919100000000,sz.002225,5.8200,5.8200,5.7900,5.8100,1182200,6863712.0000,3
2025-09-19,20250919100500000,sz.002225,5.8100,5.8200,5.7900,5.8000,858200,4979504.0000,3
2025-09-19,20250919101000000,sz.002225,5.7900,5.8000,5.7900,5.8000,332500,1927828.0000,3
2025-09-19,20250919101500000,sz.002225,5.8100,5.8200,5.8000,5.8100,184800,1073844.0000,3
2025-09-19,20250919102000000,sz.002225,5.8200,5.8200,5.8100,5.8200,246500,1433492.0000,3
2025-09-19,20250919102500000,sz.002225,5.8200,5.8300,5.8100,5.8200,104800,610380.0000,3
2025-09-19,20250919103000000,sz.002225,5.8300,5.8400,5.8200,5.8200,308400,1797216.0000,3
2025-09-19,20250919103500000,sz.002225,5.8300,5.8500,5.8200,5.8500,184400,1076352.0000,3
2025-09-19,20250919104000000,sz.002225,5.8500,5.8500,5.8300,5.8300,261600,1527304.0000,3
2025-09-19,20250919104500000,sz.002225,5.8300,5.8300,5.8000,5.8200,650800,3785576.0000,3
2025-09-19,20250919105000000,sz.002225,5.8300,5.8300,5.8100,5.8300,287700,1675016.0000,3
2025-09-19,20250919105500000,sz.002225,5.8300,5.8300,5.8000,5.8100,349600,2033396.0000,3
2025-09-19,20250919110000000,sz.002225,5.8200,5.8200,5.7900,5.8100,724300,4197596.0000,3
2025-09-19,20250919110500000,sz.002225,5.8000,5.8200,5.8000,5.8100,213700,1241512.0000,3
2025-09-19,20250919111000000,sz.002225,5.8000,5.8300,5.8000,5.8200,263400,1531344.0000,3
2025-09-19,20250919111500000,sz.002225,5.8200,5.8300,5.8100,5.8200,85100,495176.0000,3
2025-09-19,20250919112000000,sz.002225,5.8200,5.8200,5.8100,5.8100,155300,903040.0000,3
2025-09-19,20250919112500000,sz.002225,5.8100,5.8400,5.8100,5.8400,110000,640920.0000,3
2025-09-19,20250919113000000,sz.002225,5.8300,5.8400,5.8300,5.8400,66200,386360.0000,3
2025-09-19,20250919130500000,sz.002225,5.8400,5.8500,5.8300,5.8400,305400,1783896.0000,3
2025-09-19,20250919131000000,sz.002225,5.8500,5.8500,5.8300,5.8500,531100,3101296.0000,3
2025-09-19,20250919131500000,sz.002225,5.8400,5.8600,5.8300,5.8400,698100,4081096.0000,3
2025-09-19,20250919132000000,sz.002225,5.8300,5.8500,5.8200,5.8300,501600,2926184.0000,3
2025-09-19,20250919132500000,sz.002225,5.8300,5.8300,5.8200,5.8200,191800,1116904.0000,3
2025-09-19,20250919133000000,sz.002225,5.8300,5.8300,5.8100,5.8200,237400,1381904.0000,3
2025-09-19,20250919133500000,sz.002225,5.8200,5.8200,5.8000,5.8000,237000,1376632.0000,3
2025-09-19,20250919134000000,sz.002225,5.8000,5.8100,5.7900,5.8100,1235600,7166640.0000,3
2025-09-19,20250919134500000,sz.002225,5.8100,5.8100,5.7900,5.8000,260900,1512664.0000,3
2025-09-19,20250919135000000,sz.002225,5.8000,5.8100,5.8000,5.8100,275100,1596056.0000,3
2025-09-19,20250919135500000,sz.002225,5.8100,5.8100,5.7900,5.7900,243900,1414504.0000,3
2025-09-19,20250919140000000,sz.002225,5.7900,5.8200,5.7900,5.8100,253200,1470608.0000,3
2025-09-19,20250919140500000,sz.002225,5.8100,5.8200,5.8000,5.8200,165500,961912.0000,3
2025-09-19,20250919141000000,sz.002225,5.8200,5.8300,5.8100,5.8100,147100,856568.0000,3
2025-09-19,20250919141500000,sz.002225,5.8200,5.8300,5.8100,5.8300,96900,563464.0000,3
2025-09-19,20250919142000000,sz.002225,5.8200,5.8500,5.8200,5.8400,302500,1765672.0000,3
2025-09-19,20250919142500000,sz.002225,5.8400,5.8400,5.8300,5.8400,101300,590744.0000,3
2025-09-19,20250919143000000,sz.002225,5.8300,5.8500,5.8300,5.8400,249500,1457872.0000,3
2025-09-19,20250919143500000,sz.002225,5.8400,5.8600,5.8400,5.8500,663700,3882520.0000,3
2025-09-19,20250919144000000,sz.002225,5.8600,5.8600,5.8500,5.8600,210400,1232376.0000,3
2025-09-19,20250919144500000,sz.002225,5.8500,5.8600,5.8400,5.8500,543600,3180824.0000,3
2025-09-19,20250919145000000,sz.002225,5.8500,5.8500,5.8300,5.8300,567300,3311840.0000,3
2025-09-19,20250919145500000,sz.002225,5.8300,5.8400,5.8200,5.8400,453900,2648816.0000,3
2025-09-19,20250919150000000,sz.002225,5.8500,5.8500,5.8300,5.8500,1123100,6568456.0000,3
2025-09-22,20250922093500000,sz.002225,5.8500,5.8500,5.8000,5.8000,1325300,7704633.0000,3
2025-09-22,20250922094000000,sz.002225,5.7900,5.8100,5.7700,5.7800,1200600,6951258.0000,3
2025-09-22,20250922094500000,sz.002225,5.7800,5.8700,5.7800,5.8100,1940600,11343483.0000,3
2025-09-22,20250922095000000,sz.002225,5.8100,5.8200,5.7800,5.7900,591500,3429690.0000,3
2025-09-22,20250922095500000,sz.002225,5.7800,5.7900,5.7500,5.7600,1042200,6013456.0000,3
2025-09-22,20250922100000000,sz.002225,5.7600,5.7600,5.7100,5.7200,1954300,11213488.0000,3
2025-09-22,20250922100500000,sz.002225,5.7200,5.7500,5.7200,5.7300,1988400,11390032.0000,3
2025-09-22,20250922101000000,sz.002225,5.7400,5.7600,5.7300,5.7600,500200,2873236.0000,3
2025-09-22,20250922101500000,sz.002225,5.7500,5.7700,5.7400,5.7600,657700,3782236.0000,3
2025-09-22,20250922102000000,sz.002225,5.7600,5.7600,5.7300,5.7600,633400,3640472.0000,3
2025-09-22,20250922102500000,sz.002225,5.7500,5.7600,5.7200,5.7400,1015200,5824848.0000,3
2025-09-22,20250922103000000,sz.002225,5.7400,5.7800,5.7400,5.7700,511600,2948112.0000,3
2025-09-22,20250922103500000,sz.002225,5.7700,5.8000,5.7700,5.7900,317300,1837520.0000,3
2025-09-22,20250922104000000,sz.002225,5.7800,5.8000,5.7800,5.7900,273600,1584160.0000,3
2025-09-22,20250922104500000,sz.002225,5.7900,5.7900,5.7700,5.7900,186600,1078856.0000,3
2025-09-22,20250922105000000,sz.002225,5.7900,5.7900,5.7700,5.7700,249400,1442080.0000,3
2025-09-22,20250922105500000,sz.002225,5.7700,5.7900,5.7700,5.7800,118900,687368.0000,3
2025-09-22,20250922110000000,sz.002225,5.7800,5.7900,5.7700,5.7800,249400,1440696.0000,3
2025-09-22,20250922110500000,sz.002225,5.7800,5.7900,5.7700,5.7800,275600,1593368.0000,3
2025-09-22,20250922111000000,sz.002225,5.7800,5.7800,5.7700,5.7700,100200,578720.0000,3
2025-09-22,20250922111500000,sz.002225,5.7800,5.7800,5.7600,5.7700,252100,1454392.0000,3
2025-09-22,20250922112000000,sz.002225,5.7600,5.7800,5.7600,5.7700,161100,930096.0000,3
2025-09-22,20250922112500000,sz.002225,5.7700,5.7900,5.7700,5.7900,81900,473112.0000,3
2025-09-22,20250922113000000,sz.002225,5.7900,5.7900,5.7700,5.7800,181700,1050952.0000,3
2025-09-22,20250922130500000,sz.002225,5.7800,5.7900,5.7600,5.7700,432500,2496832.0000,3
2025-09-22,20250922131000000,sz.002225,5.7700,5.7900,5.7700,5.7900,291500,1683632.0000,3
2025-09-22,20250922131500000,sz.002225,5.7800,5.7900,5.7600,5.7800,518700,2994552.0000,3
2025-09-22,20250922132000000,sz.002225,5.7700,5.7700,5.7500,5.7500,625600,3606848.0000,3
2025-09-22,20250922132500000,sz.002225,5.7600,5.8000,5.7500,5.7900,527500,3044112.0000,3
2025-09-22,20250922133000000,sz.002225,5.7900,5.8000,5.7800,5.7900,226700,1313000.0000,3
2025-09-22,20250922133500000,sz.002225,5.7900,5.7900,5.7600,5.7600,273900,1582544.0000,3
2025-09-22,20250922134000000,sz.002225,5.7700,5.7800,5.7600,5.7700,353000,2036016.0000,3
2025-09-22,20250922134500000,sz.002225,5.7700,5.7700,5.7600,5.7600,139400,803512.0000,3
2025-09-22,20250922135000000,sz.002225,5.7600,5.7700,5.7600,5.7700,39900,229848.0000,3
2025-09-22,20250922135500000,sz.002225,5.7600,5.7700,5.7500,5.7500,395200,2275656.0000,3
2025-09-22,20250922140000000,sz.002225,5.7600,5.7600,5.7500,5.7600,179800,1034016.0000,3
2025-09-22,20250922140500000,sz.002225,5.7500,5.7600,5.7400,5.7500,411200,2363752.0000,3
2025-09-22,20250922141000000,sz.002225,5.7500,5.7600,5.7400,5.7500,529100,3038288.0000,3
2025-09-22,20250922141500000,sz.002225,5.7500,5.7700,5.7500,5.7600,199300,1147432.0000,3
2025-09-22,20250922142000000,sz.002225,5.7600,5.7600,5.7500,5.7600,269700,1551568.0000,3
2025-09-22,20250922142500000,sz.002225,5.7600,5.7700,5.7500,5.7600,679300,3910024.0000,3
2025-09-22,20250922143000000,sz.002225,5.7600,5.7600,5.7400,5.7400,470300,2704528.0000,3
2025-09-22,20250922143500000,sz.002225,5.7400,5.7800,5.7400,5.7700,297700,1716912.0000,3
2025-09-22,20250922144000000,sz.002225,5.7700,5.7900,5.7700,5.7800,550100,3179208.0000,3
2025-09-22,20250922144500000,sz.002225,5.7900,5.8000,5.7800,5.7900,357900,2071600.0000,3
2025-09-22,20250922145000000,sz.002225,5.7900,5.8000,5.7800,5.7800,368300,2132224.0000,3
2025-09-22,20250922145500000,sz.002225,5.7800,5.7900,5.7800,5.7900,635000,3672960.0000,3
2025-09-22,20250922150000000,sz.002225,5.7900,5.7900,5.7800,5.7900,382300,2212912.0000,3
2025-09-23,20250923093500000,sz.002225,5.7600,5.8100,5.7600,5.7800,1351300,7803514.0000,3
2025-09-23,20250923094000000,sz.002225,5.7700,5.8000,5.7400,5.7400,587900,3387322.0000,3
2025-09-23,20250923094500000,sz.002225,5.7500,5.7500,5.7100,5.7200,1088300,6233088.0000,3
2025-09-23,20250923095000000,sz.002225,5.7300,5.7400,5.7000,5.7000,961500,5498600.0000,3
2025-09-23,20250923095500000,sz.002225,5.6900,5.7100,5.6800,5.6800,1008800,5739496.0000,3
2025-09-23,20250923100000000,sz.002225,5.6800,5.6800,5.6600,5.6600,818200,4636694.0000,3
2025-09-23,20250923100500000,sz.002225,5.6600,5.6700,5.6400,5.6400,1422200,8040302.0000,3
2025-09-23,20250923101000000,sz.002225,5.6400,5.6600,5.6300,5.6400,672700,3795600.0000,3
2025-09-23,20250923101500000,sz.002225,5.6300,5.6400,5.6100,5.6300,836700,4703288.0000,3
2025-09-23,20250923102000000,sz.002225,5.6300,5.6400,5.6100,5.6100,900900,5064152.0000,3
2025-09-23,20250923102500000,sz.002225,5.6100,5.6200,5.5900,5.5900,938100,5256864.0000,3
2025-09-23,20250923103000000,sz.002225,5.5900,5.6000,5.5800,5.6000,2129400,11906616.0000,3
2025-09-23,20250923103500000,sz.002225,5.6000,5.6000,5.5700,5.6000,1916200,10708784.0000,3
2025-09-23,20250923104000000,sz.002225,5.6000,5.6200,5.5800,5.5800,1200300,6726824.0000,3
2025-09-23,20250923104500000,sz.002225,5.5800,5.6100,5.5700,5.6000,392000,2191472.0000,3
2025-09-23,20250923105000000,sz.002225,5.6000,5.6200,5.6000,5.6100,337000,1891336.0000,3
2025-09-23,20250923105500000,sz.002225,5.6100,5.6400,5.6000,5.6400,693800,3895816.0000,3
2025-09-23,20250923110000000,sz.002225,5.6300,5.6400,5.6100,5.6300,236300,1329032.0000,3
2025-09-23,20250923110500000,sz.002225,5.6400,5.6400,5.6200,5.6300,204800,1153624.0000,3
2025-09-23,20250923111000000,sz.002225,5.6300,5.6400,5.6100,5.6100,730900,4112688.0000,3
2025-09-23,20250923111500000,sz.002225,5.6200,5.6300,5.6000,5.6100,235000,1319216.0000,3
2025-09-23,20250923112000000,sz.002225,5.6000,5.6400,5.6000,5.6400,912200,5135152.0000,3
2025-09-23,20250923112500000,sz.002225,5.6400,5.6400,5.6000,5.6200,260700,1464024.0000,3
2025-09-23,20250923113000000,sz.002225,5.6200,5.6200,5.6000,5.6000,1558400,8742368.0000,3
2025-09-23,20250923130500000,sz.002225,5.6000,5.6300,5.5800,5.6300,1129700,6325440.0000,3
2025-09-23,20250923131000000,sz.002225,5.6400,5.6700,5.6100,5.6200,4110200,23205712.0000,3
2025-09-23,20250923131500000,sz.002225,5.6200,5.6400,5.6100,5.6400,373800,2104192.0000,3
2025-09-23,20250923132000000,sz.002225,5.6300,5.6400,5.6200,5.6300,919400,5178128.0000,3
2025-09-23,20250923132500000,sz.002225,5.6400,5.6500,5.6300,5.6500,198300,1118208.0000,3
2025-09-23,20250923133000000,sz.002225,5.6500,5.6900,5.6400,5.6700,575500,3262880.0000,3
2025-09-23,20250923133500000,sz.002225,5.6800,5.7000,5.6700,5.6800,670000,3808816.0000,3
2025-09-23,20250923134000000,sz.002225,5.6700,5.6800,5.6600,5.6700,156600,887776.0000,3
2025-09-23,20250923134500000,sz.002225,5.6600,5.6600,5.6400,5.6400,332200,1878320.0000,3
2025-09-23,20250923135000000,sz.002225,5.6400,5.6700,5.6400,5.6600,288300,1629504.0000,3
2025-09-23,20250923135500000,sz.002225,5.6500,5.6800,5.6500,5.6800,313700,1776448.0000,3
2025-09-23,20250923140000000,sz.002225,5.6800,5.6900,5.6600,5.6900,456000,2589328.0000,3
2025-09-23,20250923140500000,sz.002225,5.6900,5.6900,5.6500,5.6500,417800,2369136.0000,3
2025-09-23,20250923141000000,sz.002225,5.6600,5.6600,5.6400,5.6500,239600,1353696.0000,3
2025-09-23,20250923141500000,sz.002225,5.6500,5.6500,5.6300,5.6300,321500,1813184.0000,3
2025-09-23,20250923142000000,sz.002225,5.6500,5.6900,5.6500,5.6800,294200,1668320.0000,3
2025-09-23,20250923142500000,sz.002225,5.6800,5.7000,5.6800,5.6800,382400,2174656.0000,3
2025-09-23,20250923143000000,sz.002225,5.6800,5.7200,5.6800,5.7100,401700,2289600.0000,3
2025-09-23,20250923143500000,sz.002225,5.7100,5.7200,5.6900,5.7000,577900,3296064.0000,3
2025-09-23,20250923144000000,sz.002225,5.7000,5.7200,5.6900,5.7000,522600,2983072.0000,3
2025-09-23,20250923144500000,sz.002225,5.7000,5.7100,5.6900,5.7000,435500,2484432.0000,3
2025-09-23,20250923145000000,sz.002225,5.7100,5.7200,5.7000,5.7100,591700,3378640.0000,3
2025-09-23,20250923145500000,sz.002225,5.7100,5.7300,5.7100,5.7100,542500,3101776.0000,3
2025-09-23,20250923150000000,sz.002225,5.7200,5.7200,5.7100,5.7100,387100,2211344.0000,3
2025-09-24,20250924093500000,sz.002225,5.6800,5.7300,5.6600,5.7100,1944200,11071848.0000,3
2025-09-24,20250924094000000,sz.002225,5.7100,5.7300,5.7100,5.7300,542200,3100297.0000,3
2025-09-24,20250924094500000,sz.002225,5.7300,5.7300,5.7000,5.7100,595900,3408123.0000,3
2025-09-24,20250924095000000,sz.002225,5.7100,5.7300,5.7000,5.7100,577600,3299374.0000,3
2025-09-24,20250924095500000,sz.002225,5.7200,5.7200,5.7000,5.7000,238600,1362616.0000,3
2025-09-24,20250924100000000,sz.002225,5.7000,5.7400,5.6900,5.7300,1730000,9883058.0000,3
2025-09-24,20250924100500000,sz.002225,5.7200,5.7300,5.7100,5.7200,333000,1904940.0000,3
2025-09-24,20250924101000000,sz.002225,5.7200,5.7300,5.7000,5.7100,1302800,7443320.0000,3
2025-09-24,20250924101500000,sz.002225,5.7200,5.7200,5.7000,5.7000,520900,2971540.0000,3
2025-09-24,20250924102000000,sz.002225,5.7100,5.7200,5.7000,5.7100,401200,2288732.0000,3
2025-09-24,20250924102500000,sz.002225,5.7100,5.7200,5.7000,5.7100,262100,1497420.0000,3
2025-09-24,20250924103000000,sz.002225,5.7200,5.7200,5.7100,5.7100,148900,850768.0000,3
2025-09-24,20250924103500000,sz.002225,5.7200,5.7400,5.7100,5.7400,523200,2996876.0000,3
2025-09-24,20250924104000000,sz.002225,5.7400,5.7500,5.7300,5.7400,232800,1336432.0000,3
2025-09-24,20250924104500000,sz.002225,5.7500,5.7500,5.7200,5.7200,384200,2203976.0000,3
2025-09-24,20250924105000000,sz.002225,5.7300,5.7700,5.7200,5.7700,708500,4076552.0000,3
2025-09-24,20250924105500000,sz.002225,5.7700,5.7900,5.7600,5.7800,685600,3961416.0000,3
2025-09-24,20250924110000000,sz.002225,5.7800,5.7900,5.7800,5.7900,286300,1655512.0000,3
2025-09-24,20250924110500000,sz.002225,5.7900,5.7900,5.7700,5.7800,345200,1997240.0000,3
2025-09-24,20250924111000000,sz.002225,5.7700,5.7800,5.7600,5.7600,307900,1776744.0000,3
2025-09-24,20250924111500000,sz.002225,5.7600,5.7700,5.7600,5.7700,229500,1322832.0000,3
2025-09-24,20250924112000000,sz.002225,5.7700,5.7900,5.7600,5.7900,388300,2244256.0000,3
2025-09-24,20250924112500000,sz.002225,5.7900,5.7900,5.7700,5.7900,240000,1388248.0000,3
2025-09-24,20250924113000000,sz.002225,5.7900,5.7900,5.7800,5.7800,186400,1078792.0000,3
2025-09-24,20250924130500000,sz.002225,5.7800,5.8200,5.7800,5.8100,1308200,7589128.0000,3
2025-09-24,20250924131000000,sz.002225,5.8100,5.8400,5.7900,5.8200,1206900,7015456.0000,3
2025-09-24,20250924131500000,sz.002225,5.8200,5.8500,5.8200,5.8400,933000,5444024.0000,3
2025-09-24,20250924132000000,sz.002225,5.8400,5.8600,5.8300,5.8300,1233900,7215336.0000,3
2025-09-24,20250924132500000,sz.002225,5.8300,5.8500,5.8200,5.8500,782200,4566696.0000,3
2025-09-24,20250924133000000,sz.002225,5.8500,5.8500,5.8200,5.8300,308200,1798048.0000,3
2025-09-24,20250924133500000,sz.002225,5.8300,5.8600,5.8200,5.8500,1083400,6333024.0000,3
2025-09-24,20250924134000000,sz.002225,5.8600,5.8600,5.8500,5.8500,533200,3124528.0000,3
2025-09-24,20250924134500000,sz.002225,5.8600,5.8700,5.8400,5.8600,590900,3459632.0000,3
2025-09-24,20250924135000000,sz.002225,5.8600,5.8700,5.8500,5.8600,448400,2629256.0000,3
2025-09-24,20250924135500000,sz.002225,5.8600,5.8700,5.8500,5.8600,431500,2527984.0000,3
2025-09-24,20250924140000000,sz.002225,5.8600,5.8700,5.8500,5.8500,289300,1695272.0000,3
2025-09-24,20250924140500000,sz.002225,5.8500,5.8700,5.8400,5.8500,533800,3124856.0000,3
2025-09-24,20250924141000000,sz.002225,5.8400,5.8500,5.8300,5.8400,292600,1708664.0000,3
2025-09-24,20250924141500000,sz.002225,5.8300,5.8400,5.8200,5.8300,250500,1461120.0000,3
2025-09-24,20250924142000000,sz.002225,5.8300,5.8400,5.8300,5.8400,204200,1191888.0000,3
2025-09-24,20250924142500000,sz.002225,5.8400,5.8500,5.8300,5.8500,152800,893120.0000,3
2025-09-24,20250924143000000,sz.002225,5.8500,5.8500,5.8300,5.8500,402800,2352960.0000,3
2025-09-24,20250924143500000,sz.002225,5.8400,5.8500,5.8300,5.8500,525200,3067120.0000,3
2025-09-24,20250924144000000,sz.002225,5.8500,5.8600,5.8400,5.8500,399900,2340688.0000,3
2025-09-24,20250924144500000,sz.002225,5.8600,5.8600,5.8500,5.8500,567600,3325600.0000,3
2025-09-24,20250924145000000,sz.002225,5.8500,5.8700,5.8500,5.8600,567100,3324912.0000,3
2025-09-24,20250924145500000,sz.002225,5.8600,5.8700,5.8500,5.8600,1030700,6038576.0000,3
2025-09-24,20250924150000000,sz.002225,5.8500,5.8700,5.8500,5.8700,1128400,6620416.0000,3
2025-09-25,20250925093500000,sz.002225,5.9200,5.9400,5.7000,5.7300,10713600,62433980.0000,3
2025-09-25,20250925094000000,sz.002225,5.7300,5.8100,5.7000,5.7700,2174700,12483540.0000,3
2025-09-25,20250925094500000,sz.002225,5.7800,5.8400,5.7700,5.8300,1037800,6027848.0000,3
2025-09-25,20250925095000000,sz.002225,5.8200,5.8400,5.7900,5.8000,1013300,5889144.0000,3
2025-09-25,20250925095500000,sz.002225,5.8000,5.8600,5.7900,5.8400,1129600,6568208.0000,3
2025-09-25,20250925100000000,sz.002225,5.8500,5.8600,5.8000,5.8100,558700,3255840.0000,3
2025-09-25,20250925100500000,sz.002225,5.8200,5.8200,5.7900,5.7900,548600,3184720.0000,3
2025-09-25,20250925101000000,sz.002225,5.8000,5.8000,5.7700,5.7900,661800,3826768.0000,3
2025-09-25,20250925101500000,sz.002225,5.7800,5.8000,5.7800,5.7800,223600,1293672.0000,3
2025-09-25,20250925102000000,sz.002225,5.7800,5.7900,5.7500,5.7700,751500,4334448.0000,3
2025-09-25,20250925102500000,sz.002225,5.7800,5.8200,5.7800,5.7900,567200,3285624.0000,3
2025-09-25,20250925103000000,sz.002225,5.8000,5.8100,5.7900,5.7900,196600,1140144.0000,3
2025-09-25,20250925103500000,sz.002225,5.7900,5.8700,5.7900,5.8000,913300,5316184.0000,3
2025-09-25,20250925104000000,sz.002225,5.8100,5.8300,5.8000,5.8100,473600,2755088.0000,3
2025-09-25,20250925104500000,sz.002225,5.8100,5.8400,5.8000,5.8100,1862400,10858352.0000,3
2025-09-25,20250925105000000,sz.002225,5.8000,5.8100,5.7700,5.7800,670600,3886648.0000,3
2025-09-25,20250925105500000,sz.002225,5.7800,5.7800,5.7700,5.7800,667300,3855184.0000,3
2025-09-25,20250925110000000,sz.002225,5.7800,5.8300,5.7700,5.7800,987500,5727296.0000,3
2025-09-25,20250925110500000,sz.002225,5.7900,5.8300,5.7700,5.7700,484400,2808992.0000,3
2025-09-25,20250925111000000,sz.002225,5.7700,5.7800,5.7700,5.7700,317300,1831552.0000,3
2025-09-25,20250925111500000,sz.002225,5.7600,5.7700,5.7600,5.7600,274800,1584688.0000,3
2025-09-25,20250925112000000,sz.002225,5.7600,5.7700,5.7600,5.7600,295000,1701744.0000,3
2025-09-25,20250925112500000,sz.002225,5.7700,5.7800,5.7600,5.7800,198200,1143264.0000,3
2025-09-25,20250925113000000,sz.002225,5.7700,5.7800,5.7600,5.7800,917900,5292624.0000,3
2025-09-25,20250925130500000,sz.002225,5.7700,5.7800,5.7300,5.7500,1216700,6997264.0000,3
2025-09-25,20250925131000000,sz.002225,5.7500,5.7600,5.7200,5.7400,1077900,6181760.0000,3
2025-09-25,20250925131500000,sz.002225,5.7400,5.7800,5.7400,5.7500,1602100,9210368.0000,3
2025-09-25,20250925132000000,sz.002225,5.7400,5.7400,5.7300,5.7300,322900,1852464.0000,3
2025-09-25,20250925132500000,sz.002225,5.7400,5.7500,5.7300,5.7300,467300,2680976.0000,3
2025-09-25,20250925133000000,sz.002225,5.7400,5.7500,5.7300,5.7300,200400,1149776.0000,3
2025-09-25,20250925133500000,sz.002225,5.7300,5.7500,5.7300,5.7400,397000,2279584.0000,3
2025-09-25,20250925134000000,sz.002225,5.7500,5.7500,5.7300,5.7400,178200,1023120.0000,3
2025-09-25,20250925134500000,sz.002225,5.7400,5.7500,5.7300,5.7500,162200,931248.0000,3
2025-09-25,20250925135000000,sz.002225,5.7500,5.7500,5.7300,5.7300,180900,1038560.0000,3
2025-09-25,20250925135500000,sz.002225,5.7300,5.7500,5.7300,5.7400,352200,2022016.0000,3
2025-09-25,20250925140000000,sz.002225,5.7400,5.7800,5.7300,5.7600,387800,2229760.0000,3
2025-09-25,20250925140500000,sz.002225,5.7800,5.7800,5.7600,5.7600,249500,1438656.0000,3
2025-09-25,20250925141000000,sz.002225,5.7600,5.7700,5.7500,5.7500,179600,1034512.0000,3
2025-09-25,20250925141500000,sz.002225,5.7500,5.7700,5.7500,5.7600,382800,2205984.0000,3
2025-09-25,20250925142000000,sz.002225,5.7600,5.7700,5.7500,5.7500,366700,2109808.0000,3
2025-09-25,20250925142500000,sz.002225,5.7600,5.7600,5.7500,5.7500,113500,653440.0000,3
2025-09-25,20250925143000000,sz.002225,5.7500,5.7600,5.7500,5.7500,154900,891936.0000,3
2025-09-25,20250925143500000,sz.002225,5.7500,5.7800,5.7400,5.7700,707600,4076144.0000,3
2025-09-25,20250925144000000,sz.002225,5.7600,5.7900,5.7500,5.7700,543700,3138288.0000,3
2025-09-25,20250925144500000,sz.002225,5.7700,5.8000,5.7600,5.7600,565200,3264128.0000,3
2025-09-25,20250925145000000,sz.002225,5.7700,5.8000,5.7600,5.7700,896900,5182096.0000,3
2025-09-25,20250925145500000,sz.002225,5.7700,5.7900,5.7500,5.7600,648200,3736992.0000,3
2025-09-25,20250925150000000,sz.002225,5.7600,5.7800,5.7600,5.7700,475600,2743904.0000,3
2025-09-26,20250926093500000,sz.002225,5.7300,5.7500,5.7100,5.7400,1826800,10468626.0000,3
2025-09-26,20250926094000000,sz.002225,5.7400,5.7500,5.6800,5.6900,6153500,35114898.0000,3
2025-09-26,20250926094500000,sz.002225,5.6900,5.7100,5.6700,5.6900,4021800,22907540.0000,3
2025-09-26,20250926095000000,sz.002225,5.6900,5.7200,5.6700,5.6800,2345000,13372624.0000,3
2025-09-26,20250926095500000,sz.002225,5.6800,5.7000,5.6600,5.6600,766600,4351064.0000,3
2025-09-26,20250926100000000,sz.002225,5.6600,5.6900,5.6500,5.6800,1147500,6493152.0000,3
2025-09-26,20250926100500000,sz.002225,5.6800,5.6900,5.6600,5.6800,789500,4478880.0000,3
2025-09-26,20250926101000000,sz.002225,5.6800,5.7100,5.6700,5.7100,660300,3752976.0000,3
2025-09-26,20250926101500000,sz.002225,5.7000,5.7500,5.7000,5.7400,602100,3444008.0000,3
2025-09-26,20250926102000000,sz.002225,5.7300,5.7700,5.7300,5.7600,1377900,7932856.0000,3
2025-09-26,20250926102500000,sz.002225,5.7500,5.7600,5.7400,5.7500,368400,2119024.0000,3
2025-09-26,20250926103000000,sz.002225,5.7600,5.7900,5.7600,5.7700,723100,4173320.0000,3
2025-09-26,20250926103500000,sz.002225,5.7700,5.7800,5.7500,5.7500,374400,2158680.0000,3
2025-09-26,20250926104000000,sz.002225,5.7500,5.7500,5.7200,5.7400,2282000,13058760.0000,3
2025-09-26,20250926104500000,sz.002225,5.7400,5.7400,5.7300,5.7400,103500,593880.0000,3
2025-09-26,20250926105000000,sz.002225,5.7400,5.7500,5.7300,5.7400,238400,1368016.0000,3
2025-09-26,20250926105500000,sz.002225,5.7400,5.7500,5.7300,5.7300,178900,1026320.0000,3
2025-09-26,20250926110000000,sz.002225,5.7300,5.7500,5.7300,5.7300,89400,513392.0000,3
2025-09-26,20250926110500000,sz.002225,5.7400,5.7500,5.7300,5.7400,113300,650784.0000,3
2025-09-26,20250926111000000,sz.002225,5.7400,5.7500,5.7400,5.7500,94300,542160.0000,3
2025-09-26,20250926111500000,sz.002225,5.7400,5.7600,5.7400,5.7600,159700,918080.0000,3
2025-09-26,20250926112000000,sz.002225,5.7600,5.7600,5.7400,5.7500,241200,1385552.0000,3
2025-09-26,20250926112500000,sz.002225,5.7500,5.7500,5.7300,5.7300,299600,1718784.0000,3
2025-09-26,20250926113000000,sz.002225,5.7400,5.7500,5.7300,5.7400,101100,579808.0000,3
2025-09-26,20250926130500000,sz.002225,5.7300,5.7300,5.7100,5.7100,264800,1514512.0000,3
2025-09-26,20250926131000000,sz.002225,5.7100,5.7100,5.7000,5.7100,117800,671568.0000,3
2025-09-26,20250926131500000,sz.002225,5.7000,5.7100,5.6900,5.7000,276900,1578416.0000,3
2025-09-26,20250926132000000,sz.002225,5.7100,5.7100,5.6900,5.6900,193400,1102144.0000,3
2025-09-26,20250926132500000,sz.002225,5.6900,5.7000,5.6800,5.6900,379900,2162192.0000,3
2025-09-26,20250926133000000,sz.002225,5.6800,5.6900,5.6700,5.6900,277000,1572720.0000,3
2025-09-26,20250926133500000,sz.002225,5.6800,5.6900,5.6700,5.6900,208700,1185600.0000,3
2025-09-26,20250926134000000,sz.002225,5.6900,5.6900,5.6800,5.6900,232300,1321120.0000,3
2025-09-26,20250926134500000,sz.002225,5.6800,5.6900,5.6700,5.6800,175600,997168.0000,3
2025-09-26,20250926135000000,sz.002225,5.6800,5.6900,5.6700,5.6900,159100,903088.0000,3
2025-09-26,20250926135500000,sz.002225,5.6900,5.6900,5.6600,5.6800,450000,2553200.0000,3
2025-09-26,20250926140000000,sz.002225,5.6700,5.6800,5.6600,5.6700,250300,1417824.0000,3
2025-09-26,20250926140500000,sz.002225,5.6600,5.6700,5.6500,5.6700,359300,2033680.0000,3
2025-09-26,20250926141000000,sz.002225,5.6700,5.6700,5.6600,5.6700,104400,591680.0000,3
2025-09-26,20250926141500000,sz.002225,5.6700,5.7300,5.6500,5.7000,892900,5076480.0000,3
2025-09-26,20250926142000000,sz.002225,5.7000,5.7000,5.6800,5.6900,172200,980016.0000,3
2025-09-26,20250926142500000,sz.002225,5.6900,5.6900,5.6700,5.6800,185100,1051264.0000,3
2025-09-26,20250926143000000,sz.002225,5.6800,5.6800,5.6700,5.6700,152600,865536.0000,3
2025-09-26,20250926143500000,sz.002225,5.6700,5.6800,5.6700,5.6700,189500,1075680.0000,3
2025-09-26,20250926144000000,sz.002225,5.6700,5.6800,5.6600,5.6700,395100,2240448.0000,3
2025-09-26,20250926144500000,sz.002225,5.6600,5.7300,5.6600,5.7200,1294200,7375536.0000,3
2025-09-26,20250926145000000,sz.002225,5.7300,5.7500,5.7100,5.7500,1464800,8403632.0000,3
2025-09-26,20250926145500000,sz.002225,5.7500,5.7500,5.7100,5.7100,1286300,7383568.0000,3
2025-09-26,20250926150000000,sz.002225,5.7100,5.7200,5.6700,5.6700,542900,3087376.0000,3
2025-09-29,20250929093500000,sz.002225,5.6700,5.6900,5.6400,5.6400,1436700,8136564.0000,3
2025-09-29,20250929094000000,sz.002225,5.6300,5.7200,5.6200,5.6300,5092500,28985372.0000,3
2025-09-29,20250929094500000,sz.002225,5.6300,5.6800,5.6200,5.6600,788100,4445816.0000,3
2025-09-29,20250929095000000,sz.002225,5.6600,5.7200,5.6600,5.7000,939000,5355368.0000,3
2025-09-29,20250929095500000,sz.002225,5.7100,5.7100,5.6800,5.7100,559900,3189348.0000,3
2025-09-29,20250929100000000,sz.002225,5.7100,5.7400,5.7000,5.7400,1079700,6175688.0000,3
2025-09-29,20250929100500000,sz.002225,5.7300,5.7600,5.7200,5.7600,1201200,6896724.0000,3
2025-09-29,20250929101000000,sz.002225,5.7600,5.7700,5.7400,5.7500,2239100,12882200.0000,3
2025-09-29,20250929101500000,sz.002225,5.7500,5.7600,5.7200,5.7300,908400,5215080.0000,3
2025-09-29,20250929102000000,sz.002225,5.7300,5.7500,5.7200,5.7500,396500,2274248.0000,3
2025-09-29,20250929102500000,sz.002225,5.7500,5.7700,5.7400,5.7700,623800,3589128.0000,3
2025-09-29,20250929103000000,sz.002225,5.7600,5.7800,5.7600,5.7800,414600,2392512.0000,3
2025-09-29,20250929103500000,sz.002225,5.7700,5.7900,5.7700,5.7900,782800,4527168.0000,3
2025-09-29,20250929104000000,sz.002225,5.7800,5.8200,5.7800,5.8200,1257200,7295520.0000,3
2025-09-29,20250929104500000,sz.002225,5.8100,5.8200,5.8100,5.8200,481600,2799040.0000,3
2025-09-29,20250929105000000,sz.002225,5.8200,5.8200,5.7900,5.8100,659000,3822728.0000,3
2025-09-29,20250929105500000,sz.002225,5.8000,5.8100,5.7900,5.8100,380100,2206328.0000,3
2025-09-29,20250929110000000,sz.002225,5.8100,5.8100,5.8000,5.8000,323700,1878120.0000,3
2025-09-29,20250929110500000,sz.002225,5.8000,5.8000,5.7800,5.8000,563000,3259696.0000,3
2025-09-29,20250929111000000,sz.002225,5.8000,5.8000,5.7800,5.7800,315400,1827328.0000,3
2025-09-29,20250929111500000,sz.002225,5.7900,5.8000,5.7700,5.7900,330900,1913192.0000,3
2025-09-29,20250929112000000,sz.002225,5.7900,5.7900,5.7700,5.7800,241500,1395176.0000,3
2025-09-29,20250929112500000,sz.002225,5.7800,5.7900,5.7700,5.7900,158000,913208.0000,3
2025-09-29,20250929113000000,sz.002225,5.7900,5.7900,5.7700,5.7800,182300,1053664.0000,3
2025-09-29,20250929130500000,sz.002225,5.7800,5.7800,5.7600,5.7800,313700,1810992.0000,3
2025-09-29,20250929131000000,sz.002225,5.7800,5.7800,5.7600,5.7700,122400,706520.0000,3
2025-09-29,20250929131500000,sz.002225,5.7700,5.7800,5.7600,5.7700,178600,1030832.0000,3
2025-09-29,20250929132000000,sz.002225,5.7800,5.7800,5.7600,5.7700,303700,1750344.0000,3
2025-09-29,20250929132500000,sz.002225,5.7700,5.7700,5.7400,5.7500,902000,5186112.0000,3
2025-09-29,20250929133000000,sz.002225,5.7500,5.7700,5.7500,5.7700,267900,1542048.0000,3
2025-09-29,20250929133500000,sz.002225,5.7500,5.7700,5.7500,5.7700,146300,843216.0000,3
2025-09-29,20250929134000000,sz.002225,5.7500,5.7600,5.7400,5.7500,413300,2378320.0000,3
2025-09-29,20250929134500000,sz.002225,5.7600,5.7700,5.7500,5.7700,351900,2027536.0000,3
2025-09-29,20250929135000000,sz.002225,5.7600,5.7700,5.7600,5.7600,93700,540464.0000,3
2025-09-29,20250929135500000,sz.002225,5.7700,5.7900,5.7600,5.7900,288400,1667136.0000,3
2025-09-29,20250929140000000,sz.002225,5.7800,5.7900,5.7800,5.7800,138300,800304.0000,3
2025-09-29,20250929140500000,sz.002225,5.7800,5.8000,5.7800,5.8000,346800,2008032.0000,3
2025-09-29,20250929141000000,sz.002225,5.7900,5.8000,5.7900,5.8000,325600,1885728.0000,3
2025-09-29,20250929141500000,sz.002225,5.8000,5.8000,5.7800,5.7900,255000,1476112.0000,3
2025-09-29,20250929142000000,sz.002225,5.7800,5.7900,5.7800,5.7900,155000,896384.0000,3
2025-09-29,20250929142500000,sz.002225,5.7800,5.8000,5.7800,5.7900,367700,2129168.0000,3
2025-09-29,20250929143000000,sz.002225,5.7900,5.8000,5.7800,5.7900,185600,1074512.0000,3
2025-09-29,20250929143500000,sz.002225,5.7900,5.8000,5.7800,5.7900,248100,1436448.0000,3
2025-09-29,20250929144000000,sz.002225,5.7900,5.7900,5.7700,5.7700,755200,4365296.0000,3
2025-09-29,20250929144500000,sz.002225,5.7800,5.7800,5.7700,5.7800,432000,2496720.0000,3
2025-09-29,20250929145000000,sz.002225,5.7800,5.7900,5.7800,5.7900,402300,2327888.0000,3
2025-09-29,20250929145500000,sz.002225,5.7800,5.7900,5.7700,5.7800,454000,2623104.0000,3
2025-09-29,20250929150000000,sz.002225,5.7700,5.7900,5.7700,5.7700,403700,2330736.0000,3
2025-09-30,20250930093500000,sz.002225,5.7700,5.8300,5.7500,5.8100,848000,4908949.0000,3
2025-09-30,20250930094000000,sz.002225,5.8200,5.8400,5.8000,5.8200,651300,3788317.0000,3
2025-09-30,20250930094500000,sz.002225,5.8300,5.8300,5.8100,5.8200,263600,1533677.0000,3
2025-09-30,20250930095000000,sz.002225,5.8100,5.8300,5.8100,5.8200,455400,2648907.0000,3
2025-09-30,20250930095500000,sz.002225,5.8300,5.8500,5.8100,5.8400,719400,4196458.0000,3
2025-09-30,20250930100000000,sz.002225,5.8400,5.9500,5.8300,5.9100,3524900,20794952.0000,3
2025-09-30,20250930100500000,sz.002225,5.9200,5.9400,5.8800,5.8900,4221700,24950448.0000,3
2025-09-30,20250930101000000,sz.002225,5.8900,5.9300,5.8900,5.9200,1182500,7001100.0000,3
2025-09-30,20250930101500000,sz.002225,5.9300,6.0600,5.9200,6.0600,6100200,36607040.0000,3
2025-09-30,20250930102000000,sz.002225,6.0600,6.0800,6.0000,6.0000,4221400,25551256.0000,3
2025-09-30,20250930102500000,sz.002225,6.0100,6.0300,6.0000,6.0100,967400,5819696.0000,3
2025-09-30,20250930103000000,sz.002225,6.0100,6.0100,5.9800,5.9900,710900,4261776.0000,3
2025-09-30,20250930103500000,sz.002225,6.0000,6.0000,5.9700,5.9800,516000,3089856.0000,3
2025-09-30,20250930104000000,sz.002225,5.9700,5.9800,5.9700,5.9700,256100,1530144.0000,3
2025-09-30,20250930104500000,sz.002225,5.9800,5.9800,5.9600,5.9700,438800,2618400.0000,3
2025-09-30,20250930105000000,sz.002225,5.9600,5.9700,5.9500,5.9500,622700,3710608.0000,3
2025-09-30,20250930105500000,sz.002225,5.9600,5.9600,5.9400,5.9600,252400,1502496.0000,3
2025-09-30,20250930110000000,sz.002225,5.9600,5.9700,5.9400,5.9400,395000,2353824.0000,3
2025-09-30,20250930110500000,sz.002225,5.9400,5.9400,5.9200,5.9300,519100,3080208.0000,3
2025-09-30,20250930111000000,sz.002225,5.9300,5.9400,5.9100,5.9300,321200,1902592.0000,3
2025-09-30,20250930111500000,sz.002225,5.9300,5.9300,5.9000,5.9000,329500,1947456.0000,3
2025-09-30,20250930112000000,sz.002225,5.9100,5.9100,5.8900,5.8900,302800,1785936.0000,3
2025-09-30,20250930112500000,sz.002225,5.8900,5.9000,5.8900,5.8900,96700,570304.0000,3
2025-09-30,20250930113000000,sz.002225,5.9000,5.9000,5.8900,5.8900,172400,1016864.0000,3
2025-09-30,20250930130500000,sz.002225,5.9000,5.9000,5.8800,5.9000,499000,2940736.0000,3
2025-09-30,20250930131000000,sz.002225,5.8900,5.9000,5.8700,5.8800,274500,1614832.0000,3
2025-09-30,20250930131500000,sz.002225,5.8800,5.9100,5.8700,5.8800,264200,1555712.0000,3
2025-09-30,20250930132000000,sz.002225,5.8800,5.8900,5.8800,5.8900,169100,995920.0000,3
2025-09-30,20250930132500000,sz.002225,5.8900,5.8900,5.8700,5.8700,289600,1702624.0000,3
2025-09-30,20250930133000000,sz.002225,5.8800,5.8900,5.8600,5.8600,382000,2241808.0000,3
2025-09-30,20250930133500000,sz.002225,5.8700,5.8800,5.8600,5.8600,655600,3844560.0000,3
2025-09-30,20250930134000000,sz.002225,5.8600,5.8900,5.8500,5.8900,429100,2523088.0000,3
2025-09-30,20250930134500000,sz.002225,5.8900,5.9000,5.8800,5.9000,158900,936320.0000,3
2025-09-30,20250930135000000,sz.002225,5.9000,5.9000,5.8800,5.8900,150500,886592.0000,3
2025-09-30,20250930135500000,sz.002225,5.8800,5.9000,5.8700,5.8900,267500,1574176.0000,3
2025-09-30,20250930140000000,sz.002225,5.8900,5.9000,5.8800,5.8900,202400,1191488.0000,3
2025-09-30,20250930140500000,sz.002225,5.8900,5.9000,5.8800,5.9000,229400,1352112.0000,3
2025-09-30,20250930141000000,sz.002225,5.8900,5.9000,5.8900,5.8900,108600,640288.0000,3
2025-09-30,20250930141500000,sz.002225,5.8900,5.9000,5.8900,5.9000,171800,1012864.0000,3
2025-09-30,20250930142000000,sz.002225,5.8900,5.9000,5.8800,5.8900,355700,2094864.0000,3
2025-09-30,20250930142500000,sz.002225,5.8800,5.9000,5.8800,5.8900,212500,1251536.0000,3
2025-09-30,20250930143000000,sz.002225,5.8900,5.8900,5.8800,5.8900,134600,792656.0000,3
2025-09-30,20250930143500000,sz.002225,5.8800,5.8900,5.8800,5.8800,187900,1106320.0000,3
2025-09-30,20250930144000000,sz.002225,5.8900,5.8900,5.8700,5.8800,517300,3041792.0000,3
2025-09-30,20250930144500000,sz.002225,5.8800,5.8900,5.8800,5.8800,267100,1571760.0000,3
2025-09-30,20250930145000000,sz.002225,5.8800,5.8900,5.8700,5.8800,671500,3947552.0000,3
2025-09-30,20250930145500000,sz.002225,5.8700,5.8800,5.8600,5.8700,781000,4584384.0000,3
2025-09-30,20250930150000000,sz.002225,5.8600,5.9000,5.8600,5.8900,1723200,10145536.0000,3
2025-10-09,20251009093500000,sz.002225,5.9900,5.9900,5.9400,5.9600,3900600,23289238.0000,3
2025-10-09,20251009094000000,sz.002225,5.9700,5.9700,5.9100,5.9100,1326100,7866142.0000,3
2025-10-09,20251009094500000,sz.002225,5.9200,5.9200,5.8800,5.9100,1203000,7098548.0000,3
2025-10-09,20251009095000000,sz.002225,5.9000,5.9300,5.8800,5.9000,751400,4435692.0000,3
2025-10-09,20251009095500000,sz.002225,5.9000,5.9100,5.8500,5.8500,1595600,9368448.0000,3
2025-10-09,20251009100000000,sz.002225,5.8600,5.8800,5.8500,5.8800,603100,3537724.0000,3
2025-10-09,20251009100500000,sz.002225,5.8800,5.8900,5.8700,5.8800,433800,2549396.0000,3
2025-10-09,20251009101000000,sz.002225,5.8800,5.8800,5.8400,5.8500,649600,3807564.0000,3
2025-10-09,20251009101500000,sz.002225,5.8500,5.8800,5.8400,5.8700,577000,3383960.0000,3
2025-10-09,20251009102000000,sz.002225,5.8700,5.8900,5.8600,5.8800,773200,4541632.0000,3
2025-10-09,20251009102500000,sz.002225,5.8900,5.9100,5.8800,5.9100,710700,4189456.0000,3
2025-10-09,20251009103000000,sz.002225,5.9100,5.9100,5.8800,5.8900,447700,2637616.0000,3
2025-10-09,20251009103500000,sz.002225,5.8900,5.9100,5.8800,5.9000,500500,2949752.0000,3
2025-10-09,20251009104000000,sz.002225,5.9000,5.9200,5.8800,5.8800,1033900,6091400.0000,3
2025-10-09,20251009104500000,sz.002225,5.8800,5.9000,5.8700,5.9000,365900,2153624.0000,3
2025-10-09,20251009105000000,sz.002225,5.8900,5.9200,5.8900,5.9100,412400,2436128.0000,3
2025-10-09,20251009105500000,sz.002225,5.9000,5.9300,5.8900,5.9200,558000,3298296.0000,3
2025-10-09,20251009110000000,sz.002225,5.9200,5.9300,5.9100,5.9100,276300,1634552.0000,3
2025-10-09,20251009110500000,sz.002225,5.9200,5.9200,5.9000,5.9100,434600,2570080.0000,3
2025-10-09,20251009111000000,sz.002225,5.9100,5.9200,5.9000,5.9100,180600,1067184.0000,3
2025-10-09,20251009111500000,sz.002225,5.9100,5.9200,5.9100,5.9100,129500,765648.0000,3
2025-10-09,20251009112000000,sz.002225,5.9200,5.9400,5.9200,5.9400,457800,2715560.0000,3
2025-10-09,20251009112500000,sz.002225,5.9400,5.9700,5.9300,5.9700,610400,3637144.0000,3
2025-10-09,20251009113000000,sz.002225,5.9700,6.0100,5.9600,5.9900,1966200,11768304.0000,3
2025-10-09,20251009130500000,sz.002225,6.0000,6.0000,5.9500,5.9500,621500,3711128.0000,3
2025-10-09,20251009131000000,sz.002225,5.9500,5.9600,5.9400,5.9400,394400,2348112.0000,3
2025-10-09,20251009131500000,sz.002225,5.9500,5.9600,5.9400,5.9500,428500,2549048.0000,3
2025-10-09,20251009132000000,sz.002225,5.9400,5.9500,5.9400,5.9400,496400,2948800.0000,3
2025-10-09,20251009132500000,sz.002225,5.9400,5.9400,5.9300,5.9400,288900,1714984.0000,3
2025-10-09,20251009133000000,sz.002225,5.9300,5.9400,5.9300,5.9300,252600,1499192.0000,3
2025-10-09,20251009133500000,sz.002225,5.9400,5.9500,5.9300,5.9500,533300,3166496.0000,3
2025-10-09,20251009134000000,sz.002225,5.9500,5.9500,5.9400,5.9500,131800,783792.0000,3
2025-10-09,20251009134500000,sz.002225,5.9400,5.9500,5.9400,5.9400,710700,4223152.0000,3
2025-10-09,20251009135000000,sz.002225,5.9500,5.9500,5.9200,5.9200,375800,2228736.0000,3
2025-10-09,20251009135500000,sz.002225,5.9200,5.9300,5.9200,5.9300,236700,1402560.0000,3
2025-10-09,20251009140000000,sz.002225,5.9200,5.9400,5.9200,5.9300,315900,1872640.0000,3
2025-10-09,20251009140500000,sz.002225,5.9300,5.9700,5.9300,5.9700,1651600,9837408.0000,3
2025-10-09,20251009141000000,sz.002225,5.9700,6.0000,5.9700,5.9800,928600,5555648.0000,3
2025-10-09,20251009141500000,sz.002225,5.9900,5.9900,5.9700,5.9800,437700,2618720.0000,3
2025-10-09,20251009142000000,sz.002225,5.9800,5.9900,5.9800,5.9900,494800,2961712.0000,3
2025-10-09,20251009142500000,sz.002225,5.9900,6.0000,5.9800,5.9800,814400,4877296.0000,3
2025-10-09,20251009143000000,sz.002225,5.9900,5.9900,5.9800,5.9900,445300,2666704.0000,3
2025-10-09,20251009143500000,sz.002225,5.9800,5.9900,5.9800,5.9900,653400,3913888.0000,3
2025-10-09,20251009144000000,sz.002225,5.9800,6.0000,5.9800,5.9900,415600,2490544.0000,3
2025-10-09,20251009144500000,sz.002225,5.9900,6.0000,5.9800,5.9900,916100,5488416.0000,3
2025-10-09,20251009145000000,sz.002225,5.9900,6.0000,5.9900,5.9900,648400,3885840.0000,3
2025-10-09,20251009145500000,sz.002225,5.9800,5.9900,5.9700,5.9800,1197500,7157552.0000,3
2025-10-09,20251009150000000,sz.002225,5.9800,5.9900,5.9700,5.9900,590200,3533712.0000,3
2025-10-10,20251010093500000,sz.002225,6.2000,6.2400,6.0700,6.2200,13120000,81095040.0000,3
2025-10-10,20251010094000000,sz.002225,6.2300,6.3200,6.2100,6.2700,8764500,55065808.0000,3
2025-10-10,20251010094500000,sz.002225,6.2700,6.2900,6.1900,6.1900,3218400,20127536.0000,3
2025-10-10,20251010095000000,sz.002225,6.2000,6.2100,6.1500,6.1500,2467500,15265808.0000,3
2025-10-10,20251010095500000,sz.002225,6.1500,6.2500,6.1400,6.2200,1897000,11727200.0000,3
2025-10-10,20251010100000000,sz.002225,6.2300,6.2600,6.1900,6.1900,2032900,12662752.0000,3
2025-10-10,20251010100500000,sz.002225,6.1900,6.2700,6.1800,6.2200,1615600,10076144.0000,3
2025-10-10,20251010101000000,sz.002225,6.2300,6.2400,6.1800,6.1800,939500,5836192.0000,3
2025-10-10,20251010101500000,sz.002225,6.1800,6.1800,6.1600,6.1600,909700,5612448.0000,3
2025-10-10,20251010102000000,sz.002225,6.1600,6.1800,6.1500,6.1800,711600,4389312.0000,3
2025-10-10,20251010102500000,sz.002225,6.1800,6.1800,6.1600,6.1700,682100,4204208.0000,3
2025-10-10,20251010103000000,sz.002225,6.1700,6.1700,6.1600,6.1700,920700,5675488.0000,3
2025-10-10,20251010103500000,sz.002225,6.1800,6.2000,6.1800,6.2000,955100,5904720.0000,3
2025-10-10,20251010104000000,sz.002225,6.1900,6.2000,6.1800,6.1900,302700,1873424.0000,3
2025-10-10,20251010104500000,sz.002225,6.1900,6.2000,6.1800,6.1900,328900,2035680.0000,3
2025-10-10,20251010105000000,sz.002225,6.1900,6.1900,6.1700,6.1800,351800,2173744.0000,3
2025-10-10,20251010105500000,sz.002225,6.1700,6.1800,6.1600,6.1700,250100,1543040.0000,3
2025-10-10,20251010110000000,sz.002225,6.1700,6.1700,6.1500,6.1600,579800,3569184.0000,3
2025-10-10,20251010110500000,sz.002225,6.1600,6.1600,6.1200,6.1300,799300,4905760.0000,3
2025-10-10,20251010111000000,sz.002225,6.1400,6.1600,6.1300,6.1600,457400,2810752.0000,3
2025-10-10,20251010111500000,sz.002225,6.1500,6.1700,6.1400,6.1500,325400,2001888.0000,3
2025-10-10,20251010112000000,sz.002225,6.1600,6.1600,6.1400,6.1400,189800,1166960.0000,3
2025-10-10,20251010112500000,sz.002225,6.1400,6.1400,6.1200,6.1300,349500,2143072.0000,3
2025-10-10,20251010113000000,sz.002225,6.1300,6.1300,6.1200,6.1300,287700,1761568.0000,3
2025-10-10,20251010130500000,sz.002225,6.1300,6.1300,6.1100,6.1200,687200,4205616.0000,3
2025-10-10,20251010131000000,sz.002225,6.1200,6.1300,6.1000,6.1300,655500,4007904.0000,3
2025-10-10,20251010131500000,sz.002225,6.1400,6.1400,6.1200,6.1300,252300,1547296.0000,3
2025-10-10,20251010132000000,sz.002225,6.1300,6.1300,6.1100,6.1100,259200,1586048.0000,3
2025-10-10,20251010132500000,sz.002225,6.1100,6.1300,6.1100,6.1100,237000,1449824.0000,3
2025-10-10,20251010133000000,sz.002225,6.1200,6.1200,6.1100,6.1100,210700,1288288.0000,3
2025-10-10,20251010133500000,sz.002225,6.1100,6.1300,6.1100,6.1200,414900,2538912.0000,3
2025-10-10,20251010134000000,sz.002225,6.1200,6.1200,6.1000,6.1100,349600,2136288.0000,3
2025-10-10,20251010134500000,sz.002225,6.1000,6.1200,6.1000,6.1200,558500,3412000.0000,3
2025-10-10,20251010135000000,sz.002225,6.1200,6.1300,6.1100,6.1200,233500,1429056.0000,3
2025-10-10,20251010135500000,sz.002225,6.1100,6.1200,6.1100,6.1200,168800,1032768.0000,3
2025-10-10,20251010140000000,sz.002225,6.1200,6.1400,6.1100,6.1300,345600,2117248.0000,3
2025-10-10,20251010140500000,sz.002225,6.1500,6.1500,6.1300,6.1400,275200,1689312.0000,3
2025-10-10,20251010141000000,sz.002225,6.1400,6.1400,6.1000,6.1000,647500,3961824.0000,3
2025-10-10,20251010141500000,sz.002225,6.1000,6.1100,6.1000,6.1100,243800,1489088.0000,3
2025-10-10,20251010142000000,sz.002225,6.1000,6.1100,6.0900,6.1100,977400,5960736.0000,3
2025-10-10,20251010142500000,sz.002225,6.1000,6.1100,6.1000,6.1100,220300,1344896.0000,3
2025-10-10,20251010143000000,sz.002225,6.1100,6.1100,6.1000,6.1100,339500,2073888.0000,3
2025-10-10,20251010143500000,sz.002225,6.1100,6.1200,6.1000,6.1200,305500,1867040.0000,3
2025-10-10,20251010144000000,sz.002225,6.1200,6.1200,6.1000,6.1100,310400,1896960.0000,3
2025-10-10,20251010144500000,sz.002225,6.1100,6.1100,6.1000,6.1000,321500,1961696.0000,3
2025-10-10,20251010145000000,sz.002225,6.1000,6.1000,6.0800,6.0900,1102500,6716160.0000,3
2025-10-10,20251010145500000,sz.002225,6.0900,6.1000,6.0800,6.0800,715700,4355232.0000,3
2025-10-10,20251010150000000,sz.002225,6.0900,6.1000,6.0800,6.0900,594300,3616736.0000,3
2025-10-13,20251013093500000,sz.002225,5.9100,5.9700,5.8300,5.9000,7560500,44472580.0000,3
2025-10-13,20251013094000000,sz.002225,5.8900,5.9500,5.8900,5.9300,2412100,14258364.0000,3
2025-10-13,20251013094500000,sz.002225,5.9400,5.9700,5.9400,5.9500,1183900,7048052.0000,3
2025-10-13,20251013095000000,sz.002225,5.9500,5.9800,5.9400,5.9600,1223800,7292364.0000,3
2025-10-13,20251013095500000,sz.002225,5.9600,5.9700,5.9400,5.9600,872800,5195520.0000,3
2025-10-13,20251013100000000,sz.002225,5.9600,5.9800,5.9500,5.9600,1565800,9329792.0000,3
2025-10-13,20251013100500000,sz.002225,5.9400,5.9800,5.9300,5.9400,1234000,7342560.0000,3
2025-10-13,20251013101000000,sz.002225,5.9300,5.9500,5.9200,5.9300,457600,2714168.0000,3
2025-10-13,20251013101500000,sz.002225,5.9200,5.9400,5.9100,5.9300,797800,4726856.0000,3
2025-10-13,20251013102000000,sz.002225,5.9300,5.9400,5.9200,5.9400,407000,2412672.0000,3
2025-10-13,20251013102500000,sz.002225,5.9400,5.9500,5.9200,5.9400,398900,2369536.0000,3
2025-10-13,20251013103000000,sz.002225,5.9500,5.9500,5.9400,5.9500,210400,1250864.0000,3
2025-10-13,20251013103500000,sz.002225,5.9500,5.9600,5.9400,5.9600,262800,1563632.0000,3
2025-10-13,20251013104000000,sz.002225,5.9600,5.9700,5.9400,5.9700,206600,1229592.0000,3
2025-10-13,20251013104500000,sz.002225,5.9600,5.9700,5.9400,5.9600,362300,2156936.0000,3
2025-10-13,20251013105000000,sz.002225,5.9500,5.9800,5.9500,5.9600,224100,1337264.0000,3
2025-10-13,20251013105500000,sz.002225,5.9500,5.9700,5.9500,5.9600,367300,2188800.0000,3
2025-10-13,20251013110000000,sz.002225,5.9500,5.9700,5.9400,5.9600,538700,3207288.0000,3
2025-10-13,20251013110500000,sz.002225,5.9600,5.9600,5.9500,5.9500,281900,1678600.0000,3
2025-10-13,20251013111000000,sz.002225,5.9600,5.9600,5.9400,5.9400,303300,1804392.0000,3
2025-10-13,20251013111500000,sz.002225,5.9500,5.9700,5.9400,5.9600,443300,2638840.0000,3
2025-10-13,20251013112000000,sz.002225,5.9600,6.0000,5.9600,5.9700,621400,3715528.0000,3
2025-10-13,20251013112500000,sz.002225,5.9700,5.9700,5.9400,5.9500,436300,2599376.0000,3
2025-10-13,20251013113000000,sz.002225,5.9400,5.9500,5.9200,5.9300,406900,2414536.0000,3
2025-10-13,20251013130500000,sz.002225,5.9200,5.9300,5.9000,5.9000,929000,5491120.0000,3
2025-10-13,20251013131000000,sz.002225,5.9000,5.9100,5.9000,5.9100,385700,2276960.0000,3
2025-10-13,20251013131500000,sz.002225,5.9100,5.9100,5.8900,5.9100,815500,4808848.0000,3
2025-10-13,20251013132000000,sz.002225,5.9000,5.9300,5.9000,5.9300,250200,1480416.0000,3
2025-10-13,20251013132500000,sz.002225,5.9300,5.9500,5.9200,5.9400,201000,1192304.0000,3
2025-10-13,20251013133000000,sz.002225,5.9400,5.9700,5.9400,5.9700,209800,1250080.0000,3
2025-10-13,20251013133500000,sz.002225,5.9700,5.9700,5.9600,5.9700,97900,584288.0000,3
2025-10-13,20251013134000000,sz.002225,5.9700,5.9800,5.9600,5.9700,249700,1490880.0000,3
2025-10-13,20251013134500000,sz.002225,5.9900,5.9900,5.9800,5.9800,317300,1898944.0000,3
2025-10-13,20251013135000000,sz.002225,5.9900,5.9900,5.9700,5.9800,251500,1503488.0000,3
2025-10-13,20251013135500000,sz.002225,5.9800,6.0200,5.9700,6.0200,654100,3924304.0000,3
2025-10-13,20251013140000000,sz.002225,6.0200,6.0300,6.0100,6.0100,228300,1373552.0000,3
2025-10-13,20251013140500000,sz.002225,6.0200,6.0200,6.0000,6.0100,226300,1360880.0000,3
2025-10-13,20251013141000000,sz.002225,6.0100,6.0100,5.9900,6.0100,186400,1118656.0000,3
2025-10-13,20251013141500000,sz.002225,6.0100,6.0100,6.0000,6.0000,87200,523632.0000,3
2025-10-13,20251013142000000,sz.002225,6.0000,6.0100,5.9800,6.0000,370800,2223888.0000,3
2025-10-13,20251013142500000,sz.002225,6.0200,6.0300,6.0100,6.0300,437400,2633200.0000,3
2025-10-13,20251013143000000,sz.002225,6.0300,6.0400,6.0200,6.0200,404700,2438928.0000,3
2025-10-13,20251013143500000,sz.002225,6.0200,6.0500,6.0200,6.0400,313800,1895024.0000,3
2025-10-13,20251013144000000,sz.002225,6.0500,6.0500,6.0300,6.0300,479000,2891488.0000,3
2025-10-13,20251013144500000,sz.002225,6.0300,6.0300,6.0200,6.0200,197300,1188288.0000,3
2025-10-13,20251013145000000,sz.002225,6.0300,6.0400,6.0200,6.0300,522000,3147776.0000,3
2025-10-13,20251013145500000,sz.002225,6.0400,6.0400,6.0000,6.0100,1135600,6833696.0000,3
2025-10-13,20251013150000000,sz.002225,6.0100,6.0200,6.0000,6.0200,931800,5597072.0000,3
2025-10-14,20251014093500000,sz.002225,6.0500,6.1100,6.0500,6.0900,1831300,11145053.0000,3
2025-10-14,20251014094000000,sz.002225,6.0900,6.1200,6.0800,6.0800,1097900,6696903.0000,3
2025-10-14,20251014094500000,sz.002225,6.0800,6.0900,6.0600,6.0800,706200,4288844.0000,3
2025-10-14,20251014095000000,sz.002225,6.0800,6.1000,6.0800,6.1000,423600,2578854.0000,3
2025-10-14,20251014095500000,sz.002225,6.0900,6.1000,6.0800,6.0900,501100,3050906.0000,3
2025-10-14,20251014100000000,sz.002225,6.0900,6.1000,6.0800,6.1000,421400,2566440.0000,3
2025-10-14,20251014100500000,sz.002225,6.0900,6.1000,6.0700,6.0700,690600,4198672.0000,3
2025-10-14,20251014101000000,sz.002225,6.0700,6.0800,6.0600,6.0600,644000,3909260.0000,3
2025-10-14,20251014101500000,sz.002225,6.0600,6.0900,6.0500,6.0800,825800,5007924.0000,3
2025-10-14,20251014102000000,sz.002225,6.0900,6.1400,6.0900,6.1100,2851700,17434576.0000,3
2025-10-14,20251014102500000,sz.002225,6.1000,6.1100,6.0900,6.1000,602500,3674504.0000,3
2025-10-14,20251014103000000,sz.002225,6.1000,6.1000,6.0700,6.0800,188900,1148740.0000,3
2025-10-14,20251014103500000,sz.002225,6.0800,6.1000,6.0700,6.0700,620500,3773308.0000,3
2025-10-14,20251014104000000,sz.002225,6.0600,6.0800,6.0500,6.0800,538700,3266480.0000,3
2025-10-14,20251014104500000,sz.002225,6.0800,6.0800,6.0600,6.0800,453400,2753856.0000,3
2025-10-14,20251014105000000,sz.002225,6.0800,6.1000,6.0700,6.1000,502700,3059104.0000,3
2025-10-14,20251014105500000,sz.002225,6.1000,6.1100,6.0900,6.1000,676000,4123832.0000,3
2025-10-14,20251014110000000,sz.002225,6.1000,6.1300,6.1000,6.1100,1351200,8267256.0000,3
2025-10-14,20251014110500000,sz.002225,6.1100,6.1300,6.1100,6.1200,408800,2499888.0000,3
2025-10-14,20251014111000000,sz.002225,6.1100,6.1300,6.1000,6.1200,467700,2859504.0000,3
2025-10-14,20251014111500000,sz.002225,6.1100,6.1400,6.1100,6.1300,1226000,7512136.0000,3
2025-10-14,20251014112000000,sz.002225,6.1300,6.1300,6.1000,6.1000,397400,2428464.0000,3
2025-10-14,20251014112500000,sz.002225,6.1000,6.1100,6.1000,6.1100,263400,1608440.0000,3
2025-10-14,20251014113000000,sz.002225,6.1100,6.1300,6.1000,6.1300,244800,1497600.0000,3
2025-10-14,20251014130500000,sz.002225,6.1300,6.1400,6.1000,6.1300,909500,5564232.0000,3
2025-10-14,20251014131000000,sz.002225,6.1300,6.1300,6.1000,6.1000,443200,2709688.0000,3
2025-10-14,20251014131500000,sz.002225,6.1000,6.1400,6.1000,6.1300,886600,5424768.0000,3
2025-10-14,20251014132000000,sz.002225,6.1200,6.1500,6.1100,6.1400,808700,4960504.0000,3
2025-10-14,20251014132500000,sz.002225,6.1500,6.1700,6.1400,6.1700,1226100,7549512.0000,3
2025-10-14,20251014133000000,sz.002225,6.1700,6.1800,6.1500,6.1500,540900,3333520.0000,3
2025-10-14,20251014133500000,sz.002225,6.1500,6.1500,6.1200,6.1200,477100,2926752.0000,3
2025-10-14,20251014134000000,sz.002225,6.1300,6.1400,6.1100,6.1200,547400,3350912.0000,3
2025-10-14,20251014134500000,sz.002225,6.1200,6.1400,6.1100,6.1400,423700,2595920.0000,3
2025-10-14,20251014135000000,sz.002225,6.1300,6.1300,6.1200,6.1200,648500,3968416.0000,3
2025-10-14,20251014135500000,sz.002225,6.1200,6.1300,6.1100,6.1300,389500,2382768.0000,3
2025-10-14,20251014140000000,sz.002225,6.1200,6.1300,6.1100,6.1200,371000,2270304.0000,3
2025-10-14,20251014140500000,sz.002225,6.1100,6.1200,6.1100,6.1200,154000,942096.0000,3
2025-10-14,20251014141000000,sz.002225,6.1200,6.1200,6.0900,6.1000,546400,3334128.0000,3
2025-10-14,20251014141500000,sz.002225,6.0900,6.0900,6.0700,6.0900,1113000,6770256.0000,3
2025-10-14,20251014142000000,sz.002225,6.0900,6.0900,6.0500,6.0600,940800,5704272.0000,3
2025-10-14,20251014142500000,sz.002225,6.0500,6.0800,6.0500,6.0700,1058000,6414704.0000,3
2025-10-14,20251014143000000,sz.002225,6.0700,6.0700,6.0600,6.0700,235100,1426304.0000,3
2025-10-14,20251014143500000,sz.002225,6.0700,6.1000,6.0700,6.0800,563400,3426656.0000,3
2025-10-14,20251014144000000,sz.002225,6.0700,6.0800,6.0600,6.0600,458500,2782096.0000,3
2025-10-14,20251014144500000,sz.002225,6.0600,6.0800,6.0500,6.0700,968200,5870272.0000,3
2025-10-14,20251014145000000,sz.002225,6.0700,6.0900,6.0600,6.0900,664900,4038272.0000,3
2025-10-14,20251014145500000,sz.002225,6.0900,6.0900,6.0700,6.0900,572300,3481024.0000,3
2025-10-14,20251014150000000,sz.002225,6.0800,6.0900,6.0700,6.0700,690000,4193760.0000,3
2025-10-15,20251015093500000,sz.002225,6.0700,6.1200,6.0400,6.1100,2085700,12691110.0000,3
2025-10-15,20251015094000000,sz.002225,6.1100,6.1300,6.0900,6.0900,1089500,6653756.0000,3
2025-10-15,20251015094500000,sz.002225,6.0800,6.1200,6.0600,6.1200,901400,5483442.0000,3
2025-10-15,20251015095000000,sz.002225,6.1200,6.1400,6.1100,6.1100,1340900,8215316.0000,3
2025-10-15,20251015095500000,sz.002225,6.1100,6.1100,6.0900,6.1000,373700,2279988.0000,3
2025-10-15,20251015100000000,sz.002225,6.1000,6.1100,6.0900,6.1100,729500,4448060.0000,3
2025-10-15,20251015100500000,sz.002225,6.1200,6.1200,6.1000,6.1100,454500,2779300.0000,3
2025-10-15,20251015101000000,sz.002225,6.1000,6.1200,6.1000,6.1100,345000,2108380.0000,3
2025-10-15,20251015101500000,sz.002225,6.1200,6.1400,6.1100,6.1200,539600,3305528.0000,3
2025-10-15,20251015102000000,sz.002225,6.1200,6.1300,6.1200,6.1200,118900,728168.0000,3
2025-10-15,20251015102500000,sz.002225,6.1200,6.1200,6.1000,6.1100,375100,2291464.0000,3
2025-10-15,20251015103000000,sz.002225,6.1100,6.1400,6.0900,6.1300,1484200,9090976.0000,3
2025-10-15,20251015103500000,sz.002225,6.1300,6.1500,6.1300,6.1400,717400,4405192.0000,3
2025-10-15,20251015104000000,sz.002225,6.1400,6.1500,6.1200,6.1200,501500,3076704.0000,3
2025-10-15,20251015104500000,sz.002225,6.1200,6.1200,6.1000,6.1000,336600,2057712.0000,3
2025-10-15,20251015105000000,sz.002225,6.1000,6.1100,6.0900,6.1000,344600,2102104.0000,3
2025-10-15,20251015105500000,sz.002225,6.1000,6.1000,6.0600,6.0600,1354700,8235544.0000,3
2025-10-15,20251015110000000,sz.002225,6.0600,6.0600,6.0200,6.0300,1056900,6376984.0000,3
2025-10-15,20251015110500000,sz.002225,6.0200,6.0400,6.0100,6.0300,841700,5072928.0000,3
2025-10-15,20251015111000000,sz.002225,6.0300,6.0400,6.0200,6.0300,393000,2368176.0000,3
2025-10-15,20251015111500000,sz.002225,6.0200,6.0300,5.9900,6.0000,1237700,7427536.0000,3
2025-10-15,20251015112000000,sz.002225,6.0100,6.0100,6.0000,6.0000,349300,2097616.0000,3
2025-10-15,20251015112500000,sz.002225,6.0100,6.0100,5.9900,5.9900,583200,3498480.0000,3
2025-10-15,20251015113000000,sz.002225,6.0000,6.0100,5.9900,6.0000,314900,1889952.0000,3
2025-10-15,20251015130500000,sz.002225,6.0100,6.0400,6.0000,6.0200,907300,5463328.0000,3
2025-10-15,20251015131000000,sz.002225,6.0200,6.0300,6.0100,6.0100,184400,1109248.0000,3
2025-10-15,20251015131500000,sz.002225,6.0200,6.0300,6.0100,6.0300,303600,1827616.0000,3
2025-10-15,20251015132000000,sz.002225,6.0200,6.0300,6.0200,6.0300,261900,1578312.0000,3
2025-10-15,20251015132500000,sz.002225,6.0200,6.0300,6.0200,6.0200,171500,1033456.0000,3
2025-10-15,20251015133000000,sz.002225,6.0200,6.0300,6.0100,6.0100,403400,2426504.0000,3
2025-10-15,20251015133500000,sz.002225,6.0100,6.0200,6.0000,6.0200,346300,2082272.0000,3
2025-10-15,20251015134000000,sz.002225,6.0100,6.0200,6.0100,6.0100,317500,1908336.0000,3
2025-10-15,20251015134500000,sz.002225,6.0100,6.0200,6.0000,6.0100,441200,2650808.0000,3
2025-10-15,20251015135000000,sz.002225,6.0200,6.0200,5.9900,5.9900,587300,3523904.0000,3
2025-10-15,20251015135500000,sz.002225,6.0000,6.0000,5.9800,5.9900,616000,3690952.0000,3
2025-10-15,20251015140000000,sz.002225,5.9800,6.0100,5.9800,6.0000,377700,2264080.0000,3
2025-10-15,20251015140500000,sz.002225,6.0000,6.0100,6.0000,6.0000,322000,1933024.0000,3
2025-10-15,20251015141000000,sz.002225,6.0000,6.0200,6.0000,6.0100,155300,932864.0000,3
2025-10-15,20251015141500000,sz.002225,6.0200,6.0200,6.0100,6.0200,136700,822512.0000,3
2025-10-15,20251015142000000,sz.002225,6.0200,6.0300,6.0100,6.0100,229200,1379584.0000,3
2025-10-15,20251015142500000,sz.002225,6.0200,6.0300,6.0100,6.0300,126700,762576.0000,3
2025-10-15,20251015143000000,sz.002225,6.0300,6.0400,6.0100,6.0300,410500,2472528.0000,3
2025-10-15,20251015143500000,sz.002225,6.0300,6.0400,6.0200,6.0400,437900,2640528.0000,3
2025-10-15,20251015144000000,sz.002225,6.0400,6.0700,6.0300,6.0700,932800,5640640.0000,3
2025-10-15,20251015144500000,sz.002225,6.0700,6.0700,6.0500,6.0600,317900,1926592.0000,3
2025-10-15,20251015145000000,sz.002225,6.0500,6.0700,6.0500,6.0600,349000,2115952.0000,3
2025-10-15,20251015145500000,sz.002225,6.0700,6.0700,6.0500,6.0600,892400,5409552.0000,3
2025-10-15,20251015150000000,sz.002225,6.0600,6.0800,6.0600,6.0800,939100,5705024.0000,3
2025-10-16,20251016093500000,sz.002225,6.0600,6.0600,5.9800,5.9900,1732600,10408160.0000,3
2025-10-16,20251016094000000,sz.002225,5.9900,6.0300,5.9900,6.0200,615000,3694256.0000,3
2025-10-16,20251016094500000,sz.002225,6.0200,6.0200,5.9800,5.9800,1351800,8097224.0000,3
2025-10-16,20251016095000000,sz.002225,5.9700,5.9800,5.9300,5.9400,1697600,10101544.0000,3
2025-10-16,20251016095500000,sz.002225,5.9400,5.9600,5.9300,5.9300,640000,3804844.0000,3
2025-10-16,20251016100000000,sz.002225,5.9300,5.9500,5.9300,5.9400,513100,3045652.0000,3
2025-10-16,20251016100500000,sz.002225,5.9400,5.9400,5.9100,5.9100,1495900,8867040.0000,3
2025-10-16,20251016101000000,sz.002225,5.9100,5.9300,5.8900,5.9000,1744400,10304532.0000,3
2025-10-16,20251016101500000,sz.002225,5.8900,5.9000,5.8800,5.8900,1563100,9204100.0000,3
2025-10-16,20251016102000000,sz.002225,5.9000,5.9000,5.8800,5.8800,548200,3228328.0000,3
2025-10-16,20251016102500000,sz.002225,5.8900,5.9000,5.8800,5.8900,337900,1989632.0000,3
2025-10-16,20251016103000000,sz.002225,5.8900,5.9000,5.8800,5.8800,577400,3399304.0000,3
2025-10-16,20251016103500000,sz.002225,5.8800,5.8800,5.8500,5.8500,1657900,9719096.0000,3
2025-10-16,20251016104000000,sz.002225,5.8500,5.8600,5.8400,5.8500,700500,4093824.0000,3
2025-10-16,20251016104500000,sz.002225,5.8500,5.8600,5.8400,5.8600,511100,2990232.0000,3
2025-10-16,20251016105000000,sz.002225,5.8600,5.8600,5.8400,5.8400,541400,3169496.0000,3
2025-10-16,20251016105500000,sz.002225,5.8400,5.8600,5.8400,5.8500,296700,1735192.0000,3
2025-10-16,20251016110000000,sz.002225,5.8500,5.8600,5.8400,5.8500,270200,1581432.0000,3
2025-10-16,20251016110500000,sz.002225,5.8500,5.8500,5.8400,5.8500,355900,2079528.0000,3
2025-10-16,20251016111000000,sz.002225,5.8400,5.8500,5.8400,5.8500,223600,1307360.0000,3
2025-10-16,20251016111500000,sz.002225,5.8500,5.8600,5.8400,5.8500,222800,1303608.0000,3
2025-10-16,20251016112000000,sz.002225,5.8500,5.8600,5.8500,5.8500,102400,599512.0000,3
2025-10-16,20251016112500000,sz.002225,5.8500,5.8600,5.8300,5.8300,602600,3521504.0000,3
2025-10-16,20251016113000000,sz.002225,5.8400,5.8400,5.8200,5.8200,925300,5390840.0000,3
2025-10-16,20251016130500000,sz.002225,5.8200,5.8200,5.7700,5.7900,2380300,13804400.0000,3
2025-10-16,20251016131000000,sz.002225,5.7900,5.8000,5.7800,5.8000,831700,4812048.0000,3
2025-10-16,20251016131500000,sz.002225,5.7900,5.7900,5.7700,5.7900,589800,3410304.0000,3
2025-10-16,20251016132000000,sz.002225,5.7900,5.8000,5.7700,5.7800,939100,5426960.0000,3
2025-10-16,20251016132500000,sz.002225,5.7700,5.7800,5.7700,5.7800,438100,2530000.0000,3
2025-10-16,20251016133000000,sz.002225,5.7700,5.7800,5.7700,5.7800,349300,2017120.0000,3
2025-10-16,20251016133500000,sz.002225,5.7700,5.7900,5.7600,5.7800,505100,2916336.0000,3
2025-10-16,20251016134000000,sz.002225,5.7700,5.7800,5.7600,5.7700,417000,2406816.0000,3
2025-10-16,20251016134500000,sz.002225,5.7700,5.7800,5.7600,5.7700,893800,5150976.0000,3
2025-10-16,20251016135000000,sz.002225,5.7700,5.7700,5.7600,5.7700,443800,2559168.0000,3
2025-10-16,20251016135500000,sz.002225,5.7700,5.7700,5.7600,5.7700,319000,1838432.0000,3
2025-10-16,20251016140000000,sz.002225,5.7700,5.7700,5.7500,5.7600,782900,4509584.0000,3
2025-10-16,20251016140500000,sz.002225,5.7600,5.7600,5.7400,5.7500,806900,4637744.0000,3
2025-10-16,20251016141000000,sz.002225,5.7400,5.7500,5.7300,5.7400,572300,3285040.0000,3
2025-10-16,20251016141500000,sz.002225,5.7400,5.7500,5.7300,5.7400,910800,5224976.0000,3
2025-10-16,20251016142000000,sz.002225,5.7400,5.7400,5.7200,5.7300,546800,3132544.0000,3
2025-10-16,20251016142500000,sz.002225,5.7400,5.7400,5.7200,5.7300,545000,3122096.0000,3
2025-10-16,20251016143000000,sz.002225,5.7300,5.7400,5.7200,5.7300,366700,2101808.0000,3
2025-10-16,20251016143500000,sz.002225,5.7300,5.7500,5.7300,5.7400,438600,2517568.0000,3
2025-10-16,20251016144000000,sz.002225,5.7400,5.8400,5.7300,5.7500,3451000,20078112.0000,3
2025-10-16,20251016144500000,sz.002225,5.7500,5.7600,5.7200,5.7200,1257600,7211296.0000,3
2025-10-16,20251016145000000,sz.002225,5.7200,5.7300,5.7200,5.7300,877000,5019344.0000,3
2025-10-16,20251016145500000,sz.002225,5.7300,5.7400,5.7200,5.7300,1178800,6752960.0000,3
2025-10-16,20251016150000000,sz.002225,5.7400,5.7500,5.7300,5.7300,915400,5249488.0000,3
2025-10-17,20251017093500000,sz.002225,5.7300,5.7800,5.7100,5.7500,1329500,7637847.0000,3
2025-10-17,20251017094000000,sz.002225,5.7500,5.7700,5.7200,5.7600,694300,3990400.0000,3
2025-10-17,20251017094500000,sz.002225,5.7500,5.7500,5.7100,5.7100,683100,3911976.0000,3
2025-10-17,20251017095000000,sz.002225,5.7100,5.7200,5.7000,5.7100,679100,3876369.0000,3
2025-10-17,20251017095500000,sz.002225,5.6900,5.7200,5.6900,5.7100,702000,4004342.0000,3
2025-10-17,20251017100000000,sz.002225,5.7200,5.7400,5.7100,5.7300,414800,2374978.0000,3
2025-10-17,20251017100500000,sz.002225,5.7300,5.7600,5.7200,5.7500,658500,3780516.0000,3
2025-10-17,20251017101000000,sz.002225,5.7400,5.7500,5.7200,5.7200,557500,3191804.0000,3
2025-10-17,20251017101500000,sz.002225,5.7300,5.7300,5.7000,5.7100,366900,2096392.0000,3
2025-10-17,20251017102000000,sz.002225,5.7100,5.7100,5.6900,5.7000,1446200,8241504.0000,3
2025-10-17,20251017102500000,sz.002225,5.7000,5.7100,5.6900,5.7000,204300,1164852.0000,3
2025-10-17,20251017103000000,sz.002225,5.7000,5.7200,5.7000,5.7100,154100,880336.0000,3
2025-10-17,20251017103500000,sz.002225,5.7100,5.7200,5.7100,5.7100,90900,519284.0000,3
2025-10-17,20251017104000000,sz.002225,5.7100,5.7200,5.7000,5.7000,258300,1474256.0000,3
2025-10-17,20251017104500000,sz.002225,5.7100,5.7100,5.6900,5.6900,300500,1713424.0000,3
2025-10-17,20251017105000000,sz.002225,5.6900,5.7000,5.6700,5.6700,744400,4231144.0000,3
2025-10-17,20251017105500000,sz.002225,5.6800,5.6800,5.6500,5.6500,738800,4184904.0000,3
2025-10-17,20251017110000000,sz.002225,5.6500,5.6600,5.6400,5.6600,643800,3637296.0000,3
2025-10-17,20251017110500000,sz.002225,5.6600,5.6600,5.6400,5.6400,308200,1740912.0000,3
2025-10-17,20251017111000000,sz.002225,5.6400,5.6500,5.6200,5.6400,1236200,6959344.0000,3
2025-10-17,20251017111500000,sz.002225,5.6300,5.6400,5.6100,5.6200,741700,4169392.0000,3
2025-10-17,20251017112000000,sz.002225,5.6100,5.6400,5.6100,5.6200,513900,2889768.0000,3
2025-10-17,20251017112500000,sz.002225,5.6300,5.6400,5.6100,5.6200,354600,1994824.0000,3
2025-10-17,20251017113000000,sz.002225,5.6200,5.6300,5.6100,5.6300,405200,2275800.0000,3
2025-10-17,20251017130500000,sz.002225,5.6200,5.6200,5.6100,5.6200,208100,1169472.0000,3
2025-10-17,20251017131000000,sz.002225,5.6200,5.6200,5.6000,5.6000,519400,2910960.0000,3
2025-10-17,20251017131500000,sz.002225,5.6100,5.6100,5.6000,5.6100,153900,862352.0000,3
2025-10-17,20251017132000000,sz.002225,5.6000,5.6200,5.5900,5.5900,603700,3381712.0000,3
2025-10-17,20251017132500000,sz.002225,5.5900,5.6100,5.5900,5.6000,247200,1384736.0000,3
2025-10-17,20251017133000000,sz.002225,5.6100,5.6100,5.5900,5.6000,429100,2402376.0000,3
2025-10-17,20251017133500000,sz.002225,5.6100,5.6100,5.5900,5.6000,490400,2747128.0000,3
2025-10-17,20251017134000000,sz.002225,5.6000,5.6100,5.5800,5.6000,734500,4102800.0000,3
2025-10-17,20251017134500000,sz.002225,5.6000,5.6000,5.5700,5.5800,241900,1351248.0000,3
2025-10-17,20251017135000000,sz.002225,5.5800,5.6000,5.5800,5.5900,214400,1197768.0000,3
2025-10-17,20251017135500000,sz.002225,5.5900,5.5900,5.5800,5.5800,118800,663648.0000,3
2025-10-17,20251017140000000,sz.002225,5.5900,5.5900,5.5700,5.5800,384000,2142544.0000,3
2025-10-17,20251017140500000,sz.002225,5.5800,5.5900,5.5700,5.5800,268000,1497056.0000,3
2025-10-17,20251017141000000,sz.002225,5.5900,5.6000,5.5800,5.5800,180700,1010544.0000,3
2025-10-17,20251017141500000,sz.002225,5.5800,5.5800,5.5700,5.5700,281600,1570304.0000,3
2025-10-17,20251017142000000,sz.002225,5.5700,5.5800,5.5700,5.5700,295200,1644504.0000,3
2025-10-17,20251017142500000,sz.002225,5.5700,5.5800,5.5600,5.5600,311200,1733496.0000,3
2025-10-17,20251017143000000,sz.002225,5.5600,5.5700,5.5500,5.5600,812200,4512248.0000,3
2025-10-17,20251017143500000,sz.002225,5.5500,5.5600,5.5300,5.5400,610700,3387600.0000,3
2025-10-17,20251017144000000,sz.002225,5.5500,5.5500,5.5200,5.5300,1321000,7292600.0000,3
2025-10-17,20251017144500000,sz.002225,5.5300,5.5400,5.5200,5.5300,781700,4321304.0000,3
2025-10-17,20251017145000000,sz.002225,5.5300,5.5400,5.5100,5.5300,582200,3216608.0000,3
2025-10-17,20251017145500000,sz.002225,5.5300,5.5300,5.5100,5.5300,776600,4282480.0000,3
2025-10-17,20251017150000000,sz.002225,5.5200,5.5300,5.5100,5.5300,457800,2530576.0000,3
2025-10-20,20251020093500000,sz.002225,5.5600,5.6300,5.5600,5.6100,1963300,10981764.0000,3
2025-10-20,20251020094000000,sz.002225,5.6100,5.6100,5.5900,5.6000,707000,3959408.0000,3
2025-10-20,20251020094500000,sz.002225,5.5900,5.6000,5.5700,5.6000,1090400,6086812.0000,3
2025-10-20,20251020095000000,sz.002225,5.6000,5.6100,5.5800,5.6000,535800,2997464.0000,3
2025-10-20,20251020095500000,sz.002225,5.6000,5.6200,5.5900,5.6200,721700,4047290.0000,3
2025-10-20,20251020100000000,sz.002225,5.6100,5.6200,5.6000,5.6100,450000,2525674.0000,3
2025-10-20,20251020100500000,sz.002225,5.6100,5.6200,5.5900,5.6000,380300,2129896.0000,3
2025-10-20,20251020101000000,sz.002225,5.5900,5.5900,5.5700,5.5800,354900,1980804.0000,3
2025-10-20,20251020101500000,sz.002225,5.5800,5.5800,5.5500,5.5600,704100,3920436.0000,3
2025-10-20,20251020102000000,sz.002225,5.5700,5.5700,5.5500,5.5600,269500,1497468.0000,3
2025-10-20,20251020102500000,sz.002225,5.5500,5.5600,5.5300,5.5300,442800,2454472.0000,3
2025-10-20,20251020103000000,sz.002225,5.5400,5.5500,5.5200,5.5400,498000,2755544.0000,3
2025-10-20,20251020103500000,sz.002225,5.5400,5.5600,5.5300,5.5500,220400,1222636.0000,3
2025-10-20,20251020104000000,sz.002225,5.5500,5.5600,5.5500,5.5500,130400,724144.0000,3
2025-10-20,20251020104500000,sz.002225,5.5500,5.5600,5.5400,5.5500,406700,2259060.0000,3
2025-10-20,20251020105000000,sz.002225,5.5600,5.5600,5.5500,5.5600,166000,922496.0000,3
2025-10-20,20251020105500000,sz.002225,5.5600,5.5600,5.5500,5.5500,152400,847188.0000,3
2025-10-20,20251020110000000,sz.002225,5.5500,5.5600,5.5500,5.5500,88300,490056.0000,3
2025-10-20,20251020110500000,sz.002225,5.5600,5.5600,5.5300,5.5400,209400,1160348.0000,3
2025-10-20,20251020111000000,sz.002225,5.5500,5.5600,5.5400,5.5600,113900,632072.0000,3
2025-10-20,20251020111500000,sz.002225,5.5600,5.5700,5.5500,5.5700,255100,1418424.0000,3
2025-10-20,20251020112000000,sz.002225,5.5700,5.5800,5.5600,5.5800,245900,1370360.0000,3
2025-10-20,20251020112500000,sz.002225,5.5800,5.5900,5.5700,5.5900,197600,1102820.0000,3
2025-10-20,20251020113000000,sz.002225,5.5900,5.5900,5.5700,5.5900,192800,1075756.0000,3
2025-10-20,20251020130500000,sz.002225,5.5800,5.5900,5.5600,5.5600,164500,917488.0000,3
2025-10-20,20251020131000000,sz.002225,5.5700,5.5700,5.5600,5.5700,211000,1173736.0000,3
2025-10-20,20251020131500000,sz.002225,5.5600,5.5800,5.5600,5.5600,361500,2012012.0000,3
2025-10-20,20251020132000000,sz.002225,5.5600,5.5800,5.5500,5.5700,345800,1924812.0000,3
2025-10-20,20251020132500000,sz.002225,5.5700,5.5700,5.5500,5.5600,307700,1711224.0000,3
2025-10-20,20251020133000000,sz.002225,5.5600,5.5800,5.5600,5.5700,386500,2152392.0000,3
2025-10-20,20251020133500000,sz.002225,5.5700,5.5900,5.5700,5.5800,188800,1053224.0000,3
2025-10-20,20251020134000000,sz.002225,5.5900,5.6000,5.5800,5.5800,218900,1223464.0000,3
2025-10-20,20251020134500000,sz.002225,5.5800,5.5900,5.5700,5.5700,147600,823080.0000,3
2025-10-20,20251020135000000,sz.002225,5.5700,5.5900,5.5700,5.5900,231000,1290008.0000,3
2025-10-20,20251020135500000,sz.002225,5.5900,5.6100,5.5800,5.5900,358600,2006528.0000,3
2025-10-20,20251020140000000,sz.002225,5.5900,5.6000,5.5900,5.5900,18600,104016.0000,3
2025-10-20,20251020140500000,sz.002225,5.5900,5.6000,5.5800,5.6000,259100,1448584.0000,3
2025-10-20,20251020141000000,sz.002225,5.6000,5.6000,5.5800,5.5800,72600,405568.0000,3
2025-10-20,20251020141500000,sz.002225,5.5800,5.5900,5.5700,5.5700,455500,2540864.0000,3
2025-10-20,20251020142000000,sz.002225,5.5800,5.5800,5.5600,5.5600,193000,1075064.0000,3
2025-10-20,20251020142500000,sz.002225,5.5700,5.5700,5.5600,5.5700,78800,438664.0000,3
2025-10-20,20251020143000000,sz.002225,5.5700,5.6000,5.5600,5.5900,200000,1116312.0000,3
2025-10-20,20251020143500000,sz.002225,5.5900,5.5900,5.5800,5.5900,30200,168656.0000,3
2025-10-20,20251020144000000,sz.002225,5.5900,5.6000,5.5800,5.5900,236400,1320848.0000,3
2025-10-20,20251020144500000,sz.002225,5.5900,5.6100,5.5900,5.6000,369400,2069336.0000,3
2025-10-20,20251020145000000,sz.002225,5.6100,5.6200,5.6000,5.6200,433900,2435520.0000,3
2025-10-20,20251020145500000,sz.002225,5.6100,5.6300,5.6100,5.6200,708900,3982072.0000,3
2025-10-20,20251020150000000,sz.002225,5.6200,5.6300,5.6100,5.6100,771100,4329512.0000,3
2025-10-21,20251021093500000,sz.002225,5.6300,5.6400,5.5300,5.6000,4283500,24008438.0000,3
2025-10-21,20251021094000000,sz.002225,5.6000,5.6000,5.5700,5.5900,977300,5460286.0000,3
2025-10-21,20251021094500000,sz.002225,5.5800,5.6200,5.5700,5.6000,746200,4181180.0000,3
2025-10-21,20251021095000000,sz.002225,5.6100,5.6100,5.5800,5.6000,333800,1867488.0000,3
2025-10-21,20251021095500000,sz.002225,5.6000,5.6200,5.5900,5.6100,230200,1290064.0000,3
2025-10-21,20251021100000000,sz.002225,5.6100,5.6300,5.6100,5.6100,212700,1194852.0000,3
2025-10-21,20251021100500000,sz.002225,5.6200,5.6200,5.6000,5.6100,421600,2364164.0000,3
2025-10-21,20251021101000000,sz.002225,5.6200,5.6300,5.6000,5.6200,440900,2476416.0000,3
2025-10-21,20251021101500000,sz.002225,5.6200,5.6300,5.6100,5.6200,68900,387088.0000,3
2025-10-21,20251021102000000,sz.002225,5.6200,5.6600,5.6100,5.6600,498700,2811296.0000,3
2025-10-21,20251021102500000,sz.002225,5.6600,5.6600,5.6500,5.6500,218500,1235360.0000,3
2025-10-21,20251021103000000,sz.002225,5.6600,5.6700,5.6500,5.6700,537700,3043972.0000,3
2025-10-21,20251021103500000,sz.002225,5.6800,5.6800,5.6600,5.6700,347900,1973996.0000,3
2025-10-21,20251021104000000,sz.002225,5.6800,5.6900,5.6700,5.6800,316800,1799356.0000,3
2025-10-21,20251021104500000,sz.002225,5.6700,5.6800,5.6600,5.6700,365000,2069492.0000,3
2025-10-21,20251021105000000,sz.002225,5.6800,5.6800,5.6700,5.6800,322500,1830792.0000,3
2025-10-21,20251021105500000,sz.002225,5.6800,5.6800,5.6700,5.6700,239800,1360460.0000,3
2025-10-21,20251021110000000,sz.002225,5.6800,5.6800,5.6600,5.6700,210700,1194944.0000,3
2025-10-21,20251021110500000,sz.002225,5.6700,5.6900,5.6700,5.6800,402400,2284740.0000,3
2025-10-21,20251021111000000,sz.002225,5.6800,5.6900,5.6700,5.6900,192300,1091744.0000,3
2025-10-21,20251021111500000,sz.002225,5.6900,5.6900,5.6800,5.6800,90900,517020.0000,3
2025-10-21,20251021112000000,sz.002225,5.6900,5.7000,5.6800,5.6900,506600,2883132.0000,3
2025-10-21,20251021112500000,sz.002225,5.6900,5.7000,5.6900,5.7000,164900,938888.0000,3
2025-10-21,20251021113000000,sz.002225,5.7000,5.7100,5.6900,5.7000,518600,2957152.0000,3
2025-10-21,20251021130500000,sz.002225,5.7100,5.7100,5.6900,5.7000,568600,3239960.0000,3
2025-10-21,20251021131000000,sz.002225,5.7000,5.7100,5.6900,5.6900,151700,864208.0000,3
2025-10-21,20251021131500000,sz.002225,5.7000,5.7000,5.6800,5.6900,248600,1415408.0000,3
2025-10-21,20251021132000000,sz.002225,5.7000,5.7000,5.6900,5.6900,101100,576120.0000,3
2025-10-21,20251021132500000,sz.002225,5.7000,5.7100,5.7000,5.7000,187400,1068416.0000,3
2025-10-21,20251021133000000,sz.002225,5.7100,5.7100,5.7000,5.7100,117500,669968.0000,3
2025-10-21,20251021133500000,sz.002225,5.7100,5.7100,5.7000,5.7100,95300,543976.0000,3
2025-10-21,20251021134000000,sz.002225,5.7100,5.7100,5.7000,5.7100,148700,848232.0000,3
2025-10-21,20251021134500000,sz.002225,5.7100,5.7100,5.7000,5.7100,58800,335616.0000,3
2025-10-21,20251021135000000,sz.002225,5.7100,5.7200,5.7000,5.7200,348300,1989480.0000,3
2025-10-21,20251021135500000,sz.002225,5.7200,5.7200,5.7100,5.7200,268500,1534328.0000,3
2025-10-21,20251021140000000,sz.002225,5.7200,5.7200,5.7000,5.7100,435200,2485280.0000,3
2025-10-21,20251021140500000,sz.002225,5.7100,5.7200,5.7000,5.7100,235800,1346312.0000,3
2025-10-21,20251021141000000,sz.002225,5.7200,5.7200,5.7100,5.7200,135800,776488.0000,3
2025-10-21,20251021141500000,sz.002225,5.7200,5.7200,5.7100,5.7100,339000,1936560.0000,3
2025-10-21,20251021142000000,sz.002225,5.7200,5.7200,5.7000,5.7000,162500,927984.0000,3
2025-10-21,20251021142500000,sz.002225,5.7100,5.7100,5.6900,5.6900,427100,2435608.0000,3
2025-10-21,20251021143000000,sz.002225,5.7000,5.7000,5.6800,5.6900,434900,2474360.0000,3
2025-10-21,20251021143500000,sz.002225,5.6900,5.6900,5.6800,5.6800,230000,1307240.0000,3
2025-10-21,20251021144000000,sz.002225,5.6800,5.6900,5.6800,5.6900,57500,327088.0000,3
2025-10-21,20251021144500000,sz.002225,5.6900,5.6900,5.6800,5.6800,113800,646264.0000,3
2025-10-21,20251021145000000,sz.002225,5.6900,5.7000,5.6800,5.6900,489700,2786336.0000,3
2025-10-21,20251021145500000,sz.002225,5.6800,5.6900,5.6700,5.6800,489700,2780624.0000,3
2025-10-21,20251021150000000,sz.002225,5.6900,5.7000,5.6800,5.7000,313800,1785872.0000,3
2025-10-22,20251022093500000,sz.002225,6.0500,6.1100,5.9100,6.0700,19087200,114999800.0000,3
2025-10-22,20251022094000000,sz.002225,6.0800,6.1400,6.0500,6.0500,8475000,51704472.0000,3
2025-10-22,20251022094500000,sz.002225,6.0500,6.0500,5.9800,6.0000,3622700,21776832.0000,3
2025-10-22,20251022095000000,sz.002225,5.9900,6.0200,5.9700,5.9700,2402000,14406784.0000,3
2025-10-22,20251022095500000,sz.002225,5.9800,6.0800,5.9600,6.0400,3579000,21523440.0000,3
2025-10-22,20251022100000000,sz.002225,6.0500,6.0800,5.9900,5.9900,2077700,12573664.0000,3
2025-10-22,20251022100500000,sz.002225,5.9900,6.0500,5.9700,6.0100,1898900,11427264.0000,3
2025-10-22,20251022101000000,sz.002225,6.0000,6.0100,5.9900,6.0000,684900,4110912.0000,3
2025-10-22,20251022101500000,sz.002225,6.0000,6.0200,5.9800,5.9900,705200,4230640.0000,3
2025-10-22,20251022102000000,sz.002225,5.9900,5.9900,5.9600,5.9600,633200,3782144.0000,3
2025-10-22,20251022102500000,sz.002225,5.9600,5.9700,5.9300,5.9500,775000,4610736.0000,3
2025-10-22,20251022103000000,sz.002225,5.9500,5.9600,5.9400,5.9500,397600,2364640.0000,3
2025-10-22,20251022103500000,sz.002225,5.9400,5.9500,5.9200,5.9300,508600,3017568.0000,3
2025-10-22,20251022104000000,sz.002225,5.9400,5.9400,5.9000,5.9000,1138600,6730464.0000,3
2025-10-22,20251022104500000,sz.002225,5.8900,5.9300,5.8900,5.9100,495700,2930816.0000,3
2025-10-22,20251022105000000,sz.002225,5.9100,5.9400,5.9100,5.9400,490500,2909312.0000,3
2025-10-22,20251022105500000,sz.002225,5.9400,5.9400,5.9200,5.9300,158100,937664.0000,3
2025-10-22,20251022110000000,sz.002225,5.9200,5.9300,5.9200,5.9200,336500,1993088.0000,3
2025-10-22,20251022110500000,sz.002225,5.9100,5.9300,5.9000,5.9100,365200,2158368.0000,3
2025-10-22,20251022111000000,sz.002225,5.9000,5.9300,5.9000,5.9300,293200,1731488.0000,3
2025-10-22,20251022111500000,sz.002225,5.9300,5.9300,5.9100,5.9100,101000,597760.0000,3
2025-10-22,20251022112000000,sz.002225,5.9200,5.9300,5.9100,5.9200,158700,938912.0000,3
2025-10-22,20251022112500000,sz.002225,5.9200,5.9600,5.9200,5.9400,527500,3134656.0000,3
2025-10-22,20251022113000000,sz.002225,5.9500,5.9500,5.9200,5.9200,261600,1552800.0000,3
2025-10-22,20251022130500000,sz.002225,5.9300,5.9900,5.9100,5.9400,940200,5596352.0000,3
2025-10-22,20251022131000000,sz.002225,5.9500,5.9500,5.9400,5.9500,182200,1082848.0000,3
2025-10-22,20251022131500000,sz.002225,5.9400,5.9400,5.9200,5.9200,169200,1002656.0000,3
2025-10-22,20251022132000000,sz.002225,5.9200,5.9300,5.9100,5.9100,123400,730240.0000,3
2025-10-22,20251022132500000,sz.002225,5.9100,5.9200,5.9100,5.9100,171100,1012384.0000,3
2025-10-22,20251022133000000,sz.002225,5.9100,5.9200,5.9000,5.9100,387900,2292096.0000,3
2025-10-22,20251022133500000,sz.002225,5.9100,5.9200,5.9000,5.9200,252200,1491456.0000,3
2025-10-22,20251022134000000,sz.002225,5.9200,5.9200,5.9100,5.9100,179600,1062272.0000,3
2025-10-22,20251022134500000,sz.002225,5.9100,5.9200,5.8900,5.8900,745200,4400160.0000,3
2025-10-22,20251022135000000,sz.002225,5.8900,5.9100,5.8900,5.9000,255400,1506368.0000,3
2025-10-22,20251022135500000,sz.002225,5.9000,5.9100,5.8900,5.8900,236000,1391296.0000,3
2025-10-22,20251022140000000,sz.002225,5.8900,5.9400,5.8900,5.9200,738700,4369152.0000,3
2025-10-22,20251022140500000,sz.002225,5.9200,5.9200,5.8900,5.9000,659900,3891488.0000,3
2025-10-22,20251022141000000,sz.002225,5.9000,5.9000,5.8800,5.8800,236500,1392480.0000,3
2025-10-22,20251022141500000,sz.002225,5.8900,5.8900,5.8800,5.8900,116900,688384.0000,3
2025-10-22,20251022142000000,sz.002225,5.8900,5.8900,5.8600,5.8600,510600,2999872.0000,3
2025-10-22,20251022142500000,sz.002225,5.8700,5.8700,5.8600,5.8700,211500,1239776.0000,3
2025-10-22,20251022143000000,sz.002225,5.8700,5.8700,5.8600,5.8600,134200,786848.0000,3
2025-10-22,20251022143500000,sz.002225,5.8600,5.8700,5.8400,5.8700,775600,4541344.0000,3
2025-10-22,20251022144000000,sz.002225,5.8600,5.8700,5.8600,5.8600,267700,1568832.0000,3
2025-10-22,20251022144500000,sz.002225,5.8600,5.8600,5.8400,5.8400,615300,3598656.0000,3
2025-10-22,20251022145000000,sz.002225,5.8500,5.8700,5.8400,5.8600,696900,4082880.0000,3
2025-10-22,20251022145500000,sz.002225,5.8600,5.8700,5.8500,5.8700,566600,3321408.0000,3
2025-10-22,20251022150000000,sz.002225,5.8700,5.8700,5.8500,5.8500,966900,5661728.0000,3
2025-10-23,20251023093500000,sz.002225,5.8200,5.8200,5.7000,5.7000,6453400,37142528.0000,3
2025-10-23,20251023094000000,sz.002225,5.7000,5.7100,5.6600,5.6600,3605200,20472776.0000,3
2025-10-23,20251023094500000,sz.002225,5.6500,5.6600,5.6300,5.6400,2304800,13017720.0000,3
2025-10-23,20251023095000000,sz.002225,5.6400,5.6500,5.6100,5.6200,1921500,10816272.0000,3
2025-10-23,20251023095500000,sz.002225,5.6200,5.6300,5.5700,5.5700,2026400,11345304.0000,3
2025-10-23,20251023100000000,sz.002225,5.5700,5.5900,5.5500,5.5600,1632000,9079304.0000,3
2025-10-23,20251023100500000,sz.002225,5.5500,5.5800,5.5400,5.5700,1557700,8656088.0000,3
2025-10-23,20251023101000000,sz.002225,5.5700,5.5800,5.5600,5.5800,1415000,7882528.0000,3
2025-10-23,20251023101500000,sz.002225,5.5800,5.6300,5.5700,5.6200,1139700,6390112.0000,3
2025-10-23,20251023102000000,sz.002225,5.6200,5.6300,5.6100,5.6200,460100,2585368.0000,3
2025-10-23,20251023102500000,sz.002225,5.6200,5.6200,5.6000,5.6100,519000,2911040.0000,3
2025-10-23,20251023103000000,sz.002225,5.6100,5.6200,5.6000,5.6100,446600,2506640.0000,3
2025-10-23,20251023103500000,sz.002225,5.6100,5.6100,5.5900,5.6100,591600,3312464.0000,3
2025-10-23,20251023104000000,sz.002225,5.6100,5.6100,5.6000,5.6000,284400,1594720.0000,3
2025-10-23,20251023104500000,sz.002225,5.6100,5.6100,5.6000,5.6100,125300,702832.0000,3
2025-10-23,20251023105000000,sz.002225,5.6100,5.6100,5.6000,5.6100,237000,1328816.0000,3
2025-10-23,20251023105500000,sz.002225,5.6100,5.6100,5.5900,5.6000,399800,2238912.0000,3
2025-10-23,20251023110000000,sz.002225,5.5900,5.6000,5.5800,5.5800,294200,1645152.0000,3
2025-10-23,20251023110500000,sz.002225,5.5900,5.5900,5.5600,5.5800,616400,3436880.0000,3
2025-10-23,20251023111000000,sz.002225,5.5800,5.5800,5.5700,5.5700,122500,683056.0000,3
2025-10-23,20251023111500000,sz.002225,5.5700,5.5800,5.5700,5.5800,258000,1439024.0000,3
2025-10-23,20251023112000000,sz.002225,5.5800,5.5900,5.5700,5.5800,1499900,8369216.0000,3
2025-10-23,20251023112500000,sz.002225,5.5900,5.6200,5.5900,5.6100,554900,3105680.0000,3
2025-10-23,20251023113000000,sz.002225,5.6100,5.6400,5.6000,5.6100,309600,1739808.0000,3
2025-10-23,20251023130500000,sz.002225,5.6000,5.6000,5.5700,5.6000,677900,3788064.0000,3
2025-10-23,20251023131000000,sz.002225,5.6000,5.6100,5.5900,5.6000,148400,831296.0000,3
2025-10-23,20251023131500000,sz.002225,5.6000,5.6100,5.5900,5.6000,380900,2132368.0000,3
2025-10-23,20251023132000000,sz.002225,5.6100,5.6100,5.5900,5.6100,294700,1650512.0000,3
2025-10-23,20251023132500000,sz.002225,5.6100,5.6100,5.5900,5.6000,237800,1332064.0000,3
2025-10-23,20251023133000000,sz.002225,5.5900,5.6100,5.5900,5.6000,103200,577920.0000,3
2025-10-23,20251023133500000,sz.002225,5.5900,5.6000,5.5800,5.6000,394100,2203360.0000,3
2025-10-23,20251023134000000,sz.002225,5.5900,5.5900,5.5800,5.5800,165900,926464.0000,3
2025-10-23,20251023134500000,sz.002225,5.5800,5.5900,5.5800,5.5900,177200,989696.0000,3
2025-10-23,20251023135000000,sz.002225,5.5900,5.6100,5.5800,5.5900,384700,2151664.0000,3
2025-10-23,20251023135500000,sz.002225,5.5900,5.6000,5.5800,5.5900,289400,1617520.0000,3
2025-10-23,20251023140000000,sz.002225,5.5900,5.6000,5.5800,5.5900,150000,838480.0000,3
2025-10-23,20251023140500000,sz.002225,5.5900,5.6000,5.5900,5.6000,170900,956624.0000,3
2025-10-23,20251023141000000,sz.002225,5.5900,5.6100,5.5900,5.6100,85200,477280.0000,3
2025-10-23,20251023141500000,sz.002225,5.6200,5.6200,5.6000,5.6200,371500,2084912.0000,3
2025-10-23,20251023142000000,sz.002225,5.6200,5.6200,5.6000,5.6200,255800,1435632.0000,3
2025-10-23,20251023142500000,sz.002225,5.6200,5.6300,5.6100,5.6200,307100,1726048.0000,3
2025-10-23,20251023143000000,sz.002225,5.6200,5.6300,5.6100,5.6300,193700,1089152.0000,3
2025-10-23,20251023143500000,sz.002225,5.6300,5.6500,5.6100,5.6500,730900,4116064.0000,3
2025-10-23,20251023144000000,sz.002225,5.6500,5.6500,5.6400,5.6400,448100,2529360.0000,3
2025-10-23,20251023144500000,sz.002225,5.6500,5.6600,5.6400,5.6500,439400,2483008.0000,3
2025-10-23,20251023145000000,sz.002225,5.6600,5.6700,5.6400,5.6600,1017400,5750960.0000,3
2025-10-23,20251023145500000,sz.002225,5.6600,5.6600,5.6400,5.6500,648300,3663136.0000,3
2025-10-23,20251023150000000,sz.002225,5.6600,5.6600,5.6300,5.6300,973700,5490752.0000,3
2025-10-24,20251024093500000,sz.002225,5.6400,5.7900,5.6400,5.7900,3250000,18606314.0000,3
2025-10-24,20251024094000000,sz.002225,5.7800,5.8600,5.7600,5.8000,3287900,19080902.0000,3
2025-10-24,20251024094500000,sz.002225,5.8000,5.8400,5.7700,5.8100,2141500,12442840.0000,3
2025-10-24,20251024095000000,sz.002225,5.8100,5.8600,5.8100,5.8400,2614000,15256308.0000,3
2025-10-24,20251024095500000,sz.002225,5.8500,5.8500,5.7900,5.8000,1525700,8885828.0000,3
2025-10-24,20251024100000000,sz.002225,5.7900,5.8100,5.7900,5.7900,610500,3539864.0000,3
2025-10-24,20251024100500000,sz.002225,5.7900,5.8000,5.7500,5.7700,734700,4239936.0000,3
2025-10-24,20251024101000000,sz.002225,5.7800,5.8000,5.7300,5.7400,2142500,12354360.0000,3
2025-10-24,20251024101500000,sz.002225,5.7400,5.7500,5.7300,5.7400,643700,3692808.0000,3
2025-10-24,20251024102000000,sz.002225,5.7200,5.7400,5.7100,5.7300,381800,2184832.0000,3
2025-10-24,20251024102500000,sz.002225,5.7200,5.7300,5.7200,5.7300,307100,1759088.0000,3
2025-10-24,20251024103000000,sz.002225,5.7300,5.7400,5.7200,5.7200,300000,1719952.0000,3
2025-10-24,20251024103500000,sz.002225,5.7200,5.7300,5.7100,5.7200,328300,1878280.0000,3
2025-10-24,20251024104000000,sz.002225,5.7100,5.7200,5.7100,5.7100,303700,1735496.0000,3
2025-10-24,20251024104500000,sz.002225,5.7100,5.7200,5.7000,5.7100,281800,1608568.0000,3
2025-10-24,20251024105000000,sz.002225,5.7000,5.7100,5.7000,5.7100,370400,2112176.0000,3
2025-10-24,20251024105500000,sz.002225,5.7000,5.7300,5.7000,5.7200,117100,669280.0000,3
2025-10-24,20251024110000000,sz.002225,5.7200,5.7300,5.7100,5.7100,178800,1022688.0000,3
2025-10-24,20251024110500000,sz.002225,5.7100,5.7200,5.7100,5.7100,157300,898672.0000,3
2025-10-24,20251024111000000,sz.002225,5.7100,5.7200,5.7100,5.7100,108900,622504.0000,3
2025-10-24,20251024111500000,sz.002225,5.7100,5.7300,5.7100,5.7200,100000,571816.0000,3
2025-10-24,20251024112000000,sz.002225,5.7200,5.7200,5.7100,5.7100,125800,719232.0000,3
2025-10-24,20251024112500000,sz.002225,5.7100,5.7300,5.7100,5.7200,142700,816264.0000,3
2025-10-24,20251024113000000,sz.002225,5.7200,5.7400,5.7200,5.7300,190700,1092576.0000,3
2025-10-24,20251024130500000,sz.002225,5.7300,5.7300,5.6900,5.7100,917100,5234832.0000,3
2025-10-24,20251024131000000,sz.002225,5.7100,5.7500,5.7100,5.7400,617800,3541032.0000,3
2025-10-24,20251024131500000,sz.002225,5.7400,5.7500,5.7200,5.7200,454300,2604968.0000,3
2025-10-24,20251024132000000,sz.002225,5.7200,5.7300,5.7200,5.7200,74000,423368.0000,3
2025-10-24,20251024132500000,sz.002225,5.7200,5.7300,5.7200,5.7200,182100,1041992.0000,3
2025-10-24,20251024133000000,sz.002225,5.7200,5.7300,5.7100,5.7200,182400,1043416.0000,3
2025-10-24,20251024133500000,sz.002225,5.7200,5.7400,5.7200,5.7200,142700,816976.0000,3
2025-10-24,20251024134000000,sz.002225,5.7200,5.7300,5.7100,5.7200,255200,1460056.0000,3
2025-10-24,20251024134500000,sz.002225,5.7100,5.7200,5.7100,5.7200,126800,724904.0000,3
2025-10-24,20251024135000000,sz.002225,5.7200,5.7300,5.7200,5.7200,89400,511824.0000,3
2025-10-24,20251024135500000,sz.002225,5.7200,5.7300,5.7100,5.7200,200400,1146112.0000,3
2025-10-24,20251024140000000,sz.002225,5.7200,5.7400,5.7200,5.7300,389200,2229600.0000,3
2025-10-24,20251024140500000,sz.002225,5.7200,5.7400,5.7200,5.7400,146700,840960.0000,3
2025-10-24,20251024141000000,sz.002225,5.7300,5.7400,5.7300,5.7300,178900,1025616.0000,3
2025-10-24,20251024141500000,sz.002225,5.7300,5.7500,5.7300,5.7500,342800,1969648.0000,3
2025-10-24,20251024142000000,sz.002225,5.7400,5.7500,5.7400,5.7500,120100,689712.0000,3
2025-10-24,20251024142500000,sz.002225,5.7400,5.7500,5.7300,5.7400,244200,1401616.0000,3
2025-10-24,20251024143000000,sz.002225,5.7400,5.7500,5.7400,5.7400,55800,320448.0000,3
2025-10-24,20251024143500000,sz.002225,5.7400,5.7500,5.7400,5.7500,209200,1201328.0000,3
2025-10-24,20251024144000000,sz.002225,5.7500,5.7600,5.7400,5.7500,483200,2778032.0000,3
2025-10-24,20251024144500000,sz.002225,5.7400,5.7600,5.7400,5.7600,358300,2060672.0000,3
2025-10-24,20251024145000000,sz.002225,5.7600,5.7700,5.7500,5.7700,944600,5445312.0000,3
2025-10-24,20251024145500000,sz.002225,5.7600,5.7700,5.7600,5.7700,833300,4806896.0000,3
2025-10-24,20251024150000000,sz.002225,5.7700,5.7800,5.7600,5.7600,690600,3981376.0000,3
2025-10-27,20251027093500000,sz.002225,5.7600,5.9000,5.7600,5.8900,3937800,22941488.0000,3
2025-10-27,20251027094000000,sz.002225,5.8900,5.8900,5.8400,5.8500,1351400,7924768.0000,3
2025-10-27,20251027094500000,sz.002225,5.8500,5.8700,5.8400,5.8500,969200,5676624.0000,3
2025-10-27,20251027095000000,sz.002225,5.8500,5.8700,5.8400,5.8600,561700,3288264.0000,3
2025-10-27,20251027095500000,sz.002225,5.8600,5.8700,5.8400,5.8400,661800,3876368.0000,3
2025-10-27,20251027100000000,sz.002225,5.8400,5.8700,5.8400,5.8600,704300,4122264.0000,3
2025-10-27,20251027100500000,sz.002225,5.8500,5.8700,5.8400,5.8500,522200,3055288.0000,3
2025-10-27,20251027101000000,sz.002225,5.8400,5.8500,5.8100,5.8100,731300,4257500.0000,3
2025-10-27,20251027101500000,sz.002225,5.8100,5.8200,5.8100,5.8100,440400,2560236.0000,3
2025-10-27,20251027102000000,sz.002225,5.8100,5.8200,5.7800,5.7800,550700,3192136.0000,3
2025-10-27,20251027102500000,sz.002225,5.7800,5.7900,5.7700,5.7800,351900,2033804.0000,3
2025-10-27,20251027103000000,sz.002225,5.7800,5.8000,5.7800,5.7900,362800,2100840.0000,3
2025-10-27,20251027103500000,sz.002225,5.7900,5.8100,5.7900,5.8000,405000,2347116.0000,3
2025-10-27,20251027104000000,sz.002225,5.7900,5.8100,5.7800,5.8100,390600,2264312.0000,3
2025-10-27,20251027104500000,sz.002225,5.8000,5.8100,5.7900,5.8100,145100,841656.0000,3
2025-10-27,20251027105000000,sz.002225,5.8000,5.8100,5.7900,5.8000,294400,1706272.0000,3
2025-10-27,20251027105500000,sz.002225,5.8000,5.8300,5.8000,5.8200,424300,2468304.0000,3
2025-10-27,20251027110000000,sz.002225,5.8300,5.8600,5.8200,5.8500,1129800,6595872.0000,3
2025-10-27,20251027110500000,sz.002225,5.8500,5.8600,5.8400,5.8500,754500,4414392.0000,3
2025-10-27,20251027111000000,sz.002225,5.8500,5.8500,5.8400,5.8500,240400,1406208.0000,3
2025-10-27,20251027111500000,sz.002225,5.8600,5.8600,5.8400,5.8600,208400,1219648.0000,3
2025-10-27,20251027112000000,sz.002225,5.8600,5.8700,5.8500,5.8700,454000,2660904.0000,3
2025-10-27,20251027112500000,sz.002225,5.8700,5.8700,5.8600,5.8600,131500,771656.0000,3
2025-10-27,20251027113000000,sz.002225,5.8600,5.8700,5.8600,5.8700,211700,1242344.0000,3
2025-10-27,20251027130500000,sz.002225,5.8700,5.8700,5.8400,5.8500,547200,3201992.0000,3
2025-10-27,20251027131000000,sz.002225,5.8400,5.8500,5.8300,5.8300,390500,2280536.0000,3
2025-10-27,20251027131500000,sz.002225,5.8300,5.8400,5.8200,5.8300,380700,2219200.0000,3
2025-10-27,20251027132000000,sz.002225,5.8200,5.8300,5.8200,5.8200,83700,487712.0000,3
2025-10-27,20251027132500000,sz.002225,5.8200,5.8300,5.8200,5.8200,350300,2038248.0000,3
2025-10-27,20251027133000000,sz.002225,5.8200,5.8300,5.8200,5.8200,164900,959904.0000,3
2025-10-27,20251027133500000,sz.002225,5.8200,5.8300,5.8200,5.8300,111600,650032.0000,3
2025-10-27,20251027134000000,sz.002225,5.8200,5.8300,5.8200,5.8200,234400,1365824.0000,3
2025-10-27,20251027134500000,sz.002225,5.8200,5.8300,5.8100,5.8200,283900,1651736.0000,3
2025-10-27,20251027135000000,sz.002225,5.8200,5.8300,5.8200,5.8200,87900,512008.0000,3
2025-10-27,20251027135500000,sz.002225,5.8200,5.8300,5.8100,5.8100,399900,2327552.0000,3
2025-10-27,20251027140000000,sz.002225,5.8100,5.8200,5.8000,5.8100,438700,2548392.0000,3
2025-10-27,20251027140500000,sz.002225,5.8000,5.8200,5.8000,5.8100,286200,1663704.0000,3
2025-10-27,20251027141000000,sz.002225,5.8100,5.8300,5.8100,5.8200,207200,1205696.0000,3
2025-10-27,20251027141500000,sz.002225,5.8200,5.8700,5.8200,5.8700,1840800,10774240.0000,3
2025-10-27,20251027142000000,sz.002225,5.8700,5.8700,5.8600,5.8600,278700,1634352.0000,3
2025-10-27,20251027142500000,sz.002225,5.8600,5.8700,5.8400,5.8500,775300,4540104.0000,3
2025-10-27,20251027143000000,sz.002225,5.8500,5.8600,5.8400,5.8400,335900,1964952.0000,3
2025-10-27,20251027143500000,sz.002225,5.8500,5.8500,5.8400,5.8500,281800,1647392.0000,3
2025-10-27,20251027144000000,sz.002225,5.8500,5.8500,5.8300,5.8400,323600,1890816.0000,3
2025-10-27,20251027144500000,sz.002225,5.8400,5.8600,5.8400,5.8500,348500,2038928.0000,3
2025-10-27,20251027145000000,sz.002225,5.8500,5.8600,5.8500,5.8500,460500,2695536.0000,3
2025-10-27,20251027145500000,sz.002225,5.8500,5.8600,5.8500,5.8600,322000,1885568.0000,3
2025-10-27,20251027150000000,sz.002225,5.8500,5.8600,5.8500,5.8500,505000,2957312.0000,3
2025-10-28,20251028093500000,sz.002225,5.8200,5.8300,5.7800,5.7900,2375200,13761512.0000,3
2025-10-28,20251028094000000,sz.002225,5.7800,5.7900,5.7600,5.7700,892300,5152832.0000,3
2025-10-28,20251028094500000,sz.002225,5.7700,5.7900,5.7600,5.7600,986900,5696552.0000,3
2025-10-28,20251028095000000,sz.002225,5.7700,5.7700,5.7500,5.7500,986900,5682258.0000,3
2025-10-28,20251028095500000,sz.002225,5.7600,5.7600,5.7300,5.7400,1318500,7570450.0000,3
2025-10-28,20251028100000000,sz.002225,5.7400,5.7400,5.7100,5.7200,988600,5658196.0000,3
2025-10-28,20251028100500000,sz.002225,5.7200,5.7300,5.7100,5.7200,345500,1975896.0000,3
2025-10-28,20251028101000000,sz.002225,5.7100,5.7200,5.7000,5.7100,1246000,7116148.0000,3
2025-10-28,20251028101500000,sz.002225,5.7000,5.7300,5.7000,5.7300,618100,3532404.0000,3
2025-10-28,20251028102000000,sz.002225,5.7300,5.7400,5.7200,5.7300,416300,2385636.0000,3
2025-10-28,20251028102500000,sz.002225,5.7100,5.7200,5.7000,5.7100,979500,5596196.0000,3
2025-10-28,20251028103000000,sz.002225,5.7000,5.7100,5.7000,5.7000,755400,4306728.0000,3
2025-10-28,20251028103500000,sz.002225,5.7000,5.7000,5.6900,5.7000,180900,1030080.0000,3
2025-10-28,20251028104000000,sz.002225,5.7000,5.7100,5.6900,5.7000,239400,1365528.0000,3
2025-10-28,20251028104500000,sz.002225,5.7100,5.7100,5.7000,5.7100,193200,1102352.0000,3
2025-10-28,20251028105000000,sz.002225,5.7100,5.7200,5.7100,5.7200,263800,1508368.0000,3
2025-10-28,20251028105500000,sz.002225,5.7100,5.7300,5.7100,5.7300,113000,646088.0000,3
2025-10-28,20251028110000000,sz.002225,5.7300,5.7300,5.7100,5.7200,204900,1171848.0000,3
2025-10-28,20251028110500000,sz.002225,5.7200,5.7300,5.7200,5.7200,332800,1904064.0000,3
2025-10-28,20251028111000000,sz.002225,5.7300,5.7400,5.7200,5.7300,161100,923040.0000,3
2025-10-28,20251028111500000,sz.002225,5.7300,5.7300,5.7200,5.7200,197100,1129136.0000,3
2025-10-28,20251028112000000,sz.002225,5.7300,5.7400,5.7200,5.7400,663200,3798000.0000,3
2025-10-28,20251028112500000,sz.002225,5.7400,5.7600,5.7300,5.7600,289500,1662272.0000,3
2025-10-28,20251028113000000,sz.002225,5.7600,5.7600,5.7500,5.7600,133000,765536.0000,3
2025-10-28,20251028130500000,sz.002225,5.7600,5.7600,5.7400,5.7400,693800,3988440.0000,3
2025-10-28,20251028131000000,sz.002225,5.7500,5.7700,5.7400,5.7500,396100,2278792.0000,3
2025-10-28,20251028131500000,sz.002225,5.7500,5.7600,5.7400,5.7500,518600,2983352.0000,3
2025-10-28,20251028132000000,sz.002225,5.7500,5.7500,5.7300,5.7400,243600,1398120.0000,3
2025-10-28,20251028132500000,sz.002225,5.7300,5.7400,5.7300,5.7400,286900,1644512.0000,3
2025-10-28,20251028133000000,sz.002225,5.7300,5.7400,5.7300,5.7300,93200,534640.0000,3
2025-10-28,20251028133500000,sz.002225,5.7400,5.7400,5.7200,5.7200,303700,1738936.0000,3
2025-10-28,20251028134000000,sz.002225,5.7200,5.7300,5.7100,5.7100,307300,1757368.0000,3
2025-10-28,20251028134500000,sz.002225,5.7100,5.7200,5.7000,5.7000,479200,2736120.0000,3
2025-10-28,20251028135000000,sz.002225,5.7000,5.7200,5.7000,5.7100,334900,1911128.0000,3
2025-10-28,20251028135500000,sz.002225,5.7100,5.7200,5.7100,5.7100,116300,664880.0000,3
2025-10-28,20251028140000000,sz.002225,5.7100,5.7300,5.7100,5.7200,341300,1952696.0000,3
2025-10-28,20251028140500000,sz.002225,5.7200,5.7300,5.7100,5.7100,245000,1401736.0000,3
2025-10-28,20251028141000000,sz.002225,5.7100,5.7200,5.7100,5.7200,140900,805328.0000,3
2025-10-28,20251028141500000,sz.002225,5.7100,5.7300,5.7100,5.7200,351600,2011520.0000,3
2025-10-28,20251028142000000,sz.002225,5.7200,5.7300,5.7200,5.7300,118200,676480.0000,3
2025-10-28,20251028142500000,sz.002225,5.7300,5.7400,5.7200,5.7300,270100,1547560.0000,3
2025-10-28,20251028143000000,sz.002225,5.7300,5.7400,5.7300,5.7300,129800,744632.0000,3
2025-10-28,20251028143500000,sz.002225,5.7300,5.7400,5.7200,5.7300,374000,2143712.0000,3
2025-10-28,20251028144000000,sz.002225,5.7400,5.7400,5.7200,5.7300,199200,1141744.0000,3
2025-10-28,20251028144500000,sz.002225,5.7300,5.7400,5.7200,5.7300,286700,1642528.0000,3
2025-10-28,20251028145000000,sz.002225,5.7300,5.7400,5.7300,5.7400,393600,2258400.0000,3
2025-10-28,20251028145500000,sz.002225,5.7400,5.7400,5.7300,5.7300,392900,2253696.0000,3
2025-10-28,20251028150000000,sz.002225,5.7400,5.7400,5.7300,5.7400,268700,1541888.0000,3
2025-10-29,20251029093500000,sz.002225,5.7400,5.7400,5.7000,5.7100,1621500,9291751.0000,3
2025-10-29,20251029094000000,sz.002225,5.7200,5.7200,5.7000,5.7100,316100,1805215.0000,3
2025-10-29,20251029094500000,sz.002225,5.7000,5.7200,5.7000,5.7000,402800,2298038.0000,3
2025-10-29,20251029095000000,sz.002225,5.7000,5.7100,5.6700,5.6800,826200,4700038.0000,3
2025-10-29,20251029095500000,sz.002225,5.6800,5.6900,5.6600,5.6600,985500,5588562.0000,3
2025-10-29,20251029100000000,sz.002225,5.6700,5.6700,5.6500,5.6600,688700,3899348.0000,3
2025-10-29,20251029100500000,sz.002225,5.6600,5.6800,5.6500,5.6800,582600,3301242.0000,3
2025-10-29,20251029101000000,sz.002225,5.6800,5.6800,5.6700,5.6700,238100,1351510.0000,3
2025-10-29,20251029101500000,sz.002225,5.6800,5.6800,5.6600,5.6700,314100,1781132.0000,3
2025-10-29,20251029102000000,sz.002225,5.6700,5.7000,5.6700,5.6900,343100,1947692.0000,3
2025-10-29,20251029102500000,sz.002225,5.6900,5.7000,5.6800,5.6900,205000,1167248.0000,3
2025-10-29,20251029103000000,sz.002225,5.6900,5.7200,5.6900,5.7100,231500,1320168.0000,3
2025-10-29,20251029103500000,sz.002225,5.7100,5.7300,5.7100,5.7200,423300,2420368.0000,3
2025-10-29,20251029104000000,sz.002225,5.7200,5.7200,5.7100,5.7100,66700,380940.0000,3
2025-10-29,20251029104500000,sz.002225,5.7100,5.7200,5.7100,5.7100,221600,1266008.0000,3
2025-10-29,20251029105000000,sz.002225,5.7200,5.7300,5.7100,5.7200,164300,939740.0000,3
2025-10-29,20251029105500000,sz.002225,5.7300,5.7300,5.7200,5.7200,117400,671744.0000,3
2025-10-29,20251029110000000,sz.002225,5.7200,5.7200,5.7100,5.7100,318200,1819644.0000,3
2025-10-29,20251029110500000,sz.002225,5.7100,5.7200,5.7000,5.7100,513500,2925928.0000,3
2025-10-29,20251029111000000,sz.002225,5.7000,5.7100,5.7000,5.7000,55600,317176.0000,3
2025-10-29,20251029111500000,sz.002225,5.7000,5.7200,5.7000,5.7100,167700,957036.0000,3
2025-10-29,20251029112000000,sz.002225,5.7100,5.7300,5.7100,5.7300,149700,855696.0000,3
2025-10-29,20251029112500000,sz.002225,5.7200,5.7500,5.7200,5.7500,471900,2706388.0000,3
2025-10-29,20251029113000000,sz.002225,5.7400,5.7500,5.7300,5.7500,286700,1647140.0000,3
2025-10-29,20251029130500000,sz.002225,5.7500,5.7500,5.7400,5.7500,302000,1736240.0000,3
2025-10-29,20251029131000000,sz.002225,5.7500,5.7700,5.7500,5.7600,723200,4161976.0000,3
2025-10-29,20251029131500000,sz.002225,5.7600,5.7800,5.7600,5.7800,649800,3750312.0000,3
2025-10-29,20251029132000000,sz.002225,5.7800,5.8100,5.7700,5.8100,1428100,8277584.0000,3
2025-10-29,20251029132500000,sz.002225,5.8000,5.8100,5.7800,5.7900,435200,2523432.0000,3
2025-10-29,20251029133000000,sz.002225,5.7800,5.8400,5.7800,5.8300,1633600,9497920.0000,3
2025-10-29,20251029133500000,sz.002225,5.8400,5.8600,5.8200,5.8200,1722900,10066672.0000,3
2025-10-29,20251029134000000,sz.002225,5.8300,5.8300,5.8100,5.8200,285600,1661008.0000,3
2025-10-29,20251029134500000,sz.002225,5.8200,5.8300,5.8100,5.8300,326700,1903320.0000,3
2025-10-29,20251029135000000,sz.002225,5.8300,5.8400,5.8200,5.8300,216000,1259656.0000,3
2025-10-29,20251029135500000,sz.002225,5.8300,5.8300,5.8100,5.8100,295900,1722240.0000,3
2025-10-29,20251029140000000,sz.002225,5.8100,5.8400,5.8100,5.8300,556200,3238880.0000,3
2025-10-29,20251029140500000,sz.002225,5.8300,5.8300,5.8000,5.8000,658300,3827624.0000,3
2025-10-29,20251029141000000,sz.002225,5.8000,5.8200,5.8000,5.8200,628800,3650936.0000,3
2025-10-29,20251029141500000,sz.002225,5.8100,5.8300,5.8100,5.8300,219300,1277336.0000,3
2025-10-29,20251029142000000,sz.002225,5.8300,5.8300,5.8100,5.8200,86200,501352.0000,3
2025-10-29,20251029142500000,sz.002225,5.8100,5.8200,5.8100,5.8200,48000,279128.0000,3
2025-10-29,20251029143000000,sz.002225,5.8100,5.8200,5.8000,5.8100,205600,1193512.0000,3
2025-10-29,20251029143500000,sz.002225,5.8100,5.8200,5.8000,5.8100,214600,1246720.0000,3
2025-10-29,20251029144000000,sz.002225,5.8000,5.8100,5.7900,5.8000,254100,1473648.0000,3
2025-10-29,20251029144500000,sz.002225,5.8000,5.8100,5.7900,5.8000,244000,1415152.0000,3
2025-10-29,20251029145000000,sz.002225,5.8000,5.8100,5.7900,5.8000,194500,1128344.0000,3
2025-10-29,20251029145500000,sz.002225,5.8000,5.8000,5.7800,5.8000,811000,4695920.0000,3
2025-10-29,20251029150000000,sz.002225,5.7900,5.8000,5.7900,5.8000,434500,2519848.0000,3
2025-10-30,20251030093500000,sz.002225,5.7800,5.7800,5.7500,5.7800,1117200,6444926.0000,3
2025-10-30,20251030094000000,sz.002225,5.7800,5.8200,5.7500,5.7800,1203300,6958793.0000,3
2025-10-30,20251030094500000,sz.002225,5.7700,5.7700,5.7500,5.7600,750600,4324411.0000,3
2025-10-30,20251030095000000,sz.002225,5.7600,5.7900,5.7500,5.7600,598800,3451876.0000,3
2025-10-30,20251030095500000,sz.002225,5.7600,5.7700,5.7500,5.7700,209200,1205290.0000,3
2025-10-30,20251030100000000,sz.002225,5.7700,5.7900,5.7600,5.7600,457600,2640652.0000,3
2025-10-30,20251030100500000,sz.002225,5.7600,5.7700,5.7400,5.7400,881800,5073436.0000,3
2025-10-30,20251030101000000,sz.002225,5.7400,5.7500,5.7300,5.7400,731600,4197572.0000,3
2025-10-30,20251030101500000,sz.002225,5.7400,5.7500,5.7300,5.7400,181000,1039124.0000,3
2025-10-30,20251030102000000,sz.002225,5.7500,5.7700,5.7400,5.7400,576200,3315392.0000,3
2025-10-30,20251030102500000,sz.002225,5.7400,5.7500,5.7300,5.7300,376500,2159472.0000,3
2025-10-30,20251030103000000,sz.002225,5.7300,5.7400,5.7200,5.7200,750000,4292264.0000,3
2025-10-30,20251030103500000,sz.002225,5.7200,5.7400,5.7200,5.7200,229200,1313148.0000,3
2025-10-30,20251030104000000,sz.002225,5.7200,5.7300,5.7200,5.7200,210900,1207060.0000,3
2025-10-30,20251030104500000,sz.002225,5.7200,5.7300,5.7000,5.7100,695300,3973024.0000,3
2025-10-30,20251030105000000,sz.002225,5.7100,5.7100,5.6900,5.6900,961800,5482840.0000,3
2025-10-30,20251030105500000,sz.002225,5.6900,5.7000,5.6900,5.7000,206300,1175568.0000,3
2025-10-30,20251030110000000,sz.002225,5.6900,5.7100,5.6900,5.7000,308000,1755952.0000,3
2025-10-30,20251030110500000,sz.002225,5.7000,5.7100,5.7000,5.7000,150700,859232.0000,3
2025-10-30,20251030111000000,sz.002225,5.7000,5.7100,5.6900,5.7000,198000,1128888.0000,3
2025-10-30,20251030111500000,sz.002225,5.7000,5.7100,5.7000,5.7100,116600,665564.0000,3
2025-10-30,20251030112000000,sz.002225,5.7000,5.7100,5.7000,5.7100,349000,1989932.0000,3
2025-10-30,20251030112500000,sz.002225,5.7000,5.7100,5.6900,5.7000,318000,1811452.0000,3
2025-10-30,20251030113000000,sz.002225,5.6900,5.7200,5.6900,5.7200,427200,2436668.0000,3
2025-10-30,20251030130500000,sz.002225,5.7200,5.7300,5.7000,5.7100,566900,3236456.0000,3
2025-10-30,20251030131000000,sz.002225,5.7100,5.7200,5.7000,5.7200,289400,1652384.0000,3
2025-10-30,20251030131500000,sz.002225,5.7100,5.7100,5.6900,5.6900,449700,2561408.0000,3
2025-10-30,20251030132000000,sz.002225,5.6900,5.7500,5.6900,5.7500,618400,3537792.0000,3
2025-10-30,20251030132500000,sz.002225,5.7500,5.8000,5.7500,5.7900,1084000,6257696.0000,3
2025-10-30,20251030133000000,sz.002225,5.7900,5.7900,5.7700,5.7800,312100,1802992.0000,3
2025-10-30,20251030133500000,sz.002225,5.7800,5.8000,5.7700,5.7900,340200,1967816.0000,3
2025-10-30,20251030134000000,sz.002225,5.7900,5.7900,5.7800,5.7900,110300,638424.0000,3
2025-10-30,20251030134500000,sz.002225,5.7900,5.7900,5.7600,5.7600,242100,1397552.0000,3
2025-10-30,20251030135000000,sz.002225,5.7700,5.7700,5.7500,5.7500,172000,990552.0000,3
2025-10-30,20251030135500000,sz.002225,5.7600,5.7600,5.7400,5.7400,83800,482072.0000,3
2025-10-30,20251030140000000,sz.002225,5.7500,5.7700,5.7400,5.7700,218400,1256968.0000,3
2025-10-30,20251030140500000,sz.002225,5.7700,5.7700,5.7500,5.7700,147000,846600.0000,3
2025-10-30,20251030141000000,sz.002225,5.7600,5.7600,5.7500,5.7600,217100,1249928.0000,3
2025-10-30,20251030141500000,sz.002225,5.7500,5.7900,5.7400,5.7600,973400,5616800.0000,3
2025-10-30,20251030142000000,sz.002225,5.7600,5.7700,5.7500,5.7500,197800,1138616.0000,3
2025-10-30,20251030142500000,sz.002225,5.7500,5.7600,5.7500,5.7500,187400,1078792.0000,3
2025-10-30,20251030143000000,sz.002225,5.7500,5.7600,5.7400,5.7500,203900,1173064.0000,3
2025-10-30,20251030143500000,sz.002225,5.7500,5.7600,5.7400,5.7500,199500,1147792.0000,3
2025-10-30,20251030144000000,sz.002225,5.7500,5.7500,5.7400,5.7500,254400,1461752.0000,3
2025-10-30,20251030144500000,sz.002225,5.7400,5.7600,5.7400,5.7500,223500,1284920.0000,3
2025-10-30,20251030145000000,sz.002225,5.7400,5.7600,5.7400,5.7500,255200,1466744.0000,3
2025-10-30,20251030145500000,sz.002225,5.7400,5.7500,5.7300,5.7400,369300,2119920.0000,3
2025-10-30,20251030150000000,sz.002225,5.7300,5.7400,5.7300,5.7300,268900,1541952.0000,3
2025-10-31,20251031093500000,sz.002225,5.7200,5.7500,5.6900,5.7500,920400,5270561.0000,3
2025-10-31,20251031094000000,sz.002225,5.7400,5.7800,5.7400,5.7600,571300,3291240.0000,3
2025-10-31,20251031094500000,sz.002225,5.7500,5.7700,5.7400,5.7500,906700,5215988.0000,3
2025-10-31,20251031095000000,sz.002225,5.7500,5.7700,5.7500,5.7700,698300,4020075.0000,3
2025-10-31,20251031095500000,sz.002225,5.7600,5.7800,5.7500,5.7500,453700,2615804.0000,3
2025-10-31,20251031100000000,sz.002225,5.7600,5.7800,5.7500,5.7700,314100,1811078.0000,3
2025-10-31,20251031100500000,sz.002225,5.7700,5.8000,5.7600,5.8000,656100,3794102.0000,3
2025-10-31,20251031101000000,sz.002225,5.7900,5.8000,5.7800,5.7900,509600,2951054.0000,3
2025-10-31,20251031101500000,sz.002225,5.8000,5.8300,5.8000,5.8200,996900,5790818.0000,3
2025-10-31,20251031102000000,sz.002225,5.8500,5.8600,5.8400,5.8500,1865200,10904672.0000,3
2025-10-31,20251031102500000,sz.002225,5.8400,5.8700,5.8400,5.8500,1213600,7105504.0000,3
2025-10-31,20251031103000000,sz.002225,5.8500,5.8600,5.8400,5.8400,431300,2522228.0000,3
2025-10-31,20251031103500000,sz.002225,5.8500,5.8600,5.8300,5.8400,821900,4805188.0000,3
2025-10-31,20251031104000000,sz.002225,5.8400,5.8500,5.8300,5.8400,291500,1700992.0000,3
2025-10-31,20251031104500000,sz.002225,5.8400,5.8400,5.8300,5.8300,192000,1120020.0000,3
2025-10-31,20251031105000000,sz.002225,5.8300,5.8400,5.8300,5.8300,203100,1184396.0000,3
2025-10-31,20251031105500000,sz.002225,5.8300,5.8400,5.8100,5.8100,275300,1603344.0000,3
2025-10-31,20251031110000000,sz.002225,5.8200,5.8300,5.8100,5.8200,108600,632464.0000,3
2025-10-31,20251031110500000,sz.002225,5.8300,5.8300,5.8000,5.8100,286300,1663808.0000,3
2025-10-31,20251031111000000,sz.002225,5.8100,5.8100,5.8000,5.8000,177300,1028400.0000,3
2025-10-31,20251031111500000,sz.002225,5.8000,5.8100,5.8000,5.8100,91000,528000.0000,3
2025-10-31,20251031112000000,sz.002225,5.8100,5.8100,5.8000,5.8100,203200,1179336.0000,3
2025-10-31,20251031112500000,sz.002225,5.8000,5.8100,5.7900,5.7900,137500,797040.0000,3
2025-10-31,20251031113000000,sz.002225,5.7900,5.8000,5.7900,5.8000,88400,512528.0000,3
2025-10-31,20251031130500000,sz.002225,5.8000,5.8000,5.7800,5.7900,294100,1703040.0000,3
2025-10-31,20251031131000000,sz.002225,5.8000,5.8000,5.7800,5.7900,48000,277648.0000,3
2025-10-31,20251031131500000,sz.002225,5.7900,5.7900,5.7800,5.7900,62800,363432.0000,3
2025-10-31,20251031132000000,sz.002225,5.7900,5.7900,5.7800,5.7900,184600,1067016.0000,3
2025-10-31,20251031132500000,sz.002225,5.7900,5.7900,5.7800,5.7900,154800,895744.0000,3
2025-10-31,20251031133000000,sz.002225,5.7900,5.8000,5.7800,5.8000,85900,497672.0000,3
2025-10-31,20251031133500000,sz.002225,5.8000,5.8000,5.7900,5.7900,156700,908784.0000,3
2025-10-31,20251031134000000,sz.002225,5.8000,5.8000,5.7900,5.8000,115900,672120.0000,3
2025-10-31,20251031134500000,sz.002225,5.8000,5.8000,5.7900,5.7900,223400,1294120.0000,3
2025-10-31,20251031135000000,sz.002225,5.8000,5.8000,5.7800,5.7800,690900,3995624.0000,3
2025-10-31,20251031135500000,sz.002225,5.7700,5.7800,5.7700,5.7700,106400,614280.0000,3
2025-10-31,20251031140000000,sz.002225,5.7700,5.7800,5.7700,5.7800,135600,782488.0000,3
2025-10-31,20251031140500000,sz.002225,5.7700,5.7900,5.7600,5.7900,189400,1094528.0000,3
2025-10-31,20251031141000000,sz.002225,5.7800,5.7900,5.7800,5.7900,82500,477200.0000,3
2025-10-31,20251031141500000,sz.002225,5.7900,5.7900,5.7800,5.7800,95900,554528.0000,3
2025-10-31,20251031142000000,sz.002225,5.7900,5.8000,5.7800,5.8000,141700,820088.0000,3
2025-10-31,20251031142500000,sz.002225,5.7900,5.8000,5.7900,5.7900,330200,1912224.0000,3
2025-10-31,20251031143000000,sz.002225,5.8000,5.8000,5.7900,5.8000,117800,683096.0000,3
2025-10-31,20251031143500000,sz.002225,5.8000,5.8000,5.7800,5.8000,386700,2240208.0000,3
2025-10-31,20251031144000000,sz.002225,5.8000,5.8000,5.7900,5.7900,55300,320368.0000,3
2025-10-31,20251031144500000,sz.002225,5.7900,5.8000,5.7900,5.7900,403000,2336056.0000,3
2025-10-31,20251031145000000,sz.002225,5.7900,5.8000,5.7900,5.8000,379400,2198032.0000,3
2025-10-31,20251031145500000,sz.002225,5.7900,5.7900,5.7700,5.7700,559400,3234384.0000,3
2025-10-31,20251031150000000,sz.002225,5.7800,5.7900,5.7700,5.7900,353300,2042784.0000,3
2025-11-03,20251103093500000,sz.002225,5.7700,5.8500,5.7500,5.8300,1431700,8286549.0000,3
2025-11-03,20251103094000000,sz.002225,5.8300,5.8800,5.8200,5.8400,3256000,19087931.0000,3
2025-11-03,20251103094500000,sz.002225,5.8500,5.8700,5.8500,5.8600,838900,4919254.0000,3
2025-11-03,20251103095000000,sz.002225,5.8600,5.8700,5.8500,5.8700,1026300,6016862.0000,3
2025-11-03,20251103095500000,sz.002225,5.8700,5.8900,5.8500,5.8700,2228400,13083116.0000,3
2025-11-03,20251103100000000,sz.002225,5.8700,5.8800,5.8600,5.8700,780400,4581488.0000,3
2025-11-03,20251103100500000,sz.002225,5.8600,5.8700,5.8600,5.8600,652000,3824432.0000,3
2025-11-03,20251103101000000,sz.002225,5.8700,5.8800,5.8500,5.8700,508200,2983752.0000,3
2025-11-03,20251103101500000,sz.002225,5.8800,5.8900,5.8700,5.8900,783700,4604312.0000,3
2025-11-03,20251103102000000,sz.002225,5.8800,5.8900,5.8800,5.8900,611200,3597912.0000,3
2025-11-03,20251103102500000,sz.002225,5.8900,5.8900,5.8300,5.8400,783000,4589448.0000,3
2025-11-03,20251103103000000,sz.002225,5.8300,5.8400,5.8000,5.8200,888700,5168008.0000,3
2025-11-03,20251103103500000,sz.002225,5.8200,5.8400,5.8000,5.8300,553100,3215864.0000,3
2025-11-03,20251103104000000,sz.002225,5.8400,5.8500,5.8300,5.8500,242600,1417088.0000,3
2025-11-03,20251103104500000,sz.002225,5.8500,5.8800,5.8500,5.8700,461200,2705680.0000,3
2025-11-03,20251103105000000,sz.002225,5.8600,5.8800,5.8600,5.8800,563100,3307880.0000,3
2025-11-03,20251103105500000,sz.002225,5.8800,5.8800,5.8700,5.8700,297500,1748104.0000,3
2025-11-03,20251103110000000,sz.002225,5.8800,5.8800,5.8600,5.8600,180300,1057392.0000,3
2025-11-03,20251103110500000,sz.002225,5.8600,5.8700,5.8500,5.8600,105700,619352.0000,3
2025-11-03,20251103111000000,sz.002225,5.8500,5.8600,5.8400,5.8400,193300,1130504.0000,3
2025-11-03,20251103111500000,sz.002225,5.8400,5.8500,5.8300,5.8300,217400,1269544.0000,3
2025-11-03,20251103112000000,sz.002225,5.8300,5.8400,5.8200,5.8200,510500,2974840.0000,3
2025-11-03,20251103112500000,sz.002225,5.8200,5.8500,5.8200,5.8400,283800,1656128.0000,3
2025-11-03,20251103113000000,sz.002225,5.8400,5.8500,5.8400,5.8400,165900,969728.0000,3
2025-11-03,20251103130500000,sz.002225,5.8500,5.8500,5.8200,5.8300,320400,1870224.0000,3
2025-11-03,20251103131000000,sz.002225,5.8300,5.8500,5.8200,5.8300,141300,824240.0000,3
2025-11-03,20251103131500000,sz.002225,5.8500,5.8600,5.8400,5.8500,296700,1734528.0000,3
2025-11-03,20251103132000000,sz.002225,5.8500,5.8600,5.8500,5.8500,108100,632688.0000,3
2025-11-03,20251103132500000,sz.002225,5.8500,5.8800,5.8500,5.8600,675000,3960560.0000,3
2025-11-03,20251103133000000,sz.002225,5.8600,5.8700,5.8500,5.8600,166600,976768.0000,3
2025-11-03,20251103133500000,sz.002225,5.8600,5.8700,5.8600,5.8600,54300,318320.0000,3
2025-11-03,20251103134000000,sz.002225,5.8600,5.8700,5.8600,5.8600,44000,258200.0000,3
2025-11-03,20251103134500000,sz.002225,5.8600,5.8800,5.8600,5.8600,382700,2245552.0000,3
2025-11-03,20251103135000000,sz.002225,5.8700,5.8900,5.8600,5.8800,887500,5218472.0000,3
2025-11-03,20251103135500000,sz.002225,5.8800,5.9100,5.8800,5.9100,1598700,9422544.0000,3
2025-11-03,20251103140000000,sz.002225,5.9200,5.9300,5.9100,5.9100,1613400,9551792.0000,3
2025-11-03,20251103140500000,sz.002225,5.9200,5.9600,5.9100,5.9600,1791000,10637200.0000,3
2025-11-03,20251103141000000,sz.002225,5.9700,6.0000,5.9600,5.9800,2489500,14879664.0000,3
2025-11-03,20251103141500000,sz.002225,5.9800,6.0000,5.9800,6.0000,1232200,7382224.0000,3
2025-11-03,20251103142000000,sz.002225,6.0000,6.0000,5.9800,5.9900,897500,5377632.0000,3
2025-11-03,20251103142500000,sz.002225,5.9900,6.0000,5.9800,5.9800,627400,3758192.0000,3
2025-11-03,20251103143000000,sz.002225,5.9800,6.0000,5.9800,5.9900,912800,5463600.0000,3
2025-11-03,20251103143500000,sz.002225,6.0000,6.0500,5.9900,6.0300,2971700,17881888.0000,3
2025-11-03,20251103144000000,sz.002225,6.0300,6.0400,6.0100,6.0100,1019700,6149280.0000,3
2025-11-03,20251103144500000,sz.002225,6.0100,6.0200,5.9900,6.0000,647900,3891216.0000,3
2025-11-03,20251103145000000,sz.002225,6.0100,6.0200,6.0000,6.0100,793300,4767440.0000,3
2025-11-03,20251103145500000,sz.002225,6.0100,6.0100,5.9900,6.0100,881900,5293280.0000,3
2025-11-03,20251103150000000,sz.002225,6.0000,6.0100,5.9900,6.0000,684000,4104464.0000,3
2025-11-04,20251104093500000,sz.002225,5.9700,5.9900,5.9300,5.9600,1659300,9888275.0000,3
2025-11-04,20251104094000000,sz.002225,5.9700,6.0300,5.9600,6.0100,1304300,7837513.0000,3
2025-11-04,20251104094500000,sz.002225,6.0100,6.0100,5.9700,5.9700,725100,4339424.0000,3
2025-11-04,20251104095000000,sz.002225,5.9700,6.0100,5.9700,5.9800,663800,3974588.0000,3
2025-11-04,20251104095500000,sz.002225,5.9800,5.9900,5.9600,5.9700,572500,3420932.0000,3
2025-11-04,20251104100000000,sz.002225,5.9800,5.9800,5.9600,5.9700,550500,3285016.0000,3
2025-11-04,20251104100500000,sz.002225,5.9700,5.9800,5.9600,5.9800,659300,3935668.0000,3
2025-11-04,20251104101000000,sz.002225,6.0000,6.0000,5.9800,5.9900,375200,2247160.0000,3
2025-11-04,20251104101500000,sz.002225,5.9900,6.0000,5.9800,5.9900,444900,2663312.0000,3
2025-11-04,20251104102000000,sz.002225,5.9900,5.9900,5.9800,5.9800,292500,1751192.0000,3
2025-11-04,20251104102500000,sz.002225,5.9800,5.9900,5.9700,5.9900,279000,1669288.0000,3
2025-11-04,20251104103000000,sz.002225,5.9900,5.9900,5.9500,5.9500,793000,4733064.0000,3
2025-11-04,20251104103500000,sz.002225,5.9500,5.9500,5.9400,5.9500,699700,4161648.0000,3
2025-11-04,20251104104000000,sz.002225,5.9500,5.9500,5.9200,5.9200,610400,3621212.0000,3
2025-11-04,20251104104500000,sz.002225,5.9300,5.9300,5.9200,5.9200,270900,1603988.0000,3
2025-11-04,20251104105000000,sz.002225,5.9200,5.9300,5.9200,5.9200,205500,1216744.0000,3
2025-11-04,20251104105500000,sz.002225,5.9300,5.9300,5.9100,5.9200,378400,2238932.0000,3
2025-11-04,20251104110000000,sz.002225,5.9100,5.9200,5.9000,5.9100,485600,2871884.0000,3
2025-11-04,20251104110500000,sz.002225,5.9100,5.9200,5.9100,5.9100,87200,515636.0000,3
2025-11-04,20251104111000000,sz.002225,5.9200,5.9200,5.9000,5.9000,325100,1921540.0000,3
2025-11-04,20251104111500000,sz.002225,5.9000,5.9200,5.9000,5.9100,262000,1548128.0000,3
2025-11-04,20251104112000000,sz.002225,5.9200,5.9200,5.9100,5.9200,75800,448696.0000,3
2025-11-04,20251104112500000,sz.002225,5.9200,5.9200,5.8900,5.9000,1082400,6389288.0000,3
2025-11-04,20251104113000000,sz.002225,5.8900,5.9000,5.8800,5.8800,386900,2278328.0000,3
2025-11-04,20251104130500000,sz.002225,5.8900,5.8900,5.8700,5.8900,600400,3530512.0000,3
2025-11-04,20251104131000000,sz.002225,5.8900,5.8900,5.8700,5.8800,551800,3243056.0000,3
2025-11-04,20251104131500000,sz.002225,5.8800,5.9000,5.8800,5.9000,101900,599904.0000,3
2025-11-04,20251104132000000,sz.002225,5.9000,5.9000,5.8900,5.8900,164600,970192.0000,3
2025-11-04,20251104132500000,sz.002225,5.9000,5.9100,5.8900,5.9000,162900,961008.0000,3
2025-11-04,20251104133000000,sz.002225,5.9000,5.9100,5.8900,5.9000,113300,668448.0000,3
2025-11-04,20251104133500000,sz.002225,5.9000,5.9000,5.8900,5.9000,42200,248800.0000,3
2025-11-04,20251104134000000,sz.002225,5.9000,5.9000,5.8800,5.8800,380800,2242384.0000,3
2025-11-04,20251104134500000,sz.002225,5.8800,5.8900,5.8700,5.8800,268400,1578464.0000,3
2025-11-04,20251104135000000,sz.002225,5.8900,5.8900,5.8700,5.8700,117900,693184.0000,3
2025-11-04,20251104135500000,sz.002225,5.8800,5.8800,5.8700,5.8800,432300,2537592.0000,3
2025-11-04,20251104140000000,sz.002225,5.8800,5.8800,5.8600,5.8700,532500,3125952.0000,3
2025-11-04,20251104140500000,sz.002225,5.8700,5.8700,5.8600,5.8700,482500,2827680.0000,3
2025-11-04,20251104141000000,sz.002225,5.8600,5.8700,5.8600,5.8700,87100,511048.0000,3
2025-11-04,20251104141500000,sz.002225,5.8700,5.8700,5.8500,5.8500,293500,1719896.0000,3
2025-11-04,20251104142000000,sz.002225,5.8600,5.8600,5.8500,5.8600,154500,905040.0000,3
2025-11-04,20251104142500000,sz.002225,5.8600,5.8600,5.8400,5.8500,669200,3914672.0000,3
2025-11-04,20251104143000000,sz.002225,5.8500,5.8500,5.8300,5.8400,625800,3655504.0000,3
2025-11-04,20251104143500000,sz.002225,5.8400,5.8500,5.8300,5.8500,289600,1691968.0000,3
2025-11-04,20251104144000000,sz.002225,5.8400,5.8600,5.8400,5.8500,467700,2735552.0000,3
2025-11-04,20251104144500000,sz.002225,5.8500,5.8900,5.8400,5.8700,453900,2663776.0000,3
2025-11-04,20251104145000000,sz.002225,5.8700,5.8800,5.8700,5.8700,505600,2971520.0000,3
2025-11-04,20251104145500000,sz.002225,5.8700,5.8900,5.8600,5.8900,473500,2782312.0000,3
2025-11-04,20251104150000000,sz.002225,5.8800,5.8800,5.8400,5.8500,1343800,7868824.0000,3
2025-11-05,20251105093500000,sz.002225,5.8200,5.8500,5.7700,5.8500,3028400,17576412.0000,3
2025-11-05,20251105094000000,sz.002225,5.8400,5.8600,5.8300,5.8400,517200,3022996.0000,3
2025-11-05,20251105094500000,sz.002225,5.8300,5.8500,5.8300,5.8500,636900,3722008.0000,3
2025-11-05,20251105095000000,sz.002225,5.8500,5.8800,5.8500,5.8700,738400,4327652.0000,3
2025-11-05,20251105095500000,sz.002225,5.8700,5.8700,5.8500,5.8500,638900,3739826.0000,3
2025-11-05,20251105100000000,sz.002225,5.8600,5.8700,5.8500,5.8700,210600,1235182.0000,3
2025-11-05,20251105100500000,sz.002225,5.8600,5.8700,5.8300,5.8300,431200,2521464.0000,3
2025-11-05,20251105101000000,sz.002225,5.8300,5.8500,5.8300,5.8400,197500,1153108.0000,3
2025-11-05,20251105101500000,sz.002225,5.8300,5.8400,5.8300,5.8400,158200,923664.0000,3
2025-11-05,20251105102000000,sz.002225,5.8400,5.8500,5.8300,5.8300,207400,1211108.0000,3
2025-11-05,20251105102500000,sz.002225,5.8300,5.8400,5.8200,5.8200,387000,2255744.0000,3
2025-11-05,20251105103000000,sz.002225,5.8200,5.8300,5.8100,5.8100,257700,1499500.0000,3
2025-11-05,20251105103500000,sz.002225,5.8100,5.8200,5.8100,5.8200,174300,1013476.0000,3
2025-11-05,20251105104000000,sz.002225,5.8200,5.8400,5.8100,5.8400,129400,753492.0000,3
2025-11-05,20251105104500000,sz.002225,5.8300,5.8400,5.8200,5.8200,136500,795152.0000,3
2025-11-05,20251105105000000,sz.002225,5.8200,5.8300,5.8100,5.8100,127100,739216.0000,3
2025-11-05,20251105105500000,sz.002225,5.8200,5.8200,5.8000,5.8100,356600,2070152.0000,3
2025-11-05,20251105110000000,sz.002225,5.8100,5.8100,5.7900,5.8000,387700,2248876.0000,3
2025-11-05,20251105110500000,sz.002225,5.8000,5.8200,5.7900,5.8100,167400,971936.0000,3
2025-11-05,20251105111000000,sz.002225,5.8100,5.8200,5.8100,5.8200,38700,225036.0000,3
2025-11-05,20251105111500000,sz.002225,5.8200,5.8300,5.8100,5.8200,137400,799424.0000,3
2025-11-05,20251105112000000,sz.002225,5.8300,5.8300,5.8200,5.8300,154200,898720.0000,3
2025-11-05,20251105112500000,sz.002225,5.8300,5.8400,5.8300,5.8400,58200,339688.0000,3
2025-11-05,20251105113000000,sz.002225,5.8300,5.8500,5.8300,5.8400,141200,824796.0000,3
2025-11-05,20251105130500000,sz.002225,5.8500,5.8500,5.8300,5.8400,317000,1851636.0000,3
2025-11-05,20251105131000000,sz.002225,5.8400,5.8500,5.8300,5.8400,362700,2117432.0000,3
2025-11-05,20251105131500000,sz.002225,5.8400,5.8400,5.8200,5.8300,389200,2269080.0000,3
2025-11-05,20251105132000000,sz.002225,5.8300,5.8400,5.8200,5.8200,494400,2881396.0000,3
2025-11-05,20251105132500000,sz.002225,5.8200,5.8400,5.8200,5.8300,264700,1542808.0000,3
2025-11-05,20251105133000000,sz.002225,5.8300,5.8400,5.8200,5.8300,579800,3379812.0000,3
2025-11-05,20251105133500000,sz.002225,5.8200,5.8500,5.8200,5.8500,452500,2638872.0000,3
2025-11-05,20251105134000000,sz.002225,5.8400,5.8600,5.8400,5.8400,528000,3089032.0000,3
2025-11-05,20251105134500000,sz.002225,5.8400,5.8700,5.8400,5.8700,379200,2222376.0000,3
2025-11-05,20251105135000000,sz.002225,5.8600,5.8700,5.8500,5.8500,400600,2346800.0000,3
2025-11-05,20251105135500000,sz.002225,5.8500,5.8600,5.8500,5.8600,165200,967632.0000,3
2025-11-05,20251105140000000,sz.002225,5.8500,5.8600,5.8500,5.8500,62400,365392.0000,3
2025-11-05,20251105140500000,sz.002225,5.8500,5.8600,5.8500,5.8600,188600,1105176.0000,3
2025-11-05,20251105141000000,sz.002225,5.8600,5.8600,5.8500,5.8600,129600,759352.0000,3
2025-11-05,20251105141500000,sz.002225,5.8600,5.8700,5.8500,5.8600,167900,983624.0000,3
2025-11-05,20251105142000000,sz.002225,5.8600,5.8700,5.8500,5.8600,109900,644128.0000,3
2025-11-05,20251105142500000,sz.002225,5.8600,5.8700,5.8600,5.8600,102200,599032.0000,3
2025-11-05,20251105143000000,sz.002225,5.8700,5.8700,5.8600,5.8600,43400,254448.0000,3
2025-11-05,20251105143500000,sz.002225,5.8600,5.8700,5.8500,5.8500,389800,2284032.0000,3
2025-11-05,20251105144000000,sz.002225,5.8500,5.8600,5.8500,5.8600,74100,434016.0000,3
2025-11-05,20251105144500000,sz.002225,5.8600,5.8600,5.8500,5.8500,333400,1950848.0000,3
2025-11-05,20251105145000000,sz.002225,5.8600,5.8600,5.8500,5.8500,169800,993816.0000,3
2025-11-05,20251105145500000,sz.002225,5.8400,5.8500,5.8300,5.8300,577700,3374976.0000,3
2025-11-05,20251105150000000,sz.002225,5.8300,5.8500,5.8300,5.8400,316900,1850224.0000,3
2025-11-06,20251106093500000,sz.002225,5.8300,5.8400,5.7800,5.7900,1832900,10637462.0000,3
2025-11-06,20251106094000000,sz.002225,5.7900,5.8000,5.7700,5.7700,1705500,9861406.0000,3
2025-11-06,20251106094500000,sz.002225,5.7600,5.8000,5.7500,5.7800,1482300,8554500.0000,3
2025-11-06,20251106095000000,sz.002225,5.7700,5.7700,5.7500,5.7500,1018400,5865548.0000,3
2025-11-06,20251106095500000,sz.002225,5.7500,5.7700,5.7500,5.7600,525600,3026736.0000,3
2025-11-06,20251106100000000,sz.002225,5.7600,5.7700,5.7500,5.7500,632200,3640124.0000,3
2025-11-06,20251106100500000,sz.002225,5.7500,5.7600,5.7200,5.7300,1765200,10135924.0000,3
2025-11-06,20251106101000000,sz.002225,5.7300,5.7400,5.7200,5.7400,836100,4787572.0000,3
2025-11-06,20251106101500000,sz.002225,5.7300,5.7400,5.7200,5.7300,389600,2232092.0000,3
2025-11-06,20251106102000000,sz.002225,5.7200,5.7600,5.7200,5.7500,385300,2210904.0000,3
2025-11-06,20251106102500000,sz.002225,5.7500,5.7600,5.7500,5.7500,87700,504416.0000,3
2025-11-06,20251106103000000,sz.002225,5.7500,5.7600,5.7400,5.7600,140100,805872.0000,3
2025-11-06,20251106103500000,sz.002225,5.7600,5.7700,5.7500,5.7700,172900,996392.0000,3
2025-11-06,20251106104000000,sz.002225,5.7700,5.7800,5.7600,5.7700,208800,1204788.0000,3
2025-11-06,20251106104500000,sz.002225,5.7700,5.7700,5.7600,5.7600,236500,1363380.0000,3
2025-11-06,20251106105000000,sz.002225,5.7700,5.7700,5.7600,5.7700,52700,303860.0000,3
2025-11-06,20251106105500000,sz.002225,5.7700,5.7800,5.7600,5.7700,207400,1196592.0000,3
2025-11-06,20251106110000000,sz.002225,5.7700,5.7800,5.7600,5.7800,220400,1270784.0000,3
2025-11-06,20251106110500000,sz.002225,5.7700,5.7800,5.7600,5.7800,149900,864624.0000,3
2025-11-06,20251106111000000,sz.002225,5.7700,5.7800,5.7600,5.7800,207800,1198928.0000,3
2025-11-06,20251106111500000,sz.002225,5.7700,5.7900,5.7600,5.7800,304400,1757824.0000,3
2025-11-06,20251106112000000,sz.002225,5.7800,5.7800,5.7700,5.7700,101300,584896.0000,3
2025-11-06,20251106112500000,sz.002225,5.7700,5.7800,5.7600,5.7700,304500,1756424.0000,3
2025-11-06,20251106113000000,sz.002225,5.7800,5.8000,5.7700,5.7800,628900,3636736.0000,3
2025-11-06,20251106130500000,sz.002225,5.7800,5.7800,5.7600,5.7700,399000,2303752.0000,3
2025-11-06,20251106131000000,sz.002225,5.7700,5.7800,5.7600,5.7700,211300,1218984.0000,3
2025-11-06,20251106131500000,sz.002225,5.7800,5.7800,5.7500,5.7700,490400,2824816.0000,3
2025-11-06,20251106132000000,sz.002225,5.7600,5.7700,5.7500,5.7600,273500,1574288.0000,3
2025-11-06,20251106132500000,sz.002225,5.7500,5.7600,5.7500,5.7600,190100,1094272.0000,3
2025-11-06,20251106133000000,sz.002225,5.7500,5.7600,5.7300,5.7500,660700,3795968.0000,3
2025-11-06,20251106133500000,sz.002225,5.7500,5.7700,5.7500,5.7700,198500,1142992.0000,3
2025-11-06,20251106134000000,sz.002225,5.7600,5.7700,5.7600,5.7700,185400,1069320.0000,3
2025-11-06,20251106134500000,sz.002225,5.7700,5.7700,5.7600,5.7600,113800,656432.0000,3
2025-11-06,20251106135000000,sz.002225,5.7700,5.7700,5.7600,5.7700,253000,1457920.0000,3
2025-11-06,20251106135500000,sz.002225,5.7700,5.7800,5.7600,5.7800,93900,541768.0000,3
2025-11-06,20251106140000000,sz.002225,5.7700,5.7800,5.7600,5.7600,124900,720424.0000,3
2025-11-06,20251106140500000,sz.002225,5.7700,5.7800,5.7600,5.7700,191900,1106920.0000,3
2025-11-06,20251106141000000,sz.002225,5.7700,5.7700,5.7600,5.7600,52600,303240.0000,3
2025-11-06,20251106141500000,sz.002225,5.7600,5.7800,5.7600,5.7700,299400,1726928.0000,3
2025-11-06,20251106142000000,sz.002225,5.7700,5.7700,5.7500,5.7600,504400,2907040.0000,3
2025-11-06,20251106142500000,sz.002225,5.7600,5.7700,5.7500,5.7600,482200,2774120.0000,3
2025-11-06,20251106143000000,sz.002225,5.7600,5.7700,5.7500,5.7600,155600,895968.0000,3
2025-11-06,20251106143500000,sz.002225,5.7600,5.7700,5.7500,5.7500,311200,1789888.0000,3
2025-11-06,20251106144000000,sz.002225,5.7500,5.7600,5.7400,5.7500,255300,1467432.0000,3
2025-11-06,20251106144500000,sz.002225,5.7500,5.7600,5.7400,5.7500,328000,1885000.0000,3
2025-11-06,20251106145000000,sz.002225,5.7500,5.7500,5.7400,5.7500,201000,1154568.0000,3
2025-11-06,20251106145500000,sz.002225,5.7500,5.7500,5.7400,5.7500,535100,3074432.0000,3
2025-11-06,20251106150000000,sz.002225,5.7400,5.7500,5.7400,5.7500,299200,1719584.0000,3
2025-11-07,20251107093500000,sz.002225,5.7300,5.7800,5.7200,5.7700,1566600,9013336.0000,3
2025-11-07,20251107094000000,sz.002225,5.7700,5.7700,5.7500,5.7600,341000,1964557.0000,3
2025-11-07,20251107094500000,sz.002225,5.7700,5.7800,5.7500,5.7700,236700,1365196.0000,3
2025-11-07,20251107095000000,sz.002225,5.7600,5.7700,5.7600,5.7700,444400,2562404.0000,3
2025-11-07,20251107095500000,sz.002225,5.7700,5.8100,5.7500,5.8100,751700,4345139.0000,3
2025-11-07,20251107100000000,sz.002225,5.8000,5.8100,5.7900,5.8000,576600,3344780.0000,3
2025-11-07,20251107100500000,sz.002225,5.7900,5.8100,5.7900,5.8100,387900,2250694.0000,3
2025-11-07,20251107101000000,sz.002225,5.8100,5.8200,5.8000,5.8100,402900,2342254.0000,3
2025-11-07,20251107101500000,sz.002225,5.8000,5.8000,5.7900,5.7900,223200,1293644.0000,3
2025-11-07,20251107102000000,sz.002225,5.7900,5.8000,5.7800,5.8000,98000,567424.0000,3
2025-11-07,20251107102500000,sz.002225,5.8000,5.8000,5.7800,5.8000,146300,847192.0000,3
2025-11-07,20251107103000000,sz.002225,5.8000,5.8100,5.7900,5.7900,214300,1243084.0000,3
2025-11-07,20251107103500000,sz.002225,5.8000,5.8100,5.7900,5.8000,215300,1247960.0000,3
2025-11-07,20251107104000000,sz.002225,5.8100,5.8100,5.7900,5.8000,46300,268528.0000,3
2025-11-07,20251107104500000,sz.002225,5.7900,5.8000,5.7900,5.8000,43700,253200.0000,3
2025-11-07,20251107105000000,sz.002225,5.8000,5.8000,5.7900,5.7900,74300,430442.0000,3
2025-11-07,20251107105500000,sz.002225,5.7900,5.8000,5.7800,5.7800,119000,688686.0000,3
2025-11-07,20251107110000000,sz.002225,5.7900,5.8000,5.7800,5.8000,143000,827968.0000,3
2025-11-07,20251107110500000,sz.002225,5.7900,5.8100,5.7900,5.8100,322200,1869452.0000,3
2025-11-07,20251107111000000,sz.002225,5.8100,5.8200,5.8000,5.8100,254800,1480460.0000,3
2025-11-07,20251107111500000,sz.002225,5.8100,5.8200,5.8000,5.8100,88900,516276.0000,3
2025-11-07,20251107112000000,sz.002225,5.8000,5.8100,5.7900,5.7900,94900,550496.0000,3
2025-11-07,20251107112500000,sz.002225,5.7900,5.8000,5.7900,5.8000,84400,488812.0000,3
2025-11-07,20251107113000000,sz.002225,5.7900,5.8000,5.7800,5.7800,218900,1266576.0000,3
2025-11-07,20251107130500000,sz.002225,5.7800,5.7900,5.7700,5.7700,250600,1448404.0000,3
2025-11-07,20251107131000000,sz.002225,5.7700,5.7800,5.7700,5.7700,590900,3410608.0000,3
2025-11-07,20251107131500000,sz.002225,5.7800,5.7800,5.7700,5.7700,106300,613764.0000,3
2025-11-07,20251107132000000,sz.002225,5.7700,5.7800,5.7600,5.7800,111000,640368.0000,3
2025-11-07,20251107132500000,sz.002225,5.7700,5.7800,5.7700,5.7700,121800,703008.0000,3
2025-11-07,20251107133000000,sz.002225,5.7700,5.7800,5.7700,5.7700,38100,219980.0000,3
2025-11-07,20251107133500000,sz.002225,5.7700,5.7800,5.7700,5.7800,69000,398304.0000,3
2025-11-07,20251107134000000,sz.002225,5.7800,5.7900,5.7700,5.7700,345200,1993428.0000,3
2025-11-07,20251107134500000,sz.002225,5.7700,5.7800,5.7700,5.7700,167800,968880.0000,3
2025-11-07,20251107135000000,sz.002225,5.7700,5.7800,5.7600,5.7700,98600,568836.0000,3
2025-11-07,20251107135500000,sz.002225,5.7700,5.7800,5.7600,5.7700,148000,853508.0000,3
2025-11-07,20251107140000000,sz.002225,5.7700,5.7700,5.7600,5.7600,50300,290080.0000,3
2025-11-07,20251107140500000,sz.002225,5.7700,5.7800,5.7600,5.7700,137600,793788.0000,3
2025-11-07,20251107141000000,sz.002225,5.7700,5.7800,5.7600,5.7700,288000,1661900.0000,3
2025-11-07,20251107141500000,sz.002225,5.7600,5.7800,5.7600,5.7700,277800,1602780.0000,3
2025-11-07,20251107142000000,sz.002225,5.7800,5.7800,5.7700,5.7700,206700,1192692.0000,3
2025-11-07,20251107142500000,sz.002225,5.7700,5.7900,5.7700,5.7800,186700,1078856.0000,3
2025-11-07,20251107143000000,sz.002225,5.7800,5.7900,5.7700,5.7900,69800,403516.0000,3
2025-11-07,20251107143500000,sz.002225,5.7900,5.7900,5.7700,5.7700,107800,623236.0000,3
2025-11-07,20251107144000000,sz.002225,5.7700,5.7800,5.7600,5.7700,233800,1348836.0000,3
2025-11-07,20251107144500000,sz.002225,5.7700,5.7700,5.7600,5.7600,97700,563524.0000,3
2025-11-07,20251107145000000,sz.002225,5.7700,5.7700,5.7600,5.7600,113100,651752.0000,3
2025-11-07,20251107145500000,sz.002225,5.7600,5.7700,5.7600,5.7600,372500,2146180.0000,3
2025-11-07,20251107150000000,sz.002225,5.7600,5.7700,5.7600,5.7600,192400,1108492.0000,3
2025-11-10,20251110093500000,sz.002225,5.7800,5.9600,5.7800,5.9200,4409700,26015412.0000,3
2025-11-10,20251110094000000,sz.002225,5.9200,5.9700,5.9100,5.9600,2186200,12984072.0000,3
2025-11-10,20251110094500000,sz.002225,5.9700,6.0300,5.9500,6.0100,5449300,32659412.0000,3
2025-11-10,20251110095000000,sz.002225,6.0200,6.0400,5.9800,6.0300,2918600,17548800.0000,3
2025-11-10,20251110095500000,sz.002225,6.0300,6.0500,6.0100,6.0300,2473900,14913696.0000,3
2025-11-10,20251110100000000,sz.002225,6.0300,6.0500,6.0300,6.0400,1746100,10547136.0000,3
2025-11-10,20251110100500000,sz.002225,6.0400,6.0400,5.9800,5.9900,1775000,10638096.0000,3
2025-11-10,20251110101000000,sz.002225,5.9900,5.9900,5.9500,5.9700,886600,5290056.0000,3
2025-11-10,20251110101500000,sz.002225,5.9700,5.9800,5.9500,5.9600,775400,4624280.0000,3
2025-11-10,20251110102000000,sz.002225,5.9600,5.9900,5.9600,5.9900,498200,2977424.0000,3
2025-11-10,20251110102500000,sz.002225,5.9800,6.0100,5.9800,6.0100,841000,5041712.0000,3
2025-11-10,20251110103000000,sz.002225,6.0100,6.0300,5.9800,6.0200,1137700,6830336.0000,3
2025-11-10,20251110103500000,sz.002225,6.0400,6.1600,6.0300,6.1400,10058300,61332128.0000,3
2025-11-10,20251110104000000,sz.002225,6.1400,6.1400,6.1000,6.1100,2333300,14273632.0000,3
2025-11-10,20251110104500000,sz.002225,6.1300,6.2200,6.1100,6.2000,6676900,41211968.0000,3
2025-11-10,20251110105000000,sz.002225,6.2100,6.2200,6.1800,6.2100,2578800,15983328.0000,3
2025-11-10,20251110105500000,sz.002225,6.2000,6.3400,6.2000,6.3400,12385400,78202784.0000,3
2025-11-10,20251110110000000,sz.002225,6.3400,6.3400,6.3400,6.3400,3141000,19913952.0000,3
2025-11-10,20251110110500000,sz.002225,6.3400,6.3400,6.3400,6.3400,1255300,7958592.0000,3
2025-11-10,20251110111000000,sz.002225,6.3400,6.3400,6.3400,6.3400,766800,4861504.0000,3
2025-11-10,20251110111500000,sz.002225,6.3400,6.3400,6.3400,6.3400,755100,4787328.0000,3
2025-11-10,20251110112000000,sz.002225,6.3400,6.3400,6.3400,6.3400,249400,1581216.0000,3
2025-11-10,20251110112500000,sz.002225,6.3400,6.3400,6.3400,6.3400,631300,4002432.0000,3
2025-11-10,20251110113000000,sz.002225,6.3400,6.3400,6.3400,6.3400,483400,3064768.0000,3
2025-11-10,20251110130500000,sz.002225,6.3400,6.3400,6.3400,6.3400,835500,5297056.0000,3
2025-11-10,20251110131000000,sz.002225,6.3400,6.3400,6.3400,6.3400,118900,753824.0000,3
2025-11-10,20251110131500000,sz.002225,6.3400,6.3400,6.3400,6.3400,155800,987776.0000,3
2025-11-10,20251110132000000,sz.002225,6.3400,6.3400,6.3400,6.3400,99200,628928.0000,3
2025-11-10,20251110132500000,sz.002225,6.3400,6.3400,6.3400,6.3400,98300,623232.0000,3
2025-11-10,20251110133000000,sz.002225,6.3400,6.3400,6.3400,6.3400,81300,515424.0000,3
2025-11-10,20251110133500000,sz.002225,6.3400,6.3400,6.3400,6.3400,45500,288480.0000,3
2025-11-10,20251110134000000,sz.002225,6.3400,6.3400,6.3400,6.3400,206600,1309856.0000,3
2025-11-10,20251110134500000,sz.002225,6.3400,6.3400,6.3400,6.3400,139300,883136.0000,3
2025-11-10,20251110135000000,sz.002225,6.3400,6.3400,6.3400,6.3400,49800,315744.0000,3
2025-11-10,20251110135500000,sz.002225,6.3400,6.3400,6.3400,6.3400,40100,254240.0000,3
2025-11-10,20251110140000000,sz.002225,6.3400,6.3400,6.3400,6.3400,22700,143904.0000,3
2025-11-10,20251110140500000,sz.002225,6.3400,6.3400,6.3400,6.3400,42700,270976.0000,3
2025-11-10,20251110141000000,sz.002225,6.3400,6.3400,6.3400,6.3400,45000,285280.0000,3
2025-11-10,20251110141500000,sz.002225,6.3400,6.3400,6.3400,6.3400,38500,244096.0000,3
2025-11-10,20251110142000000,sz.002225,6.3400,6.3400,6.3400,6.3400,41200,261216.0000,3
2025-11-10,20251110142500000,sz.002225,6.3400,6.3400,6.3400,6.3400,41000,259936.0000,3
2025-11-10,20251110143000000,sz.002225,6.3400,6.3400,6.3400,6.3400,64900,411456.0000,3
2025-11-10,20251110143500000,sz.002225,6.3400,6.3400,6.3400,6.3400,49700,315104.0000,3
2025-11-10,20251110144000000,sz.002225,6.3400,6.3400,6.3400,6.3400,33700,213664.0000,3
2025-11-10,20251110144500000,sz.002225,6.3400,6.3400,6.3400,6.3400,129300,819776.0000,3
2025-11-10,20251110145000000,sz.002225,6.3400,6.3400,6.3400,6.3400,115600,732896.0000,3
2025-11-10,20251110145500000,sz.002225,6.3400,6.3400,6.3400,6.3400,142600,904064.0000,3
2025-11-10,20251110150000000,sz.002225,6.3400,6.3400,6.3400,6.3400,406500,2577216.0000,3
2025-11-11,20251111093500000,sz.002225,6.3000,6.3200,6.1900,6.2000,16123400,100566112.0000,3
2025-11-11,20251111094000000,sz.002225,6.2100,6.2100,6.1700,6.1800,3534400,21874920.0000,3
2025-11-11,20251111094500000,sz.002225,6.1800,6.2100,6.1700,6.2000,3445800,21327640.0000,3
2025-11-11,20251111095000000,sz.002225,6.1900,6.2100,6.1700,6.1700,3419600,21118816.0000,3
2025-11-11,20251111095500000,sz.002225,6.1700,6.2200,6.1700,6.2000,4012300,24863536.0000,3
2025-11-11,20251111100000000,sz.002225,6.1900,6.2200,6.1900,6.2200,1576500,9786672.0000,3
2025-11-11,20251111100500000,sz.002225,6.2200,6.2400,6.2100,6.2100,2089100,13003200.0000,3
2025-11-11,20251111101000000,sz.002225,6.2100,6.2200,6.2000,6.2100,1138000,7063392.0000,3
2025-11-11,20251111101500000,sz.002225,6.2200,6.2300,6.2100,6.2200,1249000,7765536.0000,3
2025-11-11,20251111102000000,sz.002225,6.2200,6.2400,6.2000,6.2000,949000,5902528.0000,3
2025-11-11,20251111102500000,sz.002225,6.2000,6.2300,6.2000,6.2200,1193900,7420224.0000,3
2025-11-11,20251111103000000,sz.002225,6.2200,6.2200,6.2100,6.2100,1115000,6925424.0000,3
2025-11-11,20251111103500000,sz.002225,6.2100,6.2500,6.2100,6.2300,952300,5936208.0000,3
2025-11-11,20251111104000000,sz.002225,6.2300,6.2500,6.2200,6.2500,851300,5304640.0000,3
2025-11-11,20251111104500000,sz.002225,6.2500,6.2700,6.2400,6.2700,1171900,7333184.0000,3
2025-11-11,20251111105000000,sz.002225,6.2700,6.2800,6.2500,6.2700,1037800,6507296.0000,3
2025-11-11,20251111105500000,sz.002225,6.2600,6.2700,6.2500,6.2600,409400,2563360.0000,3
2025-11-11,20251111110000000,sz.002225,6.2600,6.2700,6.2500,6.2600,491600,3076448.0000,3
2025-11-11,20251111110500000,sz.002225,6.2500,6.2600,6.2400,6.2400,443700,2773376.0000,3
2025-11-11,20251111111000000,sz.002225,6.2400,6.2500,6.2300,6.2300,506700,3162880.0000,3
2025-11-11,20251111111500000,sz.002225,6.2400,6.2600,6.2300,6.2500,401500,2509504.0000,3
2025-11-11,20251111112000000,sz.002225,6.2500,6.2800,6.2500,6.2600,559700,3507872.0000,3
2025-11-11,20251111112500000,sz.002225,6.2600,6.2800,6.2600,6.2700,406400,2547200.0000,3
2025-11-11,20251111113000000,sz.002225,6.2700,6.2800,6.2600,6.2700,317800,1993376.0000,3
2025-11-11,20251111130500000,sz.002225,6.2800,6.2800,6.2300,6.2400,1237400,7739968.0000,3
2025-11-11,20251111131000000,sz.002225,6.2400,6.2400,6.2200,6.2200,518700,3231520.0000,3
2025-11-11,20251111131500000,sz.002225,6.2200,6.2300,6.2100,6.2100,859900,5349952.0000,3
2025-11-11,20251111132000000,sz.002225,6.2100,6.2400,6.2100,6.2200,671100,4175552.0000,3
2025-11-11,20251111132500000,sz.002225,6.2200,6.2200,6.2000,6.2100,614900,3819040.0000,3
2025-11-11,20251111133000000,sz.002225,6.2100,6.2100,6.2000,6.2000,267700,1660576.0000,3
2025-11-11,20251111133500000,sz.002225,6.2000,6.2200,6.1900,6.2000,886200,5496736.0000,3
2025-11-11,20251111134000000,sz.002225,6.2000,6.2100,6.1900,6.1900,792900,4915872.0000,3
2025-11-11,20251111134500000,sz.002225,6.1900,6.2100,6.1900,6.1900,948300,5876512.0000,3
2025-11-11,20251111135000000,sz.002225,6.1900,6.2100,6.1900,6.1900,551900,3418848.0000,3
2025-11-11,20251111135500000,sz.002225,6.1900,6.2100,6.1900,6.1900,568800,3525152.0000,3
2025-11-11,20251111140000000,sz.002225,6.1900,6.2000,6.1900,6.1900,365100,2261376.0000,3
2025-11-11,20251111140500000,sz.002225,6.1900,6.2100,6.1900,6.2100,438900,2720800.0000,3
2025-11-11,20251111141000000,sz.002225,6.2000,6.2200,6.2000,6.2000,465400,2888032.0000,3
2025-11-11,20251111141500000,sz.002225,6.2000,6.2100,6.2000,6.2100,536300,3326400.0000,3
2025-11-11,20251111142000000,sz.002225,6.2000,6.2200,6.2000,6.2100,761900,4730752.0000,3
2025-11-11,20251111142500000,sz.002225,6.2100,6.2300,6.2100,6.2200,603200,3749632.0000,3
2025-11-11,20251111143000000,sz.002225,6.2200,6.2200,6.2000,6.2100,830800,5158528.0000,3
2025-11-11,20251111143500000,sz.002225,6.2100,6.2200,6.1900,6.2100,825500,5121184.0000,3
2025-11-11,20251111144000000,sz.002225,6.2000,6.2200,6.2000,6.2100,953300,5916256.0000,3
2025-11-11,20251111144500000,sz.002225,6.2100,6.2200,6.2000,6.2100,899000,5583584.0000,3
2025-11-11,20251111145000000,sz.002225,6.2100,6.2100,6.1900,6.2100,1958900,12143968.0000,3
2025-11-11,20251111145500000,sz.002225,6.2000,6.2100,6.1900,6.2100,2395000,14849888.0000,3
2025-11-11,20251111150000000,sz.002225,6.2000,6.2100,6.1900,6.2100,3605700,22370208.0000,3
2025-11-12,20251112093500000,sz.002225,6.2800,6.2900,6.1500,6.1700,5535700,34421492.0000,3
2025-11-12,20251112094000000,sz.002225,6.1600,6.1800,6.1000,6.1000,3453100,21184140.0000,3
2025-11-12,20251112094500000,sz.002225,6.0900,6.1500,6.0900,6.1400,2998200,18355600.0000,3
2025-11-12,20251112095000000,sz.002225,6.1400,6.1900,6.1400,6.1500,1670000,10299392.0000,3
2025-11-12,20251112095500000,sz.002225,6.1600,6.2000,6.1500,6.1800,1260400,7789616.0000,3
2025-11-12,20251112100000000,sz.002225,6.1800,6.1900,6.1600,6.1600,624400,3855024.0000,3
2025-11-12,20251112100500000,sz.002225,6.1700,6.1700,6.1500,6.1600,623700,3843848.0000,3
2025-11-12,20251112101000000,sz.002225,6.1600,6.1800,6.1600,6.1700,379700,2342624.0000,3
2025-11-12,20251112101500000,sz.002225,6.1800,6.1900,6.1700,6.1900,966300,5977504.0000,3
2025-11-12,20251112102000000,sz.002225,6.1900,6.2000,6.1700,6.1700,529000,3270736.0000,3
2025-11-12,20251112102500000,sz.002225,6.1700,6.1800,6.1600,6.1600,614800,3793912.0000,3
2025-11-12,20251112103000000,sz.002225,6.1700,6.1700,6.1600,6.1600,441100,2718000.0000,3
2025-11-12,20251112103500000,sz.002225,6.1500,6.1700,6.1500,6.1600,567300,3494616.0000,3
2025-11-12,20251112104000000,sz.002225,6.1600,6.1700,6.1500,6.1600,537700,3313288.0000,3
2025-11-12,20251112104500000,sz.002225,6.1700,6.1700,6.1400,6.1500,1064300,6547888.0000,3
2025-11-12,20251112105000000,sz.002225,6.1500,6.3000,6.1400,6.3000,6378800,39876768.0000,3
2025-11-12,20251112105500000,sz.002225,6.3000,6.3200,6.2300,6.2900,8401500,52740480.0000,3
2025-11-12,20251112110000000,sz.002225,6.2900,6.3000,6.2500,6.2500,4022200,25252224.0000,3
2025-11-12,20251112110500000,sz.002225,6.2500,6.3000,6.2400,6.2900,3324900,20868992.0000,3
2025-11-12,20251112111000000,sz.002225,6.2800,6.3200,6.2700,6.2700,2875700,18101600.0000,3
2025-11-12,20251112111500000,sz.002225,6.2800,6.3000,6.2600,6.2700,1407300,8834912.0000,3
2025-11-12,20251112112000000,sz.002225,6.2700,6.2800,6.2600,6.2700,907500,5692544.0000,3
2025-11-12,20251112112500000,sz.002225,6.2700,6.2900,6.2600,6.2900,836300,5246112.0000,3
2025-11-12,20251112113000000,sz.002225,6.2900,6.2900,6.2600,6.2600,970400,6085312.0000,3
2025-11-12,20251112130500000,sz.002225,6.2600,6.2600,6.2300,6.2500,1615500,10096672.0000,3
2025-11-12,20251112131000000,sz.002225,6.2500,6.2500,6.2300,6.2500,570000,3557984.0000,3
2025-11-12,20251112131500000,sz.002225,6.2500,6.2500,6.2100,6.2100,1985000,12365952.0000,3
2025-11-12,20251112132000000,sz.002225,6.2200,6.2300,6.2100,6.2100,1337800,8318016.0000,3
2025-11-12,20251112132500000,sz.002225,6.2200,6.2300,6.2100,6.2200,620100,3860288.0000,3
2025-11-12,20251112133000000,sz.002225,6.2200,6.2400,6.2200,6.2400,651000,4055232.0000,3
2025-11-12,20251112133500000,sz.002225,6.2400,6.2500,6.2300,6.2300,1041200,6496128.0000,3
2025-11-12,20251112134000000,sz.002225,6.2400,6.2400,6.2300,6.2400,490700,3058944.0000,3
2025-11-12,20251112134500000,sz.002225,6.2300,6.2400,6.2200,6.2300,672300,4188000.0000,3
2025-11-12,20251112135000000,sz.002225,6.2300,6.2400,6.2200,6.2300,412000,2565344.0000,3
2025-11-12,20251112135500000,sz.002225,6.2200,6.2300,6.2100,6.2200,833800,5185664.0000,3
2025-11-12,20251112140000000,sz.002225,6.2200,6.2300,6.2200,6.2200,572600,3564864.0000,3
2025-11-12,20251112140500000,sz.002225,6.2300,6.2300,6.2000,6.2100,982100,6102016.0000,3
2025-11-12,20251112141000000,sz.002225,6.2100,6.2300,6.2100,6.2300,663700,4126976.0000,3
2025-11-12,20251112141500000,sz.002225,6.2300,6.2300,6.2100,6.2200,724200,4506176.0000,3
2025-11-12,20251112142000000,sz.002225,6.2100,6.2200,6.2000,6.2100,670000,4160416.0000,3
2025-11-12,20251112142500000,sz.002225,6.2100,6.2100,6.2000,6.2100,308000,1911104.0000,3
2025-11-12,20251112143000000,sz.002225,6.2000,6.2100,6.1900,6.2100,1208600,7494272.0000,3
2025-11-12,20251112143500000,sz.002225,6.2100,6.2200,6.2000,6.2000,661400,4109280.0000,3
2025-11-12,20251112144000000,sz.002225,6.2100,6.2100,6.2000,6.2100,988100,6132256.0000,3
2025-11-12,20251112144500000,sz.002225,6.2000,6.2100,6.2000,6.2000,629900,3910656.0000,3
2025-11-12,20251112145000000,sz.002225,6.2000,6.2300,6.2000,6.2200,1371200,8524768.0000,3
2025-11-12,20251112145500000,sz.002225,6.2200,6.2300,6.2100,6.2200,1485500,9237312.0000,3
2025-11-12,20251112150000000,sz.002225,6.2100,6.2300,6.2100,6.2200,1661300,10331616.0000,3
2025-11-13,20251113093500000,sz.002225,6.1900,6.2200,6.1500,6.1900,2388500,14768115.0000,3
2025-11-13,20251113094000000,sz.002225,6.1800,6.2400,6.1700,6.2400,1697700,10534437.0000,3
2025-11-13,20251113094500000,sz.002225,6.2400,6.2800,6.2200,6.2700,1437800,8985424.0000,3
2025-11-13,20251113095000000,sz.002225,6.2800,6.2800,6.2300,6.2400,864700,5408344.0000,3
2025-11-13,20251113095500000,sz.002225,6.2400,6.2600,6.2400,6.2400,633100,3957644.0000,3
2025-11-13,20251113100000000,sz.002225,6.2400,6.2500,6.2200,6.2400,854600,5326580.0000,3
2025-11-13,20251113100500000,sz.002225,6.2500,6.2500,6.2300,6.2300,447300,2791432.0000,3
2025-11-13,20251113101000000,sz.002225,6.2300,6.2400,6.2200,6.2200,604500,3764072.0000,3
2025-11-13,20251113101500000,sz.002225,6.2200,6.2200,6.2100,6.2100,536100,3330148.0000,3
2025-11-13,20251113102000000,sz.002225,6.2100,6.2300,6.2100,6.2200,564000,3508368.0000,3
2025-11-13,20251113102500000,sz.002225,6.2200,6.2300,6.2100,6.2300,588100,3659868.0000,3
2025-11-13,20251113103000000,sz.002225,6.2200,6.2300,6.2200,6.2200,303600,1889528.0000,3
2025-11-13,20251113103500000,sz.002225,6.2200,6.2400,6.2200,6.2300,650200,4050144.0000,3
2025-11-13,20251113104000000,sz.002225,6.2400,6.2500,6.2300,6.2400,756600,4721080.0000,3
2025-11-13,20251113104500000,sz.002225,6.2400,6.2500,6.2400,6.2400,575100,3592224.0000,3
2025-11-13,20251113105000000,sz.002225,6.2500,6.2500,6.2400,6.2500,334100,2085704.0000,3
2025-11-13,20251113105500000,sz.002225,6.2500,6.2800,6.2400,6.2800,1968100,12339528.0000,3
2025-11-13,20251113110000000,sz.002225,6.2800,6.2800,6.2700,6.2700,984800,6181080.0000,3
2025-11-13,20251113110500000,sz.002225,6.2700,6.2800,6.2600,6.2600,685300,4295280.0000,3
2025-11-13,20251113111000000,sz.002225,6.2700,6.2800,6.2600,6.2800,317800,1992168.0000,3
2025-11-13,20251113111500000,sz.002225,6.2800,6.2800,6.2600,6.2700,724300,4543904.0000,3
2025-11-13,20251113112000000,sz.002225,6.2600,6.2700,6.2600,6.2600,233400,1462752.0000,3
2025-11-13,20251113112500000,sz.002225,6.2600,6.2700,6.2500,6.2600,1073500,6714512.0000,3
2025-11-13,20251113113000000,sz.002225,6.2500,6.2800,6.2500,6.2800,585200,3663912.0000,3
2025-11-13,20251113130500000,sz.002225,6.2800,6.2900,6.2600,6.2600,886100,5560312.0000,3
2025-11-13,20251113131000000,sz.002225,6.2600,6.2800,6.2600,6.2700,358400,2247264.0000,3
2025-11-13,20251113131500000,sz.002225,6.2800,6.2800,6.2600,6.2600,656800,4114096.0000,3
2025-11-13,20251113132000000,sz.002225,6.2600,6.2700,6.2600,6.2600,605700,3793408.0000,3
2025-11-13,20251113132500000,sz.002225,6.2600,6.2800,6.2600,6.2700,2053200,12879232.0000,3
2025-11-13,20251113133000000,sz.002225,6.2600,6.2600,6.2500,6.2600,781800,4889712.0000,3
2025-11-13,20251113133500000,sz.002225,6.2600,6.2700,6.2500,6.2600,366200,2293360.0000,3
2025-11-13,20251113134000000,sz.002225,6.2600,6.2700,6.2600,6.2600,435800,2730256.0000,3
2025-11-13,20251113134500000,sz.002225,6.2600,6.2900,6.2600,6.2800,986500,6188896.0000,3
2025-11-13,20251113135000000,sz.002225,6.2800,6.3100,6.2700,6.3100,3097500,19500672.0000,3
2025-11-13,20251113135500000,sz.002225,6.3100,6.3200,6.2900,6.2900,1673200,10553136.0000,3
2025-11-13,20251113140000000,sz.002225,6.3000,6.3200,6.2900,6.3100,897600,5659424.0000,3
2025-11-13,20251113140500000,sz.002225,6.3200,6.3200,6.3000,6.3000,1125900,7102832.0000,3
2025-11-13,20251113141000000,sz.002225,6.3000,6.3700,6.3000,6.3600,3691800,23419984.0000,3
2025-11-13,20251113141500000,sz.002225,6.3600,6.4200,6.3600,6.3900,6764100,43296208.0000,3
2025-11-13,20251113142000000,sz.002225,6.3900,6.4000,6.3800,6.3900,2077500,13279200.0000,3
2025-11-13,20251113142500000,sz.002225,6.3900,6.4100,6.3800,6.3800,1807200,11553312.0000,3
2025-11-13,20251113143000000,sz.002225,6.3900,6.3900,6.3600,6.3600,1379000,8780224.0000,3
2025-11-13,20251113143500000,sz.002225,6.3600,6.3700,6.3500,6.3700,1461600,9294080.0000,3
2025-11-13,20251113144000000,sz.002225,6.3700,6.3700,6.3600,6.3700,1039700,6621408.0000,3
2025-11-13,20251113144500000,sz.002225,6.3600,6.3800,6.3600,6.3800,1707500,10882400.0000,3
2025-11-13,20251113145000000,sz.002225,6.3700,6.3800,6.3600,6.3800,2253300,14356640.0000,3
2025-11-13,20251113145500000,sz.002225,6.3700,6.3700,6.3600,6.3600,2650100,16869952.0000,3
2025-11-13,20251113150000000,sz.002225,6.3600,6.3700,6.3600,6.3700,3268600,20815072.0000,3
2025-11-14,20251114093500000,sz.002225,6.3600,6.4200,6.3300,6.3800,4363800,27834970.0000,3
2025-11-14,20251114094000000,sz.002225,6.3800,6.4700,6.3800,6.4300,4634600,29819706.0000,3
2025-11-14,20251114094500000,sz.002225,6.4300,6.4500,6.4200,6.4400,2227600,14322276.0000,3
2025-11-14,20251114095000000,sz.002225,6.4500,6.4500,6.3600,6.4000,3430900,21972512.0000,3
2025-11-14,20251114095500000,sz.002225,6.4000,6.4300,6.3900,6.4200,1778500,11392440.0000,3
2025-11-14,20251114100000000,sz.002225,6.4200,6.4900,6.4200,6.4600,3498500,22590224.0000,3
2025-11-14,20251114100500000,sz.002225,6.4600,6.4700,6.4300,6.4400,1788000,11545280.0000,3
2025-11-14,20251114101000000,sz.002225,6.4400,6.5100,6.4400,6.4900,3759300,24372736.0000,3
2025-11-14,20251114101500000,sz.002225,6.4800,6.5000,6.4700,6.4900,2100600,13622832.0000,3
2025-11-14,20251114102000000,sz.002225,6.4900,6.5000,6.4700,6.4800,1541400,9987872.0000,3
2025-11-14,20251114102500000,sz.002225,6.4800,6.5100,6.4700,6.5100,1229600,7981696.0000,3
2025-11-14,20251114103000000,sz.002225,6.5100,6.5100,6.4800,6.5000,1292100,8394784.0000,3
2025-11-14,20251114103500000,sz.002225,6.5000,6.5000,6.4700,6.4700,1046700,6784896.0000,3
2025-11-14,20251114104000000,sz.002225,6.4600,6.4800,6.4600,6.4600,1091400,7057616.0000,3
2025-11-14,20251114104500000,sz.002225,6.4600,6.4700,6.4400,6.4500,1585300,10226976.0000,3
2025-11-14,20251114105000000,sz.002225,6.4500,6.4500,6.4300,6.4300,958100,6167616.0000,3
2025-11-14,20251114105500000,sz.002225,6.4300,6.4400,6.4300,6.4300,787800,5068272.0000,3
2025-11-14,20251114110000000,sz.002225,6.4200,6.4300,6.4100,6.4100,1079800,6926960.0000,3
2025-11-14,20251114110500000,sz.002225,6.4100,6.4200,6.4100,6.4200,453700,2909728.0000,3
2025-11-14,20251114111000000,sz.002225,6.4200,6.4200,6.4100,6.4200,724500,4647392.0000,3
2025-11-14,20251114111500000,sz.002225,6.4100,6.4300,6.4100,6.4200,931100,5974000.0000,3
2025-11-14,20251114112000000,sz.002225,6.4100,6.4100,6.4000,6.4000,672800,4309056.0000,3
2025-11-14,20251114112500000,sz.002225,6.4000,6.4100,6.3800,6.3800,1216800,7776272.0000,3
2025-11-14,20251114113000000,sz.002225,6.3800,6.3900,6.3800,6.3800,416400,2658816.0000,3
2025-11-14,20251114130500000,sz.002225,6.3900,6.3900,6.3600,6.3700,1902700,12120672.0000,3
2025-11-14,20251114131000000,sz.002225,6.3700,6.3700,6.3500,6.3600,823600,5235840.0000,3
2025-11-14,20251114131500000,sz.002225,6.3600,6.3700,6.3500,6.3500,692000,4400352.0000,3
2025-11-14,20251114132000000,sz.002225,6.3600,6.3600,6.3400,6.3600,865700,5497120.0000,3
2025-11-14,20251114132500000,sz.002225,6.3600,6.3800,6.3600,6.3800,352600,2245184.0000,3
2025-11-14,20251114133000000,sz.002225,6.3800,6.3800,6.3700,6.3800,569900,3634624.0000,3
2025-11-14,20251114133500000,sz.002225,6.3800,6.4300,6.3700,6.4200,1703700,10920608.0000,3
2025-11-14,20251114134000000,sz.002225,6.4100,6.4300,6.4000,6.4100,810900,5200256.0000,3
2025-11-14,20251114134500000,sz.002225,6.4000,6.4300,6.4000,6.4000,893200,5726848.0000,3
2025-11-14,20251114135000000,sz.002225,6.4000,6.4100,6.3900,6.4000,436200,2793024.0000,3
2025-11-14,20251114135500000,sz.002225,6.4100,6.4100,6.3900,6.4000,808400,5173152.0000,3
2025-11-14,20251114140000000,sz.002225,6.4000,6.4000,6.3800,6.4000,969400,6194880.0000,3
2025-11-14,20251114140500000,sz.002225,6.4000,6.4200,6.3900,6.4200,713200,4569696.0000,3
2025-11-14,20251114141000000,sz.002225,6.4200,6.4200,6.3900,6.3900,691400,4426208.0000,3
2025-11-14,20251114141500000,sz.002225,6.4000,6.4200,6.3900,6.4000,866500,5547264.0000,3
2025-11-14,20251114142000000,sz.002225,6.4100,6.4100,6.3900,6.3900,580000,3711232.0000,3
2025-11-14,20251114142500000,sz.002225,6.4000,6.4000,6.3800,6.3800,485600,3102176.0000,3
2025-11-14,20251114143000000,sz.002225,6.3900,6.3900,6.3600,6.3700,1840700,11717312.0000,3
2025-11-14,20251114143500000,sz.002225,6.3700,6.3800,6.3600,6.3800,588100,3745344.0000,3
2025-11-14,20251114144000000,sz.002225,6.3700,6.3900,6.3700,6.3800,876600,5591680.0000,3
2025-11-14,20251114144500000,sz.002225,6.3800,6.3900,6.3700,6.3700,541000,3450848.0000,3
2025-11-14,20251114145000000,sz.002225,6.3800,6.3800,6.3600,6.3700,1304400,8307072.0000,3
2025-11-14,20251114145500000,sz.002225,6.3600,6.3700,6.3500,6.3600,1120500,7128736.0000,3
2025-11-14,20251114150000000,sz.002225,6.3500,6.3600,6.3400,6.3400,1562200,9916576.0000,3
2025-11-17,20251117093500000,sz.002225,6.2700,6.3900,6.2700,6.3700,4713600,29841160.0000,3
2025-11-17,20251117094000000,sz.002225,6.3700,6.4000,6.3200,6.3400,2206900,14029656.0000,3
2025-11-17,20251117094500000,sz.002225,6.3500,6.3700,6.3400,6.3700,832400,5294900.0000,3
2025-11-17,20251117095000000,sz.002225,6.3700,6.3700,6.3100,6.3100,1825000,11560076.0000,3
2025-11-17,20251117095500000,sz.002225,6.3100,6.3200,6.2900,6.3100,2428700,15305632.0000,3
2025-11-17,20251117100000000,sz.002225,6.3100,6.3400,6.2800,6.3000,1171000,7378320.0000,3
2025-11-17,20251117100500000,sz.002225,6.3000,6.3100,6.2700,6.2700,1657400,10416464.0000,3
2025-11-17,20251117101000000,sz.002225,6.2700,6.2800,6.2600,6.2600,2209900,13844600.0000,3
2025-11-17,20251117101500000,sz.002225,6.2600,6.2700,6.2300,6.2300,2748800,17143640.0000,3
2025-11-17,20251117102000000,sz.002225,6.2400,6.2400,6.2200,6.2300,1953400,12167840.0000,3
2025-11-17,20251117102500000,sz.002225,6.2400,6.2500,6.2100,6.2500,1840900,11467472.0000,3
2025-11-17,20251117103000000,sz.002225,6.2500,6.2500,6.2300,6.2300,681400,4249344.0000,3
2025-11-17,20251117103500000,sz.002225,6.2300,6.2500,6.2200,6.2200,481500,3000736.0000,3
2025-11-17,20251117104000000,sz.002225,6.2300,6.2400,6.2100,6.2300,1194200,7429168.0000,3
2025-11-17,20251117104500000,sz.002225,6.2300,6.2700,6.2200,6.2600,946000,5908464.0000,3
2025-11-17,20251117105000000,sz.002225,6.2600,6.2700,6.2500,6.2600,560800,3509040.0000,3
2025-11-17,20251117105500000,sz.002225,6.2600,6.2900,6.2600,6.2700,752400,4719760.0000,3
2025-11-17,20251117110000000,sz.002225,6.2600,6.2800,6.2600,6.2600,384400,2408816.0000,3
2025-11-17,20251117110500000,sz.002225,6.2700,6.2900,6.2500,6.2800,688200,4315536.0000,3
2025-11-17,20251117111000000,sz.002225,6.2900,6.3100,6.2900,6.3000,652800,4110624.0000,3
2025-11-17,20251117111500000,sz.002225,6.3000,6.3100,6.2900,6.2900,388300,2444736.0000,3
2025-11-17,20251117112000000,sz.002225,6.2900,6.3000,6.2800,6.2900,319900,2010384.0000,3
2025-11-17,20251117112500000,sz.002225,6.2900,6.3000,6.2800,6.2900,476400,2995840.0000,3
2025-11-17,20251117113000000,sz.002225,6.2900,6.3000,6.2800,6.2800,280200,1761520.0000,3
2025-11-17,20251117130500000,sz.002225,6.2800,6.2900,6.2700,6.2700,442600,2779696.0000,3
2025-11-17,20251117131000000,sz.002225,6.2800,6.2800,6.2700,6.2800,222400,1395168.0000,3
2025-11-17,20251117131500000,sz.002225,6.2800,6.2900,6.2700,6.2700,717200,4500528.0000,3
2025-11-17,20251117132000000,sz.002225,6.2700,6.2800,6.2600,6.2600,622300,3900592.0000,3
2025-11-17,20251117132500000,sz.002225,6.2600,6.2700,6.2400,6.2600,810400,5064080.0000,3
2025-11-17,20251117133000000,sz.002225,6.2500,6.2600,6.2300,6.2400,721100,4503328.0000,3
2025-11-17,20251117133500000,sz.002225,6.2500,6.2600,6.2400,6.2500,709500,4434176.0000,3
2025-11-17,20251117134000000,sz.002225,6.2500,6.2500,6.2400,6.2400,420700,2626736.0000,3
2025-11-17,20251117134500000,sz.002225,6.2500,6.2600,6.2400,6.2500,1002400,6264224.0000,3
2025-11-17,20251117135000000,sz.002225,6.2400,6.2500,6.2400,6.2400,459800,2869632.0000,3
2025-11-17,20251117135500000,sz.002225,6.2400,6.2500,6.2300,6.2300,519500,3239856.0000,3
2025-11-17,20251117140000000,sz.002225,6.2400,6.2400,6.2100,6.2100,1052000,6544400.0000,3
2025-11-17,20251117140500000,sz.002225,6.2200,6.2300,6.2100,6.2100,835800,5194352.0000,3
2025-11-17,20251117141000000,sz.002225,6.2200,6.2300,6.2100,6.2200,472500,2937808.0000,3
2025-11-17,20251117141500000,sz.002225,6.2100,6.2400,6.2100,6.2300,610900,3800656.0000,3
2025-11-17,20251117142000000,sz.002225,6.2300,6.2500,6.2300,6.2400,472100,2943648.0000,3
2025-11-17,20251117142500000,sz.002225,6.2400,6.2400,6.2200,6.2200,835500,5203024.0000,3
2025-11-17,20251117143000000,sz.002225,6.2300,6.2300,6.2200,6.2200,572300,3561840.0000,3
2025-11-17,20251117143500000,sz.002225,6.2200,6.2300,6.2100,6.2200,1052600,6541952.0000,3
2025-11-17,20251117144000000,sz.002225,6.2100,6.2200,6.1900,6.1900,2457400,15245728.0000,3
2025-11-17,20251117144500000,sz.002225,6.2000,6.2000,6.1800,6.1900,2624900,16243072.0000,3
2025-11-17,20251117145000000,sz.002225,6.1800,6.2100,6.1800,6.2100,1363000,8443488.0000,3
2025-11-17,20251117145500000,sz.002225,6.2000,6.2200,6.2000,6.2000,995600,6178304.0000,3
2025-11-17,20251117150000000,sz.002225,6.2000,6.2100,6.2000,6.2000,1005500,6236192.0000,3
2025-11-18,20251118093500000,sz.002225,6.2100,6.2200,6.1400,6.1700,2434600,15033803.0000,3
2025-11-18,20251118094000000,sz.002225,6.1600,6.2200,6.1600,6.1700,1338800,8283147.0000,3
2025-11-18,20251118094500000,sz.002225,6.1800,6.2100,6.1700,6.2000,1099100,6813000.0000,3
2025-11-18,20251118095000000,sz.002225,6.2000,6.2000,6.1400,6.1800,1600300,9869746.0000,3
2025-11-18,20251118095500000,sz.002225,6.1800,6.1800,6.1200,6.1200,1495100,9180052.0000,3
2025-11-18,20251118100000000,sz.002225,6.1200,6.1300,6.1100,6.1100,1194200,7304364.0000,3
2025-11-18,20251118100500000,sz.002225,6.1200,6.1300,6.1000,6.1300,1148500,7023640.0000,3
2025-11-18,20251118101000000,sz.002225,6.1200,6.1300,6.1000,6.1100,1286500,7861520.0000,3
2025-11-18,20251118101500000,sz.002225,6.1100,6.1300,6.1100,6.1300,498800,3051312.0000,3
2025-11-18,20251118102000000,sz.002225,6.1200,6.1300,6.1000,6.1100,767600,4693368.0000,3
2025-11-18,20251118102500000,sz.002225,6.1100,6.1100,6.1000,6.1100,412100,2515520.0000,3
2025-11-18,20251118103000000,sz.002225,6.1100,6.1100,6.0800,6.1000,1246900,7595936.0000,3
2025-11-18,20251118103500000,sz.002225,6.1000,6.1400,6.1000,6.1400,698700,4275024.0000,3
2025-11-18,20251118104000000,sz.002225,6.1400,6.1500,6.1200,6.1300,295700,1813808.0000,3
2025-11-18,20251118104500000,sz.002225,6.1300,6.1400,6.1300,6.1300,261600,1605016.0000,3
2025-11-18,20251118105000000,sz.002225,6.1400,6.1400,6.1100,6.1200,288800,1768328.0000,3
2025-11-18,20251118105500000,sz.002225,6.1200,6.1300,6.1000,6.1000,356600,2179168.0000,3
2025-11-18,20251118110000000,sz.002225,6.1000,6.1100,6.0800,6.0800,405000,2467184.0000,3
2025-11-18,20251118110500000,sz.002225,6.0800,6.0900,6.0800,6.0900,448700,2731600.0000,3
2025-11-18,20251118111000000,sz.002225,6.0900,6.0900,6.0800,6.0900,359700,2189344.0000,3
2025-11-18,20251118111500000,sz.002225,6.0900,6.0900,6.0800,6.0800,386700,2352504.0000,3
2025-11-18,20251118112000000,sz.002225,6.0800,6.1000,6.0800,6.0900,320700,1953056.0000,3
2025-11-18,20251118112500000,sz.002225,6.1000,6.1000,6.0800,6.0800,232200,1413016.0000,3
2025-11-18,20251118113000000,sz.002225,6.0800,6.0900,6.0800,6.0900,536400,3260240.0000,3
2025-11-18,20251118130500000,sz.002225,6.1000,6.1000,6.0700,6.0800,854500,5194200.0000,3
2025-11-18,20251118131000000,sz.002225,6.0800,6.0800,6.0700,6.0800,125700,763496.0000,3
2025-11-18,20251118131500000,sz.002225,6.0800,6.0800,6.0700,6.0700,156100,948392.0000,3
2025-11-18,20251118132000000,sz.002225,6.0800,6.0900,6.0600,6.0900,441300,2679304.0000,3
2025-11-18,20251118132500000,sz.002225,6.0900,6.0900,6.0800,6.0800,189200,1150872.0000,3
2025-11-18,20251118133000000,sz.002225,6.0800,6.0800,6.0700,6.0700,124000,753672.0000,3
2025-11-18,20251118133500000,sz.002225,6.0700,6.1000,6.0700,6.1000,346900,2110760.0000,3
2025-11-18,20251118134000000,sz.002225,6.1000,6.1200,6.0900,6.1000,305500,1865232.0000,3
2025-11-18,20251118134500000,sz.002225,6.1000,6.1100,6.1000,6.1000,169800,1036072.0000,3
2025-11-18,20251118135000000,sz.002225,6.1000,6.1200,6.1000,6.1100,257500,1572784.0000,3
2025-11-18,20251118135500000,sz.002225,6.1100,6.1200,6.0900,6.0900,284200,1733600.0000,3
2025-11-18,20251118140000000,sz.002225,6.0900,6.1000,6.0800,6.0900,157300,958208.0000,3
2025-11-18,20251118140500000,sz.002225,6.0800,6.0900,6.0800,6.0800,185800,1130064.0000,3
2025-11-18,20251118141000000,sz.002225,6.0800,6.1100,6.0800,6.1000,436400,2662128.0000,3
2025-11-18,20251118141500000,sz.002225,6.1000,6.1000,6.0900,6.0900,235300,1433920.0000,3
2025-11-18,20251118142000000,sz.002225,6.0900,6.1000,6.0800,6.1000,182100,1108592.0000,3
2025-11-18,20251118142500000,sz.002225,6.1000,6.1000,6.0800,6.0800,196500,1196464.0000,3
2025-11-18,20251118143000000,sz.002225,6.0800,6.0900,6.0800,6.0800,190000,1155680.0000,3
2025-11-18,20251118143500000,sz.002225,6.0800,6.0900,6.0700,6.0800,521000,3168016.0000,3
2025-11-18,20251118144000000,sz.002225,6.0800,6.1000,6.0800,6.0800,344700,2098608.0000,3
2025-11-18,20251118144500000,sz.002225,6.0800,6.1100,6.0800,6.1000,387000,2359472.0000,3
2025-11-18,20251118145000000,sz.002225,6.1100,6.1100,6.1000,6.1100,243000,1484064.0000,3
2025-11-18,20251118145500000,sz.002225,6.1000,6.1100,6.0900,6.1100,620900,3786864.0000,3
2025-11-18,20251118150000000,sz.002225,6.1100,6.1100,6.0900,6.0900,654200,3986192.0000,3
2025-11-19,20251119093500000,sz.002225,6.0800,6.1200,6.0700,6.0800,1363300,8312381.0000,3
2025-11-19,20251119094000000,sz.002225,6.0900,6.1100,6.0700,6.0700,975500,5937137.0000,3
2025-11-19,20251119094500000,sz.002225,6.0700,6.0800,6.0100,6.0100,2496900,15078352.0000,3
2025-11-19,20251119095000000,sz.002225,6.0200,6.0400,6.0000,6.0000,1461000,8785374.0000,3
2025-11-19,20251119095500000,sz.002225,6.0000,6.0100,5.9700,5.9700,1635500,9791796.0000,3
2025-11-19,20251119100000000,sz.002225,5.9700,5.9900,5.9600,5.9900,1052200,6284900.0000,3
2025-11-19,20251119100500000,sz.002225,5.9800,6.0100,5.9800,6.0000,787200,4720484.0000,3
2025-11-19,20251119101000000,sz.002225,6.0000,6.0000,5.9700,5.9700,872200,5221936.0000,3
2025-11-19,20251119101500000,sz.002225,5.9700,5.9800,5.9600,5.9800,504500,3011560.0000,3
2025-11-19,20251119102000000,sz.002225,5.9700,5.9800,5.9700,5.9700,222400,1328808.0000,3
2025-11-19,20251119102500000,sz.002225,5.9700,5.9800,5.9600,5.9700,757700,4519456.0000,3
2025-11-19,20251119103000000,sz.002225,5.9600,5.9700,5.9500,5.9500,491500,2926560.0000,3
2025-11-19,20251119103500000,sz.002225,5.9500,5.9900,5.9500,5.9800,458400,2735040.0000,3
2025-11-19,20251119104000000,sz.002225,5.9800,5.9900,5.9700,5.9700,381400,2282280.0000,3
2025-11-19,20251119104500000,sz.002225,5.9800,5.9800,5.9600,5.9700,471600,2814056.0000,3
2025-11-19,20251119105000000,sz.002225,5.9600,5.9700,5.9500,5.9600,257500,1534848.0000,3
2025-11-19,20251119105500000,sz.002225,5.9500,5.9600,5.9500,5.9500,649500,3865656.0000,3
2025-11-19,20251119110000000,sz.002225,5.9500,5.9600,5.9100,5.9100,1742100,10333016.0000,3
2025-11-19,20251119110500000,sz.002225,5.9200,5.9300,5.9100,5.9200,489700,2898496.0000,3
2025-11-19,20251119111000000,sz.002225,5.9100,5.9200,5.8900,5.9000,1077300,6357632.0000,3
2025-11-19,20251119111500000,sz.002225,5.9000,5.9100,5.8900,5.9100,379800,2240936.0000,3
2025-11-19,20251119112000000,sz.002225,5.9100,5.9200,5.8900,5.8900,676600,3994008.0000,3
2025-11-19,20251119112500000,sz.002225,5.8900,5.9000,5.8800,5.8800,420500,2475632.0000,3
2025-11-19,20251119113000000,sz.002225,5.8800,5.8900,5.8600,5.8800,835200,4902760.0000,3
2025-11-19,20251119130500000,sz.002225,5.8700,5.9200,5.8700,5.9200,810400,4771560.0000,3
2025-11-19,20251119131000000,sz.002225,5.9200,5.9300,5.9100,5.9100,198400,1174248.0000,3
2025-11-19,20251119131500000,sz.002225,5.9200,5.9300,5.9100,5.9200,231900,1372440.0000,3
2025-11-19,20251119132000000,sz.002225,5.9100,5.9200,5.9100,5.9100,289900,1715416.0000,3
2025-11-19,20251119132500000,sz.002225,5.9100,5.9300,5.9100,5.9200,317500,1880016.0000,3
2025-11-19,20251119133000000,sz.002225,5.9200,5.9200,5.9100,5.9200,152400,901424.0000,3
2025-11-19,20251119133500000,sz.002225,5.9100,5.9200,5.9000,5.9100,229500,1355312.0000,3
2025-11-19,20251119134000000,sz.002225,5.9100,5.9300,5.9000,5.9200,321600,1904608.0000,3
2025-11-19,20251119134500000,sz.002225,5.9200,5.9200,5.9000,5.9000,179200,1059824.0000,3
2025-11-19,20251119135000000,sz.002225,5.9000,5.9200,5.8900,5.9100,652300,3849456.0000,3
2025-11-19,20251119135500000,sz.002225,5.9000,5.9100,5.8900,5.9000,293100,1728944.0000,3
2025-11-19,20251119140000000,sz.002225,5.9100,5.9400,5.9100,5.9400,342200,2026608.0000,3
2025-11-19,20251119140500000,sz.002225,5.9400,5.9400,5.9200,5.9200,239000,1416944.0000,3
2025-11-19,20251119141000000,sz.002225,5.9200,5.9300,5.9100,5.9200,270900,1603792.0000,3
2025-11-19,20251119141500000,sz.002225,5.9300,5.9300,5.9200,5.9200,224700,1331856.0000,3
2025-11-19,20251119142000000,sz.002225,5.9300,6.0100,5.9200,6.0100,1601600,9583056.0000,3
2025-11-19,20251119142500000,sz.002225,6.0000,6.0000,5.9900,5.9900,204800,1227728.0000,3
2025-11-19,20251119143000000,sz.002225,5.9900,6.0000,5.9900,5.9900,217000,1300336.0000,3
2025-11-19,20251119143500000,sz.002225,6.0000,6.0000,5.9700,5.9700,401400,2404000.0000,3
2025-11-19,20251119144000000,sz.002225,5.9700,5.9800,5.9600,5.9700,252300,1506672.0000,3
2025-11-19,20251119144500000,sz.002225,5.9700,5.9800,5.9600,5.9700,334900,2000560.0000,3
2025-11-19,20251119145000000,sz.002225,5.9700,5.9800,5.9600,5.9700,578200,3449184.0000,3
2025-11-19,20251119145500000,sz.002225,5.9600,5.9700,5.9500,5.9700,215900,1288016.0000,3
2025-11-19,20251119150000000,sz.002225,5.9600,5.9700,5.9500,5.9500,441400,2628448.0000,3
2025-11-20,20251120093500000,sz.002225,5.9800,6.1000,5.9800,6.0900,3650900,22103236.0000,3
2025-11-20,20251120094000000,sz.002225,6.0900,6.0900,6.0500,6.0500,1122600,6815460.0000,3
2025-11-20,20251120094500000,sz.002225,6.0500,6.0800,6.0300,6.0700,1069700,6471760.0000,3
2025-11-20,20251120095000000,sz.002225,6.0700,6.0700,6.0400,6.0400,484100,2934272.0000,3
2025-11-20,20251120095500000,sz.002225,6.0500,6.0600,6.0200,6.0300,695400,4199504.0000,3
2025-11-20,20251120100000000,sz.002225,6.0300,6.0300,6.0000,6.0000,344100,2070312.0000,3
2025-11-20,20251120100500000,sz.002225,6.0100,6.0100,5.9900,6.0000,586000,3516060.0000,3
2025-11-20,20251120101000000,sz.002225,6.0100,6.0200,6.0000,6.0200,177700,1067788.0000,3
2025-11-20,20251120101500000,sz.002225,6.0000,6.0100,5.9900,6.0000,339100,2035292.0000,3
2025-11-20,20251120102000000,sz.002225,6.0000,6.0000,5.9900,6.0000,109300,655388.0000,3
2025-11-20,20251120102500000,sz.002225,5.9900,6.0000,5.9800,5.9800,341700,2046172.0000,3
2025-11-20,20251120103000000,sz.002225,5.9900,5.9900,5.9700,5.9700,232800,1391664.0000,3
2025-11-20,20251120103500000,sz.002225,5.9700,5.9800,5.9400,5.9500,558700,3325540.0000,3
2025-11-20,20251120104000000,sz.002225,5.9500,5.9500,5.9300,5.9400,373900,2220480.0000,3
2025-11-20,20251120104500000,sz.002225,5.9400,5.9400,5.9200,5.9300,360600,2139364.0000,3
2025-11-20,20251120105000000,sz.002225,5.9300,5.9400,5.9300,5.9400,421000,2499324.0000,3
2025-11-20,20251120105500000,sz.002225,5.9400,5.9500,5.9300,5.9400,263100,1562256.0000,3
2025-11-20,20251120110000000,sz.002225,5.9400,5.9400,5.9200,5.9300,259200,1536864.0000,3
2025-11-20,20251120110500000,sz.002225,5.9300,5.9600,5.9300,5.9600,174600,1037920.0000,3
2025-11-20,20251120111000000,sz.002225,5.9600,5.9600,5.9400,5.9500,135100,804104.0000,3
2025-11-20,20251120111500000,sz.002225,5.9500,5.9600,5.9500,5.9500,184100,1095856.0000,3
2025-11-20,20251120112000000,sz.002225,5.9600,5.9800,5.9500,5.9700,310000,1848920.0000,3
2025-11-20,20251120112500000,sz.002225,5.9700,6.0000,5.9700,5.9800,287400,1720192.0000,3
2025-11-20,20251120113000000,sz.002225,5.9900,6.0100,5.9800,6.0000,466300,2795792.0000,3
2025-11-20,20251120130500000,sz.002225,6.0000,6.0100,5.9800,6.0000,479000,2871728.0000,3
2025-11-20,20251120131000000,sz.002225,6.0000,6.0100,5.9900,6.0100,515400,3091336.0000,3
2025-11-20,20251120131500000,sz.002225,6.0100,6.0200,6.0000,6.0100,240700,1447264.0000,3
2025-11-20,20251120132000000,sz.002225,6.0100,6.0100,6.0000,6.0000,100300,602112.0000,3
2025-11-20,20251120132500000,sz.002225,6.0000,6.0100,5.9900,6.0000,124700,747920.0000,3
2025-11-20,20251120133000000,sz.002225,6.0000,6.0000,5.9800,5.9800,159400,954776.0000,3
2025-11-20,20251120133500000,sz.002225,5.9900,5.9900,5.9700,5.9700,299700,1792504.0000,3
2025-11-20,20251120134000000,sz.002225,5.9800,5.9800,5.9600,5.9700,207200,1236328.0000,3
2025-11-20,20251120134500000,sz.002225,5.9700,5.9700,5.9600,5.9600,318400,1899152.0000,3
2025-11-20,20251120135000000,sz.002225,5.9700,5.9700,5.9600,5.9600,73700,439792.0000,3
2025-11-20,20251120135500000,sz.002225,5.9700,5.9700,5.9600,5.9700,62800,374784.0000,3
2025-11-20,20251120140000000,sz.002225,5.9600,5.9700,5.9500,5.9700,315600,1879216.0000,3
2025-11-20,20251120140500000,sz.002225,5.9600,5.9600,5.9500,5.9600,62700,373432.0000,3
2025-11-20,20251120141000000,sz.002225,5.9500,5.9600,5.9400,5.9400,317100,1886512.0000,3
2025-11-20,20251120141500000,sz.002225,5.9400,5.9500,5.9400,5.9400,142900,849152.0000,3
2025-11-20,20251120142000000,sz.002225,5.9400,5.9500,5.9300,5.9500,210400,1249136.0000,3
2025-11-20,20251120142500000,sz.002225,5.9500,5.9500,5.9300,5.9300,174400,1036192.0000,3
2025-11-20,20251120143000000,sz.002225,5.9400,5.9600,5.9300,5.9600,359200,2133352.0000,3
2025-11-20,20251120143500000,sz.002225,5.9600,6.0200,5.9600,5.9700,983400,5895328.0000,3
2025-11-20,20251120144000000,sz.002225,5.9800,6.0000,5.9500,6.0000,706400,4223984.0000,3
2025-11-20,20251120144500000,sz.002225,6.0000,6.0100,6.0000,6.0000,404300,2427464.0000,3
2025-11-20,20251120145000000,sz.002225,6.0100,6.0100,5.9800,5.9900,516300,3095016.0000,3
2025-11-20,20251120145500000,sz.002225,5.9900,6.0000,5.9800,5.9900,824000,4933424.0000,3
2025-11-20,20251120150000000,sz.002225,5.9900,6.0000,5.9900,5.9900,692900,4152256.0000,3
2025-11-21,20251121093500000,sz.002225,5.9300,5.9500,5.8800,5.9300,2278500,13483010.0000,3
2025-11-21,20251121094000000,sz.002225,5.9300,5.9300,5.8400,5.8600,1682500,9885306.0000,3
2025-11-21,20251121094500000,sz.002225,5.8600,5.9100,5.8600,5.8600,916200,5393872.0000,3
2025-11-21,20251121095000000,sz.002225,5.8700,5.8700,5.8200,5.8500,1338200,7821140.0000,3
2025-11-21,20251121095500000,sz.002225,5.8500,5.8600,5.8200,5.8300,906900,5296000.0000,3
2025-11-21,20251121100000000,sz.002225,5.8200,5.8300,5.7800,5.7900,1703600,9889420.0000,3
2025-11-21,20251121100500000,sz.002225,5.8000,5.8300,5.7900,5.8300,664800,3861892.0000,3
2025-11-21,20251121101000000,sz.002225,5.8300,5.8400,5.8100,5.8100,704200,4099040.0000,3
2025-11-21,20251121101500000,sz.002225,5.8000,5.8100,5.7700,5.7800,992900,5745480.0000,3
2025-11-21,20251121102000000,sz.002225,5.7800,5.7900,5.7700,5.7900,619100,3576432.0000,3
2025-11-21,20251121102500000,sz.002225,5.8000,5.8000,5.7700,5.7900,327500,1893944.0000,3
2025-11-21,20251121103000000,sz.002225,5.7800,5.7900,5.7600,5.7600,473200,2730712.0000,3
2025-11-21,20251121103500000,sz.002225,5.7600,5.7600,5.7400,5.7600,819000,4707976.0000,3
2025-11-21,20251121104000000,sz.002225,5.7600,5.7600,5.7000,5.7100,931600,5333024.0000,3
2025-11-21,20251121104500000,sz.002225,5.7300,5.7300,5.6800,5.6800,1093000,6225888.0000,3
2025-11-21,20251121105000000,sz.002225,5.6800,5.7000,5.6700,5.7000,581400,3305312.0000,3
2025-11-21,20251121105500000,sz.002225,5.6900,5.7100,5.6700,5.7000,992600,5640464.0000,3
2025-11-21,20251121110000000,sz.002225,5.7000,5.7100,5.6900,5.7100,261600,1491464.0000,3
2025-11-21,20251121110500000,sz.002225,5.7100,5.7300,5.7000,5.7200,376300,2149888.0000,3
2025-11-21,20251121111000000,sz.002225,5.7000,5.7400,5.7000,5.7400,412700,2356176.0000,3
2025-11-21,20251121111500000,sz.002225,5.7400,5.7700,5.6800,5.6800,1437500,8220040.0000,3
2025-11-21,20251121112000000,sz.002225,5.6900,5.7200,5.6800,5.7200,247700,1411720.0000,3
2025-11-21,20251121112500000,sz.002225,5.7200,5.7500,5.7200,5.7300,217900,1249152.0000,3
2025-11-21,20251121113000000,sz.002225,5.7400,5.7600,5.7200,5.7500,301600,1732568.0000,3
2025-11-21,20251121130500000,sz.002225,5.7500,5.8000,5.7500,5.8000,952000,5502592.0000,3
2025-11-21,20251121131000000,sz.002225,5.7900,5.7900,5.7500,5.7600,179000,1032704.0000,3
2025-11-21,20251121131500000,sz.002225,5.7600,5.7700,5.7500,5.7700,398300,2293280.0000,3
2025-11-21,20251121132000000,sz.002225,5.7700,5.7700,5.7400,5.7400,280700,1614880.0000,3
2025-11-21,20251121132500000,sz.002225,5.7400,5.7500,5.7100,5.7400,377800,2163264.0000,3
2025-11-21,20251121133000000,sz.002225,5.7500,5.7500,5.7100,5.7200,422200,2418024.0000,3
2025-11-21,20251121133500000,sz.002225,5.7300,5.7600,5.7300,5.7600,168900,970352.0000,3
2025-11-21,20251121134000000,sz.002225,5.7500,5.7600,5.7200,5.7200,304400,1747032.0000,3
2025-11-21,20251121134500000,sz.002225,5.7300,5.7300,5.7000,5.7200,635900,3632816.0000,3
2025-11-21,20251121135000000,sz.002225,5.7100,5.7200,5.7000,5.7100,364400,2079856.0000,3
2025-11-21,20251121135500000,sz.002225,5.7100,5.7100,5.7000,5.7100,408700,2331344.0000,3
2025-11-21,20251121140000000,sz.002225,5.7000,5.7100,5.7000,5.7000,481400,2745424.0000,3
2025-11-21,20251121140500000,sz.002225,5.7000,5.7000,5.6800,5.7000,619000,3522640.0000,3
2025-11-21,20251121141000000,sz.002225,5.6900,5.6900,5.6700,5.6700,598400,3398288.0000,3
2025-11-21,20251121141500000,sz.002225,5.6700,5.6800,5.6700,5.6800,264300,1500176.0000,3
2025-11-21,20251121142000000,sz.002225,5.6800,5.6900,5.6700,5.6800,376800,2140176.0000,3
2025-11-21,20251121142500000,sz.002225,5.6800,5.6900,5.6700,5.6800,226100,1284016.0000,3
2025-11-21,20251121143000000,sz.002225,5.6800,5.6900,5.6700,5.6800,545300,3096464.0000,3
2025-11-21,20251121143500000,sz.002225,5.6800,5.6900,5.6700,5.6800,361700,2052064.0000,3
2025-11-21,20251121144000000,sz.002225,5.6700,5.6800,5.6600,5.6700,924800,5240736.0000,3
2025-11-21,20251121144500000,sz.002225,5.6700,5.6700,5.6500,5.6500,534000,3021376.0000,3
2025-11-21,20251121145000000,sz.002225,5.6500,5.6600,5.6400,5.6600,887400,5014544.0000,3
2025-11-21,20251121145500000,sz.002225,5.6600,5.6700,5.6100,5.6300,1544100,8709792.0000,3
2025-11-21,20251121150000000,sz.002225,5.6500,5.6600,5.6400,5.6600,911300,5154160.0000,3
2025-11-24,20251124093500000,sz.002225,5.9300,6.1600,5.8900,5.9200,15162300,91041704.0000,3
2025-11-24,20251124094000000,sz.002225,5.9300,5.9400,5.8700,5.9100,2381700,14050912.0000,3
2025-11-24,20251124094500000,sz.002225,5.9000,5.9400,5.8700,5.8800,1931900,11385072.0000,3
2025-11-24,20251124095000000,sz.002225,5.9100,5.9100,5.8600,5.8600,1029000,6056440.0000,3
2025-11-24,20251124095500000,sz.002225,5.8600,5.8900,5.8300,5.8400,1126800,6596456.0000,3
2025-11-24,20251124100000000,sz.002225,5.8400,5.8700,5.8300,5.8400,1047900,6110232.0000,3
2025-11-24,20251124100500000,sz.002225,5.8400,5.8500,5.8000,5.8000,619300,3608928.0000,3
2025-11-24,20251124101000000,sz.002225,5.8000,5.8100,5.7900,5.8000,500300,2901280.0000,3
2025-11-24,20251124101500000,sz.002225,5.8000,5.8200,5.7900,5.8000,768800,4461088.0000,3
2025-11-24,20251124102000000,sz.002225,5.8000,5.8100,5.7900,5.8000,436700,2532560.0000,3
2025-11-24,20251124102500000,sz.002225,5.8000,5.8000,5.7900,5.8000,540500,3131584.0000,3
2025-11-24,20251124103000000,sz.002225,5.7900,5.8000,5.7900,5.8000,284700,1650064.0000,3
2025-11-24,20251124103500000,sz.002225,5.8000,5.8000,5.7800,5.7800,323700,1874048.0000,3
2025-11-24,20251124104000000,sz.002225,5.7800,5.7900,5.7800,5.7800,370300,2141968.0000,3
2025-11-24,20251124104500000,sz.002225,5.7800,5.7900,5.7600,5.7700,441800,2551344.0000,3
2025-11-24,20251124105000000,sz.002225,5.7700,5.7800,5.7600,5.7800,405400,2339184.0000,3
2025-11-24,20251124105500000,sz.002225,5.7700,5.7800,5.7600,5.7600,270300,1559328.0000,3
2025-11-24,20251124110000000,sz.002225,5.7700,5.7700,5.7400,5.7400,596700,3433248.0000,3
2025-11-24,20251124110500000,sz.002225,5.7400,5.7500,5.7400,5.7500,424900,2440352.0000,3
2025-11-24,20251124111000000,sz.002225,5.7400,5.7400,5.7200,5.7400,335600,1923104.0000,3
2025-11-24,20251124111500000,sz.002225,5.7400,5.7400,5.7300,5.7300,307500,1763344.0000,3
2025-11-24,20251124112000000,sz.002225,5.7300,5.7300,5.7100,5.7200,390100,2230448.0000,3
2025-11-24,20251124112500000,sz.002225,5.7100,5.7300,5.7100,5.7200,300300,1719104.0000,3
2025-11-24,20251124113000000,sz.002225,5.7200,5.7300,5.7200,5.7300,227300,1300464.0000,3
2025-11-24,20251124130500000,sz.002225,5.7300,5.7300,5.7100,5.7200,497100,2842432.0000,3
2025-11-24,20251124131000000,sz.002225,5.7200,5.8000,5.7200,5.7800,666300,3846432.0000,3
2025-11-24,20251124131500000,sz.002225,5.7900,5.7900,5.7700,5.7800,231500,1338496.0000,3
2025-11-24,20251124132000000,sz.002225,5.7800,5.8000,5.7700,5.8000,280300,1622480.0000,3
2025-11-24,20251124132500000,sz.002225,5.7900,5.8100,5.7900,5.8000,182600,1059600.0000,3
2025-11-24,20251124133000000,sz.002225,5.8000,5.8300,5.8000,5.8300,257700,1497296.0000,3
2025-11-24,20251124133500000,sz.002225,5.8200,5.8300,5.8200,5.8300,452000,2631488.0000,3
2025-11-24,20251124134000000,sz.002225,5.8200,5.8300,5.8100,5.8100,244900,1425360.0000,3
2025-11-24,20251124134500000,sz.002225,5.8200,5.8300,5.8100,5.8200,181600,1056832.0000,3
2025-11-24,20251124135000000,sz.002225,5.8200,5.8200,5.8100,5.8100,125800,731920.0000,3
2025-11-24,20251124135500000,sz.002225,5.8200,5.8200,5.8000,5.8100,286600,1665136.0000,3
2025-11-24,20251124140000000,sz.002225,5.8000,5.8200,5.8000,5.8100,235400,1367680.0000,3
2025-11-24,20251124140500000,sz.002225,5.8200,5.8300,5.8000,5.8300,224000,1302832.0000,3
2025-11-24,20251124141000000,sz.002225,5.8300,5.8300,5.8200,5.8200,111100,647360.0000,3
2025-11-24,20251124141500000,sz.002225,5.8300,5.8500,5.8100,5.8500,753800,4391232.0000,3
2025-11-24,20251124142000000,sz.002225,5.8500,5.9000,5.8500,5.8900,1390400,8176096.0000,3
2025-11-24,20251124142500000,sz.002225,5.9100,5.9100,5.8800,5.8900,509400,3002816.0000,3
2025-11-24,20251124143000000,sz.002225,5.8900,5.8900,5.8800,5.8800,318800,1876208.0000,3
2025-11-24,20251124143500000,sz.002225,5.8900,5.8900,5.8600,5.8700,334900,1969472.0000,3
2025-11-24,20251124144000000,sz.002225,5.8700,5.8800,5.8600,5.8800,390500,2292080.0000,3
2025-11-24,20251124144500000,sz.002225,5.8800,5.8800,5.8500,5.8600,370200,2171328.0000,3
2025-11-24,20251124145000000,sz.002225,5.8700,5.8700,5.8400,5.8400,459100,2688832.0000,3
2025-11-24,20251124145500000,sz.002225,5.8500,5.8500,5.8300,5.8400,802900,4689872.0000,3
2025-11-24,20251124150000000,sz.002225,5.8400,5.8600,5.8300,5.8600,735000,4300752.0000,3
2025-11-25,20251125093500000,sz.002225,5.9100,5.9100,5.7900,5.8000,4959300,29031502.0000,3
2025-11-25,20251125094000000,sz.002225,5.8000,5.8300,5.7900,5.7900,2301400,13367018.0000,3
2025-11-25,20251125094500000,sz.002225,5.7900,5.8300,5.7800,5.8300,1841600,10678812.0000,3
2025-11-25,20251125095000000,sz.002225,5.8200,5.8300,5.8000,5.8100,899100,5226424.0000,3
2025-11-25,20251125095500000,sz.002225,5.8100,5.8300,5.8000,5.8300,620300,3606224.0000,3
2025-11-25,20251125100000000,sz.002225,5.8300,5.8300,5.8100,5.8200,992800,5778476.0000,3
2025-11-25,20251125100500000,sz.002225,5.8200,5.8200,5.8100,5.8200,805200,4680984.0000,3
2025-11-25,20251125101000000,sz.002225,5.8200,5.8200,5.8100,5.8100,771900,4486496.0000,3
2025-11-25,20251125101500000,sz.002225,5.8200,5.8400,5.8200,5.8400,522800,3048112.0000,3
2025-11-25,20251125102000000,sz.002225,5.8400,5.8500,5.8400,5.8500,491500,2873384.0000,3
2025-11-25,20251125102500000,sz.002225,5.8500,5.8500,5.8400,5.8500,179600,1049448.0000,3
2025-11-25,20251125103000000,sz.002225,5.8500,5.8600,5.8400,5.8600,430900,2519240.0000,3
2025-11-25,20251125103500000,sz.002225,5.8500,5.8600,5.8500,5.8600,222600,1303680.0000,3
2025-11-25,20251125104000000,sz.002225,5.8600,5.8600,5.8500,5.8500,293500,1719552.0000,3
2025-11-25,20251125104500000,sz.002225,5.8600,5.8600,5.8500,5.8500,330900,1938000.0000,3
2025-11-25,20251125105000000,sz.002225,5.8600,5.8600,5.8400,5.8400,397800,2327136.0000,3
2025-11-25,20251125105500000,sz.002225,5.8400,5.8600,5.8400,5.8500,314500,1839248.0000,3
2025-11-25,20251125110000000,sz.002225,5.8500,5.8500,5.8300,5.8300,270200,1578872.0000,3
2025-11-25,20251125110500000,sz.002225,5.8300,5.8400,5.8200,5.8200,466300,2717256.0000,3
2025-11-25,20251125111000000,sz.002225,5.8300,5.8400,5.8200,5.8400,311000,1813072.0000,3
2025-11-25,20251125111500000,sz.002225,5.8400,5.8500,5.8300,5.8500,222400,1298152.0000,3
2025-11-25,20251125112000000,sz.002225,5.8500,5.8500,5.8400,5.8400,121700,711128.0000,3
2025-11-25,20251125112500000,sz.002225,5.8500,5.8500,5.8400,5.8400,226000,1321440.0000,3
2025-11-25,20251125113000000,sz.002225,5.8400,5.8500,5.8300,5.8300,219800,1283176.0000,3
2025-11-25,20251125130500000,sz.002225,5.8400,5.8400,5.7800,5.8000,1848100,10735440.0000,3
2025-11-25,20251125131000000,sz.002225,5.8000,5.8300,5.8000,5.8100,824400,4791824.0000,3
2025-11-25,20251125131500000,sz.002225,5.8000,5.8100,5.7700,5.7800,2003700,11594608.0000,3
2025-11-25,20251125132000000,sz.002225,5.7900,5.7900,5.7600,5.7700,1326900,7659008.0000,3
2025-11-25,20251125132500000,sz.002225,5.7800,5.7800,5.7600,5.7600,834100,4810896.0000,3
2025-11-25,20251125133000000,sz.002225,5.7600,5.7700,5.7600,5.7600,410100,2364816.0000,3
2025-11-25,20251125133500000,sz.002225,5.7700,5.7900,5.7600,5.7800,526000,3037248.0000,3
2025-11-25,20251125134000000,sz.002225,5.7800,5.7900,5.7700,5.7900,333900,1932384.0000,3
2025-11-25,20251125134500000,sz.002225,5.7900,5.8000,5.7800,5.7900,325800,1886224.0000,3
2025-11-25,20251125135000000,sz.002225,5.7900,5.8000,5.7800,5.7900,208600,1208096.0000,3
2025-11-25,20251125135500000,sz.002225,5.7900,5.8000,5.7900,5.8000,161800,937184.0000,3
2025-11-25,20251125140000000,sz.002225,5.7900,5.8000,5.7800,5.7900,259300,1501296.0000,3
2025-11-25,20251125140500000,sz.002225,5.8000,5.8000,5.7800,5.8000,276100,1598864.0000,3
2025-11-25,20251125141000000,sz.002225,5.7900,5.8000,5.7900,5.7900,298200,1726752.0000,3
2025-11-25,20251125141500000,sz.002225,5.7900,5.8000,5.7800,5.7900,205300,1188592.0000,3
2025-11-25,20251125142000000,sz.002225,5.7900,5.7900,5.7700,5.7700,429800,2483360.0000,3
2025-11-25,20251125142500000,sz.002225,5.7700,5.7700,5.7600,5.7700,1074800,6195488.0000,3
2025-11-25,20251125143000000,sz.002225,5.7700,5.7800,5.7600,5.7700,273900,1580400.0000,3
2025-11-25,20251125143500000,sz.002225,5.7700,5.7800,5.7700,5.7800,221600,1279776.0000,3
2025-11-25,20251125144000000,sz.002225,5.7800,5.7900,5.7700,5.7900,172700,997872.0000,3
2025-11-25,20251125144500000,sz.002225,5.7800,5.7900,5.7800,5.7800,156200,903520.0000,3
2025-11-25,20251125145000000,sz.002225,5.7900,5.7900,5.7800,5.7800,600500,3472992.0000,3
2025-11-25,20251125145500000,sz.002225,5.7800,5.7900,5.7700,5.7800,982700,5676240.0000,3
2025-11-25,20251125150000000,sz.002225,5.7700,5.7800,5.7600,5.7600,1027300,5923584.0000,3
2025-11-26,20251126093500000,sz.002225,5.9500,6.0200,5.9000,5.9800,12702700,75832432.0000,3
2025-11-26,20251126094000000,sz.002225,5.9800,6.0200,5.9600,6.0100,5315000,31842552.0000,3
2025-11-26,20251126094500000,sz.002225,6.0100,6.0300,5.9900,6.0100,3156100,18987440.0000,3
2025-11-26,20251126095000000,sz.002225,6.0100,6.0100,5.9400,5.9500,1422800,8485816.0000,3
2025-11-26,20251126095500000,sz.002225,5.9500,5.9500,5.9100,5.9400,1575100,9335344.0000,3
2025-11-26,20251126100000000,sz.002225,5.9300,5.9300,5.9000,5.9000,1020200,6032832.0000,3
2025-11-26,20251126100500000,sz.002225,5.9000,5.9300,5.9000,5.9200,555700,3285024.0000,3
2025-11-26,20251126101000000,sz.002225,5.9200,5.9500,5.9000,5.9100,622000,3680880.0000,3
2025-11-26,20251126101500000,sz.002225,5.9000,5.9100,5.9000,5.9000,233000,1375872.0000,3
2025-11-26,20251126102000000,sz.002225,5.9000,5.9200,5.8900,5.9100,725600,4281520.0000,3
2025-11-26,20251126102500000,sz.002225,5.9100,5.9100,5.9000,5.9000,189400,1118000.0000,3
2025-11-26,20251126103000000,sz.002225,5.9000,5.9000,5.8900,5.8900,275100,1622352.0000,3
2025-11-26,20251126103500000,sz.002225,5.8900,5.9000,5.8800,5.8800,523400,3081328.0000,3
2025-11-26,20251126104000000,sz.002225,5.8800,5.9100,5.8800,5.9000,554500,3267664.0000,3
2025-11-26,20251126104500000,sz.002225,5.9000,5.9100,5.8800,5.8800,438000,2582256.0000,3
2025-11-26,20251126105000000,sz.002225,5.8800,5.8900,5.8700,5.8700,300900,1768800.0000,3
2025-11-26,20251126105500000,sz.002225,5.8700,5.8900,5.8700,5.8800,439700,2584256.0000,3
2025-11-26,20251126110000000,sz.002225,5.8900,5.8900,5.8800,5.8900,122400,720592.0000,3
2025-11-26,20251126110500000,sz.002225,5.8900,5.8900,5.8600,5.8800,672900,3950992.0000,3
2025-11-26,20251126111000000,sz.002225,5.8900,5.9500,5.8900,5.9100,824000,4881520.0000,3
2025-11-26,20251126111500000,sz.002225,5.9100,5.9700,5.9100,5.9600,608100,3618192.0000,3
2025-11-26,20251126112000000,sz.002225,5.9600,5.9800,5.9500,5.9600,645400,3851888.0000,3
2025-11-26,20251126112500000,sz.002225,5.9700,5.9700,5.9400,5.9700,339900,2025440.0000,3
2025-11-26,20251126113000000,sz.002225,5.9700,5.9800,5.9400,5.9500,486600,2901504.0000,3
2025-11-26,20251126130500000,sz.002225,5.9500,5.9600,5.9500,5.9500,427500,2545120.0000,3
2025-11-26,20251126131000000,sz.002225,5.9600,5.9600,5.9300,5.9400,667800,3972864.0000,3
2025-11-26,20251126131500000,sz.002225,5.9500,5.9600,5.9500,5.9500,597700,3559008.0000,3
2025-11-26,20251126132000000,sz.002225,5.9500,5.9600,5.9400,5.9500,638700,3799904.0000,3
2025-11-26,20251126132500000,sz.002225,5.9500,5.9600,5.9300,5.9400,654000,3887712.0000,3
2025-11-26,20251126133000000,sz.002225,5.9400,5.9400,5.9200,5.9300,200000,1185296.0000,3
2025-11-26,20251126133500000,sz.002225,5.9300,5.9300,5.9100,5.9200,316100,1871696.0000,3
2025-11-26,20251126134000000,sz.002225,5.9200,5.9200,5.9000,5.9100,204400,1208624.0000,3
2025-11-26,20251126134500000,sz.002225,5.9100,5.9200,5.9100,5.9100,177000,1046896.0000,3
2025-11-26,20251126135000000,sz.002225,5.9100,5.9300,5.9000,5.9300,245700,1453264.0000,3
2025-11-26,20251126135500000,sz.002225,5.9300,5.9300,5.9100,5.9200,116000,686736.0000,3
2025-11-26,20251126140000000,sz.002225,5.9100,5.9200,5.9000,5.9100,282500,1669376.0000,3
2025-11-26,20251126140500000,sz.002225,5.9000,5.9100,5.8900,5.8900,267400,1577424.0000,3
2025-11-26,20251126141000000,sz.002225,5.8900,5.9000,5.8800,5.8900,337700,1989104.0000,3
2025-11-26,20251126141500000,sz.002225,5.8900,5.9000,5.8800,5.8900,366400,2158112.0000,3
2025-11-26,20251126142000000,sz.002225,5.8900,5.9000,5.8800,5.8800,281800,1658224.0000,3
2025-11-26,20251126142500000,sz.002225,5.8800,5.8900,5.8700,5.8800,312200,1835728.0000,3
2025-11-26,20251126143000000,sz.002225,5.8800,5.9000,5.8700,5.8900,371100,2184784.0000,3
2025-11-26,20251126143500000,sz.002225,5.8900,5.9000,5.8800,5.8900,243800,1435632.0000,3
2025-11-26,20251126144000000,sz.002225,5.8800,5.8900,5.8800,5.8800,380700,2240208.0000,3
2025-11-26,20251126144500000,sz.002225,5.8800,5.8800,5.8700,5.8800,252600,1484416.0000,3
2025-11-26,20251126145000000,sz.002225,5.8800,5.8800,5.8600,5.8800,988500,5805648.0000,3
2025-11-26,20251126145500000,sz.002225,5.8800,5.9200,5.8700,5.9200,1279100,7544624.0000,3
2025-11-26,20251126150000000,sz.002225,5.9200,5.9200,5.8900,5.8900,992500,5857136.0000,3
2025-11-27,20251127093500000,sz.002225,6.1200,6.1500,5.9000,5.9400,16445200,99042048.0000,3
2025-11-27,20251127094000000,sz.002225,5.9300,5.9400,5.8400,5.8400,3939300,23198888.0000,3
2025-11-27,20251127094500000,sz.002225,5.8400,5.8700,5.8100,5.8500,2116900,12362344.0000,3
2025-11-27,20251127095000000,sz.002225,5.8400,5.8900,5.8300,5.8800,1598300,9377984.0000,3
2025-11-27,20251127095500000,sz.002225,5.8800,5.8800,5.8500,5.8600,1174900,6884784.0000,3
2025-11-27,20251127100000000,sz.002225,5.8600,5.8700,5.8400,5.8400,1095900,6412672.0000,3
2025-11-27,20251127100500000,sz.002225,5.8400,5.8900,5.8400,5.8600,834400,4887504.0000,3
2025-11-27,20251127101000000,sz.002225,5.8600,5.8800,5.8400,5.8700,729100,4271072.0000,3
2025-11-27,20251127101500000,sz.002225,5.8600,5.8700,5.8500,5.8600,563600,3301904.0000,3
2025-11-27,20251127102000000,sz.002225,5.8500,5.8800,5.8500,5.8800,560400,3284512.0000,3
2025-11-27,20251127102500000,sz.002225,5.8800,5.8800,5.8600,5.8700,527400,3095728.0000,3
2025-11-27,20251127103000000,sz.002225,5.8600,5.8700,5.8500,5.8600,590100,3459088.0000,3
2025-11-27,20251127103500000,sz.002225,5.8500,5.8700,5.8500,5.8600,516200,3024848.0000,3
2025-11-27,20251127104000000,sz.002225,5.8600,5.8800,5.8600,5.8800,436300,2562608.0000,3
2025-11-27,20251127104500000,sz.002225,5.8700,5.8800,5.8600,5.8600,477100,2799040.0000,3
2025-11-27,20251127105000000,sz.002225,5.8600,5.8700,5.8500,5.8600,489700,2868880.0000,3
2025-11-27,20251127105500000,sz.002225,5.8600,5.8700,5.8500,5.8700,391000,2291424.0000,3
2025-11-27,20251127110000000,sz.002225,5.8600,5.8700,5.8600,5.8700,434200,2545360.0000,3
2025-11-27,20251127110500000,sz.002225,5.8600,5.8700,5.8500,5.8700,476000,2790336.0000,3
2025-11-27,20251127111000000,sz.002225,5.8600,5.8700,5.8500,5.8600,362500,2123696.0000,3
2025-11-27,20251127111500000,sz.002225,5.8500,5.8700,5.8500,5.8700,466300,2732336.0000,3
2025-11-27,20251127112000000,sz.002225,5.8600,5.8700,5.8600,5.8700,165100,968064.0000,3
2025-11-27,20251127112500000,sz.002225,5.8600,5.9600,5.8600,5.9400,2417300,14301168.0000,3
2025-11-27,20251127113000000,sz.002225,5.9300,5.9400,5.8800,5.9200,1158300,6856736.0000,3
2025-11-27,20251127130500000,sz.002225,5.9200,5.9200,5.8800,5.9000,1064800,6279376.0000,3
2025-11-27,20251127131000000,sz.002225,5.8900,5.9000,5.8700,5.8800,344600,2027936.0000,3
2025-11-27,20251127131500000,sz.002225,5.8700,5.8900,5.8700,5.8900,315600,1856800.0000,3
2025-11-27,20251127132000000,sz.002225,5.8800,5.8900,5.8700,5.8800,404800,2380176.0000,3
2025-11-27,20251127132500000,sz.002225,5.8700,5.8800,5.8700,5.8800,352000,2067888.0000,3
2025-11-27,20251127133000000,sz.002225,5.8700,5.8800,5.8700,5.8800,144200,846976.0000,3
2025-11-27,20251127133500000,sz.002225,5.8700,5.8900,5.8700,5.8900,425700,2504816.0000,3
2025-11-27,20251127134000000,sz.002225,5.8800,5.8900,5.8800,5.8900,423800,2494208.0000,3
2025-11-27,20251127134500000,sz.002225,5.8800,5.8800,5.8700,5.8700,459700,2701856.0000,3
2025-11-27,20251127135000000,sz.002225,5.8700,5.8800,5.8700,5.8800,303700,1783824.0000,3
2025-11-27,20251127135500000,sz.002225,5.8800,5.8800,5.8700,5.8700,793800,4660496.0000,3
2025-11-27,20251127140000000,sz.002225,5.8600,5.8700,5.8600,5.8600,331500,1943456.0000,3
2025-11-27,20251127140500000,sz.002225,5.8600,5.8700,5.8600,5.8700,341800,2005712.0000,3
2025-11-27,20251127141000000,sz.002225,5.8600,5.8700,5.8500,5.8500,656000,3845104.0000,3
2025-11-27,20251127141500000,sz.002225,5.8500,5.8600,5.8500,5.8500,236300,1383312.0000,3
2025-11-27,20251127142000000,sz.002225,5.8500,5.8700,5.8500,5.8600,386200,2263648.0000,3
2025-11-27,20251127142500000,sz.002225,5.8600,5.8700,5.8600,5.8700,107600,631312.0000,3
2025-11-27,20251127143000000,sz.002225,5.8600,5.8700,5.8600,5.8700,250900,1471792.0000,3
2025-11-27,20251127143500000,sz.002225,5.8600,5.8700,5.8600,5.8700,407500,2389920.0000,3
2025-11-27,20251127144000000,sz.002225,5.8600,5.8700,5.8600,5.8600,769700,4513472.0000,3
2025-11-27,20251127144500000,sz.002225,5.8600,5.8700,5.8600,5.8700,417600,2448512.0000,3
2025-11-27,20251127145000000,sz.002225,5.8600,5.8700,5.8600,5.8700,688500,4035360.0000,3
2025-11-27,20251127145500000,sz.002225,5.8600,5.8600,5.8400,5.8500,1525300,8925472.0000,3
2025-11-27,20251127150000000,sz.002225,5.8500,5.8600,5.8400,5.8600,808200,4730144.0000,3
2025-11-28,20251128093500000,sz.002225,5.7500,5.7700,5.6800,5.7000,6391200,36531776.0000,3
2025-11-28,20251128094000000,sz.002225,5.7000,5.7100,5.6900,5.7000,1660700,9470268.0000,3
2025-11-28,20251128094500000,sz.002225,5.6900,5.7100,5.6900,5.6900,1739400,9910988.0000,3
2025-11-28,20251128095000000,sz.002225,5.7000,5.7100,5.6800,5.7100,1418100,8069208.0000,3
2025-11-28,20251128095500000,sz.002225,5.7100,5.7800,5.6900,5.7800,2204500,12642104.0000,3
2025-11-28,20251128100000000,sz.002225,5.7600,5.7700,5.7200,5.7200,1049300,6027648.0000,3
2025-11-28,20251128100500000,sz.002225,5.7100,5.7400,5.7100,5.7400,527400,3017680.0000,3
2025-11-28,20251128101000000,sz.002225,5.7400,5.7500,5.7300,5.7400,483700,2778640.0000,3
2025-11-28,20251128101500000,sz.002225,5.7500,5.7700,5.7400,5.7600,656200,3777528.0000,3
2025-11-28,20251128102000000,sz.002225,5.7600,5.7700,5.7500,5.7500,565800,3258944.0000,3
2025-11-28,20251128102500000,sz.002225,5.7600,5.7600,5.7500,5.7500,338100,1944688.0000,3
2025-11-28,20251128103000000,sz.002225,5.7500,5.7700,5.7400,5.7700,544200,3132768.0000,3
2025-11-28,20251128103500000,sz.002225,5.7600,5.8000,5.7600,5.8000,747500,4321008.0000,3
2025-11-28,20251128104000000,sz.002225,5.8000,5.8400,5.7800,5.8100,1291400,7498104.0000,3
2025-11-28,20251128104500000,sz.002225,5.8200,5.8200,5.7800,5.7800,429900,2491960.0000,3
2025-11-28,20251128105000000,sz.002225,5.7800,5.8000,5.7700,5.8000,299900,1734152.0000,3
2025-11-28,20251128105500000,sz.002225,5.7900,5.8000,5.7800,5.7800,159900,925608.0000,3
2025-11-28,20251128110000000,sz.002225,5.7800,5.8100,5.7700,5.8000,409200,2367968.0000,3
2025-11-28,20251128110500000,sz.002225,5.8100,5.8100,5.7800,5.7800,194000,1124568.0000,3
2025-11-28,20251128111000000,sz.002225,5.7900,5.7900,5.7700,5.7800,224500,1297064.0000,3
2025-11-28,20251128111500000,sz.002225,5.7800,5.7900,5.7700,5.7800,138100,798688.0000,3
2025-11-28,20251128112000000,sz.002225,5.7800,5.8300,5.7800,5.8200,595600,3460656.0000,3
2025-11-28,20251128112500000,sz.002225,5.8200,5.8500,5.8000,5.8300,977600,5702888.0000,3
2025-11-28,20251128113000000,sz.002225,5.8400,5.8400,5.8000,5.8000,389500,2269208.0000,3
2025-11-28,20251128130500000,sz.002225,5.8100,5.8200,5.7800,5.7900,433900,2515600.0000,3
2025-11-28,20251128131000000,sz.002225,5.7900,5.7900,5.7700,5.7700,789800,4559776.0000,3
2025-11-28,20251128131500000,sz.002225,5.7700,5.7800,5.7700,5.7700,148800,858880.0000,3
2025-11-28,20251128132000000,sz.002225,5.7800,5.8000,5.7600,5.7800,472100,2726880.0000,3
2025-11-28,20251128132500000,sz.002225,5.7900,5.7900,5.7800,5.7900,158500,917072.0000,3
2025-11-28,20251128133000000,sz.002225,5.7900,5.8000,5.7900,5.8000,94800,549376.0000,3
2025-11-28,20251128133500000,sz.002225,5.7900,5.8000,5.7900,5.7900,117800,683056.0000,3
2025-11-28,20251128134000000,sz.002225,5.8000,5.8000,5.7900,5.7900,97900,567232.0000,3
2025-11-28,20251128134500000,sz.002225,5.7900,5.8100,5.7900,5.8100,158600,920128.0000,3
2025-11-28,20251128135000000,sz.002225,5.8000,5.8000,5.7900,5.8000,152900,885584.0000,3
2025-11-28,20251128135500000,sz.002225,5.7900,5.8000,5.7900,5.8000,219600,1271808.0000,3
2025-11-28,20251128140000000,sz.002225,5.8000,5.8000,5.7900,5.7900,189800,1099248.0000,3
2025-11-28,20251128140500000,sz.002225,5.7900,5.8000,5.7800,5.7900,238500,1379680.0000,3
2025-11-28,20251128141000000,sz.002225,5.7800,5.7900,5.7700,5.7800,259100,1498000.0000,3
2025-11-28,20251128141500000,sz.002225,5.7900,5.7900,5.7800,5.7800,420100,2429184.0000,3
2025-11-28,20251128142000000,sz.002225,5.7800,5.8000,5.7800,5.7900,260600,1508608.0000,3
2025-11-28,20251128142500000,sz.002225,5.7900,5.8000,5.7800,5.8000,474300,2745584.0000,3
2025-11-28,20251128143000000,sz.002225,5.7900,5.8000,5.7900,5.7900,116100,672640.0000,3
2025-11-28,20251128143500000,sz.002225,5.7900,5.8000,5.7900,5.7900,368600,2135488.0000,3
2025-11-28,20251128144000000,sz.002225,5.7900,5.8000,5.7900,5.7900,95700,554352.0000,3
2025-11-28,20251128144500000,sz.002225,5.7900,5.8000,5.7900,5.8000,506800,2936992.0000,3
2025-11-28,20251128145000000,sz.002225,5.8000,5.8300,5.7900,5.8000,1153000,6698432.0000,3
2025-11-28,20251128145500000,sz.002225,5.8200,5.8200,5.8000,5.8100,1289600,7491712.0000,3
2025-11-28,20251128150000000,sz.002225,5.8100,5.8100,5.8000,5.8000,984000,5710960.0000,3
2025-12-01,20251201093500000,sz.002225,5.8000,5.8300,5.7600,5.8200,2151400,12479710.0000,3
2025-12-01,20251201094000000,sz.002225,5.8200,5.8300,5.8000,5.8200,2026000,11780930.0000,3
2025-12-01,20251201094500000,sz.002225,5.8200,5.8300,5.8100,5.8200,1105200,6434970.0000,3
2025-12-01,20251201095000000,sz.002225,5.8300,5.8400,5.8200,5.8300,648300,3779170.0000,3
2025-12-01,20251201095500000,sz.002225,5.8400,5.8500,5.8300,5.8500,688600,4020828.0000,3
2025-12-01,20251201100000000,sz.002225,5.8500,5.8700,5.8400,5.8600,1035100,6057316.0000,3
2025-12-01,20251201100500000,sz.002225,5.8600,5.8700,5.8500,5.8600,541100,3169044.0000,3
2025-12-01,20251201101000000,sz.002225,5.8600,5.8600,5.8400,5.8400,856000,5004196.0000,3
2025-12-01,20251201101500000,sz.002225,5.8500,5.8500,5.8300,5.8400,325800,1903420.0000,3
2025-12-01,20251201102000000,sz.002225,5.8400,5.8400,5.8300,5.8400,300500,1752632.0000,3
2025-12-01,20251201102500000,sz.002225,5.8300,5.8400,5.8100,5.8200,510900,2973984.0000,3
2025-12-01,20251201103000000,sz.002225,5.8100,5.8300,5.8100,5.8300,288600,1679848.0000,3
2025-12-01,20251201103500000,sz.002225,5.8300,5.8300,5.8200,5.8300,204900,1192884.0000,3
2025-12-01,20251201104000000,sz.002225,5.8300,5.8300,5.8100,5.8200,342300,1991156.0000,3
2025-12-01,20251201104500000,sz.002225,5.8100,5.8200,5.8000,5.8100,392200,2277588.0000,3
2025-12-01,20251201105000000,sz.002225,5.8100,5.8100,5.7900,5.8000,568200,3295492.0000,3
2025-12-01,20251201105500000,sz.002225,5.7900,5.8200,5.7900,5.8100,423800,2460024.0000,3
2025-12-01,20251201110000000,sz.002225,5.8200,5.8300,5.8100,5.8300,147300,857112.0000,3
2025-12-01,20251201110500000,sz.002225,5.8200,5.8200,5.8100,5.8200,172500,1003592.0000,3
2025-12-01,20251201111000000,sz.002225,5.8100,5.8300,5.8100,5.8200,133500,777608.0000,3
2025-12-01,20251201111500000,sz.002225,5.8300,5.8400,5.8200,5.8300,410200,2391552.0000,3
2025-12-01,20251201112000000,sz.002225,5.8300,5.8400,5.8300,5.8300,113900,664072.0000,3
2025-12-01,20251201112500000,sz.002225,5.8300,5.8400,5.8200,5.8200,257000,1498472.0000,3
2025-12-01,20251201113000000,sz.002225,5.8200,5.8400,5.8200,5.8400,121800,710184.0000,3
2025-12-01,20251201130500000,sz.002225,5.8300,5.8400,5.8300,5.8300,469200,2736424.0000,3
2025-12-01,20251201131000000,sz.002225,5.8400,5.8400,5.8200,5.8300,316800,1846792.0000,3
2025-12-01,20251201131500000,sz.002225,5.8300,5.8400,5.8200,5.8200,338500,1974432.0000,3
2025-12-01,20251201132000000,sz.002225,5.8400,5.8400,5.8200,5.8200,277400,1613832.0000,3
2025-12-01,20251201132500000,sz.002225,5.8200,5.8300,5.8200,5.8200,332300,1935552.0000,3
2025-12-01,20251201133000000,sz.002225,5.8300,5.8300,5.8200,5.8200,207900,1210624.0000,3
2025-12-01,20251201133500000,sz.002225,5.8200,5.8200,5.7800,5.7900,1221300,7080088.0000,3
2025-12-01,20251201134000000,sz.002225,5.8000,5.8000,5.7900,5.7900,290200,1681464.0000,3
2025-12-01,20251201134500000,sz.002225,5.7900,5.8000,5.7900,5.7900,279800,1620896.0000,3
2025-12-01,20251201135000000,sz.002225,5.7900,5.7900,5.7800,5.7800,319400,1848848.0000,3
2025-12-01,20251201135500000,sz.002225,5.7900,5.8000,5.7800,5.7800,268600,1554768.0000,3
2025-12-01,20251201140000000,sz.002225,5.7800,5.7900,5.7700,5.7800,626000,3617584.0000,3
2025-12-01,20251201140500000,sz.002225,5.7800,5.7900,5.7800,5.7800,302300,1748000.0000,3
2025-12-01,20251201141000000,sz.002225,5.7800,5.7900,5.7700,5.7700,316200,1826608.0000,3
2025-12-01,20251201141500000,sz.002225,5.7800,5.7800,5.7700,5.7800,323500,1868608.0000,3
2025-12-01,20251201142000000,sz.002225,5.7700,5.7800,5.7700,5.7800,389700,2250336.0000,3
2025-12-01,20251201142500000,sz.002225,5.7700,5.7800,5.7700,5.7700,325900,1882296.0000,3
2025-12-01,20251201143000000,sz.002225,5.7700,5.7900,5.7700,5.7800,546200,3155472.0000,3
2025-12-01,20251201143500000,sz.002225,5.7700,5.7800,5.7700,5.7800,430600,2485496.0000,3
2025-12-01,20251201144000000,sz.002225,5.7700,5.7900,5.7700,5.7900,343700,1985664.0000,3
2025-12-01,20251201144500000,sz.002225,5.7800,5.7900,5.7800,5.7800,226600,1310256.0000,3
2025-12-01,20251201145000000,sz.002225,5.7800,5.8000,5.7800,5.7900,659600,3818584.0000,3
2025-12-01,20251201145500000,sz.002225,5.7900,5.8000,5.7800,5.8000,679000,3930520.0000,3
2025-12-01,20251201150000000,sz.002225,5.8000,5.8100,5.7900,5.7900,676900,3922368.0000,3
2025-12-02,20251202093500000,sz.002225,5.7700,5.7700,5.7100,5.7100,1891600,10850314.0000,3
2025-12-02,20251202094000000,sz.002225,5.7100,5.7500,5.7100,5.7500,886500,5083506.0000,3
2025-12-02,20251202094500000,sz.002225,5.7400,5.7700,5.7300,5.7600,804800,4629840.0000,3
2025-12-02,20251202095000000,sz.002225,5.7600,5.7700,5.7300,5.7500,645100,3711504.0000,3
2025-12-02,20251202095500000,sz.002225,5.7500,5.7700,5.7400,5.7700,274400,1579862.0000,3
2025-12-02,20251202100000000,sz.002225,5.7700,5.7700,5.7500,5.7700,657600,3785566.0000,3
2025-12-02,20251202100500000,sz.002225,5.7700,5.7700,5.7300,5.7500,1050700,6037840.0000,3
2025-12-02,20251202101000000,sz.002225,5.7600,5.7600,5.7400,5.7500,207800,1194296.0000,3
2025-12-02,20251202101500000,sz.002225,5.7400,5.7500,5.7400,5.7500,249900,1435988.0000,3
2025-12-02,20251202102000000,sz.002225,5.7400,5.7500,5.7400,5.7500,286800,1647184.0000,3
2025-12-02,20251202102500000,sz.002225,5.7500,5.7600,5.7400,5.7600,308600,1774016.0000,3
2025-12-02,20251202103000000,sz.002225,5.7600,5.7600,5.7400,5.7500,305400,1755520.0000,3
2025-12-02,20251202103500000,sz.002225,5.7500,5.7700,5.7400,5.7600,575900,3316312.0000,3
2025-12-02,20251202104000000,sz.002225,5.7700,5.7900,5.7700,5.7700,423000,2443748.0000,3
2025-12-02,20251202104500000,sz.002225,5.7800,5.7900,5.7700,5.7900,226400,1308704.0000,3
2025-12-02,20251202105000000,sz.002225,5.7800,5.7900,5.7800,5.7900,100800,583024.0000,3
2025-12-02,20251202105500000,sz.002225,5.7900,5.7900,5.7600,5.7800,489600,2830072.0000,3
2025-12-02,20251202110000000,sz.002225,5.7800,5.7800,5.7700,5.7800,335900,1939056.0000,3
2025-12-02,20251202110500000,sz.002225,5.7800,5.7800,5.7600,5.7600,363900,2100212.0000,3
2025-12-02,20251202111000000,sz.002225,5.7700,5.7700,5.7600,5.7600,134200,773268.0000,3
2025-12-02,20251202111500000,sz.002225,5.7600,5.7700,5.7500,5.7500,125500,722380.0000,3
2025-12-02,20251202112000000,sz.002225,5.7600,5.7600,5.7500,5.7500,89700,516116.0000,3
2025-12-02,20251202112500000,sz.002225,5.7500,5.7600,5.7400,5.7500,174100,1001152.0000,3
2025-12-02,20251202113000000,sz.002225,5.7400,5.7500,5.7300,5.7400,283600,1628244.0000,3
2025-12-02,20251202130500000,sz.002225,5.7400,5.7500,5.7300,5.7400,396800,2277632.0000,3
2025-12-02,20251202131000000,sz.002225,5.7500,5.7500,5.7400,5.7500,138800,797504.0000,3
2025-12-02,20251202131500000,sz.002225,5.7400,5.7500,5.7400,5.7500,166900,959012.0000,3
2025-12-02,20251202132000000,sz.002225,5.7400,5.7600,5.7400,5.7500,424900,2444728.0000,3
2025-12-02,20251202132500000,sz.002225,5.7500,5.7600,5.7500,5.7600,210000,1207544.0000,3
2025-12-02,20251202133000000,sz.002225,5.7600,5.7600,5.7400,5.7500,193500,1112912.0000,3
2025-12-02,20251202133500000,sz.002225,5.7500,5.7800,5.7500,5.7700,405200,2335208.0000,3
2025-12-02,20251202134000000,sz.002225,5.7700,5.7800,5.7700,5.7700,150200,866696.0000,3
2025-12-02,20251202134500000,sz.002225,5.7700,5.8100,5.7600,5.8100,1072700,6206984.0000,3
2025-12-02,20251202135000000,sz.002225,5.8100,5.8400,5.8000,5.8400,2190300,12760384.0000,3
2025-12-02,20251202135500000,sz.002225,5.8200,5.8400,5.8200,5.8200,777700,4535760.0000,3
2025-12-02,20251202140000000,sz.002225,5.8200,5.8300,5.8100,5.8200,203400,1183248.0000,3
2025-12-02,20251202140500000,sz.002225,5.8200,5.8200,5.8100,5.8200,162300,943840.0000,3
2025-12-02,20251202141000000,sz.002225,5.8100,5.8200,5.8000,5.8000,439000,2548544.0000,3
2025-12-02,20251202141500000,sz.002225,5.8000,5.8200,5.8000,5.8200,182900,1062856.0000,3
2025-12-02,20251202142000000,sz.002225,5.8100,5.8300,5.8100,5.8200,516000,3003248.0000,3
2025-12-02,20251202142500000,sz.002225,5.8200,5.8300,5.8100,5.8100,253000,1471776.0000,3
2025-12-02,20251202143000000,sz.002225,5.8100,5.8200,5.8000,5.8000,130700,759512.0000,3
2025-12-02,20251202143500000,sz.002225,5.8000,5.8100,5.7900,5.7900,246500,1429880.0000,3
2025-12-02,20251202144000000,sz.002225,5.7900,5.8000,5.7900,5.7900,137500,796736.0000,3
2025-12-02,20251202144500000,sz.002225,5.7900,5.8000,5.7900,5.8000,202200,1171528.0000,3
2025-12-02,20251202145000000,sz.002225,5.8000,5.8000,5.7900,5.7900,291200,1688136.0000,3
2025-12-02,20251202145500000,sz.002225,5.7900,5.8100,5.7900,5.8000,623500,3613768.0000,3
2025-12-02,20251202150000000,sz.002225,5.8000,5.8100,5.7900,5.8000,425700,2468864.0000,3
2025-12-03,20251203093500000,sz.002225,5.7800,5.7800,5.7400,5.7700,1247700,7183307.0000,3
2025-12-03,20251203094000000,sz.002225,5.7700,5.7800,5.7500,5.7500,1048300,6036576.0000,3
2025-12-03,20251203094500000,sz.002225,5.7500,5.7700,5.7400,5.7600,609500,3505929.0000,3
2025-12-03,20251203095000000,sz.002225,5.7600,5.7600,5.7200,5.7300,1231800,7068328.0000,3
2025-12-03,20251203095500000,sz.002225,5.7200,5.7400,5.7200,5.7200,1123100,6427946.0000,3
2025-12-03,20251203100000000,sz.002225,5.7200,5.7200,5.7000,5.7100,1088300,6213526.0000,3
2025-12-03,20251203100500000,sz.002225,5.7000,5.7200,5.7000,5.7100,968700,5526404.0000,3
2025-12-03,20251203101000000,sz.002225,5.7200,5.7200,5.7000,5.7000,566200,3231664.0000,3
2025-12-03,20251203101500000,sz.002225,5.7000,5.7100,5.7000,5.7100,266700,1521604.0000,3
2025-12-03,20251203102000000,sz.002225,5.7100,5.7200,5.7000,5.7200,441100,2520116.0000,3
2025-12-03,20251203102500000,sz.002225,5.7200,5.7300,5.7100,5.7200,215900,1235532.0000,3
2025-12-03,20251203103000000,sz.002225,5.7200,5.7400,5.7200,5.7300,544200,3117644.0000,3
2025-12-03,20251203103500000,sz.002225,5.7300,5.7600,5.7300,5.7400,509500,2925708.0000,3
2025-12-03,20251203104000000,sz.002225,5.7400,5.9200,5.7300,5.9200,4898800,28628724.0000,3
2025-12-03,20251203104500000,sz.002225,5.9300,6.0200,5.8900,6.0200,8793100,52330496.0000,3
2025-12-03,20251203105000000,sz.002225,6.0100,6.0100,5.9400,5.9800,4632400,27760896.0000,3
2025-12-03,20251203105500000,sz.002225,5.9800,5.9800,5.9400,5.9400,1484600,8854624.0000,3
2025-12-03,20251203110000000,sz.002225,5.9400,6.0800,5.9400,6.0400,6457500,38826944.0000,3
2025-12-03,20251203110500000,sz.002225,6.0400,6.0400,6.0000,6.0000,1406000,8468096.0000,3
2025-12-03,20251203111000000,sz.002225,6.0100,6.0300,6.0000,6.0200,1535500,9230944.0000,3
2025-12-03,20251203111500000,sz.002225,6.0200,6.0400,6.0100,6.0300,1885800,11360656.0000,3
2025-12-03,20251203112000000,sz.002225,6.0400,6.0600,6.0200,6.0200,1550500,9373712.0000,3
2025-12-03,20251203112500000,sz.002225,6.0200,6.0300,6.0000,6.0100,712400,4285280.0000,3
2025-12-03,20251203113000000,sz.002225,6.0100,6.0100,5.9900,5.9900,381300,2286928.0000,3
2025-12-03,20251203130500000,sz.002225,6.0000,6.0100,5.9600,5.9600,1119600,6703888.0000,3
2025-12-03,20251203131000000,sz.002225,5.9600,5.9700,5.9500,5.9700,445700,2656544.0000,3
2025-12-03,20251203131500000,sz.002225,5.9700,6.0000,5.9600,5.9900,593700,3549088.0000,3
2025-12-03,20251203132000000,sz.002225,5.9900,5.9900,5.9600,5.9600,347600,2077984.0000,3
2025-12-03,20251203132500000,sz.002225,5.9700,5.9700,5.9600,5.9600,109900,655392.0000,3
2025-12-03,20251203133000000,sz.002225,5.9700,5.9700,5.9600,5.9700,252500,1506912.0000,3
2025-12-03,20251203133500000,sz.002225,5.9700,5.9700,5.9300,5.9500,751900,4473856.0000,3
2025-12-03,20251203134000000,sz.002225,5.9500,5.9500,5.9300,5.9400,377200,2240896.0000,3
2025-12-03,20251203134500000,sz.002225,5.9500,5.9500,5.9300,5.9300,260100,1545792.0000,3
2025-12-03,20251203135000000,sz.002225,5.9300,5.9400,5.9300,5.9300,245900,1460096.0000,3
2025-12-03,20251203135500000,sz.002225,5.9300,5.9400,5.9300,5.9300,329100,1952640.0000,3
2025-12-03,20251203140000000,sz.002225,5.9300,5.9600,5.9200,5.9400,493200,2928288.0000,3
2025-12-03,20251203140500000,sz.002225,5.9400,5.9700,5.9300,5.9300,476900,2837664.0000,3
2025-12-03,20251203141000000,sz.002225,5.9300,5.9600,5.9300,5.9400,378500,2252480.0000,3
2025-12-03,20251203141500000,sz.002225,5.9400,5.9600,5.9400,5.9600,353500,2104864.0000,3
2025-12-03,20251203142000000,sz.002225,5.9500,5.9600,5.9400,5.9400,223400,1329760.0000,3
2025-12-03,20251203142500000,sz.002225,5.9400,5.9500,5.9400,5.9500,468300,2783776.0000,3
2025-12-03,20251203143000000,sz.002225,5.9400,5.9500,5.9400,5.9400,266200,1581696.0000,3
2025-12-03,20251203143500000,sz.002225,5.9500,5.9600,5.9500,5.9600,747200,4449472.0000,3
2025-12-03,20251203144000000,sz.002225,5.9700,5.9700,5.9600,5.9600,280000,1669344.0000,3
2025-12-03,20251203144500000,sz.002225,5.9600,5.9700,5.9500,5.9500,324700,1934880.0000,3
2025-12-03,20251203145000000,sz.002225,5.9600,5.9700,5.9500,5.9600,753300,4491776.0000,3
2025-12-03,20251203145500000,sz.002225,5.9500,5.9600,5.9400,5.9500,982000,5841600.0000,3
2025-12-03,20251203150000000,sz.002225,5.9500,5.9600,5.9400,5.9400,1043500,6203712.0000,3
2025-12-04,20251204093500000,sz.002225,5.9000,5.9100,5.8500,5.8700,2804200,16487379.0000,3
2025-12-04,20251204094000000,sz.002225,5.8600,5.8700,5.8500,5.8500,1342200,7862721.0000,3
2025-12-04,20251204094500000,sz.002225,5.8600,5.8700,5.8400,5.8500,1451100,8488782.0000,3
2025-12-04,20251204095000000,sz.002225,5.8500,5.8600,5.8400,5.8400,1012700,5918034.0000,3
2025-12-04,20251204095500000,sz.002225,5.8300,5.8400,5.8100,5.8200,1460800,8503260.0000,3
2025-12-04,20251204100000000,sz.002225,5.8200,5.8500,5.8200,5.8300,468200,2731568.0000,3
2025-12-04,20251204100500000,sz.002225,5.8300,5.8300,5.8100,5.8200,467800,2724216.0000,3
2025-12-04,20251204101000000,sz.002225,5.8200,5.8200,5.7900,5.8100,1619000,9394576.0000,3
2025-12-04,20251204101500000,sz.002225,5.8100,5.8200,5.8000,5.8100,286400,1663684.0000,3
2025-12-04,20251204102000000,sz.002225,5.8100,5.8200,5.7900,5.7900,630100,3656852.0000,3
2025-12-04,20251204102500000,sz.002225,5.8000,5.8200,5.7900,5.8200,408900,2372368.0000,3
2025-12-04,20251204103000000,sz.002225,5.8200,5.8200,5.8000,5.8100,230000,1336608.0000,3
2025-12-04,20251204103500000,sz.002225,5.8100,5.8300,5.8100,5.8100,220100,1279904.0000,3
2025-12-04,20251204104000000,sz.002225,5.8100,5.8200,5.8100,5.8100,132300,768960.0000,3
2025-12-04,20251204104500000,sz.002225,5.8100,5.8300,5.8100,5.8200,193400,1124792.0000,3
2025-12-04,20251204105000000,sz.002225,5.8200,5.8300,5.8200,5.8200,130300,758520.0000,3
2025-12-04,20251204105500000,sz.002225,5.8300,5.8400,5.8200,5.8300,154000,897984.0000,3
2025-12-04,20251204110000000,sz.002225,5.8300,5.8400,5.8300,5.8300,200400,1170120.0000,3
2025-12-04,20251204110500000,sz.002225,5.8300,5.8300,5.8200,5.8200,418300,2436968.0000,3
2025-12-04,20251204111000000,sz.002225,5.8200,5.8300,5.8100,5.8200,156100,907936.0000,3
2025-12-04,20251204111500000,sz.002225,5.8200,5.8200,5.8100,5.8100,89200,518656.0000,3
2025-12-04,20251204112000000,sz.002225,5.8200,5.8300,5.8100,5.8200,139500,812024.0000,3
2025-12-04,20251204112500000,sz.002225,5.8300,5.8300,5.8200,5.8200,70500,410360.0000,3
2025-12-04,20251204113000000,sz.002225,5.8200,5.8300,5.8200,5.8200,118100,687608.0000,3
2025-12-04,20251204130500000,sz.002225,5.8300,5.8300,5.8200,5.8300,145200,845928.0000,3
2025-12-04,20251204131000000,sz.002225,5.8200,5.8300,5.8000,5.8100,595300,3459376.0000,3
2025-12-04,20251204131500000,sz.002225,5.8100,5.8100,5.8000,5.8100,279900,1624496.0000,3
2025-12-04,20251204132000000,sz.002225,5.8000,5.8000,5.7900,5.8000,505000,2928864.0000,3
2025-12-04,20251204132500000,sz.002225,5.8100,5.8200,5.8000,5.8200,270300,1571016.0000,3
2025-12-04,20251204133000000,sz.002225,5.8200,5.8300,5.8100,5.8100,135800,789864.0000,3
2025-12-04,20251204133500000,sz.002225,5.8200,5.8200,5.8000,5.8000,178400,1037440.0000,3
2025-12-04,20251204134000000,sz.002225,5.8000,5.8200,5.8000,5.8000,119400,693456.0000,3
2025-12-04,20251204134500000,sz.002225,5.8100,5.8200,5.8000,5.8200,256200,1489544.0000,3
2025-12-04,20251204135000000,sz.002225,5.8200,5.8200,5.8100,5.8200,176900,1028248.0000,3
2025-12-04,20251204135500000,sz.002225,5.8100,5.8200,5.8000,5.8100,220900,1283304.0000,3
2025-12-04,20251204140000000,sz.002225,5.8100,5.8100,5.8000,5.8100,137100,795696.0000,3
2025-12-04,20251204140500000,sz.002225,5.8000,5.8900,5.8000,5.8700,3291700,19308280.0000,3
2025-12-04,20251204141000000,sz.002225,5.8500,5.9100,5.8500,5.8500,2105500,12379672.0000,3
2025-12-04,20251204141500000,sz.002225,5.8600,5.8700,5.8600,5.8600,326800,1917440.0000,3
2025-12-04,20251204142000000,sz.002225,5.8600,5.8600,5.8400,5.8400,301100,1762200.0000,3
2025-12-04,20251204142500000,sz.002225,5.8400,5.8500,5.8400,5.8400,103700,606240.0000,3
2025-12-04,20251204143000000,sz.002225,5.8400,5.8600,5.8400,5.8600,184800,1081024.0000,3
2025-12-04,20251204143500000,sz.002225,5.8500,5.8600,5.8400,5.8400,247100,1446048.0000,3
2025-12-04,20251204144000000,sz.002225,5.8500,5.8500,5.8200,5.8200,920500,5367136.0000,3
2025-12-04,20251204144500000,sz.002225,5.8300,5.8400,5.8200,5.8300,300400,1751056.0000,3
2025-12-04,20251204145000000,sz.002225,5.8300,5.8500,5.8200,5.8500,497200,2901888.0000,3
2025-12-04,20251204145500000,sz.002225,5.8400,5.8500,5.8300,5.8300,486600,2839504.0000,3
2025-12-04,20251204150000000,sz.002225,5.8300,5.8300,5.8200,5.8200,367900,2142240.0000,3
2025-12-05,20251205093500000,sz.002225,5.8200,5.8200,5.7800,5.8000,766900,4445370.0000,3
2025-12-05,20251205094000000,sz.002225,5.7900,5.8100,5.7800,5.7900,440300,2550282.0000,3
2025-12-05,20251205094500000,sz.002225,5.7900,5.8000,5.7700,5.7700,491300,2839729.0000,3
2025-12-05,20251205095000000,sz.002225,5.7800,5.7900,5.7700,5.7700,354200,2046908.0000,3
2025-12-05,20251205095500000,sz.002225,5.7700,5.8100,5.7700,5.8000,528000,3054878.0000,3
2025-12-05,20251205100000000,sz.002225,5.8000,5.8300,5.7900,5.8300,199900,1160950.0000,3
2025-12-05,20251205100500000,sz.002225,5.8300,5.8500,5.8200,5.8400,618600,3611535.0000,3
2025-12-05,20251205101000000,sz.002225,5.8500,5.8500,5.8300,5.8300,230300,1344400.0000,3
2025-12-05,20251205101500000,sz.002225,5.8300,5.8400,5.8100,5.8200,152300,886948.0000,3
2025-12-05,20251205102000000,sz.002225,5.8100,5.8300,5.8100,5.8200,164400,956304.0000,3
2025-12-05,20251205102500000,sz.002225,5.8200,5.8400,5.8100,5.8300,327300,1906932.0000,3
2025-12-05,20251205103000000,sz.002225,5.8400,5.8400,5.8200,5.8300,117300,683896.0000,3
2025-12-05,20251205103500000,sz.002225,5.8200,5.8400,5.8200,5.8300,32700,190708.0000,3
2025-12-05,20251205104000000,sz.002225,5.8300,5.8400,5.8300,5.8400,124600,726732.0000,3
2025-12-05,20251205104500000,sz.002225,5.8300,5.8400,5.8300,5.8300,57200,333636.0000,3
2025-12-05,20251205105000000,sz.002225,5.8400,5.8400,5.8300,5.8300,353000,2061112.0000,3
2025-12-05,20251205105500000,sz.002225,5.8400,5.8600,5.8300,5.8500,452100,2643358.0000,3
2025-12-05,20251205110000000,sz.002225,5.8500,5.8500,5.8400,5.8500,83800,489730.0000,3
2025-12-05,20251205110500000,sz.002225,5.8500,5.8500,5.8400,5.8500,308300,1802096.0000,3
2025-12-05,20251205111000000,sz.002225,5.8400,5.8600,5.8400,5.8500,294700,1724420.0000,3
2025-12-05,20251205111500000,sz.002225,5.8600,5.8600,5.8500,5.8600,563400,3299416.0000,3
2025-12-05,20251205112000000,sz.002225,5.8600,5.8700,5.8600,5.8700,215600,1265028.0000,3
2025-12-05,20251205112500000,sz.002225,5.8700,5.8800,5.8600,5.8600,170700,1001856.0000,3
2025-12-05,20251205113000000,sz.002225,5.8700,5.8700,5.8500,5.8600,221500,1298744.0000,3
2025-12-05,20251205130500000,sz.002225,5.8600,5.8600,5.8300,5.8300,357700,2091720.0000,3
2025-12-05,20251205131000000,sz.002225,5.8300,5.8400,5.8300,5.8400,217900,1270748.0000,3
2025-12-05,20251205131500000,sz.002225,5.8400,5.8400,5.8300,5.8300,274800,1602604.0000,3
2025-12-05,20251205132000000,sz.002225,5.8300,5.8400,5.8200,5.8300,337900,1967376.0000,3
2025-12-05,20251205132500000,sz.002225,5.8200,5.8400,5.8200,5.8200,176600,1028928.0000,3
2025-12-05,20251205133000000,sz.002225,5.8200,5.8300,5.8200,5.8200,61200,356288.0000,3
2025-12-05,20251205133500000,sz.002225,5.8200,5.8400,5.8200,5.8300,778400,4536736.0000,3
2025-12-05,20251205134000000,sz.002225,5.8200,5.8300,5.8200,5.8300,285200,1662000.0000,3
2025-12-05,20251205134500000,sz.002225,5.8300,5.8400,5.8200,5.8300,232600,1355940.0000,3
2025-12-05,20251205135000000,sz.002225,5.8300,5.8500,5.8300,5.8500,243500,1422356.0000,3
2025-12-05,20251205135500000,sz.002225,5.8400,5.8600,5.8400,5.8500,547700,3201376.0000,3
2025-12-05,20251205140000000,sz.002225,5.8500,5.8600,5.8500,5.8500,92100,539100.0000,3
2025-12-05,20251205140500000,sz.002225,5.8500,5.8700,5.8500,5.8600,375700,2201964.0000,3
2025-12-05,20251205141000000,sz.002225,5.8600,5.8700,5.8600,5.8600,281700,1652840.0000,3
2025-12-05,20251205141500000,sz.002225,5.8700,5.8800,5.8600,5.8600,658200,3864584.0000,3
2025-12-05,20251205142000000,sz.002225,5.8600,5.8700,5.8600,5.8600,163100,956048.0000,3
2025-12-05,20251205142500000,sz.002225,5.8600,5.8800,5.8600,5.8800,488100,2863720.0000,3
2025-12-05,20251205143000000,sz.002225,5.8700,5.8800,5.8700,5.8700,567000,3331216.0000,3
2025-12-05,20251205143500000,sz.002225,5.8700,5.8800,5.8600,5.8700,340300,1996224.0000,3
2025-12-05,20251205144000000,sz.002225,5.8600,5.8800,5.8600,5.8800,451900,2652856.0000,3
2025-12-05,20251205144500000,sz.002225,5.8700,5.8800,5.8600,5.8800,455400,2674216.0000,3
2025-12-05,20251205145000000,sz.002225,5.8700,5.8800,5.8700,5.8700,948500,5568264.0000,3
2025-12-05,20251205145500000,sz.002225,5.8800,5.8800,5.8700,5.8800,767900,4513384.0000,3
2025-12-05,20251205150000000,sz.002225,5.8800,5.8800,5.8700,5.8800,513900,3020640.0000,3
2025-12-08,20251208093500000,sz.002225,5.8800,5.9400,5.8500,5.8900,2409600,14177438.0000,3
2025-12-08,20251208094000000,sz.002225,5.8900,5.9100,5.8600,5.8600,955500,5624912.0000,3
2025-12-08,20251208094500000,sz.002225,5.8700,5.8800,5.8400,5.8500,784500,4592734.0000,3
2025-12-08,20251208095000000,sz.002225,5.8400,5.8600,5.8400,5.8600,373700,2185932.0000,3
2025-12-08,20251208095500000,sz.002225,5.8500,5.8600,5.8400,5.8400,473500,2769646.0000,3
2025-12-08,20251208100000000,sz.002225,5.8400,5.8500,5.8200,5.8500,1168100,6810198.0000,3
2025-12-08,20251208100500000,sz.002225,5.8400,5.8500,5.8400,5.8400,432500,2526220.0000,3
2025-12-08,20251208101000000,sz.002225,5.8300,5.8500,5.8300,5.8500,469000,2735808.0000,3
2025-12-08,20251208101500000,sz.002225,5.8400,5.8500,5.8200,5.8200,533100,3110284.0000,3
2025-12-08,20251208102000000,sz.002225,5.8200,5.8400,5.8200,5.8400,291100,1697708.0000,3
2025-12-08,20251208102500000,sz.002225,5.8300,5.8500,5.8300,5.8400,198800,1161096.0000,3
2025-12-08,20251208103000000,sz.002225,5.8500,5.8500,5.8300,5.8400,421600,2462312.0000,3
2025-12-08,20251208103500000,sz.002225,5.8400,5.8500,5.8300,5.8500,181800,1061848.0000,3
2025-12-08,20251208104000000,sz.002225,5.8400,5.8500,5.8300,5.8500,170000,992856.0000,3
2025-12-08,20251208104500000,sz.002225,5.8500,5.8500,5.8400,5.8400,103100,602308.0000,3
2025-12-08,20251208105000000,sz.002225,5.8400,5.8500,5.8400,5.8400,216000,1261584.0000,3
2025-12-08,20251208105500000,sz.002225,5.8400,5.8600,5.8400,5.8600,372500,2179084.0000,3
2025-12-08,20251208110000000,sz.002225,5.8500,5.8600,5.8400,5.8500,277000,1620936.0000,3
2025-12-08,20251208110500000,sz.002225,5.8500,5.8600,5.8400,5.8500,138600,810448.0000,3
2025-12-08,20251208111000000,sz.002225,5.8400,5.8500,5.8400,5.8400,170600,996612.0000,3
2025-12-08,20251208111500000,sz.002225,5.8400,5.8500,5.8300,5.8300,321500,1875976.0000,3
2025-12-08,20251208112000000,sz.002225,5.8300,5.8500,5.8300,5.8500,132000,770844.0000,3
2025-12-08,20251208112500000,sz.002225,5.8400,5.8600,5.8400,5.8600,185300,1084080.0000,3
2025-12-08,20251208113000000,sz.002225,5.8400,5.8600,5.8400,5.8500,161500,945872.0000,3
2025-12-08,20251208130500000,sz.002225,5.8500,5.8600,5.8400,5.8500,229600,1343088.0000,3
2025-12-08,20251208131000000,sz.002225,5.8400,5.8600,5.8400,5.8600,258600,1512272.0000,3
2025-12-08,20251208131500000,sz.002225,5.8600,5.8600,5.8200,5.8400,1406200,8203640.0000,3
2025-12-08,20251208132000000,sz.002225,5.8300,5.8500,5.8300,5.8400,136300,795952.0000,3
2025-12-08,20251208132500000,sz.002225,5.8400,5.8500,5.8300,5.8400,167100,975648.0000,3
2025-12-08,20251208133000000,sz.002225,5.8400,5.8600,5.8400,5.8600,199300,1165760.0000,3
2025-12-08,20251208133500000,sz.002225,5.8500,5.8600,5.8500,5.8600,197400,1155216.0000,3
2025-12-08,20251208134000000,sz.002225,5.8500,5.8900,5.8500,5.8700,709700,4167352.0000,3
2025-12-08,20251208134500000,sz.002225,5.8700,5.9300,5.8700,5.9300,1545100,9139032.0000,3
2025-12-08,20251208135000000,sz.002225,5.9200,5.9400,5.9000,5.9000,843400,4995160.0000,3
2025-12-08,20251208135500000,sz.002225,5.9000,5.9100,5.8900,5.9000,192200,1133704.0000,3
2025-12-08,20251208140000000,sz.002225,5.8900,5.9000,5.8800,5.8800,221700,1305472.0000,3
2025-12-08,20251208140500000,sz.002225,5.8800,5.8900,5.8700,5.8800,324500,1908112.0000,3
2025-12-08,20251208141000000,sz.002225,5.8800,5.8900,5.8800,5.8800,43000,253056.0000,3
2025-12-08,20251208141500000,sz.002225,5.8800,5.8900,5.8700,5.8700,492600,2895032.0000,3
2025-12-08,20251208142000000,sz.002225,5.8700,5.8800,5.8600,5.8700,193100,1133472.0000,3
2025-12-08,20251208142500000,sz.002225,5.8800,5.8900,5.8700,5.8900,341800,2009760.0000,3
2025-12-08,20251208143000000,sz.002225,5.8800,5.8900,5.8800,5.8800,94500,556424.0000,3
2025-12-08,20251208143500000,sz.002225,5.8900,5.8900,5.8800,5.8900,158800,935040.0000,3
2025-12-08,20251208144000000,sz.002225,5.8800,5.8900,5.8800,5.8800,276600,1627424.0000,3
2025-12-08,20251208144500000,sz.002225,5.8800,5.8900,5.8700,5.8900,301300,1771384.0000,3
2025-12-08,20251208145000000,sz.002225,5.8900,5.8900,5.8800,5.8800,371000,2182024.0000,3
2025-12-08,20251208145500000,sz.002225,5.8800,5.8900,5.8800,5.8900,310500,1827560.0000,3
2025-12-08,20251208150000000,sz.002225,5.8800,5.8900,5.8800,5.8800,839100,4936560.0000,3
2025-12-09,20251209093500000,sz.002225,5.8500,5.8600,5.8100,5.8300,900200,5251006.0000,3
2025-12-09,20251209094000000,sz.002225,5.8300,5.8600,5.8300,5.8400,653300,3815810.0000,3
2025-12-09,20251209094500000,sz.002225,5.8300,5.8400,5.8300,5.8400,277300,1618029.0000,3
2025-12-09,20251209095000000,sz.002225,5.8300,5.8400,5.8200,5.8200,555200,3235967.0000,3
2025-12-09,20251209095500000,sz.002225,5.8300,5.8400,5.8200,5.8400,524600,3056724.0000,3
2025-12-09,20251209100000000,sz.002225,5.8300,5.8400,5.8300,5.8300,431500,2518816.0000,3
2025-12-09,20251209100500000,sz.002225,5.8300,5.8400,5.8000,5.8100,1203800,7001724.0000,3
2025-12-09,20251209101000000,sz.002225,5.8200,5.8300,5.8100,5.8300,268600,1562798.0000,3
2025-12-09,20251209101500000,sz.002225,5.8200,5.8200,5.8100,5.8100,614900,3576310.0000,3
2025-12-09,20251209102000000,sz.002225,5.8100,5.8200,5.8100,5.8100,101400,589576.0000,3
2025-12-09,20251209102500000,sz.002225,5.8100,5.8200,5.8000,5.8000,731900,4249000.0000,3
2025-12-09,20251209103000000,sz.002225,5.8000,5.8200,5.8000,5.8200,278900,1620644.0000,3
2025-12-09,20251209103500000,sz.002225,5.8200,5.8300,5.8100,5.8300,163600,952172.0000,3
2025-12-09,20251209104000000,sz.002225,5.8200,5.8300,5.8200,5.8200,132500,771288.0000,3
2025-12-09,20251209104500000,sz.002225,5.8200,5.8300,5.8200,5.8200,102100,594288.0000,3
2025-12-09,20251209105000000,sz.002225,5.8300,5.8300,5.8100,5.8100,346300,2013656.0000,3
2025-12-09,20251209105500000,sz.002225,5.8100,5.8200,5.8000,5.8100,207600,1206284.0000,3
2025-12-09,20251209110000000,sz.002225,5.8100,5.8100,5.8000,5.8100,181200,1051612.0000,3
2025-12-09,20251209110500000,sz.002225,5.8000,5.8100,5.8000,5.8000,482000,2795984.0000,3
2025-12-09,20251209111000000,sz.002225,5.8000,5.8100,5.8000,5.8100,109100,633212.0000,3
2025-12-09,20251209111500000,sz.002225,5.8000,5.8100,5.7900,5.8000,500900,2904892.0000,3
2025-12-09,20251209112000000,sz.002225,5.7900,5.8000,5.7900,5.7900,157500,912288.0000,3
2025-12-09,20251209112500000,sz.002225,5.7900,5.8000,5.7900,5.7900,267200,1547340.0000,3
2025-12-09,20251209113000000,sz.002225,5.8000,5.8000,5.7900,5.8000,136200,789884.0000,3
2025-12-09,20251209130500000,sz.002225,5.8000,5.8200,5.7900,5.8200,392700,2278936.0000,3
2025-12-09,20251209131000000,sz.002225,5.8100,5.8200,5.7900,5.7900,311800,1809660.0000,3
2025-12-09,20251209131500000,sz.002225,5.8000,5.8000,5.7900,5.7900,175300,1016268.0000,3
2025-12-09,20251209132000000,sz.002225,5.7800,5.8000,5.7800,5.7800,566300,3278736.0000,3
2025-12-09,20251209132500000,sz.002225,5.7900,5.7900,5.7800,5.7900,282300,1633016.0000,3
2025-12-09,20251209133000000,sz.002225,5.7800,5.7900,5.7700,5.7800,724800,4186856.0000,3
2025-12-09,20251209133500000,sz.002225,5.7800,5.7900,5.7700,5.7800,232300,1342672.0000,3
2025-12-09,20251209134000000,sz.002225,5.7800,5.7900,5.7800,5.7800,113700,657296.0000,3
2025-12-09,20251209134500000,sz.002225,5.7800,5.7900,5.7700,5.7900,351500,2031320.0000,3
2025-12-09,20251209135000000,sz.002225,5.7800,5.7900,5.7800,5.7900,151300,875520.0000,3
2025-12-09,20251209135500000,sz.002225,5.7800,5.7900,5.7800,5.7800,99600,576080.0000,3
2025-12-09,20251209140000000,sz.002225,5.7900,5.7900,5.7800,5.7800,22300,129072.0000,3
2025-12-09,20251209140500000,sz.002225,5.7800,5.7800,5.7700,5.7700,414900,2396048.0000,3
2025-12-09,20251209141000000,sz.002225,5.7800,5.7900,5.7700,5.7800,166300,961616.0000,3
2025-12-09,20251209141500000,sz.002225,5.7800,5.7900,5.7700,5.7700,180700,1044592.0000,3
2025-12-09,20251209142000000,sz.002225,5.7800,5.7800,5.7600,5.7700,476900,2751336.0000,3
2025-12-09,20251209142500000,sz.002225,5.7700,5.7800,5.7600,5.7700,112800,650784.0000,3
2025-12-09,20251209143000000,sz.002225,5.7700,5.7800,5.7600,5.7700,190700,1100480.0000,3
2025-12-09,20251209143500000,sz.002225,5.7800,5.7800,5.7600,5.7600,306000,1764504.0000,3
2025-12-09,20251209144000000,sz.002225,5.7700,5.7700,5.7600,5.7600,415800,2397592.0000,3
2025-12-09,20251209144500000,sz.002225,5.7700,5.7700,5.7600,5.7600,493500,2843576.0000,3
2025-12-09,20251209145000000,sz.002225,5.7600,5.7700,5.7600,5.7700,470600,2712328.0000,3
2025-12-09,20251209145500000,sz.002225,5.7600,5.7700,5.7500,5.7600,962200,5540072.0000,3
2025-12-09,20251209150000000,sz.002225,5.7700,5.7700,5.7500,5.7600,394400,2270760.0000,3
2025-12-10,20251210093500000,sz.002225,5.7400,5.7700,5.7200,5.7600,1062100,6103661.0000,3
2025-12-10,20251210094000000,sz.002225,5.7500,5.7600,5.7200,5.7300,660000,3783422.0000,3
2025-12-10,20251210094500000,sz.002225,5.7300,5.7300,5.7200,5.7300,1110900,6356865.0000,3
2025-12-10,20251210095000000,sz.002225,5.7300,5.7500,5.7200,5.7500,464000,2662604.0000,3
2025-12-10,20251210095500000,sz.002225,5.7400,5.7500,5.7300,5.7300,387200,2222672.0000,3
2025-12-10,20251210100000000,sz.002225,5.7300,5.7400,5.7200,5.7300,438700,2513296.0000,3
2025-12-10,20251210100500000,sz.002225,5.7300,5.7400,5.7200,5.7300,413300,2367900.0000,3
2025-12-10,20251210101000000,sz.002225,5.7300,5.7500,5.7300,5.7500,411900,2364146.0000,3
2025-12-10,20251210101500000,sz.002225,5.7400,5.7500,5.7300,5.7400,453100,2598400.0000,3
2025-12-10,20251210102000000,sz.002225,5.7400,5.7400,5.7200,5.7300,348500,1997098.0000,3
2025-12-10,20251210102500000,sz.002225,5.7300,5.7400,5.7200,5.7300,168400,965232.0000,3
2025-12-10,20251210103000000,sz.002225,5.7300,5.7400,5.7200,5.7300,504200,2886640.0000,3
2025-12-10,20251210103500000,sz.002225,5.7300,5.7400,5.7100,5.7200,619600,3543344.0000,3
2025-12-10,20251210104000000,sz.002225,5.7100,5.7200,5.6800,5.6800,1816000,10348820.0000,3
2025-12-10,20251210104500000,sz.002225,5.6800,5.7000,5.6800,5.6900,792800,4510884.0000,3
2025-12-10,20251210105000000,sz.002225,5.7000,5.7000,5.6800,5.6800,311900,1773660.0000,3
2025-12-10,20251210105500000,sz.002225,5.6800,5.7100,5.6800,5.7100,607900,3462004.0000,3
2025-12-10,20251210110000000,sz.002225,5.7100,5.7100,5.6900,5.7000,168400,959596.0000,3
2025-12-10,20251210110500000,sz.002225,5.7000,5.7000,5.6900,5.6900,404600,2304228.0000,3
2025-12-10,20251210111000000,sz.002225,5.6900,5.6900,5.6800,5.6900,261400,1486080.0000,3
2025-12-10,20251210111500000,sz.002225,5.6900,5.7000,5.6700,5.6800,1058200,6012544.0000,3
2025-12-10,20251210112000000,sz.002225,5.6700,5.6800,5.6700,5.6700,387900,2200376.0000,3
2025-12-10,20251210112500000,sz.002225,5.6700,5.6800,5.6700,5.6700,345400,1959256.0000,3
2025-12-10,20251210113000000,sz.002225,5.6800,5.6800,5.6600,5.6600,619200,3507992.0000,3
2025-12-10,20251210130500000,sz.002225,5.6600,5.6700,5.6500,5.6600,927400,5247432.0000,3
2025-12-10,20251210131000000,sz.002225,5.6500,5.6600,5.6400,5.6500,884500,4996912.0000,3
2025-12-10,20251210131500000,sz.002225,5.6500,5.6500,5.6400,5.6400,679000,3830808.0000,3
2025-12-10,20251210132000000,sz.002225,5.6400,5.6500,5.6300,5.6500,435400,2456792.0000,3
2025-12-10,20251210132500000,sz.002225,5.6400,5.6500,5.6400,5.6500,319100,1801728.0000,3
2025-12-10,20251210133000000,sz.002225,5.6500,5.6700,5.6400,5.6700,362300,2047784.0000,3
2025-12-10,20251210133500000,sz.002225,5.6700,5.6800,5.6600,5.6800,244900,1389608.0000,3
2025-12-10,20251210134000000,sz.002225,5.6900,5.6900,5.6800,5.6900,116700,663552.0000,3
2025-12-10,20251210134500000,sz.002225,5.6900,5.6900,5.6700,5.6800,220300,1250696.0000,3
2025-12-10,20251210135000000,sz.002225,5.6700,5.6800,5.6700,5.6700,129900,737088.0000,3
2025-12-10,20251210135500000,sz.002225,5.6800,5.6800,5.6700,5.6800,92900,527136.0000,3
2025-12-10,20251210140000000,sz.002225,5.6700,5.6800,5.6700,5.6800,38400,218000.0000,3
2025-12-10,20251210140500000,sz.002225,5.6800,5.6800,5.6700,5.6800,245400,1393232.0000,3
2025-12-10,20251210141000000,sz.002225,5.6800,5.7000,5.6800,5.7000,289100,1645968.0000,3
2025-12-10,20251210141500000,sz.002225,5.7000,5.7000,5.6900,5.7000,56300,320784.0000,3
2025-12-10,20251210142000000,sz.002225,5.7000,5.7000,5.6900,5.7000,141300,804968.0000,3
2025-12-10,20251210142500000,sz.002225,5.6900,5.7000,5.6800,5.6900,212700,1210024.0000,3
2025-12-10,20251210143000000,sz.002225,5.6800,5.6900,5.6800,5.6800,213300,1212632.0000,3
2025-12-10,20251210143500000,sz.002225,5.6900,5.7100,5.6800,5.7000,246800,1405896.0000,3
2025-12-10,20251210144000000,sz.002225,5.7100,5.7100,5.6900,5.7000,334300,1905120.0000,3
2025-12-10,20251210144500000,sz.002225,5.7100,5.7100,5.6900,5.7000,302000,1721952.0000,3
2025-12-10,20251210145000000,sz.002225,5.7000,5.7000,5.6900,5.6900,120400,685840.0000,3
2025-12-10,20251210145500000,sz.002225,5.7000,5.7000,5.6900,5.6900,486800,2771104.0000,3
2025-12-10,20251210150000000,sz.002225,5.6900,5.7000,5.6900,5.6900,305700,1740128.0000,3
2025-12-11,20251211093500000,sz.002225,5.6900,5.7200,5.6600,5.6700,968500,5506348.0000,3
2025-12-11,20251211094000000,sz.002225,5.6600,5.6800,5.6500,5.6600,869300,4918359.0000,3
2025-12-11,20251211094500000,sz.002225,5.6600,5.6800,5.6500,5.6700,438300,2484201.0000,3
2025-12-11,20251211095000000,sz.002225,5.6600,5.6700,5.6400,5.6400,1225800,6929590.0000,3
2025-12-11,20251211095500000,sz.002225,5.6400,5.6500,5.6200,5.6200,808000,4552448.0000,3
2025-12-11,20251211100000000,sz.002225,5.6200,5.6300,5.6100,5.6200,943200,5301812.0000,3
2025-12-11,20251211100500000,sz.002225,5.6200,5.6500,5.6200,5.6400,459100,2584394.0000,3
2025-12-11,20251211101000000,sz.002225,5.6300,5.6600,5.6200,5.6500,426500,2406420.0000,3
2025-12-11,20251211101500000,sz.002225,5.6500,5.6700,5.6500,5.6500,197500,1117876.0000,3
2025-12-11,20251211102000000,sz.002225,5.6700,5.6700,5.6500,5.6500,213600,1209624.0000,3
2025-12-11,20251211102500000,sz.002225,5.6600,5.6800,5.6500,5.6700,178500,1010824.0000,3
2025-12-11,20251211103000000,sz.002225,5.6700,5.6800,5.6600,5.6600,340500,1931256.0000,3
2025-12-11,20251211103500000,sz.002225,5.6700,5.6700,5.6500,5.6700,91500,517924.0000,3
2025-12-11,20251211104000000,sz.002225,5.6600,5.6700,5.6500,5.6700,309300,1750152.0000,3
2025-12-11,20251211104500000,sz.002225,5.6700,5.6700,5.6600,5.6600,51900,293816.0000,3
2025-12-11,20251211105000000,sz.002225,5.6600,5.6900,5.6600,5.6800,215500,1222460.0000,3
2025-12-11,20251211105500000,sz.002225,5.6800,5.7000,5.6800,5.6900,432300,2460636.0000,3
2025-12-11,20251211110000000,sz.002225,5.6800,5.7200,5.6800,5.7200,563500,3210964.0000,3
2025-12-11,20251211110500000,sz.002225,5.7400,5.7700,5.7300,5.7400,1880000,10806200.0000,3
2025-12-11,20251211111000000,sz.002225,5.7400,5.7400,5.7100,5.7100,355100,2033284.0000,3
2025-12-11,20251211111500000,sz.002225,5.7100,5.7300,5.7100,5.7100,133000,760624.0000,3
2025-12-11,20251211112000000,sz.002225,5.7100,5.7200,5.7000,5.7100,146800,838124.0000,3
2025-12-11,20251211112500000,sz.002225,5.7100,5.7200,5.6900,5.7100,227600,1298352.0000,3
2025-12-11,20251211113000000,sz.002225,5.7000,5.7100,5.7000,5.7100,61700,351928.0000,3
2025-12-11,20251211130500000,sz.002225,5.7000,5.7000,5.6800,5.6900,286400,1631168.0000,3
2025-12-11,20251211131000000,sz.002225,5.6800,5.6800,5.6600,5.6600,231000,1310392.0000,3
2025-12-11,20251211131500000,sz.002225,5.6700,5.6700,5.6600,5.6600,190400,1078288.0000,3
2025-12-11,20251211132000000,sz.002225,5.6700,5.6700,5.6600,5.6700,165400,936320.0000,3
2025-12-11,20251211132500000,sz.002225,5.6600,5.6600,5.6500,5.6500,119300,674952.0000,3
2025-12-11,20251211133000000,sz.002225,5.6600,5.6600,5.6500,5.6600,130300,736328.0000,3
2025-12-11,20251211133500000,sz.002225,5.6600,5.6600,5.6400,5.6500,187700,1060472.0000,3
2025-12-11,20251211134000000,sz.002225,5.6600,5.6600,5.6500,5.6500,166400,940472.0000,3
2025-12-11,20251211134500000,sz.002225,5.6500,5.6600,5.6400,5.6400,154300,871832.0000,3
2025-12-11,20251211135000000,sz.002225,5.6500,5.6600,5.6400,5.6600,232400,1312768.0000,3
2025-12-11,20251211135500000,sz.002225,5.6600,5.6600,5.6400,5.6400,234800,1326824.0000,3
2025-12-11,20251211140000000,sz.002225,5.6500,5.6600,5.6400,5.6500,114200,645544.0000,3
2025-12-11,20251211140500000,sz.002225,5.6600,5.6600,5.6500,5.6500,139400,787904.0000,3
2025-12-11,20251211141000000,sz.002225,5.6500,5.6600,5.6400,5.6400,278900,1575160.0000,3
2025-12-11,20251211141500000,sz.002225,5.6400,5.6500,5.6300,5.6300,436100,2458456.0000,3
2025-12-11,20251211142000000,sz.002225,5.6300,5.6400,5.6200,5.6200,273700,1540872.0000,3
2025-12-11,20251211142500000,sz.002225,5.6300,5.6300,5.6200,5.6300,123300,693992.0000,3
2025-12-11,20251211143000000,sz.002225,5.6300,5.6300,5.6200,5.6300,481500,2707512.0000,3
2025-12-11,20251211143500000,sz.002225,5.6300,5.6400,5.6200,5.6300,356900,2007864.0000,3
2025-12-11,20251211144000000,sz.002225,5.6300,5.6400,5.6200,5.6200,234100,1318112.0000,3
2025-12-11,20251211144500000,sz.002225,5.6300,5.6400,5.6200,5.6200,539000,3031760.0000,3
2025-12-11,20251211145000000,sz.002225,5.6300,5.6300,5.6200,5.6200,335300,1885968.0000,3
2025-12-11,20251211145500000,sz.002225,5.6200,5.6300,5.6100,5.6100,528600,2970528.0000,3
2025-12-11,20251211150000000,sz.002225,5.6200,5.6300,5.6100,5.6300,755800,4248104.0000,3
2025-12-12,20251212093500000,sz.002225,5.6000,5.6300,5.5800,5.5900,1347800,7546662.0000,3
2025-12-12,20251212094000000,sz.002225,5.6000,5.6200,5.5900,5.6100,272100,1524327.0000,3
2025-12-12,20251212094500000,sz.002225,5.6100,5.6100,5.6000,5.6100,393600,2204819.0000,3
2025-12-12,20251212095000000,sz.002225,5.6000,5.6100,5.5900,5.5900,392500,2196917.0000,3
2025-12-12,20251212095500000,sz.002225,5.5900,5.6000,5.5800,5.6000,428200,2392887.0000,3
2025-12-12,20251212100000000,sz.002225,5.6000,5.6300,5.5900,5.6300,507100,2841734.0000,3
2025-12-12,20251212100500000,sz.002225,5.6300,5.6400,5.6200,5.6300,717900,4023866.0000,3
2025-12-12,20251212101000000,sz.002225,5.6300,5.6400,5.6000,5.6000,893400,5012172.0000,3
2025-12-12,20251212101500000,sz.002225,5.6200,5.6500,5.6000,5.6500,461800,2600136.0000,3
2025-12-12,20251212102000000,sz.002225,5.6500,5.6500,5.6400,5.6400,128400,724332.0000,3
2025-12-12,20251212102500000,sz.002225,5.6400,5.6400,5.6200,5.6300,156000,878272.0000,3
2025-12-12,20251212103000000,sz.002225,5.6300,5.6400,5.6200,5.6300,239800,1349520.0000,3
2025-12-12,20251212103500000,sz.002225,5.6300,5.6400,5.6200,5.6300,276400,1556304.0000,3
2025-12-12,20251212104000000,sz.002225,5.6200,5.6200,5.6100,5.6200,224300,1259408.0000,3
2025-12-12,20251212104500000,sz.002225,5.6200,5.6300,5.6200,5.6300,129700,729304.0000,3
2025-12-12,20251212105000000,sz.002225,5.6200,5.6400,5.6200,5.6400,122600,690068.0000,3
2025-12-12,20251212105500000,sz.002225,5.6300,5.6400,5.6300,5.6400,66000,371664.0000,3
2025-12-12,20251212110000000,sz.002225,5.6300,5.6400,5.6300,5.6400,55300,311624.0000,3
2025-12-12,20251212110500000,sz.002225,5.6300,5.6400,5.6100,5.6200,481000,2704720.0000,3
2025-12-12,20251212111000000,sz.002225,5.6200,5.6300,5.6100,5.6200,127300,715396.0000,3
2025-12-12,20251212111500000,sz.002225,5.6200,5.6200,5.6100,5.6200,55200,309872.0000,3
2025-12-12,20251212112000000,sz.002225,5.6100,5.6600,5.6100,5.6400,853300,4815328.0000,3
2025-12-12,20251212112500000,sz.002225,5.6400,5.6500,5.6300,5.6400,168000,947720.0000,3
2025-12-12,20251212113000000,sz.002225,5.6400,5.6400,5.6200,5.6400,145800,820804.0000,3
2025-12-12,20251212130500000,sz.002225,5.6400,5.6400,5.6100,5.6200,300300,1688112.0000,3
2025-12-12,20251212131000000,sz.002225,5.6200,5.6300,5.6100,5.6200,159000,892992.0000,3
2025-12-12,20251212131500000,sz.002225,5.6200,5.6300,5.6100,5.6100,180600,1014920.0000,3
2025-12-12,20251212132000000,sz.002225,5.6100,5.6300,5.6100,5.6200,183900,1032968.0000,3
2025-12-12,20251212132500000,sz.002225,5.6100,5.6200,5.6000,5.6100,382900,2148200.0000,3
2025-12-12,20251212133000000,sz.002225,5.6100,5.6200,5.6000,5.6000,381900,2142256.0000,3
2025-12-12,20251212133500000,sz.002225,5.6100,5.6200,5.6000,5.6200,310300,1739984.0000,3
2025-12-12,20251212134000000,sz.002225,5.6100,5.6200,5.6100,5.6100,99400,557776.0000,3
2025-12-12,20251212134500000,sz.002225,5.6100,5.6200,5.6100,5.6100,196500,1102500.0000,3
2025-12-12,20251212135000000,sz.002225,5.6200,5.6200,5.6100,5.6100,111100,623640.0000,3
2025-12-12,20251212135500000,sz.002225,5.6200,5.6200,5.6100,5.6100,126400,709236.0000,3
2025-12-12,20251212140000000,sz.002225,5.6100,5.6200,5.6100,5.6100,201500,1130876.0000,3
2025-12-12,20251212140500000,sz.002225,5.6200,5.6200,5.6100,5.6100,192800,1082148.0000,3
2025-12-12,20251212141000000,sz.002225,5.6200,5.6200,5.6000,5.6000,161600,907104.0000,3
2025-12-12,20251212141500000,sz.002225,5.6100,5.6200,5.6100,5.6200,159800,897468.0000,3
2025-12-12,20251212142000000,sz.002225,5.6200,5.6200,5.6100,5.6200,39500,221780.0000,3
2025-12-12,20251212142500000,sz.002225,5.6200,5.6200,5.6100,5.6200,285200,1601000.0000,3
2025-12-12,20251212143000000,sz.002225,5.6200,5.6200,5.6100,5.6200,186600,1048464.0000,3
2025-12-12,20251212143500000,sz.002225,5.6200,5.6200,5.6000,5.6000,514100,2881976.0000,3
2025-12-12,20251212144000000,sz.002225,5.6000,5.6100,5.5900,5.5900,407100,2278872.0000,3
2025-12-12,20251212144500000,sz.002225,5.5900,5.6000,5.5800,5.5900,595600,3328912.0000,3
2025-12-12,20251212145000000,sz.002225,5.5900,5.6000,5.5800,5.5900,506400,2832224.0000,3
2025-12-12,20251212145500000,sz.002225,5.5900,5.5900,5.5700,5.5700,1190400,6646528.0000,3
2025-12-12,20251212150000000,sz.002225,5.5800,5.6100,5.5700,5.5900,693500,3877312.0000,3
2025-12-15,20251215093500000,sz.002225,5.6000,5.6500,5.5800,5.6500,1706200,9571843.0000,3
2025-12-15,20251215094000000,sz.002225,5.6400,5.6700,5.6400,5.6700,1027500,5808639.0000,3
2025-12-15,20251215094500000,sz.002225,5.6600,5.7000,5.6600,5.6900,1475000,8379870.0000,3
2025-12-15,20251215095000000,sz.002225,5.6900,5.7400,5.6600,5.7300,1824700,10399520.0000,3
2025-12-15,20251215095500000,sz.002225,5.7300,5.8300,5.7300,5.7800,4921600,28507368.0000,3
2025-12-15,20251215100000000,sz.002225,5.7800,5.8500,5.7800,5.8500,4447600,25894648.0000,3
2025-12-15,20251215100500000,sz.002225,5.8500,5.8600,5.8100,5.8300,2420400,14127616.0000,3
2025-12-15,20251215101000000,sz.002225,5.8400,5.8600,5.8200,5.8300,2506900,14656000.0000,3
2025-12-15,20251215101500000,sz.002225,5.8200,5.8300,5.7900,5.7900,1077000,6247048.0000,3
2025-12-15,20251215102000000,sz.002225,5.7900,5.8000,5.7700,5.7700,549800,3181536.0000,3
2025-12-15,20251215102500000,sz.002225,5.7700,5.8000,5.7700,5.7900,1005000,5812480.0000,3
2025-12-15,20251215103000000,sz.002225,5.7900,5.8000,5.7800,5.8000,132000,764368.0000,3
2025-12-15,20251215103500000,sz.002225,5.7900,5.8100,5.7900,5.8000,308000,1786312.0000,3
2025-12-15,20251215104000000,sz.002225,5.8000,5.8000,5.7500,5.7500,791300,4563536.0000,3
2025-12-15,20251215104500000,sz.002225,5.7600,5.7700,5.7500,5.7600,254200,1463952.0000,3
2025-12-15,20251215105000000,sz.002225,5.7600,5.7900,5.7600,5.7800,837300,4835232.0000,3
2025-12-15,20251215105500000,sz.002225,5.7900,5.8000,5.7800,5.7900,199800,1157216.0000,3
2025-12-15,20251215110000000,sz.002225,5.8000,5.8000,5.7800,5.7800,189400,1096496.0000,3
2025-12-15,20251215110500000,sz.002225,5.7800,5.7800,5.7700,5.7800,146700,847408.0000,3
2025-12-15,20251215111000000,sz.002225,5.7800,5.7800,5.7300,5.7500,1143600,6575504.0000,3
2025-12-15,20251215111500000,sz.002225,5.7500,5.7500,5.7300,5.7400,455400,2608672.0000,3
2025-12-15,20251215112000000,sz.002225,5.7300,5.7500,5.7200,5.7400,116700,668944.0000,3
2025-12-15,20251215112500000,sz.002225,5.7500,5.7500,5.7300,5.7500,215700,1237808.0000,3
2025-12-15,20251215113000000,sz.002225,5.7500,5.7500,5.7400,5.7400,74600,428688.0000,3
2025-12-15,20251215130500000,sz.002225,5.7500,5.7500,5.7400,5.7400,38900,223392.0000,3
2025-12-15,20251215131000000,sz.002225,5.7500,5.7600,5.7400,5.7500,93600,537824.0000,3
2025-12-15,20251215131500000,sz.002225,5.7400,5.7500,5.7400,5.7400,134700,773760.0000,3
2025-12-15,20251215132000000,sz.002225,5.7300,5.7400,5.7300,5.7300,141100,808592.0000,3
2025-12-15,20251215132500000,sz.002225,5.7300,5.7400,5.7100,5.7100,273500,1565696.0000,3
2025-12-15,20251215133000000,sz.002225,5.7100,5.7200,5.7000,5.7000,462800,2641648.0000,3
2025-12-15,20251215133500000,sz.002225,5.7000,5.7100,5.7000,5.7000,137900,786336.0000,3
2025-12-15,20251215134000000,sz.002225,5.7000,5.7100,5.7000,5.7000,157300,896960.0000,3
2025-12-15,20251215134500000,sz.002225,5.7100,5.7100,5.7000,5.7000,109200,622704.0000,3
2025-12-15,20251215135000000,sz.002225,5.7000,5.7500,5.7000,5.7300,382100,2188656.0000,3
2025-12-15,20251215135500000,sz.002225,5.7400,5.7500,5.7200,5.7200,241400,1382560.0000,3
2025-12-15,20251215140000000,sz.002225,5.7100,5.7300,5.6900,5.7300,928400,5298960.0000,3
2025-12-15,20251215140500000,sz.002225,5.7300,5.7400,5.7200,5.7400,285100,1634640.0000,3
2025-12-15,20251215141000000,sz.002225,5.7300,5.7400,5.7100,5.7100,350200,2004624.0000,3
2025-12-15,20251215141500000,sz.002225,5.7200,5.7500,5.7100,5.7300,1292200,7396416.0000,3
2025-12-15,20251215142000000,sz.002225,5.7300,5.7500,5.7300,5.7400,403600,2316672.0000,3
2025-12-15,20251215142500000,sz.002225,5.7500,5.7600,5.7400,5.7600,745900,4289552.0000,3
2025-12-15,20251215143000000,sz.002225,5.7600,5.7700,5.7500,5.7700,316100,1820512.0000,3
2025-12-15,20251215143500000,sz.002225,5.7700,5.7700,5.7500,5.7600,279600,1611728.0000,3
2025-12-15,20251215144000000,sz.002225,5.7500,5.7600,5.7300,5.7400,752600,4320672.0000,3
2025-12-15,20251215144500000,sz.002225,5.7400,5.7500,5.7300,5.7400,492200,2825456.0000,3
2025-12-15,20251215145000000,sz.002225,5.7400,5.7500,5.7400,5.7500,550000,3159840.0000,3
2025-12-15,20251215145500000,sz.002225,5.7400,5.7400,5.7200,5.7300,481300,2758160.0000,3
2025-12-15,20251215150000000,sz.002225,5.7300,5.7300,5.7200,5.7200,469500,2686960.0000,3
2025-12-16,20251216093500000,sz.002225,5.6900,5.7000,5.6400,5.6600,1586000,8993656.0000,3
2025-12-16,20251216094000000,sz.002225,5.6700,5.6700,5.6300,5.6400,885500,5002276.0000,3
2025-12-16,20251216094500000,sz.002225,5.6400,5.6500,5.6300,5.6300,1028100,5795960.0000,3
2025-12-16,20251216095000000,sz.002225,5.6400,5.6400,5.6100,5.6100,899400,5052892.0000,3
2025-12-16,20251216095500000,sz.002225,5.6100,5.6100,5.5900,5.6000,1256000,7036976.0000,3
2025-12-16,20251216100000000,sz.002225,5.6000,5.6100,5.5700,5.5800,1553500,8681896.0000,3
2025-12-16,20251216100500000,sz.002225,5.5800,5.5900,5.5700,5.5800,551500,3075544.0000,3
2025-12-16,20251216101000000,sz.002225,5.5800,5.5800,5.5400,5.5600,1286000,7147936.0000,3
2025-12-16,20251216101500000,sz.002225,5.5600,5.5800,5.5600,5.5700,463900,2585904.0000,3
2025-12-16,20251216102000000,sz.002225,5.5700,5.6100,5.5700,5.6000,592400,3308448.0000,3
2025-12-16,20251216102500000,sz.002225,5.6000,5.6000,5.5800,5.6000,229000,1280520.0000,3
2025-12-16,20251216103000000,sz.002225,5.6000,5.6100,5.5900,5.5900,216600,1212652.0000,3
2025-12-16,20251216103500000,sz.002225,5.6000,5.6000,5.5800,5.5900,212600,1188780.0000,3
2025-12-16,20251216104000000,sz.002225,5.5800,5.5900,5.5600,5.5700,748400,4169728.0000,3
2025-12-16,20251216104500000,sz.002225,5.5700,5.5900,5.5700,5.5900,452900,2524288.0000,3
2025-12-16,20251216105000000,sz.002225,5.5900,5.5900,5.5600,5.5700,350900,1956576.0000,3
2025-12-16,20251216105500000,sz.002225,5.5600,5.5700,5.5600,5.5700,133800,744616.0000,3
2025-12-16,20251216110000000,sz.002225,5.5600,5.5700,5.5500,5.5600,474100,2636664.0000,3
2025-12-16,20251216110500000,sz.002225,5.5700,5.5800,5.5600,5.5700,239900,1336256.0000,3
2025-12-16,20251216111000000,sz.002225,5.5800,5.5800,5.5600,5.5700,217200,1208488.0000,3
2025-12-16,20251216111500000,sz.002225,5.5600,5.5800,5.5600,5.5600,156700,872504.0000,3
2025-12-16,20251216112000000,sz.002225,5.5700,5.5800,5.5600,5.5800,204700,1140208.0000,3
2025-12-16,20251216112500000,sz.002225,5.5800,5.5800,5.5600,5.5600,231200,1288088.0000,3
2025-12-16,20251216113000000,sz.002225,5.5600,5.5700,5.5600,5.5700,167000,929168.0000,3
2025-12-16,20251216130500000,sz.002225,5.5700,5.5900,5.5600,5.5900,397600,2216168.0000,3
2025-12-16,20251216131000000,sz.002225,5.5800,5.5900,5.5700,5.5800,110900,618656.0000,3
2025-12-16,20251216131500000,sz.002225,5.5800,5.5800,5.5700,5.5800,85200,475064.0000,3
2025-12-16,20251216132000000,sz.002225,5.5800,5.5800,5.5500,5.5600,248300,1381480.0000,3
2025-12-16,20251216132500000,sz.002225,5.5500,5.5600,5.5500,5.5600,155500,863576.0000,3
2025-12-16,20251216133000000,sz.002225,5.5500,5.5600,5.5500,5.5500,108100,600360.0000,3
2025-12-16,20251216133500000,sz.002225,5.5500,5.5600,5.5200,5.5500,1345500,7459848.0000,3
2025-12-16,20251216134000000,sz.002225,5.5500,5.5900,5.5400,5.5900,302100,1679952.0000,3
2025-12-16,20251216134500000,sz.002225,5.5900,5.6000,5.5800,5.6000,263500,1472960.0000,3
2025-12-16,20251216135000000,sz.002225,5.6000,5.6000,5.5800,5.5900,324600,1814928.0000,3
2025-12-16,20251216135500000,sz.002225,5.5900,5.5900,5.5700,5.5800,518900,2891096.0000,3
2025-12-16,20251216140000000,sz.002225,5.5800,5.5800,5.5600,5.5600,328800,1832072.0000,3
2025-12-16,20251216140500000,sz.002225,5.5600,5.5600,5.5500,5.5500,183300,1019096.0000,3
2025-12-16,20251216141000000,sz.002225,5.5500,5.5700,5.5500,5.5700,159300,885872.0000,3
2025-12-16,20251216141500000,sz.002225,5.5700,5.5800,5.5700,5.5800,91100,508096.0000,3
2025-12-16,20251216142000000,sz.002225,5.5700,5.5700,5.5600,5.5600,200400,1115216.0000,3
2025-12-16,20251216142500000,sz.002225,5.5500,5.5600,5.5500,5.5500,259400,1440608.0000,3
2025-12-16,20251216143000000,sz.002225,5.5500,5.5600,5.5500,5.5500,100100,556072.0000,3
2025-12-16,20251216143500000,sz.002225,5.5500,5.5700,5.5400,5.5600,316300,1756048.0000,3
2025-12-16,20251216144000000,sz.002225,5.5600,5.5700,5.5400,5.5500,265200,1473664.0000,3
2025-12-16,20251216144500000,sz.002225,5.5500,5.5500,5.5400,5.5400,182700,1013552.0000,3
2025-12-16,20251216145000000,sz.002225,5.5400,5.5500,5.5400,5.5500,274500,1522112.0000,3
2025-12-16,20251216145500000,sz.002225,5.5400,5.5500,5.5300,5.5300,614300,3402384.0000,3
2025-12-16,20251216150000000,sz.002225,5.5300,5.5600,5.5300,5.5500,322000,1786568.0000,3
2025-12-17,20251217093500000,sz.002225,5.5500,5.5600,5.4800,5.4900,1319400,7282323.0000,3
2025-12-17,20251217094000000,sz.002225,5.4900,5.5000,5.4600,5.4800,1019400,5581952.0000,3
2025-12-17,20251217094500000,sz.002225,5.4800,5.5300,5.4800,5.5200,495500,2730740.0000,3
2025-12-17,20251217095000000,sz.002225,5.5200,5.5200,5.4800,5.4900,591600,3251147.0000,3
2025-12-17,20251217095500000,sz.002225,5.4900,5.4900,5.4200,5.4300,1686100,9190702.0000,3
2025-12-17,20251217100000000,sz.002225,5.4300,5.4400,5.4000,5.4300,1174400,6367852.0000,3
2025-12-17,20251217100500000,sz.002225,5.4300,5.4300,5.4100,5.4200,466400,2527780.0000,3
2025-12-17,20251217101000000,sz.002225,5.4300,5.4400,5.4200,5.4400,289800,1575016.0000,3
2025-12-17,20251217101500000,sz.002225,5.4400,5.4400,5.4200,5.4200,419800,2277896.0000,3
2025-12-17,20251217102000000,sz.002225,5.4200,5.4300,5.4200,5.4300,252800,1371504.0000,3
2025-12-17,20251217102500000,sz.002225,5.4300,5.4400,5.4100,5.4200,393600,2136504.0000,3
2025-12-17,20251217103000000,sz.002225,5.4100,5.4200,5.4000,5.4100,651600,3523380.0000,3
2025-12-17,20251217103500000,sz.002225,5.4000,5.4100,5.3800,5.4000,1009800,5449780.0000,3
2025-12-17,20251217104000000,sz.002225,5.4000,5.4000,5.3700,5.3700,846300,4554784.0000,3
2025-12-17,20251217104500000,sz.002225,5.3700,5.3700,5.3400,5.3500,1388700,7426864.0000,3
2025-12-17,20251217105000000,sz.002225,5.3500,5.3700,5.3400,5.3600,575100,3078624.0000,3
2025-12-17,20251217105500000,sz.002225,5.3600,5.3700,5.3500,5.3700,338400,1812440.0000,3
2025-12-17,20251217110000000,sz.002225,5.3700,5.3800,5.3600,5.3700,302500,1623288.0000,3
2025-12-17,20251217110500000,sz.002225,5.3700,5.4000,5.3700,5.4000,504700,2717800.0000,3
2025-12-17,20251217111000000,sz.002225,5.3800,5.3900,5.3700,5.3900,200900,1080672.0000,3
2025-12-17,20251217111500000,sz.002225,5.3800,5.4000,5.3800,5.3900,269200,1451352.0000,3
2025-12-17,20251217112000000,sz.002225,5.3800,5.3900,5.3700,5.3800,444100,2390768.0000,3
2025-12-17,20251217112500000,sz.002225,5.3900,5.4000,5.3800,5.4000,76600,412640.0000,3
2025-12-17,20251217113000000,sz.002225,5.3900,5.4000,5.3800,5.3800,26900,144888.0000,3
2025-12-17,20251217130500000,sz.002225,5.3900,5.4400,5.3700,5.4100,1194500,6474904.0000,3
2025-12-17,20251217131000000,sz.002225,5.4100,5.4100,5.3800,5.3800,129900,700736.0000,3
2025-12-17,20251217131500000,sz.002225,5.3900,5.4000,5.3800,5.3800,152100,819384.0000,3
2025-12-17,20251217132000000,sz.002225,5.3800,5.3900,5.3700,5.3800,341000,1834248.0000,3
2025-12-17,20251217132500000,sz.002225,5.3800,5.3900,5.3500,5.3600,504700,2707808.0000,3
2025-12-17,20251217133000000,sz.002225,5.3700,5.3900,5.3700,5.3900,136600,734376.0000,3
2025-12-17,20251217133500000,sz.002225,5.3800,5.3800,5.3600,5.3800,334400,1795472.0000,3
2025-12-17,20251217134000000,sz.002225,5.3800,5.3800,5.3500,5.3800,392200,2103448.0000,3
2025-12-17,20251217134500000,sz.002225,5.3800,5.3800,5.3600,5.3600,192100,1031600.0000,3
2025-12-17,20251217135000000,sz.002225,5.3700,5.4000,5.3700,5.3900,334700,1800864.0000,3
2025-12-17,20251217135500000,sz.002225,5.4000,5.4300,5.3900,5.4100,468800,2537136.0000,3
2025-12-17,20251217140000000,sz.002225,5.4200,5.4300,5.4100,5.4300,189400,1026480.0000,3
2025-12-17,20251217140500000,sz.002225,5.4400,5.4500,5.4300,5.4400,765100,4163344.0000,3
2025-12-17,20251217141000000,sz.002225,5.4500,5.4700,5.4400,5.4600,379800,2071096.0000,3
2025-12-17,20251217141500000,sz.002225,5.4700,5.4800,5.4600,5.4700,233600,1278768.0000,3
2025-12-17,20251217142000000,sz.002225,5.4800,5.4800,5.4600,5.4600,360000,1968984.0000,3
2025-12-17,20251217142500000,sz.002225,5.4600,5.4800,5.4600,5.4700,243600,1331680.0000,3
2025-12-17,20251217143000000,sz.002225,5.4800,5.5100,5.4800,5.4900,659200,3620192.0000,3
2025-12-17,20251217143500000,sz.002225,5.5000,5.5100,5.4900,5.4900,554600,3047944.0000,3
2025-12-17,20251217144000000,sz.002225,5.5000,5.5000,5.4900,5.5000,320400,1761368.0000,3
2025-12-17,20251217144500000,sz.002225,5.5000,5.5100,5.4900,5.5000,388300,2136560.0000,3
2025-12-17,20251217145000000,sz.002225,5.5000,5.5200,5.5000,5.5100,406200,2237448.0000,3
2025-12-17,20251217145500000,sz.002225,5.5000,5.5300,5.5000,5.5300,696300,3842200.0000,3
2025-12-17,20251217150000000,sz.002225,5.5200,5.5300,5.5100,5.5100,548400,3024528.0000,3
2025-12-18,20251218093500000,sz.002225,5.4700,5.5100,5.4500,5.5000,700700,3837362.0000,3
2025-12-18,20251218094000000,sz.002225,5.5100,5.5500,5.5100,5.5400,640200,3537783.0000,3
2025-12-18,20251218094500000,sz.002225,5.5400,5.5600,5.5200,5.5500,1130000,6261227.0000,3
2025-12-18,20251218095000000,sz.002225,5.5500,5.5600,5.5500,5.5500,292000,1621366.0000,3
2025-12-18,20251218095500000,sz.002225,5.5500,5.5500,5.5300,5.5500,332200,1841136.0000,3
2025-12-18,20251218100000000,sz.002225,5.5400,5.5500,5.5300,5.5500,319400,1769938.0000,3
2025-12-18,20251218100500000,sz.002225,5.5500,5.5700,5.5400,5.5700,634800,3527684.0000,3
2025-12-18,20251218101000000,sz.002225,5.5600,5.5800,5.5600,5.5700,580000,3230256.0000,3
2025-12-18,20251218101500000,sz.002225,5.5700,5.5800,5.5600,5.5600,280900,1563584.0000,3
2025-12-18,20251218102000000,sz.002225,5.5600,5.5700,5.5600,5.5700,277400,1544252.0000,3
2025-12-18,20251218102500000,sz.002225,5.5600,5.5800,5.5600,5.5800,406700,2266156.0000,3
2025-12-18,20251218103000000,sz.002225,5.5800,5.5800,5.5700,5.5700,267600,1491320.0000,3
2025-12-18,20251218103500000,sz.002225,5.5700,5.5800,5.5700,5.5800,113200,631040.0000,3
2025-12-18,20251218104000000,sz.002225,5.5700,5.5700,5.5600,5.5600,299200,1666060.0000,3
2025-12-18,20251218104500000,sz.002225,5.5700,5.5700,5.5500,5.5500,241200,1340856.0000,3
2025-12-18,20251218105000000,sz.002225,5.5500,5.5600,5.5500,5.5500,275300,1528080.0000,3
2025-12-18,20251218105500000,sz.002225,5.5500,5.5500,5.5400,5.5400,237500,1317304.0000,3
2025-12-18,20251218110000000,sz.002225,5.5500,5.5500,5.5400,5.5400,172600,956996.0000,3
2025-12-18,20251218110500000,sz.002225,5.5400,5.5600,5.5400,5.5500,238000,1320012.0000,3
2025-12-18,20251218111000000,sz.002225,5.5500,5.5600,5.5300,5.5300,281900,1560624.0000,3
2025-12-18,20251218111500000,sz.002225,5.5300,5.5400,5.5300,5.5300,162100,896648.0000,3
2025-12-18,20251218112000000,sz.002225,5.5400,5.5400,5.5300,5.5400,202900,1122936.0000,3
2025-12-18,20251218112500000,sz.002225,5.5400,5.5500,5.5300,5.5300,304900,1687200.0000,3
2025-12-18,20251218113000000,sz.002225,5.5300,5.5500,5.5300,5.5400,204400,1131976.0000,3
2025-12-18,20251218130500000,sz.002225,5.5300,5.5300,5.5200,5.5200,273000,1507632.0000,3
2025-12-18,20251218131000000,sz.002225,5.5200,5.5300,5.5200,5.5300,165000,911900.0000,3
2025-12-18,20251218131500000,sz.002225,5.5300,5.5400,5.5300,5.5300,91400,506048.0000,3
2025-12-18,20251218132000000,sz.002225,5.5300,5.5400,5.5300,5.5400,100500,556452.0000,3
2025-12-18,20251218132500000,sz.002225,5.5400,5.5400,5.5300,5.5400,99000,548012.0000,3
2025-12-18,20251218133000000,sz.002225,5.5400,5.5400,5.5300,5.5300,108100,597864.0000,3
2025-12-18,20251218133500000,sz.002225,5.5400,5.5400,5.5100,5.5100,461600,2548976.0000,3
2025-12-18,20251218134000000,sz.002225,5.5100,5.5200,5.5000,5.5100,443200,2440036.0000,3
2025-12-18,20251218134500000,sz.002225,5.5100,5.5100,5.5000,5.5100,51500,283324.0000,3
2025-12-18,20251218135000000,sz.002225,5.5100,5.5100,5.4800,5.5000,176200,968724.0000,3
2025-12-18,20251218135500000,sz.002225,5.5000,5.5000,5.4900,5.5000,69700,383040.0000,3
2025-12-18,20251218140000000,sz.002225,5.5000,5.5000,5.4900,5.5000,172400,947204.0000,3
2025-12-18,20251218140500000,sz.002225,5.4900,5.5000,5.4900,5.5000,139200,764356.0000,3
2025-12-18,20251218141000000,sz.002225,5.4900,5.5000,5.4900,5.5000,15900,87396.0000,3
2025-12-18,20251218141500000,sz.002225,5.5000,5.5000,5.4900,5.4900,51300,281904.0000,3
2025-12-18,20251218142000000,sz.002225,5.5000,5.5000,5.4800,5.4900,336800,1848632.0000,3
2025-12-18,20251218142500000,sz.002225,5.5000,5.5000,5.4800,5.4800,95000,521600.0000,3
2025-12-18,20251218143000000,sz.002225,5.4800,5.4900,5.4800,5.4900,83500,457720.0000,3
2025-12-18,20251218143500000,sz.002225,5.4900,5.5000,5.4900,5.5000,168500,925136.0000,3
2025-12-18,20251218144000000,sz.002225,5.4900,5.5000,5.4800,5.4900,225300,1236704.0000,3
2025-12-18,20251218144500000,sz.002225,5.4900,5.5000,5.4800,5.4800,216800,1190288.0000,3
2025-12-18,20251218145000000,sz.002225,5.4900,5.4900,5.4800,5.4900,136000,746120.0000,3
2025-12-18,20251218145500000,sz.002225,5.4900,5.4900,5.4800,5.4800,213200,1169232.0000,3
2025-12-18,20251218150000000,sz.002225,5.4800,5.4900,5.4800,5.4800,487600,2673760.0000,3
2025-12-19,20251219093500000,sz.002225,5.5100,5.5300,5.4900,5.5100,518100,2857502.0000,3
2025-12-19,20251219094000000,sz.002225,5.5100,5.5400,5.5100,5.5300,411700,2277327.0000,3
2025-12-19,20251219094500000,sz.002225,5.5300,5.6000,5.5300,5.5900,1386200,7728021.0000,3
2025-12-19,20251219095000000,sz.002225,5.6000,5.6000,5.5700,5.5800,415700,2319021.0000,3
2025-12-19,20251219095500000,sz.002225,5.5700,5.6300,5.5600,5.6000,1769900,9918057.0000,3
2025-12-19,20251219100000000,sz.002225,5.5900,5.6000,5.5700,5.5700,574900,3208936.0000,3
2025-12-19,20251219100500000,sz.002225,5.5700,5.5900,5.5700,5.5800,413100,2304168.0000,3
2025-12-19,20251219101000000,sz.002225,5.5900,5.6200,5.5800,5.6200,693000,3885704.0000,3
2025-12-19,20251219101500000,sz.002225,5.6200,5.6500,5.6100,5.6400,1457300,8215528.0000,3
2025-12-19,20251219102000000,sz.002225,5.6400,5.6600,5.6400,5.6400,1435800,8107840.0000,3
2025-12-19,20251219102500000,sz.002225,5.6400,5.6500,5.6200,5.6200,225600,1271328.0000,3
2025-12-19,20251219103000000,sz.002225,5.6200,5.6400,5.6200,5.6300,214400,1206216.0000,3
2025-12-19,20251219103500000,sz.002225,5.6400,5.6500,5.6300,5.6400,393500,2218664.0000,3
2025-12-19,20251219104000000,sz.002225,5.6400,5.6500,5.6300,5.6400,172600,973232.0000,3
2025-12-19,20251219104500000,sz.002225,5.6400,5.6400,5.6300,5.6300,78600,442672.0000,3
2025-12-19,20251219105000000,sz.002225,5.6400,5.6400,5.6200,5.6300,434500,2446244.0000,3
2025-12-19,20251219105500000,sz.002225,5.6300,5.6600,5.6300,5.6400,1184800,6690076.0000,3
2025-12-19,20251219110000000,sz.002225,5.6400,5.6500,5.6400,5.6400,135800,766768.0000,3
2025-12-19,20251219110500000,sz.002225,5.6500,5.6600,5.6400,5.6600,519800,2939040.0000,3
2025-12-19,20251219111000000,sz.002225,5.6500,5.6600,5.6500,5.6500,204300,1155200.0000,3
2025-12-19,20251219111500000,sz.002225,5.6500,5.6600,5.6500,5.6600,113200,639672.0000,3
2025-12-19,20251219112000000,sz.002225,5.6500,5.6700,5.6500,5.6600,550600,3116488.0000,3
2025-12-19,20251219112500000,sz.002225,5.6700,5.6700,5.6600,5.6700,299100,1694512.0000,3
2025-12-19,20251219113000000,sz.002225,5.6800,5.7000,5.6700,5.7000,1429200,8126096.0000,3
2025-12-19,20251219130500000,sz.002225,5.7000,5.7000,5.6800,5.6900,576600,3281304.0000,3
2025-12-19,20251219131000000,sz.002225,5.6900,5.6900,5.6700,5.6700,272900,1550616.0000,3
2025-12-19,20251219131500000,sz.002225,5.6700,5.6700,5.6600,5.6700,208300,1180264.0000,3
2025-12-19,20251219132000000,sz.002225,5.6600,5.6700,5.6500,5.6600,437000,2473168.0000,3
2025-12-19,20251219132500000,sz.002225,5.6600,5.6700,5.6500,5.6500,515800,2919176.0000,3
2025-12-19,20251219133000000,sz.002225,5.6500,5.6700,5.6500,5.6600,381400,2157488.0000,3
2025-12-19,20251219133500000,sz.002225,5.6700,5.6700,5.6500,5.6700,345800,1957032.0000,3
2025-12-19,20251219134000000,sz.002225,5.6600,5.6700,5.6500,5.6600,265600,1504632.0000,3
2025-12-19,20251219134500000,sz.002225,5.6700,5.6700,5.6600,5.6600,214800,1217032.0000,3
2025-12-19,20251219135000000,sz.002225,5.6700,5.6800,5.6600,5.6600,162500,920392.0000,3
2025-12-19,20251219135500000,sz.002225,5.6700,5.6700,5.6600,5.6600,123500,699080.0000,3
2025-12-19,20251219140000000,sz.002225,5.6700,5.6700,5.6500,5.6500,463500,2621688.0000,3
2025-12-19,20251219140500000,sz.002225,5.6400,5.6400,5.6100,5.6100,2166100,12195312.0000,3
2025-12-19,20251219141000000,sz.002225,5.6200,5.6200,5.6000,5.6100,998800,5601824.0000,3
2025-12-19,20251219141500000,sz.002225,5.6000,5.6200,5.6000,5.6100,504500,2829336.0000,3
2025-12-19,20251219142000000,sz.002225,5.6100,5.6300,5.6100,5.6200,227400,1277736.0000,3
2025-12-19,20251219142500000,sz.002225,5.6200,5.6300,5.6200,5.6200,163400,918560.0000,3
2025-12-19,20251219143000000,sz.002225,5.6200,5.6300,5.6200,5.6200,203700,1145440.0000,3
2025-12-19,20251219143500000,sz.002225,5.6300,5.6300,5.6200,5.6200,134500,756472.0000,3
2025-12-19,20251219144000000,sz.002225,5.6200,5.6300,5.6200,5.6300,184300,1035720.0000,3
2025-12-19,20251219144500000,sz.002225,5.6200,5.6300,5.6200,5.6300,163700,920544.0000,3
2025-12-19,20251219145000000,sz.002225,5.6300,5.6300,5.6100,5.6100,744500,4179400.0000,3
2025-12-19,20251219145500000,sz.002225,5.6000,5.6100,5.6000,5.6100,597800,3348864.0000,3
2025-12-19,20251219150000000,sz.002225,5.6100,5.6100,5.6000,5.6100,317100,1778336.0000,3
2025-12-22,20251222093500000,sz.002225,5.6000,5.6300,5.5800,5.6100,1736600,9721168.0000,3
2025-12-22,20251222094000000,sz.002225,5.6000,5.6600,5.6000,5.6600,962900,5424790.0000,3
2025-12-22,20251222094500000,sz.002225,5.6600,5.6600,5.6300,5.6300,632600,3571224.0000,3
2025-12-22,20251222095000000,sz.002225,5.6300,5.6400,5.6200,5.6400,904100,5086104.0000,3
2025-12-22,20251222095500000,sz.002225,5.6400,5.6400,5.6100,5.6300,637500,3584986.0000,3
2025-12-22,20251222100000000,sz.002225,5.6300,5.6400,5.6300,5.6400,185400,1044160.0000,3
2025-12-22,20251222100500000,sz.002225,5.6400,5.6600,5.6300,5.6500,781800,4410200.0000,3
2025-12-22,20251222101000000,sz.002225,5.6500,5.6500,5.6300,5.6400,186900,1054732.0000,3
2025-12-22,20251222101500000,sz.002225,5.6400,5.6500,5.6300,5.6400,395000,2228400.0000,3
2025-12-22,20251222102000000,sz.002225,5.6500,5.6600,5.6400,5.6600,413500,2338192.0000,3
2025-12-22,20251222102500000,sz.002225,5.6600,5.6800,5.6400,5.6800,782300,4429532.0000,3
2025-12-22,20251222103000000,sz.002225,5.6800,5.6900,5.6700,5.6800,445900,2533384.0000,3
2025-12-22,20251222103500000,sz.002225,5.6800,5.6900,5.6700,5.6700,390300,2215704.0000,3
2025-12-22,20251222104000000,sz.002225,5.6700,5.6700,5.6600,5.6700,129400,733080.0000,3
2025-12-22,20251222104500000,sz.002225,5.6700,5.6800,5.6600,5.6800,172900,980856.0000,3
2025-12-22,20251222105000000,sz.002225,5.6800,5.6900,5.6700,5.6800,215800,1225520.0000,3
2025-12-22,20251222105500000,sz.002225,5.6800,5.6900,5.6800,5.6900,187900,1068036.0000,3
2025-12-22,20251222110000000,sz.002225,5.6900,5.6900,5.6800,5.6800,142300,808832.0000,3
2025-12-22,20251222110500000,sz.002225,5.6900,5.6900,5.6700,5.6900,791900,4501892.0000,3
2025-12-22,20251222111000000,sz.002225,5.6900,5.6900,5.6800,5.6900,149000,847352.0000,3
2025-12-22,20251222111500000,sz.002225,5.6900,5.6900,5.6800,5.6800,69900,397140.0000,3
2025-12-22,20251222112000000,sz.002225,5.6900,5.6900,5.6700,5.6800,185200,1051964.0000,3
2025-12-22,20251222112500000,sz.002225,5.6800,5.7000,5.6700,5.7000,617400,3512328.0000,3
2025-12-22,20251222113000000,sz.002225,5.7000,5.7000,5.6900,5.7000,205400,1169416.0000,3
2025-12-22,20251222130500000,sz.002225,5.6900,5.7000,5.6700,5.6800,308700,1755928.0000,3
2025-12-22,20251222131000000,sz.002225,5.6800,5.6800,5.6700,5.6800,90600,514444.0000,3
2025-12-22,20251222131500000,sz.002225,5.6700,5.6800,5.6600,5.6700,197800,1121540.0000,3
2025-12-22,20251222132000000,sz.002225,5.6800,5.6800,5.6600,5.6700,119000,674608.0000,3
2025-12-22,20251222132500000,sz.002225,5.6700,5.6800,5.6600,5.6800,168000,952136.0000,3
2025-12-22,20251222133000000,sz.002225,5.6800,5.6800,5.6700,5.6700,98200,557760.0000,3
2025-12-22,20251222133500000,sz.002225,5.6800,5.6800,5.6700,5.6700,354600,2010624.0000,3
2025-12-22,20251222134000000,sz.002225,5.6800,5.6800,5.6600,5.6700,85200,483032.0000,3
2025-12-22,20251222134500000,sz.002225,5.6700,5.6700,5.6600,5.6700,70100,396920.0000,3
2025-12-22,20251222135000000,sz.002225,5.6600,5.6700,5.6600,5.6700,117300,664064.0000,3
2025-12-22,20251222135500000,sz.002225,5.6700,5.6700,5.6600,5.6600,42700,242040.0000,3
2025-12-22,20251222140000000,sz.002225,5.6700,5.6700,5.6600,5.6700,137800,780568.0000,3
2025-12-22,20251222140500000,sz.002225,5.6700,5.6800,5.6600,5.6700,361100,2047824.0000,3
2025-12-22,20251222141000000,sz.002225,5.6700,5.6700,5.6600,5.6600,109200,618472.0000,3
2025-12-22,20251222141500000,sz.002225,5.6600,5.6700,5.6600,5.6700,45300,256696.0000,3
2025-12-22,20251222142000000,sz.002225,5.6600,5.6700,5.6600,5.6600,336600,1905168.0000,3
2025-12-22,20251222142500000,sz.002225,5.6600,5.6700,5.6600,5.6700,40100,227096.0000,3
2025-12-22,20251222143000000,sz.002225,5.6700,5.6700,5.6600,5.6600,63100,357408.0000,3
2025-12-22,20251222143500000,sz.002225,5.6700,5.6700,5.6500,5.6600,382800,2166736.0000,3
2025-12-22,20251222144000000,sz.002225,5.6600,5.6600,5.6500,5.6600,110400,623880.0000,3
2025-12-22,20251222144500000,sz.002225,5.6600,5.6600,5.6500,5.6600,267200,1512264.0000,3
2025-12-22,20251222145000000,sz.002225,5.6600,5.6700,5.6500,5.6500,329400,1864664.0000,3
2025-12-22,20251222145500000,sz.002225,5.6500,5.6600,5.6500,5.6500,326700,1848120.0000,3
2025-12-22,20251222150000000,sz.002225,5.6600,5.6700,5.6500,5.6600,289900,1641192.0000,3
2025-12-23,20251223093500000,sz.002225,5.6500,5.6700,5.6300,5.6700,461800,2607939.0000,3
2025-12-23,20251223094000000,sz.002225,5.6700,5.7000,5.6500,5.7000,794400,4510472.0000,3
2025-12-23,20251223094500000,sz.002225,5.6900,5.7000,5.6800,5.6800,774100,4405358.0000,3
2025-12-23,20251223095000000,sz.002225,5.6700,5.7100,5.6700,5.7000,988000,5621143.0000,3
2025-12-23,20251223095500000,sz.002225,5.7000,5.7100,5.6800,5.7100,434300,2472444.0000,3
2025-12-23,20251223100000000,sz.002225,5.7100,5.7100,5.6900,5.6900,259700,1479372.0000,3
2025-12-23,20251223100500000,sz.002225,5.6900,5.6900,5.6800,5.6800,374800,2130636.0000,3
2025-12-23,20251223101000000,sz.002225,5.6800,5.6900,5.6700,5.6800,311500,1769716.0000,3
2025-12-23,20251223101500000,sz.002225,5.6800,5.6800,5.6700,5.6700,98700,559916.0000,3
2025-12-23,20251223102000000,sz.002225,5.6800,5.6800,5.6700,5.6800,182400,1035500.0000,3
2025-12-23,20251223102500000,sz.002225,5.6700,5.6900,5.6700,5.6900,321100,1822948.0000,3
2025-12-23,20251223103000000,sz.002225,5.6900,5.7000,5.6800,5.7000,404100,2300372.0000,3
2025-12-23,20251223103500000,sz.002225,5.7000,5.7000,5.6800,5.6800,127700,726376.0000,3
2025-12-23,20251223104000000,sz.002225,5.6900,5.6900,5.6800,5.6900,55700,316512.0000,3
2025-12-23,20251223104500000,sz.002225,5.6800,5.7000,5.6800,5.7000,506200,2880464.0000,3
2025-12-23,20251223105000000,sz.002225,5.6900,5.7000,5.6900,5.6900,119900,683196.0000,3
2025-12-23,20251223105500000,sz.002225,5.7000,5.7300,5.6900,5.7200,1127600,6438844.0000,3
2025-12-23,20251223110000000,sz.002225,5.7300,5.7500,5.7200,5.7300,1485000,8518744.0000,3
2025-12-23,20251223110500000,sz.002225,5.7300,5.7400,5.7200,5.7300,208500,1194872.0000,3
2025-12-23,20251223111000000,sz.002225,5.7300,5.7400,5.7300,5.7400,103200,591744.0000,3
2025-12-23,20251223111500000,sz.002225,5.7400,5.7600,5.7300,5.7500,890500,5117036.0000,3
2025-12-23,20251223112000000,sz.002225,5.7500,5.7600,5.7400,5.7400,380600,2188840.0000,3
2025-12-23,20251223112500000,sz.002225,5.7500,5.7600,5.7400,5.7600,275400,1584228.0000,3
2025-12-23,20251223113000000,sz.002225,5.7600,5.7600,5.7400,5.7400,278900,1603456.0000,3
2025-12-23,20251223130500000,sz.002225,5.7400,5.7900,5.7400,5.7600,1827900,10540720.0000,3
2025-12-23,20251223131000000,sz.002225,5.7600,5.7800,5.7500,5.7600,291400,1680816.0000,3
2025-12-23,20251223131500000,sz.002225,5.7700,5.7700,5.7500,5.7500,249100,1434776.0000,3
2025-12-23,20251223132000000,sz.002225,5.7500,5.7500,5.7300,5.7300,170000,976088.0000,3
2025-12-23,20251223132500000,sz.002225,5.7300,5.7400,5.7300,5.7400,190900,1094200.0000,3
2025-12-23,20251223133000000,sz.002225,5.7400,5.7400,5.7200,5.7200,150500,862288.0000,3
2025-12-23,20251223133500000,sz.002225,5.7200,5.7400,5.7200,5.7400,190500,1091800.0000,3
2025-12-23,20251223134000000,sz.002225,5.7400,5.7500,5.7300,5.7500,397100,2279160.0000,3
2025-12-23,20251223134500000,sz.002225,5.7400,5.7500,5.7300,5.7400,133100,763944.0000,3
2025-12-23,20251223135000000,sz.002225,5.7300,5.7500,5.7300,5.7400,209500,1203688.0000,3
2025-12-23,20251223135500000,sz.002225,5.7500,5.7500,5.7300,5.7400,95800,549768.0000,3
2025-12-23,20251223140000000,sz.002225,5.7400,5.7400,5.7300,5.7300,102600,588088.0000,3
2025-12-23,20251223140500000,sz.002225,5.7400,5.7400,5.7300,5.7400,69900,400568.0000,3
2025-12-23,20251223141000000,sz.002225,5.7400,5.7400,5.7300,5.7400,111700,640264.0000,3
2025-12-23,20251223141500000,sz.002225,5.7300,5.7400,5.7300,5.7300,269200,1542552.0000,3
2025-12-23,20251223142000000,sz.002225,5.7300,5.7300,5.7200,5.7300,174300,997224.0000,3
2025-12-23,20251223142500000,sz.002225,5.7200,5.7300,5.7200,5.7200,545000,3118160.0000,3
2025-12-23,20251223143000000,sz.002225,5.7200,5.7200,5.7100,5.7200,164000,937080.0000,3
2025-12-23,20251223143500000,sz.002225,5.7200,5.7200,5.7100,5.7200,183000,1045584.0000,3
2025-12-23,20251223144000000,sz.002225,5.7200,5.7200,5.7000,5.7100,333700,1905488.0000,3
2025-12-23,20251223144500000,sz.002225,5.7100,5.7200,5.7100,5.7100,164600,940480.0000,3
2025-12-23,20251223145000000,sz.002225,5.7200,5.7200,5.7100,5.7200,133600,763928.0000,3
2025-12-23,20251223145500000,sz.002225,5.7100,5.7300,5.7100,5.7300,833700,4768888.0000,3
2025-12-23,20251223150000000,sz.002225,5.7300,5.7300,5.7200,5.7300,422700,2421328.0000,3
2025-12-24,20251224093500000,sz.002225,5.7300,5.8600,5.7300,5.8600,3031600,17619704.0000,3
2025-12-24,20251224094000000,sz.002225,5.8600,5.9600,5.8600,5.9300,6118600,36269372.0000,3
2025-12-24,20251224094500000,sz.002225,5.9300,6.0500,5.9200,6.0200,6542200,39097300.0000,3
2025-12-24,20251224095000000,sz.002225,6.0200,6.0200,5.9600,5.9700,3349600,20083448.0000,3
2025-12-24,20251224095500000,sz.002225,5.9700,5.9700,5.9200,5.9200,979600,5813360.0000,3
2025-12-24,20251224100000000,sz.002225,5.9200,5.9500,5.9200,5.9300,681700,4044344.0000,3
2025-12-24,20251224100500000,sz.002225,5.9200,5.9800,5.9200,5.9700,1718200,10230560.0000,3
2025-12-24,20251224101000000,sz.002225,5.9700,5.9700,5.9400,5.9600,807500,4807528.0000,3
2025-12-24,20251224101500000,sz.002225,5.9600,6.0200,5.9500,6.0100,3089500,18502208.0000,3
2025-12-24,20251224102000000,sz.002225,6.0200,6.0200,5.9800,6.0000,1980400,11889152.0000,3
2025-12-24,20251224102500000,sz.002225,6.0000,6.0200,5.9900,6.0100,1867400,11221168.0000,3
2025-12-24,20251224103000000,sz.002225,6.0200,6.0300,6.0100,6.0200,1641000,9876960.0000,3
2025-12-24,20251224103500000,sz.002225,6.0200,6.0400,6.0100,6.0100,1913900,11530048.0000,3
2025-12-24,20251224104000000,sz.002225,6.0200,6.0200,6.0000,6.0000,603400,3622208.0000,3
2025-12-24,20251224104500000,sz.002225,6.0000,6.0200,6.0000,6.0100,592100,3556112.0000,3
2025-12-24,20251224105000000,sz.002225,6.0200,6.0400,6.0100,6.0300,1233300,7430240.0000,3
2025-12-24,20251224105500000,sz.002225,6.0300,6.0400,6.0100,6.0200,1532500,9217008.0000,3
2025-12-24,20251224110000000,sz.002225,6.0200,6.1000,6.0200,6.0500,5352100,32437472.0000,3
2025-12-24,20251224110500000,sz.002225,6.0500,6.0800,6.0400,6.0700,919000,5570432.0000,3
2025-12-24,20251224111000000,sz.002225,6.0800,6.0900,6.0700,6.0800,991500,6026624.0000,3
2025-12-24,20251224111500000,sz.002225,6.0900,6.0900,6.0500,6.0500,972000,5896736.0000,3
2025-12-24,20251224112000000,sz.002225,6.0500,6.0500,6.0300,6.0400,497900,3009120.0000,3
2025-12-24,20251224112500000,sz.002225,6.0300,6.0500,6.0200,6.0200,517700,3122112.0000,3
2025-12-24,20251224113000000,sz.002225,6.0300,6.0300,6.0100,6.0200,394700,2373952.0000,3
2025-12-24,20251224130500000,sz.002225,6.0300,6.0300,6.0100,6.0100,453300,2729376.0000,3
2025-12-24,20251224131000000,sz.002225,6.0100,6.0300,6.0000,6.0100,555300,3340608.0000,3
2025-12-24,20251224131500000,sz.002225,6.0000,6.0100,6.0000,6.0000,413100,2480000.0000,3
2025-12-24,20251224132000000,sz.002225,6.0000,6.0100,5.9800,6.0000,1003000,6013024.0000,3
2025-12-24,20251224132500000,sz.002225,6.0000,6.0100,5.9900,6.0000,980400,5883968.0000,3
2025-12-24,20251224133000000,sz.002225,5.9900,6.0000,5.9800,5.9900,389500,2332288.0000,3
2025-12-24,20251224133500000,sz.002225,5.9900,6.0100,5.9900,6.0000,677200,4060480.0000,3
2025-12-24,20251224134000000,sz.002225,6.0000,6.0200,5.9900,6.0200,628600,3771040.0000,3
2025-12-24,20251224134500000,sz.002225,6.0200,6.0600,6.0100,6.0200,1639600,9893216.0000,3
2025-12-24,20251224135000000,sz.002225,6.0200,6.0400,6.0100,6.0100,360700,2172864.0000,3
2025-12-24,20251224135500000,sz.002225,6.0100,6.0200,5.9900,5.9900,479900,2882432.0000,3
2025-12-24,20251224140000000,sz.002225,5.9900,6.0100,5.9800,5.9900,393100,2356032.0000,3
2025-12-24,20251224140500000,sz.002225,5.9900,6.0100,5.9900,6.0100,708400,4248384.0000,3
2025-12-24,20251224141000000,sz.002225,6.0000,6.0100,5.9900,6.0000,312900,1877184.0000,3
2025-12-24,20251224141500000,sz.002225,6.0100,6.0200,6.0000,6.0100,595000,3573728.0000,3
2025-12-24,20251224142000000,sz.002225,6.0100,6.0300,6.0000,6.0100,675500,4063520.0000,3
2025-12-24,20251224142500000,sz.002225,6.0100,6.0200,6.0100,6.0100,246300,1480352.0000,3
2025-12-24,20251224143000000,sz.002225,6.0200,6.0200,6.0000,6.0100,632900,3800128.0000,3
2025-12-24,20251224143500000,sz.002225,6.0100,6.0300,6.0100,6.0300,1412600,8502656.0000,3
2025-12-24,20251224144000000,sz.002225,6.0200,6.0600,6.0200,6.0600,1973000,11917920.0000,3
2025-12-24,20251224144500000,sz.002225,6.0500,6.0700,6.0500,6.0600,1630800,9880320.0000,3
2025-12-24,20251224145000000,sz.002225,6.0500,6.0600,6.0400,6.0500,1072600,6492864.0000,3
2025-12-24,20251224145500000,sz.002225,6.0600,6.0700,6.0400,6.0500,1824000,11050240.0000,3
2025-12-24,20251224150000000,sz.002225,6.0500,6.0500,6.0400,6.0500,910700,5508448.0000,3
2025-12-25,20251225093500000,sz.002225,6.0100,6.0700,5.9900,6.0000,2588500,15570583.0000,3
2025-12-25,20251225094000000,sz.002225,6.0000,6.0000,5.9300,5.9500,3598800,21438201.0000,3
2025-12-25,20251225094500000,sz.002225,5.9400,5.9500,5.9200,5.9500,1698300,10084340.0000,3
2025-12-25,20251225095000000,sz.002225,5.9400,5.9800,5.9400,5.9800,1134600,6760740.0000,3
2025-12-25,20251225095500000,sz.002225,5.9800,5.9800,5.9400,5.9500,1059500,6312292.0000,3
2025-12-25,20251225100000000,sz.002225,5.9500,5.9600,5.9400,5.9500,470200,2798616.0000,3
2025-12-25,20251225100500000,sz.002225,5.9600,5.9700,5.9400,5.9600,813700,4845884.0000,3
2025-12-25,20251225101000000,sz.002225,5.9600,5.9600,5.9400,5.9600,609600,3626328.0000,3
2025-12-25,20251225101500000,sz.002225,5.9600,5.9600,5.9300,5.9400,726800,4318280.0000,3
2025-12-25,20251225102000000,sz.002225,5.9500,5.9700,5.9400,5.9400,604300,3597008.0000,3
2025-12-25,20251225102500000,sz.002225,5.9400,5.9500,5.9400,5.9400,652100,3878432.0000,3
2025-12-25,20251225103000000,sz.002225,5.9400,5.9500,5.9400,5.9500,360600,2143712.0000,3
2025-12-25,20251225103500000,sz.002225,5.9400,5.9600,5.9400,5.9500,367000,2183952.0000,3
2025-12-25,20251225104000000,sz.002225,5.9500,5.9600,5.9400,5.9600,256200,1524784.0000,3
2025-12-25,20251225104500000,sz.002225,5.9500,5.9700,5.9500,5.9600,301800,1800232.0000,3
2025-12-25,20251225105000000,sz.002225,5.9700,5.9900,5.9600,5.9800,714100,4267648.0000,3
2025-12-25,20251225105500000,sz.002225,5.9800,5.9900,5.9700,5.9900,348300,2083264.0000,3
2025-12-25,20251225110000000,sz.002225,5.9900,5.9900,5.9700,5.9800,339000,2027232.0000,3
2025-12-25,20251225110500000,sz.002225,5.9800,5.9800,5.9700,5.9700,262100,1565128.0000,3
2025-12-25,20251225111000000,sz.002225,5.9700,5.9900,5.9700,5.9900,532400,3180008.0000,3
2025-12-25,20251225111500000,sz.002225,5.9900,5.9900,5.9700,5.9900,391700,2342176.0000,3
2025-12-25,20251225112000000,sz.002225,5.9900,6.0000,5.9800,5.9800,368600,2207944.0000,3
2025-12-25,20251225112500000,sz.002225,5.9900,5.9900,5.9800,5.9800,655600,3919272.0000,3
2025-12-25,20251225113000000,sz.002225,5.9900,6.0000,5.9800,5.9900,567200,3394312.0000,3
2025-12-25,20251225130500000,sz.002225,5.9800,6.0000,5.9800,5.9900,868000,5194776.0000,3
2025-12-25,20251225131000000,sz.002225,5.9900,6.0200,5.9900,6.0000,530700,3183736.0000,3
2025-12-25,20251225131500000,sz.002225,6.0000,6.0100,6.0000,6.0100,228100,1369648.0000,3
2025-12-25,20251225132000000,sz.002225,6.0000,6.0100,6.0000,6.0100,317300,1904784.0000,3
2025-12-25,20251225132500000,sz.002225,6.0000,6.0300,6.0000,6.0200,807000,4852344.0000,3
2025-12-25,20251225133000000,sz.002225,6.0100,6.0200,6.0000,6.0100,253500,1523912.0000,3
2025-12-25,20251225133500000,sz.002225,6.0100,6.0300,6.0100,6.0200,374200,2250624.0000,3
2025-12-25,20251225134000000,sz.002225,6.0200,6.0200,6.0100,6.0100,141200,849920.0000,3
2025-12-25,20251225134500000,sz.002225,6.0200,6.0200,6.0100,6.0100,494900,2976240.0000,3
2025-12-25,20251225135000000,sz.002225,6.0200,6.0300,6.0100,6.0100,212200,1276400.0000,3
2025-12-25,20251225135500000,sz.002225,6.0100,6.0200,6.0100,6.0200,217900,1309952.0000,3
2025-12-25,20251225140000000,sz.002225,6.0200,6.0500,6.0200,6.0500,743000,4485296.0000,3
2025-12-25,20251225140500000,sz.002225,6.0500,6.0600,6.0400,6.0500,656600,3973136.0000,3
2025-12-25,20251225141000000,sz.002225,6.0600,6.0600,6.0500,6.0500,577100,3491824.0000,3
2025-12-25,20251225141500000,sz.002225,6.0600,6.0600,6.0400,6.0400,650900,3937856.0000,3
2025-12-25,20251225142000000,sz.002225,6.0500,6.0500,6.0400,6.0500,301100,1820512.0000,3
2025-12-25,20251225142500000,sz.002225,6.0400,6.0400,6.0300,6.0400,276900,1670496.0000,3
2025-12-25,20251225143000000,sz.002225,6.0400,6.0600,6.0300,6.0500,561200,3393616.0000,3
2025-12-25,20251225143500000,sz.002225,6.0600,6.0600,6.0300,6.0400,419400,2535392.0000,3
2025-12-25,20251225144000000,sz.002225,6.0400,6.0400,6.0200,6.0300,619100,3733040.0000,3
2025-12-25,20251225144500000,sz.002225,6.0300,6.0500,6.0200,6.0500,963200,5820864.0000,3
2025-12-25,20251225145000000,sz.002225,6.0500,6.0500,6.0300,6.0400,795200,4807072.0000,3
2025-12-25,20251225145500000,sz.002225,6.0500,6.0500,6.0300,6.0400,394600,2381952.0000,3
2025-12-25,20251225150000000,sz.002225,6.0400,6.0500,6.0300,6.0400,406700,2456416.0000,3
2025-12-26,20251226093500000,sz.002225,6.0400,6.0700,6.0300,6.0600,2137300,12938938.0000,3
2025-12-26,20251226094000000,sz.002225,6.0600,6.0700,6.0300,6.0300,837100,5066366.0000,3
2025-12-26,20251226094500000,sz.002225,6.0300,6.0400,6.0000,6.0100,1150000,6918744.0000,3
2025-12-26,20251226095000000,sz.002225,6.0000,6.0100,5.9800,5.9800,1281200,7679016.0000,3
2025-12-26,20251226095500000,sz.002225,5.9900,6.0000,5.9700,5.9700,1484400,8884296.0000,3
2025-12-26,20251226100000000,sz.002225,5.9800,5.9800,5.9600,5.9700,1309100,7812412.0000,3
2025-12-26,20251226100500000,sz.002225,5.9700,5.9800,5.9500,5.9600,1448800,8636700.0000,3
2025-12-26,20251226101000000,sz.002225,5.9600,5.9700,5.9400,5.9600,975900,5814356.0000,3
2025-12-26,20251226101500000,sz.002225,5.9600,5.9700,5.9400,5.9700,1468600,8738940.0000,3
2025-12-26,20251226102000000,sz.002225,5.9700,5.9900,5.9600,5.9700,303300,1811784.0000,3
2025-12-26,20251226102500000,sz.002225,5.9700,5.9900,5.9700,5.9700,1071800,6408400.0000,3
2025-12-26,20251226103000000,sz.002225,5.9900,5.9900,5.9700,5.9800,223400,1335088.0000,3
2025-12-26,20251226103500000,sz.002225,5.9800,5.9900,5.9700,5.9700,284400,1700872.0000,3
2025-12-26,20251226104000000,sz.002225,5.9800,5.9900,5.9600,5.9800,506000,3024880.0000,3
2025-12-26,20251226104500000,sz.002225,5.9800,5.9900,5.9600,5.9800,421500,2517976.0000,3
2025-12-26,20251226105000000,sz.002225,5.9800,5.9800,5.9700,5.9800,355700,2124888.0000,3
2025-12-26,20251226105500000,sz.002225,5.9800,5.9900,5.9700,5.9700,335000,2001160.0000,3
2025-12-26,20251226110000000,sz.002225,5.9700,5.9800,5.9700,5.9700,238600,1425472.0000,3
2025-12-26,20251226110500000,sz.002225,5.9700,5.9900,5.9700,5.9800,289100,1728104.0000,3
2025-12-26,20251226111000000,sz.002225,5.9800,5.9800,5.9700,5.9800,322100,1924280.0000,3
2025-12-26,20251226111500000,sz.002225,5.9800,5.9900,5.9600,5.9700,620700,3710072.0000,3
2025-12-26,20251226112000000,sz.002225,5.9700,5.9700,5.9400,5.9600,713200,4245736.0000,3
2025-12-26,20251226112500000,sz.002225,5.9500,5.9600,5.9300,5.9300,719700,4278128.0000,3
2025-12-26,20251226113000000,sz.002225,5.9300,5.9400,5.9100,5.9300,1410900,8357176.0000,3
2025-12-26,20251226130500000,sz.002225,5.9300,5.9500,5.9200,5.9500,1973200,11693432.0000,3
2025-12-26,20251226131000000,sz.002225,5.9400,5.9600,5.9400,5.9600,1018700,6056992.0000,3
2025-12-26,20251226131500000,sz.002225,5.9500,5.9700,5.9500,5.9600,434200,2587904.0000,3
2025-12-26,20251226132000000,sz.002225,5.9600,5.9700,5.9600,5.9700,335800,2004000.0000,3
2025-12-26,20251226132500000,sz.002225,5.9700,5.9800,5.9600,5.9700,207800,1240144.0000,3
2025-12-26,20251226133000000,sz.002225,5.9600,5.9700,5.9600,5.9700,728200,4341824.0000,3
2025-12-26,20251226133500000,sz.002225,5.9700,5.9900,5.9700,5.9900,540900,3231824.0000,3
2025-12-26,20251226134000000,sz.002225,5.9900,6.0300,5.9900,6.0200,855300,5131904.0000,3
2025-12-26,20251226134500000,sz.002225,6.0300,6.0400,6.0200,6.0300,674100,4067840.0000,3
2025-12-26,20251226135000000,sz.002225,6.0400,6.0500,6.0400,6.0500,235000,1420160.0000,3
2025-12-26,20251226135500000,sz.002225,6.0400,6.0500,6.0300,6.0300,834100,5034752.0000,3
2025-12-26,20251226140000000,sz.002225,6.0400,6.0500,6.0300,6.0400,680000,4107120.0000,3
2025-12-26,20251226140500000,sz.002225,6.0500,6.0500,6.0300,6.0400,284800,1720320.0000,3
2025-12-26,20251226141000000,sz.002225,6.0400,6.0700,6.0400,6.0400,1513300,9162752.0000,3
2025-12-26,20251226141500000,sz.002225,6.0400,6.0600,6.0300,6.0400,543100,3283872.0000,3
2025-12-26,20251226142000000,sz.002225,6.0400,6.0500,6.0300,6.0300,164600,994128.0000,3
2025-12-26,20251226142500000,sz.002225,6.0400,6.0400,6.0300,6.0300,143300,864864.0000,3
2025-12-26,20251226143000000,sz.002225,6.0400,6.0400,6.0200,6.0400,396100,2389984.0000,3
2025-12-26,20251226143500000,sz.002225,6.0300,6.0400,6.0100,6.0300,519800,3132288.0000,3
2025-12-26,20251226144000000,sz.002225,6.0200,6.0300,6.0200,6.0200,425600,2563424.0000,3
2025-12-26,20251226144500000,sz.002225,6.0200,6.0400,6.0200,6.0300,422500,2547408.0000,3
2025-12-26,20251226145000000,sz.002225,6.0200,6.0400,6.0200,6.0200,321500,1936432.0000,3
2025-12-26,20251226145500000,sz.002225,6.0200,6.0300,6.0200,6.0300,341400,2056576.0000,3
2025-12-26,20251226150000000,sz.002225,6.0200,6.0300,6.0100,6.0200,345000,2077408.0000,3
2025-12-29,20251229093500000,sz.002225,6.0100,6.0300,5.9900,6.0300,1167100,7010138.0000,3
2025-12-29,20251229094000000,sz.002225,6.0300,6.0400,6.0000,6.0100,781100,4697795.0000,3
2025-12-29,20251229094500000,sz.002225,6.0000,6.0200,5.9900,6.0000,722900,4339558.0000,3
2025-12-29,20251229095000000,sz.002225,6.0000,6.0100,5.9800,6.0100,1155100,6912505.0000,3
2025-12-29,20251229095500000,sz.002225,6.0000,6.0000,5.9800,5.9800,581800,3486648.0000,3
2025-12-29,20251229100000000,sz.002225,5.9900,6.0000,5.9800,6.0000,446100,2671624.0000,3
2025-12-29,20251229100500000,sz.002225,6.0000,6.0000,5.9800,5.9900,293800,1759332.0000,3
2025-12-29,20251229101000000,sz.002225,5.9900,6.0000,5.9800,5.9900,1003900,6016440.0000,3
2025-12-29,20251229101500000,sz.002225,5.9800,5.9900,5.9700,5.9700,501400,2996360.0000,3
2025-12-29,20251229102000000,sz.002225,5.9800,5.9800,5.9600,5.9600,464200,2770660.0000,3
2025-12-29,20251229102500000,sz.002225,5.9700,5.9700,5.9600,5.9600,441100,2629760.0000,3
2025-12-29,20251229103000000,sz.002225,5.9600,5.9800,5.9500,5.9800,542300,3231104.0000,3
2025-12-29,20251229103500000,sz.002225,5.9800,6.0000,5.9600,6.0000,559000,3342184.0000,3
2025-12-29,20251229104000000,sz.002225,6.0000,6.0200,5.9600,5.9700,927300,5564780.0000,3
2025-12-29,20251229104500000,sz.002225,5.9700,5.9800,5.9600,5.9800,440000,2623856.0000,3
2025-12-29,20251229105000000,sz.002225,5.9700,5.9700,5.9500,5.9500,345600,2060492.0000,3
2025-12-29,20251229105500000,sz.002225,5.9600,5.9700,5.9600,5.9700,99000,590636.0000,3
2025-12-29,20251229110000000,sz.002225,5.9600,5.9700,5.9500,5.9600,377900,2251616.0000,3
2025-12-29,20251229110500000,sz.002225,5.9500,5.9600,5.9400,5.9400,808600,4811080.0000,3
2025-12-29,20251229111000000,sz.002225,5.9400,5.9500,5.9400,5.9500,403100,2394640.0000,3
2025-12-29,20251229111500000,sz.002225,5.9400,5.9500,5.9300,5.9500,567100,3368480.0000,3
2025-12-29,20251229112000000,sz.002225,5.9500,5.9500,5.9300,5.9300,709300,4205688.0000,3
2025-12-29,20251229112500000,sz.002225,5.9300,5.9400,5.9200,5.9200,543800,3222568.0000,3
2025-12-29,20251229113000000,sz.002225,5.9200,5.9300,5.9200,5.9200,413300,2448144.0000,3
2025-12-29,20251229130500000,sz.002225,5.9300,5.9400,5.9200,5.9300,347800,2061280.0000,3
2025-12-29,20251229131000000,sz.002225,5.9400,5.9400,5.9200,5.9200,283400,1680352.0000,3
2025-12-29,20251229131500000,sz.002225,5.9300,5.9300,5.9100,5.9100,751300,4448024.0000,3
2025-12-29,20251229132000000,sz.002225,5.9100,5.9300,5.9100,5.9200,740700,4379464.0000,3
2025-12-29,20251229132500000,sz.002225,5.9200,5.9500,5.9200,5.9400,241600,1434320.0000,3
2025-12-29,20251229133000000,sz.002225,5.9400,5.9600,5.9400,5.9400,286300,1705168.0000,3
2025-12-29,20251229133500000,sz.002225,5.9600,5.9700,5.9500,5.9500,495600,2950336.0000,3
2025-12-29,20251229134000000,sz.002225,5.9600,5.9600,5.9400,5.9400,143200,851776.0000,3
2025-12-29,20251229134500000,sz.002225,5.9400,5.9600,5.9400,5.9600,212800,1265584.0000,3
2025-12-29,20251229135000000,sz.002225,5.9500,5.9600,5.9400,5.9500,356900,2122000.0000,3
2025-12-29,20251229135500000,sz.002225,5.9500,5.9600,5.9500,5.9500,45400,270200.0000,3
2025-12-29,20251229140000000,sz.002225,5.9600,5.9600,5.9400,5.9400,194600,1158640.0000,3
2025-12-29,20251229140500000,sz.002225,5.9500,5.9600,5.9400,5.9400,255900,1522480.0000,3
2025-12-29,20251229141000000,sz.002225,5.9400,5.9500,5.9400,5.9500,119200,708656.0000,3
2025-12-29,20251229141500000,sz.002225,5.9500,5.9500,5.9400,5.9400,275100,1634240.0000,3
2025-12-29,20251229142000000,sz.002225,5.9500,5.9500,5.9400,5.9500,110900,659000.0000,3
2025-12-29,20251229142500000,sz.002225,5.9400,5.9500,5.9400,5.9400,144800,860248.0000,3
2025-12-29,20251229143000000,sz.002225,5.9500,5.9500,5.9300,5.9300,100100,594304.0000,3
2025-12-29,20251229143500000,sz.002225,5.9300,5.9400,5.9200,5.9200,581600,3446424.0000,3
2025-12-29,20251229144000000,sz.002225,5.9200,5.9400,5.9200,5.9300,626000,3709560.0000,3
2025-12-29,20251229144500000,sz.002225,5.9300,5.9400,5.9200,5.9400,298700,1771360.0000,3
2025-12-29,20251229145000000,sz.002225,5.9300,5.9400,5.9200,5.9400,397500,2357344.0000,3
2025-12-29,20251229145500000,sz.002225,5.9300,5.9400,5.9300,5.9300,363600,2157544.0000,3
2025-12-29,20251229150000000,sz.002225,5.9300,5.9400,5.9300,5.9400,426100,2529936.0000,3
2025-12-30,20251230093500000,sz.002225,5.9000,5.9100,5.8600,5.8600,1423400,8366810.0000,3
2025-12-30,20251230094000000,sz.002225,5.8600,5.8800,5.8200,5.8300,1885800,11020078.0000,3
2025-12-30,20251230094500000,sz.002225,5.8200,5.8300,5.7800,5.8000,2135400,12392932.0000,3
2025-12-30,20251230095000000,sz.002225,5.8000,5.8100,5.7800,5.8100,990500,5737756.0000,3
2025-12-30,20251230095500000,sz.002225,5.8100,5.8300,5.8000,5.8300,473300,2753312.0000,3
2025-12-30,20251230100000000,sz.002225,5.8300,5.8500,5.8200,5.8300,540800,3154432.0000,3
2025-12-30,20251230100500000,sz.002225,5.8400,5.8600,5.8200,5.8200,715100,4177060.0000,3
2025-12-30,20251230101000000,sz.002225,5.8200,5.8500,5.8200,5.8400,661300,3859548.0000,3
2025-12-30,20251230101500000,sz.002225,5.8400,5.8600,5.8300,5.8500,821400,4803736.0000,3
2025-12-30,20251230102000000,sz.002225,5.8600,5.8700,5.8500,5.8700,361300,2117624.0000,3
2025-12-30,20251230102500000,sz.002225,5.8600,5.9000,5.8600,5.8900,963800,5667488.0000,3
2025-12-30,20251230103000000,sz.002225,5.9000,5.9000,5.8900,5.8900,297900,1755608.0000,3
2025-12-30,20251230103500000,sz.002225,5.9000,5.9000,5.8800,5.8900,331900,1955776.0000,3
2025-12-30,20251230104000000,sz.002225,5.8800,5.9200,5.8800,5.9200,929400,5487120.0000,3
2025-12-30,20251230104500000,sz.002225,5.9200,5.9300,5.9100,5.9300,395300,2340696.0000,3
2025-12-30,20251230105000000,sz.002225,5.9300,5.9400,5.9200,5.9300,336200,1994400.0000,3
2025-12-30,20251230105500000,sz.002225,5.9300,5.9600,5.9300,5.9600,637200,3791296.0000,3
2025-12-30,20251230110000000,sz.002225,5.9600,5.9600,5.9400,5.9400,251800,1498360.0000,3
2025-12-30,20251230110500000,sz.002225,5.9400,5.9600,5.9400,5.9600,511600,3044432.0000,3
2025-12-30,20251230111000000,sz.002225,5.9500,5.9700,5.9400,5.9600,615100,3664888.0000,3
2025-12-30,20251230111500000,sz.002225,5.9700,5.9700,5.9500,5.9600,195400,1163624.0000,3
2025-12-30,20251230112000000,sz.002225,5.9500,5.9600,5.9500,5.9600,233900,1392752.0000,3
2025-12-30,20251230112500000,sz.002225,5.9500,5.9600,5.9500,5.9600,265100,1578320.0000,3
2025-12-30,20251230113000000,sz.002225,5.9600,5.9800,5.9600,5.9600,461000,2752088.0000,3
2025-12-30,20251230130500000,sz.002225,5.9600,5.9900,5.9400,5.9500,785800,4692600.0000,3
2025-12-30,20251230131000000,sz.002225,5.9400,5.9500,5.9300,5.9400,474500,2819368.0000,3
2025-12-30,20251230131500000,sz.002225,5.9400,5.9500,5.9300,5.9300,247300,1468640.0000,3
2025-12-30,20251230132000000,sz.002225,5.9300,5.9400,5.9200,5.9300,282800,1677592.0000,3
2025-12-30,20251230132500000,sz.002225,5.9200,5.9400,5.9200,5.9400,448500,2659368.0000,3
2025-12-30,20251230133000000,sz.002225,5.9500,5.9500,5.9200,5.9200,506100,3004320.0000,3
2025-12-30,20251230133500000,sz.002225,5.9100,5.9300,5.9000,5.9000,297900,1761712.0000,3
2025-12-30,20251230134000000,sz.002225,5.9000,5.9100,5.8900,5.9100,486300,2869496.0000,3
2025-12-30,20251230134500000,sz.002225,5.9100,5.9100,5.9000,5.9100,91700,541760.0000,3
2025-12-30,20251230135000000,sz.002225,5.9100,5.9100,5.9000,5.9000,399300,2356584.0000,3
2025-12-30,20251230135500000,sz.002225,5.8900,5.9100,5.8900,5.9000,241400,1424496.0000,3
2025-12-30,20251230140000000,sz.002225,5.8900,5.9100,5.8900,5.9000,418000,2466016.0000,3
2025-12-30,20251230140500000,sz.002225,5.8900,5.9100,5.8900,5.9000,284600,1678432.0000,3
2025-12-30,20251230141000000,sz.002225,5.8900,5.9000,5.8900,5.8900,131300,774056.0000,3
2025-12-30,20251230141500000,sz.002225,5.8900,5.9100,5.8900,5.9100,638600,3768176.0000,3
2025-12-30,20251230142000000,sz.002225,5.9000,5.9100,5.8900,5.9000,145700,859792.0000,3
2025-12-30,20251230142500000,sz.002225,5.9000,5.9100,5.8900,5.9100,116900,689880.0000,3
2025-12-30,20251230143000000,sz.002225,5.9000,5.9100,5.8900,5.9000,152400,899776.0000,3
2025-12-30,20251230143500000,sz.002225,5.8900,5.9100,5.8800,5.8800,455200,2682936.0000,3
2025-12-30,20251230144000000,sz.002225,5.8800,5.8900,5.8800,5.8900,209000,1230480.0000,3
2025-12-30,20251230144500000,sz.002225,5.8800,5.8900,5.8800,5.8900,337500,1985808.0000,3
2025-12-30,20251230145000000,sz.002225,5.8900,5.8900,5.8700,5.8900,918900,5403568.0000,3
2025-12-30,20251230145500000,sz.002225,5.8800,5.8900,5.8700,5.8800,493900,2902240.0000,3
2025-12-30,20251230150000000,sz.002225,5.8700,5.9000,5.8700,5.8800,640500,3766208.0000,3
2025-12-31,20251231093500000,sz.002225,5.8900,5.8900,5.8500,5.8500,434200,2547649.0000,3
2025-12-31,20251231094000000,sz.002225,5.8500,5.8600,5.8200,5.8300,705000,4116292.0000,3
2025-12-31,20251231094500000,sz.002225,5.8300,5.8300,5.7900,5.8000,1342400,7797946.0000,3
2025-12-31,20251231095000000,sz.002225,5.7700,5.8000,5.7700,5.7900,1741100,10065369.0000,3
2025-12-31,20251231095500000,sz.002225,5.7900,5.8100,5.7800,5.7900,842900,4884712.0000,3
2025-12-31,20251231100000000,sz.002225,5.7900,5.7900,5.7400,5.7400,2360700,13598432.0000,3
2025-12-31,20251231100500000,sz.002225,5.7500,5.7500,5.7300,5.7500,1334000,7653000.0000,3
2025-12-31,20251231101000000,sz.002225,5.7400,5.7500,5.7200,5.7300,1027100,5884856.0000,3
2025-12-31,20251231101500000,sz.002225,5.7200,5.7500,5.7100,5.7200,1148400,6578232.0000,3
2025-12-31,20251231102000000,sz.002225,5.7200,5.7200,5.7100,5.7200,462700,2643960.0000,3
2025-12-31,20251231102500000,sz.002225,5.7100,5.7600,5.7100,5.7600,897700,5148848.0000,3
2025-12-31,20251231103000000,sz.002225,5.7500,5.8000,5.7500,5.8000,446300,2576152.0000,3
2025-12-31,20251231103500000,sz.002225,5.7900,5.8000,5.7700,5.7700,716200,4139280.0000,3
2025-12-31,20251231104000000,sz.002225,5.7700,5.8000,5.7700,5.7700,1909700,11023528.0000,3
2025-12-31,20251231104500000,sz.002225,5.7800,5.7800,5.7600,5.7600,220400,1271896.0000,3
2025-12-31,20251231105000000,sz.002225,5.7600,5.7700,5.7500,5.7700,309100,1780280.0000,3
2025-12-31,20251231105500000,sz.002225,5.7700,5.7700,5.7600,5.7600,180200,1038048.0000,3
2025-12-31,20251231110000000,sz.002225,5.7600,5.7700,5.7500,5.7500,159500,918624.0000,3
2025-12-31,20251231110500000,sz.002225,5.7500,5.7700,5.7500,5.7700,415000,2389320.0000,3
2025-12-31,20251231111000000,sz.002225,5.7700,5.7700,5.7500,5.7500,431600,2484048.0000,3
2025-12-31,20251231111500000,sz.002225,5.7500,5.7600,5.7400,5.7500,275800,1585152.0000,3
2025-12-31,20251231112000000,sz.002225,5.7500,5.7700,5.7500,5.7600,406200,2338168.0000,3
2025-12-31,20251231112500000,sz.002225,5.7500,5.7600,5.7400,5.7500,180500,1037872.0000,3
2025-12-31,20251231113000000,sz.002225,5.7400,5.7500,5.7200,5.7300,831700,4768432.0000,3
2025-12-31,20251231130500000,sz.002225,5.7300,5.7300,5.7200,5.7300,265100,1517744.0000,3
2025-12-31,20251231131000000,sz.002225,5.7200,5.7300,5.7100,5.7200,583800,3340224.0000,3
2025-12-31,20251231131500000,sz.002225,5.7200,5.7300,5.7100,5.7100,362700,2074776.0000,3
2025-12-31,20251231132000000,sz.002225,5.7200,5.7400,5.7200,5.7400,377500,2164936.0000,3
2025-12-31,20251231132500000,sz.002225,5.7400,5.7400,5.7200,5.7300,502000,2876768.0000,3
2025-12-31,20251231133000000,sz.002225,5.7200,5.7300,5.7100,5.7300,965000,5519936.0000,3
2025-12-31,20251231133500000,sz.002225,5.7200,5.7300,5.7100,5.7100,1214700,6941256.0000,3
2025-12-31,20251231134000000,sz.002225,5.7000,5.7100,5.7000,5.7100,502000,2865448.0000,3
2025-12-31,20251231134500000,sz.002225,5.7000,5.7100,5.7000,5.7100,391200,2231856.0000,3
2025-12-31,20251231135000000,sz.002225,5.7100,5.7100,5.7000,5.7100,1197400,6830256.0000,3
2025-12-31,20251231135500000,sz.002225,5.7000,5.7200,5.7000,5.7100,573500,3273648.0000,3
2025-12-31,20251231140000000,sz.002225,5.7100,5.7200,5.7000,5.7100,808600,4614560.0000,3
2025-12-31,20251231140500000,sz.002225,5.7200,5.7400,5.7100,5.7300,1043300,5969152.0000,3
2025-12-31,20251231141000000,sz.002225,5.7200,5.7300,5.7000,5.7100,707000,4040288.0000,3
2025-12-31,20251231141500000,sz.002225,5.7000,5.7200,5.7000,5.7100,962200,5488672.0000,3
2025-12-31,20251231142000000,sz.002225,5.7100,5.7100,5.7000,5.7100,261200,1490704.0000,3
2025-12-31,20251231142500000,sz.002225,5.7100,5.7200,5.7000,5.7000,613300,3503424.0000,3
2025-12-31,20251231143000000,sz.002225,5.7000,5.7200,5.7000,5.7000,1573900,8977840.0000,3
2025-12-31,20251231143500000,sz.002225,5.7000,5.7100,5.6900,5.7000,841200,4794944.0000,3
2025-12-31,20251231144000000,sz.002225,5.6900,5.7000,5.6900,5.6900,165000,939888.0000,3
2025-12-31,20251231144500000,sz.002225,5.6900,5.7100,5.6900,5.7000,1158000,6601568.0000,3
2025-12-31,20251231145000000,sz.002225,5.7100,5.7100,5.7000,5.7000,287100,1638144.0000,3
2025-12-31,20251231145500000,sz.002225,5.7000,5.7100,5.6900,5.7000,1103600,6291120.0000,3
2025-12-31,20251231150000000,sz.002225,5.7000,5.7100,5.7000,5.7000,361500,2061216.0000,3
2026-01-05,20260105093500000,sz.002225,5.7200,5.7500,5.6700,5.6700,2072300,11833002.0000,3
2026-01-05,20260105094000000,sz.002225,5.6700,5.6900,5.6300,5.6300,1462200,8272307.0000,3
2026-01-05,20260105094500000,sz.002225,5.6400,5.6700,5.6300,5.6300,1214200,6858667.0000,3
2026-01-05,20260105095000000,sz.002225,5.6400,5.6500,5.6300,5.6500,1442700,8133004.0000,3
2026-01-05,20260105095500000,sz.002225,5.6600,5.6900,5.6300,5.6800,1344600,7604780.0000,3
2026-01-05,20260105100000000,sz.002225,5.6800,5.7300,5.6700,5.7300,636220,3624256.6000,3
2026-01-05,20260105100500000,sz.002225,5.7300,5.7300,5.6800,5.6900,1059800,6054655.0000,3
2026-01-05,20260105101000000,sz.002225,5.6900,5.7000,5.6700,5.6800,319700,1816361.0000,3
2026-01-05,20260105101500000,sz.002225,5.6800,5.6900,5.6700,5.6700,606400,3441828.0000,3
2026-01-05,20260105102000000,sz.002225,5.6700,5.6800,5.6700,5.6700,678400,3847138.0000,3
2026-01-05,20260105102500000,sz.002225,5.6700,5.6800,5.6600,5.6800,623600,3536895.0000,3
2026-01-05,20260105103000000,sz.002225,5.6800,5.6900,5.6700,5.6800,442200,2510352.0000,3
2026-01-05,20260105103500000,sz.002225,5.6800,5.6900,5.6700,5.6700,507300,2878516.0000,3
2026-01-05,20260105104000000,sz.002225,5.6700,5.6800,5.6600,5.6700,319300,1810080.0000,3
2026-01-05,20260105104500000,sz.002225,5.6600,5.6800,5.6600,5.6800,332500,1885610.0000,3
2026-01-05,20260105105000000,sz.002225,5.6700,5.7000,5.6700,5.7000,301700,1717649.0000,3
2026-01-05,20260105105500000,sz.002225,5.7000,5.7100,5.7000,5.7100,179900,1026648.0000,3
2026-01-05,20260105110000000,sz.002225,5.7100,5.7200,5.7000,5.7100,452300,2582876.0000,3
2026-01-05,20260105110500000,sz.002225,5.7100,5.7300,5.7100,5.7300,457800,2618989.0000,3
2026-01-05,20260105111000000,sz.002225,5.7200,5.7300,5.7100,5.7200,196400,1123319.0000,3
2026-01-05,20260105111500000,sz.002225,5.7100,5.7200,5.7000,5.7000,373200,2129341.0000,3
2026-01-05,20260105112000000,sz.002225,5.7000,5.7100,5.6900,5.7000,303500,1730668.0000,3
2026-01-05,20260105112500000,sz.002225,5.7000,5.7200,5.7000,5.7100,303376,1731386.2000,3
2026-01-05,20260105113000000,sz.002225,5.7100,5.7200,5.7000,5.7200,174000,993497.0000,3
2026-01-05,20260105130500000,sz.002225,5.7200,5.7200,5.6800,5.6900,983524,5601574.8000,3
2026-01-05,20260105131000000,sz.002225,5.6900,5.6900,5.6700,5.6900,363200,2063746.0000,3
2026-01-05,20260105131500000,sz.002225,5.6900,5.7100,5.6800,5.7100,594000,3377620.0000,3
2026-01-05,20260105132000000,sz.002225,5.7000,5.7100,5.7000,5.7100,437300,2493850.0000,3
2026-01-05,20260105132500000,sz.002225,5.7100,5.7200,5.7100,5.7200,379300,2166445.0000,3
2026-01-05,20260105133000000,sz.002225,5.7200,5.7300,5.7200,5.7200,571500,3271759.0000,3
2026-01-05,20260105133500000,sz.002225,5.7200,5.7300,5.7100,5.7100,243900,1394000.0000,3
2026-01-05,20260105134000000,sz.002225,5.7200,5.7200,5.7000,5.7100,175300,1001008.0000,3
2026-01-05,20260105134500000,sz.002225,5.7200,5.7200,5.6900,5.7000,563800,3215115.0000,3
2026-01-05,20260105135000000,sz.002225,5.7000,5.7100,5.6900,5.7000,199200,1136067.0000,3
2026-01-05,20260105135500000,sz.002225,5.7000,5.7200,5.7000,5.7200,555700,3171907.0000,3
2026-01-05,20260105140000000,sz.002225,5.7100,5.7300,5.7100,5.7100,768500,4394614.0000,3
2026-01-05,20260105140500000,sz.002225,5.7100,5.7300,5.7100,5.7200,405400,2319000.0000,3
2026-01-05,20260105141000000,sz.002225,5.7200,5.7300,5.7100,5.7200,225600,1290316.0000,3
2026-01-05,20260105141500000,sz.002225,5.7200,5.7400,5.7200,5.7400,693400,3972813.0000,3
2026-01-05,20260105142000000,sz.002225,5.7300,5.7600,5.7300,5.7400,1086700,6245161.0000,3
2026-01-05,20260105142500000,sz.002225,5.7400,5.7500,5.7300,5.7300,476900,2735022.0000,3
2026-01-05,20260105143000000,sz.002225,5.7300,5.7400,5.7200,5.7300,316100,1811332.0000,3
2026-01-05,20260105143500000,sz.002225,5.7300,5.7400,5.7200,5.7300,231600,1326825.0000,3
2026-01-05,20260105144000000,sz.002225,5.7300,5.7400,5.7200,5.7300,321300,1842235.0000,3
2026-01-05,20260105144500000,sz.002225,5.7400,5.7500,5.7400,5.7400,786600,4517676.0000,3
2026-01-05,20260105145000000,sz.002225,5.7500,5.7500,5.7400,5.7500,264400,1519890.0000,3
2026-01-05,20260105145500000,sz.002225,5.7400,5.7500,5.7400,5.7400,524300,3010217.0000,3
2026-01-05,20260105150000000,sz.002225,5.7500,5.7500,5.7400,5.7500,356500,2048835.0000,3
2026-01-06,20260106093500000,sz.002225,5.7500,5.7800,5.7400,5.7800,1210900,6974614.0000,3
2026-01-06,20260106094000000,sz.002225,5.7800,5.7800,5.7600,5.7600,419200,2419013.0000,3
2026-01-06,20260106094500000,sz.002225,5.7600,5.7700,5.7400,5.7400,1024100,5887337.0000,3
2026-01-06,20260106095000000,sz.002225,5.7400,5.7800,5.7300,5.7800,1145707,6591578.1100,3
2026-01-06,20260106095500000,sz.002225,5.7800,5.8000,5.7700,5.7800,1101300,6370971.0000,3
2026-01-06,20260106100000000,sz.002225,5.7800,5.8200,5.7800,5.8200,1003299,5822856.1900,3
2026-01-06,20260106100500000,sz.002225,5.8200,5.8200,5.8000,5.8100,548401,3186567.8100,3
2026-01-06,20260106101000000,sz.002225,5.8100,5.8300,5.8000,5.8100,787000,4574694.0000,3
2026-01-06,20260106101500000,sz.002225,5.8100,5.8400,5.8100,5.8200,407595,2374581.9000,3
2026-01-06,20260106102000000,sz.002225,5.8200,5.8300,5.8200,5.8300,251600,1465022.0000,3
2026-01-06,20260106102500000,sz.002225,5.8200,5.8300,5.8100,5.8100,325900,1896770.0000,3
2026-01-06,20260106103000000,sz.002225,5.8100,5.8300,5.8100,5.8200,741000,4314095.0000,3
2026-01-06,20260106103500000,sz.002225,5.8200,5.8300,5.8200,5.8300,224500,1307908.0000,3
2026-01-06,20260106104000000,sz.002225,5.8300,5.8700,5.8300,5.8400,2029600,11868308.0000,3
2026-01-06,20260106104500000,sz.002225,5.8300,5.8700,5.8300,5.8500,766500,4485377.0000,3
2026-01-06,20260106105000000,sz.002225,5.8500,5.8600,5.8400,5.8600,617400,3613620.0000,3
2026-01-06,20260106105500000,sz.002225,5.8600,5.9000,5.8600,5.9000,1382700,8125570.0000,3
2026-01-06,20260106110000000,sz.002225,5.9000,5.9000,5.8700,5.8700,723500,4262685.0000,3
2026-01-06,20260106110500000,sz.002225,5.8800,5.8800,5.8600,5.8700,258400,1516322.0000,3
2026-01-06,20260106111000000,sz.002225,5.8700,5.8800,5.8600,5.8700,424300,2490443.0000,3
2026-01-06,20260106111500000,sz.002225,5.8700,5.8900,5.8700,5.8900,525500,3088898.0000,3
2026-01-06,20260106112000000,sz.002225,5.8800,5.8900,5.8700,5.8800,265100,1558788.0000,3
2026-01-06,20260106112500000,sz.002225,5.8800,5.8900,5.8700,5.8800,257000,1511085.0000,3
2026-01-06,20260106113000000,sz.002225,5.8900,5.9100,5.8800,5.9100,1311345,7732402.5100,3
2026-01-06,20260106130500000,sz.002225,5.9100,5.9200,5.8800,5.9100,1001700,5912782.0000,3
2026-01-06,20260106131000000,sz.002225,5.9100,5.9200,5.9000,5.9200,703900,4158665.0000,3
2026-01-06,20260106131500000,sz.002225,5.9200,5.9900,5.9200,5.9800,3100300,18456427.0000,3
2026-01-06,20260106132000000,sz.002225,5.9900,6.1000,5.9900,6.1000,6176609,37333390.2700,3
2026-01-06,20260106132500000,sz.002225,6.0900,6.1100,6.0600,6.0600,4270800,26026922.0000,3
2026-01-06,20260106133000000,sz.002225,6.0600,6.0700,6.0400,6.0700,2102000,12720635.0000,3
2026-01-06,20260106133500000,sz.002225,6.0700,6.1400,6.0600,6.1400,5514101,33679865.1100,3
2026-01-06,20260106134000000,sz.002225,6.1400,6.1500,6.0700,6.0800,2394800,14680253.0000,3
2026-01-06,20260106134500000,sz.002225,6.0800,6.1000,6.0600,6.0700,1558800,9471407.0000,3
2026-01-06,20260106135000000,sz.002225,6.0700,6.0900,6.0600,6.0800,886900,5388344.0000,3
2026-01-06,20260106135500000,sz.002225,6.0700,6.1000,6.0700,6.0900,1132100,6889123.0000,3
2026-01-06,20260106140000000,sz.002225,6.0900,6.1000,6.0700,6.0800,1040100,6328350.0000,3
2026-01-06,20260106140500000,sz.002225,6.0800,6.1300,6.0700,6.1200,2455400,14990495.0000,3
2026-01-06,20260106141000000,sz.002225,6.1200,6.1400,6.1100,6.1100,1582200,9692837.0000,3
2026-01-06,20260106141500000,sz.002225,6.1100,6.1200,6.1000,6.1100,1108300,6765853.0000,3
2026-01-06,20260106142000000,sz.002225,6.1100,6.1100,6.0800,6.0900,946900,5771448.0000,3
2026-01-06,20260106142500000,sz.002225,6.0900,6.1100,6.0900,6.1000,646900,3945572.7000,3
2026-01-06,20260106143000000,sz.002225,6.1000,6.1100,6.0900,6.1000,424600,2590499.0000,3
2026-01-06,20260106143500000,sz.002225,6.1100,6.1100,6.0900,6.1000,782200,4771499.0000,3
2026-01-06,20260106144000000,sz.002225,6.1000,6.1100,6.0900,6.0900,693900,4230597.0000,3
2026-01-06,20260106144500000,sz.002225,6.0900,6.0900,6.0800,6.0900,819000,4984628.0000,3
2026-01-06,20260106145000000,sz.002225,6.0900,6.1000,6.0800,6.0900,1372300,8354862.0000,3
2026-01-06,20260106145500000,sz.002225,6.0900,6.1000,6.0700,6.0800,1699900,10340704.0000,3
2026-01-06,20260106150000000,sz.002225,6.0700,6.1000,6.0700,6.1000,1921000,11694636.0000,3
2026-01-07,20260107093500000,sz.002225,6.1000,6.1100,6.0300,6.0600,2286200,13876859.0000,3
2026-01-07,20260107094000000,sz.002225,6.0600,6.0700,6.0200,6.0500,1782300,10780088.0000,3
2026-01-07,20260107094500000,sz.002225,6.0500,6.0500,6.0300,6.0300,1468400,8873407.0000,3
2026-01-07,20260107095000000,sz.002225,6.0200,6.0700,6.0200,6.0600,1821300,11004686.0000,3
2026-01-07,20260107095500000,sz.002225,6.0600,6.0600,6.0400,6.0500,1069900,6468079.0000,3
2026-01-07,20260107100000000,sz.002225,6.0500,6.0900,6.0400,6.0800,1141500,6922148.0000,3
2026-01-07,20260107100500000,sz.002225,6.0800,6.0900,6.0700,6.0800,878300,5342348.0000,3
2026-01-07,20260107101000000,sz.002225,6.0800,6.1000,6.0600,6.0900,1064200,6477903.0000,3
2026-01-07,20260107101500000,sz.002225,6.0900,6.1600,6.0900,6.1500,2104700,12910709.0000,3
2026-01-07,20260107102000000,sz.002225,6.1500,6.1500,6.1300,6.1500,1097700,6744202.0000,3
2026-01-07,20260107102500000,sz.002225,6.1400,6.1600,6.1000,6.1100,1894400,11625149.0000,3
2026-01-07,20260107103000000,sz.002225,6.1100,6.1100,6.0700,6.0900,1010900,6150301.0000,3
2026-01-07,20260107103500000,sz.002225,6.0900,6.1100,6.0900,6.1000,282000,1720208.0000,3
2026-01-07,20260107104000000,sz.002225,6.1000,6.1000,6.0800,6.0800,492900,3002308.0000,3
2026-01-07,20260107104500000,sz.002225,6.0800,6.1000,6.0700,6.0700,828600,5044167.0000,3
2026-01-07,20260107105000000,sz.002225,6.0700,6.0800,6.0600,6.0800,663700,4028731.0000,3
2026-01-07,20260107105500000,sz.002225,6.0700,6.0900,6.0700,6.0900,174100,1058274.0000,3
2026-01-07,20260107110000000,sz.002225,6.0800,6.0900,6.0800,6.0900,316400,1924963.0000,3
2026-01-07,20260107110500000,sz.002225,6.0800,6.0900,6.0800,6.0900,129100,785592.0000,3
2026-01-07,20260107111000000,sz.002225,6.0800,6.0900,6.0800,6.0800,262100,1593926.0000,3
2026-01-07,20260107111500000,sz.002225,6.0800,6.0800,6.0700,6.0700,100600,611204.0000,3
2026-01-07,20260107112000000,sz.002225,6.0700,6.0800,6.0700,6.0800,275200,1671934.0000,3
2026-01-07,20260107112500000,sz.002225,6.0800,6.0900,6.0700,6.0800,234700,1427340.0000,3
2026-01-07,20260107113000000,sz.002225,6.0800,6.0900,6.0800,6.0800,67038,407879.0400,3
2026-01-07,20260107130500000,sz.002225,6.0800,6.0800,6.0400,6.0400,1155000,6999483.0000,3
2026-01-07,20260107131000000,sz.002225,6.0400,6.0500,6.0300,6.0300,700100,4227512.0000,3
2026-01-07,20260107131500000,sz.002225,6.0300,6.0500,6.0300,6.0500,397700,2403151.0000,3
2026-01-07,20260107132000000,sz.002225,6.0400,6.0500,6.0400,6.0500,160400,969036.0000,3
2026-01-07,20260107132500000,sz.002225,6.0400,6.0500,6.0200,6.0300,800700,4829193.0000,3
2026-01-07,20260107133000000,sz.002225,6.0300,6.0300,6.0000,6.0100,1511000,9083565.0000,3
2026-01-07,20260107133500000,sz.002225,6.0100,6.0200,6.0000,6.0000,681400,4092627.2000,3
2026-01-07,20260107134000000,sz.002225,6.0000,6.0200,6.0000,6.0100,609180,3663618.6000,3
2026-01-07,20260107134500000,sz.002225,6.0100,6.0200,5.9900,5.9900,685700,4116120.0000,3
2026-01-07,20260107135000000,sz.002225,5.9900,6.0200,5.9900,6.0100,543300,3261316.0000,3
2026-01-07,20260107135500000,sz.002225,6.0100,6.0200,6.0100,6.0200,236200,1420047.0000,3
2026-01-07,20260107140000000,sz.002225,6.0100,6.0300,6.0100,6.0300,239900,1445303.0000,3
2026-01-07,20260107140500000,sz.002225,6.0300,6.0500,6.0300,6.0500,320209,1933510.2700,3
2026-01-07,20260107141000000,sz.002225,6.0400,6.0500,6.0400,6.0500,253800,1534336.0000,3
2026-01-07,20260107141500000,sz.002225,6.0500,6.0600,6.0400,6.0500,262100,1585725.0000,3
2026-01-07,20260107142000000,sz.002225,6.0500,6.0600,6.0500,6.0500,189500,1147067.0000,3
2026-01-07,20260107142500000,sz.002225,6.0500,6.0700,6.0400,6.0500,506900,3069309.0000,3
2026-01-07,20260107143000000,sz.002225,6.0500,6.0600,6.0500,6.0500,376400,2277717.0000,3
2026-01-07,20260107143500000,sz.002225,6.0500,6.0600,6.0300,6.0300,543500,3283234.0000,3
2026-01-07,20260107144000000,sz.002225,6.0300,6.0400,6.0200,6.0300,372000,2243308.0000,3
2026-01-07,20260107144500000,sz.002225,6.0300,6.0400,6.0300,6.0300,490600,2960765.0000,3
2026-01-07,20260107145000000,sz.002225,6.0300,6.0400,6.0300,6.0400,421600,2544758.0000,3
2026-01-07,20260107145500000,sz.002225,6.0300,6.0400,6.0300,6.0400,715900,4319207.0000,3
2026-01-07,20260107150000000,sz.002225,6.0300,6.0500,6.0300,6.0500,371200,2242704.0000,3
2026-01-08,20260108093500000,sz.002225,6.0500,6.1900,6.0300,6.1600,4224300,25892710.0000,3
2026-01-08,20260108094000000,sz.002225,6.1600,6.2900,6.1600,6.2900,6873080,42896034.8000,3
2026-01-08,20260108094500000,sz.002225,6.2900,6.2900,6.2400,6.2600,2376100,14879417.0000,3
2026-01-08,20260108095000000,sz.002225,6.2600,6.3200,6.2600,6.2900,3822200,24035501.0000,3
2026-01-08,20260108095500000,sz.002225,6.3000,6.3200,6.2900,6.3000,2929400,18476845.0000,3
2026-01-08,20260108100000000,sz.002225,6.3000,6.3000,6.2000,6.2200,1912300,11946395.0000,3
2026-01-08,20260108100500000,sz.002225,6.2100,6.2300,6.1900,6.2100,1020200,6334114.2000,3
2026-01-08,20260108101000000,sz.002225,6.2100,6.2400,6.2000,6.2400,719209,4473119.8000,3
2026-01-08,20260108101500000,sz.002225,6.2400,6.2500,6.2100,6.2100,869700,5416847.0000,3
2026-01-08,20260108102000000,sz.002225,6.2100,6.2400,6.2100,6.2300,721000,4487397.0000,3
2026-01-08,20260108102500000,sz.002225,6.2200,6.2400,6.2100,6.2200,504600,3140135.0000,3
2026-01-08,20260108103000000,sz.002225,6.2200,6.2300,6.1900,6.2000,821400,5098529.9100,3
2026-01-08,20260108103500000,sz.002225,6.1900,6.2000,6.1800,6.1900,639400,3955869.0000,3
2026-01-08,20260108104000000,sz.002225,6.1900,6.2000,6.1900,6.2000,184800,1144434.0000,3
2026-01-08,20260108104500000,sz.002225,6.2000,6.2100,6.1900,6.1900,397300,2463005.0000,3
2026-01-08,20260108105000000,sz.002225,6.1900,6.2100,6.1800,6.2000,560001,3470959.1900,3
2026-01-08,20260108105500000,sz.002225,6.2100,6.2100,6.1900,6.2100,220800,1369039.0000,3
2026-01-08,20260108110000000,sz.002225,6.2100,6.2100,6.2000,6.2100,291400,1806946.0000,3
2026-01-08,20260108110500000,sz.002225,6.2000,6.2100,6.2000,6.2000,162600,1008381.0000,3
2026-01-08,20260108111000000,sz.002225,6.2000,6.2000,6.1800,6.1900,863399,5343479.8100,3
2026-01-08,20260108111500000,sz.002225,6.1800,6.2000,6.1800,6.1800,244500,1513228.0000,3
2026-01-08,20260108112000000,sz.002225,6.1800,6.1800,6.1700,6.1700,503900,3111756.0000,3
2026-01-08,20260108112500000,sz.002225,6.1700,6.1800,6.1600,6.1700,410500,2531312.0000,3
2026-01-08,20260108113000000,sz.002225,6.1700,6.2000,6.1700,6.2000,339700,2099991.0000,3
2026-01-08,20260108130500000,sz.002225,6.1900,6.2100,6.1800,6.2000,492000,3049554.9900,3
2026-01-08,20260108131000000,sz.002225,6.2000,6.2000,6.1800,6.1900,204700,1266932.0000,3
2026-01-08,20260108131500000,sz.002225,6.1800,6.1900,6.1800,6.1900,312501,1931954.1800,3
2026-01-08,20260108132000000,sz.002225,6.1900,6.1900,6.1800,6.1800,238400,1473993.0000,3
2026-01-08,20260108132500000,sz.002225,6.1800,6.1900,6.1800,6.1800,451099,2789985.8200,3
2026-01-08,20260108133000000,sz.002225,6.1800,6.1900,6.1700,6.1900,698300,4314624.0000,3
2026-01-08,20260108133500000,sz.002225,6.1900,6.1900,6.1600,6.1700,656300,4050724.0000,3
2026-01-08,20260108134000000,sz.002225,6.1700,6.1900,6.1700,6.1800,393601,2431783.1800,3
2026-01-08,20260108134500000,sz.002225,6.1800,6.1800,6.1600,6.1600,474100,2923840.0000,3
2026-01-08,20260108135000000,sz.002225,6.1600,6.1800,6.1600,6.1600,346000,2135636.0000,3
2026-01-08,20260108135500000,sz.002225,6.1700,6.1700,6.1300,6.1300,1373600,8449813.0000,3
2026-01-08,20260108140000000,sz.002225,6.1400,6.1800,6.1400,6.1800,1341100,8253744.0000,3
2026-01-08,20260108140500000,sz.002225,6.1900,6.2100,6.1900,6.1900,1285101,7961263.1800,3
2026-01-08,20260108141000000,sz.002225,6.1900,6.2000,6.1700,6.1700,631127,3904499.1400,3
2026-01-08,20260108141500000,sz.002225,6.1700,6.1700,6.1500,6.1500,1014800,6252676.0000,3
2026-01-08,20260108142000000,sz.002225,6.1500,6.1800,6.1500,6.1700,626300,3858308.0000,3
2026-01-08,20260108142500000,sz.002225,6.1700,6.1900,6.1700,6.1900,646600,3991836.0000,3
2026-01-08,20260108143000000,sz.002225,6.1800,6.2000,6.1800,6.2000,577900,3576348.0000,3
2026-01-08,20260108143500000,sz.002225,6.2000,6.2000,6.1800,6.1900,437100,2706455.0000,3
2026-01-08,20260108144000000,sz.002225,6.1900,6.2100,6.1800,6.2000,931916,5773731.2700,3
2026-01-08,20260108144500000,sz.002225,6.2100,6.2100,6.1800,6.2000,913600,5663790.5400,3
2026-01-08,20260108145000000,sz.002225,6.2000,6.2100,6.1900,6.2000,622900,3861715.0000,3
2026-01-08,20260108145500000,sz.002225,6.1900,6.2000,6.1800,6.1900,714800,4425852.9000,3
2026-01-08,20260108150000000,sz.002225,6.1900,6.2000,6.1800,6.1900,611000,3781393.0000,3
2026-01-09,20260109093500000,sz.002225,6.2000,6.2800,6.1800,6.1800,2441800,15207463.0000,3
2026-01-09,20260109094000000,sz.002225,6.1900,6.1900,6.1600,6.1800,1044700,6454846.0000,3
2026-01-09,20260109094500000,sz.002225,6.2000,6.2200,6.1800,6.1800,1307500,8106613.0000,3
2026-01-09,20260109095000000,sz.002225,6.1900,6.1900,6.1500,6.1700,1284100,7913009.0000,3
2026-01-09,20260109095500000,sz.002225,6.1600,6.1900,6.1600,6.1600,713300,4400625.0000,3
2026-01-09,20260109100000000,sz.002225,6.1600,6.1800,6.1600,6.1600,966600,5961356.0000,3
2026-01-09,20260109100500000,sz.002225,6.1600,6.2200,6.1600,6.2200,3604600,22313630.0000,3
2026-01-09,20260109101000000,sz.002225,6.2100,6.2100,6.1900,6.1900,576300,3570285.0000,3
2026-01-09,20260109101500000,sz.002225,6.1900,6.1900,6.1700,6.1700,470500,2906607.0000,3
2026-01-09,20260109102000000,sz.002225,6.1800,6.1800,6.1700,6.1700,492700,3040430.0000,3
2026-01-09,20260109102500000,sz.002225,6.1700,6.1800,6.1700,6.1700,215400,1329943.0000,3
2026-01-09,20260109103000000,sz.002225,6.1700,6.1800,6.1600,6.1800,944800,5829191.0000,3
2026-01-09,20260109103500000,sz.002225,6.1800,6.1900,6.1700,6.1900,320000,1976409.0000,3
2026-01-09,20260109104000000,sz.002225,6.1800,6.1900,6.1800,6.1800,266600,1648967.0000,3
2026-01-09,20260109104500000,sz.002225,6.1800,6.1900,6.1700,6.1900,485100,2995870.0000,3
2026-01-09,20260109105000000,sz.002225,6.1800,6.1900,6.1800,6.1800,446700,2761231.0000,3
2026-01-09,20260109105500000,sz.002225,6.1800,6.1800,6.1700,6.1800,212100,1309817.0000,3
2026-01-09,20260109110000000,sz.002225,6.1700,6.1800,6.1700,6.1800,329100,2031169.0000,3
2026-01-09,20260109110500000,sz.002225,6.1700,6.1800,6.1500,6.1700,1196500,7373371.0000,3
2026-01-09,20260109111000000,sz.002225,6.1600,6.1600,6.1400,6.1500,1588500,9760011.0000,3
2026-01-09,20260109111500000,sz.002225,6.1500,6.1600,6.1400,6.1600,558900,3435110.0000,3
2026-01-09,20260109112000000,sz.002225,6.1500,6.1600,6.1400,6.1500,282000,1734065.0000,3
2026-01-09,20260109112500000,sz.002225,6.1400,6.1500,6.1200,6.1200,817200,5010715.0000,3
2026-01-09,20260109113000000,sz.002225,6.1200,6.1400,6.1200,6.1400,231900,1421714.0000,3
2026-01-09,20260109130500000,sz.002225,6.1300,6.1500,6.1100,6.1100,489800,3000393.0000,3
2026-01-09,20260109131000000,sz.002225,6.1100,6.1300,6.1100,6.1300,281600,1724395.0000,3
2026-01-09,20260109131500000,sz.002225,6.1400,6.1400,6.1200,6.1200,254000,1556122.0000,3
2026-01-09,20260109132000000,sz.002225,6.1200,6.1300,6.1200,6.1300,248000,1519533.0000,3
2026-01-09,20260109132500000,sz.002225,6.1300,6.1400,6.1200,6.1300,282500,1731099.0000,3
2026-01-09,20260109133000000,sz.002225,6.1300,6.1500,6.1200,6.1500,582500,3574067.0000,3
2026-01-09,20260109133500000,sz.002225,6.1400,6.1500,6.1400,6.1400,133000,817208.0000,3
2026-01-09,20260109134000000,sz.002225,6.1500,6.1600,6.1400,6.1400,470500,2893627.0000,3
2026-01-09,20260109134500000,sz.002225,6.1500,6.2000,6.1500,6.1800,936900,5786357.0000,3
2026-01-09,20260109135000000,sz.002225,6.1800,6.2000,6.1700,6.2000,739300,4574742.0000,3
2026-01-09,20260109135500000,sz.002225,6.1900,6.2000,6.1800,6.1900,345800,2139439.0000,3
2026-01-09,20260109140000000,sz.002225,6.1900,6.2200,6.1800,6.2100,1413850,8762302.0000,3
2026-01-09,20260109140500000,sz.002225,6.2000,6.2400,6.2000,6.2300,908100,5649461.0000,3
2026-01-09,20260109141000000,sz.002225,6.2400,6.2400,6.2100,6.2100,921100,5736752.0000,3
2026-01-09,20260109141500000,sz.002225,6.2100,6.2200,6.2000,6.2100,1100100,6829963.0000,3
2026-01-09,20260109142000000,sz.002225,6.2000,6.2100,6.1900,6.1900,298665,1851191.3500,3
2026-01-09,20260109142500000,sz.002225,6.1900,6.1900,6.1700,6.1700,242935,1501669.1500,3
2026-01-09,20260109143000000,sz.002225,6.1700,6.1800,6.1600,6.1700,566600,3495394.0000,3
2026-01-09,20260109143500000,sz.002225,6.1600,6.1700,6.1500,6.1600,815200,5017624.0000,3
2026-01-09,20260109144000000,sz.002225,6.1600,6.1700,6.1500,6.1600,373100,2300066.0000,3
2026-01-09,20260109144500000,sz.002225,6.1700,6.1700,6.1500,6.1600,761400,4690389.0000,3
2026-01-09,20260109145000000,sz.002225,6.1500,6.1600,6.1500,6.1600,657200,4043845.0000,3
2026-01-09,20260109145500000,sz.002225,6.1500,6.1600,6.1300,6.1500,2453600,15073701.0000,3
2026-01-09,20260109150000000,sz.002225,6.1500,6.1700,6.1500,6.1600,475400,2928305.0000,3
2026-01-12,20260112093500000,sz.002225,6.1600,6.1800,6.1500,6.1700,1484342,9152329.3000,3
2026-01-12,20260112094000000,sz.002225,6.1800,6.1800,6.1100,6.1300,1770458,10854391.7000,3
2026-01-12,20260112094500000,sz.002225,6.1300,6.1600,6.1200,6.1400,983400,6034363.0000,3
2026-01-12,20260112095000000,sz.002225,6.1400,6.1900,6.1300,6.1800,1687600,10404605.0000,3
2026-01-12,20260112095500000,sz.002225,6.1900,6.1900,6.1300,6.1300,1154000,7114379.0000,3
2026-01-12,20260112100000000,sz.002225,6.1300,6.1400,6.1100,6.1200,1040500,6375243.0000,3
2026-01-12,20260112100500000,sz.002225,6.1200,6.1400,6.1000,6.1300,1426523,8717821.5300,3
2026-01-12,20260112101000000,sz.002225,6.1400,6.1400,6.1200,6.1300,400600,2455818.0000,3
2026-01-12,20260112101500000,sz.002225,6.1300,6.1600,6.1300,6.1400,481700,2958224.0000,3
2026-01-12,20260112102000000,sz.002225,6.1300,6.1400,6.1200,6.1300,637000,3902522.0000,3
2026-01-12,20260112102500000,sz.002225,6.1300,6.1300,6.1100,6.1100,305700,1870919.0000,3
2026-01-12,20260112103000000,sz.002225,6.1200,6.1300,6.1100,6.1100,202700,1240444.0000,3
2026-01-12,20260112103500000,sz.002225,6.1100,6.1200,6.1100,6.1200,265200,1621519.0000,3
2026-01-12,20260112104000000,sz.002225,6.1100,6.1200,6.1100,6.1100,389700,2381729.0000,3
2026-01-12,20260112104500000,sz.002225,6.1100,6.1200,6.1100,6.1100,265800,1624925.0000,3
2026-01-12,20260112105000000,sz.002225,6.1100,6.1200,6.1000,6.1100,866900,5292850.0000,3
2026-01-12,20260112105500000,sz.002225,6.1100,6.1100,6.1000,6.1000,409700,2499842.0000,3
2026-01-12,20260112110000000,sz.002225,6.1000,6.1100,6.0900,6.1000,500800,3054982.0000,3
2026-01-12,20260112110500000,sz.002225,6.1000,6.1100,6.1000,6.1100,269400,1643886.0000,3
2026-01-12,20260112111000000,sz.002225,6.1000,6.1100,6.1000,6.1100,304000,1855040.0000,3
2026-01-12,20260112111500000,sz.002225,6.1100,6.1100,6.0900,6.1000,626300,3821171.0000,3
2026-01-12,20260112112000000,sz.002225,6.1000,6.1200,6.1000,6.1200,273800,1671668.0000,3
2026-01-12,20260112112500000,sz.002225,6.1200,6.1200,6.1100,6.1100,189500,1157987.0000,3
2026-01-12,20260112113000000,sz.002225,6.1100,6.1200,6.1000,6.1100,310500,1897524.0000,3
2026-01-12,20260112130500000,sz.002225,6.1200,6.1200,6.1100,6.1100,743600,4545595.0000,3
2026-01-12,20260112131000000,sz.002225,6.1100,6.1200,6.1100,6.1200,607000,3713829.0000,3
2026-01-12,20260112131500000,sz.002225,6.1200,6.1300,6.1100,6.1100,906500,5547600.0000,3
2026-01-12,20260112132000000,sz.002225,6.1100,6.1200,6.1000,6.1100,692476,4229253.3600,3
2026-01-12,20260112132500000,sz.002225,6.1100,6.1200,6.1000,6.1000,245900,1500761.0000,3
2026-01-12,20260112133000000,sz.002225,6.1000,6.1100,6.0900,6.1000,987200,6021369.0000,3
2026-01-12,20260112133500000,sz.002225,6.1000,6.1200,6.1000,6.1100,401300,2450586.0000,3
2026-01-12,20260112134000000,sz.002225,6.1100,6.1600,6.1100,6.1500,1442400,8852047.0000,3
2026-01-12,20260112134500000,sz.002225,6.1400,6.1500,6.1300,6.1300,399000,2450294.0000,3
2026-01-12,20260112135000000,sz.002225,6.1300,6.1400,6.1300,6.1400,220200,1351118.0000,3
2026-01-12,20260112135500000,sz.002225,6.1300,6.1400,6.1300,6.1300,213800,1311107.0000,3
2026-01-12,20260112140000000,sz.002225,6.1300,6.1400,6.1200,6.1300,210900,1292854.0000,3
2026-01-12,20260112140500000,sz.002225,6.1300,6.1400,6.1200,6.1200,441200,2705020.0000,3
2026-01-12,20260112141000000,sz.002225,6.1200,6.1300,6.1100,6.1300,849860,5197815.2000,3
2026-01-12,20260112141500000,sz.002225,6.1200,6.1300,6.1100,6.1200,214200,1311025.0000,3
2026-01-12,20260112142000000,sz.002225,6.1300,6.1300,6.1100,6.1100,198500,1214547.0000,3
2026-01-12,20260112142500000,sz.002225,6.1100,6.1200,6.1100,6.1200,393700,2408995.0000,3
2026-01-12,20260112143000000,sz.002225,6.1100,6.1200,6.1100,6.1100,272900,1668755.0000,3
2026-01-12,20260112143500000,sz.002225,6.1100,6.1200,6.1100,6.1100,835900,5108428.0000,3
2026-01-12,20260112144000000,sz.002225,6.1000,6.1100,6.1000,6.1100,1106146,6748868.6000,3
2026-01-12,20260112144500000,sz.002225,6.1000,6.1100,6.1000,6.1000,548100,3346417.0000,3
2026-01-12,20260112145000000,sz.002225,6.1000,6.1100,6.1000,6.1100,803100,4900512.0000,3
2026-01-12,20260112145500000,sz.002225,6.1100,6.1100,6.1000,6.1000,458200,2796570.0000,3
2026-01-12,20260112150000000,sz.002225,6.1000,6.1100,6.0900,6.1100,895100,5463751.0000,3
2026-01-13,20260113093500000,sz.002225,6.1200,6.1200,6.0500,6.0500,1708600,10382403.0000,3
2026-01-13,20260113094000000,sz.002225,6.0500,6.0800,6.0200,6.0600,1775500,10716882.0000,3
2026-01-13,20260113094500000,sz.002225,6.0600,6.0800,6.0300,6.0400,1053900,6382063.0000,3
2026-01-13,20260113095000000,sz.002225,6.0400,6.0700,6.0400,6.0600,704400,4263845.0000,3
2026-01-13,20260113095500000,sz.002225,6.0700,6.0800,6.0400,6.0400,846700,5132439.0000,3
2026-01-13,20260113100000000,sz.002225,6.0500,6.0700,6.0400,6.0600,788300,4769852.0000,3
2026-01-13,20260113100500000,sz.002225,6.0600,6.0800,6.0500,6.0700,609000,3690946.0000,3
2026-01-13,20260113101000000,sz.002225,6.0700,6.0700,6.0500,6.0700,781800,4738139.0000,3
2026-01-13,20260113101500000,sz.002225,6.0700,6.0700,6.0400,6.0400,695900,4213967.0000,3
2026-01-13,20260113102000000,sz.002225,6.0500,6.0600,6.0400,6.0500,304700,1842981.0000,3
2026-01-13,20260113102500000,sz.002225,6.0500,6.0500,6.0400,6.0500,522700,3157492.0000,3
2026-01-13,20260113103000000,sz.002225,6.0500,6.0800,6.0400,6.0800,755200,4577927.0000,3
2026-01-13,20260113103500000,sz.002225,6.0700,6.0800,6.0400,6.0500,605800,3661990.0000,3
2026-01-13,20260113104000000,sz.002225,6.0500,6.0800,6.0400,6.0600,651400,3952064.0000,3
2026-01-13,20260113104500000,sz.002225,6.0600,6.0900,6.0600,6.0900,250600,1522685.0000,3
2026-01-13,20260113105000000,sz.002225,6.0900,6.1100,6.0700,6.1100,493500,3005081.0000,3
2026-01-13,20260113105500000,sz.002225,6.1100,6.1300,6.1000,6.1200,771700,4719018.0000,3
2026-01-13,20260113110000000,sz.002225,6.1100,6.1300,6.1100,6.1100,568100,3474919.0000,3
2026-01-13,20260113110500000,sz.002225,6.1100,6.1200,6.1000,6.1100,196742,1202327.6200,3
2026-01-13,20260113111000000,sz.002225,6.1100,6.1100,6.0900,6.1100,179800,1097259.0000,3
2026-01-13,20260113111500000,sz.002225,6.1100,6.1100,6.1000,6.1000,95600,583443.0000,3
2026-01-13,20260113112000000,sz.002225,6.1000,6.1200,6.0900,6.0900,686100,4188585.0000,3
2026-01-13,20260113112500000,sz.002225,6.0900,6.1000,6.0800,6.0800,120600,734220.0000,3
2026-01-13,20260113113000000,sz.002225,6.0800,6.0900,6.0700,6.0800,309900,1883997.0000,3
2026-01-13,20260113130500000,sz.002225,6.0800,6.0900,6.0600,6.0600,409800,2487179.0000,3
2026-01-13,20260113131000000,sz.002225,6.0600,6.0700,6.0500,6.0600,500300,3032351.0000,3
2026-01-13,20260113131500000,sz.002225,6.0600,6.0600,6.0400,6.0400,796900,4820117.0000,3
2026-01-13,20260113132000000,sz.002225,6.0400,6.0500,6.0300,6.0300,346601,2092865.0300,3
2026-01-13,20260113132500000,sz.002225,6.0400,6.0400,6.0300,6.0400,519700,3136323.0000,3
2026-01-13,20260113133000000,sz.002225,6.0400,6.0400,6.0300,6.0300,307300,1854995.0000,3
2026-01-13,20260113133500000,sz.002225,6.0300,6.0400,6.0200,6.0200,627799,3785054.9700,3
2026-01-13,20260113134000000,sz.002225,6.0200,6.0400,6.0200,6.0400,328477,1979759.3100,3
2026-01-13,20260113134500000,sz.002225,6.0400,6.0500,6.0300,6.0300,235900,1424604.0000,3
2026-01-13,20260113135000000,sz.002225,6.0300,6.0400,6.0200,6.0300,2554000,15373859.0000,3
2026-01-13,20260113135500000,sz.002225,6.0200,6.0400,6.0200,6.0400,620800,3740484.0000,3
2026-01-13,20260113140000000,sz.002225,6.0300,6.0400,6.0300,6.0300,197900,1193770.0000,3
2026-01-13,20260113140500000,sz.002225,6.0300,6.0400,6.0100,6.0200,787600,4742651.0000,3
2026-01-13,20260113141000000,sz.002225,6.0200,6.0200,6.0000,6.0100,837500,5033615.0000,3
2026-01-13,20260113141500000,sz.002225,6.0100,6.0100,5.9800,5.9800,2273500,13604817.0000,3
2026-01-13,20260113142000000,sz.002225,5.9800,6.0000,5.9800,6.0000,353300,2116439.0000,3
2026-01-13,20260113142500000,sz.002225,6.0000,6.0000,5.9900,6.0000,114200,684626.0000,3
2026-01-13,20260113143000000,sz.002225,6.0000,6.0000,5.9700,5.9700,710200,4247482.0000,3
2026-01-13,20260113143500000,sz.002225,5.9700,5.9800,5.9600,5.9600,1536200,9171054.0000,3
2026-01-13,20260113144000000,sz.002225,5.9600,5.9700,5.9400,5.9500,2098580,12483253.8000,3
2026-01-13,20260113144500000,sz.002225,5.9400,5.9500,5.9300,5.9400,1585800,9412720.0000,3
2026-01-13,20260113145000000,sz.002225,5.9300,5.9400,5.9100,5.9200,2033393,12030239.5600,3
2026-01-13,20260113145500000,sz.002225,5.9200,5.9200,5.9000,5.9000,1505780,8901087.8000,3
2026-01-13,20260113150000000,sz.002225,5.9200,5.9200,5.8900,5.9100,1488300,8785581.0000,3
2026-01-14,20260114093500000,sz.002225,5.9400,6.1400,5.9400,6.0600,6161500,37468496.0000,3
2026-01-14,20260114094000000,sz.002225,6.0400,6.1100,6.0300,6.1100,2197300,13316776.0000,3
2026-01-14,20260114094500000,sz.002225,6.1500,6.2000,6.1300,6.1700,6856300,42258629.0000,3
2026-01-14,20260114095000000,sz.002225,6.1700,6.1800,6.1300,6.1300,1190100,7317867.0000,3
2026-01-14,20260114095500000,sz.002225,6.1300,6.1500,6.1100,6.1200,934100,5725616.0000,3
2026-01-14,20260114100000000,sz.002225,6.1200,6.1400,6.1200,6.1300,608800,3731865.0000,3
2026-01-14,20260114100500000,sz.002225,6.1300,6.1400,6.0900,6.0900,946000,5787886.0000,3
2026-01-14,20260114101000000,sz.002225,6.0900,6.1100,6.0900,6.1000,503571,3071395.3900,3
2026-01-14,20260114101500000,sz.002225,6.1000,6.1000,6.0800,6.0800,1027300,6253629.1600,3
2026-01-14,20260114102000000,sz.002225,6.0800,6.1000,6.0800,6.1000,614400,3742976.0000,3
2026-01-14,20260114102500000,sz.002225,6.1000,6.1100,6.0900,6.1000,357600,2181522.0000,3
2026-01-14,20260114103000000,sz.002225,6.1000,6.1100,6.0900,6.1000,317000,1932628.0000,3
2026-01-14,20260114103500000,sz.002225,6.1000,6.1000,6.0800,6.0800,320600,1953650.0000,3
2026-01-14,20260114104000000,sz.002225,6.0800,6.0900,6.0800,6.0900,274700,1671887.0000,3
2026-01-14,20260114104500000,sz.002225,6.0900,6.0900,6.0800,6.0900,445200,2708122.0000,3
2026-01-14,20260114105000000,sz.002225,6.0900,6.0900,6.0800,6.0900,127800,778163.0000,3
2026-01-14,20260114105500000,sz.002225,6.0900,6.0900,6.0800,6.0900,392000,2386767.0000,3
2026-01-14,20260114110000000,sz.002225,6.0900,6.1100,6.0900,6.1000,460400,2808351.0000,3
2026-01-14,20260114110500000,sz.002225,6.1100,6.1100,6.0900,6.1000,247300,1508465.0000,3
2026-01-14,20260114111000000,sz.002225,6.1000,6.1100,6.1000,6.1100,155600,949612.0000,3
2026-01-14,20260114111500000,sz.002225,6.1100,6.1100,6.0900,6.1000,298600,1821589.0000,3
2026-01-14,20260114112000000,sz.002225,6.0900,6.1100,6.0900,6.1100,268700,1639104.0000,3
2026-01-14,20260114112500000,sz.002225,6.1000,6.1000,6.0900,6.0900,100000,609716.0000,3
2026-01-14,20260114113000000,sz.002225,6.1000,6.1100,6.0900,6.1100,172800,1054675.0000,3
2026-01-14,20260114130500000,sz.002225,6.1100,6.1100,6.0600,6.0700,1405600,8542162.0000,3
2026-01-14,20260114131000000,sz.002225,6.0600,6.0700,6.0200,6.0400,919539,5557411.7500,3
2026-01-14,20260114131500000,sz.002225,6.0400,6.0600,6.0300,6.0400,687200,4153823.0000,3
2026-01-14,20260114132000000,sz.002225,6.0300,6.0400,5.9800,6.0400,2287300,13743074.0000,3
2026-01-14,20260114132500000,sz.002225,6.0300,6.0400,5.9900,6.0100,744700,4474393.0000,3
2026-01-14,20260114133000000,sz.002225,6.0100,6.0200,5.9800,6.0200,488900,2933628.0000,3
2026-01-14,20260114133500000,sz.002225,6.0200,6.0300,6.0000,6.0000,371500,2235436.0000,3
2026-01-14,20260114134000000,sz.002225,6.0000,6.0300,6.0000,6.0200,430100,2587455.0000,3
2026-01-14,20260114134500000,sz.002225,6.0100,6.0200,5.9900,6.0000,958400,5753012.0000,3
2026-01-14,20260114135000000,sz.002225,6.0000,6.0200,5.9900,6.0100,1112000,6670879.0000,3
2026-01-14,20260114135500000,sz.002225,6.0100,6.0100,5.9900,6.0000,266300,1598052.0000,3
2026-01-14,20260114140000000,sz.002225,6.0000,6.0000,5.9600,5.9600,864200,5166864.0000,3
2026-01-14,20260114140500000,sz.002225,5.9600,5.9700,5.9400,5.9700,1001200,5964464.0000,3
2026-01-14,20260114141000000,sz.002225,5.9700,5.9700,5.9400,5.9600,787400,4688712.0000,3
2026-01-14,20260114141500000,sz.002225,5.9600,6.0300,5.9600,6.0100,1178300,7075759.0000,3
2026-01-14,20260114142000000,sz.002225,6.0100,6.0200,6.0100,6.0200,100500,604364.0000,3
2026-01-14,20260114142500000,sz.002225,6.0200,6.0200,6.0000,6.0100,589600,3543228.0000,3
2026-01-14,20260114143000000,sz.002225,6.0100,6.0200,6.0100,6.0100,250100,1505011.0000,3
2026-01-14,20260114143500000,sz.002225,6.0200,6.0300,6.0100,6.0100,505800,3044165.0000,3
2026-01-14,20260114144000000,sz.002225,6.0100,6.0200,6.0000,6.0100,412400,2479450.0000,3
2026-01-14,20260114144500000,sz.002225,6.0100,6.0200,6.0000,6.0100,321600,1933437.0000,3
2026-01-14,20260114145000000,sz.002225,6.0100,6.0100,6.0000,6.0000,276100,1658493.0000,3
2026-01-14,20260114145500000,sz.002225,6.0000,6.0100,5.9900,6.0000,1394000,8365459.0000,3
2026-01-14,20260114150000000,sz.002225,6.0100,6.0300,6.0000,6.0200,1601600,9640654.0000,3
2026-01-15,20260115093500000,sz.002225,6.0000,6.0100,5.9600,6.0000,1528100,9150395.0000,3
2026-01-15,20260115094000000,sz.002225,6.0000,6.0000,5.9400,5.9400,1325100,7910592.0000,3
2026-01-15,20260115094500000,sz.002225,5.9400,5.9700,5.9300,5.9600,1150500,6843456.0000,3
2026-01-15,20260115095000000,sz.002225,5.9600,5.9600,5.9400,5.9500,771300,4588452.0000,3
2026-01-15,20260115095500000,sz.002225,5.9500,5.9800,5.9300,5.9700,1393200,8283457.0000,3
2026-01-15,20260115100000000,sz.002225,5.9600,6.0000,5.9600,5.9900,494700,2961408.0000,3
2026-01-15,20260115100500000,sz.002225,6.0000,6.0000,5.9700,5.9700,408800,2449013.0000,3
2026-01-15,20260115101000000,sz.002225,5.9700,5.9700,5.9200,5.9300,1229700,7304875.0000,3
2026-01-15,20260115101500000,sz.002225,5.9300,5.9500,5.9300,5.9500,715400,4245315.0000,3
2026-01-15,20260115102000000,sz.002225,5.9500,5.9600,5.9400,5.9400,316600,1885341.0000,3
2026-01-15,20260115102500000,sz.002225,5.9400,5.9600,5.9400,5.9500,1444500,8593079.0000,3
2026-01-15,20260115103000000,sz.002225,5.9500,5.9600,5.9400,5.9500,1328300,7891178.0000,3
2026-01-15,20260115103500000,sz.002225,5.9500,5.9600,5.9400,5.9500,442700,2634005.0000,3
2026-01-15,20260115104000000,sz.002225,5.9500,5.9700,5.9500,5.9600,345000,2055031.0000,3
2026-01-15,20260115104500000,sz.002225,5.9600,5.9600,5.9500,5.9500,368900,2195472.0000,3
2026-01-15,20260115105000000,sz.002225,5.9500,5.9600,5.9400,5.9600,254400,1514332.0000,3
2026-01-15,20260115105500000,sz.002225,5.9600,5.9800,5.9600,5.9600,442100,2637341.0000,3
2026-01-15,20260115110000000,sz.002225,5.9600,5.9800,5.9500,5.9500,626500,3735909.0000,3
2026-01-15,20260115110500000,sz.002225,5.9500,5.9600,5.9400,5.9500,322800,1920271.0000,3
2026-01-15,20260115111000000,sz.002225,5.9500,5.9600,5.9500,5.9500,100500,598142.0000,3
2026-01-15,20260115111500000,sz.002225,5.9500,5.9600,5.9500,5.9500,135900,808570.0000,3
2026-01-15,20260115112000000,sz.002225,5.9500,5.9500,5.9400,5.9500,160600,955021.0000,3
2026-01-15,20260115112500000,sz.002225,5.9500,5.9500,5.9300,5.9300,423800,2516673.0000,3
2026-01-15,20260115113000000,sz.002225,5.9200,5.9300,5.9200,5.9300,155500,921667.0000,3
2026-01-15,20260115130500000,sz.002225,5.9300,5.9300,5.9000,5.9200,1340300,7929696.0000,3
2026-01-15,20260115131000000,sz.002225,5.9200,5.9300,5.9100,5.9300,340000,2012833.0000,3
2026-01-15,20260115131500000,sz.002225,5.9100,5.9400,5.9100,5.9400,324100,1919085.0000,3
2026-01-15,20260115132000000,sz.002225,5.9300,5.9500,5.9300,5.9300,481800,2860191.0000,3
2026-01-15,20260115132500000,sz.002225,5.9200,5.9300,5.9200,5.9200,115100,681706.0000,3
2026-01-15,20260115133000000,sz.002225,5.9300,5.9400,5.9200,5.9400,158900,942697.0000,3
2026-01-15,20260115133500000,sz.002225,5.9300,5.9400,5.9300,5.9400,154400,916774.0000,3
2026-01-15,20260115134000000,sz.002225,5.9300,5.9300,5.9200,5.9300,379400,2249621.0000,3
2026-01-15,20260115134500000,sz.002225,5.9300,5.9400,5.9200,5.9300,260600,1544813.0000,3
2026-01-15,20260115135000000,sz.002225,5.9300,5.9700,5.9300,5.9700,462900,2756064.0000,3
2026-01-15,20260115135500000,sz.002225,5.9700,5.9800,5.9600,5.9700,454500,2713262.0000,3
2026-01-15,20260115140000000,sz.002225,5.9700,5.9800,5.9600,5.9600,148100,884257.0000,3
2026-01-15,20260115140500000,sz.002225,5.9600,5.9600,5.9400,5.9500,774000,4610980.0000,3
2026-01-15,20260115141000000,sz.002225,5.9500,5.9500,5.9400,5.9400,174800,1039359.0000,3
2026-01-15,20260115141500000,sz.002225,5.9300,5.9400,5.9200,5.9300,347400,2061030.0000,3
2026-01-15,20260115142000000,sz.002225,5.9200,5.9300,5.9200,5.9300,375000,2222380.0000,3
2026-01-15,20260115142500000,sz.002225,5.9300,5.9400,5.9300,5.9300,285400,1693247.0000,3
2026-01-15,20260115143000000,sz.002225,5.9300,5.9600,5.9300,5.9500,476400,2835152.0000,3
2026-01-15,20260115143500000,sz.002225,5.9400,5.9500,5.9300,5.9400,197300,1171718.0000,3
2026-01-15,20260115144000000,sz.002225,5.9300,5.9500,5.9300,5.9300,1302800,7727204.0000,3
2026-01-15,20260115144500000,sz.002225,5.9300,5.9400,5.9300,5.9400,229100,1359665.0000,3
2026-01-15,20260115145000000,sz.002225,5.9300,5.9400,5.9300,5.9300,343500,2039173.0000,3
2026-01-15,20260115145500000,sz.002225,5.9300,5.9400,5.9300,5.9400,630200,3740562.0000,3
2026-01-15,20260115150000000,sz.002225,5.9400,5.9400,5.9300,5.9400,445200,2643293.0000,3
2026-01-16,20260116093500000,sz.002225,5.9500,5.9900,5.9200,5.9400,1432400,8514813.0000,3
2026-01-16,20260116094000000,sz.002225,5.9500,5.9600,5.9300,5.9400,697300,4145229.0000,3
2026-01-16,20260116094500000,sz.002225,5.9300,5.9800,5.9300,5.9800,881900,5257081.0000,3
2026-01-16,20260116095000000,sz.002225,5.9800,6.0000,5.9600,5.9700,798500,4778853.0000,3
2026-01-16,20260116095500000,sz.002225,5.9700,5.9900,5.9600,5.9700,531800,3176067.0000,3
2026-01-16,20260116100000000,sz.002225,5.9600,5.9800,5.9600,5.9700,824000,4919050.0000,3
2026-01-16,20260116100500000,sz.002225,5.9700,5.9800,5.9400,5.9600,765100,4557988.0000,3
2026-01-16,20260116101000000,sz.002225,5.9600,5.9700,5.9300,5.9400,857500,5100612.0000,3
2026-01-16,20260116101500000,sz.002225,5.9400,5.9500,5.9200,5.9400,457500,2713940.0000,3
2026-01-16,20260116102000000,sz.002225,5.9400,5.9500,5.9200,5.9200,595000,3531810.0000,3
2026-01-16,20260116102500000,sz.002225,5.9200,5.9400,5.9000,5.9100,1124500,6657807.0000,3
2026-01-16,20260116103000000,sz.002225,5.9100,5.9100,5.8900,5.9000,1052000,6206467.0000,3
2026-01-16,20260116103500000,sz.002225,5.9000,5.9100,5.8700,5.8800,1256400,7395834.0000,3
2026-01-16,20260116104000000,sz.002225,5.8800,5.9100,5.8800,5.8900,389000,2291794.0000,3
2026-01-16,20260116104500000,sz.002225,5.8900,5.9000,5.8700,5.8800,576000,3385846.0000,3
2026-01-16,20260116105000000,sz.002225,5.8700,5.8800,5.8600,5.8700,736300,4319384.0000,3
2026-01-16,20260116105500000,sz.002225,5.8700,5.8700,5.8500,5.8600,608800,3568548.0000,3
2026-01-16,20260116110000000,sz.002225,5.8600,5.8700,5.8500,5.8500,717900,4204287.0000,3
2026-01-16,20260116110500000,sz.002225,5.8500,5.8900,5.8500,5.8900,429200,2518181.0000,3
2026-01-16,20260116111000000,sz.002225,5.8900,5.9000,5.8800,5.8800,220100,1296411.0000,3
2026-01-16,20260116111500000,sz.002225,5.8800,5.8900,5.8700,5.8800,161000,946955.0000,3
2026-01-16,20260116112000000,sz.002225,5.8800,5.8900,5.8600,5.8700,260400,1529915.0000,3
2026-01-16,20260116112500000,sz.002225,5.8700,5.8800,5.8700,5.8700,212000,1245511.0000,3
2026-01-16,20260116113000000,sz.002225,5.8700,5.8800,5.8600,5.8700,174000,1021314.0000,3
2026-01-16,20260116130500000,sz.002225,5.8700,5.8900,5.8700,5.8800,308900,1816128.0000,3
2026-01-16,20260116131000000,sz.002225,5.8800,5.8900,5.8800,5.8900,236700,1393595.0000,3
2026-01-16,20260116131500000,sz.002225,5.8900,5.8900,5.8700,5.8700,179600,1056699.0000,3
2026-01-16,20260116132000000,sz.002225,5.8800,5.8900,5.8800,5.8900,81600,480060.0000,3
2026-01-16,20260116132500000,sz.002225,5.8900,5.8900,5.8800,5.8900,210300,1238243.0000,3
2026-01-16,20260116133000000,sz.002225,5.8900,5.9100,5.8900,5.9000,234200,1382312.0000,3
2026-01-16,20260116133500000,sz.002225,5.9000,5.9200,5.9000,5.9100,171900,1015072.0000,3
2026-01-16,20260116134000000,sz.002225,5.9100,5.9400,5.9100,5.9400,384030,2273731.3000,3
2026-01-16,20260116134500000,sz.002225,5.9400,5.9400,5.9100,5.9100,271400,1608797.0000,3
2026-01-16,20260116135000000,sz.002225,5.9200,5.9300,5.9100,5.9300,383200,2268578.0000,3
2026-01-16,20260116135500000,sz.002225,5.9300,5.9300,5.9100,5.9200,163900,970069.0000,3
2026-01-16,20260116140000000,sz.002225,5.9200,5.9400,5.9100,5.9400,483580,2867845.8000,3
2026-01-16,20260116140500000,sz.002225,5.9400,5.9400,5.9200,5.9300,133300,790213.0000,3
2026-01-16,20260116141000000,sz.002225,5.9200,5.9300,5.9100,5.9200,235100,1391668.0000,3
2026-01-16,20260116141500000,sz.002225,5.9100,5.9200,5.9100,5.9100,203400,1203121.0000,3
2026-01-16,20260116142000000,sz.002225,5.9200,5.9200,5.9000,5.9200,192220,1135922.2000,3
2026-01-16,20260116142500000,sz.002225,5.9200,5.9200,5.9100,5.9100,129800,768082.0000,3
2026-01-16,20260116143000000,sz.002225,5.9100,5.9100,5.9000,5.9000,138700,819261.0000,3
2026-01-16,20260116143500000,sz.002225,5.9000,5.9100,5.9000,5.9100,64000,377870.0000,3
2026-01-16,20260116144000000,sz.002225,5.9000,5.9100,5.8900,5.8900,493900,2913974.0000,3
2026-01-16,20260116144500000,sz.002225,5.8900,5.9100,5.8900,5.9100,189200,1116122.0000,3
2026-01-16,20260116145000000,sz.002225,5.9000,5.9100,5.8900,5.8900,406700,2398754.0000,3
2026-01-16,20260116145500000,sz.002225,5.8900,5.9000,5.8900,5.8900,350800,2067874.0000,3
2026-01-16,20260116150000000,sz.002225,5.9000,5.9100,5.8900,5.9000,371200,2188910.0000,3
2026-01-19,20260119093500000,sz.002225,5.8700,5.9000,5.8600,5.8600,1117900,6570348.0000,3
2026-01-19,20260119094000000,sz.002225,5.8700,5.9200,5.8600,5.9200,853100,5026626.0000,3
2026-01-19,20260119094500000,sz.002225,5.9200,5.9400,5.9000,5.9300,934600,5535105.0000,3
2026-01-19,20260119095000000,sz.002225,5.9300,5.9600,5.9200,5.9500,1039000,6174300.0000,3
2026-01-19,20260119095500000,sz.002225,5.9500,5.9600,5.9400,5.9400,648500,3859014.0000,3
2026-01-19,20260119100000000,sz.002225,5.9400,5.9700,5.9400,5.9600,1033800,6162275.0000,3
2026-01-19,20260119100500000,sz.002225,5.9700,6.0200,5.9600,6.0000,2134700,12795619.2500,3
2026-01-19,20260119101000000,sz.002225,6.0000,6.0200,6.0000,6.0100,667700,4010383.0000,3
2026-01-19,20260119101500000,sz.002225,6.0100,6.0200,6.0000,6.0100,610200,3668496.0000,3
2026-01-19,20260119102000000,sz.002225,6.0200,6.0200,5.9900,6.0100,904400,5429031.0000,3
2026-01-19,20260119102500000,sz.002225,6.0100,6.0100,6.0000,6.0100,281000,1686317.0000,3
2026-01-19,20260119103000000,sz.002225,6.0100,6.0200,5.9900,6.0100,963300,5787579.0000,3
2026-01-19,20260119103500000,sz.002225,6.0100,6.0200,6.0000,6.0000,339500,2040485.0000,3
2026-01-19,20260119104000000,sz.002225,6.0100,6.0200,6.0000,6.0000,271300,1630899.0000,3
2026-01-19,20260119104500000,sz.002225,6.0000,6.0100,5.9900,6.0000,385500,2312048.0000,3
2026-01-19,20260119105000000,sz.002225,6.0000,6.0400,6.0000,6.0400,1395100,8398810.0000,3
2026-01-19,20260119105500000,sz.002225,6.0400,6.0400,6.0200,6.0300,249200,1502982.0000,3
2026-01-19,20260119110000000,sz.002225,6.0300,6.0300,6.0100,6.0100,233400,1404971.0000,3
2026-01-19,20260119110500000,sz.002225,6.0100,6.0300,6.0100,6.0100,190600,1146576.0000,3
2026-01-19,20260119111000000,sz.002225,6.0100,6.0300,6.0100,6.0200,213300,1282942.0000,3
2026-01-19,20260119111500000,sz.002225,6.0200,6.0300,6.0200,6.0200,115200,693950.0000,3
2026-01-19,20260119112000000,sz.002225,6.0200,6.0300,6.0200,6.0300,62500,376754.0000,3
2026-01-19,20260119112500000,sz.002225,6.0300,6.0300,6.0100,6.0200,266300,1602837.0000,3
2026-01-19,20260119113000000,sz.002225,6.0200,6.0400,6.0200,6.0300,582600,3511612.0000,3
2026-01-19,20260119130500000,sz.002225,6.0200,6.0400,6.0200,6.0300,327100,1972052.0000,3
2026-01-19,20260119131000000,sz.002225,6.0300,6.0400,6.0200,6.0200,132900,801372.0000,3
2026-01-19,20260119131500000,sz.002225,6.0200,6.0300,6.0200,6.0200,112700,679007.0000,3
2026-01-19,20260119132000000,sz.002225,6.0200,6.0300,6.0200,6.0300,138200,832428.0000,3
2026-01-19,20260119132500000,sz.002225,6.0300,6.0300,6.0200,6.0200,214700,1293217.0000,3
2026-01-19,20260119133000000,sz.002225,6.0200,6.0300,6.0200,6.0300,340600,2050973.0000,3
2026-01-19,20260119133500000,sz.002225,6.0300,6.0300,6.0200,6.0200,414900,2498134.0000,3
2026-01-19,20260119134000000,sz.002225,6.0200,6.0300,6.0100,6.0200,358200,2156151.0000,3
2026-01-19,20260119134500000,sz.002225,6.0300,6.0600,6.0200,6.0400,2386800,14424345.0000,3
2026-01-19,20260119135000000,sz.002225,6.0500,6.0500,6.0400,6.0400,309900,1872525.0000,3
2026-01-19,20260119135500000,sz.002225,6.0400,6.0500,6.0200,6.0300,299100,1803217.0000,3
2026-01-19,20260119140000000,sz.002225,6.0200,6.0300,6.0200,6.0200,156700,943720.0000,3
2026-01-19,20260119140500000,sz.002225,6.0100,6.0400,6.0100,6.0300,348100,2097145.0000,3
2026-01-19,20260119141000000,sz.002225,6.0300,6.0300,6.0200,6.0300,195100,1175724.0000,3
2026-01-19,20260119141500000,sz.002225,6.0300,6.0400,6.0300,6.0300,206700,1247093.0000,3
2026-01-19,20260119142000000,sz.002225,6.0300,6.0400,6.0200,6.0300,287700,1734918.0000,3
2026-01-19,20260119142500000,sz.002225,6.0300,6.0400,6.0300,6.0300,213600,1287820.0000,3
2026-01-19,20260119143000000,sz.002225,6.0300,6.0400,6.0300,6.0400,172500,1040864.0000,3
2026-01-19,20260119143500000,sz.002225,6.0400,6.0400,6.0300,6.0400,93900,566620.0000,3
2026-01-19,20260119144000000,sz.002225,6.0400,6.0400,6.0200,6.0300,290900,1753450.0000,3
2026-01-19,20260119144500000,sz.002225,6.0200,6.0300,6.0200,6.0200,218800,1318292.0000,3
2026-01-19,20260119145000000,sz.002225,6.0300,6.0300,6.0200,6.0200,497518,2996641.3600,3
2026-01-19,20260119145500000,sz.002225,6.0200,6.0400,6.0200,6.0300,1352700,8163598.0000,3
2026-01-19,20260119150000000,sz.002225,6.0300,6.0400,6.0300,6.0400,520400,3141904.0000,3
2026-01-20,20260120093500000,sz.002225,6.0300,6.0600,6.0100,6.0300,905400,5466774.0000,3
2026-01-20,20260120094000000,sz.002225,6.0300,6.0300,6.0000,6.0100,504200,3032151.0000,3
2026-01-20,20260120094500000,sz.002225,6.0100,6.0200,5.9900,6.0000,555700,3335828.0000,3
2026-01-20,20260120095000000,sz.002225,6.0000,6.0200,6.0000,6.0100,401700,2414508.0000,3
2026-01-20,20260120095500000,sz.002225,6.0100,6.0200,6.0000,6.0100,403000,2421814.0000,3
2026-01-20,20260120100000000,sz.002225,6.0100,6.0200,6.0100,6.0200,309500,1861374.0000,3
2026-01-20,20260120100500000,sz.002225,6.0200,6.0200,5.9900,5.9900,1062400,6374920.0000,3
2026-01-20,20260120101000000,sz.002225,5.9900,6.0000,5.9700,5.9800,1101200,6590695.0000,3
2026-01-20,20260120101500000,sz.002225,5.9700,5.9800,5.9700,5.9800,270900,1618294.0000,3
2026-01-20,20260120102000000,sz.002225,5.9700,5.9800,5.9600,5.9600,731300,4361191.0000,3
2026-01-20,20260120102500000,sz.002225,5.9600,5.9600,5.9500,5.9600,371100,2208974.0000,3
2026-01-20,20260120103000000,sz.002225,5.9500,5.9700,5.9500,5.9700,465304,2772797.8000,3
2026-01-20,20260120103500000,sz.002225,5.9700,5.9900,5.9500,5.9700,1066400,6373835.0000,3
2026-01-20,20260120104000000,sz.002225,5.9700,5.9900,5.9700,5.9800,133300,797095.0000,3
2026-01-20,20260120104500000,sz.002225,5.9800,5.9900,5.9700,5.9700,179500,1073350.0000,3
2026-01-20,20260120105000000,sz.002225,5.9700,5.9800,5.9600,5.9600,239300,1427446.0000,3
2026-01-20,20260120105500000,sz.002225,5.9600,5.9700,5.9600,5.9600,144600,862993.0000,3
2026-01-20,20260120110000000,sz.002225,5.9700,5.9700,5.9500,5.9500,500770,2982916.5000,3
2026-01-20,20260120110500000,sz.002225,5.9500,5.9700,5.9500,5.9600,235200,1401452.0000,3
2026-01-20,20260120111000000,sz.002225,5.9600,5.9600,5.9500,5.9500,453700,2700214.2600,3
2026-01-20,20260120111500000,sz.002225,5.9500,5.9600,5.9400,5.9600,338200,2012088.0000,3
2026-01-20,20260120112000000,sz.002225,5.9600,5.9700,5.9500,5.9600,178100,1060786.0000,3
2026-01-20,20260120112500000,sz.002225,5.9600,5.9700,5.9400,5.9500,340200,2025341.0000,3
2026-01-20,20260120113000000,sz.002225,5.9500,5.9600,5.9400,5.9400,315400,1875666.0000,3
2026-01-20,20260120130500000,sz.002225,5.9400,5.9500,5.9200,5.9300,1036726,6151045.4400,3
2026-01-20,20260120131000000,sz.002225,5.9300,5.9500,5.9200,5.9500,545800,3237019.0000,3
2026-01-20,20260120131500000,sz.002225,5.9500,5.9700,5.9300,5.9600,449300,2675481.0000,3
2026-01-20,20260120132000000,sz.002225,5.9500,5.9800,5.9500,5.9800,375400,2238535.0000,3
2026-01-20,20260120132500000,sz.002225,5.9800,5.9800,5.9600,5.9600,300000,1790705.0000,3
2026-01-20,20260120133000000,sz.002225,5.9700,6.0000,5.9600,5.9900,735400,4397276.0000,3
2026-01-20,20260120133500000,sz.002225,5.9900,6.0000,5.9700,5.9800,359900,2153448.0000,3
2026-01-20,20260120134000000,sz.002225,5.9800,5.9800,5.9600,5.9700,129700,774394.0000,3
2026-01-20,20260120134500000,sz.002225,5.9700,6.0200,5.9700,6.0200,870100,5218066.0000,3
2026-01-20,20260120135000000,sz.002225,6.0100,6.0200,6.0000,6.0100,555700,3338224.0000,3
2026-01-20,20260120135500000,sz.002225,6.0200,6.0200,6.0100,6.0100,275800,1659001.0000,3
2026-01-20,20260120140000000,sz.002225,6.0100,6.0100,5.9900,6.0000,268800,1613277.0000,3
2026-01-20,20260120140500000,sz.002225,6.0000,6.0000,5.9900,5.9900,173800,1042633.0000,3
2026-01-20,20260120141000000,sz.002225,5.9900,6.0100,5.9900,6.0000,99500,596847.0000,3
2026-01-20,20260120141500000,sz.002225,6.0000,6.0100,5.9900,6.0000,181300,1087635.0000,3
2026-01-20,20260120142000000,sz.002225,6.0000,6.0100,6.0000,6.0000,192700,1156200.0000,3
2026-01-20,20260120142500000,sz.002225,6.0000,6.0100,6.0000,6.0100,127200,763718.0000,3
2026-01-20,20260120143000000,sz.002225,6.0100,6.0100,5.9900,6.0000,470900,2824920.0000,3
2026-01-20,20260120143500000,sz.002225,6.0000,6.0100,5.9800,6.0000,374200,2243945.0000,3
2026-01-20,20260120144000000,sz.002225,6.0000,6.0100,5.9900,6.0100,523900,3140840.0000,3
2026-01-20,20260120144500000,sz.002225,6.0100,6.0200,6.0000,6.0100,316300,1901481.0000,3
2026-01-20,20260120145000000,sz.002225,6.0100,6.0200,6.0100,6.0100,315000,1894620.0000,3
2026-01-20,20260120145500000,sz.002225,6.0200,6.0300,6.0100,6.0200,534800,3220351.0000,3
2026-01-20,20260120150000000,sz.002225,6.0200,6.0400,6.0100,6.0400,442500,2669534.0000,3
2026-01-21,20260121093500000,sz.002225,6.0100,6.0200,5.9500,5.9600,1492000,8939720.0000,3
2026-01-21,20260121094000000,sz.002225,5.9500,5.9900,5.9500,5.9900,475600,2840678.0000,3
2026-01-21,20260121094500000,sz.002225,5.9900,5.9900,5.9600,5.9700,693900,4142562.0000,3
2026-01-21,20260121095000000,sz.002225,5.9700,5.9800,5.9700,5.9800,626000,3738736.0000,3
2026-01-21,20260121095500000,sz.002225,5.9800,6.0600,5.9700,6.0500,2085500,12556752.0000,3
2026-01-21,20260121100000000,sz.002225,6.0700,6.1500,6.0500,6.1000,4642341,28353809.3300,3
2026-01-21,20260121100500000,sz.002225,6.1000,6.2100,6.1000,6.2100,5313800,32760259.0000,3
2026-01-21,20260121101000000,sz.002225,6.2100,6.2900,6.2100,6.2300,7886200,49341345.0000,3
2026-01-21,20260121101500000,sz.002225,6.2300,6.2600,6.2300,6.2400,2879300,17978014.0000,3
2026-01-21,20260121102000000,sz.002225,6.2500,6.2500,6.2200,6.2200,1429500,8904819.0000,3
2026-01-21,20260121102500000,sz.002225,6.2300,6.3100,6.2200,6.2700,5277009,33123499.3400,3
2026-01-21,20260121103000000,sz.002225,6.2600,6.3100,6.2500,6.3000,2638500,16593470.0000,3
2026-01-21,20260121103500000,sz.002225,6.3000,6.3100,6.2600,6.2600,1464000,9212576.0000,3
2026-01-21,20260121104000000,sz.002225,6.2600,6.2900,6.2600,6.2900,920400,5773951.0000,3
2026-01-21,20260121104500000,sz.002225,6.2900,6.4000,6.2800,6.4000,6480400,41155842.0000,3
2026-01-21,20260121105000000,sz.002225,6.3900,6.4000,6.3100,6.3100,1583200,10056296.0000,3
2026-01-21,20260121105500000,sz.002225,6.3200,6.3200,6.2900,6.3100,962200,6061011.0000,3
2026-01-21,20260121110000000,sz.002225,6.3100,6.3300,6.2900,6.3000,551200,3476048.0000,3
2026-01-21,20260121110500000,sz.002225,6.3000,6.3100,6.2800,6.3000,606000,3813542.0000,3
2026-01-21,20260121111000000,sz.002225,6.3000,6.3100,6.2800,6.3000,248700,1565606.0000,3
2026-01-21,20260121111500000,sz.002225,6.3000,6.3600,6.2900,6.3000,1643000,10399404.0000,3
2026-01-21,20260121112000000,sz.002225,6.3000,6.3000,6.2800,6.2900,361800,2276791.0000,3
2026-01-21,20260121112500000,sz.002225,6.2900,6.3000,6.2800,6.3000,364900,2295960.0000,3
2026-01-21,20260121113000000,sz.002225,6.3000,6.3000,6.2800,6.2800,241300,1516926.0000,3
2026-01-21,20260121130500000,sz.002225,6.2800,6.3200,6.2700,6.2800,999300,6283648.0000,3
2026-01-21,20260121131000000,sz.002225,6.2900,6.2900,6.2600,6.2700,481100,3019569.0000,3
2026-01-21,20260121131500000,sz.002225,6.2700,6.2700,6.2400,6.2500,852700,5333036.0000,3
2026-01-21,20260121132000000,sz.002225,6.2500,6.2700,6.2400,6.2500,481200,3010961.0000,3
2026-01-21,20260121132500000,sz.002225,6.2500,6.2600,6.2400,6.2500,744400,4652789.0000,3
2026-01-21,20260121133000000,sz.002225,6.2500,6.2600,6.2500,6.2600,239600,1499077.0000,3
2026-01-21,20260121133500000,sz.002225,6.2600,6.2700,6.2500,6.2500,204000,1276691.0000,3
2026-01-21,20260121134000000,sz.002225,6.2500,6.2700,6.2500,6.2600,516300,3231201.0000,3
2026-01-21,20260121134500000,sz.002225,6.2600,6.2700,6.2400,6.2700,989800,6189496.0000,3
2026-01-21,20260121135000000,sz.002225,6.2700,6.2800,6.2600,6.2600,600900,3766675.0000,3
2026-01-21,20260121135500000,sz.002225,6.2700,6.2800,6.2600,6.2700,474000,2971635.0000,3
2026-01-21,20260121140000000,sz.002225,6.2700,6.2800,6.2600,6.2600,334600,2096656.0000,3
2026-01-21,20260121140500000,sz.002225,6.2600,6.2800,6.2600,6.2700,950200,5955065.0000,3
2026-01-21,20260121141000000,sz.002225,6.2700,6.2800,6.2700,6.2800,168900,1059637.0000,3
2026-01-21,20260121141500000,sz.002225,6.2700,6.2800,6.2700,6.2800,404000,2534118.0000,3
2026-01-21,20260121142000000,sz.002225,6.2800,6.3500,6.2700,6.3500,3753700,23716590.0000,3
2026-01-21,20260121142500000,sz.002225,6.3400,6.3500,6.3000,6.3000,663500,4194017.0000,3
2026-01-21,20260121143000000,sz.002225,6.3000,6.3200,6.2900,6.3100,543400,3426117.0000,3
2026-01-21,20260121143500000,sz.002225,6.3100,6.3400,6.3000,6.3300,1015040,6415638.4000,3
2026-01-21,20260121144000000,sz.002225,6.3300,6.3600,6.3300,6.3400,1534600,9744478.0000,3
2026-01-21,20260121144500000,sz.002225,6.3400,6.3500,6.3300,6.3400,1070200,6781506.0000,3
2026-01-21,20260121145000000,sz.002225,6.3300,6.3500,6.3300,6.3400,1563400,9916513.0000,3
2026-01-21,20260121145500000,sz.002225,6.3400,6.3500,6.3300,6.3500,2214790,14054808.6000,3
2026-01-21,20260121150000000,sz.002225,6.3500,6.3600,6.3400,6.3500,1820400,11562139.8600,3
2026-01-22,20260122093500000,sz.002225,6.4700,6.6800,6.4500,6.5300,13430833,88348096.9100,3
2026-01-22,20260122094000000,sz.002225,6.5400,6.6200,6.5100,6.5600,5686600,37310514.0000,3
2026-01-22,20260122094500000,sz.002225,6.5600,6.5900,6.5400,6.5400,2948800,19353699.0000,3
2026-01-22,20260122095000000,sz.002225,6.5500,6.6100,6.5200,6.6100,3828204,25113781.6400,3
2026-01-22,20260122095500000,sz.002225,6.6100,6.6200,6.5500,6.5600,1744900,11492251.5900,3
2026-01-22,20260122100000000,sz.002225,6.5700,6.5800,6.5300,6.5600,2111700,13832351.0000,3
2026-01-22,20260122100500000,sz.002225,6.5700,6.5700,6.5300,6.5300,2255000,14788355.0000,3
2026-01-22,20260122101000000,sz.002225,6.5400,6.5900,6.5300,6.5800,2529100,16583202.0000,3
2026-01-22,20260122101500000,sz.002225,6.5900,6.6400,6.5800,6.6000,3186800,21070681.1800,3
2026-01-22,20260122102000000,sz.002225,6.6000,6.6000,6.5600,6.5700,1404200,9240944.0000,3
2026-01-22,20260122102500000,sz.002225,6.5700,6.5800,6.5400,6.5500,1285800,8436794.0000,3
2026-01-22,20260122103000000,sz.002225,6.5600,6.6300,6.5600,6.6200,2406200,15903171.0000,3
2026-01-22,20260122103500000,sz.002225,6.6200,6.6300,6.6000,6.6100,1551800,10263605.0000,3
2026-01-22,20260122104000000,sz.002225,6.6100,6.6600,6.6000,6.6600,2599557,17246083.0500,3
2026-01-22,20260122104500000,sz.002225,6.6800,6.6800,6.6400,6.6600,2632000,17537025.0000,3
2026-01-22,20260122105000000,sz.002225,6.6600,6.6700,6.6400,6.6500,1127500,7504093.0000,3
2026-01-22,20260122105500000,sz.002225,6.6500,6.6500,6.6300,6.6400,587100,3899134.0000,3
2026-01-22,20260122110000000,sz.002225,6.6400,6.6900,6.6400,6.6900,2163700,14438098.0000,3
2026-01-22,20260122110500000,sz.002225,6.6900,6.7000,6.6700,6.6800,1228400,8217505.0000,3
2026-01-22,20260122111000000,sz.002225,6.6700,6.7300,6.6700,6.6900,3040700,20388024.0000,3
2026-01-22,20260122111500000,sz.002225,6.7000,6.7100,6.6900,6.7000,1095300,7335452.0000,3
2026-01-22,20260122112000000,sz.002225,6.7100,6.7300,6.6900,6.6900,992590,6659521.1000,3
2026-01-22,20260122112500000,sz.002225,6.7000,6.7000,6.6900,6.6900,653700,4377318.0000,3
2026-01-22,20260122113000000,sz.002225,6.7000,6.7000,6.6700,6.6700,645700,4315267.0000,3
2026-01-22,20260122130500000,sz.002225,6.6700,6.7100,6.6700,6.6900,2073138,13854107.0800,3
2026-01-22,20260122131000000,sz.002225,6.7000,6.7000,6.6600,6.6700,834400,5576237.0000,3
2026-01-22,20260122131500000,sz.002225,6.6600,6.6700,6.6300,6.6500,1300300,8644180.6200,3
2026-01-22,20260122132000000,sz.002225,6.6600,6.6800,6.6500,6.6500,1054538,7024340.3200,3
2026-01-22,20260122132500000,sz.002225,6.6600,6.6700,6.6300,6.6300,1064262,7077160.6800,3
2026-01-22,20260122133000000,sz.002225,6.6400,6.6500,6.6300,6.6500,1132400,7517370.6200,3
2026-01-22,20260122133500000,sz.002225,6.6500,6.6600,6.6400,6.6500,1411600,9383038.0000,3
2026-01-22,20260122134000000,sz.002225,6.6500,6.6600,6.6300,6.6300,971600,6452884.0000,3
2026-01-22,20260122134500000,sz.002225,6.6300,6.6500,6.6300,6.6400,1266900,8404023.0000,3
2026-01-22,20260122135000000,sz.002225,6.6500,6.6500,6.6200,6.6200,909200,6031037.0000,3
2026-01-22,20260122135500000,sz.002225,6.6300,6.6300,6.6000,6.6000,1643200,10864648.0000,3
2026-01-22,20260122140000000,sz.002225,6.6000,6.6200,6.5900,6.6000,1942300,12822600.8100,3
2026-01-22,20260122140500000,sz.002225,6.6000,6.6200,6.5900,6.6100,998919,6598626.4000,3
2026-01-22,20260122141000000,sz.002225,6.6000,6.6100,6.5800,6.5900,1339500,8831322.0000,3
2026-01-22,20260122141500000,sz.002225,6.5900,6.6100,6.5900,6.5900,1202544,7933563.4000,3
2026-01-22,20260122142000000,sz.002225,6.5900,6.6200,6.5800,6.6100,715525,4722533.2500,3
2026-01-22,20260122142500000,sz.002225,6.6100,6.7100,6.6000,6.6800,3777400,25171383.0000,3
2026-01-22,20260122143000000,sz.002225,6.6900,6.7200,6.6700,6.7000,2057200,13776714.0000,3
2026-01-22,20260122143500000,sz.002225,6.6900,6.7200,6.6900,6.7000,1593985,10689499.5000,3
2026-01-22,20260122144000000,sz.002225,6.7000,6.7000,6.6800,6.7000,812200,5435399.7900,3
2026-01-22,20260122144500000,sz.002225,6.6900,6.7000,6.6800,6.6800,1149000,7684958.0000,3
2026-01-22,20260122145000000,sz.002225,6.6900,6.7000,6.6800,6.6900,1286000,8603763.0000,3
2026-01-22,20260122145500000,sz.002225,6.6900,6.6900,6.6700,6.6800,1681738,11242175.8400,3
2026-01-22,20260122150000000,sz.002225,6.7000,6.7000,6.6900,6.6900,1055873,7066222.3700,3
2026-01-23,20260123093500000,sz.002225,6.7000,6.8900,6.6700,6.8600,10792605,73252397.1400,3
2026-01-23,20260123094000000,sz.002225,6.8800,6.9100,6.8300,6.8500,4708100,32313184.0000,3
2026-01-23,20260123094500000,sz.002225,6.8400,6.9100,6.8200,6.9100,3685638,25302925.2000,3
2026-01-23,20260123095000000,sz.002225,6.9100,6.9300,6.8900,6.9200,3369372,23293264.3300,3
2026-01-23,20260123095500000,sz.002225,6.9300,7.0000,6.9300,6.9700,4973600,34645899.0000,3
2026-01-23,20260123100000000,sz.002225,6.9700,6.9800,6.8700,6.8800,1907200,13196849.0000,3
2026-01-23,20260123100500000,sz.002225,6.8800,6.9000,6.8600,6.9000,1813500,12479632.0000,3
2026-01-23,20260123101000000,sz.002225,6.9000,6.9100,6.8800,6.8900,1009600,6960276.0000,3
2026-01-23,20260123101500000,sz.002225,6.8900,6.9000,6.8600,6.9000,1087600,7488681.0000,3
2026-01-23,20260123102000000,sz.002225,6.9000,6.9000,6.8300,6.8300,1621100,11124469.0000,3
2026-01-23,20260123102500000,sz.002225,6.8400,6.9500,6.8300,6.9100,2688128,18539920.3600,3
2026-01-23,20260123103000000,sz.002225,6.9100,6.9300,6.9000,6.9100,783500,5417395.0000,3
2026-01-23,20260123103500000,sz.002225,6.9100,6.9300,6.8900,6.9200,790900,5461490.0000,3
2026-01-23,20260123104000000,sz.002225,6.9200,6.9200,6.9000,6.9000,451400,3116375.0000,3
2026-01-23,20260123104500000,sz.002225,6.9100,6.9300,6.8900,6.9000,839400,5800346.0000,3
2026-01-23,20260123105000000,sz.002225,6.9000,6.9100,6.8900,6.9000,465700,3210262.0000,3
2026-01-23,20260123105500000,sz.002225,6.9000,6.9100,6.8900,6.8900,745700,5146004.0000,3
2026-01-23,20260123110000000,sz.002225,6.8900,6.9200,6.8900,6.9100,556000,3839772.0000,3
2026-01-23,20260123110500000,sz.002225,6.9200,6.9200,6.8900,6.9000,402900,2781732.0000,3
2026-01-23,20260123111000000,sz.002225,6.8900,6.9300,6.8900,6.9200,902200,6235065.0000,3
2026-01-23,20260123111500000,sz.002225,6.9200,6.9300,6.9000,6.9000,539800,3729479.0000,3
2026-01-23,20260123112000000,sz.002225,6.9000,6.9100,6.9000,6.9000,284000,1959714.0000,3
2026-01-23,20260123112500000,sz.002225,6.9100,6.9100,6.8800,6.8900,582200,4012873.0000,3
2026-01-23,20260123113000000,sz.002225,6.9000,6.9100,6.8900,6.9000,263700,1819729.0000,3
2026-01-23,20260123130500000,sz.002225,6.9000,6.9900,6.9000,6.9200,2515021,17478188.9500,3
2026-01-23,20260123131000000,sz.002225,6.9200,6.9200,6.9000,6.9100,261700,1807091.0000,3
2026-01-23,20260123131500000,sz.002225,6.9100,6.9300,6.9100,6.9300,595200,4118110.0000,3
2026-01-23,20260123132000000,sz.002225,6.9300,6.9300,6.9100,6.9200,381600,2639530.0000,3
2026-01-23,20260123132500000,sz.002225,6.9200,6.9200,6.9000,6.9000,833800,5760950.0000,3
2026-01-23,20260123133000000,sz.002225,6.9000,6.9200,6.9000,6.9100,836400,5783126.0000,3
2026-01-23,20260123133500000,sz.002225,6.9100,6.9200,6.8700,6.8800,1191900,8219867.0000,3
2026-01-23,20260123134000000,sz.002225,6.8800,6.8800,6.8500,6.8600,1356800,9313386.0000,3
2026-01-23,20260123134500000,sz.002225,6.8600,6.8700,6.8500,6.8600,698000,4790810.0000,3
2026-01-23,20260123135000000,sz.002225,6.8600,6.8700,6.8400,6.8500,559600,3836039.0000,3
2026-01-23,20260123135500000,sz.002225,6.8500,6.8800,6.8500,6.8600,634400,4353032.0000,3
2026-01-23,20260123140000000,sz.002225,6.8600,6.8700,6.8500,6.8600,260600,1787496.0000,3
2026-01-23,20260123140500000,sz.002225,6.8600,6.8700,6.8500,6.8500,440600,3020470.0000,3
2026-01-23,20260123141000000,sz.002225,6.8500,6.8600,6.8400,6.8400,625600,4285615.0000,3
2026-01-23,20260123141500000,sz.002225,6.8400,6.8500,6.8100,6.8200,1669900,11395476.0000,3
2026-01-23,20260123142000000,sz.002225,6.8200,6.8300,6.8100,6.8100,1786577,12177205.2300,3
2026-01-23,20260123142500000,sz.002225,6.8100,6.8200,6.8000,6.8100,752900,5127961.0000,3
2026-01-23,20260123143000000,sz.002225,6.8000,6.8200,6.7900,6.7900,1566100,10657689.0000,3
2026-01-23,20260123143500000,sz.002225,6.7900,6.8200,6.7900,6.8100,1184500,8063822.0000,3
2026-01-23,20260123144000000,sz.002225,6.8100,6.8300,6.8000,6.8200,1094400,7460007.0000,3
2026-01-23,20260123144500000,sz.002225,6.8200,6.8500,6.8100,6.8400,1498200,10222104.0000,3
2026-01-23,20260123145000000,sz.002225,6.8400,6.8500,6.7900,6.8000,2058590,14040287.8000,3
2026-01-23,20260123145500000,sz.002225,6.8000,6.8000,6.7600,6.7900,4013340,27198334.2000,3
2026-01-23,20260123150000000,sz.002225,6.7800,6.8200,6.7600,6.8200,2183947,14844951.5400,3
2026-01-26,20260126093500000,sz.002225,6.8000,6.8900,6.7600,6.8700,4294300,29386493.0000,3
2026-01-26,20260126094000000,sz.002225,6.8600,6.8700,6.7800,6.8000,2332900,15928020.0000,3
2026-01-26,20260126094500000,sz.002225,6.8100,6.8400,6.8000,6.8300,1883600,12856784.0000,3
2026-01-26,20260126095000000,sz.002225,6.8200,6.8300,6.7700,6.7800,2460600,16694863.0000,3
2026-01-26,20260126095500000,sz.002225,6.7800,6.8000,6.7400,6.7400,1580900,10698443.0000,3
2026-01-26,20260126100000000,sz.002225,6.7300,6.7600,6.7300,6.7400,1622123,10947935.2500,3
2026-01-26,20260126100500000,sz.002225,6.7400,6.7600,6.7300,6.7600,940000,6337678.0000,3
2026-01-26,20260126101000000,sz.002225,6.7600,6.7700,6.7300,6.7600,1679300,11320850.0000,3
2026-01-26,20260126101500000,sz.002225,6.7700,6.8000,6.7200,6.7200,1139300,7706379.0000,3
2026-01-26,20260126102000000,sz.002225,6.7200,6.7600,6.7200,6.7300,906400,6100860.0000,3
2026-01-26,20260126102500000,sz.002225,6.7300,6.7400,6.7000,6.7100,781000,5243576.0000,3
2026-01-26,20260126103000000,sz.002225,6.7100,6.7200,6.7000,6.7000,1210500,8116025.0000,3
2026-01-26,20260126103500000,sz.002225,6.7100,6.7600,6.6900,6.7500,937200,6296774.0000,3
2026-01-26,20260126104000000,sz.002225,6.7400,6.7800,6.7400,6.7600,690800,4667754.0000,3
2026-01-26,20260126104500000,sz.002225,6.7600,6.7900,6.7500,6.7700,497200,3366003.0000,3
2026-01-26,20260126105000000,sz.002225,6.7700,6.7800,6.7200,6.7300,548400,3699096.0000,3
2026-01-26,20260126105500000,sz.002225,6.7300,6.7500,6.7200,6.7500,1448900,9746461.0000,3
2026-01-26,20260126110000000,sz.002225,6.7400,6.7500,6.7000,6.7100,383700,2578885.0000,3
2026-01-26,20260126110500000,sz.002225,6.7100,6.7300,6.7000,6.7200,308500,2071923.0000,3
2026-01-26,20260126111000000,sz.002225,6.7200,6.7300,6.7000,6.7100,689000,4621883.0000,3
2026-01-26,20260126111500000,sz.002225,6.7100,6.7500,6.7100,6.7500,324000,2182379.0000,3
2026-01-26,20260126112000000,sz.002225,6.7500,6.7500,6.7300,6.7400,301800,2035651.0000,3
2026-01-26,20260126112500000,sz.002225,6.7400,6.7500,6.7200,6.7200,260100,1750958.0000,3
2026-01-26,20260126113000000,sz.002225,6.7200,6.7400,6.7200,6.7200,284500,1913735.0000,3
2026-01-26,20260126130500000,sz.002225,6.7200,6.7700,6.7200,6.7400,1157901,7809942.7200,3
2026-01-26,20260126131000000,sz.002225,6.7500,6.7500,6.7100,6.7100,421900,2836675.0000,3
2026-01-26,20260126131500000,sz.002225,6.7100,6.7100,6.6900,6.7100,551700,3697942.0000,3
2026-01-26,20260126132000000,sz.002225,6.7000,6.7100,6.7000,6.7100,121000,810822.0000,3
2026-01-26,20260126132500000,sz.002225,6.7000,6.7200,6.7000,6.7000,587400,3937904.0000,3
2026-01-26,20260126133000000,sz.002225,6.7000,6.7100,6.6700,6.6700,879300,5880831.0000,3
2026-01-26,20260126133500000,sz.002225,6.6700,6.6800,6.6600,6.6700,915900,6108423.0000,3
2026-01-26,20260126134000000,sz.002225,6.6700,6.6800,6.6600,6.6800,408600,2725999.0000,3
2026-01-26,20260126134500000,sz.002225,6.6700,6.6900,6.6700,6.6800,735300,4909767.0000,3
2026-01-26,20260126135000000,sz.002225,6.6700,6.6900,6.6700,6.6900,633000,4225191.0000,3
2026-01-26,20260126135500000,sz.002225,6.6800,6.7000,6.6800,6.6800,415376,2777148.4400,3
2026-01-26,20260126140000000,sz.002225,6.6700,6.6900,6.6700,6.6800,441100,2946434.0000,3
2026-01-26,20260126140500000,sz.002225,6.6800,6.6900,6.6700,6.6700,494700,3302462.0000,3
2026-01-26,20260126141000000,sz.002225,6.6700,6.6900,6.6700,6.6900,739300,4937569.0000,3
2026-01-26,20260126141500000,sz.002225,6.6800,6.7100,6.6800,6.6900,856000,5729868.0000,3
2026-01-26,20260126142000000,sz.002225,6.7000,6.7300,6.7000,6.7200,986600,6623535.0000,3
2026-01-26,20260126142500000,sz.002225,6.7100,6.7300,6.7100,6.7100,270900,1819727.0000,3
2026-01-26,20260126143000000,sz.002225,6.7100,6.7800,6.7100,6.7600,1512400,10210989.4300,3
2026-01-26,20260126143500000,sz.002225,6.7800,6.8400,6.7700,6.8200,3034100,20654118.9900,3
2026-01-26,20260126144000000,sz.002225,6.8100,6.8700,6.8000,6.8200,2056400,14070423.0000,3
2026-01-26,20260126144500000,sz.002225,6.8200,6.8300,6.8100,6.8200,851400,5808857.0000,3
2026-01-26,20260126145000000,sz.002225,6.8200,6.8300,6.8000,6.8100,700700,4775688.0000,3
2026-01-26,20260126145500000,sz.002225,6.8200,6.8400,6.8100,6.8300,1318000,8998285.0000,3
2026-01-26,20260126150000000,sz.002225,6.8200,6.8400,6.8100,6.8300,1562863,10673086.0300,3
2026-01-27,20260127093500000,sz.002225,6.7900,6.8100,6.7300,6.7900,1850185,12532839.4500,3
2026-01-27,20260127094000000,sz.002225,6.7800,6.8300,6.7500,6.7500,1185445,8039445.7500,3
2026-01-27,20260127094500000,sz.002225,6.7400,6.7600,6.7200,6.7300,1208755,8144183.2500,3
2026-01-27,20260127095000000,sz.002225,6.7300,6.7500,6.6900,6.6900,1819800,12225259.0000,3
2026-01-27,20260127095500000,sz.002225,6.7000,6.7100,6.6600,6.6600,2573000,17183134.0000,3
2026-01-27,20260127100000000,sz.002225,6.6500,6.6500,6.6000,6.6000,1962400,13015112.7700,3
2026-01-27,20260127100500000,sz.002225,6.6000,6.6500,6.6000,6.6500,1228623,8130650.0300,3
2026-01-27,20260127101000000,sz.002225,6.6500,6.6900,6.6400,6.6800,986900,6569696.0000,3
2026-01-27,20260127101500000,sz.002225,6.6800,6.6900,6.6500,6.6600,774300,5167982.0000,3
2026-01-27,20260127102000000,sz.002225,6.6500,6.6700,6.6100,6.6500,1305400,8660367.0000,3
2026-01-27,20260127102500000,sz.002225,6.6600,6.6600,6.6400,6.6500,759800,5052076.0000,3
2026-01-27,20260127103000000,sz.002225,6.6500,6.6600,6.6200,6.6200,514600,3416090.0000,3
2026-01-27,20260127103500000,sz.002225,6.6300,6.6400,6.6200,6.6200,618000,4095329.0000,3
2026-01-27,20260127104000000,sz.002225,6.6200,6.6500,6.6200,6.6300,466800,3094089.0000,3
2026-01-27,20260127104500000,sz.002225,6.6300,6.6500,6.6300,6.6400,213100,1415822.0000,3
2026-01-27,20260127105000000,sz.002225,6.6500,6.6500,6.6100,6.6300,486600,3225568.0000,3
2026-01-27,20260127105500000,sz.002225,6.6300,6.6400,6.5900,6.5900,1370777,9057669.9700,3
2026-01-27,20260127110000000,sz.002225,6.6000,6.6200,6.6000,6.6100,489423,3233995.0300,3
2026-01-27,20260127110500000,sz.002225,6.6100,6.6200,6.6000,6.6100,475700,3142889.0000,3
2026-01-27,20260127111000000,sz.002225,6.6100,6.6300,6.6100,6.6100,116900,773648.0000,3
2026-01-27,20260127111500000,sz.002225,6.6100,6.6300,6.6100,6.6100,431700,2859621.0000,3
2026-01-27,20260127112000000,sz.002225,6.6100,6.6100,6.6000,6.6100,413300,2730952.0000,3
2026-01-27,20260127112500000,sz.002225,6.6100,6.6200,6.6000,6.6000,398500,2632355.0000,3
2026-01-27,20260127113000000,sz.002225,6.6000,6.6100,6.6000,6.6000,158666,1047902.6000,3
2026-01-27,20260127130500000,sz.002225,6.6100,6.6500,6.6100,6.6500,798000,5282883.0000,3
2026-01-27,20260127131000000,sz.002225,6.6500,6.7200,6.6500,6.7100,1271900,8514612.0000,3
2026-01-27,20260127131500000,sz.002225,6.7000,6.7400,6.7000,6.7200,912300,6135417.0000,3
2026-01-27,20260127132000000,sz.002225,6.7200,6.7400,6.7100,6.7300,380400,2556763.0000,3
2026-01-27,20260127132500000,sz.002225,6.7200,6.7300,6.7000,6.7000,209600,1406935.0000,3
2026-01-27,20260127133000000,sz.002225,6.7000,6.7000,6.6700,6.6800,819680,5473197.6000,3
2026-01-27,20260127133500000,sz.002225,6.6800,6.7000,6.6600,6.6900,489600,3266932.0000,3
2026-01-27,20260127134000000,sz.002225,6.6900,6.6900,6.6600,6.6700,386800,2581423.0000,3
2026-01-27,20260127134500000,sz.002225,6.6700,6.7000,6.6700,6.6900,254800,1703262.0000,3
2026-01-27,20260127135000000,sz.002225,6.6900,6.7300,6.6900,6.7300,611600,4107753.0000,3
2026-01-27,20260127135500000,sz.002225,6.7300,6.7400,6.7200,6.7300,243200,1636558.0000,3
2026-01-27,20260127140000000,sz.002225,6.7200,6.7300,6.7200,6.7300,319800,2149449.0000,3
2026-01-27,20260127140500000,sz.002225,6.7300,6.7400,6.7100,6.7300,422200,2839602.0000,3
2026-01-27,20260127141000000,sz.002225,6.7200,6.7600,6.7200,6.7300,588100,3965780.0000,3
2026-01-27,20260127141500000,sz.002225,6.7300,6.7500,6.7200,6.7300,365300,2459126.0000,3
2026-01-27,20260127142000000,sz.002225,6.7300,6.7500,6.7200,6.7400,718000,4833338.0000,3
2026-01-27,20260127142500000,sz.002225,6.7400,6.7500,6.7300,6.7300,120100,809246.0000,3
2026-01-27,20260127143000000,sz.002225,6.7400,6.7500,6.7300,6.7400,292200,1970573.0000,3
2026-01-27,20260127143500000,sz.002225,6.7400,6.7500,6.7300,6.7400,303600,2045355.0000,3
2026-01-27,20260127144000000,sz.002225,6.7400,6.7400,6.7200,6.7300,356700,2400865.0000,3
2026-01-27,20260127144500000,sz.002225,6.7300,6.7300,6.7200,6.7200,178900,1203156.0000,3
2026-01-27,20260127145000000,sz.002225,6.7200,6.7400,6.7200,6.7200,643801,4331573.7300,3
2026-01-27,20260127145500000,sz.002225,6.7300,6.7700,6.7200,6.7600,2698101,18222788.7500,3
2026-01-27,20260127150000000,sz.002225,6.7700,6.7800,6.7600,6.7800,1498500,10148767.0000,3
2026-01-28,20260128093500000,sz.002225,6.7200,6.8000,6.6700,6.7800,2807400,18883206.0000,3
2026-01-28,20260128094000000,sz.002225,6.7700,6.8900,6.7700,6.8800,3200700,21922388.0000,3
2026-01-28,20260128094500000,sz.002225,6.8700,6.8900,6.8000,6.8500,1636400,11208275.0000,3
2026-01-28,20260128095000000,sz.002225,6.8700,6.8700,6.7900,6.8200,1439671,9825111.6400,3
2026-01-28,20260128095500000,sz.002225,6.8200,6.8200,6.7700,6.7800,1053100,7153370.0000,3
2026-01-28,20260128100000000,sz.002225,6.7800,6.7900,6.7700,6.7800,878400,5952803.0000,3
2026-01-28,20260128100500000,sz.002225,6.7900,6.8400,6.7800,6.8300,1392300,9478259.0000,3
2026-01-28,20260128101000000,sz.002225,6.8300,6.8400,6.8100,6.8200,407200,2776367.0000,3
2026-01-28,20260128101500000,sz.002225,6.8200,6.8200,6.7900,6.7900,644600,4388044.0000,3
2026-01-28,20260128102000000,sz.002225,6.8000,6.8800,6.7800,6.8700,1955200,13379305.0000,3
2026-01-28,20260128102500000,sz.002225,6.8600,6.9000,6.8500,6.8800,2850100,19597419.0000,3
2026-01-28,20260128103000000,sz.002225,6.8800,6.9200,6.8700,6.9200,1760500,12139262.0000,3
2026-01-28,20260128103500000,sz.002225,6.9200,6.9400,6.9100,6.9300,1260073,8724023.1600,3
2026-01-28,20260128104000000,sz.002225,6.9200,6.9300,6.8900,6.9000,1048927,7256526.8400,3
2026-01-28,20260128104500000,sz.002225,6.8900,6.9100,6.8700,6.8900,576200,3966114.0000,3
2026-01-28,20260128105000000,sz.002225,6.8800,6.8900,6.8600,6.8900,437900,3010564.0000,3
2026-01-28,20260128105500000,sz.002225,6.8900,6.8900,6.8500,6.8700,431600,2965778.0000,3
2026-01-28,20260128110000000,sz.002225,6.8700,6.8700,6.8500,6.8600,296800,2036100.0000,3
2026-01-28,20260128110500000,sz.002225,6.8500,6.8800,6.8400,6.8500,528900,3627939.0000,3
2026-01-28,20260128111000000,sz.002225,6.8500,6.8800,6.8400,6.8800,324500,2225455.0000,3
2026-01-28,20260128111500000,sz.002225,6.8800,6.8800,6.8600,6.8700,370100,2543668.0000,3
2026-01-28,20260128112000000,sz.002225,6.8700,6.9100,6.8700,6.9000,533000,3675510.0000,3
2026-01-28,20260128112500000,sz.002225,6.9000,6.9200,6.8900,6.9100,780800,5391751.0000,3
2026-01-28,20260128113000000,sz.002225,6.9200,6.9300,6.9100,6.9300,680700,4713642.0000,3
2026-01-28,20260128130500000,sz.002225,6.9300,6.9400,6.8800,6.8900,1194100,8248929.0000,3
2026-01-28,20260128131000000,sz.002225,6.8900,6.9100,6.8800,6.9100,441700,3046531.0000,3
2026-01-28,20260128131500000,sz.002225,6.9100,6.9100,6.8800,6.9000,602800,4157568.0000,3
2026-01-28,20260128132000000,sz.002225,6.9100,6.9200,6.8700,6.8800,753200,5194829.0000,3
2026-01-28,20260128132500000,sz.002225,6.8800,6.9000,6.8700,6.8900,483000,3325606.0000,3
2026-01-28,20260128133000000,sz.002225,6.8900,6.9100,6.8900,6.9000,473600,3267808.0000,3
2026-01-28,20260128133500000,sz.002225,6.8900,6.9100,6.8900,6.9000,682400,4708194.0000,3
2026-01-28,20260128134000000,sz.002225,6.9000,6.9400,6.9000,6.9300,800700,5542327.0000,3
2026-01-28,20260128134500000,sz.002225,6.9300,6.9300,6.9100,6.9300,454380,3146245.6000,3
2026-01-28,20260128135000000,sz.002225,6.9300,6.9300,6.9100,6.9200,389200,2692911.0000,3
2026-01-28,20260128135500000,sz.002225,6.9200,6.9200,6.8900,6.8900,717100,4956081.0000,3
2026-01-28,20260128140000000,sz.002225,6.8900,6.9000,6.8800,6.8800,581600,4004400.0000,3
2026-01-28,20260128140500000,sz.002225,6.8700,6.8900,6.8700,6.8800,307200,2114146.0000,3
2026-01-28,20260128141000000,sz.002225,6.8800,6.8900,6.8700,6.8700,551100,3789053.0000,3
2026-01-28,20260128141500000,sz.002225,6.8700,6.9200,6.8700,6.9100,979700,6745911.0000,3
2026-01-28,20260128142000000,sz.002225,6.9100,6.9100,6.9000,6.9000,386685,2670223.5000,3
2026-01-28,20260128142500000,sz.002225,6.9100,6.9100,6.8800,6.9000,645615,4450553.5000,3
2026-01-28,20260128143000000,sz.002225,6.9000,6.9000,6.8800,6.8900,337500,2325512.9600,3
2026-01-28,20260128143500000,sz.002225,6.8800,6.9100,6.8800,6.9000,592504,4083958.6000,3
2026-01-28,20260128144000000,sz.002225,6.9000,6.9100,6.8800,6.8900,687196,4739885.4000,3
2026-01-28,20260128144500000,sz.002225,6.8800,6.8900,6.8800,6.8800,867400,5978965.0000,3
2026-01-28,20260128145000000,sz.002225,6.8900,6.9000,6.8800,6.8900,836728,5765498.9200,3
2026-01-28,20260128145500000,sz.002225,6.8900,6.9100,6.8900,6.9000,888500,6132272.0000,3
2026-01-28,20260128150000000,sz.002225,6.9100,6.9200,6.9000,6.9200,1656400,11452370.0000,3
2026-01-29,20260129093500000,sz.002225,6.9900,6.9900,6.7500,6.8200,5530400,37900395.0000,3
2026-01-29,20260129094000000,sz.002225,6.8200,6.8500,6.7800,6.8300,2149200,14642818.0000,3
2026-01-29,20260129094500000,sz.002225,6.8200,6.8300,6.7400,6.7600,2748338,18620398.5000,3
2026-01-29,20260129095000000,sz.002225,6.7600,6.7600,6.6800,6.7000,3054800,20540169.0000,3
2026-01-29,20260129095500000,sz.002225,6.7000,6.8000,6.7000,6.7800,1783100,12009477.0000,3
2026-01-29,20260129100000000,sz.002225,6.7800,6.8100,6.7700,6.7900,706400,4795347.0000,3
2026-01-29,20260129100500000,sz.002225,6.7900,6.8500,6.7900,6.8400,916300,6254406.0000,3
2026-01-29,20260129101000000,sz.002225,6.8300,6.8500,6.8300,6.8400,1109000,7584097.0000,3
2026-01-29,20260129101500000,sz.002225,6.8300,6.8700,6.8300,6.8400,708200,4851763.0000,3
2026-01-29,20260129102000000,sz.002225,6.8500,6.8600,6.8200,6.8300,845800,5787572.0000,3
2026-01-29,20260129102500000,sz.002225,6.8200,6.8400,6.7800,6.7900,717700,4889660.0000,3
2026-01-29,20260129103000000,sz.002225,6.7900,6.8000,6.7700,6.7800,496400,3368160.0000,3
2026-01-29,20260129103500000,sz.002225,6.7800,6.8300,6.7800,6.8100,305500,2081972.0000,3
2026-01-29,20260129104000000,sz.002225,6.8100,6.8200,6.8000,6.8100,211900,1442958.0000,3
2026-01-29,20260129104500000,sz.002225,6.8200,6.8300,6.8000,6.8200,212700,1449751.0000,3
2026-01-29,20260129105000000,sz.002225,6.8200,6.8200,6.8100,6.8200,122200,832688.0000,3
2026-01-29,20260129105500000,sz.002225,6.8200,6.8500,6.8100,6.8500,494400,3375203.0000,3
2026-01-29,20260129110000000,sz.002225,6.8500,6.8700,6.8400,6.8600,305200,2091743.0000,3
2026-01-29,20260129110500000,sz.002225,6.8600,6.8800,6.8500,6.8500,488900,3354693.0000,3
2026-01-29,20260129111000000,sz.002225,6.8500,6.8500,6.8300,6.8300,121900,833386.6200,3
2026-01-29,20260129111500000,sz.002225,6.8300,6.8400,6.8200,6.8300,271338,1851138.7800,3
2026-01-29,20260129112000000,sz.002225,6.8300,6.8500,6.8200,6.8400,311000,2127373.0000,3
2026-01-29,20260129112500000,sz.002225,6.8400,6.8500,6.8200,6.8300,174600,1193653.0000,3
2026-01-29,20260129113000000,sz.002225,6.8300,6.8300,6.8100,6.8300,286300,1953074.0000,3
2026-01-29,20260129130500000,sz.002225,6.8300,6.9100,6.8200,6.8500,2119862,14555619.0800,3
2026-01-29,20260129131000000,sz.002225,6.8400,6.9200,6.8400,6.9100,892400,6148490.0000,3
2026-01-29,20260129131500000,sz.002225,6.9100,6.9300,6.8800,6.9000,638900,4411765.0000,3
2026-01-29,20260129132000000,sz.002225,6.9000,6.9200,6.8900,6.9000,378700,2614851.0000,3
2026-01-29,20260129132500000,sz.002225,6.9000,6.9100,6.8800,6.8800,397900,2745489.0000,3
2026-01-29,20260129133000000,sz.002225,6.8800,6.8800,6.8400,6.8500,664200,4549829.0000,3
2026-01-29,20260129133500000,sz.002225,6.8500,6.8700,6.8300,6.8500,1047700,7161276.0000,3
2026-01-29,20260129134000000,sz.002225,6.8600,6.8700,6.8400,6.8600,353500,2423656.0000,3
2026-01-29,20260129134500000,sz.002225,6.8500,6.8600,6.8400,6.8500,338300,2315801.0000,3
2026-01-29,20260129135000000,sz.002225,6.8500,6.8500,6.8000,6.8100,665200,4535080.0000,3
2026-01-29,20260129135500000,sz.002225,6.8100,6.8200,6.8000,6.8100,357700,2435109.0000,3
2026-01-29,20260129140000000,sz.002225,6.8000,6.8100,6.7800,6.7800,458100,3110247.0000,3
2026-01-29,20260129140500000,sz.002225,6.7800,6.8000,6.7700,6.8000,773800,5252075.0000,3
2026-01-29,20260129141000000,sz.002225,6.7900,6.8300,6.7800,6.8200,700100,4762627.0000,3
2026-01-29,20260129141500000,sz.002225,6.8300,6.8600,6.8000,6.8300,1088800,7436967.0000,3
2026-01-29,20260129142000000,sz.002225,6.8300,6.9000,6.8300,6.8900,931700,6389777.0000,3
2026-01-29,20260129142500000,sz.002225,6.8900,6.8900,6.8600,6.8800,606500,4172834.0000,3
2026-01-29,20260129143000000,sz.002225,6.8700,6.8800,6.8500,6.8500,594700,4084536.0000,3
2026-01-29,20260129143500000,sz.002225,6.8500,6.8600,6.8000,6.8300,990600,6768321.0000,3
2026-01-29,20260129144000000,sz.002225,6.8300,6.8300,6.8000,6.8000,581100,3956951.0000,3
2026-01-29,20260129144500000,sz.002225,6.8000,6.8300,6.8000,6.8300,404100,2752836.0000,3
2026-01-29,20260129145000000,sz.002225,6.8200,6.8400,6.8100,6.8200,809500,5519596.0000,3
2026-01-29,20260129145500000,sz.002225,6.8200,6.8300,6.8000,6.8200,1147900,7818862.0000,3
2026-01-29,20260129150000000,sz.002225,6.8100,6.8300,6.8100,6.8200,435600,2969560.0000,3
2026-01-30,20260130093500000,sz.002225,6.7600,6.7900,6.6900,6.6900,2829700,19052746.0000,3
2026-01-30,20260130094000000,sz.002225,6.6900,6.7000,6.6000,6.6300,3111900,20664270.0000,3
2026-01-30,20260130094500000,sz.002225,6.6200,6.6800,6.6100,6.6700,1334900,8867127.0000,3
2026-01-30,20260130095000000,sz.002225,6.6700,6.7500,6.6500,6.7500,1050100,7018074.0000,3
2026-01-30,20260130095500000,sz.002225,6.7500,6.7500,6.6600,6.6700,1110200,7452013.0000,3
2026-01-30,20260130100000000,sz.002225,6.6600,6.7100,6.6600,6.6600,900200,6017456.0000,3
2026-01-30,20260130100500000,sz.002225,6.6500,6.6600,6.6100,6.6400,1637700,10856555.0000,3
2026-01-30,20260130101000000,sz.002225,6.6300,6.6400,6.6100,6.6200,1429400,9471358.0000,3
2026-01-30,20260130101500000,sz.002225,6.6100,6.6100,6.5600,6.5600,2647400,17434539.0000,3
2026-01-30,20260130102000000,sz.002225,6.5500,6.5600,6.5400,6.5600,1846200,12088667.0000,3
2026-01-30,20260130102500000,sz.002225,6.5600,6.5800,6.5500,6.5500,1317200,8641116.0000,3
2026-01-30,20260130103000000,sz.002225,6.5500,6.5600,6.5100,6.5100,1630200,10648674.0000,3
2026-01-30,20260130103500000,sz.002225,6.5100,6.5200,6.4700,6.4700,2112700,13718590.0000,3
2026-01-30,20260130104000000,sz.002225,6.4700,6.5800,6.4700,6.5800,2433700,15877114.0000,3
2026-01-30,20260130104500000,sz.002225,6.5700,6.5900,6.5500,6.5800,686000,4508472.0000,3
2026-01-30,20260130105000000,sz.002225,6.5700,6.5800,6.5500,6.5700,512500,3364729.0000,3
2026-01-30,20260130105500000,sz.002225,6.5600,6.5700,6.5300,6.5300,351400,2300792.0000,3
2026-01-30,20260130110000000,sz.002225,6.5200,6.5400,6.5000,6.5200,713100,4646560.0000,3
2026-01-30,20260130110500000,sz.002225,6.5200,6.5500,6.5000,6.5300,786900,5136586.0000,3
2026-01-30,20260130111000000,sz.002225,6.5200,6.5700,6.5200,6.5500,260000,1703530.0000,3
2026-01-30,20260130111500000,sz.002225,6.5500,6.5500,6.5300,6.5400,393400,2574098.0000,3
2026-01-30,20260130112000000,sz.002225,6.5300,6.5500,6.5200,6.5400,228100,1491189.0000,3
2026-01-30,20260130112500000,sz.002225,6.5300,6.5500,6.5300,6.5400,181700,1188597.0000,3
2026-01-30,20260130113000000,sz.002225,6.5400,6.5400,6.5300,6.5300,501800,3277589.0000,3
2026-01-30,20260130130500000,sz.002225,6.5300,6.5800,6.5300,6.5800,1254200,8224714.0000,3
2026-01-30,20260130131000000,sz.002225,6.5800,6.6200,6.5700,6.6200,617500,4070578.0000,3
2026-01-30,20260130131500000,sz.002225,6.6200,6.6600,6.6000,6.6500,1601300,10629851.0000,3
2026-01-30,20260130132000000,sz.002225,6.6500,6.7100,6.6400,6.7000,1502100,10039905.0000,3
2026-01-30,20260130132500000,sz.002225,6.7000,6.7100,6.6800,6.6800,483700,3236881.0000,3
2026-01-30,20260130133000000,sz.002225,6.6800,6.7200,6.6800,6.7000,874100,5854379.0000,3
2026-01-30,20260130133500000,sz.002225,6.7100,6.7200,6.6800,6.6800,384100,2575042.0000,3
2026-01-30,20260130134000000,sz.002225,6.6900,6.7100,6.6800,6.7000,305900,2048636.0000,3
2026-01-30,20260130134500000,sz.002225,6.7100,6.7100,6.7000,6.7000,278900,1870294.0000,3
2026-01-30,20260130135000000,sz.002225,6.7100,6.7300,6.7000,6.7200,354500,2379482.0000,3
2026-01-30,20260130135500000,sz.002225,6.7200,6.7300,6.7100,6.7100,376800,2532213.0000,3
2026-01-30,20260130140000000,sz.002225,6.7200,6.7200,6.6800,6.6900,387200,2594854.0000,3
2026-01-30,20260130140500000,sz.002225,6.6900,6.7200,6.6800,6.7100,532300,3563754.0000,3
2026-01-30,20260130141000000,sz.002225,6.7200,6.7200,6.7000,6.7000,330300,2215467.0000,3
2026-01-30,20260130141500000,sz.002225,6.7000,6.7100,6.6900,6.7100,210400,1409938.0000,3
2026-01-30,20260130142000000,sz.002225,6.7000,6.7100,6.7000,6.7100,93200,624765.0000,3
2026-01-30,20260130142500000,sz.002225,6.7000,6.7200,6.7000,6.7100,619100,4156635.0000,3
2026-01-30,20260130143000000,sz.002225,6.7200,6.7200,6.7000,6.7000,385100,2583292.0000,3
2026-01-30,20260130143500000,sz.002225,6.7000,6.7100,6.6900,6.7000,394800,2645441.0000,3
2026-01-30,20260130144000000,sz.002225,6.7000,6.7100,6.6900,6.7000,404200,2708486.0000,3
2026-01-30,20260130144500000,sz.002225,6.6900,6.7200,6.6900,6.7100,959700,6439493.0000,3
2026-01-30,20260130145000000,sz.002225,6.7100,6.7200,6.7100,6.7200,447100,3001692.0000,3
2026-01-30,20260130145500000,sz.002225,6.7200,6.7200,6.7100,6.7200,653300,4388400.0000,3
2026-01-30,20260130150000000,sz.002225,6.7100,6.7200,6.7100,6.7200,639445,4295697.9500,3
2026-02-02,20260202093500000,sz.002225,6.6500,6.6800,6.5900,6.6500,2055500,13639164.0000,3
2026-02-02,20260202094000000,sz.002225,6.6500,6.6500,6.5800,6.6000,1509700,9975390.0000,3
2026-02-02,20260202094500000,sz.002225,6.6000,6.6200,6.5600,6.5600,1127600,7431749.0000,3
2026-02-02,20260202095000000,sz.002225,6.5600,6.5600,6.4700,6.4700,2890300,18817343.0000,3
2026-02-02,20260202095500000,sz.002225,6.4800,6.5200,6.4500,6.4900,1844700,11951006.0000,3
2026-02-02,20260202100000000,sz.002225,6.4900,6.5100,6.4700,6.4900,1025400,6653513.0000,3
2026-02-02,20260202100500000,sz.002225,6.5000,6.5100,6.4900,6.5000,541200,3516863.0000,3
2026-02-02,20260202101000000,sz.002225,6.5000,6.5300,6.4900,6.5200,371200,2415723.0000,3
2026-02-02,20260202101500000,sz.002225,6.5200,6.5200,6.4600,6.4700,1552800,10071260.0000,3
2026-02-02,20260202102000000,sz.002225,6.4600,6.4700,6.4500,6.4500,1139120,7353737.0000,3
2026-02-02,20260202102500000,sz.002225,6.4500,6.4500,6.4300,6.4400,1075580,6927011.0000,3
2026-02-02,20260202103000000,sz.002225,6.4300,6.4600,6.4300,6.4500,642400,4142654.0000,3
2026-02-02,20260202103500000,sz.002225,6.4500,6.4600,6.4100,6.4500,1519000,9769992.0000,3
2026-02-02,20260202104000000,sz.002225,6.4500,6.4600,6.4400,6.4400,927200,5977928.0000,3
2026-02-02,20260202104500000,sz.002225,6.4500,6.4600,6.4300,6.4400,446000,2874119.0000,3
2026-02-02,20260202105000000,sz.002225,6.4500,6.4800,6.4500,6.4800,617300,3988046.0000,3
2026-02-02,20260202105500000,sz.002225,6.4800,6.4900,6.4500,6.4500,626300,4052185.0000,3
2026-02-02,20260202110000000,sz.002225,6.4500,6.4600,6.4200,6.4300,441200,2839404.0000,3
2026-02-02,20260202110500000,sz.002225,6.4200,6.4300,6.4100,6.4200,393200,2525425.0000,3
2026-02-02,20260202111000000,sz.002225,6.4200,6.4300,6.4100,6.4200,621771,3989596.1100,3
2026-02-02,20260202111500000,sz.002225,6.4200,6.4400,6.4200,6.4400,359100,2307480.0000,3
2026-02-02,20260202112000000,sz.002225,6.4300,6.4400,6.4200,6.4300,250000,1608591.0000,3
2026-02-02,20260202112500000,sz.002225,6.4200,6.4300,6.4000,6.4200,1229800,7884893.2900,3
2026-02-02,20260202113000000,sz.002225,6.4100,6.4100,6.3900,6.4000,909529,5821744.6000,3
2026-02-02,20260202130500000,sz.002225,6.4000,6.4000,6.3700,6.3900,1615100,10303850.0000,3
2026-02-02,20260202131000000,sz.002225,6.3800,6.4000,6.3700,6.3900,546000,3484716.0000,3
2026-02-02,20260202131500000,sz.002225,6.3900,6.4000,6.3800,6.3900,404200,2581111.0000,3
2026-02-02,20260202132000000,sz.002225,6.3900,6.4000,6.3900,6.3900,293200,1874244.0000,3
2026-02-02,20260202132500000,sz.002225,6.3900,6.4000,6.3800,6.3900,263700,1685179.0000,3
2026-02-02,20260202133000000,sz.002225,6.3900,6.3900,6.3700,6.3800,433900,2769123.0000,3
2026-02-02,20260202133500000,sz.002225,6.3800,6.3900,6.3700,6.3700,356300,2272817.0000,3
2026-02-02,20260202134000000,sz.002225,6.3700,6.3800,6.3600,6.3600,745300,4745806.0000,3
2026-02-02,20260202134500000,sz.002225,6.3600,6.3900,6.3600,6.3700,420600,2681752.0000,3
2026-02-02,20260202135000000,sz.002225,6.3700,6.3800,6.3500,6.3600,488800,3110707.0000,3
2026-02-02,20260202135500000,sz.002225,6.3500,6.3600,6.3300,6.3300,1446500,9173482.0000,3
2026-02-02,20260202140000000,sz.002225,6.3300,6.3700,6.3300,6.3700,507300,3221937.0000,3
2026-02-02,20260202140500000,sz.002225,6.3700,6.4300,6.3700,6.4200,564900,3619169.0000,3
2026-02-02,20260202141000000,sz.002225,6.4100,6.4200,6.3900,6.4000,562600,3601192.0000,3
2026-02-02,20260202141500000,sz.002225,6.3900,6.4100,6.3700,6.3900,236700,1511561.0000,3
2026-02-02,20260202142000000,sz.002225,6.3800,6.3900,6.3600,6.3700,319800,2037116.0000,3
2026-02-02,20260202142500000,sz.002225,6.3600,6.3700,6.3500,6.3600,333200,2118707.0000,3
2026-02-02,20260202143000000,sz.002225,6.3500,6.3600,6.3300,6.3400,494400,3136967.0000,3
2026-02-02,20260202143500000,sz.002225,6.3400,6.3600,6.3400,6.3400,372300,2362342.0000,3
2026-02-02,20260202144000000,sz.002225,6.3400,6.3600,6.3300,6.3500,757800,4805998.0000,3
2026-02-02,20260202144500000,sz.002225,6.3400,6.3500,6.3200,6.3200,882300,5589154.0000,3
2026-02-02,20260202145000000,sz.002225,6.3300,6.3400,6.3100,6.3200,686700,4341076.0000,3
2026-02-02,20260202145500000,sz.002225,6.3100,6.3200,6.3000,6.3100,1324600,8354255.0000,3
2026-02-02,20260202150000000,sz.002225,6.3000,6.3100,6.2900,6.2900,851400,5359649.0000,3
2026-02-03,20260203093500000,sz.002225,6.4000,6.4000,6.2900,6.3300,2481700,15722100.5500,3
2026-02-03,20260203094000000,sz.002225,6.3100,6.3700,6.3100,6.3300,1290200,8196366.0000,3
2026-02-03,20260203094500000,sz.002225,6.3400,6.3600,6.3300,6.3300,1037800,6586972.0000,3
2026-02-03,20260203095000000,sz.002225,6.3300,6.3500,6.3000,6.3100,1374400,8683653.0000,3
2026-02-03,20260203095500000,sz.002225,6.3000,6.3100,6.2800,6.2900,1113000,7003222.0000,3
2026-02-03,20260203100000000,sz.002225,6.2900,6.3500,6.2800,6.3400,1081700,6816003.0000,3
2026-02-03,20260203100500000,sz.002225,6.3500,6.3900,6.3300,6.3600,761400,4851066.0000,3
2026-02-03,20260203101000000,sz.002225,6.3700,6.4600,6.3500,6.4400,2285700,14663564.0000,3
2026-02-03,20260203101500000,sz.002225,6.4400,6.4700,6.4200,6.4400,1512600,9747239.0000,3
2026-02-03,20260203102000000,sz.002225,6.4500,6.4500,6.4100,6.4400,728200,4681334.0000,3
2026-02-03,20260203102500000,sz.002225,6.4300,6.4500,6.4200,6.4200,315600,2030307.0000,3
2026-02-03,20260203103000000,sz.002225,6.4200,6.4500,6.4200,6.4400,997800,6419225.0000,3
2026-02-03,20260203103500000,sz.002225,6.4400,6.4400,6.4000,6.4100,702900,4510241.0000,3
2026-02-03,20260203104000000,sz.002225,6.4100,6.4600,6.4100,6.4500,773200,4976253.5300,3
2026-02-03,20260203104500000,sz.002225,6.4500,6.4800,6.4300,6.4600,1941810,12548746.3400,3
2026-02-03,20260203105000000,sz.002225,6.4500,6.4600,6.4100,6.4200,506900,3258212.0000,3
2026-02-03,20260203105500000,sz.002225,6.4200,6.4400,6.4200,6.4400,223600,1438411.0000,3
2026-02-03,20260203110000000,sz.002225,6.4400,6.4500,6.4300,6.4400,240900,1552041.0000,3
2026-02-03,20260203110500000,sz.002225,6.4400,6.4500,6.4300,6.4400,276900,1783525.0000,3
2026-02-03,20260203111000000,sz.002225,6.4500,6.4500,6.4300,6.4400,160800,1034554.0000,3
2026-02-03,20260203111500000,sz.002225,6.4400,6.4400,6.4100,6.4300,381400,2449903.0000,3
2026-02-03,20260203112000000,sz.002225,6.4200,6.4700,6.4200,6.4700,563000,3632253.0000,3
2026-02-03,20260203112500000,sz.002225,6.4600,6.4700,6.4500,6.4500,141700,914736.0000,3
2026-02-03,20260203113000000,sz.002225,6.4500,6.4600,6.4400,6.4600,299700,1933116.0000,3
2026-02-03,20260203130500000,sz.002225,6.4400,6.4700,6.4400,6.4600,602600,3888125.0000,3
2026-02-03,20260203131000000,sz.002225,6.4500,6.4900,6.4500,6.4600,836500,5412850.0000,3
2026-02-03,20260203131500000,sz.002225,6.4600,6.4900,6.4500,6.4800,480600,3110361.0000,3
2026-02-03,20260203132000000,sz.002225,6.4800,6.5100,6.4700,6.5000,1147400,7450560.0000,3
2026-02-03,20260203132500000,sz.002225,6.4900,6.5200,6.4900,6.5000,665800,4332302.0000,3
2026-02-03,20260203133000000,sz.002225,6.5000,6.5300,6.5000,6.5100,1094500,7137412.0000,3
2026-02-03,20260203133500000,sz.002225,6.5200,6.5400,6.5100,6.5100,836600,5457734.0000,3
2026-02-03,20260203134000000,sz.002225,6.5100,6.5400,6.5100,6.5400,352800,2302963.0000,3
2026-02-03,20260203134500000,sz.002225,6.5300,6.5500,6.5300,6.5400,551900,3609859.0000,3
2026-02-03,20260203135000000,sz.002225,6.5300,6.5500,6.5300,6.5500,400100,2616328.0000,3
2026-02-03,20260203135500000,sz.002225,6.5500,6.5500,6.5300,6.5500,643700,4210150.0000,3
2026-02-03,20260203140000000,sz.002225,6.5500,6.5500,6.5300,6.5300,136500,892146.0000,3
2026-02-03,20260203140500000,sz.002225,6.5300,6.5700,6.5200,6.5600,1516100,9924218.0000,3
2026-02-03,20260203141000000,sz.002225,6.5600,6.5600,6.5500,6.5600,441500,2893416.0000,3
2026-02-03,20260203141500000,sz.002225,6.5600,6.5600,6.5400,6.5400,842600,5517769.0000,3
2026-02-03,20260203142000000,sz.002225,6.5400,6.5500,6.5300,6.5400,250900,1640425.0000,3
2026-02-03,20260203142500000,sz.002225,6.5400,6.5600,6.5300,6.5500,809400,5301743.0000,3
2026-02-03,20260203143000000,sz.002225,6.5500,6.5600,6.5400,6.5600,260100,1704096.0000,3
2026-02-03,20260203143500000,sz.002225,6.5600,6.5600,6.5300,6.5500,542600,3550864.0000,3
2026-02-03,20260203144000000,sz.002225,6.5500,6.5500,6.5400,6.5500,224400,1469044.0000,3
2026-02-03,20260203144500000,sz.002225,6.5500,6.5500,6.5300,6.5400,319600,2090939.0000,3
2026-02-03,20260203145000000,sz.002225,6.5400,6.5500,6.5300,6.5400,466000,3047905.0000,3
2026-02-03,20260203145500000,sz.002225,6.5400,6.5500,6.5300,6.5500,568300,3719027.0000,3
2026-02-03,20260203150000000,sz.002225,6.5500,6.5600,6.5400,6.5500,648500,4245591.0000,3
2026-02-04,20260204093500000,sz.002225,6.5700,6.5800,6.4900,6.5200,1902600,12444368.0000,3
2026-02-04,20260204094000000,sz.002225,6.5200,6.5600,6.5000,6.5400,1430700,9343238.0000,3
2026-02-04,20260204094500000,sz.002225,6.5400,6.6000,6.5400,6.5700,1396785,9191361.3000,3
2026-02-04,20260204095000000,sz.002225,6.5700,6.5800,6.5100,6.5400,933100,6108707.0000,3
2026-02-04,20260204095500000,sz.002225,6.5400,6.5700,6.5300,6.5300,496000,3248420.0000,3
2026-02-04,20260204100000000,sz.002225,6.5500,6.5800,6.5400,6.5800,391700,2565980.0000,3
2026-02-04,20260204100500000,sz.002225,6.5700,6.6200,6.5700,6.6100,1320100,8706769.0000,3
2026-02-04,20260204101000000,sz.002225,6.6000,6.6400,6.5900,6.6200,1481738,9800831.5600,3
2026-02-04,20260204101500000,sz.002225,6.6100,6.6300,6.6000,6.6000,500800,3312579.0000,3
2026-02-04,20260204102000000,sz.002225,6.6000,6.6200,6.6000,6.6100,357300,2362119.0000,3
2026-02-04,20260204102500000,sz.002225,6.6000,6.6100,6.5900,6.6000,246000,1624074.0000,3
2026-02-04,20260204103000000,sz.002225,6.5900,6.6100,6.5800,6.5900,363000,2393759.0000,3
2026-02-04,20260204103500000,sz.002225,6.5900,6.6600,6.5900,6.6300,1428900,9481203.0000,3
2026-02-04,20260204104000000,sz.002225,6.6300,6.6400,6.6200,6.6200,479200,3176026.0000,3
2026-02-04,20260204104500000,sz.002225,6.6200,6.6400,6.6200,6.6300,338000,2239738.0000,3
2026-02-04,20260204105000000,sz.002225,6.6200,6.6300,6.6000,6.6000,307600,2035009.0000,3
2026-02-04,20260204105500000,sz.002225,6.6000,6.6000,6.5800,6.6000,483700,3190779.0000,3
2026-02-04,20260204110000000,sz.002225,6.5900,6.6000,6.5800,6.5800,255500,1684075.0000,3
2026-02-04,20260204110500000,sz.002225,6.5800,6.6000,6.5800,6.5900,301800,1988274.0000,3
2026-02-04,20260204111000000,sz.002225,6.5900,6.5900,6.5800,6.5900,127200,837199.0000,3
2026-02-04,20260204111500000,sz.002225,6.5800,6.5900,6.5600,6.5600,271000,1782039.0000,3
2026-02-04,20260204112000000,sz.002225,6.5600,6.5700,6.5500,6.5500,521800,3419690.0000,3
2026-02-04,20260204112500000,sz.002225,6.5500,6.5900,6.5500,6.5700,234300,1538928.0000,3
2026-02-04,20260204113000000,sz.002225,6.5700,6.5700,6.5500,6.5500,302400,1981771.0000,3
2026-02-04,20260204130500000,sz.002225,6.5700,6.6000,6.5600,6.5600,539400,3544533.0000,3
2026-02-04,20260204131000000,sz.002225,6.5600,6.5700,6.5400,6.5500,319700,2095141.0000,3
2026-02-04,20260204131500000,sz.002225,6.5400,6.5600,6.5400,6.5500,190800,1249684.0000,3
2026-02-04,20260204132000000,sz.002225,6.5400,6.5800,6.5400,6.5700,483400,3166654.0000,3
2026-02-04,20260204132500000,sz.002225,6.5700,6.6100,6.5700,6.5900,253500,1670537.0000,3
2026-02-04,20260204133000000,sz.002225,6.5900,6.6000,6.5800,6.5900,604600,3984505.0000,3
2026-02-04,20260204133500000,sz.002225,6.5800,6.6200,6.5700,6.5700,992800,6541631.0000,3
2026-02-04,20260204134000000,sz.002225,6.5700,6.5800,6.5500,6.5700,764900,5017751.0000,3
2026-02-04,20260204134500000,sz.002225,6.5700,6.5800,6.5600,6.5800,106100,697296.0000,3
2026-02-04,20260204135000000,sz.002225,6.5700,6.5900,6.5700,6.5800,83609,549862.1300,3
2026-02-04,20260204135500000,sz.002225,6.5700,6.5700,6.5500,6.5600,204591,1342694.8700,3
2026-02-04,20260204140000000,sz.002225,6.5500,6.5600,6.5400,6.5400,418201,2738055.5400,3
2026-02-04,20260204140500000,sz.002225,6.5400,6.5500,6.5300,6.5500,177000,1157739.0000,3
2026-02-04,20260204141000000,sz.002225,6.5400,6.5500,6.5400,6.5400,164300,1075828.0000,3
2026-02-04,20260204141500000,sz.002225,6.5500,6.5700,6.5400,6.5600,297400,1949064.0000,3
2026-02-04,20260204142000000,sz.002225,6.5600,6.5700,6.5600,6.5700,201800,1324931.0000,3
2026-02-04,20260204142500000,sz.002225,6.5600,6.5900,6.5600,6.5900,298100,1960648.0000,3
2026-02-04,20260204143000000,sz.002225,6.5800,6.5900,6.5700,6.5700,185900,1223638.0000,3
2026-02-04,20260204143500000,sz.002225,6.5700,6.5900,6.5700,6.5800,721000,4737033.0000,3
2026-02-04,20260204144000000,sz.002225,6.5700,6.5900,6.5700,6.5800,246400,1621574.0000,3
2026-02-04,20260204144500000,sz.002225,6.5700,6.6000,6.5700,6.5800,877100,5767142.0000,3
2026-02-04,20260204145000000,sz.002225,6.5800,6.6000,6.5800,6.5900,403100,2656496.0000,3
2026-02-04,20260204145500000,sz.002225,6.5800,6.6000,6.5700,6.5700,568600,3745593.0000,3
2026-02-04,20260204150000000,sz.002225,6.5800,6.5900,6.5600,6.5800,369200,2428168.0000,3
2026-02-05,20260205093500000,sz.002225,6.5300,6.5900,6.4800,6.5900,2712900,17715909.0000,3
2026-02-05,20260205094000000,sz.002225,6.5900,6.5900,6.5300,6.5400,763000,5004543.0000,3
2026-02-05,20260205094500000,sz.002225,6.5400,6.5700,6.5200,6.5600,853600,5578190.0000,3
2026-02-05,20260205095000000,sz.002225,6.5700,6.5800,6.5300,6.5500,714900,4685993.0000,3
2026-02-05,20260205095500000,sz.002225,6.5500,6.5600,6.5300,6.5300,555400,3637714.0000,3
2026-02-05,20260205100000000,sz.002225,6.5300,6.5400,6.5100,6.5100,629000,4104950.0000,3
2026-02-05,20260205100500000,sz.002225,6.5100,6.5400,6.5100,6.5400,647600,4218978.0000,3
2026-02-05,20260205101000000,sz.002225,6.5400,6.5400,6.5100,6.5400,249500,1628699.0000,3
2026-02-05,20260205101500000,sz.002225,6.5300,6.5500,6.5200,6.5200,477800,3123554.0000,3
2026-02-05,20260205102000000,sz.002225,6.5200,6.5300,6.4900,6.4900,854400,5560958.0000,3
2026-02-05,20260205102500000,sz.002225,6.5000,6.5200,6.4900,6.5000,563200,3661669.0000,3
2026-02-05,20260205103000000,sz.002225,6.5000,6.5100,6.4700,6.4700,684100,4439003.0000,3
2026-02-05,20260205103500000,sz.002225,6.4700,6.5000,6.4700,6.5000,294200,1908831.0000,3
2026-02-05,20260205104000000,sz.002225,6.5000,6.5300,6.4900,6.5200,295000,1920698.0000,3
2026-02-05,20260205104500000,sz.002225,6.5200,6.5200,6.4900,6.5100,246400,1603518.0000,3
2026-02-05,20260205105000000,sz.002225,6.5100,6.5200,6.4800,6.4900,427200,2775870.0000,3
2026-02-05,20260205105500000,sz.002225,6.4800,6.4900,6.4600,6.4700,367100,2376055.0000,3
2026-02-05,20260205110000000,sz.002225,6.4600,6.4900,6.4600,6.4800,497000,3217554.0000,3
2026-02-05,20260205110500000,sz.002225,6.4800,6.5100,6.4800,6.5000,496000,3222696.0000,3
2026-02-05,20260205111000000,sz.002225,6.5100,6.5100,6.4900,6.5100,224300,1458122.0000,3
2026-02-05,20260205111500000,sz.002225,6.5100,6.5100,6.4800,6.4800,166500,1081628.0000,3
2026-02-05,20260205112000000,sz.002225,6.4900,6.4900,6.4700,6.4800,168000,1088400.0000,3
2026-02-05,20260205112500000,sz.002225,6.4800,6.5100,6.4800,6.5100,103300,670869.0000,3
2026-02-05,20260205113000000,sz.002225,6.5000,6.5100,6.4800,6.4900,132209,858095.5000,3
2026-02-05,20260205130500000,sz.002225,6.4800,6.5000,6.4700,6.4800,341000,2210099.0000,3
2026-02-05,20260205131000000,sz.002225,6.4700,6.4800,6.4500,6.4500,549800,3552784.0000,3
2026-02-05,20260205131500000,sz.002225,6.4500,6.4700,6.4500,6.4600,158100,1021436.0000,3
2026-02-05,20260205132000000,sz.002225,6.4600,6.4700,6.4600,6.4600,74000,478185.0000,3
2026-02-05,20260205132500000,sz.002225,6.4600,6.4800,6.4600,6.4700,253100,1637570.0000,3
2026-02-05,20260205133000000,sz.002225,6.4700,6.4800,6.4600,6.4700,169100,1093343.0000,3
2026-02-05,20260205133500000,sz.002225,6.4700,6.4800,6.4600,6.4600,628300,4061595.0000,3
2026-02-05,20260205134000000,sz.002225,6.4500,6.4800,6.4500,6.4800,220300,1422966.0000,3
2026-02-05,20260205134500000,sz.002225,6.4700,6.4900,6.4700,6.4900,118700,769200.0000,3
2026-02-05,20260205135000000,sz.002225,6.4900,6.5000,6.4900,6.5000,165200,1072278.0000,3
2026-02-05,20260205135500000,sz.002225,6.4900,6.5000,6.4800,6.4900,283800,1840781.0000,3
2026-02-05,20260205140000000,sz.002225,6.4800,6.4900,6.4700,6.4700,497700,3225205.0000,3
2026-02-05,20260205140500000,sz.002225,6.4700,6.5000,6.4700,6.4900,458600,2970267.0000,3
2026-02-05,20260205141000000,sz.002225,6.4900,6.5000,6.4800,6.5000,169900,1101925.0000,3
2026-02-05,20260205141500000,sz.002225,6.4900,6.5200,6.4900,6.5000,470400,3060384.0000,3
2026-02-05,20260205142000000,sz.002225,6.4900,6.4900,6.4700,6.4700,155600,1008601.0000,3
2026-02-05,20260205142500000,sz.002225,6.4700,6.4800,6.4600,6.4700,237100,1533989.0000,3
2026-02-05,20260205143000000,sz.002225,6.4600,6.4800,6.4600,6.4700,196000,1267934.0000,3
2026-02-05,20260205143500000,sz.002225,6.4700,6.4800,6.4600,6.4800,317100,2053354.0000,3
2026-02-05,20260205144000000,sz.002225,6.4700,6.4800,6.4600,6.4700,274900,1778642.0000,3
2026-02-05,20260205144500000,sz.002225,6.4700,6.4800,6.4600,6.4700,215800,1396533.0000,3
2026-02-05,20260205145000000,sz.002225,6.4700,6.4800,6.4700,6.4800,332000,2150603.0000,3
2026-02-05,20260205145500000,sz.002225,6.4700,6.4800,6.4600,6.4600,707000,4576313.0000,3
2026-02-05,20260205150000000,sz.002225,6.4700,6.4800,6.4600,6.4600,302200,1952631.0000,3
2026-02-06,20260206093500000,sz.002225,6.4100,6.4300,6.3200,6.3500,2107000,13414967.0000,3
2026-02-06,20260206094000000,sz.002225,6.3600,6.4200,6.3400,6.4000,1081000,6906504.0000,3
2026-02-06,20260206094500000,sz.002225,6.4100,6.4300,6.4000,6.4000,543100,3483495.0000,3
2026-02-06,20260206095000000,sz.002225,6.4100,6.4300,6.4000,6.4200,460200,2952211.0000,3
2026-02-06,20260206095500000,sz.002225,6.4200,6.4500,6.4100,6.4400,638900,4108990.0000,3
2026-02-06,20260206100000000,sz.002225,6.4500,6.4600,6.4300,6.4500,589400,3800610.0000,3
2026-02-06,20260206100500000,sz.002225,6.4400,6.4500,6.4200,6.4300,540400,3478545.0000,3
2026-02-06,20260206101000000,sz.002225,6.4300,6.4500,6.4000,6.4400,510800,3281436.0000,3
2026-02-06,20260206101500000,sz.002225,6.4500,6.4900,6.4400,6.4600,1001800,6482059.0000,3
2026-02-06,20260206102000000,sz.002225,6.4600,6.5000,6.4500,6.4900,420600,2726740.0000,3
2026-02-06,20260206102500000,sz.002225,6.4900,6.5100,6.4800,6.4900,568600,3694653.0000,3
2026-02-06,20260206103000000,sz.002225,6.5000,6.5000,6.4800,6.4900,299300,1940428.0000,3
2026-02-06,20260206103500000,sz.002225,6.4900,6.4900,6.4700,6.4800,217100,1406743.0000,3
2026-02-06,20260206104000000,sz.002225,6.4700,6.4900,6.4700,6.4900,244900,1587396.0000,3
2026-02-06,20260206104500000,sz.002225,6.4800,6.4900,6.4800,6.4800,113500,736117.0000,3
2026-02-06,20260206105000000,sz.002225,6.4800,6.5000,6.4800,6.4900,252400,1637668.0000,3
2026-02-06,20260206105500000,sz.002225,6.4900,6.4900,6.4700,6.4800,265100,1716872.0000,3
2026-02-06,20260206110000000,sz.002225,6.4700,6.4800,6.4600,6.4800,204800,1325108.0000,3
2026-02-06,20260206110500000,sz.002225,6.4700,6.4800,6.4600,6.4800,269600,1744016.0000,3
2026-02-06,20260206111000000,sz.002225,6.4700,6.4800,6.4700,6.4800,131300,850281.0000,3
2026-02-06,20260206111500000,sz.002225,6.4700,6.4800,6.4600,6.4700,138400,895221.0000,3
2026-02-06,20260206112000000,sz.002225,6.4600,6.4800,6.4600,6.4700,288300,1864672.0000,3
2026-02-06,20260206112500000,sz.002225,6.4600,6.4700,6.4500,6.4500,168500,1088988.0000,3
2026-02-06,20260206113000000,sz.002225,6.4500,6.4600,6.4400,6.4500,208800,1346958.0000,3
2026-02-06,20260206130500000,sz.002225,6.4600,6.4600,6.4400,6.4500,171600,1106961.0000,3
2026-02-06,20260206131000000,sz.002225,6.4600,6.4600,6.4400,6.4500,177100,1142421.0000,3
2026-02-06,20260206131500000,sz.002225,6.4400,6.4500,6.4300,6.4400,245900,1583680.0000,3
2026-02-06,20260206132000000,sz.002225,6.4400,6.4400,6.4100,6.4200,409200,2627525.0000,3
2026-02-06,20260206132500000,sz.002225,6.4200,6.4200,6.4100,6.4200,305100,1956740.0000,3
2026-02-06,20260206133000000,sz.002225,6.4100,6.4200,6.4000,6.4200,321600,2062064.0000,3
2026-02-06,20260206133500000,sz.002225,6.4200,6.4300,6.4100,6.4200,213400,1369865.0000,3
2026-02-06,20260206134000000,sz.002225,6.4200,6.4200,6.4100,6.4200,163200,1047479.0000,3
2026-02-06,20260206134500000,sz.002225,6.4100,6.4200,6.4000,6.4100,456800,2928288.0000,3
2026-02-06,20260206135000000,sz.002225,6.4100,6.4100,6.3900,6.4000,352100,2254450.0000,3
2026-02-06,20260206135500000,sz.002225,6.3900,6.4200,6.3900,6.4100,423700,2712798.0000,3
2026-02-06,20260206140000000,sz.002225,6.4100,6.4300,6.4100,6.4200,123100,789861.0000,3
2026-02-06,20260206140500000,sz.002225,6.4200,6.4400,6.4200,6.4200,192700,1238485.0000,3
2026-02-06,20260206141000000,sz.002225,6.4200,6.4200,6.4000,6.4000,359600,2305450.0000,3
2026-02-06,20260206141500000,sz.002225,6.4000,6.4100,6.3900,6.3900,705500,4513877.0000,3
2026-02-06,20260206142000000,sz.002225,6.3900,6.4100,6.3800,6.4100,176300,1127802.0000,3
2026-02-06,20260206142500000,sz.002225,6.4000,6.4000,6.3800,6.3900,239800,1533244.0000,3
2026-02-06,20260206143000000,sz.002225,6.3800,6.3900,6.3700,6.3900,632300,4035253.0000,3
2026-02-06,20260206143500000,sz.002225,6.3800,6.3900,6.3700,6.3800,551500,3518217.0000,3
2026-02-06,20260206144000000,sz.002225,6.3700,6.3800,6.3600,6.3600,548700,3494228.0000,3
2026-02-06,20260206144500000,sz.002225,6.3600,6.3700,6.3600,6.3600,536200,3411604.0000,3
2026-02-06,20260206145000000,sz.002225,6.3600,6.3700,6.3500,6.3500,562100,3574126.0000,3
2026-02-06,20260206145500000,sz.002225,6.3500,6.3600,6.3400,6.3400,1253200,7955911.0000,3
2026-02-06,20260206150000000,sz.002225,6.3400,6.3600,6.3400,6.3500,394100,2502320.0000,3
2026-02-09,20260209093500000,sz.002225,6.4700,6.4800,6.3800,6.4000,2312100,14893471.0000,3
2026-02-09,20260209094000000,sz.002225,6.4100,6.4400,6.4000,6.4000,1350600,8661043.0000,3
2026-02-09,20260209094500000,sz.002225,6.4000,6.4200,6.3900,6.4200,1339800,8580879.0000,3
2026-02-09,20260209095000000,sz.002225,6.4200,6.4300,6.4100,6.4100,725500,4654432.0000,3
2026-02-09,20260209095500000,sz.002225,6.4000,6.4100,6.3800,6.4000,1170700,7484454.0000,3
2026-02-09,20260209100000000,sz.002225,6.4000,6.4100,6.3800,6.4000,735400,4697159.0000,3
2026-02-09,20260209100500000,sz.002225,6.3900,6.3900,6.3700,6.3900,412000,2628691.0000,3
2026-02-09,20260209101000000,sz.002225,6.3800,6.4000,6.3700,6.4000,589000,3763212.0000,3
2026-02-09,20260209101500000,sz.002225,6.4000,6.4100,6.4000,6.4100,324900,2082340.0000,3
2026-02-09,20260209102000000,sz.002225,6.4100,6.4100,6.3900,6.4000,319800,2046089.0000,3
2026-02-09,20260209102500000,sz.002225,6.4000,6.4000,6.3900,6.4000,427300,2733578.0000,3
2026-02-09,20260209103000000,sz.002225,6.4000,6.4000,6.3900,6.4000,276100,1765815.0000,3
2026-02-09,20260209103500000,sz.002225,6.4000,6.4000,6.3800,6.3800,399400,2552127.0000,3
2026-02-09,20260209104000000,sz.002225,6.3900,6.4000,6.3800,6.3900,142900,913302.0000,3
2026-02-09,20260209104500000,sz.002225,6.3900,6.4000,6.3800,6.4000,138100,883443.0000,3
2026-02-09,20260209105000000,sz.002225,6.4000,6.4000,6.3900,6.4000,171700,1097843.0000,3
2026-02-09,20260209105500000,sz.002225,6.4000,6.4000,6.3800,6.3900,319500,2041916.0000,3
2026-02-09,20260209110000000,sz.002225,6.3900,6.4000,6.3700,6.3700,973000,6208252.0000,3
2026-02-09,20260209110500000,sz.002225,6.3800,6.3800,6.3600,6.3700,768200,4891782.0000,3
2026-02-09,20260209111000000,sz.002225,6.3700,6.3800,6.3600,6.3800,297000,1891789.0000,3
2026-02-09,20260209111500000,sz.002225,6.3700,6.3800,6.3700,6.3800,219700,1400786.0000,3
2026-02-09,20260209112000000,sz.002225,6.3700,6.4000,6.3700,6.3900,786900,5020682.0000,3
2026-02-09,20260209112500000,sz.002225,6.3900,6.3900,6.3700,6.3700,233300,1488013.0000,3
2026-02-09,20260209113000000,sz.002225,6.3700,6.3900,6.3700,6.3700,258600,1648308.0000,3
2026-02-09,20260209130500000,sz.002225,6.3700,6.3700,6.3200,6.3400,1232100,7813214.0000,3
2026-02-09,20260209131000000,sz.002225,6.3500,6.3500,6.3300,6.3400,228800,1450184.0000,3
2026-02-09,20260209131500000,sz.002225,6.3300,6.3400,6.3300,6.3300,248900,1575770.0000,3
2026-02-09,20260209132000000,sz.002225,6.3300,6.3400,6.3300,6.3300,101800,644552.0000,3
2026-02-09,20260209132500000,sz.002225,6.3300,6.3600,6.3300,6.3600,528700,3355403.0000,3
2026-02-09,20260209133000000,sz.002225,6.3600,6.3700,6.3500,6.3600,358200,2278399.0000,3
2026-02-09,20260209133500000,sz.002225,6.3600,6.3600,6.3500,6.3600,227300,1445150.0000,3
2026-02-09,20260209134000000,sz.002225,6.3600,6.3600,6.3500,6.3500,156099,991844.6500,3
2026-02-09,20260209134500000,sz.002225,6.3600,6.3600,6.3500,6.3500,175995,1118123.2500,3
2026-02-09,20260209135000000,sz.002225,6.3600,6.3700,6.3500,6.3700,594506,3778890.1000,3
2026-02-09,20260209135500000,sz.002225,6.3700,6.3700,6.3500,6.3700,218500,1389629.0000,3
2026-02-09,20260209140000000,sz.002225,6.3700,6.3700,6.3600,6.3600,104300,663713.0000,3
2026-02-09,20260209140500000,sz.002225,6.3600,6.3700,6.3600,6.3700,107700,685320.0000,3
2026-02-09,20260209141000000,sz.002225,6.3700,6.3700,6.3500,6.3600,423200,2691552.0000,3
2026-02-09,20260209141500000,sz.002225,6.3600,6.3700,6.3500,6.3600,237400,1510042.0000,3
2026-02-09,20260209142000000,sz.002225,6.3600,6.3600,6.3500,6.3500,538700,3421558.0000,3
2026-02-09,20260209142500000,sz.002225,6.3500,6.3700,6.3500,6.3700,288700,1836201.0000,3
2026-02-09,20260209143000000,sz.002225,6.3600,6.3700,6.3500,6.3600,116600,741576.0000,3
2026-02-09,20260209143500000,sz.002225,6.3500,6.3700,6.3500,6.3600,230700,1466917.0000,3
2026-02-09,20260209144000000,sz.002225,6.3600,6.3700,6.3500,6.3600,295000,1876382.0000,3
2026-02-09,20260209144500000,sz.002225,6.3700,6.3700,6.3600,6.3700,297300,1892835.0000,3
2026-02-09,20260209145000000,sz.002225,6.3600,6.4300,6.3600,6.4200,2870500,18356736.0000,3
2026-02-09,20260209145500000,sz.002225,6.4200,6.4200,6.4000,6.4000,1555300,9971659.0000,3
2026-02-09,20260209150000000,sz.002225,6.4100,6.4200,6.4000,6.4100,472000,3025061.0000,3
2026-02-10,20260210093500000,sz.002225,6.4100,6.4300,6.3600,6.3700,1051700,6709502.0000,3
2026-02-10,20260210094000000,sz.002225,6.3600,6.3600,6.3300,6.3500,1719300,10912662.0000,3
2026-02-10,20260210094500000,sz.002225,6.3400,6.3900,6.3400,6.3600,575200,3665004.0000,3
2026-02-10,20260210095000000,sz.002225,6.3600,6.3700,6.3300,6.3700,966700,6138390.0000,3
2026-02-10,20260210095500000,sz.002225,6.3700,6.3700,6.3400,6.3500,545000,3462427.0000,3
2026-02-10,20260210100000000,sz.002225,6.3600,6.3700,6.3500,6.3700,504000,3205873.0000,3
2026-02-10,20260210100500000,sz.002225,6.3700,6.3900,6.3600,6.3900,343700,2190074.0000,3
2026-02-10,20260210101000000,sz.002225,6.3900,6.3900,6.3600,6.3600,460700,2936833.0000,3
2026-02-10,20260210101500000,sz.002225,6.3700,6.4200,6.3600,6.4200,844200,5398884.0000,3
2026-02-10,20260210102000000,sz.002225,6.4200,6.4300,6.4000,6.4000,890000,5707969.0000,3
2026-02-10,20260210102500000,sz.002225,6.4100,6.4200,6.4000,6.4100,420300,2694425.0000,3
2026-02-10,20260210103000000,sz.002225,6.4200,6.4200,6.3800,6.3800,689100,4404388.0000,3
2026-02-10,20260210103500000,sz.002225,6.3800,6.3900,6.3700,6.3700,277200,1768700.0000,3
2026-02-10,20260210104000000,sz.002225,6.3700,6.3700,6.3600,6.3700,301100,1916125.0000,3
2026-02-10,20260210104500000,sz.002225,6.3700,6.3700,6.3500,6.3500,533700,3391903.0000,3
2026-02-10,20260210105000000,sz.002225,6.3500,6.3600,6.3400,6.3500,462300,2934948.0000,3
2026-02-10,20260210105500000,sz.002225,6.3500,6.3700,6.3400,6.3700,449400,2854354.0000,3
2026-02-10,20260210110000000,sz.002225,6.3700,6.4000,6.3600,6.3800,913500,5837675.0000,3
2026-02-10,20260210110500000,sz.002225,6.3900,6.4200,6.3700,6.3900,600700,3841242.0000,3
2026-02-10,20260210111000000,sz.002225,6.3800,6.3900,6.3800,6.3800,116900,745831.0000,3
2026-02-10,20260210111500000,sz.002225,6.3800,6.3800,6.3700,6.3700,65100,415095.0000,3
2026-02-10,20260210112000000,sz.002225,6.3700,6.3900,6.3700,6.3800,77600,495643.0000,3
2026-02-10,20260210112500000,sz.002225,6.3800,6.3900,6.3800,6.3800,168200,1073319.0000,3
2026-02-10,20260210113000000,sz.002225,6.3800,6.3900,6.3800,6.3800,35700,227870.0000,3
2026-02-10,20260210130500000,sz.002225,6.3800,6.3900,6.3700,6.3700,264310,1686347.7000,3
2026-02-10,20260210131000000,sz.002225,6.3800,6.3800,6.3700,6.3700,147200,938382.0000,3
2026-02-10,20260210131500000,sz.002225,6.3700,6.3900,6.3700,6.3900,284300,1813823.0000,3
2026-02-10,20260210132000000,sz.002225,6.4000,6.4200,6.3900,6.4000,806600,5168094.0000,3
2026-02-10,20260210132500000,sz.002225,6.4100,6.4100,6.3900,6.3900,172200,1102529.0000,3
2026-02-10,20260210133000000,sz.002225,6.3900,6.4000,6.3900,6.3900,85600,547068.0000,3
2026-02-10,20260210133500000,sz.002225,6.3900,6.4000,6.3800,6.4000,160100,1023007.0000,3
2026-02-10,20260210134000000,sz.002225,6.4000,6.4200,6.3900,6.4100,704395,4510835.9500,3
2026-02-10,20260210134500000,sz.002225,6.4100,6.4100,6.3900,6.3900,157700,1009468.0000,3
2026-02-10,20260210135000000,sz.002225,6.3900,6.4000,6.3800,6.3900,364900,2331871.0000,3
2026-02-10,20260210135500000,sz.002225,6.3900,6.4000,6.3900,6.4000,43700,279616.0000,3
2026-02-10,20260210140000000,sz.002225,6.4000,6.4000,6.3900,6.4000,87900,562144.0000,3
2026-02-10,20260210140500000,sz.002225,6.4000,6.4100,6.3900,6.3900,213300,1365115.0000,3
2026-02-10,20260210141000000,sz.002225,6.3900,6.4100,6.3900,6.4000,237300,1518367.0000,3
2026-02-10,20260210141500000,sz.002225,6.4000,6.4000,6.3900,6.3900,75900,485640.0000,3
2026-02-10,20260210142000000,sz.002225,6.3900,6.4000,6.3900,6.3900,185200,1183669.0000,3
2026-02-10,20260210142500000,sz.002225,6.3900,6.3900,6.3800,6.3800,174800,1116644.0000,3
2026-02-10,20260210143000000,sz.002225,6.3800,6.4000,6.3800,6.3900,236200,1509148.0000,3
2026-02-10,20260210143500000,sz.002225,6.3900,6.3900,6.3700,6.3800,345700,2205680.0000,3
2026-02-10,20260210144000000,sz.002225,6.3700,6.3800,6.3700,6.3800,116600,743635.0000,3
2026-02-10,20260210144500000,sz.002225,6.3800,6.3800,6.3700,6.3700,176400,1124325.0000,3
2026-02-10,20260210145000000,sz.002225,6.3700,6.3900,6.3700,6.3800,866800,5531899.0000,3
2026-02-10,20260210145500000,sz.002225,6.3700,6.3900,6.3700,6.3700,513900,3275413.0000,3
2026-02-10,20260210150000000,sz.002225,6.3700,6.3800,6.3700,6.3800,294800,1879767.0000,3
2026-02-11,20260211093500000,sz.002225,6.4000,6.4800,6.3600,6.4800,2674100,17215696.0000,3
2026-02-11,20260211094000000,sz.002225,6.4700,6.5000,6.4300,6.4400,1668100,10806673.0000,3
2026-02-11,20260211094500000,sz.002225,6.4500,6.5000,6.4400,6.4900,1168800,7564371.0000,3
2026-02-11,20260211095000000,sz.002225,6.4900,6.5500,6.4700,6.5500,2181200,14219017.0000,3
2026-02-11,20260211095500000,sz.002225,6.5500,6.5500,6.5200,6.5200,903100,5907778.0000,3
2026-02-11,20260211100000000,sz.002225,6.5200,6.5500,6.5200,6.5400,722600,4722373.0000,3
2026-02-11,20260211100500000,sz.002225,6.5500,6.5700,6.5500,6.5500,1507800,9892337.0000,3
2026-02-11,20260211101000000,sz.002225,6.5500,6.5600,6.5300,6.5400,648100,4242954.0000,3
2026-02-11,20260211101500000,sz.002225,6.5400,6.5500,6.5200,6.5300,382600,2500127.0000,3
2026-02-11,20260211102000000,sz.002225,6.5200,6.5500,6.5200,6.5500,718700,4698651.0000,3
2026-02-11,20260211102500000,sz.002225,6.5600,6.5600,6.5100,6.5100,626700,4094027.0000,3
2026-02-11,20260211103000000,sz.002225,6.5100,6.5100,6.5000,6.5000,412900,2686763.0000,3
2026-02-11,20260211103500000,sz.002225,6.5000,6.5300,6.5000,6.5200,622500,4054285.0000,3
2026-02-11,20260211104000000,sz.002225,6.5100,6.5200,6.5100,6.5100,402000,2619488.0000,3
2026-02-11,20260211104500000,sz.002225,6.5100,6.5500,6.5100,6.5500,846100,5526033.0000,3
2026-02-11,20260211105000000,sz.002225,6.5400,6.5500,6.5300,6.5400,473700,3100575.0000,3
2026-02-11,20260211105500000,sz.002225,6.5400,6.5500,6.5400,6.5500,704900,4614103.0000,3
2026-02-11,20260211110000000,sz.002225,6.5500,6.5600,6.5400,6.5500,451200,2955256.0000,3
2026-02-11,20260211110500000,sz.002225,6.5500,6.5500,6.5300,6.5300,413500,2703975.0000,3
2026-02-11,20260211111000000,sz.002225,6.5300,6.5400,6.5200,6.5200,296300,1934250.0000,3
2026-02-11,20260211111500000,sz.002225,6.5200,6.5300,6.5100,6.5100,286200,1865540.0000,3
2026-02-11,20260211112000000,sz.002225,6.5200,6.5300,6.5000,6.5100,412500,2686158.0000,3
2026-02-11,20260211112500000,sz.002225,6.5100,6.5200,6.5000,6.5000,345700,2248192.0000,3
2026-02-11,20260211113000000,sz.002225,6.5000,6.5200,6.5000,6.5100,138500,902046.0000,3
2026-02-11,20260211130500000,sz.002225,6.5200,6.5200,6.4800,6.4900,660300,4289586.0000,3
2026-02-11,20260211131000000,sz.002225,6.4800,6.4900,6.4800,6.4800,107200,694901.0000,3
2026-02-11,20260211131500000,sz.002225,6.4800,6.4900,6.4700,6.4700,514900,3336384.0000,3
2026-02-11,20260211132000000,sz.002225,6.4700,6.4700,6.4600,6.4600,657900,4253820.0000,3
2026-02-11,20260211132500000,sz.002225,6.4600,6.4700,6.4600,6.4600,266600,1724129.0000,3
2026-02-11,20260211133000000,sz.002225,6.4600,6.4700,6.4600,6.4600,146500,947524.0000,3
2026-02-11,20260211133500000,sz.002225,6.4600,6.4600,6.4500,6.4600,416300,2689070.0000,3
2026-02-11,20260211134000000,sz.002225,6.4600,6.4700,6.4500,6.4500,278800,1800991.0000,3
2026-02-11,20260211134500000,sz.002225,6.4500,6.4600,6.4500,6.4600,64100,413860.0000,3
2026-02-11,20260211135000000,sz.002225,6.4600,6.4600,6.4500,6.4500,63200,408141.0000,3
2026-02-11,20260211135500000,sz.002225,6.4500,6.4600,6.4500,6.4500,356000,2296384.0000,3
2026-02-11,20260211140000000,sz.002225,6.4500,6.4500,6.4300,6.4300,619800,3990992.0000,3
2026-02-11,20260211140500000,sz.002225,6.4300,6.4400,6.4300,6.4400,142400,916675.0000,3
2026-02-11,20260211141000000,sz.002225,6.4400,6.4400,6.4300,6.4300,206100,1326872.0000,3
2026-02-11,20260211141500000,sz.002225,6.4400,6.4400,6.4300,6.4400,259000,1667637.0000,3
2026-02-11,20260211142000000,sz.002225,6.4400,6.4400,6.4200,6.4200,470900,3028240.0000,3
2026-02-11,20260211142500000,sz.002225,6.4200,6.4300,6.4200,6.4200,372800,2393526.0000,3
2026-02-11,20260211143000000,sz.002225,6.4100,6.4300,6.4100,6.4100,205000,1315971.0000,3
2026-02-11,20260211143500000,sz.002225,6.4100,6.4200,6.4100,6.4200,287500,1844403.0000,3
2026-02-11,20260211144000000,sz.002225,6.4200,6.4200,6.4000,6.4000,535800,3436227.0000,3
2026-02-11,20260211144500000,sz.002225,6.4000,6.4100,6.4000,6.4000,445800,2853919.0000,3
2026-02-11,20260211145000000,sz.002225,6.4000,6.4100,6.4000,6.4000,507701,3250050.4000,3
2026-02-11,20260211145500000,sz.002225,6.4000,6.4100,6.4000,6.4000,593471,3799777.4000,3
2026-02-11,20260211150000000,sz.002225,6.4000,6.4000,6.3900,6.3900,749528,4791445.4800,3
2026-02-12,20260212093500000,sz.002225,6.4100,6.5400,6.4100,6.5000,3005600,19523211.0000,3
2026-02-12,20260212094000000,sz.002225,6.5100,6.5100,6.4300,6.4300,858700,5566155.0000,3
2026-02-12,20260212094500000,sz.002225,6.4400,6.4400,6.3700,6.3800,1700600,10889996.0000,3
2026-02-12,20260212095000000,sz.002225,6.3900,6.4400,6.3700,6.4400,996100,6388187.0000,3
2026-02-12,20260212095500000,sz.002225,6.4400,6.5100,6.4400,6.5000,1864500,12099745.0000,3
2026-02-12,20260212100000000,sz.002225,6.5000,6.5000,6.4800,6.4900,508500,3302960.0000,3
2026-02-12,20260212100500000,sz.002225,6.5000,6.5000,6.4700,6.4800,1296800,8393146.0000,3
2026-02-12,20260212101000000,sz.002225,6.4800,6.5000,6.4800,6.4900,274700,1784487.0000,3
2026-02-12,20260212101500000,sz.002225,6.4900,6.5900,6.4900,6.5600,3555500,23292906.0000,3
2026-02-12,20260212102000000,sz.002225,6.5600,6.6400,6.5600,6.6000,4215300,27857816.0000,3
2026-02-12,20260212102500000,sz.002225,6.6000,6.6700,6.5900,6.6500,2342500,15560557.0000,3
2026-02-12,20260212103000000,sz.002225,6.6600,6.6900,6.6300,6.6400,1609800,10718194.0000,3
2026-02-12,20260212103500000,sz.002225,6.6400,6.6500,6.6200,6.6300,1048800,6958269.0000,3
2026-02-12,20260212104000000,sz.002225,6.6300,6.6500,6.6100,6.6400,665200,4406805.0000,3
2026-02-12,20260212104500000,sz.002225,6.6400,6.6500,6.6100,6.6100,600400,3985146.0000,3
2026-02-12,20260212105000000,sz.002225,6.6100,6.6200,6.6000,6.6000,418300,2763156.0000,3
2026-02-12,20260212105500000,sz.002225,6.6000,6.6100,6.6000,6.6000,212100,1400035.0000,3
2026-02-12,20260212110000000,sz.002225,6.6000,6.6100,6.5900,6.6100,291200,1920571.0000,3
2026-02-12,20260212110500000,sz.002225,6.6000,6.6100,6.5900,6.5900,419500,2767318.0000,3
2026-02-12,20260212111000000,sz.002225,6.5900,6.5900,6.5800,6.5800,177900,1171989.0000,3
2026-02-12,20260212111500000,sz.002225,6.5900,6.5900,6.5800,6.5900,277400,1827752.0000,3
2026-02-12,20260212112000000,sz.002225,6.5800,6.6000,6.5800,6.6000,336600,2218123.0000,3
2026-02-12,20260212112500000,sz.002225,6.5900,6.6200,6.5900,6.6100,511700,3379408.0000,3
2026-02-12,20260212113000000,sz.002225,6.6100,6.6300,6.5900,6.6100,807600,5347080.0000,3
2026-02-12,20260212130500000,sz.002225,6.6200,6.6200,6.5700,6.5800,936900,6170697.0000,3
2026-02-12,20260212131000000,sz.002225,6.5800,6.5900,6.5500,6.5600,630600,4141646.0000,3
2026-02-12,20260212131500000,sz.002225,6.5500,6.5600,6.5400,6.5500,435385,2851443.7500,3
2026-02-12,20260212132000000,sz.002225,6.5500,6.5500,6.5300,6.5300,657515,4298254.2500,3
2026-02-12,20260212132500000,sz.002225,6.5300,6.5300,6.5200,6.5300,182385,1190066.2000,3
2026-02-12,20260212133000000,sz.002225,6.5300,6.5300,6.5200,6.5300,213200,1390720.0000,3
2026-02-12,20260212133500000,sz.002225,6.5200,6.5300,6.5200,6.5200,335000,2187128.0000,3
2026-02-12,20260212134000000,sz.002225,6.5200,6.5400,6.5200,6.5400,309200,2019192.5300,3
2026-02-12,20260212134500000,sz.002225,6.5300,6.5500,6.5300,6.5500,278047,1818475.9100,3
2026-02-12,20260212135000000,sz.002225,6.5400,6.5500,6.5300,6.5300,363600,2378101.0000,3
2026-02-12,20260212135500000,sz.002225,6.5300,6.5400,6.5300,6.5400,285371,1865867.3400,3
2026-02-12,20260212140000000,sz.002225,6.5400,6.5500,6.5200,6.5400,594400,3883586.2900,3
2026-02-12,20260212140500000,sz.002225,6.5400,6.5800,6.5300,6.5600,797700,5231095.0000,3
2026-02-12,20260212141000000,sz.002225,6.5600,6.5900,6.5600,6.5600,516100,3397173.0000,3
2026-02-12,20260212141500000,sz.002225,6.5600,6.5700,6.5500,6.5500,252200,1653892.0000,3
2026-02-12,20260212142000000,sz.002225,6.5500,6.5600,6.5500,6.5500,261800,1716020.0000,3
2026-02-12,20260212142500000,sz.002225,6.5600,6.5600,6.5500,6.5600,308600,2023818.0000,3
2026-02-12,20260212143000000,sz.002225,6.5600,6.5600,6.5500,6.5600,241400,1583000.0000,3
2026-02-12,20260212143500000,sz.002225,6.5500,6.5600,6.5400,6.5400,493600,3231316.0000,3
2026-02-12,20260212144000000,sz.002225,6.5500,6.5500,6.5300,6.5400,376600,2463207.0000,3
2026-02-12,20260212144500000,sz.002225,6.5400,6.5400,6.5300,6.5300,343100,2243145.0000,3
2026-02-12,20260212145000000,sz.002225,6.5400,6.5400,6.5300,6.5400,605200,3954144.0000,3
2026-02-12,20260212145500000,sz.002225,6.5300,6.5400,6.5100,6.5100,854200,5569238.0000,3
2026-02-12,20260212150000000,sz.002225,6.5100,6.5200,6.5000,6.5200,1078004,7020380.8400,3
2026-02-13,20260213093500000,sz.002225,6.4800,6.4800,6.3800,6.3900,3305100,21231566.0000,3
2026-02-13,20260213094000000,sz.002225,6.3800,6.4500,6.3700,6.4500,1449300,9279666.0000,3
2026-02-13,20260213094500000,sz.002225,6.4400,6.4500,6.4100,6.4300,953500,6131148.0000,3
2026-02-13,20260213095000000,sz.002225,6.4200,6.4300,6.3500,6.3600,2179000,13900282.0000,3
2026-02-13,20260213095500000,sz.002225,6.3600,6.3600,6.3400,6.3500,1985600,12612014.0000,3
2026-02-13,20260213100000000,sz.002225,6.3400,6.3600,6.3300,6.3600,1497900,9499095.0000,3
2026-02-13,20260213100500000,sz.002225,6.3600,6.3900,6.3500,6.3900,744600,4739227.0000,3
2026-02-13,20260213101000000,sz.002225,6.3900,6.3900,6.3600,6.3700,695800,4432756.0000,3
2026-02-13,20260213101500000,sz.002225,6.3700,6.3800,6.3500,6.3700,549600,3498281.0000,3
2026-02-13,20260213102000000,sz.002225,6.3600,6.3700,6.3400,6.3400,611600,3884624.0000,3
2026-02-13,20260213102500000,sz.002225,6.3400,6.3500,6.3300,6.3400,676800,4291854.0000,3
2026-02-13,20260213103000000,sz.002225,6.3400,6.3500,6.3100,6.3200,2121000,13418787.0000,3
2026-02-13,20260213103500000,sz.002225,6.3100,6.3300,6.3100,6.3300,973500,6153665.0000,3
2026-02-13,20260213104000000,sz.002225,6.3300,6.3300,6.3100,6.3100,552900,3494855.0000,3
2026-02-13,20260213104500000,sz.002225,6.3100,6.3200,6.3100,6.3100,588200,3714186.0000,3
2026-02-13,20260213105000000,sz.002225,6.3100,6.3200,6.3100,6.3200,1129300,7126277.0000,3
2026-02-13,20260213105500000,sz.002225,6.3200,6.3200,6.3100,6.3200,394600,2492551.0000,3
2026-02-13,20260213110000000,sz.002225,6.3100,6.3200,6.3100,6.3200,251600,1589477.0000,3
2026-02-13,20260213110500000,sz.002225,6.3100,6.3200,6.3000,6.3100,952500,6008375.0000,3
2026-02-13,20260213111000000,sz.002225,6.3000,6.3100,6.2800,6.2900,1060500,6677191.0000,3
2026-02-13,20260213111500000,sz.002225,6.2900,6.2900,6.2800,6.2800,538100,3380850.0000,3
2026-02-13,20260213112000000,sz.002225,6.2800,6.2900,6.2600,6.2700,1145900,7190111.0000,3
2026-02-13,20260213112500000,sz.002225,6.2700,6.2800,6.2600,6.2700,313100,1963872.0000,3
2026-02-13,20260213113000000,sz.002225,6.2700,6.2800,6.2700,6.2800,309200,1941395.0000,3
2026-02-13,20260213130500000,sz.002225,6.2800,6.3100,6.2800,6.3000,510000,3207028.0000,3
2026-02-13,20260213131000000,sz.002225,6.3000,6.3100,6.2900,6.3000,223000,1404810.0000,3
2026-02-13,20260213131500000,sz.002225,6.3000,6.3100,6.2900,6.3000,715600,4508878.0000,3
2026-02-13,20260213132000000,sz.002225,6.3000,6.3000,6.2800,6.2800,318400,2002579.0000,3
2026-02-13,20260213132500000,sz.002225,6.2800,6.2900,6.2800,6.2900,160900,1011976.0000,3
2026-02-13,20260213133000000,sz.002225,6.2900,6.3000,6.2800,6.2900,221000,1391011.0000,3
2026-02-13,20260213133500000,sz.002225,6.3000,6.3000,6.2800,6.2900,282900,1779627.0000,3
2026-02-13,20260213134000000,sz.002225,6.2800,6.2900,6.2800,6.2800,182000,1143126.0000,3
2026-02-13,20260213134500000,sz.002225,6.2800,6.3000,6.2800,6.3000,280900,1766914.0000,3
2026-02-13,20260213135000000,sz.002225,6.2900,6.3000,6.2800,6.2800,258400,1624922.0000,3
2026-02-13,20260213135500000,sz.002225,6.2800,6.2900,6.2600,6.2700,886200,5560665.0000,3
2026-02-13,20260213140000000,sz.002225,6.2700,6.2700,6.2600,6.2600,175900,1102138.0000,3
2026-02-13,20260213140500000,sz.002225,6.2600,6.2700,6.2600,6.2700,311600,1953183.0000,3
2026-02-13,20260213141000000,sz.002225,6.2600,6.2700,6.2500,6.2500,1067400,6682151.0000,3
2026-02-13,20260213141500000,sz.002225,6.2500,6.2600,6.2500,6.2600,1237500,7736105.0000,3
2026-02-13,20260213142000000,sz.002225,6.2600,6.2700,6.2500,6.2600,440128,2757548.2800,3
2026-02-13,20260213142500000,sz.002225,6.2600,6.2700,6.2600,6.2600,331500,2075941.0000,3
2026-02-13,20260213143000000,sz.002225,6.2600,6.2700,6.2600,6.2700,376700,2358291.7200,3
2026-02-13,20260213143500000,sz.002225,6.2500,6.2600,6.2500,6.2600,478800,2994158.0000,3
2026-02-13,20260213144000000,sz.002225,6.2600,6.2600,6.2300,6.2400,1203872,7514917.0000,3
2026-02-13,20260213144500000,sz.002225,6.2400,6.2400,6.2200,6.2300,811400,5052740.0000,3
2026-02-13,20260213145000000,sz.002225,6.2300,6.2400,6.2100,6.2400,1423700,8859572.0000,3
2026-02-13,20260213145500000,sz.002225,6.2300,6.2400,6.2200,6.2200,803700,5005603.0000,3
2026-02-13,20260213150000000,sz.002225,6.2200,6.2500,6.2200,6.2200,702600,4373898.0000,3
2026-02-24,20260224093500000,sz.002225,6.3700,6.4400,6.3400,6.4300,7343122,46931635.0800,3
2026-02-24,20260224094000000,sz.002225,6.4300,6.4400,6.4000,6.4300,2048800,13157822.0000,3
2026-02-24,20260224094500000,sz.002225,6.4300,6.4500,6.4100,6.4300,1682000,10815131.0000,3
2026-02-24,20260224095000000,sz.002225,6.4400,6.4500,6.4200,6.4500,1417000,9120004.0000,3
2026-02-24,20260224095500000,sz.002225,6.4500,6.4900,6.4500,6.4500,2540500,16436048.0000,3
2026-02-24,20260224100000000,sz.002225,6.4600,6.4700,6.4400,6.4500,815200,5260753.0000,3
2026-02-24,20260224100500000,sz.002225,6.4500,6.4700,6.4400,6.4700,705309,4552987.9600,3
2026-02-24,20260224101000000,sz.002225,6.4700,6.4800,6.4600,6.4800,786800,5089572.0000,3
2026-02-24,20260224101500000,sz.002225,6.4800,6.5000,6.4700,6.4800,1174100,7616580.0000,3
2026-02-24,20260224102000000,sz.002225,6.4800,6.4800,6.4600,6.4700,296400,1918516.0000,3
2026-02-24,20260224102500000,sz.002225,6.4600,6.4700,6.4600,6.4600,386300,2497364.0000,3
2026-02-24,20260224103000000,sz.002225,6.4600,6.4800,6.4500,6.4700,631900,4088088.0000,3
2026-02-24,20260224103500000,sz.002225,6.4800,6.5300,6.4600,6.5200,2096000,13620549.0000,3
2026-02-24,20260224104000000,sz.002225,6.5300,6.5400,6.5200,6.5300,2043400,13344843.0000,3
2026-02-24,20260224104500000,sz.002225,6.5300,6.5400,6.5200,6.5300,466200,3044636.0000,3
2026-02-24,20260224105000000,sz.002225,6.5200,6.5300,6.5100,6.5100,310800,2024341.0000,3
2026-02-24,20260224105500000,sz.002225,6.5100,6.5200,6.5000,6.5100,502200,3270138.0000,3
2026-02-24,20260224110000000,sz.002225,6.5100,6.5200,6.5100,6.5200,399300,2599911.0000,3
2026-02-24,20260224110500000,sz.002225,6.5200,6.5300,6.5100,6.5300,357500,2331304.0000,3
2026-02-24,20260224111000000,sz.002225,6.5200,6.5200,6.5000,6.5100,289600,1886112.0000,3
2026-02-24,20260224111500000,sz.002225,6.5100,6.5400,6.5000,6.5400,583800,3806786.0000,3
2026-02-24,20260224112000000,sz.002225,6.5400,6.5700,6.5100,6.5700,1157100,7573078.0000,3
2026-02-24,20260224112500000,sz.002225,6.5600,6.7300,6.5600,6.6700,5304701,35272706.6800,3
2026-02-24,20260224113000000,sz.002225,6.6800,6.7200,6.6400,6.6400,1516200,10137324.0000,3
2026-02-24,20260224130500000,sz.002225,6.6400,6.6400,6.5900,6.5900,818400,5416211.0000,3
2026-02-24,20260224131000000,sz.002225,6.5900,6.6000,6.5800,6.5800,428900,2826245.0000,3
2026-02-24,20260224131500000,sz.002225,6.5800,6.6000,6.5800,6.5900,639100,4208774.0000,3
2026-02-24,20260224132000000,sz.002225,6.5900,6.6000,6.5800,6.5800,235400,1552022.0000,3
2026-02-24,20260224132500000,sz.002225,6.5900,6.6000,6.5800,6.5800,292000,1923534.0000,3
2026-02-24,20260224133000000,sz.002225,6.5900,6.5900,6.5700,6.5700,437000,2875149.0000,3
2026-02-24,20260224133500000,sz.002225,6.5700,6.5800,6.5600,6.5600,292800,1923042.0000,3
2026-02-24,20260224134000000,sz.002225,6.5600,6.5700,6.5400,6.5500,250900,1644451.0000,3
2026-02-24,20260224134500000,sz.002225,6.5500,6.5600,6.5400,6.5600,523800,3428256.0000,3
2026-02-24,20260224135000000,sz.002225,6.5600,6.5700,6.5500,6.5700,429300,2816292.0000,3
2026-02-24,20260224135500000,sz.002225,6.5700,6.5700,6.5500,6.5700,223600,1467176.0000,3
2026-02-24,20260224140000000,sz.002225,6.5600,6.5700,6.5600,6.5600,202500,1329056.0000,3
2026-02-24,20260224140500000,sz.002225,6.5600,6.5800,6.5500,6.5800,595100,3909492.0000,3
2026-02-24,20260224141000000,sz.002225,6.5700,6.5800,6.5700,6.5800,97600,641680.0000,3
2026-02-24,20260224141500000,sz.002225,6.5700,6.5700,6.5500,6.5500,364600,2393244.0000,3
2026-02-24,20260224142000000,sz.002225,6.5500,6.5700,6.5500,6.5700,463500,3041320.0000,3
2026-02-24,20260224142500000,sz.002225,6.5700,6.5700,6.5600,6.5600,280900,1843084.0000,3
2026-02-24,20260224143000000,sz.002225,6.5600,6.5600,6.5500,6.5600,617800,4051119.0000,3
2026-02-24,20260224143500000,sz.002225,6.5600,6.5600,6.5400,6.5500,617200,4043414.0000,3
2026-02-24,20260224144000000,sz.002225,6.5500,6.5500,6.5300,6.5400,948400,6201886.0000,3
2026-02-24,20260224144500000,sz.002225,6.5400,6.5500,6.5300,6.5300,387700,2534102.0000,3
2026-02-24,20260224145000000,sz.002225,6.5300,6.5400,6.5300,6.5300,610809,3989644.7700,3
2026-02-24,20260224145500000,sz.002225,6.5300,6.5400,6.5200,6.5300,702000,4583932.0000,3
2026-02-24,20260224150000000,sz.002225,6.5200,6.5300,6.5200,6.5300,570700,3725851.0000,3
2026-02-25,20260225093500000,sz.002225,6.5400,6.5900,6.5300,6.5500,1720900,11281324.0000,3
2026-02-25,20260225094000000,sz.002225,6.5500,6.6100,6.5400,6.6000,1325900,8712567.0000,3
2026-02-25,20260225094500000,sz.002225,6.6100,6.6600,6.6000,6.6200,1571300,10415436.0000,3
2026-02-25,20260225095000000,sz.002225,6.6200,6.7200,6.6200,6.7200,2715100,18146602.0000,3
2026-02-25,20260225095500000,sz.002225,6.7100,6.7200,6.6800,6.7100,1380338,9258510.6000,3
2026-02-25,20260225100000000,sz.002225,6.7100,6.7400,6.7000,6.7400,1273600,8556616.0000,3
2026-02-25,20260225100500000,sz.002225,6.7300,6.7400,6.6700,6.6800,750100,5026437.0000,3
2026-02-25,20260225101000000,sz.002225,6.6700,6.7000,6.6600,6.7000,619400,4138445.0000,3
2026-02-25,20260225101500000,sz.002225,6.7000,6.7000,6.6800,6.6900,377700,2527946.0000,3
2026-02-25,20260225102000000,sz.002225,6.6900,6.7000,6.6800,6.6900,422600,2826652.0000,3
2026-02-25,20260225102500000,sz.002225,6.6900,6.7000,6.6800,6.6800,340900,2279639.0000,3
2026-02-25,20260225103000000,sz.002225,6.6900,6.6900,6.6700,6.6800,442200,2953212.0000,3
2026-02-25,20260225103500000,sz.002225,6.6800,6.7000,6.6800,6.6900,511900,3424868.0000,3
2026-02-25,20260225104000000,sz.002225,6.6900,6.7200,6.6900,6.7000,732600,4909548.0000,3
2026-02-25,20260225104500000,sz.002225,6.6900,6.7000,6.6800,6.7000,169500,1133961.0000,3
2026-02-25,20260225105000000,sz.002225,6.7000,6.7100,6.6900,6.7000,259171,1736197.9900,3
2026-02-25,20260225105500000,sz.002225,6.7000,6.7100,6.6900,6.7000,424000,2840828.0000,3
2026-02-25,20260225110000000,sz.002225,6.7000,6.7200,6.7000,6.7200,437800,2938010.0000,3
2026-02-25,20260225110500000,sz.002225,6.7200,6.7200,6.7000,6.7100,656200,4405328.0000,3
2026-02-25,20260225111000000,sz.002225,6.7100,6.7200,6.7000,6.7200,440800,2957824.0000,3
2026-02-25,20260225111500000,sz.002225,6.7200,6.7200,6.7100,6.7200,289300,1942367.0000,3
2026-02-25,20260225112000000,sz.002225,6.7200,6.7200,6.7100,6.7200,351800,2361710.0000,3
2026-02-25,20260225112500000,sz.002225,6.7200,6.7200,6.7000,6.7000,568800,3816619.0000,3
2026-02-25,20260225113000000,sz.002225,6.7000,6.7100,6.6900,6.7100,249800,1673802.0000,3
2026-02-25,20260225130500000,sz.002225,6.7100,6.7200,6.6900,6.7000,587400,3937681.0000,3
2026-02-25,20260225131000000,sz.002225,6.7000,6.7100,6.6900,6.7000,286300,1918641.0000,3
2026-02-25,20260225131500000,sz.002225,6.6900,6.7000,6.6700,6.6700,316129,2113564.0100,3
2026-02-25,20260225132000000,sz.002225,6.6700,6.6900,6.6700,6.6800,299400,2000552.0000,3
2026-02-25,20260225132500000,sz.002225,6.6800,6.6900,6.6700,6.6800,157200,1050058.0000,3
2026-02-25,20260225133000000,sz.002225,6.6800,6.6900,6.6700,6.6800,198700,1327198.0000,3
2026-02-25,20260225133500000,sz.002225,6.6800,6.6800,6.6700,6.6700,387600,2585478.0000,3
2026-02-25,20260225134000000,sz.002225,6.6800,6.6800,6.6600,6.6600,275000,1833164.0000,3
2026-02-25,20260225134500000,sz.002225,6.6600,6.6600,6.6500,6.6600,743500,4947574.0000,3
2026-02-25,20260225135000000,sz.002225,6.6600,6.6600,6.6500,6.6600,356100,2369666.0000,3
2026-02-25,20260225135500000,sz.002225,6.6600,6.6700,6.6500,6.6700,394300,2624991.0000,3
2026-02-25,20260225140000000,sz.002225,6.6700,6.6800,6.6600,6.6700,290000,1933756.0000,3
2026-02-25,20260225140500000,sz.002225,6.6700,6.6700,6.6600,6.6700,241000,1607106.0000,3
2026-02-25,20260225141000000,sz.002225,6.6700,6.6700,6.6400,6.6400,651100,4333342.0000,3
2026-02-25,20260225141500000,sz.002225,6.6400,6.6500,6.6200,6.6300,587300,3896586.0000,3
2026-02-25,20260225142000000,sz.002225,6.6300,6.6400,6.6300,6.6300,108700,720980.0000,3
2026-02-25,20260225142500000,sz.002225,6.6300,6.6300,6.6100,6.6100,896000,5933252.0000,3
2026-02-25,20260225143000000,sz.002225,6.6200,6.6200,6.6100,6.6200,512200,3387736.0000,3
2026-02-25,20260225143500000,sz.002225,6.6200,6.6300,6.6100,6.6100,659800,4364011.0000,3
2026-02-25,20260225144000000,sz.002225,6.6100,6.6300,6.6000,6.6300,901200,5962504.0000,3
2026-02-25,20260225144500000,sz.002225,6.6400,6.6400,6.6200,6.6300,176600,1170725.0000,3
2026-02-25,20260225145000000,sz.002225,6.6300,6.6400,6.6200,6.6400,314300,2084243.0000,3
2026-02-25,20260225145500000,sz.002225,6.6300,6.6400,6.6300,6.6300,473000,3137374.0000,3
2026-02-25,20260225150000000,sz.002225,6.6300,6.6500,6.6300,6.6500,898200,5967989.0000,3
2026-02-26,20260226093500000,sz.002225,6.6700,6.6800,6.6100,6.6500,1912600,12707223.0000,3
2026-02-26,20260226094000000,sz.002225,6.6500,6.6600,6.6300,6.6400,754042,5010234.8800,3
2026-02-26,20260226094500000,sz.002225,6.6500,6.6500,6.5900,6.6000,1283100,8483935.0000,3
2026-02-26,20260226095000000,sz.002225,6.6000,6.6200,6.5900,6.6100,1182300,7805749.0000,3
2026-02-26,20260226095500000,sz.002225,6.6100,6.6600,6.6000,6.6400,1071400,7105975.0000,3
2026-02-26,20260226100000000,sz.002225,6.6300,6.6600,6.6100,6.6600,666100,4421118.0000,3
2026-02-26,20260226100500000,sz.002225,6.6600,6.6900,6.6500,6.6900,1422600,9491207.0000,3
2026-02-26,20260226101000000,sz.002225,6.6800,6.6900,6.6500,6.6600,316000,2106954.0000,3
2026-02-26,20260226101500000,sz.002225,6.6500,6.6700,6.6500,6.6700,397400,2646177.0000,3
2026-02-26,20260226102000000,sz.002225,6.6700,6.6700,6.6400,6.6400,663300,4415368.0000,3
2026-02-26,20260226102500000,sz.002225,6.6400,6.6500,6.6300,6.6400,232600,1544314.0000,3
2026-02-26,20260226103000000,sz.002225,6.6300,6.6400,6.6200,6.6300,418000,2771660.0000,3
2026-02-26,20260226103500000,sz.002225,6.6300,6.6600,6.6300,6.6500,635600,4218991.0000,3
2026-02-26,20260226104000000,sz.002225,6.6500,6.6600,6.6400,6.6400,316800,2107064.0000,3
2026-02-26,20260226104500000,sz.002225,6.6500,6.6500,6.6300,6.6400,501010,3324771.3000,3
2026-02-26,20260226105000000,sz.002225,6.6400,6.6400,6.6100,6.6200,577000,3821152.0000,3
2026-02-26,20260226105500000,sz.002225,6.6200,6.6200,6.6100,6.6100,288400,1908314.0000,3
2026-02-26,20260226110000000,sz.002225,6.6100,6.6300,6.6100,6.6100,542400,3590066.0000,3
2026-02-26,20260226110500000,sz.002225,6.6200,6.6300,6.6100,6.6200,319300,2112099.0000,3
2026-02-26,20260226111000000,sz.002225,6.6200,6.6300,6.6100,6.6300,409200,2708262.0000,3
2026-02-26,20260226111500000,sz.002225,6.6300,6.6400,6.6200,6.6300,355200,2353036.0000,3
2026-02-26,20260226112000000,sz.002225,6.6300,6.6400,6.6200,6.6200,536700,3556523.0000,3
2026-02-26,20260226112500000,sz.002225,6.6200,6.6300,6.6100,6.6200,400000,2647909.0000,3
2026-02-26,20260226113000000,sz.002225,6.6200,6.6300,6.6200,6.6200,221500,1466678.0000,3
2026-02-26,20260226130500000,sz.002225,6.6200,6.6300,6.5800,6.5900,1393900,9203818.0000,3
2026-02-26,20260226131000000,sz.002225,6.5800,6.6000,6.5800,6.6000,399200,2631181.0000,3
2026-02-26,20260226131500000,sz.002225,6.5900,6.6000,6.5900,6.5900,494600,3259984.0000,3
2026-02-26,20260226132000000,sz.002225,6.5900,6.6000,6.5900,6.5900,264000,1740001.0000,3
2026-02-26,20260226132500000,sz.002225,6.5900,6.5900,6.5700,6.5700,384800,2532790.0000,3
2026-02-26,20260226133000000,sz.002225,6.5700,6.5900,6.5600,6.5700,833300,5475242.0000,3
2026-02-26,20260226133500000,sz.002225,6.5600,6.5800,6.5400,6.5500,638100,4186128.0000,3
2026-02-26,20260226134000000,sz.002225,6.5500,6.5600,6.5500,6.5600,257900,1689831.0000,3
2026-02-26,20260226134500000,sz.002225,6.5600,6.5600,6.5500,6.5500,233500,1530279.0000,3
2026-02-26,20260226135000000,sz.002225,6.5500,6.5600,6.5400,6.5600,645000,4223151.0000,3
2026-02-26,20260226135500000,sz.002225,6.5600,6.5600,6.5400,6.5400,319400,2089176.0000,3
2026-02-26,20260226140000000,sz.002225,6.5400,6.5500,6.5400,6.5400,313200,2048617.0000,3
2026-02-26,20260226140500000,sz.002225,6.5400,6.5500,6.5300,6.5300,599200,3917336.0000,3
2026-02-26,20260226141000000,sz.002225,6.5400,6.5400,6.5300,6.5300,447700,2923878.0000,3
2026-02-26,20260226141500000,sz.002225,6.5400,6.5700,6.5300,6.5600,641000,4197801.0000,3
2026-02-26,20260226142000000,sz.002225,6.5600,6.5600,6.5500,6.5600,205200,1344355.0000,3
2026-02-26,20260226142500000,sz.002225,6.5500,6.5600,6.5400,6.5500,431200,2825124.0000,3
2026-02-26,20260226143000000,sz.002225,6.5500,6.5600,6.5400,6.5400,294000,1923290.0000,3
2026-02-26,20260226143500000,sz.002225,6.5500,6.5600,6.5400,6.5600,540700,3541142.0000,3
2026-02-26,20260226144000000,sz.002225,6.5500,6.5600,6.5400,6.5500,623600,4084768.0000,3
2026-02-26,20260226144500000,sz.002225,6.5500,6.5600,6.5400,6.5500,419300,2743770.0000,3
2026-02-26,20260226145000000,sz.002225,6.5500,6.5600,6.5400,6.5500,815100,5337132.0000,3
2026-02-26,20260226145500000,sz.002225,6.5400,6.5600,6.5400,6.5500,834400,5463236.0000,3
2026-02-26,20260226150000000,sz.002225,6.5600,6.5600,6.5500,6.5600,445200,2919547.0000,3
