date,time,code,open,high,low,close,volume,amount,adjustflag
2025-02-26,20250226093500000,sz.000968,6.0800,6.1400,6.0800,6.1300,1175800,7202610.0000,3
2025-02-26,20250226094000000,sz.000968,6.1300,6.1600,6.1300,6.1600,1101000,6763097.0000,3
2025-02-26,20250226094500000,sz.000968,6.1600,6.1600,6.1200,6.1200,283400,1740605.0000,3
2025-02-26,20250226095000000,sz.000968,6.1200,6.1400,6.1200,6.1200,160900,986678.0000,3
2025-02-26,20250226095500000,sz.000968,6.1200,6.1300,6.1100,6.1300,274200,1677908.0000,3
2025-02-26,20250226100000000,sz.000968,6.1300,6.1300,6.1100,6.1100,164200,1004348.0000,3
2025-02-26,20250226100500000,sz.000968,6.1100,6.1200,6.1100,6.1100,97700,597704.0000,3
2025-02-26,20250226101000000,sz.000968,6.1100,6.1200,6.1000,6.1000,236400,1444292.0000,3
2025-02-26,20250226101500000,sz.000968,6.1000,6.1200,6.1000,6.1100,183900,1122616.0000,3
2025-02-26,20250226102000000,sz.000968,6.1100,6.1200,6.1000,6.1100,27800,169868.0000,3
2025-02-26,20250226102500000,sz.000968,6.1100,6.1200,6.1000,6.1200,74600,455752.0000,3
2025-02-26,20250226103000000,sz.000968,6.1100,6.1200,6.1100,6.1100,25400,155334.0000,3
2025-02-26,20250226103500000,sz.000968,6.1200,6.1200,6.1000,6.1200,65200,398422.0000,3
2025-02-26,20250226104000000,sz.000968,6.1200,6.1200,6.1100,6.1200,20500,125376.0000,3
2025-02-26,20250226104500000,sz.000968,6.1200,6.1200,6.1100,6.1100,34400,210240.0000,3
2025-02-26,20250226105000000,sz.000968,6.1100,6.1200,6.1000,6.1100,77200,471494.0000,3
2025-02-26,20250226105500000,sz.000968,6.1100,6.1200,6.1100,6.1100,27100,165614.0000,3
2025-02-26,20250226110000000,sz.000968,6.1100,6.1100,6.1000,6.1000,193400,1180610.0000,3
2025-02-26,20250226110500000,sz.000968,6.1000,6.1100,6.1000,6.1100,63600,388254.0000,3
2025-02-26,20250226111000000,sz.000968,6.1100,6.1200,6.1000,6.1100,153500,937932.0000,3
2025-02-26,20250226111500000,sz.000968,6.1100,6.1200,6.1000,6.1100,109800,670754.0000,3
2025-02-26,20250226112000000,sz.000968,6.1100,6.1200,6.1000,6.1100,82000,501036.0000,3
2025-02-26,20250226112500000,sz.000968,6.1100,6.1100,6.1000,6.1000,63400,387260.0000,3
2025-02-26,20250226113000000,sz.000968,6.1000,6.1200,6.1000,6.1200,180100,1100906.0000,3
2025-02-26,20250226130500000,sz.000968,6.1200,6.1200,6.1100,6.1200,70200,429284.0000,3
2025-02-26,20250226131000000,sz.000968,6.1200,6.1200,6.1100,6.1200,125000,764786.0000,3
2025-02-26,20250226131500000,sz.000968,6.1200,6.1300,6.1200,6.1200,293200,1795064.0000,3
2025-02-26,20250226132000000,sz.000968,6.1200,6.1300,6.1200,6.1300,45900,281064.0000,3
2025-02-26,20250226132500000,sz.000968,6.1300,6.1300,6.1200,6.1300,45700,280012.0000,3
2025-02-26,20250226133000000,sz.000968,6.1300,6.1300,6.1200,6.1200,130500,798856.0000,3
2025-02-26,20250226133500000,sz.000968,6.1200,6.1300,6.1100,6.1200,167800,1026900.0000,3
2025-02-26,20250226134000000,sz.000968,6.1200,6.1300,6.1200,6.1300,50800,311048.0000,3
2025-02-26,20250226134500000,sz.000968,6.1200,6.1300,6.1100,6.1200,172200,1053936.0000,3
2025-02-26,20250226135000000,sz.000968,6.1200,6.1300,6.1100,6.1200,112600,689152.0000,3
2025-02-26,20250226135500000,sz.000968,6.1200,6.1300,6.1100,6.1200,30300,185484.0000,3
2025-02-26,20250226140000000,sz.000968,6.1200,6.1300,6.1100,6.1200,51300,314008.0000,3
2025-02-26,20250226140500000,sz.000968,6.1300,6.1300,6.1200,6.1200,56900,348304.0000,3
2025-02-26,20250226141000000,sz.000968,6.1100,6.1300,6.1100,6.1300,47600,291308.0000,3
2025-02-26,20250226141500000,sz.000968,6.1300,6.1300,6.1200,6.1300,12100,74152.0000,3
2025-02-26,20250226142000000,sz.000968,6.1200,6.1300,6.1200,6.1200,30600,187396.0000,3
2025-02-26,20250226142500000,sz.000968,6.1200,6.1300,6.1200,6.1300,57100,349520.0000,3
2025-02-26,20250226143000000,sz.000968,6.1300,6.1300,6.1200,6.1300,64400,394440.0000,3
2025-02-26,20250226143500000,sz.000968,6.1300,6.1300,6.1200,6.1300,44600,273056.0000,3
2025-02-26,20250226144000000,sz.000968,6.1300,6.1300,6.1200,6.1200,147000,900696.0000,3
2025-02-26,20250226144500000,sz.000968,6.1200,6.1300,6.1200,6.1200,124500,762768.0000,3
2025-02-26,20250226145000000,sz.000968,6.1200,6.1400,6.1200,6.1300,117900,722916.0000,3
2025-02-26,20250226145500000,sz.000968,6.1300,6.1400,6.1300,6.1400,61800,379016.0000,3
2025-02-26,20250226150000000,sz.000968,6.1400,6.1400,6.1300,6.1300,123500,757128.0000,3
2025-02-27,20250227093500000,sz.000968,6.1500,6.1500,6.1200,6.1200,432000,2652413.0000,3
2025-02-27,20250227094000000,sz.000968,6.1200,6.1300,6.1000,6.1100,591600,3617927.0000,3
2025-02-27,20250227094500000,sz.000968,6.1100,6.1200,6.1000,6.1100,361100,2205570.0000,3
2025-02-27,20250227095000000,sz.000968,6.1100,6.1200,6.1100,6.1200,123400,754310.0000,3
2025-02-27,20250227095500000,sz.000968,6.1200,6.1200,6.1100,6.1100,210000,1285054.0000,3
2025-02-27,20250227100000000,sz.000968,6.1100,6.1100,6.1000,6.1000,218400,1333620.0000,3
2025-02-27,20250227100500000,sz.000968,6.1100,6.1200,6.1000,6.1100,153100,935331.0000,3
2025-02-27,20250227101000000,sz.000968,6.1100,6.1300,6.1000,6.1200,152300,931055.0000,3
2025-02-27,20250227101500000,sz.000968,6.1200,6.1400,6.1200,6.1300,176100,1079380.0000,3
2025-02-27,20250227102000000,sz.000968,6.1300,6.1400,6.1200,6.1200,182100,1116644.0000,3
2025-02-27,20250227102500000,sz.000968,6.1200,6.1300,6.1200,6.1300,54000,330500.0000,3
2025-02-27,20250227103000000,sz.000968,6.1200,6.1300,6.1200,6.1200,62500,382521.0000,3
2025-02-27,20250227103500000,sz.000968,6.1200,6.1300,6.1100,6.1100,122800,751444.0000,3
2025-02-27,20250227104000000,sz.000968,6.1100,6.1200,6.1000,6.1100,167500,1023376.0000,3
2025-02-27,20250227104500000,sz.000968,6.1000,6.1200,6.1000,6.1200,187100,1144368.0000,3
2025-02-27,20250227105000000,sz.000968,6.1200,6.1300,6.1200,6.1300,27200,166556.0000,3
2025-02-27,20250227105500000,sz.000968,6.1200,6.1200,6.1100,6.1200,63900,390878.0000,3
2025-02-27,20250227110000000,sz.000968,6.1200,6.1300,6.1100,6.1200,139800,855754.0000,3
2025-02-27,20250227110500000,sz.000968,6.1200,6.1200,6.1100,6.1200,25800,157720.0000,3
2025-02-27,20250227111000000,sz.000968,6.1200,6.1200,6.1100,6.1100,31900,195026.0000,3
2025-02-27,20250227111500000,sz.000968,6.1100,6.1300,6.1100,6.1200,87900,538090.0000,3
2025-02-27,20250227112000000,sz.000968,6.1200,6.1200,6.1100,6.1100,66100,403964.0000,3
2025-02-27,20250227112500000,sz.000968,6.1100,6.1100,6.1000,6.1000,117000,714746.0000,3
2025-02-27,20250227113000000,sz.000968,6.1100,6.1200,6.1100,6.1100,108200,661314.0000,3
2025-02-27,20250227130500000,sz.000968,6.1100,6.1200,6.1000,6.1100,66500,405988.0000,3
2025-02-27,20250227131000000,sz.000968,6.1100,6.1100,6.1000,6.1100,284700,1738542.0000,3
2025-02-27,20250227131500000,sz.000968,6.1100,6.1200,6.1000,6.1200,80700,493066.0000,3
2025-02-27,20250227132000000,sz.000968,6.1100,6.1200,6.1000,6.1100,73600,449676.0000,3
2025-02-27,20250227132500000,sz.000968,6.1100,6.1200,6.1000,6.1000,78300,478218.0000,3
2025-02-27,20250227133000000,sz.000968,6.1100,6.1100,6.1000,6.1100,64400,393390.0000,3
2025-02-27,20250227133500000,sz.000968,6.1100,6.1100,6.1000,6.1100,36700,224148.0000,3
2025-02-27,20250227134000000,sz.000968,6.1100,6.1100,6.1000,6.1100,75600,461314.0000,3
2025-02-27,20250227134500000,sz.000968,6.1000,6.1100,6.0900,6.1100,206200,1257950.0000,3
2025-02-27,20250227135000000,sz.000968,6.1100,6.1100,6.1000,6.1100,121700,742392.0000,3
2025-02-27,20250227135500000,sz.000968,6.1100,6.1200,6.1100,6.1100,99200,606056.0000,3
2025-02-27,20250227140000000,sz.000968,6.1100,6.1200,6.1100,6.1100,25500,155838.0000,3
2025-02-27,20250227140500000,sz.000968,6.1200,6.1200,6.1000,6.1100,26700,163142.0000,3
2025-02-27,20250227141000000,sz.000968,6.1100,6.1200,6.1100,6.1200,57300,350670.0000,3
2025-02-27,20250227141500000,sz.000968,6.1300,6.1300,6.1200,6.1200,95100,582160.0000,3
2025-02-27,20250227142000000,sz.000968,6.1200,6.1300,6.1200,6.1300,92300,565350.0000,3
2025-02-27,20250227142500000,sz.000968,6.1300,6.1500,6.1200,6.1400,307300,1886152.0000,3
2025-02-27,20250227143000000,sz.000968,6.1400,6.1500,6.1400,6.1500,63100,387648.0000,3
2025-02-27,20250227143500000,sz.000968,6.1400,6.1500,6.1300,6.1400,58900,361512.0000,3
2025-02-27,20250227144000000,sz.000968,6.1400,6.1500,6.1300,6.1400,148900,913960.0000,3
2025-02-27,20250227144500000,sz.000968,6.1400,6.1500,6.1400,6.1500,132800,816000.0000,3
2025-02-27,20250227145000000,sz.000968,6.1500,6.1500,6.1400,6.1500,245800,1511428.0000,3
2025-02-27,20250227145500000,sz.000968,6.1500,6.1500,6.1400,6.1500,88300,542568.0000,3
2025-02-27,20250227150000000,sz.000968,6.1500,6.1500,6.1400,6.1500,245400,1508280.0000,3
2025-02-28,20250228093500000,sz.000968,6.1400,6.1800,6.1300,6.1600,1059400,6528224.0000,3
2025-02-28,20250228094000000,sz.000968,6.1600,6.2000,6.1600,6.1800,929200,5742570.0000,3
2025-02-28,20250228094500000,sz.000968,6.1800,6.1900,6.1700,6.1900,633200,3914929.0000,3
2025-02-28,20250228095000000,sz.000968,6.1900,6.2200,6.1900,6.2000,964700,5983162.0000,3
2025-02-28,20250228095500000,sz.000968,6.2000,6.2100,6.1900,6.2000,481600,2985992.0000,3
2025-02-28,20250228100000000,sz.000968,6.2000,6.2000,6.1800,6.1900,377300,2335608.0000,3
2025-02-28,20250228100500000,sz.000968,6.1800,6.1900,6.1800,6.1800,148200,916196.0000,3
2025-02-28,20250228101000000,sz.000968,6.1800,6.1900,6.1700,6.1800,89900,555552.0000,3
2025-02-28,20250228101500000,sz.000968,6.1800,6.1900,6.1700,6.1800,87500,540776.0000,3
2025-02-28,20250228102000000,sz.000968,6.1800,6.1900,6.1700,6.1900,80000,494380.0000,3
2025-02-28,20250228102500000,sz.000968,6.1900,6.1900,6.1800,6.1800,76400,472538.0000,3
2025-02-28,20250228103000000,sz.000968,6.1800,6.1900,6.1700,6.1800,253500,1567350.0000,3
2025-02-28,20250228103500000,sz.000968,6.1800,6.1900,6.1800,6.1800,129600,801584.0000,3
2025-02-28,20250228104000000,sz.000968,6.1800,6.1900,6.1800,6.1900,35500,219436.0000,3
2025-02-28,20250228104500000,sz.000968,6.1900,6.1900,6.1800,6.1800,39700,245616.0000,3
2025-02-28,20250228105000000,sz.000968,6.1800,6.1800,6.1700,6.1800,82200,507812.0000,3
2025-02-28,20250228105500000,sz.000968,6.1800,6.1800,6.1600,6.1600,200900,1239744.0000,3
2025-02-28,20250228110000000,sz.000968,6.1700,6.1800,6.1600,6.1700,113700,700956.0000,3
2025-02-28,20250228110500000,sz.000968,6.1800,6.1800,6.1600,6.1700,148900,917644.0000,3
2025-02-28,20250228111000000,sz.000968,6.1700,6.1700,6.1500,6.1500,111400,686312.0000,3
2025-02-28,20250228111500000,sz.000968,6.1500,6.1600,6.1500,6.1500,36600,225212.0000,3
2025-02-28,20250228112000000,sz.000968,6.1500,6.1600,6.1500,6.1600,43000,264636.0000,3
2025-02-28,20250228112500000,sz.000968,6.1600,6.1600,6.1500,6.1500,337100,2072340.0000,3
2025-02-28,20250228113000000,sz.000968,6.1500,6.1600,6.1500,6.1500,47900,294596.0000,3
2025-02-28,20250228130500000,sz.000968,6.1600,6.1600,6.1400,6.1500,136800,841272.0000,3
2025-02-28,20250228131000000,sz.000968,6.1400,6.1600,6.1400,6.1600,180700,1110672.0000,3
2025-02-28,20250228131500000,sz.000968,6.1400,6.1600,6.1400,6.1500,56300,346072.0000,3
2025-02-28,20250228132000000,sz.000968,6.1500,6.1600,6.1500,6.1500,48900,301192.0000,3
2025-02-28,20250228132500000,sz.000968,6.1500,6.1600,6.1400,6.1600,359100,2210116.0000,3
2025-02-28,20250228133000000,sz.000968,6.1500,6.1600,6.1400,6.1400,46200,283936.0000,3
2025-02-28,20250228133500000,sz.000968,6.1400,6.1500,6.1400,6.1400,35700,219272.0000,3
2025-02-28,20250228134000000,sz.000968,6.1400,6.1600,6.1400,6.1600,51600,317236.0000,3
2025-02-28,20250228134500000,sz.000968,6.1600,6.1600,6.1400,6.1500,45600,280424.0000,3
2025-02-28,20250228135000000,sz.000968,6.1500,6.1500,6.1400,6.1500,70300,432008.0000,3
2025-02-28,20250228135500000,sz.000968,6.1500,6.1700,6.1400,6.1600,201000,1237784.0000,3
2025-02-28,20250228140000000,sz.000968,6.1600,6.1600,6.1500,6.1500,34400,211900.0000,3
2025-02-28,20250228140500000,sz.000968,6.1500,6.1600,6.1400,6.1500,149700,920696.0000,3
2025-02-28,20250228141000000,sz.000968,6.1400,6.1500,6.1300,6.1300,68600,421452.0000,3
2025-02-28,20250228141500000,sz.000968,6.1300,6.1400,6.1300,6.1300,33800,207420.0000,3
2025-02-28,20250228142000000,sz.000968,6.1300,6.1300,6.1200,6.1200,227900,1396684.0000,3
2025-02-28,20250228142500000,sz.000968,6.1200,6.1300,6.1100,6.1200,259700,1589548.0000,3
2025-02-28,20250228143000000,sz.000968,6.1200,6.1300,6.1200,6.1200,56500,346056.0000,3
2025-02-28,20250228143500000,sz.000968,6.1200,6.1300,6.1000,6.1100,315600,1929404.0000,3
2025-02-28,20250228144000000,sz.000968,6.1100,6.1200,6.1100,6.1100,164500,1005576.0000,3
2025-02-28,20250228144500000,sz.000968,6.1200,6.1300,6.1100,6.1200,164800,1008928.0000,3
2025-02-28,20250228145000000,sz.000968,6.1200,6.1400,6.1100,6.1200,262800,1609988.0000,3
2025-02-28,20250228145500000,sz.000968,6.1200,6.1300,6.1100,6.1100,362000,2214972.0000,3
2025-02-28,20250228150000000,sz.000968,6.1100,6.1300,6.1100,6.1200,233100,1426324.0000,3
2025-03-03,20250303093500000,sz.000968,6.1200,6.1800,6.1200,6.1600,1157000,7119955.0000,3
2025-03-03,20250303094000000,sz.000968,6.1600,6.2000,6.1600,6.2000,964900,5966138.0000,3
2025-03-03,20250303094500000,sz.000968,6.2000,6.2000,6.1800,6.1800,447800,2773263.0000,3
2025-03-03,20250303095000000,sz.000968,6.1800,6.1900,6.1700,6.1700,217600,1344654.0000,3
2025-03-03,20250303095500000,sz.000968,6.1800,6.1800,6.1500,6.1600,225900,1392502.0000,3
2025-03-03,20250303100000000,sz.000968,6.1600,6.1700,6.1500,6.1600,110900,683430.0000,3
2025-03-03,20250303100500000,sz.000968,6.1600,6.1700,6.1500,6.1500,135200,832796.0000,3
2025-03-03,20250303101000000,sz.000968,6.1500,6.1700,6.1500,6.1700,183700,1131040.0000,3
2025-03-03,20250303101500000,sz.000968,6.1600,6.1700,6.1600,6.1600,50700,312512.0000,3
2025-03-03,20250303102000000,sz.000968,6.1600,6.1700,6.1600,6.1700,72200,445008.0000,3
2025-03-03,20250303102500000,sz.000968,6.1600,6.1700,6.1500,6.1600,116200,715172.0000,3
2025-03-03,20250303103000000,sz.000968,6.1500,6.1600,6.1500,6.1500,59000,363180.0000,3
2025-03-03,20250303103500000,sz.000968,6.1500,6.1700,6.1500,6.1700,138600,853236.0000,3
2025-03-03,20250303104000000,sz.000968,6.1700,6.1700,6.1600,6.1600,101400,624884.0000,3
2025-03-03,20250303104500000,sz.000968,6.1600,6.1700,6.1600,6.1700,54000,332734.0000,3
2025-03-03,20250303105000000,sz.000968,6.1600,6.1700,6.1500,6.1600,73900,455220.0000,3
2025-03-03,20250303105500000,sz.000968,6.1700,6.1800,6.1600,6.1700,108600,670130.0000,3
2025-03-03,20250303110000000,sz.000968,6.1600,6.1800,6.1600,6.1700,36700,226548.0000,3
2025-03-03,20250303110500000,sz.000968,6.1700,6.1700,6.1600,6.1700,63300,390198.0000,3
2025-03-03,20250303111000000,sz.000968,6.1700,6.1700,6.1600,6.1600,41900,258200.0000,3
2025-03-03,20250303111500000,sz.000968,6.1700,6.1700,6.1600,6.1600,42700,263196.0000,3
2025-03-03,20250303112000000,sz.000968,6.1600,6.1700,6.1600,6.1600,38100,234756.0000,3
2025-03-03,20250303112500000,sz.000968,6.1700,6.1700,6.1500,6.1600,111100,684348.0000,3
2025-03-03,20250303113000000,sz.000968,6.1600,6.1600,6.1400,6.1500,149600,920028.0000,3
2025-03-03,20250303130500000,sz.000968,6.1500,6.1500,6.1300,6.1400,114800,704926.0000,3
2025-03-03,20250303131000000,sz.000968,6.1400,6.1500,6.1300,6.1300,40800,250526.0000,3
2025-03-03,20250303131500000,sz.000968,6.1400,6.1500,6.1400,6.1500,53400,327936.0000,3
2025-03-03,20250303132000000,sz.000968,6.1500,6.1600,6.1400,6.1600,29400,180840.0000,3
2025-03-03,20250303132500000,sz.000968,6.1600,6.1600,6.1400,6.1500,29000,178338.0000,3
2025-03-03,20250303133000000,sz.000968,6.1400,6.1600,6.1400,6.1500,39500,242894.0000,3
2025-03-03,20250303133500000,sz.000968,6.1500,6.1600,6.1400,6.1500,95100,584784.0000,3
2025-03-03,20250303134000000,sz.000968,6.1500,6.1600,6.1400,6.1500,34200,210220.0000,3
2025-03-03,20250303134500000,sz.000968,6.1400,6.1500,6.1400,6.1500,22700,139482.0000,3
2025-03-03,20250303135000000,sz.000968,6.1500,6.1500,6.1300,6.1400,149900,919746.0000,3
2025-03-03,20250303135500000,sz.000968,6.1400,6.1500,6.1300,6.1400,98200,603048.0000,3
2025-03-03,20250303140000000,sz.000968,6.1400,6.1500,6.1300,6.1500,50200,308278.0000,3
2025-03-03,20250303140500000,sz.000968,6.1500,6.1500,6.1300,6.1400,81300,499212.0000,3
2025-03-03,20250303141000000,sz.000968,6.1400,6.1400,6.1300,6.1300,20200,123932.0000,3
2025-03-03,20250303141500000,sz.000968,6.1300,6.1400,6.1300,6.1300,34300,210304.0000,3
2025-03-03,20250303142000000,sz.000968,6.1400,6.1400,6.1300,6.1300,35600,218308.0000,3
2025-03-03,20250303142500000,sz.000968,6.1300,6.1400,6.1300,6.1300,41900,257092.0000,3
2025-03-03,20250303143000000,sz.000968,6.1300,6.1400,6.1200,6.1200,141100,865064.0000,3
2025-03-03,20250303143500000,sz.000968,6.1200,6.1300,6.1100,6.1300,224700,1375236.0000,3
2025-03-03,20250303144000000,sz.000968,6.1300,6.1300,6.1100,6.1100,74900,458716.0000,3
2025-03-03,20250303144500000,sz.000968,6.1200,6.1200,6.1000,6.1100,629700,3842036.0000,3
2025-03-03,20250303145000000,sz.000968,6.1200,6.1200,6.1000,6.1100,213900,1306796.0000,3
2025-03-03,20250303145500000,sz.000968,6.1100,6.1200,6.1000,6.1100,141100,862160.0000,3
2025-03-03,20250303150000000,sz.000968,6.1100,6.1200,6.1100,6.1200,133600,817308.0000,3
2025-03-04,20250304093500000,sz.000968,6.1200,6.1200,6.0800,6.1000,1080800,6601050.0000,3
2025-03-04,20250304094000000,sz.000968,6.1000,6.1100,6.0900,6.1100,267100,1628618.0000,3
2025-03-04,20250304094500000,sz.000968,6.1100,6.1100,6.0800,6.0800,160300,976767.0000,3
2025-03-04,20250304095000000,sz.000968,6.0800,6.1000,6.0800,6.0900,86700,528176.0000,3
2025-03-04,20250304095500000,sz.000968,6.0900,6.1100,6.0900,6.1100,135300,825363.0000,3
2025-03-04,20250304100000000,sz.000968,6.1000,6.1200,6.1000,6.1200,227000,1386030.0000,3
2025-03-04,20250304100500000,sz.000968,6.1100,6.1100,6.0900,6.0900,148900,908351.0000,3
2025-03-04,20250304101000000,sz.000968,6.0900,6.1000,6.0900,6.0900,230500,1404033.0000,3
2025-03-04,20250304101500000,sz.000968,6.0900,6.1000,6.0900,6.0900,73500,447693.0000,3
2025-03-04,20250304102000000,sz.000968,6.0900,6.1100,6.0900,6.1100,192600,1174861.0000,3
2025-03-04,20250304102500000,sz.000968,6.1100,6.1200,6.1100,6.1100,55900,341575.0000,3
2025-03-04,20250304103000000,sz.000968,6.1200,6.1200,6.1000,6.1000,134200,819835.0000,3
2025-03-04,20250304103500000,sz.000968,6.1000,6.1100,6.0900,6.1000,28500,173728.0000,3
2025-03-04,20250304104000000,sz.000968,6.1000,6.1100,6.1000,6.1100,70000,427690.0000,3
2025-03-04,20250304104500000,sz.000968,6.1100,6.1200,6.1000,6.1100,66500,406308.0000,3
2025-03-04,20250304105000000,sz.000968,6.1100,6.1200,6.1100,6.1100,80200,490542.0000,3
2025-03-04,20250304105500000,sz.000968,6.1100,6.1200,6.1000,6.1100,88200,538904.0000,3
2025-03-04,20250304110000000,sz.000968,6.1100,6.1200,6.1000,6.1100,95400,582894.0000,3
2025-03-04,20250304110500000,sz.000968,6.1100,6.1100,6.1000,6.1100,143100,874222.0000,3
2025-03-04,20250304111000000,sz.000968,6.1100,6.1200,6.1100,6.1100,30100,183912.0000,3
2025-03-04,20250304111500000,sz.000968,6.1100,6.1100,6.1000,6.1000,61100,373116.0000,3
2025-03-04,20250304112000000,sz.000968,6.1000,6.1000,6.0900,6.1000,215200,1311344.0000,3
2025-03-04,20250304112500000,sz.000968,6.0900,6.1000,6.0900,6.1000,32600,198844.0000,3
2025-03-04,20250304113000000,sz.000968,6.1100,6.1200,6.1000,6.1100,140300,856750.0000,3
2025-03-04,20250304130500000,sz.000968,6.1100,6.1100,6.1000,6.1100,113400,691910.0000,3
2025-03-04,20250304131000000,sz.000968,6.1100,6.1100,6.1000,6.1000,13500,82368.0000,3
2025-03-04,20250304131500000,sz.000968,6.1100,6.1200,6.1000,6.1100,25500,155768.0000,3
2025-03-04,20250304132000000,sz.000968,6.1100,6.1100,6.1000,6.1100,44400,271268.0000,3
2025-03-04,20250304132500000,sz.000968,6.1100,6.1100,6.1000,6.1100,10900,66572.0000,3
2025-03-04,20250304133000000,sz.000968,6.1100,6.1100,6.1000,6.1000,46500,283686.0000,3
2025-03-04,20250304133500000,sz.000968,6.1100,6.1100,6.1000,6.1100,71300,435192.0000,3
2025-03-04,20250304134000000,sz.000968,6.1100,6.1100,6.1000,6.1100,69500,424018.0000,3
2025-03-04,20250304134500000,sz.000968,6.1100,6.1200,6.1000,6.1100,58900,359914.0000,3
2025-03-04,20250304135000000,sz.000968,6.1200,6.1200,6.1000,6.1100,71500,436734.0000,3
2025-03-04,20250304135500000,sz.000968,6.1100,6.1100,6.1000,6.1100,41700,254600.0000,3
2025-03-04,20250304140000000,sz.000968,6.1100,6.1100,6.1000,6.1100,119600,730336.0000,3
2025-03-04,20250304140500000,sz.000968,6.1100,6.1200,6.1000,6.1200,43000,262646.0000,3
2025-03-04,20250304141000000,sz.000968,6.1100,6.1200,6.1000,6.1100,60100,367406.0000,3
2025-03-04,20250304141500000,sz.000968,6.1200,6.1200,6.1000,6.1100,82300,502788.0000,3
2025-03-04,20250304142000000,sz.000968,6.1100,6.1100,6.1000,6.1100,25200,153968.0000,3
2025-03-04,20250304142500000,sz.000968,6.1100,6.1100,6.1000,6.1000,58500,356998.0000,3
2025-03-04,20250304143000000,sz.000968,6.1100,6.1200,6.1000,6.1200,435100,2654836.0000,3
2025-03-04,20250304143500000,sz.000968,6.1200,6.1200,6.1100,6.1100,32600,199246.0000,3
2025-03-04,20250304144000000,sz.000968,6.1200,6.1200,6.1100,6.1100,62000,379338.0000,3
2025-03-04,20250304144500000,sz.000968,6.1100,6.1200,6.1100,6.1200,42800,261760.0000,3
2025-03-04,20250304145000000,sz.000968,6.1200,6.1300,6.1100,6.1300,230700,1412628.0000,3
2025-03-04,20250304145500000,sz.000968,6.1300,6.1300,6.1200,6.1200,184400,1129628.0000,3
2025-03-04,20250304150000000,sz.000968,6.1200,6.1300,6.1200,6.1200,138800,849684.0000,3
2025-03-05,20250305093500000,sz.000968,6.1300,6.1400,6.0900,6.1000,698400,4267591.0000,3
2025-03-05,20250305094000000,sz.000968,6.1000,6.1100,6.0900,6.1000,142200,867211.0000,3
2025-03-05,20250305094500000,sz.000968,6.1100,6.1100,6.0900,6.0900,144400,880800.0000,3
2025-03-05,20250305095000000,sz.000968,6.0900,6.1000,6.0900,6.0900,138100,841833.0000,3
2025-03-05,20250305095500000,sz.000968,6.0900,6.1000,6.0800,6.0900,418800,2550475.0000,3
2025-03-05,20250305100000000,sz.000968,6.0900,6.0900,6.0800,6.0900,124500,757238.0000,3
2025-03-05,20250305100500000,sz.000968,6.0900,6.0900,6.0600,6.0600,626600,3805941.0000,3
2025-03-05,20250305101000000,sz.000968,6.0600,6.0800,6.0600,6.0700,117900,715325.0000,3
2025-03-05,20250305101500000,sz.000968,6.0700,6.0800,6.0700,6.0800,139700,848002.0000,3
2025-03-05,20250305102000000,sz.000968,6.0800,6.0800,6.0700,6.0700,74100,450224.0000,3
2025-03-05,20250305102500000,sz.000968,6.0700,6.0800,6.0700,6.0700,144800,878979.0000,3
2025-03-05,20250305103000000,sz.000968,6.0700,6.0800,6.0700,6.0700,42000,254962.0000,3
2025-03-05,20250305103500000,sz.000968,6.0700,6.0800,6.0700,6.0700,57300,347974.0000,3
2025-03-05,20250305104000000,sz.000968,6.0700,6.0800,6.0700,6.0700,26200,159192.0000,3
2025-03-05,20250305104500000,sz.000968,6.0700,6.0700,6.0600,6.0700,140500,852816.0000,3
2025-03-05,20250305105000000,sz.000968,6.0700,6.0800,6.0600,6.0700,73000,443062.0000,3
2025-03-05,20250305105500000,sz.000968,6.0700,6.0800,6.0700,6.0700,107300,651500.0000,3
2025-03-05,20250305110000000,sz.000968,6.0700,6.0800,6.0700,6.0800,19000,115356.0000,3
2025-03-05,20250305110500000,sz.000968,6.0700,6.0800,6.0700,6.0700,34000,206492.0000,3
2025-03-05,20250305111000000,sz.000968,6.0700,6.0800,6.0700,6.0800,18800,114208.0000,3
2025-03-05,20250305111500000,sz.000968,6.0800,6.1000,6.0700,6.0800,107400,653372.0000,3
2025-03-05,20250305112000000,sz.000968,6.0900,6.0900,6.0800,6.0800,31100,189400.0000,3
2025-03-05,20250305112500000,sz.000968,6.0800,6.0900,6.0800,6.0900,45000,274018.0000,3
2025-03-05,20250305113000000,sz.000968,6.0900,6.1000,6.0900,6.1000,19800,120608.0000,3
2025-03-05,20250305130500000,sz.000968,6.1000,6.1100,6.0900,6.0900,101200,617304.0000,3
2025-03-05,20250305131000000,sz.000968,6.0900,6.0900,6.0800,6.0900,47600,289800.0000,3
2025-03-05,20250305131500000,sz.000968,6.0900,6.1000,6.0800,6.0800,10400,63328.0000,3
2025-03-05,20250305132000000,sz.000968,6.0800,6.0900,6.0700,6.0800,83500,507654.0000,3
2025-03-05,20250305132500000,sz.000968,6.0700,6.0800,6.0700,6.0700,36800,223582.0000,3
2025-03-05,20250305133000000,sz.000968,6.0700,6.0800,6.0700,6.0700,31500,191238.0000,3
2025-03-05,20250305133500000,sz.000968,6.0800,6.0900,6.0700,6.0900,21900,133050.0000,3
2025-03-05,20250305134000000,sz.000968,6.0800,6.0900,6.0800,6.0800,30700,186668.0000,3
2025-03-05,20250305134500000,sz.000968,6.0800,6.0900,6.0800,6.0800,11600,70532.0000,3
2025-03-05,20250305135000000,sz.000968,6.0800,6.0900,6.0700,6.0900,81700,497090.0000,3
2025-03-05,20250305135500000,sz.000968,6.0900,6.0900,6.0800,6.0800,20100,122322.0000,3
2025-03-05,20250305140000000,sz.000968,6.0800,6.1000,6.0800,6.0900,63000,383632.0000,3
2025-03-05,20250305140500000,sz.000968,6.0900,6.1100,6.0900,6.1000,109300,666644.0000,3
2025-03-05,20250305141000000,sz.000968,6.1000,6.1100,6.0900,6.1000,42000,256204.0000,3
2025-03-05,20250305141500000,sz.000968,6.1000,6.1000,6.0900,6.0900,77200,470256.0000,3
2025-03-05,20250305142000000,sz.000968,6.0900,6.1000,6.0900,6.0900,11000,67002.0000,3
2025-03-05,20250305142500000,sz.000968,6.0900,6.1000,6.0800,6.0800,167900,1021782.0000,3
2025-03-05,20250305143000000,sz.000968,6.0900,6.1000,6.0900,6.1000,67300,409918.0000,3
2025-03-05,20250305143500000,sz.000968,6.1000,6.1000,6.0800,6.0900,343900,2090884.0000,3
2025-03-05,20250305144000000,sz.000968,6.0900,6.1000,6.0900,6.0900,97400,594012.0000,3
2025-03-05,20250305144500000,sz.000968,6.0900,6.1000,6.0900,6.1000,28800,175574.0000,3
2025-03-05,20250305145000000,sz.000968,6.1000,6.1000,6.0900,6.0900,51400,313374.0000,3
2025-03-05,20250305145500000,sz.000968,6.0900,6.1000,6.0900,6.1000,127800,778990.0000,3
2025-03-05,20250305150000000,sz.000968,6.0900,6.1000,6.0900,6.0900,158500,965540.0000,3
2025-03-06,20250306093500000,sz.000968,6.1000,6.1200,6.0700,6.0700,607300,3701134.0000,3
2025-03-06,20250306094000000,sz.000968,6.0800,6.0900,6.0700,6.0800,439800,2673832.0000,3
2025-03-06,20250306094500000,sz.000968,6.0900,6.1000,6.0800,6.0800,403600,2456546.0000,3
2025-03-06,20250306095000000,sz.000968,6.0800,6.0900,6.0800,6.0800,114100,693820.0000,3
2025-03-06,20250306095500000,sz.000968,6.0800,6.0900,6.0800,6.0900,92000,559510.0000,3
2025-03-06,20250306100000000,sz.000968,6.0800,6.0900,6.0800,6.0900,158600,964524.0000,3
2025-03-06,20250306100500000,sz.000968,6.0800,6.1100,6.0800,6.1100,446100,2719816.0000,3
2025-03-06,20250306101000000,sz.000968,6.1100,6.1200,6.0900,6.1200,176900,1080563.0000,3
2025-03-06,20250306101500000,sz.000968,6.1200,6.1200,6.1000,6.1000,169200,1033701.0000,3
2025-03-06,20250306102000000,sz.000968,6.1000,6.1100,6.0900,6.0900,163500,997612.0000,3
2025-03-06,20250306102500000,sz.000968,6.1100,6.1100,6.0900,6.1000,106000,646688.0000,3
2025-03-06,20250306103000000,sz.000968,6.1000,6.1100,6.0900,6.1100,71900,438704.0000,3
2025-03-06,20250306103500000,sz.000968,6.1100,6.1100,6.0900,6.1000,141500,863184.0000,3
2025-03-06,20250306104000000,sz.000968,6.1000,6.1100,6.0900,6.1000,175800,1070876.0000,3
2025-03-06,20250306104500000,sz.000968,6.0900,6.1000,6.0800,6.0900,134500,819112.0000,3
2025-03-06,20250306105000000,sz.000968,6.0900,6.1000,6.0800,6.0900,57100,347838.0000,3
2025-03-06,20250306105500000,sz.000968,6.0900,6.1000,6.0900,6.0900,99900,608454.0000,3
2025-03-06,20250306110000000,sz.000968,6.0900,6.1000,6.0800,6.1000,57400,349914.0000,3
2025-03-06,20250306110500000,sz.000968,6.1000,6.1000,6.0800,6.0900,59200,360532.0000,3
2025-03-06,20250306111000000,sz.000968,6.1000,6.1000,6.0800,6.0900,51800,315574.0000,3
2025-03-06,20250306111500000,sz.000968,6.0800,6.1000,6.0800,6.1000,320200,1947958.0000,3
2025-03-06,20250306112000000,sz.000968,6.0900,6.1000,6.0900,6.0900,71400,435304.0000,3
2025-03-06,20250306112500000,sz.000968,6.1000,6.1100,6.0900,6.1100,114800,700352.0000,3
2025-03-06,20250306113000000,sz.000968,6.1100,6.1100,6.1000,6.1000,152300,930020.0000,3
2025-03-06,20250306130500000,sz.000968,6.1000,6.1100,6.1000,6.1000,97400,594208.0000,3
2025-03-06,20250306131000000,sz.000968,6.1000,6.1100,6.0900,6.1000,46400,283224.0000,3
2025-03-06,20250306131500000,sz.000968,6.1000,6.1100,6.1000,6.1100,113000,690388.0000,3
2025-03-06,20250306132000000,sz.000968,6.1000,6.1200,6.1000,6.1200,121200,740500.0000,3
2025-03-06,20250306132500000,sz.000968,6.1200,6.1200,6.1000,6.1000,141400,863860.0000,3
2025-03-06,20250306133000000,sz.000968,6.1000,6.1100,6.0900,6.1100,190600,1162786.0000,3
2025-03-06,20250306133500000,sz.000968,6.1000,6.1100,6.1000,6.1000,111300,679034.0000,3
2025-03-06,20250306134000000,sz.000968,6.1000,6.1100,6.1000,6.1000,35000,213820.0000,3
2025-03-06,20250306134500000,sz.000968,6.1000,6.1100,6.1000,6.1100,34000,207478.0000,3
2025-03-06,20250306135000000,sz.000968,6.1100,6.1100,6.0900,6.1000,170200,1038374.0000,3
2025-03-06,20250306135500000,sz.000968,6.1000,6.1100,6.1000,6.1000,25300,154510.0000,3
2025-03-06,20250306140000000,sz.000968,6.1100,6.1100,6.1000,6.1000,52600,320942.0000,3
2025-03-06,20250306140500000,sz.000968,6.1100,6.1100,6.1000,6.1000,23900,145796.0000,3
2025-03-06,20250306141000000,sz.000968,6.1000,6.1100,6.1000,6.1000,25300,154420.0000,3
2025-03-06,20250306141500000,sz.000968,6.1100,6.1100,6.1000,6.1100,54800,334524.0000,3
2025-03-06,20250306142000000,sz.000968,6.1100,6.1200,6.1000,6.1200,182000,1112200.0000,3
2025-03-06,20250306142500000,sz.000968,6.1100,6.1200,6.1100,6.1100,75100,459324.0000,3
2025-03-06,20250306143000000,sz.000968,6.1200,6.1200,6.1100,6.1100,51200,313072.0000,3
2025-03-06,20250306143500000,sz.000968,6.1100,6.1300,6.1100,6.1200,232900,1425260.0000,3
2025-03-06,20250306144000000,sz.000968,6.1200,6.1200,6.1100,6.1100,50100,306544.0000,3
2025-03-06,20250306144500000,sz.000968,6.1100,6.1200,6.1100,6.1200,51500,314868.0000,3
2025-03-06,20250306145000000,sz.000968,6.1200,6.1200,6.1100,6.1100,140900,862204.0000,3
2025-03-06,20250306145500000,sz.000968,6.1200,6.1200,6.1100,6.1200,139300,851524.0000,3
2025-03-06,20250306150000000,sz.000968,6.1200,6.1200,6.1100,6.1200,185300,1133692.0000,3
2025-03-07,20250307093500000,sz.000968,6.1000,6.1200,6.0900,6.1000,361200,2205095.0000,3
2025-03-07,20250307094000000,sz.000968,6.1000,6.1100,6.0900,6.1000,238900,1455724.0000,3
2025-03-07,20250307094500000,sz.000968,6.1200,6.1400,6.1200,6.1400,746600,4572119.0000,3
2025-03-07,20250307095000000,sz.000968,6.1300,6.1500,6.1300,6.1400,268500,1647497.0000,3
2025-03-07,20250307095500000,sz.000968,6.1300,6.1700,6.1300,6.1600,632900,3895360.0000,3
2025-03-07,20250307100000000,sz.000968,6.1500,6.1700,6.1500,6.1700,481900,2969650.0000,3
2025-03-07,20250307100500000,sz.000968,6.1700,6.1700,6.1500,6.1700,253200,1559901.0000,3
2025-03-07,20250307101000000,sz.000968,6.1700,6.1800,6.1600,6.1800,336700,2078440.0000,3
2025-03-07,20250307101500000,sz.000968,6.1800,6.1800,6.1600,6.1700,165200,1019406.0000,3
2025-03-07,20250307102000000,sz.000968,6.1600,6.1900,6.1600,6.1900,728000,4498762.0000,3
2025-03-07,20250307102500000,sz.000968,6.1900,6.1900,6.1700,6.1800,293300,1813514.0000,3
2025-03-07,20250307103000000,sz.000968,6.1700,6.1800,6.1600,6.1600,85400,526894.0000,3
2025-03-07,20250307103500000,sz.000968,6.1600,6.1900,6.1600,6.1700,245100,1514094.0000,3
2025-03-07,20250307104000000,sz.000968,6.1700,6.1900,6.1700,6.1900,376600,2325202.0000,3
2025-03-07,20250307104500000,sz.000968,6.1800,6.1900,6.1800,6.1900,184000,1138400.0000,3
2025-03-07,20250307105000000,sz.000968,6.1900,6.1900,6.1700,6.1700,156800,968736.0000,3
2025-03-07,20250307105500000,sz.000968,6.1700,6.1800,6.1600,6.1600,125100,771832.0000,3
2025-03-07,20250307110000000,sz.000968,6.1600,6.1800,6.1600,6.1700,107300,661996.0000,3
2025-03-07,20250307110500000,sz.000968,6.1700,6.1800,6.1600,6.1600,237800,1466208.0000,3
2025-03-07,20250307111000000,sz.000968,6.1600,6.1800,6.1600,6.1800,76100,469540.0000,3
2025-03-07,20250307111500000,sz.000968,6.1700,6.1800,6.1600,6.1600,65100,401764.0000,3
2025-03-07,20250307112000000,sz.000968,6.1600,6.1700,6.1600,6.1600,193100,1188708.0000,3
2025-03-07,20250307112500000,sz.000968,6.1700,6.1800,6.1600,6.1800,207500,1280412.0000,3
2025-03-07,20250307113000000,sz.000968,6.1700,6.1800,6.1700,6.1800,46600,287840.0000,3
2025-03-07,20250307130500000,sz.000968,6.1800,6.1800,6.1700,6.1800,82900,511636.0000,3
2025-03-07,20250307131000000,sz.000968,6.1700,6.1800,6.1600,6.1700,63800,393640.0000,3
2025-03-07,20250307131500000,sz.000968,6.1700,6.1800,6.1600,6.1700,93700,578640.0000,3
2025-03-07,20250307132000000,sz.000968,6.1700,6.1800,6.1600,6.1800,155400,957828.0000,3
2025-03-07,20250307132500000,sz.000968,6.1700,6.1700,6.1600,6.1600,48000,296128.0000,3
2025-03-07,20250307133000000,sz.000968,6.1600,6.1700,6.1600,6.1700,34500,212712.0000,3
2025-03-07,20250307133500000,sz.000968,6.1700,6.1700,6.1600,6.1700,34300,211500.0000,3
2025-03-07,20250307134000000,sz.000968,6.1600,6.1700,6.1600,6.1700,75500,465768.0000,3
2025-03-07,20250307134500000,sz.000968,6.1700,6.1700,6.1500,6.1500,187200,1152232.0000,3
2025-03-07,20250307135000000,sz.000968,6.1500,6.1600,6.1400,6.1500,85700,527080.0000,3
2025-03-07,20250307135500000,sz.000968,6.1500,6.1600,6.1400,6.1500,94800,583048.0000,3
2025-03-07,20250307140000000,sz.000968,6.1500,6.1600,6.1500,6.1600,57100,351696.0000,3
2025-03-07,20250307140500000,sz.000968,6.1700,6.1700,6.1500,6.1600,54800,337428.0000,3
2025-03-07,20250307141000000,sz.000968,6.1500,6.1600,6.1500,6.1500,41700,256568.0000,3
2025-03-07,20250307141500000,sz.000968,6.1600,6.1600,6.1500,6.1600,35000,215476.0000,3
2025-03-07,20250307142000000,sz.000968,6.1600,6.1600,6.1500,6.1600,93000,572444.0000,3
2025-03-07,20250307142500000,sz.000968,6.1600,6.1700,6.1500,6.1600,33900,208820.0000,3
2025-03-07,20250307143000000,sz.000968,6.1600,6.1600,6.1400,6.1400,140400,863552.0000,3
2025-03-07,20250307143500000,sz.000968,6.1400,6.1600,6.1400,6.1500,41400,254604.0000,3
2025-03-07,20250307144000000,sz.000968,6.1500,6.1500,6.1400,6.1400,380300,2334996.0000,3
2025-03-07,20250307144500000,sz.000968,6.1400,6.1500,6.1300,6.1500,46700,286808.0000,3
2025-03-07,20250307145000000,sz.000968,6.1500,6.1500,6.1400,6.1500,139000,853792.0000,3
2025-03-07,20250307145500000,sz.000968,6.1500,6.1500,6.1400,6.1500,87100,535540.0000,3
2025-03-07,20250307150000000,sz.000968,6.1500,6.1500,6.1300,6.1300,487000,2984988.0000,3
2025-03-10,20250310093500000,sz.000968,6.1700,6.2100,6.1500,6.2100,705200,4358286.0000,3
2025-03-10,20250310094000000,sz.000968,6.2100,6.2400,6.2000,6.2300,901300,5608784.0000,3
2025-03-10,20250310094500000,sz.000968,6.2300,6.2400,6.2100,6.2200,540000,3362803.0000,3
2025-03-10,20250310095000000,sz.000968,6.2200,6.2400,6.2100,6.2400,561400,3496306.0000,3
2025-03-10,20250310095500000,sz.000968,6.2400,6.2400,6.2300,6.2300,232900,1451486.0000,3
2025-03-10,20250310100000000,sz.000968,6.2300,6.2500,6.2200,6.2200,772400,4814766.0000,3
2025-03-10,20250310100500000,sz.000968,6.2200,6.2200,6.2000,6.2100,119200,740712.0000,3
2025-03-10,20250310101000000,sz.000968,6.2100,6.2200,6.2000,6.2200,154200,957800.0000,3
2025-03-10,20250310101500000,sz.000968,6.2100,6.2200,6.2100,6.2200,91800,570620.0000,3
2025-03-10,20250310102000000,sz.000968,6.2200,6.2300,6.2000,6.2200,346600,2153924.0000,3
2025-03-10,20250310102500000,sz.000968,6.2200,6.2200,6.2100,6.2100,42100,261680.0000,3
2025-03-10,20250310103000000,sz.000968,6.2100,6.2300,6.2000,6.2100,246500,1532156.0000,3
2025-03-10,20250310103500000,sz.000968,6.2100,6.2200,6.2000,6.2000,37100,230310.0000,3
2025-03-10,20250310104000000,sz.000968,6.2000,6.2200,6.2000,6.2200,40200,249784.0000,3
2025-03-10,20250310104500000,sz.000968,6.2200,6.2200,6.2000,6.2100,95200,591008.0000,3
2025-03-10,20250310105000000,sz.000968,6.2000,6.2200,6.2000,6.2100,51500,319744.0000,3
2025-03-10,20250310105500000,sz.000968,6.2100,6.2100,6.2000,6.2000,47500,294658.0000,3
2025-03-10,20250310110000000,sz.000968,6.2100,6.2100,6.2000,6.2100,25800,160080.0000,3
2025-03-10,20250310110500000,sz.000968,6.2100,6.2100,6.1900,6.1900,137900,854600.0000,3
2025-03-10,20250310111000000,sz.000968,6.1900,6.2100,6.1900,6.2100,89600,555458.0000,3
2025-03-10,20250310111500000,sz.000968,6.2000,6.2100,6.1900,6.2100,138200,857326.0000,3
2025-03-10,20250310112000000,sz.000968,6.2100,6.2300,6.2000,6.2300,217700,1353664.0000,3
2025-03-10,20250310112500000,sz.000968,6.2300,6.2500,6.2300,6.2400,628700,3921872.0000,3
2025-03-10,20250310113000000,sz.000968,6.2400,6.2500,6.2300,6.2400,364900,2277040.0000,3
2025-03-10,20250310130500000,sz.000968,6.2400,6.2400,6.2200,6.2300,316100,1970480.0000,3
2025-03-10,20250310131000000,sz.000968,6.2300,6.2400,6.2200,6.2300,893900,5570272.0000,3
2025-03-10,20250310131500000,sz.000968,6.2300,6.2500,6.2200,6.2500,517200,3224712.0000,3
2025-03-10,20250310132000000,sz.000968,6.2500,6.2800,6.2500,6.2600,930800,5826532.0000,3
2025-03-10,20250310132500000,sz.000968,6.2600,6.2700,6.2600,6.2700,312800,1959000.0000,3
2025-03-10,20250310133000000,sz.000968,6.2600,6.2700,6.2500,6.2600,288700,1807708.0000,3
2025-03-10,20250310133500000,sz.000968,6.2600,6.2700,6.2500,6.2700,301700,1889308.0000,3
2025-03-10,20250310134000000,sz.000968,6.2700,6.2800,6.2600,6.2800,523900,3285392.0000,3
2025-03-10,20250310134500000,sz.000968,6.2800,6.2800,6.2700,6.2700,216500,1359400.0000,3
2025-03-10,20250310135000000,sz.000968,6.2700,6.2700,6.2600,6.2600,455100,2850384.0000,3
2025-03-10,20250310135500000,sz.000968,6.2600,6.2700,6.2500,6.2500,17700,110696.0000,3
2025-03-10,20250310140000000,sz.000968,6.2600,6.2600,6.2400,6.2400,139300,870256.0000,3
2025-03-10,20250310140500000,sz.000968,6.2300,6.2500,6.2300,6.2500,146600,914120.0000,3
2025-03-10,20250310141000000,sz.000968,6.2400,6.2600,6.2400,6.2500,111400,696008.0000,3
2025-03-10,20250310141500000,sz.000968,6.2500,6.2800,6.2400,6.2800,225900,1416160.0000,3
2025-03-10,20250310142000000,sz.000968,6.2700,6.3000,6.2700,6.3000,500000,3141760.0000,3
2025-03-10,20250310142500000,sz.000968,6.2900,6.3100,6.2700,6.2900,851500,5360432.0000,3
2025-03-10,20250310143000000,sz.000968,6.2900,6.3100,6.2900,6.3100,474500,2989448.0000,3
2025-03-10,20250310143500000,sz.000968,6.3100,6.3300,6.3000,6.3300,1186900,7499920.0000,3
2025-03-10,20250310144000000,sz.000968,6.3300,6.3600,6.3100,6.3500,1204500,7628032.0000,3
2025-03-10,20250310144500000,sz.000968,6.3500,6.3600,6.3400,6.3500,915800,5814504.0000,3
2025-03-10,20250310145000000,sz.000968,6.3500,6.3500,6.3400,6.3400,452100,2868752.0000,3
2025-03-10,20250310145500000,sz.000968,6.3400,6.3500,6.3400,6.3500,445100,2824080.0000,3
2025-03-10,20250310150000000,sz.000968,6.3500,6.3500,6.3400,6.3400,642400,4076000.0000,3
2025-03-11,20250311093500000,sz.000968,6.3000,6.3200,6.2500,6.2600,1101700,6927072.0000,3
2025-03-11,20250311094000000,sz.000968,6.2600,6.2800,6.2400,6.2700,519200,3244787.0000,3
2025-03-11,20250311094500000,sz.000968,6.2700,6.2900,6.2700,6.2800,270500,1698306.0000,3
2025-03-11,20250311095000000,sz.000968,6.2700,6.3000,6.2600,6.2800,222100,1395721.0000,3
2025-03-11,20250311095500000,sz.000968,6.2900,6.2900,6.2600,6.2600,181700,1139304.0000,3
2025-03-11,20250311100000000,sz.000968,6.2600,6.2700,6.2500,6.2600,161600,1012259.0000,3
2025-03-11,20250311100500000,sz.000968,6.2600,6.2800,6.2600,6.2600,318000,1992901.0000,3
2025-03-11,20250311101000000,sz.000968,6.2600,6.2700,6.2500,6.2500,122000,763524.0000,3
2025-03-11,20250311101500000,sz.000968,6.2500,6.2800,6.2500,6.2800,218700,1370860.0000,3
2025-03-11,20250311102000000,sz.000968,6.2800,6.2800,6.2700,6.2800,107000,671180.0000,3
2025-03-11,20250311102500000,sz.000968,6.2700,6.2800,6.2700,6.2800,74500,467596.0000,3
2025-03-11,20250311103000000,sz.000968,6.2700,6.2900,6.2700,6.2900,234300,1470968.0000,3
2025-03-11,20250311103500000,sz.000968,6.2900,6.2900,6.2800,6.2800,36700,230612.0000,3
2025-03-11,20250311104000000,sz.000968,6.2800,6.2900,6.2700,6.2700,112500,706474.0000,3
2025-03-11,20250311104500000,sz.000968,6.2700,6.2800,6.2700,6.2800,129500,812044.0000,3
2025-03-11,20250311105000000,sz.000968,6.2800,6.2800,6.2600,6.2600,83500,523556.0000,3
2025-03-11,20250311105500000,sz.000968,6.2600,6.2700,6.2600,6.2700,112300,703584.0000,3
2025-03-11,20250311110000000,sz.000968,6.2700,6.2800,6.2600,6.2700,28600,179330.0000,3
2025-03-11,20250311110500000,sz.000968,6.2800,6.2800,6.2600,6.2700,52000,325996.0000,3
2025-03-11,20250311111000000,sz.000968,6.2700,6.2700,6.2500,6.2500,197900,1238564.0000,3
2025-03-11,20250311111500000,sz.000968,6.2600,6.2600,6.2500,6.2600,72600,454420.0000,3
2025-03-11,20250311112000000,sz.000968,6.2600,6.2800,6.2600,6.2800,57500,360560.0000,3
2025-03-11,20250311112500000,sz.000968,6.2700,6.2800,6.2700,6.2700,75800,475564.0000,3
2025-03-11,20250311113000000,sz.000968,6.2700,6.2800,6.2700,6.2700,42300,265366.0000,3
2025-03-11,20250311130500000,sz.000968,6.3300,6.3300,6.2800,6.3100,672800,4245324.0000,3
2025-03-11,20250311131000000,sz.000968,6.3100,6.3300,6.3000,6.3300,152300,961926.0000,3
2025-03-11,20250311131500000,sz.000968,6.3300,6.3900,6.3100,6.3800,614100,3903128.0000,3
2025-03-11,20250311132000000,sz.000968,6.3800,6.3800,6.3500,6.3500,266100,1694336.0000,3
2025-03-11,20250311132500000,sz.000968,6.3500,6.3600,6.3400,6.3500,186900,1186692.0000,3
2025-03-11,20250311133000000,sz.000968,6.3400,6.3700,6.3400,6.3600,135200,859072.0000,3
2025-03-11,20250311133500000,sz.000968,6.3500,6.3500,6.3300,6.3400,114200,724228.0000,3
2025-03-11,20250311134000000,sz.000968,6.3400,6.3500,6.3300,6.3400,116200,737240.0000,3
2025-03-11,20250311134500000,sz.000968,6.3400,6.3500,6.3300,6.3500,123100,780436.0000,3
2025-03-11,20250311135000000,sz.000968,6.3500,6.3500,6.3400,6.3500,25500,161768.0000,3
2025-03-11,20250311135500000,sz.000968,6.3500,6.3500,6.3300,6.3400,228600,1449096.0000,3
2025-03-11,20250311140000000,sz.000968,6.3400,6.3400,6.3300,6.3300,50100,317436.0000,3
2025-03-11,20250311140500000,sz.000968,6.3300,6.3500,6.3300,6.3500,85800,544016.0000,3
2025-03-11,20250311141000000,sz.000968,6.3500,6.3500,6.3400,6.3500,31200,198056.0000,3
2025-03-11,20250311141500000,sz.000968,6.3400,6.3500,6.3400,6.3500,112300,712772.0000,3
2025-03-11,20250311142000000,sz.000968,6.3500,6.3500,6.3400,6.3500,21700,137680.0000,3
2025-03-11,20250311142500000,sz.000968,6.3500,6.3500,6.3400,6.3400,54100,343188.0000,3
2025-03-11,20250311143000000,sz.000968,6.3400,6.3500,6.3400,6.3400,100100,635248.0000,3
2025-03-11,20250311143500000,sz.000968,6.3400,6.3700,6.3400,6.3600,300000,1906316.0000,3
2025-03-11,20250311144000000,sz.000968,6.3700,6.3700,6.3600,6.3700,452600,2883668.0000,3
2025-03-11,20250311144500000,sz.000968,6.3700,6.3700,6.3600,6.3700,117200,745888.0000,3
2025-03-11,20250311145000000,sz.000968,6.3700,6.3700,6.3600,6.3700,152300,969608.0000,3
2025-03-11,20250311145500000,sz.000968,6.3700,6.3800,6.3600,6.3600,586800,3736896.0000,3
2025-03-11,20250311150000000,sz.000968,6.3600,6.3800,6.3600,6.3700,206500,1315372.0000,3
2025-03-12,20250312093500000,sz.000968,6.3800,6.3900,6.3300,6.3500,510400,3247115.0000,3
2025-03-12,20250312094000000,sz.000968,6.3400,6.3500,6.3200,6.3200,240900,1526339.0000,3
2025-03-12,20250312094500000,sz.000968,6.3200,6.3400,6.3200,6.3200,324000,2048888.0000,3
2025-03-12,20250312095000000,sz.000968,6.3200,6.3300,6.3100,6.3300,254900,1610939.0000,3
2025-03-12,20250312095500000,sz.000968,6.3200,6.3300,6.3200,6.3300,108600,686562.0000,3
2025-03-12,20250312100000000,sz.000968,6.3300,6.3300,6.3100,6.3200,321800,2034611.0000,3
2025-03-12,20250312100500000,sz.000968,6.3200,6.3200,6.3100,6.3100,67200,424281.0000,3
2025-03-12,20250312101000000,sz.000968,6.3100,6.3200,6.3100,6.3100,324400,2047042.0000,3
2025-03-12,20250312101500000,sz.000968,6.3100,6.3200,6.3100,6.3100,145400,918440.0000,3
2025-03-12,20250312102000000,sz.000968,6.3200,6.3300,6.3100,6.3300,135900,859293.0000,3
2025-03-12,20250312102500000,sz.000968,6.3300,6.3300,6.3100,6.3200,111900,707187.0000,3
2025-03-12,20250312103000000,sz.000968,6.3200,6.3300,6.3100,6.3200,64100,405136.0000,3
2025-03-12,20250312103500000,sz.000968,6.3300,6.3400,6.3200,6.3300,68800,435598.0000,3
2025-03-12,20250312104000000,sz.000968,6.3300,6.3400,6.3200,6.3300,236000,1493952.0000,3
2025-03-12,20250312104500000,sz.000968,6.3300,6.3400,6.3200,6.3300,137100,867838.0000,3
2025-03-12,20250312105000000,sz.000968,6.3300,6.3300,6.3200,6.3200,49300,311952.0000,3
2025-03-12,20250312105500000,sz.000968,6.3300,6.3400,6.3300,6.3300,150100,950252.0000,3
2025-03-12,20250312110000000,sz.000968,6.3300,6.3400,6.3200,6.3200,131600,832024.0000,3
2025-03-12,20250312110500000,sz.000968,6.3200,6.3300,6.3200,6.3200,20700,130836.0000,3
2025-03-12,20250312111000000,sz.000968,6.3200,6.3300,6.3200,6.3200,51600,326312.0000,3
2025-03-12,20250312111500000,sz.000968,6.3200,6.3300,6.3200,6.3300,145800,921464.0000,3
2025-03-12,20250312112000000,sz.000968,6.3300,6.3400,6.3200,6.3200,154400,977348.0000,3
2025-03-12,20250312112500000,sz.000968,6.3200,6.3300,6.3200,6.3300,39300,248614.0000,3
2025-03-12,20250312113000000,sz.000968,6.3200,6.3300,6.3200,6.3200,45000,284576.0000,3
2025-03-12,20250312130500000,sz.000968,6.3200,6.3300,6.3200,6.3200,322500,2038794.0000,3
2025-03-12,20250312131000000,sz.000968,6.3200,6.3300,6.3200,6.3300,49600,313946.0000,3
2025-03-12,20250312131500000,sz.000968,6.3300,6.3300,6.3200,6.3300,250000,1582238.0000,3
2025-03-12,20250312132000000,sz.000968,6.3300,6.3400,6.3200,6.3400,120600,763428.0000,3
2025-03-12,20250312132500000,sz.000968,6.3400,6.3400,6.3300,6.3300,72300,458328.0000,3
2025-03-12,20250312133000000,sz.000968,6.3300,6.3400,6.3300,6.3300,103300,653952.0000,3
2025-03-12,20250312133500000,sz.000968,6.3300,6.3400,6.3200,6.3400,68000,430560.0000,3
2025-03-12,20250312134000000,sz.000968,6.3400,6.3400,6.3200,6.3300,63800,403988.0000,3
2025-03-12,20250312134500000,sz.000968,6.3200,6.3300,6.3200,6.3300,88200,558196.0000,3
2025-03-12,20250312135000000,sz.000968,6.3300,6.3300,6.3200,6.3300,22400,141268.0000,3
2025-03-12,20250312135500000,sz.000968,6.3300,6.3300,6.3200,6.3200,89600,567028.0000,3
2025-03-12,20250312140000000,sz.000968,6.3300,6.3300,6.3200,6.3300,64000,405072.0000,3
2025-03-12,20250312140500000,sz.000968,6.3300,6.3300,6.3200,6.3200,50900,321868.0000,3
2025-03-12,20250312141000000,sz.000968,6.3200,6.3400,6.3200,6.3400,116800,739236.0000,3
2025-03-12,20250312141500000,sz.000968,6.3400,6.3400,6.3300,6.3400,108800,689652.0000,3
2025-03-12,20250312142000000,sz.000968,6.3300,6.3500,6.3300,6.3400,92500,585916.0000,3
2025-03-12,20250312142500000,sz.000968,6.3400,6.3400,6.3100,6.3100,189400,1198008.0000,3
2025-03-12,20250312143000000,sz.000968,6.3100,6.3300,6.3100,6.3300,128200,810196.0000,3
2025-03-12,20250312143500000,sz.000968,6.3300,6.3300,6.3200,6.3300,94600,597972.0000,3
2025-03-12,20250312144000000,sz.000968,6.3300,6.3300,6.3200,6.3300,30500,193032.0000,3
2025-03-12,20250312144500000,sz.000968,6.3300,6.3400,6.3200,6.3300,202300,1280264.0000,3
2025-03-12,20250312145000000,sz.000968,6.3300,6.3300,6.3100,6.3200,161400,1019920.0000,3
2025-03-12,20250312145500000,sz.000968,6.3200,6.3200,6.3100,6.3200,250500,1581588.0000,3
2025-03-12,20250312150000000,sz.000968,6.3100,6.3300,6.3100,6.3300,190200,1202500.0000,3
2025-03-13,20250313093500000,sz.000968,6.3500,6.3600,6.3300,6.3400,368700,2338790.0000,3
2025-03-13,20250313094000000,sz.000968,6.3400,6.3500,6.3200,6.3300,246700,1562457.0000,3
2025-03-13,20250313094500000,sz.000968,6.3300,6.3300,6.3100,6.3100,149900,947000.0000,3
2025-03-13,20250313095000000,sz.000968,6.3100,6.3300,6.3100,6.3200,122700,775249.0000,3
2025-03-13,20250313095500000,sz.000968,6.3200,6.3400,6.3100,6.3200,143800,909512.0000,3
2025-03-13,20250313100000000,sz.000968,6.3200,6.3400,6.3200,6.3400,236100,1495475.0000,3
2025-03-13,20250313100500000,sz.000968,6.3400,6.3500,6.3300,6.3400,203100,1288100.0000,3
2025-03-13,20250313101000000,sz.000968,6.3400,6.3500,6.3300,6.3400,177400,1124764.0000,3
2025-03-13,20250313101500000,sz.000968,6.3500,6.3600,6.3400,6.3500,152600,969317.0000,3
2025-03-13,20250313102000000,sz.000968,6.3500,6.3500,6.3300,6.3300,166000,1053387.0000,3
2025-03-13,20250313102500000,sz.000968,6.3300,6.3400,6.3300,6.3400,56900,360287.0000,3
2025-03-13,20250313103000000,sz.000968,6.3300,6.3300,6.3200,6.3300,74500,471323.0000,3
2025-03-13,20250313103500000,sz.000968,6.3300,6.3300,6.3100,6.3100,165500,1045374.0000,3
2025-03-13,20250313104000000,sz.000968,6.3100,6.3300,6.3100,6.3100,89900,567844.0000,3
2025-03-13,20250313104500000,sz.000968,6.3100,6.3300,6.3100,6.3300,95300,602149.0000,3
2025-03-13,20250313105000000,sz.000968,6.3300,6.3300,6.3200,6.3300,17100,108188.0000,3
2025-03-13,20250313105500000,sz.000968,6.3300,6.3400,6.3200,6.3300,75100,475437.0000,3
2025-03-13,20250313110000000,sz.000968,6.3300,6.3400,6.3300,6.3300,45300,287047.0000,3
2025-03-13,20250313110500000,sz.000968,6.3300,6.3600,6.3300,6.3600,247400,1570842.0000,3
2025-03-13,20250313111000000,sz.000968,6.3500,6.3600,6.3400,6.3400,104900,665898.0000,3
2025-03-13,20250313111500000,sz.000968,6.3400,6.3400,6.3200,6.3300,116400,737136.0000,3
2025-03-13,20250313112000000,sz.000968,6.3300,6.3500,6.3300,6.3400,141300,895608.0000,3
2025-03-13,20250313112500000,sz.000968,6.3400,6.3400,6.3300,6.3400,158500,1004762.0000,3
2025-03-13,20250313113000000,sz.000968,6.3400,6.3400,6.3200,6.3200,89200,564978.0000,3
2025-03-13,20250313130500000,sz.000968,6.3200,6.3200,6.3000,6.3200,226000,1426658.0000,3
2025-03-13,20250313131000000,sz.000968,6.3200,6.3300,6.3100,6.3200,182600,1153332.0000,3
2025-03-13,20250313131500000,sz.000968,6.3200,6.3300,6.3100,6.3100,118000,745360.0000,3
2025-03-13,20250313132000000,sz.000968,6.3100,6.3300,6.3100,6.3100,96700,611252.0000,3
2025-03-13,20250313132500000,sz.000968,6.3100,6.3300,6.3100,6.3300,95500,603640.0000,3
2025-03-13,20250313133000000,sz.000968,6.3300,6.3300,6.3200,6.3200,109100,689822.0000,3
2025-03-13,20250313133500000,sz.000968,6.3200,6.3300,6.3200,6.3200,10600,66998.0000,3
2025-03-13,20250313134000000,sz.000968,6.3200,6.3300,6.3200,6.3300,151800,959376.0000,3
2025-03-13,20250313134500000,sz.000968,6.3200,6.3400,6.3200,6.3300,160900,1018376.0000,3
2025-03-13,20250313135000000,sz.000968,6.3300,6.3500,6.3200,6.3400,279400,1770360.0000,3
2025-03-13,20250313135500000,sz.000968,6.3400,6.3500,6.3300,6.3300,61600,390480.0000,3
2025-03-13,20250313140000000,sz.000968,6.3300,6.3400,6.3300,6.3400,35200,222860.0000,3
2025-03-13,20250313140500000,sz.000968,6.3300,6.3300,6.3200,6.3200,91200,576736.0000,3
2025-03-13,20250313141000000,sz.000968,6.3200,6.3300,6.3200,6.3200,31500,199084.0000,3
2025-03-13,20250313141500000,sz.000968,6.3200,6.3400,6.3200,6.3300,180900,1145980.0000,3
2025-03-13,20250313142000000,sz.000968,6.3400,6.3500,6.3300,6.3400,67200,425954.0000,3
2025-03-13,20250313142500000,sz.000968,6.3400,6.3500,6.3400,6.3400,40800,258804.0000,3
2025-03-13,20250313143000000,sz.000968,6.3500,6.3600,6.3400,6.3500,237000,1504906.0000,3
2025-03-13,20250313143500000,sz.000968,6.3600,6.3700,6.3500,6.3600,262800,1671076.0000,3
2025-03-13,20250313144000000,sz.000968,6.3600,6.3600,6.3500,6.3500,142200,903732.0000,3
2025-03-13,20250313144500000,sz.000968,6.3500,6.3700,6.3500,6.3600,575000,3656884.0000,3
2025-03-13,20250313145000000,sz.000968,6.3600,6.3800,6.3600,6.3800,1068400,6806908.0000,3
2025-03-13,20250313145500000,sz.000968,6.3700,6.3800,6.3700,6.3800,151000,962624.0000,3
2025-03-13,20250313150000000,sz.000968,6.3800,6.3800,6.3700,6.3800,227000,1447648.0000,3
2025-03-14,20250314093500000,sz.000968,6.3800,6.4100,6.3700,6.4000,589000,3764004.0000,3
2025-03-14,20250314094000000,sz.000968,6.4000,6.4000,6.3600,6.3600,313900,2001667.0000,3
2025-03-14,20250314094500000,sz.000968,6.3600,6.3800,6.3500,6.3500,419200,2666153.0000,3
2025-03-14,20250314095000000,sz.000968,6.3500,6.3600,6.3400,6.3500,239800,1523162.0000,3
2025-03-14,20250314095500000,sz.000968,6.3500,6.3600,6.3300,6.3400,334600,2121826.0000,3
2025-03-14,20250314100000000,sz.000968,6.3400,6.3700,6.3400,6.3500,113700,723057.0000,3
2025-03-14,20250314100500000,sz.000968,6.3500,6.3600,6.3500,6.3500,90700,576108.0000,3
2025-03-14,20250314101000000,sz.000968,6.3500,6.3500,6.3400,6.3500,71700,454993.0000,3
2025-03-14,20250314101500000,sz.000968,6.3400,6.3500,6.3300,6.3400,123700,784337.0000,3
2025-03-14,20250314102000000,sz.000968,6.3400,6.3600,6.3400,6.3500,127000,806097.0000,3
2025-03-14,20250314102500000,sz.000968,6.3500,6.3600,6.3400,6.3500,101700,646610.0000,3
2025-03-14,20250314103000000,sz.000968,6.3500,6.3500,6.3400,6.3500,120100,762488.0000,3
2025-03-14,20250314103500000,sz.000968,6.3500,6.3600,6.3400,6.3400,204200,1295559.0000,3
2025-03-14,20250314104000000,sz.000968,6.3500,6.3600,6.3400,6.3500,153400,973712.0000,3
2025-03-14,20250314104500000,sz.000968,6.3600,6.3700,6.3500,6.3600,133000,845682.0000,3
2025-03-14,20250314105000000,sz.000968,6.3600,6.3700,6.3600,6.3700,34300,218316.0000,3
2025-03-14,20250314105500000,sz.000968,6.3700,6.3700,6.3600,6.3700,41000,261006.0000,3
2025-03-14,20250314110000000,sz.000968,6.3700,6.3800,6.3600,6.3700,59200,377196.0000,3
2025-03-14,20250314110500000,sz.000968,6.3800,6.3800,6.3700,6.3800,55400,353150.0000,3
2025-03-14,20250314111000000,sz.000968,6.3800,6.3900,6.3700,6.3800,177100,1129798.0000,3
2025-03-14,20250314111500000,sz.000968,6.3800,6.3900,6.3700,6.3800,125000,797572.0000,3
2025-03-14,20250314112000000,sz.000968,6.3800,6.3900,6.3800,6.3900,190600,1216256.0000,3
2025-03-14,20250314112500000,sz.000968,6.3900,6.3900,6.3700,6.3900,166900,1065236.0000,3
2025-03-14,20250314113000000,sz.000968,6.3900,6.3900,6.3800,6.3900,81500,520426.0000,3
2025-03-14,20250314130500000,sz.000968,6.3900,6.3900,6.3700,6.3900,146000,931596.0000,3
2025-03-14,20250314131000000,sz.000968,6.3900,6.3900,6.3700,6.3800,101900,650168.0000,3
2025-03-14,20250314131500000,sz.000968,6.3900,6.3900,6.3700,6.3800,189800,1209570.0000,3
2025-03-14,20250314132000000,sz.000968,6.3800,6.3900,6.3700,6.3900,125600,801238.0000,3
2025-03-14,20250314132500000,sz.000968,6.3800,6.3800,6.3700,6.3800,44300,282564.0000,3
2025-03-14,20250314133000000,sz.000968,6.3800,6.3800,6.3700,6.3700,23100,147348.0000,3
2025-03-14,20250314133500000,sz.000968,6.3700,6.3900,6.3700,6.3900,64500,411560.0000,3
2025-03-14,20250314134000000,sz.000968,6.3900,6.3900,6.3800,6.3800,38100,243360.0000,3
2025-03-14,20250314134500000,sz.000968,6.3800,6.3900,6.3700,6.3800,123400,787360.0000,3
2025-03-14,20250314135000000,sz.000968,6.3700,6.3900,6.3700,6.3800,112400,716772.0000,3
2025-03-14,20250314135500000,sz.000968,6.3800,6.3900,6.3700,6.3900,193000,1231374.0000,3
2025-03-14,20250314140000000,sz.000968,6.3900,6.3900,6.3700,6.3900,137400,876760.0000,3
2025-03-14,20250314140500000,sz.000968,6.3900,6.3900,6.3800,6.3900,29000,185280.0000,3
2025-03-14,20250314141000000,sz.000968,6.3900,6.3900,6.3800,6.3900,123200,786712.0000,3
2025-03-14,20250314141500000,sz.000968,6.3900,6.3900,6.3700,6.3800,93700,597700.0000,3
2025-03-14,20250314142000000,sz.000968,6.3800,6.3900,6.3700,6.3800,166000,1058616.0000,3
2025-03-14,20250314142500000,sz.000968,6.3700,6.3800,6.3700,6.3800,71200,454064.0000,3
2025-03-14,20250314143000000,sz.000968,6.3800,6.3900,6.3800,6.3800,127700,815088.0000,3
2025-03-14,20250314143500000,sz.000968,6.3800,6.3900,6.3800,6.3900,110300,704476.0000,3
2025-03-14,20250314144000000,sz.000968,6.3800,6.3900,6.3800,6.3900,216000,1379896.0000,3
2025-03-14,20250314144500000,sz.000968,6.3900,6.3900,6.3800,6.3800,309000,1973324.0000,3
2025-03-14,20250314145000000,sz.000968,6.3800,6.3900,6.3800,6.3900,147700,942920.0000,3
2025-03-14,20250314145500000,sz.000968,6.3900,6.3900,6.3700,6.3900,282900,1804836.0000,3
2025-03-14,20250314150000000,sz.000968,6.3900,6.3900,6.3800,6.3800,157500,1005008.0000,3
2025-03-17,20250317093500000,sz.000968,6.4000,6.4500,6.4000,6.4400,777000,4990903.0000,3
2025-03-17,20250317094000000,sz.000968,6.4400,6.4600,6.4300,6.4500,504700,3251599.0000,3
2025-03-17,20250317094500000,sz.000968,6.4500,6.4600,6.4300,6.4500,506500,3266791.0000,3
2025-03-17,20250317095000000,sz.000968,6.4500,6.4600,6.4400,6.4600,273000,1761037.0000,3
2025-03-17,20250317095500000,sz.000968,6.4600,6.4600,6.4400,6.4400,350800,2262456.0000,3
2025-03-17,20250317100000000,sz.000968,6.4500,6.4500,6.4300,6.4300,168500,1084827.0000,3
2025-03-17,20250317100500000,sz.000968,6.4300,6.4800,6.4300,6.4800,531700,3433583.0000,3
2025-03-17,20250317101000000,sz.000968,6.4800,6.4900,6.4600,6.4700,436800,2829680.0000,3
2025-03-17,20250317101500000,sz.000968,6.4800,6.4800,6.4600,6.4700,109500,707952.0000,3
2025-03-17,20250317102000000,sz.000968,6.4700,6.4700,6.4500,6.4600,134500,868848.0000,3
2025-03-17,20250317102500000,sz.000968,6.4600,6.4700,6.4600,6.4600,46300,299300.0000,3
2025-03-17,20250317103000000,sz.000968,6.4600,6.4700,6.4500,6.4600,162700,1051048.0000,3
2025-03-17,20250317103500000,sz.000968,6.4600,6.4800,6.4600,6.4800,120500,779544.0000,3
2025-03-17,20250317104000000,sz.000968,6.4700,6.4700,6.4600,6.4700,94000,608046.0000,3
2025-03-17,20250317104500000,sz.000968,6.4600,6.4700,6.4600,6.4700,123600,798554.0000,3
2025-03-17,20250317105000000,sz.000968,6.4700,6.4700,6.4500,6.4500,252300,1627728.0000,3
2025-03-17,20250317105500000,sz.000968,6.4500,6.4600,6.4500,6.4600,114100,736200.0000,3
2025-03-17,20250317110000000,sz.000968,6.4500,6.4600,6.4400,6.4500,67500,435440.0000,3
2025-03-17,20250317110500000,sz.000968,6.4500,6.4700,6.4500,6.4600,126200,815448.0000,3
2025-03-17,20250317111000000,sz.000968,6.4600,6.4700,6.4500,6.4500,86000,555660.0000,3
2025-03-17,20250317111500000,sz.000968,6.4700,6.4900,6.4600,6.4800,366300,2372480.0000,3
2025-03-17,20250317112000000,sz.000968,6.4800,6.4800,6.4700,6.4800,113800,737056.0000,3
2025-03-17,20250317112500000,sz.000968,6.4800,6.4800,6.4700,6.4700,37700,244020.0000,3
2025-03-17,20250317113000000,sz.000968,6.4700,6.4800,6.4700,6.4800,104100,673840.0000,3
2025-03-17,20250317130500000,sz.000968,6.4800,6.5200,6.4800,6.5000,703900,4574916.0000,3
2025-03-17,20250317131000000,sz.000968,6.5000,6.5100,6.4800,6.4900,309000,2009380.0000,3
2025-03-17,20250317131500000,sz.000968,6.5000,6.5000,6.4800,6.4900,44400,287800.0000,3
2025-03-17,20250317132000000,sz.000968,6.4800,6.4900,6.4800,6.4900,132200,856860.0000,3
2025-03-17,20250317132500000,sz.000968,6.4800,6.4900,6.4700,6.4900,114700,743360.0000,3
2025-03-17,20250317133000000,sz.000968,6.4800,6.4900,6.4800,6.4800,25800,167212.0000,3
2025-03-17,20250317133500000,sz.000968,6.4900,6.4900,6.4700,6.4900,158900,1029720.0000,3
2025-03-17,20250317134000000,sz.000968,6.4900,6.4900,6.4800,6.4900,67500,438008.0000,3
2025-03-17,20250317134500000,sz.000968,6.4900,6.5000,6.4800,6.4800,76400,495928.0000,3
2025-03-17,20250317135000000,sz.000968,6.4900,6.4900,6.4800,6.4900,14300,92768.0000,3
2025-03-17,20250317135500000,sz.000968,6.4900,6.4900,6.4700,6.4800,97700,633092.0000,3
2025-03-17,20250317140000000,sz.000968,6.4800,6.4800,6.4700,6.4700,66500,430580.0000,3
2025-03-17,20250317140500000,sz.000968,6.4700,6.4900,6.4700,6.4800,135800,879296.0000,3
2025-03-17,20250317141000000,sz.000968,6.4800,6.5000,6.4700,6.4800,148500,963916.0000,3
2025-03-17,20250317141500000,sz.000968,6.4900,6.4900,6.4800,6.4900,81400,527716.0000,3
2025-03-17,20250317142000000,sz.000968,6.4800,6.4900,6.4800,6.4900,11400,73908.0000,3
2025-03-17,20250317142500000,sz.000968,6.4900,6.5000,6.4800,6.4900,157800,1023976.0000,3
2025-03-17,20250317143000000,sz.000968,6.5000,6.5000,6.4900,6.5000,49300,320228.0000,3
2025-03-17,20250317143500000,sz.000968,6.5000,6.5000,6.4800,6.4900,413600,2684284.0000,3
2025-03-17,20250317144000000,sz.000968,6.4900,6.5000,6.4900,6.4900,60500,392932.0000,3
2025-03-17,20250317144500000,sz.000968,6.4900,6.5000,6.4800,6.4900,323900,2102100.0000,3
2025-03-17,20250317145000000,sz.000968,6.4900,6.4900,6.4800,6.4900,170300,1103836.0000,3
2025-03-17,20250317145500000,sz.000968,6.4900,6.4900,6.4800,6.4800,226100,1466924.0000,3
2025-03-17,20250317150000000,sz.000968,6.4800,6.4900,6.4800,6.4900,202100,1311336.0000,3
2025-03-18,20250318093500000,sz.000968,6.4900,6.5100,6.4400,6.4600,794100,5140454.0000,3
2025-03-18,20250318094000000,sz.000968,6.4600,6.4600,6.4300,6.4400,271500,1749600.0000,3
2025-03-18,20250318094500000,sz.000968,6.4400,6.4500,6.4200,6.4400,543500,3495636.0000,3
2025-03-18,20250318095000000,sz.000968,6.4400,6.4600,6.4300,6.4500,283800,1829815.0000,3
2025-03-18,20250318095500000,sz.000968,6.4500,6.4500,6.4400,6.4400,98600,635233.0000,3
2025-03-18,20250318100000000,sz.000968,6.4400,6.4500,6.4300,6.4300,168100,1082422.0000,3
2025-03-18,20250318100500000,sz.000968,6.4300,6.4400,6.4200,6.4300,426900,2745940.0000,3
2025-03-18,20250318101000000,sz.000968,6.4400,6.4500,6.4300,6.4500,484700,3117251.0000,3
2025-03-18,20250318101500000,sz.000968,6.4500,6.4500,6.4300,6.4500,93000,599070.0000,3
2025-03-18,20250318102000000,sz.000968,6.4400,6.4500,6.4300,6.4300,114000,734042.0000,3
2025-03-18,20250318102500000,sz.000968,6.4300,6.4400,6.4200,6.4400,134800,866796.0000,3
2025-03-18,20250318103000000,sz.000968,6.4300,6.4400,6.4300,6.4300,95800,616280.0000,3
2025-03-18,20250318103500000,sz.000968,6.4300,6.4500,6.4300,6.4500,259100,1668568.0000,3
2025-03-18,20250318104000000,sz.000968,6.4500,6.4600,6.4500,6.4600,50400,325254.0000,3
2025-03-18,20250318104500000,sz.000968,6.4600,6.4600,6.4400,6.4600,92600,597070.0000,3
2025-03-18,20250318105000000,sz.000968,6.4500,6.4800,6.4500,6.4700,119300,770872.0000,3
2025-03-18,20250318105500000,sz.000968,6.4700,6.4800,6.4700,6.4800,124100,803608.0000,3
2025-03-18,20250318110000000,sz.000968,6.4800,6.4900,6.4800,6.4800,70100,454248.0000,3
2025-03-18,20250318110500000,sz.000968,6.4900,6.4900,6.4700,6.4900,183900,1191924.0000,3
2025-03-18,20250318111000000,sz.000968,6.4900,6.4900,6.4700,6.4800,73800,478498.0000,3
2025-03-18,20250318111500000,sz.000968,6.4800,6.4900,6.4800,6.4800,11200,72636.0000,3
2025-03-18,20250318112000000,sz.000968,6.4900,6.4900,6.4800,6.4900,72300,469058.0000,3
2025-03-18,20250318112500000,sz.000968,6.4800,6.4800,6.4700,6.4800,90900,588908.0000,3
2025-03-18,20250318113000000,sz.000968,6.4800,6.4900,6.4700,6.4800,59500,385488.0000,3
2025-03-18,20250318130500000,sz.000968,6.4700,6.4700,6.4500,6.4500,183100,1183024.0000,3
2025-03-18,20250318131000000,sz.000968,6.4600,6.4700,6.4500,6.4500,56500,364652.0000,3
2025-03-18,20250318131500000,sz.000968,6.4600,6.4600,6.4500,6.4500,72200,465798.0000,3
2025-03-18,20250318132000000,sz.000968,6.4500,6.4600,6.4400,6.4500,58000,374196.0000,3
2025-03-18,20250318132500000,sz.000968,6.4500,6.4600,6.4400,6.4600,117700,759230.0000,3
2025-03-18,20250318133000000,sz.000968,6.4600,6.4600,6.4500,6.4500,24300,156888.0000,3
2025-03-18,20250318133500000,sz.000968,6.4600,6.4600,6.4400,6.4500,136100,877804.0000,3
2025-03-18,20250318134000000,sz.000968,6.4600,6.4600,6.4400,6.4400,84600,545652.0000,3
2025-03-18,20250318134500000,sz.000968,6.4400,6.4600,6.4400,6.4500,82500,532092.0000,3
2025-03-18,20250318135000000,sz.000968,6.4500,6.4500,6.4500,6.4500,46600,300572.0000,3
2025-03-18,20250318135500000,sz.000968,6.4500,6.4600,6.4500,6.4500,78100,503896.0000,3
2025-03-18,20250318140000000,sz.000968,6.4500,6.4600,6.4400,6.4500,71000,458040.0000,3
2025-03-18,20250318140500000,sz.000968,6.4500,6.4600,6.4400,6.4600,41500,267744.0000,3
2025-03-18,20250318141000000,sz.000968,6.4500,6.4600,6.4500,6.4600,84600,546172.0000,3
2025-03-18,20250318141500000,sz.000968,6.4600,6.4700,6.4500,6.4600,125200,808664.0000,3
2025-03-18,20250318142000000,sz.000968,6.4700,6.4800,6.4600,6.4700,69200,447700.0000,3
2025-03-18,20250318142500000,sz.000968,6.4800,6.4800,6.4700,6.4800,20500,132696.0000,3
2025-03-18,20250318143000000,sz.000968,6.4800,6.4900,6.4700,6.4900,115900,751092.0000,3
2025-03-18,20250318143500000,sz.000968,6.4900,6.4900,6.4700,6.4900,82300,533340.0000,3
2025-03-18,20250318144000000,sz.000968,6.4900,6.4900,6.4700,6.4800,100800,652676.0000,3
2025-03-18,20250318144500000,sz.000968,6.4800,6.4800,6.4600,6.4800,139300,901628.0000,3
2025-03-18,20250318145000000,sz.000968,6.4800,6.4900,6.4700,6.4700,68400,443080.0000,3
2025-03-18,20250318145500000,sz.000968,6.4700,6.4800,6.4700,6.4700,131100,849264.0000,3
2025-03-18,20250318150000000,sz.000968,6.4700,6.4800,6.4600,6.4700,163300,1056180.0000,3
2025-03-19,20250319093500000,sz.000968,6.4600,6.4700,6.4300,6.4400,425400,2740886.0000,3
2025-03-19,20250319094000000,sz.000968,6.4400,6.4500,6.4300,6.4400,559900,3595457.0000,3
2025-03-19,20250319094500000,sz.000968,6.4400,6.4600,6.4400,6.4600,180000,1160833.0000,3
2025-03-19,20250319095000000,sz.000968,6.4600,6.4600,6.4500,6.4600,64400,415699.0000,3
2025-03-19,20250319095500000,sz.000968,6.4600,6.4600,6.4400,6.4500,140800,907652.0000,3
2025-03-19,20250319100000000,sz.000968,6.4500,6.4600,6.4400,6.4400,100600,649020.0000,3
2025-03-19,20250319100500000,sz.000968,6.4400,6.4500,6.4400,6.4400,114600,738206.0000,3
2025-03-19,20250319101000000,sz.000968,6.4400,6.4500,6.4300,6.4400,119500,769027.0000,3
2025-03-19,20250319101500000,sz.000968,6.4500,6.4500,6.4300,6.4300,75200,484149.0000,3
2025-03-19,20250319102000000,sz.000968,6.4400,6.4400,6.4300,6.4400,755400,4848980.0000,3
2025-03-19,20250319102500000,sz.000968,6.4300,6.4400,6.4300,6.4300,87700,563946.0000,3
2025-03-19,20250319103000000,sz.000968,6.4400,6.4500,6.4300,6.4400,170000,1094892.0000,3
2025-03-19,20250319103500000,sz.000968,6.4400,6.4500,6.4400,6.4500,15400,99250.0000,3
2025-03-19,20250319104000000,sz.000968,6.4400,6.4500,6.4400,6.4500,38000,244864.0000,3
2025-03-19,20250319104500000,sz.000968,6.4500,6.4500,6.4400,6.4400,48300,311266.0000,3
2025-03-19,20250319105000000,sz.000968,6.4400,6.4600,6.4400,6.4500,127700,823498.0000,3
2025-03-19,20250319105500000,sz.000968,6.4500,6.4600,6.4400,6.4500,40200,259234.0000,3
2025-03-19,20250319110000000,sz.000968,6.4500,6.4500,6.4400,6.4400,26800,172726.0000,3
2025-03-19,20250319110500000,sz.000968,6.4400,6.4600,6.4400,6.4500,83900,541124.0000,3
2025-03-19,20250319111000000,sz.000968,6.4500,6.4600,6.4500,6.4500,40400,260622.0000,3
2025-03-19,20250319111500000,sz.000968,6.4500,6.4500,6.4400,6.4500,37100,239082.0000,3
2025-03-19,20250319112000000,sz.000968,6.4500,6.4500,6.4400,6.4500,71600,461774.0000,3
2025-03-19,20250319112500000,sz.000968,6.4400,6.4500,6.4400,6.4500,53500,345074.0000,3
2025-03-19,20250319113000000,sz.000968,6.4400,6.4500,6.4400,6.4400,15100,97346.0000,3
2025-03-19,20250319130500000,sz.000968,6.4400,6.4500,6.4300,6.4400,134500,866136.0000,3
2025-03-19,20250319131000000,sz.000968,6.4300,6.4400,6.4300,6.4400,23000,147998.0000,3
2025-03-19,20250319131500000,sz.000968,6.4400,6.4600,6.4300,6.4600,114200,735914.0000,3
2025-03-19,20250319132000000,sz.000968,6.4600,6.4600,6.4500,6.4600,23000,148550.0000,3
2025-03-19,20250319132500000,sz.000968,6.4600,6.4600,6.4400,6.4500,119400,769892.0000,3
2025-03-19,20250319133000000,sz.000968,6.4400,6.4500,6.4400,6.4500,21400,137972.0000,3
2025-03-19,20250319133500000,sz.000968,6.4500,6.4500,6.4400,6.4500,51900,334688.0000,3
2025-03-19,20250319134000000,sz.000968,6.4400,6.4400,6.4300,6.4300,93100,599422.0000,3
2025-03-19,20250319134500000,sz.000968,6.4300,6.4500,6.4300,6.4400,43500,280014.0000,3
2025-03-19,20250319135000000,sz.000968,6.4400,6.4600,6.4400,6.4600,99100,639352.0000,3
2025-03-19,20250319135500000,sz.000968,6.4500,6.4700,6.4500,6.4600,222000,1434090.0000,3
2025-03-19,20250319140000000,sz.000968,6.4600,6.4800,6.4600,6.4800,430900,2788948.0000,3
2025-03-19,20250319140500000,sz.000968,6.4800,6.4800,6.4700,6.4800,161800,1046790.0000,3
2025-03-19,20250319141000000,sz.000968,6.4800,6.4800,6.4600,6.4700,46400,300240.0000,3
2025-03-19,20250319141500000,sz.000968,6.4700,6.4700,6.4600,6.4600,57500,371688.0000,3
2025-03-19,20250319142000000,sz.000968,6.4600,6.4700,6.4500,6.4700,40400,261028.0000,3
2025-03-19,20250319142500000,sz.000968,6.4600,6.4800,6.4600,6.4700,127100,822278.0000,3
2025-03-19,20250319143000000,sz.000968,6.4700,6.4800,6.4700,6.4800,23400,151448.0000,3
2025-03-19,20250319143500000,sz.000968,6.4800,6.4800,6.4700,6.4800,173700,1125534.0000,3
2025-03-19,20250319144000000,sz.000968,6.4800,6.4900,6.4700,6.4800,235400,1524888.0000,3
2025-03-19,20250319144500000,sz.000968,6.4800,6.4900,6.4700,6.4900,241900,1568008.0000,3
2025-03-19,20250319145000000,sz.000968,6.4900,6.5000,6.4800,6.4900,214100,1389500.0000,3
2025-03-19,20250319145500000,sz.000968,6.4900,6.5000,6.4900,6.4900,280000,1818232.0000,3
2025-03-19,20250319150000000,sz.000968,6.4900,6.5000,6.4800,6.5000,249400,1620940.0000,3
2025-03-20,20250320093500000,sz.000968,6.4900,6.5400,6.4800,6.5300,519000,3381156.0000,3
2025-03-20,20250320094000000,sz.000968,6.5300,6.5500,6.5200,6.5200,203400,1328981.0000,3
2025-03-20,20250320094500000,sz.000968,6.5200,6.5300,6.5100,6.5200,113300,738844.0000,3
2025-03-20,20250320095000000,sz.000968,6.5200,6.5500,6.5200,6.5400,463000,3027013.0000,3
2025-03-20,20250320095500000,sz.000968,6.5400,6.5700,6.5400,6.5500,294800,1930944.0000,3
2025-03-20,20250320100000000,sz.000968,6.5500,6.5600,6.5300,6.5400,169900,1111971.0000,3
2025-03-20,20250320100500000,sz.000968,6.5500,6.5600,6.5400,6.5500,162200,1062766.0000,3
2025-03-20,20250320101000000,sz.000968,6.5400,6.5500,6.5300,6.5300,213200,1393025.0000,3
2025-03-20,20250320101500000,sz.000968,6.5200,6.5300,6.5200,6.5300,83400,544464.0000,3
2025-03-20,20250320102000000,sz.000968,6.5300,6.5300,6.5200,6.5300,76400,498639.0000,3
2025-03-20,20250320102500000,sz.000968,6.5300,6.5400,6.5200,6.5300,102200,667275.0000,3
2025-03-20,20250320103000000,sz.000968,6.5300,6.5400,6.5200,6.5400,84100,549179.0000,3
2025-03-20,20250320103500000,sz.000968,6.5300,6.5500,6.5300,6.5500,241700,1581255.0000,3
2025-03-20,20250320104000000,sz.000968,6.5400,6.5600,6.5400,6.5400,158200,1036752.0000,3
2025-03-20,20250320104500000,sz.000968,6.5500,6.5500,6.5400,6.5400,67800,443624.0000,3
2025-03-20,20250320105000000,sz.000968,6.5400,6.5400,6.5300,6.5400,18800,122908.0000,3
2025-03-20,20250320105500000,sz.000968,6.5300,6.5400,6.5300,6.5400,33600,219594.0000,3
2025-03-20,20250320110000000,sz.000968,6.5300,6.5500,6.5300,6.5400,45200,295626.0000,3
2025-03-20,20250320110500000,sz.000968,6.5400,6.5500,6.5400,6.5500,56600,370532.0000,3
2025-03-20,20250320111000000,sz.000968,6.5400,6.5600,6.5400,6.5600,164900,1080384.0000,3
2025-03-20,20250320111500000,sz.000968,6.5500,6.5700,6.5500,6.5600,73000,479084.0000,3
2025-03-20,20250320112000000,sz.000968,6.5600,6.5700,6.5600,6.5600,224200,1472618.0000,3
2025-03-20,20250320112500000,sz.000968,6.5700,6.5700,6.5500,6.5600,199300,1307098.0000,3
2025-03-20,20250320113000000,sz.000968,6.5600,6.5700,6.5500,6.5700,98300,645050.0000,3
2025-03-20,20250320130500000,sz.000968,6.5700,6.5800,6.5600,6.5700,241600,1587414.0000,3
2025-03-20,20250320131000000,sz.000968,6.5700,6.5800,6.5600,6.5800,209000,1373376.0000,3
2025-03-20,20250320131500000,sz.000968,6.5800,6.5800,6.5700,6.5800,83000,546092.0000,3
2025-03-20,20250320132000000,sz.000968,6.5700,6.5800,6.5600,6.5600,112700,740712.0000,3
2025-03-20,20250320132500000,sz.000968,6.5700,6.5800,6.5600,6.5700,185100,1216248.0000,3
2025-03-20,20250320133000000,sz.000968,6.5700,6.5800,6.5600,6.5700,215900,1417642.0000,3
2025-03-20,20250320133500000,sz.000968,6.5700,6.5700,6.5600,6.5600,227400,1491830.0000,3
2025-03-20,20250320134000000,sz.000968,6.5700,6.5700,6.5500,6.5600,335500,2200512.0000,3
2025-03-20,20250320134500000,sz.000968,6.5600,6.5700,6.5500,6.5600,163900,1074900.0000,3
2025-03-20,20250320135000000,sz.000968,6.5600,6.5700,6.5500,6.5600,85400,560380.0000,3
2025-03-20,20250320135500000,sz.000968,6.5600,6.5700,6.5400,6.5500,255200,1672420.0000,3
2025-03-20,20250320140000000,sz.000968,6.5600,6.5600,6.5500,6.5600,186000,1218292.0000,3
2025-03-20,20250320140500000,sz.000968,6.5500,6.5600,6.5400,6.5500,270600,1771052.0000,3
2025-03-20,20250320141000000,sz.000968,6.5500,6.5600,6.5400,6.5500,83300,545812.0000,3
2025-03-20,20250320141500000,sz.000968,6.5500,6.5600,6.5500,6.5500,48300,316424.0000,3
2025-03-20,20250320142000000,sz.000968,6.5500,6.5600,6.5500,6.5500,147800,968104.0000,3
2025-03-20,20250320142500000,sz.000968,6.5500,6.5600,6.5400,6.5400,109400,716320.0000,3
2025-03-20,20250320143000000,sz.000968,6.5400,6.5500,6.5300,6.5400,125100,818124.0000,3
2025-03-20,20250320143500000,sz.000968,6.5400,6.5600,6.5400,6.5600,266400,1744796.0000,3
2025-03-20,20250320144000000,sz.000968,6.5600,6.5600,6.5400,6.5400,177600,1163328.0000,3
2025-03-20,20250320144500000,sz.000968,6.5400,6.5500,6.5200,6.5500,283500,1852908.0000,3
2025-03-20,20250320145000000,sz.000968,6.5400,6.5500,6.5300,6.5300,224400,1467624.0000,3
2025-03-20,20250320145500000,sz.000968,6.5300,6.5500,6.5300,6.5500,281000,1838600.0000,3
2025-03-20,20250320150000000,sz.000968,6.5500,6.5600,6.5400,6.5500,218500,1431208.0000,3
2025-03-21,20250321093500000,sz.000968,6.5100,6.6000,6.5100,6.5900,677100,4448813.0000,3
2025-03-21,20250321094000000,sz.000968,6.5900,6.6000,6.5800,6.5900,300000,1976941.0000,3
2025-03-21,20250321094500000,sz.000968,6.5900,6.5900,6.5700,6.5800,325900,2144555.0000,3
2025-03-21,20250321095000000,sz.000968,6.5800,6.6000,6.5800,6.5900,181500,1196233.0000,3
2025-03-21,20250321095500000,sz.000968,6.5900,6.6000,6.5800,6.5900,133600,880441.0000,3
2025-03-21,20250321100000000,sz.000968,6.5900,6.6100,6.5700,6.6000,397300,2618718.0000,3
2025-03-21,20250321100500000,sz.000968,6.6000,6.6200,6.6000,6.6200,187200,1236472.0000,3
2025-03-21,20250321101000000,sz.000968,6.6100,6.6200,6.6000,6.6000,82900,547917.0000,3
2025-03-21,20250321101500000,sz.000968,6.6000,6.6100,6.6000,6.6000,127900,844251.0000,3
2025-03-21,20250321102000000,sz.000968,6.6000,6.6600,6.6000,6.6500,765900,5081771.0000,3
2025-03-21,20250321102500000,sz.000968,6.6500,6.6500,6.6300,6.6300,468200,3108964.0000,3
2025-03-21,20250321103000000,sz.000968,6.6400,6.6400,6.6200,6.6200,79800,528768.0000,3
2025-03-21,20250321103500000,sz.000968,6.6300,6.6300,6.6100,6.6100,171700,1136414.0000,3
2025-03-21,20250321104000000,sz.000968,6.6200,6.6300,6.6100,6.6200,261300,1729870.0000,3
2025-03-21,20250321104500000,sz.000968,6.6200,6.6200,6.6000,6.6100,183100,1210120.0000,3
2025-03-21,20250321105000000,sz.000968,6.6100,6.6300,6.6100,6.6300,112700,746168.0000,3
2025-03-21,20250321105500000,sz.000968,6.6200,6.6400,6.6200,6.6300,238600,1583500.0000,3
2025-03-21,20250321110000000,sz.000968,6.6200,6.6300,6.6100,6.6100,88800,587568.0000,3
2025-03-21,20250321110500000,sz.000968,6.6100,6.6100,6.6000,6.6000,111000,732988.0000,3
2025-03-21,20250321111000000,sz.000968,6.5900,6.6100,6.5900,6.6000,441400,2911956.0000,3
2025-03-21,20250321111500000,sz.000968,6.6100,6.6200,6.5900,6.6100,72400,478092.0000,3
2025-03-21,20250321112000000,sz.000968,6.6100,6.6200,6.6100,6.6100,176200,1165744.0000,3
2025-03-21,20250321112500000,sz.000968,6.6100,6.6100,6.6000,6.6000,111200,734744.0000,3
2025-03-21,20250321113000000,sz.000968,6.6000,6.6000,6.5900,6.5900,120400,794288.0000,3
2025-03-21,20250321130500000,sz.000968,6.6000,6.6000,6.5800,6.5900,280500,1848404.0000,3
2025-03-21,20250321131000000,sz.000968,6.5900,6.6000,6.5900,6.5900,362000,2383700.0000,3
2025-03-21,20250321131500000,sz.000968,6.5900,6.6000,6.5700,6.5700,142800,940568.0000,3
2025-03-21,20250321132000000,sz.000968,6.5700,6.6000,6.5700,6.5900,229300,1510752.0000,3
2025-03-21,20250321132500000,sz.000968,6.6000,6.6000,6.5900,6.5900,120500,794220.0000,3
2025-03-21,20250321133000000,sz.000968,6.5900,6.6000,6.5800,6.5800,85100,560776.0000,3
2025-03-21,20250321133500000,sz.000968,6.5900,6.6000,6.5800,6.5900,99800,657276.0000,3
2025-03-21,20250321134000000,sz.000968,6.5900,6.6000,6.5700,6.5700,127000,835304.0000,3
2025-03-21,20250321134500000,sz.000968,6.5700,6.5800,6.5600,6.5700,176900,1161900.0000,3
2025-03-21,20250321135000000,sz.000968,6.5800,6.5800,6.5700,6.5700,221000,1452196.0000,3
2025-03-21,20250321135500000,sz.000968,6.5700,6.5800,6.5600,6.5700,103600,680468.0000,3
2025-03-21,20250321140000000,sz.000968,6.5600,6.5700,6.5500,6.5500,113300,742972.0000,3
2025-03-21,20250321140500000,sz.000968,6.5500,6.5700,6.5500,6.5600,195700,1283008.0000,3
2025-03-21,20250321141000000,sz.000968,6.5600,6.5700,6.5500,6.5600,141300,926464.0000,3
2025-03-21,20250321141500000,sz.000968,6.5600,6.5700,6.5600,6.5600,99200,650864.0000,3
2025-03-21,20250321142000000,sz.000968,6.5600,6.5800,6.5600,6.5800,761700,5003240.0000,3
2025-03-21,20250321142500000,sz.000968,6.5900,6.5900,6.5800,6.5800,141500,931296.0000,3
2025-03-21,20250321143000000,sz.000968,6.5800,6.6200,6.5800,6.6100,422300,2786720.0000,3
2025-03-21,20250321143500000,sz.000968,6.6200,6.6200,6.6000,6.6200,250300,1654864.0000,3
2025-03-21,20250321144000000,sz.000968,6.6200,6.6400,6.6200,6.6200,418700,2774104.0000,3
2025-03-21,20250321144500000,sz.000968,6.6200,6.6300,6.6200,6.6300,257000,1702632.0000,3
2025-03-21,20250321145000000,sz.000968,6.6200,6.6300,6.6200,6.6200,202600,1342056.0000,3
2025-03-21,20250321145500000,sz.000968,6.6200,6.6200,6.6100,6.6200,214200,1416696.0000,3
2025-03-21,20250321150000000,sz.000968,6.6100,6.6200,6.6000,6.6100,293200,1937800.0000,3
2025-03-24,20250324093500000,sz.000968,6.6000,6.6400,6.6000,6.6300,800800,5299626.0000,3
2025-03-24,20250324094000000,sz.000968,6.6300,6.6600,6.6200,6.6200,707600,4701071.0000,3
2025-03-24,20250324094500000,sz.000968,6.6300,6.6400,6.6100,6.6100,361000,2389930.0000,3
2025-03-24,20250324095000000,sz.000968,6.6100,6.6100,6.5800,6.6000,593400,3911895.0000,3
2025-03-24,20250324095500000,sz.000968,6.5900,6.6000,6.5800,6.5900,308300,2031288.0000,3
2025-03-24,20250324100000000,sz.000968,6.5900,6.5900,6.5700,6.5800,301900,1986758.0000,3
2025-03-24,20250324100500000,sz.000968,6.5700,6.6000,6.5700,6.6000,195800,1291368.0000,3
2025-03-24,20250324101000000,sz.000968,6.6000,6.6200,6.5900,6.6200,211300,1396710.0000,3
2025-03-24,20250324101500000,sz.000968,6.6200,6.6300,6.6100,6.6100,144100,954058.0000,3
2025-03-24,20250324102000000,sz.000968,6.6200,6.6300,6.6100,6.6200,108100,715876.0000,3
2025-03-24,20250324102500000,sz.000968,6.6300,6.6300,6.6100,6.6200,154200,1020874.0000,3
2025-03-24,20250324103000000,sz.000968,6.6100,6.6200,6.6000,6.6200,115000,760446.0000,3
2025-03-24,20250324103500000,sz.000968,6.6200,6.6200,6.6000,6.6100,100400,663660.0000,3
2025-03-24,20250324104000000,sz.000968,6.6100,6.6100,6.5800,6.5800,183700,1210936.0000,3
2025-03-24,20250324104500000,sz.000968,6.5800,6.6000,6.5800,6.5900,188700,1242220.0000,3
2025-03-24,20250324105000000,sz.000968,6.5800,6.5900,6.5700,6.5700,57300,376994.0000,3
2025-03-24,20250324105500000,sz.000968,6.5700,6.5800,6.5600,6.5700,187700,1232454.0000,3
2025-03-24,20250324110000000,sz.000968,6.5700,6.5800,6.5600,6.5700,108300,711144.0000,3
2025-03-24,20250324110500000,sz.000968,6.5800,6.5900,6.5700,6.5700,156300,1028376.0000,3
2025-03-24,20250324111000000,sz.000968,6.5700,6.5800,6.5700,6.5700,31500,207088.0000,3
2025-03-24,20250324111500000,sz.000968,6.5800,6.5900,6.5700,6.5800,124900,821824.0000,3
2025-03-24,20250324112000000,sz.000968,6.5800,6.5900,6.5700,6.5700,107900,709932.0000,3
2025-03-24,20250324112500000,sz.000968,6.5700,6.5700,6.5400,6.5400,235700,1545060.0000,3
2025-03-24,20250324113000000,sz.000968,6.5500,6.5500,6.5300,6.5300,133400,871580.0000,3
2025-03-24,20250324130500000,sz.000968,6.5300,6.5600,6.5300,6.5400,213100,1394160.0000,3
2025-03-24,20250324131000000,sz.000968,6.5300,6.5400,6.5200,6.5300,165400,1080288.0000,3
2025-03-24,20250324131500000,sz.000968,6.5400,6.5500,6.5300,6.5400,256800,1679816.0000,3
2025-03-24,20250324132000000,sz.000968,6.5500,6.5500,6.5400,6.5500,133200,871832.0000,3
2025-03-24,20250324132500000,sz.000968,6.5500,6.5700,6.5500,6.5600,238700,1564712.0000,3
2025-03-24,20250324133000000,sz.000968,6.5600,6.5600,6.5500,6.5600,91300,598444.0000,3
2025-03-24,20250324133500000,sz.000968,6.5600,6.5600,6.5400,6.5600,136300,892916.0000,3
2025-03-24,20250324134000000,sz.000968,6.5600,6.5700,6.5500,6.5600,163500,1072300.0000,3
2025-03-24,20250324134500000,sz.000968,6.5500,6.5600,6.5300,6.5300,166800,1091724.0000,3
2025-03-24,20250324135000000,sz.000968,6.5400,6.5400,6.5200,6.5200,230100,1502528.0000,3
2025-03-24,20250324135500000,sz.000968,6.5200,6.5400,6.5200,6.5300,178900,1167320.0000,3
2025-03-24,20250324140000000,sz.000968,6.5200,6.5500,6.5200,6.5500,183500,1198808.0000,3
2025-03-24,20250324140500000,sz.000968,6.5500,6.5500,6.5200,6.5200,69000,450856.0000,3
2025-03-24,20250324141000000,sz.000968,6.5200,6.5300,6.5100,6.5100,131700,858456.0000,3
2025-03-24,20250324141500000,sz.000968,6.5200,6.5400,6.5200,6.5300,121000,789720.0000,3
2025-03-24,20250324142000000,sz.000968,6.5200,6.5400,6.5100,6.5100,75100,489892.0000,3
2025-03-24,20250324142500000,sz.000968,6.5200,6.5500,6.5200,6.5500,293300,1916804.0000,3
2025-03-24,20250324143000000,sz.000968,6.5500,6.5800,6.5500,6.5800,220700,1448660.0000,3
2025-03-24,20250324143500000,sz.000968,6.5700,6.6000,6.5700,6.5800,286300,1885428.0000,3
2025-03-24,20250324144000000,sz.000968,6.5900,6.6000,6.5700,6.6000,208800,1375384.0000,3
2025-03-24,20250324144500000,sz.000968,6.5900,6.6100,6.5900,6.6000,280000,1848160.0000,3
2025-03-24,20250324145000000,sz.000968,6.6100,6.6100,6.5900,6.6100,191300,1262432.0000,3
2025-03-24,20250324145500000,sz.000968,6.6100,6.6100,6.5900,6.6100,200700,1325404.0000,3
2025-03-24,20250324150000000,sz.000968,6.6000,6.6100,6.5900,6.5900,221700,1462736.0000,3
2025-03-25,20250325093500000,sz.000968,6.5900,6.6200,6.5800,6.6000,598100,3943466.0000,3
2025-03-25,20250325094000000,sz.000968,6.6000,6.6300,6.5900,6.6200,319600,2113664.0000,3
2025-03-25,20250325094500000,sz.000968,6.6200,6.6200,6.5900,6.6000,276000,1822490.0000,3
2025-03-25,20250325095000000,sz.000968,6.6100,6.6500,6.6100,6.6400,466000,3087907.0000,3
2025-03-25,20250325095500000,sz.000968,6.6400,6.6600,6.6300,6.6500,560200,3723578.0000,3
2025-03-25,20250325100000000,sz.000968,6.6500,6.6600,6.6300,6.6400,246600,1637764.0000,3
2025-03-25,20250325100500000,sz.000968,6.6400,6.6500,6.6300,6.6300,411500,2731987.0000,3
2025-03-25,20250325101000000,sz.000968,6.6300,6.6500,6.6200,6.6200,421000,2793932.0000,3
2025-03-25,20250325101500000,sz.000968,6.6300,6.6300,6.6200,6.6300,67800,449126.0000,3
2025-03-25,20250325102000000,sz.000968,6.6200,6.6200,6.6000,6.6200,391200,2586722.0000,3
2025-03-25,20250325102500000,sz.000968,6.6200,6.6300,6.6100,6.6300,122800,812998.0000,3
2025-03-25,20250325103000000,sz.000968,6.6200,6.6300,6.6000,6.6100,96200,636490.0000,3
2025-03-25,20250325103500000,sz.000968,6.6100,6.6300,6.6000,6.6200,132100,873300.0000,3
2025-03-25,20250325104000000,sz.000968,6.6200,6.6500,6.6200,6.6400,278400,1848760.0000,3
2025-03-25,20250325104500000,sz.000968,6.6400,6.6500,6.6400,6.6500,312900,2080234.0000,3
2025-03-25,20250325105000000,sz.000968,6.6500,6.6500,6.6200,6.6200,298700,1983462.0000,3
2025-03-25,20250325105500000,sz.000968,6.6300,6.6500,6.6200,6.6500,62200,412580.0000,3
2025-03-25,20250325110000000,sz.000968,6.6400,6.6600,6.6300,6.6600,480300,3194692.0000,3
2025-03-25,20250325110500000,sz.000968,6.6600,6.6700,6.6500,6.6600,357500,2382480.0000,3
2025-03-25,20250325111000000,sz.000968,6.6700,6.6700,6.6600,6.6700,182000,1212640.0000,3
2025-03-25,20250325111500000,sz.000968,6.6600,6.6800,6.6600,6.6800,141900,947468.0000,3
2025-03-25,20250325112000000,sz.000968,6.6800,6.6800,6.6500,6.6700,298800,1991716.0000,3
2025-03-25,20250325112500000,sz.000968,6.6600,6.6800,6.6600,6.6600,240100,1600876.0000,3
2025-03-25,20250325113000000,sz.000968,6.6600,6.6800,6.6600,6.6800,121400,809408.0000,3
2025-03-25,20250325130500000,sz.000968,6.6700,6.6700,6.6400,6.6500,607700,4033164.0000,3
2025-03-25,20250325131000000,sz.000968,6.6500,6.6700,6.6500,6.6700,70600,470756.0000,3
2025-03-25,20250325131500000,sz.000968,6.6700,6.6900,6.6700,6.6900,220100,1470412.0000,3
2025-03-25,20250325132000000,sz.000968,6.6900,6.7000,6.6800,6.6900,179400,1200136.0000,3
2025-03-25,20250325132500000,sz.000968,6.6900,6.7200,6.6900,6.7000,377200,2528388.0000,3
2025-03-25,20250325133000000,sz.000968,6.6900,6.7000,6.6900,6.7000,79300,531108.0000,3
2025-03-25,20250325133500000,sz.000968,6.6900,6.7300,6.6900,6.7300,319800,2148456.0000,3
2025-03-25,20250325134000000,sz.000968,6.7300,6.7400,6.7100,6.7300,368800,2481148.0000,3
2025-03-25,20250325134500000,sz.000968,6.7300,6.7400,6.6900,6.7000,194000,1301780.0000,3
2025-03-25,20250325135000000,sz.000968,6.7000,6.7200,6.7000,6.7100,299400,2011140.0000,3
2025-03-25,20250325135500000,sz.000968,6.7200,6.7200,6.6900,6.7000,65700,440676.0000,3
2025-03-25,20250325140000000,sz.000968,6.6900,6.7000,6.6800,6.7000,80600,539296.0000,3
2025-03-25,20250325140500000,sz.000968,6.7000,6.7000,6.6900,6.6900,14100,94384.0000,3
2025-03-25,20250325141000000,sz.000968,6.6900,6.7000,6.6900,6.6900,156800,1049836.0000,3
2025-03-25,20250325141500000,sz.000968,6.7000,6.7000,6.6900,6.7000,87000,582356.0000,3
2025-03-25,20250325142000000,sz.000968,6.7000,6.7200,6.6900,6.7200,177600,1190464.0000,3
2025-03-25,20250325142500000,sz.000968,6.7100,6.7200,6.7000,6.7100,65400,438864.0000,3
2025-03-25,20250325143000000,sz.000968,6.7100,6.7100,6.7000,6.7100,75700,507600.0000,3
2025-03-25,20250325143500000,sz.000968,6.7100,6.7200,6.7000,6.7100,176200,1181920.0000,3
2025-03-25,20250325144000000,sz.000968,6.7100,6.7100,6.6900,6.7000,122400,819976.0000,3
2025-03-25,20250325144500000,sz.000968,6.7000,6.7000,6.6800,6.7000,195600,1308640.0000,3
2025-03-25,20250325145000000,sz.000968,6.7000,6.7000,6.6800,6.7000,287500,1922496.0000,3
2025-03-25,20250325145500000,sz.000968,6.7000,6.7000,6.6800,6.6900,285600,1911784.0000,3
2025-03-25,20250325150000000,sz.000968,6.6900,6.7100,6.6900,6.7000,227900,1527400.0000,3
2025-03-26,20250326093500000,sz.000968,6.6700,6.7000,6.6500,6.6700,702000,4684243.0000,3
2025-03-26,20250326094000000,sz.000968,6.6800,6.7100,6.6600,6.6900,377700,2524912.0000,3
2025-03-26,20250326094500000,sz.000968,6.6900,6.7100,6.6700,6.6800,382600,2559855.0000,3
2025-03-26,20250326095000000,sz.000968,6.6800,6.6900,6.6700,6.6800,205600,1373126.0000,3
2025-03-26,20250326095500000,sz.000968,6.6800,6.6900,6.6700,6.6900,171000,1142449.0000,3
2025-03-26,20250326100000000,sz.000968,6.6900,6.7000,6.6900,6.7000,291900,1952390.0000,3
2025-03-26,20250326100500000,sz.000968,6.6900,6.7000,6.6800,6.6900,254600,1703945.0000,3
2025-03-26,20250326101000000,sz.000968,6.6900,6.7000,6.6600,6.6600,123700,826038.0000,3
2025-03-26,20250326101500000,sz.000968,6.6700,6.6700,6.6400,6.6500,397100,2640354.0000,3
2025-03-26,20250326102000000,sz.000968,6.6600,6.6800,6.6500,6.6800,199400,1327500.0000,3
2025-03-26,20250326102500000,sz.000968,6.6800,6.6800,6.6600,6.6600,76800,512472.0000,3
2025-03-26,20250326103000000,sz.000968,6.6700,6.6900,6.6600,6.6700,74400,496804.0000,3
2025-03-26,20250326103500000,sz.000968,6.6700,6.6900,6.6700,6.6800,23900,159666.0000,3
2025-03-26,20250326104000000,sz.000968,6.6800,6.6900,6.6700,6.6700,50600,337806.0000,3
2025-03-26,20250326104500000,sz.000968,6.6700,6.6800,6.6600,6.6700,127800,852506.0000,3
2025-03-26,20250326105000000,sz.000968,6.6700,6.6800,6.6600,6.6600,70600,470886.0000,3
2025-03-26,20250326105500000,sz.000968,6.6700,6.6800,6.6600,6.6600,104600,697010.0000,3
2025-03-26,20250326110000000,sz.000968,6.6600,6.6700,6.6600,6.6600,58600,390430.0000,3
2025-03-26,20250326110500000,sz.000968,6.6600,6.6700,6.6600,6.6600,106700,711540.0000,3
2025-03-26,20250326111000000,sz.000968,6.6600,6.6700,6.6600,6.6600,17100,113948.0000,3
2025-03-26,20250326111500000,sz.000968,6.6700,6.6700,6.6600,6.6700,49400,329084.0000,3
2025-03-26,20250326112000000,sz.000968,6.6700,6.6700,6.6500,6.6600,69000,459592.0000,3
2025-03-26,20250326112500000,sz.000968,6.6600,6.6800,6.6600,6.6600,140000,933502.0000,3
2025-03-26,20250326113000000,sz.000968,6.6700,6.6800,6.6500,6.6500,127000,846078.0000,3
2025-03-26,20250326130500000,sz.000968,6.6600,6.6700,6.6600,6.6700,90500,602758.0000,3
2025-03-26,20250326131000000,sz.000968,6.6700,6.6900,6.6700,6.6700,174200,1163190.0000,3
2025-03-26,20250326131500000,sz.000968,6.6800,6.6800,6.6600,6.6700,284700,1898746.0000,3
2025-03-26,20250326132000000,sz.000968,6.6700,6.6800,6.6700,6.6800,249500,1665766.0000,3
2025-03-26,20250326132500000,sz.000968,6.6700,6.6800,6.6700,6.6700,106900,713260.0000,3
2025-03-26,20250326133000000,sz.000968,6.6700,6.7000,6.6700,6.6900,424400,2837924.0000,3
2025-03-26,20250326133500000,sz.000968,6.7000,6.7100,6.6900,6.6900,150100,1005636.0000,3
2025-03-26,20250326134000000,sz.000968,6.6900,6.7000,6.6800,6.7000,195700,1309324.0000,3
2025-03-26,20250326134500000,sz.000968,6.6900,6.7000,6.6800,6.6800,98300,657116.0000,3
2025-03-26,20250326135000000,sz.000968,6.6800,6.7000,6.6800,6.7000,110500,739192.0000,3
2025-03-26,20250326135500000,sz.000968,6.7000,6.7000,6.6900,6.7000,50000,334736.0000,3
2025-03-26,20250326140000000,sz.000968,6.7000,6.7100,6.6900,6.7100,75500,505880.0000,3
2025-03-26,20250326140500000,sz.000968,6.7100,6.7300,6.7000,6.7200,183400,1231664.0000,3
2025-03-26,20250326141000000,sz.000968,6.7300,6.7300,6.7200,6.7200,244400,1644680.0000,3
2025-03-26,20250326141500000,sz.000968,6.7200,6.7200,6.7100,6.7100,43800,294324.0000,3
2025-03-26,20250326142000000,sz.000968,6.7100,6.7300,6.7100,6.7100,178000,1194584.0000,3
2025-03-26,20250326142500000,sz.000968,6.7200,6.7200,6.7000,6.7100,149800,1004344.0000,3
2025-03-26,20250326143000000,sz.000968,6.7000,6.7100,6.6900,6.7000,95900,642816.0000,3
2025-03-26,20250326143500000,sz.000968,6.7000,6.7100,6.6900,6.7100,84400,565464.0000,3
2025-03-26,20250326144000000,sz.000968,6.7000,6.7100,6.6900,6.7000,175400,1175216.0000,3
2025-03-26,20250326144500000,sz.000968,6.7000,6.7100,6.6900,6.7000,381100,2553480.0000,3
2025-03-26,20250326145000000,sz.000968,6.7000,6.7100,6.6900,6.6900,183400,1228580.0000,3
2025-03-26,20250326145500000,sz.000968,6.7000,6.7000,6.6900,6.6900,193900,1298400.0000,3
2025-03-26,20250326150000000,sz.000968,6.7000,6.7000,6.6800,6.6900,177800,1189588.0000,3
2025-03-27,20250327093500000,sz.000968,6.6900,6.7200,6.6500,6.6600,689200,4599648.0000,3
2025-03-27,20250327094000000,sz.000968,6.6700,6.6700,6.6200,6.6200,1087300,7235596.0000,3
2025-03-27,20250327094500000,sz.000968,6.6200,6.6300,6.6000,6.6100,1256100,8299140.0000,3
2025-03-27,20250327095000000,sz.000968,6.6000,6.6200,6.5900,6.6000,369100,2436466.0000,3
2025-03-27,20250327095500000,sz.000968,6.6100,6.6100,6.5900,6.6100,382100,2523746.0000,3
2025-03-27,20250327100000000,sz.000968,6.6000,6.6200,6.5700,6.5900,1030600,6788944.0000,3
2025-03-27,20250327100500000,sz.000968,6.5800,6.6200,6.5800,6.6200,226000,1492166.0000,3
2025-03-27,20250327101000000,sz.000968,6.6000,6.6500,6.6000,6.6400,314600,2084522.0000,3
2025-03-27,20250327101500000,sz.000968,6.6400,6.6500,6.6000,6.6100,213300,1412316.0000,3
2025-03-27,20250327102000000,sz.000968,6.6100,6.6100,6.6000,6.6100,201000,1327792.0000,3
2025-03-27,20250327102500000,sz.000968,6.6100,6.6200,6.6000,6.6100,206400,1364608.0000,3
2025-03-27,20250327103000000,sz.000968,6.6100,6.6100,6.6000,6.6100,87400,577276.0000,3
2025-03-27,20250327103500000,sz.000968,6.6100,6.6100,6.5900,6.6100,117900,778252.0000,3
2025-03-27,20250327104000000,sz.000968,6.6000,6.6100,6.5900,6.6100,94400,623052.0000,3
2025-03-27,20250327104500000,sz.000968,6.6000,6.6000,6.5800,6.5900,243600,1604680.0000,3
2025-03-27,20250327105000000,sz.000968,6.5900,6.6000,6.5800,6.6000,122500,807032.0000,3
2025-03-27,20250327105500000,sz.000968,6.6000,6.6000,6.5800,6.5900,149600,984908.0000,3
2025-03-27,20250327110000000,sz.000968,6.5900,6.6000,6.5800,6.6000,64600,425680.0000,3
2025-03-27,20250327110500000,sz.000968,6.6000,6.6000,6.5900,6.6000,50700,334144.0000,3
2025-03-27,20250327111000000,sz.000968,6.5900,6.5900,6.5800,6.5900,31700,208680.0000,3
2025-03-27,20250327111500000,sz.000968,6.5800,6.5900,6.5800,6.5800,163400,1075320.0000,3
2025-03-27,20250327112000000,sz.000968,6.5800,6.5900,6.5700,6.5800,128000,841996.0000,3
2025-03-27,20250327112500000,sz.000968,6.5800,6.5800,6.5600,6.5600,140600,923828.0000,3
2025-03-27,20250327113000000,sz.000968,6.5700,6.5700,6.5400,6.5600,202600,1327680.0000,3
2025-03-27,20250327130500000,sz.000968,6.5500,6.5900,6.5500,6.5900,213400,1400528.0000,3
2025-03-27,20250327131000000,sz.000968,6.6000,6.6000,6.5800,6.5800,180100,1186476.0000,3
2025-03-27,20250327131500000,sz.000968,6.5700,6.5700,6.5600,6.5700,38000,249476.0000,3
2025-03-27,20250327132000000,sz.000968,6.5600,6.5700,6.5400,6.5400,219300,1437728.0000,3
2025-03-27,20250327132500000,sz.000968,6.5500,6.5700,6.5500,6.5700,122300,802080.0000,3
2025-03-27,20250327133000000,sz.000968,6.5700,6.5700,6.5600,6.5600,72000,472428.0000,3
2025-03-27,20250327133500000,sz.000968,6.5700,6.5800,6.5700,6.5800,33400,219500.0000,3
2025-03-27,20250327134000000,sz.000968,6.5800,6.5800,6.5700,6.5800,37500,246680.0000,3
2025-03-27,20250327134500000,sz.000968,6.5700,6.5800,6.5700,6.5800,55800,366680.0000,3
2025-03-27,20250327135000000,sz.000968,6.5800,6.5900,6.5700,6.5800,74100,487256.0000,3
2025-03-27,20250327135500000,sz.000968,6.5800,6.5800,6.5600,6.5600,74700,490644.0000,3
2025-03-27,20250327140000000,sz.000968,6.5700,6.5700,6.5600,6.5600,89600,588584.0000,3
2025-03-27,20250327140500000,sz.000968,6.5700,6.5800,6.5600,6.5800,84500,554724.0000,3
2025-03-27,20250327141000000,sz.000968,6.5800,6.5900,6.5800,6.5900,118600,780480.0000,3
2025-03-27,20250327141500000,sz.000968,6.5800,6.5900,6.5700,6.5900,94900,624556.0000,3
2025-03-27,20250327142000000,sz.000968,6.5900,6.5900,6.5800,6.5800,51100,336456.0000,3
2025-03-27,20250327142500000,sz.000968,6.5800,6.5900,6.5800,6.5900,18000,118604.0000,3
2025-03-27,20250327143000000,sz.000968,6.5800,6.5900,6.5800,6.5800,68300,449492.0000,3
2025-03-27,20250327143500000,sz.000968,6.5800,6.5800,6.5700,6.5800,35900,236116.0000,3
2025-03-27,20250327144000000,sz.000968,6.5800,6.5900,6.5700,6.5800,153100,1007520.0000,3
2025-03-27,20250327144500000,sz.000968,6.5900,6.5900,6.5700,6.5800,260000,1710764.0000,3
2025-03-27,20250327145000000,sz.000968,6.5800,6.5800,6.5600,6.5600,244100,1605364.0000,3
2025-03-27,20250327145500000,sz.000968,6.5700,6.5800,6.5600,6.5600,211100,1386032.0000,3
2025-03-27,20250327150000000,sz.000968,6.5700,6.5800,6.5600,6.5700,93100,611616.0000,3
2025-03-28,20250328093500000,sz.000968,6.5700,6.5800,6.5300,6.5500,527500,3450777.0000,3
2025-03-28,20250328094000000,sz.000968,6.5600,6.5700,6.5300,6.5400,409500,2681592.0000,3
2025-03-28,20250328094500000,sz.000968,6.5400,6.5500,6.5300,6.5500,268700,1756212.0000,3
2025-03-28,20250328095000000,sz.000968,6.5500,6.5600,6.5400,6.5600,177600,1163796.0000,3
2025-03-28,20250328095500000,sz.000968,6.5500,6.5600,6.5400,6.5600,484000,3170310.0000,3
2025-03-28,20250328100000000,sz.000968,6.5500,6.5600,6.5400,6.5400,123900,811404.0000,3
2025-03-28,20250328100500000,sz.000968,6.5500,6.5700,6.5400,6.5700,276100,1809095.0000,3
2025-03-28,20250328101000000,sz.000968,6.5600,6.5700,6.5500,6.5500,108500,711271.0000,3
2025-03-28,20250328101500000,sz.000968,6.5500,6.5600,6.5400,6.5400,52100,341240.0000,3
2025-03-28,20250328102000000,sz.000968,6.5500,6.5500,6.5200,6.5200,294300,1922259.0000,3
2025-03-28,20250328102500000,sz.000968,6.5200,6.5400,6.5100,6.5100,100200,653560.0000,3
2025-03-28,20250328103000000,sz.000968,6.5200,6.5200,6.5000,6.5100,160000,1041622.0000,3
2025-03-28,20250328103500000,sz.000968,6.5000,6.5100,6.4900,6.4900,402300,2612390.0000,3
2025-03-28,20250328104000000,sz.000968,6.4900,6.5000,6.4800,6.4800,187500,1215892.0000,3
2025-03-28,20250328104500000,sz.000968,6.4900,6.4900,6.4500,6.4700,1363200,8799668.0000,3
2025-03-28,20250328105000000,sz.000968,6.4700,6.4800,6.4600,6.4800,334500,2164560.0000,3
2025-03-28,20250328105500000,sz.000968,6.4800,6.5000,6.4800,6.4900,202700,1314928.0000,3
2025-03-28,20250328110000000,sz.000968,6.4900,6.5000,6.4800,6.5000,35700,231736.0000,3
2025-03-28,20250328110500000,sz.000968,6.4900,6.5000,6.4700,6.5000,122700,795676.0000,3
2025-03-28,20250328111000000,sz.000968,6.5000,6.5000,6.4900,6.5000,129500,841192.0000,3
2025-03-28,20250328111500000,sz.000968,6.5000,6.5000,6.4700,6.4800,93100,603660.0000,3
2025-03-28,20250328112000000,sz.000968,6.4800,6.4900,6.4600,6.4700,149500,967692.0000,3
2025-03-28,20250328112500000,sz.000968,6.4600,6.4700,6.4600,6.4700,38400,248292.0000,3
2025-03-28,20250328113000000,sz.000968,6.4700,6.4700,6.4600,6.4600,124800,806612.0000,3
2025-03-28,20250328130500000,sz.000968,6.4600,6.4900,6.4600,6.4800,185500,1200144.0000,3
2025-03-28,20250328131000000,sz.000968,6.4800,6.4900,6.4700,6.4800,64800,419936.0000,3
2025-03-28,20250328131500000,sz.000968,6.4800,6.4900,6.4700,6.4800,81600,528736.0000,3
2025-03-28,20250328132000000,sz.000968,6.4800,6.4800,6.4700,6.4700,81400,526752.0000,3
2025-03-28,20250328132500000,sz.000968,6.4800,6.4800,6.4600,6.4600,80600,520948.0000,3
2025-03-28,20250328133000000,sz.000968,6.4500,6.4600,6.4500,6.4600,82200,530308.0000,3
2025-03-28,20250328133500000,sz.000968,6.4600,6.4700,6.4500,6.4600,102300,660764.0000,3
2025-03-28,20250328134000000,sz.000968,6.4500,6.4700,6.4500,6.4600,43400,280208.0000,3
2025-03-28,20250328134500000,sz.000968,6.4600,6.4900,6.4600,6.4800,233100,1508344.0000,3
2025-03-28,20250328135000000,sz.000968,6.4800,6.4900,6.4700,6.4800,30800,199572.0000,3
2025-03-28,20250328135500000,sz.000968,6.4900,6.5000,6.4700,6.4700,103700,672652.0000,3
2025-03-28,20250328140000000,sz.000968,6.4700,6.5000,6.4700,6.5000,115100,746972.0000,3
2025-03-28,20250328140500000,sz.000968,6.5000,6.5000,6.4800,6.4900,78400,509224.0000,3
2025-03-28,20250328141000000,sz.000968,6.5000,6.5000,6.4800,6.4800,29400,190796.0000,3
2025-03-28,20250328141500000,sz.000968,6.4800,6.4900,6.4800,6.4800,10300,66816.0000,3
2025-03-28,20250328142000000,sz.000968,6.4900,6.5000,6.4700,6.4900,226900,1471228.0000,3
2025-03-28,20250328142500000,sz.000968,6.4900,6.5000,6.4800,6.4900,17700,114872.0000,3
2025-03-28,20250328143000000,sz.000968,6.4900,6.5000,6.4800,6.4900,45500,295300.0000,3
2025-03-28,20250328143500000,sz.000968,6.4900,6.5000,6.4800,6.4900,102400,664896.0000,3
2025-03-28,20250328144000000,sz.000968,6.4900,6.5100,6.4900,6.5000,168200,1093012.0000,3
2025-03-28,20250328144500000,sz.000968,6.5000,6.5000,6.4800,6.4800,101100,655728.0000,3
2025-03-28,20250328145000000,sz.000968,6.4800,6.4900,6.4700,6.4800,85800,556216.0000,3
2025-03-28,20250328145500000,sz.000968,6.4700,6.4900,6.4700,6.4900,200600,1298420.0000,3
2025-03-28,20250328150000000,sz.000968,6.4900,6.4900,6.4700,6.4800,188900,1223832.0000,3
2025-03-31,20250331093500000,sz.000968,6.4500,6.4900,6.4100,6.4400,719300,4632370.0000,3
2025-03-31,20250331094000000,sz.000968,6.4400,6.4600,6.4300,6.4600,343500,2215237.0000,3
2025-03-31,20250331094500000,sz.000968,6.4600,6.5000,6.4500,6.4900,307400,1989368.0000,3
2025-03-31,20250331095000000,sz.000968,6.4800,6.5100,6.4800,6.5000,225300,1463545.0000,3
2025-03-31,20250331095500000,sz.000968,6.5000,6.5100,6.4800,6.4900,338700,2199105.0000,3
2025-03-31,20250331100000000,sz.000968,6.4800,6.4900,6.4700,6.4800,158500,1027016.0000,3
2025-03-31,20250331100500000,sz.000968,6.4700,6.4900,6.4700,6.4800,109000,706280.0000,3
2025-03-31,20250331101000000,sz.000968,6.4700,6.4900,6.4700,6.4800,181400,1175428.0000,3
2025-03-31,20250331101500000,sz.000968,6.4700,6.4800,6.4500,6.4500,256900,1658741.0000,3
2025-03-31,20250331102000000,sz.000968,6.4500,6.4600,6.4400,6.4600,157500,1016246.0000,3
2025-03-31,20250331102500000,sz.000968,6.4600,6.4600,6.4300,6.4400,237500,1529692.0000,3
2025-03-31,20250331103000000,sz.000968,6.4300,6.4400,6.4300,6.4300,130100,837092.0000,3
2025-03-31,20250331103500000,sz.000968,6.4400,6.4500,6.4300,6.4500,196900,1268504.0000,3
2025-03-31,20250331104000000,sz.000968,6.4500,6.4600,6.4400,6.4600,65100,420036.0000,3
2025-03-31,20250331104500000,sz.000968,6.4600,6.4600,6.4400,6.4600,122600,790864.0000,3
2025-03-31,20250331105000000,sz.000968,6.4600,6.4900,6.4600,6.4700,275100,1779952.0000,3
2025-03-31,20250331105500000,sz.000968,6.4700,6.4700,6.4500,6.4600,233000,1504528.0000,3
2025-03-31,20250331110000000,sz.000968,6.4600,6.4600,6.4500,6.4500,156000,1006708.0000,3
2025-03-31,20250331110500000,sz.000968,6.4400,6.4500,6.4300,6.4500,127900,823824.0000,3
2025-03-31,20250331111000000,sz.000968,6.4500,6.4500,6.4400,6.4500,40500,261028.0000,3
2025-03-31,20250331111500000,sz.000968,6.4500,6.4600,6.4300,6.4500,194900,1256236.0000,3
2025-03-31,20250331112000000,sz.000968,6.4500,6.4700,6.4400,6.4600,171000,1104596.0000,3
2025-03-31,20250331112500000,sz.000968,6.4500,6.4700,6.4300,6.4300,196000,1262508.0000,3
2025-03-31,20250331113000000,sz.000968,6.4300,6.4500,6.4200,6.4300,158200,1016262.0000,3
2025-03-31,20250331130500000,sz.000968,6.4200,6.4400,6.4200,6.4400,182500,1173322.0000,3
2025-03-31,20250331131000000,sz.000968,6.4500,6.4500,6.4300,6.4500,76300,491448.0000,3
2025-03-31,20250331131500000,sz.000968,6.4500,6.4600,6.4400,6.4600,60000,387136.0000,3
2025-03-31,20250331132000000,sz.000968,6.4600,6.4700,6.4500,6.4700,149400,964384.0000,3
2025-03-31,20250331132500000,sz.000968,6.4700,6.4800,6.4500,6.4600,147500,953136.0000,3
2025-03-31,20250331133000000,sz.000968,6.4600,6.4600,6.4400,6.4400,125900,811656.0000,3
2025-03-31,20250331133500000,sz.000968,6.4500,6.4600,6.4400,6.4400,150600,970884.0000,3
2025-03-31,20250331134000000,sz.000968,6.4400,6.4600,6.4400,6.4600,79400,512136.0000,3
2025-03-31,20250331134500000,sz.000968,6.4500,6.4500,6.4400,6.4400,107900,695520.0000,3
2025-03-31,20250331135000000,sz.000968,6.4400,6.4400,6.4200,6.4300,99300,638916.0000,3
2025-03-31,20250331135500000,sz.000968,6.4300,6.4400,6.4200,6.4300,77100,495732.0000,3
2025-03-31,20250331140000000,sz.000968,6.4200,6.4300,6.4200,6.4300,60800,390876.0000,3
2025-03-31,20250331140500000,sz.000968,6.4200,6.4300,6.4100,6.4300,140100,899572.0000,3
2025-03-31,20250331141000000,sz.000968,6.4300,6.4300,6.4100,6.4200,113400,728100.0000,3
2025-03-31,20250331141500000,sz.000968,6.4200,6.4300,6.4200,6.4200,43600,280120.0000,3
2025-03-31,20250331142000000,sz.000968,6.4300,6.4400,6.4200,6.4400,47900,308288.0000,3
2025-03-31,20250331142500000,sz.000968,6.4400,6.4500,6.4300,6.4500,60800,391628.0000,3
2025-03-31,20250331143000000,sz.000968,6.4400,6.4500,6.4300,6.4400,102100,657788.0000,3
2025-03-31,20250331143500000,sz.000968,6.4300,6.4500,6.4300,6.4500,264600,1705028.0000,3
2025-03-31,20250331144000000,sz.000968,6.4400,6.4500,6.4400,6.4500,85600,551756.0000,3
2025-03-31,20250331144500000,sz.000968,6.4400,6.4500,6.4300,6.4300,77600,499584.0000,3
2025-03-31,20250331145000000,sz.000968,6.4400,6.4500,6.4300,6.4400,193600,1246544.0000,3
2025-03-31,20250331145500000,sz.000968,6.4400,6.4500,6.4300,6.4400,199100,1282680.0000,3
2025-03-31,20250331150000000,sz.000968,6.4400,6.4400,6.4200,6.4400,108200,696124.0000,3
2025-04-01,20250401093500000,sz.000968,6.4600,6.5600,6.4600,6.5400,1054200,6883628.0000,3
2025-04-01,20250401094000000,sz.000968,6.5400,6.6000,6.5300,6.6000,827700,5436836.0000,3
2025-04-01,20250401094500000,sz.000968,6.6000,6.6100,6.5800,6.5800,433700,2859412.0000,3
2025-04-01,20250401095000000,sz.000968,6.5900,6.6100,6.5700,6.6000,467900,3084988.0000,3
2025-04-01,20250401095500000,sz.000968,6.6000,6.6100,6.6000,6.6000,223300,1474944.0000,3
2025-04-01,20250401100000000,sz.000968,6.6000,6.6400,6.6000,6.6200,257900,1707678.0000,3
2025-04-01,20250401100500000,sz.000968,6.6200,6.6400,6.6100,6.6300,299100,1982878.0000,3
2025-04-01,20250401101000000,sz.000968,6.6300,6.6500,6.6300,6.6500,193400,1283968.0000,3
2025-04-01,20250401101500000,sz.000968,6.6400,6.6600,6.6300,6.6300,347300,2307356.0000,3
2025-04-01,20250401102000000,sz.000968,6.6400,6.6500,6.6200,6.6400,174800,1159222.0000,3
2025-04-01,20250401102500000,sz.000968,6.6200,6.6400,6.6200,6.6200,217900,1445626.0000,3
2025-04-01,20250401103000000,sz.000968,6.6200,6.6400,6.6200,6.6200,95400,632494.0000,3
2025-04-01,20250401103500000,sz.000968,6.6200,6.6400,6.6200,6.6300,135300,897326.0000,3
2025-04-01,20250401104000000,sz.000968,6.6300,6.6400,6.6100,6.6100,430100,2850300.0000,3
2025-04-01,20250401104500000,sz.000968,6.6200,6.6200,6.6100,6.6200,33000,218320.0000,3
2025-04-01,20250401105000000,sz.000968,6.6100,6.6300,6.6000,6.6300,196900,1301984.0000,3
2025-04-01,20250401105500000,sz.000968,6.6300,6.6300,6.6200,6.6300,37400,247784.0000,3
2025-04-01,20250401110000000,sz.000968,6.6200,6.6300,6.6200,6.6300,55600,368320.0000,3
2025-04-01,20250401110500000,sz.000968,6.6300,6.6300,6.6100,6.6200,140000,927664.0000,3
2025-04-01,20250401111000000,sz.000968,6.6300,6.6300,6.6100,6.6200,102400,678204.0000,3
2025-04-01,20250401111500000,sz.000968,6.6200,6.6300,6.6100,6.6300,110900,734140.0000,3
2025-04-01,20250401112000000,sz.000968,6.6300,6.6300,6.6200,6.6300,95800,635008.0000,3
2025-04-01,20250401112500000,sz.000968,6.6300,6.6300,6.6200,6.6200,87300,578408.0000,3
2025-04-01,20250401113000000,sz.000968,6.6200,6.6300,6.6200,6.6200,27600,182844.0000,3
2025-04-01,20250401130500000,sz.000968,6.6200,6.6200,6.6000,6.6000,248800,1645700.0000,3
2025-04-01,20250401131000000,sz.000968,6.6000,6.6100,6.5900,6.6000,160000,1056420.0000,3
2025-04-01,20250401131500000,sz.000968,6.6100,6.6100,6.6000,6.6100,58900,389012.0000,3
2025-04-01,20250401132000000,sz.000968,6.6100,6.6100,6.5900,6.6100,104200,687784.0000,3
2025-04-01,20250401132500000,sz.000968,6.6100,6.6100,6.6000,6.6100,28800,190160.0000,3
2025-04-01,20250401133000000,sz.000968,6.6000,6.6100,6.6000,6.6100,55100,363792.0000,3
2025-04-01,20250401133500000,sz.000968,6.6000,6.6100,6.6000,6.6000,32700,215840.0000,3
2025-04-01,20250401134000000,sz.000968,6.6000,6.6100,6.5900,6.5900,191900,1265448.0000,3
2025-04-01,20250401134500000,sz.000968,6.5900,6.6000,6.5900,6.6000,50300,331496.0000,3
2025-04-01,20250401135000000,sz.000968,6.6000,6.6100,6.5900,6.6100,201200,1327964.0000,3
2025-04-01,20250401135500000,sz.000968,6.6100,6.6100,6.6000,6.6100,18800,124252.0000,3
2025-04-01,20250401140000000,sz.000968,6.6100,6.6200,6.6000,6.6100,103900,686976.0000,3
2025-04-01,20250401140500000,sz.000968,6.6200,6.6200,6.6100,6.6200,81400,538836.0000,3
2025-04-01,20250401141000000,sz.000968,6.6100,6.6200,6.6000,6.6100,149800,990248.0000,3
2025-04-01,20250401141500000,sz.000968,6.6100,6.6200,6.6100,6.6100,86400,571252.0000,3
2025-04-01,20250401142000000,sz.000968,6.6100,6.6200,6.6100,6.6200,23300,154164.0000,3
2025-04-01,20250401142500000,sz.000968,6.6200,6.6200,6.6100,6.6100,24000,158796.0000,3
2025-04-01,20250401143000000,sz.000968,6.6200,6.6200,6.6100,6.6200,125800,832712.0000,3
2025-04-01,20250401143500000,sz.000968,6.6100,6.6300,6.6100,6.6200,108100,715464.0000,3
2025-04-01,20250401144000000,sz.000968,6.6300,6.6300,6.6200,6.6300,106200,703752.0000,3
2025-04-01,20250401144500000,sz.000968,6.6200,6.6400,6.6200,6.6300,292300,1937824.0000,3
2025-04-01,20250401145000000,sz.000968,6.6300,6.6300,6.6200,6.6200,132900,880564.0000,3
2025-04-01,20250401145500000,sz.000968,6.6200,6.6300,6.6200,6.6300,173300,1148076.0000,3
2025-04-01,20250401150000000,sz.000968,6.6300,6.6400,6.6200,6.6300,269100,1784072.0000,3
2025-04-02,20250402093500000,sz.000968,6.6100,6.6200,6.5700,6.5700,525000,3454472.0000,3
2025-04-02,20250402094000000,sz.000968,6.5700,6.6100,6.5700,6.6000,301900,1990335.0000,3
2025-04-02,20250402094500000,sz.000968,6.6000,6.6100,6.5800,6.5800,236000,1555811.0000,3
2025-04-02,20250402095000000,sz.000968,6.5800,6.5900,6.5700,6.5800,114700,754653.0000,3
2025-04-02,20250402095500000,sz.000968,6.5800,6.5900,6.5700,6.5800,196100,1290371.0000,3
2025-04-02,20250402100000000,sz.000968,6.5900,6.6000,6.5800,6.5800,91100,600150.0000,3
2025-04-02,20250402100500000,sz.000968,6.5800,6.5900,6.5700,6.5800,186700,1228512.0000,3
2025-04-02,20250402101000000,sz.000968,6.5800,6.6000,6.5700,6.6000,171200,1127606.0000,3
2025-04-02,20250402101500000,sz.000968,6.5900,6.6000,6.5900,6.5900,146300,965266.0000,3
2025-04-02,20250402102000000,sz.000968,6.5900,6.6100,6.5900,6.6000,69200,456695.0000,3
2025-04-02,20250402102500000,sz.000968,6.6000,6.6000,6.5800,6.5800,76900,506638.0000,3
2025-04-02,20250402103000000,sz.000968,6.5800,6.5900,6.5800,6.5900,33900,223152.0000,3
2025-04-02,20250402103500000,sz.000968,6.5900,6.5900,6.5700,6.5800,89600,589432.0000,3
2025-04-02,20250402104000000,sz.000968,6.5800,6.5800,6.5700,6.5700,24400,160388.0000,3
2025-04-02,20250402104500000,sz.000968,6.5700,6.5800,6.5700,6.5800,191900,1260855.0000,3
2025-04-02,20250402105000000,sz.000968,6.5800,6.5800,6.5600,6.5700,65900,432961.0000,3
2025-04-02,20250402105500000,sz.000968,6.5700,6.5700,6.5600,6.5700,33900,222477.0000,3
2025-04-02,20250402110000000,sz.000968,6.5700,6.5700,6.5500,6.5600,98300,644710.0000,3
2025-04-02,20250402110500000,sz.000968,6.5600,6.5600,6.5400,6.5500,153900,1007960.0000,3
2025-04-02,20250402111000000,sz.000968,6.5500,6.5500,6.5300,6.5400,167100,1092792.0000,3
2025-04-02,20250402111500000,sz.000968,6.5300,6.5400,6.5300,6.5400,63900,417768.0000,3
2025-04-02,20250402112000000,sz.000968,6.5300,6.5400,6.5200,6.5300,279000,1821026.0000,3
2025-04-02,20250402112500000,sz.000968,6.5400,6.5500,6.5300,6.5500,60300,394210.0000,3
2025-04-02,20250402113000000,sz.000968,6.5500,6.5500,6.5400,6.5500,22700,148596.0000,3
2025-04-02,20250402130500000,sz.000968,6.5500,6.5600,6.5400,6.5500,73700,482496.0000,3
2025-04-02,20250402131000000,sz.000968,6.5500,6.5500,6.5300,6.5300,34100,223032.0000,3
2025-04-02,20250402131500000,sz.000968,6.5300,6.5500,6.5300,6.5500,69400,453880.0000,3
2025-04-02,20250402132000000,sz.000968,6.5400,6.5500,6.5400,6.5500,44600,291704.0000,3
2025-04-02,20250402132500000,sz.000968,6.5500,6.5500,6.5400,6.5500,14300,93644.0000,3
2025-04-02,20250402133000000,sz.000968,6.5400,6.5500,6.5400,6.5400,27600,180668.0000,3
2025-04-02,20250402133500000,sz.000968,6.5400,6.5500,6.5400,6.5500,84100,550312.0000,3
2025-04-02,20250402134000000,sz.000968,6.5500,6.5500,6.5300,6.5400,49800,325536.0000,3
2025-04-02,20250402134500000,sz.000968,6.5400,6.5500,6.5300,6.5500,47500,310584.0000,3
2025-04-02,20250402135000000,sz.000968,6.5500,6.5500,6.5400,6.5500,29900,195724.0000,3
2025-04-02,20250402135500000,sz.000968,6.5500,6.5500,6.5400,6.5500,15000,98208.0000,3
2025-04-02,20250402140000000,sz.000968,6.5500,6.5500,6.5400,6.5500,19000,124408.0000,3
2025-04-02,20250402140500000,sz.000968,6.5500,6.5500,6.5300,6.5300,103000,673918.0000,3
2025-04-02,20250402141000000,sz.000968,6.5300,6.5400,6.5300,6.5300,79200,517358.0000,3
2025-04-02,20250402141500000,sz.000968,6.5300,6.5400,6.5200,6.5400,47300,308952.0000,3
2025-04-02,20250402142000000,sz.000968,6.5300,6.5500,6.5300,6.5500,20800,136018.0000,3
2025-04-02,20250402142500000,sz.000968,6.5300,6.5400,6.5300,6.5400,59600,389320.0000,3
2025-04-02,20250402143000000,sz.000968,6.5300,6.5400,6.5300,6.5400,35100,229450.0000,3
2025-04-02,20250402143500000,sz.000968,6.5400,6.5400,6.5200,6.5200,119000,777128.0000,3
2025-04-02,20250402144000000,sz.000968,6.5300,6.5300,6.5100,6.5200,162900,1062264.0000,3
2025-04-02,20250402144500000,sz.000968,6.5200,6.5300,6.5100,6.5300,82000,534612.0000,3
2025-04-02,20250402145000000,sz.000968,6.5300,6.5400,6.5300,6.5300,171700,1121890.0000,3
2025-04-02,20250402145500000,sz.000968,6.5300,6.5400,6.5200,6.5200,316300,2065530.0000,3
2025-04-02,20250402150000000,sz.000968,6.5200,6.5300,6.5200,6.5300,205000,1338424.0000,3
2025-04-03,20250403093500000,sz.000968,6.5100,6.5500,6.4900,6.5400,532200,3471005.0000,3
2025-04-03,20250403094000000,sz.000968,6.5300,6.5600,6.5200,6.5300,380200,2488390.0000,3
2025-04-03,20250403094500000,sz.000968,6.5400,6.5800,6.5300,6.5700,201700,1323083.0000,3
2025-04-03,20250403095000000,sz.000968,6.5700,6.5800,6.5600,6.5800,216100,1420148.0000,3
2025-04-03,20250403095500000,sz.000968,6.5800,6.5800,6.5600,6.5600,195100,1281802.0000,3
2025-04-03,20250403100000000,sz.000968,6.5600,6.5700,6.5500,6.5600,259600,1703732.0000,3
2025-04-03,20250403100500000,sz.000968,6.5600,6.5800,6.5500,6.5500,157800,1036210.0000,3
2025-04-03,20250403101000000,sz.000968,6.5600,6.5600,6.5300,6.5400,143500,938984.0000,3
2025-04-03,20250403101500000,sz.000968,6.5400,6.5600,6.5300,6.5600,88200,577170.0000,3
2025-04-03,20250403102000000,sz.000968,6.5500,6.5700,6.5500,6.5700,53900,353700.0000,3
2025-04-03,20250403102500000,sz.000968,6.5700,6.5800,6.5600,6.5800,146400,962027.0000,3
2025-04-03,20250403103000000,sz.000968,6.5700,6.5900,6.5700,6.5900,185100,1218087.0000,3
2025-04-03,20250403103500000,sz.000968,6.5900,6.5900,6.5700,6.5700,104300,686168.0000,3
2025-04-03,20250403104000000,sz.000968,6.5700,6.5800,6.5700,6.5800,41900,275378.0000,3
2025-04-03,20250403104500000,sz.000968,6.5700,6.5800,6.5600,6.5800,106300,698436.0000,3
2025-04-03,20250403105000000,sz.000968,6.5700,6.5800,6.5700,6.5700,71400,469266.0000,3
2025-04-03,20250403105500000,sz.000968,6.5700,6.5700,6.5500,6.5500,106300,697474.0000,3
2025-04-03,20250403110000000,sz.000968,6.5500,6.5500,6.5400,6.5400,135100,883904.0000,3
2025-04-03,20250403110500000,sz.000968,6.5400,6.5500,6.5300,6.5300,23800,155624.0000,3
2025-04-03,20250403111000000,sz.000968,6.5400,6.5400,6.5200,6.5300,79800,520896.0000,3
2025-04-03,20250403111500000,sz.000968,6.5400,6.5400,6.5200,6.5200,36300,236936.0000,3
2025-04-03,20250403112000000,sz.000968,6.5200,6.5300,6.5200,6.5200,49400,322130.0000,3
2025-04-03,20250403112500000,sz.000968,6.5300,6.5300,6.5200,6.5200,82900,540694.0000,3
2025-04-03,20250403113000000,sz.000968,6.5200,6.5200,6.5100,6.5100,92200,600432.0000,3
2025-04-03,20250403130500000,sz.000968,6.5100,6.5400,6.5100,6.5300,187900,1226068.0000,3
2025-04-03,20250403131000000,sz.000968,6.5200,6.5200,6.5000,6.5100,307800,2004442.0000,3
2025-04-03,20250403131500000,sz.000968,6.5100,6.5300,6.5000,6.5200,176300,1148344.0000,3
2025-04-03,20250403132000000,sz.000968,6.5200,6.5300,6.5100,6.5200,154500,1006220.0000,3
2025-04-03,20250403132500000,sz.000968,6.5100,6.5200,6.5100,6.5100,15200,98986.0000,3
2025-04-03,20250403133000000,sz.000968,6.5200,6.5300,6.5100,6.5300,96700,630124.0000,3
2025-04-03,20250403133500000,sz.000968,6.5200,6.5300,6.5200,6.5300,19800,129248.0000,3
2025-04-03,20250403134000000,sz.000968,6.5200,6.5300,6.5200,6.5200,26100,170198.0000,3
2025-04-03,20250403134500000,sz.000968,6.5300,6.5300,6.5200,6.5300,111600,728258.0000,3
2025-04-03,20250403135000000,sz.000968,6.5200,6.5500,6.5200,6.5300,42000,274532.0000,3
2025-04-03,20250403135500000,sz.000968,6.5400,6.5600,6.5400,6.5600,42800,280352.0000,3
2025-04-03,20250403140000000,sz.000968,6.5600,6.5700,6.5500,6.5600,74000,485912.0000,3
2025-04-03,20250403140500000,sz.000968,6.5700,6.5700,6.5600,6.5700,36800,241496.0000,3
2025-04-03,20250403141000000,sz.000968,6.5700,6.5800,6.5700,6.5800,42400,278592.0000,3
2025-04-03,20250403141500000,sz.000968,6.5700,6.5800,6.5600,6.5800,30300,199118.0000,3
2025-04-03,20250403142000000,sz.000968,6.5800,6.5800,6.5600,6.5700,86700,569354.0000,3
2025-04-03,20250403142500000,sz.000968,6.5700,6.5700,6.5600,6.5600,6200,40688.0000,3
2025-04-03,20250403143000000,sz.000968,6.5700,6.5700,6.5600,6.5600,89000,583868.0000,3
2025-04-03,20250403143500000,sz.000968,6.5600,6.5700,6.5600,6.5700,51200,335970.0000,3
2025-04-03,20250403144000000,sz.000968,6.5600,6.5700,6.5600,6.5600,34100,223730.0000,3
2025-04-03,20250403144500000,sz.000968,6.5600,6.5700,6.5500,6.5600,87400,573320.0000,3
2025-04-03,20250403145000000,sz.000968,6.5700,6.5700,6.5500,6.5500,56700,371848.0000,3
2025-04-03,20250403145500000,sz.000968,6.5700,6.5800,6.5600,6.5700,190000,1248876.0000,3
2025-04-03,20250403150000000,sz.000968,6.5800,6.5800,6.5700,6.5800,78200,513884.0000,3
2025-04-07,20250407093500000,sz.000968,6.2500,6.3500,6.2500,6.3200,1859400,11683698.0000,3
2025-04-07,20250407094000000,sz.000968,6.3200,6.3200,6.1500,6.1600,1469100,9142314.0000,3
2025-04-07,20250407094500000,sz.000968,6.1800,6.1800,6.0600,6.0800,1958400,11963444.0000,3
2025-04-07,20250407095000000,sz.000968,6.0600,6.0600,5.9300,5.9900,2217300,13264980.0000,3
2025-04-07,20250407095500000,sz.000968,5.9900,6.0400,5.9500,6.0400,577400,3455268.0000,3
2025-04-07,20250407100000000,sz.000968,6.0400,6.0800,6.0300,6.0700,520500,3153824.0000,3
2025-04-07,20250407100500000,sz.000968,6.0900,6.1000,6.0300,6.0600,444700,2693032.0000,3
2025-04-07,20250407101000000,sz.000968,6.0500,6.0700,6.0200,6.0200,323500,1955560.0000,3
2025-04-07,20250407101500000,sz.000968,6.0300,6.0500,6.0200,6.0500,298200,1799144.0000,3
2025-04-07,20250407102000000,sz.000968,6.0400,6.0800,6.0400,6.0800,170100,1031664.0000,3
2025-04-07,20250407102500000,sz.000968,6.0800,6.1200,6.0700,6.1100,165000,1005016.0000,3
2025-04-07,20250407103000000,sz.000968,6.1000,6.1100,6.0900,6.0900,190700,1163364.0000,3
2025-04-07,20250407103500000,sz.000968,6.0900,6.1000,6.0800,6.0800,195400,1190204.0000,3
2025-04-07,20250407104000000,sz.000968,6.0800,6.0800,6.0300,6.0500,273300,1657456.0000,3
2025-04-07,20250407104500000,sz.000968,6.0600,6.0900,6.0600,6.0700,103700,629696.0000,3
2025-04-07,20250407105000000,sz.000968,6.0900,6.1300,6.0900,6.1100,248600,1518656.0000,3
2025-04-07,20250407105500000,sz.000968,6.1100,6.1200,6.0700,6.0700,97600,594744.0000,3
2025-04-07,20250407110000000,sz.000968,6.0700,6.0800,6.0600,6.0700,94900,575976.0000,3
2025-04-07,20250407110500000,sz.000968,6.0700,6.0700,6.0300,6.0400,212500,1285496.0000,3
2025-04-07,20250407111000000,sz.000968,6.0400,6.0700,6.0400,6.0400,83900,507944.0000,3
2025-04-07,20250407111500000,sz.000968,6.0500,6.0500,6.0400,6.0500,55700,336832.0000,3
2025-04-07,20250407112000000,sz.000968,6.0500,6.0700,6.0400,6.0400,144400,873376.0000,3
2025-04-07,20250407112500000,sz.000968,6.0400,6.0500,6.0200,6.0200,232300,1402376.0000,3
2025-04-07,20250407113000000,sz.000968,6.0300,6.0400,6.0200,6.0300,106900,644440.0000,3
2025-04-07,20250407130500000,sz.000968,6.0300,6.0300,5.9800,5.9900,550800,3310056.0000,3
2025-04-07,20250407131000000,sz.000968,5.9900,6.0000,5.9600,5.9600,277300,1657704.0000,3
2025-04-07,20250407131500000,sz.000968,5.9700,5.9700,5.9400,5.9600,232800,1385552.0000,3
2025-04-07,20250407132000000,sz.000968,5.9500,5.9600,5.9500,5.9600,339100,2020544.0000,3
2025-04-07,20250407132500000,sz.000968,5.9600,5.9800,5.9500,5.9600,224500,1339064.0000,3
2025-04-07,20250407133000000,sz.000968,5.9600,5.9600,5.9400,5.9400,160300,953864.0000,3
2025-04-07,20250407133500000,sz.000968,5.9500,5.9500,5.9300,5.9300,190700,1132208.0000,3
2025-04-07,20250407134000000,sz.000968,5.9300,5.9400,5.9200,5.9300,369300,2189304.0000,3
2025-04-07,20250407134500000,sz.000968,5.9200,5.9300,5.9200,5.9300,213100,1262840.0000,3
2025-04-07,20250407135000000,sz.000968,5.9300,5.9300,5.9200,5.9200,257200,1523296.0000,3
2025-04-07,20250407135500000,sz.000968,5.9200,5.9300,5.9200,5.9300,54900,325280.0000,3
2025-04-07,20250407140000000,sz.000968,5.9300,5.9300,5.9200,5.9200,372400,2205240.0000,3
2025-04-07,20250407140500000,sz.000968,5.9200,5.9200,5.9200,5.9200,32300,191216.0000,3
2025-04-07,20250407141000000,sz.000968,5.9200,5.9200,5.9200,5.9200,29800,176416.0000,3
2025-04-07,20250407141500000,sz.000968,5.9200,5.9200,5.9200,5.9200,34900,206608.0000,3
2025-04-07,20250407142000000,sz.000968,5.9200,5.9200,5.9200,5.9200,15800,93536.0000,3
2025-04-07,20250407142500000,sz.000968,5.9200,5.9200,5.9200,5.9200,138800,821696.0000,3
2025-04-07,20250407143000000,sz.000968,5.9200,5.9200,5.9200,5.9200,89700,531024.0000,3
2025-04-07,20250407143500000,sz.000968,5.9200,5.9300,5.9200,5.9300,156700,927896.0000,3
2025-04-07,20250407144000000,sz.000968,5.9200,5.9300,5.9200,5.9300,142400,843336.0000,3
2025-04-07,20250407144500000,sz.000968,5.9200,5.9200,5.9200,5.9200,65500,387768.0000,3
2025-04-07,20250407145000000,sz.000968,5.9200,5.9200,5.9200,5.9200,46900,277648.0000,3
2025-04-07,20250407145500000,sz.000968,5.9200,5.9200,5.9200,5.9200,48900,289488.0000,3
2025-04-07,20250407150000000,sz.000968,5.9200,5.9200,5.9200,5.9200,41300,244496.0000,3
2025-04-08,20250408093500000,sz.000968,5.9800,5.9900,5.9300,5.9800,1301100,7751159.0000,3
2025-04-08,20250408094000000,sz.000968,5.9900,6.0500,5.9900,6.0200,1198600,7217103.0000,3
2025-04-08,20250408094500000,sz.000968,6.0200,6.0200,5.9600,5.9700,794000,4761270.0000,3
2025-04-08,20250408095000000,sz.000968,5.9700,5.9700,5.9400,5.9500,465500,2771656.0000,3
2025-04-08,20250408095500000,sz.000968,5.9500,5.9500,5.8600,5.8900,1338300,7872536.0000,3
2025-04-08,20250408100000000,sz.000968,5.8900,5.9400,5.8800,5.9000,445200,2632380.0000,3
2025-04-08,20250408100500000,sz.000968,5.9000,5.9500,5.9000,5.9200,382300,2266712.0000,3
2025-04-08,20250408101000000,sz.000968,5.9200,5.9600,5.9100,5.9600,313900,1863816.0000,3
2025-04-08,20250408101500000,sz.000968,5.9600,5.9800,5.9600,5.9600,250700,1496688.0000,3
2025-04-08,20250408102000000,sz.000968,5.9600,5.9700,5.9400,5.9600,200000,1191288.0000,3
2025-04-08,20250408102500000,sz.000968,5.9500,5.9500,5.8900,5.9000,356300,2107512.0000,3
2025-04-08,20250408103000000,sz.000968,5.9000,5.9100,5.8600,5.9000,676000,3976892.0000,3
2025-04-08,20250408103500000,sz.000968,5.9000,5.9300,5.9000,5.9200,125000,739172.0000,3
2025-04-08,20250408104000000,sz.000968,5.9300,5.9400,5.8900,5.8900,414900,2449784.0000,3
2025-04-08,20250408104500000,sz.000968,5.8900,5.8900,5.8600,5.8700,529400,3111640.0000,3
2025-04-08,20250408105000000,sz.000968,5.8800,5.8900,5.8700,5.8900,216000,1269568.0000,3
2025-04-08,20250408105500000,sz.000968,5.8900,5.9000,5.8800,5.8900,84100,495388.0000,3
2025-04-08,20250408110000000,sz.000968,5.8800,5.9000,5.8600,5.8600,231800,1362424.0000,3
2025-04-08,20250408110500000,sz.000968,5.8600,5.9100,5.8600,5.8900,233800,1377912.0000,3
2025-04-08,20250408111000000,sz.000968,5.8900,5.9000,5.8700,5.8700,131400,773144.0000,3
2025-04-08,20250408111500000,sz.000968,5.8800,5.9000,5.8700,5.9000,154300,907864.0000,3
2025-04-08,20250408112000000,sz.000968,5.8900,5.9300,5.8800,5.9300,217000,1282776.0000,3
2025-04-08,20250408112500000,sz.000968,5.9200,5.9400,5.9100,5.9300,109000,645996.0000,3
2025-04-08,20250408113000000,sz.000968,5.9300,5.9400,5.9200,5.9400,92500,548968.0000,3
2025-04-08,20250408130500000,sz.000968,5.9300,5.9400,5.9000,5.9100,455800,2699572.0000,3
2025-04-08,20250408131000000,sz.000968,5.9100,5.9400,5.9000,5.9100,260400,1541220.0000,3
2025-04-08,20250408131500000,sz.000968,5.9000,5.9100,5.8900,5.8900,111200,656076.0000,3
2025-04-08,20250408132000000,sz.000968,5.8900,5.9100,5.8800,5.8900,200200,1179780.0000,3
2025-04-08,20250408132500000,sz.000968,5.8900,5.9000,5.8800,5.9000,158600,934488.0000,3
2025-04-08,20250408133000000,sz.000968,5.8800,5.9000,5.8800,5.8900,116300,684704.0000,3
2025-04-08,20250408133500000,sz.000968,5.9000,5.9000,5.8800,5.8900,309000,1818768.0000,3
2025-04-08,20250408134000000,sz.000968,5.8900,5.9100,5.8800,5.9100,237100,1398368.0000,3
2025-04-08,20250408134500000,sz.000968,5.9100,5.9200,5.8900,5.9000,199400,1176560.0000,3
2025-04-08,20250408135000000,sz.000968,5.8900,5.9000,5.8600,5.8700,528300,3102768.0000,3
2025-04-08,20250408135500000,sz.000968,5.8600,5.8700,5.8400,5.8500,443900,2600448.0000,3
2025-04-08,20250408140000000,sz.000968,5.8600,5.8900,5.8400,5.8800,259900,1524496.0000,3
2025-04-08,20250408140500000,sz.000968,5.8600,5.9000,5.8500,5.8900,242700,1426448.0000,3
2025-04-08,20250408141000000,sz.000968,5.9000,5.9000,5.8700,5.8700,102100,600728.0000,3
2025-04-08,20250408141500000,sz.000968,5.8700,5.8700,5.8500,5.8500,200400,1175024.0000,3
2025-04-08,20250408142000000,sz.000968,5.8500,5.8600,5.8500,5.8500,154200,902976.0000,3
2025-04-08,20250408142500000,sz.000968,5.8600,5.8600,5.8400,5.8600,402700,2355328.0000,3
2025-04-08,20250408143000000,sz.000968,5.8500,5.8900,5.8500,5.8900,241800,1417800.0000,3
2025-04-08,20250408143500000,sz.000968,5.8900,5.9000,5.8600,5.8700,191500,1126032.0000,3
2025-04-08,20250408144000000,sz.000968,5.8700,5.9000,5.8700,5.8900,254500,1497504.0000,3
2025-04-08,20250408144500000,sz.000968,5.8800,5.9100,5.8800,5.9000,282500,1665512.0000,3
2025-04-08,20250408145000000,sz.000968,5.9000,5.9200,5.8900,5.9200,239400,1414632.0000,3
2025-04-08,20250408145500000,sz.000968,5.9200,5.9200,5.9100,5.9100,182700,1080536.0000,3
2025-04-08,20250408150000000,sz.000968,5.9200,5.9200,5.9000,5.9200,246100,1455496.0000,3
2025-04-09,20250409093500000,sz.000968,5.7900,5.8200,5.6900,5.6900,2008900,11504943.0000,3
2025-04-09,20250409094000000,sz.000968,5.6900,5.7200,5.6200,5.7200,1149400,6520037.0000,3
2025-04-09,20250409094500000,sz.000968,5.6900,5.7200,5.6600,5.6900,761900,4338680.0000,3
2025-04-09,20250409095000000,sz.000968,5.6900,5.7100,5.6800,5.7000,331000,1885316.0000,3
2025-04-09,20250409095500000,sz.000968,5.7000,5.7300,5.6800,5.7000,363900,2076620.0000,3
2025-04-09,20250409100000000,sz.000968,5.7000,5.7200,5.6800,5.7200,287800,1640358.0000,3
2025-04-09,20250409100500000,sz.000968,5.7200,5.7900,5.7200,5.7600,460200,2650078.0000,3
2025-04-09,20250409101000000,sz.000968,5.7600,5.7700,5.7400,5.7500,133500,767964.0000,3
2025-04-09,20250409101500000,sz.000968,5.7400,5.7900,5.7400,5.7700,252700,1459128.0000,3
2025-04-09,20250409102000000,sz.000968,5.7600,5.8000,5.7600,5.7700,402900,2331156.0000,3
2025-04-09,20250409102500000,sz.000968,5.7700,5.8200,5.7600,5.8100,356700,2060216.0000,3
2025-04-09,20250409103000000,sz.000968,5.8000,5.8200,5.7800,5.7900,236300,1373040.0000,3
2025-04-09,20250409103500000,sz.000968,5.7900,5.8000,5.7700,5.8000,224100,1296936.0000,3
2025-04-09,20250409104000000,sz.000968,5.7900,5.8100,5.7800,5.8000,100800,584252.0000,3
2025-04-09,20250409104500000,sz.000968,5.7900,5.8100,5.7900,5.8000,44200,256420.0000,3
2025-04-09,20250409105000000,sz.000968,5.8100,5.8100,5.7900,5.8000,94200,546176.0000,3
2025-04-09,20250409105500000,sz.000968,5.8100,5.8100,5.8000,5.8100,20200,117228.0000,3
2025-04-09,20250409110000000,sz.000968,5.8000,5.8300,5.8000,5.8300,168200,977940.0000,3
2025-04-09,20250409110500000,sz.000968,5.8200,5.8400,5.7800,5.7800,279900,1624976.0000,3
2025-04-09,20250409111000000,sz.000968,5.7800,5.7900,5.7700,5.7700,70100,405052.0000,3
2025-04-09,20250409111500000,sz.000968,5.7700,5.7800,5.7600,5.7700,74900,432308.0000,3
2025-04-09,20250409112000000,sz.000968,5.7700,5.8000,5.7700,5.7900,97400,563768.0000,3
2025-04-09,20250409112500000,sz.000968,5.8000,5.8300,5.7900,5.8300,127000,737432.0000,3
2025-04-09,20250409113000000,sz.000968,5.8300,5.8600,5.8300,5.8500,192000,1122296.0000,3
2025-04-09,20250409130500000,sz.000968,5.8500,5.8500,5.7900,5.8300,235400,1369800.0000,3
2025-04-09,20250409131000000,sz.000968,5.8300,5.8400,5.8200,5.8400,118300,690040.0000,3
2025-04-09,20250409131500000,sz.000968,5.8300,5.8700,5.8300,5.8500,206200,1206064.0000,3
2025-04-09,20250409132000000,sz.000968,5.8600,5.8700,5.8500,5.8600,112200,657432.0000,3
2025-04-09,20250409132500000,sz.000968,5.8600,5.8800,5.8600,5.8700,107900,633408.0000,3
2025-04-09,20250409133000000,sz.000968,5.8600,5.9000,5.8600,5.9000,182100,1071528.0000,3
2025-04-09,20250409133500000,sz.000968,5.8900,5.9200,5.8900,5.9200,279900,1651584.0000,3
2025-04-09,20250409134000000,sz.000968,5.9200,5.9300,5.9100,5.9300,102700,607668.0000,3
2025-04-09,20250409134500000,sz.000968,5.9300,5.9300,5.9100,5.9200,106900,633496.0000,3
2025-04-09,20250409135000000,sz.000968,5.9200,5.9500,5.9200,5.9400,96000,569292.0000,3
2025-04-09,20250409135500000,sz.000968,5.9300,5.9300,5.9100,5.9100,349700,2071788.0000,3
2025-04-09,20250409140000000,sz.000968,5.9100,5.9300,5.9000,5.9000,261000,1542592.0000,3
2025-04-09,20250409140500000,sz.000968,5.9100,5.9100,5.8900,5.9000,109300,644972.0000,3
2025-04-09,20250409141000000,sz.000968,5.9000,5.9200,5.9000,5.9200,64000,378276.0000,3
2025-04-09,20250409141500000,sz.000968,5.9200,5.9300,5.9100,5.9300,449100,2659020.0000,3
2025-04-09,20250409142000000,sz.000968,5.9300,5.9600,5.9300,5.9600,144600,859440.0000,3
2025-04-09,20250409142500000,sz.000968,5.9600,5.9700,5.9400,5.9400,280500,1670040.0000,3
2025-04-09,20250409143000000,sz.000968,5.9400,5.9600,5.9400,5.9500,161300,959504.0000,3
2025-04-09,20250409143500000,sz.000968,5.9500,5.9600,5.9500,5.9600,219300,1306632.0000,3
2025-04-09,20250409144000000,sz.000968,5.9600,5.9600,5.9400,5.9500,366100,2178528.0000,3
2025-04-09,20250409144500000,sz.000968,5.9400,5.9500,5.9200,5.9300,255300,1514384.0000,3
2025-04-09,20250409145000000,sz.000968,5.9300,5.9400,5.9200,5.9300,296300,1756008.0000,3
2025-04-09,20250409145500000,sz.000968,5.9500,5.9500,5.9300,5.9500,251500,1493752.0000,3
2025-04-09,20250409150000000,sz.000968,5.9400,5.9400,5.9300,5.9300,105000,622784.0000,3
2025-04-10,20250410093500000,sz.000968,6.0100,6.0500,5.9500,5.9900,1472200,8814490.0000,3
2025-04-10,20250410094000000,sz.000968,5.9900,6.0400,5.9800,6.0400,806200,4844823.0000,3
2025-04-10,20250410094500000,sz.000968,6.0300,6.0500,6.0100,6.0400,685200,4130663.0000,3
2025-04-10,20250410095000000,sz.000968,6.0300,6.0600,6.0200,6.0400,727000,4388974.0000,3
2025-04-10,20250410095500000,sz.000968,6.0600,6.0700,6.0500,6.0700,442500,2680022.0000,3
2025-04-10,20250410100000000,sz.000968,6.0600,6.0800,6.0600,6.0800,540000,3279224.0000,3
2025-04-10,20250410100500000,sz.000968,6.0800,6.0800,6.0500,6.0600,307300,1863004.0000,3
2025-04-10,20250410101000000,sz.000968,6.0600,6.0700,6.0400,6.0600,314500,1905052.0000,3
2025-04-10,20250410101500000,sz.000968,6.0600,6.0800,6.0500,6.0800,336700,2044096.0000,3
2025-04-10,20250410102000000,sz.000968,6.0800,6.0800,6.0600,6.0800,159500,967992.0000,3
2025-04-10,20250410102500000,sz.000968,6.0800,6.0800,6.0600,6.0700,125500,762244.0000,3
2025-04-10,20250410103000000,sz.000968,6.0800,6.0800,6.0600,6.0700,91300,554208.0000,3
2025-04-10,20250410103500000,sz.000968,6.0600,6.0700,6.0500,6.0500,143300,868648.0000,3
2025-04-10,20250410104000000,sz.000968,6.0500,6.0700,6.0500,6.0700,130100,787768.0000,3
2025-04-10,20250410104500000,sz.000968,6.0600,6.0700,6.0500,6.0500,392700,2376708.0000,3
2025-04-10,20250410105000000,sz.000968,6.0500,6.0500,6.0300,6.0500,280800,1697040.0000,3
2025-04-10,20250410105500000,sz.000968,6.0500,6.0700,6.0500,6.0700,299800,1816220.0000,3
2025-04-10,20250410110000000,sz.000968,6.0700,6.0900,6.0600,6.0600,282800,1718772.0000,3
2025-04-10,20250410110500000,sz.000968,6.0600,6.0800,6.0600,6.0700,55800,338628.0000,3
2025-04-10,20250410111000000,sz.000968,6.0700,6.0800,6.0700,6.0800,26800,162804.0000,3
2025-04-10,20250410111500000,sz.000968,6.0700,6.0800,6.0400,6.0500,185000,1121508.0000,3
2025-04-10,20250410112000000,sz.000968,6.0600,6.0700,6.0400,6.0700,126700,767936.0000,3
2025-04-10,20250410112500000,sz.000968,6.0700,6.0700,6.0400,6.0400,44800,271252.0000,3
2025-04-10,20250410113000000,sz.000968,6.0400,6.0500,6.0300,6.0500,68900,416148.0000,3
2025-04-10,20250410130500000,sz.000968,6.0400,6.0500,6.0200,6.0400,215200,1299584.0000,3
2025-04-10,20250410131000000,sz.000968,6.0300,6.0600,6.0300,6.0600,77700,469852.0000,3
2025-04-10,20250410131500000,sz.000968,6.0500,6.0600,6.0400,6.0500,174300,1054500.0000,3
2025-04-10,20250410132000000,sz.000968,6.0600,6.0700,6.0500,6.0600,49400,299344.0000,3
2025-04-10,20250410132500000,sz.000968,6.0500,6.0600,6.0500,6.0600,23100,139912.0000,3
2025-04-10,20250410133000000,sz.000968,6.0500,6.0600,6.0500,6.0600,88500,535820.0000,3
2025-04-10,20250410133500000,sz.000968,6.0600,6.0600,6.0500,6.0500,160300,970012.0000,3
2025-04-10,20250410134000000,sz.000968,6.0500,6.0700,6.0400,6.0600,306300,1854860.0000,3
2025-04-10,20250410134500000,sz.000968,6.0700,6.0800,6.0600,6.0700,134000,813820.0000,3
2025-04-10,20250410135000000,sz.000968,6.0700,6.0700,6.0500,6.0600,105900,641940.0000,3
2025-04-10,20250410135500000,sz.000968,6.0600,6.0600,6.0500,6.0600,23300,141184.0000,3
2025-04-10,20250410140000000,sz.000968,6.0600,6.0600,6.0400,6.0400,211400,1279224.0000,3
2025-04-10,20250410140500000,sz.000968,6.0400,6.0500,6.0300,6.0500,222600,1343128.0000,3
2025-04-10,20250410141000000,sz.000968,6.0500,6.0700,6.0500,6.0700,32300,195852.0000,3
2025-04-10,20250410141500000,sz.000968,6.0700,6.0700,6.0600,6.0600,131100,794768.0000,3
2025-04-10,20250410142000000,sz.000968,6.0700,6.0800,6.0700,6.0700,42900,260572.0000,3
2025-04-10,20250410142500000,sz.000968,6.0700,6.0800,6.0600,6.0700,103400,627248.0000,3
2025-04-10,20250410143000000,sz.000968,6.0600,6.0600,6.0400,6.0600,142000,859488.0000,3
2025-04-10,20250410143500000,sz.000968,6.0600,6.0600,6.0400,6.0400,188000,1137084.0000,3
2025-04-10,20250410144000000,sz.000968,6.0400,6.0500,6.0400,6.0400,99800,603416.0000,3
2025-04-10,20250410144500000,sz.000968,6.0400,6.0500,6.0300,6.0400,162000,978616.0000,3
2025-04-10,20250410145000000,sz.000968,6.0300,6.0400,6.0200,6.0300,195100,1176516.0000,3
2025-04-10,20250410145500000,sz.000968,6.0300,6.0300,6.0200,6.0200,248800,1498644.0000,3
2025-04-10,20250410150000000,sz.000968,6.0200,6.0400,6.0200,6.0400,192200,1159584.0000,3
2025-04-11,20250411093500000,sz.000968,5.9700,6.0100,5.9600,6.0000,401000,2402996.0000,3
2025-04-11,20250411094000000,sz.000968,6.0000,6.0100,5.9800,5.9800,366000,2196175.0000,3
2025-04-11,20250411094500000,sz.000968,5.9800,5.9800,5.9600,5.9700,310900,1856281.0000,3
2025-04-11,20250411095000000,sz.000968,5.9700,5.9900,5.9600,5.9800,177400,1061693.0000,3
2025-04-11,20250411095500000,sz.000968,5.9900,6.0000,5.9800,5.9900,137900,826027.0000,3
2025-04-11,20250411100000000,sz.000968,6.0000,6.0100,5.9900,6.0000,193700,1161918.0000,3
2025-04-11,20250411100500000,sz.000968,6.0000,6.0000,5.9800,5.9900,276800,1659522.0000,3
2025-04-11,20250411101000000,sz.000968,6.0000,6.0000,5.9900,5.9900,58900,353031.0000,3
2025-04-11,20250411101500000,sz.000968,5.9900,6.0100,5.9800,6.0000,117900,707394.0000,3
2025-04-11,20250411102000000,sz.000968,6.0000,6.0100,5.9900,6.0100,115000,690178.0000,3
2025-04-11,20250411102500000,sz.000968,6.0000,6.0200,6.0000,6.0200,114400,688148.0000,3
2025-04-11,20250411103000000,sz.000968,6.0100,6.0200,6.0000,6.0000,97400,584540.0000,3
2025-04-11,20250411103500000,sz.000968,5.9900,6.0000,5.9900,6.0000,30900,185216.0000,3
2025-04-11,20250411104000000,sz.000968,6.0000,6.0000,5.9900,5.9900,34000,203860.0000,3
2025-04-11,20250411104500000,sz.000968,5.9900,6.0100,5.9900,6.0000,137100,823255.0000,3
2025-04-11,20250411105000000,sz.000968,6.0000,6.0100,5.9900,5.9900,125900,755514.0000,3
2025-04-11,20250411105500000,sz.000968,5.9900,6.0000,5.9700,5.9800,345800,2068948.0000,3
2025-04-11,20250411110000000,sz.000968,5.9800,5.9900,5.9800,5.9900,186100,1114448.0000,3
2025-04-11,20250411110500000,sz.000968,5.9900,6.0100,5.9900,6.0100,118300,709724.0000,3
2025-04-11,20250411111000000,sz.000968,6.0000,6.0100,6.0000,6.0100,29300,176004.0000,3
2025-04-11,20250411111500000,sz.000968,6.0000,6.0100,5.9900,5.9900,139100,834280.0000,3
2025-04-11,20250411112000000,sz.000968,5.9900,6.0100,5.9900,5.9900,198300,1188740.0000,3
2025-04-11,20250411112500000,sz.000968,5.9800,6.0000,5.9800,5.9900,131100,784486.0000,3
2025-04-11,20250411113000000,sz.000968,6.0000,6.0000,5.9900,5.9900,105300,631722.0000,3
2025-04-11,20250411130500000,sz.000968,6.0000,6.0300,6.0000,6.0300,287900,1731056.0000,3
2025-04-11,20250411131000000,sz.000968,6.0300,6.0400,6.0200,6.0300,96300,580620.0000,3
2025-04-11,20250411131500000,sz.000968,6.0200,6.0300,6.0100,6.0300,98300,592048.0000,3
2025-04-11,20250411132000000,sz.000968,6.0200,6.0200,6.0100,6.0200,50700,305196.0000,3
2025-04-11,20250411132500000,sz.000968,6.0100,6.0200,6.0100,6.0200,45700,274690.0000,3
2025-04-11,20250411133000000,sz.000968,6.0100,6.0300,6.0100,6.0300,70000,421358.0000,3
2025-04-11,20250411133500000,sz.000968,6.0200,6.0300,6.0100,6.0200,72900,438856.0000,3
2025-04-11,20250411134000000,sz.000968,6.0200,6.0400,6.0200,6.0300,119300,719376.0000,3
2025-04-11,20250411134500000,sz.000968,6.0300,6.0500,6.0300,6.0500,232600,1404752.0000,3
2025-04-11,20250411135000000,sz.000968,6.0500,6.0600,6.0400,6.0500,398400,2410830.0000,3
2025-04-11,20250411135500000,sz.000968,6.0500,6.0500,6.0400,6.0400,77000,465298.0000,3
2025-04-11,20250411140000000,sz.000968,6.0400,6.0500,6.0300,6.0400,46500,280740.0000,3
2025-04-11,20250411140500000,sz.000968,6.0400,6.0500,6.0300,6.0500,183800,1110172.0000,3
2025-04-11,20250411141000000,sz.000968,6.0400,6.0400,6.0300,6.0400,10400,62800.0000,3
2025-04-11,20250411141500000,sz.000968,6.0400,6.0400,6.0200,6.0300,273200,1647548.0000,3
2025-04-11,20250411142000000,sz.000968,6.0200,6.0300,6.0200,6.0300,102600,617676.0000,3
2025-04-11,20250411142500000,sz.000968,6.0300,6.0300,6.0200,6.0200,21700,130648.0000,3
2025-04-11,20250411143000000,sz.000968,6.0200,6.0300,6.0100,6.0200,160500,965716.0000,3
2025-04-11,20250411143500000,sz.000968,6.0200,6.0200,6.0100,6.0200,42500,255692.0000,3
2025-04-11,20250411144000000,sz.000968,6.0200,6.0200,6.0100,6.0200,129100,777112.0000,3
2025-04-11,20250411144500000,sz.000968,6.0200,6.0200,6.0100,6.0100,245600,1478312.0000,3
2025-04-11,20250411145000000,sz.000968,6.0200,6.0200,6.0100,6.0200,150600,906152.0000,3
2025-04-11,20250411145500000,sz.000968,6.0100,6.0200,6.0100,6.0100,186000,1118304.0000,3
2025-04-11,20250411150000000,sz.000968,6.0100,6.0200,6.0000,6.0000,229300,1377148.0000,3
2025-04-14,20250414093500000,sz.000968,6.0400,6.0700,6.0400,6.0500,924500,5601161.0000,3
2025-04-14,20250414094000000,sz.000968,6.0600,6.0600,6.0400,6.0500,190500,1152178.0000,3
2025-04-14,20250414094500000,sz.000968,6.0500,6.0600,6.0500,6.0500,214400,1297350.0000,3
2025-04-14,20250414095000000,sz.000968,6.0500,6.0600,6.0300,6.0500,312300,1888221.0000,3
2025-04-14,20250414095500000,sz.000968,6.0600,6.0600,6.0400,6.0400,354700,2146655.0000,3
2025-04-14,20250414100000000,sz.000968,6.0500,6.0700,6.0400,6.0500,252000,1525907.0000,3
2025-04-14,20250414100500000,sz.000968,6.0500,6.0500,6.0400,6.0500,175800,1063322.0000,3
2025-04-14,20250414101000000,sz.000968,6.0600,6.0600,6.0500,6.0500,58500,354306.0000,3
2025-04-14,20250414101500000,sz.000968,6.0500,6.0600,6.0500,6.0600,109300,662109.0000,3
2025-04-14,20250414102000000,sz.000968,6.0700,6.0700,6.0600,6.0600,193100,1170883.0000,3
2025-04-14,20250414102500000,sz.000968,6.0600,6.0700,6.0600,6.0600,66600,403872.0000,3
2025-04-14,20250414103000000,sz.000968,6.0700,6.0900,6.0700,6.0800,209800,1274710.0000,3
2025-04-14,20250414103500000,sz.000968,6.0700,6.0900,6.0700,6.0700,105200,639530.0000,3
2025-04-14,20250414104000000,sz.000968,6.0600,6.0800,6.0600,6.0700,102700,623540.0000,3
2025-04-14,20250414104500000,sz.000968,6.0700,6.0900,6.0700,6.0700,158100,961172.0000,3
2025-04-14,20250414105000000,sz.000968,6.0700,6.0800,6.0700,6.0800,28600,173784.0000,3
2025-04-14,20250414105500000,sz.000968,6.0700,6.0800,6.0700,6.0700,30300,184048.0000,3
2025-04-14,20250414110000000,sz.000968,6.0700,6.0800,6.0700,6.0800,38800,235614.0000,3
2025-04-14,20250414110500000,sz.000968,6.0800,6.0800,6.0700,6.0700,16900,102654.0000,3
2025-04-14,20250414111000000,sz.000968,6.0800,6.0900,6.0800,6.0800,180100,1095224.0000,3
2025-04-14,20250414111500000,sz.000968,6.0800,6.0900,6.0800,6.0800,51800,315076.0000,3
2025-04-14,20250414112000000,sz.000968,6.0800,6.0900,6.0800,6.0800,54800,333516.0000,3
2025-04-14,20250414112500000,sz.000968,6.0800,6.1000,6.0800,6.1000,259100,1578834.0000,3
2025-04-14,20250414113000000,sz.000968,6.1100,6.1100,6.0900,6.0900,68400,417102.0000,3
2025-04-14,20250414130500000,sz.000968,6.1000,6.1000,6.0600,6.0700,222200,1350884.0000,3
2025-04-14,20250414131000000,sz.000968,6.0700,6.0700,6.0600,6.0700,40400,245072.0000,3
2025-04-14,20250414131500000,sz.000968,6.0600,6.0900,6.0600,6.0800,179300,1089644.0000,3
2025-04-14,20250414132000000,sz.000968,6.0800,6.0900,6.0700,6.0800,95700,581780.0000,3
2025-04-14,20250414132500000,sz.000968,6.0800,6.0800,6.0700,6.0700,19500,118468.0000,3
2025-04-14,20250414133000000,sz.000968,6.0700,6.0800,6.0700,6.0700,22000,133572.0000,3
2025-04-14,20250414133500000,sz.000968,6.0800,6.0900,6.0700,6.0800,131000,796400.0000,3
2025-04-14,20250414134000000,sz.000968,6.0700,6.0800,6.0600,6.0600,74100,449796.0000,3
2025-04-14,20250414134500000,sz.000968,6.0700,6.0700,6.0600,6.0600,75600,458518.0000,3
2025-04-14,20250414135000000,sz.000968,6.0600,6.0800,6.0600,6.0800,94600,574474.0000,3
2025-04-14,20250414135500000,sz.000968,6.0700,6.0800,6.0700,6.0700,104300,633556.0000,3
2025-04-14,20250414140000000,sz.000968,6.0800,6.0900,6.0700,6.0800,127700,776428.0000,3
2025-04-14,20250414140500000,sz.000968,6.0800,6.1000,6.0800,6.1000,222900,1357508.0000,3
2025-04-14,20250414141000000,sz.000968,6.0900,6.1100,6.0900,6.0900,405900,2476808.0000,3
2025-04-14,20250414141500000,sz.000968,6.1000,6.1100,6.1000,6.1000,110400,673628.0000,3
2025-04-14,20250414142000000,sz.000968,6.1100,6.1100,6.0800,6.0900,225300,1372492.0000,3
2025-04-14,20250414142500000,sz.000968,6.0900,6.1000,6.0900,6.1000,64200,391584.0000,3
2025-04-14,20250414143000000,sz.000968,6.1000,6.1000,6.0900,6.0900,14000,85268.0000,3
2025-04-14,20250414143500000,sz.000968,6.0900,6.1100,6.0900,6.1100,246000,1499856.0000,3
2025-04-14,20250414144000000,sz.000968,6.1100,6.1100,6.1000,6.1000,34800,212352.0000,3
2025-04-14,20250414144500000,sz.000968,6.1000,6.1100,6.1000,6.1100,94500,576712.0000,3
2025-04-14,20250414145000000,sz.000968,6.1000,6.1200,6.1000,6.1200,288500,1762296.0000,3
2025-04-14,20250414145500000,sz.000968,6.1100,6.1100,6.1000,6.1000,90600,553336.0000,3
2025-04-14,20250414150000000,sz.000968,6.1100,6.1200,6.1000,6.1100,199800,1220592.0000,3
2025-04-15,20250415093500000,sz.000968,6.0900,6.1000,6.0600,6.0600,398000,2421274.0000,3
2025-04-15,20250415094000000,sz.000968,6.0600,6.0700,6.0500,6.0500,309400,1874290.0000,3
2025-04-15,20250415094500000,sz.000968,6.0500,6.0500,6.0300,6.0400,315000,1902495.0000,3
2025-04-15,20250415095000000,sz.000968,6.0400,6.0700,6.0300,6.0500,163400,988208.0000,3
2025-04-15,20250415095500000,sz.000968,6.0400,6.0500,6.0300,6.0400,158100,954795.0000,3
2025-04-15,20250415100000000,sz.000968,6.0400,6.0500,6.0300,6.0500,126300,763281.0000,3
2025-04-15,20250415100500000,sz.000968,6.0500,6.0600,6.0400,6.0600,87600,529868.0000,3
2025-04-15,20250415101000000,sz.000968,6.0500,6.0600,6.0500,6.0600,61300,371331.0000,3
2025-04-15,20250415101500000,sz.000968,6.0600,6.0600,6.0500,6.0500,273800,1656932.0000,3
2025-04-15,20250415102000000,sz.000968,6.0500,6.0700,6.0500,6.0700,231400,1401642.0000,3
2025-04-15,20250415102500000,sz.000968,6.0700,6.0900,6.0700,6.0900,217600,1322274.0000,3
2025-04-15,20250415103000000,sz.000968,6.0800,6.0900,6.0800,6.0800,29100,177054.0000,3
2025-04-15,20250415103500000,sz.000968,6.0800,6.0900,6.0800,6.0800,158000,960644.0000,3
2025-04-15,20250415104000000,sz.000968,6.0800,6.0900,6.0800,6.0800,39300,239173.0000,3
2025-04-15,20250415104500000,sz.000968,6.0900,6.0900,6.0800,6.0800,74600,453870.0000,3
2025-04-15,20250415105000000,sz.000968,6.0800,6.0900,6.0800,6.0800,24400,148485.0000,3
2025-04-15,20250415105500000,sz.000968,6.0900,6.0900,6.0700,6.0800,138000,838792.0000,3
2025-04-15,20250415110000000,sz.000968,6.0800,6.0800,6.0700,6.0800,59300,360512.0000,3
2025-04-15,20250415110500000,sz.000968,6.0700,6.0800,6.0700,6.0700,31300,190052.0000,3
2025-04-15,20250415111000000,sz.000968,6.0700,6.0800,6.0700,6.0700,31900,193716.0000,3
2025-04-15,20250415111500000,sz.000968,6.0700,6.1000,6.0700,6.0900,208300,1266248.0000,3
2025-04-15,20250415112000000,sz.000968,6.0900,6.0900,6.0800,6.0900,16200,98640.0000,3
2025-04-15,20250415112500000,sz.000968,6.0800,6.1000,6.0800,6.0900,115600,703934.0000,3
2025-04-15,20250415113000000,sz.000968,6.0900,6.0900,6.0700,6.0900,113300,688890.0000,3
2025-04-15,20250415130500000,sz.000968,6.0900,6.1000,6.0800,6.1000,100500,612236.0000,3
2025-04-15,20250415131000000,sz.000968,6.0900,6.1000,6.0800,6.0900,59900,364826.0000,3
2025-04-15,20250415131500000,sz.000968,6.0800,6.0900,6.0800,6.0800,50200,305216.0000,3
2025-04-15,20250415132000000,sz.000968,6.0900,6.1100,6.0800,6.1100,249400,1521718.0000,3
2025-04-15,20250415132500000,sz.000968,6.1100,6.1100,6.1000,6.1000,24100,147112.0000,3
2025-04-15,20250415133000000,sz.000968,6.1100,6.1100,6.1000,6.1000,54000,329754.0000,3
2025-04-15,20250415133500000,sz.000968,6.1000,6.1100,6.0900,6.1000,57900,353242.0000,3
2025-04-15,20250415134000000,sz.000968,6.1000,6.1200,6.1000,6.1100,269400,1647770.0000,3
2025-04-15,20250415134500000,sz.000968,6.1000,6.1200,6.1000,6.1100,58000,354426.0000,3
2025-04-15,20250415135000000,sz.000968,6.1200,6.1300,6.1100,6.1100,90300,552644.0000,3
2025-04-15,20250415135500000,sz.000968,6.1100,6.1200,6.1100,6.1100,34000,208054.0000,3
2025-04-15,20250415140000000,sz.000968,6.1100,6.1200,6.1100,6.1100,18500,113106.0000,3
2025-04-15,20250415140500000,sz.000968,6.1100,6.1200,6.1000,6.1000,64200,392362.0000,3
2025-04-15,20250415141000000,sz.000968,6.1100,6.1200,6.1000,6.1200,89700,547992.0000,3
2025-04-15,20250415141500000,sz.000968,6.1100,6.1200,6.1000,6.1100,117100,714936.0000,3
2025-04-15,20250415142000000,sz.000968,6.1200,6.1200,6.1100,6.1200,47700,291566.0000,3
2025-04-15,20250415142500000,sz.000968,6.1100,6.1200,6.1100,6.1100,40500,247584.0000,3
2025-04-15,20250415143000000,sz.000968,6.1100,6.1200,6.1000,6.1100,73100,446872.0000,3
2025-04-15,20250415143500000,sz.000968,6.1100,6.1200,6.1000,6.1100,47700,291528.0000,3
2025-04-15,20250415144000000,sz.000968,6.1100,6.1200,6.1000,6.1200,116200,710268.0000,3
2025-04-15,20250415144500000,sz.000968,6.1200,6.1200,6.1000,6.1200,103700,633944.0000,3
2025-04-15,20250415145000000,sz.000968,6.1200,6.1400,6.1100,6.1400,164000,1005064.0000,3
2025-04-15,20250415145500000,sz.000968,6.1300,6.1400,6.1300,6.1300,182100,1116788.0000,3
2025-04-15,20250415150000000,sz.000968,6.1300,6.1400,6.1200,6.1200,217700,1333824.0000,3
2025-04-16,20250416093500000,sz.000968,6.0900,6.1400,6.0900,6.1300,378700,2319675.0000,3
2025-04-16,20250416094000000,sz.000968,6.1300,6.1700,6.1300,6.1400,394600,2425092.0000,3
2025-04-16,20250416094500000,sz.000968,6.1400,6.1500,6.1400,6.1400,51500,316399.0000,3
2025-04-16,20250416095000000,sz.000968,6.1400,6.1500,6.1300,6.1400,238800,1466536.0000,3
2025-04-16,20250416095500000,sz.000968,6.1300,6.1400,6.1300,6.1300,109900,674028.0000,3
2025-04-16,20250416100000000,sz.000968,6.1300,6.1400,6.1200,6.1300,181000,1109600.0000,3
2025-04-16,20250416100500000,sz.000968,6.1300,6.1300,6.1100,6.1100,106100,648705.0000,3
2025-04-16,20250416101000000,sz.000968,6.1200,6.1200,6.1100,6.1100,45800,279859.0000,3
2025-04-16,20250416101500000,sz.000968,6.1100,6.1200,6.1000,6.1000,126100,770375.0000,3
2025-04-16,20250416102000000,sz.000968,6.1100,6.1100,6.0900,6.0900,91100,555711.0000,3
2025-04-16,20250416102500000,sz.000968,6.1000,6.1000,6.0800,6.0900,127400,775850.0000,3
2025-04-16,20250416103000000,sz.000968,6.0900,6.1000,6.0900,6.0900,38400,234093.0000,3
2025-04-16,20250416103500000,sz.000968,6.0900,6.0900,6.0800,6.0900,70100,426753.0000,3
2025-04-16,20250416104000000,sz.000968,6.0800,6.0900,6.0800,6.0800,60500,368313.0000,3
2025-04-16,20250416104500000,sz.000968,6.0800,6.0800,6.0600,6.0600,268700,1632268.0000,3
2025-04-16,20250416105000000,sz.000968,6.0600,6.0700,6.0600,6.0600,50000,303360.0000,3
2025-04-16,20250416105500000,sz.000968,6.0700,6.0800,6.0600,6.0700,93100,564920.0000,3
2025-04-16,20250416110000000,sz.000968,6.0700,6.0800,6.0600,6.0800,65100,395155.0000,3
2025-04-16,20250416110500000,sz.000968,6.0700,6.0700,6.0600,6.0700,56400,341880.0000,3
2025-04-16,20250416111000000,sz.000968,6.0700,6.0700,6.0600,6.0700,59200,358853.0000,3
2025-04-16,20250416111500000,sz.000968,6.0700,6.0800,6.0600,6.0700,210100,1275319.0000,3
2025-04-16,20250416112000000,sz.000968,6.0700,6.0800,6.0600,6.0600,98800,599832.0000,3
2025-04-16,20250416112500000,sz.000968,6.0600,6.0700,6.0500,6.0600,128500,778512.0000,3
2025-04-16,20250416113000000,sz.000968,6.0500,6.0500,6.0300,6.0500,204500,1236204.0000,3
2025-04-16,20250416130500000,sz.000968,6.0200,6.0500,6.0100,6.0500,908700,5476212.0000,3
2025-04-16,20250416131000000,sz.000968,6.0500,6.0600,6.0300,6.0500,129200,781276.0000,3
2025-04-16,20250416131500000,sz.000968,6.0500,6.0700,6.0400,6.0600,53600,324624.0000,3
2025-04-16,20250416132000000,sz.000968,6.0600,6.0700,6.0500,6.0500,54600,330830.0000,3
2025-04-16,20250416132500000,sz.000968,6.0600,6.0600,6.0500,6.0600,50300,304512.0000,3
2025-04-16,20250416133000000,sz.000968,6.0600,6.0700,6.0500,6.0700,66600,403476.0000,3
2025-04-16,20250416133500000,sz.000968,6.0600,6.0800,6.0600,6.0700,54400,330306.0000,3
2025-04-16,20250416134000000,sz.000968,6.0700,6.0800,6.0600,6.0600,46200,280414.0000,3
2025-04-16,20250416134500000,sz.000968,6.0600,6.0700,6.0500,6.0600,55500,336606.0000,3
2025-04-16,20250416135000000,sz.000968,6.0600,6.0600,6.0500,6.0500,12000,72704.0000,3
2025-04-16,20250416135500000,sz.000968,6.0600,6.0800,6.0500,6.0700,62900,381396.0000,3
2025-04-16,20250416140000000,sz.000968,6.0600,6.0700,6.0600,6.0600,5800,35166.0000,3
2025-04-16,20250416140500000,sz.000968,6.0600,6.0800,6.0500,6.0800,94800,574942.0000,3
2025-04-16,20250416141000000,sz.000968,6.0700,6.0700,6.0600,6.0600,26500,160712.0000,3
2025-04-16,20250416141500000,sz.000968,6.0700,6.0800,6.0700,6.0700,57900,351456.0000,3
2025-04-16,20250416142000000,sz.000968,6.0700,6.0800,6.0700,6.0700,35300,214284.0000,3
2025-04-16,20250416142500000,sz.000968,6.0700,6.0800,6.0700,6.0800,9000,54664.0000,3
2025-04-16,20250416143000000,sz.000968,6.0800,6.0800,6.0700,6.0800,55600,337960.0000,3
2025-04-16,20250416143500000,sz.000968,6.0800,6.0800,6.0600,6.0800,80200,486912.0000,3
2025-04-16,20250416144000000,sz.000968,6.0700,6.0900,6.0700,6.0800,144500,878004.0000,3
2025-04-16,20250416144500000,sz.000968,6.0700,6.1000,6.0700,6.0900,166000,1010824.0000,3
2025-04-16,20250416145000000,sz.000968,6.0900,6.1200,6.0900,6.1100,126700,773844.0000,3
2025-04-16,20250416145500000,sz.000968,6.1200,6.1200,6.1000,6.1000,271400,1658752.0000,3
2025-04-16,20250416150000000,sz.000968,6.1100,6.1300,6.1100,6.1100,154100,942680.0000,3
2025-04-17,20250417093500000,sz.000968,6.1000,6.1100,6.0800,6.0900,267900,1632078.0000,3
2025-04-17,20250417094000000,sz.000968,6.0900,6.1400,6.0900,6.1400,317600,1943350.0000,3
2025-04-17,20250417094500000,sz.000968,6.1400,6.1600,6.1400,6.1600,438100,2692858.0000,3
2025-04-17,20250417095000000,sz.000968,6.1500,6.1800,6.1500,6.1700,372900,2298347.0000,3
2025-04-17,20250417095500000,sz.000968,6.1800,6.1800,6.1600,6.1600,267800,1653111.0000,3
2025-04-17,20250417100000000,sz.000968,6.1600,6.1800,6.1500,6.1500,321700,1983368.0000,3
2025-04-17,20250417100500000,sz.000968,6.1500,6.1700,6.1500,6.1700,299300,1843752.0000,3
2025-04-17,20250417101000000,sz.000968,6.1700,6.1700,6.1500,6.1600,83100,511983.0000,3
2025-04-17,20250417101500000,sz.000968,6.1500,6.1700,6.1500,6.1600,163200,1004895.0000,3
2025-04-17,20250417102000000,sz.000968,6.1600,6.1900,6.1600,6.1900,369400,2282748.0000,3
2025-04-17,20250417102500000,sz.000968,6.1900,6.1900,6.1700,6.1800,236700,1462642.0000,3
2025-04-17,20250417103000000,sz.000968,6.1900,6.1900,6.1700,6.1800,65400,404244.0000,3
2025-04-17,20250417103500000,sz.000968,6.1800,6.1900,6.1700,6.1800,71500,441888.0000,3
2025-04-17,20250417104000000,sz.000968,6.1800,6.1800,6.1700,6.1800,18000,111196.0000,3
2025-04-17,20250417104500000,sz.000968,6.1800,6.1800,6.1700,6.1700,49400,304980.0000,3
2025-04-17,20250417105000000,sz.000968,6.1800,6.1800,6.1700,6.1700,14900,92034.0000,3
2025-04-17,20250417105500000,sz.000968,6.1700,6.1900,6.1700,6.1900,115000,710356.0000,3
2025-04-17,20250417110000000,sz.000968,6.1900,6.1900,6.1800,6.1900,40400,249648.0000,3
2025-04-17,20250417110500000,sz.000968,6.1900,6.2000,6.1900,6.2000,186500,1155230.0000,3
2025-04-17,20250417111000000,sz.000968,6.1900,6.2000,6.1900,6.2000,49100,304144.0000,3
2025-04-17,20250417111500000,sz.000968,6.1900,6.2200,6.1900,6.2100,156500,971002.0000,3
2025-04-17,20250417112000000,sz.000968,6.2000,6.2100,6.2000,6.2100,24800,153936.0000,3
2025-04-17,20250417112500000,sz.000968,6.2100,6.2100,6.2000,6.2100,79700,494856.0000,3
2025-04-17,20250417113000000,sz.000968,6.2100,6.2100,6.2000,6.2000,37700,234010.0000,3
2025-04-17,20250417130500000,sz.000968,6.2100,6.2100,6.1800,6.2000,142100,880500.0000,3
2025-04-17,20250417131000000,sz.000968,6.1900,6.2000,6.1900,6.2000,70200,434740.0000,3
2025-04-17,20250417131500000,sz.000968,6.2000,6.2000,6.1800,6.1900,133200,824544.0000,3
2025-04-17,20250417132000000,sz.000968,6.1900,6.2000,6.1900,6.1900,26000,161048.0000,3
2025-04-17,20250417132500000,sz.000968,6.2000,6.2100,6.1900,6.1900,158500,982440.0000,3
2025-04-17,20250417133000000,sz.000968,6.1900,6.2000,6.1900,6.1900,10600,65660.0000,3
2025-04-17,20250417133500000,sz.000968,6.1900,6.2000,6.1800,6.1800,61300,379440.0000,3
2025-04-17,20250417134000000,sz.000968,6.1800,6.1800,6.1700,6.1700,92600,572082.0000,3
2025-04-17,20250417134500000,sz.000968,6.1800,6.1900,6.1700,6.1900,43800,270598.0000,3
2025-04-17,20250417135000000,sz.000968,6.1800,6.1900,6.1800,6.1800,52000,321714.0000,3
2025-04-17,20250417135500000,sz.000968,6.1900,6.1900,6.1800,6.1900,66400,410964.0000,3
2025-04-17,20250417140000000,sz.000968,6.1900,6.1900,6.1800,6.1900,91300,564394.0000,3
2025-04-17,20250417140500000,sz.000968,6.1900,6.1900,6.1700,6.1800,60800,375612.0000,3
2025-04-17,20250417141000000,sz.000968,6.1800,6.1900,6.1700,6.1900,37800,233662.0000,3
2025-04-17,20250417141500000,sz.000968,6.1900,6.1900,6.1800,6.1900,23600,146042.0000,3
2025-04-17,20250417142000000,sz.000968,6.1900,6.1900,6.1700,6.1800,56300,347976.0000,3
2025-04-17,20250417142500000,sz.000968,6.1800,6.1800,6.1700,6.1800,14900,92002.0000,3
2025-04-17,20250417143000000,sz.000968,6.1700,6.1800,6.1600,6.1700,100300,619270.0000,3
2025-04-17,20250417143500000,sz.000968,6.1700,6.1800,6.1600,6.1800,80500,496508.0000,3
2025-04-17,20250417144000000,sz.000968,6.1700,6.1700,6.1600,6.1600,78800,485700.0000,3
2025-04-17,20250417144500000,sz.000968,6.1700,6.1700,6.1600,6.1700,60000,370052.0000,3
2025-04-17,20250417145000000,sz.000968,6.1800,6.1800,6.1600,6.1600,147900,912212.0000,3
2025-04-17,20250417145500000,sz.000968,6.1800,6.1800,6.1600,6.1600,71000,437664.0000,3
2025-04-17,20250417150000000,sz.000968,6.1700,6.1700,6.1600,6.1600,106100,653872.0000,3
2025-04-18,20250418093500000,sz.000968,6.1400,6.1900,6.1400,6.1600,218900,1350444.0000,3
2025-04-18,20250418094000000,sz.000968,6.1600,6.1600,6.1400,6.1500,255400,1571315.0000,3
2025-04-18,20250418094500000,sz.000968,6.1500,6.1500,6.1400,6.1400,172600,1060861.0000,3
2025-04-18,20250418095000000,sz.000968,6.1500,6.1500,6.1200,6.1300,504300,3094062.0000,3
2025-04-18,20250418095500000,sz.000968,6.1400,6.1700,6.1300,6.1700,235300,1445968.0000,3
2025-04-18,20250418100000000,sz.000968,6.1600,6.1800,6.1600,6.1600,91100,562002.0000,3
2025-04-18,20250418100500000,sz.000968,6.1600,6.1600,6.1500,6.1500,68700,423017.0000,3
2025-04-18,20250418101000000,sz.000968,6.1500,6.1700,6.1500,6.1500,49800,306903.0000,3
2025-04-18,20250418101500000,sz.000968,6.1500,6.1500,6.1400,6.1400,134800,828603.0000,3
2025-04-18,20250418102000000,sz.000968,6.1300,6.1500,6.1300,6.1500,46200,283561.0000,3
2025-04-18,20250418102500000,sz.000968,6.1400,6.1500,6.1400,6.1400,17500,107456.0000,3
2025-04-18,20250418103000000,sz.000968,6.1500,6.1600,6.1400,6.1600,82500,506833.0000,3
2025-04-18,20250418103500000,sz.000968,6.1600,6.1600,6.1500,6.1500,141100,868007.0000,3
2025-04-18,20250418104000000,sz.000968,6.1500,6.1600,6.1500,6.1500,16300,100335.0000,3
2025-04-18,20250418104500000,sz.000968,6.1500,6.1700,6.1500,6.1500,45500,280255.0000,3
2025-04-18,20250418105000000,sz.000968,6.1500,6.1600,6.1500,6.1500,35100,215892.0000,3
2025-04-18,20250418105500000,sz.000968,6.1500,6.1600,6.1500,6.1500,30800,189545.0000,3
2025-04-18,20250418110000000,sz.000968,6.1500,6.1600,6.1500,6.1500,19700,121184.0000,3
2025-04-18,20250418110500000,sz.000968,6.1500,6.1600,6.1500,6.1500,31500,193743.0000,3
2025-04-18,20250418111000000,sz.000968,6.1500,6.1500,6.1400,6.1400,15500,95240.0000,3
2025-04-18,20250418111500000,sz.000968,6.1400,6.1600,6.1300,6.1300,153600,942926.0000,3
2025-04-18,20250418112000000,sz.000968,6.1400,6.1500,6.1300,6.1300,27700,170073.0000,3
2025-04-18,20250418112500000,sz.000968,6.1300,6.1500,6.1200,6.1300,24400,149617.0000,3
2025-04-18,20250418113000000,sz.000968,6.1300,6.1400,6.1200,6.1300,39300,240830.0000,3
2025-04-18,20250418130500000,sz.000968,6.1400,6.1400,6.1200,6.1300,50700,310885.0000,3
2025-04-18,20250418131000000,sz.000968,6.1300,6.1400,6.1200,6.1400,70200,430348.0000,3
2025-04-18,20250418131500000,sz.000968,6.1300,6.1400,6.1200,6.1200,26600,163021.0000,3
2025-04-18,20250418132000000,sz.000968,6.1200,6.1300,6.1100,6.1200,189600,1160424.0000,3
2025-04-18,20250418132500000,sz.000968,6.1300,6.1400,6.1200,6.1400,22800,139758.0000,3
2025-04-18,20250418133000000,sz.000968,6.1400,6.1400,6.1300,6.1300,51600,316320.0000,3
2025-04-18,20250418133500000,sz.000968,6.1300,6.1500,6.1300,6.1500,62300,382374.0000,3
2025-04-18,20250418134000000,sz.000968,6.1500,6.1500,6.1400,6.1400,40600,249300.0000,3
2025-04-18,20250418134500000,sz.000968,6.1400,6.1400,6.1300,6.1400,21400,131244.0000,3
2025-04-18,20250418135000000,sz.000968,6.1300,6.1400,6.1300,6.1400,60800,373254.0000,3
2025-04-18,20250418135500000,sz.000968,6.1500,6.1600,6.1400,6.1600,137200,844142.0000,3
2025-04-18,20250418140000000,sz.000968,6.1600,6.1900,6.1600,6.1800,196400,1213126.0000,3
2025-04-18,20250418140500000,sz.000968,6.1800,6.1800,6.1700,6.1800,76600,473380.0000,3
2025-04-18,20250418141000000,sz.000968,6.1700,6.1900,6.1700,6.1800,75100,464122.0000,3
2025-04-18,20250418141500000,sz.000968,6.1900,6.1900,6.1700,6.1700,166800,1029570.0000,3
2025-04-18,20250418142000000,sz.000968,6.1600,6.1700,6.1600,6.1700,75800,467580.0000,3
2025-04-18,20250418142500000,sz.000968,6.1700,6.1700,6.1600,6.1700,28700,176856.0000,3
2025-04-18,20250418143000000,sz.000968,6.1700,6.1700,6.1600,6.1700,21900,134960.0000,3
2025-04-18,20250418143500000,sz.000968,6.1700,6.1700,6.1600,6.1600,42000,258808.0000,3
2025-04-18,20250418144000000,sz.000968,6.1600,6.1700,6.1500,6.1600,93300,574794.0000,3
2025-04-18,20250418144500000,sz.000968,6.1600,6.1700,6.1500,6.1500,53200,327656.0000,3
2025-04-18,20250418145000000,sz.000968,6.1500,6.1700,6.1500,6.1500,101100,622298.0000,3
2025-04-18,20250418145500000,sz.000968,6.1600,6.1600,6.1500,6.1500,170800,1051868.0000,3
2025-04-18,20250418150000000,sz.000968,6.1500,6.1700,6.1500,6.1700,170000,1047748.0000,3
2025-04-21,20250421093500000,sz.000968,6.1700,6.1700,6.1300,6.1600,196900,1210348.0000,3
2025-04-21,20250421094000000,sz.000968,6.1600,6.1700,6.1500,6.1600,71300,439188.0000,3
2025-04-21,20250421094500000,sz.000968,6.1600,6.1900,6.1600,6.1600,97300,600593.0000,3
2025-04-21,20250421095000000,sz.000968,6.1600,6.1700,6.1500,6.1700,180700,1114097.0000,3
2025-04-21,20250421095500000,sz.000968,6.1800,6.1800,6.1600,6.1600,417100,2573700.0000,3
2025-04-21,20250421100000000,sz.000968,6.1600,6.1800,6.1600,6.1800,95400,588300.0000,3
2025-04-21,20250421100500000,sz.000968,6.1600,6.1800,6.1600,6.1800,43100,266104.0000,3
2025-04-21,20250421101000000,sz.000968,6.1800,6.1900,6.1700,6.1900,159500,986454.0000,3
2025-04-21,20250421101500000,sz.000968,6.1900,6.2000,6.1700,6.1800,72100,445960.0000,3
2025-04-21,20250421102000000,sz.000968,6.1800,6.1800,6.1700,6.1800,103400,638809.0000,3
2025-04-21,20250421102500000,sz.000968,6.1800,6.1900,6.1700,6.1800,69800,431167.0000,3
2025-04-21,20250421103000000,sz.000968,6.1700,6.1900,6.1700,6.1800,311200,1923174.0000,3
2025-04-21,20250421103500000,sz.000968,6.1900,6.1900,6.1700,6.1700,102100,630851.0000,3
2025-04-21,20250421104000000,sz.000968,6.1700,6.1800,6.1700,6.1800,35000,216221.0000,3
2025-04-21,20250421104500000,sz.000968,6.1800,6.1800,6.1500,6.1600,300900,1854011.0000,3
2025-04-21,20250421105000000,sz.000968,6.1600,6.1600,6.1500,6.1500,19100,117513.0000,3
2025-04-21,20250421105500000,sz.000968,6.1600,6.1700,6.1500,6.1600,112500,692698.0000,3
2025-04-21,20250421110000000,sz.000968,6.1600,6.1700,6.1500,6.1700,19000,117102.0000,3
2025-04-21,20250421110500000,sz.000968,6.1700,6.1700,6.1600,6.1600,24000,147883.0000,3
2025-04-21,20250421111000000,sz.000968,6.1600,6.1700,6.1600,6.1600,31700,195465.0000,3
2025-04-21,20250421111500000,sz.000968,6.1600,6.1700,6.1600,6.1600,16600,102328.0000,3
2025-04-21,20250421112000000,sz.000968,6.1600,6.1700,6.1600,6.1600,26400,162725.0000,3
2025-04-21,20250421112500000,sz.000968,6.1700,6.1700,6.1600,6.1700,133700,824581.0000,3
2025-04-21,20250421113000000,sz.000968,6.1700,6.1700,6.1500,6.1500,69500,428019.0000,3
2025-04-21,20250421130500000,sz.000968,6.1500,6.1600,6.1400,6.1500,157600,969181.0000,3
2025-04-21,20250421131000000,sz.000968,6.1400,6.1400,6.1300,6.1400,106500,653582.0000,3
2025-04-21,20250421131500000,sz.000968,6.1400,6.1500,6.1300,6.1400,162000,994454.0000,3
2025-04-21,20250421132000000,sz.000968,6.1500,6.1500,6.1300,6.1400,77700,476924.0000,3
2025-04-21,20250421132500000,sz.000968,6.1400,6.1400,6.1300,6.1300,55700,341800.0000,3
2025-04-21,20250421133000000,sz.000968,6.1300,6.1400,6.1100,6.1400,454900,2785924.0000,3
2025-04-21,20250421133500000,sz.000968,6.1300,6.1400,6.1300,6.1400,19800,121444.0000,3
2025-04-21,20250421134000000,sz.000968,6.1300,6.1500,6.1300,6.1300,148200,909374.0000,3
2025-04-21,20250421134500000,sz.000968,6.1400,6.1400,6.1300,6.1300,66300,406578.0000,3
2025-04-21,20250421135000000,sz.000968,6.1300,6.1500,6.1300,6.1500,43400,266528.0000,3
2025-04-21,20250421135500000,sz.000968,6.1500,6.1500,6.1300,6.1300,81300,499132.0000,3
2025-04-21,20250421140000000,sz.000968,6.1400,6.1400,6.1300,6.1400,54200,332528.0000,3
2025-04-21,20250421140500000,sz.000968,6.1300,6.1500,6.1300,6.1500,67700,415646.0000,3
2025-04-21,20250421141000000,sz.000968,6.1500,6.1600,6.1400,6.1600,122000,749978.0000,3
2025-04-21,20250421141500000,sz.000968,6.1600,6.1600,6.1400,6.1500,205200,1262152.0000,3
2025-04-21,20250421142000000,sz.000968,6.1500,6.1500,6.1400,6.1500,258000,1584440.0000,3
2025-04-21,20250421142500000,sz.000968,6.1400,6.1500,6.1400,6.1500,48100,295814.0000,3
2025-04-21,20250421143000000,sz.000968,6.1500,6.1500,6.1400,6.1500,69200,425558.0000,3
2025-04-21,20250421143500000,sz.000968,6.1400,6.1500,6.1400,6.1400,132400,813032.0000,3
2025-04-21,20250421144000000,sz.000968,6.1400,6.1500,6.1300,6.1300,202300,1241824.0000,3
2025-04-21,20250421144500000,sz.000968,6.1400,6.1400,6.1300,6.1400,121700,746892.0000,3
2025-04-21,20250421145000000,sz.000968,6.1400,6.1500,6.1300,6.1500,193900,1190516.0000,3
2025-04-21,20250421145500000,sz.000968,6.1400,6.1500,6.1300,6.1300,319800,1962820.0000,3
2025-04-21,20250421150000000,sz.000968,6.1400,6.1500,6.1300,6.1500,98500,605060.0000,3
2025-04-22,20250422093500000,sz.000968,6.1400,6.1600,6.1100,6.1400,315500,1936767.0000,3
2025-04-22,20250422094000000,sz.000968,6.1300,6.1600,6.1200,6.1500,294800,1809852.0000,3
2025-04-22,20250422094500000,sz.000968,6.1500,6.1700,6.1500,6.1600,271000,1669442.0000,3
2025-04-22,20250422095000000,sz.000968,6.1700,6.1700,6.1400,6.1400,121600,748852.0000,3
2025-04-22,20250422095500000,sz.000968,6.1400,6.1600,6.1400,6.1600,113400,697504.0000,3
2025-04-22,20250422100000000,sz.000968,6.1500,6.1700,6.1500,6.1600,194700,1199249.0000,3
2025-04-22,20250422100500000,sz.000968,6.1500,6.1600,6.1500,6.1500,33200,204376.0000,3
2025-04-22,20250422101000000,sz.000968,6.1600,6.1700,6.1600,6.1600,263700,1626232.0000,3
2025-04-22,20250422101500000,sz.000968,6.1700,6.1800,6.1600,6.1800,76300,470757.0000,3
2025-04-22,20250422102000000,sz.000968,6.1800,6.1800,6.1700,6.1800,143500,886559.0000,3
2025-04-22,20250422102500000,sz.000968,6.1700,6.1800,6.1700,6.1800,69600,429684.0000,3
2025-04-22,20250422103000000,sz.000968,6.1700,6.1800,6.1700,6.1800,52200,322373.0000,3
2025-04-22,20250422103500000,sz.000968,6.1800,6.1800,6.1700,6.1800,60300,372452.0000,3
2025-04-22,20250422104000000,sz.000968,6.1700,6.1800,6.1600,6.1600,143000,882473.0000,3
2025-04-22,20250422104500000,sz.000968,6.1600,6.1700,6.1600,6.1700,73400,452568.0000,3
2025-04-22,20250422105000000,sz.000968,6.1700,6.1700,6.1600,6.1700,58800,362712.0000,3
2025-04-22,20250422105500000,sz.000968,6.1600,6.1700,6.1500,6.1600,166900,1027991.0000,3
2025-04-22,20250422110000000,sz.000968,6.1500,6.1700,6.1500,6.1600,41400,255055.0000,3
2025-04-22,20250422110500000,sz.000968,6.1600,6.1700,6.1600,6.1600,71600,441211.0000,3
2025-04-22,20250422111000000,sz.000968,6.1600,6.1700,6.1600,6.1700,8000,49299.0000,3
2025-04-22,20250422111500000,sz.000968,6.1600,6.1700,6.1500,6.1500,25900,159562.0000,3
2025-04-22,20250422112000000,sz.000968,6.1500,6.1600,6.1400,6.1500,57000,350557.0000,3
2025-04-22,20250422112500000,sz.000968,6.1500,6.1600,6.1500,6.1600,18300,112560.0000,3
2025-04-22,20250422113000000,sz.000968,6.1500,6.1600,6.1500,6.1500,19300,118798.0000,3
2025-04-22,20250422130500000,sz.000968,6.1500,6.1600,6.1500,6.1500,142100,874347.0000,3
2025-04-22,20250422131000000,sz.000968,6.1600,6.1600,6.1500,6.1600,38100,234554.0000,3
2025-04-22,20250422131500000,sz.000968,6.1600,6.1700,6.1500,6.1700,40400,248916.0000,3
2025-04-22,20250422132000000,sz.000968,6.1600,6.1700,6.1600,6.1600,27900,172014.0000,3
2025-04-22,20250422132500000,sz.000968,6.1600,6.1700,6.1600,6.1700,47600,293280.0000,3
2025-04-22,20250422133000000,sz.000968,6.1600,6.1700,6.1600,6.1600,62900,387890.0000,3
2025-04-22,20250422133500000,sz.000968,6.1700,6.1800,6.1600,6.1800,104600,645662.0000,3
2025-04-22,20250422134000000,sz.000968,6.1700,6.1800,6.1700,6.1800,318600,1968720.0000,3
2025-04-22,20250422134500000,sz.000968,6.1800,6.1800,6.1700,6.1700,43300,267468.0000,3
2025-04-22,20250422135000000,sz.000968,6.1800,6.1800,6.1700,6.1800,69200,427560.0000,3
2025-04-22,20250422135500000,sz.000968,6.1800,6.1800,6.1700,6.1800,25000,154468.0000,3
2025-04-22,20250422140000000,sz.000968,6.1800,6.1800,6.1700,6.1700,57800,357148.0000,3
2025-04-22,20250422140500000,sz.000968,6.1800,6.1900,6.1700,6.1800,140600,869174.0000,3
2025-04-22,20250422141000000,sz.000968,6.1900,6.1900,6.1800,6.1800,84800,524202.0000,3
2025-04-22,20250422141500000,sz.000968,6.1800,6.2000,6.1800,6.2000,213700,1323804.0000,3
2025-04-22,20250422142000000,sz.000968,6.2000,6.2000,6.1800,6.1800,121300,750852.0000,3
2025-04-22,20250422142500000,sz.000968,6.1800,6.1900,6.1800,6.1800,26100,161476.0000,3
2025-04-22,20250422143000000,sz.000968,6.1800,6.1900,6.1800,6.1900,120200,742928.0000,3
2025-04-22,20250422143500000,sz.000968,6.1900,6.1900,6.1800,6.1900,141700,876680.0000,3
2025-04-22,20250422144000000,sz.000968,6.1800,6.1900,6.1800,6.1900,103200,638054.0000,3
2025-04-22,20250422144500000,sz.000968,6.1800,6.1900,6.1700,6.1800,102800,635418.0000,3
2025-04-22,20250422145000000,sz.000968,6.1900,6.1900,6.1800,6.1900,135600,839248.0000,3
2025-04-22,20250422145500000,sz.000968,6.1900,6.2000,6.1800,6.2000,250500,1551456.0000,3
2025-04-22,20250422150000000,sz.000968,6.2000,6.2100,6.1900,6.1900,296700,1838476.0000,3
2025-04-23,20250423093500000,sz.000968,6.2200,6.2400,6.2000,6.2300,415800,2586933.0000,3
2025-04-23,20250423094000000,sz.000968,6.2300,6.2400,6.2100,6.2200,269900,1680749.0000,3
2025-04-23,20250423094500000,sz.000968,6.2300,6.2400,6.2100,6.2200,175400,1091630.0000,3
2025-04-23,20250423095000000,sz.000968,6.2200,6.2200,6.2000,6.2000,119600,742618.0000,3
2025-04-23,20250423095500000,sz.000968,6.1900,6.2300,6.1900,6.2100,264900,1645687.0000,3
2025-04-23,20250423100000000,sz.000968,6.2200,6.2200,6.2100,6.2200,51600,320573.0000,3
2025-04-23,20250423100500000,sz.000968,6.2200,6.2200,6.2000,6.2100,106000,658243.0000,3
2025-04-23,20250423101000000,sz.000968,6.2100,6.2200,6.2000,6.2200,114900,712768.0000,3
2025-04-23,20250423101500000,sz.000968,6.2100,6.2200,6.2000,6.2100,160800,998108.0000,3
2025-04-23,20250423102000000,sz.000968,6.2000,6.2100,6.2000,6.2000,17900,110993.0000,3
2025-04-23,20250423102500000,sz.000968,6.2100,6.2200,6.2000,6.2100,44500,276250.0000,3
2025-04-23,20250423103000000,sz.000968,6.2200,6.2300,6.2100,6.2200,148200,921100.0000,3
2025-04-23,20250423103500000,sz.000968,6.2300,6.2300,6.2100,6.2100,77700,483339.0000,3
2025-04-23,20250423104000000,sz.000968,6.2200,6.2300,6.2100,6.2200,37900,235709.0000,3
2025-04-23,20250423104500000,sz.000968,6.2300,6.2400,6.2200,6.2300,130700,814873.0000,3
2025-04-23,20250423105000000,sz.000968,6.2300,6.2400,6.2300,6.2300,30100,187621.0000,3
2025-04-23,20250423105500000,sz.000968,6.2300,6.2300,6.2100,6.2200,129400,805020.0000,3
2025-04-23,20250423110000000,sz.000968,6.2100,6.2400,6.2100,6.2300,91300,568656.0000,3
2025-04-23,20250423110500000,sz.000968,6.2300,6.2400,6.2200,6.2300,89600,558205.0000,3
2025-04-23,20250423111000000,sz.000968,6.2200,6.2300,6.2200,6.2200,19300,120068.0000,3
2025-04-23,20250423111500000,sz.000968,6.2200,6.2300,6.2000,6.2000,90900,564916.0000,3
2025-04-23,20250423112000000,sz.000968,6.2000,6.2100,6.2000,6.2100,50100,311033.0000,3
2025-04-23,20250423112500000,sz.000968,6.2100,6.2200,6.2100,6.2200,19700,122346.0000,3
2025-04-23,20250423113000000,sz.000968,6.2100,6.2200,6.2100,6.2200,34300,213135.0000,3
2025-04-23,20250423130500000,sz.000968,6.2200,6.2200,6.2000,6.2100,155700,967273.0000,3
2025-04-23,20250423131000000,sz.000968,6.2100,6.2200,6.2000,6.2100,35500,220476.0000,3
2025-04-23,20250423131500000,sz.000968,6.2100,6.2200,6.2000,6.2200,30200,187614.0000,3
2025-04-23,20250423132000000,sz.000968,6.2200,6.2200,6.2100,6.2200,58400,363212.0000,3
2025-04-23,20250423132500000,sz.000968,6.2200,6.2200,6.2100,6.2100,12200,75860.0000,3
2025-04-23,20250423133000000,sz.000968,6.2100,6.2200,6.2100,6.2200,32500,202014.0000,3
2025-04-23,20250423133500000,sz.000968,6.2200,6.2300,6.2200,6.2300,76700,477442.0000,3
2025-04-23,20250423134000000,sz.000968,6.2300,6.2300,6.2200,6.2200,77500,482370.0000,3
2025-04-23,20250423134500000,sz.000968,6.2300,6.2300,6.2100,6.2200,55300,343926.0000,3
2025-04-23,20250423135000000,sz.000968,6.2200,6.2300,6.2100,6.2100,70400,437880.0000,3
2025-04-23,20250423135500000,sz.000968,6.2100,6.2200,6.2100,6.2200,20000,124288.0000,3
2025-04-23,20250423140000000,sz.000968,6.2100,6.2300,6.2100,6.2300,93400,580892.0000,3
2025-04-23,20250423140500000,sz.000968,6.2200,6.2300,6.2000,6.2200,270900,1682376.0000,3
2025-04-23,20250423141000000,sz.000968,6.2200,6.2200,6.2000,6.2000,50600,314018.0000,3
2025-04-23,20250423141500000,sz.000968,6.2000,6.2100,6.1900,6.2000,102100,633078.0000,3
2025-04-23,20250423142000000,sz.000968,6.2100,6.2100,6.2000,6.2100,29100,180636.0000,3
2025-04-23,20250423142500000,sz.000968,6.2100,6.2200,6.2000,6.2100,45200,280642.0000,3
2025-04-23,20250423143000000,sz.000968,6.2100,6.2200,6.2000,6.2100,45000,279598.0000,3
2025-04-23,20250423143500000,sz.000968,6.2200,6.2200,6.2100,6.2200,48300,300392.0000,3
2025-04-23,20250423144000000,sz.000968,6.2100,6.2200,6.2100,6.2100,49900,310030.0000,3
2025-04-23,20250423144500000,sz.000968,6.2100,6.2200,6.2100,6.2200,128700,800108.0000,3
2025-04-23,20250423145000000,sz.000968,6.2200,6.2200,6.2100,6.2200,110700,687786.0000,3
2025-04-23,20250423145500000,sz.000968,6.2200,6.2200,6.2100,6.2200,173900,1080588.0000,3
2025-04-23,20250423150000000,sz.000968,6.2200,6.2200,6.2100,6.2100,143700,892616.0000,3
2025-04-24,20250424093500000,sz.000968,6.1900,6.2000,6.1700,6.1800,491100,3036736.0000,3
2025-04-24,20250424094000000,sz.000968,6.1700,6.2000,6.1700,6.1900,144500,893201.0000,3
2025-04-24,20250424094500000,sz.000968,6.1900,6.2000,6.1800,6.2000,89400,553531.0000,3
2025-04-24,20250424095000000,sz.000968,6.2000,6.2200,6.1900,6.2000,887800,5505876.0000,3
2025-04-24,20250424095500000,sz.000968,6.2000,6.2100,6.1900,6.1900,103700,642414.0000,3
2025-04-24,20250424100000000,sz.000968,6.1900,6.2200,6.1800,6.2200,144800,899606.0000,3
2025-04-24,20250424100500000,sz.000968,6.2200,6.2400,6.2100,6.2400,788000,4904990.0000,3
2025-04-24,20250424101000000,sz.000968,6.2400,6.2400,6.2300,6.2300,112300,700098.0000,3
2025-04-24,20250424101500000,sz.000968,6.2400,6.2400,6.2300,6.2400,178000,1110488.0000,3
2025-04-24,20250424102000000,sz.000968,6.2400,6.2700,6.2300,6.2700,190400,1190768.0000,3
2025-04-24,20250424102500000,sz.000968,6.2700,6.2800,6.2600,6.2800,193100,1211600.0000,3
2025-04-24,20250424103000000,sz.000968,6.2900,6.3000,6.2800,6.3000,408700,2570236.0000,3
2025-04-24,20250424103500000,sz.000968,6.3000,6.3000,6.2700,6.2800,204000,1281476.0000,3
2025-04-24,20250424104000000,sz.000968,6.2700,6.2900,6.2700,6.2800,183400,1152324.0000,3
2025-04-24,20250424104500000,sz.000968,6.2900,6.2900,6.2800,6.2800,46900,294728.0000,3
2025-04-24,20250424105000000,sz.000968,6.2900,6.3000,6.2800,6.2900,211300,1330144.0000,3
2025-04-24,20250424105500000,sz.000968,6.2900,6.3000,6.2700,6.2800,96100,603902.0000,3
2025-04-24,20250424110000000,sz.000968,6.2700,6.3000,6.2600,6.2900,170800,1072946.0000,3
2025-04-24,20250424110500000,sz.000968,6.2800,6.3000,6.2800,6.2900,100800,633836.0000,3
2025-04-24,20250424111000000,sz.000968,6.2900,6.2900,6.2600,6.2600,143200,898948.0000,3
2025-04-24,20250424111500000,sz.000968,6.2600,6.2600,6.2500,6.2600,94500,591212.0000,3
2025-04-24,20250424112000000,sz.000968,6.2500,6.2600,6.2400,6.2400,93700,585672.0000,3
2025-04-24,20250424112500000,sz.000968,6.2500,6.2600,6.2500,6.2500,55400,346496.0000,3
2025-04-24,20250424113000000,sz.000968,6.2500,6.2600,6.2200,6.2300,189200,1180168.0000,3
2025-04-24,20250424130500000,sz.000968,6.2400,6.2700,6.2300,6.2700,176000,1098768.0000,3
2025-04-24,20250424131000000,sz.000968,6.2600,6.2700,6.2500,6.2600,38000,237860.0000,3
2025-04-24,20250424131500000,sz.000968,6.2700,6.2700,6.2500,6.2600,81300,508488.0000,3
2025-04-24,20250424132000000,sz.000968,6.2600,6.2800,6.2600,6.2800,73400,459968.0000,3
2025-04-24,20250424132500000,sz.000968,6.2700,6.2800,6.2600,6.2700,60500,379292.0000,3
2025-04-24,20250424133000000,sz.000968,6.2700,6.2800,6.2600,6.2700,33300,208792.0000,3
2025-04-24,20250424133500000,sz.000968,6.2700,6.2900,6.2600,6.2900,155400,972948.0000,3
2025-04-24,20250424134000000,sz.000968,6.2900,6.2900,6.2800,6.2900,35800,224920.0000,3
2025-04-24,20250424134500000,sz.000968,6.2900,6.3000,6.2900,6.2900,104600,657976.0000,3
2025-04-24,20250424135000000,sz.000968,6.2900,6.3000,6.2800,6.3000,72200,454172.0000,3
2025-04-24,20250424135500000,sz.000968,6.2900,6.2900,6.2700,6.2800,67200,421812.0000,3
2025-04-24,20250424140000000,sz.000968,6.2800,6.2900,6.2800,6.2900,102300,642692.0000,3
2025-04-24,20250424140500000,sz.000968,6.2900,6.2900,6.2700,6.2800,59600,374560.0000,3
2025-04-24,20250424141000000,sz.000968,6.2800,6.2900,6.2700,6.2800,73800,463364.0000,3
2025-04-24,20250424141500000,sz.000968,6.2800,6.2900,6.2700,6.2800,53500,336040.0000,3
2025-04-24,20250424142000000,sz.000968,6.2800,6.2900,6.2800,6.2800,51600,324100.0000,3
2025-04-24,20250424142500000,sz.000968,6.2800,6.2800,6.2700,6.2800,96800,607672.0000,3
2025-04-24,20250424143000000,sz.000968,6.2700,6.2800,6.2700,6.2800,86200,540856.0000,3
2025-04-24,20250424143500000,sz.000968,6.2700,6.2800,6.2600,6.2800,123200,772692.0000,3
2025-04-24,20250424144000000,sz.000968,6.2700,6.2800,6.2600,6.2800,132300,829616.0000,3
2025-04-24,20250424144500000,sz.000968,6.2800,6.2800,6.2700,6.2800,32300,202760.0000,3
2025-04-24,20250424145000000,sz.000968,6.2800,6.2800,6.2700,6.2700,181000,1136312.0000,3
2025-04-24,20250424145500000,sz.000968,6.2800,6.2800,6.2600,6.2700,139200,872460.0000,3
2025-04-24,20250424150000000,sz.000968,6.2700,6.2800,6.2600,6.2800,134600,844516.0000,3
2025-04-25,20250425093500000,sz.000968,6.3000,6.4600,6.2800,6.4600,2417300,15368146.0000,3
2025-04-25,20250425094000000,sz.000968,6.4600,6.4700,6.4300,6.4400,1279400,8254826.0000,3
2025-04-25,20250425094500000,sz.000968,6.4300,6.4300,6.4000,6.4100,736000,4719400.0000,3
2025-04-25,20250425095000000,sz.000968,6.4100,6.4100,6.3800,6.4000,601800,3846124.0000,3
2025-04-25,20250425095500000,sz.000968,6.4000,6.4200,6.3800,6.3900,647100,4141216.0000,3
2025-04-25,20250425100000000,sz.000968,6.3900,6.4000,6.3600,6.4000,482700,3077920.0000,3
2025-04-25,20250425100500000,sz.000968,6.4000,6.4000,6.3700,6.3700,343200,2188728.0000,3
2025-04-25,20250425101000000,sz.000968,6.3700,6.3800,6.3600,6.3600,434100,2764620.0000,3
2025-04-25,20250425101500000,sz.000968,6.3600,6.3800,6.3500,6.3800,411900,2619492.0000,3
2025-04-25,20250425102000000,sz.000968,6.3800,6.4000,6.3700,6.3900,343400,2191656.0000,3
2025-04-25,20250425102500000,sz.000968,6.3900,6.4000,6.3800,6.3900,180400,1152376.0000,3
2025-04-25,20250425103000000,sz.000968,6.3900,6.4000,6.3800,6.4000,83000,530624.0000,3
2025-04-25,20250425103500000,sz.000968,6.3900,6.4200,6.3900,6.4200,117600,753680.0000,3
2025-04-25,20250425104000000,sz.000968,6.4200,6.4200,6.3900,6.3900,277800,1778364.0000,3
2025-04-25,20250425104500000,sz.000968,6.3900,6.3900,6.3700,6.3800,126600,806812.0000,3
2025-04-25,20250425105000000,sz.000968,6.3800,6.3800,6.3600,6.3800,54500,347232.0000,3
2025-04-25,20250425105500000,sz.000968,6.3800,6.4000,6.3800,6.3900,298900,1907796.0000,3
2025-04-25,20250425110000000,sz.000968,6.3900,6.3900,6.3800,6.3900,121100,773456.0000,3
2025-04-25,20250425110500000,sz.000968,6.3900,6.4000,6.3800,6.4000,122400,782372.0000,3
2025-04-25,20250425111000000,sz.000968,6.4000,6.4100,6.3900,6.3900,183800,1175808.0000,3
2025-04-25,20250425111500000,sz.000968,6.3900,6.3900,6.3700,6.3800,94500,603180.0000,3
2025-04-25,20250425112000000,sz.000968,6.3900,6.3900,6.3700,6.3900,105200,671372.0000,3
2025-04-25,20250425112500000,sz.000968,6.3800,6.4100,6.3800,6.4100,252200,1612760.0000,3
2025-04-25,20250425113000000,sz.000968,6.4100,6.4200,6.4100,6.4200,82100,526748.0000,3
2025-04-25,20250425130500000,sz.000968,6.4200,6.4200,6.4000,6.4100,324800,2082708.0000,3
2025-04-25,20250425131000000,sz.000968,6.4100,6.4300,6.4000,6.4300,179000,1146816.0000,3
2025-04-25,20250425131500000,sz.000968,6.4200,6.4400,6.4200,6.4300,114400,735756.0000,3
2025-04-25,20250425132000000,sz.000968,6.4300,6.4300,6.4000,6.4100,129600,831532.0000,3
2025-04-25,20250425132500000,sz.000968,6.4200,6.4200,6.4100,6.4100,58500,375192.0000,3
2025-04-25,20250425133000000,sz.000968,6.4000,6.4200,6.4000,6.4100,73800,473008.0000,3
2025-04-25,20250425133500000,sz.000968,6.4100,6.4100,6.4000,6.4000,61900,396416.0000,3
2025-04-25,20250425134000000,sz.000968,6.4100,6.4100,6.3900,6.4000,85000,543816.0000,3
2025-04-25,20250425134500000,sz.000968,6.4000,6.4100,6.3900,6.4100,95900,613928.0000,3
2025-04-25,20250425135000000,sz.000968,6.4100,6.4100,6.4100,6.4100,20800,133304.0000,3
2025-04-25,20250425135500000,sz.000968,6.4100,6.4100,6.3900,6.4000,80000,511696.0000,3
2025-04-25,20250425140000000,sz.000968,6.3900,6.4000,6.3900,6.4000,113900,728136.0000,3
2025-04-25,20250425140500000,sz.000968,6.4000,6.4000,6.3700,6.3900,437300,2790576.0000,3
2025-04-25,20250425141000000,sz.000968,6.3900,6.3900,6.3700,6.3700,259700,1656880.0000,3
2025-04-25,20250425141500000,sz.000968,6.3800,6.3800,6.3700,6.3800,31300,199560.0000,3
2025-04-25,20250425142000000,sz.000968,6.3700,6.3900,6.3700,6.3800,100500,640760.0000,3
2025-04-25,20250425142500000,sz.000968,6.3800,6.3900,6.3700,6.3900,55500,354328.0000,3
2025-04-25,20250425143000000,sz.000968,6.3900,6.3900,6.3800,6.3900,212100,1354072.0000,3
2025-04-25,20250425143500000,sz.000968,6.3800,6.3900,6.3800,6.3900,92900,593016.0000,3
2025-04-25,20250425144000000,sz.000968,6.3900,6.3900,6.3800,6.3800,96800,618088.0000,3
2025-04-25,20250425144500000,sz.000968,6.3800,6.3900,6.3800,6.3800,136000,868704.0000,3
2025-04-25,20250425145000000,sz.000968,6.3900,6.3900,6.3800,6.3900,124200,793472.0000,3
2025-04-25,20250425145500000,sz.000968,6.3900,6.3900,6.3800,6.3800,311600,1989688.0000,3
2025-04-25,20250425150000000,sz.000968,6.3800,6.3900,6.3800,6.3900,260200,1660688.0000,3
2025-04-28,20250428093500000,sz.000968,6.4200,6.4200,6.3400,6.3600,809300,5152856.0000,3
2025-04-28,20250428094000000,sz.000968,6.3600,6.3700,6.3400,6.3500,343100,2179441.0000,3
2025-04-28,20250428094500000,sz.000968,6.3300,6.3300,6.3100,6.3300,331200,2092511.0000,3
2025-04-28,20250428095000000,sz.000968,6.3300,6.3400,6.3200,6.3300,191800,1214003.0000,3
2025-04-28,20250428095500000,sz.000968,6.3300,6.3300,6.3000,6.3100,162000,1022755.0000,3
2025-04-28,20250428100000000,sz.000968,6.3000,6.3100,6.2900,6.3100,217100,1368149.0000,3
2025-04-28,20250428100500000,sz.000968,6.3100,6.3400,6.3000,6.3300,230600,1458210.0000,3
2025-04-28,20250428101000000,sz.000968,6.3300,6.3600,6.3300,6.3600,152500,967923.0000,3
2025-04-28,20250428101500000,sz.000968,6.3600,6.3800,6.3500,6.3800,125700,799185.0000,3
2025-04-28,20250428102000000,sz.000968,6.3800,6.3800,6.3700,6.3700,91200,581133.0000,3
2025-04-28,20250428102500000,sz.000968,6.3700,6.3700,6.3500,6.3600,111200,707504.0000,3
2025-04-28,20250428103000000,sz.000968,6.3600,6.3700,6.3500,6.3600,85200,541956.0000,3
2025-04-28,20250428103500000,sz.000968,6.3600,6.3700,6.3400,6.3500,53600,340452.0000,3
2025-04-28,20250428104000000,sz.000968,6.3500,6.3500,6.3400,6.3400,44500,282194.0000,3
2025-04-28,20250428104500000,sz.000968,6.3400,6.3500,6.3400,6.3500,93000,590448.0000,3
2025-04-28,20250428105000000,sz.000968,6.3500,6.3600,6.3400,6.3600,46600,295828.0000,3
2025-04-28,20250428105500000,sz.000968,6.3600,6.3700,6.3500,6.3700,121600,773688.0000,3
2025-04-28,20250428110000000,sz.000968,6.3500,6.3700,6.3500,6.3600,74000,470546.0000,3
2025-04-28,20250428110500000,sz.000968,6.3700,6.3700,6.3500,6.3600,33000,209840.0000,3
2025-04-28,20250428111000000,sz.000968,6.3600,6.3700,6.3500,6.3700,33400,212338.0000,3
2025-04-28,20250428111500000,sz.000968,6.3700,6.3700,6.3600,6.3700,13600,86602.0000,3
2025-04-28,20250428112000000,sz.000968,6.3600,6.3700,6.3600,6.3600,6700,42662.0000,3
2025-04-28,20250428112500000,sz.000968,6.3700,6.3700,6.3500,6.3500,52800,335740.0000,3
2025-04-28,20250428113000000,sz.000968,6.3600,6.3600,6.3400,6.3400,185800,1178424.0000,3
2025-04-28,20250428130500000,sz.000968,6.3400,6.3500,6.3400,6.3400,56400,357746.0000,3
2025-04-28,20250428131000000,sz.000968,6.3400,6.3600,6.3400,6.3500,12600,80090.0000,3
2025-04-28,20250428131500000,sz.000968,6.3500,6.3600,6.3500,6.3600,13200,83916.0000,3
2025-04-28,20250428132000000,sz.000968,6.3600,6.3600,6.3400,6.3600,128000,812220.0000,3
2025-04-28,20250428132500000,sz.000968,6.3600,6.3700,6.3600,6.3600,52000,330736.0000,3
2025-04-28,20250428133000000,sz.000968,6.3600,6.3700,6.3600,6.3600,111200,707996.0000,3
2025-04-28,20250428133500000,sz.000968,6.3600,6.3700,6.3600,6.3600,17600,111960.0000,3
2025-04-28,20250428134000000,sz.000968,6.3600,6.3800,6.3600,6.3800,177200,1129846.0000,3
2025-04-28,20250428134500000,sz.000968,6.3900,6.4000,6.3800,6.4000,185300,1184130.0000,3
2025-04-28,20250428135000000,sz.000968,6.3900,6.4000,6.3700,6.3800,165800,1057876.0000,3
2025-04-28,20250428135500000,sz.000968,6.3800,6.3900,6.3700,6.3800,32700,208632.0000,3
2025-04-28,20250428140000000,sz.000968,6.3700,6.3800,6.3700,6.3700,27800,177268.0000,3
2025-04-28,20250428140500000,sz.000968,6.3700,6.3800,6.3600,6.3700,88900,566160.0000,3
2025-04-28,20250428141000000,sz.000968,6.3700,6.3800,6.3600,6.3800,114900,732134.0000,3
2025-04-28,20250428141500000,sz.000968,6.3800,6.3900,6.3800,6.3800,81100,517786.0000,3
2025-04-28,20250428142000000,sz.000968,6.3800,6.3900,6.3800,6.3900,40200,256752.0000,3
2025-04-28,20250428142500000,sz.000968,6.3900,6.3900,6.3700,6.3800,120600,769732.0000,3
2025-04-28,20250428143000000,sz.000968,6.3700,6.3800,6.3700,6.3700,178100,1135392.0000,3
2025-04-28,20250428143500000,sz.000968,6.3700,6.3800,6.3600,6.3800,166100,1058664.0000,3
2025-04-28,20250428144000000,sz.000968,6.3800,6.3900,6.3700,6.3800,175700,1120324.0000,3
2025-04-28,20250428144500000,sz.000968,6.3800,6.3900,6.3700,6.3800,150400,960552.0000,3
2025-04-28,20250428145000000,sz.000968,6.3900,6.4000,6.3800,6.3800,308800,1972592.0000,3
2025-04-28,20250428145500000,sz.000968,6.3700,6.3900,6.3700,6.3900,94000,599892.0000,3
2025-04-28,20250428150000000,sz.000968,6.3900,6.3900,6.3800,6.3800,149700,955676.0000,3
2025-04-29,20250429093500000,sz.000968,6.3900,6.4200,6.3700,6.4000,489400,3125738.0000,3
2025-04-29,20250429094000000,sz.000968,6.3900,6.4300,6.3900,6.4300,346800,2221774.0000,3
2025-04-29,20250429094500000,sz.000968,6.4300,6.4400,6.4200,6.4300,290300,1866675.0000,3
2025-04-29,20250429095000000,sz.000968,6.4400,6.4400,6.4100,6.4300,226800,1457030.0000,3
2025-04-29,20250429095500000,sz.000968,6.4300,6.4400,6.4100,6.4200,245700,1578758.0000,3
2025-04-29,20250429100000000,sz.000968,6.4200,6.4200,6.4000,6.4200,174200,1116732.0000,3
2025-04-29,20250429100500000,sz.000968,6.4100,6.4300,6.4100,6.4200,183900,1180535.0000,3
2025-04-29,20250429101000000,sz.000968,6.4200,6.4300,6.3900,6.4000,122300,784116.0000,3
2025-04-29,20250429101500000,sz.000968,6.4000,6.4000,6.3900,6.4000,78900,504714.0000,3
2025-04-29,20250429102000000,sz.000968,6.4000,6.4100,6.3800,6.3900,193700,1237289.0000,3
2025-04-29,20250429102500000,sz.000968,6.3800,6.3900,6.3700,6.3700,109000,695295.0000,3
2025-04-29,20250429103000000,sz.000968,6.3700,6.3800,6.3700,6.3700,31900,203343.0000,3
2025-04-29,20250429103500000,sz.000968,6.3700,6.3800,6.3600,6.3600,94500,601560.0000,3
2025-04-29,20250429104000000,sz.000968,6.3600,6.3700,6.3400,6.3600,145300,923433.0000,3
2025-04-29,20250429104500000,sz.000968,6.3600,6.3600,6.3500,6.3500,79900,507684.0000,3
2025-04-29,20250429105000000,sz.000968,6.3500,6.3600,6.3500,6.3600,73000,464192.0000,3
2025-04-29,20250429105500000,sz.000968,6.3500,6.3700,6.3500,6.3500,120600,766232.0000,3
2025-04-29,20250429110000000,sz.000968,6.3700,6.3800,6.3600,6.3800,56400,359384.0000,3
2025-04-29,20250429110500000,sz.000968,6.3700,6.3800,6.3600,6.3800,43100,274504.0000,3
2025-04-29,20250429111000000,sz.000968,6.3700,6.3800,6.3700,6.3800,62700,399444.0000,3
2025-04-29,20250429111500000,sz.000968,6.3800,6.3900,6.3700,6.3900,60500,386044.0000,3
2025-04-29,20250429112000000,sz.000968,6.3800,6.3900,6.3700,6.3800,58200,371308.0000,3
2025-04-29,20250429112500000,sz.000968,6.3700,6.3800,6.3700,6.3700,24700,157468.0000,3
2025-04-29,20250429113000000,sz.000968,6.3700,6.3900,6.3700,6.3800,120800,770612.0000,3
2025-04-29,20250429130500000,sz.000968,6.3700,6.3700,6.3500,6.3500,154700,983540.0000,3
2025-04-29,20250429131000000,sz.000968,6.3500,6.3600,6.3500,6.3500,78500,498588.0000,3
2025-04-29,20250429131500000,sz.000968,6.3600,6.3600,6.3400,6.3400,40300,255940.0000,3
2025-04-29,20250429132000000,sz.000968,6.3400,6.3500,6.3400,6.3500,24700,156746.0000,3
2025-04-29,20250429132500000,sz.000968,6.3500,6.3600,6.3400,6.3600,126200,801280.0000,3
2025-04-29,20250429133000000,sz.000968,6.3600,6.3600,6.3400,6.3500,92400,587074.0000,3
2025-04-29,20250429133500000,sz.000968,6.3400,6.3500,6.3300,6.3300,152400,966220.0000,3
2025-04-29,20250429134000000,sz.000968,6.3400,6.3500,6.3300,6.3400,57500,364496.0000,3
2025-04-29,20250429134500000,sz.000968,6.3500,6.3600,6.3400,6.3500,58700,372622.0000,3
2025-04-29,20250429135000000,sz.000968,6.3400,6.3500,6.3400,6.3500,40200,255268.0000,3
2025-04-29,20250429135500000,sz.000968,6.3500,6.3700,6.3500,6.3600,117500,747460.0000,3
2025-04-29,20250429140000000,sz.000968,6.3600,6.3700,6.3500,6.3600,49300,313540.0000,3
2025-04-29,20250429140500000,sz.000968,6.3600,6.3600,6.3500,6.3500,81900,520314.0000,3
2025-04-29,20250429141000000,sz.000968,6.3500,6.3900,6.3500,6.3600,176300,1122508.0000,3
2025-04-29,20250429141500000,sz.000968,6.3500,6.3600,6.3500,6.3600,38100,241964.0000,3
2025-04-29,20250429142000000,sz.000968,6.3500,6.3600,6.3500,6.3600,32400,205940.0000,3
2025-04-29,20250429142500000,sz.000968,6.3500,6.3600,6.3500,6.3600,70000,445012.0000,3
2025-04-29,20250429143000000,sz.000968,6.3600,6.3600,6.3500,6.3500,44400,282034.0000,3
2025-04-29,20250429143500000,sz.000968,6.3500,6.3600,6.3500,6.3500,53000,336572.0000,3
2025-04-29,20250429144000000,sz.000968,6.3500,6.3600,6.3500,6.3500,95500,607002.0000,3
2025-04-29,20250429144500000,sz.000968,6.3500,6.3600,6.3500,6.3600,73200,465056.0000,3
2025-04-29,20250429145000000,sz.000968,6.3500,6.3600,6.3500,6.3500,84400,536484.0000,3
2025-04-29,20250429145500000,sz.000968,6.3500,6.3700,6.3500,6.3600,182300,1159316.0000,3
2025-04-29,20250429150000000,sz.000968,6.3500,6.3600,6.3500,6.3600,150000,953304.0000,3
2025-04-30,20250430093500000,sz.000968,6.3700,6.4000,6.3600,6.3700,429100,2734684.0000,3
2025-04-30,20250430094000000,sz.000968,6.3800,6.3800,6.3400,6.3500,285100,1812569.0000,3
2025-04-30,20250430094500000,sz.000968,6.3400,6.3500,6.3300,6.3400,226700,1437639.0000,3
2025-04-30,20250430095000000,sz.000968,6.3500,6.3700,6.3300,6.3700,376800,2393286.0000,3
2025-04-30,20250430095500000,sz.000968,6.3700,6.3800,6.3600,6.3700,85400,543904.0000,3
2025-04-30,20250430100000000,sz.000968,6.3700,6.3700,6.3600,6.3700,58000,369342.0000,3
2025-04-30,20250430100500000,sz.000968,6.3700,6.3900,6.3600,6.3700,454800,2900908.0000,3
2025-04-30,20250430101000000,sz.000968,6.3700,6.3900,6.3700,6.3800,147100,938388.0000,3
2025-04-30,20250430101500000,sz.000968,6.3800,6.3900,6.3800,6.3900,40900,261194.0000,3
2025-04-30,20250430102000000,sz.000968,6.3800,6.3900,6.3800,6.3800,59500,379907.0000,3
2025-04-30,20250430102500000,sz.000968,6.3900,6.4100,6.3800,6.3900,240200,1535791.0000,3
2025-04-30,20250430103000000,sz.000968,6.4100,6.4200,6.4000,6.4200,258600,1657208.0000,3
2025-04-30,20250430103500000,sz.000968,6.4100,6.4200,6.3900,6.3900,254000,1627044.0000,3
2025-04-30,20250430104000000,sz.000968,6.3900,6.4200,6.3900,6.4100,153700,985144.0000,3
2025-04-30,20250430104500000,sz.000968,6.4100,6.4100,6.3900,6.4000,115900,742354.0000,3
2025-04-30,20250430105000000,sz.000968,6.4000,6.4100,6.4000,6.4100,83500,534482.0000,3
2025-04-30,20250430105500000,sz.000968,6.4000,6.4300,6.4000,6.4200,147300,944952.0000,3
2025-04-30,20250430110000000,sz.000968,6.4200,6.4600,6.4200,6.4500,448500,2889612.0000,3
2025-04-30,20250430110500000,sz.000968,6.4500,6.4600,6.4400,6.4400,213000,1374294.0000,3
2025-04-30,20250430111000000,sz.000968,6.4400,6.4500,6.4300,6.4400,50500,325230.0000,3
2025-04-30,20250430111500000,sz.000968,6.4400,6.4400,6.4200,6.4300,239500,1538988.0000,3
2025-04-30,20250430112000000,sz.000968,6.4200,6.4200,6.4100,6.4200,41000,263058.0000,3
2025-04-30,20250430112500000,sz.000968,6.4100,6.4200,6.4000,6.4100,47500,304450.0000,3
2025-04-30,20250430113000000,sz.000968,6.4000,6.4100,6.4000,6.4000,46300,296504.0000,3
2025-04-30,20250430130500000,sz.000968,6.4000,6.4300,6.4000,6.4300,200200,1284724.0000,3
2025-04-30,20250430131000000,sz.000968,6.4200,6.4300,6.4100,6.4300,36700,235656.0000,3
2025-04-30,20250430131500000,sz.000968,6.4300,6.4300,6.4200,6.4300,53100,341414.0000,3
2025-04-30,20250430132000000,sz.000968,6.4200,6.4300,6.4000,6.4200,68000,436466.0000,3
2025-04-30,20250430132500000,sz.000968,6.4100,6.4200,6.4000,6.4200,55700,357084.0000,3
2025-04-30,20250430133000000,sz.000968,6.4100,6.4200,6.4000,6.4100,26500,169764.0000,3
2025-04-30,20250430133500000,sz.000968,6.4100,6.4100,6.4000,6.4000,87400,559414.0000,3
2025-04-30,20250430134000000,sz.000968,6.4000,6.4000,6.3900,6.4000,40000,255960.0000,3
2025-04-30,20250430134500000,sz.000968,6.4000,6.4100,6.3900,6.4000,26300,168322.0000,3
2025-04-30,20250430135000000,sz.000968,6.4000,6.4100,6.3900,6.4100,58500,374428.0000,3
2025-04-30,20250430135500000,sz.000968,6.4100,6.4100,6.4000,6.4000,21900,140228.0000,3
2025-04-30,20250430140000000,sz.000968,6.4100,6.4100,6.3900,6.3900,113300,724572.0000,3
2025-04-30,20250430140500000,sz.000968,6.3900,6.4000,6.3900,6.4000,81300,519788.0000,3
2025-04-30,20250430141000000,sz.000968,6.3900,6.4100,6.3800,6.4100,382800,2450192.0000,3
2025-04-30,20250430141500000,sz.000968,6.4100,6.4200,6.4000,6.4000,15800,101232.0000,3
2025-04-30,20250430142000000,sz.000968,6.4100,6.4100,6.4000,6.4100,54200,347404.0000,3
2025-04-30,20250430142500000,sz.000968,6.4100,6.4200,6.4000,6.4000,133600,856220.0000,3
2025-04-30,20250430143000000,sz.000968,6.4000,6.4100,6.4000,6.4100,94600,606020.0000,3
2025-04-30,20250430143500000,sz.000968,6.4000,6.4100,6.3900,6.3900,129000,825708.0000,3
2025-04-30,20250430144000000,sz.000968,6.3900,6.4000,6.3800,6.3900,277200,1772380.0000,3
2025-04-30,20250430144500000,sz.000968,6.4000,6.4100,6.3800,6.3900,229800,1469948.0000,3
2025-04-30,20250430145000000,sz.000968,6.4000,6.4000,6.3900,6.3900,20600,131800.0000,3
2025-04-30,20250430145500000,sz.000968,6.3900,6.4100,6.3900,6.4100,256700,1642548.0000,3
2025-04-30,20250430150000000,sz.000968,6.4000,6.4100,6.3900,6.4000,239400,1532556.0000,3
2025-05-06,20250506093500000,sz.000968,6.4300,6.4300,6.3900,6.4000,510400,3272096.0000,3
2025-05-06,20250506094000000,sz.000968,6.3900,6.4100,6.3800,6.4100,204700,1308461.0000,3
2025-05-06,20250506094500000,sz.000968,6.4100,6.4200,6.3900,6.4000,385000,2465208.0000,3
2025-05-06,20250506095000000,sz.000968,6.3900,6.4100,6.3900,6.3900,109200,698706.0000,3
2025-05-06,20250506095500000,sz.000968,6.3900,6.4000,6.3700,6.3800,154300,985138.0000,3
2025-05-06,20250506100000000,sz.000968,6.3900,6.3900,6.3700,6.3900,295200,1884427.0000,3
2025-05-06,20250506100500000,sz.000968,6.3900,6.4000,6.3700,6.3800,309300,1974964.0000,3
2025-05-06,20250506101000000,sz.000968,6.3700,6.3700,6.3500,6.3600,541200,3441985.0000,3
2025-05-06,20250506101500000,sz.000968,6.3600,6.3700,6.3500,6.3600,413400,2627849.0000,3
2025-05-06,20250506102000000,sz.000968,6.3500,6.3600,6.3300,6.3400,495500,3143886.0000,3
2025-05-06,20250506102500000,sz.000968,6.3500,6.3600,6.3400,6.3400,340900,2164112.0000,3
2025-05-06,20250506103000000,sz.000968,6.3400,6.3600,6.3400,6.3500,168500,1069988.0000,3
2025-05-06,20250506103500000,sz.000968,6.3600,6.3700,6.3500,6.3600,135300,860448.0000,3
2025-05-06,20250506104000000,sz.000968,6.3500,6.3600,6.3400,6.3500,218800,1389594.0000,3
2025-05-06,20250506104500000,sz.000968,6.3500,6.3500,6.3400,6.3500,75000,475578.0000,3
2025-05-06,20250506105000000,sz.000968,6.3400,6.3500,6.3400,6.3500,114300,725716.0000,3
2025-05-06,20250506105500000,sz.000968,6.3500,6.3600,6.3500,6.3600,140200,890940.0000,3
2025-05-06,20250506110000000,sz.000968,6.3500,6.3600,6.3500,6.3600,262900,1670286.0000,3
2025-05-06,20250506110500000,sz.000968,6.3500,6.3600,6.3500,6.3500,49600,315048.0000,3
2025-05-06,20250506111000000,sz.000968,6.3500,6.3600,6.3500,6.3500,84900,539690.0000,3
2025-05-06,20250506111500000,sz.000968,6.3600,6.3600,6.3500,6.3600,111400,708484.0000,3
2025-05-06,20250506112000000,sz.000968,6.3600,6.3600,6.3500,6.3600,127000,806712.0000,3
2025-05-06,20250506112500000,sz.000968,6.3500,6.3600,6.3500,6.3500,82200,522548.0000,3
2025-05-06,20250506113000000,sz.000968,6.3600,6.3600,6.3400,6.3400,345100,2189996.0000,3
2025-05-06,20250506130500000,sz.000968,6.3600,6.3700,6.3500,6.3600,185400,1179116.0000,3
2025-05-06,20250506131000000,sz.000968,6.3600,6.3700,6.3600,6.3600,61800,393112.0000,3
2025-05-06,20250506131500000,sz.000968,6.3600,6.3700,6.3600,6.3600,87000,553352.0000,3
2025-05-06,20250506132000000,sz.000968,6.3700,6.3700,6.3500,6.3700,96600,614388.0000,3
2025-05-06,20250506132500000,sz.000968,6.3600,6.3800,6.3600,6.3700,200800,1279204.0000,3
2025-05-06,20250506133000000,sz.000968,6.3700,6.3800,6.3700,6.3700,111800,712232.0000,3
2025-05-06,20250506133500000,sz.000968,6.3700,6.3800,6.3600,6.3600,248000,1579856.0000,3
2025-05-06,20250506134000000,sz.000968,6.3600,6.3700,6.3600,6.3600,30700,195400.0000,3
2025-05-06,20250506134500000,sz.000968,6.3600,6.3700,6.3500,6.3500,215000,1367512.0000,3
2025-05-06,20250506135000000,sz.000968,6.3500,6.3600,6.3400,6.3500,659100,4183224.0000,3
2025-05-06,20250506135500000,sz.000968,6.3500,6.3500,6.3400,6.3400,173200,1098724.0000,3
2025-05-06,20250506140000000,sz.000968,6.3400,6.3500,6.3400,6.3500,67200,426120.0000,3
2025-05-06,20250506140500000,sz.000968,6.3400,6.3500,6.3400,6.3400,177200,1123652.0000,3
2025-05-06,20250506141000000,sz.000968,6.3400,6.3500,6.3300,6.3400,345400,2187756.0000,3
2025-05-06,20250506141500000,sz.000968,6.3400,6.3500,6.3400,6.3500,153000,970052.0000,3
2025-05-06,20250506142000000,sz.000968,6.3400,6.3500,6.3400,6.3400,161500,1024920.0000,3
2025-05-06,20250506142500000,sz.000968,6.3400,6.3500,6.3400,6.3500,136600,867196.0000,3
2025-05-06,20250506143000000,sz.000968,6.3400,6.3600,6.3400,6.3500,98000,622044.0000,3
2025-05-06,20250506143500000,sz.000968,6.3400,6.3500,6.3400,6.3500,128800,817636.0000,3
2025-05-06,20250506144000000,sz.000968,6.3400,6.3500,6.3400,6.3500,113600,720972.0000,3
2025-05-06,20250506144500000,sz.000968,6.3500,6.3600,6.3500,6.3600,514300,3269632.0000,3
2025-05-06,20250506145000000,sz.000968,6.3500,6.3600,6.3400,6.3500,217100,1379060.0000,3
2025-05-06,20250506145500000,sz.000968,6.3500,6.3600,6.3400,6.3600,346400,2199256.0000,3
2025-05-06,20250506150000000,sz.000968,6.3500,6.3600,6.3500,6.3500,210400,1336348.0000,3
2025-05-07,20250507093500000,sz.000968,6.4000,6.4400,6.3900,6.4000,946300,6064925.0000,3
2025-05-07,20250507094000000,sz.000968,6.3900,6.4000,6.3700,6.3700,247800,1582000.0000,3
2025-05-07,20250507094500000,sz.000968,6.3800,6.3800,6.3700,6.3800,355400,2264204.0000,3
2025-05-07,20250507095000000,sz.000968,6.3800,6.3800,6.3700,6.3800,219200,1397312.0000,3
2025-05-07,20250507095500000,sz.000968,6.3700,6.3900,6.3700,6.3700,177600,1133592.0000,3
2025-05-07,20250507100000000,sz.000968,6.3800,6.3800,6.3600,6.3600,120100,765106.0000,3
2025-05-07,20250507100500000,sz.000968,6.3800,6.3800,6.3700,6.3800,104300,664167.0000,3
2025-05-07,20250507101000000,sz.000968,6.3800,6.3800,6.3700,6.3700,43100,274715.0000,3
2025-05-07,20250507101500000,sz.000968,6.3800,6.3800,6.3700,6.3700,251800,1604782.0000,3
2025-05-07,20250507102000000,sz.000968,6.3900,6.4000,6.3800,6.3900,358900,2292181.0000,3
2025-05-07,20250507102500000,sz.000968,6.3800,6.4000,6.3800,6.4000,302100,1928960.0000,3
2025-05-07,20250507103000000,sz.000968,6.4000,6.4000,6.3900,6.4000,178500,1141034.0000,3
2025-05-07,20250507103500000,sz.000968,6.3900,6.3900,6.3900,6.3900,38700,247294.0000,3
2025-05-07,20250507104000000,sz.000968,6.3800,6.3900,6.3800,6.3900,12900,82386.0000,3
2025-05-07,20250507104500000,sz.000968,6.3900,6.3900,6.3800,6.3900,120000,765714.0000,3
2025-05-07,20250507105000000,sz.000968,6.3900,6.3900,6.3700,6.3900,85300,544244.0000,3
2025-05-07,20250507105500000,sz.000968,6.3900,6.4000,6.3900,6.4000,133900,855706.0000,3
2025-05-07,20250507110000000,sz.000968,6.4000,6.4000,6.3900,6.3900,96900,619832.0000,3
2025-05-07,20250507110500000,sz.000968,6.4000,6.4100,6.3900,6.4100,241000,1542386.0000,3
2025-05-07,20250507111000000,sz.000968,6.4100,6.4100,6.4000,6.4000,95200,609756.0000,3
2025-05-07,20250507111500000,sz.000968,6.4000,6.4100,6.4000,6.4000,53500,342468.0000,3
2025-05-07,20250507112000000,sz.000968,6.4000,6.4000,6.3900,6.3900,53600,342808.0000,3
2025-05-07,20250507112500000,sz.000968,6.4000,6.4100,6.3900,6.4100,106000,678214.0000,3
2025-05-07,20250507113000000,sz.000968,6.4000,6.4200,6.4000,6.4200,101800,652510.0000,3
2025-05-07,20250507130500000,sz.000968,6.4100,6.4200,6.4000,6.4100,174900,1121192.0000,3
2025-05-07,20250507131000000,sz.000968,6.4200,6.4200,6.4100,6.4100,37600,241088.0000,3
2025-05-07,20250507131500000,sz.000968,6.4100,6.4200,6.4000,6.4100,58000,371764.0000,3
2025-05-07,20250507132000000,sz.000968,6.4100,6.4100,6.4000,6.4100,24300,155644.0000,3
2025-05-07,20250507132500000,sz.000968,6.4100,6.4100,6.4000,6.4000,16100,103136.0000,3
2025-05-07,20250507133000000,sz.000968,6.4100,6.4100,6.4000,6.4000,151800,971912.0000,3
2025-05-07,20250507133500000,sz.000968,6.4100,6.4100,6.4000,6.4100,104100,666824.0000,3
2025-05-07,20250507134000000,sz.000968,6.4100,6.4100,6.4000,6.4100,31600,202516.0000,3
2025-05-07,20250507134500000,sz.000968,6.4000,6.4200,6.4000,6.4100,508200,3259640.0000,3
2025-05-07,20250507135000000,sz.000968,6.4200,6.4200,6.4000,6.4000,42800,274364.0000,3
2025-05-07,20250507135500000,sz.000968,6.4000,6.4100,6.4000,6.4000,72500,464392.0000,3
2025-05-07,20250507140000000,sz.000968,6.4100,6.4100,6.3800,6.3800,276800,1770256.0000,3
2025-05-07,20250507140500000,sz.000968,6.3800,6.3900,6.3800,6.3900,98500,628872.0000,3
2025-05-07,20250507141000000,sz.000968,6.3900,6.4000,6.3800,6.3900,51300,327780.0000,3
2025-05-07,20250507141500000,sz.000968,6.3900,6.3900,6.3800,6.3900,62300,398084.0000,3
2025-05-07,20250507142000000,sz.000968,6.3900,6.3900,6.3700,6.3800,100700,642340.0000,3
2025-05-07,20250507142500000,sz.000968,6.3800,6.3800,6.3700,6.3800,13400,85396.0000,3
2025-05-07,20250507143000000,sz.000968,6.3800,6.3900,6.3700,6.3900,55000,350924.0000,3
2025-05-07,20250507143500000,sz.000968,6.3900,6.4000,6.3800,6.3900,176400,1127028.0000,3
2025-05-07,20250507144000000,sz.000968,6.3900,6.4000,6.3900,6.4000,74400,475496.0000,3
2025-05-07,20250507144500000,sz.000968,6.4000,6.4000,6.3900,6.4000,143200,916084.0000,3
2025-05-07,20250507145000000,sz.000968,6.4000,6.4000,6.3900,6.4000,137800,881724.0000,3
2025-05-07,20250507145500000,sz.000968,6.3900,6.4000,6.3800,6.3900,234000,1495572.0000,3
2025-05-07,20250507150000000,sz.000968,6.3900,6.4000,6.3800,6.3900,228500,1460828.0000,3
2025-05-08,20250508093500000,sz.000968,6.3600,6.3900,6.3400,6.3500,564300,3584304.0000,3
2025-05-08,20250508094000000,sz.000968,6.3500,6.3700,6.3500,6.3500,155500,988532.0000,3
2025-05-08,20250508094500000,sz.000968,6.3600,6.3700,6.3500,6.3700,125300,797532.0000,3
2025-05-08,20250508095000000,sz.000968,6.3700,6.4000,6.3600,6.4000,479700,3062572.0000,3
2025-05-08,20250508095500000,sz.000968,6.4000,6.4000,6.3700,6.3900,340600,2174466.0000,3
2025-05-08,20250508100000000,sz.000968,6.3800,6.4000,6.3800,6.3800,160600,1026251.0000,3
2025-05-08,20250508100500000,sz.000968,6.3800,6.3900,6.3800,6.3900,94200,601849.0000,3
2025-05-08,20250508101000000,sz.000968,6.3900,6.4000,6.3800,6.3800,114300,730329.0000,3
2025-05-08,20250508101500000,sz.000968,6.3900,6.4000,6.3900,6.4000,83100,530971.0000,3
2025-05-08,20250508102000000,sz.000968,6.3900,6.3900,6.3800,6.3800,144200,921281.0000,3
2025-05-08,20250508102500000,sz.000968,6.3900,6.4000,6.3900,6.4000,72700,465030.0000,3
2025-05-08,20250508103000000,sz.000968,6.4000,6.4100,6.3900,6.4100,199600,1277690.0000,3
2025-05-08,20250508103500000,sz.000968,6.4000,6.4100,6.3900,6.4000,90000,576033.0000,3
2025-05-08,20250508104000000,sz.000968,6.4000,6.4000,6.3900,6.4000,33600,215016.0000,3
2025-05-08,20250508104500000,sz.000968,6.3900,6.4000,6.3900,6.3900,77100,493282.0000,3
2025-05-08,20250508105000000,sz.000968,6.4000,6.4000,6.3900,6.4000,87200,558038.0000,3
2025-05-08,20250508105500000,sz.000968,6.4000,6.4000,6.3800,6.3900,161000,1028864.0000,3
2025-05-08,20250508110000000,sz.000968,6.3900,6.4100,6.3900,6.4100,230400,1474476.0000,3
2025-05-08,20250508110500000,sz.000968,6.4100,6.4100,6.3900,6.4000,74400,476154.0000,3
2025-05-08,20250508111000000,sz.000968,6.3900,6.4000,6.3800,6.4000,175200,1119618.0000,3
2025-05-08,20250508111500000,sz.000968,6.4000,6.4100,6.4000,6.4000,61400,392972.0000,3
2025-05-08,20250508112000000,sz.000968,6.3900,6.4100,6.3900,6.4000,30700,196512.0000,3
2025-05-08,20250508112500000,sz.000968,6.4000,6.4100,6.3900,6.4100,88900,569008.0000,3
2025-05-08,20250508113000000,sz.000968,6.4100,6.4100,6.4000,6.4000,52200,334198.0000,3
2025-05-08,20250508130500000,sz.000968,6.4000,6.4100,6.3900,6.4000,140800,901040.0000,3
2025-05-08,20250508131000000,sz.000968,6.4000,6.4000,6.3900,6.4000,57200,365994.0000,3
2025-05-08,20250508131500000,sz.000968,6.3900,6.4000,6.3900,6.4000,43100,275672.0000,3
2025-05-08,20250508132000000,sz.000968,6.3900,6.4000,6.3800,6.3800,521500,3330444.0000,3
2025-05-08,20250508132500000,sz.000968,6.3900,6.4000,6.3900,6.4000,114200,730088.0000,3
2025-05-08,20250508133000000,sz.000968,6.3900,6.4000,6.3900,6.3900,67400,430724.0000,3
2025-05-08,20250508133500000,sz.000968,6.3900,6.4000,6.3800,6.3900,127400,814152.0000,3
2025-05-08,20250508134000000,sz.000968,6.4000,6.4000,6.3900,6.4000,26600,170064.0000,3
2025-05-08,20250508134500000,sz.000968,6.4000,6.4000,6.3900,6.4000,6200,39664.0000,3
2025-05-08,20250508135000000,sz.000968,6.3900,6.4000,6.3900,6.3900,63600,407000.0000,3
2025-05-08,20250508135500000,sz.000968,6.4000,6.4100,6.3900,6.4100,154500,989160.0000,3
2025-05-08,20250508140000000,sz.000968,6.4000,6.4100,6.4000,6.4000,59700,382392.0000,3
2025-05-08,20250508140500000,sz.000968,6.4100,6.4100,6.4000,6.4000,107500,688304.0000,3
2025-05-08,20250508141000000,sz.000968,6.4000,6.4200,6.4000,6.4100,234300,1501996.0000,3
2025-05-08,20250508141500000,sz.000968,6.4100,6.4200,6.4100,6.4200,143700,922132.0000,3
2025-05-08,20250508142000000,sz.000968,6.4100,6.4300,6.4100,6.4300,252500,1622300.0000,3
2025-05-08,20250508142500000,sz.000968,6.4300,6.4400,6.4200,6.4400,333200,2143120.0000,3
2025-05-08,20250508143000000,sz.000968,6.4400,6.4500,6.4300,6.4400,269300,1734152.0000,3
2025-05-08,20250508143500000,sz.000968,6.4300,6.4500,6.4300,6.4400,202900,1306628.0000,3
2025-05-08,20250508144000000,sz.000968,6.4300,6.4400,6.4200,6.4200,118400,760864.0000,3
2025-05-08,20250508144500000,sz.000968,6.4200,6.4300,6.4200,6.4300,41700,267860.0000,3
2025-05-08,20250508145000000,sz.000968,6.4300,6.4300,6.4200,6.4300,137700,884068.0000,3
2025-05-08,20250508145500000,sz.000968,6.4300,6.4300,6.4100,6.4200,110600,709640.0000,3
2025-05-08,20250508150000000,sz.000968,6.4100,6.4200,6.4100,6.4100,198600,1273140.0000,3
2025-05-09,20250509093500000,sz.000968,6.4300,6.5000,6.4300,6.4600,1139400,7356305.0000,3
2025-05-09,20250509094000000,sz.000968,6.4500,6.4600,6.4500,6.4500,140100,904072.0000,3
2025-05-09,20250509094500000,sz.000968,6.4400,6.4800,6.4400,6.4700,540700,3492125.0000,3
2025-05-09,20250509095000000,sz.000968,6.4800,6.4800,6.4600,6.4600,333900,2160297.0000,3
2025-05-09,20250509095500000,sz.000968,6.4700,6.4700,6.4500,6.4500,271300,1751630.0000,3
2025-05-09,20250509100000000,sz.000968,6.4500,6.4800,6.4500,6.4800,303700,1962315.0000,3
2025-05-09,20250509100500000,sz.000968,6.4800,6.4900,6.4700,6.4800,222000,1438244.0000,3
2025-05-09,20250509101000000,sz.000968,6.4800,6.5100,6.4700,6.5100,676000,4388792.0000,3
2025-05-09,20250509101500000,sz.000968,6.5100,6.5200,6.4900,6.5200,350200,2278948.0000,3
2025-05-09,20250509102000000,sz.000968,6.5100,6.5300,6.5000,6.5100,316500,2061950.0000,3
2025-05-09,20250509102500000,sz.000968,6.5100,6.5300,6.5000,6.5200,221500,1443846.0000,3
2025-05-09,20250509103000000,sz.000968,6.5200,6.5300,6.5100,6.5200,175700,1145772.0000,3
2025-05-09,20250509103500000,sz.000968,6.5300,6.5300,6.5100,6.5100,267100,1742184.0000,3
2025-05-09,20250509104000000,sz.000968,6.5100,6.5200,6.5000,6.5100,157500,1025708.0000,3
2025-05-09,20250509104500000,sz.000968,6.5200,6.5300,6.5000,6.5000,132400,862580.0000,3
2025-05-09,20250509105000000,sz.000968,6.5000,6.5100,6.5000,6.5000,76900,499936.0000,3
2025-05-09,20250509105500000,sz.000968,6.5100,6.5200,6.5000,6.5000,250800,1632304.0000,3
2025-05-09,20250509110000000,sz.000968,6.5000,6.5000,6.4700,6.4900,464600,3015248.0000,3
2025-05-09,20250509110500000,sz.000968,6.5000,6.5100,6.4900,6.4900,173000,1124224.0000,3
2025-05-09,20250509111000000,sz.000968,6.4900,6.5100,6.4900,6.5000,273200,1774544.0000,3
2025-05-09,20250509111500000,sz.000968,6.5000,6.5100,6.4900,6.4900,237200,1540400.0000,3
2025-05-09,20250509112000000,sz.000968,6.5000,6.5100,6.5000,6.5000,84600,550320.0000,3
2025-05-09,20250509112500000,sz.000968,6.5000,6.5100,6.4900,6.5000,46800,304268.0000,3
2025-05-09,20250509113000000,sz.000968,6.5100,6.5100,6.4900,6.5000,92000,597872.0000,3
2025-05-09,20250509130500000,sz.000968,6.5000,6.5000,6.4800,6.4900,252100,1636852.0000,3
2025-05-09,20250509131000000,sz.000968,6.4800,6.5000,6.4800,6.4900,113000,733272.0000,3
2025-05-09,20250509131500000,sz.000968,6.4900,6.5000,6.4800,6.4900,70600,458392.0000,3
2025-05-09,20250509132000000,sz.000968,6.4900,6.5000,6.4900,6.5000,58700,381392.0000,3
2025-05-09,20250509132500000,sz.000968,6.4900,6.5000,6.4900,6.5000,123900,804768.0000,3
2025-05-09,20250509133000000,sz.000968,6.4900,6.5000,6.4900,6.4900,117700,764568.0000,3
2025-05-09,20250509133500000,sz.000968,6.4900,6.5100,6.4900,6.5000,85000,552472.0000,3
2025-05-09,20250509134000000,sz.000968,6.5000,6.5100,6.4900,6.5000,157300,1022660.0000,3
2025-05-09,20250509134500000,sz.000968,6.5000,6.5100,6.4900,6.5000,83700,544476.0000,3
2025-05-09,20250509135000000,sz.000968,6.5000,6.5100,6.5000,6.5100,106700,694404.0000,3
2025-05-09,20250509135500000,sz.000968,6.5100,6.5100,6.4900,6.5000,176300,1146328.0000,3
2025-05-09,20250509140000000,sz.000968,6.5000,6.5200,6.5000,6.5000,127900,832124.0000,3
2025-05-09,20250509140500000,sz.000968,6.5100,6.5200,6.5000,6.5100,189600,1234608.0000,3
2025-05-09,20250509141000000,sz.000968,6.5100,6.5200,6.5000,6.5100,197300,1284808.0000,3
2025-05-09,20250509141500000,sz.000968,6.5100,6.5300,6.5100,6.5300,494900,3227924.0000,3
2025-05-09,20250509142000000,sz.000968,6.5200,6.5400,6.5200,6.5200,206100,1346020.0000,3
2025-05-09,20250509142500000,sz.000968,6.5400,6.5600,6.5200,6.5500,603900,3951880.0000,3
2025-05-09,20250509143000000,sz.000968,6.5600,6.5700,6.5400,6.5500,503000,3298584.0000,3
2025-05-09,20250509143500000,sz.000968,6.5600,6.5600,6.5400,6.5500,232200,1522392.0000,3
2025-05-09,20250509144000000,sz.000968,6.5500,6.5600,6.5400,6.5500,283000,1854448.0000,3
2025-05-09,20250509144500000,sz.000968,6.5500,6.5700,6.5500,6.5600,643600,4221728.0000,3
2025-05-09,20250509145000000,sz.000968,6.5500,6.5700,6.5500,6.5600,497400,3263712.0000,3
2025-05-09,20250509145500000,sz.000968,6.5600,6.5700,6.5500,6.5500,414600,2718576.0000,3
2025-05-09,20250509150000000,sz.000968,6.5500,6.5600,6.5500,6.5600,333500,2187680.0000,3
2025-05-12,20250512093500000,sz.000968,6.5900,6.6000,6.5300,6.5400,951700,6251123.0000,3
2025-05-12,20250512094000000,sz.000968,6.5400,6.6000,6.5400,6.5800,536800,3522876.0000,3
2025-05-12,20250512094500000,sz.000968,6.5900,6.6000,6.5700,6.5800,475100,3126691.0000,3
2025-05-12,20250512095000000,sz.000968,6.5900,6.5900,6.5600,6.5700,412700,2713539.0000,3
2025-05-12,20250512095500000,sz.000968,6.5700,6.5900,6.5500,6.5700,332700,2184199.0000,3
2025-05-12,20250512100000000,sz.000968,6.5800,6.5900,6.5700,6.5900,186700,1227888.0000,3
2025-05-12,20250512100500000,sz.000968,6.6000,6.6000,6.5700,6.5700,241600,1591856.0000,3
2025-05-12,20250512101000000,sz.000968,6.5800,6.5800,6.5600,6.5700,231600,1521426.0000,3
2025-05-12,20250512101500000,sz.000968,6.5600,6.5800,6.5600,6.5700,365400,2399742.0000,3
2025-05-12,20250512102000000,sz.000968,6.5600,6.5700,6.5400,6.5500,199600,1307912.0000,3
2025-05-12,20250512102500000,sz.000968,6.5500,6.5500,6.5300,6.5400,404300,2645014.0000,3
2025-05-12,20250512103000000,sz.000968,6.5400,6.5600,6.5400,6.5600,218900,1432484.0000,3
2025-05-12,20250512103500000,sz.000968,6.5600,6.5600,6.5500,6.5500,172600,1131494.0000,3
2025-05-12,20250512104000000,sz.000968,6.5600,6.5900,6.5500,6.5900,297900,1957478.0000,3
2025-05-12,20250512104500000,sz.000968,6.5900,6.6100,6.5800,6.5900,714200,4707902.0000,3
2025-05-12,20250512105000000,sz.000968,6.5900,6.6100,6.5800,6.5900,121600,801816.0000,3
2025-05-12,20250512105500000,sz.000968,6.5900,6.5900,6.5700,6.5700,41700,274148.0000,3
2025-05-12,20250512110000000,sz.000968,6.5800,6.5800,6.5500,6.5500,134800,884416.0000,3
2025-05-12,20250512110500000,sz.000968,6.5500,6.5500,6.5400,6.5500,41100,269008.0000,3
2025-05-12,20250512111000000,sz.000968,6.5500,6.5500,6.5400,6.5400,41700,272788.0000,3
2025-05-12,20250512111500000,sz.000968,6.5400,6.5500,6.5200,6.5300,219700,1435640.0000,3
2025-05-12,20250512112000000,sz.000968,6.5300,6.5400,6.5200,6.5300,123600,806776.0000,3
2025-05-12,20250512112500000,sz.000968,6.5300,6.5400,6.5200,6.5300,72100,470760.0000,3
2025-05-12,20250512113000000,sz.000968,6.5300,6.5300,6.5200,6.5200,68600,447608.0000,3
2025-05-12,20250512130500000,sz.000968,6.5300,6.5400,6.5200,6.5300,176700,1153352.0000,3
2025-05-12,20250512131000000,sz.000968,6.5200,6.5300,6.5100,6.5300,122500,798740.0000,3
2025-05-12,20250512131500000,sz.000968,6.5200,6.5300,6.5200,6.5200,65600,428008.0000,3
2025-05-12,20250512132000000,sz.000968,6.5300,6.5500,6.5200,6.5500,211000,1380636.0000,3
2025-05-12,20250512132500000,sz.000968,6.5500,6.6100,6.5500,6.6000,503500,3314536.0000,3
2025-05-12,20250512133000000,sz.000968,6.6000,6.6800,6.6000,6.6600,1471400,9771840.0000,3
2025-05-12,20250512133500000,sz.000968,6.6600,6.6900,6.6500,6.6600,848600,5659800.0000,3
2025-05-12,20250512134000000,sz.000968,6.6600,6.6700,6.6000,6.6000,426300,2825496.0000,3
2025-05-12,20250512134500000,sz.000968,6.6100,6.6200,6.5900,6.5900,214200,1414640.0000,3
2025-05-12,20250512135000000,sz.000968,6.6000,6.6000,6.5700,6.5700,131000,863184.0000,3
2025-05-12,20250512135500000,sz.000968,6.5700,6.5800,6.5700,6.5700,104100,684880.0000,3
2025-05-12,20250512140000000,sz.000968,6.5700,6.5900,6.5700,6.5800,156900,1031808.0000,3
2025-05-12,20250512140500000,sz.000968,6.5800,6.6000,6.5800,6.6000,150400,991216.0000,3
2025-05-12,20250512141000000,sz.000968,6.6000,6.6300,6.6000,6.6100,255100,1685616.0000,3
2025-05-12,20250512141500000,sz.000968,6.6200,6.6200,6.5900,6.6000,108600,716864.0000,3
2025-05-12,20250512142000000,sz.000968,6.6000,6.6000,6.5800,6.5900,115300,759704.0000,3
2025-05-12,20250512142500000,sz.000968,6.6000,6.6000,6.5900,6.6000,82100,541672.0000,3
2025-05-12,20250512143000000,sz.000968,6.6000,6.6000,6.5900,6.5900,38400,253320.0000,3
2025-05-12,20250512143500000,sz.000968,6.5900,6.6000,6.5800,6.5800,163200,1074848.0000,3
2025-05-12,20250512144000000,sz.000968,6.5900,6.5900,6.5600,6.5600,252200,1656744.0000,3
2025-05-12,20250512144500000,sz.000968,6.5700,6.5700,6.5600,6.5700,187200,1229408.0000,3
2025-05-12,20250512145000000,sz.000968,6.5700,6.5700,6.5600,6.5700,265800,1745048.0000,3
2025-05-12,20250512145500000,sz.000968,6.5600,6.5700,6.5500,6.5600,357000,2340848.0000,3
2025-05-12,20250512150000000,sz.000968,6.5700,6.5700,6.5500,6.5700,138700,910544.0000,3
2025-05-13,20250513093500000,sz.000968,6.6000,6.6200,6.5600,6.5900,900600,5935731.0000,3
2025-05-13,20250513094000000,sz.000968,6.5800,6.6200,6.5700,6.6200,366300,2413795.0000,3
2025-05-13,20250513094500000,sz.000968,6.6200,6.7000,6.6200,6.6600,1391600,9281200.0000,3
2025-05-13,20250513095000000,sz.000968,6.6600,6.6700,6.6500,6.6500,398400,2652514.0000,3
2025-05-13,20250513095500000,sz.000968,6.6600,6.6700,6.6500,6.6600,223100,1486028.0000,3
2025-05-13,20250513100000000,sz.000968,6.6600,6.6900,6.6600,6.6700,624000,4165554.0000,3
2025-05-13,20250513100500000,sz.000968,6.6700,6.6700,6.6500,6.6600,179900,1197190.0000,3
2025-05-13,20250513101000000,sz.000968,6.6500,6.6600,6.6300,6.6300,155300,1032228.0000,3
2025-05-13,20250513101500000,sz.000968,6.6300,6.6400,6.6200,6.6400,194400,1288790.0000,3
2025-05-13,20250513102000000,sz.000968,6.6300,6.6500,6.6300,6.6500,79200,525672.0000,3
2025-05-13,20250513102500000,sz.000968,6.6400,6.6500,6.6300,6.6300,73200,486140.0000,3
2025-05-13,20250513103000000,sz.000968,6.6300,6.6500,6.6300,6.6400,109100,724206.0000,3
2025-05-13,20250513103500000,sz.000968,6.6400,6.6500,6.6400,6.6400,64700,429328.0000,3
2025-05-13,20250513104000000,sz.000968,6.6400,6.6500,6.6300,6.6400,63900,424260.0000,3
2025-05-13,20250513104500000,sz.000968,6.6400,6.6600,6.6300,6.6500,247700,1645548.0000,3
2025-05-13,20250513105000000,sz.000968,6.6500,6.6900,6.6500,6.6600,442200,2953196.0000,3
2025-05-13,20250513105500000,sz.000968,6.6500,6.6600,6.6500,6.6500,60100,399724.0000,3
2025-05-13,20250513110000000,sz.000968,6.6500,6.6600,6.6500,6.6500,25200,167600.0000,3
2025-05-13,20250513110500000,sz.000968,6.6500,6.6600,6.6400,6.6400,49600,329804.0000,3
2025-05-13,20250513111000000,sz.000968,6.6400,6.6600,6.6400,6.6400,148600,987504.0000,3
2025-05-13,20250513111500000,sz.000968,6.6400,6.6500,6.6300,6.6400,79800,529736.0000,3
2025-05-13,20250513112000000,sz.000968,6.6400,6.6500,6.6400,6.6400,58900,391372.0000,3
2025-05-13,20250513112500000,sz.000968,6.6400,6.6500,6.6300,6.6400,61200,406240.0000,3
2025-05-13,20250513113000000,sz.000968,6.6400,6.6400,6.6200,6.6300,108100,716968.0000,3
2025-05-13,20250513130500000,sz.000968,6.6300,6.6400,6.6200,6.6200,165000,1093084.0000,3
2025-05-13,20250513131000000,sz.000968,6.6200,6.6300,6.6200,6.6200,40500,268312.0000,3
2025-05-13,20250513131500000,sz.000968,6.6200,6.6400,6.6200,6.6400,66200,438964.0000,3
2025-05-13,20250513132000000,sz.000968,6.6300,6.6400,6.6300,6.6400,67000,444656.0000,3
2025-05-13,20250513132500000,sz.000968,6.6300,6.6400,6.6300,6.6400,27700,183716.0000,3
2025-05-13,20250513133000000,sz.000968,6.6300,6.6400,6.6200,6.6200,95400,632432.0000,3
2025-05-13,20250513133500000,sz.000968,6.6200,6.6300,6.6200,6.6200,28100,186148.0000,3
2025-05-13,20250513134000000,sz.000968,6.6300,6.6300,6.6200,6.6300,55600,368464.0000,3
2025-05-13,20250513134500000,sz.000968,6.6300,6.6300,6.6200,6.6200,145800,965576.0000,3
2025-05-13,20250513135000000,sz.000968,6.6200,6.6300,6.6200,6.6200,50000,331008.0000,3
2025-05-13,20250513135500000,sz.000968,6.6200,6.6300,6.6200,6.6200,70800,468740.0000,3
2025-05-13,20250513140000000,sz.000968,6.6300,6.6400,6.6200,6.6200,136000,900932.0000,3
2025-05-13,20250513140500000,sz.000968,6.6200,6.6300,6.6200,6.6200,18600,123192.0000,3
2025-05-13,20250513141000000,sz.000968,6.6200,6.6300,6.6200,6.6200,29000,192088.0000,3
2025-05-13,20250513141500000,sz.000968,6.6200,6.6300,6.6100,6.6300,95200,630224.0000,3
2025-05-13,20250513142000000,sz.000968,6.6200,6.6300,6.6100,6.6100,42500,281248.0000,3
2025-05-13,20250513142500000,sz.000968,6.6100,6.6200,6.6000,6.6100,215400,1423644.0000,3
2025-05-13,20250513143000000,sz.000968,6.6200,6.6200,6.6000,6.6200,76500,505876.0000,3
2025-05-13,20250513143500000,sz.000968,6.6100,6.6200,6.6100,6.6200,34300,227044.0000,3
2025-05-13,20250513144000000,sz.000968,6.6100,6.6200,6.6100,6.6100,135600,896588.0000,3
2025-05-13,20250513144500000,sz.000968,6.6100,6.6200,6.6000,6.6100,148700,984128.0000,3
2025-05-13,20250513145000000,sz.000968,6.6200,6.6300,6.6100,6.6200,188100,1245668.0000,3
2025-05-13,20250513145500000,sz.000968,6.6300,6.6300,6.6100,6.6200,233400,1545516.0000,3
2025-05-13,20250513150000000,sz.000968,6.6200,6.6300,6.6100,6.6200,119500,791340.0000,3
2025-05-14,20250514093500000,sz.000968,6.6300,6.6300,6.5800,6.6100,529200,3497401.0000,3
2025-05-14,20250514094000000,sz.000968,6.6000,6.6100,6.5700,6.5800,233500,1537592.0000,3
2025-05-14,20250514094500000,sz.000968,6.5800,6.5800,6.5600,6.5800,204200,1341779.0000,3
2025-05-14,20250514095000000,sz.000968,6.5700,6.5800,6.5600,6.5800,331600,2177086.0000,3
2025-05-14,20250514095500000,sz.000968,6.5800,6.5900,6.5500,6.5500,265100,1738885.0000,3
2025-05-14,20250514100000000,sz.000968,6.5500,6.5700,6.5500,6.5500,166500,1093090.0000,3
2025-05-14,20250514100500000,sz.000968,6.5500,6.5700,6.5500,6.5500,204200,1338724.0000,3
2025-05-14,20250514101000000,sz.000968,6.5500,6.5600,6.5400,6.5400,138300,905254.0000,3
2025-05-14,20250514101500000,sz.000968,6.5400,6.5500,6.5300,6.5400,224400,1466233.0000,3
2025-05-14,20250514102000000,sz.000968,6.5500,6.5600,6.5400,6.5500,176900,1158591.0000,3
2025-05-14,20250514102500000,sz.000968,6.5500,6.5500,6.5400,6.5400,176100,1151897.0000,3
2025-05-14,20250514103000000,sz.000968,6.5400,6.5500,6.5300,6.5500,350600,2292916.0000,3
2025-05-14,20250514103500000,sz.000968,6.5500,6.5600,6.5400,6.5500,313500,2054144.0000,3
2025-05-14,20250514104000000,sz.000968,6.5500,6.5500,6.5300,6.5500,159900,1046050.0000,3
2025-05-14,20250514104500000,sz.000968,6.5400,6.5500,6.5300,6.5400,347300,2269028.0000,3
2025-05-14,20250514105000000,sz.000968,6.5400,6.5400,6.5300,6.5400,242200,1583454.0000,3
2025-05-14,20250514105500000,sz.000968,6.5300,6.5400,6.5300,6.5400,28800,188240.0000,3
2025-05-14,20250514110000000,sz.000968,6.5300,6.5400,6.5200,6.5400,95700,624870.0000,3
2025-05-14,20250514110500000,sz.000968,6.5300,6.5400,6.5200,6.5400,215100,1404162.0000,3
2025-05-14,20250514111000000,sz.000968,6.5400,6.5500,6.5300,6.5500,112200,734164.0000,3
2025-05-14,20250514111500000,sz.000968,6.5500,6.5500,6.5300,6.5300,127500,834100.0000,3
2025-05-14,20250514112000000,sz.000968,6.5400,6.5600,6.5300,6.5500,67200,439832.0000,3
2025-05-14,20250514112500000,sz.000968,6.5500,6.5600,6.5400,6.5500,58800,385132.0000,3
2025-05-14,20250514113000000,sz.000968,6.5500,6.5500,6.5400,6.5500,20800,136184.0000,3
2025-05-14,20250514130500000,sz.000968,6.5500,6.5600,6.5500,6.5500,47700,312484.0000,3
2025-05-14,20250514131000000,sz.000968,6.5500,6.5600,6.5500,6.5600,56000,367286.0000,3
2025-05-14,20250514131500000,sz.000968,6.5600,6.5800,6.5600,6.5800,345500,2270118.0000,3
2025-05-14,20250514132000000,sz.000968,6.5800,6.6000,6.5700,6.6000,216600,1427248.0000,3
2025-05-14,20250514132500000,sz.000968,6.6000,6.6100,6.5900,6.6100,165700,1093048.0000,3
2025-05-14,20250514133000000,sz.000968,6.6000,6.6100,6.5800,6.5800,96900,639144.0000,3
2025-05-14,20250514133500000,sz.000968,6.5900,6.6000,6.5800,6.5900,106800,703352.0000,3
2025-05-14,20250514134000000,sz.000968,6.5900,6.6100,6.5900,6.6100,127900,844672.0000,3
2025-05-14,20250514134500000,sz.000968,6.6000,6.6200,6.6000,6.6200,390400,2581832.0000,3
2025-05-14,20250514135000000,sz.000968,6.6200,6.6200,6.5900,6.6000,269200,1778432.0000,3
2025-05-14,20250514135500000,sz.000968,6.6100,6.6300,6.6000,6.6300,447200,2958452.0000,3
2025-05-14,20250514140000000,sz.000968,6.6300,6.6500,6.6300,6.6400,366500,2433612.0000,3
2025-05-14,20250514140500000,sz.000968,6.6400,6.6600,6.6400,6.6500,322100,2142948.0000,3
2025-05-14,20250514141000000,sz.000968,6.6600,6.6700,6.6500,6.6600,383800,2554792.0000,3
2025-05-14,20250514141500000,sz.000968,6.6500,6.6700,6.6500,6.6700,197100,1313384.0000,3
2025-05-14,20250514142000000,sz.000968,6.6700,6.6800,6.6500,6.6700,229300,1528668.0000,3
2025-05-14,20250514142500000,sz.000968,6.6600,6.6800,6.6500,6.6800,88500,589856.0000,3
2025-05-14,20250514143000000,sz.000968,6.6800,6.6800,6.6600,6.6700,368800,2459776.0000,3
2025-05-14,20250514143500000,sz.000968,6.6800,6.6900,6.6600,6.6800,406500,2713984.0000,3
2025-05-14,20250514144000000,sz.000968,6.6800,6.7100,6.6700,6.7000,363400,2433084.0000,3
2025-05-14,20250514144500000,sz.000968,6.7000,6.7100,6.6900,6.7000,459500,3079876.0000,3
2025-05-14,20250514145000000,sz.000968,6.7100,6.7100,6.6900,6.6900,163900,1097912.0000,3
2025-05-14,20250514145500000,sz.000968,6.7000,6.7000,6.6800,6.6800,189600,1268384.0000,3
2025-05-14,20250514150000000,sz.000968,6.6900,6.6900,6.6800,6.6900,150800,1009072.0000,3
2025-05-15,20250515093500000,sz.000968,6.6700,6.6900,6.6500,6.6800,478900,3194944.0000,3
2025-05-15,20250515094000000,sz.000968,6.6800,6.6800,6.6500,6.6500,193500,1289992.0000,3
2025-05-15,20250515094500000,sz.000968,6.6600,6.7000,6.6500,6.6800,406200,2714835.0000,3
2025-05-15,20250515095000000,sz.000968,6.6700,6.6900,6.6700,6.6800,196200,1310782.0000,3
2025-05-15,20250515095500000,sz.000968,6.6700,6.7000,6.6700,6.7000,392600,2626554.0000,3
2025-05-15,20250515100000000,sz.000968,6.6900,6.6900,6.6700,6.6900,130000,868909.0000,3
2025-05-15,20250515100500000,sz.000968,6.6800,6.6900,6.6700,6.6800,54500,363872.0000,3
2025-05-15,20250515101000000,sz.000968,6.6800,6.6800,6.6600,6.6700,108000,720938.0000,3
2025-05-15,20250515101500000,sz.000968,6.6700,6.6700,6.6500,6.6600,109600,730094.0000,3
2025-05-15,20250515102000000,sz.000968,6.6500,6.6700,6.6500,6.6600,41200,274418.0000,3
2025-05-15,20250515102500000,sz.000968,6.6700,6.6800,6.6500,6.6600,175800,1171947.0000,3
2025-05-15,20250515103000000,sz.000968,6.6600,6.6900,6.6600,6.6800,202300,1348460.0000,3
2025-05-15,20250515103500000,sz.000968,6.6800,6.6800,6.6700,6.6700,77700,519023.0000,3
2025-05-15,20250515104000000,sz.000968,6.6800,6.6800,6.6600,6.6600,52500,350192.0000,3
2025-05-15,20250515104500000,sz.000968,6.6600,6.6700,6.6600,6.6700,75700,504270.0000,3
2025-05-15,20250515105000000,sz.000968,6.6600,6.6600,6.6600,6.6600,11000,73260.0000,3
2025-05-15,20250515105500000,sz.000968,6.6600,6.6700,6.6500,6.6600,48100,320348.0000,3
2025-05-15,20250515110000000,sz.000968,6.6600,6.6600,6.6300,6.6300,547000,3632586.0000,3
2025-05-15,20250515110500000,sz.000968,6.6400,6.6500,6.6300,6.6400,47800,317508.0000,3
2025-05-15,20250515111000000,sz.000968,6.6500,6.6500,6.6300,6.6300,205300,1363200.0000,3
2025-05-15,20250515111500000,sz.000968,6.6400,6.6400,6.6300,6.6400,26900,178518.0000,3
2025-05-15,20250515112000000,sz.000968,6.6300,6.6400,6.6200,6.6300,115000,762530.0000,3
2025-05-15,20250515112500000,sz.000968,6.6300,6.6400,6.6200,6.6200,68500,454384.0000,3
2025-05-15,20250515113000000,sz.000968,6.6300,6.6400,6.6200,6.6300,73300,485640.0000,3
2025-05-15,20250515130500000,sz.000968,6.6400,6.6500,6.6300,6.6400,67800,450510.0000,3
2025-05-15,20250515131000000,sz.000968,6.6400,6.6400,6.6300,6.6300,23000,152672.0000,3
2025-05-15,20250515131500000,sz.000968,6.6300,6.6400,6.6300,6.6400,47900,317654.0000,3
2025-05-15,20250515132000000,sz.000968,6.6400,6.6400,6.6300,6.6300,32100,213024.0000,3
2025-05-15,20250515132500000,sz.000968,6.6300,6.6400,6.6300,6.6300,18800,124718.0000,3
2025-05-15,20250515133000000,sz.000968,6.6300,6.6400,6.6200,6.6300,105500,699638.0000,3
2025-05-15,20250515133500000,sz.000968,6.6300,6.6400,6.6200,6.6300,64900,430142.0000,3
2025-05-15,20250515134000000,sz.000968,6.6300,6.6400,6.6200,6.6200,71500,474106.0000,3
2025-05-15,20250515134500000,sz.000968,6.6200,6.6400,6.6200,6.6300,60300,399716.0000,3
2025-05-15,20250515135000000,sz.000968,6.6200,6.6400,6.6200,6.6300,37200,246676.0000,3
2025-05-15,20250515135500000,sz.000968,6.6300,6.6300,6.6200,6.6200,48300,320044.0000,3
2025-05-15,20250515140000000,sz.000968,6.6300,6.6300,6.6200,6.6300,54800,363272.0000,3
2025-05-15,20250515140500000,sz.000968,6.6200,6.6300,6.6100,6.6200,95500,632404.0000,3
2025-05-15,20250515141000000,sz.000968,6.6200,6.6300,6.6100,6.6300,23300,154326.0000,3
2025-05-15,20250515141500000,sz.000968,6.6300,6.6400,6.6200,6.6300,75100,497866.0000,3
2025-05-15,20250515142000000,sz.000968,6.6300,6.6400,6.6200,6.6400,37700,249840.0000,3
2025-05-15,20250515142500000,sz.000968,6.6200,6.6400,6.6200,6.6400,90700,600870.0000,3
2025-05-15,20250515143000000,sz.000968,6.6300,6.6400,6.6200,6.6300,33400,221498.0000,3
2025-05-15,20250515143500000,sz.000968,6.6200,6.6300,6.6200,6.6300,36500,241888.0000,3
2025-05-15,20250515144000000,sz.000968,6.6300,6.6300,6.6200,6.6300,81700,541032.0000,3
2025-05-15,20250515144500000,sz.000968,6.6200,6.6300,6.6200,6.6200,62300,412702.0000,3
2025-05-15,20250515145000000,sz.000968,6.6200,6.6400,6.6100,6.6200,268700,1780826.0000,3
2025-05-15,20250515145500000,sz.000968,6.6200,6.6300,6.6100,6.6100,203900,1349876.0000,3
2025-05-15,20250515150000000,sz.000968,6.6200,6.6200,6.6100,6.6200,133400,882320.0000,3
2025-05-16,20250516093500000,sz.000968,6.6200,6.6700,6.6100,6.6500,482600,3203810.0000,3
2025-05-16,20250516094000000,sz.000968,6.6500,6.6600,6.6100,6.6200,201400,1335404.0000,3
2025-05-16,20250516094500000,sz.000968,6.6200,6.6400,6.6200,6.6200,159600,1058111.0000,3
2025-05-16,20250516095000000,sz.000968,6.6200,6.6500,6.6100,6.6100,265300,1758273.0000,3
2025-05-16,20250516095500000,sz.000968,6.6100,6.6300,6.6100,6.6200,117700,778770.0000,3
2025-05-16,20250516100000000,sz.000968,6.6200,6.6200,6.6000,6.6100,100100,661209.0000,3
2025-05-16,20250516100500000,sz.000968,6.6000,6.6100,6.6000,6.6000,26100,172402.0000,3
2025-05-16,20250516101000000,sz.000968,6.6000,6.6100,6.6000,6.6000,73500,485318.0000,3
2025-05-16,20250516101500000,sz.000968,6.5900,6.5900,6.5800,6.5800,213900,1409122.0000,3
2025-05-16,20250516102000000,sz.000968,6.5800,6.5900,6.5600,6.5700,154600,1016324.0000,3
2025-05-16,20250516102500000,sz.000968,6.5700,6.5700,6.5500,6.5600,306300,2010041.0000,3
2025-05-16,20250516103000000,sz.000968,6.5600,6.5700,6.5600,6.5700,39700,260490.0000,3
2025-05-16,20250516103500000,sz.000968,6.5600,6.5800,6.5600,6.5800,144100,945676.0000,3
2025-05-16,20250516104000000,sz.000968,6.5800,6.5800,6.5600,6.5700,38600,253504.0000,3
2025-05-16,20250516104500000,sz.000968,6.5700,6.5700,6.5600,6.5600,11200,73573.0000,3
2025-05-16,20250516105000000,sz.000968,6.5600,6.5700,6.5600,6.5600,48500,318255.0000,3
2025-05-16,20250516105500000,sz.000968,6.5600,6.5700,6.5500,6.5700,64800,424847.0000,3
2025-05-16,20250516110000000,sz.000968,6.5600,6.5700,6.5600,6.5700,116700,765911.0000,3
2025-05-16,20250516110500000,sz.000968,6.5700,6.5800,6.5600,6.5600,41400,271932.0000,3
2025-05-16,20250516111000000,sz.000968,6.5600,6.5700,6.5600,6.5700,58500,383820.0000,3
2025-05-16,20250516111500000,sz.000968,6.5700,6.5700,6.5600,6.5600,49600,325828.0000,3
2025-05-16,20250516112000000,sz.000968,6.5600,6.5700,6.5600,6.5600,34000,223148.0000,3
2025-05-16,20250516112500000,sz.000968,6.5700,6.5700,6.5500,6.5600,55200,362066.0000,3
2025-05-16,20250516113000000,sz.000968,6.5600,6.5600,6.5500,6.5500,45500,298374.0000,3
2025-05-16,20250516130500000,sz.000968,6.5600,6.5600,6.5400,6.5400,203600,1332496.0000,3
2025-05-16,20250516131000000,sz.000968,6.5400,6.5700,6.5400,6.5600,326800,2140204.0000,3
2025-05-16,20250516131500000,sz.000968,6.5500,6.5600,6.5500,6.5500,44600,292160.0000,3
2025-05-16,20250516132000000,sz.000968,6.5500,6.5700,6.5500,6.5700,84200,552430.0000,3
2025-05-16,20250516132500000,sz.000968,6.5700,6.5700,6.5600,6.5700,47200,310018.0000,3
2025-05-16,20250516133000000,sz.000968,6.5700,6.5700,6.5600,6.5600,45300,297530.0000,3
2025-05-16,20250516133500000,sz.000968,6.5600,6.6200,6.5600,6.6200,254700,1676850.0000,3
2025-05-16,20250516134000000,sz.000968,6.6200,6.6200,6.5800,6.6000,83600,552328.0000,3
2025-05-16,20250516134500000,sz.000968,6.6000,6.6000,6.5800,6.5900,41300,272176.0000,3
2025-05-16,20250516135000000,sz.000968,6.5900,6.5900,6.5800,6.5900,43800,288608.0000,3
2025-05-16,20250516135500000,sz.000968,6.5900,6.6000,6.5800,6.5900,26700,175980.0000,3
2025-05-16,20250516140000000,sz.000968,6.6000,6.6000,6.5900,6.6000,22900,151072.0000,3
2025-05-16,20250516140500000,sz.000968,6.6000,6.6000,6.5800,6.5900,132300,872040.0000,3
2025-05-16,20250516141000000,sz.000968,6.5900,6.6000,6.5800,6.5900,42500,279932.0000,3
2025-05-16,20250516141500000,sz.000968,6.5900,6.5900,6.5700,6.5800,63200,415892.0000,3
2025-05-16,20250516142000000,sz.000968,6.5900,6.5900,6.5800,6.5900,43900,289144.0000,3
2025-05-16,20250516142500000,sz.000968,6.5900,6.6000,6.5800,6.6000,62200,410064.0000,3
2025-05-16,20250516143000000,sz.000968,6.6000,6.6000,6.5800,6.5900,41900,276124.0000,3
2025-05-16,20250516143500000,sz.000968,6.5900,6.5900,6.5800,6.5800,59700,393188.0000,3
2025-05-16,20250516144000000,sz.000968,6.5800,6.6000,6.5700,6.6000,98100,645860.0000,3
2025-05-16,20250516144500000,sz.000968,6.6000,6.6000,6.5800,6.5800,181000,1193398.0000,3
2025-05-16,20250516145000000,sz.000968,6.5800,6.5900,6.5700,6.5700,95100,625886.0000,3
2025-05-16,20250516145500000,sz.000968,6.5800,6.5900,6.5700,6.5800,207600,1365468.0000,3
2025-05-16,20250516150000000,sz.000968,6.5800,6.5900,6.5700,6.5900,97500,641904.0000,3
2025-05-19,20250519093500000,sz.000968,6.5900,6.6200,6.5400,6.5500,382900,2517067.0000,3
2025-05-19,20250519094000000,sz.000968,6.5500,6.5800,6.5400,6.5500,171300,1123403.0000,3
2025-05-19,20250519094500000,sz.000968,6.5600,6.5600,6.5300,6.5400,199700,1306916.0000,3
2025-05-19,20250519095000000,sz.000968,6.5400,6.5600,6.5400,6.5600,173800,1140199.0000,3
2025-05-19,20250519095500000,sz.000968,6.5500,6.5700,6.5500,6.5600,130500,855590.0000,3
2025-05-19,20250519100000000,sz.000968,6.5600,6.5700,6.5500,6.5600,72900,478275.0000,3
2025-05-19,20250519100500000,sz.000968,6.5600,6.5700,6.5500,6.5500,73800,484085.0000,3
2025-05-19,20250519101000000,sz.000968,6.5500,6.5700,6.5500,6.5600,56300,369242.0000,3
2025-05-19,20250519101500000,sz.000968,6.5700,6.5800,6.5600,6.5700,74100,486713.0000,3
2025-05-19,20250519102000000,sz.000968,6.5700,6.5900,6.5700,6.5800,52600,346147.0000,3
2025-05-19,20250519102500000,sz.000968,6.5900,6.5900,6.5700,6.5800,73200,481786.0000,3
2025-05-19,20250519103000000,sz.000968,6.5800,6.5900,6.5700,6.5900,80700,530402.0000,3
2025-05-19,20250519103500000,sz.000968,6.5900,6.5900,6.5700,6.5700,36600,240813.0000,3
2025-05-19,20250519104000000,sz.000968,6.5700,6.5800,6.5700,6.5700,18700,122898.0000,3
2025-05-19,20250519104500000,sz.000968,6.5700,6.6000,6.5700,6.6000,208000,1368791.0000,3
2025-05-19,20250519105000000,sz.000968,6.5900,6.5900,6.5800,6.5800,120000,790264.0000,3
2025-05-19,20250519105500000,sz.000968,6.5800,6.6000,6.5800,6.6000,65500,432080.0000,3
2025-05-19,20250519110000000,sz.000968,6.6000,6.6000,6.5900,6.6000,243300,1605174.0000,3
2025-05-19,20250519110500000,sz.000968,6.5900,6.6200,6.5900,6.6200,55800,368458.0000,3
2025-05-19,20250519111000000,sz.000968,6.6000,6.6200,6.6000,6.6100,22800,150594.0000,3
2025-05-19,20250519111500000,sz.000968,6.6100,6.6200,6.6000,6.6100,44100,291543.0000,3
2025-05-19,20250519112000000,sz.000968,6.6000,6.6200,6.6000,6.6000,24400,161270.0000,3
2025-05-19,20250519112500000,sz.000968,6.6000,6.6100,6.6000,6.6100,14500,95840.0000,3
2025-05-19,20250519113000000,sz.000968,6.6000,6.6000,6.5900,6.5900,66400,438221.0000,3
2025-05-19,20250519130500000,sz.000968,6.5900,6.6000,6.5900,6.6000,20400,134571.0000,3
2025-05-19,20250519131000000,sz.000968,6.5900,6.6100,6.5900,6.6100,21600,142594.0000,3
2025-05-19,20250519131500000,sz.000968,6.6100,6.6100,6.5900,6.6000,74000,488338.0000,3
2025-05-19,20250519132000000,sz.000968,6.5900,6.6100,6.5900,6.5900,79400,523858.0000,3
2025-05-19,20250519132500000,sz.000968,6.6100,6.6100,6.5900,6.5900,35100,231624.0000,3
2025-05-19,20250519133000000,sz.000968,6.5900,6.6100,6.5900,6.5900,100900,665988.0000,3
2025-05-19,20250519133500000,sz.000968,6.6000,6.6300,6.6000,6.6300,184600,1220174.0000,3
2025-05-19,20250519134000000,sz.000968,6.6300,6.6400,6.6300,6.6300,190000,1260886.0000,3
2025-05-19,20250519134500000,sz.000968,6.6300,6.6300,6.6200,6.6200,32300,214040.0000,3
2025-05-19,20250519135000000,sz.000968,6.6200,6.6300,6.6200,6.6300,49600,328796.0000,3
2025-05-19,20250519135500000,sz.000968,6.6300,6.6400,6.6200,6.6300,58400,387048.0000,3
2025-05-19,20250519140000000,sz.000968,6.6300,6.6300,6.6100,6.6100,41800,276732.0000,3
2025-05-19,20250519140500000,sz.000968,6.6100,6.6200,6.6100,6.6200,25800,170620.0000,3
2025-05-19,20250519141000000,sz.000968,6.6100,6.6200,6.6000,6.6100,73600,486516.0000,3
2025-05-19,20250519141500000,sz.000968,6.6100,6.6200,6.6000,6.6100,49200,325212.0000,3
2025-05-19,20250519142000000,sz.000968,6.6100,6.6200,6.6000,6.6000,31300,206924.0000,3
2025-05-19,20250519142500000,sz.000968,6.6100,6.6200,6.6000,6.6000,50900,336076.0000,3
2025-05-19,20250519143000000,sz.000968,6.6000,6.6100,6.6000,6.6100,34300,226500.0000,3
2025-05-19,20250519143500000,sz.000968,6.6000,6.6100,6.6000,6.6100,30100,198832.0000,3
2025-05-19,20250519144000000,sz.000968,6.6000,6.6100,6.6000,6.6000,63600,420328.0000,3
2025-05-19,20250519144500000,sz.000968,6.6100,6.6200,6.6000,6.6000,57800,381876.0000,3
2025-05-19,20250519145000000,sz.000968,6.6000,6.6100,6.5900,6.6000,172100,1136392.0000,3
2025-05-19,20250519145500000,sz.000968,6.5900,6.6000,6.5900,6.5900,118700,782862.0000,3
2025-05-19,20250519150000000,sz.000968,6.5900,6.6000,6.5800,6.6000,79300,522902.0000,3
2025-05-20,20250520093500000,sz.000968,6.6000,6.6500,6.6000,6.6000,189400,1252974.0000,3
2025-05-20,20250520094000000,sz.000968,6.6000,6.6200,6.5900,6.6100,192800,1273089.0000,3
2025-05-20,20250520094500000,sz.000968,6.6000,6.6200,6.5800,6.5900,119500,788484.0000,3
2025-05-20,20250520095000000,sz.000968,6.5800,6.5800,6.5700,6.5700,151000,993447.0000,3
2025-05-20,20250520095500000,sz.000968,6.5800,6.5800,6.5600,6.5700,181900,1194784.0000,3
2025-05-20,20250520100000000,sz.000968,6.5700,6.5800,6.5600,6.5600,431900,2834465.0000,3
2025-05-20,20250520100500000,sz.000968,6.5700,6.5700,6.5600,6.5700,112500,738446.0000,3
2025-05-20,20250520101000000,sz.000968,6.5700,6.5800,6.5700,6.5800,27500,180905.0000,3
2025-05-20,20250520101500000,sz.000968,6.5700,6.5800,6.5700,6.5800,39300,258437.0000,3
2025-05-20,20250520102000000,sz.000968,6.5800,6.5800,6.5700,6.5700,89500,588854.0000,3
2025-05-20,20250520102500000,sz.000968,6.5700,6.5800,6.5600,6.5700,374100,2456470.0000,3
2025-05-20,20250520103000000,sz.000968,6.5600,6.5700,6.5600,6.5700,120700,792265.0000,3
2025-05-20,20250520103500000,sz.000968,6.5700,6.5800,6.5600,6.5700,40200,264018.0000,3
2025-05-20,20250520104000000,sz.000968,6.5600,6.5700,6.5500,6.5600,91600,601026.0000,3
2025-05-20,20250520104500000,sz.000968,6.5600,6.5600,6.5500,6.5600,54000,354218.0000,3
2025-05-20,20250520105000000,sz.000968,6.5600,6.5600,6.5500,6.5600,29500,193357.0000,3
2025-05-20,20250520105500000,sz.000968,6.5600,6.5700,6.5500,6.5500,167000,1094407.0000,3
2025-05-20,20250520110000000,sz.000968,6.5500,6.5600,6.5500,6.5600,28000,183554.0000,3
2025-05-20,20250520110500000,sz.000968,6.5600,6.5600,6.5500,6.5500,21900,143629.0000,3
2025-05-20,20250520111000000,sz.000968,6.5600,6.5600,6.5400,6.5600,252000,1650655.0000,3
2025-05-20,20250520111500000,sz.000968,6.5500,6.5600,6.5400,6.5600,50100,328136.0000,3
2025-05-20,20250520112000000,sz.000968,6.5600,6.5700,6.5500,6.5600,70400,461856.0000,3
2025-05-20,20250520112500000,sz.000968,6.5600,6.5700,6.5500,6.5600,24500,160738.0000,3
2025-05-20,20250520113000000,sz.000968,6.5600,6.5700,6.5600,6.5600,30800,202258.0000,3
2025-05-20,20250520130500000,sz.000968,6.5600,6.5700,6.5500,6.5600,70900,465160.0000,3
2025-05-20,20250520131000000,sz.000968,6.5700,6.5800,6.5600,6.5700,111500,732944.0000,3
2025-05-20,20250520131500000,sz.000968,6.5800,6.5800,6.5700,6.5800,29800,195926.0000,3
2025-05-20,20250520132000000,sz.000968,6.5700,6.5900,6.5600,6.5700,113200,743968.0000,3
2025-05-20,20250520132500000,sz.000968,6.5700,6.5800,6.5700,6.5800,82600,543154.0000,3
2025-05-20,20250520133000000,sz.000968,6.5800,6.5900,6.5600,6.5600,69800,458584.0000,3
2025-05-20,20250520133500000,sz.000968,6.5700,6.5800,6.5600,6.5700,37400,245618.0000,3
2025-05-20,20250520134000000,sz.000968,6.5800,6.5800,6.5700,6.5700,30300,199122.0000,3
2025-05-20,20250520134500000,sz.000968,6.5800,6.5800,6.5700,6.5700,83300,548084.0000,3
2025-05-20,20250520135000000,sz.000968,6.5700,6.5800,6.5700,6.5700,12000,78884.0000,3
2025-05-20,20250520135500000,sz.000968,6.5800,6.5800,6.5700,6.5800,18800,123604.0000,3
2025-05-20,20250520140000000,sz.000968,6.5800,6.5800,6.5600,6.5600,51500,338270.0000,3
2025-05-20,20250520140500000,sz.000968,6.5600,6.5700,6.5600,6.5700,72800,478040.0000,3
2025-05-20,20250520141000000,sz.000968,6.5700,6.5700,6.5600,6.5600,59000,387158.0000,3
2025-05-20,20250520141500000,sz.000968,6.5600,6.5800,6.5600,6.5800,39600,260476.0000,3
2025-05-20,20250520142000000,sz.000968,6.5700,6.5800,6.5600,6.5700,72900,479036.0000,3
2025-05-20,20250520142500000,sz.000968,6.5700,6.5800,6.5600,6.5800,35000,229960.0000,3
2025-05-20,20250520143000000,sz.000968,6.5700,6.5800,6.5700,6.5700,33600,220780.0000,3
2025-05-20,20250520143500000,sz.000968,6.5800,6.5800,6.5600,6.5700,68300,448752.0000,3
2025-05-20,20250520144000000,sz.000968,6.5600,6.5800,6.5600,6.5700,136700,898046.0000,3
2025-05-20,20250520144500000,sz.000968,6.5700,6.5800,6.5600,6.5700,123400,810290.0000,3
2025-05-20,20250520145000000,sz.000968,6.5600,6.5700,6.5600,6.5600,81200,532810.0000,3
2025-05-20,20250520145500000,sz.000968,6.5600,6.5700,6.5600,6.5700,120100,788234.0000,3
2025-05-20,20250520150000000,sz.000968,6.5700,6.5700,6.5600,6.5600,82100,538756.0000,3
2025-05-21,20250521093500000,sz.000968,6.5900,6.6200,6.5800,6.5900,416100,2744963.0000,3
2025-05-21,20250521094000000,sz.000968,6.6000,6.6100,6.5900,6.5900,182700,1205497.0000,3
2025-05-21,20250521094500000,sz.000968,6.6000,6.6200,6.5900,6.6000,211100,1394170.0000,3
2025-05-21,20250521095000000,sz.000968,6.6000,6.6000,6.5900,6.6000,250700,1652773.0000,3
2025-05-21,20250521095500000,sz.000968,6.5900,6.6000,6.5900,6.5900,112500,741402.0000,3
2025-05-21,20250521100000000,sz.000968,6.5800,6.6000,6.5700,6.5800,251600,1656129.0000,3
2025-05-21,20250521100500000,sz.000968,6.5800,6.6000,6.5700,6.5900,124400,819073.0000,3
2025-05-21,20250521101000000,sz.000968,6.5900,6.6000,6.5900,6.5900,103200,680876.0000,3
2025-05-21,20250521101500000,sz.000968,6.5900,6.6000,6.5800,6.5800,158000,1040496.0000,3
2025-05-21,20250521102000000,sz.000968,6.5800,6.5900,6.5800,6.5800,38200,251334.0000,3
2025-05-21,20250521102500000,sz.000968,6.5800,6.5900,6.5800,6.5800,128700,848079.0000,3
2025-05-21,20250521103000000,sz.000968,6.5800,6.6000,6.5800,6.5900,96400,635247.0000,3
2025-05-21,20250521103500000,sz.000968,6.6000,6.6000,6.5800,6.5900,86600,570739.0000,3
2025-05-21,20250521104000000,sz.000968,6.5900,6.5900,6.5800,6.5800,66500,437708.0000,3
2025-05-21,20250521104500000,sz.000968,6.5800,6.5900,6.5800,6.5800,162100,1066618.0000,3
2025-05-21,20250521105000000,sz.000968,6.5800,6.5800,6.5700,6.5700,23700,155807.0000,3
2025-05-21,20250521105500000,sz.000968,6.5800,6.5800,6.5700,6.5800,25200,165769.0000,3
2025-05-21,20250521110000000,sz.000968,6.5800,6.5900,6.5700,6.5800,139300,916848.0000,3
2025-05-21,20250521110500000,sz.000968,6.5900,6.5900,6.5800,6.5800,68800,452758.0000,3
2025-05-21,20250521111000000,sz.000968,6.5800,6.6000,6.5800,6.5800,129400,852694.0000,3
2025-05-21,20250521111500000,sz.000968,6.5900,6.5900,6.5800,6.5900,10600,69824.0000,3
2025-05-21,20250521112000000,sz.000968,6.5900,6.5900,6.5800,6.5900,12300,81008.0000,3
2025-05-21,20250521112500000,sz.000968,6.5900,6.6000,6.5800,6.5900,160600,1058532.0000,3
2025-05-21,20250521113000000,sz.000968,6.5800,6.6000,6.5800,6.5800,85600,564036.0000,3
2025-05-21,20250521130500000,sz.000968,6.5900,6.5900,6.5800,6.5900,35800,235838.0000,3
2025-05-21,20250521131000000,sz.000968,6.5800,6.5900,6.5800,6.5900,39500,260056.0000,3
2025-05-21,20250521131500000,sz.000968,6.5900,6.5900,6.5800,6.5900,73500,483794.0000,3
2025-05-21,20250521132000000,sz.000968,6.5800,6.5900,6.5800,6.5800,16900,111238.0000,3
2025-05-21,20250521132500000,sz.000968,6.5900,6.5900,6.5800,6.5900,28600,188470.0000,3
2025-05-21,20250521133000000,sz.000968,6.6000,6.6100,6.6000,6.6100,163500,1079396.0000,3
2025-05-21,20250521133500000,sz.000968,6.6100,6.6100,6.6000,6.6000,68500,452464.0000,3
2025-05-21,20250521134000000,sz.000968,6.6000,6.6000,6.5900,6.5900,37900,250020.0000,3
2025-05-21,20250521134500000,sz.000968,6.5900,6.5900,6.5800,6.5800,103400,680638.0000,3
2025-05-21,20250521135000000,sz.000968,6.5800,6.5800,6.5700,6.5700,48100,316374.0000,3
2025-05-21,20250521135500000,sz.000968,6.5700,6.5800,6.5700,6.5700,111500,732744.0000,3
2025-05-21,20250521140000000,sz.000968,6.5700,6.5800,6.5600,6.5600,123600,812060.0000,3
2025-05-21,20250521140500000,sz.000968,6.5700,6.5700,6.5600,6.5700,36500,239444.0000,3
2025-05-21,20250521141000000,sz.000968,6.5600,6.5700,6.5600,6.5600,28200,185156.0000,3
2025-05-21,20250521141500000,sz.000968,6.5600,6.5700,6.5600,6.5700,17300,113538.0000,3
2025-05-21,20250521142000000,sz.000968,6.5700,6.5700,6.5500,6.5700,214200,1404994.0000,3
2025-05-21,20250521142500000,sz.000968,6.5600,6.5700,6.5600,6.5700,38300,251376.0000,3
2025-05-21,20250521143000000,sz.000968,6.5600,6.5700,6.5600,6.5600,20700,135874.0000,3
2025-05-21,20250521143500000,sz.000968,6.5700,6.5800,6.5600,6.5800,165200,1085630.0000,3
2025-05-21,20250521144000000,sz.000968,6.5800,6.5900,6.5700,6.5800,86600,569768.0000,3
2025-05-21,20250521144500000,sz.000968,6.5800,6.5900,6.5700,6.5800,71500,470288.0000,3
2025-05-21,20250521145000000,sz.000968,6.5800,6.5800,6.5700,6.5800,100100,658126.0000,3
2025-05-21,20250521145500000,sz.000968,6.5700,6.5800,6.5600,6.5600,132600,870918.0000,3
2025-05-21,20250521150000000,sz.000968,6.5700,6.5800,6.5600,6.5700,138000,906292.0000,3
2025-05-22,20250522093500000,sz.000968,6.5800,6.5800,6.5400,6.5400,246000,1613428.0000,3
2025-05-22,20250522094000000,sz.000968,6.5500,6.5500,6.5100,6.5200,613200,3996524.0000,3
2025-05-22,20250522094500000,sz.000968,6.5200,6.5600,6.5200,6.5600,261900,1711137.0000,3
2025-05-22,20250522095000000,sz.000968,6.5600,6.5700,6.5500,6.5600,148500,973778.0000,3
2025-05-22,20250522095500000,sz.000968,6.5600,6.5600,6.5400,6.5500,129400,847499.0000,3
2025-05-22,20250522100000000,sz.000968,6.5400,6.5400,6.5300,6.5400,160800,1051141.0000,3
2025-05-22,20250522100500000,sz.000968,6.5300,6.5400,6.5300,6.5300,105400,688305.0000,3
2025-05-22,20250522101000000,sz.000968,6.5300,6.5300,6.5200,6.5200,77600,506330.0000,3
2025-05-22,20250522101500000,sz.000968,6.5200,6.5200,6.5000,6.5100,256100,1667799.0000,3
2025-05-22,20250522102000000,sz.000968,6.5000,6.5100,6.5000,6.5000,143200,932032.0000,3
2025-05-22,20250522102500000,sz.000968,6.5000,6.5100,6.5000,6.5000,100900,656194.0000,3
2025-05-22,20250522103000000,sz.000968,6.5000,6.5100,6.5000,6.5100,155300,1010051.0000,3
2025-05-22,20250522103500000,sz.000968,6.5100,6.5200,6.5000,6.5100,76200,496077.0000,3
2025-05-22,20250522104000000,sz.000968,6.5000,6.5100,6.5000,6.5000,45800,297787.0000,3
2025-05-22,20250522104500000,sz.000968,6.5000,6.5000,6.4800,6.4800,118000,766310.0000,3
2025-05-22,20250522105000000,sz.000968,6.4800,6.4900,6.4700,6.4700,108600,703630.0000,3
2025-05-22,20250522105500000,sz.000968,6.4800,6.4800,6.4700,6.4700,128900,833966.0000,3
2025-05-22,20250522110000000,sz.000968,6.4700,6.4900,6.4700,6.4800,123700,801308.0000,3
2025-05-22,20250522110500000,sz.000968,6.4700,6.4800,6.4700,6.4700,146300,947068.0000,3
2025-05-22,20250522111000000,sz.000968,6.4700,6.4700,6.4600,6.4700,96800,626286.0000,3
2025-05-22,20250522111500000,sz.000968,6.4700,6.4800,6.4700,6.4700,45000,291150.0000,3
2025-05-22,20250522112000000,sz.000968,6.4700,6.4800,6.4600,6.4800,77600,502472.0000,3
2025-05-22,20250522112500000,sz.000968,6.4800,6.4900,6.4800,6.4800,72100,467852.0000,3
2025-05-22,20250522113000000,sz.000968,6.4900,6.5000,6.4800,6.5000,40200,261046.0000,3
2025-05-22,20250522130500000,sz.000968,6.4900,6.5100,6.4900,6.5000,68400,444620.0000,3
2025-05-22,20250522131000000,sz.000968,6.5100,6.5200,6.5000,6.5100,231700,1507422.0000,3
2025-05-22,20250522131500000,sz.000968,6.5100,6.5200,6.5000,6.5200,29400,191392.0000,3
2025-05-22,20250522132000000,sz.000968,6.5100,6.5200,6.5000,6.5100,27600,179652.0000,3
2025-05-22,20250522132500000,sz.000968,6.5200,6.5200,6.5100,6.5100,60600,394508.0000,3
2025-05-22,20250522133000000,sz.000968,6.5100,6.5100,6.5000,6.5100,36700,238872.0000,3
2025-05-22,20250522133500000,sz.000968,6.5000,6.5100,6.5000,6.5000,7900,51408.0000,3
2025-05-22,20250522134000000,sz.000968,6.5000,6.5200,6.5000,6.5100,103300,672458.0000,3
2025-05-22,20250522134500000,sz.000968,6.5200,6.5200,6.5000,6.5000,59300,385870.0000,3
2025-05-22,20250522135000000,sz.000968,6.5100,6.5100,6.5000,6.5100,33100,215332.0000,3
2025-05-22,20250522135500000,sz.000968,6.5100,6.5100,6.5000,6.5000,25700,167164.0000,3
2025-05-22,20250522140000000,sz.000968,6.5100,6.5200,6.5100,6.5100,45000,293002.0000,3
2025-05-22,20250522140500000,sz.000968,6.5100,6.5200,6.5000,6.5100,35000,227874.0000,3
2025-05-22,20250522141000000,sz.000968,6.5100,6.5100,6.5000,6.5100,15100,98298.0000,3
2025-05-22,20250522141500000,sz.000968,6.5000,6.5100,6.4900,6.5000,110200,716282.0000,3
2025-05-22,20250522142000000,sz.000968,6.4900,6.5000,6.4900,6.4900,27200,176560.0000,3
2025-05-22,20250522142500000,sz.000968,6.5000,6.5100,6.4900,6.5100,53100,345064.0000,3
2025-05-22,20250522143000000,sz.000968,6.5100,6.5100,6.4900,6.4900,46800,303982.0000,3
2025-05-22,20250522143500000,sz.000968,6.5000,6.5100,6.4900,6.5000,85900,558346.0000,3
2025-05-22,20250522144000000,sz.000968,6.5100,6.5100,6.4900,6.5000,57700,375100.0000,3
2025-05-22,20250522144500000,sz.000968,6.5000,6.5000,6.4900,6.5000,48300,313800.0000,3
2025-05-22,20250522145000000,sz.000968,6.5000,6.5000,6.4900,6.4900,76300,495372.0000,3
2025-05-22,20250522145500000,sz.000968,6.5000,6.5000,6.4800,6.5000,124000,804288.0000,3
2025-05-22,20250522150000000,sz.000968,6.4900,6.5000,6.4800,6.5000,52300,339832.0000,3
2025-05-23,20250523093500000,sz.000968,6.5000,6.5200,6.4800,6.5100,267600,1739479.0000,3
2025-05-23,20250523094000000,sz.000968,6.5100,6.5300,6.5000,6.5100,148200,965467.0000,3
2025-05-23,20250523094500000,sz.000968,6.5100,6.5300,6.5000,6.5300,328100,2134695.0000,3
2025-05-23,20250523095000000,sz.000968,6.5200,6.5300,6.5100,6.5100,107400,699941.0000,3
2025-05-23,20250523095500000,sz.000968,6.5100,6.5300,6.5100,6.5200,150000,978229.0000,3
2025-05-23,20250523100000000,sz.000968,6.5300,6.5400,6.5200,6.5400,118800,776399.0000,3
2025-05-23,20250523100500000,sz.000968,6.5300,6.5500,6.5300,6.5500,265200,1734548.0000,3
2025-05-23,20250523101000000,sz.000968,6.5500,6.5500,6.5300,6.5300,90900,594157.0000,3
2025-05-23,20250523101500000,sz.000968,6.5300,6.5300,6.5100,6.5200,109500,714216.0000,3
2025-05-23,20250523102000000,sz.000968,6.5200,6.5200,6.5100,6.5100,73000,475819.0000,3
2025-05-23,20250523102500000,sz.000968,6.5100,6.5300,6.5000,6.5300,198300,1291838.0000,3
2025-05-23,20250523103000000,sz.000968,6.5300,6.5300,6.5200,6.5200,45800,299030.0000,3
2025-05-23,20250523103500000,sz.000968,6.5300,6.5400,6.5200,6.5200,37800,246609.0000,3
2025-05-23,20250523104000000,sz.000968,6.5200,6.5300,6.5100,6.5100,59400,387294.0000,3
2025-05-23,20250523104500000,sz.000968,6.5200,6.5200,6.5000,6.5000,74400,484320.0000,3
2025-05-23,20250523105000000,sz.000968,6.5100,6.5200,6.5000,6.5000,37900,246716.0000,3
2025-05-23,20250523105500000,sz.000968,6.5100,6.5100,6.5000,6.5000,55200,358910.0000,3
2025-05-23,20250523110000000,sz.000968,6.5000,6.5100,6.4900,6.4900,128400,834023.0000,3
2025-05-23,20250523110500000,sz.000968,6.4900,6.5200,6.4900,6.5000,461600,3001656.0000,3
2025-05-23,20250523111000000,sz.000968,6.5000,6.5100,6.4900,6.5000,87100,566234.0000,3
2025-05-23,20250523111500000,sz.000968,6.4900,6.5100,6.4900,6.4900,106400,691824.0000,3
2025-05-23,20250523112000000,sz.000968,6.5000,6.5000,6.4900,6.5000,17600,114324.0000,3
2025-05-23,20250523112500000,sz.000968,6.4900,6.5000,6.4900,6.5000,24000,155804.0000,3
2025-05-23,20250523113000000,sz.000968,6.4900,6.5000,6.4800,6.4800,157800,1023350.0000,3
2025-05-23,20250523130500000,sz.000968,6.4900,6.4900,6.4600,6.4600,163100,1055874.0000,3
2025-05-23,20250523131000000,sz.000968,6.4700,6.4800,6.4600,6.4700,166000,1074016.0000,3
2025-05-23,20250523131500000,sz.000968,6.4700,6.4800,6.4700,6.4800,41100,265960.0000,3
2025-05-23,20250523132000000,sz.000968,6.4700,6.4800,6.4700,6.4800,19700,127616.0000,3
2025-05-23,20250523132500000,sz.000968,6.4800,6.5000,6.4700,6.5000,154700,1003380.0000,3
2025-05-23,20250523133000000,sz.000968,6.5000,6.5000,6.4900,6.5000,7700,50036.0000,3
2025-05-23,20250523133500000,sz.000968,6.4900,6.4900,6.4800,6.4900,24200,157022.0000,3
2025-05-23,20250523134000000,sz.000968,6.4800,6.4900,6.4800,6.4900,23200,150284.0000,3
2025-05-23,20250523134500000,sz.000968,6.4800,6.4900,6.4800,6.4800,13600,88142.0000,3
2025-05-23,20250523135000000,sz.000968,6.4800,6.4900,6.4800,6.4900,98600,639104.0000,3
2025-05-23,20250523135500000,sz.000968,6.4800,6.4900,6.4800,6.4900,39400,255316.0000,3
2025-05-23,20250523140000000,sz.000968,6.4900,6.4900,6.4800,6.4800,46300,300430.0000,3
2025-05-23,20250523140500000,sz.000968,6.4800,6.4800,6.4600,6.4700,124500,805606.0000,3
2025-05-23,20250523141000000,sz.000968,6.4600,6.4600,6.4400,6.4400,162700,1050062.0000,3
2025-05-23,20250523141500000,sz.000968,6.4400,6.4500,6.4400,6.4400,83100,535254.0000,3
2025-05-23,20250523142000000,sz.000968,6.4400,6.4500,6.4300,6.4400,88500,569728.0000,3
2025-05-23,20250523142500000,sz.000968,6.4400,6.4500,6.4300,6.4400,384900,2476124.0000,3
2025-05-23,20250523143000000,sz.000968,6.4300,6.4400,6.4300,6.4300,76700,493352.0000,3
2025-05-23,20250523143500000,sz.000968,6.4200,6.4300,6.4100,6.4200,224700,1442160.0000,3
2025-05-23,20250523144000000,sz.000968,6.4200,6.4400,6.4200,6.4300,130400,838232.0000,3
2025-05-23,20250523144500000,sz.000968,6.4300,6.4500,6.4200,6.4500,264300,1700652.0000,3
2025-05-23,20250523145000000,sz.000968,6.4400,6.4500,6.4200,6.4200,147700,949096.0000,3
2025-05-23,20250523145500000,sz.000968,6.4200,6.4300,6.4100,6.4200,134500,863724.0000,3
2025-05-23,20250523150000000,sz.000968,6.4200,6.4300,6.4200,6.4200,120100,771484.0000,3
2025-05-26,20250526093500000,sz.000968,6.4400,6.4600,6.4200,6.4200,322000,2074770.0000,3
2025-05-26,20250526094000000,sz.000968,6.4200,6.4500,6.4200,6.4400,237400,1527615.0000,3
2025-05-26,20250526094500000,sz.000968,6.4400,6.4500,6.4300,6.4300,100800,648909.0000,3
2025-05-26,20250526095000000,sz.000968,6.4400,6.4600,6.4400,6.4500,157300,1014877.0000,3
2025-05-26,20250526095500000,sz.000968,6.4500,6.4600,6.4500,6.4500,70100,452502.0000,3
2025-05-26,20250526100000000,sz.000968,6.4500,6.4600,6.4500,6.4500,125300,809329.0000,3
2025-05-26,20250526100500000,sz.000968,6.4500,6.4700,6.4500,6.4600,86100,556628.0000,3
2025-05-26,20250526101000000,sz.000968,6.4700,6.4700,6.4500,6.4600,95500,616950.0000,3
2025-05-26,20250526101500000,sz.000968,6.4700,6.4700,6.4600,6.4700,75000,485146.0000,3
2025-05-26,20250526102000000,sz.000968,6.4700,6.4700,6.4600,6.4700,24300,157165.0000,3
2025-05-26,20250526102500000,sz.000968,6.4700,6.4700,6.4600,6.4700,29600,191387.0000,3
2025-05-26,20250526103000000,sz.000968,6.4700,6.4700,6.4500,6.4600,73700,476332.0000,3
2025-05-26,20250526103500000,sz.000968,6.4500,6.4700,6.4500,6.4700,71900,464536.0000,3
2025-05-26,20250526104000000,sz.000968,6.4700,6.4700,6.4500,6.4500,115900,748172.0000,3
2025-05-26,20250526104500000,sz.000968,6.4600,6.4600,6.4400,6.4400,113300,729944.0000,3
2025-05-26,20250526105000000,sz.000968,6.4400,6.4500,6.4300,6.4400,232600,1498082.0000,3
2025-05-26,20250526105500000,sz.000968,6.4400,6.4500,6.4300,6.4400,38800,249711.0000,3
2025-05-26,20250526110000000,sz.000968,6.4400,6.4400,6.4300,6.4400,19800,127428.0000,3
2025-05-26,20250526110500000,sz.000968,6.4300,6.4300,6.4200,6.4200,100400,645139.0000,3
2025-05-26,20250526111000000,sz.000968,6.4200,6.4300,6.4100,6.4300,69300,444964.0000,3
2025-05-26,20250526111500000,sz.000968,6.4200,6.4300,6.4200,6.4200,172200,1105972.0000,3
2025-05-26,20250526112000000,sz.000968,6.4200,6.4300,6.4100,6.4300,71000,456145.0000,3
2025-05-26,20250526112500000,sz.000968,6.4300,6.4300,6.3900,6.3900,323600,2074577.0000,3
2025-05-26,20250526113000000,sz.000968,6.4000,6.4100,6.4000,6.4100,26900,172336.0000,3
2025-05-26,20250526130500000,sz.000968,6.4000,6.4300,6.4000,6.4300,34200,219202.0000,3
2025-05-26,20250526131000000,sz.000968,6.4200,6.4300,6.4100,6.4200,39600,254404.0000,3
2025-05-26,20250526131500000,sz.000968,6.4100,6.4300,6.4100,6.4200,106300,683018.0000,3
2025-05-26,20250526132000000,sz.000968,6.4200,6.4300,6.4100,6.4100,43200,277344.0000,3
2025-05-26,20250526132500000,sz.000968,6.4100,6.4300,6.4000,6.4200,42400,272002.0000,3
2025-05-26,20250526133000000,sz.000968,6.4100,6.4200,6.3900,6.3900,133400,854374.0000,3
2025-05-26,20250526133500000,sz.000968,6.4000,6.4100,6.3900,6.4000,66600,426400.0000,3
2025-05-26,20250526134000000,sz.000968,6.4100,6.4200,6.4000,6.4100,81900,524812.0000,3
2025-05-26,20250526134500000,sz.000968,6.4100,6.4200,6.4000,6.4100,84500,542012.0000,3
2025-05-26,20250526135000000,sz.000968,6.4100,6.4200,6.4000,6.4200,30800,197478.0000,3
2025-05-26,20250526135500000,sz.000968,6.4200,6.4200,6.4100,6.4100,76400,489886.0000,3
2025-05-26,20250526140000000,sz.000968,6.4100,6.4200,6.4100,6.4100,95200,610248.0000,3
2025-05-26,20250526140500000,sz.000968,6.4100,6.4200,6.4100,6.4200,45300,290536.0000,3
2025-05-26,20250526141000000,sz.000968,6.4100,6.4200,6.4100,6.4200,31800,203994.0000,3
2025-05-26,20250526141500000,sz.000968,6.4100,6.4200,6.4000,6.4100,107000,685738.0000,3
2025-05-26,20250526142000000,sz.000968,6.4000,6.4100,6.4000,6.4100,21100,135206.0000,3
2025-05-26,20250526142500000,sz.000968,6.4000,6.4000,6.3900,6.4000,184500,1180404.0000,3
2025-05-26,20250526143000000,sz.000968,6.4000,6.4100,6.3900,6.4100,65100,416586.0000,3
2025-05-26,20250526143500000,sz.000968,6.4000,6.4200,6.4000,6.4200,73400,470488.0000,3
2025-05-26,20250526144000000,sz.000968,6.4100,6.4200,6.4000,6.4000,94800,607736.0000,3
2025-05-26,20250526144500000,sz.000968,6.4200,6.4200,6.4000,6.4100,77600,497100.0000,3
2025-05-26,20250526145000000,sz.000968,6.4100,6.4100,6.4000,6.4100,70500,451798.0000,3
2025-05-26,20250526145500000,sz.000968,6.4100,6.4200,6.4000,6.4200,192400,1232786.0000,3
2025-05-26,20250526150000000,sz.000968,6.4100,6.4200,6.4100,6.4100,114000,730932.0000,3
2025-05-27,20250527093500000,sz.000968,6.4000,6.4300,6.4000,6.4100,240200,1539430.0000,3
2025-05-27,20250527094000000,sz.000968,6.4100,6.4200,6.4000,6.4000,215200,1379411.0000,3
2025-05-27,20250527094500000,sz.000968,6.4100,6.4200,6.3800,6.3900,362600,2320931.0000,3
2025-05-27,20250527095000000,sz.000968,6.3800,6.4100,6.3800,6.4100,108400,693185.0000,3
2025-05-27,20250527095500000,sz.000968,6.4100,6.4300,6.4000,6.4200,166700,1069458.0000,3
2025-05-27,20250527100000000,sz.000968,6.4200,6.4300,6.4100,6.4100,106200,681411.0000,3
2025-05-27,20250527100500000,sz.000968,6.4100,6.4200,6.3900,6.3900,141200,904105.0000,3
2025-05-27,20250527101000000,sz.000968,6.4000,6.4000,6.3900,6.3900,50500,323088.0000,3
2025-05-27,20250527101500000,sz.000968,6.4000,6.4100,6.4000,6.4100,85400,546858.0000,3
2025-05-27,20250527102000000,sz.000968,6.4100,6.4100,6.3900,6.4000,70400,450565.0000,3
2025-05-27,20250527102500000,sz.000968,6.3900,6.4100,6.3900,6.4000,31100,199066.0000,3
2025-05-27,20250527103000000,sz.000968,6.4000,6.4200,6.4000,6.4200,266400,1709605.0000,3
2025-05-27,20250527103500000,sz.000968,6.4100,6.4300,6.4100,6.4200,90000,577798.0000,3
2025-05-27,20250527104000000,sz.000968,6.4200,6.4200,6.4100,6.4100,55200,353954.0000,3
2025-05-27,20250527104500000,sz.000968,6.4100,6.4200,6.4000,6.4100,108500,695671.0000,3
2025-05-27,20250527105000000,sz.000968,6.4000,6.4200,6.4000,6.4200,31700,203167.0000,3
2025-05-27,20250527105500000,sz.000968,6.4200,6.4300,6.4100,6.4200,221800,1423705.0000,3
2025-05-27,20250527110000000,sz.000968,6.4100,6.4200,6.4100,6.4200,38400,246518.0000,3
2025-05-27,20250527110500000,sz.000968,6.4100,6.4200,6.4000,6.4200,119300,764617.0000,3
2025-05-27,20250527111000000,sz.000968,6.4200,6.4200,6.4000,6.4000,45900,294232.0000,3
2025-05-27,20250527111500000,sz.000968,6.4000,6.4100,6.4000,6.4100,7800,49969.0000,3
2025-05-27,20250527112000000,sz.000968,6.4000,6.4100,6.3900,6.4000,81000,518230.0000,3
2025-05-27,20250527112500000,sz.000968,6.4000,6.4100,6.4000,6.4000,136700,874912.0000,3
2025-05-27,20250527113000000,sz.000968,6.4000,6.4100,6.4000,6.4000,26100,167230.0000,3
2025-05-27,20250527130500000,sz.000968,6.4000,6.4400,6.4000,6.4400,311700,2002656.0000,3
2025-05-27,20250527131000000,sz.000968,6.4400,6.4600,6.4400,6.4600,232200,1496802.0000,3
2025-05-27,20250527131500000,sz.000968,6.4500,6.4600,6.4500,6.4600,50600,326430.0000,3
2025-05-27,20250527132000000,sz.000968,6.4400,6.4500,6.4400,6.4400,27600,177940.0000,3
2025-05-27,20250527132500000,sz.000968,6.4400,6.4500,6.4300,6.4300,62400,401924.0000,3
2025-05-27,20250527133000000,sz.000968,6.4400,6.4400,6.4300,6.4300,23300,149982.0000,3
2025-05-27,20250527133500000,sz.000968,6.4400,6.4600,6.4300,6.4400,140300,904652.0000,3
2025-05-27,20250527134000000,sz.000968,6.4500,6.4500,6.4400,6.4500,15000,96674.0000,3
2025-05-27,20250527134500000,sz.000968,6.4500,6.4500,6.4400,6.4400,17300,111492.0000,3
2025-05-27,20250527135000000,sz.000968,6.4400,6.4400,6.4200,6.4300,103200,663990.0000,3
2025-05-27,20250527135500000,sz.000968,6.4300,6.4400,6.4300,6.4300,6800,43730.0000,3
2025-05-27,20250527140000000,sz.000968,6.4400,6.4400,6.4300,6.4300,29700,191230.0000,3
2025-05-27,20250527140500000,sz.000968,6.4300,6.4500,6.4300,6.4500,75300,485174.0000,3
2025-05-27,20250527141000000,sz.000968,6.4500,6.4500,6.4400,6.4500,7300,47044.0000,3
2025-05-27,20250527141500000,sz.000968,6.4400,6.4600,6.4400,6.4600,57800,372756.0000,3
2025-05-27,20250527142000000,sz.000968,6.4400,6.4600,6.4400,6.4500,34600,223342.0000,3
2025-05-27,20250527142500000,sz.000968,6.4600,6.4600,6.4400,6.4400,146800,946376.0000,3
2025-05-27,20250527143000000,sz.000968,6.4400,6.4500,6.4400,6.4500,134800,868206.0000,3
2025-05-27,20250527143500000,sz.000968,6.4500,6.4500,6.4300,6.4400,78700,506852.0000,3
2025-05-27,20250527144000000,sz.000968,6.4400,6.4500,6.4300,6.4500,56000,360796.0000,3
2025-05-27,20250527144500000,sz.000968,6.4400,6.4500,6.4300,6.4300,44700,287804.0000,3
2025-05-27,20250527145000000,sz.000968,6.4400,6.4500,6.4300,6.4500,67200,433010.0000,3
2025-05-27,20250527145500000,sz.000968,6.4500,6.4600,6.4400,6.4500,196500,1268242.0000,3
2025-05-27,20250527150000000,sz.000968,6.4500,6.4600,6.4500,6.4500,51700,333970.0000,3
2025-05-28,20250528093500000,sz.000968,6.4500,6.4700,6.4500,6.4500,231800,1497721.0000,3
2025-05-28,20250528094000000,sz.000968,6.4500,6.4800,6.4500,6.4700,168300,1087372.0000,3
2025-05-28,20250528094500000,sz.000968,6.4700,6.5300,6.4700,6.5200,601700,3913896.0000,3
2025-05-28,20250528095000000,sz.000968,6.5200,6.5200,6.4800,6.4900,94700,614936.0000,3
2025-05-28,20250528095500000,sz.000968,6.4800,6.4900,6.4700,6.4900,158100,1024601.0000,3
2025-05-28,20250528100000000,sz.000968,6.4800,6.4900,6.4700,6.4800,81100,525407.0000,3
2025-05-28,20250528100500000,sz.000968,6.4800,6.4900,6.4700,6.4700,112200,726371.0000,3
2025-05-28,20250528101000000,sz.000968,6.4700,6.4700,6.4600,6.4600,82100,530723.0000,3
2025-05-28,20250528101500000,sz.000968,6.4600,6.4600,6.4500,6.4600,47900,309220.0000,3
2025-05-28,20250528102000000,sz.000968,6.4500,6.4600,6.4500,6.4500,33700,217440.0000,3
2025-05-28,20250528102500000,sz.000968,6.4500,6.4600,6.4500,6.4500,71500,461635.0000,3
2025-05-28,20250528103000000,sz.000968,6.4600,6.4600,6.4500,6.4600,98000,632837.0000,3
2025-05-28,20250528103500000,sz.000968,6.4600,6.4700,6.4500,6.4700,50400,325499.0000,3
2025-05-28,20250528104000000,sz.000968,6.4600,6.4700,6.4600,6.4700,20800,134492.0000,3
2025-05-28,20250528104500000,sz.000968,6.4700,6.4700,6.4500,6.4600,103800,670573.0000,3
2025-05-28,20250528105000000,sz.000968,6.4600,6.4700,6.4600,6.4700,30100,194609.0000,3
2025-05-28,20250528105500000,sz.000968,6.4700,6.4700,6.4600,6.4600,13900,89884.0000,3
2025-05-28,20250528110000000,sz.000968,6.4700,6.4700,6.4600,6.4700,70000,452292.0000,3
2025-05-28,20250528110500000,sz.000968,6.4600,6.4700,6.4500,6.4500,69800,450999.0000,3
2025-05-28,20250528111000000,sz.000968,6.4600,6.4600,6.4500,6.4500,87100,562043.0000,3
2025-05-28,20250528111500000,sz.000968,6.4500,6.4500,6.4400,6.4500,31500,203118.0000,3
2025-05-28,20250528112000000,sz.000968,6.4500,6.4700,6.4400,6.4500,101000,651682.0000,3
2025-05-28,20250528112500000,sz.000968,6.4500,6.4600,6.4400,6.4600,60700,391305.0000,3
2025-05-28,20250528113000000,sz.000968,6.4600,6.4700,6.4500,6.4600,39600,255832.0000,3
2025-05-28,20250528130500000,sz.000968,6.4700,6.4800,6.4600,6.4800,69800,451370.0000,3
2025-05-28,20250528131000000,sz.000968,6.4800,6.4900,6.4700,6.4900,61000,395329.0000,3
2025-05-28,20250528131500000,sz.000968,6.4900,6.4900,6.4700,6.4800,147100,953178.0000,3
2025-05-28,20250528132000000,sz.000968,6.4800,6.4900,6.4800,6.4900,11300,73276.0000,3
2025-05-28,20250528132500000,sz.000968,6.4900,6.5000,6.4800,6.4900,164300,1066244.0000,3
2025-05-28,20250528133000000,sz.000968,6.5000,6.5000,6.4900,6.5000,43000,279456.0000,3
2025-05-28,20250528133500000,sz.000968,6.4900,6.5000,6.4800,6.4800,104400,677444.0000,3
2025-05-28,20250528134000000,sz.000968,6.4800,6.4900,6.4700,6.4800,36100,233792.0000,3
2025-05-28,20250528134500000,sz.000968,6.4700,6.4800,6.4700,6.4800,42100,272480.0000,3
2025-05-28,20250528135000000,sz.000968,6.4700,6.4800,6.4700,6.4800,34300,221970.0000,3
2025-05-28,20250528135500000,sz.000968,6.4700,6.4800,6.4700,6.4800,68800,445770.0000,3
2025-05-28,20250528140000000,sz.000968,6.4800,6.4800,6.4700,6.4700,66100,428012.0000,3
2025-05-28,20250528140500000,sz.000968,6.4700,6.4700,6.4600,6.4700,82000,530148.0000,3
2025-05-28,20250528141000000,sz.000968,6.4700,6.4800,6.4600,6.4700,34300,221928.0000,3
2025-05-28,20250528141500000,sz.000968,6.4700,6.4800,6.4600,6.4700,88000,569548.0000,3
2025-05-28,20250528142000000,sz.000968,6.4700,6.4700,6.4600,6.4700,19000,122828.0000,3
2025-05-28,20250528142500000,sz.000968,6.4600,6.4700,6.4600,6.4600,64800,418660.0000,3
2025-05-28,20250528143000000,sz.000968,6.4600,6.4700,6.4600,6.4600,201000,1298106.0000,3
2025-05-28,20250528143500000,sz.000968,6.4500,6.4700,6.4500,6.4600,83600,540186.0000,3
2025-05-28,20250528144000000,sz.000968,6.4600,6.4700,6.4600,6.4600,180000,1163716.0000,3
2025-05-28,20250528144500000,sz.000968,6.4600,6.4700,6.4500,6.4500,163500,1056256.0000,3
2025-05-28,20250528145000000,sz.000968,6.4600,6.4600,6.4400,6.4600,97600,629912.0000,3
2025-05-28,20250528145500000,sz.000968,6.4600,6.4700,6.4500,6.4500,150600,972804.0000,3
2025-05-28,20250528150000000,sz.000968,6.4600,6.4700,6.4500,6.4600,46800,302478.0000,3
2025-05-29,20250529093500000,sz.000968,6.4600,6.4700,6.4300,6.4300,191200,1233193.0000,3
2025-05-29,20250529094000000,sz.000968,6.4300,6.4500,6.4200,6.4500,184300,1186003.0000,3
2025-05-29,20250529094500000,sz.000968,6.4500,6.4700,6.4300,6.4600,120600,778369.0000,3
2025-05-29,20250529095000000,sz.000968,6.4700,6.4900,6.4600,6.4700,204100,1322023.0000,3
2025-05-29,20250529095500000,sz.000968,6.4700,6.4900,6.4700,6.4900,147700,957228.0000,3
2025-05-29,20250529100000000,sz.000968,6.4700,6.4900,6.4500,6.4700,263300,1702364.0000,3
2025-05-29,20250529100500000,sz.000968,6.4800,6.4800,6.4600,6.4600,109800,710181.0000,3
2025-05-29,20250529101000000,sz.000968,6.4700,6.4700,6.4500,6.4500,104300,673946.0000,3
2025-05-29,20250529101500000,sz.000968,6.4600,6.4800,6.4500,6.4700,100700,651879.0000,3
2025-05-29,20250529102000000,sz.000968,6.4800,6.4900,6.4600,6.4700,64200,415723.0000,3
2025-05-29,20250529102500000,sz.000968,6.4700,6.4800,6.4600,6.4600,86600,560183.0000,3
2025-05-29,20250529103000000,sz.000968,6.4700,6.4800,6.4600,6.4700,96800,626249.0000,3
2025-05-29,20250529103500000,sz.000968,6.4700,6.4800,6.4600,6.4700,61300,396611.0000,3
2025-05-29,20250529104000000,sz.000968,6.4700,6.4800,6.4600,6.4700,121600,786672.0000,3
2025-05-29,20250529104500000,sz.000968,6.4600,6.4800,6.4600,6.4800,347700,2250251.0000,3
2025-05-29,20250529105000000,sz.000968,6.4700,6.4900,6.4600,6.4800,515500,3337735.0000,3
2025-05-29,20250529105500000,sz.000968,6.4800,6.4900,6.4700,6.4800,633100,4099508.0000,3
2025-05-29,20250529110000000,sz.000968,6.4800,6.4800,6.4700,6.4700,163300,1057558.0000,3
2025-05-29,20250529110500000,sz.000968,6.4800,6.4800,6.4700,6.4700,230400,1490904.0000,3
2025-05-29,20250529111000000,sz.000968,6.4800,6.4900,6.4700,6.4800,102700,665476.0000,3
2025-05-29,20250529111500000,sz.000968,6.4800,6.4800,6.4700,6.4800,262700,1699752.0000,3
2025-05-29,20250529112000000,sz.000968,6.4700,6.4800,6.4700,6.4700,74800,484004.0000,3
2025-05-29,20250529112500000,sz.000968,6.4700,6.4800,6.4700,6.4800,6800,44040.0000,3
2025-05-29,20250529113000000,sz.000968,6.4700,6.4800,6.4700,6.4800,50900,329560.0000,3
2025-05-29,20250529130500000,sz.000968,6.4700,6.4800,6.4600,6.4700,191600,1239732.0000,3
2025-05-29,20250529131000000,sz.000968,6.4700,6.4800,6.4700,6.4800,41600,269356.0000,3
2025-05-29,20250529131500000,sz.000968,6.4800,6.4800,6.4700,6.4700,86300,558596.0000,3
2025-05-29,20250529132000000,sz.000968,6.4800,6.4800,6.4700,6.4800,27200,176174.0000,3
2025-05-29,20250529132500000,sz.000968,6.4800,6.4800,6.4600,6.4700,223300,1444646.0000,3
2025-05-29,20250529133000000,sz.000968,6.4700,6.4800,6.4600,6.4700,75700,489704.0000,3
2025-05-29,20250529133500000,sz.000968,6.4700,6.4700,6.4600,6.4700,21300,137726.0000,3
2025-05-29,20250529134000000,sz.000968,6.4600,6.4600,6.4500,6.4500,258200,1667832.0000,3
2025-05-29,20250529134500000,sz.000968,6.4600,6.4700,6.4500,6.4600,103000,665322.0000,3
2025-05-29,20250529135000000,sz.000968,6.4600,6.4700,6.4600,6.4700,24800,160316.0000,3
2025-05-29,20250529135500000,sz.000968,6.4600,6.4700,6.4500,6.4500,191500,1237100.0000,3
2025-05-29,20250529140000000,sz.000968,6.4500,6.4700,6.4500,6.4700,73100,472236.0000,3
2025-05-29,20250529140500000,sz.000968,6.4600,6.4700,6.4500,6.4600,39400,254540.0000,3
2025-05-29,20250529141000000,sz.000968,6.4600,6.4600,6.4500,6.4500,28200,182020.0000,3
2025-05-29,20250529141500000,sz.000968,6.4600,6.4700,6.4500,6.4600,102900,664652.0000,3
2025-05-29,20250529142000000,sz.000968,6.4600,6.4700,6.4500,6.4600,70100,452808.0000,3
2025-05-29,20250529142500000,sz.000968,6.4600,6.4600,6.4500,6.4600,52300,337788.0000,3
2025-05-29,20250529143000000,sz.000968,6.4500,6.4600,6.4500,6.4600,93100,601264.0000,3
2025-05-29,20250529143500000,sz.000968,6.4600,6.4700,6.4500,6.4700,103000,665064.0000,3
2025-05-29,20250529144000000,sz.000968,6.4600,6.4700,6.4600,6.4600,120200,776860.0000,3
2025-05-29,20250529144500000,sz.000968,6.4600,6.4800,6.4600,6.4600,728300,4709452.0000,3
2025-05-29,20250529145000000,sz.000968,6.4700,6.4700,6.4500,6.4600,98700,637700.0000,3
2025-05-29,20250529145500000,sz.000968,6.4600,6.4700,6.4600,6.4700,170200,1100548.0000,3
2025-05-29,20250529150000000,sz.000968,6.4700,6.4700,6.4600,6.4600,147700,954608.0000,3
2025-05-30,20250530093500000,sz.000968,6.4300,6.4700,6.4300,6.4300,263400,1699363.0000,3
2025-05-30,20250530094000000,sz.000968,6.4300,6.4600,6.4200,6.4400,389000,2505107.0000,3
2025-05-30,20250530094500000,sz.000968,6.4400,6.4600,6.4400,6.4500,128500,829081.0000,3
2025-05-30,20250530095000000,sz.000968,6.4500,6.4600,6.4500,6.4600,83700,540074.0000,3
2025-05-30,20250530095500000,sz.000968,6.4500,6.4600,6.4400,6.4500,114200,736606.0000,3
2025-05-30,20250530100000000,sz.000968,6.4500,6.4600,6.4400,6.4400,74100,477943.0000,3
2025-05-30,20250530100500000,sz.000968,6.4500,6.4600,6.4400,6.4500,189100,1220060.0000,3
2025-05-30,20250530101000000,sz.000968,6.4500,6.4700,6.4500,6.4600,173800,1122711.0000,3
2025-05-30,20250530101500000,sz.000968,6.4500,6.4600,6.4400,6.4500,142900,921736.0000,3
2025-05-30,20250530102000000,sz.000968,6.4500,6.4600,6.4500,6.4500,90500,583847.0000,3
2025-05-30,20250530102500000,sz.000968,6.4500,6.4600,6.4500,6.4600,46300,298782.0000,3
2025-05-30,20250530103000000,sz.000968,6.4600,6.4600,6.4400,6.4400,82200,530360.0000,3
2025-05-30,20250530103500000,sz.000968,6.4500,6.4500,6.4400,6.4400,111300,717026.0000,3
2025-05-30,20250530104000000,sz.000968,6.4500,6.4600,6.4400,6.4500,129500,834999.0000,3
2025-05-30,20250530104500000,sz.000968,6.4500,6.4700,6.4500,6.4600,164300,1062106.0000,3
2025-05-30,20250530105000000,sz.000968,6.4700,6.4800,6.4600,6.4700,128600,831577.0000,3
2025-05-30,20250530105500000,sz.000968,6.4800,6.4800,6.4600,6.4600,132200,855637.0000,3
2025-05-30,20250530110000000,sz.000968,6.4700,6.4700,6.4600,6.4600,29700,191989.0000,3
2025-05-30,20250530110500000,sz.000968,6.4700,6.4700,6.4600,6.4600,100500,650155.0000,3
2025-05-30,20250530111000000,sz.000968,6.4600,6.4700,6.4600,6.4700,20900,135110.0000,3
2025-05-30,20250530111500000,sz.000968,6.4600,6.4700,6.4500,6.4500,140300,906245.0000,3
2025-05-30,20250530112000000,sz.000968,6.4600,6.4800,6.4600,6.4700,133900,866142.0000,3
2025-05-30,20250530112500000,sz.000968,6.4600,6.4700,6.4600,6.4600,53600,346580.0000,3
2025-05-30,20250530113000000,sz.000968,6.4700,6.4800,6.4600,6.4800,149400,967170.0000,3
2025-05-30,20250530130500000,sz.000968,6.4900,6.4900,6.4700,6.4700,224400,1454194.0000,3
2025-05-30,20250530131000000,sz.000968,6.4800,6.4800,6.4600,6.4600,218100,1410932.0000,3
2025-05-30,20250530131500000,sz.000968,6.4700,6.4700,6.4600,6.4700,57900,374132.0000,3
2025-05-30,20250530132000000,sz.000968,6.4700,6.4700,6.4600,6.4600,37100,239878.0000,3
2025-05-30,20250530132500000,sz.000968,6.4700,6.4700,6.4600,6.4700,23700,153270.0000,3
2025-05-30,20250530133000000,sz.000968,6.4600,6.4700,6.4600,6.4700,63700,411728.0000,3
2025-05-30,20250530133500000,sz.000968,6.4600,6.4800,6.4600,6.4600,82600,534480.0000,3
2025-05-30,20250530134000000,sz.000968,6.4700,6.4700,6.4600,6.4700,27400,177224.0000,3
2025-05-30,20250530134500000,sz.000968,6.4700,6.4700,6.4600,6.4700,35600,230212.0000,3
2025-05-30,20250530135000000,sz.000968,6.4700,6.4700,6.4600,6.4600,127000,820568.0000,3
2025-05-30,20250530135500000,sz.000968,6.4600,6.4700,6.4600,6.4600,26600,171916.0000,3
2025-05-30,20250530140000000,sz.000968,6.4600,6.4700,6.4600,6.4700,104500,675296.0000,3
2025-05-30,20250530140500000,sz.000968,6.4700,6.4700,6.4600,6.4700,72800,470332.0000,3
2025-05-30,20250530141000000,sz.000968,6.4600,6.4700,6.4600,6.4600,51900,335304.0000,3
2025-05-30,20250530141500000,sz.000968,6.4600,6.4600,6.4400,6.4500,123700,797980.0000,3
2025-05-30,20250530142000000,sz.000968,6.4400,6.4600,6.4400,6.4600,44700,288444.0000,3
2025-05-30,20250530142500000,sz.000968,6.4500,6.4500,6.4400,6.4400,164900,1063384.0000,3
2025-05-30,20250530143000000,sz.000968,6.4400,6.4500,6.4400,6.4400,57000,367352.0000,3
2025-05-30,20250530143500000,sz.000968,6.4500,6.4500,6.4400,6.4500,38200,246198.0000,3
2025-05-30,20250530144000000,sz.000968,6.4400,6.4500,6.4300,6.4400,168700,1086374.0000,3
2025-05-30,20250530144500000,sz.000968,6.4300,6.4500,6.4300,6.4500,173900,1120028.0000,3
2025-05-30,20250530145000000,sz.000968,6.4500,6.4500,6.4400,6.4400,91400,588828.0000,3
2025-05-30,20250530145500000,sz.000968,6.4500,6.4500,6.4400,6.4400,63100,406492.0000,3
2025-05-30,20250530150000000,sz.000968,6.4500,6.4500,6.4400,6.4400,205000,1320968.0000,3
2025-06-03,20250603093500000,sz.000968,6.4300,6.4600,6.4100,6.4200,442300,2846383.0000,3
2025-06-03,20250603094000000,sz.000968,6.4100,6.4400,6.4100,6.4400,250600,1609761.0000,3
2025-06-03,20250603094500000,sz.000968,6.4400,6.4400,6.4100,6.4300,234600,1507154.0000,3
2025-06-03,20250603095000000,sz.000968,6.4300,6.4500,6.4200,6.4500,235300,1513589.0000,3
2025-06-03,20250603095500000,sz.000968,6.4400,6.4600,6.4400,6.4600,101000,651780.0000,3
2025-06-03,20250603100000000,sz.000968,6.4600,6.4600,6.4400,6.4500,175100,1129999.0000,3
2025-06-03,20250603100500000,sz.000968,6.4600,6.4600,6.4500,6.4500,105100,678610.0000,3
2025-06-03,20250603101000000,sz.000968,6.4500,6.4600,6.4400,6.4600,154100,994528.0000,3
2025-06-03,20250603101500000,sz.000968,6.4600,6.4700,6.4400,6.4400,136900,883648.0000,3
2025-06-03,20250603102000000,sz.000968,6.4400,6.4500,6.4400,6.4500,81900,528041.0000,3
2025-06-03,20250603102500000,sz.000968,6.4600,6.4700,6.4400,6.4500,289000,1866127.0000,3
2025-06-03,20250603103000000,sz.000968,6.4400,6.4500,6.4400,6.4500,80500,518650.0000,3
2025-06-03,20250603103500000,sz.000968,6.4400,6.4500,6.4300,6.4400,146800,945732.0000,3
2025-06-03,20250603104000000,sz.000968,6.4400,6.4500,6.4300,6.4400,67800,436521.0000,3
2025-06-03,20250603104500000,sz.000968,6.4400,6.4500,6.4400,6.4500,55600,358429.0000,3
2025-06-03,20250603105000000,sz.000968,6.4500,6.4500,6.4400,6.4400,41600,268091.0000,3
2025-06-03,20250603105500000,sz.000968,6.4500,6.4500,6.4400,6.4400,119700,770973.0000,3
2025-06-03,20250603110000000,sz.000968,6.4400,6.4500,6.4300,6.4300,72200,464794.0000,3
2025-06-03,20250603110500000,sz.000968,6.4400,6.4500,6.4300,6.4500,62000,399146.0000,3
2025-06-03,20250603111000000,sz.000968,6.4400,6.4500,6.4300,6.4500,66200,426340.0000,3
2025-06-03,20250603111500000,sz.000968,6.4400,6.4500,6.4300,6.4500,62100,400204.0000,3
2025-06-03,20250603112000000,sz.000968,6.4500,6.4600,6.4400,6.4500,51800,333900.0000,3
2025-06-03,20250603112500000,sz.000968,6.4500,6.4600,6.4400,6.4500,89400,576524.0000,3
2025-06-03,20250603113000000,sz.000968,6.4600,6.4600,6.4500,6.4500,51900,334820.0000,3
2025-06-03,20250603130500000,sz.000968,6.4600,6.4600,6.4400,6.4400,213900,1378860.0000,3
2025-06-03,20250603131000000,sz.000968,6.4500,6.4600,6.4400,6.4500,63800,411382.0000,3
2025-06-03,20250603131500000,sz.000968,6.4500,6.4600,6.4500,6.4600,104600,675378.0000,3
2025-06-03,20250603132000000,sz.000968,6.4600,6.4700,6.4600,6.4700,51000,329612.0000,3
2025-06-03,20250603132500000,sz.000968,6.4700,6.4700,6.4600,6.4600,107600,695212.0000,3
2025-06-03,20250603133000000,sz.000968,6.4600,6.4700,6.4600,6.4600,59100,381986.0000,3
2025-06-03,20250603133500000,sz.000968,6.4700,6.4700,6.4600,6.4700,87300,564066.0000,3
2025-06-03,20250603134000000,sz.000968,6.4600,6.4700,6.4500,6.4700,60600,391480.0000,3
2025-06-03,20250603134500000,sz.000968,6.4600,6.4700,6.4600,6.4700,84300,545110.0000,3
2025-06-03,20250603135000000,sz.000968,6.4700,6.4700,6.4600,6.4700,59700,386130.0000,3
2025-06-03,20250603135500000,sz.000968,6.4700,6.4800,6.4600,6.4800,236200,1529318.0000,3
2025-06-03,20250603140000000,sz.000968,6.4700,6.4800,6.4700,6.4700,69400,449370.0000,3
2025-06-03,20250603140500000,sz.000968,6.4800,6.4900,6.4600,6.4800,151100,977980.0000,3
2025-06-03,20250603141000000,sz.000968,6.4800,6.4800,6.4700,6.4700,44800,290136.0000,3
2025-06-03,20250603141500000,sz.000968,6.4800,6.4800,6.4600,6.4800,109400,708284.0000,3
2025-06-03,20250603142000000,sz.000968,6.4800,6.4800,6.4700,6.4800,28100,181908.0000,3
2025-06-03,20250603142500000,sz.000968,6.4800,6.4800,6.4700,6.4700,52200,337868.0000,3
2025-06-03,20250603143000000,sz.000968,6.4800,6.4800,6.4700,6.4800,225600,1460660.0000,3
2025-06-03,20250603143500000,sz.000968,6.4800,6.4800,6.4700,6.4800,27000,174948.0000,3
2025-06-03,20250603144000000,sz.000968,6.4800,6.4800,6.4700,6.4800,36400,235724.0000,3
2025-06-03,20250603144500000,sz.000968,6.4700,6.4800,6.4700,6.4700,101800,659268.0000,3
2025-06-03,20250603145000000,sz.000968,6.4800,6.4800,6.4700,6.4700,88800,574896.0000,3
2025-06-03,20250603145500000,sz.000968,6.4700,6.4800,6.4600,6.4800,144700,936584.0000,3
2025-06-03,20250603150000000,sz.000968,6.4700,6.4800,6.4500,6.4500,223100,1442028.0000,3
2025-06-04,20250604093500000,sz.000968,6.4600,6.4900,6.4600,6.4700,251300,1626943.0000,3
2025-06-04,20250604094000000,sz.000968,6.4600,6.4700,6.4600,6.4700,91100,589366.0000,3
2025-06-04,20250604094500000,sz.000968,6.4700,6.4800,6.4600,6.4700,133700,864956.0000,3
2025-06-04,20250604095000000,sz.000968,6.4600,6.4700,6.4600,6.4700,85500,553170.0000,3
2025-06-04,20250604095500000,sz.000968,6.4800,6.4800,6.4700,6.4800,152400,987232.0000,3
2025-06-04,20250604100000000,sz.000968,6.4800,6.5000,6.4700,6.5000,432800,2808290.0000,3
2025-06-04,20250604100500000,sz.000968,6.5000,6.5100,6.5000,6.5000,246200,1600428.0000,3
2025-06-04,20250604101000000,sz.000968,6.4900,6.5000,6.4800,6.4800,111000,720091.0000,3
2025-06-04,20250604101500000,sz.000968,6.4900,6.5200,6.4800,6.5100,357400,2324775.0000,3
2025-06-04,20250604102000000,sz.000968,6.5100,6.5700,6.5100,6.5500,866200,5672097.0000,3
2025-06-04,20250604102500000,sz.000968,6.5500,6.5500,6.5300,6.5500,179200,1173128.0000,3
2025-06-04,20250604103000000,sz.000968,6.5500,6.5600,6.5400,6.5400,164900,1080336.0000,3
2025-06-04,20250604103500000,sz.000968,6.5400,6.5500,6.5400,6.5400,116700,763512.0000,3
2025-06-04,20250604104000000,sz.000968,6.5400,6.5800,6.5400,6.5800,362800,2381844.0000,3
2025-06-04,20250604104500000,sz.000968,6.5800,6.6000,6.5700,6.5800,507300,3342246.0000,3
2025-06-04,20250604105000000,sz.000968,6.5700,6.5800,6.5600,6.5700,75400,495422.0000,3
2025-06-04,20250604105500000,sz.000968,6.5600,6.5800,6.5600,6.5700,144000,945908.0000,3
2025-06-04,20250604110000000,sz.000968,6.5700,6.5900,6.5600,6.5900,304800,2005398.0000,3
2025-06-04,20250604110500000,sz.000968,6.5900,6.6200,6.5900,6.6000,345700,2282914.0000,3
2025-06-04,20250604111000000,sz.000968,6.6100,6.6200,6.6000,6.6000,171600,1133548.0000,3
2025-06-04,20250604111500000,sz.000968,6.6000,6.6100,6.5900,6.6000,154900,1022992.0000,3
2025-06-04,20250604112000000,sz.000968,6.6100,6.6100,6.6000,6.6100,44900,296524.0000,3
2025-06-04,20250604112500000,sz.000968,6.6100,6.6100,6.5900,6.6000,81300,536744.0000,3
2025-06-04,20250604113000000,sz.000968,6.5900,6.6000,6.5900,6.5900,29400,193792.0000,3
2025-06-04,20250604130500000,sz.000968,6.6000,6.6200,6.6000,6.6100,391000,2582276.0000,3
2025-06-04,20250604131000000,sz.000968,6.6100,6.6400,6.6100,6.6100,354600,2347700.0000,3
2025-06-04,20250604131500000,sz.000968,6.6200,6.6200,6.6100,6.6100,163100,1078916.0000,3
2025-06-04,20250604132000000,sz.000968,6.6200,6.6200,6.6000,6.6100,117500,777320.0000,3
2025-06-04,20250604132500000,sz.000968,6.6100,6.6200,6.6100,6.6200,31200,206388.0000,3
2025-06-04,20250604133000000,sz.000968,6.6200,6.6200,6.6000,6.6100,467900,3092984.0000,3
2025-06-04,20250604133500000,sz.000968,6.6000,6.6100,6.6000,6.6000,35900,236992.0000,3
2025-06-04,20250604134000000,sz.000968,6.6000,6.6100,6.6000,6.6000,75800,500560.0000,3
2025-06-04,20250604134500000,sz.000968,6.6100,6.6100,6.5900,6.5900,108200,713920.0000,3
2025-06-04,20250604135000000,sz.000968,6.5900,6.6000,6.5900,6.6000,94500,622844.0000,3
2025-06-04,20250604135500000,sz.000968,6.6000,6.6000,6.5900,6.6000,61300,404328.0000,3
2025-06-04,20250604140000000,sz.000968,6.6000,6.6100,6.5900,6.6000,135600,895000.0000,3
2025-06-04,20250604140500000,sz.000968,6.6000,6.6100,6.6000,6.6100,58400,385588.0000,3
2025-06-04,20250604141000000,sz.000968,6.6100,6.6100,6.6000,6.6000,37900,250308.0000,3
2025-06-04,20250604141500000,sz.000968,6.6100,6.6100,6.6000,6.6100,95600,631508.0000,3
2025-06-04,20250604142000000,sz.000968,6.6100,6.6200,6.6000,6.6100,126600,836520.0000,3
2025-06-04,20250604142500000,sz.000968,6.6200,6.6200,6.6100,6.6200,41400,273904.0000,3
2025-06-04,20250604143000000,sz.000968,6.6100,6.6300,6.6100,6.6300,176600,1169392.0000,3
2025-06-04,20250604143500000,sz.000968,6.6200,6.6300,6.6100,6.6100,74200,491112.0000,3
2025-06-04,20250604144000000,sz.000968,6.6200,6.6200,6.6100,6.6200,45100,298296.0000,3
2025-06-04,20250604144500000,sz.000968,6.6200,6.6300,6.6100,6.6100,269200,1781104.0000,3
2025-06-04,20250604145000000,sz.000968,6.6100,6.6300,6.6100,6.6200,129500,857216.0000,3
2025-06-04,20250604145500000,sz.000968,6.6200,6.6400,6.6200,6.6400,401100,2659132.0000,3
2025-06-04,20250604150000000,sz.000968,6.6300,6.6400,6.6200,6.6300,177800,1178844.0000,3
2025-06-05,20250605093500000,sz.000968,6.6400,6.6400,6.6000,6.6200,582900,3861533.0000,3
2025-06-05,20250605094000000,sz.000968,6.6100,6.6200,6.5900,6.6000,338800,2236691.0000,3
2025-06-05,20250605094500000,sz.000968,6.6000,6.6200,6.6000,6.6000,186400,1231779.0000,3
2025-06-05,20250605095000000,sz.000968,6.6000,6.6200,6.6000,6.6100,190700,1260751.0000,3
2025-06-05,20250605095500000,sz.000968,6.6100,6.6200,6.6100,6.6200,95600,632077.0000,3
2025-06-05,20250605100000000,sz.000968,6.6100,6.6200,6.6000,6.6100,92100,608710.0000,3
2025-06-05,20250605100500000,sz.000968,6.6100,6.6200,6.6000,6.6100,456900,3021862.0000,3
2025-06-05,20250605101000000,sz.000968,6.6000,6.6100,6.6000,6.6100,405500,2677241.0000,3
2025-06-05,20250605101500000,sz.000968,6.6100,6.6200,6.6100,6.6200,44400,293573.0000,3
2025-06-05,20250605102000000,sz.000968,6.6100,6.6200,6.6000,6.6000,116600,770406.0000,3
2025-06-05,20250605102500000,sz.000968,6.6000,6.6000,6.5800,6.6000,258300,1702181.0000,3
2025-06-05,20250605103000000,sz.000968,6.5900,6.6000,6.5800,6.5800,151500,998684.0000,3
2025-06-05,20250605103500000,sz.000968,6.5900,6.5900,6.5800,6.5800,187400,1233312.0000,3
2025-06-05,20250605104000000,sz.000968,6.5800,6.5900,6.5700,6.5800,61600,405372.0000,3
2025-06-05,20250605104500000,sz.000968,6.5900,6.5900,6.5800,6.5900,73700,485456.0000,3
2025-06-05,20250605105000000,sz.000968,6.5800,6.5900,6.5800,6.5800,13300,87576.0000,3
2025-06-05,20250605105500000,sz.000968,6.5900,6.6000,6.5800,6.6000,39500,260394.0000,3
2025-06-05,20250605110000000,sz.000968,6.5900,6.6000,6.5800,6.6000,58300,384246.0000,3
2025-06-05,20250605110500000,sz.000968,6.5900,6.6000,6.5900,6.5900,14600,96272.0000,3
2025-06-05,20250605111000000,sz.000968,6.5900,6.6100,6.5800,6.6000,412100,2717992.0000,3
2025-06-05,20250605111500000,sz.000968,6.6100,6.6300,6.6000,6.6300,294300,1948604.0000,3
2025-06-05,20250605112000000,sz.000968,6.6400,6.6400,6.6200,6.6200,169100,1121496.0000,3
2025-06-05,20250605112500000,sz.000968,6.6300,6.6500,6.6200,6.6500,195500,1297522.0000,3
2025-06-05,20250605113000000,sz.000968,6.6400,6.6500,6.6300,6.6300,124600,827490.0000,3
2025-06-05,20250605130500000,sz.000968,6.6400,6.6400,6.5900,6.5900,507000,3358278.0000,3
2025-06-05,20250605131000000,sz.000968,6.5900,6.6000,6.5900,6.6000,119700,789806.0000,3
2025-06-05,20250605131500000,sz.000968,6.6000,6.6000,6.5900,6.6000,32700,215628.0000,3
2025-06-05,20250605132000000,sz.000968,6.5900,6.6000,6.5900,6.6000,61300,404264.0000,3
2025-06-05,20250605132500000,sz.000968,6.5900,6.6100,6.5900,6.6100,187900,1240436.0000,3
2025-06-05,20250605133000000,sz.000968,6.6100,6.6100,6.6000,6.6100,56000,370028.0000,3
2025-06-05,20250605133500000,sz.000968,6.6100,6.6100,6.6000,6.6000,42400,280080.0000,3
2025-06-05,20250605134000000,sz.000968,6.6000,6.6000,6.5900,6.6000,107400,708548.0000,3
2025-06-05,20250605134500000,sz.000968,6.5900,6.6000,6.5900,6.6000,48600,320448.0000,3
2025-06-05,20250605135000000,sz.000968,6.5900,6.6000,6.5900,6.6000,204900,1350432.0000,3
2025-06-05,20250605135500000,sz.000968,6.5900,6.6000,6.5900,6.5900,6100,40204.0000,3
2025-06-05,20250605140000000,sz.000968,6.5900,6.6000,6.5900,6.6000,64100,422700.0000,3
2025-06-05,20250605140500000,sz.000968,6.6000,6.6000,6.5900,6.6000,67500,445120.0000,3
2025-06-05,20250605141000000,sz.000968,6.5900,6.6000,6.5900,6.5900,25000,164960.0000,3
2025-06-05,20250605141500000,sz.000968,6.6000,6.6100,6.5900,6.6000,97000,640256.0000,3
2025-06-05,20250605142000000,sz.000968,6.6100,6.6200,6.6000,6.6100,167500,1106816.0000,3
2025-06-05,20250605142500000,sz.000968,6.6100,6.6100,6.6000,6.6100,27200,179624.0000,3
2025-06-05,20250605143000000,sz.000968,6.6000,6.6100,6.5900,6.5900,74000,488304.0000,3
2025-06-05,20250605143500000,sz.000968,6.6000,6.6100,6.5900,6.6100,62000,409488.0000,3
2025-06-05,20250605144000000,sz.000968,6.6000,6.6300,6.6000,6.6200,316700,2096624.0000,3
2025-06-05,20250605144500000,sz.000968,6.6200,6.6300,6.6100,6.6200,80600,533248.0000,3
2025-06-05,20250605145000000,sz.000968,6.6200,6.6200,6.6100,6.6100,110700,732240.0000,3
2025-06-05,20250605145500000,sz.000968,6.6200,6.6300,6.6100,6.6200,189300,1252624.0000,3
2025-06-05,20250605150000000,sz.000968,6.6200,6.6300,6.6100,6.6200,90500,599220.0000,3
2025-06-06,20250606093500000,sz.000968,6.6500,6.6500,6.6100,6.6300,241900,1603974.0000,3
2025-06-06,20250606094000000,sz.000968,6.6200,6.6400,6.6200,6.6400,136600,905421.0000,3
2025-06-06,20250606094500000,sz.000968,6.6300,6.6500,6.6200,6.6500,161700,1073471.0000,3
2025-06-06,20250606095000000,sz.000968,6.6500,6.6800,6.6400,6.6800,478800,3192066.0000,3
2025-06-06,20250606095500000,sz.000968,6.6800,6.6800,6.6600,6.6700,166500,1111712.0000,3
2025-06-06,20250606100000000,sz.000968,6.6600,6.6800,6.6600,6.6700,161400,1077240.0000,3
2025-06-06,20250606100500000,sz.000968,6.6700,6.6800,6.6600,6.6700,245000,1634175.0000,3
2025-06-06,20250606101000000,sz.000968,6.6800,6.6900,6.6700,6.6900,262800,1757508.0000,3
2025-06-06,20250606101500000,sz.000968,6.7000,6.7100,6.6600,6.6600,554300,3712468.0000,3
2025-06-06,20250606102000000,sz.000968,6.6600,6.6700,6.6600,6.6700,94000,626704.0000,3
2025-06-06,20250606102500000,sz.000968,6.6700,6.6700,6.6600,6.6600,51600,343899.0000,3
2025-06-06,20250606103000000,sz.000968,6.6600,6.6800,6.6600,6.6800,52900,352910.0000,3
2025-06-06,20250606103500000,sz.000968,6.6700,6.7000,6.6700,6.6800,141800,948080.0000,3
2025-06-06,20250606104000000,sz.000968,6.6800,6.7000,6.6800,6.6900,330300,2210664.0000,3
2025-06-06,20250606104500000,sz.000968,6.6900,6.7000,6.6600,6.6700,605100,4027802.0000,3
2025-06-06,20250606105000000,sz.000968,6.6800,6.6900,6.6800,6.6900,55200,368938.0000,3
2025-06-06,20250606105500000,sz.000968,6.6900,6.6900,6.6700,6.6700,49200,328548.0000,3
2025-06-06,20250606110000000,sz.000968,6.6700,6.6800,6.6600,6.6600,60500,403516.0000,3
2025-06-06,20250606110500000,sz.000968,6.6600,6.6800,6.6600,6.6700,119900,800320.0000,3
2025-06-06,20250606111000000,sz.000968,6.6700,6.6800,6.6700,6.6700,16500,110060.0000,3
2025-06-06,20250606111500000,sz.000968,6.6700,6.6800,6.6700,6.6700,59800,399360.0000,3
2025-06-06,20250606112000000,sz.000968,6.6700,6.6800,6.6700,6.6700,105200,702572.0000,3
2025-06-06,20250606112500000,sz.000968,6.6700,6.6800,6.6700,6.6800,49700,331784.0000,3
2025-06-06,20250606113000000,sz.000968,6.6700,6.6800,6.6500,6.6600,254200,1694774.0000,3
2025-06-06,20250606130500000,sz.000968,6.6500,6.6700,6.6500,6.6700,47400,315932.0000,3
2025-06-06,20250606131000000,sz.000968,6.6700,6.6800,6.6600,6.6700,60300,402200.0000,3
2025-06-06,20250606131500000,sz.000968,6.6700,6.6800,6.6700,6.6800,114500,764782.0000,3
2025-06-06,20250606132000000,sz.000968,6.6800,6.6900,6.6800,6.6900,42600,284630.0000,3
2025-06-06,20250606132500000,sz.000968,6.6800,6.7000,6.6800,6.6800,189000,1264522.0000,3
2025-06-06,20250606133000000,sz.000968,6.6800,6.6900,6.6800,6.6900,65900,440464.0000,3
2025-06-06,20250606133500000,sz.000968,6.6800,6.6900,6.6800,6.6900,134900,901712.0000,3
2025-06-06,20250606134000000,sz.000968,6.6800,6.7000,6.6800,6.6900,145400,973512.0000,3
2025-06-06,20250606134500000,sz.000968,6.6900,6.7100,6.6900,6.7100,258300,1730224.0000,3
2025-06-06,20250606135000000,sz.000968,6.7000,6.7100,6.6900,6.6900,78600,526176.0000,3
2025-06-06,20250606135500000,sz.000968,6.6900,6.7000,6.6900,6.6900,86400,578628.0000,3
2025-06-06,20250606140000000,sz.000968,6.7000,6.7000,6.6900,6.7000,42900,287120.0000,3
2025-06-06,20250606140500000,sz.000968,6.7000,6.7000,6.6900,6.6900,25500,170744.0000,3
2025-06-06,20250606141000000,sz.000968,6.6900,6.7100,6.6900,6.7000,292800,1962012.0000,3
2025-06-06,20250606141500000,sz.000968,6.7100,6.7200,6.7000,6.7100,175100,1175052.0000,3
2025-06-06,20250606142000000,sz.000968,6.7100,6.7200,6.7100,6.7100,80700,541544.0000,3
2025-06-06,20250606142500000,sz.000968,6.7200,6.7200,6.7100,6.7200,116900,785380.0000,3
2025-06-06,20250606143000000,sz.000968,6.7200,6.7300,6.7100,6.7200,562800,3783800.0000,3
2025-06-06,20250606143500000,sz.000968,6.7300,6.7300,6.7100,6.7200,337000,2265280.0000,3
2025-06-06,20250606144000000,sz.000968,6.7200,6.7300,6.7200,6.7300,98300,660796.0000,3
2025-06-06,20250606144500000,sz.000968,6.7200,6.7300,6.7200,6.7200,133400,896804.0000,3
2025-06-06,20250606145000000,sz.000968,6.7300,6.7300,6.7200,6.7200,168100,1130752.0000,3
2025-06-06,20250606145500000,sz.000968,6.7300,6.7300,6.7200,6.7300,269500,1812744.0000,3
2025-06-06,20250606150000000,sz.000968,6.7200,6.7300,6.7200,6.7300,271800,1827940.0000,3
2025-06-09,20250609093500000,sz.000968,6.7400,6.8100,6.7400,6.7900,974900,6608837.0000,3
2025-06-09,20250609094000000,sz.000968,6.7900,6.8000,6.7600,6.7800,347000,2349967.0000,3
2025-06-09,20250609094500000,sz.000968,6.7800,6.7900,6.7600,6.7700,480600,3254052.0000,3
2025-06-09,20250609095000000,sz.000968,6.7700,6.7800,6.7600,6.7800,136400,923422.0000,3
2025-06-09,20250609095500000,sz.000968,6.7800,6.7800,6.7600,6.7700,238900,1617531.0000,3
2025-06-09,20250609100000000,sz.000968,6.7700,6.7700,6.7400,6.7500,299300,2021548.0000,3
2025-06-09,20250609100500000,sz.000968,6.7500,6.7600,6.7400,6.7500,173000,1167155.0000,3
2025-06-09,20250609101000000,sz.000968,6.7500,6.7500,6.7200,6.7300,213600,1438024.0000,3
2025-06-09,20250609101500000,sz.000968,6.7300,6.7300,6.7100,6.7200,223900,1503716.0000,3
2025-06-09,20250609102000000,sz.000968,6.7100,6.7200,6.7000,6.7000,245000,1642274.0000,3
2025-06-09,20250609102500000,sz.000968,6.7000,6.7200,6.6900,6.7200,150400,1007590.0000,3
2025-06-09,20250609103000000,sz.000968,6.7200,6.7300,6.7100,6.7100,85700,576064.0000,3
2025-06-09,20250609103500000,sz.000968,6.7200,6.7200,6.7100,6.7100,105900,710500.0000,3
2025-06-09,20250609104000000,sz.000968,6.7100,6.7100,6.6900,6.7000,145700,976338.0000,3
2025-06-09,20250609104500000,sz.000968,6.6900,6.7100,6.6900,6.7100,119000,797398.0000,3
2025-06-09,20250609105000000,sz.000968,6.7100,6.7100,6.7000,6.7100,40100,268880.0000,3
2025-06-09,20250609105500000,sz.000968,6.7100,6.7100,6.7000,6.7100,78100,523488.0000,3
2025-06-09,20250609110000000,sz.000968,6.7000,6.7100,6.6900,6.6900,126900,850320.0000,3
2025-06-09,20250609110500000,sz.000968,6.7000,6.7000,6.6800,6.6900,208700,1395296.0000,3
2025-06-09,20250609111000000,sz.000968,6.6900,6.6900,6.6700,6.6800,452800,3017756.0000,3
2025-06-09,20250609111500000,sz.000968,6.6800,6.6800,6.6600,6.6700,315500,2102752.0000,3
2025-06-09,20250609112000000,sz.000968,6.6600,6.6700,6.6600,6.6700,276800,1842336.0000,3
2025-06-09,20250609112500000,sz.000968,6.6600,6.6700,6.6600,6.6700,82700,550964.0000,3
2025-06-09,20250609113000000,sz.000968,6.6600,6.6700,6.6500,6.6700,98700,657872.0000,3
2025-06-09,20250609130500000,sz.000968,6.6700,6.6900,6.6600,6.6800,171300,1143064.0000,3
2025-06-09,20250609131000000,sz.000968,6.6800,6.6900,6.6700,6.6800,20500,136852.0000,3
2025-06-09,20250609131500000,sz.000968,6.6800,6.6900,6.6700,6.6800,76500,511180.0000,3
2025-06-09,20250609132000000,sz.000968,6.6900,6.6900,6.6800,6.6800,52600,351448.0000,3
2025-06-09,20250609132500000,sz.000968,6.6800,6.6900,6.6800,6.6900,92400,617368.0000,3
2025-06-09,20250609133000000,sz.000968,6.6900,6.7000,6.6700,6.6900,345200,2306416.0000,3
2025-06-09,20250609133500000,sz.000968,6.6900,6.6900,6.6700,6.6700,57400,383336.0000,3
2025-06-09,20250609134000000,sz.000968,6.6700,6.6800,6.6700,6.6700,34300,228960.0000,3
2025-06-09,20250609134500000,sz.000968,6.6700,6.6800,6.6700,6.6800,72900,486448.0000,3
2025-06-09,20250609135000000,sz.000968,6.6800,6.6800,6.6700,6.6700,80000,533808.0000,3
2025-06-09,20250609135500000,sz.000968,6.6700,6.6800,6.6700,6.6700,106200,708996.0000,3
2025-06-09,20250609140000000,sz.000968,6.6800,6.6800,6.6700,6.6700,261300,1742900.0000,3
2025-06-09,20250609140500000,sz.000968,6.6700,6.6800,6.6700,6.6800,64800,432496.0000,3
2025-06-09,20250609141000000,sz.000968,6.6800,6.6800,6.6700,6.6700,56000,373696.0000,3
2025-06-09,20250609141500000,sz.000968,6.6800,6.6800,6.6600,6.6700,141000,940376.0000,3
2025-06-09,20250609142000000,sz.000968,6.6700,6.6800,6.6600,6.6700,125500,837056.0000,3
2025-06-09,20250609142500000,sz.000968,6.6700,6.6800,6.6700,6.6700,18700,124760.0000,3
2025-06-09,20250609143000000,sz.000968,6.6700,6.6800,6.6700,6.6800,30300,202348.0000,3
2025-06-09,20250609143500000,sz.000968,6.6800,6.6800,6.6700,6.6700,101700,678576.0000,3
2025-06-09,20250609144000000,sz.000968,6.6700,6.6800,6.6600,6.6600,104800,699064.0000,3
2025-06-09,20250609144500000,sz.000968,6.6600,6.6700,6.6600,6.6600,101200,674492.0000,3
2025-06-09,20250609145000000,sz.000968,6.6600,6.6700,6.6600,6.6600,181800,1211160.0000,3
2025-06-09,20250609145500000,sz.000968,6.6600,6.6800,6.6600,6.6700,330600,2206408.0000,3
2025-06-09,20250609150000000,sz.000968,6.6700,6.6800,6.6700,6.6800,222600,1487528.0000,3
2025-06-10,20250610093500000,sz.000968,6.6800,6.7000,6.6600,6.6600,753300,5034253.0000,3
2025-06-10,20250610094000000,sz.000968,6.6600,6.6800,6.6600,6.6700,156400,1043579.0000,3
2025-06-10,20250610094500000,sz.000968,6.6800,6.6800,6.6700,6.6700,83700,558928.0000,3
2025-06-10,20250610095000000,sz.000968,6.6700,6.6800,6.6600,6.6700,181100,1208318.0000,3
2025-06-10,20250610095500000,sz.000968,6.6600,6.6700,6.6600,6.6600,75800,505320.0000,3
2025-06-10,20250610100000000,sz.000968,6.6600,6.6700,6.6600,6.6600,140200,934803.0000,3
2025-06-10,20250610100500000,sz.000968,6.6700,6.6700,6.6300,6.6400,335800,2233217.0000,3
2025-06-10,20250610101000000,sz.000968,6.6400,6.6500,6.6400,6.6400,102700,682134.0000,3
2025-06-10,20250610101500000,sz.000968,6.6400,6.6600,6.6400,6.6600,162700,1081999.0000,3
2025-06-10,20250610102000000,sz.000968,6.6700,6.6700,6.6600,6.6600,83500,556278.0000,3
2025-06-10,20250610102500000,sz.000968,6.6700,6.6700,6.6600,6.6700,77800,518863.0000,3
2025-06-10,20250610103000000,sz.000968,6.6600,6.6800,6.6600,6.6700,77800,519072.0000,3
2025-06-10,20250610103500000,sz.000968,6.6700,6.6900,6.6700,6.6900,234700,1568796.0000,3
2025-06-10,20250610104000000,sz.000968,6.6800,6.6800,6.6700,6.6700,88700,592318.0000,3
2025-06-10,20250610104500000,sz.000968,6.6800,6.6800,6.6700,6.6800,45100,300988.0000,3
2025-06-10,20250610105000000,sz.000968,6.6800,6.6800,6.6600,6.6700,88300,588842.0000,3
2025-06-10,20250610105500000,sz.000968,6.6600,6.6700,6.6600,6.6600,15700,104664.0000,3
2025-06-10,20250610110000000,sz.000968,6.6600,6.6700,6.6600,6.6700,83000,553308.0000,3
2025-06-10,20250610110500000,sz.000968,6.6600,6.6800,6.6600,6.6700,50900,339488.0000,3
2025-06-10,20250610111000000,sz.000968,6.6700,6.6800,6.6600,6.6700,52900,352784.0000,3
2025-06-10,20250610111500000,sz.000968,6.6700,6.6800,6.6600,6.6700,43500,290072.0000,3
2025-06-10,20250610112000000,sz.000968,6.6600,6.6700,6.6600,6.6700,63500,423476.0000,3
2025-06-10,20250610112500000,sz.000968,6.6700,6.6800,6.6600,6.6600,39300,262068.0000,3
2025-06-10,20250610113000000,sz.000968,6.6600,6.6800,6.6600,6.6700,31500,210166.0000,3
2025-06-10,20250610130500000,sz.000968,6.6700,6.6800,6.6600,6.6600,124800,831954.0000,3
2025-06-10,20250610131000000,sz.000968,6.6600,6.6700,6.6600,6.6700,31600,210592.0000,3
2025-06-10,20250610131500000,sz.000968,6.6600,6.6700,6.6400,6.6400,222600,1481384.0000,3
2025-06-10,20250610132000000,sz.000968,6.6400,6.6400,6.6100,6.6100,363800,2410950.0000,3
2025-06-10,20250610132500000,sz.000968,6.6100,6.6200,6.6000,6.6200,293800,1941424.0000,3
2025-06-10,20250610133000000,sz.000968,6.6100,6.6200,6.5700,6.5800,272600,1796864.0000,3
2025-06-10,20250610133500000,sz.000968,6.5800,6.6000,6.5800,6.6000,109900,723710.0000,3
2025-06-10,20250610134000000,sz.000968,6.6000,6.6100,6.5800,6.6000,208400,1374452.0000,3
2025-06-10,20250610134500000,sz.000968,6.6000,6.6100,6.5900,6.6000,211800,1397462.0000,3
2025-06-10,20250610135000000,sz.000968,6.6000,6.6100,6.5900,6.5900,404100,2667078.0000,3
2025-06-10,20250610135500000,sz.000968,6.5900,6.6100,6.5900,6.6000,139400,920304.0000,3
2025-06-10,20250610140000000,sz.000968,6.6000,6.6100,6.6000,6.6100,98200,648592.0000,3
2025-06-10,20250610140500000,sz.000968,6.6000,6.6000,6.5900,6.5900,103100,680352.0000,3
2025-06-10,20250610141000000,sz.000968,6.6000,6.6100,6.5900,6.6100,64900,428460.0000,3
2025-06-10,20250610141500000,sz.000968,6.6000,6.6100,6.5900,6.6000,225200,1485980.0000,3
2025-06-10,20250610142000000,sz.000968,6.6000,6.6100,6.5900,6.6100,136700,902104.0000,3
2025-06-10,20250610142500000,sz.000968,6.6000,6.6100,6.6000,6.6000,29900,197388.0000,3
2025-06-10,20250610143000000,sz.000968,6.6000,6.6100,6.5900,6.6000,165000,1089184.0000,3
2025-06-10,20250610143500000,sz.000968,6.6100,6.6200,6.6000,6.6000,115100,760304.0000,3
2025-06-10,20250610144000000,sz.000968,6.6100,6.6200,6.6000,6.6100,55900,369340.0000,3
2025-06-10,20250610144500000,sz.000968,6.6000,6.6100,6.6000,6.6100,65000,429276.0000,3
2025-06-10,20250610145000000,sz.000968,6.6000,6.6200,6.6000,6.6200,129900,859264.0000,3
2025-06-10,20250610145500000,sz.000968,6.6100,6.6200,6.6000,6.6000,171500,1133560.0000,3
2025-06-10,20250610150000000,sz.000968,6.6100,6.6200,6.6000,6.6100,135700,897108.0000,3
2025-06-11,20250611093500000,sz.000968,6.6100,6.6200,6.6000,6.6000,246300,1627884.0000,3
2025-06-11,20250611094000000,sz.000968,6.6000,6.6200,6.6000,6.6200,324500,2145530.0000,3
2025-06-11,20250611094500000,sz.000968,6.6200,6.6300,6.6100,6.6200,310600,2054932.0000,3
2025-06-11,20250611095000000,sz.000968,6.6200,6.6400,6.6200,6.6200,305800,2028321.0000,3
2025-06-11,20250611095500000,sz.000968,6.6300,6.6400,6.6200,6.6300,134700,893108.0000,3
2025-06-11,20250611100000000,sz.000968,6.6300,6.6400,6.6200,6.6200,193200,1280519.0000,3
2025-06-11,20250611100500000,sz.000968,6.6200,6.6300,6.6100,6.6100,136800,905817.0000,3
2025-06-11,20250611101000000,sz.000968,6.6100,6.6200,6.6100,6.6200,57100,377958.0000,3
2025-06-11,20250611101500000,sz.000968,6.6100,6.6300,6.6100,6.6200,69500,460198.0000,3
2025-06-11,20250611102000000,sz.000968,6.6300,6.6300,6.6100,6.6100,58000,383954.0000,3
2025-06-11,20250611102500000,sz.000968,6.6200,6.6300,6.6100,6.6300,58500,387273.0000,3
2025-06-11,20250611103000000,sz.000968,6.6300,6.6400,6.6300,6.6400,78800,522527.0000,3
2025-06-11,20250611103500000,sz.000968,6.6400,6.6400,6.6300,6.6400,22700,150708.0000,3
2025-06-11,20250611104000000,sz.000968,6.6400,6.6400,6.6300,6.6400,13000,86315.0000,3
2025-06-11,20250611104500000,sz.000968,6.6300,6.6400,6.6300,6.6300,60000,397841.0000,3
2025-06-11,20250611105000000,sz.000968,6.6400,6.6400,6.6200,6.6200,134500,891008.0000,3
2025-06-11,20250611105500000,sz.000968,6.6300,6.6400,6.6300,6.6300,76400,506377.0000,3
2025-06-11,20250611110000000,sz.000968,6.6300,6.6300,6.6200,6.6200,18900,125546.0000,3
2025-06-11,20250611110500000,sz.000968,6.6200,6.6300,6.6200,6.6300,11200,74180.0000,3
2025-06-11,20250611111000000,sz.000968,6.6200,6.6400,6.6200,6.6400,85000,564063.0000,3
2025-06-11,20250611111500000,sz.000968,6.6400,6.6800,6.6400,6.6700,637600,4247025.0000,3
2025-06-11,20250611112000000,sz.000968,6.6700,6.6800,6.6600,6.6600,111700,744864.0000,3
2025-06-11,20250611112500000,sz.000968,6.6700,6.6700,6.6600,6.6700,19700,131396.0000,3
2025-06-11,20250611113000000,sz.000968,6.6700,6.6700,6.6600,6.6600,47300,315114.0000,3
2025-06-11,20250611130500000,sz.000968,6.6600,6.6600,6.6400,6.6400,169500,1127714.0000,3
2025-06-11,20250611131000000,sz.000968,6.6500,6.6600,6.6400,6.6500,154000,1023290.0000,3
2025-06-11,20250611131500000,sz.000968,6.6500,6.6600,6.6400,6.6400,42100,279878.0000,3
2025-06-11,20250611132000000,sz.000968,6.6400,6.6600,6.6400,6.6500,35900,238706.0000,3
2025-06-11,20250611132500000,sz.000968,6.6500,6.6500,6.6400,6.6500,47800,317858.0000,3
2025-06-11,20250611133000000,sz.000968,6.6400,6.6500,6.6400,6.6400,19100,126880.0000,3
2025-06-11,20250611133500000,sz.000968,6.6500,6.6600,6.6500,6.6600,67800,451396.0000,3
2025-06-11,20250611134000000,sz.000968,6.6500,6.6600,6.6400,6.6500,85300,567252.0000,3
2025-06-11,20250611134500000,sz.000968,6.6500,6.6600,6.6500,6.6500,116600,774424.0000,3
2025-06-11,20250611135000000,sz.000968,6.6500,6.6600,6.6500,6.6600,34900,232240.0000,3
2025-06-11,20250611135500000,sz.000968,6.6500,6.6800,6.6500,6.6700,125300,835396.0000,3
2025-06-11,20250611140000000,sz.000968,6.6600,6.6700,6.6600,6.6700,24800,165296.0000,3
2025-06-11,20250611140500000,sz.000968,6.6600,6.6700,6.6600,6.6700,43500,289828.0000,3
2025-06-11,20250611141000000,sz.000968,6.6700,6.6700,6.6600,6.6600,48100,320696.0000,3
2025-06-11,20250611141500000,sz.000968,6.6600,6.6700,6.6600,6.6700,94000,626952.0000,3
2025-06-11,20250611142000000,sz.000968,6.6700,6.6700,6.6600,6.6600,44700,297780.0000,3
2025-06-11,20250611142500000,sz.000968,6.6600,6.6700,6.6600,6.6700,21700,144618.0000,3
2025-06-11,20250611143000000,sz.000968,6.6700,6.6700,6.6600,6.6600,21500,143310.0000,3
2025-06-11,20250611143500000,sz.000968,6.6600,6.6700,6.6500,6.6500,124400,828186.0000,3
2025-06-11,20250611144000000,sz.000968,6.6500,6.6600,6.6500,6.6600,71400,474962.0000,3
2025-06-11,20250611144500000,sz.000968,6.6500,6.6600,6.6500,6.6600,51500,342812.0000,3
2025-06-11,20250611145000000,sz.000968,6.6500,6.6600,6.6500,6.6600,91800,611040.0000,3
2025-06-11,20250611145500000,sz.000968,6.6500,6.6600,6.6500,6.6500,153000,1018146.0000,3
2025-06-11,20250611150000000,sz.000968,6.6600,6.6600,6.6500,6.6500,149000,990994.0000,3
2025-06-12,20250612093500000,sz.000968,6.7300,6.7900,6.6900,6.7500,1941000,13094250.0000,3
2025-06-12,20250612094000000,sz.000968,6.7500,6.7600,6.7300,6.7400,576900,3890704.0000,3
2025-06-12,20250612094500000,sz.000968,6.7300,6.7400,6.7000,6.7400,554400,3727906.0000,3
2025-06-12,20250612095000000,sz.000968,6.7400,6.7500,6.7200,6.7400,268400,1807228.0000,3
2025-06-12,20250612095500000,sz.000968,6.7400,6.7400,6.7300,6.7300,93100,627024.0000,3
2025-06-12,20250612100000000,sz.000968,6.7400,6.7900,6.7400,6.7800,713900,4834100.0000,3
2025-06-12,20250612100500000,sz.000968,6.7800,6.7900,6.7500,6.7800,350400,2373912.0000,3
2025-06-12,20250612101000000,sz.000968,6.7800,6.7800,6.7600,6.7700,110600,748808.0000,3
2025-06-12,20250612101500000,sz.000968,6.7700,6.7900,6.7600,6.7800,295700,2004602.0000,3
2025-06-12,20250612102000000,sz.000968,6.7800,6.7800,6.7700,6.7700,110000,745654.0000,3
2025-06-12,20250612102500000,sz.000968,6.7700,6.7700,6.7600,6.7600,135700,918180.0000,3
2025-06-12,20250612103000000,sz.000968,6.7600,6.7600,6.7500,6.7500,84700,572256.0000,3
2025-06-12,20250612103500000,sz.000968,6.7500,6.7600,6.7500,6.7500,63000,425760.0000,3
2025-06-12,20250612104000000,sz.000968,6.7500,6.7500,6.7400,6.7400,215900,1456408.0000,3
2025-06-12,20250612104500000,sz.000968,6.7400,6.7400,6.7300,6.7400,70700,476164.0000,3
2025-06-12,20250612105000000,sz.000968,6.7300,6.7300,6.7200,6.7200,58300,392280.0000,3
2025-06-12,20250612105500000,sz.000968,6.7200,6.7300,6.7200,6.7300,34900,234772.0000,3
2025-06-12,20250612110000000,sz.000968,6.7200,6.7400,6.7200,6.7400,53400,359520.0000,3
2025-06-12,20250612110500000,sz.000968,6.7300,6.7400,6.7200,6.7300,106400,715820.0000,3
2025-06-12,20250612111000000,sz.000968,6.7300,6.7300,6.7200,6.7200,13200,88752.0000,3
2025-06-12,20250612111500000,sz.000968,6.7200,6.7300,6.7200,6.7300,75000,504544.0000,3
2025-06-12,20250612112000000,sz.000968,6.7300,6.7300,6.7100,6.7200,74400,500008.0000,3
2025-06-12,20250612112500000,sz.000968,6.7200,6.7200,6.7100,6.7100,18400,123484.0000,3
2025-06-12,20250612113000000,sz.000968,6.7100,6.7200,6.7000,6.7000,243000,1630524.0000,3
2025-06-12,20250612130500000,sz.000968,6.7100,6.7300,6.7000,6.7300,376500,2526980.0000,3
2025-06-12,20250612131000000,sz.000968,6.7300,6.7400,6.7300,6.7300,71400,480576.0000,3
2025-06-12,20250612131500000,sz.000968,6.7300,6.7400,6.7300,6.7400,85000,572752.0000,3
2025-06-12,20250612132000000,sz.000968,6.7400,6.7400,6.7200,6.7300,61700,415284.0000,3
2025-06-12,20250612132500000,sz.000968,6.7300,6.7300,6.7200,6.7300,39000,262188.0000,3
2025-06-12,20250612133000000,sz.000968,6.7300,6.7300,6.7100,6.7100,29100,195516.0000,3
2025-06-12,20250612133500000,sz.000968,6.7100,6.7200,6.7000,6.7100,87500,587096.0000,3
2025-06-12,20250612134000000,sz.000968,6.7100,6.7200,6.7000,6.7000,48900,327880.0000,3
2025-06-12,20250612134500000,sz.000968,6.7000,6.7100,6.6900,6.6900,184700,1237208.0000,3
2025-06-12,20250612135000000,sz.000968,6.6900,6.7100,6.6900,6.7000,214300,1435472.0000,3
2025-06-12,20250612135500000,sz.000968,6.7000,6.7100,6.6900,6.6900,131000,878188.0000,3
2025-06-12,20250612140000000,sz.000968,6.7000,6.7100,6.6800,6.6900,93900,628436.0000,3
2025-06-12,20250612140500000,sz.000968,6.7000,6.7100,6.6900,6.6900,27100,181476.0000,3
2025-06-12,20250612141000000,sz.000968,6.6900,6.7100,6.6800,6.7100,90100,603024.0000,3
2025-06-12,20250612141500000,sz.000968,6.7100,6.7300,6.7100,6.7200,71100,477416.0000,3
2025-06-12,20250612142000000,sz.000968,6.7300,6.7400,6.7200,6.7400,83000,558524.0000,3
2025-06-12,20250612142500000,sz.000968,6.7300,6.7400,6.7200,6.7300,52400,352648.0000,3
2025-06-12,20250612143000000,sz.000968,6.7300,6.7300,6.7100,6.7200,68300,458956.0000,3
2025-06-12,20250612143500000,sz.000968,6.7200,6.7300,6.7200,6.7200,50000,336288.0000,3
2025-06-12,20250612144000000,sz.000968,6.7200,6.7300,6.7200,6.7200,84200,566512.0000,3
2025-06-12,20250612144500000,sz.000968,6.7200,6.7300,6.7200,6.7200,78400,526972.0000,3
2025-06-12,20250612145000000,sz.000968,6.7300,6.7300,6.7100,6.7200,111600,750004.0000,3
2025-06-12,20250612145500000,sz.000968,6.7200,6.7200,6.7000,6.7100,300900,2018356.0000,3
2025-06-12,20250612150000000,sz.000968,6.7000,6.7100,6.6900,6.7000,399600,2676572.0000,3
2025-06-13,20250613093500000,sz.000968,6.8500,7.0700,6.8100,6.8700,5195000,36062380.0000,3
2025-06-13,20250613094000000,sz.000968,6.8700,6.9200,6.8400,6.8700,1609400,11068948.0000,3
2025-06-13,20250613094500000,sz.000968,6.8700,6.8700,6.8300,6.8700,807100,5534220.0000,3
2025-06-13,20250613095000000,sz.000968,6.8700,6.9000,6.8600,6.8800,1041000,7164860.0000,3
2025-06-13,20250613095500000,sz.000968,6.8800,6.9400,6.8800,6.9200,2324900,16056744.0000,3
2025-06-13,20250613100000000,sz.000968,6.9100,6.9500,6.8800,6.9300,1398600,9670976.0000,3
2025-06-13,20250613100500000,sz.000968,6.9200,6.9300,6.8900,6.8900,707300,4890048.0000,3
2025-06-13,20250613101000000,sz.000968,6.8900,6.8900,6.8800,6.8900,263600,1814544.0000,3
2025-06-13,20250613101500000,sz.000968,6.8900,6.9300,6.8800,6.9200,742600,5131176.0000,3
2025-06-13,20250613102000000,sz.000968,6.9200,6.9300,6.9000,6.9100,584600,4042784.0000,3
2025-06-13,20250613102500000,sz.000968,6.9100,6.9400,6.9000,6.9400,676800,4685184.0000,3
2025-06-13,20250613103000000,sz.000968,6.9400,6.9400,6.9000,6.9200,433800,3002408.0000,3
2025-06-13,20250613103500000,sz.000968,6.9200,6.9800,6.9200,6.9700,1044500,7271704.0000,3
2025-06-13,20250613104000000,sz.000968,6.9800,6.9800,6.9600,6.9700,675300,4706264.0000,3
2025-06-13,20250613104500000,sz.000968,6.9700,7.0800,6.9700,7.0700,2886000,20288896.0000,3
2025-06-13,20250613105000000,sz.000968,7.0700,7.1800,7.0400,7.0900,3076700,21871952.0000,3
2025-06-13,20250613105500000,sz.000968,7.0900,7.1200,7.0500,7.1100,1378800,9762352.0000,3
2025-06-13,20250613110000000,sz.000968,7.1100,7.1300,7.0700,7.1000,1272000,9040800.0000,3
2025-06-13,20250613110500000,sz.000968,7.1000,7.2000,7.1000,7.2000,1762800,12595808.0000,3
2025-06-13,20250613111000000,sz.000968,7.2000,7.2000,7.1300,7.1600,1225100,8789024.0000,3
2025-06-13,20250613111500000,sz.000968,7.1600,7.1800,7.1400,7.1500,508100,3636400.0000,3
2025-06-13,20250613112000000,sz.000968,7.1500,7.1700,7.1200,7.1700,804100,5750448.0000,3
2025-06-13,20250613112500000,sz.000968,7.1700,7.2000,7.1500,7.1700,1215000,8723808.0000,3
2025-06-13,20250613113000000,sz.000968,7.1700,7.2200,7.1700,7.2200,767300,5515104.0000,3
2025-06-13,20250613130500000,sz.000968,7.2300,7.2600,7.1600,7.1600,3371600,24369584.0000,3
2025-06-13,20250613131000000,sz.000968,7.1500,7.1800,7.1500,7.1700,898400,6441600.0000,3
2025-06-13,20250613131500000,sz.000968,7.1600,7.1600,7.0800,7.1000,1347400,9594976.0000,3
2025-06-13,20250613132000000,sz.000968,7.1100,7.1100,7.0400,7.0600,820300,5802064.0000,3
2025-06-13,20250613132500000,sz.000968,7.0600,7.0900,7.0600,7.0800,441400,3121760.0000,3
2025-06-13,20250613133000000,sz.000968,7.0800,7.1300,7.0800,7.0900,794600,5651136.0000,3
2025-06-13,20250613133500000,sz.000968,7.1100,7.1100,7.0500,7.0700,301200,2129056.0000,3
2025-06-13,20250613134000000,sz.000968,7.0600,7.1000,7.0500,7.0800,379600,2684768.0000,3
2025-06-13,20250613134500000,sz.000968,7.0900,7.1000,7.0500,7.0600,361200,2553856.0000,3
2025-06-13,20250613135000000,sz.000968,7.0600,7.0700,7.0500,7.0700,142200,1004320.0000,3
2025-06-13,20250613135500000,sz.000968,7.0600,7.1300,7.0600,7.1100,500000,3543264.0000,3
2025-06-13,20250613140000000,sz.000968,7.1200,7.1200,7.1000,7.1000,238800,1698144.0000,3
2025-06-13,20250613140500000,sz.000968,7.1000,7.1100,7.0700,7.0800,430100,3047840.0000,3
2025-06-13,20250613141000000,sz.000968,7.0800,7.1000,7.0700,7.1000,164600,1165920.0000,3
2025-06-13,20250613141500000,sz.000968,7.1000,7.1100,7.0700,7.0800,464000,3290656.0000,3
2025-06-13,20250613142000000,sz.000968,7.0700,7.0800,7.0700,7.0800,179000,1266880.0000,3
2025-06-13,20250613142500000,sz.000968,7.0700,7.0900,7.0500,7.0600,591700,4180608.0000,3
2025-06-13,20250613143000000,sz.000968,7.0500,7.0900,7.0500,7.0800,404300,2859296.0000,3
2025-06-13,20250613143500000,sz.000968,7.0700,7.1400,7.0700,7.1300,735600,5226208.0000,3
2025-06-13,20250613144000000,sz.000968,7.1300,7.1300,7.0600,7.0700,474000,3362976.0000,3
2025-06-13,20250613144500000,sz.000968,7.0700,7.0800,7.0400,7.0500,498600,3520960.0000,3
2025-06-13,20250613145000000,sz.000968,7.0500,7.1000,7.0500,7.0900,620700,4393696.0000,3
2025-06-13,20250613145500000,sz.000968,7.0800,7.0900,7.0600,7.0700,788300,5577696.0000,3
2025-06-13,20250613150000000,sz.000968,7.0700,7.1000,7.0600,7.1000,1425600,10103104.0000,3
2025-06-16,20250616093500000,sz.000968,7.2900,7.5200,7.1200,7.4400,15340300,111886568.0000,3
2025-06-16,20250616094000000,sz.000968,7.4300,7.4600,7.2800,7.3500,4320600,31843912.0000,3
2025-06-16,20250616094500000,sz.000968,7.3500,7.3500,7.1700,7.1800,3544500,25695504.0000,3
2025-06-16,20250616095000000,sz.000968,7.1800,7.2100,7.1400,7.1700,2286800,16406000.0000,3
2025-06-16,20250616095500000,sz.000968,7.1800,7.2100,7.1700,7.2000,1355700,9743744.0000,3
2025-06-16,20250616100000000,sz.000968,7.1800,7.2100,7.1800,7.2000,1070300,7696096.0000,3
2025-06-16,20250616100500000,sz.000968,7.2100,7.3500,7.2000,7.3500,1916500,13919536.0000,3
2025-06-16,20250616101000000,sz.000968,7.3600,7.3600,7.2700,7.2800,1419000,10388384.0000,3
2025-06-16,20250616101500000,sz.000968,7.2800,7.4000,7.2600,7.3900,1294300,9510240.0000,3
2025-06-16,20250616102000000,sz.000968,7.3800,7.4200,7.3400,7.3800,1529500,11296256.0000,3
2025-06-16,20250616102500000,sz.000968,7.3800,7.4400,7.3500,7.4200,1885300,13939248.0000,3
2025-06-16,20250616103000000,sz.000968,7.4300,7.4300,7.3000,7.3000,951700,7004432.0000,3
2025-06-16,20250616103500000,sz.000968,7.3000,7.3100,7.2300,7.2300,899700,6549664.0000,3
2025-06-16,20250616104000000,sz.000968,7.2400,7.2700,7.2400,7.2700,703300,5097920.0000,3
2025-06-16,20250616104500000,sz.000968,7.2600,7.2900,7.2400,7.2800,390900,2836224.0000,3
2025-06-16,20250616105000000,sz.000968,7.2900,7.2900,7.2500,7.2600,450300,3271104.0000,3
2025-06-16,20250616105500000,sz.000968,7.2500,7.2800,7.2500,7.2600,202600,1471904.0000,3
2025-06-16,20250616110000000,sz.000968,7.2600,7.2700,7.2300,7.2300,710300,5151488.0000,3
2025-06-16,20250616110500000,sz.000968,7.2200,7.2300,7.1900,7.2000,590100,4252960.0000,3
2025-06-16,20250616111000000,sz.000968,7.2000,7.2100,7.2000,7.2100,221700,1598176.0000,3
2025-06-16,20250616111500000,sz.000968,7.2100,7.2300,7.2100,7.2100,307300,2217888.0000,3
2025-06-16,20250616112000000,sz.000968,7.2100,7.2100,7.1900,7.1900,291500,2098880.0000,3
2025-06-16,20250616112500000,sz.000968,7.1900,7.2000,7.1700,7.2000,537100,3859200.0000,3
2025-06-16,20250616113000000,sz.000968,7.1900,7.2100,7.1900,7.1900,334200,2405728.0000,3
2025-06-16,20250616130500000,sz.000968,7.1900,7.1900,7.1600,7.1600,902100,6476192.0000,3
2025-06-16,20250616131000000,sz.000968,7.1600,7.1700,7.1400,7.1700,605900,4333600.0000,3
2025-06-16,20250616131500000,sz.000968,7.1700,7.1700,7.1400,7.1400,474600,3395584.0000,3
2025-06-16,20250616132000000,sz.000968,7.1400,7.1500,7.1000,7.1100,1091100,7769952.0000,3
2025-06-16,20250616132500000,sz.000968,7.1100,7.1200,7.1100,7.1100,381600,2714784.0000,3
2025-06-16,20250616133000000,sz.000968,7.1200,7.1200,7.1000,7.1100,536700,3815776.0000,3
2025-06-16,20250616133500000,sz.000968,7.1100,7.1100,7.0600,7.0800,927500,6573312.0000,3
2025-06-16,20250616134000000,sz.000968,7.0700,7.0800,7.0600,7.0600,411700,2912256.0000,3
2025-06-16,20250616134500000,sz.000968,7.0700,7.0700,7.0200,7.0200,648000,4566208.0000,3
2025-06-16,20250616135000000,sz.000968,7.0200,7.0500,7.0100,7.0400,848900,5969600.0000,3
2025-06-16,20250616135500000,sz.000968,7.0400,7.0400,6.9900,6.9900,1018000,7136032.0000,3
2025-06-16,20250616140000000,sz.000968,6.9900,7.0200,6.9900,7.0000,757900,5308832.0000,3
2025-06-16,20250616140500000,sz.000968,6.9900,7.0700,6.9900,7.0400,831300,5853568.0000,3
2025-06-16,20250616141000000,sz.000968,7.0400,7.0900,7.0400,7.0600,399200,2821984.0000,3
2025-06-16,20250616141500000,sz.000968,7.0600,7.0800,7.0300,7.0700,422500,2977760.0000,3
2025-06-16,20250616142000000,sz.000968,7.0700,7.0700,7.0400,7.0500,303400,2142880.0000,3
2025-06-16,20250616142500000,sz.000968,7.0500,7.0800,7.0400,7.0700,415300,2931232.0000,3
2025-06-16,20250616143000000,sz.000968,7.0800,7.0900,7.0600,7.0800,432200,3058848.0000,3
2025-06-16,20250616143500000,sz.000968,7.0800,7.1200,7.0500,7.0500,581800,4121696.0000,3
2025-06-16,20250616144000000,sz.000968,7.0600,7.0600,7.0300,7.0300,610600,4298304.0000,3
2025-06-16,20250616144500000,sz.000968,7.0300,7.0500,7.0200,7.0300,711700,5005504.0000,3
2025-06-16,20250616145000000,sz.000968,7.0300,7.0600,7.0200,7.0500,757800,5335456.0000,3
2025-06-16,20250616145500000,sz.000968,7.0600,7.0900,7.0600,7.0800,653900,4626176.0000,3
2025-06-16,20250616150000000,sz.000968,7.0800,7.1100,7.0800,7.1000,740600,5255168.0000,3
2025-06-17,20250617093500000,sz.000968,7.0500,7.1400,6.9600,7.0500,8695900,61365384.0000,3
2025-06-17,20250617094000000,sz.000968,7.0500,7.0500,6.9900,7.0400,2927100,20515392.0000,3
2025-06-17,20250617094500000,sz.000968,7.0400,7.0900,7.0400,7.0700,1151000,8146472.0000,3
2025-06-17,20250617095000000,sz.000968,7.0700,7.1000,7.0500,7.0700,744800,5262704.0000,3
2025-06-17,20250617095500000,sz.000968,7.0700,7.0900,7.0500,7.0600,1125200,7951504.0000,3
2025-06-17,20250617100000000,sz.000968,7.0600,7.0600,7.0400,7.0400,1008400,7103912.0000,3
2025-06-17,20250617100500000,sz.000968,7.0500,7.0500,7.0000,7.0000,1770500,12421608.0000,3
2025-06-17,20250617101000000,sz.000968,7.0000,7.0200,7.0000,7.0100,778800,5462192.0000,3
2025-06-17,20250617101500000,sz.000968,7.0100,7.0500,7.0100,7.0400,573100,4025264.0000,3
2025-06-17,20250617102000000,sz.000968,7.0500,7.1000,7.0400,7.0900,526300,3724016.0000,3
2025-06-17,20250617102500000,sz.000968,7.0900,7.1400,7.0800,7.1400,868100,6162704.0000,3
2025-06-17,20250617103000000,sz.000968,7.1400,7.1900,7.1100,7.1900,1376200,9831952.0000,3
2025-06-17,20250617103500000,sz.000968,7.2000,7.2000,7.1500,7.1700,1927300,13842720.0000,3
2025-06-17,20250617104000000,sz.000968,7.1700,7.2300,7.1500,7.2300,1555200,11181472.0000,3
2025-06-17,20250617104500000,sz.000968,7.2300,7.3000,7.2200,7.2900,2259500,16436512.0000,3
2025-06-17,20250617105000000,sz.000968,7.3000,7.3400,7.2800,7.2800,2331400,17074192.0000,3
2025-06-17,20250617105500000,sz.000968,7.2900,7.3100,7.2600,7.2700,1053500,7674336.0000,3
2025-06-17,20250617110000000,sz.000968,7.2600,7.2800,7.2400,7.2700,489000,3549008.0000,3
2025-06-17,20250617110500000,sz.000968,7.2700,7.2700,7.2200,7.2200,713900,5177808.0000,3
2025-06-17,20250617111000000,sz.000968,7.2200,7.2400,7.2000,7.2300,715300,5162352.0000,3
2025-06-17,20250617111500000,sz.000968,7.2200,7.2800,7.2200,7.2300,369000,2674320.0000,3
2025-06-17,20250617112000000,sz.000968,7.2300,7.2400,7.2100,7.2300,375600,2714480.0000,3
2025-06-17,20250617112500000,sz.000968,7.2300,7.2600,7.2300,7.2400,278600,2018400.0000,3
2025-06-17,20250617113000000,sz.000968,7.2300,7.2400,7.2000,7.2100,430400,3107568.0000,3
2025-06-17,20250617130500000,sz.000968,7.2200,7.2800,7.2200,7.2600,440900,3195296.0000,3
2025-06-17,20250617131000000,sz.000968,7.2600,7.2800,7.2600,7.2600,315100,2292400.0000,3
2025-06-17,20250617131500000,sz.000968,7.2600,7.3100,7.2600,7.3000,819100,5972784.0000,3
2025-06-17,20250617132000000,sz.000968,7.3000,7.3000,7.2400,7.2700,326000,2366624.0000,3
2025-06-17,20250617132500000,sz.000968,7.2700,7.2800,7.2400,7.2400,436000,3163312.0000,3
2025-06-17,20250617133000000,sz.000968,7.2400,7.2800,7.2300,7.2700,392400,2848816.0000,3
2025-06-17,20250617133500000,sz.000968,7.2700,7.2900,7.2700,7.2800,281000,2044944.0000,3
2025-06-17,20250617134000000,sz.000968,7.2700,7.2800,7.2400,7.2400,503500,3655472.0000,3
2025-06-17,20250617134500000,sz.000968,7.2500,7.2700,7.2400,7.2500,218400,1584064.0000,3
2025-06-17,20250617135000000,sz.000968,7.2600,7.2600,7.2400,7.2400,226000,1638880.0000,3
2025-06-17,20250617135500000,sz.000968,7.2500,7.2600,7.2400,7.2500,476000,3448736.0000,3
2025-06-17,20250617140000000,sz.000968,7.2400,7.2600,7.2300,7.2600,290100,2100576.0000,3
2025-06-17,20250617140500000,sz.000968,7.2500,7.3000,7.2500,7.2700,1107500,8060352.0000,3
2025-06-17,20250617141000000,sz.000968,7.2700,7.2900,7.2600,7.2800,253000,1841888.0000,3
2025-06-17,20250617141500000,sz.000968,7.2800,7.2800,7.2600,7.2700,319900,2325696.0000,3
2025-06-17,20250617142000000,sz.000968,7.2700,7.2700,7.2400,7.2500,356300,2585024.0000,3
2025-06-17,20250617142500000,sz.000968,7.2500,7.3300,7.2500,7.3200,1262900,9206432.0000,3
2025-06-17,20250617143000000,sz.000968,7.3300,7.3300,7.2900,7.3100,1076400,7871808.0000,3
2025-06-17,20250617143500000,sz.000968,7.3100,7.3100,7.2900,7.3000,492700,3595680.0000,3
2025-06-17,20250617144000000,sz.000968,7.3000,7.3100,7.2900,7.3100,782900,5717856.0000,3
2025-06-17,20250617144500000,sz.000968,7.3100,7.3200,7.3000,7.3100,808000,5909472.0000,3
2025-06-17,20250617145000000,sz.000968,7.3200,7.3400,7.3100,7.3200,1254800,9194528.0000,3
2025-06-17,20250617145500000,sz.000968,7.3300,7.3400,7.3200,7.3300,1673900,12266912.0000,3
2025-06-17,20250617150000000,sz.000968,7.3300,7.3600,7.3200,7.3600,1560900,11469504.0000,3
2025-06-18,20250618093500000,sz.000968,7.4900,7.5000,7.3600,7.3600,9239300,68831136.0000,3
2025-06-18,20250618094000000,sz.000968,7.3600,7.3600,7.2900,7.3000,2216100,16227360.0000,3
2025-06-18,20250618094500000,sz.000968,7.3000,7.4900,7.3000,7.4100,2883500,21322696.0000,3
2025-06-18,20250618095000000,sz.000968,7.4100,7.4100,7.3100,7.3100,1950300,14335336.0000,3
2025-06-18,20250618095500000,sz.000968,7.3200,7.3300,7.2600,7.2600,1825000,13307472.0000,3
2025-06-18,20250618100000000,sz.000968,7.2600,7.3000,7.2500,7.2600,1275900,9287648.0000,3
2025-06-18,20250618100500000,sz.000968,7.2700,7.2700,7.2400,7.2600,1165900,8459168.0000,3
2025-06-18,20250618101000000,sz.000968,7.2600,7.2600,7.2100,7.2100,1629400,11780592.0000,3
2025-06-18,20250618101500000,sz.000968,7.2200,7.2700,7.2100,7.2600,899100,6513424.0000,3
2025-06-18,20250618102000000,sz.000968,7.2600,7.2900,7.2300,7.2700,1323200,9621120.0000,3
2025-06-18,20250618102500000,sz.000968,7.2600,7.2700,7.2300,7.2500,842000,6098752.0000,3
2025-06-18,20250618103000000,sz.000968,7.2600,7.2600,7.2300,7.2300,810900,5872736.0000,3
2025-06-18,20250618103500000,sz.000968,7.2400,7.2600,7.2300,7.2500,524800,3804464.0000,3
2025-06-18,20250618104000000,sz.000968,7.2500,7.2600,7.2400,7.2400,425400,3084672.0000,3
2025-06-18,20250618104500000,sz.000968,7.2400,7.2800,7.2200,7.2700,527000,3819584.0000,3
2025-06-18,20250618105000000,sz.000968,7.2700,7.2800,7.2300,7.2500,482500,3500448.0000,3
2025-06-18,20250618105500000,sz.000968,7.2500,7.2600,7.2400,7.2500,225300,1633696.0000,3
2025-06-18,20250618110000000,sz.000968,7.2600,7.2900,7.2400,7.2900,543100,3946992.0000,3
2025-06-18,20250618110500000,sz.000968,7.2900,7.3200,7.2600,7.2700,651700,4758736.0000,3
2025-06-18,20250618111000000,sz.000968,7.2600,7.2800,7.2400,7.2400,376400,2732976.0000,3
2025-06-18,20250618111500000,sz.000968,7.2500,7.2700,7.2400,7.2600,315500,2287920.0000,3
2025-06-18,20250618112000000,sz.000968,7.2600,7.2900,7.2600,7.2900,405000,2948464.0000,3
2025-06-18,20250618112500000,sz.000968,7.2800,7.2900,7.2500,7.2600,341900,2486912.0000,3
2025-06-18,20250618113000000,sz.000968,7.2600,7.3000,7.2600,7.2900,249300,1816896.0000,3
2025-06-18,20250618130500000,sz.000968,7.3000,7.3000,7.2300,7.2300,556500,4041280.0000,3
2025-06-18,20250618131000000,sz.000968,7.2300,7.2400,7.2200,7.2300,295700,2138000.0000,3
2025-06-18,20250618131500000,sz.000968,7.2200,7.2400,7.2200,7.2300,407200,2942832.0000,3
2025-06-18,20250618132000000,sz.000968,7.2400,7.2500,7.2200,7.2200,400900,2899760.0000,3
2025-06-18,20250618132500000,sz.000968,7.2200,7.2300,7.2100,7.2100,473100,3415232.0000,3
2025-06-18,20250618133000000,sz.000968,7.2200,7.2300,7.1900,7.1900,757300,5455952.0000,3
2025-06-18,20250618133500000,sz.000968,7.1800,7.2100,7.1800,7.1900,414200,2978000.0000,3
2025-06-18,20250618134000000,sz.000968,7.1900,7.2000,7.1900,7.1900,173700,1250032.0000,3
2025-06-18,20250618134500000,sz.000968,7.1900,7.2200,7.1900,7.2000,442100,3185696.0000,3
2025-06-18,20250618135000000,sz.000968,7.2100,7.2200,7.2000,7.2200,252200,1817920.0000,3
2025-06-18,20250618135500000,sz.000968,7.2200,7.2300,7.2100,7.2200,249200,1800352.0000,3
2025-06-18,20250618140000000,sz.000968,7.2100,7.2200,7.1900,7.2200,413300,2978016.0000,3
2025-06-18,20250618140500000,sz.000968,7.2200,7.2300,7.2000,7.2300,240500,1734768.0000,3
2025-06-18,20250618141000000,sz.000968,7.2300,7.2300,7.2100,7.2200,204300,1474848.0000,3
2025-06-18,20250618141500000,sz.000968,7.2200,7.2400,7.2200,7.2300,470700,3403280.0000,3
2025-06-18,20250618142000000,sz.000968,7.2200,7.2400,7.2200,7.2200,235600,1702592.0000,3
2025-06-18,20250618142500000,sz.000968,7.2200,7.2400,7.2200,7.2400,274500,1983968.0000,3
2025-06-18,20250618143000000,sz.000968,7.2300,7.2400,7.2200,7.2300,370700,2681120.0000,3
2025-06-18,20250618143500000,sz.000968,7.2300,7.2600,7.2300,7.2500,429700,3115264.0000,3
2025-06-18,20250618144000000,sz.000968,7.2600,7.2600,7.2300,7.2300,459300,3325984.0000,3
2025-06-18,20250618144500000,sz.000968,7.2300,7.2300,7.2000,7.2100,637200,4601088.0000,3
2025-06-18,20250618145000000,sz.000968,7.2200,7.2400,7.2100,7.2400,472800,3417696.0000,3
2025-06-18,20250618145500000,sz.000968,7.2400,7.2500,7.2300,7.2400,706400,5111072.0000,3
2025-06-18,20250618150000000,sz.000968,7.2300,7.2500,7.2300,7.2300,961700,6958336.0000,3
2025-06-19,20250619093500000,sz.000968,7.1900,7.2600,7.1200,7.1300,4229300,30391184.0000,3
2025-06-19,20250619094000000,sz.000968,7.1300,7.1700,7.0800,7.0900,2562600,18224272.0000,3
2025-06-19,20250619094500000,sz.000968,7.0800,7.1100,7.0700,7.1000,1824700,12932208.0000,3
2025-06-19,20250619095000000,sz.000968,7.1000,7.1700,7.1000,7.1600,1319500,9412672.0000,3
2025-06-19,20250619095500000,sz.000968,7.1800,7.1900,7.1400,7.1800,875100,6270008.0000,3
2025-06-19,20250619100000000,sz.000968,7.1900,7.1900,7.1200,7.1300,496500,3543064.0000,3
2025-06-19,20250619100500000,sz.000968,7.1300,7.1800,7.1200,7.1200,448800,3209304.0000,3
2025-06-19,20250619101000000,sz.000968,7.1300,7.1300,7.1000,7.1000,624900,4446960.0000,3
2025-06-19,20250619101500000,sz.000968,7.1000,7.1100,7.0700,7.0800,764900,5423520.0000,3
2025-06-19,20250619102000000,sz.000968,7.0700,7.0800,7.0600,7.0700,569300,4025728.0000,3
2025-06-19,20250619102500000,sz.000968,7.0700,7.1000,7.0700,7.0800,368700,2610848.0000,3
2025-06-19,20250619103000000,sz.000968,7.0700,7.0900,7.0700,7.0900,392100,2774912.0000,3
2025-06-19,20250619103500000,sz.000968,7.0900,7.0900,7.0500,7.0500,1104100,7795320.0000,3
2025-06-19,20250619104000000,sz.000968,7.0500,7.0700,7.0500,7.0600,635300,4480296.0000,3
2025-06-19,20250619104500000,sz.000968,7.0500,7.0900,7.0500,7.0900,559500,3959632.0000,3
2025-06-19,20250619105000000,sz.000968,7.0800,7.1000,7.0700,7.1000,308500,2185376.0000,3
2025-06-19,20250619105500000,sz.000968,7.0900,7.1100,7.0900,7.1100,270600,1920752.0000,3
2025-06-19,20250619110000000,sz.000968,7.1100,7.1100,7.0800,7.0900,236900,1681264.0000,3
2025-06-19,20250619110500000,sz.000968,7.0800,7.1000,7.0800,7.0900,388800,2754336.0000,3
2025-06-19,20250619111000000,sz.000968,7.1000,7.1000,7.0800,7.1000,149800,1062216.0000,3
2025-06-19,20250619111500000,sz.000968,7.0900,7.1000,7.0800,7.0900,203500,1442240.0000,3
2025-06-19,20250619112000000,sz.000968,7.0900,7.0900,7.0600,7.0800,511600,3620208.0000,3
2025-06-19,20250619112500000,sz.000968,7.0800,7.1000,7.0800,7.0900,293900,2083152.0000,3
2025-06-19,20250619113000000,sz.000968,7.1000,7.1700,7.0800,7.1600,872000,6201984.0000,3
2025-06-19,20250619130500000,sz.000968,7.1700,7.2600,7.1500,7.2600,2015000,14530608.0000,3
2025-06-19,20250619131000000,sz.000968,7.2600,7.6900,7.2600,7.6900,7212800,53645488.0000,3
2025-06-19,20250619131500000,sz.000968,7.6800,7.9000,7.6100,7.7600,6975400,53908080.0000,3
2025-06-19,20250619132000000,sz.000968,7.7800,7.9200,7.6700,7.9200,5449000,42671728.0000,3
2025-06-19,20250619132500000,sz.000968,7.9300,7.9500,7.9200,7.9500,5846200,46469216.0000,3
2025-06-19,20250619133000000,sz.000968,7.9500,7.9500,7.9500,7.9500,682600,5426432.0000,3
2025-06-19,20250619133500000,sz.000968,7.9500,7.9500,7.9500,7.9500,501800,3989312.0000,3
2025-06-19,20250619134000000,sz.000968,7.9500,7.9500,7.9500,7.9500,548600,4361376.0000,3
2025-06-19,20250619134500000,sz.000968,7.9500,7.9500,7.9500,7.9500,481800,3830304.0000,3
2025-06-19,20250619135000000,sz.000968,7.9500,7.9500,7.9500,7.9500,289200,2298912.0000,3
2025-06-19,20250619135500000,sz.000968,7.9500,7.9500,7.9500,7.9500,1566200,12451296.0000,3
2025-06-19,20250619140000000,sz.000968,7.9500,7.9500,7.9500,7.9500,346300,2753088.0000,3
2025-06-19,20250619140500000,sz.000968,7.9500,7.9500,7.9500,7.9500,1897700,15086720.0000,3
2025-06-19,20250619141000000,sz.000968,7.9500,7.9500,7.9500,7.9500,261700,2080512.0000,3
2025-06-19,20250619141500000,sz.000968,7.9500,7.9500,7.9500,7.9500,195700,1555808.0000,3
2025-06-19,20250619142000000,sz.000968,7.9500,7.9500,7.9500,7.9500,384700,3058368.0000,3
2025-06-19,20250619142500000,sz.000968,7.9500,7.9500,7.9500,7.9500,637300,5066528.0000,3
2025-06-19,20250619143000000,sz.000968,7.9500,7.9500,7.9500,7.9500,103800,825216.0000,3
2025-06-19,20250619143500000,sz.000968,7.9500,7.9500,7.9500,7.9500,155500,1236224.0000,3
2025-06-19,20250619144000000,sz.000968,7.9500,7.9500,7.9500,7.9500,331000,2631456.0000,3
2025-06-19,20250619144500000,sz.000968,7.9500,7.9500,7.9500,7.9500,268400,2133760.0000,3
2025-06-19,20250619145000000,sz.000968,7.9500,7.9500,7.9500,7.9500,187400,1489824.0000,3
2025-06-19,20250619145500000,sz.000968,7.9500,7.9500,7.9500,7.9500,700600,5569792.0000,3
2025-06-19,20250619150000000,sz.000968,7.9500,7.9500,7.9500,7.9500,473300,3763264.0000,3
2025-06-20,20250620093500000,sz.000968,8.0000,8.3000,7.7400,8.3000,22844300,182892448.0000,3
2025-06-20,20250620094000000,sz.000968,8.2800,8.3300,8.0200,8.0800,12071200,99463040.0000,3
2025-06-20,20250620094500000,sz.000968,8.0800,8.1000,7.9500,8.0200,5686900,45605248.0000,3
2025-06-20,20250620095000000,sz.000968,8.0500,8.1900,8.0200,8.1300,4956900,40028160.0000,3
2025-06-20,20250620095500000,sz.000968,8.1200,8.2500,8.0000,8.2500,2691100,21790176.0000,3
2025-06-20,20250620100000000,sz.000968,8.2600,8.5600,8.2600,8.3500,8544000,71760160.0000,3
2025-06-20,20250620100500000,sz.000968,8.3500,8.3800,8.2200,8.3000,3236900,26903648.0000,3
2025-06-20,20250620101000000,sz.000968,8.3000,8.3000,8.2100,8.2900,1560000,12862432.0000,3
2025-06-20,20250620101500000,sz.000968,8.2900,8.4000,8.2200,8.3200,1851000,15401184.0000,3
2025-06-20,20250620102000000,sz.000968,8.3200,8.3900,8.3200,8.3800,1423000,11903808.0000,3
2025-06-20,20250620102500000,sz.000968,8.3800,8.3800,8.2300,8.3100,1638300,13600128.0000,3
2025-06-20,20250620103000000,sz.000968,8.3000,8.3200,8.2200,8.2800,966700,7987972.0000,3
2025-06-20,20250620103500000,sz.000968,8.2900,8.2900,8.1800,8.1800,1261500,10384124.0000,3
2025-06-20,20250620104000000,sz.000968,8.1800,8.1900,8.0200,8.1900,2162600,17533186.0000,3
2025-06-20,20250620104500000,sz.000968,8.1900,8.2400,8.1200,8.2400,925700,7563390.0000,3
2025-06-20,20250620105000000,sz.000968,8.2500,8.2500,8.1200,8.1600,588700,4809984.0000,3
2025-06-20,20250620105500000,sz.000968,8.1600,8.1600,8.0100,8.0600,1597800,12900352.0000,3
2025-06-20,20250620110000000,sz.000968,8.0500,8.1500,8.0300,8.1300,925000,7474179.0000,3
2025-06-20,20250620110500000,sz.000968,8.1200,8.1400,8.0400,8.0900,907600,7347134.0000,3
2025-06-20,20250620111000000,sz.000968,8.0900,8.1500,8.0800,8.1300,667900,5421945.0000,3
2025-06-20,20250620111500000,sz.000968,8.1300,8.1500,8.0800,8.0900,615900,4994436.0000,3
2025-06-20,20250620112000000,sz.000968,8.0900,8.1400,8.0900,8.1200,581400,4716550.0000,3
2025-06-20,20250620112500000,sz.000968,8.1300,8.2000,8.1000,8.2000,614700,5007162.0000,3
2025-06-20,20250620113000000,sz.000968,8.2000,8.2200,8.1800,8.2100,540400,4431620.0000,3
2025-06-20,20250620130500000,sz.000968,8.2300,8.3000,8.2200,8.3000,1250300,10325310.0000,3
2025-06-20,20250620131000000,sz.000968,8.3000,8.3400,8.2100,8.2100,1025200,8474752.0000,3
2025-06-20,20250620131500000,sz.000968,8.2100,8.2200,8.1600,8.2100,412600,3378246.0000,3
2025-06-20,20250620132000000,sz.000968,8.2100,8.2500,8.1800,8.1900,541200,4439540.0000,3
2025-06-20,20250620132500000,sz.000968,8.1900,8.2000,8.1600,8.1600,407800,3336382.0000,3
2025-06-20,20250620133000000,sz.000968,8.1700,8.1900,8.1600,8.1900,327200,2673484.0000,3
2025-06-20,20250620133500000,sz.000968,8.2000,8.2500,8.2000,8.2400,414500,3408891.0000,3
2025-06-20,20250620134000000,sz.000968,8.2400,8.3500,8.2000,8.3500,1029300,8537153.0000,3
2025-06-20,20250620134500000,sz.000968,8.3500,8.4000,8.2800,8.3200,1185800,9903680.0000,3
2025-06-20,20250620135000000,sz.000968,8.3300,8.3300,8.2400,8.2700,760200,6294848.0000,3
2025-06-20,20250620135500000,sz.000968,8.2700,8.3100,8.2500,8.2800,362700,3000640.0000,3
2025-06-20,20250620140000000,sz.000968,8.2700,8.2800,8.2300,8.2300,373100,3081344.0000,3
2025-06-20,20250620140500000,sz.000968,8.2300,8.2400,8.1800,8.1900,363800,2985087.0000,3
2025-06-20,20250620141000000,sz.000968,8.2000,8.2100,8.1600,8.1800,516800,4231680.0000,3
2025-06-20,20250620141500000,sz.000968,8.1800,8.2700,8.1700,8.2500,576300,4743681.0000,3
2025-06-20,20250620142000000,sz.000968,8.2500,8.2600,8.1800,8.1800,390200,3208768.0000,3
2025-06-20,20250620142500000,sz.000968,8.1900,8.2500,8.1800,8.2000,355500,2919363.0000,3
2025-06-20,20250620143000000,sz.000968,8.2000,8.2400,8.1900,8.2300,380700,3128701.0000,3
2025-06-20,20250620143500000,sz.000968,8.2300,8.2400,8.1900,8.1900,574100,4714113.0000,3
2025-06-20,20250620144000000,sz.000968,8.1900,8.2100,8.1000,8.1000,1129200,9226239.0000,3
2025-06-20,20250620144500000,sz.000968,8.1000,8.1600,8.0800,8.0800,1149700,9328642.0000,3
2025-06-20,20250620145000000,sz.000968,8.0800,8.1000,8.0000,8.0600,1923200,15500158.0000,3
2025-06-20,20250620145500000,sz.000968,8.0700,8.1100,8.0400,8.1100,1791100,14454074.0000,3
2025-06-20,20250620150000000,sz.000968,8.1100,8.1200,8.0900,8.1000,1865300,15113024.0000,3
2025-06-23,20250623093500000,sz.000968,8.5600,8.8900,8.3600,8.3600,26045000,224266528.0000,3
2025-06-23,20250623094000000,sz.000968,8.3500,8.5800,8.3400,8.3400,6924700,58516416.0000,3
2025-06-23,20250623094500000,sz.000968,8.3400,8.3700,8.2100,8.2500,5032200,41657952.0000,3
2025-06-23,20250623095000000,sz.000968,8.2600,8.2600,8.1800,8.1900,3682400,30248192.0000,3
2025-06-23,20250623095500000,sz.000968,8.1900,8.3700,8.1700,8.2900,2872700,23756864.0000,3
2025-06-23,20250623100000000,sz.000968,8.2900,8.3300,8.2900,8.3200,1729400,14360640.0000,3
2025-06-23,20250623100500000,sz.000968,8.3100,8.3200,8.2100,8.2800,1539400,12727968.0000,3
2025-06-23,20250623101000000,sz.000968,8.2800,8.3000,8.2300,8.2300,1397200,11566272.0000,3
2025-06-23,20250623101500000,sz.000968,8.2400,8.2900,8.2300,8.2600,934500,7719072.0000,3
2025-06-23,20250623102000000,sz.000968,8.2500,8.2800,8.2300,8.2700,890400,7350336.0000,3
2025-06-23,20250623102500000,sz.000968,8.2600,8.3100,8.2600,8.3100,1292900,10710368.0000,3
2025-06-23,20250623103000000,sz.000968,8.3000,8.4500,8.3000,8.3700,2168500,18206912.0000,3
2025-06-23,20250623103500000,sz.000968,8.3800,8.3800,8.2900,8.3600,986900,8222080.0000,3
2025-06-23,20250623104000000,sz.000968,8.3600,8.3700,8.3100,8.3100,637100,5313600.0000,3
2025-06-23,20250623104500000,sz.000968,8.3200,8.3500,8.3100,8.3300,474700,3956768.0000,3
2025-06-23,20250623105000000,sz.000968,8.3200,8.3300,8.2800,8.2900,714400,5926560.0000,3
2025-06-23,20250623105500000,sz.000968,8.2800,8.3400,8.2600,8.3200,865600,7173472.0000,3
2025-06-23,20250623110000000,sz.000968,8.3200,8.3200,8.2800,8.3000,370900,3078304.0000,3
2025-06-23,20250623110500000,sz.000968,8.2900,8.3900,8.2900,8.3600,728300,6079840.0000,3
2025-06-23,20250623111000000,sz.000968,8.3500,8.3900,8.3300,8.3800,803300,6720512.0000,3
2025-06-23,20250623111500000,sz.000968,8.3800,8.4000,8.3700,8.3700,534900,4486432.0000,3
2025-06-23,20250623112000000,sz.000968,8.3700,8.3800,8.3100,8.3400,486000,4053536.0000,3
2025-06-23,20250623112500000,sz.000968,8.3500,8.3800,8.3500,8.3700,383400,3204896.0000,3
2025-06-23,20250623113000000,sz.000968,8.3700,8.3800,8.3700,8.3700,336800,2820864.0000,3
2025-06-23,20250623130500000,sz.000968,8.3800,8.3800,8.2800,8.3000,1271900,10586432.0000,3
2025-06-23,20250623131000000,sz.000968,8.3000,8.3000,8.2500,8.2600,935300,7733728.0000,3
2025-06-23,20250623131500000,sz.000968,8.2600,8.2700,8.2200,8.2400,869700,7171776.0000,3
2025-06-23,20250623132000000,sz.000968,8.2500,8.2600,8.2300,8.2400,536600,4421952.0000,3
2025-06-23,20250623132500000,sz.000968,8.2400,8.2500,8.2300,8.2500,543700,4480384.0000,3
2025-06-23,20250623133000000,sz.000968,8.2500,8.2500,8.2200,8.2400,735700,6056320.0000,3
2025-06-23,20250623133500000,sz.000968,8.2400,8.2400,8.1800,8.1900,1431000,11745088.0000,3
2025-06-23,20250623134000000,sz.000968,8.1900,8.2200,8.1600,8.2100,1348300,11019840.0000,3
2025-06-23,20250623134500000,sz.000968,8.2200,8.2700,8.2000,8.2000,769400,6338560.0000,3
2025-06-23,20250623135000000,sz.000968,8.2000,8.2500,8.2000,8.2500,386000,3176832.0000,3
2025-06-23,20250623135500000,sz.000968,8.2400,8.2500,8.2000,8.2100,447500,3678464.0000,3
2025-06-23,20250623140000000,sz.000968,8.2000,8.2300,8.2000,8.2300,362400,2974976.0000,3
2025-06-23,20250623140500000,sz.000968,8.2200,8.2300,8.2100,8.2100,366900,3015808.0000,3
2025-06-23,20250623141000000,sz.000968,8.2200,8.2400,8.2100,8.2300,359400,2954560.0000,3
2025-06-23,20250623141500000,sz.000968,8.2400,8.2400,8.2100,8.2200,539500,4438080.0000,3
2025-06-23,20250623142000000,sz.000968,8.2200,8.2400,8.2100,8.2300,373400,3071616.0000,3
2025-06-23,20250623142500000,sz.000968,8.2300,8.2300,8.2100,8.2100,504600,4147136.0000,3
2025-06-23,20250623143000000,sz.000968,8.2100,8.2200,8.2000,8.2100,723800,5942400.0000,3
2025-06-23,20250623143500000,sz.000968,8.2100,8.2500,8.2100,8.2400,876400,7213312.0000,3
2025-06-23,20250623144000000,sz.000968,8.2400,8.2500,8.2200,8.2200,613500,5052608.0000,3
2025-06-23,20250623144500000,sz.000968,8.2200,8.2300,8.2100,8.2200,899000,7385984.0000,3
2025-06-23,20250623145000000,sz.000968,8.2200,8.2300,8.2000,8.2200,1481300,12168512.0000,3
2025-06-23,20250623145500000,sz.000968,8.2200,8.2300,8.2200,8.2200,1446800,11898432.0000,3
2025-06-23,20250623150000000,sz.000968,8.2200,8.2400,8.2200,8.2400,2519900,20739456.0000,3
2025-06-24,20250624093500000,sz.000968,7.4200,7.4300,7.4200,7.4200,12597400,93477104.0000,3
2025-06-24,20250624094000000,sz.000968,7.4200,7.4200,7.4200,7.4200,1822900,13525920.0000,3
2025-06-24,20250624094500000,sz.000968,7.4200,7.4200,7.4200,7.4200,384300,2851504.0000,3
2025-06-24,20250624095000000,sz.000968,7.4200,7.4200,7.4200,7.4200,399300,2962808.0000,3
2025-06-24,20250624095500000,sz.000968,7.4200,7.4200,7.4200,7.4200,240900,1787472.0000,3
2025-06-24,20250624100000000,sz.000968,7.4200,7.4200,7.4200,7.4200,350800,2602936.0000,3
2025-06-24,20250624100500000,sz.000968,7.4200,7.4200,7.4200,7.4200,295400,2191872.0000,3
2025-06-24,20250624101000000,sz.000968,7.4200,7.4200,7.4200,7.4200,354600,2631128.0000,3
2025-06-24,20250624101500000,sz.000968,7.4200,7.4200,7.4200,7.4200,191700,1422416.0000,3
2025-06-24,20250624102000000,sz.000968,7.4200,7.4200,7.4200,7.4200,432500,3209152.0000,3
2025-06-24,20250624102500000,sz.000968,7.4200,7.4200,7.4200,7.4200,259700,1926976.0000,3
2025-06-24,20250624103000000,sz.000968,7.4200,7.4200,7.4200,7.4200,241200,1789704.0000,3
2025-06-24,20250624103500000,sz.000968,7.4200,7.4200,7.4200,7.4200,829300,6153408.0000,3
2025-06-24,20250624104000000,sz.000968,7.4200,7.4200,7.4200,7.4200,555700,4123296.0000,3
2025-06-24,20250624104500000,sz.000968,7.4200,7.4200,7.4200,7.4200,813400,6035424.0000,3
2025-06-24,20250624105000000,sz.000968,7.4200,7.4700,7.4200,7.4300,8149900,60495408.0000,3
2025-06-24,20250624105500000,sz.000968,7.4600,7.4900,7.4200,7.4500,5163000,38451824.0000,3
2025-06-24,20250624110000000,sz.000968,7.4400,7.4500,7.4200,7.4400,2846800,21155136.0000,3
2025-06-24,20250624110500000,sz.000968,7.4300,7.5300,7.4300,7.4500,2353100,17626928.0000,3
2025-06-24,20250624111000000,sz.000968,7.4500,7.4800,7.4200,7.4200,2225400,16560768.0000,3
2025-06-24,20250624111500000,sz.000968,7.4300,7.4300,7.4200,7.4200,2849700,21145536.0000,3
2025-06-24,20250624112000000,sz.000968,7.4200,7.4300,7.4200,7.4200,1452000,10774176.0000,3
2025-06-24,20250624112500000,sz.000968,7.4200,7.4200,7.4200,7.4200,425400,3156608.0000,3
2025-06-24,20250624113000000,sz.000968,7.4200,7.4300,7.4200,7.4200,1191400,8840256.0000,3
2025-06-24,20250624130500000,sz.000968,7.4200,7.4200,7.4200,7.4200,1055100,7829312.0000,3
2025-06-24,20250624131000000,sz.000968,7.4200,7.4200,7.4200,7.4200,268100,1989312.0000,3
2025-06-24,20250624131500000,sz.000968,7.4200,7.4200,7.4200,7.4200,136400,1012096.0000,3
2025-06-24,20250624132000000,sz.000968,7.4200,7.4200,7.4200,7.4200,84100,624000.0000,3
2025-06-24,20250624132500000,sz.000968,7.4200,7.4200,7.4200,7.4200,59100,438528.0000,3
2025-06-24,20250624133000000,sz.000968,7.4200,7.4200,7.4200,7.4200,97300,721984.0000,3
2025-06-24,20250624133500000,sz.000968,7.4200,7.4200,7.4200,7.4200,220100,1633120.0000,3
2025-06-24,20250624134000000,sz.000968,7.4200,7.4200,7.4200,7.4200,176300,1308160.0000,3
2025-06-24,20250624134500000,sz.000968,7.4200,7.4200,7.4200,7.4200,161900,1201280.0000,3
2025-06-24,20250624135000000,sz.000968,7.4200,7.4200,7.4200,7.4200,129900,963872.0000,3
2025-06-24,20250624135500000,sz.000968,7.4200,7.4200,7.4200,7.4200,73100,542400.0000,3
2025-06-24,20250624140000000,sz.000968,7.4200,7.4200,7.4200,7.4200,74300,551296.0000,3
2025-06-24,20250624140500000,sz.000968,7.4200,7.4200,7.4200,7.4200,98800,733120.0000,3
2025-06-24,20250624141000000,sz.000968,7.4200,7.4200,7.4200,7.4200,127500,946048.0000,3
2025-06-24,20250624141500000,sz.000968,7.4200,7.4200,7.4200,7.4200,43100,319776.0000,3
2025-06-24,20250624142000000,sz.000968,7.4200,7.4200,7.4200,7.4200,59900,444480.0000,3
2025-06-24,20250624142500000,sz.000968,7.4200,7.4200,7.4200,7.4200,51400,381376.0000,3
2025-06-24,20250624143000000,sz.000968,7.4200,7.4200,7.4200,7.4200,60000,445216.0000,3
2025-06-24,20250624143500000,sz.000968,7.4200,7.4200,7.4200,7.4200,28400,210720.0000,3
2025-06-24,20250624144000000,sz.000968,7.4200,7.4200,7.4200,7.4200,122100,905984.0000,3
2025-06-24,20250624144500000,sz.000968,7.4200,7.4200,7.4200,7.4200,204300,1515904.0000,3
2025-06-24,20250624145000000,sz.000968,7.4200,7.4200,7.4200,7.4200,98100,727904.0000,3
2025-06-24,20250624145500000,sz.000968,7.4200,7.4200,7.4200,7.4200,147000,1090720.0000,3
2025-06-24,20250624150000000,sz.000968,7.4200,7.4200,7.4200,7.4200,153700,1140480.0000,3
2025-06-25,20250625093500000,sz.000968,7.1600,7.1800,7.0100,7.1000,14106200,100044128.0000,3
2025-06-25,20250625094000000,sz.000968,7.1000,7.1000,7.0200,7.0700,3778300,26660136.0000,3
2025-06-25,20250625094500000,sz.000968,7.0800,7.0900,7.0500,7.0600,1891400,13362008.0000,3
2025-06-25,20250625095000000,sz.000968,7.0600,7.0700,7.0500,7.0600,2019800,14257488.0000,3
2025-06-25,20250625095500000,sz.000968,7.0600,7.0700,7.0300,7.0400,1874200,13204528.0000,3
2025-06-25,20250625100000000,sz.000968,7.0400,7.0500,7.0200,7.0400,2098300,14757856.0000,3
2025-06-25,20250625100500000,sz.000968,7.0300,7.0500,7.0300,7.0500,1154500,8125232.0000,3
2025-06-25,20250625101000000,sz.000968,7.0400,7.0500,7.0300,7.0300,1158300,8153968.0000,3
2025-06-25,20250625101500000,sz.000968,7.0300,7.0400,7.0200,7.0200,1202000,8450784.0000,3
2025-06-25,20250625102000000,sz.000968,7.0200,7.0300,7.0200,7.0300,858900,6032864.0000,3
2025-06-25,20250625102500000,sz.000968,7.0300,7.0600,7.0200,7.0500,872500,6137120.0000,3
2025-06-25,20250625103000000,sz.000968,7.0500,7.0700,7.0400,7.0400,552600,3897088.0000,3
2025-06-25,20250625103500000,sz.000968,7.0400,7.0500,7.0200,7.0400,668300,4700128.0000,3
2025-06-25,20250625104000000,sz.000968,7.0400,7.0500,7.0300,7.0300,676900,4762464.0000,3
2025-06-25,20250625104500000,sz.000968,7.0400,7.0400,7.0300,7.0300,539000,3791536.0000,3
2025-06-25,20250625105000000,sz.000968,7.0300,7.0400,7.0100,7.0200,1384600,9718784.0000,3
2025-06-25,20250625105500000,sz.000968,7.0100,7.0400,7.0100,7.0400,429300,3015824.0000,3
2025-06-25,20250625110000000,sz.000968,7.0300,7.0300,7.0200,7.0300,394800,2774352.0000,3
2025-06-25,20250625110500000,sz.000968,7.0300,7.0300,7.0200,7.0200,212300,1491632.0000,3
2025-06-25,20250625111000000,sz.000968,7.0300,7.0500,7.0200,7.0400,354000,2490832.0000,3
2025-06-25,20250625111500000,sz.000968,7.0400,7.0500,7.0300,7.0300,400000,2813616.0000,3
2025-06-25,20250625112000000,sz.000968,7.0400,7.0400,7.0300,7.0300,314300,2210560.0000,3
2025-06-25,20250625112500000,sz.000968,7.0200,7.1000,7.0200,7.1000,924300,6515680.0000,3
2025-06-25,20250625113000000,sz.000968,7.1000,7.1100,7.0700,7.1000,1588400,11277376.0000,3
2025-06-25,20250625130500000,sz.000968,7.1100,7.1300,7.0800,7.1100,907500,6448960.0000,3
2025-06-25,20250625131000000,sz.000968,7.1000,7.1100,7.0600,7.0600,603300,4275776.0000,3
2025-06-25,20250625131500000,sz.000968,7.0700,7.1200,7.0600,7.1100,483000,3424320.0000,3
2025-06-25,20250625132000000,sz.000968,7.1100,7.1100,7.1000,7.1100,431700,3066848.0000,3
2025-06-25,20250625132500000,sz.000968,7.1100,7.1100,7.0900,7.0900,503000,3573056.0000,3
2025-06-25,20250625133000000,sz.000968,7.1000,7.1100,7.0900,7.0900,352000,2498368.0000,3
2025-06-25,20250625133500000,sz.000968,7.0900,7.1300,7.0900,7.1300,504100,3584576.0000,3
2025-06-25,20250625134000000,sz.000968,7.1300,7.1300,7.1100,7.1200,409300,2913728.0000,3
2025-06-25,20250625134500000,sz.000968,7.1100,7.1400,7.1100,7.1300,386100,2751424.0000,3
2025-06-25,20250625135000000,sz.000968,7.1300,7.1300,7.1100,7.1200,330600,2353600.0000,3
2025-06-25,20250625135500000,sz.000968,7.1100,7.1200,7.1100,7.1200,292800,2084032.0000,3
2025-06-25,20250625140000000,sz.000968,7.1100,7.1200,7.1000,7.1100,424200,3014720.0000,3
2025-06-25,20250625140500000,sz.000968,7.1000,7.1200,7.1000,7.1200,376200,2675136.0000,3
2025-06-25,20250625141000000,sz.000968,7.1200,7.1200,7.1100,7.1200,455900,3244672.0000,3
2025-06-25,20250625141500000,sz.000968,7.1100,7.1300,7.1100,7.1300,808800,5755872.0000,3
2025-06-25,20250625142000000,sz.000968,7.1200,7.1400,7.1200,7.1400,566300,4039776.0000,3
2025-06-25,20250625142500000,sz.000968,7.1300,7.1400,7.1200,7.1400,701400,5001728.0000,3
2025-06-25,20250625143000000,sz.000968,7.1400,7.1400,7.1100,7.1200,780200,5561408.0000,3
2025-06-25,20250625143500000,sz.000968,7.1100,7.1200,7.1000,7.1100,676300,4810912.0000,3
2025-06-25,20250625144000000,sz.000968,7.1200,7.1200,7.1100,7.1200,470300,3345248.0000,3
2025-06-25,20250625144500000,sz.000968,7.1100,7.1500,7.1100,7.1400,1275900,9101600.0000,3
2025-06-25,20250625145000000,sz.000968,7.1400,7.1400,7.1300,7.1400,947600,6762720.0000,3
2025-06-25,20250625145500000,sz.000968,7.1400,7.1700,7.1300,7.1700,1948900,13939648.0000,3
2025-06-25,20250625150000000,sz.000968,7.1700,7.2400,7.1700,7.2400,2318400,16729088.0000,3
2025-06-26,20250626093500000,sz.000968,7.1500,7.1500,7.0900,7.0900,4257700,30339676.0000,3
2025-06-26,20250626094000000,sz.000968,7.1000,7.1200,7.0900,7.1200,1753200,12439304.0000,3
2025-06-26,20250626094500000,sz.000968,7.1200,7.1400,7.1100,7.1300,947100,6752432.0000,3
2025-06-26,20250626095000000,sz.000968,7.1300,7.1300,7.1000,7.1100,881900,6272436.0000,3
2025-06-26,20250626095500000,sz.000968,7.1100,7.1200,7.1000,7.1100,680100,4836544.0000,3
2025-06-26,20250626100000000,sz.000968,7.1200,7.1200,7.1100,7.1200,978700,6964584.0000,3
2025-06-26,20250626100500000,sz.000968,7.1100,7.1300,7.1100,7.1200,526200,3745216.0000,3
2025-06-26,20250626101000000,sz.000968,7.1200,7.1300,7.1100,7.1300,425500,3028896.0000,3
2025-06-26,20250626101500000,sz.000968,7.1200,7.1300,7.1100,7.1200,514800,3666672.0000,3
2025-06-26,20250626102000000,sz.000968,7.1200,7.1200,7.0900,7.1000,1197100,8506512.0000,3
2025-06-26,20250626102500000,sz.000968,7.1000,7.1100,7.0900,7.1000,481600,3419992.0000,3
2025-06-26,20250626103000000,sz.000968,7.1000,7.1100,7.1000,7.1000,372200,2644944.0000,3
2025-06-26,20250626103500000,sz.000968,7.1000,7.1100,7.1000,7.1000,493200,3504544.0000,3
2025-06-26,20250626104000000,sz.000968,7.1000,7.1100,7.0900,7.1000,587500,4171376.0000,3
2025-06-26,20250626104500000,sz.000968,7.1000,7.1000,7.0900,7.0900,959600,6804680.0000,3
2025-06-26,20250626105000000,sz.000968,7.0900,7.0900,7.0800,7.0800,566800,4015240.0000,3
2025-06-26,20250626105500000,sz.000968,7.0800,7.1100,7.0800,7.0900,1046000,7414008.0000,3
2025-06-26,20250626110000000,sz.000968,7.1000,7.1100,7.0900,7.0900,431000,3057328.0000,3
2025-06-26,20250626110500000,sz.000968,7.0800,7.0900,7.0800,7.0900,595300,4217720.0000,3
2025-06-26,20250626111000000,sz.000968,7.0900,7.1000,7.0800,7.1000,248000,1759032.0000,3
2025-06-26,20250626111500000,sz.000968,7.0900,7.1000,7.0900,7.1000,242100,1718160.0000,3
2025-06-26,20250626112000000,sz.000968,7.1000,7.1000,7.0900,7.0900,231100,1639872.0000,3
2025-06-26,20250626112500000,sz.000968,7.1000,7.1000,7.0900,7.0900,196500,1394432.0000,3
2025-06-26,20250626113000000,sz.000968,7.0900,7.1000,7.0900,7.0900,517800,3671744.0000,3
2025-06-26,20250626130500000,sz.000968,7.1000,7.1000,7.0800,7.0900,1028200,7287696.0000,3
2025-06-26,20250626131000000,sz.000968,7.0800,7.0900,7.0800,7.0800,443000,3137424.0000,3
2025-06-26,20250626131500000,sz.000968,7.0800,7.0900,7.0700,7.0800,732200,5179296.0000,3
2025-06-26,20250626132000000,sz.000968,7.0700,7.0800,7.0600,7.0600,607700,4293856.0000,3
2025-06-26,20250626132500000,sz.000968,7.0600,7.0800,7.0600,7.0700,398200,2815344.0000,3
2025-06-26,20250626133000000,sz.000968,7.0700,7.0800,7.0600,7.0700,331400,2343376.0000,3
2025-06-26,20250626133500000,sz.000968,7.0700,7.0800,7.0600,7.0700,287300,2030864.0000,3
2025-06-26,20250626134000000,sz.000968,7.0700,7.0800,7.0700,7.0700,684700,4840016.0000,3
2025-06-26,20250626134500000,sz.000968,7.0800,7.0900,7.0700,7.0900,386600,2736576.0000,3
2025-06-26,20250626135000000,sz.000968,7.0800,7.0900,7.0700,7.0900,374900,2654288.0000,3
2025-06-26,20250626135500000,sz.000968,7.0800,7.1600,7.0800,7.1500,1800500,12831152.0000,3
2025-06-26,20250626140000000,sz.000968,7.1500,7.2800,7.1500,7.2700,5176300,37347136.0000,3
2025-06-26,20250626140500000,sz.000968,7.2700,7.3700,7.2400,7.3600,5441400,39848192.0000,3
2025-06-26,20250626141000000,sz.000968,7.3500,7.4400,7.3400,7.3700,4629000,34240704.0000,3
2025-06-26,20250626141500000,sz.000968,7.3600,7.3600,7.2700,7.3300,2311200,16924448.0000,3
2025-06-26,20250626142000000,sz.000968,7.3300,7.3800,7.3300,7.3600,1396200,10269568.0000,3
2025-06-26,20250626142500000,sz.000968,7.3600,7.3600,7.3000,7.3000,1252000,9190304.0000,3
2025-06-26,20250626143000000,sz.000968,7.3000,7.3100,7.2700,7.3000,919100,6703616.0000,3
2025-06-26,20250626143500000,sz.000968,7.3000,7.3400,7.2900,7.3200,520600,3809664.0000,3
2025-06-26,20250626144000000,sz.000968,7.3200,7.3300,7.2900,7.2900,490600,3583616.0000,3
2025-06-26,20250626144500000,sz.000968,7.2900,7.3100,7.2900,7.3000,604200,4410656.0000,3
2025-06-26,20250626145000000,sz.000968,7.3100,7.3200,7.3000,7.3100,630700,4608480.0000,3
2025-06-26,20250626145500000,sz.000968,7.3200,7.3300,7.3100,7.3200,1154600,8454208.0000,3
2025-06-26,20250626150000000,sz.000968,7.3200,7.3200,7.3100,7.3200,1174400,8592544.0000,3
2025-06-27,20250627093500000,sz.000968,7.1700,7.1700,7.1100,7.1200,4489500,32024594.0000,3
2025-06-27,20250627094000000,sz.000968,7.1200,7.1300,7.1100,7.1200,1687200,12009422.0000,3
2025-06-27,20250627094500000,sz.000968,7.1200,7.1600,7.1200,7.1400,1043500,7446604.0000,3
2025-06-27,20250627095000000,sz.000968,7.1400,7.1800,7.1300,7.1500,920900,6592072.0000,3
2025-06-27,20250627095500000,sz.000968,7.1500,7.1900,7.1500,7.1800,989400,7087968.0000,3
2025-06-27,20250627100000000,sz.000968,7.1900,7.1900,7.1500,7.1500,886900,6358748.0000,3
2025-06-27,20250627100500000,sz.000968,7.1500,7.1800,7.1500,7.1800,552000,3953312.0000,3
2025-06-27,20250627101000000,sz.000968,7.1700,7.2000,7.1700,7.1900,619000,4448440.0000,3
2025-06-27,20250627101500000,sz.000968,7.1800,7.1900,7.1600,7.1800,916900,6579352.0000,3
2025-06-27,20250627102000000,sz.000968,7.1800,7.2000,7.1700,7.1800,484300,3480024.0000,3
2025-06-27,20250627102500000,sz.000968,7.1900,7.2000,7.1700,7.2000,400600,2878016.0000,3
2025-06-27,20250627103000000,sz.000968,7.1900,7.2100,7.1900,7.1900,337500,2429640.0000,3
2025-06-27,20250627103500000,sz.000968,7.1900,7.2000,7.1700,7.1800,591700,4247472.0000,3
2025-06-27,20250627104000000,sz.000968,7.1700,7.1800,7.1600,7.1800,405500,2906928.0000,3
2025-06-27,20250627104500000,sz.000968,7.1800,7.1900,7.1700,7.1800,601200,4315968.0000,3
2025-06-27,20250627105000000,sz.000968,7.1900,7.1900,7.1700,7.1700,248000,1781344.0000,3
2025-06-27,20250627105500000,sz.000968,7.1800,7.1900,7.1700,7.1900,693200,4974520.0000,3
2025-06-27,20250627110000000,sz.000968,7.1800,7.1900,7.1700,7.1900,292200,2097528.0000,3
2025-06-27,20250627110500000,sz.000968,7.1900,7.1900,7.1700,7.1800,249200,1789592.0000,3
2025-06-27,20250627111000000,sz.000968,7.1800,7.2800,7.1700,7.2600,1529700,11044552.0000,3
2025-06-27,20250627111500000,sz.000968,7.2700,7.2700,7.2200,7.2200,1261800,9147984.0000,3
2025-06-27,20250627112000000,sz.000968,7.2300,7.2500,7.2200,7.2400,358400,2592352.0000,3
2025-06-27,20250627112500000,sz.000968,7.2400,7.2400,7.2200,7.2200,330700,2391184.0000,3
2025-06-27,20250627113000000,sz.000968,7.2200,7.2300,7.2100,7.2100,232200,1676496.0000,3
2025-06-27,20250627130500000,sz.000968,7.2200,7.2300,7.2100,7.2100,262300,1892800.0000,3
2025-06-27,20250627131000000,sz.000968,7.2100,7.2100,7.2000,7.2000,209800,1511616.0000,3
2025-06-27,20250627131500000,sz.000968,7.2100,7.2300,7.2000,7.2300,261100,1882992.0000,3
2025-06-27,20250627132000000,sz.000968,7.2200,7.2400,7.2000,7.2000,305900,2206848.0000,3
2025-06-27,20250627132500000,sz.000968,7.2000,7.2300,7.2000,7.2100,186500,1345168.0000,3
2025-06-27,20250627133000000,sz.000968,7.2200,7.2500,7.2100,7.2300,364300,2634544.0000,3
2025-06-27,20250627133500000,sz.000968,7.2300,7.2400,7.2200,7.2300,189200,1367648.0000,3
2025-06-27,20250627134000000,sz.000968,7.2200,7.2300,7.2100,7.2100,120400,868496.0000,3
2025-06-27,20250627134500000,sz.000968,7.2100,7.2200,7.1900,7.1900,592200,4265680.0000,3
2025-06-27,20250627135000000,sz.000968,7.1900,7.2100,7.1900,7.1900,361700,2603792.0000,3
2025-06-27,20250627135500000,sz.000968,7.1900,7.2100,7.1900,7.2100,241300,1737632.0000,3
2025-06-27,20250627140000000,sz.000968,7.2100,7.2100,7.2000,7.2000,165200,1189712.0000,3
2025-06-27,20250627140500000,sz.000968,7.2000,7.2100,7.2000,7.2000,224100,1614992.0000,3
2025-06-27,20250627141000000,sz.000968,7.2100,7.2200,7.2000,7.2100,162400,1170864.0000,3
2025-06-27,20250627141500000,sz.000968,7.2100,7.2200,7.2100,7.2100,167400,1207552.0000,3
2025-06-27,20250627142000000,sz.000968,7.2100,7.2200,7.2000,7.2100,277600,2001120.0000,3
2025-06-27,20250627142500000,sz.000968,7.2100,7.2200,7.1900,7.1900,506400,3647904.0000,3
2025-06-27,20250627143000000,sz.000968,7.1900,7.2000,7.1900,7.2000,407400,2931328.0000,3
2025-06-27,20250627143500000,sz.000968,7.2000,7.2000,7.1800,7.1900,470500,3383472.0000,3
2025-06-27,20250627144000000,sz.000968,7.1900,7.2000,7.1800,7.1900,365500,2627984.0000,3
2025-06-27,20250627144500000,sz.000968,7.2000,7.2000,7.1800,7.1800,966100,6945760.0000,3
2025-06-27,20250627145000000,sz.000968,7.1800,7.1900,7.1700,7.1800,961800,6903680.0000,3
2025-06-27,20250627145500000,sz.000968,7.1800,7.1800,7.1700,7.1700,1016300,7290544.0000,3
2025-06-27,20250627150000000,sz.000968,7.1700,7.1800,7.1600,7.1700,1305300,9357920.0000,3
2025-06-30,20250630093500000,sz.000968,7.1800,7.2100,7.1600,7.1900,2508700,18013156.0000,3
2025-06-30,20250630094000000,sz.000968,7.1800,7.2200,7.1800,7.1900,1023800,7374204.0000,3
2025-06-30,20250630094500000,sz.000968,7.2000,7.2300,7.1900,7.2200,1160200,8360224.0000,3
2025-06-30,20250630095000000,sz.000968,7.2200,7.2200,7.1800,7.1900,674400,4850780.0000,3
2025-06-30,20250630095500000,sz.000968,7.1900,7.2000,7.1700,7.2000,701600,5040616.0000,3
2025-06-30,20250630100000000,sz.000968,7.1900,7.2000,7.1800,7.2000,463200,3330188.0000,3
2025-06-30,20250630100500000,sz.000968,7.2000,7.2300,7.1900,7.2200,1710000,12327712.0000,3
2025-06-30,20250630101000000,sz.000968,7.2200,7.2400,7.2200,7.2300,901600,6519036.0000,3
2025-06-30,20250630101500000,sz.000968,7.2200,7.2300,7.2100,7.2200,279600,2019180.0000,3
2025-06-30,20250630102000000,sz.000968,7.2200,7.2300,7.2100,7.2300,266900,1927328.0000,3
2025-06-30,20250630102500000,sz.000968,7.2300,7.2300,7.2200,7.2200,257900,1863632.0000,3
2025-06-30,20250630103000000,sz.000968,7.2200,7.2300,7.2200,7.2200,301800,2179952.0000,3
2025-06-30,20250630103500000,sz.000968,7.2300,7.2300,7.2200,7.2200,222100,1604176.0000,3
2025-06-30,20250630104000000,sz.000968,7.2200,7.2300,7.2100,7.2200,481600,3478392.0000,3
2025-06-30,20250630104500000,sz.000968,7.2100,7.2200,7.2100,7.2100,226200,1631776.0000,3
2025-06-30,20250630105000000,sz.000968,7.2200,7.2400,7.2100,7.2300,856700,6193576.0000,3
2025-06-30,20250630105500000,sz.000968,7.2400,7.2400,7.2200,7.2300,456500,3299840.0000,3
2025-06-30,20250630110000000,sz.000968,7.2200,7.2500,7.2200,7.2500,578100,4186784.0000,3
2025-06-30,20250630110500000,sz.000968,7.2500,7.2500,7.2300,7.2300,342400,2478304.0000,3
2025-06-30,20250630111000000,sz.000968,7.2300,7.2400,7.2100,7.2200,455500,3290696.0000,3
2025-06-30,20250630111500000,sz.000968,7.2200,7.2300,7.2100,7.2100,250800,1811680.0000,3
2025-06-30,20250630112000000,sz.000968,7.2300,7.2400,7.2200,7.2200,257300,1860376.0000,3
2025-06-30,20250630112500000,sz.000968,7.2200,7.2400,7.2200,7.2400,215600,1559352.0000,3
2025-06-30,20250630113000000,sz.000968,7.2400,7.2400,7.2300,7.2400,215900,1561568.0000,3
2025-06-30,20250630130500000,sz.000968,7.2400,7.2500,7.2300,7.2300,407400,2949048.0000,3
2025-06-30,20250630131000000,sz.000968,7.2400,7.2500,7.2400,7.2400,233600,1691960.0000,3
2025-06-30,20250630131500000,sz.000968,7.2400,7.2600,7.2400,7.2600,554400,4020384.0000,3
2025-06-30,20250630132000000,sz.000968,7.2600,7.2600,7.2500,7.2600,301700,2189720.0000,3
2025-06-30,20250630132500000,sz.000968,7.2600,7.2600,7.2300,7.2300,477800,3462416.0000,3
2025-06-30,20250630133000000,sz.000968,7.2300,7.2400,7.2300,7.2300,200700,1452000.0000,3
2025-06-30,20250630133500000,sz.000968,7.2400,7.2400,7.2300,7.2300,397200,2872632.0000,3
2025-06-30,20250630134000000,sz.000968,7.2300,7.2400,7.2300,7.2300,233000,1685016.0000,3
2025-06-30,20250630134500000,sz.000968,7.2300,7.2700,7.2200,7.2600,1535500,11119288.0000,3
2025-06-30,20250630135000000,sz.000968,7.2600,7.2600,7.2400,7.2500,222700,1615424.0000,3
2025-06-30,20250630135500000,sz.000968,7.2500,7.2500,7.2400,7.2400,186800,1353152.0000,3
2025-06-30,20250630140000000,sz.000968,7.2400,7.2500,7.2300,7.2300,205400,1486128.0000,3
2025-06-30,20250630140500000,sz.000968,7.2400,7.2500,7.2300,7.2500,129100,935152.0000,3
2025-06-30,20250630141000000,sz.000968,7.2400,7.2400,7.2300,7.2300,245500,1775776.0000,3
2025-06-30,20250630141500000,sz.000968,7.2400,7.2500,7.2300,7.2400,201900,1461520.0000,3
2025-06-30,20250630142000000,sz.000968,7.2400,7.2500,7.2400,7.2400,150900,1092816.0000,3
2025-06-30,20250630142500000,sz.000968,7.2400,7.2600,7.2400,7.2600,857900,6219952.0000,3
2025-06-30,20250630143000000,sz.000968,7.2600,7.2600,7.2500,7.2600,412400,2992128.0000,3
2025-06-30,20250630143500000,sz.000968,7.2600,7.2600,7.2400,7.2400,371100,2691664.0000,3
2025-06-30,20250630144000000,sz.000968,7.2500,7.2500,7.2400,7.2400,479900,3474912.0000,3
2025-06-30,20250630144500000,sz.000968,7.2400,7.2500,7.2300,7.2400,383800,2779312.0000,3
2025-06-30,20250630145000000,sz.000968,7.2400,7.2500,7.2300,7.2400,609800,4416272.0000,3
2025-06-30,20250630145500000,sz.000968,7.2400,7.2600,7.2400,7.2500,1079300,7826064.0000,3
2025-06-30,20250630150000000,sz.000968,7.2500,7.2600,7.2400,7.2500,1187400,8606896.0000,3
2025-07-01,20250701093500000,sz.000968,7.2300,7.2700,7.2100,7.2200,1721300,12445727.0000,3
2025-07-01,20250701094000000,sz.000968,7.2200,7.2300,7.2000,7.2200,836700,6034849.0000,3
2025-07-01,20250701094500000,sz.000968,7.2200,7.2200,7.2000,7.2100,733500,5290012.0000,3
2025-07-01,20250701095000000,sz.000968,7.2000,7.2500,7.2000,7.2300,1147500,8287220.0000,3
2025-07-01,20250701095500000,sz.000968,7.2300,7.2600,7.2200,7.2600,620600,4491880.0000,3
2025-07-01,20250701100000000,sz.000968,7.2600,7.2700,7.2500,7.2500,795800,5780844.0000,3
2025-07-01,20250701100500000,sz.000968,7.2500,7.2600,7.2400,7.2400,687300,4983944.0000,3
2025-07-01,20250701101000000,sz.000968,7.2400,7.2500,7.2400,7.2400,291900,2113732.0000,3
2025-07-01,20250701101500000,sz.000968,7.2400,7.2600,7.2400,7.2500,391600,2837156.0000,3
2025-07-01,20250701102000000,sz.000968,7.2600,7.2600,7.2400,7.2500,374400,2715036.0000,3
2025-07-01,20250701102500000,sz.000968,7.2500,7.2800,7.2500,7.2800,646800,4700708.0000,3
2025-07-01,20250701103000000,sz.000968,7.2700,7.3000,7.2700,7.2700,680300,4957452.0000,3
2025-07-01,20250701103500000,sz.000968,7.2800,7.2800,7.2700,7.2800,181600,1320976.0000,3
2025-07-01,20250701104000000,sz.000968,7.2700,7.2800,7.2700,7.2700,226900,1651296.0000,3
2025-07-01,20250701104500000,sz.000968,7.2700,7.2800,7.2600,7.2600,382300,2777800.0000,3
2025-07-01,20250701105000000,sz.000968,7.2600,7.2700,7.2500,7.2600,251800,1828584.0000,3
2025-07-01,20250701105500000,sz.000968,7.2600,7.2700,7.2500,7.2500,151100,1097352.0000,3
2025-07-01,20250701110000000,sz.000968,7.2600,7.2600,7.2300,7.2300,674000,4880000.0000,3
2025-07-01,20250701110500000,sz.000968,7.2400,7.2400,7.2200,7.2200,612600,4428840.0000,3
2025-07-01,20250701111000000,sz.000968,7.2300,7.2600,7.2200,7.2600,697000,5043912.0000,3
2025-07-01,20250701111500000,sz.000968,7.2600,7.2600,7.2300,7.2300,361600,2620296.0000,3
2025-07-01,20250701112000000,sz.000968,7.2300,7.2400,7.2200,7.2200,260700,1883944.0000,3
2025-07-01,20250701112500000,sz.000968,7.2300,7.2300,7.2200,7.2300,357800,2585632.0000,3
2025-07-01,20250701113000000,sz.000968,7.2400,7.2400,7.2300,7.2400,145300,1051144.0000,3
2025-07-01,20250701130500000,sz.000968,7.2400,7.2400,7.2200,7.2200,451600,3265560.0000,3
2025-07-01,20250701131000000,sz.000968,7.2300,7.2300,7.2100,7.2300,562000,4058640.0000,3
2025-07-01,20250701131500000,sz.000968,7.2200,7.2400,7.2200,7.2200,667200,4820760.0000,3
2025-07-01,20250701132000000,sz.000968,7.2200,7.2300,7.2100,7.2200,348200,2513944.0000,3
2025-07-01,20250701132500000,sz.000968,7.2200,7.2200,7.2000,7.2200,830300,5989032.0000,3
2025-07-01,20250701133000000,sz.000968,7.2200,7.2200,7.2100,7.2200,330700,2386552.0000,3
2025-07-01,20250701133500000,sz.000968,7.2100,7.2300,7.2100,7.2200,306300,2212408.0000,3
2025-07-01,20250701134000000,sz.000968,7.2200,7.2300,7.2100,7.2200,282600,2041688.0000,3
2025-07-01,20250701134500000,sz.000968,7.2300,7.2300,7.2200,7.2300,217300,1570280.0000,3
2025-07-01,20250701135000000,sz.000968,7.2300,7.2400,7.2200,7.2200,227500,1645408.0000,3
2025-07-01,20250701135500000,sz.000968,7.2300,7.2300,7.2200,7.2200,392700,2836000.0000,3
2025-07-01,20250701140000000,sz.000968,7.2200,7.2300,7.2100,7.2200,333400,2406752.0000,3
2025-07-01,20250701140500000,sz.000968,7.2200,7.2300,7.2100,7.2200,228800,1652424.0000,3
2025-07-01,20250701141000000,sz.000968,7.2200,7.2300,7.2100,7.2200,335900,2425976.0000,3
2025-07-01,20250701141500000,sz.000968,7.2100,7.2200,7.2100,7.2100,274900,1983456.0000,3
2025-07-01,20250701142000000,sz.000968,7.2200,7.2300,7.2100,7.2200,305000,2200992.0000,3
2025-07-01,20250701142500000,sz.000968,7.2200,7.2300,7.2000,7.2100,742600,5355056.0000,3
2025-07-01,20250701143000000,sz.000968,7.2100,7.2200,7.2000,7.2100,377900,2723472.0000,3
2025-07-01,20250701143500000,sz.000968,7.2100,7.2200,7.2000,7.2100,389400,2806848.0000,3
2025-07-01,20250701144000000,sz.000968,7.2100,7.2200,7.2000,7.2100,228900,1651008.0000,3
2025-07-01,20250701144500000,sz.000968,7.2200,7.2200,7.2000,7.2100,720900,5199856.0000,3
2025-07-01,20250701145000000,sz.000968,7.2100,7.2200,7.2100,7.2100,454800,3279536.0000,3
2025-07-01,20250701145500000,sz.000968,7.2200,7.2300,7.2100,7.2300,645000,4657008.0000,3
2025-07-01,20250701150000000,sz.000968,7.2300,7.2300,7.2200,7.2300,633100,4574928.0000,3
2025-07-02,20250702093500000,sz.000968,7.2300,7.2700,7.2100,7.2300,1492400,10807906.0000,3
2025-07-02,20250702094000000,sz.000968,7.2400,7.2700,7.2200,7.2500,912000,6609934.0000,3
2025-07-02,20250702094500000,sz.000968,7.2500,7.2800,7.2400,7.2600,1281500,9308412.0000,3
2025-07-02,20250702095000000,sz.000968,7.2500,7.2700,7.2500,7.2600,696800,5058832.0000,3
2025-07-02,20250702095500000,sz.000968,7.2700,7.2700,7.2500,7.2500,654000,4749216.0000,3
2025-07-02,20250702100000000,sz.000968,7.2600,7.2600,7.2400,7.2500,334200,2422828.0000,3
2025-07-02,20250702100500000,sz.000968,7.2500,7.2600,7.2400,7.2500,340700,2470656.0000,3
2025-07-02,20250702101000000,sz.000968,7.2500,7.2600,7.2400,7.2500,425900,3088808.0000,3
2025-07-02,20250702101500000,sz.000968,7.2600,7.2600,7.2500,7.2600,227600,1651348.0000,3
2025-07-02,20250702102000000,sz.000968,7.2500,7.2700,7.2500,7.2600,522800,3793716.0000,3
2025-07-02,20250702102500000,sz.000968,7.2600,7.2600,7.2300,7.2300,967000,7009564.0000,3
2025-07-02,20250702103000000,sz.000968,7.2400,7.2500,7.2300,7.2400,250700,1814720.0000,3
2025-07-02,20250702103500000,sz.000968,7.2400,7.2500,7.2400,7.2400,615500,4459148.0000,3
2025-07-02,20250702104000000,sz.000968,7.2400,7.2500,7.2300,7.2500,193500,1401236.0000,3
2025-07-02,20250702104500000,sz.000968,7.2500,7.2600,7.2400,7.2600,262800,1905108.0000,3
2025-07-02,20250702105000000,sz.000968,7.2600,7.2700,7.2500,7.2600,715400,5196080.0000,3
2025-07-02,20250702105500000,sz.000968,7.2700,7.2700,7.2500,7.2500,241100,1750912.0000,3
2025-07-02,20250702110000000,sz.000968,7.2600,7.2600,7.2500,7.2600,300100,2177648.0000,3
2025-07-02,20250702110500000,sz.000968,7.2600,7.2600,7.2400,7.2400,169200,1226664.0000,3
2025-07-02,20250702111000000,sz.000968,7.2400,7.2500,7.2400,7.2400,103800,751800.0000,3
2025-07-02,20250702111500000,sz.000968,7.2400,7.2500,7.2400,7.2500,113200,820408.0000,3
2025-07-02,20250702112000000,sz.000968,7.2500,7.2500,7.2400,7.2400,81600,591016.0000,3
2025-07-02,20250702112500000,sz.000968,7.2500,7.2600,7.2400,7.2600,282000,2044248.0000,3
2025-07-02,20250702113000000,sz.000968,7.2500,7.2600,7.2500,7.2600,93900,681008.0000,3
2025-07-02,20250702130500000,sz.000968,7.2600,7.2600,7.2400,7.2500,512900,3719968.0000,3
2025-07-02,20250702131000000,sz.000968,7.2500,7.2500,7.2400,7.2500,158600,1149664.0000,3
2025-07-02,20250702131500000,sz.000968,7.2500,7.2500,7.2400,7.2400,213600,1547000.0000,3
2025-07-02,20250702132000000,sz.000968,7.2400,7.2500,7.2300,7.2300,282900,2048512.0000,3
2025-07-02,20250702132500000,sz.000968,7.2400,7.2400,7.2300,7.2300,181500,1313352.0000,3
2025-07-02,20250702133000000,sz.000968,7.2400,7.2400,7.2300,7.2300,551600,3988304.0000,3
2025-07-02,20250702133500000,sz.000968,7.2300,7.2300,7.2200,7.2200,213500,1542688.0000,3
2025-07-02,20250702134000000,sz.000968,7.2200,7.2400,7.2200,7.2300,344100,2489552.0000,3
2025-07-02,20250702134500000,sz.000968,7.2400,7.2400,7.2300,7.2300,175400,1268576.0000,3
2025-07-02,20250702135000000,sz.000968,7.2300,7.2500,7.2300,7.2400,598700,4334648.0000,3
2025-07-02,20250702135500000,sz.000968,7.2300,7.2400,7.2200,7.2300,490200,3543584.0000,3
2025-07-02,20250702140000000,sz.000968,7.2300,7.2400,7.2300,7.2400,542800,3928136.0000,3
2025-07-02,20250702140500000,sz.000968,7.2400,7.2500,7.2300,7.2400,441200,3196048.0000,3
2025-07-02,20250702141000000,sz.000968,7.2400,7.2500,7.2300,7.2400,238200,1724528.0000,3
2025-07-02,20250702141500000,sz.000968,7.2400,7.2400,7.2300,7.2400,83200,601888.0000,3
2025-07-02,20250702142000000,sz.000968,7.2300,7.2600,7.2300,7.2500,720100,5216864.0000,3
2025-07-02,20250702142500000,sz.000968,7.2500,7.2600,7.2400,7.2500,227900,1652872.0000,3
2025-07-02,20250702143000000,sz.000968,7.2600,7.2600,7.2500,7.2500,160300,1162472.0000,3
2025-07-02,20250702143500000,sz.000968,7.2500,7.2600,7.2500,7.2500,200200,1452488.0000,3
2025-07-02,20250702144000000,sz.000968,7.2600,7.2700,7.2500,7.2600,822600,5972600.0000,3
2025-07-02,20250702144500000,sz.000968,7.2600,7.2700,7.2400,7.2500,743300,5391488.0000,3
2025-07-02,20250702145000000,sz.000968,7.2400,7.2600,7.2400,7.2500,400600,2904464.0000,3
2025-07-02,20250702145500000,sz.000968,7.2500,7.2600,7.2500,7.2600,537700,3900512.0000,3
2025-07-02,20250702150000000,sz.000968,7.2600,7.2700,7.2500,7.2600,869100,6308880.0000,3
2025-07-03,20250703093500000,sz.000968,7.3000,7.3400,7.2700,7.3000,1771600,12938556.0000,3
2025-07-03,20250703094000000,sz.000968,7.3000,7.3300,7.3000,7.3000,1426800,10441300.0000,3
2025-07-03,20250703094500000,sz.000968,7.3200,7.3200,7.2800,7.2800,451000,3289348.0000,3
2025-07-03,20250703095000000,sz.000968,7.2900,7.2900,7.2600,7.2700,811100,5903388.0000,3
2025-07-03,20250703095500000,sz.000968,7.2600,7.2800,7.2600,7.2600,417000,3030700.0000,3
2025-07-03,20250703100000000,sz.000968,7.2600,7.2800,7.2600,7.2800,353000,2567464.0000,3
2025-07-03,20250703100500000,sz.000968,7.2800,7.2800,7.2600,7.2600,450300,3271940.0000,3
2025-07-03,20250703101000000,sz.000968,7.2700,7.2700,7.2500,7.2600,455900,3307592.0000,3
2025-07-03,20250703101500000,sz.000968,7.2600,7.2600,7.2300,7.2400,717500,5195644.0000,3
2025-07-03,20250703102000000,sz.000968,7.2400,7.2600,7.2400,7.2500,376500,2728448.0000,3
2025-07-03,20250703102500000,sz.000968,7.2500,7.2600,7.2400,7.2500,429400,3113228.0000,3
2025-07-03,20250703103000000,sz.000968,7.2500,7.2600,7.2400,7.2400,449600,3258448.0000,3
2025-07-03,20250703103500000,sz.000968,7.2400,7.2600,7.2400,7.2500,430100,3120156.0000,3
2025-07-03,20250703104000000,sz.000968,7.2600,7.2600,7.2400,7.2500,97100,704032.0000,3
2025-07-03,20250703104500000,sz.000968,7.2500,7.2600,7.2400,7.2500,454700,3296132.0000,3
2025-07-03,20250703105000000,sz.000968,7.2500,7.2500,7.2300,7.2300,437200,3163736.0000,3
2025-07-03,20250703105500000,sz.000968,7.2300,7.2300,7.2000,7.2000,1320500,9528488.0000,3
2025-07-03,20250703110000000,sz.000968,7.2000,7.2100,7.2000,7.2000,387100,2788112.0000,3
2025-07-03,20250703110500000,sz.000968,7.2000,7.2100,7.1800,7.1800,1143200,8217616.0000,3
2025-07-03,20250703111000000,sz.000968,7.1900,7.2000,7.1800,7.2000,400700,2882272.0000,3
2025-07-03,20250703111500000,sz.000968,7.1900,7.2100,7.1900,7.2000,251100,1808696.0000,3
2025-07-03,20250703112000000,sz.000968,7.2100,7.2100,7.1900,7.2000,289500,2083912.0000,3
2025-07-03,20250703112500000,sz.000968,7.2000,7.2100,7.2000,7.2100,139000,1001136.0000,3
2025-07-03,20250703113000000,sz.000968,7.2000,7.2400,7.2000,7.2200,260100,1876456.0000,3
2025-07-03,20250703130500000,sz.000968,7.2200,7.2200,7.2100,7.2100,228200,1647168.0000,3
2025-07-03,20250703131000000,sz.000968,7.2100,7.2200,7.2100,7.2100,297500,2145408.0000,3
2025-07-03,20250703131500000,sz.000968,7.2100,7.2200,7.2000,7.2200,619300,4465096.0000,3
2025-07-03,20250703132000000,sz.000968,7.2100,7.2300,7.2100,7.2300,169700,1225808.0000,3
2025-07-03,20250703132500000,sz.000968,7.2300,7.2300,7.2100,7.2100,101300,731368.0000,3
2025-07-03,20250703133000000,sz.000968,7.2100,7.2200,7.2100,7.2200,59200,426960.0000,3
2025-07-03,20250703133500000,sz.000968,7.2100,7.2200,7.2100,7.2200,284600,2053920.0000,3
2025-07-03,20250703134000000,sz.000968,7.2200,7.2300,7.2200,7.2300,146700,1059592.0000,3
2025-07-03,20250703134500000,sz.000968,7.2300,7.2300,7.2200,7.2200,110200,795784.0000,3
2025-07-03,20250703135000000,sz.000968,7.2200,7.2300,7.2200,7.2200,216900,1566168.0000,3
2025-07-03,20250703135500000,sz.000968,7.2200,7.2400,7.2200,7.2300,360500,2607232.0000,3
2025-07-03,20250703140000000,sz.000968,7.2300,7.2400,7.2200,7.2300,228800,1655352.0000,3
2025-07-03,20250703140500000,sz.000968,7.2400,7.2400,7.2200,7.2300,308700,2231424.0000,3
2025-07-03,20250703141000000,sz.000968,7.2300,7.2400,7.2300,7.2300,136400,986656.0000,3
2025-07-03,20250703141500000,sz.000968,7.2300,7.2400,7.2200,7.2400,135000,976120.0000,3
2025-07-03,20250703142000000,sz.000968,7.2300,7.2400,7.2300,7.2300,66900,483928.0000,3
2025-07-03,20250703142500000,sz.000968,7.2300,7.2500,7.2300,7.2500,675400,4893576.0000,3
2025-07-03,20250703143000000,sz.000968,7.2400,7.2500,7.2400,7.2500,185200,1342376.0000,3
2025-07-03,20250703143500000,sz.000968,7.2400,7.2600,7.2400,7.2500,571300,4139888.0000,3
2025-07-03,20250703144000000,sz.000968,7.2400,7.2500,7.2400,7.2500,239200,1732512.0000,3
2025-07-03,20250703144500000,sz.000968,7.2400,7.2500,7.2300,7.2300,360600,2611392.0000,3
2025-07-03,20250703145000000,sz.000968,7.2400,7.2500,7.2300,7.2300,499100,3612480.0000,3
2025-07-03,20250703145500000,sz.000968,7.2400,7.2600,7.2300,7.2600,705800,5115568.0000,3
2025-07-03,20250703150000000,sz.000968,7.2500,7.2600,7.2500,7.2500,367700,2666480.0000,3
2025-07-04,20250704093500000,sz.000968,7.2300,7.2600,7.2200,7.2500,1228100,8894704.0000,3
2025-07-04,20250704094000000,sz.000968,7.2500,7.2800,7.2400,7.2700,1554500,11291756.0000,3
2025-07-04,20250704094500000,sz.000968,7.2700,7.2800,7.2600,7.2700,834400,6066840.0000,3
2025-07-04,20250704095000000,sz.000968,7.2700,7.2900,7.2600,7.2700,581300,4229224.0000,3
2025-07-04,20250704095500000,sz.000968,7.2700,7.2800,7.2600,7.2700,688400,5004128.0000,3
2025-07-04,20250704100000000,sz.000968,7.2700,7.2900,7.2500,7.2500,1049500,7630652.0000,3
2025-07-04,20250704100500000,sz.000968,7.2500,7.2600,7.2400,7.2500,357300,2591360.0000,3
2025-07-04,20250704101000000,sz.000968,7.2500,7.2700,7.2500,7.2600,536400,3894132.0000,3
2025-07-04,20250704101500000,sz.000968,7.2600,7.2600,7.2400,7.2400,385200,2793656.0000,3
2025-07-04,20250704102000000,sz.000968,7.2400,7.2500,7.2200,7.2300,1000100,7226892.0000,3
2025-07-04,20250704102500000,sz.000968,7.2300,7.2400,7.2200,7.2300,621500,4492788.0000,3
2025-07-04,20250704103000000,sz.000968,7.2300,7.2400,7.2300,7.2300,262400,1897952.0000,3
2025-07-04,20250704103500000,sz.000968,7.2300,7.2400,7.2200,7.2400,350600,2534828.0000,3
2025-07-04,20250704104000000,sz.000968,7.2300,7.2400,7.2300,7.2300,123400,892480.0000,3
2025-07-04,20250704104500000,sz.000968,7.2300,7.2400,7.2100,7.2200,2120800,15305656.0000,3
2025-07-04,20250704105000000,sz.000968,7.2200,7.2400,7.2200,7.2300,185200,1338632.0000,3
2025-07-04,20250704105500000,sz.000968,7.2300,7.2400,7.2300,7.2300,197600,1429016.0000,3
2025-07-04,20250704110000000,sz.000968,7.2300,7.2400,7.2300,7.2300,291800,2110160.0000,3
2025-07-04,20250704110500000,sz.000968,7.2300,7.2400,7.2200,7.2300,161700,1168920.0000,3
2025-07-04,20250704111000000,sz.000968,7.2300,7.2400,7.2200,7.2200,154800,1119072.0000,3
2025-07-04,20250704111500000,sz.000968,7.2200,7.2300,7.2200,7.2200,203900,1472208.0000,3
2025-07-04,20250704112000000,sz.000968,7.2200,7.2300,7.2200,7.2300,272400,1966768.0000,3
2025-07-04,20250704112500000,sz.000968,7.2300,7.2300,7.2200,7.2300,107100,773784.0000,3
2025-07-04,20250704113000000,sz.000968,7.2300,7.2500,7.2200,7.2500,371000,2683912.0000,3
2025-07-04,20250704130500000,sz.000968,7.2500,7.2500,7.2300,7.2300,357700,2588424.0000,3
2025-07-04,20250704131000000,sz.000968,7.2300,7.2400,7.2300,7.2400,290000,2099184.0000,3
2025-07-04,20250704131500000,sz.000968,7.2400,7.2500,7.2300,7.2500,745500,5396824.0000,3
2025-07-04,20250704132000000,sz.000968,7.2500,7.2500,7.2300,7.2300,264400,1912616.0000,3
2025-07-04,20250704132500000,sz.000968,7.2300,7.2400,7.2200,7.2300,707100,5112176.0000,3
2025-07-04,20250704133000000,sz.000968,7.2200,7.2400,7.2200,7.2300,523900,3787760.0000,3
2025-07-04,20250704133500000,sz.000968,7.2300,7.2500,7.2300,7.2400,960400,6951144.0000,3
2025-07-04,20250704134000000,sz.000968,7.2400,7.2400,7.2300,7.2400,121300,877504.0000,3
2025-07-04,20250704134500000,sz.000968,7.2400,7.2400,7.2200,7.2300,450100,3254256.0000,3
2025-07-04,20250704135000000,sz.000968,7.2200,7.2300,7.2200,7.2300,644100,4651888.0000,3
2025-07-04,20250704135500000,sz.000968,7.2300,7.2400,7.2200,7.2300,205100,1482736.0000,3
2025-07-04,20250704140000000,sz.000968,7.2300,7.2300,7.2100,7.2300,229900,1660192.0000,3
2025-07-04,20250704140500000,sz.000968,7.2200,7.2300,7.2000,7.2000,436800,3150512.0000,3
2025-07-04,20250704141000000,sz.000968,7.2000,7.2100,7.2000,7.2000,293100,2110912.0000,3
2025-07-04,20250704141500000,sz.000968,7.2000,7.2100,7.1900,7.2000,487600,3509696.0000,3
2025-07-04,20250704142000000,sz.000968,7.2000,7.2000,7.1900,7.1900,234700,1688752.0000,3
2025-07-04,20250704142500000,sz.000968,7.2000,7.2000,7.1900,7.1900,180700,1299824.0000,3
2025-07-04,20250704143000000,sz.000968,7.1900,7.2000,7.1800,7.1800,1248600,8970752.0000,3
2025-07-04,20250704143500000,sz.000968,7.1900,7.1900,7.1700,7.1800,560500,4024848.0000,3
2025-07-04,20250704144000000,sz.000968,7.1800,7.1900,7.1800,7.1800,273400,1964016.0000,3
2025-07-04,20250704144500000,sz.000968,7.1800,7.1900,7.1800,7.1800,599800,4307632.0000,3
2025-07-04,20250704145000000,sz.000968,7.1800,7.1900,7.1700,7.1800,454100,3259680.0000,3
2025-07-04,20250704145500000,sz.000968,7.1800,7.1900,7.1700,7.1900,889500,6386816.0000,3
2025-07-04,20250704150000000,sz.000968,7.1900,7.2000,7.1900,7.1900,539300,3878480.0000,3
2025-07-07,20250707093500000,sz.000968,7.1700,7.1700,7.1200,7.1400,1752500,12512527.0000,3
2025-07-07,20250707094000000,sz.000968,7.1400,7.1600,7.1300,7.1500,1396100,9978537.0000,3
2025-07-07,20250707094500000,sz.000968,7.1500,7.1600,7.1400,7.1400,435900,3115972.0000,3
2025-07-07,20250707095000000,sz.000968,7.1500,7.1600,7.1300,7.1600,735200,5248072.0000,3
2025-07-07,20250707095500000,sz.000968,7.1500,7.1700,7.1500,7.1500,284600,2037764.0000,3
2025-07-07,20250707100000000,sz.000968,7.1500,7.1700,7.1500,7.1500,535700,3833916.0000,3
2025-07-07,20250707100500000,sz.000968,7.1600,7.1700,7.1500,7.1500,418700,2997600.0000,3
2025-07-07,20250707101000000,sz.000968,7.1500,7.1700,7.1500,7.1600,617800,4422652.0000,3
2025-07-07,20250707101500000,sz.000968,7.1700,7.1700,7.1500,7.1500,430500,3084916.0000,3
2025-07-07,20250707102000000,sz.000968,7.1600,7.1700,7.1500,7.1600,280100,2007028.0000,3
2025-07-07,20250707102500000,sz.000968,7.1700,7.1700,7.1600,7.1700,169800,1216212.0000,3
2025-07-07,20250707103000000,sz.000968,7.1700,7.1700,7.1600,7.1600,107500,770316.0000,3
2025-07-07,20250707103500000,sz.000968,7.1700,7.1700,7.1600,7.1600,157100,1125660.0000,3
2025-07-07,20250707104000000,sz.000968,7.1600,7.1700,7.1600,7.1700,529400,3793260.0000,3
2025-07-07,20250707104500000,sz.000968,7.1700,7.1800,7.1700,7.1700,273200,1959880.0000,3
2025-07-07,20250707105000000,sz.000968,7.1800,7.1900,7.1800,7.1900,294000,2112852.0000,3
2025-07-07,20250707105500000,sz.000968,7.1900,7.1900,7.1800,7.1800,168400,1209436.0000,3
2025-07-07,20250707110000000,sz.000968,7.1800,7.1900,7.1700,7.1800,154400,1108444.0000,3
2025-07-07,20250707110500000,sz.000968,7.1800,7.1800,7.1700,7.1700,87700,629164.0000,3
2025-07-07,20250707111000000,sz.000968,7.1800,7.1900,7.1700,7.1900,360200,2587820.0000,3
2025-07-07,20250707111500000,sz.000968,7.1900,7.2000,7.1900,7.1900,307400,2212420.0000,3
2025-07-07,20250707112000000,sz.000968,7.2000,7.2000,7.1900,7.1900,152900,1099464.0000,3
2025-07-07,20250707112500000,sz.000968,7.1900,7.2000,7.1900,7.2000,149500,1076056.0000,3
2025-07-07,20250707113000000,sz.000968,7.2000,7.2000,7.1900,7.1900,94500,679696.0000,3
2025-07-07,20250707130500000,sz.000968,7.1900,7.2000,7.1800,7.2000,178600,1284472.0000,3
2025-07-07,20250707131000000,sz.000968,7.1900,7.2000,7.1800,7.1900,150700,1083680.0000,3
2025-07-07,20250707131500000,sz.000968,7.1900,7.2000,7.1800,7.1800,145400,1045152.0000,3
2025-07-07,20250707132000000,sz.000968,7.1800,7.2000,7.1800,7.1800,444500,3195712.0000,3
2025-07-07,20250707132500000,sz.000968,7.1900,7.2000,7.1800,7.1900,282600,2031568.0000,3
2025-07-07,20250707133000000,sz.000968,7.1900,7.1900,7.1800,7.1800,137000,984032.0000,3
2025-07-07,20250707133500000,sz.000968,7.1900,7.2000,7.1800,7.1900,224600,1614784.0000,3
2025-07-07,20250707134000000,sz.000968,7.1900,7.2000,7.1900,7.1900,128400,923304.0000,3
2025-07-07,20250707134500000,sz.000968,7.1900,7.2000,7.1900,7.2000,72800,523696.0000,3
2025-07-07,20250707135000000,sz.000968,7.1900,7.2000,7.1900,7.2000,194600,1399560.0000,3
2025-07-07,20250707135500000,sz.000968,7.1900,7.2000,7.1900,7.2000,730400,5257000.0000,3
2025-07-07,20250707140000000,sz.000968,7.1900,7.2100,7.1900,7.1900,637800,4590992.0000,3
2025-07-07,20250707140500000,sz.000968,7.1900,7.2000,7.1800,7.1800,238800,1717488.0000,3
2025-07-07,20250707141000000,sz.000968,7.1900,7.1900,7.1800,7.1800,113500,815488.0000,3
2025-07-07,20250707141500000,sz.000968,7.1800,7.1900,7.1800,7.1800,88600,636760.0000,3
2025-07-07,20250707142000000,sz.000968,7.1900,7.1900,7.1800,7.1800,34800,249968.0000,3
2025-07-07,20250707142500000,sz.000968,7.1900,7.1900,7.1800,7.1800,76400,548744.0000,3
2025-07-07,20250707143000000,sz.000968,7.1800,7.1900,7.1800,7.1800,100500,722112.0000,3
2025-07-07,20250707143500000,sz.000968,7.1900,7.1900,7.1800,7.1800,385000,2764584.0000,3
2025-07-07,20250707144000000,sz.000968,7.1700,7.1900,7.1700,7.1800,277500,1992072.0000,3
2025-07-07,20250707144500000,sz.000968,7.1800,7.1900,7.1700,7.1800,425100,3051192.0000,3
2025-07-07,20250707145000000,sz.000968,7.1800,7.1800,7.1600,7.1600,713400,5116536.0000,3
2025-07-07,20250707145500000,sz.000968,7.1700,7.1800,7.1600,7.1700,959600,6875664.0000,3
2025-07-07,20250707150000000,sz.000968,7.1700,7.1700,7.1600,7.1700,337100,2416688.0000,3
2025-07-08,20250708093500000,sz.000968,7.2000,7.2400,7.1900,7.2100,2099400,15148971.0000,3
2025-07-08,20250708094000000,sz.000968,7.2100,7.2100,7.2000,7.2100,449600,3237377.0000,3
2025-07-08,20250708094500000,sz.000968,7.2100,7.2100,7.1800,7.2000,345800,2486768.0000,3
2025-07-08,20250708095000000,sz.000968,7.2000,7.2000,7.1900,7.1900,216100,1554452.0000,3
2025-07-08,20250708095500000,sz.000968,7.2000,7.2000,7.1800,7.1900,411100,2955866.0000,3
2025-07-08,20250708100000000,sz.000968,7.1800,7.2000,7.1800,7.1900,271100,1949454.0000,3
2025-07-08,20250708100500000,sz.000968,7.1900,7.1900,7.1700,7.1800,480300,3447810.0000,3
2025-07-08,20250708101000000,sz.000968,7.1700,7.1800,7.1500,7.1500,961000,6880342.0000,3
2025-07-08,20250708101500000,sz.000968,7.1500,7.1600,7.1400,7.1500,492000,3518448.0000,3
2025-07-08,20250708102000000,sz.000968,7.1600,7.1700,7.1500,7.1600,364500,2609504.0000,3
2025-07-08,20250708102500000,sz.000968,7.1600,7.1700,7.1600,7.1700,231700,1659480.0000,3
2025-07-08,20250708103000000,sz.000968,7.1700,7.1700,7.1600,7.1600,210600,1508104.0000,3
2025-07-08,20250708103500000,sz.000968,7.1600,7.1700,7.1500,7.1600,283300,2027432.0000,3
2025-07-08,20250708104000000,sz.000968,7.1500,7.1700,7.1500,7.1600,268600,1923064.0000,3
2025-07-08,20250708104500000,sz.000968,7.1600,7.1700,7.1600,7.1700,231100,1655076.0000,3
2025-07-08,20250708105000000,sz.000968,7.1600,7.1700,7.1500,7.1600,288900,2067796.0000,3
2025-07-08,20250708105500000,sz.000968,7.1600,7.1700,7.1500,7.1700,140000,1002284.0000,3
2025-07-08,20250708110000000,sz.000968,7.1600,7.1700,7.1600,7.1700,30900,221304.0000,3
2025-07-08,20250708110500000,sz.000968,7.1700,7.2000,7.1600,7.1900,990300,7109192.0000,3
2025-07-08,20250708111000000,sz.000968,7.1900,7.1900,7.1700,7.1800,291300,2092604.0000,3
2025-07-08,20250708111500000,sz.000968,7.1800,7.1900,7.1700,7.1800,209500,1503856.0000,3
2025-07-08,20250708112000000,sz.000968,7.1800,7.1900,7.1700,7.1800,157300,1129072.0000,3
2025-07-08,20250708112500000,sz.000968,7.1800,7.1900,7.1700,7.1800,50100,359712.0000,3
2025-07-08,20250708113000000,sz.000968,7.1800,7.2000,7.1800,7.2000,402200,2891144.0000,3
2025-07-08,20250708130500000,sz.000968,7.2000,7.2000,7.1800,7.1900,542500,3903480.0000,3
2025-07-08,20250708131000000,sz.000968,7.1800,7.2000,7.1800,7.1800,389100,2797432.0000,3
2025-07-08,20250708131500000,sz.000968,7.1900,7.2000,7.1800,7.1900,218700,1572568.0000,3
2025-07-08,20250708132000000,sz.000968,7.2000,7.2000,7.1800,7.1800,252200,1813168.0000,3
2025-07-08,20250708132500000,sz.000968,7.2000,7.2000,7.1800,7.1800,166200,1194504.0000,3
2025-07-08,20250708133000000,sz.000968,7.1900,7.1900,7.1800,7.1900,99400,714360.0000,3
2025-07-08,20250708133500000,sz.000968,7.1800,7.1900,7.1800,7.1900,137000,983840.0000,3
2025-07-08,20250708134000000,sz.000968,7.1900,7.1900,7.1800,7.1900,137000,984032.0000,3
2025-07-08,20250708134500000,sz.000968,7.1800,7.1900,7.1800,7.1800,136500,980288.0000,3
2025-07-08,20250708135000000,sz.000968,7.1900,7.1900,7.1800,7.1900,79200,569048.0000,3
2025-07-08,20250708135500000,sz.000968,7.1800,7.2000,7.1800,7.2000,295600,2124872.0000,3
2025-07-08,20250708140000000,sz.000968,7.2000,7.2000,7.1800,7.1900,454200,3264448.0000,3
2025-07-08,20250708140500000,sz.000968,7.1900,7.1900,7.1800,7.1900,196300,1409640.0000,3
2025-07-08,20250708141000000,sz.000968,7.1800,7.1900,7.1800,7.1900,28400,204000.0000,3
2025-07-08,20250708141500000,sz.000968,7.1900,7.1900,7.1800,7.1800,206500,1483264.0000,3
2025-07-08,20250708142000000,sz.000968,7.1800,7.1900,7.1700,7.1700,285000,2045848.0000,3
2025-07-08,20250708142500000,sz.000968,7.1800,7.1900,7.1700,7.1700,422900,3034000.0000,3
2025-07-08,20250708143000000,sz.000968,7.1800,7.1800,7.1700,7.1800,100900,723616.0000,3
2025-07-08,20250708143500000,sz.000968,7.1800,7.1800,7.1700,7.1800,148300,1064656.0000,3
2025-07-08,20250708144000000,sz.000968,7.1800,7.1900,7.1700,7.1700,243100,1744672.0000,3
2025-07-08,20250708144500000,sz.000968,7.1700,7.1800,7.1700,7.1800,208500,1496560.0000,3
2025-07-08,20250708145000000,sz.000968,7.1800,7.1900,7.1700,7.1900,438400,3147104.0000,3
2025-07-08,20250708145500000,sz.000968,7.1900,7.1900,7.1700,7.1800,340400,2442792.0000,3
2025-07-08,20250708150000000,sz.000968,7.1800,7.1800,7.1700,7.1800,421200,3023584.0000,3
2025-07-09,20250709093500000,sz.000968,7.1800,7.2400,7.1800,7.2200,2373000,17129086.0000,3
2025-07-09,20250709094000000,sz.000968,7.2100,7.2300,7.2100,7.2200,1120100,8083606.0000,3
2025-07-09,20250709094500000,sz.000968,7.2200,7.2300,7.2100,7.2100,641800,4634606.0000,3
2025-07-09,20250709095000000,sz.000968,7.2100,7.2400,7.2100,7.2300,1188400,8589714.0000,3
2025-07-09,20250709095500000,sz.000968,7.2400,7.2400,7.2300,7.2400,763700,5527432.0000,3
2025-07-09,20250709100000000,sz.000968,7.2400,7.2400,7.2200,7.2300,272000,1967024.0000,3
2025-07-09,20250709100500000,sz.000968,7.2200,7.2400,7.2200,7.2200,442500,3198580.0000,3
2025-07-09,20250709101000000,sz.000968,7.2300,7.2300,7.2200,7.2300,345300,2495860.0000,3
2025-07-09,20250709101500000,sz.000968,7.2300,7.2400,7.2200,7.2300,254900,1842508.0000,3
2025-07-09,20250709102000000,sz.000968,7.2300,7.2300,7.2100,7.2200,433600,3129652.0000,3
2025-07-09,20250709102500000,sz.000968,7.2200,7.2200,7.2100,7.2200,134400,969328.0000,3
2025-07-09,20250709103000000,sz.000968,7.2200,7.2200,7.2100,7.2200,203100,1465236.0000,3
2025-07-09,20250709103500000,sz.000968,7.2100,7.2200,7.1900,7.2100,923800,6652808.0000,3
2025-07-09,20250709104000000,sz.000968,7.2100,7.2200,7.2000,7.2100,156000,1124624.0000,3
2025-07-09,20250709104500000,sz.000968,7.2100,7.2200,7.2000,7.2200,222400,1603728.0000,3
2025-07-09,20250709105000000,sz.000968,7.2200,7.2200,7.2000,7.2100,123800,892200.0000,3
2025-07-09,20250709105500000,sz.000968,7.2100,7.2100,7.2000,7.2000,75000,540200.0000,3
2025-07-09,20250709110000000,sz.000968,7.2000,7.2200,7.2000,7.2000,461300,3328072.0000,3
2025-07-09,20250709110500000,sz.000968,7.2100,7.2100,7.1900,7.1900,492100,3542728.0000,3
2025-07-09,20250709111000000,sz.000968,7.2000,7.2100,7.1900,7.2000,427000,3072384.0000,3
2025-07-09,20250709111500000,sz.000968,7.2000,7.2000,7.1900,7.2000,80900,582384.0000,3
2025-07-09,20250709112000000,sz.000968,7.1900,7.2000,7.1900,7.2000,192500,1384288.0000,3
2025-07-09,20250709112500000,sz.000968,7.2000,7.2100,7.1900,7.2000,186300,1341328.0000,3
2025-07-09,20250709113000000,sz.000968,7.2000,7.2100,7.1900,7.2000,123600,890048.0000,3
2025-07-09,20250709130500000,sz.000968,7.2000,7.2100,7.2000,7.2100,151300,1090376.0000,3
2025-07-09,20250709131000000,sz.000968,7.2100,7.2100,7.1900,7.1900,139100,1001296.0000,3
2025-07-09,20250709131500000,sz.000968,7.1900,7.2000,7.1900,7.2000,520000,3739672.0000,3
2025-07-09,20250709132000000,sz.000968,7.1900,7.2000,7.1900,7.1900,63200,454536.0000,3
2025-07-09,20250709132500000,sz.000968,7.1900,7.2000,7.1900,7.2000,42500,305648.0000,3
2025-07-09,20250709133000000,sz.000968,7.1900,7.2000,7.1900,7.2000,51900,373312.0000,3
2025-07-09,20250709133500000,sz.000968,7.2000,7.2000,7.1900,7.1900,206200,1482752.0000,3
2025-07-09,20250709134000000,sz.000968,7.1900,7.2100,7.1900,7.2000,282600,2034864.0000,3
2025-07-09,20250709134500000,sz.000968,7.2000,7.2100,7.2000,7.2000,86800,625040.0000,3
2025-07-09,20250709135000000,sz.000968,7.2000,7.2100,7.2000,7.2100,93100,670584.0000,3
2025-07-09,20250709135500000,sz.000968,7.2100,7.2100,7.2000,7.2100,209700,1509968.0000,3
2025-07-09,20250709140000000,sz.000968,7.2000,7.2100,7.2000,7.2100,72400,521568.0000,3
2025-07-09,20250709140500000,sz.000968,7.2000,7.2100,7.2000,7.2000,133300,959840.0000,3
2025-07-09,20250709141000000,sz.000968,7.2000,7.2100,7.1900,7.2000,710500,5112952.0000,3
2025-07-09,20250709141500000,sz.000968,7.1900,7.2000,7.1800,7.1900,392100,2818504.0000,3
2025-07-09,20250709142000000,sz.000968,7.1900,7.2000,7.1800,7.1900,287600,2067496.0000,3
2025-07-09,20250709142500000,sz.000968,7.1900,7.2000,7.1800,7.1800,176600,1269240.0000,3
2025-07-09,20250709143000000,sz.000968,7.1900,7.1900,7.1800,7.1900,378000,2714440.0000,3
2025-07-09,20250709143500000,sz.000968,7.1800,7.1900,7.1800,7.1900,105200,755640.0000,3
2025-07-09,20250709144000000,sz.000968,7.1900,7.1900,7.1700,7.1700,433400,3112008.0000,3
2025-07-09,20250709144500000,sz.000968,7.1700,7.1800,7.1600,7.1700,984700,7061672.0000,3
2025-07-09,20250709145000000,sz.000968,7.1600,7.1800,7.1600,7.1700,465800,3339344.0000,3
2025-07-09,20250709145500000,sz.000968,7.1600,7.1800,7.1600,7.1700,756500,5421960.0000,3
2025-07-09,20250709150000000,sz.000968,7.1700,7.1800,7.1700,7.1700,304500,2183928.0000,3
2025-07-10,20250710093500000,sz.000968,7.1600,7.2000,7.1600,7.1900,778700,5593531.0000,3
2025-07-10,20250710094000000,sz.000968,7.1900,7.2200,7.1700,7.2000,1103100,7940076.0000,3
2025-07-10,20250710094500000,sz.000968,7.2000,7.2100,7.1900,7.2100,397500,2862679.0000,3
2025-07-10,20250710095000000,sz.000968,7.2000,7.2100,7.1900,7.2000,242400,1745834.0000,3
2025-07-10,20250710095500000,sz.000968,7.1900,7.2000,7.1900,7.2000,132500,953340.0000,3
2025-07-10,20250710100000000,sz.000968,7.2000,7.2000,7.1800,7.1900,573300,4118684.0000,3
2025-07-10,20250710100500000,sz.000968,7.2000,7.2000,7.1900,7.2000,315400,2270116.0000,3
2025-07-10,20250710101000000,sz.000968,7.2000,7.2100,7.1900,7.2000,430500,3099416.0000,3
2025-07-10,20250710101500000,sz.000968,7.2000,7.2000,7.1900,7.1900,99300,714488.0000,3
2025-07-10,20250710102000000,sz.000968,7.2000,7.2100,7.1900,7.2100,418900,3015900.0000,3
2025-07-10,20250710102500000,sz.000968,7.2000,7.2000,7.1800,7.2000,314200,2259608.0000,3
2025-07-10,20250710103000000,sz.000968,7.2000,7.2000,7.1900,7.1900,222400,1600908.0000,3
2025-07-10,20250710103500000,sz.000968,7.2000,7.2000,7.1900,7.1900,265200,1908748.0000,3
2025-07-10,20250710104000000,sz.000968,7.2000,7.2000,7.1800,7.1800,245000,1762068.0000,3
2025-07-10,20250710104500000,sz.000968,7.1800,7.1900,7.1800,7.1800,115500,830020.0000,3
2025-07-10,20250710105000000,sz.000968,7.1900,7.1900,7.1800,7.1900,222600,1598752.0000,3
2025-07-10,20250710105500000,sz.000968,7.1800,7.1900,7.1800,7.1800,143500,1030384.0000,3
2025-07-10,20250710110000000,sz.000968,7.1800,7.1900,7.1800,7.1800,106900,767816.0000,3
2025-07-10,20250710110500000,sz.000968,7.1800,7.2000,7.1800,7.2000,391700,2816812.0000,3
2025-07-10,20250710111000000,sz.000968,7.1900,7.2000,7.1900,7.2000,249100,1792084.0000,3
2025-07-10,20250710111500000,sz.000968,7.1900,7.1900,7.1800,7.1900,70400,506124.0000,3
2025-07-10,20250710112000000,sz.000968,7.1900,7.2000,7.1900,7.1900,91600,658684.0000,3
2025-07-10,20250710112500000,sz.000968,7.2000,7.2000,7.1900,7.2000,83700,602356.0000,3
2025-07-10,20250710113000000,sz.000968,7.2000,7.2100,7.1900,7.2000,595400,4288276.0000,3
2025-07-10,20250710130500000,sz.000968,7.2000,7.2200,7.2000,7.2100,388100,2797764.0000,3
2025-07-10,20250710131000000,sz.000968,7.2100,7.2100,7.2000,7.2000,60200,433728.0000,3
2025-07-10,20250710131500000,sz.000968,7.2100,7.2100,7.2000,7.2000,105400,759216.0000,3
2025-07-10,20250710132000000,sz.000968,7.2100,7.2100,7.2000,7.2000,295500,2127708.0000,3
2025-07-10,20250710132500000,sz.000968,7.2100,7.2100,7.2000,7.2100,352700,2539868.0000,3
2025-07-10,20250710133000000,sz.000968,7.2100,7.2200,7.2000,7.2200,453000,3266632.0000,3
2025-07-10,20250710133500000,sz.000968,7.2200,7.2300,7.2100,7.2200,345100,2491644.0000,3
2025-07-10,20250710134000000,sz.000968,7.2200,7.2200,7.2000,7.2100,170700,1231048.0000,3
2025-07-10,20250710134500000,sz.000968,7.2100,7.2100,7.2000,7.2000,63400,456976.0000,3
2025-07-10,20250710135000000,sz.000968,7.2100,7.2100,7.2000,7.2100,197100,1419672.0000,3
2025-07-10,20250710135500000,sz.000968,7.2100,7.2100,7.2000,7.2000,99900,719888.0000,3
2025-07-10,20250710140000000,sz.000968,7.2100,7.2100,7.1900,7.1900,499900,3600368.0000,3
2025-07-10,20250710140500000,sz.000968,7.2100,7.2200,7.2000,7.2200,242200,1746080.0000,3
2025-07-10,20250710141000000,sz.000968,7.2100,7.2200,7.2100,7.2200,124700,899304.0000,3
2025-07-10,20250710141500000,sz.000968,7.2200,7.2200,7.2100,7.2200,133500,963744.0000,3
2025-07-10,20250710142000000,sz.000968,7.2200,7.2200,7.2100,7.2100,211100,1522232.0000,3
2025-07-10,20250710142500000,sz.000968,7.2200,7.2200,7.2100,7.2200,286100,2063136.0000,3
2025-07-10,20250710143000000,sz.000968,7.2200,7.2200,7.2000,7.2100,637500,4593968.0000,3
2025-07-10,20250710143500000,sz.000968,7.2100,7.2100,7.2000,7.2100,80600,581016.0000,3
2025-07-10,20250710144000000,sz.000968,7.2100,7.2100,7.2000,7.2100,526500,3794144.0000,3
2025-07-10,20250710144500000,sz.000968,7.2100,7.2200,7.2000,7.2000,665400,4794584.0000,3
2025-07-10,20250710145000000,sz.000968,7.2000,7.2200,7.2000,7.2100,250300,1804024.0000,3
2025-07-10,20250710145500000,sz.000968,7.2000,7.2100,7.2000,7.2100,792200,5705512.0000,3
2025-07-10,20250710150000000,sz.000968,7.2100,7.2100,7.2000,7.2100,296100,2134672.0000,3
2025-07-11,20250711093500000,sz.000968,7.2000,7.2200,7.1800,7.1800,1084200,7812355.0000,3
2025-07-11,20250711094000000,sz.000968,7.1800,7.2000,7.1700,7.1900,705700,5068330.0000,3
2025-07-11,20250711094500000,sz.000968,7.1900,7.2000,7.1800,7.2000,575400,4134287.0000,3
2025-07-11,20250711095000000,sz.000968,7.2000,7.2100,7.1800,7.1900,733100,5273570.0000,3
2025-07-11,20250711095500000,sz.000968,7.1900,7.1900,7.1700,7.1900,518200,3720290.0000,3
2025-07-11,20250711100000000,sz.000968,7.1900,7.1900,7.1800,7.1900,253400,1820160.0000,3
2025-07-11,20250711100500000,sz.000968,7.1800,7.1800,7.1700,7.1800,715000,5132908.0000,3
2025-07-11,20250711101000000,sz.000968,7.1800,7.1800,7.1500,7.1600,1049400,7519444.0000,3
2025-07-11,20250711101500000,sz.000968,7.1500,7.1700,7.1500,7.1600,664100,4754628.0000,3
2025-07-11,20250711102000000,sz.000968,7.1600,7.1700,7.1500,7.1600,412500,2953604.0000,3
2025-07-11,20250711102500000,sz.000968,7.1700,7.1800,7.1600,7.1800,161600,1158376.0000,3
2025-07-11,20250711103000000,sz.000968,7.1700,7.1900,7.1700,7.1900,317600,2279652.0000,3
2025-07-11,20250711103500000,sz.000968,7.1900,7.1900,7.1800,7.1900,386400,2775124.0000,3
2025-07-11,20250711104000000,sz.000968,7.1800,7.1900,7.1800,7.1800,178800,1284372.0000,3
2025-07-11,20250711104500000,sz.000968,7.1800,7.1900,7.1700,7.1700,335400,2407752.0000,3
2025-07-11,20250711105000000,sz.000968,7.1800,7.2000,7.1700,7.1900,825500,5931468.0000,3
2025-07-11,20250711105500000,sz.000968,7.1900,7.1900,7.1700,7.1800,80600,578420.0000,3
2025-07-11,20250711110000000,sz.000968,7.1700,7.1800,7.1700,7.1800,84200,604012.0000,3
2025-07-11,20250711110500000,sz.000968,7.1800,7.1800,7.1600,7.1700,349200,2503672.0000,3
2025-07-11,20250711111000000,sz.000968,7.1700,7.1800,7.1700,7.1700,263800,1891680.0000,3
2025-07-11,20250711111500000,sz.000968,7.1600,7.1700,7.1600,7.1700,223200,1599952.0000,3
2025-07-11,20250711112000000,sz.000968,7.1700,7.1800,7.1500,7.1800,549100,3932384.0000,3
2025-07-11,20250711112500000,sz.000968,7.1800,7.1800,7.1600,7.1700,502000,3595928.0000,3
2025-07-11,20250711113000000,sz.000968,7.1600,7.1800,7.1600,7.1800,357300,2562592.0000,3
2025-07-11,20250711130500000,sz.000968,7.1700,7.1800,7.1700,7.1800,598200,4293216.0000,3
2025-07-11,20250711131000000,sz.000968,7.1800,7.1900,7.1700,7.1700,295400,2120360.0000,3
2025-07-11,20250711131500000,sz.000968,7.1800,7.1800,7.1600,7.1600,1129800,8095360.0000,3
2025-07-11,20250711132000000,sz.000968,7.1700,7.1700,7.1600,7.1700,284600,2039032.0000,3
2025-07-11,20250711132500000,sz.000968,7.1700,7.1800,7.1600,7.1800,307200,2204456.0000,3
2025-07-11,20250711133000000,sz.000968,7.1800,7.1900,7.1700,7.1700,567200,4072280.0000,3
2025-07-11,20250711133500000,sz.000968,7.1900,7.1900,7.1700,7.1800,415900,2985424.0000,3
2025-07-11,20250711134000000,sz.000968,7.1800,7.1800,7.1700,7.1800,237400,1702840.0000,3
2025-07-11,20250711134500000,sz.000968,7.1700,7.1900,7.1700,7.1800,271300,1947488.0000,3
2025-07-11,20250711135000000,sz.000968,7.1800,7.1900,7.1700,7.1800,254100,1823960.0000,3
2025-07-11,20250711135500000,sz.000968,7.1800,7.1900,7.1700,7.1700,136000,976152.0000,3
2025-07-11,20250711140000000,sz.000968,7.1800,7.1800,7.1700,7.1800,146900,1053560.0000,3
2025-07-11,20250711140500000,sz.000968,7.1800,7.1800,7.1700,7.1700,245900,1764688.0000,3
2025-07-11,20250711141000000,sz.000968,7.1700,7.1800,7.1600,7.1600,429900,3081640.0000,3
2025-07-11,20250711141500000,sz.000968,7.1600,7.1700,7.1600,7.1700,268700,1926312.0000,3
2025-07-11,20250711142000000,sz.000968,7.1700,7.1800,7.1700,7.1700,104600,750464.0000,3
2025-07-11,20250711142500000,sz.000968,7.1800,7.1800,7.1600,7.1700,352000,2523912.0000,3
2025-07-11,20250711143000000,sz.000968,7.1700,7.1800,7.1600,7.1800,182700,1309936.0000,3
2025-07-11,20250711143500000,sz.000968,7.1700,7.1800,7.1700,7.1800,160800,1153336.0000,3
2025-07-11,20250711144000000,sz.000968,7.1800,7.1800,7.1600,7.1600,299900,2149872.0000,3
2025-07-11,20250711144500000,sz.000968,7.1600,7.1700,7.1600,7.1700,602500,4314560.0000,3
2025-07-11,20250711145000000,sz.000968,7.1700,7.1700,7.1500,7.1600,1795000,12842080.0000,3
2025-07-11,20250711145500000,sz.000968,7.1600,7.1700,7.1500,7.1700,981800,7029488.0000,3
2025-07-11,20250711150000000,sz.000968,7.1700,7.1900,7.1700,7.1700,1555500,11158544.0000,3
2025-07-14,20250714093500000,sz.000968,7.1800,7.2000,7.1700,7.1900,1421500,10215987.0000,3
2025-07-14,20250714094000000,sz.000968,7.1900,7.2300,7.1900,7.2300,1775000,12790721.0000,3
2025-07-14,20250714094500000,sz.000968,7.2200,7.2200,7.2000,7.2000,499700,3603286.0000,3
2025-07-14,20250714095000000,sz.000968,7.2100,7.2300,7.2000,7.2100,864100,6236510.0000,3
2025-07-14,20250714095500000,sz.000968,7.2200,7.2300,7.2100,7.2300,429700,3101876.0000,3
2025-07-14,20250714100000000,sz.000968,7.2200,7.2600,7.2200,7.2500,2128500,15417152.0000,3
2025-07-14,20250714100500000,sz.000968,7.2400,7.2600,7.2300,7.2400,1066700,7731376.0000,3
2025-07-14,20250714101000000,sz.000968,7.2300,7.2400,7.2200,7.2300,271900,1965984.0000,3
2025-07-14,20250714101500000,sz.000968,7.2300,7.2300,7.2100,7.2200,646000,4660484.0000,3
2025-07-14,20250714102000000,sz.000968,7.2200,7.2200,7.2000,7.2100,565200,4075424.0000,3
2025-07-14,20250714102500000,sz.000968,7.2100,7.2100,7.1900,7.2000,702300,5058768.0000,3
2025-07-14,20250714103000000,sz.000968,7.2000,7.2000,7.1900,7.2000,448200,3224608.0000,3
2025-07-14,20250714103500000,sz.000968,7.2000,7.2000,7.1900,7.1900,142600,1026408.0000,3
2025-07-14,20250714104000000,sz.000968,7.2000,7.2000,7.1900,7.2000,285300,2052744.0000,3
2025-07-14,20250714104500000,sz.000968,7.1900,7.2000,7.1800,7.2000,689400,4957248.0000,3
2025-07-14,20250714105000000,sz.000968,7.2000,7.2100,7.1900,7.2100,331700,2388200.0000,3
2025-07-14,20250714105500000,sz.000968,7.2100,7.2200,7.2000,7.2000,242100,1746128.0000,3
2025-07-14,20250714110000000,sz.000968,7.2000,7.2100,7.1900,7.2000,226100,1628376.0000,3
2025-07-14,20250714110500000,sz.000968,7.2000,7.2000,7.1800,7.1800,391700,2816440.0000,3
2025-07-14,20250714111000000,sz.000968,7.1900,7.1900,7.1800,7.1900,250600,1800816.0000,3
2025-07-14,20250714111500000,sz.000968,7.1900,7.1900,7.1700,7.1800,667000,4788936.0000,3
2025-07-14,20250714112000000,sz.000968,7.1800,7.1900,7.1800,7.1800,21200,152336.0000,3
2025-07-14,20250714112500000,sz.000968,7.1800,7.1900,7.1800,7.1800,72000,517000.0000,3
2025-07-14,20250714113000000,sz.000968,7.1900,7.1900,7.1800,7.1800,73100,525288.0000,3
2025-07-14,20250714130500000,sz.000968,7.1900,7.2100,7.1800,7.2000,452600,3255328.0000,3
2025-07-14,20250714131000000,sz.000968,7.2000,7.2100,7.1900,7.2000,194100,1397520.0000,3
2025-07-14,20250714131500000,sz.000968,7.1900,7.2000,7.1800,7.1800,355600,2554720.0000,3
2025-07-14,20250714132000000,sz.000968,7.1800,7.1900,7.1800,7.1900,293700,2110880.0000,3
2025-07-14,20250714132500000,sz.000968,7.1900,7.1900,7.1700,7.1800,382000,2743136.0000,3
2025-07-14,20250714133000000,sz.000968,7.1800,7.1900,7.1700,7.1800,346700,2489088.0000,3
2025-07-14,20250714133500000,sz.000968,7.1800,7.1800,7.1700,7.1800,180600,1296496.0000,3
2025-07-14,20250714134000000,sz.000968,7.1700,7.1800,7.1700,7.1700,169800,1218584.0000,3
2025-07-14,20250714134500000,sz.000968,7.1800,7.1800,7.1700,7.1800,68000,488104.0000,3
2025-07-14,20250714135000000,sz.000968,7.1800,7.1800,7.1700,7.1700,158500,1137736.0000,3
2025-07-14,20250714135500000,sz.000968,7.1700,7.1800,7.1700,7.1800,306500,2198848.0000,3
2025-07-14,20250714140000000,sz.000968,7.1800,7.1900,7.1700,7.1800,560400,4023192.0000,3
2025-07-14,20250714140500000,sz.000968,7.1800,7.1800,7.1700,7.1800,340700,2444072.0000,3
2025-07-14,20250714141000000,sz.000968,7.1800,7.1800,7.1700,7.1800,440700,3164176.0000,3
2025-07-14,20250714141500000,sz.000968,7.1800,7.1900,7.1700,7.1800,306200,2198552.0000,3
2025-07-14,20250714142000000,sz.000968,7.1900,7.1900,7.1700,7.1700,182400,1309712.0000,3
2025-07-14,20250714142500000,sz.000968,7.1800,7.1800,7.1700,7.1700,412800,2963824.0000,3
2025-07-14,20250714143000000,sz.000968,7.1700,7.1900,7.1700,7.1700,121000,868512.0000,3
2025-07-14,20250714143500000,sz.000968,7.1800,7.1800,7.1700,7.1800,74700,535968.0000,3
2025-07-14,20250714144000000,sz.000968,7.1800,7.1800,7.1700,7.1800,139500,1001216.0000,3
2025-07-14,20250714144500000,sz.000968,7.1800,7.1900,7.1700,7.1800,1044600,7502384.0000,3
2025-07-14,20250714145000000,sz.000968,7.1800,7.1900,7.1700,7.1800,631800,4535392.0000,3
2025-07-14,20250714145500000,sz.000968,7.1800,7.1900,7.1700,7.1900,651400,4678176.0000,3
2025-07-14,20250714150000000,sz.000968,7.1900,7.1900,7.1700,7.1900,411600,2956864.0000,3
2025-07-15,20250715093500000,sz.000968,7.1700,7.1800,7.1500,7.1600,1397700,10013285.0000,3
2025-07-15,20250715094000000,sz.000968,7.1600,7.1700,7.1500,7.1600,690300,4940918.0000,3
2025-07-15,20250715094500000,sz.000968,7.1600,7.1600,7.1400,7.1500,1538000,10999791.0000,3
2025-07-15,20250715095000000,sz.000968,7.1500,7.1600,7.1400,7.1500,425900,3044944.0000,3
2025-07-15,20250715095500000,sz.000968,7.1400,7.1500,7.1300,7.1300,740000,5285910.0000,3
2025-07-15,20250715100000000,sz.000968,7.1300,7.1300,7.1100,7.1200,1914300,13630256.0000,3
2025-07-15,20250715100500000,sz.000968,7.1200,7.1200,7.1000,7.1200,1136300,8082228.0000,3
2025-07-15,20250715101000000,sz.000968,7.1100,7.1200,7.0800,7.0800,1575600,11182652.0000,3
2025-07-15,20250715101500000,sz.000968,7.0800,7.0900,7.0600,7.0600,1621400,11473856.0000,3
2025-07-15,20250715102000000,sz.000968,7.0600,7.0700,7.0500,7.0700,1304500,9201744.0000,3
2025-07-15,20250715102500000,sz.000968,7.0600,7.0800,7.0600,7.0600,461100,3258256.0000,3
2025-07-15,20250715103000000,sz.000968,7.0700,7.0700,7.0500,7.0500,349400,2466848.0000,3
2025-07-15,20250715103500000,sz.000968,7.0500,7.0700,7.0500,7.0600,274000,1933328.0000,3
2025-07-15,20250715104000000,sz.000968,7.0600,7.0600,7.0500,7.0600,386900,2728960.0000,3
2025-07-15,20250715104500000,sz.000968,7.0600,7.0700,7.0600,7.0700,107000,756032.0000,3
2025-07-15,20250715105000000,sz.000968,7.0700,7.0700,7.0500,7.0600,323200,2281480.0000,3
2025-07-15,20250715105500000,sz.000968,7.0600,7.0600,7.0500,7.0600,324300,2287192.0000,3
2025-07-15,20250715110000000,sz.000968,7.0600,7.0600,7.0500,7.0600,161600,1140080.0000,3
2025-07-15,20250715110500000,sz.000968,7.0500,7.0600,7.0400,7.0400,455200,3207768.0000,3
2025-07-15,20250715111000000,sz.000968,7.0500,7.0500,7.0300,7.0300,375700,2645256.0000,3
2025-07-15,20250715111500000,sz.000968,7.0300,7.0400,7.0200,7.0200,438800,3083936.0000,3
2025-07-15,20250715112000000,sz.000968,7.0200,7.0300,7.0100,7.0100,471600,3311040.0000,3
2025-07-15,20250715112500000,sz.000968,7.0100,7.0200,7.0100,7.0200,551900,3870424.0000,3
2025-07-15,20250715113000000,sz.000968,7.0300,7.0300,7.0100,7.0300,377000,2646352.0000,3
2025-07-15,20250715130500000,sz.000968,7.0300,7.0300,7.0100,7.0200,529900,3718200.0000,3
2025-07-15,20250715131000000,sz.000968,7.0200,7.0300,7.0100,7.0200,126200,885528.0000,3
2025-07-15,20250715131500000,sz.000968,7.0200,7.0300,7.0200,7.0200,161500,1134248.0000,3
2025-07-15,20250715132000000,sz.000968,7.0300,7.0400,7.0200,7.0200,140800,989520.0000,3
2025-07-15,20250715132500000,sz.000968,7.0200,7.0300,7.0100,7.0200,212500,1491816.0000,3
2025-07-15,20250715133000000,sz.000968,7.0200,7.0300,7.0100,7.0100,282800,1985456.0000,3
2025-07-15,20250715133500000,sz.000968,7.0200,7.0300,7.0100,7.0200,118800,833912.0000,3
2025-07-15,20250715134000000,sz.000968,7.0200,7.0300,7.0100,7.0200,243100,1706192.0000,3
2025-07-15,20250715134500000,sz.000968,7.0100,7.0200,7.0100,7.0100,147400,1034160.0000,3
2025-07-15,20250715135000000,sz.000968,7.0100,7.0200,7.0100,7.0200,500700,3510432.0000,3
2025-07-15,20250715135500000,sz.000968,7.0200,7.0200,7.0100,7.0100,54300,380928.0000,3
2025-07-15,20250715140000000,sz.000968,7.0100,7.0200,7.0100,7.0100,293800,2059632.0000,3
2025-07-15,20250715140500000,sz.000968,7.0100,7.0300,7.0100,7.0200,290500,2038400.0000,3
2025-07-15,20250715141000000,sz.000968,7.0200,7.0300,7.0200,7.0200,184400,1295728.0000,3
2025-07-15,20250715141500000,sz.000968,7.0300,7.0400,7.0200,7.0400,335800,2362288.0000,3
2025-07-15,20250715142000000,sz.000968,7.0300,7.0400,7.0200,7.0300,212800,1495904.0000,3
2025-07-15,20250715142500000,sz.000968,7.0300,7.0400,7.0200,7.0300,109800,771424.0000,3
2025-07-15,20250715143000000,sz.000968,7.0300,7.0400,7.0200,7.0300,179500,1262432.0000,3
2025-07-15,20250715143500000,sz.000968,7.0400,7.0700,7.0300,7.0400,840300,5927248.0000,3
2025-07-15,20250715144000000,sz.000968,7.0400,7.0500,7.0300,7.0400,299900,2109248.0000,3
2025-07-15,20250715144500000,sz.000968,7.0400,7.0400,7.0200,7.0200,265300,1864784.0000,3
2025-07-15,20250715145000000,sz.000968,7.0300,7.0300,7.0200,7.0300,234300,1646112.0000,3
2025-07-15,20250715145500000,sz.000968,7.0300,7.0400,7.0200,7.0200,571000,4014032.0000,3
2025-07-15,20250715150000000,sz.000968,7.0300,7.0300,7.0200,7.0200,383200,2690864.0000,3
2025-07-16,20250716093500000,sz.000968,7.0100,7.0500,7.0100,7.0300,664800,4677127.0000,3
2025-07-16,20250716094000000,sz.000968,7.0500,7.0500,7.0300,7.0300,677100,4763094.0000,3
2025-07-16,20250716094500000,sz.000968,7.0300,7.0600,7.0300,7.0500,443500,3124969.0000,3
2025-07-16,20250716095000000,sz.000968,7.0500,7.0500,7.0400,7.0400,133000,937214.0000,3
2025-07-16,20250716095500000,sz.000968,7.0500,7.0500,7.0400,7.0500,287800,2027078.0000,3
2025-07-16,20250716100000000,sz.000968,7.0500,7.0600,7.0400,7.0400,643500,4534326.0000,3
2025-07-16,20250716100500000,sz.000968,7.0500,7.0600,7.0400,7.0400,484000,3414764.0000,3
2025-07-16,20250716101000000,sz.000968,7.0500,7.0500,7.0400,7.0400,253400,1784544.0000,3
2025-07-16,20250716101500000,sz.000968,7.0500,7.0500,7.0300,7.0400,263200,1853174.0000,3
2025-07-16,20250716102000000,sz.000968,7.0500,7.0500,7.0300,7.0400,264600,1862822.0000,3
2025-07-16,20250716102500000,sz.000968,7.0400,7.0400,7.0300,7.0400,169500,1191910.0000,3
2025-07-16,20250716103000000,sz.000968,7.0400,7.0400,7.0300,7.0400,288700,2030334.0000,3
2025-07-16,20250716103500000,sz.000968,7.0300,7.0400,7.0300,7.0300,291300,2047956.0000,3
2025-07-16,20250716104000000,sz.000968,7.0300,7.0400,7.0300,7.0300,181500,1276136.0000,3
2025-07-16,20250716104500000,sz.000968,7.0400,7.0400,7.0300,7.0400,71800,505064.0000,3
2025-07-16,20250716105000000,sz.000968,7.0400,7.0400,7.0200,7.0200,214500,1508224.0000,3
2025-07-16,20250716105500000,sz.000968,7.0200,7.0300,7.0100,7.0200,634300,4452968.0000,3
2025-07-16,20250716110000000,sz.000968,7.0200,7.0200,7.0100,7.0200,99700,699548.0000,3
2025-07-16,20250716110500000,sz.000968,7.0200,7.0300,7.0200,7.0200,177400,1245816.0000,3
2025-07-16,20250716111000000,sz.000968,7.0200,7.0300,7.0200,7.0300,42300,297072.0000,3
2025-07-16,20250716111500000,sz.000968,7.0200,7.0300,7.0200,7.0300,73100,513428.0000,3
2025-07-16,20250716112000000,sz.000968,7.0300,7.0500,7.0300,7.0300,390300,2746440.0000,3
2025-07-16,20250716112500000,sz.000968,7.0400,7.0400,7.0300,7.0300,289200,2033896.0000,3
2025-07-16,20250716113000000,sz.000968,7.0300,7.0400,7.0300,7.0400,109700,771252.0000,3
2025-07-16,20250716130500000,sz.000968,7.0200,7.0400,7.0200,7.0400,325500,2288908.0000,3
2025-07-16,20250716131000000,sz.000968,7.0400,7.0400,7.0300,7.0400,74900,526952.0000,3
2025-07-16,20250716131500000,sz.000968,7.0400,7.0400,7.0200,7.0300,197800,1391520.0000,3
2025-07-16,20250716132000000,sz.000968,7.0400,7.0400,7.0200,7.0300,91600,643664.0000,3
2025-07-16,20250716132500000,sz.000968,7.0300,7.0300,7.0200,7.0300,77000,541112.0000,3
2025-07-16,20250716133000000,sz.000968,7.0300,7.0300,7.0200,7.0300,87100,611796.0000,3
2025-07-16,20250716133500000,sz.000968,7.0300,7.0300,7.0200,7.0200,50200,352732.0000,3
2025-07-16,20250716134000000,sz.000968,7.0200,7.0400,7.0200,7.0300,166300,1169232.0000,3
2025-07-16,20250716134500000,sz.000968,7.0300,7.0400,7.0200,7.0300,89300,627800.0000,3
2025-07-16,20250716135000000,sz.000968,7.0300,7.0300,7.0100,7.0300,559300,3925984.0000,3
2025-07-16,20250716135500000,sz.000968,7.0200,7.0300,7.0200,7.0200,83100,583752.0000,3
2025-07-16,20250716140000000,sz.000968,7.0300,7.0300,7.0200,7.0200,55000,386592.0000,3
2025-07-16,20250716140500000,sz.000968,7.0200,7.0300,7.0200,7.0300,29600,208036.0000,3
2025-07-16,20250716141000000,sz.000968,7.0300,7.0300,7.0200,7.0300,146300,1028408.0000,3
2025-07-16,20250716141500000,sz.000968,7.0300,7.0400,7.0200,7.0400,65200,458376.0000,3
2025-07-16,20250716142000000,sz.000968,7.0300,7.0400,7.0300,7.0300,44000,309548.0000,3
2025-07-16,20250716142500000,sz.000968,7.0400,7.0400,7.0300,7.0400,39400,277252.0000,3
2025-07-16,20250716143000000,sz.000968,7.0400,7.0400,7.0300,7.0400,135000,949456.0000,3
2025-07-16,20250716143500000,sz.000968,7.0400,7.0400,7.0300,7.0400,36300,255388.0000,3
2025-07-16,20250716144000000,sz.000968,7.0400,7.0400,7.0300,7.0400,137400,966128.0000,3
2025-07-16,20250716144500000,sz.000968,7.0300,7.0400,7.0300,7.0400,212000,1491168.0000,3
2025-07-16,20250716145000000,sz.000968,7.0400,7.0400,7.0300,7.0400,266500,1874272.0000,3
2025-07-16,20250716145500000,sz.000968,7.0400,7.0400,7.0200,7.0300,298500,2097544.0000,3
2025-07-16,20250716150000000,sz.000968,7.0300,7.0300,7.0200,7.0300,304400,2139392.0000,3
2025-07-17,20250717093500000,sz.000968,7.0200,7.0400,7.0200,7.0200,452200,3176092.0000,3
2025-07-17,20250717094000000,sz.000968,7.0300,7.0300,7.0200,7.0300,213300,1497663.0000,3
2025-07-17,20250717094500000,sz.000968,7.0300,7.0400,7.0200,7.0300,466900,3280811.0000,3
2025-07-17,20250717095000000,sz.000968,7.0400,7.0400,7.0200,7.0400,290500,2042083.0000,3
2025-07-17,20250717095500000,sz.000968,7.0300,7.0500,7.0300,7.0400,540800,3806723.0000,3
2025-07-17,20250717100000000,sz.000968,7.0400,7.0500,7.0300,7.0300,295300,2079068.0000,3
2025-07-17,20250717100500000,sz.000968,7.0500,7.0500,7.0300,7.0300,161100,1133784.0000,3
2025-07-17,20250717101000000,sz.000968,7.0300,7.0400,7.0300,7.0400,118700,834748.0000,3
2025-07-17,20250717101500000,sz.000968,7.0400,7.0400,7.0300,7.0300,104500,735184.0000,3
2025-07-17,20250717102000000,sz.000968,7.0400,7.0400,7.0200,7.0300,169200,1189196.0000,3
2025-07-17,20250717102500000,sz.000968,7.0200,7.0300,7.0200,7.0200,110100,773116.0000,3
2025-07-17,20250717103000000,sz.000968,7.0300,7.0300,7.0100,7.0100,625700,4391892.0000,3
2025-07-17,20250717103500000,sz.000968,7.0200,7.0200,7.0100,7.0100,90200,632668.0000,3
2025-07-17,20250717104000000,sz.000968,7.0100,7.0200,7.0100,7.0200,242200,1698764.0000,3
2025-07-17,20250717104500000,sz.000968,7.0200,7.0200,7.0100,7.0200,131600,923594.0000,3
2025-07-17,20250717105000000,sz.000968,7.0200,7.0200,7.0100,7.0100,79700,559198.0000,3
2025-07-17,20250717105500000,sz.000968,7.0200,7.0200,7.0100,7.0200,199400,1398016.0000,3
2025-07-17,20250717110000000,sz.000968,7.0100,7.0200,7.0100,7.0100,425300,2981702.0000,3
2025-07-17,20250717110500000,sz.000968,7.0100,7.0200,7.0000,7.0000,175300,1228634.0000,3
2025-07-17,20250717111000000,sz.000968,7.0100,7.0100,7.0000,7.0000,198900,1394180.0000,3
2025-07-17,20250717111500000,sz.000968,7.0100,7.0100,7.0000,7.0100,115200,807072.0000,3
2025-07-17,20250717112000000,sz.000968,7.0100,7.0200,7.0000,7.0100,227800,1596116.0000,3
2025-07-17,20250717112500000,sz.000968,7.0100,7.0200,7.0100,7.0100,139100,975144.0000,3
2025-07-17,20250717113000000,sz.000968,7.0200,7.0200,7.0100,7.0100,82300,577020.0000,3
2025-07-17,20250717130500000,sz.000968,7.0100,7.0200,7.0000,7.0100,460300,3224976.0000,3
2025-07-17,20250717131000000,sz.000968,7.0100,7.0200,7.0000,7.0000,94800,664556.0000,3
2025-07-17,20250717131500000,sz.000968,7.0000,7.0100,7.0000,7.0100,95700,670616.0000,3
2025-07-17,20250717132000000,sz.000968,7.0000,7.0200,7.0000,7.0200,397700,2787684.0000,3
2025-07-17,20250717132500000,sz.000968,7.0100,7.0200,7.0100,7.0200,58500,410268.0000,3
2025-07-17,20250717133000000,sz.000968,7.0100,7.0200,7.0000,7.0100,310900,2179600.0000,3
2025-07-17,20250717133500000,sz.000968,7.0100,7.0200,7.0000,7.0000,242000,1696316.0000,3
2025-07-17,20250717134000000,sz.000968,7.0100,7.0300,7.0000,7.0200,253800,1781524.0000,3
2025-07-17,20250717134500000,sz.000968,7.0200,7.0300,7.0200,7.0200,49900,350664.0000,3
2025-07-17,20250717135000000,sz.000968,7.0300,7.0300,7.0100,7.0200,279300,1960800.0000,3
2025-07-17,20250717135500000,sz.000968,7.0200,7.0300,7.0100,7.0300,155600,1092216.0000,3
2025-07-17,20250717140000000,sz.000968,7.0200,7.0300,7.0200,7.0300,192200,1349864.0000,3
2025-07-17,20250717140500000,sz.000968,7.0300,7.0400,7.0200,7.0400,450200,3165600.0000,3
2025-07-17,20250717141000000,sz.000968,7.0400,7.0400,7.0300,7.0400,95100,669208.0000,3
2025-07-17,20250717141500000,sz.000968,7.0300,7.0300,7.0200,7.0200,237600,1670176.0000,3
2025-07-17,20250717142000000,sz.000968,7.0300,7.0400,7.0300,7.0300,101200,711544.0000,3
2025-07-17,20250717142500000,sz.000968,7.0300,7.0400,7.0200,7.0200,98000,689032.0000,3
2025-07-17,20250717143000000,sz.000968,7.0200,7.0400,7.0200,7.0400,157100,1104464.0000,3
2025-07-17,20250717143500000,sz.000968,7.0300,7.0400,7.0200,7.0300,196600,1381648.0000,3
2025-07-17,20250717144000000,sz.000968,7.0300,7.0400,7.0200,7.0300,186400,1310088.0000,3
2025-07-17,20250717144500000,sz.000968,7.0300,7.0300,7.0200,7.0200,106400,747408.0000,3
2025-07-17,20250717145000000,sz.000968,7.0300,7.0300,7.0200,7.0200,134600,945440.0000,3
2025-07-17,20250717145500000,sz.000968,7.0200,7.0300,7.0200,7.0200,400200,2810776.0000,3
2025-07-17,20250717150000000,sz.000968,7.0200,7.0300,7.0200,7.0200,213300,1498152.0000,3
2025-07-18,20250718093500000,sz.000968,7.0300,7.0700,7.0300,7.0500,1874300,13233035.0000,3
2025-07-18,20250718094000000,sz.000968,7.0500,7.0700,7.0500,7.0500,566700,4000517.0000,3
2025-07-18,20250718094500000,sz.000968,7.0600,7.0700,7.0500,7.0600,436600,3081276.0000,3
2025-07-18,20250718095000000,sz.000968,7.0700,7.0700,7.0500,7.0500,218700,1543416.0000,3
2025-07-18,20250718095500000,sz.000968,7.0500,7.0700,7.0500,7.0500,351100,2477954.0000,3
2025-07-18,20250718100000000,sz.000968,7.0600,7.0700,7.0500,7.0600,226900,1601998.0000,3
2025-07-18,20250718100500000,sz.000968,7.0700,7.0700,7.0400,7.0400,164300,1158990.0000,3
2025-07-18,20250718101000000,sz.000968,7.0400,7.0500,7.0400,7.0400,128100,902646.0000,3
2025-07-18,20250718101500000,sz.000968,7.0400,7.0600,7.0400,7.0500,449100,3165338.0000,3
2025-07-18,20250718102000000,sz.000968,7.0600,7.0700,7.0500,7.0500,278600,1966662.0000,3
2025-07-18,20250718102500000,sz.000968,7.0600,7.0700,7.0500,7.0600,258600,1825752.0000,3
2025-07-18,20250718103000000,sz.000968,7.0600,7.0700,7.0500,7.0600,322700,2276136.0000,3
2025-07-18,20250718103500000,sz.000968,7.0600,7.0600,7.0400,7.0600,210900,1486972.0000,3
2025-07-18,20250718104000000,sz.000968,7.0600,7.0600,7.0500,7.0600,45700,322412.0000,3
2025-07-18,20250718104500000,sz.000968,7.0500,7.0600,7.0500,7.0500,239200,1686408.0000,3
2025-07-18,20250718105000000,sz.000968,7.0600,7.0700,7.0400,7.0700,565700,3989916.0000,3
2025-07-18,20250718105500000,sz.000968,7.0600,7.0700,7.0500,7.0700,371700,2624216.0000,3
2025-07-18,20250718110000000,sz.000968,7.0600,7.0600,7.0500,7.0600,101300,714788.0000,3
2025-07-18,20250718110500000,sz.000968,7.0500,7.0700,7.0500,7.0600,225200,1590244.0000,3
2025-07-18,20250718111000000,sz.000968,7.0600,7.0800,7.0500,7.0800,1084500,7672000.0000,3
2025-07-18,20250718111500000,sz.000968,7.0800,7.0800,7.0600,7.0700,313200,2214120.0000,3
2025-07-18,20250718112000000,sz.000968,7.0600,7.0700,7.0600,7.0700,99500,703412.0000,3
2025-07-18,20250718112500000,sz.000968,7.0700,7.0700,7.0600,7.0700,55600,393052.0000,3
2025-07-18,20250718113000000,sz.000968,7.0700,7.0700,7.0600,7.0600,149200,1054424.0000,3
2025-07-18,20250718130500000,sz.000968,7.0600,7.0700,7.0500,7.0600,211600,1493888.0000,3
2025-07-18,20250718131000000,sz.000968,7.0500,7.0600,7.0500,7.0600,289800,2043952.0000,3
2025-07-18,20250718131500000,sz.000968,7.0600,7.0800,7.0600,7.0600,250600,1771140.0000,3
2025-07-18,20250718132000000,sz.000968,7.0600,7.0700,7.0600,7.0600,48500,342424.0000,3
2025-07-18,20250718132500000,sz.000968,7.0600,7.0700,7.0500,7.0600,178100,1257352.0000,3
2025-07-18,20250718133000000,sz.000968,7.0500,7.0600,7.0500,7.0600,202500,1427704.0000,3
2025-07-18,20250718133500000,sz.000968,7.0600,7.0600,7.0500,7.0500,38400,270928.0000,3
2025-07-18,20250718134000000,sz.000968,7.0500,7.0600,7.0500,7.0500,59600,420304.0000,3
2025-07-18,20250718134500000,sz.000968,7.0500,7.0600,7.0500,7.0600,39000,275056.0000,3
2025-07-18,20250718135000000,sz.000968,7.0600,7.0600,7.0400,7.0400,184200,1298640.0000,3
2025-07-18,20250718135500000,sz.000968,7.0400,7.0500,7.0400,7.0500,247300,1742240.0000,3
2025-07-18,20250718140000000,sz.000968,7.0400,7.0500,7.0400,7.0500,239600,1689016.0000,3
2025-07-18,20250718140500000,sz.000968,7.0400,7.0500,7.0400,7.0500,180500,1271992.0000,3
2025-07-18,20250718141000000,sz.000968,7.0500,7.0500,7.0400,7.0400,122700,864584.0000,3
2025-07-18,20250718141500000,sz.000968,7.0500,7.0500,7.0400,7.0500,58800,414488.0000,3
2025-07-18,20250718142000000,sz.000968,7.0400,7.0600,7.0400,7.0400,128600,907016.0000,3
2025-07-18,20250718142500000,sz.000968,7.0400,7.0600,7.0400,7.0600,40600,286272.0000,3
2025-07-18,20250718143000000,sz.000968,7.0500,7.0600,7.0500,7.0500,47400,334456.0000,3
2025-07-18,20250718143500000,sz.000968,7.0500,7.0600,7.0500,7.0600,143100,1010184.0000,3
2025-07-18,20250718144000000,sz.000968,7.0500,7.0700,7.0500,7.0600,219200,1547224.0000,3
2025-07-18,20250718144500000,sz.000968,7.0700,7.0700,7.0600,7.0600,94200,665536.0000,3
2025-07-18,20250718145000000,sz.000968,7.0600,7.0700,7.0600,7.0600,306900,2169296.0000,3
2025-07-18,20250718145500000,sz.000968,7.0700,7.0700,7.0600,7.0700,175000,1236240.0000,3
2025-07-18,20250718150000000,sz.000968,7.0600,7.0700,7.0600,7.0700,225500,1593776.0000,3
2025-07-21,20250721093500000,sz.000968,7.0600,7.1200,7.0600,7.1200,2001500,14188229.0000,3
2025-07-21,20250721094000000,sz.000968,7.1200,7.1200,7.1000,7.1200,464600,3304245.0000,3
2025-07-21,20250721094500000,sz.000968,7.1100,7.1400,7.1000,7.1200,1003400,7146790.0000,3
2025-07-21,20250721095000000,sz.000968,7.1200,7.1300,7.1100,7.1200,490700,3492508.0000,3
2025-07-21,20250721095500000,sz.000968,7.1300,7.1300,7.1100,7.1200,357300,2543004.0000,3
2025-07-21,20250721100000000,sz.000968,7.1200,7.1200,7.1000,7.1200,1151600,8187236.0000,3
2025-07-21,20250721100500000,sz.000968,7.1200,7.1300,7.1100,7.1200,295600,2104588.0000,3
2025-07-21,20250721101000000,sz.000968,7.1200,7.1300,7.1100,7.1200,299100,2130988.0000,3
2025-07-21,20250721101500000,sz.000968,7.1200,7.1400,7.1200,7.1400,555200,3959236.0000,3
2025-07-21,20250721102000000,sz.000968,7.1400,7.1400,7.1300,7.1400,217400,1550996.0000,3
2025-07-21,20250721102500000,sz.000968,7.1300,7.1400,7.1200,7.1300,307600,2193200.0000,3
2025-07-21,20250721103000000,sz.000968,7.1300,7.1400,7.1200,7.1400,269400,1921500.0000,3
2025-07-21,20250721103500000,sz.000968,7.1300,7.1500,7.1300,7.1400,763200,5449840.0000,3
2025-07-21,20250721104000000,sz.000968,7.1400,7.1400,7.1300,7.1400,70200,501096.0000,3
2025-07-21,20250721104500000,sz.000968,7.1400,7.1400,7.1300,7.1300,192300,1372844.0000,3
2025-07-21,20250721105000000,sz.000968,7.1400,7.1400,7.1300,7.1400,58900,419900.0000,3
2025-07-21,20250721105500000,sz.000968,7.1400,7.1400,7.1300,7.1400,122800,876368.0000,3
2025-07-21,20250721110000000,sz.000968,7.1400,7.1400,7.1300,7.1400,210400,1502032.0000,3
2025-07-21,20250721110500000,sz.000968,7.1400,7.1500,7.1300,7.1500,210800,1504992.0000,3
2025-07-21,20250721111000000,sz.000968,7.1500,7.1500,7.1400,7.1400,372000,2656336.0000,3
2025-07-21,20250721111500000,sz.000968,7.1400,7.1500,7.1400,7.1500,567000,4053584.0000,3
2025-07-21,20250721112000000,sz.000968,7.1500,7.1500,7.1400,7.1500,268000,1914416.0000,3
2025-07-21,20250721112500000,sz.000968,7.1400,7.1500,7.1400,7.1400,112500,803896.0000,3
2025-07-21,20250721113000000,sz.000968,7.1500,7.1500,7.1400,7.1500,51300,366624.0000,3
2025-07-21,20250721130500000,sz.000968,7.1500,7.1700,7.1400,7.1500,886700,6346008.0000,3
2025-07-21,20250721131000000,sz.000968,7.1600,7.1700,7.1500,7.1600,176400,1263488.0000,3
2025-07-21,20250721131500000,sz.000968,7.1600,7.1700,7.1600,7.1700,147600,1058016.0000,3
2025-07-21,20250721132000000,sz.000968,7.1600,7.1800,7.1600,7.1600,569200,4080240.0000,3
2025-07-21,20250721132500000,sz.000968,7.1700,7.1700,7.1600,7.1700,136600,979120.0000,3
2025-07-21,20250721133000000,sz.000968,7.1700,7.1700,7.1600,7.1700,337300,2418352.0000,3
2025-07-21,20250721133500000,sz.000968,7.1700,7.1700,7.1600,7.1600,117400,841520.0000,3
2025-07-21,20250721134000000,sz.000968,7.1700,7.1800,7.1600,7.1700,389300,2791416.0000,3
2025-07-21,20250721134500000,sz.000968,7.1700,7.1800,7.1700,7.1800,164300,1178736.0000,3
2025-07-21,20250721135000000,sz.000968,7.1800,7.1800,7.1700,7.1700,200400,1437136.0000,3
2025-07-21,20250721135500000,sz.000968,7.1700,7.1800,7.1700,7.1700,154200,1105680.0000,3
2025-07-21,20250721140000000,sz.000968,7.1700,7.1800,7.1600,7.1600,179900,1289544.0000,3
2025-07-21,20250721140500000,sz.000968,7.1600,7.1700,7.1600,7.1600,77800,557120.0000,3
2025-07-21,20250721141000000,sz.000968,7.1700,7.1700,7.1600,7.1700,24400,174848.0000,3
2025-07-21,20250721141500000,sz.000968,7.1700,7.1700,7.1600,7.1600,133200,954720.0000,3
2025-07-21,20250721142000000,sz.000968,7.1700,7.1800,7.1600,7.1600,365800,2622520.0000,3
2025-07-21,20250721142500000,sz.000968,7.1700,7.1700,7.1600,7.1700,95600,685216.0000,3
2025-07-21,20250721143000000,sz.000968,7.1600,7.1700,7.1600,7.1700,80700,578296.0000,3
2025-07-21,20250721143500000,sz.000968,7.1700,7.1800,7.1600,7.1700,383600,2749976.0000,3
2025-07-21,20250721144000000,sz.000968,7.1700,7.1700,7.1600,7.1700,395800,2834320.0000,3
2025-07-21,20250721144500000,sz.000968,7.1700,7.1800,7.1600,7.1700,489500,3509344.0000,3
2025-07-21,20250721145000000,sz.000968,7.1700,7.1800,7.1600,7.1800,312900,2243920.0000,3
2025-07-21,20250721145500000,sz.000968,7.1700,7.1800,7.1700,7.1800,351700,2523088.0000,3
2025-07-21,20250721150000000,sz.000968,7.1800,7.1800,7.1700,7.1700,525300,3767600.0000,3
2025-07-22,20250722093500000,sz.000968,7.1800,7.1900,7.1500,7.1500,1111900,7972081.0000,3
2025-07-22,20250722094000000,sz.000968,7.1500,7.1900,7.1500,7.1600,545800,3912669.0000,3
2025-07-22,20250722094500000,sz.000968,7.1600,7.1600,7.1400,7.1500,688400,4922510.0000,3
2025-07-22,20250722095000000,sz.000968,7.1500,7.1600,7.1400,7.1400,507800,3627984.0000,3
2025-07-22,20250722095500000,sz.000968,7.1400,7.1500,7.1300,7.1300,516400,3685310.0000,3
2025-07-22,20250722100000000,sz.000968,7.1400,7.1400,7.1200,7.1300,167700,1195658.0000,3
2025-07-22,20250722100500000,sz.000968,7.1300,7.1300,7.1100,7.1200,497500,3541064.0000,3
2025-07-22,20250722101000000,sz.000968,7.1200,7.1400,7.1200,7.1300,190900,1360220.0000,3
2025-07-22,20250722101500000,sz.000968,7.1300,7.1400,7.1200,7.1300,384800,2743268.0000,3
2025-07-22,20250722102000000,sz.000968,7.1300,7.1300,7.1200,7.1200,67900,483632.0000,3
2025-07-22,20250722102500000,sz.000968,7.1200,7.1300,7.1100,7.1200,227300,1618824.0000,3
2025-07-22,20250722103000000,sz.000968,7.1200,7.1500,7.1200,7.1400,375100,2675524.0000,3
2025-07-22,20250722103500000,sz.000968,7.1400,7.1500,7.1400,7.1500,182200,1302284.0000,3
2025-07-22,20250722104000000,sz.000968,7.1500,7.1600,7.1400,7.1500,339600,2429820.0000,3
2025-07-22,20250722104500000,sz.000968,7.1500,7.1700,7.1500,7.1700,427200,3061632.0000,3
2025-07-22,20250722105000000,sz.000968,7.1700,7.1800,7.1600,7.1600,557400,3996956.0000,3
2025-07-22,20250722105500000,sz.000968,7.1700,7.1700,7.1600,7.1700,156900,1124424.0000,3
2025-07-22,20250722110000000,sz.000968,7.1800,7.1800,7.1500,7.1600,243800,1745180.0000,3
2025-07-22,20250722110500000,sz.000968,7.1600,7.1600,7.1500,7.1500,204100,1460848.0000,3
2025-07-22,20250722111000000,sz.000968,7.1600,7.1600,7.1500,7.1500,61100,437240.0000,3
2025-07-22,20250722111500000,sz.000968,7.1600,7.1700,7.1500,7.1600,135400,969560.0000,3
2025-07-22,20250722112000000,sz.000968,7.1600,7.1700,7.1600,7.1600,133700,958024.0000,3
2025-07-22,20250722112500000,sz.000968,7.1700,7.1700,7.1500,7.1600,228100,1633268.0000,3
2025-07-22,20250722113000000,sz.000968,7.1600,7.1700,7.1500,7.1600,116900,836452.0000,3
2025-07-22,20250722130500000,sz.000968,7.1600,7.2200,7.1600,7.2000,1915700,13783976.0000,3
2025-07-22,20250722131000000,sz.000968,7.2100,7.2500,7.2000,7.2400,1751500,12658104.0000,3
2025-07-22,20250722131500000,sz.000968,7.2400,7.2500,7.2200,7.2400,827900,5987248.0000,3
2025-07-22,20250722132000000,sz.000968,7.2500,7.2500,7.2200,7.2500,1304300,9443264.0000,3
2025-07-22,20250722132500000,sz.000968,7.2500,7.2700,7.2400,7.2700,1251700,9078672.0000,3
2025-07-22,20250722133000000,sz.000968,7.2700,7.2800,7.2500,7.2500,1007700,7322168.0000,3
2025-07-22,20250722133500000,sz.000968,7.2500,7.2900,7.2500,7.2900,945800,6875856.0000,3
2025-07-22,20250722134000000,sz.000968,7.2900,7.3100,7.2800,7.2900,1244100,9076944.0000,3
2025-07-22,20250722134500000,sz.000968,7.2900,7.3000,7.2700,7.2700,729500,5313720.0000,3
2025-07-22,20250722135000000,sz.000968,7.2800,7.2800,7.2700,7.2800,248300,1806000.0000,3
2025-07-22,20250722135500000,sz.000968,7.2700,7.2800,7.2600,7.2600,319100,2319648.0000,3
2025-07-22,20250722140000000,sz.000968,7.2600,7.2700,7.2500,7.2500,396600,2880880.0000,3
2025-07-22,20250722140500000,sz.000968,7.2600,7.2600,7.2500,7.2500,396000,2871536.0000,3
2025-07-22,20250722141000000,sz.000968,7.2500,7.2600,7.2400,7.2600,261000,1894048.0000,3
2025-07-22,20250722141500000,sz.000968,7.2500,7.2800,7.2500,7.2700,582900,4235264.0000,3
2025-07-22,20250722142000000,sz.000968,7.2700,7.2800,7.2600,7.2700,328600,2389936.0000,3
2025-07-22,20250722142500000,sz.000968,7.2800,7.2800,7.2600,7.2800,410800,2987200.0000,3
2025-07-22,20250722143000000,sz.000968,7.2900,7.3000,7.2800,7.2900,512600,3738368.0000,3
2025-07-22,20250722143500000,sz.000968,7.2900,7.2900,7.2800,7.2800,378700,2759536.0000,3
2025-07-22,20250722144000000,sz.000968,7.2900,7.2900,7.2700,7.2800,588300,4284080.0000,3
2025-07-22,20250722144500000,sz.000968,7.2900,7.2900,7.2800,7.2900,160600,1170080.0000,3
2025-07-22,20250722145000000,sz.000968,7.2900,7.2900,7.2800,7.2900,343900,2505056.0000,3
2025-07-22,20250722145500000,sz.000968,7.2900,7.2900,7.2800,7.2900,721200,5256016.0000,3
2025-07-22,20250722150000000,sz.000968,7.2900,7.3000,7.2800,7.3000,482900,3522320.0000,3
2025-07-23,20250723093500000,sz.000968,7.3000,7.3300,7.2300,7.2600,1731400,12596688.0000,3
2025-07-23,20250723094000000,sz.000968,7.2700,7.2700,7.2400,7.2500,787200,5713556.0000,3
2025-07-23,20250723094500000,sz.000968,7.2500,7.2700,7.2400,7.2700,557900,4049902.0000,3
2025-07-23,20250723095000000,sz.000968,7.2700,7.2800,7.2500,7.2600,497800,3617422.0000,3
2025-07-23,20250723095500000,sz.000968,7.2700,7.2700,7.2500,7.2600,379900,2758184.0000,3
2025-07-23,20250723100000000,sz.000968,7.2600,7.2700,7.2500,7.2600,451800,3279804.0000,3
2025-07-23,20250723100500000,sz.000968,7.2600,7.2700,7.2500,7.2600,456200,3310660.0000,3
2025-07-23,20250723101000000,sz.000968,7.2600,7.2700,7.2400,7.2500,510900,3706832.0000,3
2025-07-23,20250723101500000,sz.000968,7.2500,7.2500,7.2400,7.2500,408500,2958376.0000,3
2025-07-23,20250723102000000,sz.000968,7.2500,7.2500,7.2300,7.2400,420400,3041464.0000,3
2025-07-23,20250723102500000,sz.000968,7.2300,7.2400,7.2300,7.2300,444800,3216244.0000,3
2025-07-23,20250723103000000,sz.000968,7.2400,7.2500,7.2400,7.2500,368100,2666260.0000,3
2025-07-23,20250723103500000,sz.000968,7.2500,7.2700,7.2500,7.2500,499400,3627176.0000,3
2025-07-23,20250723104000000,sz.000968,7.2500,7.2700,7.2500,7.2600,207200,1502992.0000,3
2025-07-23,20250723104500000,sz.000968,7.2600,7.2600,7.2500,7.2600,112300,814420.0000,3
2025-07-23,20250723105000000,sz.000968,7.2600,7.2600,7.2500,7.2600,120200,872120.0000,3
2025-07-23,20250723105500000,sz.000968,7.2600,7.2700,7.2500,7.2500,210800,1530240.0000,3
2025-07-23,20250723110000000,sz.000968,7.2500,7.2700,7.2500,7.2700,122200,886988.0000,3
2025-07-23,20250723110500000,sz.000968,7.2600,7.2700,7.2500,7.2600,219700,1594952.0000,3
2025-07-23,20250723111000000,sz.000968,7.2600,7.2700,7.2400,7.2500,294500,2135824.0000,3
2025-07-23,20250723111500000,sz.000968,7.2500,7.2700,7.2400,7.2500,256500,1861304.0000,3
2025-07-23,20250723112000000,sz.000968,7.2600,7.2700,7.2500,7.2600,270600,1964640.0000,3
2025-07-23,20250723112500000,sz.000968,7.2700,7.2800,7.2600,7.2800,509700,3707472.0000,3
2025-07-23,20250723113000000,sz.000968,7.2800,7.2800,7.2600,7.2700,117200,852112.0000,3
2025-07-23,20250723130500000,sz.000968,7.2700,7.2900,7.2600,7.2700,623500,4536368.0000,3
2025-07-23,20250723131000000,sz.000968,7.2800,7.2900,7.2700,7.2900,237400,1728000.0000,3
2025-07-23,20250723131500000,sz.000968,7.2900,7.2900,7.2800,7.2900,236900,1726824.0000,3
2025-07-23,20250723132000000,sz.000968,7.2900,7.2900,7.2800,7.2800,348300,2535960.0000,3
2025-07-23,20250723132500000,sz.000968,7.2800,7.3100,7.2700,7.2900,942700,6878656.0000,3
2025-07-23,20250723133000000,sz.000968,7.3000,7.3100,7.2900,7.3000,296700,2165640.0000,3
2025-07-23,20250723133500000,sz.000968,7.2900,7.3000,7.2800,7.2900,270700,1972856.0000,3
2025-07-23,20250723134000000,sz.000968,7.2800,7.2900,7.2800,7.2800,99200,722480.0000,3
2025-07-23,20250723134500000,sz.000968,7.2800,7.2900,7.2800,7.2900,230200,1676280.0000,3
2025-07-23,20250723135000000,sz.000968,7.2800,7.2900,7.2800,7.2800,168500,1227256.0000,3
2025-07-23,20250723135500000,sz.000968,7.2900,7.3000,7.2800,7.2900,350000,2551552.0000,3
2025-07-23,20250723140000000,sz.000968,7.2900,7.2900,7.2800,7.2800,232400,1692592.0000,3
2025-07-23,20250723140500000,sz.000968,7.2800,7.2900,7.2800,7.2900,177500,1292728.0000,3
2025-07-23,20250723141000000,sz.000968,7.2800,7.2900,7.2800,7.2800,312800,2277384.0000,3
2025-07-23,20250723141500000,sz.000968,7.2800,7.2800,7.2600,7.2600,372600,2708576.0000,3
2025-07-23,20250723142000000,sz.000968,7.2600,7.2700,7.2500,7.2500,663800,4817056.0000,3
2025-07-23,20250723142500000,sz.000968,7.2400,7.2500,7.2200,7.2300,876300,6333952.0000,3
2025-07-23,20250723143000000,sz.000968,7.2200,7.2500,7.2200,7.2400,298000,2154744.0000,3
2025-07-23,20250723143500000,sz.000968,7.2400,7.2500,7.2300,7.2300,585400,4236312.0000,3
2025-07-23,20250723144000000,sz.000968,7.2300,7.2400,7.2200,7.2200,431600,3120376.0000,3
2025-07-23,20250723144500000,sz.000968,7.2100,7.2400,7.2100,7.2200,531700,3841256.0000,3
2025-07-23,20250723145000000,sz.000968,7.2300,7.2400,7.2200,7.2300,474000,3426432.0000,3
2025-07-23,20250723145500000,sz.000968,7.2300,7.2400,7.2200,7.2200,477300,3449728.0000,3
2025-07-23,20250723150000000,sz.000968,7.2300,7.2300,7.2200,7.2200,353700,2555184.0000,3
2025-07-24,20250724093500000,sz.000968,7.2300,7.2500,7.1800,7.2000,1168500,8419155.0000,3
2025-07-24,20250724094000000,sz.000968,7.2100,7.2100,7.1900,7.2000,725900,5222754.0000,3
2025-07-24,20250724094500000,sz.000968,7.1900,7.2200,7.1800,7.2200,778400,5600731.0000,3
2025-07-24,20250724095000000,sz.000968,7.2100,7.2200,7.2000,7.2000,529100,3813050.0000,3
2025-07-24,20250724095500000,sz.000968,7.2000,7.2200,7.2000,7.2200,398100,2870190.0000,3
2025-07-24,20250724100000000,sz.000968,7.2200,7.2300,7.2000,7.2200,702800,5067864.0000,3
2025-07-24,20250724100500000,sz.000968,7.2200,7.2300,7.2100,7.2300,310900,2245296.0000,3
2025-07-24,20250724101000000,sz.000968,7.2300,7.2300,7.2100,7.2300,339800,2455368.0000,3
2025-07-24,20250724101500000,sz.000968,7.2300,7.2400,7.2200,7.2400,571400,4133164.0000,3
2025-07-24,20250724102000000,sz.000968,7.2400,7.2400,7.2300,7.2300,243700,1763696.0000,3
2025-07-24,20250724102500000,sz.000968,7.2300,7.2500,7.2300,7.2500,347100,2514620.0000,3
2025-07-24,20250724103000000,sz.000968,7.2500,7.2600,7.2400,7.2600,555500,4029800.0000,3
2025-07-24,20250724103500000,sz.000968,7.2600,7.2600,7.2400,7.2500,219100,1588936.0000,3
2025-07-24,20250724104000000,sz.000968,7.2500,7.2600,7.2400,7.2600,147300,1068496.0000,3
2025-07-24,20250724104500000,sz.000968,7.2600,7.2700,7.2500,7.2500,519100,3767900.0000,3
2025-07-24,20250724105000000,sz.000968,7.2600,7.2600,7.2400,7.2500,209100,1516188.0000,3
2025-07-24,20250724105500000,sz.000968,7.2600,7.2600,7.2400,7.2500,159700,1157904.0000,3
2025-07-24,20250724110000000,sz.000968,7.2500,7.2500,7.2400,7.2500,80800,585200.0000,3
2025-07-24,20250724110500000,sz.000968,7.2500,7.2500,7.2300,7.2400,320900,2323160.0000,3
2025-07-24,20250724111000000,sz.000968,7.2300,7.2400,7.2300,7.2400,225700,1633712.0000,3
2025-07-24,20250724111500000,sz.000968,7.2400,7.2500,7.2400,7.2500,74100,536688.0000,3
2025-07-24,20250724112000000,sz.000968,7.2500,7.2600,7.2400,7.2600,343700,2492208.0000,3
2025-07-24,20250724112500000,sz.000968,7.2600,7.2600,7.2500,7.2500,134900,978204.0000,3
2025-07-24,20250724113000000,sz.000968,7.2500,7.2600,7.2400,7.2600,132100,957748.0000,3
2025-07-24,20250724130500000,sz.000968,7.2600,7.2800,7.2500,7.2700,1056400,7673576.0000,3
2025-07-24,20250724131000000,sz.000968,7.2700,7.2800,7.2600,7.2700,220100,1600216.0000,3
2025-07-24,20250724131500000,sz.000968,7.2600,7.2700,7.2600,7.2700,143800,1044584.0000,3
2025-07-24,20250724132000000,sz.000968,7.2700,7.2700,7.2300,7.2400,1574100,11391976.0000,3
2025-07-24,20250724132500000,sz.000968,7.2400,7.2600,7.2400,7.2600,190400,1380832.0000,3
2025-07-24,20250724133000000,sz.000968,7.2600,7.2600,7.2500,7.2600,106500,772656.0000,3
2025-07-24,20250724133500000,sz.000968,7.2600,7.2600,7.2500,7.2500,98300,713144.0000,3
2025-07-24,20250724134000000,sz.000968,7.2600,7.2700,7.2500,7.2700,226900,1647672.0000,3
2025-07-24,20250724134500000,sz.000968,7.2700,7.2700,7.2500,7.2500,222900,1618104.0000,3
2025-07-24,20250724135000000,sz.000968,7.2600,7.2600,7.2400,7.2600,358100,2595456.0000,3
2025-07-24,20250724135500000,sz.000968,7.2500,7.2600,7.2400,7.2500,97400,706016.0000,3
2025-07-24,20250724140000000,sz.000968,7.2400,7.2500,7.2400,7.2400,109100,789944.0000,3
2025-07-24,20250724140500000,sz.000968,7.2400,7.2500,7.2400,7.2500,71600,518552.0000,3
2025-07-24,20250724141000000,sz.000968,7.2500,7.2600,7.2400,7.2500,259200,1879640.0000,3
2025-07-24,20250724141500000,sz.000968,7.2500,7.2600,7.2500,7.2500,65400,474480.0000,3
2025-07-24,20250724142000000,sz.000968,7.2500,7.2600,7.2500,7.2500,456200,3311920.0000,3
2025-07-24,20250724142500000,sz.000968,7.2500,7.2700,7.2500,7.2700,101500,737032.0000,3
2025-07-24,20250724143000000,sz.000968,7.2600,7.2800,7.2600,7.2600,466200,3389912.0000,3
2025-07-24,20250724143500000,sz.000968,7.2700,7.2900,7.2700,7.2900,616500,4487088.0000,3
2025-07-24,20250724144000000,sz.000968,7.2900,7.2900,7.2800,7.2900,128000,932768.0000,3
2025-07-24,20250724144500000,sz.000968,7.2900,7.2900,7.2700,7.2700,523900,3813640.0000,3
2025-07-24,20250724145000000,sz.000968,7.2800,7.2900,7.2700,7.2900,421000,3064840.0000,3
2025-07-24,20250724145500000,sz.000968,7.2800,7.3000,7.2800,7.3000,902900,6582360.0000,3
2025-07-24,20250724150000000,sz.000968,7.3000,7.3000,7.2900,7.3000,505400,3687592.0000,3
2025-07-25,20250725093500000,sz.000968,7.3100,7.3400,7.2500,7.2500,1299200,9478534.0000,3
2025-07-25,20250725094000000,sz.000968,7.2700,7.2900,7.2600,7.2800,463400,3369854.0000,3
2025-07-25,20250725094500000,sz.000968,7.2900,7.2900,7.2600,7.2900,638300,4646786.0000,3
2025-07-25,20250725095000000,sz.000968,7.2900,7.3100,7.2800,7.3000,576100,4205328.0000,3
2025-07-25,20250725095500000,sz.000968,7.3000,7.3300,7.3000,7.3200,635700,4648390.0000,3
2025-07-25,20250725100000000,sz.000968,7.3200,7.3300,7.3000,7.3100,492400,3605312.0000,3
2025-07-25,20250725100500000,sz.000968,7.3100,7.3100,7.2900,7.3000,374400,2732736.0000,3
2025-07-25,20250725101000000,sz.000968,7.3000,7.3000,7.2600,7.2700,571400,4158924.0000,3
2025-07-25,20250725101500000,sz.000968,7.2800,7.2800,7.2700,7.2700,92700,674180.0000,3
2025-07-25,20250725102000000,sz.000968,7.2800,7.2900,7.2700,7.2700,378200,2753012.0000,3
2025-07-25,20250725102500000,sz.000968,7.2800,7.2800,7.2700,7.2700,261200,1899472.0000,3
2025-07-25,20250725103000000,sz.000968,7.2700,7.2700,7.2600,7.2700,1110300,8061776.0000,3
2025-07-25,20250725103500000,sz.000968,7.2700,7.2700,7.2600,7.2700,260300,1890348.0000,3
2025-07-25,20250725104000000,sz.000968,7.2800,7.2800,7.2700,7.2700,54400,395796.0000,3
2025-07-25,20250725104500000,sz.000968,7.2700,7.2800,7.2700,7.2800,191800,1394912.0000,3
2025-07-25,20250725105000000,sz.000968,7.2700,7.2800,7.2600,7.2600,62800,456568.0000,3
2025-07-25,20250725105500000,sz.000968,7.2700,7.2700,7.2600,7.2600,188600,1369464.0000,3
2025-07-25,20250725110000000,sz.000968,7.2600,7.2800,7.2500,7.2500,375700,2730016.0000,3
2025-07-25,20250725110500000,sz.000968,7.2600,7.2700,7.2500,7.2600,141200,1024600.0000,3
2025-07-25,20250725111000000,sz.000968,7.2600,7.2700,7.2600,7.2700,136400,990488.0000,3
2025-07-25,20250725111500000,sz.000968,7.2700,7.2700,7.2600,7.2700,41500,301048.0000,3
2025-07-25,20250725112000000,sz.000968,7.2700,7.2700,7.2600,7.2700,249800,1815500.0000,3
2025-07-25,20250725112500000,sz.000968,7.2700,7.2700,7.2600,7.2600,71900,522552.0000,3
2025-07-25,20250725113000000,sz.000968,7.2600,7.2700,7.2600,7.2600,125900,914140.0000,3
2025-07-25,20250725130500000,sz.000968,7.2600,7.2700,7.2500,7.2600,276100,2005168.0000,3
2025-07-25,20250725131000000,sz.000968,7.2600,7.2700,7.2600,7.2700,213400,1550368.0000,3
2025-07-25,20250725131500000,sz.000968,7.2700,7.2800,7.2600,7.2600,102100,742088.0000,3
2025-07-25,20250725132000000,sz.000968,7.2600,7.2700,7.2600,7.2600,229200,1664344.0000,3
2025-07-25,20250725132500000,sz.000968,7.2700,7.2800,7.2600,7.2800,165200,1200976.0000,3
2025-07-25,20250725133000000,sz.000968,7.2800,7.2800,7.2600,7.2700,96700,703080.0000,3
2025-07-25,20250725133500000,sz.000968,7.2700,7.2700,7.2600,7.2700,48900,355232.0000,3
2025-07-25,20250725134000000,sz.000968,7.2600,7.2700,7.2500,7.2500,250700,1820464.0000,3
2025-07-25,20250725134500000,sz.000968,7.2500,7.2600,7.2500,7.2500,195300,1416400.0000,3
2025-07-25,20250725135000000,sz.000968,7.2600,7.2600,7.2400,7.2500,574700,4165280.0000,3
2025-07-25,20250725135500000,sz.000968,7.2500,7.2500,7.2400,7.2400,133100,964072.0000,3
2025-07-25,20250725140000000,sz.000968,7.2400,7.2500,7.2400,7.2500,166500,1206136.0000,3
2025-07-25,20250725140500000,sz.000968,7.2500,7.2500,7.2400,7.2400,162500,1177560.0000,3
2025-07-25,20250725141000000,sz.000968,7.2400,7.2500,7.2400,7.2500,101000,731976.0000,3
2025-07-25,20250725141500000,sz.000968,7.2400,7.2500,7.2400,7.2500,105600,764792.0000,3
2025-07-25,20250725142000000,sz.000968,7.2500,7.2500,7.2400,7.2400,244100,1767760.0000,3
2025-07-25,20250725142500000,sz.000968,7.2500,7.2500,7.2300,7.2400,634300,4590440.0000,3
2025-07-25,20250725143000000,sz.000968,7.2300,7.2400,7.2300,7.2400,157700,1140448.0000,3
2025-07-25,20250725143500000,sz.000968,7.2400,7.2400,7.2300,7.2400,96600,698768.0000,3
2025-07-25,20250725144000000,sz.000968,7.2400,7.2400,7.2200,7.2300,463600,3352240.0000,3
2025-07-25,20250725144500000,sz.000968,7.2300,7.2400,7.2200,7.2200,409400,2958664.0000,3
2025-07-25,20250725145000000,sz.000968,7.2200,7.2300,7.2200,7.2200,420200,3036192.0000,3
2025-07-25,20250725145500000,sz.000968,7.2200,7.2300,7.2200,7.2300,496900,3588984.0000,3
2025-07-25,20250725150000000,sz.000968,7.2200,7.2300,7.2200,7.2300,657500,4750824.0000,3
2025-07-28,20250728093500000,sz.000968,7.2100,7.2200,7.1200,7.1400,2541800,18199568.0000,3
2025-07-28,20250728094000000,sz.000968,7.1300,7.1400,7.1100,7.1300,1006300,7168792.0000,3
2025-07-28,20250728094500000,sz.000968,7.1200,7.1400,7.1200,7.1300,522300,3722932.0000,3
2025-07-28,20250728095000000,sz.000968,7.1300,7.1500,7.1300,7.1300,383000,2734760.0000,3
2025-07-28,20250728095500000,sz.000968,7.1300,7.1500,7.1300,7.1400,519800,3709792.0000,3
2025-07-28,20250728100000000,sz.000968,7.1400,7.1500,7.1300,7.1400,412600,2945752.0000,3
2025-07-28,20250728100500000,sz.000968,7.1300,7.1500,7.1300,7.1400,229400,1638444.0000,3
2025-07-28,20250728101000000,sz.000968,7.1400,7.1600,7.1400,7.1600,334700,2394904.0000,3
2025-07-28,20250728101500000,sz.000968,7.1500,7.1800,7.1500,7.1800,306400,2196972.0000,3
2025-07-28,20250728102000000,sz.000968,7.1700,7.1700,7.1600,7.1600,242900,1740136.0000,3
2025-07-28,20250728102500000,sz.000968,7.1700,7.1700,7.1500,7.1600,258500,1850768.0000,3
2025-07-28,20250728103000000,sz.000968,7.1600,7.1700,7.1500,7.1600,96000,687412.0000,3
2025-07-28,20250728103500000,sz.000968,7.1600,7.1700,7.1500,7.1600,351500,2516740.0000,3
2025-07-28,20250728104000000,sz.000968,7.1600,7.1600,7.1500,7.1600,195500,1399224.0000,3
2025-07-28,20250728104500000,sz.000968,7.1500,7.1600,7.1500,7.1500,208500,1491400.0000,3
2025-07-28,20250728105000000,sz.000968,7.1500,7.1600,7.1500,7.1500,178500,1276420.0000,3
2025-07-28,20250728105500000,sz.000968,7.1500,7.1600,7.1500,7.1600,64200,459264.0000,3
2025-07-28,20250728110000000,sz.000968,7.1500,7.1600,7.1500,7.1500,118100,845076.0000,3
2025-07-28,20250728110500000,sz.000968,7.1500,7.1600,7.1500,7.1600,72200,516612.0000,3
2025-07-28,20250728111000000,sz.000968,7.1600,7.1700,7.1500,7.1600,166500,1192188.0000,3
2025-07-28,20250728111500000,sz.000968,7.1500,7.1600,7.1500,7.1500,54800,392004.0000,3
2025-07-28,20250728112000000,sz.000968,7.1500,7.1600,7.1400,7.1500,434100,3103940.0000,3
2025-07-28,20250728112500000,sz.000968,7.1400,7.1500,7.1400,7.1500,120700,861960.0000,3
2025-07-28,20250728113000000,sz.000968,7.1500,7.1500,7.1300,7.1300,388300,2771956.0000,3
2025-07-28,20250728130500000,sz.000968,7.1400,7.1400,7.1200,7.1300,503300,3588936.0000,3
2025-07-28,20250728131000000,sz.000968,7.1300,7.1400,7.1300,7.1300,113400,808888.0000,3
2025-07-28,20250728131500000,sz.000968,7.1400,7.1400,7.1300,7.1300,78300,558616.0000,3
2025-07-28,20250728132000000,sz.000968,7.1300,7.1500,7.1300,7.1300,300800,2147440.0000,3
2025-07-28,20250728132500000,sz.000968,7.1300,7.1400,7.1300,7.1300,215300,1535224.0000,3
2025-07-28,20250728133000000,sz.000968,7.1300,7.1400,7.1200,7.1300,300200,2140160.0000,3
2025-07-28,20250728133500000,sz.000968,7.1300,7.1300,7.1200,7.1300,171700,1223920.0000,3
2025-07-28,20250728134000000,sz.000968,7.1300,7.1400,7.1200,7.1300,309200,2202984.0000,3
2025-07-28,20250728134500000,sz.000968,7.1200,7.1300,7.1200,7.1200,164900,1174968.0000,3
2025-07-28,20250728135000000,sz.000968,7.1200,7.1300,7.1100,7.1100,539600,3841384.0000,3
2025-07-28,20250728135500000,sz.000968,7.1200,7.1300,7.1100,7.1300,121300,863920.0000,3
2025-07-28,20250728140000000,sz.000968,7.1300,7.1300,7.1200,7.1200,175900,1252880.0000,3
2025-07-28,20250728140500000,sz.000968,7.1200,7.1300,7.1200,7.1200,102200,727864.0000,3
2025-07-28,20250728141000000,sz.000968,7.1200,7.1300,7.1100,7.1200,254700,1813576.0000,3
2025-07-28,20250728141500000,sz.000968,7.1100,7.1200,7.1100,7.1200,244100,1737056.0000,3
2025-07-28,20250728142000000,sz.000968,7.1200,7.1200,7.1100,7.1100,160200,1140296.0000,3
2025-07-28,20250728142500000,sz.000968,7.1100,7.1200,7.1100,7.1200,210000,1493768.0000,3
2025-07-28,20250728143000000,sz.000968,7.1100,7.1200,7.1100,7.1100,102600,730080.0000,3
2025-07-28,20250728143500000,sz.000968,7.1200,7.1300,7.1200,7.1300,375000,2672056.0000,3
2025-07-28,20250728144000000,sz.000968,7.1200,7.1400,7.1200,7.1400,313000,2231176.0000,3
2025-07-28,20250728144500000,sz.000968,7.1400,7.1400,7.1300,7.1300,397200,2834872.0000,3
2025-07-28,20250728145000000,sz.000968,7.1300,7.1400,7.1300,7.1400,239300,1707392.0000,3
2025-07-28,20250728145500000,sz.000968,7.1300,7.1400,7.1300,7.1300,561500,4006280.0000,3
2025-07-28,20250728150000000,sz.000968,7.1300,7.1400,7.1300,7.1300,343600,2450720.0000,3
2025-07-29,20250729093500000,sz.000968,7.1300,7.1600,7.1300,7.1400,729300,5214565.0000,3
2025-07-29,20250729094000000,sz.000968,7.1400,7.1600,7.1400,7.1500,349100,2495834.0000,3
2025-07-29,20250729094500000,sz.000968,7.1400,7.1500,7.1300,7.1400,376000,2684208.0000,3
2025-07-29,20250729095000000,sz.000968,7.1300,7.1400,7.1300,7.1300,165300,1179348.0000,3
2025-07-29,20250729095500000,sz.000968,7.1300,7.1400,7.1200,7.1200,668700,4764152.0000,3
2025-07-29,20250729100000000,sz.000968,7.1200,7.1200,7.1000,7.1000,488200,3470173.0000,3
2025-07-29,20250729100500000,sz.000968,7.1000,7.1000,7.0900,7.1000,1088200,7720760.0000,3
2025-07-29,20250729101000000,sz.000968,7.0900,7.1000,7.0900,7.1000,315000,2235716.0000,3
2025-07-29,20250729101500000,sz.000968,7.1000,7.1100,7.0900,7.1000,519200,3684274.0000,3
2025-07-29,20250729102000000,sz.000968,7.1000,7.1000,7.0900,7.1000,193100,1369846.0000,3
2025-07-29,20250729102500000,sz.000968,7.1000,7.1000,7.0800,7.0900,823500,5836680.0000,3
2025-07-29,20250729103000000,sz.000968,7.0800,7.0900,7.0800,7.0800,154000,1090712.0000,3
2025-07-29,20250729103500000,sz.000968,7.0800,7.0900,7.0700,7.0800,271200,1919388.0000,3
2025-07-29,20250729104000000,sz.000968,7.0700,7.0800,7.0600,7.0700,486600,3440216.0000,3
2025-07-29,20250729104500000,sz.000968,7.0700,7.0800,7.0700,7.0700,538600,3810340.0000,3
2025-07-29,20250729105000000,sz.000968,7.0800,7.0800,7.0600,7.0800,310100,2193148.0000,3
2025-07-29,20250729105500000,sz.000968,7.0800,7.1000,7.0700,7.0900,283200,2006568.0000,3
2025-07-29,20250729110000000,sz.000968,7.0800,7.1000,7.0800,7.1000,76600,543180.0000,3
2025-07-29,20250729110500000,sz.000968,7.1000,7.1000,7.0900,7.1000,119400,846636.0000,3
2025-07-29,20250729111000000,sz.000968,7.1000,7.1000,7.0900,7.0900,222700,1579100.0000,3
2025-07-29,20250729111500000,sz.000968,7.0900,7.1100,7.0900,7.1000,182300,1292916.0000,3
2025-07-29,20250729112000000,sz.000968,7.0900,7.1100,7.0900,7.0900,187200,1329120.0000,3
2025-07-29,20250729112500000,sz.000968,7.1000,7.1100,7.1000,7.1100,114100,810884.0000,3
2025-07-29,20250729113000000,sz.000968,7.1000,7.1100,7.1000,7.1100,66300,470900.0000,3
2025-07-29,20250729130500000,sz.000968,7.1000,7.1100,7.1000,7.1100,96500,685408.0000,3
2025-07-29,20250729131000000,sz.000968,7.1100,7.1200,7.1000,7.1000,164400,1167996.0000,3
2025-07-29,20250729131500000,sz.000968,7.1000,7.1100,7.1000,7.1000,63500,450860.0000,3
2025-07-29,20250729132000000,sz.000968,7.1000,7.1100,7.0900,7.1000,109900,780120.0000,3
2025-07-29,20250729132500000,sz.000968,7.1000,7.1100,7.0900,7.1000,203100,1442008.0000,3
2025-07-29,20250729133000000,sz.000968,7.1000,7.1100,7.0900,7.1100,207600,1474968.0000,3
2025-07-29,20250729133500000,sz.000968,7.1100,7.1100,7.1000,7.1100,31100,221056.0000,3
2025-07-29,20250729134000000,sz.000968,7.1000,7.1100,7.0900,7.0900,208000,1476824.0000,3
2025-07-29,20250729134500000,sz.000968,7.1000,7.1100,7.0900,7.1100,185000,1312088.0000,3
2025-07-29,20250729135000000,sz.000968,7.1100,7.1100,7.1000,7.1000,27300,194072.0000,3
2025-07-29,20250729135500000,sz.000968,7.1100,7.1300,7.1000,7.1300,344100,2448408.0000,3
2025-07-29,20250729140000000,sz.000968,7.1200,7.1300,7.1100,7.1200,217300,1546696.0000,3
2025-07-29,20250729140500000,sz.000968,7.1200,7.1400,7.1200,7.1400,318900,2274016.0000,3
2025-07-29,20250729141000000,sz.000968,7.1400,7.1400,7.1300,7.1300,418200,2982848.0000,3
2025-07-29,20250729141500000,sz.000968,7.1200,7.1400,7.1200,7.1300,181000,1290352.0000,3
2025-07-29,20250729142000000,sz.000968,7.1400,7.1500,7.1300,7.1400,315700,2254112.0000,3
2025-07-29,20250729142500000,sz.000968,7.1400,7.1500,7.1300,7.1500,120800,862064.0000,3
2025-07-29,20250729143000000,sz.000968,7.1500,7.1500,7.1400,7.1400,74000,528496.0000,3
2025-07-29,20250729143500000,sz.000968,7.1400,7.1500,7.1400,7.1400,90200,644256.0000,3
2025-07-29,20250729144000000,sz.000968,7.1500,7.1500,7.1400,7.1400,43600,311528.0000,3
2025-07-29,20250729144500000,sz.000968,7.1500,7.1500,7.1400,7.1500,129200,922832.0000,3
2025-07-29,20250729145000000,sz.000968,7.1400,7.1500,7.1300,7.1500,323900,2312992.0000,3
2025-07-29,20250729145500000,sz.000968,7.1400,7.1500,7.1400,7.1400,307800,2198136.0000,3
2025-07-29,20250729150000000,sz.000968,7.1400,7.1500,7.1400,7.1500,165400,1182072.0000,3
2025-07-30,20250730093500000,sz.000968,7.1600,7.2300,7.1600,7.1900,2105300,15153272.0000,3
2025-07-30,20250730094000000,sz.000968,7.1900,7.2100,7.1800,7.1900,715000,5145930.0000,3
2025-07-30,20250730094500000,sz.000968,7.1900,7.2000,7.1800,7.2000,610400,4388908.0000,3
2025-07-30,20250730095000000,sz.000968,7.1900,7.2100,7.1900,7.1900,664700,4784234.0000,3
2025-07-30,20250730095500000,sz.000968,7.1900,7.2300,7.1900,7.2100,1129700,8145704.0000,3
2025-07-30,20250730100000000,sz.000968,7.2100,7.2300,7.2100,7.2100,752300,5433424.0000,3
2025-07-30,20250730100500000,sz.000968,7.2100,7.2200,7.2000,7.2100,555600,4003840.0000,3
2025-07-30,20250730101000000,sz.000968,7.2100,7.2300,7.2000,7.2200,554400,4000832.0000,3
2025-07-30,20250730101500000,sz.000968,7.2200,7.2200,7.2000,7.2000,403300,2907360.0000,3
2025-07-30,20250730102000000,sz.000968,7.2000,7.2000,7.1900,7.2000,518000,3727896.0000,3
2025-07-30,20250730102500000,sz.000968,7.2000,7.2100,7.1900,7.2000,196600,1415676.0000,3
2025-07-30,20250730103000000,sz.000968,7.2000,7.2100,7.2000,7.2100,122000,879144.0000,3
2025-07-30,20250730103500000,sz.000968,7.2000,7.2200,7.2000,7.2200,196300,1415248.0000,3
2025-07-30,20250730104000000,sz.000968,7.2200,7.2200,7.2000,7.2100,318200,2296128.0000,3
2025-07-30,20250730104500000,sz.000968,7.2100,7.2100,7.2000,7.2100,109200,787012.0000,3
2025-07-30,20250730105000000,sz.000968,7.2000,7.2200,7.2000,7.2100,152700,1101112.0000,3
2025-07-30,20250730105500000,sz.000968,7.2100,7.2200,7.2000,7.2100,144700,1043856.0000,3
2025-07-30,20250730110000000,sz.000968,7.2100,7.2200,7.2000,7.2000,288800,2083144.0000,3
2025-07-30,20250730110500000,sz.000968,7.2100,7.2100,7.2000,7.2100,132600,954912.0000,3
2025-07-30,20250730111000000,sz.000968,7.2100,7.2100,7.1900,7.2000,166800,1201120.0000,3
2025-07-30,20250730111500000,sz.000968,7.2100,7.2100,7.2000,7.2100,39200,282560.0000,3
2025-07-30,20250730112000000,sz.000968,7.2100,7.2100,7.2000,7.2000,135200,973984.0000,3
2025-07-30,20250730112500000,sz.000968,7.2000,7.2200,7.2000,7.2100,278000,2004616.0000,3
2025-07-30,20250730113000000,sz.000968,7.2100,7.2200,7.2000,7.2000,113800,820440.0000,3
2025-07-30,20250730130500000,sz.000968,7.2100,7.2200,7.2000,7.2200,718000,5179248.0000,3
2025-07-30,20250730131000000,sz.000968,7.2200,7.2200,7.2100,7.2100,155600,1122512.0000,3
2025-07-30,20250730131500000,sz.000968,7.2200,7.2200,7.2100,7.2200,219500,1583624.0000,3
2025-07-30,20250730132000000,sz.000968,7.2100,7.2200,7.2100,7.2200,101800,734384.0000,3
2025-07-30,20250730132500000,sz.000968,7.2100,7.2300,7.2100,7.2300,422900,3054016.0000,3
2025-07-30,20250730133000000,sz.000968,7.2300,7.2300,7.2200,7.2300,99600,719880.0000,3
2025-07-30,20250730133500000,sz.000968,7.2200,7.2500,7.2200,7.2300,940500,6804888.0000,3
2025-07-30,20250730134000000,sz.000968,7.2300,7.2400,7.2000,7.2000,395800,2857800.0000,3
2025-07-30,20250730134500000,sz.000968,7.2100,7.2300,7.2100,7.2100,270900,1955552.0000,3
2025-07-30,20250730135000000,sz.000968,7.2100,7.2400,7.2100,7.2200,508100,3672224.0000,3
2025-07-30,20250730135500000,sz.000968,7.2200,7.2400,7.2200,7.2400,365800,2646240.0000,3
2025-07-30,20250730140000000,sz.000968,7.2300,7.2400,7.2100,7.2200,512500,3701504.0000,3
2025-07-30,20250730140500000,sz.000968,7.2200,7.2200,7.1900,7.2000,676800,4875232.0000,3
2025-07-30,20250730141000000,sz.000968,7.1900,7.2100,7.1900,7.2100,456400,3287768.0000,3
2025-07-30,20250730141500000,sz.000968,7.2100,7.2200,7.2000,7.2100,365900,2636656.0000,3
2025-07-30,20250730142000000,sz.000968,7.2200,7.2200,7.2100,7.2200,177600,1281000.0000,3
2025-07-30,20250730142500000,sz.000968,7.2100,7.2200,7.2100,7.2200,127700,921736.0000,3
2025-07-30,20250730143000000,sz.000968,7.2200,7.2300,7.2100,7.2300,249900,1804744.0000,3
2025-07-30,20250730143500000,sz.000968,7.2300,7.2300,7.2200,7.2300,155600,1124448.0000,3
2025-07-30,20250730144000000,sz.000968,7.2300,7.2300,7.2200,7.2200,108100,781040.0000,3
2025-07-30,20250730144500000,sz.000968,7.2200,7.2300,7.2100,7.2200,400600,2892560.0000,3
2025-07-30,20250730145000000,sz.000968,7.2200,7.2300,7.2100,7.2200,331400,2392656.0000,3
2025-07-30,20250730145500000,sz.000968,7.2300,7.2300,7.2200,7.2200,444400,3210144.0000,3
2025-07-30,20250730150000000,sz.000968,7.2200,7.2300,7.2200,7.2200,652600,4712832.0000,3
2025-07-31,20250731093500000,sz.000968,7.2000,7.2000,7.0700,7.0700,3208700,22812576.0000,3
2025-07-31,20250731094000000,sz.000968,7.0700,7.1100,7.0700,7.1000,1111500,7882328.0000,3
2025-07-31,20250731094500000,sz.000968,7.1000,7.1000,7.0800,7.0900,846700,6003676.0000,3
2025-07-31,20250731095000000,sz.000968,7.0900,7.1000,7.0600,7.0700,1506900,10667776.0000,3
2025-07-31,20250731095500000,sz.000968,7.0600,7.0900,7.0600,7.0800,485600,3435032.0000,3
2025-07-31,20250731100000000,sz.000968,7.0800,7.0900,7.0700,7.0700,604400,4278732.0000,3
2025-07-31,20250731100500000,sz.000968,7.0800,7.0800,7.0600,7.0800,707700,5003288.0000,3
2025-07-31,20250731101000000,sz.000968,7.0700,7.0800,7.0700,7.0800,407100,2881220.0000,3
2025-07-31,20250731101500000,sz.000968,7.0700,7.0800,7.0700,7.0800,211000,1493624.0000,3
2025-07-31,20250731102000000,sz.000968,7.0700,7.0700,7.0600,7.0600,881700,6231740.0000,3
2025-07-31,20250731102500000,sz.000968,7.0600,7.0700,7.0500,7.0600,803800,5674704.0000,3
2025-07-31,20250731103000000,sz.000968,7.0500,7.0600,7.0400,7.0500,853300,6016080.0000,3
2025-07-31,20250731103500000,sz.000968,7.0400,7.0500,7.0300,7.0300,440900,3103472.0000,3
2025-07-31,20250731104000000,sz.000968,7.0400,7.0400,7.0200,7.0300,732300,5150024.0000,3
2025-07-31,20250731104500000,sz.000968,7.0300,7.0400,7.0200,7.0300,347200,2440032.0000,3
2025-07-31,20250731105000000,sz.000968,7.0400,7.0400,7.0200,7.0400,215100,1512128.0000,3
2025-07-31,20250731105500000,sz.000968,7.0400,7.0500,7.0300,7.0500,218500,1538320.0000,3
2025-07-31,20250731110000000,sz.000968,7.0400,7.0500,7.0300,7.0300,442600,3113464.0000,3
2025-07-31,20250731110500000,sz.000968,7.0300,7.0500,7.0300,7.0400,406600,2861176.0000,3
2025-07-31,20250731111000000,sz.000968,7.0300,7.0500,7.0300,7.0400,160900,1132328.0000,3
2025-07-31,20250731111500000,sz.000968,7.0400,7.0500,7.0300,7.0400,121700,856704.0000,3
2025-07-31,20250731112000000,sz.000968,7.0400,7.0400,7.0300,7.0400,130700,919144.0000,3
2025-07-31,20250731112500000,sz.000968,7.0400,7.0400,7.0300,7.0400,101300,712904.0000,3
2025-07-31,20250731113000000,sz.000968,7.0400,7.0600,7.0400,7.0600,250600,1764920.0000,3
2025-07-31,20250731130500000,sz.000968,7.0600,7.0600,7.0300,7.0400,409500,2882984.0000,3
2025-07-31,20250731131000000,sz.000968,7.0300,7.0400,7.0300,7.0300,217100,1526712.0000,3
2025-07-31,20250731131500000,sz.000968,7.0300,7.0400,7.0300,7.0300,313500,2205808.0000,3
2025-07-31,20250731132000000,sz.000968,7.0300,7.0500,7.0300,7.0400,136200,958104.0000,3
2025-07-31,20250731132500000,sz.000968,7.0400,7.0500,7.0400,7.0400,325100,2290960.0000,3
2025-07-31,20250731133000000,sz.000968,7.0400,7.0500,7.0400,7.0400,249000,1753232.0000,3
2025-07-31,20250731133500000,sz.000968,7.0400,7.0500,7.0300,7.0400,103500,728672.0000,3
2025-07-31,20250731134000000,sz.000968,7.0400,7.0400,7.0300,7.0400,114500,805040.0000,3
2025-07-31,20250731134500000,sz.000968,7.0300,7.0400,7.0200,7.0300,502700,3533896.0000,3
2025-07-31,20250731135000000,sz.000968,7.0400,7.0500,7.0300,7.0500,225200,1584320.0000,3
2025-07-31,20250731135500000,sz.000968,7.0500,7.0500,7.0400,7.0400,94300,664416.0000,3
2025-07-31,20250731140000000,sz.000968,7.0400,7.0500,7.0400,7.0400,167900,1182160.0000,3
2025-07-31,20250731140500000,sz.000968,7.0500,7.0500,7.0300,7.0400,177900,1252128.0000,3
2025-07-31,20250731141000000,sz.000968,7.0500,7.0500,7.0300,7.0300,145400,1023344.0000,3
2025-07-31,20250731141500000,sz.000968,7.0400,7.0400,7.0300,7.0300,94300,663168.0000,3
2025-07-31,20250731142000000,sz.000968,7.0300,7.0400,7.0200,7.0300,292600,2056600.0000,3
2025-07-31,20250731142500000,sz.000968,7.0300,7.0300,7.0200,7.0200,233900,1642696.0000,3
2025-07-31,20250731143000000,sz.000968,7.0200,7.0300,7.0100,7.0200,1085400,7615728.0000,3
2025-07-31,20250731143500000,sz.000968,7.0100,7.0200,7.0000,7.0100,549700,3854848.0000,3
2025-07-31,20250731144000000,sz.000968,7.0000,7.0200,7.0000,7.0000,400700,2808768.0000,3
2025-07-31,20250731144500000,sz.000968,7.0200,7.0200,7.0000,7.0000,287400,2014256.0000,3
2025-07-31,20250731145000000,sz.000968,7.0000,7.0100,7.0000,7.0100,290400,2034128.0000,3
2025-07-31,20250731145500000,sz.000968,7.0000,7.0200,7.0000,7.0200,448400,3142672.0000,3
2025-07-31,20250731150000000,sz.000968,7.0100,7.0200,7.0100,7.0200,379800,2665808.0000,3
2025-08-01,20250801093500000,sz.000968,7.0200,7.0700,7.0200,7.0400,1270800,8955488.0000,3
2025-08-01,20250801094000000,sz.000968,7.0400,7.0600,7.0300,7.0400,525200,3701041.0000,3
2025-08-01,20250801094500000,sz.000968,7.0300,7.0400,7.0300,7.0300,392800,2762053.0000,3
2025-08-01,20250801095000000,sz.000968,7.0300,7.0500,7.0200,7.0200,645900,4543654.0000,3
2025-08-01,20250801095500000,sz.000968,7.0200,7.0300,7.0100,7.0100,520900,3655386.0000,3
2025-08-01,20250801100000000,sz.000968,7.0100,7.0300,7.0100,7.0200,350800,2461988.0000,3
2025-08-01,20250801100500000,sz.000968,7.0200,7.0500,7.0200,7.0400,396700,2791566.0000,3
2025-08-01,20250801101000000,sz.000968,7.0400,7.0500,7.0200,7.0400,369900,2601182.0000,3
2025-08-01,20250801101500000,sz.000968,7.0400,7.0400,7.0300,7.0400,154100,1083692.0000,3
2025-08-01,20250801102000000,sz.000968,7.0400,7.0400,7.0300,7.0400,97000,682352.0000,3
2025-08-01,20250801102500000,sz.000968,7.0300,7.0400,7.0200,7.0300,289200,2032762.0000,3
2025-08-01,20250801103000000,sz.000968,7.0200,7.0400,7.0200,7.0400,199100,1399384.0000,3
2025-08-01,20250801103500000,sz.000968,7.0300,7.0400,7.0200,7.0200,117200,823580.0000,3
2025-08-01,20250801104000000,sz.000968,7.0200,7.0400,7.0200,7.0400,98700,693160.0000,3
2025-08-01,20250801104500000,sz.000968,7.0300,7.0400,7.0300,7.0300,68700,483016.0000,3
2025-08-01,20250801105000000,sz.000968,7.0300,7.0400,7.0200,7.0400,112200,788664.0000,3
2025-08-01,20250801105500000,sz.000968,7.0300,7.0400,7.0300,7.0300,77800,547052.0000,3
2025-08-01,20250801110000000,sz.000968,7.0300,7.0400,7.0200,7.0300,100200,704152.0000,3
2025-08-01,20250801110500000,sz.000968,7.0300,7.0400,7.0200,7.0200,136700,960868.0000,3
2025-08-01,20250801111000000,sz.000968,7.0300,7.0400,7.0200,7.0400,87300,613584.0000,3
2025-08-01,20250801111500000,sz.000968,7.0300,7.0400,7.0200,7.0200,71100,499720.0000,3
2025-08-01,20250801112000000,sz.000968,7.0300,7.0400,7.0200,7.0200,67000,470892.0000,3
2025-08-01,20250801112500000,sz.000968,7.0300,7.0400,7.0200,7.0200,53400,375368.0000,3
2025-08-01,20250801113000000,sz.000968,7.0300,7.0400,7.0300,7.0300,30600,215148.0000,3
2025-08-01,20250801130500000,sz.000968,7.0400,7.0500,7.0300,7.0400,907200,6387688.0000,3
2025-08-01,20250801131000000,sz.000968,7.0400,7.0500,7.0300,7.0400,17300,121852.0000,3
2025-08-01,20250801131500000,sz.000968,7.0400,7.0500,7.0300,7.0400,127500,897860.0000,3
2025-08-01,20250801132000000,sz.000968,7.0300,7.0400,7.0300,7.0400,125300,881308.0000,3
2025-08-01,20250801132500000,sz.000968,7.0300,7.0500,7.0300,7.0500,181300,1276136.0000,3
2025-08-01,20250801133000000,sz.000968,7.0500,7.0500,7.0300,7.0400,214100,1508344.0000,3
2025-08-01,20250801133500000,sz.000968,7.0400,7.0400,7.0300,7.0400,77100,542724.0000,3
2025-08-01,20250801134000000,sz.000968,7.0400,7.0400,7.0300,7.0400,66200,465644.0000,3
2025-08-01,20250801134500000,sz.000968,7.0400,7.0500,7.0300,7.0400,204300,1438816.0000,3
2025-08-01,20250801135000000,sz.000968,7.0500,7.0500,7.0400,7.0400,66100,465604.0000,3
2025-08-01,20250801135500000,sz.000968,7.0400,7.0500,7.0400,7.0500,48800,343860.0000,3
2025-08-01,20250801140000000,sz.000968,7.0500,7.0500,7.0300,7.0400,122100,859628.0000,3
2025-08-01,20250801140500000,sz.000968,7.0400,7.0400,7.0300,7.0300,139700,982596.0000,3
2025-08-01,20250801141000000,sz.000968,7.0400,7.0400,7.0300,7.0300,60300,424448.0000,3
2025-08-01,20250801141500000,sz.000968,7.0300,7.0400,7.0300,7.0400,223100,1569916.0000,3
2025-08-01,20250801142000000,sz.000968,7.0400,7.0500,7.0300,7.0400,77400,545000.0000,3
2025-08-01,20250801142500000,sz.000968,7.0500,7.0500,7.0400,7.0400,128800,907244.0000,3
2025-08-01,20250801143000000,sz.000968,7.0400,7.0500,7.0400,7.0500,102600,723196.0000,3
2025-08-01,20250801143500000,sz.000968,7.0400,7.0500,7.0400,7.0500,198500,1399148.0000,3
2025-08-01,20250801144000000,sz.000968,7.0500,7.0500,7.0400,7.0400,59100,416536.0000,3
2025-08-01,20250801144500000,sz.000968,7.0500,7.0500,7.0400,7.0500,87200,614464.0000,3
2025-08-01,20250801145000000,sz.000968,7.0400,7.0500,7.0300,7.0400,410700,2892284.0000,3
2025-08-01,20250801145500000,sz.000968,7.0300,7.0400,7.0300,7.0400,199600,1404296.0000,3
2025-08-01,20250801150000000,sz.000968,7.0400,7.0500,7.0300,7.0400,309100,2176128.0000,3
2025-08-04,20250804093500000,sz.000968,7.0000,7.0200,6.9700,6.9800,1174800,8205430.0000,3
2025-08-04,20250804094000000,sz.000968,6.9900,7.0200,6.9800,7.0100,558500,3908132.0000,3
2025-08-04,20250804094500000,sz.000968,7.0200,7.0400,7.0100,7.0400,297600,2090216.0000,3
2025-08-04,20250804095000000,sz.000968,7.0400,7.0700,7.0300,7.0500,1035000,7303230.0000,3
2025-08-04,20250804095500000,sz.000968,7.0600,7.0700,7.0500,7.0500,214700,1515252.0000,3
2025-08-04,20250804100000000,sz.000968,7.0600,7.0700,7.0500,7.0600,377700,2668118.0000,3
2025-08-04,20250804100500000,sz.000968,7.0600,7.0700,7.0500,7.0700,183700,1297006.0000,3
2025-08-04,20250804101000000,sz.000968,7.0700,7.0900,7.0600,7.0700,489800,3465000.0000,3
2025-08-04,20250804101500000,sz.000968,7.0800,7.0900,7.0700,7.0700,247200,1748120.0000,3
2025-08-04,20250804102000000,sz.000968,7.0700,7.0800,7.0700,7.0700,136600,966008.0000,3
2025-08-04,20250804102500000,sz.000968,7.0700,7.0700,7.0600,7.0700,21700,153324.0000,3
2025-08-04,20250804103000000,sz.000968,7.0700,7.0700,7.0600,7.0700,105900,748508.0000,3
2025-08-04,20250804103500000,sz.000968,7.0700,7.0700,7.0500,7.0500,130500,921008.0000,3
2025-08-04,20250804104000000,sz.000968,7.0600,7.0600,7.0400,7.0500,96200,678296.0000,3
2025-08-04,20250804104500000,sz.000968,7.0500,7.0600,7.0400,7.0600,73000,514664.0000,3
2025-08-04,20250804105000000,sz.000968,7.0600,7.0600,7.0500,7.0600,39000,275332.0000,3
2025-08-04,20250804105500000,sz.000968,7.0500,7.0700,7.0500,7.0700,195900,1382948.0000,3
2025-08-04,20250804110000000,sz.000968,7.0700,7.0700,7.0600,7.0700,49900,352512.0000,3
2025-08-04,20250804110500000,sz.000968,7.0600,7.0700,7.0600,7.0600,38200,269944.0000,3
2025-08-04,20250804111000000,sz.000968,7.0700,7.0800,7.0700,7.0700,159100,1124968.0000,3
2025-08-04,20250804111500000,sz.000968,7.0700,7.0800,7.0600,7.0600,140500,993408.0000,3
2025-08-04,20250804112000000,sz.000968,7.0700,7.0700,7.0600,7.0700,105600,745768.0000,3
2025-08-04,20250804112500000,sz.000968,7.0700,7.0900,7.0600,7.0800,529900,3750840.0000,3
2025-08-04,20250804113000000,sz.000968,7.0800,7.0800,7.0700,7.0800,13100,92712.0000,3
2025-08-04,20250804130500000,sz.000968,7.0800,7.0800,7.0600,7.0700,202400,1430816.0000,3
2025-08-04,20250804131000000,sz.000968,7.0700,7.0700,7.0600,7.0600,41200,290956.0000,3
2025-08-04,20250804131500000,sz.000968,7.0700,7.0700,7.0600,7.0700,10100,71352.0000,3
2025-08-04,20250804132000000,sz.000968,7.0700,7.0700,7.0500,7.0600,342000,2414372.0000,3
2025-08-04,20250804132500000,sz.000968,7.0600,7.0700,7.0500,7.0600,54300,383300.0000,3
2025-08-04,20250804133000000,sz.000968,7.0600,7.0600,7.0500,7.0600,53200,375220.0000,3
2025-08-04,20250804133500000,sz.000968,7.0600,7.0700,7.0500,7.0500,311000,2195612.0000,3
2025-08-04,20250804134000000,sz.000968,7.0600,7.0700,7.0500,7.0700,162100,1144480.0000,3
2025-08-04,20250804134500000,sz.000968,7.0600,7.0700,7.0500,7.0600,184100,1298668.0000,3
2025-08-04,20250804135000000,sz.000968,7.0600,7.0600,7.0500,7.0600,60700,428036.0000,3
2025-08-04,20250804135500000,sz.000968,7.0600,7.0600,7.0400,7.0500,169900,1197516.0000,3
2025-08-04,20250804140000000,sz.000968,7.0500,7.0600,7.0400,7.0400,113800,801956.0000,3
2025-08-04,20250804140500000,sz.000968,7.0500,7.0500,7.0400,7.0400,153600,1081692.0000,3
2025-08-04,20250804141000000,sz.000968,7.0400,7.0600,7.0400,7.0500,159700,1125760.0000,3
2025-08-04,20250804141500000,sz.000968,7.0600,7.0600,7.0500,7.0600,142200,1002948.0000,3
2025-08-04,20250804142000000,sz.000968,7.0500,7.0600,7.0500,7.0500,197800,1394836.0000,3
2025-08-04,20250804142500000,sz.000968,7.0600,7.0600,7.0500,7.0600,150000,1058464.0000,3
2025-08-04,20250804143000000,sz.000968,7.0600,7.0700,7.0500,7.0500,371400,2620712.0000,3
2025-08-04,20250804143500000,sz.000968,7.0600,7.0600,7.0500,7.0600,214300,1511604.0000,3
2025-08-04,20250804144000000,sz.000968,7.0600,7.0700,7.0500,7.0700,147500,1041148.0000,3
2025-08-04,20250804144500000,sz.000968,7.0600,7.0600,7.0500,7.0600,331100,2336096.0000,3
2025-08-04,20250804145000000,sz.000968,7.0600,7.0600,7.0500,7.0600,368800,2601664.0000,3
2025-08-04,20250804145500000,sz.000968,7.0500,7.0700,7.0400,7.0500,410600,2894336.0000,3
2025-08-04,20250804150000000,sz.000968,7.0600,7.0700,7.0600,7.0700,89200,630504.0000,3
2025-08-05,20250805093500000,sz.000968,7.0600,7.0600,7.0400,7.0500,587400,4141788.0000,3
2025-08-05,20250805094000000,sz.000968,7.0600,7.0700,7.0400,7.0700,278300,1963891.0000,3
2025-08-05,20250805094500000,sz.000968,7.0600,7.0800,7.0600,7.0700,221800,1567826.0000,3
2025-08-05,20250805095000000,sz.000968,7.0700,7.0800,7.0600,7.0700,323500,2287000.0000,3
2025-08-05,20250805095500000,sz.000968,7.0700,7.0800,7.0700,7.0700,148500,1050115.0000,3
2025-08-05,20250805100000000,sz.000968,7.0700,7.0800,7.0700,7.0700,324400,2296091.0000,3
2025-08-05,20250805100500000,sz.000968,7.0800,7.0900,7.0700,7.0800,252000,1784520.0000,3
2025-08-05,20250805101000000,sz.000968,7.0800,7.0900,7.0800,7.0900,47800,338576.0000,3
2025-08-05,20250805101500000,sz.000968,7.0800,7.1000,7.0800,7.1000,489800,3473753.0000,3
2025-08-05,20250805102000000,sz.000968,7.1000,7.1100,7.0900,7.0900,523900,3720524.0000,3
2025-08-05,20250805102500000,sz.000968,7.0900,7.1200,7.0900,7.1200,602200,4278598.0000,3
2025-08-05,20250805103000000,sz.000968,7.1100,7.1200,7.1100,7.1100,290800,2068928.0000,3
2025-08-05,20250805103500000,sz.000968,7.1200,7.1200,7.1100,7.1100,99500,707864.0000,3
2025-08-05,20250805104000000,sz.000968,7.1100,7.1200,7.1000,7.1000,335900,2388386.0000,3
2025-08-05,20250805104500000,sz.000968,7.1000,7.1100,7.1000,7.1000,89100,632880.0000,3
2025-08-05,20250805105000000,sz.000968,7.1000,7.1200,7.1000,7.1200,206200,1466080.0000,3
2025-08-05,20250805105500000,sz.000968,7.1200,7.1200,7.1100,7.1200,60300,428896.0000,3
2025-08-05,20250805110000000,sz.000968,7.1200,7.1200,7.1100,7.1100,49500,352272.0000,3
2025-08-05,20250805110500000,sz.000968,7.1100,7.1200,7.1100,7.1100,88600,630044.0000,3
2025-08-05,20250805111000000,sz.000968,7.1100,7.1200,7.1000,7.1000,373400,2653064.0000,3
2025-08-05,20250805111500000,sz.000968,7.1100,7.1100,7.1000,7.1100,71200,505592.0000,3
2025-08-05,20250805112000000,sz.000968,7.1000,7.1100,7.0900,7.1000,290900,2065356.0000,3
2025-08-05,20250805112500000,sz.000968,7.1000,7.1000,7.0900,7.1000,99100,703600.0000,3
2025-08-05,20250805113000000,sz.000968,7.1100,7.1200,7.1000,7.1200,1354300,9631700.0000,3
2025-08-05,20250805130500000,sz.000968,7.1100,7.1200,7.1000,7.1000,509000,3617820.0000,3
2025-08-05,20250805131000000,sz.000968,7.1000,7.1100,7.1000,7.1000,110300,783892.0000,3
2025-08-05,20250805131500000,sz.000968,7.1100,7.1200,7.1000,7.1100,115900,823940.0000,3
2025-08-05,20250805132000000,sz.000968,7.1100,7.1100,7.1000,7.1100,58000,412248.0000,3
2025-08-05,20250805132500000,sz.000968,7.1100,7.1100,7.1000,7.1100,106900,759032.0000,3
2025-08-05,20250805133000000,sz.000968,7.1100,7.1100,7.0900,7.1000,222900,1582868.0000,3
2025-08-05,20250805133500000,sz.000968,7.0900,7.1000,7.0900,7.1000,129600,919000.0000,3
2025-08-05,20250805134000000,sz.000968,7.0900,7.1000,7.0900,7.0900,51800,367648.0000,3
2025-08-05,20250805134500000,sz.000968,7.1000,7.1000,7.0900,7.1000,187900,1333760.0000,3
2025-08-05,20250805135000000,sz.000968,7.1000,7.1000,7.0900,7.1000,105400,748316.0000,3
2025-08-05,20250805135500000,sz.000968,7.1000,7.1000,7.0800,7.0800,194700,1380616.0000,3
2025-08-05,20250805140000000,sz.000968,7.0900,7.1000,7.0800,7.0900,108000,765732.0000,3
2025-08-05,20250805140500000,sz.000968,7.0900,7.0900,7.0800,7.0800,93800,664268.0000,3
2025-08-05,20250805141000000,sz.000968,7.0800,7.0900,7.0700,7.0800,581300,4113780.0000,3
2025-08-05,20250805141500000,sz.000968,7.0800,7.0900,7.0700,7.0800,300000,2124080.0000,3
2025-08-05,20250805142000000,sz.000968,7.0800,7.0900,7.0800,7.0900,89700,635552.0000,3
2025-08-05,20250805142500000,sz.000968,7.0800,7.1000,7.0800,7.0900,231400,1640064.0000,3
2025-08-05,20250805143000000,sz.000968,7.0900,7.1000,7.0900,7.1000,127700,906088.0000,3
2025-08-05,20250805143500000,sz.000968,7.0900,7.1000,7.0900,7.1000,97300,690224.0000,3
2025-08-05,20250805144000000,sz.000968,7.0900,7.1100,7.0900,7.1000,248800,1766896.0000,3
2025-08-05,20250805144500000,sz.000968,7.1000,7.1100,7.1000,7.1000,204200,1450104.0000,3
2025-08-05,20250805145000000,sz.000968,7.1100,7.1100,7.1000,7.1000,224000,1591808.0000,3
2025-08-05,20250805145500000,sz.000968,7.1000,7.1200,7.1000,7.1000,309600,2200992.0000,3
2025-08-05,20250805150000000,sz.000968,7.1100,7.1100,7.1000,7.1100,255100,1813568.0000,3
2025-08-06,20250806093500000,sz.000968,7.1100,7.1200,7.0900,7.1000,448600,3188462.0000,3
2025-08-06,20250806094000000,sz.000968,7.1000,7.1100,7.0900,7.1000,209100,1484802.0000,3
2025-08-06,20250806094500000,sz.000968,7.1000,7.1200,7.1000,7.1100,269300,1915190.0000,3
2025-08-06,20250806095000000,sz.000968,7.1100,7.1200,7.0900,7.0900,214200,1521819.0000,3
2025-08-06,20250806095500000,sz.000968,7.1000,7.1000,7.0900,7.0900,165100,1170719.0000,3
2025-08-06,20250806100000000,sz.000968,7.0900,7.1000,7.0900,7.1000,122700,870611.0000,3
2025-08-06,20250806100500000,sz.000968,7.1000,7.1100,7.0900,7.1100,164700,1169850.0000,3
2025-08-06,20250806101000000,sz.000968,7.1000,7.1200,7.1000,7.1200,319600,2272704.0000,3
2025-08-06,20250806101500000,sz.000968,7.1200,7.1300,7.1200,7.1300,221000,1574977.0000,3
2025-08-06,20250806102000000,sz.000968,7.1300,7.1900,7.1300,7.1800,1673700,11994710.0000,3
2025-08-06,20250806102500000,sz.000968,7.1700,7.1800,7.1600,7.1600,597000,4282284.0000,3
2025-08-06,20250806103000000,sz.000968,7.1600,7.1800,7.1600,7.1800,436600,3131312.0000,3
2025-08-06,20250806103500000,sz.000968,7.1800,7.2000,7.1800,7.1900,1174000,8440464.0000,3
2025-08-06,20250806104000000,sz.000968,7.2100,7.2300,7.1900,7.1900,1600100,11543448.0000,3
2025-08-06,20250806104500000,sz.000968,7.1900,7.2100,7.1800,7.2000,400200,2880332.0000,3
2025-08-06,20250806105000000,sz.000968,7.1900,7.2000,7.1900,7.1900,150500,1083172.0000,3
2025-08-06,20250806105500000,sz.000968,7.2000,7.2000,7.1900,7.1900,80500,578960.0000,3
2025-08-06,20250806110000000,sz.000968,7.1900,7.1900,7.1800,7.1900,323900,2326656.0000,3
2025-08-06,20250806110500000,sz.000968,7.1900,7.1900,7.1800,7.1900,65900,473292.0000,3
2025-08-06,20250806111000000,sz.000968,7.1800,7.1900,7.1800,7.1800,93800,673724.0000,3
2025-08-06,20250806111500000,sz.000968,7.1800,7.1800,7.1700,7.1800,133400,957552.0000,3
2025-08-06,20250806112000000,sz.000968,7.1800,7.1800,7.1700,7.1800,39700,284848.0000,3
2025-08-06,20250806112500000,sz.000968,7.1800,7.1800,7.1700,7.1700,63900,458600.0000,3
2025-08-06,20250806113000000,sz.000968,7.1800,7.1900,7.1700,7.1700,247300,1775888.0000,3
2025-08-06,20250806130500000,sz.000968,7.1800,7.1800,7.1600,7.1600,271900,1949432.0000,3
2025-08-06,20250806131000000,sz.000968,7.1600,7.1700,7.1600,7.1700,55500,397600.0000,3
2025-08-06,20250806131500000,sz.000968,7.1700,7.1700,7.1600,7.1600,179900,1289488.0000,3
2025-08-06,20250806132000000,sz.000968,7.1700,7.1700,7.1600,7.1700,51000,365472.0000,3
2025-08-06,20250806132500000,sz.000968,7.1700,7.1700,7.1600,7.1600,152100,1090256.0000,3
2025-08-06,20250806133000000,sz.000968,7.1700,7.1700,7.1600,7.1700,123400,883816.0000,3
2025-08-06,20250806133500000,sz.000968,7.1600,7.1700,7.1600,7.1600,74700,535064.0000,3
2025-08-06,20250806134000000,sz.000968,7.1600,7.1700,7.1600,7.1700,180800,1294880.0000,3
2025-08-06,20250806134500000,sz.000968,7.1600,7.1700,7.1600,7.1600,356300,2551936.0000,3
2025-08-06,20250806135000000,sz.000968,7.1700,7.1800,7.1600,7.1800,322200,2310472.0000,3
2025-08-06,20250806135500000,sz.000968,7.1800,7.1800,7.1700,7.1700,108400,777864.0000,3
2025-08-06,20250806140000000,sz.000968,7.1800,7.1800,7.1700,7.1800,144200,1034600.0000,3
2025-08-06,20250806140500000,sz.000968,7.1700,7.1800,7.1700,7.1800,35600,255416.0000,3
2025-08-06,20250806141000000,sz.000968,7.1700,7.1800,7.1700,7.1800,97800,701944.0000,3
2025-08-06,20250806141500000,sz.000968,7.1700,7.1800,7.1700,7.1700,175800,1260848.0000,3
2025-08-06,20250806142000000,sz.000968,7.1700,7.1800,7.1700,7.1800,117300,841432.0000,3
2025-08-06,20250806142500000,sz.000968,7.1800,7.1800,7.1700,7.1800,121200,869784.0000,3
2025-08-06,20250806143000000,sz.000968,7.1800,7.1800,7.1700,7.1700,51500,369480.0000,3
2025-08-06,20250806143500000,sz.000968,7.1700,7.1800,7.1700,7.1800,164000,1177296.0000,3
2025-08-06,20250806144000000,sz.000968,7.1800,7.1800,7.1700,7.1800,123900,889328.0000,3
2025-08-06,20250806144500000,sz.000968,7.1800,7.1800,7.1700,7.1800,300300,2155480.0000,3
2025-08-06,20250806145000000,sz.000968,7.1800,7.1800,7.1700,7.1800,188600,1353368.0000,3
2025-08-06,20250806145500000,sz.000968,7.1700,7.1800,7.1700,7.1800,277100,1987344.0000,3
2025-08-06,20250806150000000,sz.000968,7.1700,7.1800,7.1700,7.1800,201000,1442776.0000,3
2025-08-07,20250807093500000,sz.000968,7.1600,7.2000,7.1500,7.1700,643100,4608294.0000,3
2025-08-07,20250807094000000,sz.000968,7.1600,7.1700,7.1400,7.1400,307000,2196178.0000,3
2025-08-07,20250807094500000,sz.000968,7.1400,7.1500,7.1400,7.1400,244400,1745641.0000,3
2025-08-07,20250807095000000,sz.000968,7.1500,7.1500,7.1400,7.1500,207500,1482270.0000,3
2025-08-07,20250807095500000,sz.000968,7.1500,7.1600,7.1400,7.1500,452200,3233168.0000,3
2025-08-07,20250807100000000,sz.000968,7.1500,7.1600,7.1400,7.1500,198800,1421271.0000,3
2025-08-07,20250807100500000,sz.000968,7.1600,7.1600,7.1500,7.1500,86100,615680.0000,3
2025-08-07,20250807101000000,sz.000968,7.1500,7.1600,7.1500,7.1500,130400,932634.0000,3
2025-08-07,20250807101500000,sz.000968,7.1500,7.1700,7.1500,7.1600,193000,1382332.0000,3
2025-08-07,20250807102000000,sz.000968,7.1600,7.1700,7.1500,7.1600,323700,2315916.0000,3
2025-08-07,20250807102500000,sz.000968,7.1600,7.1600,7.1300,7.1400,325600,2325676.0000,3
2025-08-07,20250807103000000,sz.000968,7.1300,7.1400,7.1200,7.1300,368800,2628392.0000,3
2025-08-07,20250807103500000,sz.000968,7.1300,7.1300,7.1200,7.1200,330800,2355576.0000,3
2025-08-07,20250807104000000,sz.000968,7.1200,7.1500,7.1200,7.1400,414100,2954614.0000,3
2025-08-07,20250807104500000,sz.000968,7.1300,7.2100,7.1300,7.1800,1177200,8454030.0000,3
2025-08-07,20250807105000000,sz.000968,7.1800,7.1900,7.1600,7.1700,566000,4062104.0000,3
2025-08-07,20250807105500000,sz.000968,7.1600,7.1700,7.1600,7.1700,41600,298108.0000,3
2025-08-07,20250807110000000,sz.000968,7.1700,7.1800,7.1600,7.1800,79000,566252.0000,3
2025-08-07,20250807110500000,sz.000968,7.1800,7.1800,7.1700,7.1700,126500,907156.0000,3
2025-08-07,20250807111000000,sz.000968,7.1700,7.1900,7.1700,7.1900,171800,1232988.0000,3
2025-08-07,20250807111500000,sz.000968,7.1800,7.2000,7.1700,7.1900,683400,4913000.0000,3
2025-08-07,20250807112000000,sz.000968,7.2000,7.2100,7.1900,7.2100,478300,3444728.0000,3
2025-08-07,20250807112500000,sz.000968,7.2100,7.2200,7.2000,7.2100,359800,2594516.0000,3
2025-08-07,20250807113000000,sz.000968,7.2100,7.2300,7.2000,7.2100,1374800,9917200.0000,3
2025-08-07,20250807130500000,sz.000968,7.2000,7.2100,7.1900,7.2100,868600,6260284.0000,3
2025-08-07,20250807131000000,sz.000968,7.2100,7.2200,7.2000,7.2200,196800,1419664.0000,3
2025-08-07,20250807131500000,sz.000968,7.2200,7.2200,7.2000,7.2100,160400,1155824.0000,3
2025-08-07,20250807132000000,sz.000968,7.2000,7.2100,7.1900,7.2000,253500,1825424.0000,3
2025-08-07,20250807132500000,sz.000968,7.2000,7.2100,7.2000,7.2100,95100,684976.0000,3
2025-08-07,20250807133000000,sz.000968,7.2200,7.2200,7.2000,7.2100,425400,3067496.0000,3
2025-08-07,20250807133500000,sz.000968,7.2100,7.2300,7.2100,7.2200,609700,4403976.0000,3
2025-08-07,20250807134000000,sz.000968,7.2200,7.2300,7.2100,7.2200,152200,1099216.0000,3
2025-08-07,20250807134500000,sz.000968,7.2200,7.2300,7.2100,7.2200,155200,1120784.0000,3
2025-08-07,20250807135000000,sz.000968,7.2200,7.2200,7.2100,7.2100,37500,270496.0000,3
2025-08-07,20250807135500000,sz.000968,7.2100,7.2200,7.2000,7.2000,180300,1299344.0000,3
2025-08-07,20250807140000000,sz.000968,7.2000,7.2100,7.2000,7.2000,191800,1381360.0000,3
2025-08-07,20250807140500000,sz.000968,7.2100,7.2200,7.2000,7.2200,128100,923544.0000,3
2025-08-07,20250807141000000,sz.000968,7.2100,7.2200,7.2000,7.2000,127400,918552.0000,3
2025-08-07,20250807141500000,sz.000968,7.2000,7.2200,7.2000,7.2100,78500,566192.0000,3
2025-08-07,20250807142000000,sz.000968,7.2200,7.2200,7.2000,7.2000,255700,1842112.0000,3
2025-08-07,20250807142500000,sz.000968,7.2000,7.2200,7.2000,7.2100,162900,1174680.0000,3
2025-08-07,20250807143000000,sz.000968,7.2100,7.2200,7.2000,7.2000,107600,775832.0000,3
2025-08-07,20250807143500000,sz.000968,7.2100,7.2200,7.2000,7.2200,214400,1545560.0000,3
2025-08-07,20250807144000000,sz.000968,7.2200,7.2200,7.2100,7.2200,106400,767280.0000,3
2025-08-07,20250807144500000,sz.000968,7.2100,7.2200,7.2100,7.2100,101500,732248.0000,3
2025-08-07,20250807145000000,sz.000968,7.2200,7.2200,7.2100,7.2200,243200,1754848.0000,3
2025-08-07,20250807145500000,sz.000968,7.2100,7.2200,7.2000,7.2100,541600,3905080.0000,3
2025-08-07,20250807150000000,sz.000968,7.2100,7.2200,7.2000,7.2100,253700,1828816.0000,3
2025-08-08,20250808093500000,sz.000968,7.2100,7.2600,7.1800,7.2400,1106500,7997255.0000,3
2025-08-08,20250808094000000,sz.000968,7.2500,7.2600,7.2400,7.2500,887200,6435003.0000,3
2025-08-08,20250808094500000,sz.000968,7.2500,7.2600,7.2400,7.2500,636300,4615638.0000,3
2025-08-08,20250808095000000,sz.000968,7.2600,7.2600,7.2300,7.2300,408000,2954470.0000,3
2025-08-08,20250808095500000,sz.000968,7.2300,7.2400,7.2100,7.2100,668600,4826746.0000,3
2025-08-08,20250808100000000,sz.000968,7.2100,7.2300,7.2100,7.2300,380400,2745200.0000,3
2025-08-08,20250808100500000,sz.000968,7.2200,7.2500,7.2200,7.2400,380800,2755836.0000,3
2025-08-08,20250808101000000,sz.000968,7.2500,7.2500,7.2300,7.2300,376600,2726504.0000,3
2025-08-08,20250808101500000,sz.000968,7.2300,7.2400,7.2200,7.2300,500300,3616368.0000,3
2025-08-08,20250808102000000,sz.000968,7.2300,7.2400,7.2300,7.2300,286800,2074020.0000,3
2025-08-08,20250808102500000,sz.000968,7.2300,7.2400,7.2200,7.2300,140600,1016456.0000,3
2025-08-08,20250808103000000,sz.000968,7.2300,7.2400,7.2200,7.2400,324100,2343680.0000,3
2025-08-08,20250808103500000,sz.000968,7.2300,7.2400,7.2300,7.2300,66500,481072.0000,3
2025-08-08,20250808104000000,sz.000968,7.2400,7.2400,7.2300,7.2300,147800,1069120.0000,3
2025-08-08,20250808104500000,sz.000968,7.2400,7.2400,7.2200,7.2200,258700,1869584.0000,3
2025-08-08,20250808105000000,sz.000968,7.2300,7.2500,7.2200,7.2400,1091600,7901156.0000,3
2025-08-08,20250808105500000,sz.000968,7.2500,7.2500,7.2300,7.2300,68700,497340.0000,3
2025-08-08,20250808110000000,sz.000968,7.2300,7.2500,7.2300,7.2300,214600,1554132.0000,3
2025-08-08,20250808110500000,sz.000968,7.2400,7.2400,7.2200,7.2200,141700,1024612.0000,3
2025-08-08,20250808111000000,sz.000968,7.2200,7.2300,7.2200,7.2300,152500,1102148.0000,3
2025-08-08,20250808111500000,sz.000968,7.2300,7.2400,7.2200,7.2300,163100,1179144.0000,3
2025-08-08,20250808112000000,sz.000968,7.2300,7.2400,7.2300,7.2400,332700,2406248.0000,3
2025-08-08,20250808112500000,sz.000968,7.2400,7.2500,7.2300,7.2400,123200,892004.0000,3
2025-08-08,20250808113000000,sz.000968,7.2500,7.2500,7.2400,7.2400,58400,423208.0000,3
2025-08-08,20250808130500000,sz.000968,7.2400,7.2500,7.2400,7.2400,386600,2800880.0000,3
2025-08-08,20250808131000000,sz.000968,7.2500,7.2500,7.2400,7.2400,184400,1336384.0000,3
2025-08-08,20250808131500000,sz.000968,7.2500,7.2600,7.2400,7.2500,311000,2254584.0000,3
2025-08-08,20250808132000000,sz.000968,7.2500,7.2600,7.2500,7.2600,181300,1315304.0000,3
2025-08-08,20250808132500000,sz.000968,7.2500,7.2600,7.2500,7.2500,193800,1405888.0000,3
2025-08-08,20250808133000000,sz.000968,7.2500,7.2600,7.2300,7.2300,418000,3029456.0000,3
2025-08-08,20250808133500000,sz.000968,7.2300,7.2500,7.2300,7.2500,338700,2451984.0000,3
2025-08-08,20250808134000000,sz.000968,7.2500,7.2600,7.2400,7.2600,417200,3025320.0000,3
2025-08-08,20250808134500000,sz.000968,7.2600,7.2600,7.2500,7.2600,228500,1657168.0000,3
2025-08-08,20250808135000000,sz.000968,7.2600,7.2600,7.2400,7.2500,143400,1039784.0000,3
2025-08-08,20250808135500000,sz.000968,7.2400,7.2500,7.2400,7.2400,199400,1443888.0000,3
2025-08-08,20250808140000000,sz.000968,7.2400,7.2500,7.2400,7.2500,53600,388400.0000,3
2025-08-08,20250808140500000,sz.000968,7.2500,7.2500,7.2400,7.2500,400500,2903440.0000,3
2025-08-08,20250808141000000,sz.000968,7.2500,7.2500,7.2400,7.2500,321800,2330936.0000,3
2025-08-08,20250808141500000,sz.000968,7.2400,7.2500,7.2400,7.2500,114100,826992.0000,3
2025-08-08,20250808142000000,sz.000968,7.2500,7.2500,7.2400,7.2500,202400,1466384.0000,3
2025-08-08,20250808142500000,sz.000968,7.2400,7.2500,7.2400,7.2500,63400,458928.0000,3
2025-08-08,20250808143000000,sz.000968,7.2400,7.2500,7.2400,7.2500,125900,912192.0000,3
2025-08-08,20250808143500000,sz.000968,7.2400,7.2500,7.2400,7.2400,160800,1164384.0000,3
2025-08-08,20250808144000000,sz.000968,7.2400,7.2400,7.2300,7.2400,219100,1584616.0000,3
2025-08-08,20250808144500000,sz.000968,7.2300,7.2400,7.2300,7.2300,316900,2291800.0000,3
2025-08-08,20250808145000000,sz.000968,7.2400,7.2500,7.2300,7.2500,417100,3019512.0000,3
2025-08-08,20250808145500000,sz.000968,7.2500,7.2500,7.2400,7.2500,393900,2854352.0000,3
2025-08-08,20250808150000000,sz.000968,7.2500,7.2600,7.2400,7.2600,554900,4026032.0000,3
2025-08-11,20250811093500000,sz.000968,7.2900,7.3200,7.2400,7.2500,3120500,22731468.0000,3
2025-08-11,20250811094000000,sz.000968,7.2400,7.2500,7.2100,7.2100,722300,5219344.0000,3
2025-08-11,20250811094500000,sz.000968,7.2100,7.2300,7.2100,7.2200,454400,3279164.0000,3
2025-08-11,20250811095000000,sz.000968,7.2200,7.2200,7.2000,7.2000,611500,4408816.0000,3
2025-08-11,20250811095500000,sz.000968,7.2100,7.2200,7.2000,7.2200,642000,4626896.0000,3
2025-08-11,20250811100000000,sz.000968,7.2200,7.2200,7.2000,7.2100,590900,4259092.0000,3
2025-08-11,20250811100500000,sz.000968,7.2100,7.2100,7.1800,7.2000,1361500,9794940.0000,3
2025-08-11,20250811101000000,sz.000968,7.2000,7.2100,7.1900,7.2000,387100,2787752.0000,3
2025-08-11,20250811101500000,sz.000968,7.2000,7.2000,7.1800,7.1900,308800,2219796.0000,3
2025-08-11,20250811102000000,sz.000968,7.1900,7.2000,7.1800,7.1900,224400,1613376.0000,3
2025-08-11,20250811102500000,sz.000968,7.1900,7.2000,7.1900,7.2000,101200,728220.0000,3
2025-08-11,20250811103000000,sz.000968,7.2000,7.2100,7.1900,7.2000,176600,1271816.0000,3
2025-08-11,20250811103500000,sz.000968,7.2000,7.2200,7.2000,7.2200,133100,959540.0000,3
2025-08-11,20250811104000000,sz.000968,7.2100,7.2200,7.2000,7.2100,311800,2248232.0000,3
2025-08-11,20250811104500000,sz.000968,7.2100,7.2200,7.2000,7.2100,276200,1991132.0000,3
2025-08-11,20250811105000000,sz.000968,7.2100,7.2300,7.2100,7.2200,343900,2481168.0000,3
2025-08-11,20250811105500000,sz.000968,7.2300,7.2300,7.2200,7.2300,72400,523128.0000,3
2025-08-11,20250811110000000,sz.000968,7.2300,7.2300,7.2200,7.2300,205100,1482152.0000,3
2025-08-11,20250811110500000,sz.000968,7.2300,7.2300,7.2200,7.2300,129700,937016.0000,3
2025-08-11,20250811111000000,sz.000968,7.2300,7.2300,7.2200,7.2300,79900,577368.0000,3
2025-08-11,20250811111500000,sz.000968,7.2300,7.2300,7.2100,7.2200,275500,1988336.0000,3
2025-08-11,20250811112000000,sz.000968,7.2200,7.2300,7.2100,7.2100,235400,1698928.0000,3
2025-08-11,20250811112500000,sz.000968,7.2100,7.2200,7.2000,7.2100,342300,2466960.0000,3
2025-08-11,20250811113000000,sz.000968,7.2100,7.2200,7.2000,7.2100,198500,1431176.0000,3
2025-08-11,20250811130500000,sz.000968,7.2200,7.2200,7.2000,7.2100,355600,2563928.0000,3
2025-08-11,20250811131000000,sz.000968,7.2000,7.2100,7.2000,7.2100,120400,867280.0000,3
2025-08-11,20250811131500000,sz.000968,7.2100,7.2200,7.2000,7.2200,342000,2465456.0000,3
2025-08-11,20250811132000000,sz.000968,7.2200,7.2200,7.2100,7.2100,269600,1944176.0000,3
2025-08-11,20250811132500000,sz.000968,7.2100,7.2100,7.2000,7.2000,97700,703888.0000,3
2025-08-11,20250811133000000,sz.000968,7.2100,7.2100,7.2000,7.2100,252400,1818960.0000,3
2025-08-11,20250811133500000,sz.000968,7.2100,7.2200,7.2000,7.2100,185900,1340296.0000,3
2025-08-11,20250811134000000,sz.000968,7.2100,7.2200,7.2000,7.2100,145000,1045440.0000,3
2025-08-11,20250811134500000,sz.000968,7.2100,7.2200,7.2100,7.2100,288400,2081168.0000,3
2025-08-11,20250811135000000,sz.000968,7.2100,7.2200,7.2100,7.2200,157800,1138568.0000,3
2025-08-11,20250811135500000,sz.000968,7.2200,7.2200,7.2100,7.2200,183900,1327640.0000,3
2025-08-11,20250811140000000,sz.000968,7.2200,7.2200,7.2100,7.2200,106000,765008.0000,3
2025-08-11,20250811140500000,sz.000968,7.2100,7.2200,7.2100,7.2100,353100,2546456.0000,3
2025-08-11,20250811141000000,sz.000968,7.2200,7.2200,7.2000,7.2100,199400,1438088.0000,3
2025-08-11,20250811141500000,sz.000968,7.2100,7.2200,7.2000,7.2100,103500,746328.0000,3
2025-08-11,20250811142000000,sz.000968,7.2100,7.2100,7.2000,7.2100,184500,1329888.0000,3
2025-08-11,20250811142500000,sz.000968,7.2100,7.2200,7.2000,7.2100,258900,1867056.0000,3
2025-08-11,20250811143000000,sz.000968,7.2100,7.2200,7.2100,7.2200,104700,755040.0000,3
2025-08-11,20250811143500000,sz.000968,7.2200,7.2200,7.2100,7.2100,155500,1122472.0000,3
2025-08-11,20250811144000000,sz.000968,7.2100,7.2200,7.2100,7.2200,134200,967800.0000,3
2025-08-11,20250811144500000,sz.000968,7.2100,7.2200,7.2100,7.2100,217600,1570544.0000,3
2025-08-11,20250811145000000,sz.000968,7.2100,7.2300,7.2100,7.2300,408700,2950544.0000,3
2025-08-11,20250811145500000,sz.000968,7.2200,7.2300,7.2200,7.2200,328200,2370384.0000,3
2025-08-11,20250811150000000,sz.000968,7.2200,7.2300,7.2100,7.2200,341200,2463296.0000,3
2025-08-12,20250812093500000,sz.000968,7.2200,7.2500,7.2200,7.2500,1235700,8942873.0000,3
2025-08-12,20250812094000000,sz.000968,7.2500,7.2800,7.2500,7.2600,1012900,7359940.0000,3
2025-08-12,20250812094500000,sz.000968,7.2700,7.2700,7.2500,7.2500,563500,4089731.0000,3
2025-08-12,20250812095000000,sz.000968,7.2500,7.2700,7.2400,7.2700,589000,4275272.0000,3
2025-08-12,20250812095500000,sz.000968,7.2700,7.2800,7.2600,7.2700,791200,5752678.0000,3
2025-08-12,20250812100000000,sz.000968,7.2700,7.2700,7.2600,7.2700,422300,3068570.0000,3
2025-08-12,20250812100500000,sz.000968,7.2700,7.2800,7.2600,7.2700,732400,5326364.0000,3
2025-08-12,20250812101000000,sz.000968,7.2700,7.2800,7.2700,7.2700,342700,2491732.0000,3
2025-08-12,20250812101500000,sz.000968,7.2700,7.2800,7.2700,7.2700,230200,1674120.0000,3
2025-08-12,20250812102000000,sz.000968,7.2800,7.2900,7.2700,7.2900,817200,5951052.0000,3
2025-08-12,20250812102500000,sz.000968,7.2800,7.2900,7.2700,7.2800,312100,2272480.0000,3
2025-08-12,20250812103000000,sz.000968,7.2700,7.2800,7.2600,7.2600,166300,1208920.0000,3
2025-08-12,20250812103500000,sz.000968,7.2700,7.2900,7.2600,7.2800,679500,4944304.0000,3
2025-08-12,20250812104000000,sz.000968,7.2900,7.2900,7.2800,7.2800,331400,2413688.0000,3
2025-08-12,20250812104500000,sz.000968,7.2800,7.2900,7.2700,7.2700,192900,1403924.0000,3
2025-08-12,20250812105000000,sz.000968,7.2700,7.2800,7.2700,7.2800,144400,1050192.0000,3
2025-08-12,20250812105500000,sz.000968,7.2700,7.2800,7.2700,7.2700,230200,1675024.0000,3
2025-08-12,20250812110000000,sz.000968,7.2700,7.2800,7.2600,7.2800,408500,2969480.0000,3
2025-08-12,20250812110500000,sz.000968,7.2700,7.2800,7.2700,7.2700,172400,1253560.0000,3
2025-08-12,20250812111000000,sz.000968,7.2700,7.2800,7.2700,7.2700,248400,1806192.0000,3
2025-08-12,20250812111500000,sz.000968,7.2700,7.2800,7.2700,7.2800,471500,3431040.0000,3
2025-08-12,20250812112000000,sz.000968,7.2800,7.2900,7.2700,7.2800,253200,1843616.0000,3
2025-08-12,20250812112500000,sz.000968,7.2900,7.2900,7.2800,7.2900,158900,1157080.0000,3
2025-08-12,20250812113000000,sz.000968,7.2800,7.2900,7.2700,7.2700,130000,946368.0000,3
2025-08-12,20250812130500000,sz.000968,7.2700,7.2900,7.2700,7.2900,291600,2121600.0000,3
2025-08-12,20250812131000000,sz.000968,7.2900,7.2900,7.2700,7.2800,166700,1213120.0000,3
2025-08-12,20250812131500000,sz.000968,7.2800,7.2800,7.2700,7.2800,202400,1472792.0000,3
2025-08-12,20250812132000000,sz.000968,7.2800,7.2800,7.2700,7.2800,132300,962720.0000,3
2025-08-12,20250812132500000,sz.000968,7.2700,7.2800,7.2600,7.2600,174500,1268624.0000,3
2025-08-12,20250812133000000,sz.000968,7.2600,7.2700,7.2600,7.2700,188000,1366384.0000,3
2025-08-12,20250812133500000,sz.000968,7.2600,7.2800,7.2600,7.2800,182100,1323448.0000,3
2025-08-12,20250812134000000,sz.000968,7.2700,7.2800,7.2600,7.2600,212300,1542624.0000,3
2025-08-12,20250812134500000,sz.000968,7.2700,7.2800,7.2600,7.2800,182700,1328696.0000,3
2025-08-12,20250812135000000,sz.000968,7.2800,7.2800,7.2700,7.2800,168700,1226992.0000,3
2025-08-12,20250812135500000,sz.000968,7.2700,7.2800,7.2700,7.2700,153400,1115312.0000,3
2025-08-12,20250812140000000,sz.000968,7.2700,7.2800,7.2700,7.2800,113400,824704.0000,3
2025-08-12,20250812140500000,sz.000968,7.2800,7.2800,7.2700,7.2800,83500,607616.0000,3
2025-08-12,20250812141000000,sz.000968,7.2800,7.2800,7.2700,7.2700,64200,467056.0000,3
2025-08-12,20250812141500000,sz.000968,7.2800,7.2800,7.2700,7.2800,138100,1004264.0000,3
2025-08-12,20250812142000000,sz.000968,7.2800,7.2800,7.2700,7.2700,155800,1133000.0000,3
2025-08-12,20250812142500000,sz.000968,7.2800,7.2800,7.2700,7.2800,236600,1721168.0000,3
2025-08-12,20250812143000000,sz.000968,7.2700,7.2800,7.2700,7.2800,329900,2399808.0000,3
2025-08-12,20250812143500000,sz.000968,7.2700,7.2800,7.2700,7.2800,205400,1494656.0000,3
2025-08-12,20250812144000000,sz.000968,7.2800,7.2800,7.2600,7.2700,410000,2980448.0000,3
2025-08-12,20250812144500000,sz.000968,7.2600,7.2800,7.2600,7.2800,333000,2420464.0000,3
2025-08-12,20250812145000000,sz.000968,7.2800,7.2800,7.2600,7.2800,252200,1833616.0000,3
2025-08-12,20250812145500000,sz.000968,7.2800,7.2800,7.2700,7.2800,362400,2636472.0000,3
2025-08-12,20250812150000000,sz.000968,7.2800,7.2800,7.2700,7.2700,316600,2302712.0000,3
2025-08-13,20250813093500000,sz.000968,7.2700,7.2700,7.2200,7.2300,867400,6280456.0000,3
2025-08-13,20250813094000000,sz.000968,7.2300,7.2600,7.2300,7.2500,390900,2832202.0000,3
2025-08-13,20250813094500000,sz.000968,7.2400,7.2600,7.2300,7.2400,498600,3612446.0000,3
2025-08-13,20250813095000000,sz.000968,7.2400,7.2500,7.2100,7.2200,820800,5932686.0000,3
2025-08-13,20250813095500000,sz.000968,7.2300,7.2400,7.2200,7.2200,280400,2026306.0000,3
2025-08-13,20250813100000000,sz.000968,7.2200,7.2500,7.2200,7.2400,377600,2732696.0000,3
2025-08-13,20250813100500000,sz.000968,7.2400,7.2400,7.2300,7.2400,320900,2322620.0000,3
2025-08-13,20250813101000000,sz.000968,7.2400,7.2400,7.2200,7.2200,358300,2590584.0000,3
2025-08-13,20250813101500000,sz.000968,7.2300,7.2400,7.2200,7.2300,309300,2235284.0000,3
2025-08-13,20250813102000000,sz.000968,7.2300,7.2400,7.2200,7.2300,292200,2112760.0000,3
2025-08-13,20250813102500000,sz.000968,7.2300,7.2400,7.2200,7.2200,289200,2089952.0000,3
2025-08-13,20250813103000000,sz.000968,7.2200,7.2300,7.2100,7.2100,271600,1961232.0000,3
2025-08-13,20250813103500000,sz.000968,7.2100,7.2300,7.2100,7.2100,201200,1452568.0000,3
2025-08-13,20250813104000000,sz.000968,7.2100,7.2200,7.2100,7.2200,152800,1102212.0000,3
2025-08-13,20250813104500000,sz.000968,7.2200,7.2200,7.2100,7.2200,267000,1925800.0000,3
2025-08-13,20250813105000000,sz.000968,7.2100,7.2200,7.2100,7.2200,323200,2330792.0000,3
2025-08-13,20250813105500000,sz.000968,7.2200,7.2200,7.2100,7.2100,167200,1206068.0000,3
2025-08-13,20250813110000000,sz.000968,7.2100,7.2300,7.2100,7.2300,262100,1891996.0000,3
2025-08-13,20250813110500000,sz.000968,7.2300,7.2300,7.2200,7.2200,250200,1808708.0000,3
2025-08-13,20250813111000000,sz.000968,7.2200,7.2400,7.2200,7.2300,59200,428012.0000,3
2025-08-13,20250813111500000,sz.000968,7.2300,7.2500,7.2300,7.2400,174000,1259508.0000,3
2025-08-13,20250813112000000,sz.000968,7.2400,7.2500,7.2300,7.2500,115200,834112.0000,3
2025-08-13,20250813112500000,sz.000968,7.2400,7.2500,7.2300,7.2400,69900,505960.0000,3
2025-08-13,20250813113000000,sz.000968,7.2300,7.2400,7.2300,7.2300,112000,810444.0000,3
2025-08-13,20250813130500000,sz.000968,7.2400,7.2400,7.2300,7.2300,260600,1884932.0000,3
2025-08-13,20250813131000000,sz.000968,7.2300,7.2400,7.2300,7.2400,130600,944952.0000,3
2025-08-13,20250813131500000,sz.000968,7.2300,7.2400,7.2300,7.2400,138600,1003216.0000,3
2025-08-13,20250813132000000,sz.000968,7.2300,7.2500,7.2300,7.2500,227200,1645336.0000,3
2025-08-13,20250813132500000,sz.000968,7.2400,7.2500,7.2400,7.2400,158600,1148684.0000,3
2025-08-13,20250813133000000,sz.000968,7.2500,7.2500,7.2400,7.2400,196400,1422588.0000,3
2025-08-13,20250813133500000,sz.000968,7.2500,7.2500,7.2400,7.2500,76600,554980.0000,3
2025-08-13,20250813134000000,sz.000968,7.2400,7.2500,7.2400,7.2500,71300,516372.0000,3
2025-08-13,20250813134500000,sz.000968,7.2500,7.2500,7.2400,7.2500,121500,880040.0000,3
2025-08-13,20250813135000000,sz.000968,7.2500,7.2500,7.2400,7.2400,173700,1257904.0000,3
2025-08-13,20250813135500000,sz.000968,7.2400,7.2500,7.2400,7.2400,141000,1021552.0000,3
2025-08-13,20250813140000000,sz.000968,7.2500,7.2500,7.2400,7.2400,199200,1442492.0000,3
2025-08-13,20250813140500000,sz.000968,7.2400,7.2500,7.2400,7.2400,140400,1016924.0000,3
2025-08-13,20250813141000000,sz.000968,7.2400,7.2600,7.2400,7.2600,315000,2282944.0000,3
2025-08-13,20250813141500000,sz.000968,7.2500,7.2600,7.2400,7.2500,113400,822096.0000,3
2025-08-13,20250813142000000,sz.000968,7.2400,7.2600,7.2400,7.2500,170600,1236736.0000,3
2025-08-13,20250813142500000,sz.000968,7.2400,7.2500,7.2400,7.2500,68700,497584.0000,3
2025-08-13,20250813143000000,sz.000968,7.2400,7.2500,7.2400,7.2400,432700,3132896.0000,3
2025-08-13,20250813143500000,sz.000968,7.2500,7.2500,7.2300,7.2300,158300,1145648.0000,3
2025-08-13,20250813144000000,sz.000968,7.2300,7.2400,7.2300,7.2400,85300,617120.0000,3
2025-08-13,20250813144500000,sz.000968,7.2400,7.2400,7.2300,7.2400,208000,1504352.0000,3
2025-08-13,20250813145000000,sz.000968,7.2400,7.2400,7.2300,7.2300,219600,1588224.0000,3
2025-08-13,20250813145500000,sz.000968,7.2400,7.2500,7.2300,7.2500,848700,6144912.0000,3
2025-08-13,20250813150000000,sz.000968,7.2500,7.2600,7.2400,7.2400,175700,1273120.0000,3
2025-08-14,20250814093500000,sz.000968,7.2400,7.2500,7.2200,7.2400,503100,3640921.0000,3
2025-08-14,20250814094000000,sz.000968,7.2400,7.2400,7.2300,7.2400,285900,2068260.0000,3
2025-08-14,20250814094500000,sz.000968,7.2300,7.2500,7.2300,7.2400,223200,1616377.0000,3
2025-08-14,20250814095000000,sz.000968,7.2500,7.2500,7.2300,7.2400,307300,2225660.0000,3
2025-08-14,20250814095500000,sz.000968,7.2500,7.2500,7.2300,7.2400,479800,3473630.0000,3
2025-08-14,20250814100000000,sz.000968,7.2400,7.2500,7.2200,7.2200,475300,3439920.0000,3
2025-08-14,20250814100500000,sz.000968,7.2300,7.2300,7.2100,7.2200,311800,2251196.0000,3
2025-08-14,20250814101000000,sz.000968,7.2200,7.2300,7.2000,7.2200,443200,3196038.0000,3
2025-08-14,20250814101500000,sz.000968,7.2200,7.2300,7.2200,7.2200,76200,550500.0000,3
2025-08-14,20250814102000000,sz.000968,7.2300,7.2300,7.2100,7.2200,151900,1096802.0000,3
2025-08-14,20250814102500000,sz.000968,7.2200,7.2300,7.2100,7.2200,272300,1966682.0000,3
2025-08-14,20250814103000000,sz.000968,7.2200,7.2300,7.2200,7.2200,80300,579934.0000,3
2025-08-14,20250814103500000,sz.000968,7.2300,7.2300,7.2200,7.2200,111500,805326.0000,3
2025-08-14,20250814104000000,sz.000968,7.2300,7.2300,7.2100,7.2100,169300,1221822.0000,3
2025-08-14,20250814104500000,sz.000968,7.2100,7.2200,7.2100,7.2100,91600,660694.0000,3
2025-08-14,20250814105000000,sz.000968,7.2100,7.2200,7.2000,7.2200,249300,1797410.0000,3
2025-08-14,20250814105500000,sz.000968,7.2100,7.2200,7.2000,7.2000,208600,1504022.0000,3
2025-08-14,20250814110000000,sz.000968,7.2100,7.2200,7.2000,7.2200,133600,963358.0000,3
2025-08-14,20250814110500000,sz.000968,7.2200,7.2200,7.2000,7.2100,302100,2177796.0000,3
2025-08-14,20250814111000000,sz.000968,7.2100,7.2100,7.2000,7.2000,237000,1707172.0000,3
2025-08-14,20250814111500000,sz.000968,7.2100,7.2100,7.2000,7.2100,82400,593664.0000,3
2025-08-14,20250814112000000,sz.000968,7.2100,7.2100,7.2000,7.2000,209000,1505084.0000,3
2025-08-14,20250814112500000,sz.000968,7.2000,7.2100,7.1900,7.2000,489300,3521744.0000,3
2025-08-14,20250814113000000,sz.000968,7.2000,7.2100,7.1900,7.1900,184900,1330548.0000,3
2025-08-14,20250814130500000,sz.000968,7.1900,7.2000,7.1800,7.1900,363000,2608872.0000,3
2025-08-14,20250814131000000,sz.000968,7.1900,7.1900,7.1700,7.1700,401700,2883984.0000,3
2025-08-14,20250814131500000,sz.000968,7.1700,7.1800,7.1600,7.1700,360300,2583292.0000,3
2025-08-14,20250814132000000,sz.000968,7.1700,7.1700,7.1400,7.1400,466800,3339908.0000,3
2025-08-14,20250814132500000,sz.000968,7.1400,7.1600,7.1300,7.1300,387800,2769552.0000,3
2025-08-14,20250814133000000,sz.000968,7.1400,7.1500,7.1300,7.1400,323600,2309524.0000,3
2025-08-14,20250814133500000,sz.000968,7.1500,7.1600,7.1400,7.1500,164600,1176472.0000,3
2025-08-14,20250814134000000,sz.000968,7.1500,7.1600,7.1500,7.1600,68400,489224.0000,3
2025-08-14,20250814134500000,sz.000968,7.1600,7.1600,7.1500,7.1500,90800,649528.0000,3
2025-08-14,20250814135000000,sz.000968,7.1600,7.1600,7.1500,7.1600,158200,1131368.0000,3
2025-08-14,20250814135500000,sz.000968,7.1600,7.1600,7.1400,7.1500,94900,678276.0000,3
2025-08-14,20250814140000000,sz.000968,7.1400,7.1500,7.1400,7.1500,115600,825700.0000,3
2025-08-14,20250814140500000,sz.000968,7.1500,7.1700,7.1500,7.1600,202100,1446348.0000,3
2025-08-14,20250814141000000,sz.000968,7.1600,7.1800,7.1600,7.1600,228300,1635952.0000,3
2025-08-14,20250814141500000,sz.000968,7.1600,7.1700,7.1500,7.1600,81500,583552.0000,3
2025-08-14,20250814142000000,sz.000968,7.1500,7.1600,7.1500,7.1500,174100,1244904.0000,3
2025-08-14,20250814142500000,sz.000968,7.1500,7.1600,7.1500,7.1600,51300,366952.0000,3
2025-08-14,20250814143000000,sz.000968,7.1600,7.1600,7.1500,7.1600,93100,665976.0000,3
2025-08-14,20250814143500000,sz.000968,7.1600,7.1600,7.1500,7.1600,75700,541488.0000,3
2025-08-14,20250814144000000,sz.000968,7.1600,7.1600,7.1400,7.1400,310600,2220888.0000,3
2025-08-14,20250814144500000,sz.000968,7.1400,7.1500,7.1400,7.1500,74500,532400.0000,3
2025-08-14,20250814145000000,sz.000968,7.1500,7.1500,7.1300,7.1400,421500,3008544.0000,3
2025-08-14,20250814145500000,sz.000968,7.1400,7.1400,7.1300,7.1400,286300,2043240.0000,3
2025-08-14,20250814150000000,sz.000968,7.1400,7.1400,7.1300,7.1400,282700,2018208.0000,3
2025-08-15,20250815093500000,sz.000968,7.1500,7.1800,7.1400,7.1600,747500,5351627.0000,3
2025-08-15,20250815094000000,sz.000968,7.1600,7.1800,7.1600,7.1700,224400,1608701.0000,3
2025-08-15,20250815094500000,sz.000968,7.1700,7.1800,7.1600,7.1700,321900,2308231.0000,3
2025-08-15,20250815095000000,sz.000968,7.1600,7.1900,7.1600,7.1900,314700,2257970.0000,3
2025-08-15,20250815095500000,sz.000968,7.1900,7.1900,7.1700,7.1800,380200,2729058.0000,3
2025-08-15,20250815100000000,sz.000968,7.1700,7.1800,7.1600,7.1600,263900,1891608.0000,3
2025-08-15,20250815100500000,sz.000968,7.1700,7.1800,7.1600,7.1700,554800,3971909.0000,3
2025-08-15,20250815101000000,sz.000968,7.1800,7.1900,7.1700,7.1900,161600,1160040.0000,3
2025-08-15,20250815101500000,sz.000968,7.1800,7.1900,7.1700,7.1800,186000,1335346.0000,3
2025-08-15,20250815102000000,sz.000968,7.1700,7.1800,7.1600,7.1600,266300,1909790.0000,3
2025-08-15,20250815102500000,sz.000968,7.1600,7.1700,7.1500,7.1600,373000,2670066.0000,3
2025-08-15,20250815103000000,sz.000968,7.1600,7.1700,7.1500,7.1600,202900,1453054.0000,3
2025-08-15,20250815103500000,sz.000968,7.1500,7.1800,7.1500,7.1700,328200,2352438.0000,3
2025-08-15,20250815104000000,sz.000968,7.1700,7.1800,7.1700,7.1800,57900,415276.0000,3
2025-08-15,20250815104500000,sz.000968,7.1800,7.1800,7.1700,7.1800,160500,1152346.0000,3
2025-08-15,20250815105000000,sz.000968,7.1800,7.1900,7.1700,7.1900,201400,1445912.0000,3
2025-08-15,20250815105500000,sz.000968,7.1900,7.2000,7.1800,7.2000,205100,1474636.0000,3
2025-08-15,20250815110000000,sz.000968,7.2000,7.2100,7.2000,7.2100,322800,2325728.0000,3
2025-08-15,20250815110500000,sz.000968,7.2100,7.2200,7.2000,7.2200,182300,1314352.0000,3
2025-08-15,20250815111000000,sz.000968,7.2200,7.2300,7.2200,7.2300,437000,3157612.0000,3
2025-08-15,20250815111500000,sz.000968,7.2300,7.2400,7.2200,7.2200,157200,1136144.0000,3
2025-08-15,20250815112000000,sz.000968,7.2200,7.2300,7.2200,7.2200,93500,675548.0000,3
2025-08-15,20250815112500000,sz.000968,7.2300,7.2400,7.2200,7.2400,191900,1387576.0000,3
2025-08-15,20250815113000000,sz.000968,7.2400,7.2400,7.2300,7.2400,100300,725832.0000,3
2025-08-15,20250815130500000,sz.000968,7.2400,7.2400,7.2300,7.2400,441300,3193316.0000,3
2025-08-15,20250815131000000,sz.000968,7.2400,7.2400,7.2300,7.2400,166800,1207400.0000,3
2025-08-15,20250815131500000,sz.000968,7.2400,7.2400,7.2300,7.2400,101300,733168.0000,3
2025-08-15,20250815132000000,sz.000968,7.2400,7.2400,7.2300,7.2400,135300,978960.0000,3
2025-08-15,20250815132500000,sz.000968,7.2400,7.2500,7.2400,7.2400,326800,2366640.0000,3
2025-08-15,20250815133000000,sz.000968,7.2500,7.2500,7.2400,7.2400,241000,1745164.0000,3
2025-08-15,20250815133500000,sz.000968,7.2400,7.2500,7.2300,7.2300,201700,1460588.0000,3
2025-08-15,20250815134000000,sz.000968,7.2400,7.2400,7.2300,7.2300,278300,2014064.0000,3
2025-08-15,20250815134500000,sz.000968,7.2300,7.2400,7.2300,7.2400,104600,756956.0000,3
2025-08-15,20250815135000000,sz.000968,7.2400,7.2500,7.2300,7.2400,158800,1148956.0000,3
2025-08-15,20250815135500000,sz.000968,7.2400,7.2400,7.2300,7.2400,55800,403932.0000,3
2025-08-15,20250815140000000,sz.000968,7.2300,7.2400,7.2300,7.2400,181000,1309680.0000,3
2025-08-15,20250815140500000,sz.000968,7.2400,7.2400,7.2300,7.2400,106200,768708.0000,3
2025-08-15,20250815141000000,sz.000968,7.2400,7.2400,7.2200,7.2300,302800,2190292.0000,3
2025-08-15,20250815141500000,sz.000968,7.2400,7.2400,7.2300,7.2400,85100,615500.0000,3
2025-08-15,20250815142000000,sz.000968,7.2400,7.2400,7.2300,7.2400,122100,882948.0000,3
2025-08-15,20250815142500000,sz.000968,7.2400,7.2400,7.2300,7.2300,86100,622584.0000,3
2025-08-15,20250815143000000,sz.000968,7.2300,7.2400,7.2200,7.2300,114200,825376.0000,3
2025-08-15,20250815143500000,sz.000968,7.2200,7.2300,7.2200,7.2200,62900,454424.0000,3
2025-08-15,20250815144000000,sz.000968,7.2300,7.2400,7.2200,7.2300,328200,2373288.0000,3
2025-08-15,20250815144500000,sz.000968,7.2400,7.2400,7.2300,7.2300,133800,967656.0000,3
2025-08-15,20250815145000000,sz.000968,7.2400,7.2400,7.2300,7.2400,142900,1033800.0000,3
2025-08-15,20250815145500000,sz.000968,7.2400,7.2400,7.2300,7.2300,337700,2442552.0000,3
2025-08-15,20250815150000000,sz.000968,7.2300,7.2400,7.2300,7.2400,447900,3242096.0000,3
2025-08-18,20250818093500000,sz.000968,7.2500,7.2700,7.2200,7.2500,961700,6963009.0000,3
2025-08-18,20250818094000000,sz.000968,7.2500,7.2600,7.2200,7.2400,562200,4072549.0000,3
2025-08-18,20250818094500000,sz.000968,7.2400,7.2800,7.2400,7.2600,973700,7068290.0000,3
2025-08-18,20250818095000000,sz.000968,7.2500,7.2600,7.2400,7.2500,271400,1967434.0000,3
2025-08-18,20250818095500000,sz.000968,7.2500,7.2500,7.2300,7.2300,508300,3679670.0000,3
2025-08-18,20250818100000000,sz.000968,7.2300,7.2400,7.2200,7.2300,375000,2711002.0000,3
2025-08-18,20250818100500000,sz.000968,7.2200,7.2300,7.2200,7.2300,258900,1871408.0000,3
2025-08-18,20250818101000000,sz.000968,7.2200,7.2300,7.2100,7.2300,657200,4745490.0000,3
2025-08-18,20250818101500000,sz.000968,7.2300,7.2300,7.2200,7.2200,411200,2969252.0000,3
2025-08-18,20250818102000000,sz.000968,7.2300,7.2300,7.2200,7.2300,337200,2435648.0000,3
2025-08-18,20250818102500000,sz.000968,7.2200,7.2300,7.2200,7.2200,191900,1386260.0000,3
2025-08-18,20250818103000000,sz.000968,7.2300,7.2500,7.2200,7.2500,987000,7144628.0000,3
2025-08-18,20250818103500000,sz.000968,7.2400,7.2500,7.2300,7.2500,221500,1604504.0000,3
2025-08-18,20250818104000000,sz.000968,7.2500,7.2600,7.2400,7.2500,510500,3701284.0000,3
2025-08-18,20250818104500000,sz.000968,7.2500,7.2500,7.2300,7.2400,191400,1386092.0000,3
2025-08-18,20250818105000000,sz.000968,7.2400,7.2400,7.2300,7.2400,191600,1386288.0000,3
2025-08-18,20250818105500000,sz.000968,7.2400,7.2400,7.2300,7.2400,89200,645384.0000,3
2025-08-18,20250818110000000,sz.000968,7.2400,7.2400,7.2300,7.2400,175400,1268916.0000,3
2025-08-18,20250818110500000,sz.000968,7.2400,7.2400,7.2300,7.2400,372700,2697792.0000,3
2025-08-18,20250818111000000,sz.000968,7.2400,7.2400,7.2300,7.2300,173200,1253428.0000,3
2025-08-18,20250818111500000,sz.000968,7.2400,7.2400,7.2300,7.2300,63300,458000.0000,3
2025-08-18,20250818112000000,sz.000968,7.2300,7.2500,7.2300,7.2500,167700,1214240.0000,3
2025-08-18,20250818112500000,sz.000968,7.2500,7.2500,7.2400,7.2500,236900,1717076.0000,3
2025-08-18,20250818113000000,sz.000968,7.2500,7.2500,7.2400,7.2500,173800,1259780.0000,3
2025-08-18,20250818130500000,sz.000968,7.2500,7.2600,7.2400,7.2400,721800,5232928.0000,3
2025-08-18,20250818131000000,sz.000968,7.2400,7.2500,7.2400,7.2500,175200,1269168.0000,3
2025-08-18,20250818131500000,sz.000968,7.2500,7.2500,7.2400,7.2500,217600,1577472.0000,3
2025-08-18,20250818132000000,sz.000968,7.2400,7.2500,7.2400,7.2500,138900,1006640.0000,3
2025-08-18,20250818132500000,sz.000968,7.2500,7.2500,7.2300,7.2300,542600,3927320.0000,3
2025-08-18,20250818133000000,sz.000968,7.2300,7.2400,7.2200,7.2300,469700,3396304.0000,3
2025-08-18,20250818133500000,sz.000968,7.2300,7.2400,7.2200,7.2300,137700,995704.0000,3
2025-08-18,20250818134000000,sz.000968,7.2300,7.2400,7.2300,7.2400,132200,956344.0000,3
2025-08-18,20250818134500000,sz.000968,7.2400,7.2400,7.2300,7.2400,335400,2428040.0000,3
2025-08-18,20250818135000000,sz.000968,7.2400,7.2400,7.2200,7.2200,605600,4378016.0000,3
2025-08-18,20250818135500000,sz.000968,7.2200,7.2300,7.2200,7.2300,228200,1648208.0000,3
2025-08-18,20250818140000000,sz.000968,7.2300,7.2300,7.2200,7.2300,220400,1591792.0000,3
2025-08-18,20250818140500000,sz.000968,7.2200,7.2300,7.2100,7.2100,469200,3386952.0000,3
2025-08-18,20250818141000000,sz.000968,7.2200,7.2200,7.2100,7.2100,189100,1364120.0000,3
2025-08-18,20250818141500000,sz.000968,7.2100,7.2200,7.2000,7.2000,815800,5880704.0000,3
2025-08-18,20250818142000000,sz.000968,7.2100,7.2100,7.1900,7.2000,654000,4708544.0000,3
2025-08-18,20250818142500000,sz.000968,7.1900,7.2100,7.1900,7.2100,320100,2304224.0000,3
2025-08-18,20250818143000000,sz.000968,7.2100,7.2100,7.1900,7.2000,274300,1974744.0000,3
2025-08-18,20250818143500000,sz.000968,7.2000,7.2100,7.2000,7.2000,172100,1239752.0000,3
2025-08-18,20250818144000000,sz.000968,7.2000,7.2100,7.1900,7.2000,372800,2683800.0000,3
2025-08-18,20250818144500000,sz.000968,7.1900,7.2100,7.1900,7.2100,714800,5147328.0000,3
2025-08-18,20250818145000000,sz.000968,7.2000,7.2100,7.1900,7.2000,660900,4758648.0000,3
2025-08-18,20250818145500000,sz.000968,7.1900,7.2000,7.1900,7.2000,663700,4776696.0000,3
2025-08-18,20250818150000000,sz.000968,7.2000,7.2000,7.1900,7.1900,453600,3263272.0000,3
2025-08-19,20250819093500000,sz.000968,7.1900,7.1900,7.1600,7.1600,1313700,9425746.0000,3
2025-08-19,20250819094000000,sz.000968,7.1600,7.1700,7.1500,7.1700,641000,4587441.0000,3
2025-08-19,20250819094500000,sz.000968,7.1700,7.1900,7.1600,7.1900,391700,2812061.0000,3
2025-08-19,20250819095000000,sz.000968,7.1800,7.1800,7.1700,7.1700,279900,2007674.0000,3
2025-08-19,20250819095500000,sz.000968,7.1600,7.1800,7.1600,7.1800,486400,3487972.0000,3
2025-08-19,20250819100000000,sz.000968,7.1800,7.1900,7.1700,7.1700,192200,1379926.0000,3
2025-08-19,20250819100500000,sz.000968,7.1800,7.1800,7.1600,7.1600,256600,1840230.0000,3
2025-08-19,20250819101000000,sz.000968,7.1600,7.1700,7.1600,7.1600,136800,979906.0000,3
2025-08-19,20250819101500000,sz.000968,7.1600,7.1800,7.1600,7.1700,185800,1331896.0000,3
2025-08-19,20250819102000000,sz.000968,7.1700,7.1800,7.1600,7.1700,86400,619692.0000,3
2025-08-19,20250819102500000,sz.000968,7.1700,7.1700,7.1600,7.1600,379600,2719324.0000,3
2025-08-19,20250819103000000,sz.000968,7.1500,7.1700,7.1500,7.1600,366300,2622448.0000,3
2025-08-19,20250819103500000,sz.000968,7.1700,7.1800,7.1600,7.1700,122800,880380.0000,3
2025-08-19,20250819104000000,sz.000968,7.1700,7.1800,7.1700,7.1700,102800,737520.0000,3
2025-08-19,20250819104500000,sz.000968,7.1800,7.1800,7.1600,7.1600,236600,1695424.0000,3
2025-08-19,20250819105000000,sz.000968,7.1600,7.1700,7.1600,7.1600,168200,1205808.0000,3
2025-08-19,20250819105500000,sz.000968,7.1700,7.1700,7.1600,7.1600,84200,603320.0000,3
2025-08-19,20250819110000000,sz.000968,7.1600,7.1700,7.1600,7.1700,94400,676236.0000,3
2025-08-19,20250819110500000,sz.000968,7.1600,7.1900,7.1600,7.1700,175300,1257672.0000,3
2025-08-19,20250819111000000,sz.000968,7.1700,7.1800,7.1600,7.1800,134400,963648.0000,3
2025-08-19,20250819111500000,sz.000968,7.1800,7.1800,7.1700,7.1700,58700,421092.0000,3
2025-08-19,20250819112000000,sz.000968,7.1700,7.1900,7.1700,7.1800,189600,1361360.0000,3
2025-08-19,20250819112500000,sz.000968,7.1800,7.1900,7.1800,7.1800,26900,193180.0000,3
2025-08-19,20250819113000000,sz.000968,7.1800,7.1900,7.1700,7.1700,120600,865796.0000,3
2025-08-19,20250819130500000,sz.000968,7.1800,7.1800,7.1700,7.1800,229100,1643856.0000,3
2025-08-19,20250819131000000,sz.000968,7.1800,7.1900,7.1700,7.1800,193400,1389084.0000,3
2025-08-19,20250819131500000,sz.000968,7.1800,7.1900,7.1700,7.1800,168600,1210556.0000,3
2025-08-19,20250819132000000,sz.000968,7.1800,7.1900,7.1700,7.1800,220100,1581988.0000,3
2025-08-19,20250819132500000,sz.000968,7.1900,7.1900,7.1800,7.1800,34300,246504.0000,3
2025-08-19,20250819133000000,sz.000968,7.1800,7.1900,7.1800,7.1800,84100,604368.0000,3
2025-08-19,20250819133500000,sz.000968,7.1800,7.1900,7.1700,7.1700,175300,1258088.0000,3
2025-08-19,20250819134000000,sz.000968,7.1700,7.1800,7.1700,7.1800,131700,944724.0000,3
2025-08-19,20250819134500000,sz.000968,7.1700,7.1800,7.1700,7.1700,149400,1072376.0000,3
2025-08-19,20250819135000000,sz.000968,7.1800,7.1800,7.1700,7.1800,108000,774852.0000,3
2025-08-19,20250819135500000,sz.000968,7.1800,7.1800,7.1700,7.1700,75600,542196.0000,3
2025-08-19,20250819140000000,sz.000968,7.1800,7.1800,7.1700,7.1800,53300,382252.0000,3
2025-08-19,20250819140500000,sz.000968,7.1700,7.1800,7.1700,7.1700,126300,905620.0000,3
2025-08-19,20250819141000000,sz.000968,7.1700,7.1800,7.1700,7.1700,72300,519040.0000,3
2025-08-19,20250819141500000,sz.000968,7.1700,7.1800,7.1700,7.1700,46400,332752.0000,3
2025-08-19,20250819142000000,sz.000968,7.1700,7.1800,7.1600,7.1600,176800,1267672.0000,3
2025-08-19,20250819142500000,sz.000968,7.1700,7.1800,7.1600,7.1700,150000,1075216.0000,3
2025-08-19,20250819143000000,sz.000968,7.1700,7.1700,7.1600,7.1700,148900,1066912.0000,3
2025-08-19,20250819143500000,sz.000968,7.1700,7.1800,7.1600,7.1700,147500,1057552.0000,3
2025-08-19,20250819144000000,sz.000968,7.1800,7.1800,7.1600,7.1700,301200,2159736.0000,3
2025-08-19,20250819144500000,sz.000968,7.1700,7.1700,7.1600,7.1600,243100,1741984.0000,3
2025-08-19,20250819145000000,sz.000968,7.1700,7.1700,7.1600,7.1600,333100,2387184.0000,3
2025-08-19,20250819145500000,sz.000968,7.1600,7.1700,7.1600,7.1600,413600,2963192.0000,3
2025-08-19,20250819150000000,sz.000968,7.1700,7.1700,7.1500,7.1600,831400,5951416.0000,3
2025-08-20,20250820093500000,sz.000968,7.1600,7.1800,7.1300,7.1700,831900,5949404.0000,3
2025-08-20,20250820094000000,sz.000968,7.1600,7.1800,7.1600,7.1700,371600,2663655.0000,3
2025-08-20,20250820094500000,sz.000968,7.1600,7.1900,7.1600,7.1700,414900,2975931.0000,3
2025-08-20,20250820095000000,sz.000968,7.1700,7.1800,7.1700,7.1700,109300,784175.0000,3
2025-08-20,20250820095500000,sz.000968,7.1800,7.1900,7.1700,7.1800,337000,2419208.0000,3
2025-08-20,20250820100000000,sz.000968,7.1800,7.2000,7.1700,7.2000,346000,2485791.0000,3
2025-08-20,20250820100500000,sz.000968,7.2000,7.2000,7.1800,7.1800,266100,1912886.0000,3
2025-08-20,20250820101000000,sz.000968,7.1800,7.2000,7.1800,7.1900,349900,2515894.0000,3
2025-08-20,20250820101500000,sz.000968,7.1900,7.1900,7.1800,7.1900,122200,877674.0000,3
2025-08-20,20250820102000000,sz.000968,7.1800,7.1900,7.1800,7.1800,272300,1955302.0000,3
2025-08-20,20250820102500000,sz.000968,7.1700,7.1800,7.1700,7.1800,118900,852632.0000,3
2025-08-20,20250820103000000,sz.000968,7.1800,7.1800,7.1700,7.1700,200500,1437752.0000,3
2025-08-20,20250820103500000,sz.000968,7.1800,7.1800,7.1700,7.1700,112800,808866.0000,3
2025-08-20,20250820104000000,sz.000968,7.1800,7.1800,7.1700,7.1700,109000,782158.0000,3
2025-08-20,20250820104500000,sz.000968,7.1700,7.1900,7.1700,7.1800,236800,1700056.0000,3
2025-08-20,20250820105000000,sz.000968,7.1800,7.1900,7.1800,7.1900,158400,1138692.0000,3
2025-08-20,20250820105500000,sz.000968,7.1900,7.1900,7.1800,7.1800,187100,1344542.0000,3
2025-08-20,20250820110000000,sz.000968,7.1900,7.1900,7.1700,7.1700,199500,1432138.0000,3
2025-08-20,20250820110500000,sz.000968,7.1700,7.1800,7.1700,7.1800,39800,285508.0000,3
2025-08-20,20250820111000000,sz.000968,7.1800,7.1900,7.1700,7.1800,118800,852744.0000,3
2025-08-20,20250820111500000,sz.000968,7.1800,7.1900,7.1700,7.1900,54500,391268.0000,3
2025-08-20,20250820112000000,sz.000968,7.1900,7.1900,7.1700,7.1700,141900,1018480.0000,3
2025-08-20,20250820112500000,sz.000968,7.1700,7.1800,7.1600,7.1600,199400,1429824.0000,3
2025-08-20,20250820113000000,sz.000968,7.1600,7.1600,7.1400,7.1500,667800,4777592.0000,3
2025-08-20,20250820130500000,sz.000968,7.1600,7.1700,7.1600,7.1600,111500,798156.0000,3
2025-08-20,20250820131000000,sz.000968,7.1600,7.1700,7.1600,7.1700,46200,330976.0000,3
2025-08-20,20250820131500000,sz.000968,7.1600,7.1800,7.1600,7.1600,379300,2718516.0000,3
2025-08-20,20250820132000000,sz.000968,7.1600,7.1700,7.1600,7.1700,214400,1536996.0000,3
2025-08-20,20250820132500000,sz.000968,7.1700,7.1800,7.1600,7.1700,145000,1039672.0000,3
2025-08-20,20250820133000000,sz.000968,7.1700,7.1800,7.1700,7.1800,70100,502824.0000,3
2025-08-20,20250820133500000,sz.000968,7.1700,7.1800,7.1700,7.1700,49100,352080.0000,3
2025-08-20,20250820134000000,sz.000968,7.1700,7.1800,7.1600,7.1700,148100,1061884.0000,3
2025-08-20,20250820134500000,sz.000968,7.1700,7.1700,7.1600,7.1700,42300,303064.0000,3
2025-08-20,20250820135000000,sz.000968,7.1700,7.1800,7.1600,7.1700,296200,2123040.0000,3
2025-08-20,20250820135500000,sz.000968,7.1700,7.1700,7.1600,7.1700,124600,892952.0000,3
2025-08-20,20250820140000000,sz.000968,7.1700,7.1700,7.1600,7.1700,110000,788532.0000,3
2025-08-20,20250820140500000,sz.000968,7.1700,7.1800,7.1700,7.1800,172000,1233688.0000,3
2025-08-20,20250820141000000,sz.000968,7.1700,7.1900,7.1700,7.1900,284700,2044508.0000,3
2025-08-20,20250820141500000,sz.000968,7.1900,7.1900,7.1800,7.1900,130000,934036.0000,3
2025-08-20,20250820142000000,sz.000968,7.1900,7.2000,7.1800,7.1900,421300,3029288.0000,3
2025-08-20,20250820142500000,sz.000968,7.1900,7.1900,7.1800,7.1900,158700,1140692.0000,3
2025-08-20,20250820143000000,sz.000968,7.1900,7.1900,7.1800,7.1800,106700,766852.0000,3
2025-08-20,20250820143500000,sz.000968,7.1800,7.2000,7.1800,7.1900,219400,1577140.0000,3
2025-08-20,20250820144000000,sz.000968,7.1900,7.2000,7.1800,7.1900,239000,1718468.0000,3
2025-08-20,20250820144500000,sz.000968,7.1900,7.2000,7.1900,7.2000,280500,2017064.0000,3
2025-08-20,20250820145000000,sz.000968,7.2000,7.2000,7.1900,7.2000,388700,2796912.0000,3
2025-08-20,20250820145500000,sz.000968,7.2000,7.2100,7.1900,7.2100,492800,3547584.0000,3
2025-08-20,20250820150000000,sz.000968,7.2100,7.2100,7.1900,7.2100,396100,2852936.0000,3
2025-08-21,20250821093500000,sz.000968,7.2200,7.2300,7.2000,7.2100,711800,5136095.0000,3
2025-08-21,20250821094000000,sz.000968,7.2100,7.2200,7.2000,7.2200,418000,3012146.0000,3
2025-08-21,20250821094500000,sz.000968,7.2100,7.2300,7.2100,7.2100,678600,4896762.0000,3
2025-08-21,20250821095000000,sz.000968,7.2100,7.2400,7.2100,7.2400,792100,5727105.0000,3
2025-08-21,20250821095500000,sz.000968,7.2300,7.2400,7.2300,7.2300,579600,4192406.0000,3
2025-08-21,20250821100000000,sz.000968,7.2300,7.2500,7.2300,7.2300,656600,4752486.0000,3
2025-08-21,20250821100500000,sz.000968,7.2300,7.2500,7.2300,7.2400,486800,3524038.0000,3
2025-08-21,20250821101000000,sz.000968,7.2500,7.2600,7.2400,7.2500,511900,3711574.0000,3
2025-08-21,20250821101500000,sz.000968,7.2600,7.2600,7.2500,7.2600,362300,2629500.0000,3
2025-08-21,20250821102000000,sz.000968,7.2600,7.2600,7.2400,7.2500,602400,4367816.0000,3
2025-08-21,20250821102500000,sz.000968,7.2400,7.2500,7.2400,7.2400,85300,618056.0000,3
2025-08-21,20250821103000000,sz.000968,7.2500,7.2500,7.2400,7.2500,272700,1974832.0000,3
2025-08-21,20250821103500000,sz.000968,7.2400,7.2500,7.2400,7.2500,136300,987308.0000,3
2025-08-21,20250821104000000,sz.000968,7.2500,7.2600,7.2500,7.2500,209200,1516948.0000,3
2025-08-21,20250821104500000,sz.000968,7.2600,7.2600,7.2500,7.2600,175100,1270848.0000,3
2025-08-21,20250821105000000,sz.000968,7.2500,7.2800,7.2500,7.2800,1095500,7965768.0000,3
2025-08-21,20250821105500000,sz.000968,7.2800,7.3000,7.2700,7.3000,946500,6898504.0000,3
2025-08-21,20250821110000000,sz.000968,7.3000,7.3000,7.2900,7.3000,639700,4667008.0000,3
2025-08-21,20250821110500000,sz.000968,7.3000,7.3000,7.2900,7.3000,274200,1999896.0000,3
2025-08-21,20250821111000000,sz.000968,7.2900,7.3100,7.2900,7.3000,936200,6834744.0000,3
2025-08-21,20250821111500000,sz.000968,7.3000,7.3400,7.3000,7.3400,1203000,8811600.0000,3
2025-08-21,20250821112000000,sz.000968,7.3400,7.3500,7.3200,7.3200,825400,6053536.0000,3
2025-08-21,20250821112500000,sz.000968,7.3100,7.3300,7.3100,7.3200,582700,4264808.0000,3
2025-08-21,20250821113000000,sz.000968,7.3300,7.3400,7.3200,7.3400,608900,4463584.0000,3
2025-08-21,20250821130500000,sz.000968,7.3400,7.3500,7.3300,7.3400,705500,5180944.0000,3
2025-08-21,20250821131000000,sz.000968,7.3400,7.3400,7.3200,7.3400,231900,1700568.0000,3
2025-08-21,20250821131500000,sz.000968,7.3300,7.3400,7.3300,7.3300,322900,2367648.0000,3
2025-08-21,20250821132000000,sz.000968,7.3300,7.3500,7.3300,7.3500,344900,2531304.0000,3
2025-08-21,20250821132500000,sz.000968,7.3400,7.3600,7.3400,7.3500,497900,3659768.0000,3
2025-08-21,20250821133000000,sz.000968,7.3500,7.3500,7.3300,7.3400,406100,2981768.0000,3
2025-08-21,20250821133500000,sz.000968,7.3400,7.3500,7.3300,7.3400,204100,1497960.0000,3
2025-08-21,20250821134000000,sz.000968,7.3300,7.3500,7.3300,7.3400,474000,3479680.0000,3
2025-08-21,20250821134500000,sz.000968,7.3400,7.3600,7.3300,7.3500,558300,4101120.0000,3
2025-08-21,20250821135000000,sz.000968,7.3600,7.3600,7.3400,7.3400,311400,2290552.0000,3
2025-08-21,20250821135500000,sz.000968,7.3500,7.3500,7.3400,7.3500,375500,2759264.0000,3
2025-08-21,20250821140000000,sz.000968,7.3500,7.3500,7.3400,7.3500,289400,2126536.0000,3
2025-08-21,20250821140500000,sz.000968,7.3500,7.3500,7.3300,7.3400,450800,3309024.0000,3
2025-08-21,20250821141000000,sz.000968,7.3400,7.3500,7.3300,7.3400,194000,1424112.0000,3
2025-08-21,20250821141500000,sz.000968,7.3500,7.3500,7.3400,7.3400,174300,1279712.0000,3
2025-08-21,20250821142000000,sz.000968,7.3400,7.3600,7.3400,7.3600,618200,4544304.0000,3
2025-08-21,20250821142500000,sz.000968,7.3600,7.3600,7.3400,7.3400,443400,3257872.0000,3
2025-08-21,20250821143000000,sz.000968,7.3400,7.3500,7.3100,7.3300,725600,5317136.0000,3
2025-08-21,20250821143500000,sz.000968,7.3400,7.3400,7.3100,7.3200,548200,4020560.0000,3
2025-08-21,20250821144000000,sz.000968,7.3200,7.3300,7.3000,7.3100,487900,3566384.0000,3
2025-08-21,20250821144500000,sz.000968,7.3100,7.3200,7.3100,7.3100,604100,4420272.0000,3
2025-08-21,20250821145000000,sz.000968,7.3100,7.3300,7.3100,7.3300,308100,2257024.0000,3
2025-08-21,20250821145500000,sz.000968,7.3200,7.3400,7.3200,7.3400,523300,3837904.0000,3
2025-08-21,20250821150000000,sz.000968,7.3400,7.3500,7.3300,7.3500,594100,4363168.0000,3
2025-08-22,20250822093500000,sz.000968,7.3500,7.3700,7.2900,7.2900,1592800,11672053.0000,3
2025-08-22,20250822094000000,sz.000968,7.2900,7.2900,7.2700,7.2700,988300,7194911.0000,3
2025-08-22,20250822094500000,sz.000968,7.2700,7.2800,7.2500,7.2700,1431000,10393724.0000,3
2025-08-22,20250822095000000,sz.000968,7.2800,7.3000,7.2600,7.2900,995700,7245648.0000,3
2025-08-22,20250822095500000,sz.000968,7.2900,7.2900,7.2600,7.2600,619600,4507332.0000,3
2025-08-22,20250822100000000,sz.000968,7.2700,7.2700,7.2500,7.2600,638600,4636772.0000,3
2025-08-22,20250822100500000,sz.000968,7.2600,7.2600,7.2500,7.2500,822900,5970480.0000,3
2025-08-22,20250822101000000,sz.000968,7.2500,7.2600,7.2400,7.2500,930800,6746104.0000,3
2025-08-22,20250822101500000,sz.000968,7.2400,7.2500,7.2300,7.2300,722500,5226632.0000,3
2025-08-22,20250822102000000,sz.000968,7.2300,7.2300,7.2200,7.2300,728600,5264472.0000,3
2025-08-22,20250822102500000,sz.000968,7.2300,7.2400,7.2200,7.2400,578800,4184304.0000,3
2025-08-22,20250822103000000,sz.000968,7.2400,7.2400,7.2200,7.2300,350700,2535368.0000,3
2025-08-22,20250822103500000,sz.000968,7.2200,7.2400,7.2200,7.2400,370900,2684208.0000,3
2025-08-22,20250822104000000,sz.000968,7.2400,7.2400,7.2300,7.2400,377400,2729480.0000,3
2025-08-22,20250822104500000,sz.000968,7.2400,7.2400,7.2300,7.2400,172400,1247176.0000,3
2025-08-22,20250822105000000,sz.000968,7.2400,7.2500,7.2300,7.2300,291800,2111680.0000,3
2025-08-22,20250822105500000,sz.000968,7.2300,7.2400,7.2300,7.2400,98200,710840.0000,3
2025-08-22,20250822110000000,sz.000968,7.2400,7.2400,7.2300,7.2400,269300,1949176.0000,3
2025-08-22,20250822110500000,sz.000968,7.2400,7.2400,7.2300,7.2400,320900,2320168.0000,3
2025-08-22,20250822111000000,sz.000968,7.2400,7.2500,7.2300,7.2500,158000,1143888.0000,3
2025-08-22,20250822111500000,sz.000968,7.2500,7.2500,7.2300,7.2400,155200,1123576.0000,3
2025-08-22,20250822112000000,sz.000968,7.2400,7.2400,7.2300,7.2400,126000,911608.0000,3
2025-08-22,20250822112500000,sz.000968,7.2300,7.2400,7.2200,7.2200,664100,4799048.0000,3
2025-08-22,20250822113000000,sz.000968,7.2200,7.2400,7.2200,7.2400,388500,2809536.0000,3
2025-08-22,20250822130500000,sz.000968,7.2400,7.2500,7.2300,7.2300,337500,2442352.0000,3
2025-08-22,20250822131000000,sz.000968,7.2300,7.2400,7.2300,7.2400,141000,1020288.0000,3
2025-08-22,20250822131500000,sz.000968,7.2400,7.2400,7.2300,7.2300,322400,2331472.0000,3
2025-08-22,20250822132000000,sz.000968,7.2300,7.2400,7.2200,7.2300,322200,2328904.0000,3
2025-08-22,20250822132500000,sz.000968,7.2300,7.2400,7.2200,7.2400,364900,2638224.0000,3
2025-08-22,20250822133000000,sz.000968,7.2300,7.2500,7.2300,7.2400,278500,2017344.0000,3
2025-08-22,20250822133500000,sz.000968,7.2500,7.2500,7.2400,7.2400,118700,860072.0000,3
2025-08-22,20250822134000000,sz.000968,7.2400,7.2500,7.2400,7.2500,121100,877008.0000,3
2025-08-22,20250822134500000,sz.000968,7.2500,7.2500,7.2400,7.2500,170300,1234368.0000,3
2025-08-22,20250822135000000,sz.000968,7.2500,7.2600,7.2400,7.2400,111600,809040.0000,3
2025-08-22,20250822135500000,sz.000968,7.2500,7.2500,7.2400,7.2400,197100,1428712.0000,3
2025-08-22,20250822140000000,sz.000968,7.2500,7.2600,7.2400,7.2500,310800,2251568.0000,3
2025-08-22,20250822140500000,sz.000968,7.2600,7.2700,7.2500,7.2600,202000,1466304.0000,3
2025-08-22,20250822141000000,sz.000968,7.2600,7.2700,7.2500,7.2700,226300,1644344.0000,3
2025-08-22,20250822141500000,sz.000968,7.2700,7.2800,7.2600,7.2700,237500,1725496.0000,3
2025-08-22,20250822142000000,sz.000968,7.2600,7.2800,7.2600,7.2800,165500,1204280.0000,3
2025-08-22,20250822142500000,sz.000968,7.2800,7.2800,7.2600,7.2700,207500,1508936.0000,3
2025-08-22,20250822143000000,sz.000968,7.2800,7.2800,7.2700,7.2800,117700,856544.0000,3
2025-08-22,20250822143500000,sz.000968,7.2800,7.2900,7.2700,7.2700,328100,2388136.0000,3
2025-08-22,20250822144000000,sz.000968,7.2800,7.2800,7.2700,7.2800,174400,1269104.0000,3
2025-08-22,20250822144500000,sz.000968,7.2700,7.2800,7.2700,7.2700,272000,1978776.0000,3
2025-08-22,20250822145000000,sz.000968,7.2800,7.2800,7.2700,7.2800,533000,3878848.0000,3
2025-08-22,20250822145500000,sz.000968,7.2800,7.2900,7.2800,7.2900,487700,3552880.0000,3
2025-08-22,20250822150000000,sz.000968,7.2900,7.2900,7.2800,7.2900,446400,3253280.0000,3
2025-08-25,20250825093500000,sz.000968,7.2900,7.3100,7.2500,7.2500,1725900,12567575.0000,3
2025-08-25,20250825094000000,sz.000968,7.2500,7.2800,7.2500,7.2800,700200,5086709.0000,3
2025-08-25,20250825094500000,sz.000968,7.2700,7.3000,7.2700,7.3000,615500,4487304.0000,3
2025-08-25,20250825095000000,sz.000968,7.2900,7.3100,7.2900,7.3100,1104900,8065572.0000,3
2025-08-25,20250825095500000,sz.000968,7.3000,7.3400,7.3000,7.3300,991200,7261360.0000,3
2025-08-25,20250825100000000,sz.000968,7.3300,7.3300,7.3200,7.3300,455300,3334984.0000,3
2025-08-25,20250825100500000,sz.000968,7.3300,7.3300,7.3100,7.3200,327300,2396184.0000,3
2025-08-25,20250825101000000,sz.000968,7.3200,7.3300,7.3100,7.3200,413100,3024712.0000,3
2025-08-25,20250825101500000,sz.000968,7.3200,7.3300,7.3100,7.3100,322700,2361048.0000,3
2025-08-25,20250825102000000,sz.000968,7.3200,7.3300,7.3100,7.3200,733200,5369040.0000,3
2025-08-25,20250825102500000,sz.000968,7.3300,7.3400,7.3200,7.3400,640500,4695912.0000,3
2025-08-25,20250825103000000,sz.000968,7.3400,7.3400,7.3300,7.3400,244800,1796136.0000,3
2025-08-25,20250825103500000,sz.000968,7.3400,7.3600,7.3300,7.3600,1100100,8080984.0000,3
2025-08-25,20250825104000000,sz.000968,7.3500,7.3700,7.3500,7.3600,878400,6465600.0000,3
2025-08-25,20250825104500000,sz.000968,7.3600,7.3600,7.3500,7.3600,497500,3660584.0000,3
2025-08-25,20250825105000000,sz.000968,7.3600,7.3600,7.3400,7.3600,414200,3044144.0000,3
2025-08-25,20250825105500000,sz.000968,7.3500,7.3600,7.3400,7.3600,288200,2118528.0000,3
2025-08-25,20250825110000000,sz.000968,7.3600,7.3600,7.3500,7.3600,140000,1029816.0000,3
2025-08-25,20250825110500000,sz.000968,7.3600,7.3600,7.3400,7.3400,268100,1970808.0000,3
2025-08-25,20250825111000000,sz.000968,7.3400,7.3500,7.3400,7.3500,86100,632544.0000,3
2025-08-25,20250825111500000,sz.000968,7.3400,7.3500,7.3300,7.3300,324800,2384376.0000,3
2025-08-25,20250825112000000,sz.000968,7.3400,7.3500,7.3300,7.3300,408400,2996016.0000,3
2025-08-25,20250825112500000,sz.000968,7.3300,7.3400,7.3200,7.3200,365100,2674952.0000,3
2025-08-25,20250825113000000,sz.000968,7.3300,7.3300,7.3000,7.3200,350200,2560968.0000,3
2025-08-25,20250825130500000,sz.000968,7.3100,7.3300,7.3000,7.3000,326300,2386280.0000,3
2025-08-25,20250825131000000,sz.000968,7.3000,7.3200,7.3000,7.3200,213900,1562936.0000,3
2025-08-25,20250825131500000,sz.000968,7.3200,7.3300,7.3100,7.3100,144000,1053648.0000,3
2025-08-25,20250825132000000,sz.000968,7.3100,7.3100,7.2900,7.3000,368400,2689912.0000,3
2025-08-25,20250825132500000,sz.000968,7.3000,7.3200,7.3000,7.3100,444900,3250392.0000,3
2025-08-25,20250825133000000,sz.000968,7.3100,7.3100,7.2900,7.3000,282500,2062424.0000,3
2025-08-25,20250825133500000,sz.000968,7.3000,7.3100,7.3000,7.3000,119700,874080.0000,3
2025-08-25,20250825134000000,sz.000968,7.3000,7.3100,7.2900,7.2900,263700,1924632.0000,3
2025-08-25,20250825134500000,sz.000968,7.2900,7.3000,7.2900,7.2900,179900,1312680.0000,3
2025-08-25,20250825135000000,sz.000968,7.3000,7.3100,7.2900,7.3100,171600,1252968.0000,3
2025-08-25,20250825135500000,sz.000968,7.3000,7.3200,7.3000,7.3100,289100,2113400.0000,3
2025-08-25,20250825140000000,sz.000968,7.3100,7.3200,7.3100,7.3100,90200,659832.0000,3
2025-08-25,20250825140500000,sz.000968,7.3100,7.3200,7.3000,7.3200,723300,5287432.0000,3
2025-08-25,20250825141000000,sz.000968,7.3100,7.3200,7.3100,7.3100,63100,461584.0000,3
2025-08-25,20250825141500000,sz.000968,7.3100,7.3200,7.3100,7.3200,172700,1263696.0000,3
2025-08-25,20250825142000000,sz.000968,7.3300,7.3300,7.3200,7.3300,286100,2096800.0000,3
2025-08-25,20250825142500000,sz.000968,7.3300,7.3300,7.3200,7.3300,237500,1740536.0000,3
2025-08-25,20250825143000000,sz.000968,7.3300,7.3400,7.3200,7.3400,196700,1442280.0000,3
2025-08-25,20250825143500000,sz.000968,7.3400,7.3500,7.3300,7.3400,296100,2173384.0000,3
2025-08-25,20250825144000000,sz.000968,7.3400,7.3400,7.3300,7.3400,207200,1520128.0000,3
2025-08-25,20250825144500000,sz.000968,7.3400,7.3400,7.3300,7.3400,168300,1234096.0000,3
2025-08-25,20250825145000000,sz.000968,7.3400,7.3400,7.3300,7.3300,678100,4971248.0000,3
2025-08-25,20250825145500000,sz.000968,7.3300,7.3400,7.3200,7.3300,462700,3391872.0000,3
2025-08-25,20250825150000000,sz.000968,7.3200,7.3400,7.3200,7.3400,470700,3453632.0000,3
2025-08-26,20250826093500000,sz.000968,7.3000,7.3000,7.2100,7.2300,2773600,20112848.0000,3
2025-08-26,20250826094000000,sz.000968,7.2300,7.2700,7.2300,7.2600,1091900,7920494.0000,3
2025-08-26,20250826094500000,sz.000968,7.2600,7.2800,7.2500,7.2800,1000600,7281818.0000,3
2025-08-26,20250826095000000,sz.000968,7.2800,7.2800,7.2500,7.2500,712000,5171984.0000,3
2025-08-26,20250826095500000,sz.000968,7.2500,7.2700,7.2400,7.2600,511000,3706424.0000,3
2025-08-26,20250826100000000,sz.000968,7.2600,7.3100,7.2600,7.3000,528500,3853672.0000,3
2025-08-26,20250826100500000,sz.000968,7.3000,7.3200,7.2900,7.3000,494900,3617080.0000,3
2025-08-26,20250826101000000,sz.000968,7.3000,7.3200,7.3000,7.3200,902500,6596908.0000,3
2025-08-26,20250826101500000,sz.000968,7.3100,7.3200,7.2900,7.2900,249200,1819452.0000,3
2025-08-26,20250826102000000,sz.000968,7.2900,7.3000,7.2800,7.2800,228400,1665104.0000,3
2025-08-26,20250826102500000,sz.000968,7.2800,7.2900,7.2700,7.2800,398000,2897620.0000,3
2025-08-26,20250826103000000,sz.000968,7.2800,7.2900,7.2800,7.2800,113900,829728.0000,3
2025-08-26,20250826103500000,sz.000968,7.2800,7.2900,7.2700,7.2800,406000,2955156.0000,3
2025-08-26,20250826104000000,sz.000968,7.2800,7.3000,7.2800,7.2900,163000,1188040.0000,3
2025-08-26,20250826104500000,sz.000968,7.2900,7.3100,7.2900,7.3000,315900,2306248.0000,3
2025-08-26,20250826105000000,sz.000968,7.3000,7.3100,7.2900,7.3000,160600,1172976.0000,3
2025-08-26,20250826105500000,sz.000968,7.3100,7.3100,7.2900,7.3000,152600,1114056.0000,3
2025-08-26,20250826110000000,sz.000968,7.3000,7.3200,7.2900,7.3100,259600,1895288.0000,3
2025-08-26,20250826110500000,sz.000968,7.3100,7.3200,7.3000,7.3100,168200,1229424.0000,3
2025-08-26,20250826111000000,sz.000968,7.3100,7.3200,7.3000,7.3000,225000,1644744.0000,3
2025-08-26,20250826111500000,sz.000968,7.3000,7.3100,7.3000,7.3000,205400,1501032.0000,3
2025-08-26,20250826112000000,sz.000968,7.3100,7.3100,7.3000,7.3000,94000,686640.0000,3
2025-08-26,20250826112500000,sz.000968,7.3100,7.3100,7.3000,7.3000,216000,1578120.0000,3
2025-08-26,20250826113000000,sz.000968,7.3000,7.3200,7.3000,7.3100,533300,3898536.0000,3
2025-08-26,20250826130500000,sz.000968,7.3200,7.3300,7.3000,7.3000,529800,3874128.0000,3
2025-08-26,20250826131000000,sz.000968,7.3000,7.3200,7.3000,7.3100,422100,3084128.0000,3
2025-08-26,20250826131500000,sz.000968,7.3100,7.3200,7.3000,7.3000,268000,1958760.0000,3
2025-08-26,20250826132000000,sz.000968,7.3000,7.3100,7.3000,7.3000,273400,1996528.0000,3
2025-08-26,20250826132500000,sz.000968,7.3000,7.3100,7.3000,7.3000,172200,1257568.0000,3
2025-08-26,20250826133000000,sz.000968,7.3000,7.3100,7.3000,7.3000,200100,1461856.0000,3
2025-08-26,20250826133500000,sz.000968,7.3000,7.3100,7.2900,7.2900,285900,2086536.0000,3
2025-08-26,20250826134000000,sz.000968,7.3000,7.3000,7.2900,7.2900,348700,2542232.0000,3
2025-08-26,20250826134500000,sz.000968,7.2900,7.3000,7.2800,7.2800,445000,3243464.0000,3
2025-08-26,20250826135000000,sz.000968,7.2800,7.3000,7.2800,7.2900,283200,2064640.0000,3
2025-08-26,20250826135500000,sz.000968,7.2900,7.2900,7.2800,7.2900,220200,1604760.0000,3
2025-08-26,20250826140000000,sz.000968,7.2900,7.3000,7.2900,7.3000,371600,2711344.0000,3
2025-08-26,20250826140500000,sz.000968,7.3100,7.3200,7.2900,7.3200,979500,7154280.0000,3
2025-08-26,20250826141000000,sz.000968,7.3200,7.3300,7.3000,7.3100,241700,1768440.0000,3
2025-08-26,20250826141500000,sz.000968,7.3200,7.3200,7.2900,7.3000,522300,3812424.0000,3
2025-08-26,20250826142000000,sz.000968,7.3000,7.3200,7.3000,7.3000,211200,1544000.0000,3
2025-08-26,20250826142500000,sz.000968,7.3000,7.3100,7.3000,7.3000,75500,551448.0000,3
2025-08-26,20250826143000000,sz.000968,7.3000,7.3100,7.3000,7.3000,237200,1731848.0000,3
2025-08-26,20250826143500000,sz.000968,7.3000,7.3100,7.2900,7.3000,310600,2267408.0000,3
2025-08-26,20250826144000000,sz.000968,7.3000,7.3100,7.2900,7.3000,243200,1774752.0000,3
2025-08-26,20250826144500000,sz.000968,7.2900,7.3000,7.2800,7.2800,628100,4579616.0000,3
2025-08-26,20250826145000000,sz.000968,7.2900,7.2900,7.2700,7.2800,757800,5517104.0000,3
2025-08-26,20250826145500000,sz.000968,7.2800,7.2900,7.2700,7.2800,819900,5963120.0000,3
2025-08-26,20250826150000000,sz.000968,7.2700,7.2900,7.2700,7.2900,355200,2587184.0000,3
2025-08-27,20250827093500000,sz.000968,7.2600,7.2600,7.2300,7.2500,1438500,10421080.0000,3
2025-08-27,20250827094000000,sz.000968,7.2500,7.2600,7.2500,7.2500,428600,3111000.0000,3
2025-08-27,20250827094500000,sz.000968,7.2600,7.2700,7.2500,7.2600,624400,4533892.0000,3
2025-08-27,20250827095000000,sz.000968,7.2600,7.2600,7.2300,7.2300,1043200,7557824.0000,3
2025-08-27,20250827095500000,sz.000968,7.2300,7.2400,7.2200,7.2300,1219800,8820352.0000,3
2025-08-27,20250827100000000,sz.000968,7.2200,7.2400,7.2100,7.2200,1039400,7508964.0000,3
2025-08-27,20250827100500000,sz.000968,7.2100,7.2200,7.2100,7.2100,867600,6259392.0000,3
2025-08-27,20250827101000000,sz.000968,7.2100,7.2300,7.2100,7.2200,436700,3152964.0000,3
2025-08-27,20250827101500000,sz.000968,7.2200,7.2300,7.2100,7.2200,406100,2932004.0000,3
2025-08-27,20250827102000000,sz.000968,7.2100,7.2200,7.2000,7.2100,847900,6113720.0000,3
2025-08-27,20250827102500000,sz.000968,7.2100,7.2100,7.2000,7.2000,753400,5429228.0000,3
2025-08-27,20250827103000000,sz.000968,7.2000,7.2200,7.2000,7.2100,290000,2091340.0000,3
2025-08-27,20250827103500000,sz.000968,7.2100,7.2200,7.2000,7.2100,359300,2590816.0000,3
2025-08-27,20250827104000000,sz.000968,7.2100,7.2100,7.2000,7.2000,164000,1181872.0000,3
2025-08-27,20250827104500000,sz.000968,7.2000,7.2100,7.2000,7.2000,159900,1151808.0000,3
2025-08-27,20250827105000000,sz.000968,7.2000,7.2200,7.2000,7.2200,297300,2143920.0000,3
2025-08-27,20250827105500000,sz.000968,7.2100,7.2300,7.2100,7.2100,347000,2504768.0000,3
2025-08-27,20250827110000000,sz.000968,7.2100,7.2200,7.2100,7.2200,66600,480688.0000,3
2025-08-27,20250827110500000,sz.000968,7.2100,7.2200,7.2100,7.2200,78900,569632.0000,3
2025-08-27,20250827111000000,sz.000968,7.2100,7.2300,7.2100,7.2100,238200,1719264.0000,3
2025-08-27,20250827111500000,sz.000968,7.2100,7.2300,7.2100,7.2200,163100,1177256.0000,3
2025-08-27,20250827112000000,sz.000968,7.2300,7.2400,7.2200,7.2300,634500,4591056.0000,3
2025-08-27,20250827112500000,sz.000968,7.2300,7.2400,7.2200,7.2200,643000,4647112.0000,3
2025-08-27,20250827113000000,sz.000968,7.2200,7.2300,7.2200,7.2200,243700,1759752.0000,3
2025-08-27,20250827130500000,sz.000968,7.2300,7.2300,7.2100,7.2200,436500,3152976.0000,3
2025-08-27,20250827131000000,sz.000968,7.2200,7.2200,7.2100,7.2200,196300,1416472.0000,3
2025-08-27,20250827131500000,sz.000968,7.2200,7.2300,7.2100,7.2300,156600,1130224.0000,3
2025-08-27,20250827132000000,sz.000968,7.2200,7.2300,7.2200,7.2300,44500,321400.0000,3
2025-08-27,20250827132500000,sz.000968,7.2200,7.2300,7.2100,7.2200,614100,4433952.0000,3
2025-08-27,20250827133000000,sz.000968,7.2100,7.2200,7.2100,7.2200,128700,928280.0000,3
2025-08-27,20250827133500000,sz.000968,7.2200,7.2200,7.2000,7.2000,592300,4269904.0000,3
2025-08-27,20250827134000000,sz.000968,7.2100,7.2100,7.2000,7.2100,553600,3986160.0000,3
2025-08-27,20250827134500000,sz.000968,7.2100,7.2100,7.2000,7.2000,495900,3572224.0000,3
2025-08-27,20250827135000000,sz.000968,7.1900,7.2000,7.1800,7.1900,878000,6314936.0000,3
2025-08-27,20250827135500000,sz.000968,7.1900,7.2000,7.1800,7.1900,390000,2804072.0000,3
2025-08-27,20250827140000000,sz.000968,7.1900,7.1900,7.1600,7.1600,1295900,9292720.0000,3
2025-08-27,20250827140500000,sz.000968,7.1600,7.1800,7.1600,7.1700,409500,2934656.0000,3
2025-08-27,20250827141000000,sz.000968,7.1800,7.1800,7.1700,7.1800,286800,2058736.0000,3
2025-08-27,20250827141500000,sz.000968,7.1800,7.1800,7.1600,7.1700,231800,1662112.0000,3
2025-08-27,20250827142000000,sz.000968,7.1600,7.1700,7.1500,7.1600,369900,2648544.0000,3
2025-08-27,20250827142500000,sz.000968,7.1600,7.1600,7.1300,7.1400,820500,5861392.0000,3
2025-08-27,20250827143000000,sz.000968,7.1300,7.1400,7.1200,7.1200,628400,4480656.0000,3
2025-08-27,20250827143500000,sz.000968,7.1200,7.1400,7.1100,7.1300,526500,3751536.0000,3
2025-08-27,20250827144000000,sz.000968,7.1300,7.1400,7.1200,7.1300,418300,2982736.0000,3
2025-08-27,20250827144500000,sz.000968,7.1300,7.1300,7.1000,7.1000,829900,5903616.0000,3
2025-08-27,20250827145000000,sz.000968,7.1100,7.1100,7.0800,7.1000,932800,6615040.0000,3
2025-08-27,20250827145500000,sz.000968,7.1000,7.1000,7.0800,7.0800,659400,4673600.0000,3
2025-08-27,20250827150000000,sz.000968,7.0900,7.0900,7.0700,7.0700,652100,4614000.0000,3
2025-08-28,20250828093500000,sz.000968,7.0700,7.1300,7.0700,7.1200,1274500,9043514.0000,3
2025-08-28,20250828094000000,sz.000968,7.1300,7.1400,7.1000,7.1000,698600,4975196.0000,3
2025-08-28,20250828094500000,sz.000968,7.1000,7.1100,7.0900,7.1000,297700,2114411.0000,3
2025-08-28,20250828095000000,sz.000968,7.1100,7.1100,7.0900,7.1000,462500,3284131.0000,3
2025-08-28,20250828095500000,sz.000968,7.1100,7.1100,7.0900,7.1000,326900,2321140.0000,3
2025-08-28,20250828100000000,sz.000968,7.1000,7.1100,7.0900,7.1000,252500,1792084.0000,3
2025-08-28,20250828100500000,sz.000968,7.0900,7.1000,7.0800,7.0800,310000,2199092.0000,3
2025-08-28,20250828101000000,sz.000968,7.0900,7.1000,7.0700,7.0900,558500,3954156.0000,3
2025-08-28,20250828101500000,sz.000968,7.0900,7.1000,7.0800,7.0900,170500,1209190.0000,3
2025-08-28,20250828102000000,sz.000968,7.0800,7.0900,7.0700,7.0700,170400,1206576.0000,3
2025-08-28,20250828102500000,sz.000968,7.0700,7.0800,7.0600,7.0700,299000,2113602.0000,3
2025-08-28,20250828103000000,sz.000968,7.0600,7.0800,7.0600,7.0700,288300,2036808.0000,3
2025-08-28,20250828103500000,sz.000968,7.0700,7.0900,7.0700,7.0800,126800,897576.0000,3
2025-08-28,20250828104000000,sz.000968,7.0800,7.0800,7.0700,7.0700,228400,1615696.0000,3
2025-08-28,20250828104500000,sz.000968,7.0700,7.0800,7.0700,7.0800,178500,1262400.0000,3
2025-08-28,20250828105000000,sz.000968,7.0800,7.0800,7.0700,7.0700,99200,702192.0000,3
2025-08-28,20250828105500000,sz.000968,7.0700,7.0900,7.0700,7.0900,166200,1176428.0000,3
2025-08-28,20250828110000000,sz.000968,7.0800,7.0900,7.0700,7.0700,146100,1033656.0000,3
2025-08-28,20250828110500000,sz.000968,7.0700,7.0800,7.0600,7.0600,269100,1902164.0000,3
2025-08-28,20250828111000000,sz.000968,7.0600,7.0700,7.0600,7.0700,183900,1298508.0000,3
2025-08-28,20250828111500000,sz.000968,7.0700,7.0700,7.0500,7.0500,297100,2097348.0000,3
2025-08-28,20250828112000000,sz.000968,7.0500,7.0600,7.0200,7.0200,909300,6401768.0000,3
2025-08-28,20250828112500000,sz.000968,7.0200,7.0300,7.0100,7.0200,457800,3213292.0000,3
2025-08-28,20250828113000000,sz.000968,7.0100,7.0200,7.0000,7.0200,599700,4202880.0000,3
2025-08-28,20250828130500000,sz.000968,7.0200,7.0300,7.0100,7.0200,167300,1174240.0000,3
2025-08-28,20250828131000000,sz.000968,7.0100,7.0200,7.0100,7.0200,119400,837752.0000,3
2025-08-28,20250828131500000,sz.000968,7.0100,7.0200,7.0100,7.0100,319900,2243204.0000,3
2025-08-28,20250828132000000,sz.000968,7.0100,7.0100,6.9900,6.9900,733800,5136836.0000,3
2025-08-28,20250828132500000,sz.000968,6.9900,6.9900,6.9700,6.9700,509100,3553544.0000,3
2025-08-28,20250828133000000,sz.000968,6.9600,6.9700,6.9400,6.9500,778900,5418200.0000,3
2025-08-28,20250828133500000,sz.000968,6.9500,6.9500,6.8900,6.9100,886900,6131248.0000,3
2025-08-28,20250828134000000,sz.000968,6.9100,6.9400,6.9000,6.9300,428900,2966760.0000,3
2025-08-28,20250828134500000,sz.000968,6.9300,6.9400,6.9200,6.9400,315500,2186072.0000,3
2025-08-28,20250828135000000,sz.000968,6.9400,6.9500,6.9300,6.9500,202500,1406352.0000,3
2025-08-28,20250828135500000,sz.000968,6.9500,6.9700,6.9500,6.9600,270100,1879496.0000,3
2025-08-28,20250828140000000,sz.000968,6.9600,6.9600,6.9400,6.9500,106800,742456.0000,3
2025-08-28,20250828140500000,sz.000968,6.9500,6.9700,6.9500,6.9600,246400,1714768.0000,3
2025-08-28,20250828141000000,sz.000968,6.9600,6.9800,6.9600,6.9800,267000,1862216.0000,3
2025-08-28,20250828141500000,sz.000968,6.9800,7.0100,6.9700,7.0000,217200,1518056.0000,3
2025-08-28,20250828142000000,sz.000968,7.0000,7.0300,6.9900,7.0300,202600,1421928.0000,3
2025-08-28,20250828142500000,sz.000968,7.0400,7.0400,7.0100,7.0100,218400,1534032.0000,3
2025-08-28,20250828143000000,sz.000968,7.0100,7.0300,7.0100,7.0300,231000,1621880.0000,3
2025-08-28,20250828143500000,sz.000968,7.0300,7.0300,7.0200,7.0300,85600,601240.0000,3
2025-08-28,20250828144000000,sz.000968,7.0300,7.0400,7.0300,7.0400,183900,1293584.0000,3
2025-08-28,20250828144500000,sz.000968,7.0400,7.0600,7.0400,7.0600,238200,1679776.0000,3
2025-08-28,20250828145000000,sz.000968,7.0600,7.0700,7.0500,7.0700,216700,1529736.0000,3
2025-08-28,20250828145500000,sz.000968,7.0700,7.0700,7.0600,7.0600,207900,1468656.0000,3
2025-08-28,20250828150000000,sz.000968,7.0600,7.0800,7.0600,7.0800,595500,4213768.0000,3
2025-08-29,20250829093500000,sz.000968,7.0800,7.1300,7.0700,7.1100,1299200,9230748.0000,3
2025-08-29,20250829094000000,sz.000968,7.1100,7.1300,7.1000,7.1200,963900,6861143.0000,3
2025-08-29,20250829094500000,sz.000968,7.1200,7.1300,7.0800,7.0900,461200,3277565.0000,3
2025-08-29,20250829095000000,sz.000968,7.0900,7.1100,7.0800,7.0900,321000,2276298.0000,3
2025-08-29,20250829095500000,sz.000968,7.0900,7.1100,7.0900,7.1000,349100,2478738.0000,3
2025-08-29,20250829100000000,sz.000968,7.0900,7.1200,7.0900,7.1100,422500,3004308.0000,3
2025-08-29,20250829100500000,sz.000968,7.1100,7.1200,7.1000,7.1000,118900,845594.0000,3
2025-08-29,20250829101000000,sz.000968,7.1000,7.1100,7.0900,7.1000,344900,2448814.0000,3
2025-08-29,20250829101500000,sz.000968,7.1000,7.1000,7.0800,7.1000,790000,5602136.0000,3
2025-08-29,20250829102000000,sz.000968,7.1100,7.1100,7.0800,7.1000,296800,2105168.0000,3
2025-08-29,20250829102500000,sz.000968,7.0900,7.1000,7.0900,7.1000,68500,485988.0000,3
2025-08-29,20250829103000000,sz.000968,7.0900,7.1000,7.0900,7.1000,198900,1410644.0000,3
2025-08-29,20250829103500000,sz.000968,7.1000,7.1000,7.0900,7.0900,275000,1950048.0000,3
2025-08-29,20250829104000000,sz.000968,7.0900,7.1000,7.0900,7.0900,120100,851556.0000,3
2025-08-29,20250829104500000,sz.000968,7.0900,7.1000,7.0900,7.1000,70900,502844.0000,3
2025-08-29,20250829105000000,sz.000968,7.0900,7.1000,7.0900,7.0900,149500,1060932.0000,3
2025-08-29,20250829105500000,sz.000968,7.0900,7.1100,7.0900,7.1100,293200,2081664.0000,3
2025-08-29,20250829110000000,sz.000968,7.1100,7.1100,7.0800,7.0800,432800,3069860.0000,3
2025-08-29,20250829110500000,sz.000968,7.0800,7.0900,7.0700,7.0800,335200,2373084.0000,3
2025-08-29,20250829111000000,sz.000968,7.0800,7.0800,7.0700,7.0700,43400,307104.0000,3
2025-08-29,20250829111500000,sz.000968,7.0700,7.0800,7.0600,7.0600,211200,1493100.0000,3
2025-08-29,20250829112000000,sz.000968,7.0600,7.0700,7.0600,7.0700,165300,1167096.0000,3
2025-08-29,20250829112500000,sz.000968,7.0700,7.0700,7.0600,7.0600,37100,262192.0000,3
2025-08-29,20250829113000000,sz.000968,7.0600,7.0700,7.0500,7.0700,265500,1874604.0000,3
2025-08-29,20250829130500000,sz.000968,7.0700,7.0700,7.0400,7.0400,563100,3969460.0000,3
2025-08-29,20250829131000000,sz.000968,7.0500,7.0600,7.0500,7.0600,94100,663604.0000,3
2025-08-29,20250829131500000,sz.000968,7.0600,7.0600,7.0500,7.0500,125200,882972.0000,3
2025-08-29,20250829132000000,sz.000968,7.0600,7.0600,7.0400,7.0400,257300,1812952.0000,3
2025-08-29,20250829132500000,sz.000968,7.0400,7.0500,7.0400,7.0400,132500,932780.0000,3
2025-08-29,20250829133000000,sz.000968,7.0300,7.0400,7.0300,7.0300,148000,1041068.0000,3
2025-08-29,20250829133500000,sz.000968,7.0300,7.0400,7.0300,7.0300,304200,2138888.0000,3
2025-08-29,20250829134000000,sz.000968,7.0300,7.0400,7.0200,7.0300,473400,3325240.0000,3
2025-08-29,20250829134500000,sz.000968,7.0300,7.0400,7.0000,7.0300,383400,2689504.0000,3
2025-08-29,20250829135000000,sz.000968,7.0300,7.0300,7.0200,7.0300,126600,888880.0000,3
2025-08-29,20250829135500000,sz.000968,7.0300,7.0300,7.0200,7.0200,103000,723216.0000,3
2025-08-29,20250829140000000,sz.000968,7.0200,7.0400,7.0200,7.0300,136100,956968.0000,3
2025-08-29,20250829140500000,sz.000968,7.0400,7.0400,7.0300,7.0300,197500,1389768.0000,3
2025-08-29,20250829141000000,sz.000968,7.0400,7.0500,7.0300,7.0500,132200,930760.0000,3
2025-08-29,20250829141500000,sz.000968,7.0500,7.0500,7.0400,7.0400,42700,300840.0000,3
2025-08-29,20250829142000000,sz.000968,7.0500,7.0500,7.0400,7.0500,26300,185336.0000,3
2025-08-29,20250829142500000,sz.000968,7.0500,7.0500,7.0400,7.0400,224800,1582856.0000,3
2025-08-29,20250829143000000,sz.000968,7.0500,7.0500,7.0300,7.0400,216500,1524408.0000,3
2025-08-29,20250829143500000,sz.000968,7.0400,7.0500,7.0300,7.0300,149900,1055048.0000,3
2025-08-29,20250829144000000,sz.000968,7.0300,7.0400,7.0300,7.0300,32200,226616.0000,3
2025-08-29,20250829144500000,sz.000968,7.0300,7.0400,7.0200,7.0200,1222200,8568712.0000,3
2025-08-29,20250829145000000,sz.000968,7.0200,7.0400,7.0200,7.0300,266900,1876032.0000,3
2025-08-29,20250829145500000,sz.000968,7.0200,7.0400,7.0200,7.0400,183900,1293288.0000,3
2025-08-29,20250829150000000,sz.000968,7.0300,7.0400,7.0300,7.0300,261100,1835704.0000,3
2025-09-01,20250901093500000,sz.000968,7.0400,7.0500,6.9600,6.9800,1979400,13834779.0000,3
2025-09-01,20250901094000000,sz.000968,6.9800,7.0200,6.9800,6.9900,550900,3857741.0000,3
2025-09-01,20250901094500000,sz.000968,7.0000,7.0000,6.9700,6.9900,664400,4637872.0000,3
2025-09-01,20250901095000000,sz.000968,6.9900,7.0200,6.9900,7.0000,320900,2249218.0000,3
2025-09-01,20250901095500000,sz.000968,7.0000,7.0300,6.9900,7.0200,610400,4278606.0000,3
2025-09-01,20250901100000000,sz.000968,7.0200,7.0500,7.0200,7.0400,389100,2735244.0000,3
2025-09-01,20250901100500000,sz.000968,7.0300,7.0600,7.0300,7.0400,405000,2854432.0000,3
2025-09-01,20250901101000000,sz.000968,7.0400,7.0600,7.0400,7.0500,190700,1344932.0000,3
2025-09-01,20250901101500000,sz.000968,7.0500,7.0600,7.0500,7.0600,188300,1327996.0000,3
2025-09-01,20250901102000000,sz.000968,7.0600,7.0600,7.0400,7.0400,101800,717404.0000,3
2025-09-01,20250901102500000,sz.000968,7.0400,7.0500,7.0400,7.0500,170800,1203856.0000,3
2025-09-01,20250901103000000,sz.000968,7.0500,7.0700,7.0500,7.0700,269600,1903976.0000,3
2025-09-01,20250901103500000,sz.000968,7.0600,7.0800,7.0600,7.0600,190800,1348624.0000,3
2025-09-01,20250901104000000,sz.000968,7.0600,7.0700,7.0600,7.0600,119300,842608.0000,3
2025-09-01,20250901104500000,sz.000968,7.0600,7.0700,7.0600,7.0700,80400,567752.0000,3
2025-09-01,20250901105000000,sz.000968,7.0600,7.0700,7.0500,7.0500,239200,1688932.0000,3
2025-09-01,20250901105500000,sz.000968,7.0500,7.0700,7.0500,7.0600,194300,1371192.0000,3
2025-09-01,20250901110000000,sz.000968,7.0600,7.0700,7.0600,7.0600,55600,392928.0000,3
2025-09-01,20250901110500000,sz.000968,7.0600,7.0700,7.0600,7.0600,127900,903028.0000,3
2025-09-01,20250901111000000,sz.000968,7.0500,7.0500,7.0400,7.0500,143500,1011516.0000,3
2025-09-01,20250901111500000,sz.000968,7.0500,7.0500,7.0400,7.0400,39100,275612.0000,3
2025-09-01,20250901112000000,sz.000968,7.0400,7.0500,7.0400,7.0500,158700,1117332.0000,3
2025-09-01,20250901112500000,sz.000968,7.0500,7.0500,7.0300,7.0300,95900,675208.0000,3
2025-09-01,20250901113000000,sz.000968,7.0300,7.0300,7.0200,7.0200,241900,1699548.0000,3
2025-09-01,20250901130500000,sz.000968,7.0300,7.0300,7.0200,7.0300,231700,1627548.0000,3
2025-09-01,20250901131000000,sz.000968,7.0300,7.0300,7.0100,7.0100,262500,1842020.0000,3
2025-09-01,20250901131500000,sz.000968,7.0200,7.0200,7.0000,7.0100,116400,815640.0000,3
2025-09-01,20250901132000000,sz.000968,7.0100,7.0100,7.0000,7.0000,108900,762808.0000,3
2025-09-01,20250901132500000,sz.000968,7.0000,7.0100,7.0000,7.0000,94100,659408.0000,3
2025-09-01,20250901133000000,sz.000968,7.0000,7.0100,7.0000,7.0000,172600,1209172.0000,3
2025-09-01,20250901133500000,sz.000968,7.0000,7.0100,7.0000,7.0000,186700,1308328.0000,3
2025-09-01,20250901134000000,sz.000968,7.0100,7.0200,7.0000,7.0000,172700,1210528.0000,3
2025-09-01,20250901134500000,sz.000968,7.0000,7.0100,7.0000,7.0000,381200,2668668.0000,3
2025-09-01,20250901135000000,sz.000968,7.0000,7.0100,6.9900,7.0000,274900,1923420.0000,3
2025-09-01,20250901135500000,sz.000968,7.0000,7.0000,6.9900,7.0000,131800,922028.0000,3
2025-09-01,20250901140000000,sz.000968,7.0000,7.0100,6.9900,7.0100,134400,940248.0000,3
2025-09-01,20250901140500000,sz.000968,7.0100,7.0100,7.0000,7.0000,156600,1097552.0000,3
2025-09-01,20250901141000000,sz.000968,7.0000,7.0100,7.0000,7.0000,46300,324152.0000,3
2025-09-01,20250901141500000,sz.000968,7.0000,7.0100,7.0000,7.0100,303300,2123184.0000,3
2025-09-01,20250901142000000,sz.000968,7.0000,7.0100,7.0000,7.0000,171200,1199312.0000,3
2025-09-01,20250901142500000,sz.000968,7.0000,7.0100,7.0000,7.0000,78700,551632.0000,3
2025-09-01,20250901143000000,sz.000968,7.0000,7.0100,7.0000,7.0100,56900,398496.0000,3
2025-09-01,20250901143500000,sz.000968,7.0000,7.0200,7.0000,7.0100,208100,1458592.0000,3
2025-09-01,20250901144000000,sz.000968,7.0100,7.0100,7.0000,7.0100,162200,1135664.0000,3
2025-09-01,20250901144500000,sz.000968,7.0000,7.0100,7.0000,7.0100,213200,1493392.0000,3
2025-09-01,20250901145000000,sz.000968,7.0000,7.0200,7.0000,7.0200,383500,2689952.0000,3
2025-09-01,20250901145500000,sz.000968,7.0200,7.0200,7.0100,7.0200,640200,4490224.0000,3
2025-09-01,20250901150000000,sz.000968,7.0200,7.0200,7.0100,7.0100,145400,1019824.0000,3
2025-09-02,20250902093500000,sz.000968,7.0300,7.0400,7.0000,7.0100,713300,5005818.0000,3
2025-09-02,20250902094000000,sz.000968,7.0100,7.0200,6.9900,7.0100,280500,1964668.0000,3
2025-09-02,20250902094500000,sz.000968,7.0100,7.0100,6.9900,7.0100,269500,1887136.0000,3
2025-09-02,20250902095000000,sz.000968,7.0000,7.0200,7.0000,7.0100,386900,2712180.0000,3
2025-09-02,20250902095500000,sz.000968,7.0000,7.0100,6.9900,6.9900,530100,3710002.0000,3
2025-09-02,20250902100000000,sz.000968,6.9900,7.0000,6.9600,6.9600,921600,6429180.0000,3
2025-09-02,20250902100500000,sz.000968,6.9700,6.9700,6.9500,6.9600,761800,5300036.0000,3
2025-09-02,20250902101000000,sz.000968,6.9600,6.9900,6.9600,6.9800,262900,1832942.0000,3
2025-09-02,20250902101500000,sz.000968,6.9800,7.0100,6.9700,6.9700,454100,3172862.0000,3
2025-09-02,20250902102000000,sz.000968,6.9700,6.9900,6.9600,6.9700,200300,1396576.0000,3
2025-09-02,20250902102500000,sz.000968,6.9700,6.9800,6.9700,6.9700,50400,351572.0000,3
2025-09-02,20250902103000000,sz.000968,6.9800,6.9900,6.9700,6.9900,174000,1214500.0000,3
2025-09-02,20250902103500000,sz.000968,6.9900,6.9900,6.9700,6.9700,205600,1436124.0000,3
2025-09-02,20250902104000000,sz.000968,6.9800,6.9800,6.9600,6.9600,341100,2375276.0000,3
2025-09-02,20250902104500000,sz.000968,6.9600,6.9600,6.9500,6.9600,358900,2494880.0000,3
2025-09-02,20250902105000000,sz.000968,6.9600,6.9700,6.9500,6.9600,370100,2574328.0000,3
2025-09-02,20250902105500000,sz.000968,6.9600,6.9700,6.9500,6.9600,169200,1177480.0000,3
2025-09-02,20250902110000000,sz.000968,6.9600,6.9600,6.9400,6.9600,373500,2595748.0000,3
2025-09-02,20250902110500000,sz.000968,6.9600,6.9600,6.9400,6.9500,324000,2251456.0000,3
2025-09-02,20250902111000000,sz.000968,6.9500,6.9600,6.9500,6.9500,74300,516480.0000,3
2025-09-02,20250902111500000,sz.000968,6.9500,6.9600,6.9500,6.9600,291900,2031380.0000,3
2025-09-02,20250902112000000,sz.000968,6.9500,6.9600,6.9400,6.9500,284900,1979972.0000,3
2025-09-02,20250902112500000,sz.000968,6.9500,7.0000,6.9500,6.9900,460100,3211032.0000,3
2025-09-02,20250902113000000,sz.000968,6.9900,7.0200,6.9900,7.0100,540900,3789936.0000,3
2025-09-02,20250902130500000,sz.000968,7.0100,7.0200,6.9800,7.0100,519700,3639828.0000,3
2025-09-02,20250902131000000,sz.000968,7.0100,7.0200,7.0000,7.0100,375700,2636424.0000,3
2025-09-02,20250902131500000,sz.000968,7.0100,7.0100,6.9800,6.9800,166800,1166520.0000,3
2025-09-02,20250902132000000,sz.000968,6.9800,6.9900,6.9700,6.9700,93400,651864.0000,3
2025-09-02,20250902132500000,sz.000968,6.9700,6.9800,6.9600,6.9600,207600,1447304.0000,3
2025-09-02,20250902133000000,sz.000968,6.9600,6.9700,6.9600,6.9600,99600,693344.0000,3
2025-09-02,20250902133500000,sz.000968,6.9700,6.9800,6.9600,6.9700,105600,735944.0000,3
2025-09-02,20250902134000000,sz.000968,6.9800,6.9900,6.9700,6.9900,171700,1198936.0000,3
2025-09-02,20250902134500000,sz.000968,6.9900,7.0100,6.9900,7.0000,177600,1243488.0000,3
2025-09-02,20250902135000000,sz.000968,7.0000,7.0100,7.0000,7.0000,112800,790528.0000,3
2025-09-02,20250902135500000,sz.000968,7.0000,7.0100,6.9800,7.0000,208700,1459384.0000,3
2025-09-02,20250902140000000,sz.000968,6.9900,7.0100,6.9900,6.9900,107600,752712.0000,3
2025-09-02,20250902140500000,sz.000968,6.9900,7.0100,6.9800,6.9900,527400,3684952.0000,3
2025-09-02,20250902141000000,sz.000968,6.9900,7.0000,6.9900,6.9900,109100,763120.0000,3
2025-09-02,20250902141500000,sz.000968,6.9900,7.0100,6.9900,7.0000,108700,760992.0000,3
2025-09-02,20250902142000000,sz.000968,7.0000,7.0000,6.9900,7.0000,91500,639864.0000,3
2025-09-02,20250902142500000,sz.000968,6.9900,7.0000,6.9900,6.9900,139500,975608.0000,3
2025-09-02,20250902143000000,sz.000968,6.9900,7.0000,6.9900,7.0000,79900,559232.0000,3
2025-09-02,20250902143500000,sz.000968,6.9900,7.0000,6.9900,6.9900,178300,1247176.0000,3
2025-09-02,20250902144000000,sz.000968,6.9900,7.0000,6.9900,6.9900,74600,521600.0000,3
2025-09-02,20250902144500000,sz.000968,6.9900,7.0000,6.9800,6.9800,288500,2014800.0000,3
2025-09-02,20250902145000000,sz.000968,6.9900,6.9900,6.9800,6.9800,132600,926008.0000,3
2025-09-02,20250902145500000,sz.000968,6.9900,6.9900,6.9800,6.9900,368900,2577416.0000,3
2025-09-02,20250902150000000,sz.000968,6.9900,7.0000,6.9900,7.0000,162300,1135256.0000,3
2025-09-03,20250903093500000,sz.000968,6.9900,7.0100,6.9800,6.9800,561200,3922886.0000,3
2025-09-03,20250903094000000,sz.000968,6.9800,7.0000,6.9700,6.9800,415200,2898979.0000,3
2025-09-03,20250903094500000,sz.000968,6.9800,6.9900,6.9700,6.9700,152700,1065506.0000,3
2025-09-03,20250903095000000,sz.000968,6.9700,6.9700,6.9300,6.9300,733900,5102583.0000,3
2025-09-03,20250903095500000,sz.000968,6.9300,6.9500,6.9100,6.9100,796700,5519262.0000,3
2025-09-03,20250903100000000,sz.000968,6.9100,6.9200,6.9100,6.9100,276900,1913560.0000,3
2025-09-03,20250903100500000,sz.000968,6.9200,6.9200,6.9000,6.9100,439800,3039060.0000,3
2025-09-03,20250903101000000,sz.000968,6.9100,6.9100,6.9000,6.9100,291400,2012336.0000,3
2025-09-03,20250903101500000,sz.000968,6.9000,6.9100,6.8900,6.9000,680100,4692684.0000,3
2025-09-03,20250903102000000,sz.000968,6.8900,6.9100,6.8900,6.9000,198400,1368682.0000,3
2025-09-03,20250903102500000,sz.000968,6.9000,6.9100,6.8900,6.9000,380300,2623562.0000,3
2025-09-03,20250903103000000,sz.000968,6.9100,6.9100,6.8800,6.8900,686300,4726580.0000,3
2025-09-03,20250903103500000,sz.000968,6.8800,6.8900,6.8500,6.8500,618500,4247144.0000,3
2025-09-03,20250903104000000,sz.000968,6.8500,6.8900,6.8500,6.8900,500400,3437844.0000,3
2025-09-03,20250903104500000,sz.000968,6.8900,6.9000,6.8800,6.8900,290500,2001556.0000,3
2025-09-03,20250903105000000,sz.000968,6.9000,6.9000,6.8900,6.8900,116000,799788.0000,3
2025-09-03,20250903105500000,sz.000968,6.9000,6.9000,6.8900,6.9000,66000,454952.0000,3
2025-09-03,20250903110000000,sz.000968,6.8900,6.9000,6.8800,6.8900,167300,1152592.0000,3
2025-09-03,20250903110500000,sz.000968,6.8900,6.9000,6.8900,6.8900,137500,947540.0000,3
2025-09-03,20250903111000000,sz.000968,6.8900,6.9000,6.8800,6.8900,101100,696600.0000,3
2025-09-03,20250903111500000,sz.000968,6.8900,6.8900,6.8800,6.8900,70900,488040.0000,3
2025-09-03,20250903112000000,sz.000968,6.8800,6.9000,6.8800,6.8900,139200,959168.0000,3
2025-09-03,20250903112500000,sz.000968,6.8900,6.9000,6.8900,6.8900,86000,592604.0000,3
2025-09-03,20250903113000000,sz.000968,6.8900,6.9000,6.8800,6.8800,80300,553012.0000,3
2025-09-03,20250903130500000,sz.000968,6.8800,6.8900,6.8600,6.8700,223700,1538712.0000,3
2025-09-03,20250903131000000,sz.000968,6.8600,6.8800,6.8600,6.8700,192300,1320308.0000,3
2025-09-03,20250903131500000,sz.000968,6.8800,6.8800,6.8600,6.8600,160200,1099652.0000,3
2025-09-03,20250903132000000,sz.000968,6.8700,6.8800,6.8600,6.8700,174200,1196108.0000,3
2025-09-03,20250903132500000,sz.000968,6.8700,6.8700,6.8500,6.8600,118000,809580.0000,3
2025-09-03,20250903133000000,sz.000968,6.8600,6.8700,6.8400,6.8600,536200,3673072.0000,3
2025-09-03,20250903133500000,sz.000968,6.8600,6.8600,6.8500,6.8600,169400,1161280.0000,3
2025-09-03,20250903134000000,sz.000968,6.8600,6.8600,6.8400,6.8500,252700,1730440.0000,3
2025-09-03,20250903134500000,sz.000968,6.8400,6.8700,6.8400,6.8600,255100,1749320.0000,3
2025-09-03,20250903135000000,sz.000968,6.8600,6.8600,6.8300,6.8500,157700,1079424.0000,3
2025-09-03,20250903135500000,sz.000968,6.8400,6.8600,6.8300,6.8600,165700,1133728.0000,3
2025-09-03,20250903140000000,sz.000968,6.8500,6.8500,6.8400,6.8400,69900,478560.0000,3
2025-09-03,20250903140500000,sz.000968,6.8400,6.8500,6.8300,6.8500,482900,3300072.0000,3
2025-09-03,20250903141000000,sz.000968,6.8500,6.8500,6.8300,6.8400,145000,991952.0000,3
2025-09-03,20250903141500000,sz.000968,6.8400,6.8500,6.8300,6.8400,266800,1824072.0000,3
2025-09-03,20250903142000000,sz.000968,6.8500,6.8500,6.8200,6.8200,352400,2407304.0000,3
2025-09-03,20250903142500000,sz.000968,6.8200,6.8300,6.8200,6.8200,264600,1806072.0000,3
2025-09-03,20250903143000000,sz.000968,6.8200,6.8300,6.8200,6.8300,148100,1011024.0000,3
2025-09-03,20250903143500000,sz.000968,6.8400,6.8500,6.8200,6.8400,261000,1782504.0000,3
2025-09-03,20250903144000000,sz.000968,6.8300,6.8400,6.8300,6.8300,277300,1895656.0000,3
2025-09-03,20250903144500000,sz.000968,6.8400,6.8400,6.8200,6.8200,350800,2394400.0000,3
2025-09-03,20250903145000000,sz.000968,6.8300,6.8300,6.8200,6.8200,350500,2390784.0000,3
2025-09-03,20250903145500000,sz.000968,6.8200,6.8300,6.8100,6.8200,320400,2184920.0000,3
2025-09-03,20250903150000000,sz.000968,6.8300,6.8300,6.8100,6.8200,159700,1088952.0000,3
2025-09-04,20250904093500000,sz.000968,6.8300,6.8300,6.7900,6.8200,617000,4205870.0000,3
2025-09-04,20250904094000000,sz.000968,6.8100,6.8200,6.7900,6.8000,599600,4077311.0000,3
2025-09-04,20250904094500000,sz.000968,6.8000,6.8200,6.8000,6.8200,465300,3169132.0000,3
2025-09-04,20250904095000000,sz.000968,6.8100,6.8400,6.8100,6.8400,456800,3117100.0000,3
2025-09-04,20250904095500000,sz.000968,6.8300,6.8400,6.8200,6.8300,313900,2145139.0000,3
2025-09-04,20250904100000000,sz.000968,6.8400,6.8400,6.8200,6.8400,365200,2494708.0000,3
2025-09-04,20250904100500000,sz.000968,6.8400,6.8600,6.8300,6.8400,728500,4985360.0000,3
2025-09-04,20250904101000000,sz.000968,6.8400,6.8600,6.8400,6.8500,341700,2341060.0000,3
2025-09-04,20250904101500000,sz.000968,6.8500,6.8500,6.8300,6.8400,343900,2351496.0000,3
2025-09-04,20250904102000000,sz.000968,6.8400,6.8600,6.8400,6.8600,287400,1970056.0000,3
2025-09-04,20250904102500000,sz.000968,6.8600,6.8600,6.8500,6.8600,185800,1274576.0000,3
2025-09-04,20250904103000000,sz.000968,6.8600,6.8600,6.8500,6.8600,70100,480716.0000,3
2025-09-04,20250904103500000,sz.000968,6.8500,6.8800,6.8500,6.8700,403400,2769888.0000,3
2025-09-04,20250904104000000,sz.000968,6.8700,6.8700,6.8500,6.8500,526300,3610460.0000,3
2025-09-04,20250904104500000,sz.000968,6.8600,6.8700,6.8500,6.8700,304800,2092952.0000,3
2025-09-04,20250904105000000,sz.000968,6.8700,6.8700,6.8500,6.8600,307400,2107984.0000,3
2025-09-04,20250904105500000,sz.000968,6.8600,6.8600,6.8300,6.8500,213500,1460964.0000,3
2025-09-04,20250904110000000,sz.000968,6.8500,6.8500,6.8400,6.8500,145800,998468.0000,3
2025-09-04,20250904110500000,sz.000968,6.8500,6.8700,6.8500,6.8700,88500,607160.0000,3
2025-09-04,20250904111000000,sz.000968,6.8600,6.8700,6.8600,6.8700,199400,1368992.0000,3
2025-09-04,20250904111500000,sz.000968,6.8700,6.8800,6.8600,6.8600,140700,966484.0000,3
2025-09-04,20250904112000000,sz.000968,6.8600,6.8700,6.8600,6.8700,126200,865992.0000,3
2025-09-04,20250904112500000,sz.000968,6.8600,6.8700,6.8500,6.8700,41900,287512.0000,3
2025-09-04,20250904113000000,sz.000968,6.8700,6.8700,6.8500,6.8600,91200,624912.0000,3
2025-09-04,20250904130500000,sz.000968,6.8500,6.8700,6.8400,6.8500,304900,2090480.0000,3
2025-09-04,20250904131000000,sz.000968,6.8500,6.8800,6.8500,6.8700,188800,1296000.0000,3
2025-09-04,20250904131500000,sz.000968,6.8800,6.8900,6.8700,6.8900,285400,1963628.0000,3
2025-09-04,20250904132000000,sz.000968,6.8900,6.9000,6.8800,6.9000,296600,2043436.0000,3
2025-09-04,20250904132500000,sz.000968,6.8900,6.9000,6.8800,6.8900,35500,244564.0000,3
2025-09-04,20250904133000000,sz.000968,6.8900,6.8900,6.8700,6.8700,146700,1009448.0000,3
2025-09-04,20250904133500000,sz.000968,6.8800,6.8800,6.8600,6.8700,57900,397752.0000,3
2025-09-04,20250904134000000,sz.000968,6.8700,6.8800,6.8600,6.8800,110500,759216.0000,3
2025-09-04,20250904134500000,sz.000968,6.8800,6.8800,6.8700,6.8800,177400,1219612.0000,3
2025-09-04,20250904135000000,sz.000968,6.8800,6.8900,6.8700,6.8800,141500,973500.0000,3
2025-09-04,20250904135500000,sz.000968,6.8800,6.9000,6.8700,6.8900,161600,1112888.0000,3
2025-09-04,20250904140000000,sz.000968,6.9000,6.9000,6.8900,6.9000,116500,803148.0000,3
2025-09-04,20250904140500000,sz.000968,6.9000,6.9000,6.8800,6.8900,123700,852052.0000,3
2025-09-04,20250904141000000,sz.000968,6.8900,6.8900,6.8600,6.8700,86200,592364.0000,3
2025-09-04,20250904141500000,sz.000968,6.8600,6.8700,6.8400,6.8500,265100,1816532.0000,3
2025-09-04,20250904142000000,sz.000968,6.8500,6.8600,6.8400,6.8600,77700,532120.0000,3
2025-09-04,20250904142500000,sz.000968,6.8500,6.8600,6.8300,6.8500,222600,1523016.0000,3
2025-09-04,20250904143000000,sz.000968,6.8500,6.8500,6.8300,6.8500,99900,683288.0000,3
2025-09-04,20250904143500000,sz.000968,6.8400,6.8500,6.8200,6.8300,191200,1305712.0000,3
2025-09-04,20250904144000000,sz.000968,6.8300,6.8400,6.8100,6.8300,563900,3844824.0000,3
2025-09-04,20250904144500000,sz.000968,6.8400,6.8500,6.8300,6.8500,165100,1129104.0000,3
2025-09-04,20250904145000000,sz.000968,6.8400,6.8500,6.8300,6.8400,211400,1445792.0000,3
2025-09-04,20250904145500000,sz.000968,6.8400,6.8700,6.8400,6.8700,361200,2475504.0000,3
2025-09-04,20250904150000000,sz.000968,6.8700,6.8800,6.8600,6.8800,254300,1747952.0000,3
2025-09-05,20250905093500000,sz.000968,6.8700,6.8700,6.8300,6.8500,373300,2558448.0000,3
2025-09-05,20250905094000000,sz.000968,6.8600,6.8800,6.8500,6.8500,362600,2488684.0000,3
2025-09-05,20250905094500000,sz.000968,6.8600,6.8600,6.8400,6.8500,222600,1525427.0000,3
2025-09-05,20250905095000000,sz.000968,6.8400,6.8500,6.8300,6.8300,335700,2295607.0000,3
2025-09-05,20250905095500000,sz.000968,6.8400,6.8500,6.8300,6.8400,261100,1786940.0000,3
2025-09-05,20250905100000000,sz.000968,6.8500,6.8600,6.8400,6.8500,191200,1309675.0000,3
2025-09-05,20250905100500000,sz.000968,6.8500,6.8600,6.8500,6.8600,176300,1209162.0000,3
2025-09-05,20250905101000000,sz.000968,6.8600,6.8600,6.8500,6.8500,72800,498948.0000,3
2025-09-05,20250905101500000,sz.000968,6.8600,6.8600,6.8500,6.8500,67100,459964.0000,3
2025-09-05,20250905102000000,sz.000968,6.8600,6.8600,6.8500,6.8500,90300,619025.0000,3
2025-09-05,20250905102500000,sz.000968,6.8600,6.8600,6.8500,6.8600,65800,450970.0000,3
2025-09-05,20250905103000000,sz.000968,6.8600,6.8600,6.8500,6.8600,174900,1199586.0000,3
2025-09-05,20250905103500000,sz.000968,6.8600,6.8600,6.8500,6.8600,211800,1452508.0000,3
2025-09-05,20250905104000000,sz.000968,6.8600,6.8700,6.8600,6.8700,203000,1393348.0000,3
2025-09-05,20250905104500000,sz.000968,6.8700,6.8700,6.8500,6.8600,124700,855892.0000,3
2025-09-05,20250905105000000,sz.000968,6.8600,6.8700,6.8500,6.8600,286500,1965400.0000,3
2025-09-05,20250905105500000,sz.000968,6.8600,6.8700,6.8600,6.8700,67900,466260.0000,3
2025-09-05,20250905110000000,sz.000968,6.8700,6.8700,6.8600,6.8700,111400,764808.0000,3
2025-09-05,20250905110500000,sz.000968,6.8600,6.8700,6.8600,6.8700,72600,498494.0000,3
2025-09-05,20250905111000000,sz.000968,6.8700,6.8700,6.8600,6.8700,354800,2437224.0000,3
2025-09-05,20250905111500000,sz.000968,6.8700,6.8700,6.8600,6.8600,78800,541116.0000,3
2025-09-05,20250905112000000,sz.000968,6.8600,6.8600,6.8500,6.8600,419800,2878516.0000,3
2025-09-05,20250905112500000,sz.000968,6.8600,6.8600,6.8500,6.8500,100200,687270.0000,3
2025-09-05,20250905113000000,sz.000968,6.8500,6.8600,6.8500,6.8600,53100,364146.0000,3
2025-09-05,20250905130500000,sz.000968,6.8600,6.8600,6.8500,6.8500,205700,1410670.0000,3
2025-09-05,20250905131000000,sz.000968,6.8600,6.8600,6.8500,6.8600,60000,411602.0000,3
2025-09-05,20250905131500000,sz.000968,6.8600,6.8700,6.8600,6.8600,71200,488910.0000,3
2025-09-05,20250905132000000,sz.000968,6.8700,6.8700,6.8600,6.8700,42600,292484.0000,3
2025-09-05,20250905132500000,sz.000968,6.8600,6.8700,6.8600,6.8700,71100,487932.0000,3
2025-09-05,20250905133000000,sz.000968,6.8600,6.8700,6.8600,6.8700,135600,931212.0000,3
2025-09-05,20250905133500000,sz.000968,6.8700,6.8700,6.8600,6.8700,119500,820572.0000,3
2025-09-05,20250905134000000,sz.000968,6.8700,6.8900,6.8700,6.8800,213600,1469704.0000,3
2025-09-05,20250905134500000,sz.000968,6.8900,6.9000,6.8800,6.9000,139100,958580.0000,3
2025-09-05,20250905135000000,sz.000968,6.9000,6.9000,6.8900,6.9000,192300,1326560.0000,3
2025-09-05,20250905135500000,sz.000968,6.9000,6.9200,6.8900,6.9200,590700,4078588.0000,3
2025-09-05,20250905140000000,sz.000968,6.9100,6.9200,6.9000,6.9200,242700,1677496.0000,3
2025-09-05,20250905140500000,sz.000968,6.9200,6.9300,6.9100,6.9200,276000,1910100.0000,3
2025-09-05,20250905141000000,sz.000968,6.9300,6.9300,6.9200,6.9200,208000,1439984.0000,3
2025-09-05,20250905141500000,sz.000968,6.9200,6.9300,6.9100,6.9300,262900,1820060.0000,3
2025-09-05,20250905142000000,sz.000968,6.9300,6.9300,6.9200,6.9200,157000,1087096.0000,3
2025-09-05,20250905142500000,sz.000968,6.9300,6.9400,6.9200,6.9400,406000,2813380.0000,3
2025-09-05,20250905143000000,sz.000968,6.9400,6.9400,6.9200,6.9200,61600,426944.0000,3
2025-09-05,20250905143500000,sz.000968,6.9300,6.9300,6.9200,6.9200,84600,585972.0000,3
2025-09-05,20250905144000000,sz.000968,6.9300,6.9400,6.9300,6.9400,172700,1197644.0000,3
2025-09-05,20250905144500000,sz.000968,6.9400,6.9400,6.9300,6.9300,192700,1337124.0000,3
2025-09-05,20250905145000000,sz.000968,6.9400,6.9500,6.9300,6.9400,187500,1301592.0000,3
2025-09-05,20250905145500000,sz.000968,6.9300,6.9400,6.9300,6.9400,205300,1424148.0000,3
2025-09-05,20250905150000000,sz.000968,6.9400,6.9400,6.9300,6.9400,274600,1905164.0000,3
2025-09-08,20250908093500000,sz.000968,6.9300,6.9600,6.8900,6.9500,1571500,10895802.0000,3
2025-09-08,20250908094000000,sz.000968,6.9500,6.9700,6.9400,6.9600,751700,5230099.0000,3
2025-09-08,20250908094500000,sz.000968,6.9700,6.9800,6.9600,6.9700,582900,4063131.0000,3
2025-09-08,20250908095000000,sz.000968,6.9700,6.9900,6.9600,6.9800,673900,4704576.0000,3
2025-09-08,20250908095500000,sz.000968,6.9700,6.9800,6.9700,6.9700,231600,1615132.0000,3
2025-09-08,20250908100000000,sz.000968,6.9600,6.9800,6.9600,6.9700,209200,1458384.0000,3
2025-09-08,20250908100500000,sz.000968,6.9700,6.9900,6.9700,6.9900,571100,3987880.0000,3
2025-09-08,20250908101000000,sz.000968,6.9900,7.0000,6.9800,6.9900,339200,2370044.0000,3
2025-09-08,20250908101500000,sz.000968,6.9800,7.0100,6.9800,7.0000,509000,3561704.0000,3
2025-09-08,20250908102000000,sz.000968,6.9900,7.0000,6.9800,6.9800,277900,1943432.0000,3
2025-09-08,20250908102500000,sz.000968,6.9800,7.0000,6.9800,6.9900,244400,1708700.0000,3
2025-09-08,20250908103000000,sz.000968,7.0000,7.0000,6.9800,6.9800,193900,1355812.0000,3
2025-09-08,20250908103500000,sz.000968,6.9800,7.0000,6.9800,7.0000,206800,1446592.0000,3
2025-09-08,20250908104000000,sz.000968,6.9900,7.0100,6.9900,7.0000,468100,3279656.0000,3
2025-09-08,20250908104500000,sz.000968,6.9900,7.0000,6.9800,6.9900,411000,2873420.0000,3
2025-09-08,20250908105000000,sz.000968,6.9800,6.9900,6.9700,6.9700,354600,2475028.0000,3
2025-09-08,20250908105500000,sz.000968,6.9700,6.9900,6.9700,6.9700,65000,453452.0000,3
2025-09-08,20250908110000000,sz.000968,6.9800,6.9800,6.9700,6.9700,85800,598212.0000,3
2025-09-08,20250908110500000,sz.000968,6.9700,6.9800,6.9700,6.9700,78800,549616.0000,3
2025-09-08,20250908111000000,sz.000968,6.9700,6.9800,6.9700,6.9700,141800,988432.0000,3
2025-09-08,20250908111500000,sz.000968,6.9700,6.9800,6.9700,6.9800,78300,545832.0000,3
2025-09-08,20250908112000000,sz.000968,6.9700,6.9800,6.9700,6.9800,34800,242592.0000,3
2025-09-08,20250908112500000,sz.000968,6.9700,6.9900,6.9700,6.9700,162600,1134688.0000,3
2025-09-08,20250908113000000,sz.000968,6.9800,6.9900,6.9700,6.9900,68000,474848.0000,3
2025-09-08,20250908130500000,sz.000968,6.9900,7.0000,6.9800,6.9800,146900,1026564.0000,3
2025-09-08,20250908131000000,sz.000968,6.9800,6.9900,6.9700,6.9800,208300,1453272.0000,3
2025-09-08,20250908131500000,sz.000968,6.9800,7.0300,6.9800,7.0200,1061700,7447844.0000,3
2025-09-08,20250908132000000,sz.000968,7.0300,7.0300,7.0200,7.0200,235700,1656496.0000,3
2025-09-08,20250908132500000,sz.000968,7.0200,7.0700,7.0200,7.0700,932700,6573616.0000,3
2025-09-08,20250908133000000,sz.000968,7.0600,7.0700,7.0400,7.0400,286300,2021704.0000,3
2025-09-08,20250908133500000,sz.000968,7.0400,7.0500,7.0400,7.0400,34500,243024.0000,3
2025-09-08,20250908134000000,sz.000968,7.0400,7.0500,7.0400,7.0500,211800,1491440.0000,3
2025-09-08,20250908134500000,sz.000968,7.0400,7.0500,7.0400,7.0400,85800,604272.0000,3
2025-09-08,20250908135000000,sz.000968,7.0400,7.0500,7.0400,7.0400,140500,990032.0000,3
2025-09-08,20250908135500000,sz.000968,7.0500,7.0500,7.0400,7.0500,98800,696296.0000,3
2025-09-08,20250908140000000,sz.000968,7.0400,7.0500,7.0400,7.0400,64200,452312.0000,3
2025-09-08,20250908140500000,sz.000968,7.0400,7.0600,7.0400,7.0600,186700,1315856.0000,3
2025-09-08,20250908141000000,sz.000968,7.0500,7.0600,7.0400,7.0500,134700,949216.0000,3
2025-09-08,20250908141500000,sz.000968,7.0400,7.0500,7.0400,7.0500,47400,334040.0000,3
2025-09-08,20250908142000000,sz.000968,7.0500,7.0600,7.0400,7.0600,91100,642016.0000,3
2025-09-08,20250908142500000,sz.000968,7.0500,7.0600,7.0400,7.0600,89100,628224.0000,3
2025-09-08,20250908143000000,sz.000968,7.0600,7.0600,7.0500,7.0600,74300,524480.0000,3
2025-09-08,20250908143500000,sz.000968,7.0500,7.0600,7.0400,7.0500,260900,1839520.0000,3
2025-09-08,20250908144000000,sz.000968,7.0600,7.0600,7.0500,7.0500,207400,1463064.0000,3
2025-09-08,20250908144500000,sz.000968,7.0500,7.0600,7.0500,7.0600,308900,2178416.0000,3
2025-09-08,20250908145000000,sz.000968,7.0600,7.0600,7.0400,7.0500,288300,2032168.0000,3
2025-09-08,20250908145500000,sz.000968,7.0400,7.0600,7.0400,7.0500,263000,1853488.0000,3
2025-09-08,20250908150000000,sz.000968,7.0500,7.0600,7.0500,7.0500,396900,2798536.0000,3
2025-09-09,20250909093500000,sz.000968,7.0400,7.0400,7.0000,7.0100,352600,2474377.0000,3
2025-09-09,20250909094000000,sz.000968,7.0100,7.0400,7.0100,7.0400,224700,1577485.0000,3
2025-09-09,20250909094500000,sz.000968,7.0400,7.0400,7.0200,7.0200,141500,994247.0000,3
2025-09-09,20250909095000000,sz.000968,7.0200,7.0300,7.0200,7.0200,185400,1301949.0000,3
2025-09-09,20250909095500000,sz.000968,7.0300,7.0400,7.0100,7.0100,251900,1769794.0000,3
2025-09-09,20250909100000000,sz.000968,7.0100,7.0200,7.0100,7.0100,117200,822127.0000,3
2025-09-09,20250909100500000,sz.000968,7.0100,7.0200,7.0000,7.0000,322600,2261229.0000,3
2025-09-09,20250909101000000,sz.000968,7.0100,7.0200,7.0000,7.0100,87500,613383.0000,3
2025-09-09,20250909101500000,sz.000968,7.0100,7.0300,7.0100,7.0300,185900,1304718.0000,3
2025-09-09,20250909102000000,sz.000968,7.0200,7.0300,7.0200,7.0200,170400,1196919.0000,3
2025-09-09,20250909102500000,sz.000968,7.0200,7.0300,7.0100,7.0200,173200,1215265.0000,3
2025-09-09,20250909103000000,sz.000968,7.0200,7.0300,7.0200,7.0200,86600,608099.0000,3
2025-09-09,20250909103500000,sz.000968,7.0100,7.0300,7.0100,7.0200,115100,807972.0000,3
2025-09-09,20250909104000000,sz.000968,7.0200,7.0200,7.0100,7.0100,147700,1036108.0000,3
2025-09-09,20250909104500000,sz.000968,7.0100,7.0200,7.0000,7.0100,386400,2707028.0000,3
2025-09-09,20250909105000000,sz.000968,7.0100,7.0200,7.0000,7.0200,110000,771100.0000,3
2025-09-09,20250909105500000,sz.000968,7.0100,7.0100,7.0000,7.0000,167300,1172124.0000,3
2025-09-09,20250909110000000,sz.000968,7.0000,7.0200,7.0000,7.0100,148500,1040648.0000,3
2025-09-09,20250909110500000,sz.000968,7.0100,7.0100,7.0000,7.0000,56900,398352.0000,3
2025-09-09,20250909111000000,sz.000968,7.0000,7.0100,6.9900,6.9900,148400,1038586.0000,3
2025-09-09,20250909111500000,sz.000968,6.9900,7.0000,6.9900,6.9900,72300,505436.0000,3
2025-09-09,20250909112000000,sz.000968,6.9900,7.0000,6.9800,6.9900,131300,917770.0000,3
2025-09-09,20250909112500000,sz.000968,6.9800,7.0000,6.9800,7.0000,153100,1070192.0000,3
2025-09-09,20250909113000000,sz.000968,6.9900,6.9900,6.9800,6.9800,94800,662162.0000,3
2025-09-09,20250909130500000,sz.000968,6.9900,6.9900,6.9800,6.9800,127200,888428.0000,3
2025-09-09,20250909131000000,sz.000968,6.9800,6.9900,6.9800,6.9800,57600,402266.0000,3
2025-09-09,20250909131500000,sz.000968,6.9800,6.9800,6.9700,6.9800,143700,1002734.0000,3
2025-09-09,20250909132000000,sz.000968,6.9700,6.9700,6.9600,6.9700,248200,1728518.0000,3
2025-09-09,20250909132500000,sz.000968,6.9700,6.9700,6.9500,6.9500,153500,1068472.0000,3
2025-09-09,20250909133000000,sz.000968,6.9500,6.9700,6.9500,6.9700,193100,1344104.0000,3
2025-09-09,20250909133500000,sz.000968,6.9700,6.9800,6.9600,6.9600,164500,1145928.0000,3
2025-09-09,20250909134000000,sz.000968,6.9600,6.9700,6.9500,6.9600,245900,1711704.0000,3
2025-09-09,20250909134500000,sz.000968,6.9600,6.9700,6.9600,6.9700,41400,288220.0000,3
2025-09-09,20250909135000000,sz.000968,6.9600,6.9600,6.9500,6.9500,84100,584940.0000,3
2025-09-09,20250909135500000,sz.000968,6.9600,6.9900,6.9600,6.9900,224300,1564352.0000,3
2025-09-09,20250909140000000,sz.000968,6.9800,6.9900,6.9700,6.9800,78400,547084.0000,3
2025-09-09,20250909140500000,sz.000968,6.9700,6.9900,6.9600,6.9900,108200,754240.0000,3
2025-09-09,20250909141000000,sz.000968,6.9900,7.0000,6.9700,6.9800,193200,1349728.0000,3
2025-09-09,20250909141500000,sz.000968,6.9800,7.0000,6.9800,7.0000,70300,491356.0000,3
2025-09-09,20250909142000000,sz.000968,7.0000,7.0100,6.9900,7.0000,132800,929852.0000,3
2025-09-09,20250909142500000,sz.000968,7.0000,7.0000,6.9900,6.9900,67300,470560.0000,3
2025-09-09,20250909143000000,sz.000968,7.0000,7.0000,6.9800,6.9900,65400,457180.0000,3
2025-09-09,20250909143500000,sz.000968,6.9900,6.9900,6.9700,6.9700,131700,919948.0000,3
2025-09-09,20250909144000000,sz.000968,6.9800,7.0000,6.9800,6.9900,42800,299096.0000,3
2025-09-09,20250909144500000,sz.000968,6.9900,7.0000,6.9900,7.0000,83600,584636.0000,3
2025-09-09,20250909145000000,sz.000968,6.9900,7.0000,6.9900,6.9900,145000,1013860.0000,3
2025-09-09,20250909145500000,sz.000968,6.9900,7.0000,6.9900,7.0000,117700,823464.0000,3
2025-09-09,20250909150000000,sz.000968,7.0000,7.0100,6.9900,7.0100,325100,2277420.0000,3
2025-09-10,20250910093500000,sz.000968,7.0100,7.0800,7.0100,7.0400,1033000,7274754.0000,3
2025-09-10,20250910094000000,sz.000968,7.0400,7.0500,7.0200,7.0200,350400,2464597.0000,3
2025-09-10,20250910094500000,sz.000968,7.0300,7.0500,7.0300,7.0500,272300,1918117.0000,3
2025-09-10,20250910095000000,sz.000968,7.0500,7.0700,7.0500,7.0600,369400,2607776.0000,3
2025-09-10,20250910095500000,sz.000968,7.0600,7.0700,7.0500,7.0600,176200,1243195.0000,3
2025-09-10,20250910100000000,sz.000968,7.0500,7.0600,7.0400,7.0500,235000,1656787.0000,3
2025-09-10,20250910100500000,sz.000968,7.0500,7.0700,7.0400,7.0700,327400,2312522.0000,3
2025-09-10,20250910101000000,sz.000968,7.0700,7.1000,7.0600,7.0800,1140800,8081622.0000,3
2025-09-10,20250910101500000,sz.000968,7.0700,7.0900,7.0600,7.0900,536400,3796230.0000,3
2025-09-10,20250910102000000,sz.000968,7.0900,7.0900,7.0700,7.0900,289400,2048988.0000,3
2025-09-10,20250910102500000,sz.000968,7.0800,7.1000,7.0800,7.0900,628800,4459424.0000,3
2025-09-10,20250910103000000,sz.000968,7.0900,7.1000,7.0800,7.0900,1025500,7277172.0000,3
2025-09-10,20250910103500000,sz.000968,7.0800,7.0800,7.0700,7.0800,460000,3256732.0000,3
2025-09-10,20250910104000000,sz.000968,7.0800,7.0800,7.0700,7.0700,317400,2244512.0000,3
2025-09-10,20250910104500000,sz.000968,7.0700,7.0800,7.0600,7.0800,136200,963240.0000,3
2025-09-10,20250910105000000,sz.000968,7.0800,7.0900,7.0700,7.0900,229000,1620876.0000,3
2025-09-10,20250910105500000,sz.000968,7.0900,7.0900,7.0800,7.0900,55500,393148.0000,3
2025-09-10,20250910110000000,sz.000968,7.0900,7.0900,7.0800,7.0900,128300,908660.0000,3
2025-09-10,20250910110500000,sz.000968,7.0800,7.1000,7.0800,7.1000,246600,1748368.0000,3
2025-09-10,20250910111000000,sz.000968,7.0900,7.1000,7.0900,7.0900,85200,604308.0000,3
2025-09-10,20250910111500000,sz.000968,7.1000,7.1000,7.0900,7.1000,31500,223440.0000,3
2025-09-10,20250910112000000,sz.000968,7.1000,7.1000,7.0800,7.0900,221900,1573148.0000,3
2025-09-10,20250910112500000,sz.000968,7.0900,7.0900,7.0800,7.0900,99000,701696.0000,3
2025-09-10,20250910113000000,sz.000968,7.0900,7.0900,7.0800,7.0900,160900,1140256.0000,3
2025-09-10,20250910130500000,sz.000968,7.0900,7.1000,7.0800,7.0900,424200,3007388.0000,3
2025-09-10,20250910131000000,sz.000968,7.0900,7.0900,7.0800,7.0800,58900,417404.0000,3
2025-09-10,20250910131500000,sz.000968,7.0800,7.0900,7.0700,7.0700,265300,1878824.0000,3
2025-09-10,20250910132000000,sz.000968,7.0800,7.0800,7.0600,7.0600,137000,968284.0000,3
2025-09-10,20250910132500000,sz.000968,7.0600,7.0800,7.0600,7.0700,96100,679860.0000,3
2025-09-10,20250910133000000,sz.000968,7.0800,7.0800,7.0700,7.0700,145500,1029896.0000,3
2025-09-10,20250910133500000,sz.000968,7.0800,7.0800,7.0700,7.0700,42100,297896.0000,3
2025-09-10,20250910134000000,sz.000968,7.0700,7.0800,7.0700,7.0800,78600,555808.0000,3
2025-09-10,20250910134500000,sz.000968,7.0800,7.0800,7.0700,7.0700,118100,835728.0000,3
2025-09-10,20250910135000000,sz.000968,7.0700,7.0800,7.0600,7.0600,77000,544408.0000,3
2025-09-10,20250910135500000,sz.000968,7.0700,7.0800,7.0700,7.0800,121700,861544.0000,3
2025-09-10,20250910140000000,sz.000968,7.0900,7.0900,7.0800,7.0800,23600,167176.0000,3
2025-09-10,20250910140500000,sz.000968,7.0900,7.0900,7.0800,7.0900,62600,443752.0000,3
2025-09-10,20250910141000000,sz.000968,7.0900,7.1000,7.0800,7.1000,218500,1549400.0000,3
2025-09-10,20250910141500000,sz.000968,7.0900,7.0900,7.0800,7.0900,237000,1680272.0000,3
2025-09-10,20250910142000000,sz.000968,7.0900,7.1000,7.0800,7.0900,376000,2666328.0000,3
2025-09-10,20250910142500000,sz.000968,7.0900,7.1000,7.0900,7.0900,83700,593552.0000,3
2025-09-10,20250910143000000,sz.000968,7.0900,7.1000,7.0900,7.0900,191100,1356424.0000,3
2025-09-10,20250910143500000,sz.000968,7.1000,7.1000,7.0900,7.1000,157600,1117928.0000,3
2025-09-10,20250910144000000,sz.000968,7.0900,7.1000,7.0800,7.0900,281700,1997240.0000,3
2025-09-10,20250910144500000,sz.000968,7.1000,7.1000,7.0800,7.0900,84400,598208.0000,3
2025-09-10,20250910145000000,sz.000968,7.0900,7.1500,7.0800,7.1300,2189900,15584864.0000,3
2025-09-10,20250910145500000,sz.000968,7.1300,7.1600,7.1200,7.1300,2303200,16457048.0000,3
2025-09-10,20250910150000000,sz.000968,7.1300,7.1400,7.1200,7.1200,570700,4068080.0000,3
2025-09-11,20250911093500000,sz.000968,7.0900,7.0900,7.0400,7.0400,1401300,9894867.0000,3
2025-09-11,20250911094000000,sz.000968,7.0400,7.0800,7.0300,7.0500,621800,4382816.0000,3
2025-09-11,20250911094500000,sz.000968,7.0400,7.0400,7.0300,7.0400,667700,4697117.0000,3
2025-09-11,20250911095000000,sz.000968,7.0400,7.0400,7.0100,7.0100,721200,5066302.0000,3
2025-09-11,20250911095500000,sz.000968,7.0200,7.0200,7.0000,7.0100,477200,3344978.0000,3
2025-09-11,20250911100000000,sz.000968,7.0100,7.0200,7.0000,7.0200,350300,2456076.0000,3
2025-09-11,20250911100500000,sz.000968,7.0100,7.0200,7.0100,7.0200,228300,1602028.0000,3
2025-09-11,20250911101000000,sz.000968,7.0200,7.0300,7.0100,7.0200,273200,1916726.0000,3
2025-09-11,20250911101500000,sz.000968,7.0200,7.0200,7.0100,7.0100,412400,2891298.0000,3
2025-09-11,20250911102000000,sz.000968,7.0100,7.0100,6.9800,6.9800,974900,6823008.0000,3
2025-09-11,20250911102500000,sz.000968,6.9900,7.0000,6.9800,6.9900,214000,1495188.0000,3
2025-09-11,20250911103000000,sz.000968,6.9900,7.0000,6.9900,6.9900,300800,2102812.0000,3
2025-09-11,20250911103500000,sz.000968,6.9900,7.0100,6.9900,7.0000,217100,1519916.0000,3
2025-09-11,20250911104000000,sz.000968,7.0000,7.0100,6.9900,7.0000,193500,1354348.0000,3
2025-09-11,20250911104500000,sz.000968,7.0000,7.0100,6.9900,7.0100,107600,753104.0000,3
2025-09-11,20250911105000000,sz.000968,7.0000,7.0000,6.9900,7.0000,50500,353208.0000,3
2025-09-11,20250911105500000,sz.000968,6.9900,7.0000,6.9900,7.0000,162100,1133424.0000,3
2025-09-11,20250911110000000,sz.000968,6.9900,7.0100,6.9900,7.0000,234800,1644636.0000,3
2025-09-11,20250911110500000,sz.000968,7.0100,7.0200,7.0000,7.0100,150300,1053396.0000,3
2025-09-11,20250911111000000,sz.000968,7.0100,7.0100,7.0000,7.0100,95900,672044.0000,3
2025-09-11,20250911111500000,sz.000968,7.0100,7.0100,7.0000,7.0100,146700,1027652.0000,3
2025-09-11,20250911112000000,sz.000968,7.0000,7.0200,7.0000,7.0200,285200,1998492.0000,3
2025-09-11,20250911112500000,sz.000968,7.0100,7.0200,7.0100,7.0100,89600,628884.0000,3
2025-09-11,20250911113000000,sz.000968,7.0200,7.0400,7.0100,7.0300,357200,2509476.0000,3
2025-09-11,20250911130500000,sz.000968,7.0300,7.0300,7.0200,7.0200,321100,2256476.0000,3
2025-09-11,20250911131000000,sz.000968,7.0200,7.0400,7.0200,7.0300,197100,1385356.0000,3
2025-09-11,20250911131500000,sz.000968,7.0400,7.0400,7.0200,7.0300,154400,1085620.0000,3
2025-09-11,20250911132000000,sz.000968,7.0300,7.0300,7.0200,7.0200,90400,634828.0000,3
2025-09-11,20250911132500000,sz.000968,7.0300,7.0300,7.0200,7.0300,137000,962820.0000,3
2025-09-11,20250911133000000,sz.000968,7.0200,7.0300,7.0200,7.0200,248200,1743424.0000,3
2025-09-11,20250911133500000,sz.000968,7.0300,7.0300,7.0100,7.0100,119100,836000.0000,3
2025-09-11,20250911134000000,sz.000968,7.0100,7.0200,7.0100,7.0100,165400,1160744.0000,3
2025-09-11,20250911134500000,sz.000968,7.0200,7.0200,7.0100,7.0100,216800,1520824.0000,3
2025-09-11,20250911135000000,sz.000968,7.0100,7.0200,7.0000,7.0000,256100,1795248.0000,3
2025-09-11,20250911135500000,sz.000968,7.0100,7.0100,7.0000,7.0000,146200,1024208.0000,3
2025-09-11,20250911140000000,sz.000968,7.0000,7.0200,7.0000,7.0100,212400,1488544.0000,3
2025-09-11,20250911140500000,sz.000968,7.0200,7.0300,7.0100,7.0200,227900,1599528.0000,3
2025-09-11,20250911141000000,sz.000968,7.0200,7.0200,7.0100,7.0200,145800,1023208.0000,3
2025-09-11,20250911141500000,sz.000968,7.0200,7.0200,7.0100,7.0100,76400,536040.0000,3
2025-09-11,20250911142000000,sz.000968,7.0200,7.0200,7.0100,7.0200,108400,760816.0000,3
2025-09-11,20250911142500000,sz.000968,7.0200,7.0300,7.0200,7.0200,172800,1213120.0000,3
2025-09-11,20250911143000000,sz.000968,7.0300,7.0300,7.0200,7.0300,185400,1302120.0000,3
2025-09-11,20250911143500000,sz.000968,7.0300,7.0400,7.0200,7.0400,214000,1504872.0000,3
2025-09-11,20250911144000000,sz.000968,7.0300,7.0500,7.0300,7.0400,268000,1886248.0000,3
2025-09-11,20250911144500000,sz.000968,7.0400,7.0500,7.0400,7.0500,305900,2156248.0000,3
2025-09-11,20250911145000000,sz.000968,7.0400,7.0600,7.0400,7.0600,624600,4405304.0000,3
2025-09-11,20250911145500000,sz.000968,7.0600,7.0700,7.0500,7.0600,392500,2769992.0000,3
2025-09-11,20250911150000000,sz.000968,7.0600,7.0600,7.0500,7.0600,325500,2297240.0000,3
2025-09-12,20250912093500000,sz.000968,7.0400,7.0400,7.0100,7.0400,721500,5067630.0000,3
2025-09-12,20250912094000000,sz.000968,7.0300,7.0400,7.0200,7.0200,447600,3145646.0000,3
2025-09-12,20250912094500000,sz.000968,7.0200,7.0300,7.0100,7.0300,347400,2439212.0000,3
2025-09-12,20250912095000000,sz.000968,7.0200,7.0300,7.0100,7.0100,207400,1455877.0000,3
2025-09-12,20250912095500000,sz.000968,7.0100,7.0200,7.0100,7.0100,290700,2038184.0000,3
2025-09-12,20250912100000000,sz.000968,7.0100,7.0200,7.0100,7.0100,203900,1429924.0000,3
2025-09-12,20250912100500000,sz.000968,7.0100,7.0200,7.0000,7.0100,402600,2821513.0000,3
2025-09-12,20250912101000000,sz.000968,7.0100,7.0200,7.0000,7.0100,311500,2183552.0000,3
2025-09-12,20250912101500000,sz.000968,7.0100,7.0200,7.0100,7.0100,123300,864646.0000,3
2025-09-12,20250912102000000,sz.000968,7.0100,7.0200,7.0100,7.0100,85500,599790.0000,3
2025-09-12,20250912102500000,sz.000968,7.0100,7.0300,7.0100,7.0300,152600,1071000.0000,3
2025-09-12,20250912103000000,sz.000968,7.0200,7.0400,7.0200,7.0400,195600,1375072.0000,3
2025-09-12,20250912103500000,sz.000968,7.0300,7.0400,7.0300,7.0300,193300,1359516.0000,3
2025-09-12,20250912104000000,sz.000968,7.0300,7.0600,7.0300,7.0400,438700,3090310.0000,3
2025-09-12,20250912104500000,sz.000968,7.0500,7.0500,7.0400,7.0500,150600,1061334.0000,3
2025-09-12,20250912105000000,sz.000968,7.0400,7.0500,7.0300,7.0400,124000,872456.0000,3
2025-09-12,20250912105500000,sz.000968,7.0300,7.0400,7.0200,7.0300,96200,676346.0000,3
2025-09-12,20250912110000000,sz.000968,7.0300,7.0300,7.0100,7.0200,273500,1920404.0000,3
2025-09-12,20250912110500000,sz.000968,7.0200,7.0200,7.0100,7.0200,89100,624868.0000,3
2025-09-12,20250912111000000,sz.000968,7.0200,7.0200,7.0100,7.0200,83400,585104.0000,3
2025-09-12,20250912111500000,sz.000968,7.0200,7.0300,7.0200,7.0300,79500,558172.0000,3
2025-09-12,20250912112000000,sz.000968,7.0200,7.0300,7.0200,7.0300,34800,244356.0000,3
2025-09-12,20250912112500000,sz.000968,7.0200,7.0300,7.0200,7.0200,40900,287300.0000,3
2025-09-12,20250912113000000,sz.000968,7.0200,7.0400,7.0200,7.0300,131800,927060.0000,3
2025-09-12,20250912130500000,sz.000968,7.0300,7.0500,7.0300,7.0400,210300,1480120.0000,3
2025-09-12,20250912131000000,sz.000968,7.0500,7.0500,7.0300,7.0300,67900,477912.0000,3
2025-09-12,20250912131500000,sz.000968,7.0300,7.0400,7.0200,7.0200,49400,347176.0000,3
2025-09-12,20250912132000000,sz.000968,7.0300,7.0400,7.0200,7.0300,86300,606620.0000,3
2025-09-12,20250912132500000,sz.000968,7.0300,7.0300,7.0200,7.0300,57200,401972.0000,3
2025-09-12,20250912133000000,sz.000968,7.0300,7.0300,7.0200,7.0200,76300,535792.0000,3
2025-09-12,20250912133500000,sz.000968,7.0300,7.0300,7.0200,7.0200,280900,1972196.0000,3
2025-09-12,20250912134000000,sz.000968,7.0200,7.0200,7.0100,7.0100,35900,251900.0000,3
2025-09-12,20250912134500000,sz.000968,7.0200,7.0200,7.0100,7.0200,118500,831504.0000,3
2025-09-12,20250912135000000,sz.000968,7.0200,7.0200,7.0100,7.0200,56800,398304.0000,3
2025-09-12,20250912135500000,sz.000968,7.0200,7.0200,7.0100,7.0100,67100,470608.0000,3
2025-09-12,20250912140000000,sz.000968,7.0200,7.0200,7.0100,7.0200,223100,1565628.0000,3
2025-09-12,20250912140500000,sz.000968,7.0200,7.0300,7.0100,7.0200,142900,1002260.0000,3
2025-09-12,20250912141000000,sz.000968,7.0200,7.0200,7.0100,7.0100,118200,829652.0000,3
2025-09-12,20250912141500000,sz.000968,7.0200,7.0200,7.0100,7.0200,101700,713460.0000,3
2025-09-12,20250912142000000,sz.000968,7.0200,7.0200,7.0100,7.0100,25500,178840.0000,3
2025-09-12,20250912142500000,sz.000968,7.0200,7.0200,7.0100,7.0100,111200,780272.0000,3
2025-09-12,20250912143000000,sz.000968,7.0200,7.0200,7.0000,7.0200,352000,2467528.0000,3
2025-09-12,20250912143500000,sz.000968,7.0200,7.0200,7.0100,7.0100,210600,1476848.0000,3
2025-09-12,20250912144000000,sz.000968,7.0200,7.0200,7.0100,7.0100,149600,1049456.0000,3
2025-09-12,20250912144500000,sz.000968,7.0200,7.0200,7.0000,7.0100,262400,1839380.0000,3
2025-09-12,20250912145000000,sz.000968,7.0100,7.0200,7.0000,7.0100,277200,1943616.0000,3
2025-09-12,20250912145500000,sz.000968,7.0100,7.0200,7.0100,7.0200,98400,690284.0000,3
2025-09-12,20250912150000000,sz.000968,7.0100,7.0200,7.0100,7.0100,137400,963728.0000,3
2025-09-15,20250915093500000,sz.000968,7.0300,7.0500,7.0000,7.0400,919000,6457421.0000,3
2025-09-15,20250915094000000,sz.000968,7.0400,7.0400,7.0100,7.0200,263000,1848055.0000,3
2025-09-15,20250915094500000,sz.000968,7.0200,7.0200,6.9900,7.0100,599400,4199667.0000,3
2025-09-15,20250915095000000,sz.000968,7.0000,7.0300,7.0000,7.0100,137500,964635.0000,3
2025-09-15,20250915095500000,sz.000968,7.0100,7.0200,7.0100,7.0100,105000,736742.0000,3
2025-09-15,20250915100000000,sz.000968,7.0100,7.0300,7.0100,7.0200,203100,1425141.0000,3
2025-09-15,20250915100500000,sz.000968,7.0200,7.0200,7.0000,7.0000,150100,1052096.0000,3
2025-09-15,20250915101000000,sz.000968,7.0000,7.0100,7.0000,7.0000,62300,436291.0000,3
2025-09-15,20250915101500000,sz.000968,7.0000,7.0100,7.0000,7.0000,120900,847124.0000,3
2025-09-15,20250915102000000,sz.000968,7.0000,7.0000,6.9900,7.0000,432200,3024272.0000,3
2025-09-15,20250915102500000,sz.000968,6.9900,7.0000,6.9900,7.0000,148800,1040328.0000,3
2025-09-15,20250915103000000,sz.000968,7.0000,7.0100,6.9900,7.0100,80100,560706.0000,3
2025-09-15,20250915103500000,sz.000968,7.0000,7.0100,6.9900,7.0100,121600,851138.0000,3
2025-09-15,20250915104000000,sz.000968,7.0000,7.0100,6.9900,7.0100,39600,277202.0000,3
2025-09-15,20250915104500000,sz.000968,7.0000,7.0100,7.0000,7.0100,72100,504974.0000,3
2025-09-15,20250915105000000,sz.000968,7.0000,7.0100,7.0000,7.0000,55500,388540.0000,3
2025-09-15,20250915105500000,sz.000968,7.0000,7.0100,7.0000,7.0100,45600,319356.0000,3
2025-09-15,20250915110000000,sz.000968,7.0000,7.0100,7.0000,7.0000,33800,236724.0000,3
2025-09-15,20250915110500000,sz.000968,7.0000,7.0100,7.0000,7.0000,33800,236642.0000,3
2025-09-15,20250915111000000,sz.000968,7.0100,7.0200,7.0000,7.0100,217400,1523930.0000,3
2025-09-15,20250915111500000,sz.000968,7.0100,7.0400,7.0100,7.0300,421000,2958164.0000,3
2025-09-15,20250915112000000,sz.000968,7.0300,7.0400,7.0200,7.0200,129500,910524.0000,3
2025-09-15,20250915112500000,sz.000968,7.0200,7.0300,7.0200,7.0200,40600,285184.0000,3
2025-09-15,20250915113000000,sz.000968,7.0200,7.0600,7.0200,7.0500,616000,4341352.0000,3
2025-09-15,20250915130500000,sz.000968,7.0600,7.0600,7.0300,7.0400,272400,1919932.0000,3
2025-09-15,20250915131000000,sz.000968,7.0400,7.0400,7.0300,7.0300,55200,388284.0000,3
2025-09-15,20250915131500000,sz.000968,7.0400,7.0400,7.0300,7.0300,53000,373012.0000,3
2025-09-15,20250915132000000,sz.000968,7.0300,7.0400,7.0300,7.0300,29700,208956.0000,3
2025-09-15,20250915132500000,sz.000968,7.0300,7.0400,7.0300,7.0300,36700,258224.0000,3
2025-09-15,20250915133000000,sz.000968,7.0300,7.0400,7.0300,7.0300,89100,626876.0000,3
2025-09-15,20250915133500000,sz.000968,7.0300,7.0400,7.0300,7.0300,50200,353156.0000,3
2025-09-15,20250915134000000,sz.000968,7.0400,7.0400,7.0300,7.0300,104100,732548.0000,3
2025-09-15,20250915134500000,sz.000968,7.0300,7.0500,7.0300,7.0400,81800,575716.0000,3
2025-09-15,20250915135000000,sz.000968,7.0400,7.0500,7.0300,7.0500,93600,659156.0000,3
2025-09-15,20250915135500000,sz.000968,7.0400,7.0400,7.0300,7.0300,48300,339932.0000,3
2025-09-15,20250915140000000,sz.000968,7.0400,7.0500,7.0300,7.0400,140700,990496.0000,3
2025-09-15,20250915140500000,sz.000968,7.0400,7.0500,7.0300,7.0300,150100,1056248.0000,3
2025-09-15,20250915141000000,sz.000968,7.0300,7.0400,7.0300,7.0300,309400,2175404.0000,3
2025-09-15,20250915141500000,sz.000968,7.0300,7.0500,7.0300,7.0400,134500,946688.0000,3
2025-09-15,20250915142000000,sz.000968,7.0500,7.0500,7.0300,7.0400,75100,528656.0000,3
2025-09-15,20250915142500000,sz.000968,7.0400,7.0500,7.0300,7.0400,209600,1475660.0000,3
2025-09-15,20250915143000000,sz.000968,7.0400,7.0500,7.0400,7.0500,54100,380968.0000,3
2025-09-15,20250915143500000,sz.000968,7.0400,7.0500,7.0400,7.0400,60200,424020.0000,3
2025-09-15,20250915144000000,sz.000968,7.0500,7.0500,7.0400,7.0400,212300,1495660.0000,3
2025-09-15,20250915144500000,sz.000968,7.0500,7.0500,7.0400,7.0400,155900,1097840.0000,3
2025-09-15,20250915145000000,sz.000968,7.0500,7.0500,7.0300,7.0400,184800,1300996.0000,3
2025-09-15,20250915145500000,sz.000968,7.0400,7.0500,7.0400,7.0400,265000,1866124.0000,3
2025-09-15,20250915150000000,sz.000968,7.0500,7.0500,7.0300,7.0500,240800,1696804.0000,3
2025-09-16,20250916093500000,sz.000968,7.0500,7.0700,7.0400,7.0600,485800,3427009.0000,3
2025-09-16,20250916094000000,sz.000968,7.0500,7.0700,7.0500,7.0500,367600,2594950.0000,3
2025-09-16,20250916094500000,sz.000968,7.0600,7.0700,7.0400,7.0500,426700,3009412.0000,3
2025-09-16,20250916095000000,sz.000968,7.0400,7.0500,7.0300,7.0400,334700,2356239.0000,3
2025-09-16,20250916095500000,sz.000968,7.0400,7.0400,7.0300,7.0300,152600,1073511.0000,3
2025-09-16,20250916100000000,sz.000968,7.0300,7.0400,7.0300,7.0400,246000,1730744.0000,3
2025-09-16,20250916100500000,sz.000968,7.0400,7.0400,7.0200,7.0300,236100,1659558.0000,3
2025-09-16,20250916101000000,sz.000968,7.0300,7.0300,7.0200,7.0300,105500,741306.0000,3
2025-09-16,20250916101500000,sz.000968,7.0300,7.0300,7.0200,7.0200,241200,1693547.0000,3
2025-09-16,20250916102000000,sz.000968,7.0200,7.0300,7.0100,7.0300,138600,973002.0000,3
2025-09-16,20250916102500000,sz.000968,7.0200,7.0300,7.0200,7.0200,60800,427168.0000,3
2025-09-16,20250916103000000,sz.000968,7.0200,7.0300,7.0200,7.0300,142900,1003456.0000,3
2025-09-16,20250916103500000,sz.000968,7.0200,7.0300,7.0100,7.0100,98100,688702.0000,3
2025-09-16,20250916104000000,sz.000968,7.0200,7.0200,7.0000,7.0100,384600,2695826.0000,3
2025-09-16,20250916104500000,sz.000968,7.0100,7.0100,7.0000,7.0100,150200,1052854.0000,3
2025-09-16,20250916105000000,sz.000968,7.0100,7.0200,7.0000,7.0200,31200,218732.0000,3
2025-09-16,20250916105500000,sz.000968,7.0100,7.0200,7.0100,7.0100,189400,1327718.0000,3
2025-09-16,20250916110000000,sz.000968,7.0100,7.0100,7.0000,7.0000,247600,1733694.0000,3
2025-09-16,20250916110500000,sz.000968,7.0100,7.0100,7.0000,7.0000,121400,850076.0000,3
2025-09-16,20250916111000000,sz.000968,7.0000,7.0100,7.0000,7.0000,138800,971788.0000,3
2025-09-16,20250916111500000,sz.000968,7.0000,7.0100,7.0000,7.0100,82800,580124.0000,3
2025-09-16,20250916112000000,sz.000968,7.0100,7.0200,7.0000,7.0100,191400,1342542.0000,3
2025-09-16,20250916112500000,sz.000968,7.0200,7.0400,7.0100,7.0300,256900,1805530.0000,3
2025-09-16,20250916113000000,sz.000968,7.0300,7.0400,7.0300,7.0300,63500,446792.0000,3
2025-09-16,20250916130500000,sz.000968,7.0300,7.0400,7.0200,7.0200,109800,771832.0000,3
2025-09-16,20250916131000000,sz.000968,7.0300,7.0300,7.0300,7.0300,17700,124428.0000,3
2025-09-16,20250916131500000,sz.000968,7.0300,7.0300,7.0200,7.0200,57200,401740.0000,3
2025-09-16,20250916132000000,sz.000968,7.0200,7.0300,7.0200,7.0200,44600,313560.0000,3
2025-09-16,20250916132500000,sz.000968,7.0300,7.0400,7.0200,7.0300,214500,1508292.0000,3
2025-09-16,20250916133000000,sz.000968,7.0300,7.0400,7.0200,7.0300,53700,377508.0000,3
2025-09-16,20250916133500000,sz.000968,7.0300,7.0400,7.0200,7.0400,68300,480092.0000,3
2025-09-16,20250916134000000,sz.000968,7.0400,7.0400,7.0200,7.0300,76900,540640.0000,3
2025-09-16,20250916134500000,sz.000968,7.0300,7.0300,7.0200,7.0300,60400,424320.0000,3
2025-09-16,20250916135000000,sz.000968,7.0300,7.0300,7.0200,7.0300,369300,2593168.0000,3
2025-09-16,20250916135500000,sz.000968,7.0300,7.0400,7.0200,7.0400,124600,875924.0000,3
2025-09-16,20250916140000000,sz.000968,7.0300,7.0400,7.0300,7.0400,67200,472836.0000,3
2025-09-16,20250916140500000,sz.000968,7.0400,7.0400,7.0300,7.0400,99300,698996.0000,3
2025-09-16,20250916141000000,sz.000968,7.0400,7.0400,7.0300,7.0300,101000,710848.0000,3
2025-09-16,20250916141500000,sz.000968,7.0300,7.0400,7.0300,7.0400,146500,1030728.0000,3
2025-09-16,20250916142000000,sz.000968,7.0400,7.0500,7.0300,7.0400,285800,2012644.0000,3
2025-09-16,20250916142500000,sz.000968,7.0400,7.0500,7.0400,7.0400,198600,1399884.0000,3
2025-09-16,20250916143000000,sz.000968,7.0400,7.0500,7.0400,7.0500,176300,1242340.0000,3
2025-09-16,20250916143500000,sz.000968,7.0400,7.0500,7.0400,7.0500,37400,263520.0000,3
2025-09-16,20250916144000000,sz.000968,7.0400,7.0500,7.0400,7.0500,125000,880636.0000,3
2025-09-16,20250916144500000,sz.000968,7.0400,7.0500,7.0400,7.0500,121700,857772.0000,3
2025-09-16,20250916145000000,sz.000968,7.0500,7.0500,7.0400,7.0400,145200,1023384.0000,3
2025-09-16,20250916145500000,sz.000968,7.0400,7.0500,7.0400,7.0400,194600,1370692.0000,3
2025-09-16,20250916150000000,sz.000968,7.0500,7.0500,7.0400,7.0400,152800,1076608.0000,3
2025-09-17,20250917093500000,sz.000968,7.0300,7.0700,7.0300,7.0400,738600,5205741.0000,3
2025-09-17,20250917094000000,sz.000968,7.0300,7.0500,7.0300,7.0500,176700,1243865.0000,3
2025-09-17,20250917094500000,sz.000968,7.0500,7.0600,7.0400,7.0500,219600,1547681.0000,3
2025-09-17,20250917095000000,sz.000968,7.0500,7.0500,7.0300,7.0300,219600,1546027.0000,3
2025-09-17,20250917095500000,sz.000968,7.0400,7.0400,7.0300,7.0300,279600,1966345.0000,3
2025-09-17,20250917100000000,sz.000968,7.0300,7.0400,7.0300,7.0400,140000,984748.0000,3
2025-09-17,20250917100500000,sz.000968,7.0300,7.0400,7.0200,7.0300,246100,1730484.0000,3
2025-09-17,20250917101000000,sz.000968,7.0300,7.0400,7.0200,7.0400,261000,1833792.0000,3
2025-09-17,20250917101500000,sz.000968,7.0300,7.0500,7.0300,7.0500,183800,1293955.0000,3
2025-09-17,20250917102000000,sz.000968,7.0500,7.0700,7.0400,7.0600,897000,6329118.0000,3
2025-09-17,20250917102500000,sz.000968,7.0600,7.0800,7.0600,7.0700,382700,2705764.0000,3
2025-09-17,20250917103000000,sz.000968,7.0700,7.0900,7.0600,7.0800,635400,4493276.0000,3
2025-09-17,20250917103500000,sz.000968,7.0800,7.1100,7.0800,7.1100,702400,4984032.0000,3
2025-09-17,20250917104000000,sz.000968,7.1100,7.1100,7.0900,7.0900,252000,1789748.0000,3
2025-09-17,20250917104500000,sz.000968,7.1000,7.1000,7.0900,7.1000,91100,646312.0000,3
2025-09-17,20250917105000000,sz.000968,7.1000,7.1000,7.0900,7.1000,217100,1539464.0000,3
2025-09-17,20250917105500000,sz.000968,7.1000,7.1000,7.0900,7.1000,316100,2241316.0000,3
2025-09-17,20250917110000000,sz.000968,7.0900,7.1000,7.0800,7.0800,91500,648720.0000,3
2025-09-17,20250917110500000,sz.000968,7.0900,7.1000,7.0800,7.0900,126400,896552.0000,3
2025-09-17,20250917111000000,sz.000968,7.1000,7.1000,7.0900,7.1000,160400,1138588.0000,3
2025-09-17,20250917111500000,sz.000968,7.1000,7.1000,7.0900,7.1000,25300,179456.0000,3
2025-09-17,20250917112000000,sz.000968,7.1000,7.1000,7.0900,7.1000,72800,516248.0000,3
2025-09-17,20250917112500000,sz.000968,7.1000,7.1000,7.0900,7.1000,67200,476648.0000,3
2025-09-17,20250917113000000,sz.000968,7.1000,7.1100,7.0900,7.1000,482200,3423400.0000,3
2025-09-17,20250917130500000,sz.000968,7.0900,7.1000,7.0900,7.0900,94600,671264.0000,3
2025-09-17,20250917131000000,sz.000968,7.1000,7.1000,7.0800,7.0900,153200,1085868.0000,3
2025-09-17,20250917131500000,sz.000968,7.1000,7.1000,7.0900,7.0900,108600,770064.0000,3
2025-09-17,20250917132000000,sz.000968,7.0900,7.0900,7.0800,7.0800,64300,455684.0000,3
2025-09-17,20250917132500000,sz.000968,7.0900,7.0900,7.0800,7.0800,153800,1088952.0000,3
2025-09-17,20250917133000000,sz.000968,7.0800,7.0800,7.0700,7.0800,37100,262636.0000,3
2025-09-17,20250917133500000,sz.000968,7.0700,7.0800,7.0700,7.0800,36800,260332.0000,3
2025-09-17,20250917134000000,sz.000968,7.0800,7.0800,7.0700,7.0800,72400,512080.0000,3
2025-09-17,20250917134500000,sz.000968,7.0700,7.0800,7.0700,7.0700,16600,117424.0000,3
2025-09-17,20250917135000000,sz.000968,7.0700,7.0800,7.0700,7.0700,226400,1602336.0000,3
2025-09-17,20250917135500000,sz.000968,7.0800,7.0800,7.0700,7.0800,29800,210752.0000,3
2025-09-17,20250917140000000,sz.000968,7.0800,7.0800,7.0700,7.0800,48800,345356.0000,3
2025-09-17,20250917140500000,sz.000968,7.0700,7.0800,7.0700,7.0700,39900,282208.0000,3
2025-09-17,20250917141000000,sz.000968,7.0800,7.0800,7.0700,7.0700,50600,357832.0000,3
2025-09-17,20250917141500000,sz.000968,7.0800,7.0800,7.0700,7.0700,74800,528872.0000,3
2025-09-17,20250917142000000,sz.000968,7.0700,7.0800,7.0700,7.0800,126900,898300.0000,3
2025-09-17,20250917142500000,sz.000968,7.0800,7.0800,7.0700,7.0800,27700,196064.0000,3
2025-09-17,20250917143000000,sz.000968,7.0800,7.0800,7.0700,7.0700,65700,464756.0000,3
2025-09-17,20250917143500000,sz.000968,7.0800,7.0800,7.0700,7.0700,84900,600332.0000,3
2025-09-17,20250917144000000,sz.000968,7.0800,7.0800,7.0600,7.0600,328000,2319168.0000,3
2025-09-17,20250917144500000,sz.000968,7.0700,7.0800,7.0600,7.0800,85700,605928.0000,3
2025-09-17,20250917145000000,sz.000968,7.0800,7.0800,7.0600,7.0600,251100,1775348.0000,3
2025-09-17,20250917145500000,sz.000968,7.0700,7.0800,7.0600,7.0800,404500,2862676.0000,3
2025-09-17,20250917150000000,sz.000968,7.0800,7.0800,7.0700,7.0800,230100,1628632.0000,3
2025-09-18,20250918093500000,sz.000968,7.0800,7.0800,7.0200,7.0200,804900,5670539.0000,3
2025-09-18,20250918094000000,sz.000968,7.0300,7.0300,7.0100,7.0200,782600,5495783.0000,3
2025-09-18,20250918094500000,sz.000968,7.0100,7.0300,7.0100,7.0100,330800,2321799.0000,3
2025-09-18,20250918095000000,sz.000968,7.0100,7.0400,7.0100,7.0300,339000,2381965.0000,3
2025-09-18,20250918095500000,sz.000968,7.0300,7.0400,7.0100,7.0100,357800,2511030.0000,3
2025-09-18,20250918100000000,sz.000968,7.0200,7.0300,7.0100,7.0300,355100,2492028.0000,3
2025-09-18,20250918100500000,sz.000968,7.0200,7.0300,7.0100,7.0300,227100,1594200.0000,3
2025-09-18,20250918101000000,sz.000968,7.0200,7.0300,7.0200,7.0300,40400,283756.0000,3
2025-09-18,20250918101500000,sz.000968,7.0200,7.0400,7.0200,7.0300,189700,1333856.0000,3
2025-09-18,20250918102000000,sz.000968,7.0400,7.0400,7.0200,7.0300,432300,3039198.0000,3
2025-09-18,20250918102500000,sz.000968,7.0300,7.0400,7.0200,7.0300,121200,852078.0000,3
2025-09-18,20250918103000000,sz.000968,7.0300,7.0500,7.0300,7.0500,143400,1009492.0000,3
2025-09-18,20250918103500000,sz.000968,7.0400,7.0400,7.0100,7.0100,571100,4011826.0000,3
2025-09-18,20250918104000000,sz.000968,7.0200,7.0300,7.0100,7.0300,247400,1735438.0000,3
2025-09-18,20250918104500000,sz.000968,7.0200,7.0300,7.0200,7.0300,60400,424284.0000,3
2025-09-18,20250918105000000,sz.000968,7.0200,7.0300,7.0200,7.0200,51400,361012.0000,3
2025-09-18,20250918105500000,sz.000968,7.0300,7.0300,7.0200,7.0300,309500,2172948.0000,3
2025-09-18,20250918110000000,sz.000968,7.0300,7.0300,7.0200,7.0300,31200,219112.0000,3
2025-09-18,20250918110500000,sz.000968,7.0200,7.0400,7.0200,7.0300,245700,1727104.0000,3
2025-09-18,20250918111000000,sz.000968,7.0200,7.0300,7.0200,7.0300,50500,354888.0000,3
2025-09-18,20250918111500000,sz.000968,7.0200,7.0300,7.0200,7.0300,25300,177796.0000,3
2025-09-18,20250918112000000,sz.000968,7.0300,7.0300,7.0200,7.0200,127900,898944.0000,3
2025-09-18,20250918112500000,sz.000968,7.0200,7.0300,7.0200,7.0200,94200,661588.0000,3
2025-09-18,20250918113000000,sz.000968,7.0300,7.0300,7.0200,7.0300,49100,344896.0000,3
2025-09-18,20250918130500000,sz.000968,7.0200,7.0200,7.0100,7.0100,304200,2135248.0000,3
2025-09-18,20250918131000000,sz.000968,7.0200,7.0400,7.0100,7.0300,281700,1978784.0000,3
2025-09-18,20250918131500000,sz.000968,7.0200,7.0300,7.0200,7.0300,43200,303320.0000,3
2025-09-18,20250918132000000,sz.000968,7.0200,7.0300,7.0200,7.0200,35600,249972.0000,3
2025-09-18,20250918132500000,sz.000968,7.0200,7.0300,7.0200,7.0300,204000,1432176.0000,3
2025-09-18,20250918133000000,sz.000968,7.0200,7.0200,7.0000,7.0000,504200,3535016.0000,3
2025-09-18,20250918133500000,sz.000968,7.0000,7.0100,7.0000,7.0100,103000,721920.0000,3
2025-09-18,20250918134000000,sz.000968,7.0000,7.0100,7.0000,7.0100,57300,401264.0000,3
2025-09-18,20250918134500000,sz.000968,7.0000,7.0100,6.9900,7.0000,547900,3835364.0000,3
2025-09-18,20250918135000000,sz.000968,7.0000,7.0000,6.9800,6.9900,568700,3972492.0000,3
2025-09-18,20250918135500000,sz.000968,6.9800,6.9900,6.9800,6.9800,160500,1121500.0000,3
2025-09-18,20250918140000000,sz.000968,6.9800,6.9900,6.9600,6.9600,996300,6943840.0000,3
2025-09-18,20250918140500000,sz.000968,6.9600,6.9700,6.9500,6.9500,509700,3545016.0000,3
2025-09-18,20250918141000000,sz.000968,6.9600,6.9600,6.9300,6.9500,540600,3750216.0000,3
2025-09-18,20250918141500000,sz.000968,6.9400,6.9400,6.9200,6.9300,438200,3036688.0000,3
2025-09-18,20250918142000000,sz.000968,6.9400,6.9500,6.9200,6.9500,358900,2489800.0000,3
2025-09-18,20250918142500000,sz.000968,6.9300,6.9500,6.9300,6.9300,228800,1586968.0000,3
2025-09-18,20250918143000000,sz.000968,6.9400,6.9400,6.9300,6.9300,262500,1819752.0000,3
2025-09-18,20250918143500000,sz.000968,6.9400,6.9400,6.9200,6.9300,376700,2610248.0000,3
2025-09-18,20250918144000000,sz.000968,6.9300,6.9300,6.9100,6.9100,227400,1573144.0000,3
2025-09-18,20250918144500000,sz.000968,6.9100,6.9200,6.9000,6.9200,435800,3010344.0000,3
2025-09-18,20250918145000000,sz.000968,6.9300,6.9300,6.9100,6.9200,202100,1399080.0000,3
2025-09-18,20250918145500000,sz.000968,6.9300,6.9400,6.9200,6.9400,359200,2488680.0000,3
2025-09-18,20250918150000000,sz.000968,6.9300,6.9400,6.9200,6.9200,331400,2295408.0000,3
2025-09-19,20250919093500000,sz.000968,6.9000,6.9400,6.9000,6.9200,389900,2692997.0000,3
2025-09-19,20250919094000000,sz.000968,6.9300,6.9400,6.9200,6.9400,214300,1484805.0000,3
2025-09-19,20250919094500000,sz.000968,6.9400,6.9500,6.9200,6.9300,277100,1921881.0000,3
2025-09-19,20250919095000000,sz.000968,6.9300,6.9500,6.9200,6.9200,179300,1243735.0000,3
2025-09-19,20250919095500000,sz.000968,6.9300,6.9400,6.9200,6.9200,168400,1166660.0000,3
2025-09-19,20250919100000000,sz.000968,6.9200,6.9300,6.9200,6.9200,196200,1358039.0000,3
2025-09-19,20250919100500000,sz.000968,6.9200,6.9200,6.9000,6.9000,230800,1593667.0000,3
2025-09-19,20250919101000000,sz.000968,6.9000,6.9000,6.8900,6.9000,153300,1057094.0000,3
2025-09-19,20250919101500000,sz.000968,6.8900,6.9000,6.8900,6.8900,76700,528896.0000,3
2025-09-19,20250919102000000,sz.000968,6.8900,6.9000,6.8900,6.9000,96300,664365.0000,3
2025-09-19,20250919102500000,sz.000968,6.8900,6.9000,6.8900,6.9000,121900,840780.0000,3
2025-09-19,20250919103000000,sz.000968,6.9000,6.9100,6.8900,6.9000,83900,578899.0000,3
2025-09-19,20250919103500000,sz.000968,6.9000,6.9100,6.8900,6.8900,89000,614066.0000,3
2025-09-19,20250919104000000,sz.000968,6.9000,6.9000,6.8900,6.9000,96800,667404.0000,3
2025-09-19,20250919104500000,sz.000968,6.9000,6.9000,6.8900,6.8900,54200,373654.0000,3
2025-09-19,20250919105000000,sz.000968,6.8900,6.9000,6.8900,6.9000,113500,783022.0000,3
2025-09-19,20250919105500000,sz.000968,6.9000,6.9000,6.8900,6.9000,44600,307476.0000,3
2025-09-19,20250919110000000,sz.000968,6.8900,6.9000,6.8800,6.8900,326200,2246914.0000,3
2025-09-19,20250919110500000,sz.000968,6.8800,6.8900,6.8700,6.8800,218000,1499262.0000,3
2025-09-19,20250919111000000,sz.000968,6.8700,6.8900,6.8700,6.8900,139400,959124.0000,3
2025-09-19,20250919111500000,sz.000968,6.8800,6.8900,6.8800,6.8800,33100,227816.0000,3
2025-09-19,20250919112000000,sz.000968,6.8800,6.9100,6.8800,6.9100,394700,2720052.0000,3
2025-09-19,20250919112500000,sz.000968,6.9000,6.9200,6.9000,6.9100,113700,785554.0000,3
2025-09-19,20250919113000000,sz.000968,6.9200,6.9600,6.9100,6.9500,451700,3135902.0000,3
2025-09-19,20250919130500000,sz.000968,6.9500,6.9600,6.9400,6.9500,133900,930436.0000,3
2025-09-19,20250919131000000,sz.000968,6.9500,6.9500,6.9400,6.9500,52900,367622.0000,3
2025-09-19,20250919131500000,sz.000968,6.9500,6.9600,6.9500,6.9600,174500,1213666.0000,3
2025-09-19,20250919132000000,sz.000968,6.9600,6.9600,6.9400,6.9400,177500,1233206.0000,3
2025-09-19,20250919132500000,sz.000968,6.9400,6.9500,6.9300,6.9400,119600,829790.0000,3
2025-09-19,20250919133000000,sz.000968,6.9500,6.9500,6.9300,6.9400,89700,622800.0000,3
2025-09-19,20250919133500000,sz.000968,6.9400,6.9400,6.9200,6.9200,89200,617928.0000,3
2025-09-19,20250919134000000,sz.000968,6.9200,6.9300,6.9100,6.9300,108000,747368.0000,3
2025-09-19,20250919134500000,sz.000968,6.9200,6.9300,6.9200,6.9300,87200,603492.0000,3
2025-09-19,20250919135000000,sz.000968,6.9300,6.9300,6.9100,6.9100,118900,822564.0000,3
2025-09-19,20250919135500000,sz.000968,6.9200,6.9200,6.9100,6.9200,81500,563472.0000,3
2025-09-19,20250919140000000,sz.000968,6.9200,6.9200,6.9100,6.9100,83600,577744.0000,3
2025-09-19,20250919140500000,sz.000968,6.9100,6.9300,6.9100,6.9200,186800,1291832.0000,3
2025-09-19,20250919141000000,sz.000968,6.9200,6.9400,6.9200,6.9300,57400,398120.0000,3
2025-09-19,20250919141500000,sz.000968,6.9400,6.9400,6.9300,6.9400,65600,454860.0000,3
2025-09-19,20250919142000000,sz.000968,6.9400,6.9500,6.9300,6.9500,92800,644424.0000,3
2025-09-19,20250919142500000,sz.000968,6.9500,6.9500,6.9400,6.9500,82500,573240.0000,3
2025-09-19,20250919143000000,sz.000968,6.9400,6.9700,6.9400,6.9600,648300,4508188.0000,3
2025-09-19,20250919143500000,sz.000968,6.9600,6.9700,6.9500,6.9500,220700,1535992.0000,3
2025-09-19,20250919144000000,sz.000968,6.9500,6.9600,6.9400,6.9500,112000,778348.0000,3
2025-09-19,20250919144500000,sz.000968,6.9500,6.9600,6.9400,6.9600,98700,686348.0000,3
2025-09-19,20250919145000000,sz.000968,6.9600,6.9700,6.9500,6.9600,200500,1395768.0000,3
2025-09-19,20250919145500000,sz.000968,6.9600,6.9700,6.9500,6.9700,194300,1352108.0000,3
2025-09-19,20250919150000000,sz.000968,6.9600,6.9700,6.9500,6.9500,138100,960468.0000,3
2025-09-22,20250922093500000,sz.000968,6.9200,6.9500,6.9100,6.9300,506300,3504363.0000,3
2025-09-22,20250922094000000,sz.000968,6.9200,6.9200,6.8800,6.8900,484800,3345973.0000,3
2025-09-22,20250922094500000,sz.000968,6.8900,6.8900,6.8600,6.8700,428300,2944410.0000,3
2025-09-22,20250922095000000,sz.000968,6.8600,6.8800,6.8600,6.8600,353100,2425416.0000,3
2025-09-22,20250922095500000,sz.000968,6.8600,6.8700,6.8500,6.8600,414400,2843659.0000,3
2025-09-22,20250922100000000,sz.000968,6.8600,6.8600,6.8400,6.8500,327000,2240289.0000,3
2025-09-22,20250922100500000,sz.000968,6.8400,6.8600,6.8400,6.8500,270000,1848684.0000,3
2025-09-22,20250922101000000,sz.000968,6.8500,6.8600,6.8500,6.8600,132400,907486.0000,3
2025-09-22,20250922101500000,sz.000968,6.8500,6.8600,6.8500,6.8500,84700,580364.0000,3
2025-09-22,20250922102000000,sz.000968,6.8500,6.8600,6.8500,6.8500,166700,1142116.0000,3
2025-09-22,20250922102500000,sz.000968,6.8400,6.8500,6.8400,6.8500,140400,961140.0000,3
2025-09-22,20250922103000000,sz.000968,6.8500,6.8600,6.8400,6.8600,192900,1320956.0000,3
2025-09-22,20250922103500000,sz.000968,6.8500,6.8700,6.8500,6.8600,102900,706144.0000,3
2025-09-22,20250922104000000,sz.000968,6.8600,6.8700,6.8500,6.8700,81500,559320.0000,3
2025-09-22,20250922104500000,sz.000968,6.8700,6.8700,6.8500,6.8500,87800,602296.0000,3
2025-09-22,20250922105000000,sz.000968,6.8500,6.8600,6.8500,6.8600,29200,200206.0000,3
2025-09-22,20250922105500000,sz.000968,6.8600,6.8600,6.8500,6.8500,53300,365286.0000,3
2025-09-22,20250922110000000,sz.000968,6.8500,6.8600,6.8400,6.8500,168100,1151440.0000,3
2025-09-22,20250922110500000,sz.000968,6.8500,6.8600,6.8500,6.8600,43600,298912.0000,3
2025-09-22,20250922111000000,sz.000968,6.8500,6.8600,6.8400,6.8500,102200,700136.0000,3
2025-09-22,20250922111500000,sz.000968,6.8500,6.8500,6.8400,6.8400,252500,1727192.0000,3
2025-09-22,20250922112000000,sz.000968,6.8400,6.8500,6.8400,6.8400,87500,598502.0000,3
2025-09-22,20250922112500000,sz.000968,6.8400,6.8600,6.8400,6.8400,227800,1559900.0000,3
2025-09-22,20250922113000000,sz.000968,6.8500,6.8600,6.8400,6.8400,170300,1166634.0000,3
2025-09-22,20250922130500000,sz.000968,6.8400,6.8500,6.8400,6.8400,135400,926248.0000,3
2025-09-22,20250922131000000,sz.000968,6.8400,6.8500,6.8400,6.8500,93900,643056.0000,3
2025-09-22,20250922131500000,sz.000968,6.8500,6.8600,6.8500,6.8500,42000,287752.0000,3
2025-09-22,20250922132000000,sz.000968,6.8500,6.8600,6.8400,6.8500,60300,412888.0000,3
2025-09-22,20250922132500000,sz.000968,6.8500,6.8500,6.8400,6.8500,18000,123152.0000,3
2025-09-22,20250922133000000,sz.000968,6.8500,6.8500,6.8400,6.8400,167100,1143128.0000,3
2025-09-22,20250922133500000,sz.000968,6.8300,6.8400,6.8300,6.8300,47200,322736.0000,3
2025-09-22,20250922134000000,sz.000968,6.8400,6.8400,6.8300,6.8400,50100,342480.0000,3
2025-09-22,20250922134500000,sz.000968,6.8400,6.8400,6.8200,6.8300,276500,1888536.0000,3
2025-09-22,20250922135000000,sz.000968,6.8400,6.8400,6.8300,6.8400,65200,445564.0000,3
2025-09-22,20250922135500000,sz.000968,6.8400,6.8400,6.8300,6.8400,54700,373996.0000,3
2025-09-22,20250922140000000,sz.000968,6.8400,6.8400,6.8300,6.8300,67800,463700.0000,3
2025-09-22,20250922140500000,sz.000968,6.8300,6.8400,6.8300,6.8400,58800,402148.0000,3
2025-09-22,20250922141000000,sz.000968,6.8400,6.8500,6.8300,6.8500,90300,617600.0000,3
2025-09-22,20250922141500000,sz.000968,6.8500,6.8500,6.8400,6.8500,110100,753096.0000,3
2025-09-22,20250922142000000,sz.000968,6.8500,6.8500,6.8400,6.8400,23400,160104.0000,3
2025-09-22,20250922142500000,sz.000968,6.8400,6.8500,6.8400,6.8500,30700,210224.0000,3
2025-09-22,20250922143000000,sz.000968,6.8500,6.8500,6.8400,6.8400,38900,266140.0000,3
2025-09-22,20250922143500000,sz.000968,6.8500,6.8600,6.8400,6.8600,175100,1199464.0000,3
2025-09-22,20250922144000000,sz.000968,6.8500,6.8600,6.8500,6.8500,160500,1099520.0000,3
2025-09-22,20250922144500000,sz.000968,6.8500,6.8600,6.8400,6.8500,127500,873084.0000,3
2025-09-22,20250922145000000,sz.000968,6.8400,6.8600,6.8400,6.8600,99000,677756.0000,3
2025-09-22,20250922145500000,sz.000968,6.8500,6.8600,6.8400,6.8500,174500,1195020.0000,3
2025-09-22,20250922150000000,sz.000968,6.8600,6.8600,6.8500,6.8500,126900,869520.0000,3
2025-09-23,20250923093500000,sz.000968,6.8300,6.8500,6.8000,6.8000,560200,3819908.0000,3
2025-09-23,20250923094000000,sz.000968,6.8100,6.8200,6.7900,6.8100,359600,2446828.0000,3
2025-09-23,20250923094500000,sz.000968,6.8000,6.8200,6.8000,6.8100,175000,1191084.0000,3
2025-09-23,20250923095000000,sz.000968,6.8100,6.8500,6.8100,6.8300,230900,1578361.0000,3
2025-09-23,20250923095500000,sz.000968,6.8300,6.8500,6.8300,6.8500,233000,1593507.0000,3
2025-09-23,20250923100000000,sz.000968,6.8300,6.8500,6.8100,6.8100,117800,804920.0000,3
2025-09-23,20250923100500000,sz.000968,6.8100,6.8300,6.8000,6.8200,257500,1754223.0000,3
2025-09-23,20250923101000000,sz.000968,6.8200,6.8400,6.8000,6.8000,152600,1039959.0000,3
2025-09-23,20250923101500000,sz.000968,6.8100,6.8100,6.7800,6.7900,514800,3497530.0000,3
2025-09-23,20250923102000000,sz.000968,6.7900,6.8000,6.7700,6.7800,366000,2483536.0000,3
2025-09-23,20250923102500000,sz.000968,6.7800,6.7800,6.7600,6.7600,387700,2624876.0000,3
2025-09-23,20250923103000000,sz.000968,6.7600,6.7600,6.7400,6.7500,597200,4032700.0000,3
2025-09-23,20250923103500000,sz.000968,6.7400,6.7400,6.7200,6.7300,337000,2266946.0000,3
2025-09-23,20250923104000000,sz.000968,6.7300,6.7500,6.7200,6.7300,442400,2981518.0000,3
2025-09-23,20250923104500000,sz.000968,6.7300,6.7600,6.7300,6.7500,186900,1259748.0000,3
2025-09-23,20250923105000000,sz.000968,6.7600,6.7800,6.7600,6.7700,209500,1417700.0000,3
2025-09-23,20250923105500000,sz.000968,6.7700,6.7900,6.7700,6.7900,164600,1116172.0000,3
2025-09-23,20250923110000000,sz.000968,6.7800,6.8000,6.7800,6.7900,98500,668516.0000,3
2025-09-23,20250923110500000,sz.000968,6.7900,6.7900,6.7800,6.7800,104700,710472.0000,3
2025-09-23,20250923111000000,sz.000968,6.7800,6.8000,6.7800,6.7900,181600,1233048.0000,3
2025-09-23,20250923111500000,sz.000968,6.7900,6.8100,6.7800,6.7800,313400,2129904.0000,3
2025-09-23,20250923112000000,sz.000968,6.7900,6.8000,6.7800,6.8000,59000,400824.0000,3
2025-09-23,20250923112500000,sz.000968,6.8000,6.8100,6.7800,6.7800,109200,741724.0000,3
2025-09-23,20250923113000000,sz.000968,6.7800,6.7800,6.7700,6.7700,68400,463156.0000,3
2025-09-23,20250923130500000,sz.000968,6.7700,6.7800,6.7600,6.7600,67800,459152.0000,3
2025-09-23,20250923131000000,sz.000968,6.7700,6.7700,6.7600,6.7600,116200,785716.0000,3
2025-09-23,20250923131500000,sz.000968,6.7700,6.7900,6.7600,6.7900,110500,749548.0000,3
2025-09-23,20250923132000000,sz.000968,6.7900,6.8000,6.7800,6.7800,107900,732420.0000,3
2025-09-23,20250923132500000,sz.000968,6.7800,6.7900,6.7700,6.7800,51400,348444.0000,3
2025-09-23,20250923133000000,sz.000968,6.7800,6.8000,6.7800,6.8000,92700,629448.0000,3
2025-09-23,20250923133500000,sz.000968,6.7900,6.8100,6.7900,6.8000,127500,867292.0000,3
2025-09-23,20250923134000000,sz.000968,6.7900,6.7900,6.7800,6.7800,51400,348876.0000,3
2025-09-23,20250923134500000,sz.000968,6.7800,6.7900,6.7800,6.7900,107400,728740.0000,3
2025-09-23,20250923135000000,sz.000968,6.7800,6.7900,6.7800,6.7900,97800,663464.0000,3
2025-09-23,20250923135500000,sz.000968,6.7900,6.8000,6.7800,6.8000,96800,657772.0000,3
2025-09-23,20250923140000000,sz.000968,6.8100,6.8400,6.8000,6.8400,341700,2330508.0000,3
2025-09-23,20250923140500000,sz.000968,6.8200,6.8400,6.8000,6.8100,319800,2183440.0000,3
2025-09-23,20250923141000000,sz.000968,6.8100,6.8100,6.7900,6.7900,36300,246796.0000,3
2025-09-23,20250923141500000,sz.000968,6.8000,6.8200,6.7800,6.8100,72900,495532.0000,3
2025-09-23,20250923142000000,sz.000968,6.8100,6.8300,6.8000,6.8200,112000,764048.0000,3
2025-09-23,20250923142500000,sz.000968,6.8200,6.8500,6.8200,6.8500,164400,1124144.0000,3
2025-09-23,20250923143000000,sz.000968,6.8500,6.8700,6.8400,6.8700,283400,1942108.0000,3
2025-09-23,20250923143500000,sz.000968,6.8600,6.8700,6.8500,6.8600,144200,989292.0000,3
2025-09-23,20250923144000000,sz.000968,6.8500,6.8600,6.8500,6.8600,73100,501240.0000,3
2025-09-23,20250923144500000,sz.000968,6.8600,6.8600,6.8500,6.8500,111600,765356.0000,3
2025-09-23,20250923145000000,sz.000968,6.8600,6.8700,6.8500,6.8700,104300,715944.0000,3
2025-09-23,20250923145500000,sz.000968,6.8700,6.8700,6.8600,6.8600,124500,854584.0000,3
2025-09-23,20250923150000000,sz.000968,6.8700,6.8700,6.8600,6.8700,193700,1330404.0000,3
2025-09-24,20250924093500000,sz.000968,6.8700,6.9800,6.8700,6.9400,1723600,11944941.0000,3
2025-09-24,20250924094000000,sz.000968,6.9300,6.9400,6.9100,6.9200,380500,2634096.0000,3
2025-09-24,20250924094500000,sz.000968,6.9300,6.9600,6.9200,6.9500,681900,4731463.0000,3
2025-09-24,20250924095000000,sz.000968,6.9600,6.9800,6.9500,6.9600,802800,5594132.0000,3
2025-09-24,20250924095500000,sz.000968,6.9700,6.9700,6.9500,6.9600,407900,2838176.0000,3
2025-09-24,20250924100000000,sz.000968,6.9500,6.9700,6.9400,6.9400,336600,2341644.0000,3
2025-09-24,20250924100500000,sz.000968,6.9500,6.9500,6.9400,6.9400,88900,617250.0000,3
2025-09-24,20250924101000000,sz.000968,6.9400,6.9400,6.9300,6.9300,72700,504354.0000,3
2025-09-24,20250924101500000,sz.000968,6.9100,6.9200,6.9100,6.9100,278900,1929980.0000,3
2025-09-24,20250924102000000,sz.000968,6.9100,6.9300,6.9100,6.9200,305700,2115108.0000,3
2025-09-24,20250924102500000,sz.000968,6.9200,6.9200,6.9100,6.9100,94000,650420.0000,3
2025-09-24,20250924103000000,sz.000968,6.9100,6.9100,6.9000,6.9100,152000,1049828.0000,3
2025-09-24,20250924103500000,sz.000968,6.9000,6.9200,6.9000,6.9200,110400,763468.0000,3
2025-09-24,20250924104000000,sz.000968,6.9100,6.9200,6.9100,6.9100,38700,267776.0000,3
2025-09-24,20250924104500000,sz.000968,6.9100,6.9200,6.9000,6.9000,68700,474636.0000,3
2025-09-24,20250924105000000,sz.000968,6.9000,6.9200,6.9000,6.9100,58800,406252.0000,3
2025-09-24,20250924105500000,sz.000968,6.9200,6.9200,6.9100,6.9200,262500,1814340.0000,3
2025-09-24,20250924110000000,sz.000968,6.9200,6.9300,6.9100,6.9300,107100,741280.0000,3
2025-09-24,20250924110500000,sz.000968,6.9200,6.9300,6.9100,6.9200,284700,1968496.0000,3
2025-09-24,20250924111000000,sz.000968,6.9200,6.9200,6.9000,6.9100,133700,923760.0000,3
2025-09-24,20250924111500000,sz.000968,6.9100,6.9200,6.9000,6.9100,60200,415992.0000,3
2025-09-24,20250924112000000,sz.000968,6.9200,6.9200,6.9000,6.9100,78900,545232.0000,3
2025-09-24,20250924112500000,sz.000968,6.9200,6.9200,6.9000,6.9000,63400,438120.0000,3
2025-09-24,20250924113000000,sz.000968,6.9000,6.9100,6.9000,6.9000,50800,350580.0000,3
2025-09-24,20250924130500000,sz.000968,6.9100,6.9200,6.9000,6.9000,66400,458684.0000,3
2025-09-24,20250924131000000,sz.000968,6.9100,6.9100,6.9000,6.9000,34100,235336.0000,3
2025-09-24,20250924131500000,sz.000968,6.9100,6.9100,6.9000,6.9100,50500,348496.0000,3
2025-09-24,20250924132000000,sz.000968,6.9000,6.9100,6.9000,6.9000,16400,113164.0000,3
2025-09-24,20250924132500000,sz.000968,6.9000,6.9000,6.8900,6.9000,88800,612608.0000,3
2025-09-24,20250924133000000,sz.000968,6.8900,6.9000,6.8900,6.8900,37700,259916.0000,3
2025-09-24,20250924133500000,sz.000968,6.9000,6.9200,6.8900,6.9200,168700,1165060.0000,3
2025-09-24,20250924134000000,sz.000968,6.9200,6.9300,6.9200,6.9300,121300,839572.0000,3
2025-09-24,20250924134500000,sz.000968,6.9300,6.9400,6.9200,6.9400,301800,2091928.0000,3
2025-09-24,20250924135000000,sz.000968,6.9400,6.9500,6.9400,6.9500,79300,550744.0000,3
2025-09-24,20250924135500000,sz.000968,6.9400,6.9500,6.9400,6.9400,227200,1577104.0000,3
2025-09-24,20250924140000000,sz.000968,6.9400,6.9400,6.9300,6.9300,177300,1230336.0000,3
2025-09-24,20250924140500000,sz.000968,6.9400,6.9500,6.9300,6.9300,165600,1149200.0000,3
2025-09-24,20250924141000000,sz.000968,6.9400,6.9500,6.9300,6.9400,130100,903584.0000,3
2025-09-24,20250924141500000,sz.000968,6.9400,6.9400,6.9300,6.9300,71700,497088.0000,3
2025-09-24,20250924142000000,sz.000968,6.9300,6.9400,6.9300,6.9300,34300,237948.0000,3
2025-09-24,20250924142500000,sz.000968,6.9300,6.9400,6.9300,6.9400,51500,357320.0000,3
2025-09-24,20250924143000000,sz.000968,6.9300,6.9400,6.9200,6.9300,382000,2645592.0000,3
2025-09-24,20250924143500000,sz.000968,6.9300,6.9300,6.9200,6.9300,31000,214636.0000,3
2025-09-24,20250924144000000,sz.000968,6.9200,6.9300,6.9200,6.9300,46100,319360.0000,3
2025-09-24,20250924144500000,sz.000968,6.9300,6.9300,6.9200,6.9300,198500,1374232.0000,3
2025-09-24,20250924145000000,sz.000968,6.9200,6.9400,6.9200,6.9300,269900,1869816.0000,3
2025-09-24,20250924145500000,sz.000968,6.9200,6.9300,6.9200,6.9300,93800,649244.0000,3
2025-09-24,20250924150000000,sz.000968,6.9200,6.9400,6.9200,6.9400,225100,1561284.0000,3
2025-09-25,20250925093500000,sz.000968,6.9100,6.9100,6.8600,6.8800,636700,4381340.0000,3
2025-09-25,20250925094000000,sz.000968,6.8800,6.8900,6.8700,6.8800,157400,1083214.0000,3
2025-09-25,20250925094500000,sz.000968,6.8900,6.9100,6.8800,6.9000,219000,1510012.0000,3
2025-09-25,20250925095000000,sz.000968,6.9000,6.9300,6.8900,6.9300,242400,1676630.0000,3
2025-09-25,20250925095500000,sz.000968,6.9300,6.9400,6.9000,6.9000,133000,920775.0000,3
2025-09-25,20250925100000000,sz.000968,6.9100,6.9100,6.8900,6.9000,160600,1108404.0000,3
2025-09-25,20250925100500000,sz.000968,6.9000,6.9000,6.8800,6.9000,93100,641546.0000,3
2025-09-25,20250925101000000,sz.000968,6.8900,6.8900,6.8700,6.8700,332800,2290597.0000,3
2025-09-25,20250925101500000,sz.000968,6.8700,6.8900,6.8700,6.8800,39300,270450.0000,3
2025-09-25,20250925102000000,sz.000968,6.8800,6.8900,6.8700,6.8800,182700,1256946.0000,3
2025-09-25,20250925102500000,sz.000968,6.8800,6.8800,6.8700,6.8700,72300,496997.0000,3
2025-09-25,20250925103000000,sz.000968,6.8700,6.8800,6.8700,6.8800,46700,321119.0000,3
2025-09-25,20250925103500000,sz.000968,6.8800,6.8900,6.8700,6.8900,121500,835922.0000,3
2025-09-25,20250925104000000,sz.000968,6.8900,6.8900,6.8800,6.8800,20800,143212.0000,3
2025-09-25,20250925104500000,sz.000968,6.8800,6.8900,6.8700,6.8800,139500,959912.0000,3
2025-09-25,20250925105000000,sz.000968,6.8800,6.8800,6.8700,6.8700,242600,1667212.0000,3
2025-09-25,20250925105500000,sz.000968,6.8800,6.8800,6.8700,6.8700,49000,337040.0000,3
2025-09-25,20250925110000000,sz.000968,6.8700,6.8800,6.8700,6.8800,33700,231588.0000,3
2025-09-25,20250925110500000,sz.000968,6.8800,6.8800,6.8700,6.8700,26000,178632.0000,3
2025-09-25,20250925111000000,sz.000968,6.8700,6.8900,6.8700,6.8700,139600,960800.0000,3
2025-09-25,20250925111500000,sz.000968,6.8700,6.8800,6.8700,6.8800,54900,377348.0000,3
2025-09-25,20250925112000000,sz.000968,6.8800,6.8800,6.8700,6.8700,114600,787848.0000,3
2025-09-25,20250925112500000,sz.000968,6.8800,6.8800,6.8700,6.8800,32200,221404.0000,3
2025-09-25,20250925113000000,sz.000968,6.8800,6.8800,6.8700,6.8700,29200,200776.0000,3
2025-09-25,20250925130500000,sz.000968,6.8800,6.8800,6.8600,6.8700,228600,1569830.0000,3
2025-09-25,20250925131000000,sz.000968,6.8700,6.8800,6.8600,6.8600,195400,1342314.0000,3
2025-09-25,20250925131500000,sz.000968,6.8600,6.8700,6.8600,6.8600,45700,313514.0000,3
2025-09-25,20250925132000000,sz.000968,6.8600,6.8600,6.8400,6.8400,382600,2621768.0000,3
2025-09-25,20250925132500000,sz.000968,6.8400,6.8500,6.8400,6.8500,70800,484344.0000,3
2025-09-25,20250925133000000,sz.000968,6.8400,6.8500,6.8300,6.8400,262800,1797542.0000,3
2025-09-25,20250925133500000,sz.000968,6.8400,6.8500,6.8300,6.8500,215800,1476582.0000,3
2025-09-25,20250925134000000,sz.000968,6.8500,6.8600,6.8400,6.8500,60400,413722.0000,3
2025-09-25,20250925134500000,sz.000968,6.8500,6.8600,6.8500,6.8500,43200,296280.0000,3
2025-09-25,20250925135000000,sz.000968,6.8600,6.8600,6.8500,6.8600,61200,419736.0000,3
2025-09-25,20250925135500000,sz.000968,6.8600,6.8600,6.8500,6.8500,27400,187824.0000,3
2025-09-25,20250925140000000,sz.000968,6.8600,6.8600,6.8500,6.8600,54700,374808.0000,3
2025-09-25,20250925140500000,sz.000968,6.8600,6.8600,6.8500,6.8500,80000,548620.0000,3
2025-09-25,20250925141000000,sz.000968,6.8600,6.8600,6.8500,6.8600,147800,1013828.0000,3
2025-09-25,20250925141500000,sz.000968,6.8600,6.8600,6.8500,6.8500,42400,290512.0000,3
2025-09-25,20250925142000000,sz.000968,6.8600,6.8600,6.8500,6.8500,25600,175420.0000,3
2025-09-25,20250925142500000,sz.000968,6.8600,6.8600,6.8500,6.8600,33900,232536.0000,3
2025-09-25,20250925143000000,sz.000968,6.8600,6.8700,6.8600,6.8700,96300,661328.0000,3
2025-09-25,20250925143500000,sz.000968,6.8600,6.8700,6.8600,6.8700,54000,370896.0000,3
2025-09-25,20250925144000000,sz.000968,6.8700,6.8700,6.8600,6.8600,21800,149568.0000,3
2025-09-25,20250925144500000,sz.000968,6.8700,6.8700,6.8600,6.8600,31100,213536.0000,3
2025-09-25,20250925145000000,sz.000968,6.8600,6.8800,6.8600,6.8700,236900,1627788.0000,3
2025-09-25,20250925145500000,sz.000968,6.8700,6.8800,6.8600,6.8600,73600,505532.0000,3
2025-09-25,20250925150000000,sz.000968,6.8600,6.8700,6.8500,6.8500,160700,1102104.0000,3
2025-09-26,20250926093500000,sz.000968,6.8500,6.8700,6.8300,6.8500,289800,1985213.0000,3
2025-09-26,20250926094000000,sz.000968,6.8400,6.8800,6.8400,6.8700,175700,1206073.0000,3
2025-09-26,20250926094500000,sz.000968,6.8800,6.9000,6.8800,6.8900,319900,2203560.0000,3
2025-09-26,20250926095000000,sz.000968,6.8900,6.9200,6.8900,6.9000,273200,1886719.0000,3
2025-09-26,20250926095500000,sz.000968,6.8900,6.9000,6.8800,6.8900,96000,661073.0000,3
2025-09-26,20250926100000000,sz.000968,6.8800,6.9000,6.8700,6.8800,165700,1141417.0000,3
2025-09-26,20250926100500000,sz.000968,6.8900,6.9000,6.8800,6.8900,77400,533254.0000,3
2025-09-26,20250926101000000,sz.000968,6.8800,6.9200,6.8800,6.9000,444000,3065541.0000,3
2025-09-26,20250926101500000,sz.000968,6.9000,6.9200,6.9000,6.9200,129100,892738.0000,3
2025-09-26,20250926102000000,sz.000968,6.9200,6.9200,6.9100,6.9100,165400,1144109.0000,3
2025-09-26,20250926102500000,sz.000968,6.9100,6.9400,6.9100,6.9400,325800,2256655.0000,3
2025-09-26,20250926103000000,sz.000968,6.9400,6.9400,6.9300,6.9400,87900,609740.0000,3
2025-09-26,20250926103500000,sz.000968,6.9300,6.9400,6.9300,6.9300,245000,1697916.0000,3
2025-09-26,20250926104000000,sz.000968,6.9300,6.9400,6.9200,6.9400,116600,808224.0000,3
2025-09-26,20250926104500000,sz.000968,6.9300,6.9500,6.9300,6.9400,259300,1799716.0000,3
2025-09-26,20250926105000000,sz.000968,6.9400,6.9400,6.9300,6.9400,132000,916054.0000,3
2025-09-26,20250926105500000,sz.000968,6.9400,6.9400,6.9300,6.9400,64600,447838.0000,3
2025-09-26,20250926110000000,sz.000968,6.9400,6.9400,6.9300,6.9300,64400,446388.0000,3
2025-09-26,20250926110500000,sz.000968,6.9400,6.9400,6.9200,6.9300,60300,417880.0000,3
2025-09-26,20250926111000000,sz.000968,6.9300,6.9400,6.9200,6.9300,37000,256462.0000,3
2025-09-26,20250926111500000,sz.000968,6.9300,6.9300,6.9200,6.9200,21800,150934.0000,3
2025-09-26,20250926112000000,sz.000968,6.9300,6.9300,6.9100,6.9200,45100,312072.0000,3
2025-09-26,20250926112500000,sz.000968,6.9200,6.9200,6.9100,6.9200,19700,136202.0000,3
2025-09-26,20250926113000000,sz.000968,6.9100,6.9200,6.9100,6.9200,17700,122452.0000,3
2025-09-26,20250926130500000,sz.000968,6.9200,6.9200,6.9000,6.9000,154100,1064470.0000,3
2025-09-26,20250926131000000,sz.000968,6.9000,6.9100,6.8900,6.9100,63900,440942.0000,3
2025-09-26,20250926131500000,sz.000968,6.9100,6.9100,6.9000,6.9100,16900,116740.0000,3
2025-09-26,20250926132000000,sz.000968,6.9000,6.9100,6.9000,6.9000,30900,213258.0000,3
2025-09-26,20250926132500000,sz.000968,6.9000,6.9000,6.8900,6.8900,35700,246142.0000,3
2025-09-26,20250926133000000,sz.000968,6.9000,6.9000,6.8900,6.8900,3000,20688.0000,3
2025-09-26,20250926133500000,sz.000968,6.9000,6.9100,6.8900,6.9000,114400,788906.0000,3
2025-09-26,20250926134000000,sz.000968,6.9000,6.9100,6.9000,6.9100,3800,26232.0000,3
2025-09-26,20250926134500000,sz.000968,6.9000,6.9100,6.9000,6.9100,53100,366458.0000,3
2025-09-26,20250926135000000,sz.000968,6.9100,6.9200,6.9000,6.9200,73000,504202.0000,3
2025-09-26,20250926135500000,sz.000968,6.9100,6.9200,6.9000,6.9000,56800,391932.0000,3
2025-09-26,20250926140000000,sz.000968,6.8900,6.9000,6.8900,6.8900,87700,604360.0000,3
2025-09-26,20250926140500000,sz.000968,6.8900,6.9000,6.8800,6.9000,41800,288088.0000,3
2025-09-26,20250926141000000,sz.000968,6.8900,6.9000,6.8900,6.9000,32300,222666.0000,3
2025-09-26,20250926141500000,sz.000968,6.9000,6.9000,6.8900,6.8900,36700,252902.0000,3
2025-09-26,20250926142000000,sz.000968,6.8900,6.9000,6.8900,6.9000,30700,211592.0000,3
2025-09-26,20250926142500000,sz.000968,6.8900,6.9100,6.8900,6.9000,85300,588580.0000,3
2025-09-26,20250926143000000,sz.000968,6.9000,6.9000,6.8900,6.8900,94600,652056.0000,3
2025-09-26,20250926143500000,sz.000968,6.8900,6.9000,6.8900,6.9000,49500,341368.0000,3
2025-09-26,20250926144000000,sz.000968,6.8900,6.9000,6.8900,6.9000,54200,373604.0000,3
2025-09-26,20250926144500000,sz.000968,6.9000,6.9000,6.8800,6.9000,122700,845624.0000,3
2025-09-26,20250926145000000,sz.000968,6.9000,6.9000,6.8900,6.8900,46900,323340.0000,3
2025-09-26,20250926145500000,sz.000968,6.8900,6.9000,6.8800,6.8900,234800,1617820.0000,3
2025-09-26,20250926150000000,sz.000968,6.8900,6.8900,6.8800,6.8900,178400,1228508.0000,3
2025-09-29,20250929093500000,sz.000968,6.8900,6.8900,6.8000,6.8000,790700,5401601.0000,3
2025-09-29,20250929094000000,sz.000968,6.8000,6.8200,6.7800,6.7900,561400,3813235.0000,3
2025-09-29,20250929094500000,sz.000968,6.7900,6.7900,6.7800,6.7800,123200,835916.0000,3
2025-09-29,20250929095000000,sz.000968,6.7800,6.8300,6.7800,6.8200,288600,1963975.0000,3
2025-09-29,20250929095500000,sz.000968,6.8100,6.8200,6.8000,6.8000,109300,744565.0000,3
2025-09-29,20250929100000000,sz.000968,6.8100,6.8400,6.8100,6.8400,171000,1166189.0000,3
2025-09-29,20250929100500000,sz.000968,6.8400,6.8500,6.8300,6.8500,136500,933273.0000,3
2025-09-29,20250929101000000,sz.000968,6.8500,6.8500,6.8400,6.8500,58900,403420.0000,3
2025-09-29,20250929101500000,sz.000968,6.8500,6.8600,6.8400,6.8600,149700,1025743.0000,3
2025-09-29,20250929102000000,sz.000968,6.8500,6.8600,6.8500,6.8600,39300,269528.0000,3
2025-09-29,20250929102500000,sz.000968,6.8600,6.8700,6.8500,6.8500,443500,3037447.0000,3
2025-09-29,20250929103000000,sz.000968,6.8600,6.8700,6.8500,6.8700,342300,2345576.0000,3
2025-09-29,20250929103500000,sz.000968,6.8700,6.8700,6.8600,6.8700,96600,662982.0000,3
2025-09-29,20250929104000000,sz.000968,6.8600,6.8600,6.8500,6.8500,94900,650464.0000,3
2025-09-29,20250929104500000,sz.000968,6.8500,6.8600,6.8300,6.8400,70600,482970.0000,3
2025-09-29,20250929105000000,sz.000968,6.8500,6.8500,6.8300,6.8300,104800,716488.0000,3
2025-09-29,20250929105500000,sz.000968,6.8400,6.8400,6.8300,6.8400,26100,178428.0000,3
2025-09-29,20250929110000000,sz.000968,6.8400,6.8500,6.8300,6.8500,187700,1283424.0000,3
2025-09-29,20250929110500000,sz.000968,6.8400,6.8500,6.8300,6.8500,100900,690196.0000,3
2025-09-29,20250929111000000,sz.000968,6.8500,6.8500,6.8300,6.8300,110000,752358.0000,3
2025-09-29,20250929111500000,sz.000968,6.8300,6.8400,6.8300,6.8400,97700,668132.0000,3
2025-09-29,20250929112000000,sz.000968,6.8400,6.8500,6.8400,6.8400,40600,277740.0000,3
2025-09-29,20250929112500000,sz.000968,6.8400,6.8500,6.8400,6.8400,11400,77992.0000,3
2025-09-29,20250929113000000,sz.000968,6.8400,6.8500,6.8400,6.8400,87500,598584.0000,3
2025-09-29,20250929130500000,sz.000968,6.8400,6.8400,6.8300,6.8300,104300,713258.0000,3
2025-09-29,20250929131000000,sz.000968,6.8400,6.8400,6.8300,6.8300,130600,893196.0000,3
2025-09-29,20250929131500000,sz.000968,6.8300,6.8400,6.8300,6.8400,173900,1187772.0000,3
2025-09-29,20250929132000000,sz.000968,6.8400,6.8400,6.8300,6.8300,43000,293764.0000,3
2025-09-29,20250929132500000,sz.000968,6.8300,6.8300,6.8300,6.8300,30900,211078.0000,3
2025-09-29,20250929133000000,sz.000968,6.8300,6.8400,6.8300,6.8400,42000,287154.0000,3
2025-09-29,20250929133500000,sz.000968,6.8300,6.8400,6.8300,6.8400,91700,626586.0000,3
2025-09-29,20250929134000000,sz.000968,6.8300,6.8400,6.8300,6.8400,25700,175702.0000,3
2025-09-29,20250929134500000,sz.000968,6.8400,6.8600,6.8300,6.8500,148300,1014824.0000,3
2025-09-29,20250929135000000,sz.000968,6.8500,6.8600,6.8400,6.8600,60600,415048.0000,3
2025-09-29,20250929135500000,sz.000968,6.8500,6.8800,6.8500,6.8800,305500,2098016.0000,3
2025-09-29,20250929140000000,sz.000968,6.8800,6.8900,6.8700,6.8900,291500,2006344.0000,3
2025-09-29,20250929140500000,sz.000968,6.8900,6.8900,6.8800,6.8900,196600,1354416.0000,3
2025-09-29,20250929141000000,sz.000968,6.9000,6.9000,6.8800,6.8800,156500,1078284.0000,3
2025-09-29,20250929141500000,sz.000968,6.8900,6.8900,6.8600,6.8600,114100,784804.0000,3
2025-09-29,20250929142000000,sz.000968,6.8600,6.8800,6.8600,6.8600,72300,496672.0000,3
2025-09-29,20250929142500000,sz.000968,6.8600,6.8800,6.8600,6.8800,85800,589088.0000,3
2025-09-29,20250929143000000,sz.000968,6.8800,6.8800,6.8600,6.8700,61600,423292.0000,3
2025-09-29,20250929143500000,sz.000968,6.8700,6.8800,6.8700,6.8700,45500,312884.0000,3
2025-09-29,20250929144000000,sz.000968,6.8800,6.8900,6.8700,6.8800,96900,666716.0000,3
2025-09-29,20250929144500000,sz.000968,6.8800,6.8800,6.8700,6.8800,44000,302624.0000,3
2025-09-29,20250929145000000,sz.000968,6.8800,6.8800,6.8700,6.8800,151900,1044148.0000,3
2025-09-29,20250929145500000,sz.000968,6.8800,6.8900,6.8700,6.8800,184400,1268284.0000,3
2025-09-29,20250929150000000,sz.000968,6.8800,6.8900,6.8800,6.8900,112200,772452.0000,3
2025-09-30,20250930093500000,sz.000968,6.8700,6.8900,6.8500,6.8700,427700,2938392.0000,3
2025-09-30,20250930094000000,sz.000968,6.8700,6.8700,6.8500,6.8700,144000,988158.0000,3
2025-09-30,20250930094500000,sz.000968,6.8600,6.8700,6.8500,6.8600,213300,1463143.0000,3
2025-09-30,20250930095000000,sz.000968,6.8700,6.8700,6.8500,6.8700,87900,602380.0000,3
2025-09-30,20250930095500000,sz.000968,6.8700,6.8700,6.8500,6.8600,77000,528355.0000,3
2025-09-30,20250930100000000,sz.000968,6.8600,6.8700,6.8500,6.8600,250200,1714808.0000,3
2025-09-30,20250930100500000,sz.000968,6.8600,6.8700,6.8600,6.8700,86000,589997.0000,3
2025-09-30,20250930101000000,sz.000968,6.8600,6.8700,6.8500,6.8600,145200,996215.0000,3
2025-09-30,20250930101500000,sz.000968,6.8500,6.8600,6.8500,6.8600,58500,401157.0000,3
2025-09-30,20250930102000000,sz.000968,6.8600,6.8600,6.8500,6.8500,60700,415860.0000,3
2025-09-30,20250930102500000,sz.000968,6.8500,6.8600,6.8500,6.8600,133000,911518.0000,3
2025-09-30,20250930103000000,sz.000968,6.8500,6.8600,6.8400,6.8500,226500,1551462.0000,3
2025-09-30,20250930103500000,sz.000968,6.8400,6.8500,6.8400,6.8500,103200,706265.0000,3
2025-09-30,20250930104000000,sz.000968,6.8400,6.8500,6.8400,6.8500,147400,1008414.0000,3
2025-09-30,20250930104500000,sz.000968,6.8500,6.8500,6.8300,6.8500,119000,813969.0000,3
2025-09-30,20250930105000000,sz.000968,6.8500,6.8500,6.8400,6.8500,14100,96477.0000,3
2025-09-30,20250930105500000,sz.000968,6.8400,6.8500,6.8300,6.8400,126900,867740.0000,3
2025-09-30,20250930110000000,sz.000968,6.8500,6.8600,6.8400,6.8500,154200,1056312.0000,3
2025-09-30,20250930110500000,sz.000968,6.8500,6.8600,6.8500,6.8600,61900,424124.0000,3
2025-09-30,20250930111000000,sz.000968,6.8500,6.8500,6.8400,6.8400,33300,228018.0000,3
2025-09-30,20250930111500000,sz.000968,6.8400,6.8600,6.8400,6.8500,75800,519038.0000,3
2025-09-30,20250930112000000,sz.000968,6.8400,6.8600,6.8400,6.8500,20400,139710.0000,3
2025-09-30,20250930112500000,sz.000968,6.8500,6.8600,6.8400,6.8400,71400,488712.0000,3
2025-09-30,20250930113000000,sz.000968,6.8400,6.8500,6.8400,6.8400,85300,583610.0000,3
2025-09-30,20250930130500000,sz.000968,6.8400,6.8600,6.8400,6.8500,173100,1185622.0000,3
2025-09-30,20250930131000000,sz.000968,6.8600,6.8600,6.8400,6.8400,95700,655188.0000,3
2025-09-30,20250930131500000,sz.000968,6.8500,6.8600,6.8400,6.8600,74500,510388.0000,3
2025-09-30,20250930132000000,sz.000968,6.8500,6.8600,6.8500,6.8500,55600,381160.0000,3
2025-09-30,20250930132500000,sz.000968,6.8500,6.8600,6.8500,6.8500,18100,123992.0000,3
2025-09-30,20250930133000000,sz.000968,6.8600,6.8700,6.8500,6.8500,130500,895332.0000,3
2025-09-30,20250930133500000,sz.000968,6.8500,6.8600,6.8500,6.8600,79900,547978.0000,3
2025-09-30,20250930134000000,sz.000968,6.8500,6.8700,6.8500,6.8600,54600,374542.0000,3
2025-09-30,20250930134500000,sz.000968,6.8600,6.8700,6.8500,6.8700,29900,205120.0000,3
2025-09-30,20250930135000000,sz.000968,6.8600,6.8600,6.8500,6.8600,39800,272820.0000,3
2025-09-30,20250930135500000,sz.000968,6.8500,6.8600,6.8500,6.8500,23200,159100.0000,3
2025-09-30,20250930140000000,sz.000968,6.8500,6.8600,6.8500,6.8600,73700,504896.0000,3
2025-09-30,20250930140500000,sz.000968,6.8500,6.8600,6.8500,6.8500,13500,92552.0000,3
2025-09-30,20250930141000000,sz.000968,6.8600,6.8600,6.8500,6.8600,115700,792836.0000,3
2025-09-30,20250930141500000,sz.000968,6.8500,6.8600,6.8500,6.8500,30400,208362.0000,3
2025-09-30,20250930142000000,sz.000968,6.8600,6.8600,6.8500,6.8600,49800,341506.0000,3
2025-09-30,20250930142500000,sz.000968,6.8500,6.8600,6.8500,6.8600,34500,236428.0000,3
2025-09-30,20250930143000000,sz.000968,6.8500,6.8600,6.8400,6.8500,323300,2213380.0000,3
2025-09-30,20250930143500000,sz.000968,6.8400,6.8500,6.8400,6.8500,36000,246328.0000,3
2025-09-30,20250930144000000,sz.000968,6.8500,6.8500,6.8400,6.8400,29300,200494.0000,3
2025-09-30,20250930144500000,sz.000968,6.8400,6.8500,6.8400,6.8500,86800,594078.0000,3
2025-09-30,20250930145000000,sz.000968,6.8400,6.8600,6.8400,6.8500,285500,1955264.0000,3
2025-09-30,20250930145500000,sz.000968,6.8500,6.8600,6.8400,6.8500,203100,1391164.0000,3
2025-09-30,20250930150000000,sz.000968,6.8500,6.8500,6.8400,6.8400,167600,1147032.0000,3
2025-10-09,20251009093500000,sz.000968,6.8800,7.0200,6.8800,6.9600,2382300,16567562.0000,3
2025-10-09,20251009094000000,sz.000968,6.9600,6.9800,6.9400,6.9400,646500,4496338.0000,3
2025-10-09,20251009094500000,sz.000968,6.9500,6.9600,6.9400,6.9500,278400,1935308.0000,3
2025-10-09,20251009095000000,sz.000968,6.9600,6.9800,6.9500,6.9700,451500,3145782.0000,3
2025-10-09,20251009095500000,sz.000968,6.9600,6.9700,6.9300,6.9400,260700,1811670.0000,3
2025-10-09,20251009100000000,sz.000968,6.9300,6.9500,6.9300,6.9400,83900,581968.0000,3
2025-10-09,20251009100500000,sz.000968,6.9400,6.9400,6.9200,6.9300,207100,1435168.0000,3
2025-10-09,20251009101000000,sz.000968,6.9400,6.9500,6.9300,6.9400,149300,1036296.0000,3
2025-10-09,20251009101500000,sz.000968,6.9400,6.9700,6.9300,6.9700,478200,3326768.0000,3
2025-10-09,20251009102000000,sz.000968,6.9700,6.9700,6.9500,6.9500,209300,1455832.0000,3
2025-10-09,20251009102500000,sz.000968,6.9500,6.9600,6.9400,6.9400,85200,591992.0000,3
2025-10-09,20251009103000000,sz.000968,6.9400,6.9500,6.9300,6.9500,198500,1377788.0000,3
2025-10-09,20251009103500000,sz.000968,6.9500,6.9600,6.9400,6.9500,442000,3069264.0000,3
2025-10-09,20251009104000000,sz.000968,6.9600,6.9600,6.9500,6.9600,154800,1077208.0000,3
2025-10-09,20251009104500000,sz.000968,6.9600,6.9700,6.9600,6.9700,63700,443648.0000,3
2025-10-09,20251009105000000,sz.000968,6.9600,6.9700,6.9500,6.9600,126100,877364.0000,3
2025-10-09,20251009105500000,sz.000968,6.9500,6.9600,6.9500,6.9600,20200,140504.0000,3
2025-10-09,20251009110000000,sz.000968,6.9500,6.9700,6.9500,6.9600,193100,1344452.0000,3
2025-10-09,20251009110500000,sz.000968,6.9600,6.9700,6.9500,6.9600,65900,458596.0000,3
2025-10-09,20251009111000000,sz.000968,6.9600,6.9700,6.9500,6.9600,117700,818500.0000,3
2025-10-09,20251009111500000,sz.000968,6.9700,6.9700,6.9500,6.9600,76300,531336.0000,3
2025-10-09,20251009112000000,sz.000968,6.9600,6.9700,6.9500,6.9700,140400,977240.0000,3
2025-10-09,20251009112500000,sz.000968,6.9700,6.9700,6.9600,6.9700,39300,273680.0000,3
2025-10-09,20251009113000000,sz.000968,6.9600,6.9700,6.9600,6.9600,61100,425324.0000,3
2025-10-09,20251009130500000,sz.000968,6.9700,6.9800,6.9600,6.9700,787700,5491480.0000,3
2025-10-09,20251009131000000,sz.000968,6.9800,6.9800,6.9700,6.9700,71200,496748.0000,3
2025-10-09,20251009131500000,sz.000968,6.9700,6.9800,6.9600,6.9700,131600,917096.0000,3
2025-10-09,20251009132000000,sz.000968,6.9700,6.9700,6.9600,6.9700,68100,474208.0000,3
2025-10-09,20251009132500000,sz.000968,6.9700,6.9800,6.9600,6.9700,174900,1218936.0000,3
2025-10-09,20251009133000000,sz.000968,6.9800,6.9800,6.9700,6.9800,79300,553304.0000,3
2025-10-09,20251009133500000,sz.000968,6.9700,6.9800,6.9700,6.9800,125000,871564.0000,3
2025-10-09,20251009134000000,sz.000968,6.9800,6.9800,6.9700,6.9800,160900,1122708.0000,3
2025-10-09,20251009134500000,sz.000968,6.9700,6.9800,6.9700,6.9800,54700,381764.0000,3
2025-10-09,20251009135000000,sz.000968,6.9800,6.9800,6.9700,6.9700,46300,322872.0000,3
2025-10-09,20251009135500000,sz.000968,6.9700,6.9800,6.9700,6.9700,70000,488192.0000,3
2025-10-09,20251009140000000,sz.000968,6.9700,6.9800,6.9700,6.9800,60100,419360.0000,3
2025-10-09,20251009140500000,sz.000968,6.9700,6.9900,6.9700,6.9800,226000,1577840.0000,3
2025-10-09,20251009141000000,sz.000968,6.9900,7.0100,6.9800,7.0000,883900,6184172.0000,3
2025-10-09,20251009141500000,sz.000968,7.0000,7.0100,6.9900,6.9900,64800,453480.0000,3
2025-10-09,20251009142000000,sz.000968,7.0000,7.0000,6.9900,7.0000,126500,884688.0000,3
2025-10-09,20251009142500000,sz.000968,7.0000,7.0000,6.9900,6.9900,51900,362880.0000,3
2025-10-09,20251009143000000,sz.000968,7.0000,7.0000,6.9900,7.0000,95400,667216.0000,3
2025-10-09,20251009143500000,sz.000968,7.0000,7.0100,6.9900,7.0100,337400,2361944.0000,3
2025-10-09,20251009144000000,sz.000968,7.0100,7.0100,7.0000,7.0100,314800,2206976.0000,3
2025-10-09,20251009144500000,sz.000968,7.0100,7.0200,7.0100,7.0100,163800,1149432.0000,3
2025-10-09,20251009145000000,sz.000968,7.0200,7.0200,7.0100,7.0200,346900,2434576.0000,3
2025-10-09,20251009145500000,sz.000968,7.0100,7.0200,7.0100,7.0100,343700,2411544.0000,3
2025-10-09,20251009150000000,sz.000968,7.0100,7.0300,7.0100,7.0200,603700,4237808.0000,3
2025-10-10,20251010093500000,sz.000968,7.0300,7.0500,7.0000,7.0300,910300,6395184.0000,3
2025-10-10,20251010094000000,sz.000968,7.0300,7.0800,7.0300,7.0600,1079300,7616498.0000,3
2025-10-10,20251010094500000,sz.000968,7.0600,7.0900,7.0500,7.0800,1094000,7737376.0000,3
2025-10-10,20251010095000000,sz.000968,7.0800,7.1300,7.0700,7.1300,2276100,16164166.0000,3
2025-10-10,20251010095500000,sz.000968,7.1200,7.1400,7.1200,7.1300,1151600,8211000.0000,3
2025-10-10,20251010100000000,sz.000968,7.1200,7.1300,7.1000,7.1000,668900,4759212.0000,3
2025-10-10,20251010100500000,sz.000968,7.1000,7.1400,7.1000,7.1300,660200,4704324.0000,3
2025-10-10,20251010101000000,sz.000968,7.1300,7.1400,7.1300,7.1300,359800,2566468.0000,3
2025-10-10,20251010101500000,sz.000968,7.1300,7.1800,7.1300,7.1700,2088800,14937716.0000,3
2025-10-10,20251010102000000,sz.000968,7.1700,7.1700,7.1500,7.1500,685400,4909208.0000,3
2025-10-10,20251010102500000,sz.000968,7.1500,7.1600,7.1400,7.1500,357100,2554256.0000,3
2025-10-10,20251010103000000,sz.000968,7.1500,7.1600,7.1500,7.1500,252300,1804664.0000,3
2025-10-10,20251010103500000,sz.000968,7.1600,7.1800,7.1500,7.1700,715500,5127120.0000,3
2025-10-10,20251010104000000,sz.000968,7.1700,7.1800,7.1600,7.1600,242700,1739736.0000,3
2025-10-10,20251010104500000,sz.000968,7.1700,7.1800,7.1600,7.1600,253100,1814752.0000,3
2025-10-10,20251010105000000,sz.000968,7.1700,7.1700,7.1600,7.1700,82000,587592.0000,3
2025-10-10,20251010105500000,sz.000968,7.1600,7.1700,7.1500,7.1600,136000,973696.0000,3
2025-10-10,20251010110000000,sz.000968,7.1600,7.1700,7.1500,7.1600,222600,1593640.0000,3
2025-10-10,20251010110500000,sz.000968,7.1700,7.1700,7.1500,7.1500,192500,1378224.0000,3
2025-10-10,20251010111000000,sz.000968,7.1500,7.1600,7.1500,7.1600,160500,1147744.0000,3
2025-10-10,20251010111500000,sz.000968,7.1500,7.1600,7.1400,7.1500,263300,1882264.0000,3
2025-10-10,20251010112000000,sz.000968,7.1500,7.1600,7.1400,7.1500,74300,531088.0000,3
2025-10-10,20251010112500000,sz.000968,7.1600,7.1600,7.1400,7.1400,167600,1198480.0000,3
2025-10-10,20251010113000000,sz.000968,7.1400,7.1600,7.1400,7.1500,275600,1969304.0000,3
2025-10-10,20251010130500000,sz.000968,7.1500,7.1500,7.1400,7.1500,268300,1917248.0000,3
2025-10-10,20251010131000000,sz.000968,7.1500,7.1500,7.1400,7.1500,109800,784232.0000,3
2025-10-10,20251010131500000,sz.000968,7.1500,7.1600,7.1500,7.1600,487700,3487848.0000,3
2025-10-10,20251010132000000,sz.000968,7.1600,7.1600,7.1500,7.1600,139000,994496.0000,3
2025-10-10,20251010132500000,sz.000968,7.1600,7.1600,7.1500,7.1600,243800,1744816.0000,3
2025-10-10,20251010133000000,sz.000968,7.1600,7.1600,7.1500,7.1500,211500,1512248.0000,3
2025-10-10,20251010133500000,sz.000968,7.1600,7.1600,7.1500,7.1600,171600,1227392.0000,3
2025-10-10,20251010134000000,sz.000968,7.1600,7.1600,7.1500,7.1600,154200,1103808.0000,3
2025-10-10,20251010134500000,sz.000968,7.1600,7.1600,7.1400,7.1500,115000,822184.0000,3
2025-10-10,20251010135000000,sz.000968,7.1400,7.1600,7.1400,7.1500,130500,933112.0000,3
2025-10-10,20251010135500000,sz.000968,7.1500,7.1600,7.1400,7.1500,203000,1451104.0000,3
2025-10-10,20251010140000000,sz.000968,7.1500,7.1600,7.1400,7.1500,70600,504824.0000,3
2025-10-10,20251010140500000,sz.000968,7.1600,7.1600,7.1500,7.1600,483000,3453944.0000,3
2025-10-10,20251010141000000,sz.000968,7.1600,7.1600,7.1400,7.1500,109600,783568.0000,3
2025-10-10,20251010141500000,sz.000968,7.1400,7.1400,7.1300,7.1400,186800,1333360.0000,3
2025-10-10,20251010142000000,sz.000968,7.1300,7.1400,7.1300,7.1400,116100,828008.0000,3
2025-10-10,20251010142500000,sz.000968,7.1400,7.1400,7.1300,7.1300,37800,269632.0000,3
2025-10-10,20251010143000000,sz.000968,7.1400,7.1400,7.1300,7.1400,318500,2270992.0000,3
2025-10-10,20251010143500000,sz.000968,7.1400,7.1500,7.1200,7.1400,688900,4915272.0000,3
2025-10-10,20251010144000000,sz.000968,7.1400,7.1600,7.1300,7.1500,546700,3908392.0000,3
2025-10-10,20251010144500000,sz.000968,7.1400,7.1500,7.1400,7.1500,165900,1185088.0000,3
2025-10-10,20251010145000000,sz.000968,7.1500,7.1500,7.1400,7.1400,337600,2412448.0000,3
2025-10-10,20251010145500000,sz.000968,7.1400,7.1600,7.1400,7.1600,654900,4682064.0000,3
2025-10-10,20251010150000000,sz.000968,7.1600,7.1600,7.1500,7.1600,367200,2628288.0000,3
2025-10-13,20251013093500000,sz.000968,7.0000,7.0500,6.9600,6.9900,3361200,23516046.0000,3
2025-10-13,20251013094000000,sz.000968,6.9800,7.0100,6.9700,7.0000,1150500,8038090.0000,3
2025-10-13,20251013094500000,sz.000968,7.0100,7.0200,6.9900,7.0000,739300,5175064.0000,3
2025-10-13,20251013095000000,sz.000968,7.0000,7.0100,6.9700,6.9900,424000,2963600.0000,3
2025-10-13,20251013095500000,sz.000968,6.9900,7.0200,6.9800,7.0100,431700,3023812.0000,3
2025-10-13,20251013100000000,sz.000968,7.0000,7.0200,6.9800,6.9900,676200,4730916.0000,3
2025-10-13,20251013100500000,sz.000968,6.9900,6.9900,6.9700,6.9800,449500,3137204.0000,3
2025-10-13,20251013101000000,sz.000968,6.9800,6.9800,6.9600,6.9700,461600,3216924.0000,3
2025-10-13,20251013101500000,sz.000968,6.9600,6.9700,6.9500,6.9700,411500,2864464.0000,3
2025-10-13,20251013102000000,sz.000968,6.9700,6.9800,6.9600,6.9700,253500,1767992.0000,3
2025-10-13,20251013102500000,sz.000968,6.9700,6.9900,6.9700,6.9800,133400,931264.0000,3
2025-10-13,20251013103000000,sz.000968,6.9800,7.0200,6.9800,7.0100,251900,1762568.0000,3
2025-10-13,20251013103500000,sz.000968,7.0000,7.0200,7.0000,7.0200,274800,1925864.0000,3
2025-10-13,20251013104000000,sz.000968,7.0200,7.0300,7.0100,7.0300,255500,1793192.0000,3
2025-10-13,20251013104500000,sz.000968,7.0300,7.0300,7.0100,7.0200,137200,962536.0000,3
2025-10-13,20251013105000000,sz.000968,7.0200,7.0300,7.0100,7.0300,137400,964848.0000,3
2025-10-13,20251013105500000,sz.000968,7.0200,7.0300,7.0100,7.0100,101700,713744.0000,3
2025-10-13,20251013110000000,sz.000968,7.0100,7.0200,7.0000,7.0000,86100,603504.0000,3
2025-10-13,20251013110500000,sz.000968,7.0000,7.0100,7.0000,7.0000,142500,997584.0000,3
2025-10-13,20251013111000000,sz.000968,7.0000,7.0100,6.9900,6.9900,45800,320408.0000,3
2025-10-13,20251013111500000,sz.000968,7.0000,7.0000,6.9800,6.9900,219400,1533456.0000,3
2025-10-13,20251013112000000,sz.000968,6.9800,7.0000,6.9800,7.0000,56000,391600.0000,3
2025-10-13,20251013112500000,sz.000968,7.0000,7.0000,6.9900,6.9900,87300,610280.0000,3
2025-10-13,20251013113000000,sz.000968,6.9900,7.0000,6.9800,6.9800,78400,547776.0000,3
2025-10-13,20251013130500000,sz.000968,6.9800,6.9800,6.9600,6.9700,565800,3943816.0000,3
2025-10-13,20251013131000000,sz.000968,6.9700,6.9800,6.9600,6.9700,202100,1407856.0000,3
2025-10-13,20251013131500000,sz.000968,6.9700,6.9800,6.9600,6.9800,85000,592480.0000,3
2025-10-13,20251013132000000,sz.000968,6.9700,6.9900,6.9700,6.9800,98700,688344.0000,3
2025-10-13,20251013132500000,sz.000968,6.9800,7.0000,6.9800,7.0000,84300,589104.0000,3
2025-10-13,20251013133000000,sz.000968,6.9900,7.0100,6.9900,7.0100,69500,486552.0000,3
2025-10-13,20251013133500000,sz.000968,7.0100,7.0200,7.0000,7.0100,139300,976808.0000,3
2025-10-13,20251013134000000,sz.000968,7.0100,7.0400,7.0100,7.0300,310100,2178976.0000,3
2025-10-13,20251013134500000,sz.000968,7.0400,7.0400,7.0300,7.0300,184800,1300416.0000,3
2025-10-13,20251013135000000,sz.000968,7.0300,7.0400,7.0300,7.0400,129100,907832.0000,3
2025-10-13,20251013135500000,sz.000968,7.0300,7.0400,7.0300,7.0300,98300,691880.0000,3
2025-10-13,20251013140000000,sz.000968,7.0300,7.0500,7.0300,7.0500,122800,865080.0000,3
2025-10-13,20251013140500000,sz.000968,7.0500,7.0500,7.0300,7.0300,164400,1157424.0000,3
2025-10-13,20251013141000000,sz.000968,7.0300,7.0400,7.0300,7.0400,71900,505464.0000,3
2025-10-13,20251013141500000,sz.000968,7.0400,7.0400,7.0300,7.0400,133600,940448.0000,3
2025-10-13,20251013142000000,sz.000968,7.0400,7.0500,7.0400,7.0400,426300,2997672.0000,3
2025-10-13,20251013142500000,sz.000968,7.0500,7.0500,7.0400,7.0400,28900,203512.0000,3
2025-10-13,20251013143000000,sz.000968,7.0400,7.0500,7.0400,7.0400,131200,924096.0000,3
2025-10-13,20251013143500000,sz.000968,7.0400,7.0700,7.0400,7.0600,291000,2053112.0000,3
2025-10-13,20251013144000000,sz.000968,7.0700,7.0700,7.0500,7.0500,206900,1459840.0000,3
2025-10-13,20251013144500000,sz.000968,7.0500,7.0600,7.0500,7.0600,281200,1984104.0000,3
2025-10-13,20251013145000000,sz.000968,7.0600,7.0600,7.0500,7.0500,167900,1183968.0000,3
2025-10-13,20251013145500000,sz.000968,7.0500,7.0600,7.0400,7.0500,465800,3285896.0000,3
2025-10-13,20251013150000000,sz.000968,7.0500,7.0600,7.0500,7.0600,259600,1832408.0000,3
2025-10-14,20251014093500000,sz.000968,7.0600,7.0900,7.0600,7.0800,761800,5389090.0000,3
2025-10-14,20251014094000000,sz.000968,7.0800,7.0800,7.0500,7.0600,418000,2954802.0000,3
2025-10-14,20251014094500000,sz.000968,7.0600,7.0800,7.0600,7.0600,301800,2133133.0000,3
2025-10-14,20251014095000000,sz.000968,7.0600,7.0800,7.0500,7.0600,831700,5871131.0000,3
2025-10-14,20251014095500000,sz.000968,7.0600,7.0900,7.0500,7.0900,421800,2982712.0000,3
2025-10-14,20251014100000000,sz.000968,7.0900,7.1200,7.0900,7.1100,448800,3187716.0000,3
2025-10-14,20251014100500000,sz.000968,7.1100,7.1400,7.1100,7.1400,810000,5772724.0000,3
2025-10-14,20251014101000000,sz.000968,7.1300,7.1500,7.1200,7.1300,334600,2387546.0000,3
2025-10-14,20251014101500000,sz.000968,7.1300,7.1400,7.1100,7.1200,341700,2434854.0000,3
2025-10-14,20251014102000000,sz.000968,7.1200,7.1300,7.1200,7.1300,128000,912084.0000,3
2025-10-14,20251014102500000,sz.000968,7.1200,7.1500,7.1200,7.1400,318800,2274632.0000,3
2025-10-14,20251014103000000,sz.000968,7.1300,7.1400,7.1200,7.1300,220900,1574956.0000,3
2025-10-14,20251014103500000,sz.000968,7.1300,7.1400,7.1300,7.1300,119900,855552.0000,3
2025-10-14,20251014104000000,sz.000968,7.1300,7.1500,7.1300,7.1500,566400,4045988.0000,3
2025-10-14,20251014104500000,sz.000968,7.1400,7.1600,7.1400,7.1500,425000,3040728.0000,3
2025-10-14,20251014105000000,sz.000968,7.1500,7.1600,7.1300,7.1400,352900,2521264.0000,3
2025-10-14,20251014105500000,sz.000968,7.1300,7.1400,7.1300,7.1400,73200,522076.0000,3
2025-10-14,20251014110000000,sz.000968,7.1400,7.1400,7.1200,7.1400,365400,2605800.0000,3
2025-10-14,20251014110500000,sz.000968,7.1300,7.1800,7.1300,7.1700,1023600,7328992.0000,3
2025-10-14,20251014111000000,sz.000968,7.1700,7.1900,7.1700,7.1900,766700,5505452.0000,3
2025-10-14,20251014111500000,sz.000968,7.1900,7.2100,7.1700,7.2100,1285000,9244624.0000,3
2025-10-14,20251014112000000,sz.000968,7.2000,7.2200,7.1800,7.1800,689300,4963392.0000,3
2025-10-14,20251014112500000,sz.000968,7.1900,7.2000,7.1600,7.2000,398000,2857456.0000,3
2025-10-14,20251014113000000,sz.000968,7.2000,7.2000,7.1900,7.1900,162500,1169192.0000,3
2025-10-14,20251014130500000,sz.000968,7.2000,7.2000,7.1600,7.1600,605200,4343968.0000,3
2025-10-14,20251014131000000,sz.000968,7.1700,7.1700,7.1400,7.1500,298200,2132952.0000,3
2025-10-14,20251014131500000,sz.000968,7.1500,7.1600,7.1500,7.1500,123600,884176.0000,3
2025-10-14,20251014132000000,sz.000968,7.1600,7.1700,7.1600,7.1600,130100,931880.0000,3
2025-10-14,20251014132500000,sz.000968,7.1700,7.1800,7.1600,7.1700,211300,1514760.0000,3
2025-10-14,20251014133000000,sz.000968,7.1700,7.1800,7.1700,7.1800,320200,2297440.0000,3
2025-10-14,20251014133500000,sz.000968,7.1800,7.1900,7.1700,7.1800,236700,1699752.0000,3
2025-10-14,20251014134000000,sz.000968,7.1800,7.1900,7.1700,7.1700,228200,1637944.0000,3
2025-10-14,20251014134500000,sz.000968,7.1700,7.1800,7.1600,7.1700,308200,2210120.0000,3
2025-10-14,20251014135000000,sz.000968,7.1700,7.1800,7.1600,7.1800,215400,1543488.0000,3
2025-10-14,20251014135500000,sz.000968,7.1800,7.2100,7.1700,7.2000,925800,6659736.0000,3
2025-10-14,20251014140000000,sz.000968,7.2000,7.2100,7.1900,7.2000,684100,4926768.0000,3
2025-10-14,20251014140500000,sz.000968,7.2000,7.2100,7.1900,7.2000,363900,2619568.0000,3
2025-10-14,20251014141000000,sz.000968,7.2000,7.2100,7.1900,7.1900,287400,2070272.0000,3
2025-10-14,20251014141500000,sz.000968,7.1900,7.1900,7.1800,7.1900,450200,3233880.0000,3
2025-10-14,20251014142000000,sz.000968,7.1900,7.1900,7.1700,7.1700,181200,1300760.0000,3
2025-10-14,20251014142500000,sz.000968,7.1700,7.1800,7.1700,7.1800,138300,991888.0000,3
2025-10-14,20251014143000000,sz.000968,7.1700,7.1900,7.1600,7.1900,540300,3876840.0000,3
2025-10-14,20251014143500000,sz.000968,7.1900,7.2000,7.1800,7.1800,462100,3322704.0000,3
2025-10-14,20251014144000000,sz.000968,7.1800,7.1900,7.1700,7.1700,147200,1057008.0000,3
2025-10-14,20251014144500000,sz.000968,7.1700,7.1900,7.1700,7.1700,442700,3176392.0000,3
2025-10-14,20251014145000000,sz.000968,7.1700,7.1900,7.1700,7.1800,334700,2402224.0000,3
2025-10-14,20251014145500000,sz.000968,7.1800,7.2000,7.1800,7.1900,569500,4093792.0000,3
2025-10-14,20251014150000000,sz.000968,7.1900,7.2000,7.1900,7.2000,471100,3391104.0000,3
2025-10-15,20251015093500000,sz.000968,7.2000,7.2600,7.1600,7.2500,1506900,10861491.0000,3
2025-10-15,20251015094000000,sz.000968,7.2500,7.2500,7.2200,7.2300,977600,7076647.0000,3
2025-10-15,20251015094500000,sz.000968,7.2200,7.2300,7.2000,7.2100,832500,6007694.0000,3
2025-10-15,20251015095000000,sz.000968,7.2300,7.2400,7.2200,7.2400,635400,4593916.0000,3
2025-10-15,20251015095500000,sz.000968,7.2400,7.2400,7.2000,7.2200,462400,3337420.0000,3
2025-10-15,20251015100000000,sz.000968,7.2200,7.2200,7.2000,7.2100,354800,2559476.0000,3
2025-10-15,20251015100500000,sz.000968,7.2100,7.2200,7.2000,7.2200,307700,2218732.0000,3
2025-10-15,20251015101000000,sz.000968,7.2100,7.2200,7.2000,7.2100,155600,1121532.0000,3
2025-10-15,20251015101500000,sz.000968,7.2100,7.2200,7.2000,7.2100,357100,2574528.0000,3
2025-10-15,20251015102000000,sz.000968,7.2100,7.2200,7.2000,7.2200,407200,2934492.0000,3
2025-10-15,20251015102500000,sz.000968,7.2100,7.2100,7.1900,7.2000,533200,3838084.0000,3
2025-10-15,20251015103000000,sz.000968,7.2000,7.2000,7.1800,7.1800,214700,1544020.0000,3
2025-10-15,20251015103500000,sz.000968,7.1800,7.2000,7.1800,7.1900,294100,2113096.0000,3
2025-10-15,20251015104000000,sz.000968,7.1800,7.1900,7.1700,7.1700,273400,1961672.0000,3
2025-10-15,20251015104500000,sz.000968,7.1700,7.1800,7.1600,7.1800,374700,2686708.0000,3
2025-10-15,20251015105000000,sz.000968,7.1800,7.1900,7.1700,7.1800,133600,959256.0000,3
2025-10-15,20251015105500000,sz.000968,7.1800,7.1800,7.1700,7.1800,299800,2150248.0000,3
2025-10-15,20251015110000000,sz.000968,7.1800,7.1800,7.1700,7.1700,653000,4682412.0000,3
2025-10-15,20251015110500000,sz.000968,7.1800,7.1900,7.1700,7.1800,468900,3363760.0000,3
2025-10-15,20251015111000000,sz.000968,7.1700,7.1800,7.1700,7.1800,34000,243956.0000,3
2025-10-15,20251015111500000,sz.000968,7.1700,7.1800,7.1700,7.1700,145200,1041188.0000,3
2025-10-15,20251015112000000,sz.000968,7.1700,7.1800,7.1600,7.1800,44000,315560.0000,3
2025-10-15,20251015112500000,sz.000968,7.1700,7.1700,7.1600,7.1700,111500,799232.0000,3
2025-10-15,20251015113000000,sz.000968,7.1700,7.1800,7.1700,7.1700,82600,592392.0000,3
2025-10-15,20251015130500000,sz.000968,7.1800,7.1900,7.1700,7.1700,304800,2188312.0000,3
2025-10-15,20251015131000000,sz.000968,7.1700,7.1800,7.1600,7.1700,333200,2386568.0000,3
2025-10-15,20251015131500000,sz.000968,7.1600,7.1700,7.1600,7.1700,228300,1635336.0000,3
2025-10-15,20251015132000000,sz.000968,7.1700,7.1800,7.1600,7.1700,136200,976680.0000,3
2025-10-15,20251015132500000,sz.000968,7.1700,7.1700,7.1600,7.1700,353200,2529696.0000,3
2025-10-15,20251015133000000,sz.000968,7.1600,7.1700,7.1600,7.1600,209500,1501272.0000,3
2025-10-15,20251015133500000,sz.000968,7.1700,7.1800,7.1600,7.1800,106500,763728.0000,3
2025-10-15,20251015134000000,sz.000968,7.1700,7.2000,7.1600,7.2000,350500,2515872.0000,3
2025-10-15,20251015134500000,sz.000968,7.2000,7.2000,7.1800,7.1800,208200,1497648.0000,3
2025-10-15,20251015135000000,sz.000968,7.1900,7.2000,7.1800,7.1900,161200,1159048.0000,3
2025-10-15,20251015135500000,sz.000968,7.1900,7.2000,7.1900,7.1900,123000,884392.0000,3
2025-10-15,20251015140000000,sz.000968,7.1900,7.2000,7.1900,7.1900,91100,655680.0000,3
2025-10-15,20251015140500000,sz.000968,7.1900,7.2100,7.1900,7.2100,334800,2410160.0000,3
2025-10-15,20251015141000000,sz.000968,7.2000,7.2100,7.2000,7.2100,178700,1287832.0000,3
2025-10-15,20251015141500000,sz.000968,7.2100,7.2100,7.2000,7.2000,64900,467560.0000,3
2025-10-15,20251015142000000,sz.000968,7.2000,7.2100,7.2000,7.2000,133900,964352.0000,3
2025-10-15,20251015142500000,sz.000968,7.2000,7.2100,7.2000,7.2100,209200,1507072.0000,3
2025-10-15,20251015143000000,sz.000968,7.2100,7.2100,7.1900,7.2000,117100,843032.0000,3
2025-10-15,20251015143500000,sz.000968,7.1900,7.2000,7.1800,7.1800,288000,2070880.0000,3
2025-10-15,20251015144000000,sz.000968,7.1900,7.1900,7.1800,7.1900,255300,1833408.0000,3
2025-10-15,20251015144500000,sz.000968,7.1900,7.1900,7.1800,7.1900,177500,1275232.0000,3
2025-10-15,20251015145000000,sz.000968,7.1800,7.2000,7.1700,7.1900,387100,2780792.0000,3
2025-10-15,20251015145500000,sz.000968,7.1800,7.2000,7.1800,7.1900,270400,1944104.0000,3
2025-10-15,20251015150000000,sz.000968,7.1900,7.2000,7.1800,7.2000,362600,2609408.0000,3
2025-10-16,20251016093500000,sz.000968,7.2100,7.2300,7.1700,7.1700,1050700,7555411.0000,3
2025-10-16,20251016094000000,sz.000968,7.1700,7.2100,7.1700,7.1800,451600,3246445.0000,3
2025-10-16,20251016094500000,sz.000968,7.1900,7.2100,7.1800,7.2000,556300,4001271.0000,3
2025-10-16,20251016095000000,sz.000968,7.1900,7.2000,7.1700,7.1700,456900,3284393.0000,3
2025-10-16,20251016095500000,sz.000968,7.1700,7.1900,7.1700,7.1800,192400,1380660.0000,3
2025-10-16,20251016100000000,sz.000968,7.1700,7.1800,7.1500,7.1500,520700,3728180.0000,3
2025-10-16,20251016100500000,sz.000968,7.1500,7.1600,7.1400,7.1500,212500,1519668.0000,3
2025-10-16,20251016101000000,sz.000968,7.1500,7.1600,7.1400,7.1400,200500,1432796.0000,3
2025-10-16,20251016101500000,sz.000968,7.1400,7.1500,7.1400,7.1400,164900,1177476.0000,3
2025-10-16,20251016102000000,sz.000968,7.1500,7.1500,7.1300,7.1400,227700,1625360.0000,3
2025-10-16,20251016102500000,sz.000968,7.1400,7.1500,7.1400,7.1400,105900,756424.0000,3
2025-10-16,20251016103000000,sz.000968,7.1400,7.1500,7.1400,7.1400,109700,783720.0000,3
2025-10-16,20251016103500000,sz.000968,7.1400,7.1500,7.1300,7.1400,175500,1253352.0000,3
2025-10-16,20251016104000000,sz.000968,7.1300,7.1500,7.1300,7.1300,183300,1308138.0000,3
2025-10-16,20251016104500000,sz.000968,7.1300,7.1600,7.1300,7.1500,266800,1906682.0000,3
2025-10-16,20251016105000000,sz.000968,7.1500,7.1600,7.1400,7.1400,246200,1759352.0000,3
2025-10-16,20251016105500000,sz.000968,7.1400,7.1500,7.1400,7.1500,109800,783600.0000,3
2025-10-16,20251016110000000,sz.000968,7.1400,7.1500,7.1400,7.1500,29600,211564.0000,3
2025-10-16,20251016110500000,sz.000968,7.1400,7.1600,7.1400,7.1500,69000,493324.0000,3
2025-10-16,20251016111000000,sz.000968,7.1500,7.1600,7.1400,7.1600,193800,1386864.0000,3
2025-10-16,20251016111500000,sz.000968,7.1600,7.1600,7.1500,7.1600,53800,385044.0000,3
2025-10-16,20251016112000000,sz.000968,7.1500,7.1700,7.1500,7.1600,127700,914296.0000,3
2025-10-16,20251016112500000,sz.000968,7.1600,7.1700,7.1500,7.1600,116300,832700.0000,3
2025-10-16,20251016113000000,sz.000968,7.1600,7.1700,7.1400,7.1400,165100,1181904.0000,3
2025-10-16,20251016130500000,sz.000968,7.1500,7.1600,7.1400,7.1400,125200,894616.0000,3
2025-10-16,20251016131000000,sz.000968,7.1400,7.1400,7.1300,7.1300,129700,926048.0000,3
2025-10-16,20251016131500000,sz.000968,7.1300,7.1500,7.1300,7.1500,112800,805396.0000,3
2025-10-16,20251016132000000,sz.000968,7.1400,7.1600,7.1300,7.1500,199600,1426188.0000,3
2025-10-16,20251016132500000,sz.000968,7.1500,7.1600,7.1400,7.1400,91300,652496.0000,3
2025-10-16,20251016133000000,sz.000968,7.1400,7.1700,7.1400,7.1600,236100,1690000.0000,3
2025-10-16,20251016133500000,sz.000968,7.1600,7.1700,7.1500,7.1600,264300,1893044.0000,3
2025-10-16,20251016134000000,sz.000968,7.1600,7.1700,7.1500,7.1500,106700,763948.0000,3
2025-10-16,20251016134500000,sz.000968,7.1500,7.1800,7.1500,7.1800,140100,1003944.0000,3
2025-10-16,20251016135000000,sz.000968,7.1700,7.1800,7.1700,7.1700,132100,946992.0000,3
2025-10-16,20251016135500000,sz.000968,7.1800,7.1900,7.1700,7.1700,277600,1993344.0000,3
2025-10-16,20251016140000000,sz.000968,7.1800,7.1900,7.1700,7.1700,165800,1190760.0000,3
2025-10-16,20251016140500000,sz.000968,7.1700,7.1800,7.1700,7.1800,142800,1024492.0000,3
2025-10-16,20251016141000000,sz.000968,7.1700,7.1900,7.1700,7.1800,86900,623644.0000,3
2025-10-16,20251016141500000,sz.000968,7.1900,7.1900,7.1800,7.1900,136400,979456.0000,3
2025-10-16,20251016142000000,sz.000968,7.1800,7.1900,7.1700,7.1900,267300,1920944.0000,3
2025-10-16,20251016142500000,sz.000968,7.1900,7.2000,7.1800,7.1900,188700,1357376.0000,3
2025-10-16,20251016143000000,sz.000968,7.1800,7.1900,7.1800,7.1900,108900,782368.0000,3
2025-10-16,20251016143500000,sz.000968,7.1900,7.1900,7.1700,7.1800,84300,605504.0000,3
2025-10-16,20251016144000000,sz.000968,7.1700,7.1800,7.1700,7.1800,99900,716480.0000,3
2025-10-16,20251016144500000,sz.000968,7.1800,7.1800,7.1600,7.1800,126900,909952.0000,3
2025-10-16,20251016145000000,sz.000968,7.1800,7.1800,7.1700,7.1800,109100,782544.0000,3
2025-10-16,20251016145500000,sz.000968,7.1700,7.1800,7.1600,7.1700,284700,2042472.0000,3
2025-10-16,20251016150000000,sz.000968,7.1700,7.1900,7.1700,7.1800,250800,1800480.0000,3
2025-10-17,20251017093500000,sz.000968,7.1700,7.1900,7.1100,7.1800,865100,6194551.0000,3
2025-10-17,20251017094000000,sz.000968,7.1700,7.2100,7.1700,7.1900,439300,3160818.0000,3
2025-10-17,20251017094500000,sz.000968,7.2000,7.2000,7.1700,7.1700,143700,1032027.0000,3
2025-10-17,20251017095000000,sz.000968,7.1700,7.1800,7.1600,7.1700,188000,1348195.0000,3
2025-10-17,20251017095500000,sz.000968,7.1700,7.1700,7.1500,7.1600,313200,2243144.0000,3
2025-10-17,20251017100000000,sz.000968,7.1700,7.1900,7.1600,7.1700,739000,5298843.0000,3
2025-10-17,20251017100500000,sz.000968,7.1800,7.1900,7.1600,7.1900,428500,3076138.0000,3
2025-10-17,20251017101000000,sz.000968,7.1900,7.1900,7.1700,7.1800,354900,2548610.0000,3
2025-10-17,20251017101500000,sz.000968,7.1800,7.1900,7.1700,7.1700,136000,976142.0000,3
2025-10-17,20251017102000000,sz.000968,7.1700,7.1800,7.1700,7.1800,162100,1163134.0000,3
2025-10-17,20251017102500000,sz.000968,7.1800,7.1900,7.1700,7.1900,173900,1248718.0000,3
2025-10-17,20251017103000000,sz.000968,7.1800,7.2000,7.1800,7.1900,477700,3437816.0000,3
2025-10-17,20251017103500000,sz.000968,7.1900,7.2000,7.1900,7.1900,180300,1296572.0000,3
2025-10-17,20251017104000000,sz.000968,7.1900,7.2000,7.1900,7.2000,88500,636580.0000,3
2025-10-17,20251017104500000,sz.000968,7.2000,7.2000,7.1800,7.2000,266800,1918400.0000,3
2025-10-17,20251017105000000,sz.000968,7.1900,7.2000,7.1900,7.1900,105900,761744.0000,3
2025-10-17,20251017105500000,sz.000968,7.1900,7.2000,7.1900,7.1900,133800,962292.0000,3
2025-10-17,20251017110000000,sz.000968,7.2000,7.2000,7.1900,7.1900,66900,481416.0000,3
2025-10-17,20251017110500000,sz.000968,7.2000,7.2500,7.1900,7.2500,2475500,17867136.0000,3
2025-10-17,20251017111000000,sz.000968,7.2600,7.2600,7.2400,7.2400,1631100,11832684.0000,3
2025-10-17,20251017111500000,sz.000968,7.2500,7.2600,7.2300,7.2500,736300,5334008.0000,3
2025-10-17,20251017112000000,sz.000968,7.2600,7.3000,7.2500,7.2700,2660700,19375392.0000,3
2025-10-17,20251017112500000,sz.000968,7.2700,7.2900,7.2500,7.2500,795400,5785976.0000,3
2025-10-17,20251017113000000,sz.000968,7.2500,7.3000,7.2400,7.2700,1232000,8965008.0000,3
2025-10-17,20251017130500000,sz.000968,7.2700,7.2700,7.2300,7.2400,832300,6033520.0000,3
2025-10-17,20251017131000000,sz.000968,7.2400,7.2500,7.2200,7.2300,282100,2041632.0000,3
2025-10-17,20251017131500000,sz.000968,7.2300,7.2300,7.2100,7.2200,225300,1626256.0000,3
2025-10-17,20251017132000000,sz.000968,7.2200,7.2300,7.2100,7.2200,347100,2506176.0000,3
2025-10-17,20251017132500000,sz.000968,7.2200,7.2900,7.2200,7.2700,1086000,7896296.0000,3
2025-10-17,20251017133000000,sz.000968,7.2700,7.2800,7.2500,7.2500,490300,3561440.0000,3
2025-10-17,20251017133500000,sz.000968,7.2600,7.2600,7.2300,7.2500,459100,3327112.0000,3
2025-10-17,20251017134000000,sz.000968,7.2500,7.2600,7.2400,7.2600,296700,2152176.0000,3
2025-10-17,20251017134500000,sz.000968,7.2600,7.2600,7.2300,7.2400,174200,1261248.0000,3
2025-10-17,20251017135000000,sz.000968,7.2400,7.2400,7.2200,7.2200,288000,2080272.0000,3
2025-10-17,20251017135500000,sz.000968,7.2200,7.2300,7.2200,7.2200,59100,427136.0000,3
2025-10-17,20251017140000000,sz.000968,7.2300,7.2300,7.2200,7.2200,245800,1774800.0000,3
2025-10-17,20251017140500000,sz.000968,7.2200,7.2300,7.2200,7.2300,282700,2042944.0000,3
2025-10-17,20251017141000000,sz.000968,7.2400,7.2500,7.2300,7.2400,344600,2493936.0000,3
2025-10-17,20251017141500000,sz.000968,7.2400,7.2500,7.2200,7.2300,331100,2395424.0000,3
2025-10-17,20251017142000000,sz.000968,7.2200,7.2300,7.2100,7.2200,366000,2641696.0000,3
2025-10-17,20251017142500000,sz.000968,7.2200,7.2200,7.2000,7.2100,505300,3642128.0000,3
2025-10-17,20251017143000000,sz.000968,7.2200,7.2200,7.2000,7.2000,291000,2097808.0000,3
2025-10-17,20251017143500000,sz.000968,7.2100,7.2100,7.1900,7.2000,322800,2324256.0000,3
2025-10-17,20251017144000000,sz.000968,7.1900,7.2100,7.1900,7.2000,172300,1240400.0000,3
2025-10-17,20251017144500000,sz.000968,7.2000,7.2100,7.2000,7.2000,249200,1794544.0000,3
2025-10-17,20251017145000000,sz.000968,7.2000,7.2100,7.1900,7.2000,611300,4404752.0000,3
2025-10-17,20251017145500000,sz.000968,7.2000,7.2100,7.1900,7.2000,877300,6314592.0000,3
2025-10-17,20251017150000000,sz.000968,7.2000,7.2300,7.2000,7.2200,941500,6795648.0000,3
2025-10-20,20251020093500000,sz.000968,7.2600,7.3300,7.2000,7.3200,3430500,24943986.0000,3
2025-10-20,20251020094000000,sz.000968,7.3300,7.3600,7.3200,7.3200,2518000,18476094.0000,3
2025-10-20,20251020094500000,sz.000968,7.3300,7.3500,7.2800,7.3000,1999800,14637644.0000,3
2025-10-20,20251020095000000,sz.000968,7.2900,7.3000,7.2600,7.2700,1157800,8428100.0000,3
2025-10-20,20251020095500000,sz.000968,7.2800,7.2900,7.2500,7.2500,584500,4249720.0000,3
2025-10-20,20251020100000000,sz.000968,7.2600,7.2900,7.2600,7.2900,409600,2980312.0000,3
2025-10-20,20251020100500000,sz.000968,7.2900,7.2900,7.2400,7.2600,703400,5104704.0000,3
2025-10-20,20251020101000000,sz.000968,7.2600,7.2700,7.2300,7.2300,452800,3281408.0000,3
2025-10-20,20251020101500000,sz.000968,7.2100,7.2400,7.2100,7.2400,564900,4082736.0000,3
2025-10-20,20251020102000000,sz.000968,7.2300,7.2700,7.2300,7.2600,494300,3586600.0000,3
2025-10-20,20251020102500000,sz.000968,7.2700,7.2800,7.2500,7.2800,396300,2878688.0000,3
2025-10-20,20251020103000000,sz.000968,7.2700,7.3600,7.2700,7.3600,1457000,10676392.0000,3
2025-10-20,20251020103500000,sz.000968,7.3500,7.3700,7.3300,7.3500,1925700,14162704.0000,3
2025-10-20,20251020104000000,sz.000968,7.3500,7.3600,7.3200,7.3300,580900,4271792.0000,3
2025-10-20,20251020104500000,sz.000968,7.3300,7.3300,7.3100,7.3200,236400,1730096.0000,3
2025-10-20,20251020105000000,sz.000968,7.3200,7.3400,7.3200,7.3400,252000,1846624.0000,3
2025-10-20,20251020105500000,sz.000968,7.3400,7.3400,7.3200,7.3400,357300,2617904.0000,3
2025-10-20,20251020110000000,sz.000968,7.3300,7.3400,7.3200,7.3400,318900,2338576.0000,3
2025-10-20,20251020110500000,sz.000968,7.3500,7.3500,7.3400,7.3400,207100,1520896.0000,3
2025-10-20,20251020111000000,sz.000968,7.3500,7.3600,7.3400,7.3500,1055100,7757744.0000,3
2025-10-20,20251020111500000,sz.000968,7.3500,7.3500,7.3300,7.3400,322800,2369568.0000,3
2025-10-20,20251020112000000,sz.000968,7.3300,7.3400,7.3300,7.3400,507800,3724288.0000,3
2025-10-20,20251020112500000,sz.000968,7.3400,7.3500,7.3300,7.3400,328000,2404784.0000,3
2025-10-20,20251020113000000,sz.000968,7.3400,7.3500,7.3300,7.3500,381400,2800672.0000,3
2025-10-20,20251020130500000,sz.000968,7.3400,7.3800,7.3400,7.3700,1232400,9073456.0000,3
2025-10-20,20251020131000000,sz.000968,7.3700,7.3900,7.3700,7.3900,1100000,8114160.0000,3
2025-10-20,20251020131500000,sz.000968,7.3900,7.3900,7.3400,7.3400,366100,2696912.0000,3
2025-10-20,20251020132000000,sz.000968,7.3600,7.3700,7.3500,7.3600,600900,4420992.0000,3
2025-10-20,20251020132500000,sz.000968,7.3600,7.3800,7.3500,7.3500,874000,6441136.0000,3
2025-10-20,20251020133000000,sz.000968,7.3600,7.3600,7.3400,7.3500,599100,4401776.0000,3
2025-10-20,20251020133500000,sz.000968,7.3500,7.3700,7.3500,7.3500,440600,3242384.0000,3
2025-10-20,20251020134000000,sz.000968,7.3600,7.3600,7.3400,7.3500,503500,3704176.0000,3
2025-10-20,20251020134500000,sz.000968,7.3500,7.3600,7.3400,7.3400,219700,1614832.0000,3
2025-10-20,20251020135000000,sz.000968,7.3500,7.3600,7.3300,7.3500,537200,3945344.0000,3
2025-10-20,20251020135500000,sz.000968,7.3500,7.3800,7.3500,7.3800,645700,4761184.0000,3
2025-10-20,20251020140000000,sz.000968,7.3600,7.3800,7.3600,7.3800,659300,4859536.0000,3
2025-10-20,20251020140500000,sz.000968,7.3800,7.5300,7.3600,7.5200,4750000,35370656.0000,3
2025-10-20,20251020141000000,sz.000968,7.5200,7.5900,7.5100,7.5800,4072300,30736080.0000,3
2025-10-20,20251020141500000,sz.000968,7.5900,7.5900,7.4700,7.5100,1668400,12557984.0000,3
2025-10-20,20251020142000000,sz.000968,7.5200,7.7000,7.5100,7.7000,3072000,23341888.0000,3
2025-10-20,20251020142500000,sz.000968,7.7100,7.7600,7.6500,7.6700,4028900,31071456.0000,3
2025-10-20,20251020143000000,sz.000968,7.6800,7.6800,7.6300,7.6500,1037600,7948672.0000,3
2025-10-20,20251020143500000,sz.000968,7.6400,7.6500,7.5700,7.5900,1196000,9088704.0000,3
2025-10-20,20251020144000000,sz.000968,7.5800,7.6500,7.5800,7.6300,1221100,9305696.0000,3
2025-10-20,20251020144500000,sz.000968,7.6300,7.6500,7.6200,7.6400,1164000,8889632.0000,3
2025-10-20,20251020145000000,sz.000968,7.6300,7.6800,7.6300,7.6600,1788000,13697632.0000,3
2025-10-20,20251020145500000,sz.000968,7.6600,7.6700,7.6400,7.6400,1671600,12790816.0000,3
2025-10-20,20251020150000000,sz.000968,7.6300,7.6400,7.6100,7.6400,1324100,10106944.0000,3
2025-10-21,20251021093500000,sz.000968,7.6500,7.6600,7.5500,7.5500,7123700,54209496.0000,3
2025-10-21,20251021094000000,sz.000968,7.5500,7.6300,7.5400,7.6300,2804800,21280208.0000,3
2025-10-21,20251021094500000,sz.000968,7.6200,7.6500,7.5700,7.5800,1851400,14085560.0000,3
2025-10-21,20251021095000000,sz.000968,7.5800,7.6000,7.5600,7.5700,1713200,12976264.0000,3
2025-10-21,20251021095500000,sz.000968,7.6000,7.6400,7.5800,7.6200,1606100,12201824.0000,3
2025-10-21,20251021100000000,sz.000968,7.6200,7.6400,7.5800,7.6100,904000,6890360.0000,3
2025-10-21,20251021100500000,sz.000968,7.6100,7.6800,7.6100,7.6500,1814800,13895472.0000,3
2025-10-21,20251021101000000,sz.000968,7.6400,7.6500,7.6200,7.6200,766300,5849088.0000,3
2025-10-21,20251021101500000,sz.000968,7.6200,7.6300,7.5800,7.5900,816700,6209456.0000,3
2025-10-21,20251021102000000,sz.000968,7.5900,7.6200,7.5900,7.6200,508800,3870512.0000,3
2025-10-21,20251021102500000,sz.000968,7.6200,7.6300,7.6000,7.6000,315300,2400176.0000,3
2025-10-21,20251021103000000,sz.000968,7.6100,7.6100,7.5900,7.6000,482300,3666480.0000,3
2025-10-21,20251021103500000,sz.000968,7.6000,7.6100,7.5900,7.6000,569400,4327360.0000,3
2025-10-21,20251021104000000,sz.000968,7.6100,7.6100,7.5800,7.5900,836200,6350032.0000,3
2025-10-21,20251021104500000,sz.000968,7.6000,7.6000,7.5700,7.5800,1610200,12210160.0000,3
2025-10-21,20251021105000000,sz.000968,7.5900,7.6100,7.5800,7.5900,915600,6955984.0000,3
2025-10-21,20251021105500000,sz.000968,7.6000,7.6100,7.5900,7.5900,478300,3633216.0000,3
2025-10-21,20251021110000000,sz.000968,7.6000,7.6100,7.5900,7.6100,376400,2860560.0000,3
2025-10-21,20251021110500000,sz.000968,7.6100,7.6500,7.6100,7.6500,547400,4178064.0000,3
2025-10-21,20251021111000000,sz.000968,7.6400,7.6600,7.6400,7.6600,949300,7259312.0000,3
2025-10-21,20251021111500000,sz.000968,7.6500,7.6600,7.6400,7.6500,307800,2353888.0000,3
2025-10-21,20251021112000000,sz.000968,7.6500,7.6600,7.6500,7.6600,360700,2760560.0000,3
2025-10-21,20251021112500000,sz.000968,7.6500,7.6500,7.6400,7.6500,294100,2247920.0000,3
2025-10-21,20251021113000000,sz.000968,7.6500,7.6500,7.6300,7.6400,352800,2695648.0000,3
2025-10-21,20251021130500000,sz.000968,7.6500,7.6600,7.6200,7.6200,593200,4532736.0000,3
2025-10-21,20251021131000000,sz.000968,7.6300,7.6400,7.6100,7.6200,692200,5277616.0000,3
2025-10-21,20251021131500000,sz.000968,7.6200,7.6300,7.6100,7.6200,224000,1705888.0000,3
2025-10-21,20251021132000000,sz.000968,7.6200,7.6300,7.6200,7.6300,181000,1380656.0000,3
2025-10-21,20251021132500000,sz.000968,7.6200,7.6500,7.6200,7.6500,485700,3712848.0000,3
2025-10-21,20251021133000000,sz.000968,7.6500,7.6500,7.6200,7.6200,295000,2252240.0000,3
2025-10-21,20251021133500000,sz.000968,7.6200,7.6500,7.6200,7.6400,376600,2875552.0000,3
2025-10-21,20251021134000000,sz.000968,7.6400,7.6500,7.6300,7.6400,310100,2369216.0000,3
2025-10-21,20251021134500000,sz.000968,7.6400,7.6500,7.6400,7.6500,222600,1701584.0000,3
2025-10-21,20251021135000000,sz.000968,7.6500,7.6500,7.6300,7.6400,353800,2703328.0000,3
2025-10-21,20251021135500000,sz.000968,7.6300,7.6300,7.6100,7.6100,409800,3124688.0000,3
2025-10-21,20251021140000000,sz.000968,7.6100,7.6300,7.6100,7.6200,307800,2345232.0000,3
2025-10-21,20251021140500000,sz.000968,7.6200,7.6300,7.6200,7.6200,140600,1071456.0000,3
2025-10-21,20251021141000000,sz.000968,7.6300,7.6300,7.6200,7.6200,317200,2417776.0000,3
2025-10-21,20251021141500000,sz.000968,7.6300,7.6300,7.6000,7.6200,713000,5428032.0000,3
2025-10-21,20251021142000000,sz.000968,7.6200,7.6300,7.6100,7.6300,492900,3753808.0000,3
2025-10-21,20251021142500000,sz.000968,7.6300,7.6500,7.6200,7.6400,625700,4775680.0000,3
2025-10-21,20251021143000000,sz.000968,7.6400,7.6500,7.6400,7.6500,560400,4286368.0000,3
2025-10-21,20251021143500000,sz.000968,7.6500,7.6700,7.6400,7.6600,1477200,11304928.0000,3
2025-10-21,20251021144000000,sz.000968,7.6500,7.6600,7.6300,7.6400,728700,5570304.0000,3
2025-10-21,20251021144500000,sz.000968,7.6400,7.6400,7.6200,7.6400,895400,6833504.0000,3
2025-10-21,20251021145000000,sz.000968,7.6400,7.6400,7.6300,7.6300,749300,5720704.0000,3
2025-10-21,20251021145500000,sz.000968,7.6500,7.6500,7.6300,7.6300,1152700,8803488.0000,3
2025-10-21,20251021150000000,sz.000968,7.6400,7.6500,7.6300,7.6500,1448500,11075424.0000,3
2025-10-22,20251022093500000,sz.000968,7.6500,7.6700,7.5700,7.6000,1989300,15147636.0000,3
2025-10-22,20251022094000000,sz.000968,7.6100,7.6400,7.5800,7.6000,1000500,7613412.0000,3
2025-10-22,20251022094500000,sz.000968,7.6000,7.6800,7.6000,7.6400,1545800,11817516.0000,3
2025-10-22,20251022095000000,sz.000968,7.6400,7.6600,7.6000,7.6100,1193700,9105480.0000,3
2025-10-22,20251022095500000,sz.000968,7.6100,7.6100,7.5900,7.6000,718300,5459544.0000,3
2025-10-22,20251022100000000,sz.000968,7.6000,7.6100,7.5800,7.5900,810700,6155932.0000,3
2025-10-22,20251022100500000,sz.000968,7.5900,7.6000,7.5800,7.5800,732400,5555840.0000,3
2025-10-22,20251022101000000,sz.000968,7.5900,7.5900,7.5700,7.5800,692000,5245184.0000,3
2025-10-22,20251022101500000,sz.000968,7.5900,7.5900,7.5700,7.5700,416600,3156560.0000,3
2025-10-22,20251022102000000,sz.000968,7.5700,7.5700,7.5300,7.5400,1543500,11645488.0000,3
2025-10-22,20251022102500000,sz.000968,7.5400,7.5500,7.5200,7.5300,725900,5470368.0000,3
2025-10-22,20251022103000000,sz.000968,7.5300,7.5600,7.5300,7.5400,459100,3462944.0000,3
2025-10-22,20251022103500000,sz.000968,7.5500,7.5700,7.5500,7.5500,302900,2288960.0000,3
2025-10-22,20251022104000000,sz.000968,7.5500,7.5600,7.5300,7.5300,791100,5966344.0000,3
2025-10-22,20251022104500000,sz.000968,7.5300,7.5400,7.5200,7.5400,246600,1857200.0000,3
2025-10-22,20251022105000000,sz.000968,7.5300,7.5400,7.5200,7.5300,524000,3942696.0000,3
2025-10-22,20251022105500000,sz.000968,7.5300,7.5400,7.5200,7.5200,360600,2713136.0000,3
2025-10-22,20251022110000000,sz.000968,7.5300,7.5300,7.5200,7.5200,515500,3878112.0000,3
2025-10-22,20251022110500000,sz.000968,7.5300,7.5300,7.5100,7.5100,558500,4197872.0000,3
2025-10-22,20251022111000000,sz.000968,7.5200,7.5400,7.5100,7.5300,560900,4218032.0000,3
2025-10-22,20251022111500000,sz.000968,7.5300,7.5500,7.5200,7.5500,247100,1861912.0000,3
2025-10-22,20251022112000000,sz.000968,7.5400,7.5500,7.5400,7.5400,230700,1740104.0000,3
2025-10-22,20251022112500000,sz.000968,7.5400,7.5600,7.5300,7.5500,366700,2765824.0000,3
2025-10-22,20251022113000000,sz.000968,7.5500,7.5600,7.5400,7.5500,167200,1262336.0000,3
2025-10-22,20251022130500000,sz.000968,7.5600,7.6700,7.5500,7.6700,1946000,14837072.0000,3
2025-10-22,20251022131000000,sz.000968,7.6400,7.7300,7.6300,7.6900,2481900,19083024.0000,3
2025-10-22,20251022131500000,sz.000968,7.7000,7.7300,7.6700,7.6900,1903900,14659488.0000,3
2025-10-22,20251022132000000,sz.000968,7.7000,7.7000,7.6500,7.6600,959800,7370400.0000,3
2025-10-22,20251022132500000,sz.000968,7.6500,7.6700,7.6400,7.6500,572700,4382704.0000,3
2025-10-22,20251022133000000,sz.000968,7.6600,7.6600,7.6300,7.6400,371600,2840592.0000,3
2025-10-22,20251022133500000,sz.000968,7.6400,7.6400,7.6100,7.6100,290400,2214544.0000,3
2025-10-22,20251022134000000,sz.000968,7.6200,7.6300,7.6100,7.6200,403700,3076416.0000,3
2025-10-22,20251022134500000,sz.000968,7.6200,7.6300,7.6100,7.6300,270700,2063200.0000,3
2025-10-22,20251022135000000,sz.000968,7.6300,7.6400,7.6200,7.6400,279600,2133056.0000,3
2025-10-22,20251022135500000,sz.000968,7.6400,7.6500,7.6300,7.6300,303200,2316512.0000,3
2025-10-22,20251022140000000,sz.000968,7.6300,7.6500,7.6300,7.6400,229500,1752928.0000,3
2025-10-22,20251022140500000,sz.000968,7.6400,7.6400,7.6200,7.6300,229300,1749632.0000,3
2025-10-22,20251022141000000,sz.000968,7.6300,7.6300,7.6100,7.6100,680800,5184640.0000,3
2025-10-22,20251022141500000,sz.000968,7.6200,7.6500,7.6100,7.6400,534400,4078304.0000,3
2025-10-22,20251022142000000,sz.000968,7.6500,7.6500,7.6300,7.6400,302300,2310144.0000,3
2025-10-22,20251022142500000,sz.000968,7.6400,7.6500,7.6300,7.6400,174400,1332256.0000,3
2025-10-22,20251022143000000,sz.000968,7.6400,7.6800,7.6300,7.6800,708000,5424320.0000,3
2025-10-22,20251022143500000,sz.000968,7.6800,7.6900,7.6500,7.6600,760300,5834496.0000,3
2025-10-22,20251022144000000,sz.000968,7.6600,7.6700,7.6500,7.6700,765500,5867120.0000,3
2025-10-22,20251022144500000,sz.000968,7.6700,7.6800,7.6600,7.6800,831400,6376256.0000,3
2025-10-22,20251022145000000,sz.000968,7.6800,7.7100,7.6800,7.7000,1757600,13525184.0000,3
2025-10-22,20251022145500000,sz.000968,7.6900,7.7000,7.6800,7.7000,1368000,10523360.0000,3
2025-10-22,20251022150000000,sz.000968,7.6900,7.7100,7.6900,7.7100,1372100,10572464.0000,3
2025-10-23,20251023093500000,sz.000968,7.7300,7.7300,7.6300,7.6500,3201800,24531672.0000,3
2025-10-23,20251023094000000,sz.000968,7.6400,7.7300,7.6400,7.7300,2352500,18072484.0000,3
2025-10-23,20251023094500000,sz.000968,7.7200,7.7300,7.6500,7.6700,1321700,10165548.0000,3
2025-10-23,20251023095000000,sz.000968,7.6700,7.6800,7.6300,7.6500,924600,7070308.0000,3
2025-10-23,20251023095500000,sz.000968,7.6500,7.6600,7.6300,7.6400,625600,4781024.0000,3
2025-10-23,20251023100000000,sz.000968,7.6400,7.7200,7.6400,7.6800,1019600,7839828.0000,3
2025-10-23,20251023100500000,sz.000968,7.6900,7.6900,7.6500,7.6700,783100,6004168.0000,3
2025-10-23,20251023101000000,sz.000968,7.6700,7.6700,7.6400,7.6400,788500,6034888.0000,3
2025-10-23,20251023101500000,sz.000968,7.6400,7.6500,7.6300,7.6400,842800,6438416.0000,3
2025-10-23,20251023102000000,sz.000968,7.6300,7.6400,7.6100,7.6200,679600,5180400.0000,3
2025-10-23,20251023102500000,sz.000968,7.6200,7.6200,7.5900,7.6100,712100,5414424.0000,3
2025-10-23,20251023103000000,sz.000968,7.6100,7.6500,7.6100,7.6300,310100,2364448.0000,3
2025-10-23,20251023103500000,sz.000968,7.6300,7.6400,7.6300,7.6400,323600,2470384.0000,3
2025-10-23,20251023104000000,sz.000968,7.6400,7.6400,7.6300,7.6300,143700,1097144.0000,3
2025-10-23,20251023104500000,sz.000968,7.6400,7.6500,7.6300,7.6500,189500,1447240.0000,3
2025-10-23,20251023105000000,sz.000968,7.6500,7.6500,7.6300,7.6300,335200,2560632.0000,3
2025-10-23,20251023105500000,sz.000968,7.6300,7.6400,7.6300,7.6300,234100,1786904.0000,3
2025-10-23,20251023110000000,sz.000968,7.6400,7.6400,7.6200,7.6200,274000,2089816.0000,3
2025-10-23,20251023110500000,sz.000968,7.6300,7.6400,7.6200,7.6400,307800,2348072.0000,3
2025-10-23,20251023111000000,sz.000968,7.6400,7.6400,7.6300,7.6400,114000,870176.0000,3
2025-10-23,20251023111500000,sz.000968,7.6400,7.6600,7.6400,7.6600,368800,2820112.0000,3
2025-10-23,20251023112000000,sz.000968,7.6500,7.6600,7.6400,7.6600,358400,2741424.0000,3
2025-10-23,20251023112500000,sz.000968,7.6600,7.6700,7.6500,7.6500,272500,2086696.0000,3
2025-10-23,20251023113000000,sz.000968,7.6600,7.6600,7.6400,7.6500,300200,2296824.0000,3
2025-10-23,20251023130500000,sz.000968,7.6500,7.6700,7.6400,7.6700,523000,4004440.0000,3
2025-10-23,20251023131000000,sz.000968,7.6600,7.6700,7.6500,7.6500,457000,3500416.0000,3
2025-10-23,20251023131500000,sz.000968,7.6500,7.6500,7.6300,7.6400,340100,2599072.0000,3
2025-10-23,20251023132000000,sz.000968,7.6500,7.6500,7.6400,7.6400,118500,906096.0000,3
2025-10-23,20251023132500000,sz.000968,7.6500,7.6500,7.6300,7.6300,219900,1680032.0000,3
2025-10-23,20251023133000000,sz.000968,7.6300,7.6500,7.6300,7.6400,171800,1312240.0000,3
2025-10-23,20251023133500000,sz.000968,7.6400,7.6500,7.6400,7.6400,99100,757824.0000,3
2025-10-23,20251023134000000,sz.000968,7.6400,7.6500,7.6300,7.6300,325000,2481904.0000,3
2025-10-23,20251023134500000,sz.000968,7.6300,7.6400,7.6300,7.6400,122500,934960.0000,3
2025-10-23,20251023135000000,sz.000968,7.6400,7.6400,7.6200,7.6300,186200,1420288.0000,3
2025-10-23,20251023135500000,sz.000968,7.6300,7.6300,7.6200,7.6300,82100,625904.0000,3
2025-10-23,20251023140000000,sz.000968,7.6200,7.6300,7.6200,7.6200,238200,1815552.0000,3
2025-10-23,20251023140500000,sz.000968,7.6300,7.6500,7.6200,7.6400,204200,1558768.0000,3
2025-10-23,20251023141000000,sz.000968,7.6500,7.6500,7.6300,7.6400,246700,1885696.0000,3
2025-10-23,20251023141500000,sz.000968,7.6500,7.6500,7.6400,7.6400,269000,2055408.0000,3
2025-10-23,20251023142000000,sz.000968,7.6400,7.6500,7.6400,7.6400,256200,1959632.0000,3
2025-10-23,20251023142500000,sz.000968,7.6500,7.6600,7.6400,7.6500,247100,1889920.0000,3
2025-10-23,20251023143000000,sz.000968,7.6500,7.6900,7.6500,7.6800,748900,5746720.0000,3
2025-10-23,20251023143500000,sz.000968,7.6800,7.7000,7.6700,7.7000,381800,2934048.0000,3
2025-10-23,20251023144000000,sz.000968,7.7000,7.7000,7.6900,7.6900,427000,3285584.0000,3
2025-10-23,20251023144500000,sz.000968,7.6900,7.7000,7.6800,7.6900,558500,4295072.0000,3
2025-10-23,20251023145000000,sz.000968,7.6800,7.7000,7.6700,7.6700,598000,4594992.0000,3
2025-10-23,20251023145500000,sz.000968,7.6600,7.6900,7.6600,7.6700,794900,6101136.0000,3
2025-10-23,20251023150000000,sz.000968,7.6700,7.6800,7.6500,7.6800,947900,7273216.0000,3
2025-10-24,20251024093500000,sz.000968,7.6300,7.7200,7.6000,7.6700,3319800,25360594.0000,3
2025-10-24,20251024094000000,sz.000968,7.6600,7.6700,7.6000,7.6000,1461200,11125338.0000,3
2025-10-24,20251024094500000,sz.000968,7.6000,7.6000,7.5300,7.5500,2451200,18527912.0000,3
2025-10-24,20251024095000000,sz.000968,7.5600,7.5900,7.5600,7.5800,748900,5669492.0000,3
2025-10-24,20251024095500000,sz.000968,7.5800,7.5900,7.5400,7.5600,1027300,7768512.0000,3
2025-10-24,20251024100000000,sz.000968,7.5500,7.5700,7.5300,7.5500,1019700,7690200.0000,3
2025-10-24,20251024100500000,sz.000968,7.5400,7.5500,7.5200,7.5300,894000,6734792.0000,3
2025-10-24,20251024101000000,sz.000968,7.5300,7.5400,7.5200,7.5200,814600,6133696.0000,3
2025-10-24,20251024101500000,sz.000968,7.5200,7.5200,7.4600,7.4600,2947700,22050864.0000,3
2025-10-24,20251024102000000,sz.000968,7.4700,7.4800,7.4500,7.4600,903400,6741936.0000,3
2025-10-24,20251024102500000,sz.000968,7.4600,7.4800,7.4600,7.4800,522000,3896408.0000,3
2025-10-24,20251024103000000,sz.000968,7.4800,7.4800,7.4600,7.4700,360300,2691576.0000,3
2025-10-24,20251024103500000,sz.000968,7.4700,7.4900,7.4700,7.4900,335800,2511024.0000,3
2025-10-24,20251024104000000,sz.000968,7.4800,7.5100,7.4800,7.5000,361500,2709352.0000,3
2025-10-24,20251024104500000,sz.000968,7.5000,7.5100,7.4900,7.5100,368200,2760320.0000,3
2025-10-24,20251024105000000,sz.000968,7.5100,7.5200,7.5000,7.5100,316600,2378304.0000,3
2025-10-24,20251024105500000,sz.000968,7.5100,7.5200,7.4800,7.5100,440600,3304336.0000,3
2025-10-24,20251024110000000,sz.000968,7.5100,7.5100,7.4800,7.4900,197900,1484048.0000,3
2025-10-24,20251024110500000,sz.000968,7.4900,7.5000,7.4900,7.4900,139200,1042720.0000,3
2025-10-24,20251024111000000,sz.000968,7.4900,7.5100,7.4900,7.4900,338300,2535744.0000,3
2025-10-24,20251024111500000,sz.000968,7.4900,7.5000,7.4900,7.4900,218300,1636528.0000,3
2025-10-24,20251024112000000,sz.000968,7.5000,7.5000,7.4900,7.4900,154300,1155840.0000,3
2025-10-24,20251024112500000,sz.000968,7.4900,7.5000,7.4900,7.4900,247100,1850832.0000,3
2025-10-24,20251024113000000,sz.000968,7.4900,7.5000,7.4800,7.4900,263900,1975056.0000,3
2025-10-24,20251024130500000,sz.000968,7.4800,7.4900,7.4700,7.4700,268500,2008144.0000,3
2025-10-24,20251024131000000,sz.000968,7.4800,7.4900,7.4700,7.4700,612300,4576448.0000,3
2025-10-24,20251024131500000,sz.000968,7.4700,7.4800,7.4600,7.4600,281300,2099072.0000,3
2025-10-24,20251024132000000,sz.000968,7.4700,7.4900,7.4600,7.4700,313400,2342128.0000,3
2025-10-24,20251024132500000,sz.000968,7.4700,7.4800,7.4600,7.4700,267700,1999872.0000,3
2025-10-24,20251024133000000,sz.000968,7.4700,7.4800,7.4700,7.4700,144800,1082048.0000,3
2025-10-24,20251024133500000,sz.000968,7.4800,7.4800,7.4700,7.4700,147800,1104112.0000,3
2025-10-24,20251024134000000,sz.000968,7.4700,7.4700,7.4500,7.4600,710900,5298992.0000,3
2025-10-24,20251024134500000,sz.000968,7.4600,7.4600,7.4200,7.4300,925800,6881680.0000,3
2025-10-24,20251024135000000,sz.000968,7.4300,7.4600,7.4300,7.4500,596600,4440960.0000,3
2025-10-24,20251024135500000,sz.000968,7.4400,7.4500,7.4300,7.4500,370100,2752944.0000,3
2025-10-24,20251024140000000,sz.000968,7.4400,7.4500,7.4400,7.4400,146600,1091056.0000,3
2025-10-24,20251024140500000,sz.000968,7.4400,7.4500,7.4300,7.4400,351600,2615904.0000,3
2025-10-24,20251024141000000,sz.000968,7.4500,7.4500,7.4200,7.4300,352600,2621328.0000,3
2025-10-24,20251024141500000,sz.000968,7.4300,7.4300,7.4200,7.4200,452700,3360256.0000,3
2025-10-24,20251024142000000,sz.000968,7.4300,7.4400,7.4200,7.4300,315000,2340848.0000,3
2025-10-24,20251024142500000,sz.000968,7.4400,7.4400,7.4200,7.4300,447500,3325072.0000,3
2025-10-24,20251024143000000,sz.000968,7.4300,7.4400,7.4200,7.4200,388200,2884256.0000,3
2025-10-24,20251024143500000,sz.000968,7.4200,7.4300,7.4200,7.4300,427700,3174016.0000,3
2025-10-24,20251024144000000,sz.000968,7.4200,7.4300,7.4200,7.4200,510500,3788096.0000,3
2025-10-24,20251024144500000,sz.000968,7.4200,7.4200,7.4100,7.4100,754200,5592160.0000,3
2025-10-24,20251024145000000,sz.000968,7.4100,7.4200,7.4100,7.4100,910800,6750160.0000,3
2025-10-24,20251024145500000,sz.000968,7.4100,7.4400,7.4100,7.4100,1220200,9052256.0000,3
2025-10-24,20251024150000000,sz.000968,7.4100,7.4200,7.4100,7.4200,587000,4353744.0000,3
2025-10-27,20251027093500000,sz.000968,7.4500,7.4600,7.3500,7.4100,2535500,18759268.0000,3
2025-10-27,20251027094000000,sz.000968,7.4000,7.4200,7.3700,7.3800,915700,6769340.0000,3
2025-10-27,20251027094500000,sz.000968,7.3800,7.3900,7.3500,7.3500,1131200,8332480.0000,3
2025-10-27,20251027095000000,sz.000968,7.3700,7.4100,7.3600,7.4100,1317600,9718160.0000,3
2025-10-27,20251027095500000,sz.000968,7.4000,7.4300,7.3800,7.3800,749700,5543484.0000,3
2025-10-27,20251027100000000,sz.000968,7.3800,7.4200,7.3800,7.4200,403000,2982448.0000,3
2025-10-27,20251027100500000,sz.000968,7.4200,7.4300,7.4000,7.4100,399900,2965892.0000,3
2025-10-27,20251027101000000,sz.000968,7.4100,7.4100,7.3900,7.4000,1082700,8002872.0000,3
2025-10-27,20251027101500000,sz.000968,7.4000,7.4100,7.3800,7.4000,339800,2512316.0000,3
2025-10-27,20251027102000000,sz.000968,7.4000,7.4300,7.4000,7.4100,778000,5769764.0000,3
2025-10-27,20251027102500000,sz.000968,7.4100,7.4600,7.4000,7.4400,991100,7366504.0000,3
2025-10-27,20251027103000000,sz.000968,7.4400,7.4600,7.4300,7.4600,302500,2253984.0000,3
2025-10-27,20251027103500000,sz.000968,7.4600,7.4800,7.4500,7.4700,480600,3588512.0000,3
2025-10-27,20251027104000000,sz.000968,7.4600,7.5000,7.4600,7.4900,850900,6361552.0000,3
2025-10-27,20251027104500000,sz.000968,7.4800,7.5100,7.4800,7.5000,631800,4734584.0000,3
2025-10-27,20251027105000000,sz.000968,7.5000,7.5100,7.4800,7.4800,1273800,9557320.0000,3
2025-10-27,20251027105500000,sz.000968,7.4800,7.4900,7.4700,7.4900,295300,2210144.0000,3
2025-10-27,20251027110000000,sz.000968,7.4800,7.4900,7.4800,7.4900,599200,4483448.0000,3
2025-10-27,20251027110500000,sz.000968,7.4900,7.5300,7.4900,7.5200,905700,6805136.0000,3
2025-10-27,20251027111000000,sz.000968,7.5200,7.5500,7.5200,7.5300,668800,5037720.0000,3
2025-10-27,20251027111500000,sz.000968,7.5300,7.5400,7.5100,7.5200,264300,1988928.0000,3
2025-10-27,20251027112000000,sz.000968,7.5100,7.5300,7.5100,7.5200,410900,3088744.0000,3
2025-10-27,20251027112500000,sz.000968,7.5100,7.5200,7.5100,7.5100,84900,637888.0000,3
2025-10-27,20251027113000000,sz.000968,7.5100,7.5200,7.5100,7.5200,400300,3007352.0000,3
2025-10-27,20251027130500000,sz.000968,7.5100,7.5200,7.4900,7.4900,501400,3761328.0000,3
2025-10-27,20251027131000000,sz.000968,7.4900,7.5000,7.4700,7.4700,345600,2586384.0000,3
2025-10-27,20251027131500000,sz.000968,7.4700,7.4900,7.4700,7.4800,380300,2841856.0000,3
2025-10-27,20251027132000000,sz.000968,7.4900,7.4900,7.4800,7.4800,87200,652592.0000,3
2025-10-27,20251027132500000,sz.000968,7.4800,7.4900,7.4500,7.4600,462500,3453600.0000,3
2025-10-27,20251027133000000,sz.000968,7.4600,7.4700,7.4500,7.4500,420500,3133696.0000,3
2025-10-27,20251027133500000,sz.000968,7.4500,7.4600,7.4500,7.4500,185200,1379840.0000,3
2025-10-27,20251027134000000,sz.000968,7.4500,7.4600,7.4500,7.4500,147400,1098448.0000,3
2025-10-27,20251027134500000,sz.000968,7.4500,7.4600,7.4500,7.4500,111200,828624.0000,3
2025-10-27,20251027135000000,sz.000968,7.4500,7.4700,7.4500,7.4600,172800,1289248.0000,3
2025-10-27,20251027135500000,sz.000968,7.4600,7.4700,7.4500,7.4500,115500,861408.0000,3
2025-10-27,20251027140000000,sz.000968,7.4500,7.4600,7.4300,7.4400,375900,2797920.0000,3
2025-10-27,20251027140500000,sz.000968,7.4300,7.4500,7.4300,7.4400,211100,1571984.0000,3
2025-10-27,20251027141000000,sz.000968,7.4400,7.4500,7.4200,7.4400,179900,1337296.0000,3
2025-10-27,20251027141500000,sz.000968,7.4300,7.4400,7.4200,7.4300,131400,976304.0000,3
2025-10-27,20251027142000000,sz.000968,7.4300,7.4400,7.4200,7.4400,269800,2002976.0000,3
2025-10-27,20251027142500000,sz.000968,7.4300,7.4400,7.4200,7.4300,174500,1296576.0000,3
2025-10-27,20251027143000000,sz.000968,7.4300,7.4400,7.4200,7.4300,153300,1138400.0000,3
2025-10-27,20251027143500000,sz.000968,7.4200,7.4400,7.4200,7.4400,361900,2687456.0000,3
2025-10-27,20251027144000000,sz.000968,7.4300,7.4300,7.4100,7.4100,630900,4678384.0000,3
2025-10-27,20251027144500000,sz.000968,7.4200,7.4300,7.4100,7.4200,642900,4767424.0000,3
2025-10-27,20251027145000000,sz.000968,7.4300,7.4500,7.4200,7.4400,799300,5943200.0000,3
2025-10-27,20251027145500000,sz.000968,7.4400,7.4500,7.4300,7.4400,448000,3332816.0000,3
2025-10-27,20251027150000000,sz.000968,7.4300,7.4500,7.4300,7.4500,623700,4644064.0000,3
2025-10-28,20251028093500000,sz.000968,7.3700,7.4400,7.3200,7.3200,2994300,22074144.0000,3
2025-10-28,20251028094000000,sz.000968,7.3100,7.3300,7.2900,7.3200,1147300,8385978.0000,3
2025-10-28,20251028094500000,sz.000968,7.3200,7.3500,7.3200,7.3400,831900,6099838.0000,3
2025-10-28,20251028095000000,sz.000968,7.3300,7.3500,7.3200,7.3400,434400,3186760.0000,3
2025-10-28,20251028095500000,sz.000968,7.3300,7.3300,7.2500,7.2500,1459900,10632828.0000,3
2025-10-28,20251028100000000,sz.000968,7.2600,7.2900,7.2600,7.2600,920200,6691436.0000,3
2025-10-28,20251028100500000,sz.000968,7.2600,7.2600,7.2500,7.2500,715100,5187004.0000,3
2025-10-28,20251028101000000,sz.000968,7.2500,7.2800,7.2500,7.2700,411300,2988880.0000,3
2025-10-28,20251028101500000,sz.000968,7.2700,7.3000,7.2700,7.2900,420900,3067380.0000,3
2025-10-28,20251028102000000,sz.000968,7.2900,7.3000,7.2800,7.2900,220800,1609808.0000,3
2025-10-28,20251028102500000,sz.000968,7.2900,7.2900,7.2700,7.2700,401800,2922888.0000,3
2025-10-28,20251028103000000,sz.000968,7.2800,7.2800,7.2600,7.2700,243700,1771624.0000,3
2025-10-28,20251028103500000,sz.000968,7.2700,7.2800,7.2600,7.2600,189000,1373208.0000,3
2025-10-28,20251028104000000,sz.000968,7.2700,7.2700,7.2500,7.2600,352200,2556456.0000,3
2025-10-28,20251028104500000,sz.000968,7.2500,7.2600,7.2500,7.2600,327000,2371040.0000,3
2025-10-28,20251028105000000,sz.000968,7.2500,7.2600,7.2400,7.2500,294200,2132200.0000,3
2025-10-28,20251028105500000,sz.000968,7.2400,7.2500,7.2400,7.2500,197900,1434312.0000,3
2025-10-28,20251028110000000,sz.000968,7.2500,7.2600,7.2400,7.2500,99300,719984.0000,3
2025-10-28,20251028110500000,sz.000968,7.2500,7.2700,7.2500,7.2700,207700,1509032.0000,3
2025-10-28,20251028111000000,sz.000968,7.2700,7.2700,7.2500,7.2600,226600,1644880.0000,3
2025-10-28,20251028111500000,sz.000968,7.2600,7.2600,7.2500,7.2600,304000,2204880.0000,3
2025-10-28,20251028112000000,sz.000968,7.2600,7.2700,7.2500,7.2600,272900,1980984.0000,3
2025-10-28,20251028112500000,sz.000968,7.2700,7.2700,7.2500,7.2600,84400,612640.0000,3
2025-10-28,20251028113000000,sz.000968,7.2600,7.2800,7.2600,7.2600,252200,1832344.0000,3
2025-10-28,20251028130500000,sz.000968,7.2700,7.3000,7.2600,7.3000,350500,2550752.0000,3
2025-10-28,20251028131000000,sz.000968,7.2900,7.3100,7.2900,7.3100,225300,1644560.0000,3
2025-10-28,20251028131500000,sz.000968,7.3100,7.3200,7.3000,7.3000,217900,1592824.0000,3
2025-10-28,20251028132000000,sz.000968,7.3000,7.3300,7.3000,7.3100,287600,2103744.0000,3
2025-10-28,20251028132500000,sz.000968,7.3000,7.3100,7.2900,7.2900,240100,1752736.0000,3
2025-10-28,20251028133000000,sz.000968,7.3000,7.3200,7.3000,7.3000,136600,998488.0000,3
2025-10-28,20251028133500000,sz.000968,7.3000,7.3200,7.2900,7.3000,268800,1963072.0000,3
2025-10-28,20251028134000000,sz.000968,7.3100,7.3100,7.2900,7.2900,145200,1060008.0000,3
2025-10-28,20251028134500000,sz.000968,7.3000,7.3000,7.2600,7.2700,300700,2187000.0000,3
2025-10-28,20251028135000000,sz.000968,7.2700,7.2800,7.2600,7.2800,162200,1179008.0000,3
2025-10-28,20251028135500000,sz.000968,7.2800,7.2800,7.2500,7.2700,602500,4377672.0000,3
2025-10-28,20251028140000000,sz.000968,7.2700,7.2700,7.2500,7.2600,164300,1192976.0000,3
2025-10-28,20251028140500000,sz.000968,7.2600,7.2800,7.2600,7.2700,271100,1971136.0000,3
2025-10-28,20251028141000000,sz.000968,7.2700,7.2800,7.2600,7.2700,118300,859928.0000,3
2025-10-28,20251028141500000,sz.000968,7.2800,7.2900,7.2700,7.2900,118300,861640.0000,3
2025-10-28,20251028142000000,sz.000968,7.2900,7.2900,7.2800,7.2800,149600,1089632.0000,3
2025-10-28,20251028142500000,sz.000968,7.2900,7.2900,7.2800,7.2900,71400,520080.0000,3
2025-10-28,20251028143000000,sz.000968,7.2900,7.3200,7.2900,7.3100,721400,5268448.0000,3
2025-10-28,20251028143500000,sz.000968,7.3100,7.3300,7.3000,7.3100,398400,2913960.0000,3
2025-10-28,20251028144000000,sz.000968,7.3000,7.3200,7.2900,7.3100,175100,1279592.0000,3
2025-10-28,20251028144500000,sz.000968,7.3100,7.3200,7.3000,7.3200,264700,1935960.0000,3
2025-10-28,20251028145000000,sz.000968,7.3100,7.3200,7.3000,7.3100,318800,2329408.0000,3
2025-10-28,20251028145500000,sz.000968,7.3100,7.3200,7.3000,7.3000,348200,2545120.0000,3
2025-10-28,20251028150000000,sz.000968,7.3100,7.3200,7.3000,7.3000,401800,2936160.0000,3
2025-10-29,20251029093500000,sz.000968,7.2700,7.2900,7.2300,7.2300,789500,5729491.0000,3
2025-10-29,20251029094000000,sz.000968,7.2400,7.2400,7.2100,7.2100,983500,7104843.0000,3
2025-10-29,20251029094500000,sz.000968,7.2100,7.2200,7.2000,7.2100,685600,4944082.0000,3
2025-10-29,20251029095000000,sz.000968,7.2100,7.2400,7.2000,7.2300,544600,3930636.0000,3
2025-10-29,20251029095500000,sz.000968,7.2300,7.2300,7.2000,7.2100,599900,4325578.0000,3
2025-10-29,20251029100000000,sz.000968,7.2000,7.2100,7.1900,7.2100,595100,4283186.0000,3
2025-10-29,20251029100500000,sz.000968,7.2100,7.2300,7.2000,7.2300,238800,1723384.0000,3
2025-10-29,20251029101000000,sz.000968,7.2300,7.2400,7.2200,7.2300,287600,2078912.0000,3
2025-10-29,20251029101500000,sz.000968,7.2400,7.2400,7.2200,7.2300,159400,1152464.0000,3
2025-10-29,20251029102000000,sz.000968,7.2200,7.2500,7.2200,7.2500,496900,3596040.0000,3
2025-10-29,20251029102500000,sz.000968,7.2400,7.2500,7.2300,7.2400,179800,1301516.0000,3
2025-10-29,20251029103000000,sz.000968,7.2400,7.2500,7.2200,7.2500,253600,1835316.0000,3
2025-10-29,20251029103500000,sz.000968,7.2500,7.2600,7.2400,7.2500,344800,2500808.0000,3
2025-10-29,20251029104000000,sz.000968,7.2500,7.2600,7.2400,7.2500,53300,386468.0000,3
2025-10-29,20251029104500000,sz.000968,7.2600,7.2600,7.2500,7.2600,176500,1280988.0000,3
2025-10-29,20251029105000000,sz.000968,7.2600,7.2700,7.2500,7.2500,307700,2232168.0000,3
2025-10-29,20251029105500000,sz.000968,7.2600,7.2600,7.2400,7.2500,177500,1286600.0000,3
2025-10-29,20251029110000000,sz.000968,7.2400,7.2500,7.2400,7.2400,70700,512256.0000,3
2025-10-29,20251029110500000,sz.000968,7.2400,7.2700,7.2400,7.2600,147300,1068428.0000,3
2025-10-29,20251029111000000,sz.000968,7.2600,7.2700,7.2500,7.2600,77700,564168.0000,3
2025-10-29,20251029111500000,sz.000968,7.2500,7.2600,7.2500,7.2500,72100,523332.0000,3
2025-10-29,20251029112000000,sz.000968,7.2600,7.2700,7.2500,7.2600,161500,1172348.0000,3
2025-10-29,20251029112500000,sz.000968,7.2600,7.2700,7.2500,7.2700,131000,951412.0000,3
2025-10-29,20251029113000000,sz.000968,7.2600,7.2700,7.2500,7.2600,196700,1428064.0000,3
2025-10-29,20251029130500000,sz.000968,7.2600,7.2900,7.2600,7.2800,656700,4778412.0000,3
2025-10-29,20251029131000000,sz.000968,7.2800,7.2900,7.2800,7.2900,146100,1063792.0000,3
2025-10-29,20251029131500000,sz.000968,7.2900,7.3000,7.2700,7.2700,246900,1798376.0000,3
2025-10-29,20251029132000000,sz.000968,7.2800,7.2800,7.2600,7.2700,101400,737252.0000,3
2025-10-29,20251029132500000,sz.000968,7.2600,7.2900,7.2600,7.2800,232500,1692692.0000,3
2025-10-29,20251029133000000,sz.000968,7.2800,7.2800,7.2700,7.2800,71100,517304.0000,3
2025-10-29,20251029133500000,sz.000968,7.2700,7.2800,7.2600,7.2700,115800,841772.0000,3
2025-10-29,20251029134000000,sz.000968,7.2600,7.2800,7.2600,7.2800,387000,2814880.0000,3
2025-10-29,20251029134500000,sz.000968,7.2800,7.2800,7.2600,7.2700,126100,916552.0000,3
2025-10-29,20251029135000000,sz.000968,7.2700,7.2700,7.2500,7.2500,229700,1667344.0000,3
2025-10-29,20251029135500000,sz.000968,7.2600,7.2600,7.2500,7.2600,102900,746456.0000,3
2025-10-29,20251029140000000,sz.000968,7.2600,7.2600,7.2500,7.2500,100000,725584.0000,3
2025-10-29,20251029140500000,sz.000968,7.2500,7.2700,7.2500,7.2600,135900,986680.0000,3
2025-10-29,20251029141000000,sz.000968,7.2600,7.2700,7.2600,7.2600,184300,1338440.0000,3
2025-10-29,20251029141500000,sz.000968,7.2600,7.2800,7.2600,7.2800,173900,1264128.0000,3
2025-10-29,20251029142000000,sz.000968,7.2800,7.2800,7.2700,7.2800,128700,936232.0000,3
2025-10-29,20251029142500000,sz.000968,7.2800,7.2900,7.2700,7.2900,236800,1724112.0000,3
2025-10-29,20251029143000000,sz.000968,7.2900,7.3000,7.2800,7.2800,335500,2445752.0000,3
2025-10-29,20251029143500000,sz.000968,7.2800,7.3000,7.2800,7.3000,178300,1299960.0000,3
2025-10-29,20251029144000000,sz.000968,7.3000,7.3000,7.2900,7.2900,245100,1788320.0000,3
2025-10-29,20251029144500000,sz.000968,7.3000,7.3100,7.2900,7.2900,507300,3702000.0000,3
2025-10-29,20251029145000000,sz.000968,7.2900,7.3000,7.2800,7.2900,720000,5248104.0000,3
2025-10-29,20251029145500000,sz.000968,7.2900,7.3000,7.2800,7.2900,938800,6848272.0000,3
2025-10-29,20251029150000000,sz.000968,7.3000,7.3000,7.2900,7.2900,414100,3019384.0000,3
2025-10-30,20251030093500000,sz.000968,7.2900,7.3100,7.2700,7.2800,983100,7164296.0000,3
2025-10-30,20251030094000000,sz.000968,7.2800,7.2900,7.2600,7.2800,1109300,8072833.0000,3
2025-10-30,20251030094500000,sz.000968,7.2900,7.2900,7.2600,7.2700,426000,3097591.0000,3
2025-10-30,20251030095000000,sz.000968,7.2700,7.3300,7.2700,7.3300,1028400,7510576.0000,3
2025-10-30,20251030095500000,sz.000968,7.3200,7.3500,7.3100,7.3200,888400,6511600.0000,3
2025-10-30,20251030100000000,sz.000968,7.3200,7.3400,7.2900,7.2900,662300,4845956.0000,3
2025-10-30,20251030100500000,sz.000968,7.2900,7.3100,7.2800,7.2800,300700,2193392.0000,3
2025-10-30,20251030101000000,sz.000968,7.2800,7.2900,7.2600,7.2700,460800,3351608.0000,3
2025-10-30,20251030101500000,sz.000968,7.2700,7.2900,7.2600,7.2800,219900,1599776.0000,3
2025-10-30,20251030102000000,sz.000968,7.2800,7.2900,7.2700,7.2800,298700,2174540.0000,3
2025-10-30,20251030102500000,sz.000968,7.2800,7.2800,7.2700,7.2700,165100,1200888.0000,3
2025-10-30,20251030103000000,sz.000968,7.2800,7.2900,7.2700,7.2800,137400,1000248.0000,3
2025-10-30,20251030103500000,sz.000968,7.2800,7.2900,7.2700,7.2700,237300,1728304.0000,3
2025-10-30,20251030104000000,sz.000968,7.2800,7.2900,7.2700,7.2800,128500,935448.0000,3
2025-10-30,20251030104500000,sz.000968,7.2800,7.3000,7.2700,7.3000,153900,1121112.0000,3
2025-10-30,20251030105000000,sz.000968,7.3000,7.3100,7.2800,7.2800,337500,2461300.0000,3
2025-10-30,20251030105500000,sz.000968,7.2800,7.2900,7.2800,7.2800,264300,1924656.0000,3
2025-10-30,20251030110000000,sz.000968,7.2800,7.2900,7.2800,7.2800,115000,837356.0000,3
2025-10-30,20251030110500000,sz.000968,7.2900,7.2900,7.2700,7.2900,159200,1159568.0000,3
2025-10-30,20251030111000000,sz.000968,7.2900,7.3000,7.2900,7.2900,45100,328872.0000,3
2025-10-30,20251030111500000,sz.000968,7.2900,7.3000,7.2800,7.2900,149100,1087100.0000,3
2025-10-30,20251030112000000,sz.000968,7.2900,7.2900,7.2800,7.2800,126100,918284.0000,3
2025-10-30,20251030112500000,sz.000968,7.2800,7.2800,7.2600,7.2600,579700,4217224.0000,3
2025-10-30,20251030113000000,sz.000968,7.2700,7.2800,7.2600,7.2700,114100,829020.0000,3
2025-10-30,20251030130500000,sz.000968,7.2700,7.2700,7.2300,7.2400,676900,4908420.0000,3
2025-10-30,20251030131000000,sz.000968,7.2300,7.2500,7.2300,7.2400,167900,1216048.0000,3
2025-10-30,20251030131500000,sz.000968,7.2500,7.2500,7.2000,7.2300,524600,3789552.0000,3
2025-10-30,20251030132000000,sz.000968,7.2200,7.2400,7.2100,7.2300,223200,1611840.0000,3
2025-10-30,20251030132500000,sz.000968,7.2400,7.2600,7.2300,7.2600,131900,955824.0000,3
2025-10-30,20251030133000000,sz.000968,7.2600,7.2700,7.2500,7.2600,102700,746200.0000,3
2025-10-30,20251030133500000,sz.000968,7.2600,7.2800,7.2600,7.2700,233400,1696920.0000,3
2025-10-30,20251030134000000,sz.000968,7.2700,7.2800,7.2700,7.2700,190200,1382872.0000,3
2025-10-30,20251030134500000,sz.000968,7.2700,7.2700,7.2600,7.2600,315300,2290648.0000,3
2025-10-30,20251030135000000,sz.000968,7.2600,7.2600,7.2500,7.2600,314700,2283408.0000,3
2025-10-30,20251030135500000,sz.000968,7.2600,7.2600,7.2500,7.2500,168400,1221048.0000,3
2025-10-30,20251030140000000,sz.000968,7.2500,7.2600,7.2400,7.2500,139100,1008240.0000,3
2025-10-30,20251030140500000,sz.000968,7.2500,7.2600,7.2400,7.2400,257000,1861656.0000,3
2025-10-30,20251030141000000,sz.000968,7.2400,7.2500,7.2300,7.2400,148600,1075920.0000,3
2025-10-30,20251030141500000,sz.000968,7.2400,7.2500,7.2400,7.2400,121900,882864.0000,3
2025-10-30,20251030142000000,sz.000968,7.2500,7.2600,7.2400,7.2500,368700,2673736.0000,3
2025-10-30,20251030142500000,sz.000968,7.2500,7.2600,7.2500,7.2500,104200,756592.0000,3
2025-10-30,20251030143000000,sz.000968,7.2600,7.2700,7.2500,7.2500,226300,1643624.0000,3
2025-10-30,20251030143500000,sz.000968,7.2600,7.2700,7.2400,7.2500,231400,1679608.0000,3
2025-10-30,20251030144000000,sz.000968,7.2500,7.2500,7.2300,7.2400,218800,1584176.0000,3
2025-10-30,20251030144500000,sz.000968,7.2300,7.2400,7.2300,7.2400,261200,1890624.0000,3
2025-10-30,20251030145000000,sz.000968,7.2400,7.2400,7.2200,7.2400,900400,6507344.0000,3
2025-10-30,20251030145500000,sz.000968,7.2300,7.2300,7.2100,7.2100,1009600,7289528.0000,3
2025-10-30,20251030150000000,sz.000968,7.2100,7.2400,7.2100,7.2400,595900,4307408.0000,3
2025-10-31,20251031093500000,sz.000968,7.2200,7.2400,7.1800,7.2100,1032500,7439254.0000,3
2025-10-31,20251031094000000,sz.000968,7.2000,7.2200,7.1800,7.1800,556500,4002121.0000,3
2025-10-31,20251031094500000,sz.000968,7.1900,7.2200,7.1800,7.2100,596100,4288972.0000,3
2025-10-31,20251031095000000,sz.000968,7.2100,7.2200,7.1700,7.1700,806300,5797139.0000,3
2025-10-31,20251031095500000,sz.000968,7.1700,7.1800,7.1600,7.1700,902200,6464924.0000,3
2025-10-31,20251031100000000,sz.000968,7.1700,7.1900,7.1600,7.1700,712200,5111146.0000,3
2025-10-31,20251031100500000,sz.000968,7.1800,7.1800,7.1500,7.1600,735100,5263980.0000,3
2025-10-31,20251031101000000,sz.000968,7.1700,7.1800,7.1700,7.1800,439000,3149196.0000,3
2025-10-31,20251031101500000,sz.000968,7.1800,7.2100,7.1700,7.2100,863900,6212300.0000,3
2025-10-31,20251031102000000,sz.000968,7.2100,7.2300,7.1900,7.2300,494300,3564412.0000,3
2025-10-31,20251031102500000,sz.000968,7.2400,7.2400,7.2100,7.2200,176800,1277740.0000,3
2025-10-31,20251031103000000,sz.000968,7.2200,7.2200,7.1900,7.1900,106400,766416.0000,3
2025-10-31,20251031103500000,sz.000968,7.2000,7.2000,7.1800,7.2000,202100,1453368.0000,3
2025-10-31,20251031104000000,sz.000968,7.2000,7.2200,7.1800,7.2000,230100,1655944.0000,3
2025-10-31,20251031104500000,sz.000968,7.2000,7.2100,7.1900,7.2000,94000,676504.0000,3
2025-10-31,20251031105000000,sz.000968,7.1900,7.1900,7.1800,7.1900,161900,1163524.0000,3
2025-10-31,20251031105500000,sz.000968,7.1900,7.2000,7.1800,7.1800,140300,1008344.0000,3
2025-10-31,20251031110000000,sz.000968,7.1800,7.2100,7.1800,7.2000,588200,4230984.0000,3
2025-10-31,20251031110500000,sz.000968,7.2000,7.2100,7.1900,7.2100,138200,995084.0000,3
2025-10-31,20251031111000000,sz.000968,7.2100,7.2100,7.1900,7.2000,75100,540648.0000,3
2025-10-31,20251031111500000,sz.000968,7.2000,7.2000,7.1900,7.1900,64600,465048.0000,3
2025-10-31,20251031112000000,sz.000968,7.2000,7.2000,7.1900,7.1900,135600,975232.0000,3
2025-10-31,20251031112500000,sz.000968,7.1900,7.2000,7.1800,7.1900,500100,3595272.0000,3
2025-10-31,20251031113000000,sz.000968,7.2000,7.2000,7.1800,7.1800,217300,1561296.0000,3
2025-10-31,20251031130500000,sz.000968,7.1900,7.1900,7.1800,7.1800,246500,1770272.0000,3
2025-10-31,20251031131000000,sz.000968,7.1800,7.1900,7.1700,7.1900,137200,984968.0000,3
2025-10-31,20251031131500000,sz.000968,7.1800,7.1900,7.1700,7.1800,379000,2720952.0000,3
2025-10-31,20251031132000000,sz.000968,7.1800,7.1900,7.1700,7.1800,180300,1294544.0000,3
2025-10-31,20251031132500000,sz.000968,7.1800,7.1900,7.1800,7.1800,188000,1350144.0000,3
2025-10-31,20251031133000000,sz.000968,7.1900,7.2100,7.1900,7.2100,221600,1594528.0000,3
2025-10-31,20251031133500000,sz.000968,7.2000,7.2200,7.2000,7.2100,225700,1627384.0000,3
2025-10-31,20251031134000000,sz.000968,7.2100,7.2200,7.2000,7.2100,48900,352536.0000,3
2025-10-31,20251031134500000,sz.000968,7.2000,7.2100,7.1900,7.1900,101800,733040.0000,3
2025-10-31,20251031135000000,sz.000968,7.2000,7.2000,7.1900,7.2000,37500,269872.0000,3
2025-10-31,20251031135500000,sz.000968,7.1900,7.2000,7.1800,7.1800,212500,1527704.0000,3
2025-10-31,20251031140000000,sz.000968,7.1900,7.2000,7.1800,7.1900,111400,801072.0000,3
2025-10-31,20251031140500000,sz.000968,7.1800,7.2000,7.1800,7.1800,108300,778464.0000,3
2025-10-31,20251031141000000,sz.000968,7.1800,7.2000,7.1800,7.1900,297900,2141840.0000,3
2025-10-31,20251031141500000,sz.000968,7.1900,7.2100,7.1900,7.1900,144600,1040904.0000,3
2025-10-31,20251031142000000,sz.000968,7.2000,7.2200,7.2000,7.2200,205400,1480440.0000,3
2025-10-31,20251031142500000,sz.000968,7.2100,7.2300,7.2100,7.2300,206000,1487368.0000,3
2025-10-31,20251031143000000,sz.000968,7.2300,7.2300,7.2200,7.2200,121500,878168.0000,3
2025-10-31,20251031143500000,sz.000968,7.2300,7.2300,7.2100,7.2100,229700,1658488.0000,3
2025-10-31,20251031144000000,sz.000968,7.2100,7.2200,7.2100,7.2200,231800,1672408.0000,3
2025-10-31,20251031144500000,sz.000968,7.2200,7.2200,7.2100,7.2100,133700,964536.0000,3
2025-10-31,20251031145000000,sz.000968,7.2200,7.2200,7.2000,7.2100,275000,1982616.0000,3
2025-10-31,20251031145500000,sz.000968,7.2000,7.2100,7.1800,7.1900,589300,4239640.0000,3
2025-10-31,20251031150000000,sz.000968,7.1800,7.2400,7.1800,7.2400,1298900,9383144.0000,3
2025-11-03,20251103093500000,sz.000968,7.2800,7.3500,7.2700,7.3000,2069100,15129517.0000,3
2025-11-03,20251103094000000,sz.000968,7.2900,7.3000,7.2800,7.2900,548200,3998047.0000,3
2025-11-03,20251103094500000,sz.000968,7.2900,7.3200,7.2800,7.3200,755000,5516216.0000,3
2025-11-03,20251103095000000,sz.000968,7.3200,7.3200,7.2700,7.2900,821900,5997584.0000,3
2025-11-03,20251103095500000,sz.000968,7.3000,7.3300,7.2900,7.3200,545900,3991828.0000,3
2025-11-03,20251103100000000,sz.000968,7.3100,7.3700,7.3100,7.3600,1005900,7391856.0000,3
2025-11-03,20251103100500000,sz.000968,7.3700,7.3900,7.3500,7.3600,1159100,8542468.0000,3
2025-11-03,20251103101000000,sz.000968,7.3600,7.3800,7.3500,7.3600,614500,4525612.0000,3
2025-11-03,20251103101500000,sz.000968,7.3600,7.4000,7.3600,7.3900,1127400,8325736.0000,3
2025-11-03,20251103102000000,sz.000968,7.3900,7.4000,7.3700,7.3800,419100,3096032.0000,3
2025-11-03,20251103102500000,sz.000968,7.3700,7.4000,7.3700,7.3800,441200,3258416.0000,3
2025-11-03,20251103103000000,sz.000968,7.3800,7.4500,7.3800,7.4200,1781300,13231328.0000,3
2025-11-03,20251103103500000,sz.000968,7.4200,7.4900,7.4200,7.4700,1772000,13217072.0000,3
2025-11-03,20251103104000000,sz.000968,7.4600,7.5300,7.4600,7.5200,2157800,16167232.0000,3
2025-11-03,20251103104500000,sz.000968,7.5200,7.5600,7.5200,7.5300,1692100,12752064.0000,3
2025-11-03,20251103105000000,sz.000968,7.5300,7.5500,7.5000,7.5400,1067900,8033160.0000,3
2025-11-03,20251103105500000,sz.000968,7.5500,7.5500,7.4700,7.4700,737900,5546904.0000,3
2025-11-03,20251103110000000,sz.000968,7.4600,7.4800,7.4500,7.4600,476300,3554112.0000,3
2025-11-03,20251103110500000,sz.000968,7.4500,7.4600,7.4400,7.4500,567500,4230400.0000,3
2025-11-03,20251103111000000,sz.000968,7.4500,7.4600,7.4400,7.4600,320100,2384160.0000,3
2025-11-03,20251103111500000,sz.000968,7.4600,7.4700,7.4400,7.4500,285200,2126176.0000,3
2025-11-03,20251103112000000,sz.000968,7.4500,7.4600,7.4400,7.4400,185900,1384784.0000,3
2025-11-03,20251103112500000,sz.000968,7.4500,7.4600,7.4400,7.4500,289100,2152848.0000,3
2025-11-03,20251103113000000,sz.000968,7.4400,7.4500,7.4400,7.4400,96100,715680.0000,3
2025-11-03,20251103130500000,sz.000968,7.4500,7.5500,7.4300,7.4900,1499000,11211888.0000,3
2025-11-03,20251103131000000,sz.000968,7.5000,7.5000,7.4600,7.4800,442100,3305680.0000,3
2025-11-03,20251103131500000,sz.000968,7.4800,7.5300,7.4700,7.5300,563200,4224176.0000,3
2025-11-03,20251103132000000,sz.000968,7.5300,7.5400,7.5000,7.5200,633500,4766688.0000,3
2025-11-03,20251103132500000,sz.000968,7.5200,7.5300,7.5200,7.5300,498600,3751872.0000,3
2025-11-03,20251103133000000,sz.000968,7.5300,7.5400,7.5100,7.5100,617600,4648048.0000,3
2025-11-03,20251103133500000,sz.000968,7.5200,7.5300,7.5000,7.5200,454900,3418352.0000,3
2025-11-03,20251103134000000,sz.000968,7.5100,7.5200,7.4900,7.4900,212000,1591008.0000,3
2025-11-03,20251103134500000,sz.000968,7.5000,7.5100,7.4800,7.5100,295400,2213392.0000,3
2025-11-03,20251103135000000,sz.000968,7.5000,7.5100,7.4900,7.5000,248100,1860336.0000,3
2025-11-03,20251103135500000,sz.000968,7.4900,7.5200,7.4900,7.5100,263100,1975200.0000,3
2025-11-03,20251103140000000,sz.000968,7.5100,7.5200,7.5000,7.5200,277300,2083440.0000,3
2025-11-03,20251103140500000,sz.000968,7.5200,7.5200,7.5000,7.5200,303600,2279344.0000,3
2025-11-03,20251103141000000,sz.000968,7.5200,7.5200,7.5000,7.5100,163500,1227808.0000,3
2025-11-03,20251103141500000,sz.000968,7.5100,7.5100,7.4800,7.4900,183100,1372512.0000,3
2025-11-03,20251103142000000,sz.000968,7.4900,7.5000,7.4900,7.5000,282900,2119792.0000,3
2025-11-03,20251103142500000,sz.000968,7.4900,7.5000,7.4800,7.4800,152100,1139152.0000,3
2025-11-03,20251103143000000,sz.000968,7.4900,7.5000,7.4800,7.4900,228700,1711248.0000,3
2025-11-03,20251103143500000,sz.000968,7.4900,7.5000,7.4800,7.4900,262400,1964624.0000,3
2025-11-03,20251103144000000,sz.000968,7.4900,7.5000,7.4800,7.4900,416500,3120320.0000,3
2025-11-03,20251103144500000,sz.000968,7.4900,7.4900,7.4800,7.4800,295100,2209216.0000,3
2025-11-03,20251103145000000,sz.000968,7.4900,7.4900,7.4700,7.4800,449700,3364704.0000,3
2025-11-03,20251103145500000,sz.000968,7.4800,7.5100,7.4800,7.5100,1109200,8308160.0000,3
2025-11-03,20251103150000000,sz.000968,7.5100,7.5200,7.5000,7.5200,1032700,7759872.0000,3
2025-11-04,20251104093500000,sz.000968,7.4900,7.4900,7.4100,7.4200,1572000,11688164.0000,3
2025-11-04,20251104094000000,sz.000968,7.4200,7.4600,7.4200,7.4500,809500,6027268.0000,3
2025-11-04,20251104094500000,sz.000968,7.4600,7.4600,7.4300,7.4500,499200,3716828.0000,3
2025-11-04,20251104095000000,sz.000968,7.4500,7.4600,7.4300,7.4500,447700,3330892.0000,3
2025-11-04,20251104095500000,sz.000968,7.4400,7.4500,7.4300,7.4300,876100,6515184.0000,3
2025-11-04,20251104100000000,sz.000968,7.4400,7.4400,7.4200,7.4300,479100,3559400.0000,3
2025-11-04,20251104100500000,sz.000968,7.4300,7.4700,7.4200,7.4500,407700,3037412.0000,3
2025-11-04,20251104101000000,sz.000968,7.4500,7.4600,7.4400,7.4600,340100,2533724.0000,3
2025-11-04,20251104101500000,sz.000968,7.4500,7.4600,7.4400,7.4400,198900,1481624.0000,3
2025-11-04,20251104102000000,sz.000968,7.4400,7.4500,7.4200,7.4300,223800,1663912.0000,3
2025-11-04,20251104102500000,sz.000968,7.4200,7.4400,7.4200,7.4400,297700,2212072.0000,3
2025-11-04,20251104103000000,sz.000968,7.4300,7.4400,7.4300,7.4300,264800,1968360.0000,3
2025-11-04,20251104103500000,sz.000968,7.4300,7.4400,7.4200,7.4300,192700,1431716.0000,3
2025-11-04,20251104104000000,sz.000968,7.4400,7.4400,7.4300,7.4400,217400,1616160.0000,3
2025-11-04,20251104104500000,sz.000968,7.4300,7.4400,7.4200,7.4200,227400,1689940.0000,3
2025-11-04,20251104105000000,sz.000968,7.4200,7.4300,7.4100,7.4200,349500,2591696.0000,3
2025-11-04,20251104105500000,sz.000968,7.4100,7.4200,7.4100,7.4100,59200,438912.0000,3
2025-11-04,20251104110000000,sz.000968,7.4100,7.4200,7.4000,7.4100,166800,1235996.0000,3
2025-11-04,20251104110500000,sz.000968,7.4100,7.4200,7.4000,7.4100,177500,1315188.0000,3
2025-11-04,20251104111000000,sz.000968,7.4000,7.4100,7.4000,7.4000,118600,878192.0000,3
2025-11-04,20251104111500000,sz.000968,7.4100,7.4200,7.4000,7.4200,117400,869300.0000,3
2025-11-04,20251104112000000,sz.000968,7.4200,7.4200,7.4000,7.4000,70600,523056.0000,3
2025-11-04,20251104112500000,sz.000968,7.4100,7.4100,7.3900,7.4000,181300,1341800.0000,3
2025-11-04,20251104113000000,sz.000968,7.4000,7.4000,7.3900,7.4000,146500,1083148.0000,3
2025-11-04,20251104130500000,sz.000968,7.4100,7.4200,7.3800,7.3800,317500,2347496.0000,3
2025-11-04,20251104131000000,sz.000968,7.3900,7.4100,7.3900,7.4100,133700,989464.0000,3
2025-11-04,20251104131500000,sz.000968,7.4100,7.4400,7.4100,7.4300,304800,2261536.0000,3
2025-11-04,20251104132000000,sz.000968,7.4300,7.4300,7.3900,7.4000,143300,1061296.0000,3
2025-11-04,20251104132500000,sz.000968,7.4000,7.4000,7.3800,7.3900,249400,1842888.0000,3
2025-11-04,20251104133000000,sz.000968,7.3900,7.3900,7.3800,7.3800,120200,887800.0000,3
2025-11-04,20251104133500000,sz.000968,7.3900,7.4000,7.3800,7.3900,127600,942848.0000,3
2025-11-04,20251104134000000,sz.000968,7.3900,7.4000,7.3800,7.3800,81400,601440.0000,3
2025-11-04,20251104134500000,sz.000968,7.3800,7.3900,7.3800,7.3900,72600,535920.0000,3
2025-11-04,20251104135000000,sz.000968,7.3800,7.3900,7.3700,7.3700,257400,1899488.0000,3
2025-11-04,20251104135500000,sz.000968,7.3700,7.3800,7.3700,7.3800,296100,2183728.0000,3
2025-11-04,20251104140000000,sz.000968,7.3800,7.3900,7.3800,7.3800,80800,596720.0000,3
2025-11-04,20251104140500000,sz.000968,7.3800,7.3900,7.3700,7.3700,187700,1385040.0000,3
2025-11-04,20251104141000000,sz.000968,7.3700,7.3800,7.3500,7.3600,921400,6777536.0000,3
2025-11-04,20251104141500000,sz.000968,7.3600,7.3600,7.3400,7.3500,724300,5321344.0000,3
2025-11-04,20251104142000000,sz.000968,7.3400,7.3500,7.3400,7.3400,314100,2307680.0000,3
2025-11-04,20251104142500000,sz.000968,7.3400,7.3500,7.3300,7.3400,307800,2258992.0000,3
2025-11-04,20251104143000000,sz.000968,7.3400,7.3500,7.3300,7.3400,315500,2315664.0000,3
2025-11-04,20251104143500000,sz.000968,7.3400,7.3500,7.3200,7.3400,629700,4616664.0000,3
2025-11-04,20251104144000000,sz.000968,7.3500,7.3500,7.3300,7.3400,390700,2866776.0000,3
2025-11-04,20251104144500000,sz.000968,7.3400,7.3800,7.3400,7.3800,376400,2768408.0000,3
2025-11-04,20251104145000000,sz.000968,7.3800,7.3800,7.3600,7.3600,559700,4124112.0000,3
2025-11-04,20251104145500000,sz.000968,7.3700,7.3700,7.3500,7.3600,440200,3239432.0000,3
2025-11-04,20251104150000000,sz.000968,7.3700,7.3700,7.3500,7.3500,540900,3978760.0000,3
2025-11-05,20251105093500000,sz.000968,7.3000,7.3400,7.2800,7.3100,1086900,7942292.0000,3
2025-11-05,20251105094000000,sz.000968,7.3200,7.3600,7.3100,7.3400,406600,2983851.0000,3
2025-11-05,20251105094500000,sz.000968,7.3400,7.3900,7.3400,7.3800,372400,2743307.0000,3
2025-11-05,20251105095000000,sz.000968,7.3800,7.4300,7.3500,7.4200,910500,6731382.0000,3
2025-11-05,20251105095500000,sz.000968,7.4200,7.5400,7.4200,7.5100,2301100,17213176.0000,3
2025-11-05,20251105100000000,sz.000968,7.5100,7.5100,7.4700,7.4800,887300,6644312.0000,3
2025-11-05,20251105100500000,sz.000968,7.4900,7.5000,7.4700,7.4800,622700,4659864.0000,3
2025-11-05,20251105101000000,sz.000968,7.4900,7.4900,7.4500,7.4700,509200,3802256.0000,3
2025-11-05,20251105101500000,sz.000968,7.4700,7.4800,7.4500,7.4800,203900,1521312.0000,3
2025-11-05,20251105102000000,sz.000968,7.4800,7.4800,7.4500,7.4500,188500,1406748.0000,3
2025-11-05,20251105102500000,sz.000968,7.4600,7.5000,7.4600,7.4800,612800,4584508.0000,3
2025-11-05,20251105103000000,sz.000968,7.4800,7.5300,7.4800,7.5300,1091900,8204696.0000,3
2025-11-05,20251105103500000,sz.000968,7.5300,7.5600,7.5200,7.5600,1584500,11944480.0000,3
2025-11-05,20251105104000000,sz.000968,7.5600,7.6400,7.5500,7.6200,2268200,17246024.0000,3
2025-11-05,20251105104500000,sz.000968,7.6300,7.6500,7.6000,7.6000,1308000,9973320.0000,3
2025-11-05,20251105105000000,sz.000968,7.6300,7.6600,7.6200,7.6300,1424700,10879080.0000,3
2025-11-05,20251105105500000,sz.000968,7.6200,7.6500,7.5600,7.6400,1416000,10778032.0000,3
2025-11-05,20251105110000000,sz.000968,7.6300,7.6500,7.6200,7.6400,717100,5478304.0000,3
2025-11-05,20251105110500000,sz.000968,7.6500,7.7100,7.6400,7.6900,1472200,11303008.0000,3
2025-11-05,20251105111000000,sz.000968,7.6900,7.6900,7.6500,7.6700,623400,4782176.0000,3
2025-11-05,20251105111500000,sz.000968,7.6700,7.6800,7.6500,7.6500,541700,4154320.0000,3
2025-11-05,20251105112000000,sz.000968,7.6600,7.6800,7.6500,7.6500,347500,2663232.0000,3
2025-11-05,20251105112500000,sz.000968,7.6500,7.6800,7.6300,7.6500,432800,3310688.0000,3
2025-11-05,20251105113000000,sz.000968,7.6400,7.6500,7.6300,7.6300,138200,1055920.0000,3
2025-11-05,20251105130500000,sz.000968,7.6200,7.7000,7.6200,7.6700,1170400,8981664.0000,3
2025-11-05,20251105131000000,sz.000968,7.6800,7.6800,7.6700,7.6700,253600,1945536.0000,3
2025-11-05,20251105131500000,sz.000968,7.6800,7.6800,7.6500,7.6600,433300,3319264.0000,3
2025-11-05,20251105132000000,sz.000968,7.6700,7.6700,7.6600,7.6600,415300,3183984.0000,3
2025-11-05,20251105132500000,sz.000968,7.6700,7.6700,7.6500,7.6600,453200,3472576.0000,3
2025-11-05,20251105133000000,sz.000968,7.6700,7.6800,7.6600,7.6700,317900,2438464.0000,3
2025-11-05,20251105133500000,sz.000968,7.6700,7.6800,7.6200,7.6300,265300,2029120.0000,3
2025-11-05,20251105134000000,sz.000968,7.6300,7.6500,7.6300,7.6500,245400,1873472.0000,3
2025-11-05,20251105134500000,sz.000968,7.6400,7.6600,7.6300,7.6600,331400,2532208.0000,3
2025-11-05,20251105135000000,sz.000968,7.6600,7.6600,7.6500,7.6500,142700,1092016.0000,3
2025-11-05,20251105135500000,sz.000968,7.6600,7.6800,7.6500,7.6700,304500,2334144.0000,3
2025-11-05,20251105140000000,sz.000968,7.6700,7.6700,7.6400,7.6600,329400,2520576.0000,3
2025-11-05,20251105140500000,sz.000968,7.6500,7.6600,7.6400,7.6600,296800,2269680.0000,3
2025-11-05,20251105141000000,sz.000968,7.6500,7.6600,7.6400,7.6500,254000,1943600.0000,3
2025-11-05,20251105141500000,sz.000968,7.6400,7.6600,7.6400,7.6500,198400,1518320.0000,3
2025-11-05,20251105142000000,sz.000968,7.6500,7.6600,7.6300,7.6400,266800,2039536.0000,3
2025-11-05,20251105142500000,sz.000968,7.6300,7.6400,7.6200,7.6200,298600,2277504.0000,3
2025-11-05,20251105143000000,sz.000968,7.6200,7.6300,7.6200,7.6200,235000,1792288.0000,3
2025-11-05,20251105143500000,sz.000968,7.6200,7.6400,7.6200,7.6300,195500,1491536.0000,3
2025-11-05,20251105144000000,sz.000968,7.6200,7.6300,7.6200,7.6200,163300,1244752.0000,3
2025-11-05,20251105144500000,sz.000968,7.6300,7.6400,7.6200,7.6400,499700,3811696.0000,3
2025-11-05,20251105145000000,sz.000968,7.6400,7.6400,7.6200,7.6200,467400,3563408.0000,3
2025-11-05,20251105145500000,sz.000968,7.6200,7.6300,7.6100,7.6300,588500,4484480.0000,3
2025-11-05,20251105150000000,sz.000968,7.6200,7.6300,7.6100,7.6100,558400,4252032.0000,3
2025-11-06,20251106093500000,sz.000968,7.5900,7.6200,7.5100,7.5400,2109200,15929515.0000,3
2025-11-06,20251106094000000,sz.000968,7.5300,7.5600,7.5300,7.5400,578700,4361387.0000,3
2025-11-06,20251106094500000,sz.000968,7.5400,7.5600,7.5200,7.5200,763900,5759090.0000,3
2025-11-06,20251106095000000,sz.000968,7.5200,7.5700,7.5200,7.5600,516300,3897340.0000,3
2025-11-06,20251106095500000,sz.000968,7.5600,7.5900,7.5500,7.5800,545300,4128108.0000,3
2025-11-06,20251106100000000,sz.000968,7.5800,7.5800,7.5600,7.5800,404500,3062604.0000,3
2025-11-06,20251106100500000,sz.000968,7.5800,7.5900,7.5600,7.5600,498800,3777016.0000,3
2025-11-06,20251106101000000,sz.000968,7.5600,7.5800,7.5500,7.5500,237600,1796956.0000,3
2025-11-06,20251106101500000,sz.000968,7.5500,7.5800,7.5500,7.5700,283900,2146952.0000,3
2025-11-06,20251106102000000,sz.000968,7.5600,7.5800,7.5600,7.5700,259600,1965592.0000,3
2025-11-06,20251106102500000,sz.000968,7.5600,7.5700,7.5500,7.5500,499500,3774972.0000,3
2025-11-06,20251106103000000,sz.000968,7.5500,7.5600,7.5400,7.5500,275900,2082928.0000,3
2025-11-06,20251106103500000,sz.000968,7.5500,7.5800,7.5400,7.5600,345700,2613140.0000,3
2025-11-06,20251106104000000,sz.000968,7.5600,7.5600,7.5400,7.5400,184400,1391828.0000,3
2025-11-06,20251106104500000,sz.000968,7.5500,7.5600,7.5400,7.5500,237100,1789236.0000,3
2025-11-06,20251106105000000,sz.000968,7.5500,7.5700,7.5500,7.5500,149400,1128852.0000,3
2025-11-06,20251106105500000,sz.000968,7.5600,7.5700,7.5500,7.5600,358300,2708904.0000,3
2025-11-06,20251106110000000,sz.000968,7.5500,7.6000,7.5500,7.5900,596700,4523984.0000,3
2025-11-06,20251106110500000,sz.000968,7.6000,7.6000,7.5700,7.5800,179500,1361036.0000,3
2025-11-06,20251106111000000,sz.000968,7.5700,7.5800,7.5600,7.5600,209600,1586880.0000,3
2025-11-06,20251106111500000,sz.000968,7.5700,7.5800,7.5700,7.5700,104800,793568.0000,3
2025-11-06,20251106112000000,sz.000968,7.5800,7.5800,7.5700,7.5700,156900,1188672.0000,3
2025-11-06,20251106112500000,sz.000968,7.5700,7.5800,7.5500,7.5800,237300,1795568.0000,3
2025-11-06,20251106113000000,sz.000968,7.5900,7.6000,7.5800,7.6000,148200,1124744.0000,3
2025-11-06,20251106130500000,sz.000968,7.5900,7.6100,7.5800,7.5900,274200,2082664.0000,3
2025-11-06,20251106131000000,sz.000968,7.5900,7.6100,7.5900,7.6100,130500,992032.0000,3
2025-11-06,20251106131500000,sz.000968,7.6100,7.6100,7.5900,7.6000,339000,2577152.0000,3
2025-11-06,20251106132000000,sz.000968,7.5900,7.6000,7.5700,7.5700,237400,1799952.0000,3
2025-11-06,20251106132500000,sz.000968,7.5700,7.5800,7.5700,7.5800,157800,1195472.0000,3
2025-11-06,20251106133000000,sz.000968,7.5700,7.5900,7.5700,7.5800,208100,1577600.0000,3
2025-11-06,20251106133500000,sz.000968,7.5800,7.6000,7.5700,7.6000,191300,1450336.0000,3
2025-11-06,20251106134000000,sz.000968,7.6000,7.6000,7.5800,7.5800,173500,1316072.0000,3
2025-11-06,20251106134500000,sz.000968,7.5800,7.5800,7.5700,7.5800,108300,820152.0000,3
2025-11-06,20251106135000000,sz.000968,7.5800,7.6000,7.5700,7.5900,315900,2397008.0000,3
2025-11-06,20251106135500000,sz.000968,7.5900,7.6000,7.5900,7.6000,103300,784512.0000,3
2025-11-06,20251106140000000,sz.000968,7.5900,7.6000,7.5900,7.6000,40600,308336.0000,3
2025-11-06,20251106140500000,sz.000968,7.6000,7.6000,7.5800,7.5800,188800,1433840.0000,3
2025-11-06,20251106141000000,sz.000968,7.5800,7.5900,7.5700,7.5800,327300,2479744.0000,3
2025-11-06,20251106141500000,sz.000968,7.5800,7.5900,7.5700,7.5900,134700,1020904.0000,3
2025-11-06,20251106142000000,sz.000968,7.5900,7.5900,7.5800,7.5800,51100,387656.0000,3
2025-11-06,20251106142500000,sz.000968,7.5800,7.6000,7.5800,7.5900,162700,1234704.0000,3
2025-11-06,20251106143000000,sz.000968,7.5900,7.5900,7.5800,7.5800,55300,419296.0000,3
2025-11-06,20251106143500000,sz.000968,7.5800,7.5900,7.5700,7.5800,264600,2005488.0000,3
2025-11-06,20251106144000000,sz.000968,7.5700,7.5900,7.5700,7.5800,144100,1092368.0000,3
2025-11-06,20251106144500000,sz.000968,7.5800,7.5900,7.5600,7.5700,604600,4580256.0000,3
2025-11-06,20251106145000000,sz.000968,7.5600,7.5800,7.5600,7.5700,344000,2604920.0000,3
2025-11-06,20251106145500000,sz.000968,7.5800,7.5900,7.5700,7.5900,725200,5497072.0000,3
2025-11-06,20251106150000000,sz.000968,7.5800,7.6000,7.5800,7.5900,464200,3522848.0000,3
2025-11-07,20251107093500000,sz.000968,7.5900,7.7200,7.5700,7.6700,2268000,17353060.0000,3
2025-11-07,20251107094000000,sz.000968,7.6700,7.7000,7.6600,7.6800,920200,7067708.0000,3
2025-11-07,20251107094500000,sz.000968,7.6700,7.6700,7.5900,7.5900,840300,6412692.0000,3
2025-11-07,20251107095000000,sz.000968,7.5900,7.6300,7.5800,7.6100,340000,2583964.0000,3
2025-11-07,20251107095500000,sz.000968,7.6200,7.6300,7.6100,7.6100,363200,2767648.0000,3
2025-11-07,20251107100000000,sz.000968,7.6100,7.6400,7.6100,7.6300,270800,2065432.0000,3
2025-11-07,20251107100500000,sz.000968,7.6400,7.6400,7.5600,7.5900,895900,6801652.0000,3
2025-11-07,20251107101000000,sz.000968,7.5800,7.5900,7.5700,7.5900,287800,2181172.0000,3
2025-11-07,20251107101500000,sz.000968,7.5900,7.5900,7.5700,7.5700,381800,2893924.0000,3
2025-11-07,20251107102000000,sz.000968,7.5800,7.5900,7.5800,7.5800,231900,1758284.0000,3
2025-11-07,20251107102500000,sz.000968,7.5900,7.6100,7.5800,7.5900,290900,2209548.0000,3
2025-11-07,20251107103000000,sz.000968,7.5900,7.6000,7.5900,7.5900,254000,1929476.0000,3
2025-11-07,20251107103500000,sz.000968,7.5900,7.6100,7.5900,7.6000,191100,1451540.0000,3
2025-11-07,20251107104000000,sz.000968,7.6000,7.6200,7.6000,7.6200,242200,1844052.0000,3
2025-11-07,20251107104500000,sz.000968,7.6200,7.6300,7.6100,7.6100,200200,1524252.0000,3
2025-11-07,20251107105000000,sz.000968,7.6100,7.6200,7.6000,7.6100,189900,1444680.0000,3
2025-11-07,20251107105500000,sz.000968,7.6100,7.6200,7.6100,7.6200,135100,1029136.0000,3
2025-11-07,20251107110000000,sz.000968,7.6200,7.6300,7.5900,7.5900,269000,2045932.0000,3
2025-11-07,20251107110500000,sz.000968,7.5900,7.6000,7.5800,7.6000,204000,1548928.0000,3
2025-11-07,20251107111000000,sz.000968,7.5900,7.6200,7.5900,7.6100,195800,1489432.0000,3
2025-11-07,20251107111500000,sz.000968,7.6200,7.6200,7.6000,7.6100,99800,759136.0000,3
2025-11-07,20251107112000000,sz.000968,7.6100,7.6100,7.5900,7.5900,252500,1918192.0000,3
2025-11-07,20251107112500000,sz.000968,7.5900,7.5900,7.5700,7.5800,222400,1686736.0000,3
2025-11-07,20251107113000000,sz.000968,7.5800,7.5900,7.5700,7.5800,216200,1638776.0000,3
2025-11-07,20251107130500000,sz.000968,7.5800,7.5900,7.5800,7.5900,76000,576496.0000,3
2025-11-07,20251107131000000,sz.000968,7.5900,7.5900,7.5800,7.5800,179400,1361224.0000,3
2025-11-07,20251107131500000,sz.000968,7.5900,7.5900,7.5800,7.5800,306400,2323792.0000,3
2025-11-07,20251107132000000,sz.000968,7.5800,7.5900,7.5800,7.5900,118200,896320.0000,3
2025-11-07,20251107132500000,sz.000968,7.5900,7.6000,7.5900,7.5900,82400,625456.0000,3
2025-11-07,20251107133000000,sz.000968,7.5900,7.6000,7.5900,7.6000,118000,895576.0000,3
2025-11-07,20251107133500000,sz.000968,7.6000,7.6200,7.5900,7.6100,253700,1929360.0000,3
2025-11-07,20251107134000000,sz.000968,7.6000,7.6100,7.6000,7.6100,114800,873096.0000,3
2025-11-07,20251107134500000,sz.000968,7.6000,7.6100,7.6000,7.6100,51700,392976.0000,3
2025-11-07,20251107135000000,sz.000968,7.6100,7.6100,7.5900,7.6000,149100,1133336.0000,3
2025-11-07,20251107135500000,sz.000968,7.6000,7.6300,7.6000,7.6200,487400,3713856.0000,3
2025-11-07,20251107140000000,sz.000968,7.6200,7.6200,7.6100,7.6100,57400,437248.0000,3
2025-11-07,20251107140500000,sz.000968,7.6100,7.6200,7.6000,7.6000,164200,1249624.0000,3
2025-11-07,20251107141000000,sz.000968,7.6000,7.6100,7.5900,7.6000,198800,1510680.0000,3
2025-11-07,20251107141500000,sz.000968,7.6000,7.6100,7.5900,7.6000,133300,1013032.0000,3
2025-11-07,20251107142000000,sz.000968,7.6100,7.6100,7.5900,7.6000,190300,1446328.0000,3
2025-11-07,20251107142500000,sz.000968,7.6100,7.6100,7.6000,7.6000,128400,976328.0000,3
2025-11-07,20251107143000000,sz.000968,7.6000,7.6100,7.5900,7.6000,177100,1345696.0000,3
2025-11-07,20251107143500000,sz.000968,7.6100,7.6200,7.6000,7.6100,247600,1883520.0000,3
2025-11-07,20251107144000000,sz.000968,7.6000,7.6100,7.5900,7.6100,370400,2815856.0000,3
2025-11-07,20251107144500000,sz.000968,7.6100,7.6100,7.6000,7.6000,372800,2835784.0000,3
2025-11-07,20251107145000000,sz.000968,7.6100,7.6100,7.6000,7.6000,553300,4207816.0000,3
2025-11-07,20251107145500000,sz.000968,7.6000,7.6100,7.5900,7.6000,495200,3763392.0000,3
2025-11-07,20251107150000000,sz.000968,7.6000,7.6000,7.5900,7.5900,363900,2763280.0000,3
2025-11-10,20251110093500000,sz.000968,7.6000,7.6100,7.5600,7.6000,1229900,9338196.0000,3
2025-11-10,20251110094000000,sz.000968,7.6000,7.6600,7.5800,7.6400,1271400,9697842.0000,3
2025-11-10,20251110094500000,sz.000968,7.6400,7.6800,7.6400,7.6600,908800,6964706.0000,3
2025-11-10,20251110095000000,sz.000968,7.6600,7.6600,7.6100,7.6500,763800,5836468.0000,3
2025-11-10,20251110095500000,sz.000968,7.6500,7.6700,7.6400,7.6500,562200,4307608.0000,3
2025-11-10,20251110100000000,sz.000968,7.6600,7.6800,7.6600,7.6700,536800,4118832.0000,3
2025-11-10,20251110100500000,sz.000968,7.6600,7.6800,7.6500,7.6700,581300,4456260.0000,3
2025-11-10,20251110101000000,sz.000968,7.6800,7.6800,7.6600,7.6700,366200,2808912.0000,3
2025-11-10,20251110101500000,sz.000968,7.6700,7.6800,7.6600,7.6700,386500,2963920.0000,3
2025-11-10,20251110102000000,sz.000968,7.6700,7.6800,7.6600,7.6800,339000,2600944.0000,3
2025-11-10,20251110102500000,sz.000968,7.6800,7.6800,7.6600,7.6600,821400,6301028.0000,3
2025-11-10,20251110103000000,sz.000968,7.6700,7.6800,7.6500,7.6500,277000,2123268.0000,3
2025-11-10,20251110103500000,sz.000968,7.6400,7.6900,7.6400,7.6900,613900,4706388.0000,3
2025-11-10,20251110104000000,sz.000968,7.6800,7.6900,7.6600,7.6600,376500,2892916.0000,3
2025-11-10,20251110104500000,sz.000968,7.6600,7.6700,7.6400,7.6500,174300,1333816.0000,3
2025-11-10,20251110105000000,sz.000968,7.6500,7.6600,7.6400,7.6400,223000,1705768.0000,3
2025-11-10,20251110105500000,sz.000968,7.6400,7.6500,7.6200,7.6300,296100,2260280.0000,3
2025-11-10,20251110110000000,sz.000968,7.6200,7.6400,7.6200,7.6400,117000,892824.0000,3
2025-11-10,20251110110500000,sz.000968,7.6300,7.6700,7.6200,7.6500,334200,2552448.0000,3
2025-11-10,20251110111000000,sz.000968,7.6500,7.6800,7.6500,7.6800,325500,2496216.0000,3
2025-11-10,20251110111500000,sz.000968,7.6800,7.6800,7.6700,7.6700,172200,1320872.0000,3
2025-11-10,20251110112000000,sz.000968,7.6700,7.6800,7.6700,7.6700,121400,931704.0000,3
2025-11-10,20251110112500000,sz.000968,7.6700,7.6800,7.6700,7.6700,98700,757416.0000,3
2025-11-10,20251110113000000,sz.000968,7.6800,7.7300,7.6700,7.7300,814900,6276720.0000,3
2025-11-10,20251110130500000,sz.000968,7.7300,7.7400,7.6900,7.7200,863600,6668240.0000,3
2025-11-10,20251110131000000,sz.000968,7.7200,7.7200,7.6900,7.7100,310800,2395064.0000,3
2025-11-10,20251110131500000,sz.000968,7.7100,7.7200,7.6800,7.6800,243700,1876192.0000,3
2025-11-10,20251110132000000,sz.000968,7.6900,7.6900,7.6700,7.6800,230500,1770840.0000,3
2025-11-10,20251110132500000,sz.000968,7.6700,7.6900,7.6700,7.6800,231900,1780288.0000,3
2025-11-10,20251110133000000,sz.000968,7.6900,7.6900,7.6700,7.6800,132600,1018584.0000,3
2025-11-10,20251110133500000,sz.000968,7.6900,7.6900,7.6700,7.6700,154500,1186640.0000,3
2025-11-10,20251110134000000,sz.000968,7.6700,7.6900,7.6700,7.6900,240700,1849952.0000,3
2025-11-10,20251110134500000,sz.000968,7.6900,7.6900,7.6700,7.6800,233500,1792640.0000,3
2025-11-10,20251110135000000,sz.000968,7.6800,7.6900,7.6700,7.6700,191100,1467584.0000,3
2025-11-10,20251110135500000,sz.000968,7.6700,7.6800,7.6600,7.6700,309100,2370640.0000,3
2025-11-10,20251110140000000,sz.000968,7.6800,7.6800,7.6700,7.6700,120700,926400.0000,3
2025-11-10,20251110140500000,sz.000968,7.6700,7.6800,7.6700,7.6800,190600,1463344.0000,3
2025-11-10,20251110141000000,sz.000968,7.6700,7.6800,7.6600,7.6600,221800,1701344.0000,3
2025-11-10,20251110141500000,sz.000968,7.6600,7.6800,7.6600,7.6800,229800,1762568.0000,3
2025-11-10,20251110142000000,sz.000968,7.6700,7.6800,7.6700,7.6700,111100,852712.0000,3
2025-11-10,20251110142500000,sz.000968,7.6800,7.6800,7.6700,7.6700,116400,893480.0000,3
2025-11-10,20251110143000000,sz.000968,7.6700,7.7100,7.6700,7.7000,903100,6951528.0000,3
2025-11-10,20251110143500000,sz.000968,7.7000,7.7100,7.6900,7.6900,701500,5401424.0000,3
2025-11-10,20251110144000000,sz.000968,7.7000,7.7100,7.6900,7.6900,563100,4336368.0000,3
2025-11-10,20251110144500000,sz.000968,7.7000,7.7100,7.6900,7.7100,387900,2987040.0000,3
2025-11-10,20251110145000000,sz.000968,7.7000,7.7100,7.6900,7.6900,411400,3166592.0000,3
2025-11-10,20251110145500000,sz.000968,7.6900,7.7000,7.6800,7.6900,431200,3316080.0000,3
2025-11-10,20251110150000000,sz.000968,7.6800,7.7000,7.6800,7.7000,609000,4686544.0000,3
2025-11-11,20251111093500000,sz.000968,7.7300,7.7300,7.6300,7.6500,1312100,10048851.0000,3
2025-11-11,20251111094000000,sz.000968,7.6400,7.6800,7.6200,7.6400,766000,5855008.0000,3
2025-11-11,20251111094500000,sz.000968,7.6600,7.7400,7.6500,7.7300,931300,7174049.0000,3
2025-11-11,20251111095000000,sz.000968,7.7300,7.7300,7.6700,7.6800,440600,3389912.0000,3
2025-11-11,20251111095500000,sz.000968,7.6700,7.6700,7.6500,7.6700,362000,2771796.0000,3
2025-11-11,20251111100000000,sz.000968,7.6600,7.7000,7.6600,7.6900,310700,2387440.0000,3
2025-11-11,20251111100500000,sz.000968,7.6800,7.6900,7.6600,7.6700,208900,1603232.0000,3
2025-11-11,20251111101000000,sz.000968,7.6600,7.6800,7.6600,7.6700,134100,1028572.0000,3
2025-11-11,20251111101500000,sz.000968,7.6700,7.6800,7.6700,7.6700,69400,532396.0000,3
2025-11-11,20251111102000000,sz.000968,7.6700,7.6800,7.6600,7.6600,219900,1686156.0000,3
2025-11-11,20251111102500000,sz.000968,7.6600,7.6700,7.6500,7.6600,333600,2553772.0000,3
2025-11-11,20251111103000000,sz.000968,7.6500,7.6900,7.6500,7.6800,370100,2837624.0000,3
2025-11-11,20251111103500000,sz.000968,7.6700,7.6800,7.6600,7.6600,120000,920312.0000,3
2025-11-11,20251111104000000,sz.000968,7.6600,7.6700,7.6500,7.6500,242900,1859336.0000,3
2025-11-11,20251111104500000,sz.000968,7.6600,7.6600,7.6500,7.6500,99700,763008.0000,3
2025-11-11,20251111105000000,sz.000968,7.6500,7.6700,7.6500,7.6600,158200,1211640.0000,3
2025-11-11,20251111105500000,sz.000968,7.6600,7.6700,7.6600,7.6600,128800,986764.0000,3
2025-11-11,20251111110000000,sz.000968,7.6600,7.6600,7.6500,7.6500,154400,1181596.0000,3
2025-11-11,20251111110500000,sz.000968,7.6500,7.6500,7.6300,7.6400,326600,2496376.0000,3
2025-11-11,20251111111000000,sz.000968,7.6400,7.6500,7.6300,7.6500,250800,1915332.0000,3
2025-11-11,20251111111500000,sz.000968,7.6500,7.6600,7.6400,7.6600,146000,1116916.0000,3
2025-11-11,20251111112000000,sz.000968,7.6600,7.6600,7.6500,7.6500,86400,661376.0000,3
2025-11-11,20251111112500000,sz.000968,7.6600,7.6700,7.6500,7.6600,83100,636536.0000,3
2025-11-11,20251111113000000,sz.000968,7.6600,7.6700,7.6600,7.6600,128500,984896.0000,3
2025-11-11,20251111130500000,sz.000968,7.6700,7.6800,7.6500,7.6600,344000,2636984.0000,3
2025-11-11,20251111131000000,sz.000968,7.6600,7.6600,7.6500,7.6600,110200,843792.0000,3
2025-11-11,20251111131500000,sz.000968,7.6600,7.6700,7.6500,7.6500,123500,945712.0000,3
2025-11-11,20251111132000000,sz.000968,7.6600,7.6700,7.6500,7.6500,123600,946332.0000,3
2025-11-11,20251111132500000,sz.000968,7.6500,7.6500,7.6300,7.6400,255700,1953820.0000,3
2025-11-11,20251111133000000,sz.000968,7.6400,7.6500,7.6300,7.6300,125400,957660.0000,3
2025-11-11,20251111133500000,sz.000968,7.6300,7.6500,7.6300,7.6400,93200,711956.0000,3
2025-11-11,20251111134000000,sz.000968,7.6400,7.6500,7.6300,7.6400,129200,987244.0000,3
2025-11-11,20251111134500000,sz.000968,7.6400,7.6500,7.6300,7.6400,247500,1891108.0000,3
2025-11-11,20251111135000000,sz.000968,7.6400,7.6500,7.6300,7.6400,256100,1956864.0000,3
2025-11-11,20251111135500000,sz.000968,7.6500,7.6500,7.6400,7.6500,116000,886808.0000,3
2025-11-11,20251111140000000,sz.000968,7.6400,7.6500,7.6300,7.6400,164300,1255664.0000,3
2025-11-11,20251111140500000,sz.000968,7.6400,7.6400,7.6300,7.6400,351500,2682440.0000,3
2025-11-11,20251111141000000,sz.000968,7.6300,7.6400,7.6300,7.6300,168400,1285752.0000,3
2025-11-11,20251111141500000,sz.000968,7.6400,7.6400,7.6300,7.6400,101900,778312.0000,3
2025-11-11,20251111142000000,sz.000968,7.6300,7.6600,7.6300,7.6500,241200,1843752.0000,3
2025-11-11,20251111142500000,sz.000968,7.6600,7.6600,7.6500,7.6600,124100,950256.0000,3
2025-11-11,20251111143000000,sz.000968,7.6600,7.6600,7.6500,7.6500,84300,645032.0000,3
2025-11-11,20251111143500000,sz.000968,7.6500,7.6500,7.6400,7.6500,225800,1726056.0000,3
2025-11-11,20251111144000000,sz.000968,7.6500,7.6600,7.6400,7.6400,362700,2773840.0000,3
2025-11-11,20251111144500000,sz.000968,7.6500,7.6500,7.6300,7.6400,214400,1637968.0000,3
2025-11-11,20251111145000000,sz.000968,7.6400,7.6400,7.6300,7.6400,240000,1832776.0000,3
2025-11-11,20251111145500000,sz.000968,7.6300,7.6500,7.6300,7.6400,295000,2253320.0000,3
2025-11-11,20251111150000000,sz.000968,7.6300,7.6500,7.6300,7.6400,305000,2330152.0000,3
2025-11-12,20251112093500000,sz.000968,7.6700,7.7600,7.6700,7.7400,2147200,16587689.0000,3
2025-11-12,20251112094000000,sz.000968,7.7500,7.7500,7.6900,7.6900,918100,7090423.0000,3
2025-11-12,20251112094500000,sz.000968,7.6800,7.7200,7.6600,7.7100,878400,6746660.0000,3
2025-11-12,20251112095000000,sz.000968,7.7000,7.7200,7.6900,7.7100,389600,3001528.0000,3
2025-11-12,20251112095500000,sz.000968,7.7100,7.7900,7.7100,7.7700,2711700,21068720.0000,3
2025-11-12,20251112100000000,sz.000968,7.7700,7.7800,7.7500,7.7600,554200,4303140.0000,3
2025-11-12,20251112100500000,sz.000968,7.7600,7.7700,7.7300,7.7400,587300,4553456.0000,3
2025-11-12,20251112101000000,sz.000968,7.7500,7.7600,7.7200,7.7400,507500,3926072.0000,3
2025-11-12,20251112101500000,sz.000968,7.7300,7.7700,7.7300,7.7700,423000,3278992.0000,3
2025-11-12,20251112102000000,sz.000968,7.7700,7.7700,7.7200,7.7400,322500,2495664.0000,3
2025-11-12,20251112102500000,sz.000968,7.7400,7.7600,7.7300,7.7400,201100,1558104.0000,3
2025-11-12,20251112103000000,sz.000968,7.7400,7.7500,7.7300,7.7400,165300,1279384.0000,3
2025-11-12,20251112103500000,sz.000968,7.7500,7.7500,7.7300,7.7500,188900,1462576.0000,3
2025-11-12,20251112104000000,sz.000968,7.7400,7.7400,7.7000,7.7000,401400,3099704.0000,3
2025-11-12,20251112104500000,sz.000968,7.7000,7.7300,7.6900,7.7100,383500,2955848.0000,3
2025-11-12,20251112105000000,sz.000968,7.7100,7.7200,7.7100,7.7200,78800,607824.0000,3
2025-11-12,20251112105500000,sz.000968,7.7100,7.7200,7.6900,7.7000,366700,2825744.0000,3
2025-11-12,20251112110000000,sz.000968,7.7100,7.7100,7.6900,7.7000,240200,1849576.0000,3
2025-11-12,20251112110500000,sz.000968,7.7200,7.7400,7.7200,7.7200,292000,2255688.0000,3
2025-11-12,20251112111000000,sz.000968,7.7300,7.7300,7.7000,7.7100,114900,886072.0000,3
2025-11-12,20251112111500000,sz.000968,7.7000,7.7100,7.6900,7.7000,322300,2480368.0000,3
2025-11-12,20251112112000000,sz.000968,7.7100,7.7100,7.6800,7.6900,120900,929832.0000,3
2025-11-12,20251112112500000,sz.000968,7.6900,7.7200,7.6800,7.7200,424800,3268920.0000,3
2025-11-12,20251112113000000,sz.000968,7.7300,7.7300,7.6800,7.6800,352700,2715824.0000,3
2025-11-12,20251112130500000,sz.000968,7.6800,7.7100,7.6700,7.7100,379700,2921088.0000,3
2025-11-12,20251112131000000,sz.000968,7.7100,7.7200,7.6900,7.7000,254000,1957728.0000,3
2025-11-12,20251112131500000,sz.000968,7.7000,7.7100,7.6900,7.6900,248500,1912648.0000,3
2025-11-12,20251112132000000,sz.000968,7.6900,7.7000,7.6800,7.6800,100500,772960.0000,3
2025-11-12,20251112132500000,sz.000968,7.6800,7.6900,7.6700,7.6800,340600,2615080.0000,3
2025-11-12,20251112133000000,sz.000968,7.6800,7.6800,7.6700,7.6700,163000,1250784.0000,3
2025-11-12,20251112133500000,sz.000968,7.6700,7.6800,7.6600,7.6700,234600,1799376.0000,3
2025-11-12,20251112134000000,sz.000968,7.6700,7.6800,7.6600,7.6800,69000,529304.0000,3
2025-11-12,20251112134500000,sz.000968,7.6700,7.6900,7.6700,7.6800,218900,1680736.0000,3
2025-11-12,20251112135000000,sz.000968,7.6800,7.6800,7.6700,7.6800,111100,852512.0000,3
2025-11-12,20251112135500000,sz.000968,7.6800,7.6800,7.6700,7.6700,64700,496360.0000,3
2025-11-12,20251112140000000,sz.000968,7.6700,7.6800,7.6600,7.6700,99500,762784.0000,3
2025-11-12,20251112140500000,sz.000968,7.6700,7.6800,7.6700,7.6700,80700,619088.0000,3
2025-11-12,20251112141000000,sz.000968,7.6700,7.7100,7.6700,7.7100,328800,2529104.0000,3
2025-11-12,20251112141500000,sz.000968,7.7100,7.7200,7.6900,7.7000,133000,1024728.0000,3
2025-11-12,20251112142000000,sz.000968,7.7000,7.7000,7.6700,7.6900,163200,1254488.0000,3
2025-11-12,20251112142500000,sz.000968,7.6900,7.6900,7.6800,7.6800,59500,457160.0000,3
2025-11-12,20251112143000000,sz.000968,7.6800,7.6900,7.6700,7.6700,199400,1530360.0000,3
2025-11-12,20251112143500000,sz.000968,7.6700,7.7000,7.6700,7.6900,498700,3828344.0000,3
2025-11-12,20251112144000000,sz.000968,7.7000,7.7000,7.6900,7.7000,87000,669560.0000,3
2025-11-12,20251112144500000,sz.000968,7.6900,7.7000,7.6800,7.7000,294400,2264424.0000,3
2025-11-12,20251112145000000,sz.000968,7.7000,7.7000,7.6900,7.7000,282300,2172392.0000,3
2025-11-12,20251112145500000,sz.000968,7.7000,7.7100,7.6900,7.7000,538500,4146512.0000,3
2025-11-12,20251112150000000,sz.000968,7.7000,7.7100,7.6900,7.7000,321200,2473232.0000,3
2025-11-13,20251113093500000,sz.000968,7.6000,7.6000,7.5300,7.5800,1946000,14735379.0000,3
2025-11-13,20251113094000000,sz.000968,7.5700,7.5800,7.5400,7.5700,741700,5611347.0000,3
2025-11-13,20251113094500000,sz.000968,7.5600,7.6200,7.5600,7.6200,571800,4341306.0000,3
2025-11-13,20251113095000000,sz.000968,7.6200,7.6300,7.5900,7.6100,782900,5960704.0000,3
2025-11-13,20251113095500000,sz.000968,7.6100,7.6200,7.5900,7.5900,320900,2440396.0000,3
2025-11-13,20251113100000000,sz.000968,7.5900,7.6000,7.5700,7.5900,906900,6879128.0000,3
2025-11-13,20251113100500000,sz.000968,7.5900,7.6300,7.5800,7.6200,414500,3152428.0000,3
2025-11-13,20251113101000000,sz.000968,7.6300,7.6500,7.6200,7.6400,440600,3365488.0000,3
2025-11-13,20251113101500000,sz.000968,7.6400,7.6500,7.6300,7.6300,427100,3261984.0000,3
2025-11-13,20251113102000000,sz.000968,7.6300,7.6600,7.6300,7.6600,448500,3429472.0000,3
2025-11-13,20251113102500000,sz.000968,7.6600,7.6600,7.6300,7.6300,227500,1740004.0000,3
2025-11-13,20251113103000000,sz.000968,7.6300,7.6500,7.6300,7.6400,226600,1730532.0000,3
2025-11-13,20251113103500000,sz.000968,7.6400,7.6800,7.6400,7.6800,362700,2777448.0000,3
2025-11-13,20251113104000000,sz.000968,7.6800,7.6900,7.6700,7.6800,299100,2295812.0000,3
2025-11-13,20251113104500000,sz.000968,7.6800,7.6800,7.6700,7.6700,168100,1289420.0000,3
2025-11-13,20251113105000000,sz.000968,7.6700,7.7100,7.6700,7.6900,560500,4311800.0000,3
2025-11-13,20251113105500000,sz.000968,7.6900,7.7100,7.6900,7.6900,129400,996104.0000,3
2025-11-13,20251113110000000,sz.000968,7.6900,7.7000,7.6600,7.6600,504600,3871112.0000,3
2025-11-13,20251113110500000,sz.000968,7.6600,7.6800,7.6600,7.6700,156300,1198464.0000,3
2025-11-13,20251113111000000,sz.000968,7.6800,7.6800,7.6700,7.6800,53800,412952.0000,3
2025-11-13,20251113111500000,sz.000968,7.6800,7.6900,7.6700,7.6900,211100,1620912.0000,3
2025-11-13,20251113112000000,sz.000968,7.6800,7.6900,7.6600,7.6700,258000,1979496.0000,3
2025-11-13,20251113112500000,sz.000968,7.6700,7.6900,7.6700,7.6900,372800,2863312.0000,3
2025-11-13,20251113113000000,sz.000968,7.6900,7.7100,7.6800,7.7100,413400,3182200.0000,3
2025-11-13,20251113130500000,sz.000968,7.7100,7.7500,7.7100,7.7300,531200,4101720.0000,3
2025-11-13,20251113131000000,sz.000968,7.7300,7.7500,7.7100,7.7100,483500,3734280.0000,3
2025-11-13,20251113131500000,sz.000968,7.7200,7.7200,7.7000,7.7000,164200,1266024.0000,3
2025-11-13,20251113132000000,sz.000968,7.7100,7.7100,7.7000,7.7100,213000,1641104.0000,3
2025-11-13,20251113132500000,sz.000968,7.7000,7.7100,7.7000,7.7000,154800,1192312.0000,3
2025-11-13,20251113133000000,sz.000968,7.7100,7.7200,7.7000,7.7100,230000,1772424.0000,3
2025-11-13,20251113133500000,sz.000968,7.7200,7.7400,7.7100,7.7400,343200,2652984.0000,3
2025-11-13,20251113134000000,sz.000968,7.7400,7.7500,7.7300,7.7500,178500,1381776.0000,3
2025-11-13,20251113134500000,sz.000968,7.7400,7.7400,7.7200,7.7200,304200,2352424.0000,3
2025-11-13,20251113135000000,sz.000968,7.7200,7.7300,7.7100,7.7100,105600,815160.0000,3
2025-11-13,20251113135500000,sz.000968,7.7100,7.7200,7.7000,7.7100,178100,1373304.0000,3
2025-11-13,20251113140000000,sz.000968,7.7100,7.7300,7.7000,7.7300,266200,2053448.0000,3
2025-11-13,20251113140500000,sz.000968,7.7200,7.7300,7.7100,7.7200,46400,358048.0000,3
2025-11-13,20251113141000000,sz.000968,7.7200,7.7200,7.7100,7.7200,224700,1732504.0000,3
2025-11-13,20251113141500000,sz.000968,7.7100,7.7200,7.7100,7.7200,96100,741648.0000,3
2025-11-13,20251113142000000,sz.000968,7.7100,7.7300,7.7100,7.7200,346100,2672120.0000,3
2025-11-13,20251113142500000,sz.000968,7.7200,7.7400,7.7100,7.7400,434000,3353536.0000,3
2025-11-13,20251113143000000,sz.000968,7.7300,7.7400,7.7200,7.7300,183000,1414456.0000,3
2025-11-13,20251113143500000,sz.000968,7.7300,7.7300,7.7100,7.7300,168700,1301912.0000,3
2025-11-13,20251113144000000,sz.000968,7.7300,7.7300,7.7200,7.7200,88800,685752.0000,3
2025-11-13,20251113144500000,sz.000968,7.7200,7.7300,7.7100,7.7200,411500,3177416.0000,3
2025-11-13,20251113145000000,sz.000968,7.7200,7.7300,7.7100,7.7100,305500,2357096.0000,3
2025-11-13,20251113145500000,sz.000968,7.7100,7.7200,7.6900,7.6900,737300,5675048.0000,3
2025-11-13,20251113150000000,sz.000968,7.6900,7.7100,7.6900,7.7100,789200,6080576.0000,3
2025-11-14,20251114093500000,sz.000968,7.6700,7.7900,7.6700,7.7500,1381200,10702316.0000,3
2025-11-14,20251114094000000,sz.000968,7.7400,7.7700,7.7300,7.7700,555300,4305602.0000,3
2025-11-14,20251114094500000,sz.000968,7.7500,7.7800,7.7400,7.7600,597800,4643546.0000,3
2025-11-14,20251114095000000,sz.000968,7.7500,7.7700,7.7300,7.7600,461400,3575796.0000,3
2025-11-14,20251114095500000,sz.000968,7.7600,7.7800,7.7400,7.7800,469900,3649284.0000,3
2025-11-14,20251114100000000,sz.000968,7.7800,7.8300,7.7700,7.8100,1556400,12145384.0000,3
2025-11-14,20251114100500000,sz.000968,7.8200,7.8400,7.7900,7.8000,1833700,14340908.0000,3
2025-11-14,20251114101000000,sz.000968,7.8000,7.8100,7.7800,7.7900,314100,2449172.0000,3
2025-11-14,20251114101500000,sz.000968,7.8000,7.8000,7.7800,7.7800,114700,893648.0000,3
2025-11-14,20251114102000000,sz.000968,7.7900,7.8000,7.7800,7.7800,376800,2935292.0000,3
2025-11-14,20251114102500000,sz.000968,7.7800,7.7900,7.7800,7.7800,130000,1011816.0000,3
2025-11-14,20251114103000000,sz.000968,7.7900,7.8000,7.7800,7.7900,148700,1158260.0000,3
2025-11-14,20251114103500000,sz.000968,7.8000,7.8000,7.7800,7.7900,276000,2149796.0000,3
2025-11-14,20251114104000000,sz.000968,7.7900,7.8000,7.7800,7.8000,142600,1111224.0000,3
2025-11-14,20251114104500000,sz.000968,7.8000,7.8000,7.7900,7.8000,106200,827852.0000,3
2025-11-14,20251114105000000,sz.000968,7.7900,7.7900,7.7700,7.7800,224800,1749184.0000,3
2025-11-14,20251114105500000,sz.000968,7.7700,7.7800,7.7700,7.7800,106800,830424.0000,3
2025-11-14,20251114110000000,sz.000968,7.7700,7.7800,7.7700,7.7700,119100,925632.0000,3
2025-11-14,20251114110500000,sz.000968,7.7700,7.7900,7.7600,7.7800,90400,703176.0000,3
2025-11-14,20251114111000000,sz.000968,7.7800,7.7900,7.7800,7.7900,92900,723208.0000,3
2025-11-14,20251114111500000,sz.000968,7.7900,7.7900,7.7700,7.7700,62400,485344.0000,3
2025-11-14,20251114112000000,sz.000968,7.7800,7.7900,7.7600,7.7600,237100,1844120.0000,3
2025-11-14,20251114112500000,sz.000968,7.7700,7.7700,7.7600,7.7700,52500,407888.0000,3
2025-11-14,20251114113000000,sz.000968,7.7700,7.7800,7.7600,7.7800,165800,1287688.0000,3
2025-11-14,20251114130500000,sz.000968,7.7800,7.7800,7.7300,7.7400,439300,3406008.0000,3
2025-11-14,20251114131000000,sz.000968,7.7400,7.7500,7.7300,7.7500,165700,1281728.0000,3
2025-11-14,20251114131500000,sz.000968,7.7400,7.7600,7.7400,7.7500,130600,1011904.0000,3
2025-11-14,20251114132000000,sz.000968,7.7500,7.7600,7.7400,7.7600,264800,2050216.0000,3
2025-11-14,20251114132500000,sz.000968,7.7600,7.7600,7.7400,7.7400,140600,1089776.0000,3
2025-11-14,20251114133000000,sz.000968,7.7500,7.7600,7.7400,7.7400,84900,657752.0000,3
2025-11-14,20251114133500000,sz.000968,7.7400,7.7600,7.7400,7.7500,158300,1226600.0000,3
2025-11-14,20251114134000000,sz.000968,7.7400,7.7400,7.7300,7.7400,201700,1561024.0000,3
2025-11-14,20251114134500000,sz.000968,7.7600,7.7700,7.7500,7.7700,491500,3810720.0000,3
2025-11-14,20251114135000000,sz.000968,7.7600,7.7700,7.7600,7.7600,112800,876016.0000,3
2025-11-14,20251114135500000,sz.000968,7.7600,7.7700,7.7600,7.7700,160000,1242520.0000,3
2025-11-14,20251114140000000,sz.000968,7.7700,7.7700,7.7600,7.7600,129000,1001336.0000,3
2025-11-14,20251114140500000,sz.000968,7.7600,7.7900,7.7600,7.7900,302500,2354024.0000,3
2025-11-14,20251114141000000,sz.000968,7.7900,7.7900,7.7800,7.7900,204900,1596048.0000,3
2025-11-14,20251114141500000,sz.000968,7.7800,7.8100,7.7800,7.8000,682600,5324264.0000,3
2025-11-14,20251114142000000,sz.000968,7.8000,7.8000,7.7800,7.7900,91100,709936.0000,3
2025-11-14,20251114142500000,sz.000968,7.7800,7.7900,7.7600,7.7700,210800,1639400.0000,3
2025-11-14,20251114143000000,sz.000968,7.7600,7.7800,7.7500,7.7800,202300,1570224.0000,3
2025-11-14,20251114143500000,sz.000968,7.7700,7.7700,7.7500,7.7700,281200,2181336.0000,3
2025-11-14,20251114144000000,sz.000968,7.7700,7.7800,7.7500,7.7600,523200,4061640.0000,3
2025-11-14,20251114144500000,sz.000968,7.7500,7.8100,7.7500,7.8100,699600,5445704.0000,3
2025-11-14,20251114145000000,sz.000968,7.8100,7.8100,7.7800,7.7800,532100,4148544.0000,3
2025-11-14,20251114145500000,sz.000968,7.7900,7.8000,7.7800,7.8000,1214000,9463296.0000,3
2025-11-14,20251114150000000,sz.000968,7.8000,7.8000,7.7700,7.7900,1571700,12246624.0000,3
2025-11-17,20251117093500000,sz.000968,7.7600,7.7600,7.6200,7.7200,2176600,16808038.0000,3
2025-11-17,20251117094000000,sz.000968,7.7300,7.7400,7.7100,7.7200,651400,5028958.0000,3
2025-11-17,20251117094500000,sz.000968,7.7200,7.7400,7.7000,7.7400,774500,5975920.0000,3
2025-11-17,20251117095000000,sz.000968,7.7500,7.7800,7.7300,7.7400,741200,5752680.0000,3
2025-11-17,20251117095500000,sz.000968,7.7400,7.7400,7.7100,7.7200,409100,3158252.0000,3
2025-11-17,20251117100000000,sz.000968,7.7100,7.7200,7.7000,7.7100,275100,2121144.0000,3
2025-11-17,20251117100500000,sz.000968,7.7100,7.7200,7.6800,7.7100,502500,3869068.0000,3
2025-11-17,20251117101000000,sz.000968,7.7100,7.7500,7.7100,7.7100,286800,2216052.0000,3
2025-11-17,20251117101500000,sz.000968,7.7100,7.7300,7.6900,7.7200,256700,1978528.0000,3
2025-11-17,20251117102000000,sz.000968,7.7200,7.7300,7.7000,7.7000,158000,1218700.0000,3
2025-11-17,20251117102500000,sz.000968,7.7200,7.7300,7.7000,7.7200,178500,1377616.0000,3
2025-11-17,20251117103000000,sz.000968,7.7200,7.7400,7.7200,7.7300,245100,1895664.0000,3
2025-11-17,20251117103500000,sz.000968,7.7300,7.7600,7.7300,7.7400,164000,1269960.0000,3
2025-11-17,20251117104000000,sz.000968,7.7500,7.7800,7.7400,7.7800,157800,1224892.0000,3
2025-11-17,20251117104500000,sz.000968,7.7700,7.7800,7.7700,7.7700,236600,1839712.0000,3
2025-11-17,20251117105000000,sz.000968,7.7700,7.7800,7.7600,7.7800,143600,1115896.0000,3
2025-11-17,20251117105500000,sz.000968,7.7800,7.8100,7.7700,7.8100,389000,3029696.0000,3
2025-11-17,20251117110000000,sz.000968,7.8100,7.8100,7.7900,7.7900,311500,2429400.0000,3
2025-11-17,20251117110500000,sz.000968,7.7900,7.8100,7.7700,7.8100,382200,2974188.0000,3
2025-11-17,20251117111000000,sz.000968,7.8100,7.8400,7.8100,7.8300,474300,3710452.0000,3
2025-11-17,20251117111500000,sz.000968,7.8300,7.8300,7.8000,7.8000,357200,2791504.0000,3
2025-11-17,20251117112000000,sz.000968,7.8000,7.8100,7.7900,7.8000,65000,506840.0000,3
2025-11-17,20251117112500000,sz.000968,7.8000,7.8100,7.7700,7.7700,565300,4404392.0000,3
2025-11-17,20251117113000000,sz.000968,7.7700,7.7900,7.7600,7.7800,168200,1308632.0000,3
2025-11-17,20251117130500000,sz.000968,7.7800,7.8000,7.7800,7.7900,162100,1262432.0000,3
2025-11-17,20251117131000000,sz.000968,7.7800,7.7900,7.7700,7.7700,152800,1188048.0000,3
2025-11-17,20251117131500000,sz.000968,7.7700,7.7800,7.7600,7.7700,82100,637728.0000,3
2025-11-17,20251117132000000,sz.000968,7.7700,7.7900,7.7600,7.7800,194800,1514208.0000,3
2025-11-17,20251117132500000,sz.000968,7.7700,7.7700,7.7600,7.7700,149600,1162304.0000,3
2025-11-17,20251117133000000,sz.000968,7.7700,7.7800,7.7500,7.7500,237600,1844400.0000,3
2025-11-17,20251117133500000,sz.000968,7.7600,7.7600,7.7500,7.7600,224800,1742456.0000,3
2025-11-17,20251117134000000,sz.000968,7.7500,7.7500,7.7400,7.7500,171300,1326800.0000,3
2025-11-17,20251117134500000,sz.000968,7.7400,7.7600,7.7400,7.7500,232000,1797128.0000,3
2025-11-17,20251117135000000,sz.000968,7.7500,7.7700,7.7500,7.7700,154900,1202144.0000,3
2025-11-17,20251117135500000,sz.000968,7.7600,7.7700,7.7500,7.7600,150500,1168176.0000,3
2025-11-17,20251117140000000,sz.000968,7.7600,7.7700,7.7500,7.7500,71100,551608.0000,3
2025-11-17,20251117140500000,sz.000968,7.7600,7.7600,7.7400,7.7400,353500,2736984.0000,3
2025-11-17,20251117141000000,sz.000968,7.7500,7.7600,7.7400,7.7400,178400,1383080.0000,3
2025-11-17,20251117141500000,sz.000968,7.7500,7.7700,7.7300,7.7700,206700,1601496.0000,3
2025-11-17,20251117142000000,sz.000968,7.7600,7.7600,7.7400,7.7400,99200,768824.0000,3
2025-11-17,20251117142500000,sz.000968,7.7400,7.7600,7.7400,7.7500,96200,745496.0000,3
2025-11-17,20251117143000000,sz.000968,7.7500,7.7600,7.7400,7.7600,161400,1250176.0000,3
2025-11-17,20251117143500000,sz.000968,7.7600,7.7700,7.7400,7.7600,363200,2815704.0000,3
2025-11-17,20251117144000000,sz.000968,7.7700,7.7800,7.7600,7.7700,325100,2525616.0000,3
2025-11-17,20251117144500000,sz.000968,7.7700,7.8000,7.7700,7.8000,511400,3981408.0000,3
2025-11-17,20251117145000000,sz.000968,7.7900,7.8000,7.7800,7.7900,818800,6382416.0000,3
2025-11-17,20251117145500000,sz.000968,7.8000,7.8000,7.7700,7.7900,578800,4508064.0000,3
2025-11-17,20251117150000000,sz.000968,7.7700,7.7800,7.7600,7.7600,294000,2282160.0000,3
2025-11-18,20251118093500000,sz.000968,7.7400,7.7400,7.6500,7.6700,1099800,8454662.0000,3
2025-11-18,20251118094000000,sz.000968,7.6600,7.6900,7.6200,7.6200,1122000,8580354.0000,3
2025-11-18,20251118094500000,sz.000968,7.6300,7.6800,7.6100,7.6700,623300,4760290.0000,3
2025-11-18,20251118095000000,sz.000968,7.6600,7.6600,7.6200,7.6400,557200,4255776.0000,3
2025-11-18,20251118095500000,sz.000968,7.6300,7.6600,7.5700,7.5800,994100,7561114.0000,3
2025-11-18,20251118100000000,sz.000968,7.5900,7.6100,7.5800,7.5900,386300,2931156.0000,3
2025-11-18,20251118100500000,sz.000968,7.5700,7.5800,7.5500,7.5500,1635500,12368336.0000,3
2025-11-18,20251118101000000,sz.000968,7.5600,7.5700,7.5300,7.5400,948400,7161344.0000,3
2025-11-18,20251118101500000,sz.000968,7.5400,7.5900,7.5400,7.5800,494700,3744644.0000,3
2025-11-18,20251118102000000,sz.000968,7.5800,7.6000,7.5500,7.5600,359500,2722532.0000,3
2025-11-18,20251118102500000,sz.000968,7.5600,7.5700,7.5500,7.5500,285800,2160296.0000,3
2025-11-18,20251118103000000,sz.000968,7.5500,7.5600,7.5500,7.5600,204500,1544172.0000,3
2025-11-18,20251118103500000,sz.000968,7.5500,7.5800,7.5500,7.5800,230200,1741124.0000,3
2025-11-18,20251118104000000,sz.000968,7.5800,7.5900,7.5700,7.5800,165800,1256840.0000,3
2025-11-18,20251118104500000,sz.000968,7.5800,7.5900,7.5800,7.5800,81200,615776.0000,3
2025-11-18,20251118105000000,sz.000968,7.5800,7.5900,7.5600,7.5600,537400,4069848.0000,3
2025-11-18,20251118105500000,sz.000968,7.5700,7.5800,7.5600,7.5700,559800,4237496.0000,3
2025-11-18,20251118110000000,sz.000968,7.5600,7.5600,7.5300,7.5400,400200,3019600.0000,3
2025-11-18,20251118110500000,sz.000968,7.5300,7.5400,7.5200,7.5300,592300,4458064.0000,3
2025-11-18,20251118111000000,sz.000968,7.5200,7.5200,7.5100,7.5200,185100,1391208.0000,3
2025-11-18,20251118111500000,sz.000968,7.5200,7.5300,7.5100,7.5300,568500,4270416.0000,3
2025-11-18,20251118112000000,sz.000968,7.5300,7.5400,7.5100,7.5100,219500,1651256.0000,3
2025-11-18,20251118112500000,sz.000968,7.5200,7.5300,7.5000,7.5000,267400,2008120.0000,3
2025-11-18,20251118113000000,sz.000968,7.5100,7.5100,7.4900,7.5100,521600,3909064.0000,3
2025-11-18,20251118130500000,sz.000968,7.5000,7.5100,7.4900,7.5000,371900,2790152.0000,3
2025-11-18,20251118131000000,sz.000968,7.5100,7.5100,7.4900,7.4900,861700,6462344.0000,3
2025-11-18,20251118131500000,sz.000968,7.4900,7.5000,7.4800,7.5000,158300,1185992.0000,3
2025-11-18,20251118132000000,sz.000968,7.5000,7.5000,7.4900,7.5000,279000,2091400.0000,3
2025-11-18,20251118132500000,sz.000968,7.5000,7.5100,7.5000,7.5100,76700,575472.0000,3
2025-11-18,20251118133000000,sz.000968,7.5000,7.5100,7.4900,7.4900,169200,1268064.0000,3
2025-11-18,20251118133500000,sz.000968,7.4900,7.5100,7.4800,7.4900,336300,2518968.0000,3
2025-11-18,20251118134000000,sz.000968,7.4900,7.5000,7.4800,7.5000,90800,680184.0000,3
2025-11-18,20251118134500000,sz.000968,7.5000,7.5200,7.4900,7.5200,196900,1478736.0000,3
2025-11-18,20251118135000000,sz.000968,7.5200,7.5300,7.5200,7.5200,126100,948552.0000,3
2025-11-18,20251118135500000,sz.000968,7.5100,7.5300,7.5100,7.5200,129400,972808.0000,3
2025-11-18,20251118140000000,sz.000968,7.5300,7.5300,7.5100,7.5100,172600,1296744.0000,3
2025-11-18,20251118140500000,sz.000968,7.5000,7.5100,7.4900,7.5000,350400,2628072.0000,3
2025-11-18,20251118141000000,sz.000968,7.5000,7.5200,7.5000,7.5100,203200,1526400.0000,3
2025-11-18,20251118141500000,sz.000968,7.5100,7.5200,7.5000,7.5200,139100,1043760.0000,3
2025-11-18,20251118142000000,sz.000968,7.5000,7.5100,7.4900,7.5000,62300,467152.0000,3
2025-11-18,20251118142500000,sz.000968,7.4900,7.5000,7.4800,7.4900,190600,1427536.0000,3
2025-11-18,20251118143000000,sz.000968,7.4900,7.4900,7.4700,7.4700,225000,1683360.0000,3
2025-11-18,20251118143500000,sz.000968,7.4700,7.5000,7.4700,7.4900,248300,1856472.0000,3
2025-11-18,20251118144000000,sz.000968,7.4900,7.5100,7.4900,7.5000,162900,1221808.0000,3
2025-11-18,20251118144500000,sz.000968,7.5000,7.5300,7.4900,7.5300,331500,2490376.0000,3
2025-11-18,20251118145000000,sz.000968,7.5300,7.5300,7.5100,7.5200,161400,1213472.0000,3
2025-11-18,20251118145500000,sz.000968,7.5100,7.5200,7.4900,7.5000,592800,4444096.0000,3
2025-11-18,20251118150000000,sz.000968,7.5100,7.5100,7.4900,7.4900,400600,3002384.0000,3
2025-11-19,20251119093500000,sz.000968,7.4800,7.5200,7.4800,7.4800,657200,4926433.0000,3
2025-11-19,20251119094000000,sz.000968,7.4800,7.5100,7.4700,7.4900,346400,2594703.0000,3
2025-11-19,20251119094500000,sz.000968,7.4800,7.5000,7.4600,7.4800,380200,2841422.0000,3
2025-11-19,20251119095000000,sz.000968,7.4800,7.5200,7.4800,7.4900,462700,3466608.0000,3
2025-11-19,20251119095500000,sz.000968,7.4800,7.4800,7.4500,7.4700,249700,1863433.0000,3
2025-11-19,20251119100000000,sz.000968,7.4700,7.4700,7.4300,7.4400,408000,3036661.0000,3
2025-11-19,20251119100500000,sz.000968,7.4400,7.4800,7.4400,7.4600,231900,1729664.0000,3
2025-11-19,20251119101000000,sz.000968,7.4600,7.4600,7.4300,7.4400,174700,1300708.0000,3
2025-11-19,20251119101500000,sz.000968,7.4300,7.4700,7.4300,7.4600,225700,1681512.0000,3
2025-11-19,20251119102000000,sz.000968,7.4500,7.4800,7.4500,7.4800,188800,1409880.0000,3
2025-11-19,20251119102500000,sz.000968,7.4800,7.4800,7.4400,7.4500,224600,1675780.0000,3
2025-11-19,20251119103000000,sz.000968,7.4500,7.4700,7.4400,7.4700,129900,968546.0000,3
2025-11-19,20251119103500000,sz.000968,7.4700,7.5000,7.4600,7.5000,292100,2185678.0000,3
2025-11-19,20251119104000000,sz.000968,7.5000,7.5000,7.4800,7.4900,133600,1000744.0000,3
2025-11-19,20251119104500000,sz.000968,7.4800,7.5000,7.4600,7.4900,377500,2820808.0000,3
2025-11-19,20251119105000000,sz.000968,7.4800,7.5200,7.4800,7.5200,362200,2716188.0000,3
2025-11-19,20251119105500000,sz.000968,7.5300,7.5300,7.4800,7.4800,142600,1069876.0000,3
2025-11-19,20251119110000000,sz.000968,7.4900,7.5000,7.4900,7.5000,107800,807776.0000,3
2025-11-19,20251119110500000,sz.000968,7.5000,7.5000,7.4800,7.4800,168500,1261516.0000,3
2025-11-19,20251119111000000,sz.000968,7.4900,7.5100,7.4800,7.5100,145900,1092764.0000,3
2025-11-19,20251119111500000,sz.000968,7.5100,7.5100,7.5000,7.5000,96900,727016.0000,3
2025-11-19,20251119112000000,sz.000968,7.4900,7.5000,7.4800,7.4900,255400,1912792.0000,3
2025-11-19,20251119112500000,sz.000968,7.4900,7.4900,7.4700,7.4700,59600,445696.0000,3
2025-11-19,20251119113000000,sz.000968,7.4700,7.4800,7.4600,7.4700,133400,996408.0000,3
2025-11-19,20251119130500000,sz.000968,7.4500,7.4900,7.4500,7.4800,227200,1697072.0000,3
2025-11-19,20251119131000000,sz.000968,7.4900,7.4900,7.4600,7.4600,108600,811300.0000,3
2025-11-19,20251119131500000,sz.000968,7.4700,7.4700,7.4300,7.4400,659000,4904712.0000,3
2025-11-19,20251119132000000,sz.000968,7.4400,7.4400,7.4100,7.4200,442800,3287552.0000,3
2025-11-19,20251119132500000,sz.000968,7.4200,7.4400,7.4100,7.4200,333100,2471644.0000,3
2025-11-19,20251119133000000,sz.000968,7.4200,7.4300,7.4000,7.4100,257200,1907180.0000,3
2025-11-19,20251119133500000,sz.000968,7.4100,7.4300,7.4100,7.4300,269000,1994732.0000,3
2025-11-19,20251119134000000,sz.000968,7.4300,7.4400,7.4200,7.4200,143700,1067548.0000,3
2025-11-19,20251119134500000,sz.000968,7.4300,7.4300,7.4000,7.4100,264800,1961908.0000,3
2025-11-19,20251119135000000,sz.000968,7.4100,7.4100,7.3900,7.4000,365100,2702348.0000,3
2025-11-19,20251119135500000,sz.000968,7.4000,7.4100,7.3900,7.4100,107100,792872.0000,3
2025-11-19,20251119140000000,sz.000968,7.4100,7.4300,7.4100,7.4200,105400,781752.0000,3
2025-11-19,20251119140500000,sz.000968,7.4200,7.4400,7.4200,7.4200,117200,870664.0000,3
2025-11-19,20251119141000000,sz.000968,7.4200,7.4200,7.4000,7.4000,156100,1156896.0000,3
2025-11-19,20251119141500000,sz.000968,7.4100,7.4100,7.4000,7.4100,58700,434832.0000,3
2025-11-19,20251119142000000,sz.000968,7.4100,7.4300,7.4000,7.4300,200300,1485880.0000,3
2025-11-19,20251119142500000,sz.000968,7.4300,7.4500,7.4300,7.4300,150400,1118488.0000,3
2025-11-19,20251119143000000,sz.000968,7.4400,7.4400,7.4100,7.4200,206000,1529408.0000,3
2025-11-19,20251119143500000,sz.000968,7.4200,7.4400,7.4200,7.4400,363500,2701640.0000,3
2025-11-19,20251119144000000,sz.000968,7.4400,7.4400,7.4200,7.4300,135200,1004544.0000,3
2025-11-19,20251119144500000,sz.000968,7.4300,7.4400,7.4200,7.4300,136400,1013616.0000,3
2025-11-19,20251119145000000,sz.000968,7.4400,7.4400,7.4300,7.4400,166500,1237064.0000,3
2025-11-19,20251119145500000,sz.000968,7.4300,7.4400,7.4100,7.4100,430000,3191664.0000,3
2025-11-19,20251119150000000,sz.000968,7.4200,7.4400,7.4100,7.4400,240900,1789720.0000,3
2025-11-20,20251120093500000,sz.000968,7.4500,7.4500,7.3800,7.4400,774300,5744043.0000,3
2025-11-20,20251120094000000,sz.000968,7.4300,7.4400,7.3900,7.3900,259500,1922224.0000,3
2025-11-20,20251120094500000,sz.000968,7.3700,7.4000,7.3700,7.3900,277000,2045201.0000,3
2025-11-20,20251120095000000,sz.000968,7.3900,7.4000,7.3800,7.3900,368400,2720336.0000,3
2025-11-20,20251120095500000,sz.000968,7.3900,7.3900,7.3600,7.3900,429700,3168152.0000,3
2025-11-20,20251120100000000,sz.000968,7.3800,7.3900,7.3600,7.3700,290400,2143060.0000,3
2025-11-20,20251120100500000,sz.000968,7.3700,7.3900,7.3600,7.3800,197700,1457900.0000,3
2025-11-20,20251120101000000,sz.000968,7.3800,7.4000,7.3800,7.3900,76100,562094.0000,3
2025-11-20,20251120101500000,sz.000968,7.4000,7.4300,7.3800,7.4100,341700,2528926.0000,3
2025-11-20,20251120102000000,sz.000968,7.4100,7.4200,7.4000,7.4100,100200,742244.0000,3
2025-11-20,20251120102500000,sz.000968,7.4000,7.4000,7.3800,7.3900,135800,1003936.0000,3
2025-11-20,20251120103000000,sz.000968,7.3800,7.4000,7.3800,7.3800,179700,1326592.0000,3
2025-11-20,20251120103500000,sz.000968,7.4000,7.4400,7.3800,7.4400,745000,5514708.0000,3
2025-11-20,20251120104000000,sz.000968,7.4400,7.4400,7.4000,7.4000,185600,1377484.0000,3
2025-11-20,20251120104500000,sz.000968,7.4000,7.4100,7.3900,7.4000,161900,1197772.0000,3
2025-11-20,20251120105000000,sz.000968,7.4000,7.4100,7.4000,7.4000,96600,714976.0000,3
2025-11-20,20251120105500000,sz.000968,7.4000,7.4300,7.4000,7.4200,171900,1274804.0000,3
2025-11-20,20251120110000000,sz.000968,7.4200,7.4200,7.4100,7.4200,51400,381216.0000,3
2025-11-20,20251120110500000,sz.000968,7.4200,7.4300,7.4100,7.4300,85300,632668.0000,3
2025-11-20,20251120111000000,sz.000968,7.4300,7.4300,7.4100,7.4300,111900,830616.0000,3
2025-11-20,20251120111500000,sz.000968,7.4200,7.4200,7.4100,7.4200,46400,344328.0000,3
2025-11-20,20251120112000000,sz.000968,7.4200,7.4300,7.4100,7.4200,77300,573764.0000,3
2025-11-20,20251120112500000,sz.000968,7.4300,7.4400,7.4200,7.4400,91100,676996.0000,3
2025-11-20,20251120113000000,sz.000968,7.4400,7.4500,7.4300,7.4400,123600,920192.0000,3
2025-11-20,20251120130500000,sz.000968,7.4400,7.5000,7.4300,7.4700,928100,6936712.0000,3
2025-11-20,20251120131000000,sz.000968,7.4800,7.5100,7.4700,7.4800,451700,3385092.0000,3
2025-11-20,20251120131500000,sz.000968,7.4800,7.4800,7.4600,7.4600,91600,684156.0000,3
2025-11-20,20251120132000000,sz.000968,7.4500,7.4500,7.4300,7.4300,181500,1351064.0000,3
2025-11-20,20251120132500000,sz.000968,7.4300,7.4400,7.4300,7.4300,64600,479992.0000,3
2025-11-20,20251120133000000,sz.000968,7.4300,7.4300,7.3900,7.4000,199100,1475764.0000,3
2025-11-20,20251120133500000,sz.000968,7.3900,7.4000,7.3800,7.3900,177900,1314136.0000,3
2025-11-20,20251120134000000,sz.000968,7.3800,7.3900,7.3700,7.3700,213600,1575180.0000,3
2025-11-20,20251120134500000,sz.000968,7.3700,7.3800,7.3600,7.3700,82000,604536.0000,3
2025-11-20,20251120135000000,sz.000968,7.3600,7.3700,7.3500,7.3600,276200,2032324.0000,3
2025-11-20,20251120135500000,sz.000968,7.3600,7.3700,7.3500,7.3500,164200,1207624.0000,3
2025-11-20,20251120140000000,sz.000968,7.3500,7.3500,7.3300,7.3400,282100,2070752.0000,3
2025-11-20,20251120140500000,sz.000968,7.3400,7.3600,7.3400,7.3500,200200,1470952.0000,3
2025-11-20,20251120141000000,sz.000968,7.3400,7.3500,7.3400,7.3400,111500,818604.0000,3
2025-11-20,20251120141500000,sz.000968,7.3500,7.3500,7.3200,7.3200,213000,1562368.0000,3
2025-11-20,20251120142000000,sz.000968,7.3200,7.3400,7.3200,7.3400,78700,576800.0000,3
2025-11-20,20251120142500000,sz.000968,7.3300,7.3500,7.3300,7.3400,130700,958648.0000,3
2025-11-20,20251120143000000,sz.000968,7.3400,7.3500,7.3300,7.3500,91000,667464.0000,3
2025-11-20,20251120143500000,sz.000968,7.3500,7.3600,7.3300,7.3500,184700,1356688.0000,3
2025-11-20,20251120144000000,sz.000968,7.3500,7.3700,7.3300,7.3700,244800,1799376.0000,3
2025-11-20,20251120144500000,sz.000968,7.3700,7.3900,7.3600,7.3800,239300,1766224.0000,3
2025-11-20,20251120145000000,sz.000968,7.3800,7.3800,7.3300,7.3300,289400,2127336.0000,3
2025-11-20,20251120145500000,sz.000968,7.3400,7.3500,7.3300,7.3500,272800,2003104.0000,3
2025-11-20,20251120150000000,sz.000968,7.3400,7.3500,7.3300,7.3400,232600,1707200.0000,3
2025-11-21,20251121093500000,sz.000968,7.2900,7.3400,7.2800,7.3100,1232500,8988789.0000,3
2025-11-21,20251121094000000,sz.000968,7.3100,7.3100,7.2500,7.2500,596900,4340627.0000,3
2025-11-21,20251121094500000,sz.000968,7.2600,7.2900,7.2600,7.2700,215100,1564708.0000,3
2025-11-21,20251121095000000,sz.000968,7.2600,7.2600,7.2100,7.2500,783800,5674576.0000,3
2025-11-21,20251121095500000,sz.000968,7.2500,7.2600,7.2200,7.2200,552500,4000980.0000,3
2025-11-21,20251121100000000,sz.000968,7.2200,7.2300,7.2000,7.2000,393800,2840224.0000,3
2025-11-21,20251121100500000,sz.000968,7.2100,7.2200,7.1900,7.2000,481100,3463640.0000,3
2025-11-21,20251121101000000,sz.000968,7.2000,7.2100,7.1600,7.1600,613200,4404752.0000,3
2025-11-21,20251121101500000,sz.000968,7.1600,7.1700,7.1000,7.1200,624700,4456740.0000,3
2025-11-21,20251121102000000,sz.000968,7.1200,7.1200,7.0800,7.0800,418000,2966732.0000,3
2025-11-21,20251121102500000,sz.000968,7.0900,7.0900,7.0700,7.0800,379300,2686768.0000,3
2025-11-21,20251121103000000,sz.000968,7.0900,7.1000,7.0600,7.0700,457400,3239424.0000,3
2025-11-21,20251121103500000,sz.000968,7.0600,7.0800,7.0400,7.0700,343200,2420816.0000,3
2025-11-21,20251121104000000,sz.000968,7.0700,7.0900,7.0500,7.0600,344200,2431568.0000,3
2025-11-21,20251121104500000,sz.000968,7.0500,7.0700,7.0200,7.0400,457100,3221264.0000,3
2025-11-21,20251121105000000,sz.000968,7.0300,7.0400,7.0000,7.0200,529800,3718864.0000,3
2025-11-21,20251121105500000,sz.000968,7.0200,7.0300,6.9900,7.0000,766800,5370288.0000,3
2025-11-21,20251121110000000,sz.000968,7.0000,7.0400,7.0000,7.0300,145900,1024528.0000,3
2025-11-21,20251121110500000,sz.000968,7.0400,7.0500,7.0200,7.0200,422300,2973624.0000,3
2025-11-21,20251121111000000,sz.000968,7.0200,7.0500,7.0100,7.0400,349800,2457264.0000,3
2025-11-21,20251121111500000,sz.000968,7.0500,7.0500,7.0100,7.0100,264800,1864144.0000,3
2025-11-21,20251121112000000,sz.000968,7.0200,7.0400,7.0000,7.0400,338200,2370536.0000,3
2025-11-21,20251121112500000,sz.000968,7.0400,7.0600,7.0300,7.0400,83800,590344.0000,3
2025-11-21,20251121113000000,sz.000968,7.0500,7.0500,7.0300,7.0300,91700,645824.0000,3
2025-11-21,20251121130500000,sz.000968,7.0700,7.0800,7.0400,7.0700,420400,2967856.0000,3
2025-11-21,20251121131000000,sz.000968,7.0800,7.0800,7.0500,7.0600,188700,1332904.0000,3
2025-11-21,20251121131500000,sz.000968,7.0500,7.0700,7.0500,7.0600,198900,1405032.0000,3
2025-11-21,20251121132000000,sz.000968,7.0600,7.0600,7.0400,7.0400,144500,1019504.0000,3
2025-11-21,20251121132500000,sz.000968,7.0400,7.0500,7.0300,7.0500,126500,890448.0000,3
2025-11-21,20251121133000000,sz.000968,7.0500,7.0500,7.0300,7.0400,269000,1897680.0000,3
2025-11-21,20251121133500000,sz.000968,7.0400,7.0500,7.0300,7.0500,216700,1525632.0000,3
2025-11-21,20251121134000000,sz.000968,7.0600,7.0800,7.0400,7.0500,437300,3087104.0000,3
2025-11-21,20251121134500000,sz.000968,7.0500,7.0500,7.0100,7.0200,242200,1702888.0000,3
2025-11-21,20251121135000000,sz.000968,7.0100,7.0200,6.9900,7.0000,360800,2526392.0000,3
2025-11-21,20251121135500000,sz.000968,7.0000,7.0000,6.9800,7.0000,458000,3200776.0000,3
2025-11-21,20251121140000000,sz.000968,7.0000,7.0000,6.9900,6.9900,109000,762640.0000,3
2025-11-21,20251121140500000,sz.000968,6.9900,7.0000,6.9700,6.9900,450500,3145720.0000,3
2025-11-21,20251121141000000,sz.000968,6.9900,6.9900,6.9600,6.9700,376900,2628112.0000,3
2025-11-21,20251121141500000,sz.000968,6.9700,6.9800,6.9600,6.9800,231800,1616808.0000,3
2025-11-21,20251121142000000,sz.000968,6.9700,7.0000,6.9700,6.9900,196200,1370616.0000,3
2025-11-21,20251121142500000,sz.000968,7.0000,7.0100,6.9900,7.0000,150200,1051584.0000,3
2025-11-21,20251121143000000,sz.000968,7.0000,7.0000,6.9800,6.9800,135700,947952.0000,3
2025-11-21,20251121143500000,sz.000968,6.9900,7.0000,6.9700,6.9800,369100,2576312.0000,3
2025-11-21,20251121144000000,sz.000968,6.9800,7.0000,6.9700,6.9900,345700,2413184.0000,3
2025-11-21,20251121144500000,sz.000968,6.9900,6.9900,6.9600,6.9600,342600,2388072.0000,3
2025-11-21,20251121145000000,sz.000968,6.9600,6.9700,6.9500,6.9600,333400,2321176.0000,3
2025-11-21,20251121145500000,sz.000968,6.9700,6.9800,6.9600,6.9700,345300,2407144.0000,3
2025-11-21,20251121150000000,sz.000968,6.9600,6.9700,6.9500,6.9500,304900,2121720.0000,3
2025-11-24,20251124093500000,sz.000968,7.0000,7.0300,6.9700,6.9900,807800,5655283.0000,3
2025-11-24,20251124094000000,sz.000968,6.9900,7.0000,6.9700,6.9800,201100,1403696.0000,3
2025-11-24,20251124094500000,sz.000968,6.9800,6.9800,6.9400,6.9700,363000,2525064.0000,3
2025-11-24,20251124095000000,sz.000968,6.9700,6.9900,6.9600,6.9700,339600,2366077.0000,3
2025-11-24,20251124095500000,sz.000968,6.9700,6.9700,6.9400,6.9400,265100,1842539.0000,3
2025-11-24,20251124100000000,sz.000968,6.9400,6.9400,6.9200,6.9300,414100,2868101.0000,3
2025-11-24,20251124100500000,sz.000968,6.9400,6.9400,6.9100,6.9200,374000,2589424.0000,3
2025-11-24,20251124101000000,sz.000968,6.9200,6.9200,6.9000,6.9200,188900,1305824.0000,3
2025-11-24,20251124101500000,sz.000968,6.9200,6.9200,6.8900,6.9000,336000,2318956.0000,3
2025-11-24,20251124102000000,sz.000968,6.9000,6.9200,6.9000,6.9000,597100,4124096.0000,3
2025-11-24,20251124102500000,sz.000968,6.9100,6.9100,6.8800,6.9000,544300,3751108.0000,3
2025-11-24,20251124103000000,sz.000968,6.8900,6.9000,6.8800,6.8900,378100,2604360.0000,3
2025-11-24,20251124103500000,sz.000968,6.8800,6.8900,6.8600,6.8600,357100,2454972.0000,3
2025-11-24,20251124104000000,sz.000968,6.8700,6.8700,6.8600,6.8600,207100,1421504.0000,3
2025-11-24,20251124104500000,sz.000968,6.8700,6.8800,6.8600,6.8700,465800,3198860.0000,3
2025-11-24,20251124105000000,sz.000968,6.8700,6.8800,6.8600,6.8700,215300,1479200.0000,3
2025-11-24,20251124105500000,sz.000968,6.8700,6.8800,6.8600,6.8600,262200,1801660.0000,3
2025-11-24,20251124110000000,sz.000968,6.8700,6.8700,6.8600,6.8600,61800,424304.0000,3
2025-11-24,20251124110500000,sz.000968,6.8600,6.8700,6.8500,6.8600,213700,1465680.0000,3
2025-11-24,20251124111000000,sz.000968,6.8500,6.8700,6.8500,6.8600,179500,1231344.0000,3
2025-11-24,20251124111500000,sz.000968,6.8600,6.8700,6.8500,6.8500,65300,447788.0000,3
2025-11-24,20251124112000000,sz.000968,6.8600,6.8600,6.8500,6.8600,82500,565492.0000,3
2025-11-24,20251124112500000,sz.000968,6.8600,6.8700,6.8500,6.8600,165600,1136088.0000,3
2025-11-24,20251124113000000,sz.000968,6.8700,6.8700,6.8600,6.8700,51500,353368.0000,3
2025-11-24,20251124130500000,sz.000968,6.8600,6.8700,6.8300,6.8400,628900,4306556.0000,3
2025-11-24,20251124131000000,sz.000968,6.8400,6.8500,6.8300,6.8400,203800,1393896.0000,3
2025-11-24,20251124131500000,sz.000968,6.8400,6.8600,6.8400,6.8600,195500,1339052.0000,3
2025-11-24,20251124132000000,sz.000968,6.8600,6.8600,6.8500,6.8600,234800,1610652.0000,3
2025-11-24,20251124132500000,sz.000968,6.8700,6.8900,6.8600,6.8800,262200,1802544.0000,3
2025-11-24,20251124133000000,sz.000968,6.8900,6.9100,6.8700,6.9000,175800,1211844.0000,3
2025-11-24,20251124133500000,sz.000968,6.9100,6.9100,6.9000,6.9100,178800,1234212.0000,3
2025-11-24,20251124134000000,sz.000968,6.9100,6.9100,6.8900,6.8900,339100,2338992.0000,3
2025-11-24,20251124134500000,sz.000968,6.9000,6.9100,6.8900,6.9100,167900,1158500.0000,3
2025-11-24,20251124135000000,sz.000968,6.9000,6.9100,6.8900,6.8900,211700,1459588.0000,3
2025-11-24,20251124135500000,sz.000968,6.8900,6.9200,6.8800,6.9000,312400,2156408.0000,3
2025-11-24,20251124140000000,sz.000968,6.9000,6.9000,6.8800,6.8800,209200,1442024.0000,3
2025-11-24,20251124140500000,sz.000968,6.9000,6.9100,6.8900,6.9100,273100,1884416.0000,3
2025-11-24,20251124141000000,sz.000968,6.9100,6.9200,6.9000,6.9000,33600,232120.0000,3
2025-11-24,20251124141500000,sz.000968,6.9000,6.9100,6.9000,6.9100,187600,1295000.0000,3
2025-11-24,20251124142000000,sz.000968,6.9100,6.9100,6.8900,6.9000,62100,428408.0000,3
2025-11-24,20251124142500000,sz.000968,6.9000,6.9100,6.9000,6.9000,147900,1020736.0000,3
2025-11-24,20251124143000000,sz.000968,6.9000,6.9100,6.9000,6.9000,38200,263696.0000,3
2025-11-24,20251124143500000,sz.000968,6.9000,6.9100,6.8900,6.8900,264600,1825112.0000,3
2025-11-24,20251124144000000,sz.000968,6.8900,6.9000,6.8700,6.8700,458300,3154832.0000,3
2025-11-24,20251124144500000,sz.000968,6.8800,6.8900,6.8600,6.8700,532000,3658176.0000,3
2025-11-24,20251124145000000,sz.000968,6.8600,6.8700,6.8500,6.8600,667300,4578352.0000,3
2025-11-24,20251124145500000,sz.000968,6.8600,6.8700,6.8500,6.8600,522200,3582368.0000,3
2025-11-24,20251124150000000,sz.000968,6.8600,6.8700,6.8500,6.8700,536000,3677352.0000,3
2025-11-25,20251125093500000,sz.000968,6.9200,6.9200,6.8700,6.9000,639400,4410849.0000,3
2025-11-25,20251125094000000,sz.000968,6.8900,6.9300,6.8900,6.9300,763400,5277726.0000,3
2025-11-25,20251125094500000,sz.000968,6.9200,6.9400,6.9200,6.9300,368900,2556499.0000,3
2025-11-25,20251125095000000,sz.000968,6.9400,6.9400,6.9200,6.9200,396600,2742897.0000,3
2025-11-25,20251125095500000,sz.000968,6.9200,6.9400,6.9100,6.9300,248300,1720227.0000,3
2025-11-25,20251125100000000,sz.000968,6.9400,6.9400,6.9200,6.9300,174500,1208728.0000,3
2025-11-25,20251125100500000,sz.000968,6.9200,6.9300,6.9100,6.9300,219200,1516802.0000,3
2025-11-25,20251125101000000,sz.000968,6.9200,6.9300,6.9200,6.9300,122600,849088.0000,3
2025-11-25,20251125101500000,sz.000968,6.9200,6.9400,6.9200,6.9300,277900,1925948.0000,3
2025-11-25,20251125102000000,sz.000968,6.9300,6.9500,6.9300,6.9400,185100,1284422.0000,3
2025-11-25,20251125102500000,sz.000968,6.9500,6.9500,6.9300,6.9300,88800,616340.0000,3
2025-11-25,20251125103000000,sz.000968,6.9400,6.9400,6.9300,6.9300,54900,380754.0000,3
2025-11-25,20251125103500000,sz.000968,6.9400,6.9400,6.9300,6.9300,213100,1478452.0000,3
2025-11-25,20251125104000000,sz.000968,6.9300,6.9500,6.9300,6.9400,205800,1428726.0000,3
2025-11-25,20251125104500000,sz.000968,6.9400,6.9400,6.9300,6.9300,59300,411342.0000,3
2025-11-25,20251125105000000,sz.000968,6.9300,6.9400,6.9300,6.9300,121000,838744.0000,3
2025-11-25,20251125105500000,sz.000968,6.9300,6.9400,6.9200,6.9300,320800,2220886.0000,3
2025-11-25,20251125110000000,sz.000968,6.9300,6.9300,6.9100,6.9200,292100,2021390.0000,3
2025-11-25,20251125110500000,sz.000968,6.9100,6.9200,6.9000,6.9100,272900,1885648.0000,3
2025-11-25,20251125111000000,sz.000968,6.9100,6.9200,6.9100,6.9200,91700,634340.0000,3
2025-11-25,20251125111500000,sz.000968,6.9100,6.9300,6.9100,6.9200,209300,1449404.0000,3
2025-11-25,20251125112000000,sz.000968,6.9200,6.9300,6.9200,6.9200,30800,213356.0000,3
2025-11-25,20251125112500000,sz.000968,6.9200,6.9300,6.9200,6.9200,190400,1317852.0000,3
2025-11-25,20251125113000000,sz.000968,6.9200,6.9300,6.9200,6.9200,103400,716188.0000,3
2025-11-25,20251125130500000,sz.000968,6.9200,6.9200,6.8900,6.9000,479200,3309936.0000,3
2025-11-25,20251125131000000,sz.000968,6.8900,6.9200,6.8900,6.9000,108400,748280.0000,3
2025-11-25,20251125131500000,sz.000968,6.9000,6.9100,6.9000,6.9100,103700,716384.0000,3
2025-11-25,20251125132000000,sz.000968,6.9100,6.9100,6.8900,6.9000,154500,1066124.0000,3
2025-11-25,20251125132500000,sz.000968,6.9100,6.9200,6.9000,6.9000,93800,648044.0000,3
2025-11-25,20251125133000000,sz.000968,6.9000,6.9100,6.9000,6.9000,23600,162928.0000,3
2025-11-25,20251125133500000,sz.000968,6.9000,6.9100,6.9000,6.9000,60300,416376.0000,3
2025-11-25,20251125134000000,sz.000968,6.9000,6.9200,6.9000,6.9100,243400,1682000.0000,3
2025-11-25,20251125134500000,sz.000968,6.9100,6.9200,6.9100,6.9100,152300,1052940.0000,3
2025-11-25,20251125135000000,sz.000968,6.9100,6.9300,6.9100,6.9300,270600,1874152.0000,3
2025-11-25,20251125135500000,sz.000968,6.9200,6.9300,6.9100,6.9100,191900,1328072.0000,3
2025-11-25,20251125140000000,sz.000968,6.9200,6.9300,6.9100,6.9200,80100,554216.0000,3
2025-11-25,20251125140500000,sz.000968,6.9200,6.9300,6.9100,6.9100,59200,409440.0000,3
2025-11-25,20251125141000000,sz.000968,6.9100,6.9200,6.9100,6.9100,37500,259248.0000,3
2025-11-25,20251125141500000,sz.000968,6.9200,6.9200,6.9100,6.9100,82900,572996.0000,3
2025-11-25,20251125142000000,sz.000968,6.9100,6.9200,6.9000,6.9000,155700,1075272.0000,3
2025-11-25,20251125142500000,sz.000968,6.9000,6.9000,6.8800,6.8900,675800,4655504.0000,3
2025-11-25,20251125143000000,sz.000968,6.8900,6.9000,6.8800,6.8900,114200,786820.0000,3
2025-11-25,20251125143500000,sz.000968,6.9000,6.9000,6.8800,6.8900,176600,1216696.0000,3
2025-11-25,20251125144000000,sz.000968,6.8800,6.9000,6.8800,6.8900,66900,460924.0000,3
2025-11-25,20251125144500000,sz.000968,6.8900,6.9000,6.8900,6.9000,119700,824768.0000,3
2025-11-25,20251125145000000,sz.000968,6.8900,6.9000,6.8800,6.8900,249900,1722048.0000,3
2025-11-25,20251125145500000,sz.000968,6.8900,6.8900,6.8800,6.8900,206500,1422192.0000,3
2025-11-25,20251125150000000,sz.000968,6.8800,6.9000,6.8800,6.8900,322400,2221792.0000,3
2025-11-26,20251126093500000,sz.000968,6.9100,6.9200,6.8500,6.9000,1016600,6999283.0000,3
2025-11-26,20251126094000000,sz.000968,6.8900,6.9200,6.8900,6.9100,490200,3385810.0000,3
2025-11-26,20251126094500000,sz.000968,6.9000,6.9100,6.8900,6.9100,308700,2131491.0000,3
2025-11-26,20251126095000000,sz.000968,6.9100,6.9100,6.8800,6.8800,387700,2673513.0000,3
2025-11-26,20251126095500000,sz.000968,6.8800,6.8900,6.8700,6.8800,719600,4947979.0000,3
2025-11-26,20251126100000000,sz.000968,6.8900,6.9000,6.8900,6.9000,246900,1701428.0000,3
2025-11-26,20251126100500000,sz.000968,6.9000,6.9200,6.8900,6.9100,273400,1888644.0000,3
2025-11-26,20251126101000000,sz.000968,6.9100,6.9200,6.9000,6.9200,217900,1506132.0000,3
2025-11-26,20251126101500000,sz.000968,6.9200,6.9200,6.9100,6.9200,119500,826744.0000,3
2025-11-26,20251126102000000,sz.000968,6.9100,6.9200,6.9000,6.9000,257500,1779756.0000,3
2025-11-26,20251126102500000,sz.000968,6.9100,6.9100,6.9000,6.9000,207700,1434228.0000,3
2025-11-26,20251126103000000,sz.000968,6.9000,6.9100,6.9000,6.9000,29700,205020.0000,3
2025-11-26,20251126103500000,sz.000968,6.9100,6.9300,6.9000,6.9200,274200,1895752.0000,3
2025-11-26,20251126104000000,sz.000968,6.9200,6.9300,6.9100,6.9100,74600,516288.0000,3
2025-11-26,20251126104500000,sz.000968,6.9100,6.9200,6.8900,6.8900,119700,826336.0000,3
2025-11-26,20251126105000000,sz.000968,6.9000,6.9000,6.8800,6.8800,236800,1631980.0000,3
2025-11-26,20251126105500000,sz.000968,6.8900,6.9100,6.8900,6.9000,100400,692616.0000,3
2025-11-26,20251126110000000,sz.000968,6.9100,6.9100,6.8800,6.8800,120400,829824.0000,3
2025-11-26,20251126110500000,sz.000968,6.8800,6.8900,6.8700,6.8700,143400,986712.0000,3
2025-11-26,20251126111000000,sz.000968,6.8700,6.9000,6.8700,6.8900,225000,1548860.0000,3
2025-11-26,20251126111500000,sz.000968,6.8900,6.8900,6.8800,6.8900,157500,1084984.0000,3
2025-11-26,20251126112000000,sz.000968,6.8800,6.9000,6.8800,6.8900,54100,372756.0000,3
2025-11-26,20251126112500000,sz.000968,6.9000,6.9000,6.8900,6.8900,98300,677904.0000,3
2025-11-26,20251126113000000,sz.000968,6.8900,6.9000,6.8900,6.9000,37700,259792.0000,3
2025-11-26,20251126130500000,sz.000968,6.9000,6.9000,6.8700,6.8700,362300,2493392.0000,3
2025-11-26,20251126131000000,sz.000968,6.8700,6.8800,6.8700,6.8700,396800,2726368.0000,3
2025-11-26,20251126131500000,sz.000968,6.8700,6.8800,6.8600,6.8600,139300,956672.0000,3
2025-11-26,20251126132000000,sz.000968,6.8600,6.8700,6.8500,6.8600,380800,2612392.0000,3
2025-11-26,20251126132500000,sz.000968,6.8700,6.8700,6.8600,6.8700,45000,308888.0000,3
2025-11-26,20251126133000000,sz.000968,6.8700,6.8700,6.8600,6.8600,202300,1389696.0000,3
2025-11-26,20251126133500000,sz.000968,6.8600,6.8700,6.8600,6.8600,78200,537064.0000,3
2025-11-26,20251126134000000,sz.000968,6.8700,6.8700,6.8600,6.8600,72500,497656.0000,3
2025-11-26,20251126134500000,sz.000968,6.8600,6.8700,6.8400,6.8400,586900,4022208.0000,3
2025-11-26,20251126135000000,sz.000968,6.8400,6.8500,6.8300,6.8400,229400,1569284.0000,3
2025-11-26,20251126135500000,sz.000968,6.8500,6.8500,6.8400,6.8400,92800,634992.0000,3
2025-11-26,20251126140000000,sz.000968,6.8400,6.8500,6.8400,6.8400,131000,896236.0000,3
2025-11-26,20251126140500000,sz.000968,6.8400,6.8500,6.8400,6.8400,170800,1168564.0000,3
2025-11-26,20251126141000000,sz.000968,6.8400,6.8400,6.8300,6.8300,373300,2552484.0000,3
2025-11-26,20251126141500000,sz.000968,6.8300,6.8400,6.8200,6.8300,324400,2215804.0000,3
2025-11-26,20251126142000000,sz.000968,6.8300,6.8400,6.8200,6.8200,174700,1192116.0000,3
2025-11-26,20251126142500000,sz.000968,6.8200,6.8300,6.8200,6.8300,170400,1162480.0000,3
2025-11-26,20251126143000000,sz.000968,6.8200,6.8300,6.8200,6.8200,208300,1422008.0000,3
2025-11-26,20251126143500000,sz.000968,6.8300,6.8300,6.8200,6.8200,183200,1250352.0000,3
2025-11-26,20251126144000000,sz.000968,6.8300,6.8400,6.8200,6.8200,379900,2595496.0000,3
2025-11-26,20251126144500000,sz.000968,6.8200,6.8200,6.8100,6.8100,433400,2954328.0000,3
2025-11-26,20251126145000000,sz.000968,6.8200,6.8200,6.8100,6.8200,288000,1963248.0000,3
2025-11-26,20251126145500000,sz.000968,6.8200,6.8300,6.8100,6.8200,413200,2817016.0000,3
2025-11-26,20251126150000000,sz.000968,6.8300,6.8300,6.8100,6.8300,326500,2227104.0000,3
2025-11-27,20251127093500000,sz.000968,6.8300,6.8400,6.8100,6.8200,465900,3179104.0000,3
2025-11-27,20251127094000000,sz.000968,6.8200,6.8200,6.8000,6.8000,761400,5182392.0000,3
2025-11-27,20251127094500000,sz.000968,6.8100,6.8500,6.8000,6.8500,457400,3124672.0000,3
2025-11-27,20251127095000000,sz.000968,6.8500,6.8600,6.8400,6.8600,394000,2698831.0000,3
2025-11-27,20251127095500000,sz.000968,6.8600,6.8700,6.8500,6.8600,247700,1699122.0000,3
2025-11-27,20251127100000000,sz.000968,6.8500,6.8600,6.8500,6.8600,156200,1070851.0000,3
2025-11-27,20251127100500000,sz.000968,6.8500,6.8700,6.8500,6.8700,391000,2680196.0000,3
2025-11-27,20251127101000000,sz.000968,6.8600,6.8700,6.8500,6.8700,234800,1610570.0000,3
2025-11-27,20251127101500000,sz.000968,6.8700,6.8700,6.8500,6.8700,142900,980474.0000,3
2025-11-27,20251127102000000,sz.000968,6.8600,6.8800,6.8600,6.8800,346900,2384212.0000,3
2025-11-27,20251127102500000,sz.000968,6.8700,6.8800,6.8600,6.8700,171900,1181156.0000,3
2025-11-27,20251127103000000,sz.000968,6.8800,6.8800,6.8700,6.8700,77300,531164.0000,3
2025-11-27,20251127103500000,sz.000968,6.8700,6.8900,6.8700,6.8800,456100,3138592.0000,3
2025-11-27,20251127104000000,sz.000968,6.8800,6.8900,6.8700,6.8900,113100,778300.0000,3
2025-11-27,20251127104500000,sz.000968,6.8800,6.8900,6.8700,6.8800,137700,947180.0000,3
2025-11-27,20251127105000000,sz.000968,6.8700,6.8900,6.8700,6.8700,180000,1238370.0000,3
2025-11-27,20251127105500000,sz.000968,6.8700,6.8800,6.8700,6.8800,38700,266158.0000,3
2025-11-27,20251127110000000,sz.000968,6.8800,6.8800,6.8700,6.8700,99800,685990.0000,3
2025-11-27,20251127110500000,sz.000968,6.8800,6.8800,6.8700,6.8800,180200,1239610.0000,3
2025-11-27,20251127111000000,sz.000968,6.8700,6.8800,6.8700,6.8800,91400,628120.0000,3
2025-11-27,20251127111500000,sz.000968,6.8700,6.8800,6.8700,6.8800,137100,941960.0000,3
2025-11-27,20251127112000000,sz.000968,6.8700,6.8800,6.8700,6.8700,10400,71480.0000,3
2025-11-27,20251127112500000,sz.000968,6.8800,6.8800,6.8700,6.8700,59300,407464.0000,3
2025-11-27,20251127113000000,sz.000968,6.8700,6.8800,6.8600,6.8600,296200,2035028.0000,3
2025-11-27,20251127130500000,sz.000968,6.8700,6.8700,6.8600,6.8700,132000,906708.0000,3
2025-11-27,20251127131000000,sz.000968,6.8700,6.8800,6.8700,6.8700,90000,618360.0000,3
2025-11-27,20251127131500000,sz.000968,6.8700,6.8800,6.8700,6.8800,19100,131288.0000,3
2025-11-27,20251127132000000,sz.000968,6.8700,6.8800,6.8700,6.8700,67600,464664.0000,3
2025-11-27,20251127132500000,sz.000968,6.8700,6.8800,6.8700,6.8700,15000,103076.0000,3
2025-11-27,20251127133000000,sz.000968,6.8700,6.8800,6.8600,6.8700,102300,702828.0000,3
2025-11-27,20251127133500000,sz.000968,6.8700,6.9000,6.8700,6.9000,795100,5479016.0000,3
2025-11-27,20251127134000000,sz.000968,6.9000,6.9100,6.8900,6.9100,365600,2522824.0000,3
2025-11-27,20251127134500000,sz.000968,6.9100,6.9100,6.8900,6.8900,153900,1061496.0000,3
2025-11-27,20251127135000000,sz.000968,6.9000,6.9000,6.8800,6.8800,103700,714432.0000,3
2025-11-27,20251127135500000,sz.000968,6.8800,6.8900,6.8800,6.8900,114700,789320.0000,3
2025-11-27,20251127140000000,sz.000968,6.8900,6.8900,6.8800,6.8800,43700,300968.0000,3
2025-11-27,20251127140500000,sz.000968,6.8800,6.9000,6.8800,6.8800,189800,1308064.0000,3
2025-11-27,20251127141000000,sz.000968,6.8800,6.8900,6.8800,6.8800,49000,337188.0000,3
2025-11-27,20251127141500000,sz.000968,6.8800,6.8900,6.8800,6.8800,91300,628436.0000,3
2025-11-27,20251127142000000,sz.000968,6.8900,6.8900,6.8700,6.8800,243200,1673232.0000,3
2025-11-27,20251127142500000,sz.000968,6.8700,6.8900,6.8700,6.8900,169800,1168392.0000,3
2025-11-27,20251127143000000,sz.000968,6.8800,6.8900,6.8800,6.8800,314500,2163768.0000,3
2025-11-27,20251127143500000,sz.000968,6.8800,6.8900,6.8700,6.8700,96500,664176.0000,3
2025-11-27,20251127144000000,sz.000968,6.8700,6.8800,6.8700,6.8800,156000,1072880.0000,3
2025-11-27,20251127144500000,sz.000968,6.8700,6.8800,6.8700,6.8700,220600,1516080.0000,3
2025-11-27,20251127145000000,sz.000968,6.8700,6.8800,6.8600,6.8600,348900,2396224.0000,3
2025-11-27,20251127145500000,sz.000968,6.8700,6.8700,6.8600,6.8600,302200,2074800.0000,3
2025-11-27,20251127150000000,sz.000968,6.8700,6.8900,6.8600,6.8600,283800,1949008.0000,3
2025-11-28,20251128093500000,sz.000968,6.9000,6.9300,6.8800,6.9200,624300,4311808.0000,3
2025-11-28,20251128094000000,sz.000968,6.9200,6.9300,6.9100,6.9100,212900,1472608.0000,3
2025-11-28,20251128094500000,sz.000968,6.9100,6.9200,6.8800,6.8800,215000,1482529.0000,3
2025-11-28,20251128095000000,sz.000968,6.8900,6.9000,6.8800,6.8900,264100,1819410.0000,3
2025-11-28,20251128095500000,sz.000968,6.8900,6.9000,6.8800,6.8800,165200,1137956.0000,3
2025-11-28,20251128100000000,sz.000968,6.8800,6.9000,6.8700,6.8700,379100,2609819.0000,3
2025-11-28,20251128100500000,sz.000968,6.8700,6.8900,6.8600,6.8900,662400,4557358.0000,3
2025-11-28,20251128101000000,sz.000968,6.9100,6.9200,6.9000,6.9100,843500,5820990.0000,3
2025-11-28,20251128101500000,sz.000968,6.9100,6.9200,6.9000,6.9100,149700,1034740.0000,3
2025-11-28,20251128102000000,sz.000968,6.9200,6.9200,6.9100,6.9200,130900,905376.0000,3
2025-11-28,20251128102500000,sz.000968,6.9100,6.9200,6.9100,6.9100,122400,846118.0000,3
2025-11-28,20251128103000000,sz.000968,6.9000,6.9000,6.8900,6.9000,213000,1469134.0000,3
2025-11-28,20251128103500000,sz.000968,6.9000,6.9100,6.9000,6.9100,41700,287828.0000,3
2025-11-28,20251128104000000,sz.000968,6.9100,6.9100,6.9000,6.9000,75200,519086.0000,3
2025-11-28,20251128104500000,sz.000968,6.9000,6.9100,6.9000,6.9000,74000,510650.0000,3
2025-11-28,20251128105000000,sz.000968,6.9100,6.9100,6.9000,6.9000,109700,757406.0000,3
2025-11-28,20251128105500000,sz.000968,6.9000,6.9100,6.9000,6.9100,195500,1349370.0000,3
2025-11-28,20251128110000000,sz.000968,6.9100,6.9100,6.8900,6.8900,76600,528558.0000,3
2025-11-28,20251128110500000,sz.000968,6.9000,6.9000,6.8900,6.9000,17600,121420.0000,3
2025-11-28,20251128111000000,sz.000968,6.8900,6.9000,6.8800,6.8900,157400,1084130.0000,3
2025-11-28,20251128111500000,sz.000968,6.8800,6.8900,6.8800,6.8800,155800,1072778.0000,3
2025-11-28,20251128112000000,sz.000968,6.8800,6.8900,6.8800,6.8800,33600,231448.0000,3
2025-11-28,20251128112500000,sz.000968,6.8800,6.8900,6.8700,6.8800,226100,1555588.0000,3
2025-11-28,20251128113000000,sz.000968,6.8800,6.8900,6.8800,6.8800,21600,148724.0000,3
2025-11-28,20251128130500000,sz.000968,6.8800,6.8800,6.8700,6.8800,320500,2204304.0000,3
2025-11-28,20251128131000000,sz.000968,6.8700,6.8800,6.8700,6.8800,328000,2255404.0000,3
2025-11-28,20251128131500000,sz.000968,6.8700,6.8800,6.8700,6.8800,33600,231104.0000,3
2025-11-28,20251128132000000,sz.000968,6.8800,6.8800,6.8700,6.8800,36800,252988.0000,3
2025-11-28,20251128132500000,sz.000968,6.8800,6.8800,6.8700,6.8800,48100,330620.0000,3
2025-11-28,20251128133000000,sz.000968,6.8800,6.8800,6.8700,6.8700,28300,194628.0000,3
2025-11-28,20251128133500000,sz.000968,6.8800,6.8900,6.8700,6.8900,85800,590632.0000,3
2025-11-28,20251128134000000,sz.000968,6.8900,6.9000,6.8900,6.9000,44100,304228.0000,3
2025-11-28,20251128134500000,sz.000968,6.8900,6.9100,6.8900,6.9000,128900,889416.0000,3
2025-11-28,20251128135000000,sz.000968,6.9000,6.9100,6.9000,6.9000,60000,414056.0000,3
2025-11-28,20251128135500000,sz.000968,6.9100,6.9100,6.9000,6.9100,241000,1665232.0000,3
2025-11-28,20251128140000000,sz.000968,6.9100,6.9200,6.9000,6.9100,167400,1157536.0000,3
2025-11-28,20251128140500000,sz.000968,6.9100,6.9100,6.9000,6.9100,90800,627332.0000,3
2025-11-28,20251128141000000,sz.000968,6.9100,6.9100,6.8900,6.9000,116100,801128.0000,3
2025-11-28,20251128141500000,sz.000968,6.9000,6.9100,6.8900,6.9000,52400,361656.0000,3
2025-11-28,20251128142000000,sz.000968,6.9000,6.9100,6.9000,6.9100,87400,603716.0000,3
2025-11-28,20251128142500000,sz.000968,6.9100,6.9200,6.9000,6.9100,115900,801016.0000,3
2025-11-28,20251128143000000,sz.000968,6.9200,6.9200,6.9000,6.9100,116600,805724.0000,3
2025-11-28,20251128143500000,sz.000968,6.9100,6.9200,6.9100,6.9100,56800,392652.0000,3
2025-11-28,20251128144000000,sz.000968,6.9100,6.9200,6.9000,6.9100,203100,1403588.0000,3
2025-11-28,20251128144500000,sz.000968,6.9200,6.9200,6.9000,6.9100,86200,596188.0000,3
2025-11-28,20251128145000000,sz.000968,6.9100,6.9200,6.9100,6.9100,203600,1407108.0000,3
2025-11-28,20251128145500000,sz.000968,6.9100,6.9200,6.9000,6.9200,323100,2234048.0000,3
2025-11-28,20251128150000000,sz.000968,6.9200,6.9300,6.9100,6.9200,491400,3400992.0000,3
2025-12-01,20251201093500000,sz.000968,6.9500,6.9700,6.9400,6.9700,1199800,8343962.0000,3
2025-12-01,20251201094000000,sz.000968,6.9700,7.0400,6.9700,7.0400,1391500,9748690.0000,3
2025-12-01,20251201094500000,sz.000968,7.0300,7.0300,7.0000,7.0000,427600,2998704.0000,3
2025-12-01,20251201095000000,sz.000968,6.9900,7.0000,6.9900,7.0000,201800,1411944.0000,3
2025-12-01,20251201095500000,sz.000968,7.0000,7.0100,6.9900,6.9900,251400,1760104.0000,3
2025-12-01,20251201100000000,sz.000968,7.0000,7.0200,7.0000,7.0200,244900,1716380.0000,3
2025-12-01,20251201100500000,sz.000968,7.0200,7.0400,7.0100,7.0200,697600,4904472.0000,3
2025-12-01,20251201101000000,sz.000968,7.0200,7.0300,7.0100,7.0200,202200,1420328.0000,3
2025-12-01,20251201101500000,sz.000968,7.0100,7.0200,7.0000,7.0000,125900,882180.0000,3
2025-12-01,20251201102000000,sz.000968,7.0000,7.0100,6.9900,7.0000,239000,1673740.0000,3
2025-12-01,20251201102500000,sz.000968,6.9900,7.0000,6.9900,7.0000,93400,653124.0000,3
2025-12-01,20251201103000000,sz.000968,7.0000,7.0100,6.9900,7.0000,110600,774036.0000,3
2025-12-01,20251201103500000,sz.000968,7.0000,7.0100,6.9900,7.0100,131800,923024.0000,3
2025-12-01,20251201104000000,sz.000968,7.0100,7.0100,7.0000,7.0100,31700,222056.0000,3
2025-12-01,20251201104500000,sz.000968,7.0100,7.0100,6.9800,6.9900,376000,2629572.0000,3
2025-12-01,20251201105000000,sz.000968,7.0000,7.0100,6.9900,7.0000,164300,1150040.0000,3
2025-12-01,20251201105500000,sz.000968,7.0000,7.0100,7.0000,7.0100,65600,459492.0000,3
2025-12-01,20251201110000000,sz.000968,7.0000,7.0100,6.9900,7.0000,128900,901728.0000,3
2025-12-01,20251201110500000,sz.000968,7.0000,7.0000,6.9900,7.0000,139200,973128.0000,3
2025-12-01,20251201111000000,sz.000968,7.0000,7.0000,6.9800,6.9900,96800,676700.0000,3
2025-12-01,20251201111500000,sz.000968,7.0000,7.0000,6.9900,7.0000,86100,602276.0000,3
2025-12-01,20251201112000000,sz.000968,7.0000,7.0000,6.9900,7.0000,72500,506860.0000,3
2025-12-01,20251201112500000,sz.000968,6.9900,7.0000,6.9800,6.9900,206300,1442684.0000,3
2025-12-01,20251201113000000,sz.000968,6.9900,7.0000,6.9900,7.0000,111200,777568.0000,3
2025-12-01,20251201130500000,sz.000968,6.9900,6.9900,6.9600,6.9700,472100,3294232.0000,3
2025-12-01,20251201131000000,sz.000968,6.9700,6.9900,6.9700,6.9800,118500,827272.0000,3
2025-12-01,20251201131500000,sz.000968,6.9900,6.9900,6.9800,6.9900,101400,708628.0000,3
2025-12-01,20251201132000000,sz.000968,6.9900,7.0000,6.9800,6.9800,94700,661324.0000,3
2025-12-01,20251201132500000,sz.000968,6.9900,6.9900,6.9700,6.9700,73300,511840.0000,3
2025-12-01,20251201133000000,sz.000968,6.9700,6.9800,6.9600,6.9600,63000,439208.0000,3
2025-12-01,20251201133500000,sz.000968,6.9600,6.9800,6.9600,6.9600,109400,761972.0000,3
2025-12-01,20251201134000000,sz.000968,6.9700,6.9700,6.9600,6.9600,40400,281212.0000,3
2025-12-01,20251201134500000,sz.000968,6.9700,6.9700,6.9600,6.9700,47200,328560.0000,3
2025-12-01,20251201135000000,sz.000968,6.9600,6.9700,6.9600,6.9600,31900,222160.0000,3
2025-12-01,20251201135500000,sz.000968,6.9600,6.9700,6.9600,6.9600,116000,807428.0000,3
2025-12-01,20251201140000000,sz.000968,6.9600,6.9700,6.9500,6.9500,197700,1375452.0000,3
2025-12-01,20251201140500000,sz.000968,6.9600,6.9600,6.9500,6.9500,174400,1212540.0000,3
2025-12-01,20251201141000000,sz.000968,6.9500,6.9700,6.9500,6.9500,232300,1615560.0000,3
2025-12-01,20251201141500000,sz.000968,6.9500,6.9500,6.9400,6.9500,76900,534396.0000,3
2025-12-01,20251201142000000,sz.000968,6.9500,6.9600,6.9400,6.9400,240600,1672084.0000,3
2025-12-01,20251201142500000,sz.000968,6.9400,6.9500,6.9400,6.9500,30600,212500.0000,3
2025-12-01,20251201143000000,sz.000968,6.9400,6.9500,6.9400,6.9500,113800,790808.0000,3
2025-12-01,20251201143500000,sz.000968,6.9500,6.9600,6.9400,6.9400,124700,866612.0000,3
2025-12-01,20251201144000000,sz.000968,6.9400,6.9600,6.9400,6.9500,226200,1572292.0000,3
2025-12-01,20251201144500000,sz.000968,6.9500,6.9600,6.9500,6.9600,130400,906592.0000,3
2025-12-01,20251201145000000,sz.000968,6.9500,6.9600,6.9400,6.9500,215500,1497168.0000,3
2025-12-01,20251201145500000,sz.000968,6.9400,6.9500,6.9400,6.9400,310700,2157496.0000,3
2025-12-01,20251201150000000,sz.000968,6.9400,6.9500,6.9400,6.9500,118200,821472.0000,3
2025-12-02,20251202093500000,sz.000968,6.9400,6.9400,6.8900,6.9000,755200,5217427.0000,3
2025-12-02,20251202094000000,sz.000968,6.9000,6.9100,6.8900,6.8900,327100,2257094.0000,3
2025-12-02,20251202094500000,sz.000968,6.9000,6.9000,6.8800,6.8900,469100,3229810.0000,3
2025-12-02,20251202095000000,sz.000968,6.8900,6.8900,6.8600,6.8700,608900,4183604.0000,3
2025-12-02,20251202095500000,sz.000968,6.8700,6.8900,6.8700,6.8800,178400,1227170.0000,3
2025-12-02,20251202100000000,sz.000968,6.8900,6.9000,6.8800,6.9000,283200,1952979.0000,3
2025-12-02,20251202100500000,sz.000968,6.9000,6.9200,6.8900,6.9200,206700,1427216.0000,3
2025-12-02,20251202101000000,sz.000968,6.9100,6.9200,6.8900,6.8900,103100,712034.0000,3
2025-12-02,20251202101500000,sz.000968,6.8900,6.9000,6.8800,6.8900,171700,1182706.0000,3
2025-12-02,20251202102000000,sz.000968,6.9000,6.9000,6.8800,6.8800,176600,1215544.0000,3
2025-12-02,20251202102500000,sz.000968,6.8900,6.9100,6.8900,6.9100,103600,714320.0000,3
2025-12-02,20251202103000000,sz.000968,6.9000,6.9000,6.8900,6.8900,56200,387674.0000,3
2025-12-02,20251202103500000,sz.000968,6.9000,6.9200,6.8900,6.9200,200900,1386690.0000,3
2025-12-02,20251202104000000,sz.000968,6.9200,6.9200,6.9000,6.9000,42700,295036.0000,3
2025-12-02,20251202104500000,sz.000968,6.9000,6.9200,6.9000,6.9200,132900,918436.0000,3
2025-12-02,20251202105000000,sz.000968,6.9200,6.9300,6.9200,6.9300,217300,1504624.0000,3
2025-12-02,20251202105500000,sz.000968,6.9300,6.9400,6.9200,6.9300,140800,975626.0000,3
2025-12-02,20251202110000000,sz.000968,6.9400,6.9400,6.9200,6.9200,56000,388022.0000,3
2025-12-02,20251202110500000,sz.000968,6.9300,6.9300,6.9100,6.9200,76100,526696.0000,3
2025-12-02,20251202111000000,sz.000968,6.9200,6.9300,6.9100,6.9100,112300,777210.0000,3
2025-12-02,20251202111500000,sz.000968,6.9100,6.9300,6.9100,6.9300,37000,256102.0000,3
2025-12-02,20251202112000000,sz.000968,6.9300,6.9300,6.9100,6.9200,76000,525892.0000,3
2025-12-02,20251202112500000,sz.000968,6.9100,6.9200,6.9100,6.9100,57700,399136.0000,3
2025-12-02,20251202113000000,sz.000968,6.9200,6.9300,6.9100,6.9100,196100,1356792.0000,3
2025-12-02,20251202130500000,sz.000968,6.9100,6.9300,6.9100,6.9200,136000,941112.0000,3
2025-12-02,20251202131000000,sz.000968,6.9100,6.9300,6.9100,6.9200,177800,1230780.0000,3
2025-12-02,20251202131500000,sz.000968,6.9200,6.9300,6.9100,6.9200,72100,498668.0000,3
2025-12-02,20251202132000000,sz.000968,6.9100,6.9300,6.9100,6.9200,164800,1140480.0000,3
2025-12-02,20251202132500000,sz.000968,6.9200,6.9300,6.9100,6.9300,88400,611976.0000,3
2025-12-02,20251202133000000,sz.000968,6.9300,6.9300,6.9200,6.9300,67000,463764.0000,3
2025-12-02,20251202133500000,sz.000968,6.9100,6.9400,6.9100,6.9300,329300,2282016.0000,3
2025-12-02,20251202134000000,sz.000968,6.9400,6.9500,6.9300,6.9400,211100,1464992.0000,3
2025-12-02,20251202134500000,sz.000968,6.9400,6.9400,6.9200,6.9400,113100,784036.0000,3
2025-12-02,20251202135000000,sz.000968,6.9300,6.9500,6.9300,6.9500,195600,1356928.0000,3
2025-12-02,20251202135500000,sz.000968,6.9500,6.9500,6.9400,6.9400,71200,494676.0000,3
2025-12-02,20251202140000000,sz.000968,6.9500,6.9500,6.9400,6.9400,99000,687348.0000,3
2025-12-02,20251202140500000,sz.000968,6.9400,6.9500,6.9300,6.9300,165000,1144764.0000,3
2025-12-02,20251202141000000,sz.000968,6.9200,6.9400,6.9200,6.9400,114100,790832.0000,3
2025-12-02,20251202141500000,sz.000968,6.9400,6.9400,6.9300,6.9300,14000,97080.0000,3
2025-12-02,20251202142000000,sz.000968,6.9400,6.9400,6.9300,6.9300,17200,119256.0000,3
2025-12-02,20251202142500000,sz.000968,6.9400,6.9400,6.9300,6.9400,94400,655072.0000,3
2025-12-02,20251202143000000,sz.000968,6.9300,6.9400,6.9300,6.9400,72700,504476.0000,3
2025-12-02,20251202143500000,sz.000968,6.9400,6.9500,6.9300,6.9400,200800,1393560.0000,3
2025-12-02,20251202144000000,sz.000968,6.9400,6.9500,6.9300,6.9400,93600,649560.0000,3
2025-12-02,20251202144500000,sz.000968,6.9400,6.9500,6.9300,6.9500,132800,922136.0000,3
2025-12-02,20251202145000000,sz.000968,6.9500,6.9600,6.9400,6.9500,297100,2064856.0000,3
2025-12-02,20251202145500000,sz.000968,6.9500,6.9500,6.9400,6.9400,136400,947084.0000,3
2025-12-02,20251202150000000,sz.000968,6.9400,6.9500,6.9400,6.9500,145800,1013088.0000,3
2025-12-03,20251203093500000,sz.000968,6.9200,6.9300,6.8700,6.9200,708100,4885759.0000,3
2025-12-03,20251203094000000,sz.000968,6.9200,6.9300,6.8900,6.9000,276300,1909954.0000,3
2025-12-03,20251203094500000,sz.000968,6.8900,6.9200,6.8900,6.9000,209300,1444959.0000,3
2025-12-03,20251203095000000,sz.000968,6.9000,6.9000,6.8900,6.8900,473000,3261786.0000,3
2025-12-03,20251203095500000,sz.000968,6.8900,6.9000,6.8800,6.8900,154700,1065700.0000,3
2025-12-03,20251203100000000,sz.000968,6.8900,6.8900,6.8700,6.8700,336300,2314445.0000,3
2025-12-03,20251203100500000,sz.000968,6.8700,6.8900,6.8700,6.8900,426400,2931125.0000,3
2025-12-03,20251203101000000,sz.000968,6.8800,6.8800,6.8700,6.8800,142000,976908.0000,3
2025-12-03,20251203101500000,sz.000968,6.8800,6.9000,6.8700,6.8800,142300,979664.0000,3
2025-12-03,20251203102000000,sz.000968,6.8800,6.9000,6.8600,6.8900,494100,3395308.0000,3
2025-12-03,20251203102500000,sz.000968,6.8900,6.9000,6.8800,6.8900,131800,907516.0000,3
2025-12-03,20251203103000000,sz.000968,6.8900,6.8900,6.8800,6.8800,80700,555286.0000,3
2025-12-03,20251203103500000,sz.000968,6.8800,6.9000,6.8800,6.9000,167300,1151778.0000,3
2025-12-03,20251203104000000,sz.000968,6.8900,6.9200,6.8900,6.9100,352800,2435424.0000,3
2025-12-03,20251203104500000,sz.000968,6.9100,6.9300,6.9100,6.9300,164800,1140080.0000,3
2025-12-03,20251203105000000,sz.000968,6.9200,6.9400,6.9100,6.9100,321700,2226844.0000,3
2025-12-03,20251203105500000,sz.000968,6.9300,6.9500,6.9200,6.9500,269000,1867118.0000,3
2025-12-03,20251203110000000,sz.000968,6.9500,6.9500,6.9300,6.9300,132900,922182.0000,3
2025-12-03,20251203110500000,sz.000968,6.9300,6.9400,6.9300,6.9300,128700,892332.0000,3
2025-12-03,20251203111000000,sz.000968,6.9200,6.9300,6.9100,6.9200,129700,898168.0000,3
2025-12-03,20251203111500000,sz.000968,6.9200,6.9300,6.9100,6.9300,67100,464428.0000,3
2025-12-03,20251203112000000,sz.000968,6.9200,6.9300,6.9200,6.9200,40300,279212.0000,3
2025-12-03,20251203112500000,sz.000968,6.9200,6.9300,6.9200,6.9200,61600,426796.0000,3
2025-12-03,20251203113000000,sz.000968,6.9300,6.9400,6.9200,6.9300,118800,823292.0000,3
2025-12-03,20251203130500000,sz.000968,6.9300,6.9300,6.9100,6.9200,345800,2392172.0000,3
2025-12-03,20251203131000000,sz.000968,6.9300,6.9300,6.9200,6.9300,115400,799180.0000,3
2025-12-03,20251203131500000,sz.000968,6.9300,6.9400,6.9200,6.9400,127000,879816.0000,3
2025-12-03,20251203132000000,sz.000968,6.9400,6.9400,6.9300,6.9300,82900,574840.0000,3
2025-12-03,20251203132500000,sz.000968,6.9300,6.9400,6.9200,6.9400,126500,876688.0000,3
2025-12-03,20251203133000000,sz.000968,6.9300,6.9400,6.9300,6.9400,107700,747396.0000,3
2025-12-03,20251203133500000,sz.000968,6.9400,6.9500,6.9300,6.9400,57000,395432.0000,3
2025-12-03,20251203134000000,sz.000968,6.9400,6.9400,6.9200,6.9300,78500,544020.0000,3
2025-12-03,20251203134500000,sz.000968,6.9200,6.9300,6.9200,6.9200,101800,705236.0000,3
2025-12-03,20251203135000000,sz.000968,6.9300,6.9300,6.9200,6.9200,63000,436092.0000,3
2025-12-03,20251203135500000,sz.000968,6.9200,6.9200,6.8900,6.8900,386200,2667296.0000,3
2025-12-03,20251203140000000,sz.000968,6.9000,6.9000,6.8900,6.8900,42900,296088.0000,3
2025-12-03,20251203140500000,sz.000968,6.8900,6.9000,6.8900,6.8900,109100,751800.0000,3
2025-12-03,20251203141000000,sz.000968,6.8900,6.9000,6.8800,6.8900,293200,2018656.0000,3
2025-12-03,20251203141500000,sz.000968,6.9000,6.9000,6.8800,6.8900,57300,394808.0000,3
2025-12-03,20251203142000000,sz.000968,6.8900,6.9000,6.8800,6.8800,283600,1951720.0000,3
2025-12-03,20251203142500000,sz.000968,6.8700,6.8900,6.8700,6.8800,147500,1014668.0000,3
2025-12-03,20251203143000000,sz.000968,6.8800,6.8900,6.8800,6.8800,94300,649232.0000,3
2025-12-03,20251203143500000,sz.000968,6.8900,6.9100,6.8800,6.9100,228700,1576480.0000,3
2025-12-03,20251203144000000,sz.000968,6.9100,6.9200,6.9000,6.9100,115800,799964.0000,3
2025-12-03,20251203144500000,sz.000968,6.9100,6.9100,6.9000,6.9000,67500,465920.0000,3
2025-12-03,20251203145000000,sz.000968,6.8900,6.9200,6.8900,6.9000,236000,1630220.0000,3
2025-12-03,20251203145500000,sz.000968,6.9000,6.9100,6.9000,6.9100,101300,699720.0000,3
2025-12-03,20251203150000000,sz.000968,6.9000,6.9100,6.9000,6.9000,130700,902024.0000,3
2025-12-04,20251204093500000,sz.000968,6.8900,6.9300,6.8900,6.8900,368400,2543104.0000,3
2025-12-04,20251204094000000,sz.000968,6.8800,6.9000,6.8800,6.8800,243300,1675080.0000,3
2025-12-04,20251204094500000,sz.000968,6.8700,6.8900,6.8700,6.8900,170700,1175097.0000,3
2025-12-04,20251204095000000,sz.000968,6.8900,6.8900,6.8500,6.8600,428700,2942857.0000,3
2025-12-04,20251204095500000,sz.000968,6.8600,6.8800,6.8500,6.8600,255900,1756673.0000,3
2025-12-04,20251204100000000,sz.000968,6.8500,6.8800,6.8500,6.8700,165600,1136828.0000,3
2025-12-04,20251204100500000,sz.000968,6.8700,6.8700,6.8500,6.8500,178100,1221376.0000,3
2025-12-04,20251204101000000,sz.000968,6.8400,6.8500,6.8300,6.8500,411900,2818642.0000,3
2025-12-04,20251204101500000,sz.000968,6.8500,6.8500,6.8300,6.8400,175800,1202866.0000,3
2025-12-04,20251204102000000,sz.000968,6.8400,6.8500,6.8300,6.8300,215300,1471333.0000,3
2025-12-04,20251204102500000,sz.000968,6.8300,6.8500,6.8300,6.8500,185900,1270892.0000,3
2025-12-04,20251204103000000,sz.000968,6.8400,6.8500,6.8400,6.8500,87000,595792.0000,3
2025-12-04,20251204103500000,sz.000968,6.8400,6.8700,6.8400,6.8600,124200,851544.0000,3
2025-12-04,20251204104000000,sz.000968,6.8600,6.8700,6.8500,6.8600,111600,765094.0000,3
2025-12-04,20251204104500000,sz.000968,6.8600,6.8700,6.8500,6.8700,74500,511058.0000,3
2025-12-04,20251204105000000,sz.000968,6.8600,6.8700,6.8500,6.8600,80200,549888.0000,3
2025-12-04,20251204105500000,sz.000968,6.8700,6.8800,6.8600,6.8800,138300,949324.0000,3
2025-12-04,20251204110000000,sz.000968,6.8800,6.8900,6.8700,6.8800,123300,848590.0000,3
2025-12-04,20251204110500000,sz.000968,6.8700,6.8800,6.8600,6.8600,66700,458242.0000,3
2025-12-04,20251204111000000,sz.000968,6.8800,6.8800,6.8700,6.8700,55300,380036.0000,3
2025-12-04,20251204111500000,sz.000968,6.8700,6.8800,6.8600,6.8800,107600,739232.0000,3
2025-12-04,20251204112000000,sz.000968,6.8800,6.8900,6.8700,6.8900,155300,1069088.0000,3
2025-12-04,20251204112500000,sz.000968,6.8900,6.8900,6.8700,6.8800,41600,286274.0000,3
2025-12-04,20251204113000000,sz.000968,6.8800,6.8900,6.8700,6.8800,57900,398666.0000,3
2025-12-04,20251204130500000,sz.000968,6.8700,6.8800,6.8600,6.8700,138700,953332.0000,3
2025-12-04,20251204131000000,sz.000968,6.8700,6.8700,6.8500,6.8700,122100,837266.0000,3
2025-12-04,20251204131500000,sz.000968,6.8700,6.8800,6.8600,6.8700,134700,924978.0000,3
2025-12-04,20251204132000000,sz.000968,6.8700,6.8700,6.8600,6.8700,29400,201712.0000,3
2025-12-04,20251204132500000,sz.000968,6.8700,6.8700,6.8600,6.8700,45800,314608.0000,3
2025-12-04,20251204133000000,sz.000968,6.8700,6.8800,6.8600,6.8700,110500,759378.0000,3
2025-12-04,20251204133500000,sz.000968,6.8700,6.8700,6.8600,6.8600,52000,356986.0000,3
2025-12-04,20251204134000000,sz.000968,6.8600,6.8800,6.8600,6.8700,70900,487124.0000,3
2025-12-04,20251204134500000,sz.000968,6.8700,6.8800,6.8700,6.8800,46000,316084.0000,3
2025-12-04,20251204135000000,sz.000968,6.8700,6.8800,6.8700,6.8800,138800,953592.0000,3
2025-12-04,20251204135500000,sz.000968,6.8700,6.8700,6.8600,6.8700,37300,256140.0000,3
2025-12-04,20251204140000000,sz.000968,6.8700,6.8700,6.8500,6.8700,244600,1677680.0000,3
2025-12-04,20251204140500000,sz.000968,6.8600,6.8800,6.8600,6.8700,106200,729588.0000,3
2025-12-04,20251204141000000,sz.000968,6.8700,6.8800,6.8700,6.8800,102900,707184.0000,3
2025-12-04,20251204141500000,sz.000968,6.8700,6.8900,6.8700,6.8800,128800,886032.0000,3
2025-12-04,20251204142000000,sz.000968,6.8800,6.8800,6.8700,6.8800,23700,162884.0000,3
2025-12-04,20251204142500000,sz.000968,6.8800,6.8800,6.8700,6.8800,71000,487872.0000,3
2025-12-04,20251204143000000,sz.000968,6.8700,6.8800,6.8700,6.8700,81200,558180.0000,3
2025-12-04,20251204143500000,sz.000968,6.8800,6.9000,6.8700,6.8900,321200,2210948.0000,3
2025-12-04,20251204144000000,sz.000968,6.8900,6.8900,6.8800,6.8800,101600,699556.0000,3
2025-12-04,20251204144500000,sz.000968,6.8800,6.8900,6.8700,6.8700,103700,713604.0000,3
2025-12-04,20251204145000000,sz.000968,6.8900,6.8900,6.8700,6.8800,242200,1666080.0000,3
2025-12-04,20251204145500000,sz.000968,6.8700,6.8800,6.8700,6.8700,155900,1072044.0000,3
2025-12-04,20251204150000000,sz.000968,6.8800,6.8800,6.8700,6.8800,270800,1863044.0000,3
2025-12-05,20251205093500000,sz.000968,6.8500,6.8600,6.8300,6.8400,368300,2520438.0000,3
2025-12-05,20251205094000000,sz.000968,6.8300,6.8400,6.8100,6.8100,726300,4956375.0000,3
2025-12-05,20251205094500000,sz.000968,6.8200,6.8300,6.8100,6.8200,161500,1101691.0000,3
2025-12-05,20251205095000000,sz.000968,6.8300,6.8300,6.8100,6.8200,231000,1575409.0000,3
2025-12-05,20251205095500000,sz.000968,6.8200,6.8400,6.8100,6.8400,212700,1451646.0000,3
2025-12-05,20251205100000000,sz.000968,6.8300,6.8600,6.8300,6.8600,144600,989839.0000,3
2025-12-05,20251205100500000,sz.000968,6.8500,6.8700,6.8500,6.8600,140900,967091.0000,3
2025-12-05,20251205101000000,sz.000968,6.8600,6.8600,6.8500,6.8500,30000,205639.0000,3
2025-12-05,20251205101500000,sz.000968,6.8600,6.8600,6.8300,6.8400,181700,1244143.0000,3
2025-12-05,20251205102000000,sz.000968,6.8400,6.8400,6.8300,6.8400,34600,236599.0000,3
2025-12-05,20251205102500000,sz.000968,6.8400,6.8500,6.8400,6.8400,40300,275733.0000,3
2025-12-05,20251205103000000,sz.000968,6.8500,6.8500,6.8400,6.8500,33700,230563.0000,3
2025-12-05,20251205103500000,sz.000968,6.8500,6.8500,6.8400,6.8500,26700,182694.0000,3
2025-12-05,20251205104000000,sz.000968,6.8400,6.8500,6.8400,6.8500,38200,261438.0000,3
2025-12-05,20251205104500000,sz.000968,6.8400,6.8400,6.8300,6.8300,156500,1070202.0000,3
2025-12-05,20251205105000000,sz.000968,6.8300,6.8600,6.8300,6.8500,479600,3280836.0000,3
2025-12-05,20251205105500000,sz.000968,6.8500,6.8500,6.8400,6.8400,45200,309278.0000,3
2025-12-05,20251205110000000,sz.000968,6.8400,6.8400,6.8300,6.8300,120100,821270.0000,3
2025-12-05,20251205110500000,sz.000968,6.8400,6.8500,6.8300,6.8400,158000,1080472.0000,3
2025-12-05,20251205111000000,sz.000968,6.8400,6.8500,6.8300,6.8500,71700,490344.0000,3
2025-12-05,20251205111500000,sz.000968,6.8400,6.8600,6.8400,6.8600,152700,1046154.0000,3
2025-12-05,20251205112000000,sz.000968,6.8600,6.8700,6.8600,6.8600,31000,212670.0000,3
2025-12-05,20251205112500000,sz.000968,6.8700,6.8700,6.8500,6.8700,54700,375278.0000,3
2025-12-05,20251205113000000,sz.000968,6.8600,6.8700,6.8500,6.8500,59700,409522.0000,3
2025-12-05,20251205130500000,sz.000968,6.8500,6.8600,6.8400,6.8500,168500,1154424.0000,3
2025-12-05,20251205131000000,sz.000968,6.8500,6.8500,6.8400,6.8500,106800,731142.0000,3
2025-12-05,20251205131500000,sz.000968,6.8400,6.8600,6.8400,6.8600,147300,1009134.0000,3
2025-12-05,20251205132000000,sz.000968,6.8600,6.8700,6.8500,6.8600,169400,1161988.0000,3
2025-12-05,20251205132500000,sz.000968,6.8600,6.8600,6.8500,6.8600,31800,217968.0000,3
2025-12-05,20251205133000000,sz.000968,6.8500,6.8600,6.8400,6.8500,155700,1066210.0000,3
2025-12-05,20251205133500000,sz.000968,6.8400,6.8700,6.8400,6.8600,174700,1198004.0000,3
2025-12-05,20251205134000000,sz.000968,6.8600,6.8700,6.8600,6.8600,115800,794578.0000,3
2025-12-05,20251205134500000,sz.000968,6.8600,6.8700,6.8600,6.8700,111000,762276.0000,3
2025-12-05,20251205135000000,sz.000968,6.8700,6.8800,6.8600,6.8800,189500,1302024.0000,3
2025-12-05,20251205135500000,sz.000968,6.8800,6.8900,6.8700,6.8900,231800,1593728.0000,3
2025-12-05,20251205140000000,sz.000968,6.8800,6.8900,6.8800,6.8900,153400,1056408.0000,3
2025-12-05,20251205140500000,sz.000968,6.8900,6.9000,6.8800,6.8900,281500,1940656.0000,3
2025-12-05,20251205141000000,sz.000968,6.9000,6.9000,6.8900,6.9000,106800,736552.0000,3
2025-12-05,20251205141500000,sz.000968,6.8900,6.9000,6.8800,6.8800,227900,1570360.0000,3
2025-12-05,20251205142000000,sz.000968,6.8800,6.9000,6.8800,6.9000,131600,907524.0000,3
2025-12-05,20251205142500000,sz.000968,6.8900,6.9000,6.8900,6.9000,338500,2335532.0000,3
2025-12-05,20251205143000000,sz.000968,6.9000,6.9100,6.8900,6.9000,76800,530128.0000,3
2025-12-05,20251205143500000,sz.000968,6.9000,6.9100,6.8900,6.9000,216500,1493324.0000,3
2025-12-05,20251205144000000,sz.000968,6.8900,6.9000,6.8900,6.8900,52200,360128.0000,3
2025-12-05,20251205144500000,sz.000968,6.8900,6.9000,6.8900,6.8900,92700,639196.0000,3
2025-12-05,20251205145000000,sz.000968,6.9000,6.9000,6.8900,6.9000,308300,2127144.0000,3
2025-12-05,20251205145500000,sz.000968,6.9100,6.9200,6.9000,6.9100,417400,2883864.0000,3
2025-12-05,20251205150000000,sz.000968,6.9200,6.9200,6.9100,6.9100,371700,2568712.0000,3
2025-12-08,20251208093500000,sz.000968,6.9100,6.9400,6.9000,6.9200,870100,6018053.0000,3
2025-12-08,20251208094000000,sz.000968,6.9200,6.9300,6.9100,6.9100,477900,3307358.0000,3
2025-12-08,20251208094500000,sz.000968,6.9100,6.9200,6.9000,6.9200,376200,2598688.0000,3
2025-12-08,20251208095000000,sz.000968,6.9200,6.9200,6.8900,6.9000,582300,4017856.0000,3
2025-12-08,20251208095500000,sz.000968,6.9000,6.9000,6.8800,6.8800,463900,3197633.0000,3
2025-12-08,20251208100000000,sz.000968,6.8800,6.8900,6.8700,6.8700,352400,2423732.0000,3
2025-12-08,20251208100500000,sz.000968,6.8700,6.8800,6.8700,6.8700,113500,780472.0000,3
2025-12-08,20251208101000000,sz.000968,6.8700,6.8900,6.8700,6.8700,386300,2657400.0000,3
2025-12-08,20251208101500000,sz.000968,6.8800,6.8900,6.8800,6.8800,154700,1064996.0000,3
2025-12-08,20251208102000000,sz.000968,6.8800,6.8900,6.8800,6.8900,227600,1567072.0000,3
2025-12-08,20251208102500000,sz.000968,6.8800,6.9000,6.8800,6.8900,139200,958766.0000,3
2025-12-08,20251208103000000,sz.000968,6.8900,6.8900,6.8800,6.8900,104800,721718.0000,3
2025-12-08,20251208103500000,sz.000968,6.8800,6.8900,6.8700,6.8700,696700,4790624.0000,3
2025-12-08,20251208104000000,sz.000968,6.8700,6.8800,6.8700,6.8700,162500,1117152.0000,3
2025-12-08,20251208104500000,sz.000968,6.8700,6.8900,6.8700,6.8800,79600,547724.0000,3
2025-12-08,20251208105000000,sz.000968,6.8800,6.8900,6.8800,6.8900,204500,1408884.0000,3
2025-12-08,20251208105500000,sz.000968,6.8900,6.9000,6.8800,6.8900,137100,944636.0000,3
2025-12-08,20251208110000000,sz.000968,6.9000,6.9000,6.8900,6.8900,152300,1050308.0000,3
2025-12-08,20251208110500000,sz.000968,6.8900,6.9000,6.8900,6.9000,42500,292972.0000,3
2025-12-08,20251208111000000,sz.000968,6.8900,6.9000,6.8900,6.8900,137600,948144.0000,3
2025-12-08,20251208111500000,sz.000968,6.8900,6.9000,6.8900,6.8900,78900,543788.0000,3
2025-12-08,20251208112000000,sz.000968,6.9000,6.9000,6.8900,6.9000,15700,108232.0000,3
2025-12-08,20251208112500000,sz.000968,6.9100,6.9100,6.8900,6.9000,235300,1624280.0000,3
2025-12-08,20251208113000000,sz.000968,6.8900,6.9000,6.8800,6.8800,145200,1000212.0000,3
2025-12-08,20251208130500000,sz.000968,6.8800,6.8900,6.8800,6.8800,207600,1429420.0000,3
2025-12-08,20251208131000000,sz.000968,6.8800,6.8900,6.8800,6.8800,188400,1296592.0000,3
2025-12-08,20251208131500000,sz.000968,6.8900,6.8900,6.8800,6.8800,83700,576216.0000,3
2025-12-08,20251208132000000,sz.000968,6.8900,6.8900,6.8800,6.8900,88500,609200.0000,3
2025-12-08,20251208132500000,sz.000968,6.8800,6.8900,6.8800,6.8800,35600,245036.0000,3
2025-12-08,20251208133000000,sz.000968,6.8800,6.8900,6.8800,6.8900,120100,826832.0000,3
2025-12-08,20251208133500000,sz.000968,6.8800,6.8900,6.8800,6.8900,315100,2170848.0000,3
2025-12-08,20251208134000000,sz.000968,6.8900,6.8900,6.8800,6.8900,79500,547516.0000,3
2025-12-08,20251208134500000,sz.000968,6.8800,6.9000,6.8800,6.8800,138500,954144.0000,3
2025-12-08,20251208135000000,sz.000968,6.8800,6.8900,6.8800,6.8800,120600,830184.0000,3
2025-12-08,20251208135500000,sz.000968,6.8800,6.8900,6.8800,6.8800,185000,1273368.0000,3
2025-12-08,20251208140000000,sz.000968,6.8800,6.8900,6.8800,6.8800,138900,955908.0000,3
2025-12-08,20251208140500000,sz.000968,6.8800,6.8900,6.8800,6.8800,432200,2973732.0000,3
2025-12-08,20251208141000000,sz.000968,6.8800,6.8900,6.8700,6.8800,288000,1980944.0000,3
2025-12-08,20251208141500000,sz.000968,6.8800,6.8900,6.8700,6.8700,172700,1188040.0000,3
2025-12-08,20251208142000000,sz.000968,6.8700,6.8800,6.8600,6.8600,641000,4402096.0000,3
2025-12-08,20251208142500000,sz.000968,6.8600,6.8700,6.8500,6.8700,265100,1818296.0000,3
2025-12-08,20251208143000000,sz.000968,6.8600,6.8700,6.8600,6.8600,90800,622944.0000,3
2025-12-08,20251208143500000,sz.000968,6.8600,6.8700,6.8600,6.8700,160400,1101280.0000,3
2025-12-08,20251208144000000,sz.000968,6.8600,6.8700,6.8600,6.8600,216800,1487344.0000,3
2025-12-08,20251208144500000,sz.000968,6.8600,6.8700,6.8600,6.8600,282800,1940768.0000,3
2025-12-08,20251208145000000,sz.000968,6.8600,6.8700,6.8500,6.8600,165900,1137800.0000,3
2025-12-08,20251208145500000,sz.000968,6.8500,6.8600,6.8500,6.8600,159100,1090928.0000,3
2025-12-08,20251208150000000,sz.000968,6.8500,6.8600,6.8500,6.8600,311000,2131880.0000,3
2025-12-09,20251209093500000,sz.000968,6.8400,6.8400,6.8000,6.8100,970300,6616645.0000,3
2025-12-09,20251209094000000,sz.000968,6.8000,6.8200,6.8000,6.8100,430600,2933183.0000,3
2025-12-09,20251209094500000,sz.000968,6.8100,6.8100,6.8000,6.8000,527000,3585667.0000,3
2025-12-09,20251209095000000,sz.000968,6.8000,6.8100,6.7800,6.8000,871300,5919131.0000,3
2025-12-09,20251209095500000,sz.000968,6.8000,6.8000,6.7900,6.7900,236300,1605770.0000,3
2025-12-09,20251209100000000,sz.000968,6.7900,6.7900,6.7600,6.7600,928900,6295660.0000,3
2025-12-09,20251209100500000,sz.000968,6.7700,6.7700,6.7600,6.7700,420800,2847068.0000,3
2025-12-09,20251209101000000,sz.000968,6.7600,6.7700,6.7500,6.7600,681000,4604552.0000,3
2025-12-09,20251209101500000,sz.000968,6.7600,6.7700,6.7500,6.7600,206300,1394832.0000,3
2025-12-09,20251209102000000,sz.000968,6.7500,6.7600,6.7500,6.7600,123900,836660.0000,3
2025-12-09,20251209102500000,sz.000968,6.7600,6.7600,6.7500,6.7600,158300,1069644.0000,3
2025-12-09,20251209103000000,sz.000968,6.7600,6.7800,6.7600,6.7800,251800,1703684.0000,3
2025-12-09,20251209103500000,sz.000968,6.7700,6.7800,6.7500,6.7600,457900,3096316.0000,3
2025-12-09,20251209104000000,sz.000968,6.7600,6.7700,6.7600,6.7600,110400,746600.0000,3
2025-12-09,20251209104500000,sz.000968,6.7600,6.7700,6.7500,6.7600,330500,2235184.0000,3
2025-12-09,20251209105000000,sz.000968,6.7600,6.7700,6.7600,6.7600,53700,363204.0000,3
2025-12-09,20251209105500000,sz.000968,6.7600,6.7700,6.7600,6.7600,72200,488572.0000,3
2025-12-09,20251209110000000,sz.000968,6.7700,6.7700,6.7500,6.7500,386500,2610152.0000,3
2025-12-09,20251209110500000,sz.000968,6.7500,6.7600,6.7400,6.7500,175500,1184116.0000,3
2025-12-09,20251209111000000,sz.000968,6.7400,6.7500,6.7400,6.7400,148000,997896.0000,3
2025-12-09,20251209111500000,sz.000968,6.7400,6.7600,6.7400,6.7500,252800,1706652.0000,3
2025-12-09,20251209112000000,sz.000968,6.7500,6.7500,6.7400,6.7500,45000,303528.0000,3
2025-12-09,20251209112500000,sz.000968,6.7500,6.7500,6.7400,6.7400,253300,1707392.0000,3
2025-12-09,20251209113000000,sz.000968,6.7400,6.7500,6.7400,6.7400,124800,841244.0000,3
2025-12-09,20251209130500000,sz.000968,6.7500,6.7500,6.7300,6.7400,216400,1458096.0000,3
2025-12-09,20251209131000000,sz.000968,6.7300,6.7400,6.7200,6.7300,345400,2324456.0000,3
2025-12-09,20251209131500000,sz.000968,6.7200,6.7300,6.7200,6.7200,346900,2331920.0000,3
2025-12-09,20251209132000000,sz.000968,6.7200,6.7400,6.7100,6.7300,244100,1641488.0000,3
2025-12-09,20251209132500000,sz.000968,6.7200,6.7300,6.7200,6.7300,106500,716016.0000,3
2025-12-09,20251209133000000,sz.000968,6.7300,6.7300,6.7100,6.7100,313100,2103824.0000,3
2025-12-09,20251209133500000,sz.000968,6.7100,6.7300,6.7100,6.7300,354400,2378776.0000,3
2025-12-09,20251209134000000,sz.000968,6.7300,6.7400,6.7200,6.7300,143100,963080.0000,3
2025-12-09,20251209134500000,sz.000968,6.7300,6.7400,6.7300,6.7400,133300,898288.0000,3
2025-12-09,20251209135000000,sz.000968,6.7500,6.7500,6.7300,6.7500,155600,1049408.0000,3
2025-12-09,20251209135500000,sz.000968,6.7400,6.7500,6.7300,6.7400,116800,787080.0000,3
2025-12-09,20251209140000000,sz.000968,6.7400,6.7500,6.7300,6.7400,102900,693672.0000,3
2025-12-09,20251209140500000,sz.000968,6.7400,6.7500,6.7300,6.7400,126700,853808.0000,3
2025-12-09,20251209141000000,sz.000968,6.7400,6.7400,6.7300,6.7300,64300,433288.0000,3
2025-12-09,20251209141500000,sz.000968,6.7300,6.7400,6.7200,6.7300,133800,900384.0000,3
2025-12-09,20251209142000000,sz.000968,6.7200,6.7300,6.7100,6.7100,255500,1716784.0000,3
2025-12-09,20251209142500000,sz.000968,6.7200,6.7300,6.7100,6.7200,157600,1058728.0000,3
2025-12-09,20251209143000000,sz.000968,6.7200,6.7300,6.7100,6.7200,127700,858072.0000,3
2025-12-09,20251209143500000,sz.000968,6.7200,6.7300,6.7100,6.7300,154300,1036976.0000,3
2025-12-09,20251209144000000,sz.000968,6.7200,6.7200,6.7000,6.7100,388800,2609144.0000,3
2025-12-09,20251209144500000,sz.000968,6.7000,6.7100,6.7000,6.7000,369400,2475792.0000,3
2025-12-09,20251209145000000,sz.000968,6.7100,6.7100,6.6900,6.6900,611300,4095704.0000,3
2025-12-09,20251209145500000,sz.000968,6.6900,6.7000,6.6800,6.6800,437700,2928360.0000,3
2025-12-09,20251209150000000,sz.000968,6.6800,6.6900,6.6800,6.6900,342100,2287760.0000,3
2025-12-10,20251210093500000,sz.000968,6.6900,6.7000,6.6500,6.6700,970700,6475595.0000,3
2025-12-10,20251210094000000,sz.000968,6.6600,6.6700,6.6500,6.6500,331700,2207584.0000,3
2025-12-10,20251210094500000,sz.000968,6.6500,6.6700,6.6500,6.6500,220200,1465352.0000,3
2025-12-10,20251210095000000,sz.000968,6.6400,6.6800,6.6400,6.6600,521900,3477919.0000,3
2025-12-10,20251210095500000,sz.000968,6.6600,6.6800,6.6600,6.6600,155500,1036712.0000,3
2025-12-10,20251210100000000,sz.000968,6.6700,6.6700,6.6600,6.6600,304800,2031274.0000,3
2025-12-10,20251210100500000,sz.000968,6.6600,6.6700,6.6500,6.6500,307100,2045184.0000,3
2025-12-10,20251210101000000,sz.000968,6.6500,6.6600,6.6400,6.6500,161100,1071314.0000,3
2025-12-10,20251210101500000,sz.000968,6.6400,6.6500,6.6400,6.6400,142000,943802.0000,3
2025-12-10,20251210102000000,sz.000968,6.6400,6.6700,6.6400,6.6700,311200,2068476.0000,3
2025-12-10,20251210102500000,sz.000968,6.6600,6.6600,6.6500,6.6500,94900,631724.0000,3
2025-12-10,20251210103000000,sz.000968,6.6600,6.6700,6.6500,6.6600,174300,1160334.0000,3
2025-12-10,20251210103500000,sz.000968,6.6600,6.6600,6.6500,6.6500,144500,961882.0000,3
2025-12-10,20251210104000000,sz.000968,6.6500,6.6600,6.6400,6.6400,173200,1151512.0000,3
2025-12-10,20251210104500000,sz.000968,6.6400,6.6500,6.6300,6.6300,215800,1432816.0000,3
2025-12-10,20251210105000000,sz.000968,6.6400,6.6500,6.6300,6.6400,102200,678532.0000,3
2025-12-10,20251210105500000,sz.000968,6.6400,6.6500,6.6400,6.6400,56700,376684.0000,3
2025-12-10,20251210110000000,sz.000968,6.6500,6.6500,6.6300,6.6400,206500,1370680.0000,3
2025-12-10,20251210110500000,sz.000968,6.6300,6.6400,6.6300,6.6300,219800,1458384.0000,3
2025-12-10,20251210111000000,sz.000968,6.6400,6.6600,6.6300,6.6400,348100,2312092.0000,3
2025-12-10,20251210111500000,sz.000968,6.6400,6.6500,6.6400,6.6400,63800,423748.0000,3
2025-12-10,20251210112000000,sz.000968,6.6400,6.6500,6.6300,6.6500,60000,398224.0000,3
2025-12-10,20251210112500000,sz.000968,6.6500,6.6500,6.6300,6.6400,127700,847752.0000,3
2025-12-10,20251210113000000,sz.000968,6.6400,6.6500,6.6300,6.6400,51600,342480.0000,3
2025-12-10,20251210130500000,sz.000968,6.6400,6.6600,6.6400,6.6500,144800,962304.0000,3
2025-12-10,20251210131000000,sz.000968,6.6400,6.6500,6.6300,6.6300,64600,428840.0000,3
2025-12-10,20251210131500000,sz.000968,6.6300,6.6400,6.6300,6.6400,99500,660344.0000,3
2025-12-10,20251210132000000,sz.000968,6.6300,6.6500,6.6300,6.6400,75100,498676.0000,3
2025-12-10,20251210132500000,sz.000968,6.6400,6.6500,6.6400,6.6400,33000,219144.0000,3
2025-12-10,20251210133000000,sz.000968,6.6400,6.6700,6.6400,6.6600,160800,1069908.0000,3
2025-12-10,20251210133500000,sz.000968,6.6700,6.6700,6.6400,6.6500,112700,749616.0000,3
2025-12-10,20251210134000000,sz.000968,6.6600,6.6600,6.6500,6.6600,108200,720360.0000,3
2025-12-10,20251210134500000,sz.000968,6.6500,6.6600,6.6500,6.6500,59600,396456.0000,3
2025-12-10,20251210135000000,sz.000968,6.6500,6.6700,6.6500,6.6500,114700,763720.0000,3
2025-12-10,20251210135500000,sz.000968,6.6500,6.6600,6.6500,6.6500,53300,354680.0000,3
2025-12-10,20251210140000000,sz.000968,6.6500,6.6600,6.6500,6.6500,57300,381108.0000,3
2025-12-10,20251210140500000,sz.000968,6.6500,6.6600,6.6500,6.6600,123600,822072.0000,3
2025-12-10,20251210141000000,sz.000968,6.6600,6.6800,6.6500,6.6700,152900,1019412.0000,3
2025-12-10,20251210141500000,sz.000968,6.6700,6.6900,6.6700,6.6800,139500,931736.0000,3
2025-12-10,20251210142000000,sz.000968,6.6700,6.6800,6.6700,6.6700,96700,645704.0000,3
2025-12-10,20251210142500000,sz.000968,6.6800,6.6800,6.6700,6.6700,59500,397252.0000,3
2025-12-10,20251210143000000,sz.000968,6.6700,6.6800,6.6700,6.6700,117400,783784.0000,3
2025-12-10,20251210143500000,sz.000968,6.6700,6.6800,6.6700,6.6700,55300,368924.0000,3
2025-12-10,20251210144000000,sz.000968,6.6700,6.6800,6.6700,6.6800,80200,535048.0000,3
2025-12-10,20251210144500000,sz.000968,6.6700,6.6800,6.6700,6.6700,248500,1659360.0000,3
2025-12-10,20251210145000000,sz.000968,6.6800,6.6800,6.6700,6.6800,76200,508412.0000,3
2025-12-10,20251210145500000,sz.000968,6.6700,6.6800,6.6700,6.6700,295000,1968496.0000,3
2025-12-10,20251210150000000,sz.000968,6.6700,6.6800,6.6700,6.6700,146500,977344.0000,3
2025-12-11,20251211093500000,sz.000968,6.6900,6.6900,6.6400,6.6400,750700,5005069.0000,3
2025-12-11,20251211094000000,sz.000968,6.6500,6.6900,6.6500,6.6800,400900,2673698.0000,3
2025-12-11,20251211094500000,sz.000968,6.6700,6.6800,6.6600,6.6600,223500,1490379.0000,3
2025-12-11,20251211095000000,sz.000968,6.6600,6.6600,6.6200,6.6400,521700,3463445.0000,3
2025-12-11,20251211095500000,sz.000968,6.6400,6.6400,6.6300,6.6400,215900,1431791.0000,3
2025-12-11,20251211100000000,sz.000968,6.6300,6.6400,6.6200,6.6300,256500,1700666.0000,3
2025-12-11,20251211100500000,sz.000968,6.6200,6.6400,6.6200,6.6300,306700,2033512.0000,3
2025-12-11,20251211101000000,sz.000968,6.6400,6.6700,6.6300,6.6600,231000,1536464.0000,3
2025-12-11,20251211101500000,sz.000968,6.6700,6.6700,6.6500,6.6500,104800,697944.0000,3
2025-12-11,20251211102000000,sz.000968,6.6500,6.6600,6.6400,6.6500,81700,543384.0000,3
2025-12-11,20251211102500000,sz.000968,6.6500,6.6700,6.6500,6.6600,226400,1507454.0000,3
2025-12-11,20251211103000000,sz.000968,6.6600,6.6700,6.6500,6.6500,83500,556108.0000,3
2025-12-11,20251211103500000,sz.000968,6.6500,6.6600,6.6500,6.6500,103500,688530.0000,3
2025-12-11,20251211104000000,sz.000968,6.6500,6.6700,6.6500,6.6600,102500,682288.0000,3
2025-12-11,20251211104500000,sz.000968,6.6600,6.6600,6.6500,6.6600,41700,277480.0000,3
2025-12-11,20251211105000000,sz.000968,6.6500,6.6600,6.6500,6.6500,54100,359920.0000,3
2025-12-11,20251211105500000,sz.000968,6.6500,6.6600,6.6500,6.6500,58200,387280.0000,3
2025-12-11,20251211110000000,sz.000968,6.6500,6.6600,6.6500,6.6500,210900,1403628.0000,3
2025-12-11,20251211110500000,sz.000968,6.6500,6.6600,6.6400,6.6500,85500,568300.0000,3
2025-12-11,20251211111000000,sz.000968,6.6400,6.6400,6.6200,6.6400,409200,2713496.0000,3
2025-12-11,20251211111500000,sz.000968,6.6300,6.6500,6.6300,6.6400,46200,306726.0000,3
2025-12-11,20251211112000000,sz.000968,6.6300,6.6400,6.6300,6.6300,30400,201578.0000,3
2025-12-11,20251211112500000,sz.000968,6.6400,6.6400,6.6300,6.6300,50000,331538.0000,3
2025-12-11,20251211113000000,sz.000968,6.6300,6.6400,6.6200,6.6200,194300,1287832.0000,3
2025-12-11,20251211130500000,sz.000968,6.6200,6.6400,6.6200,6.6400,81200,538294.0000,3
2025-12-11,20251211131000000,sz.000968,6.6300,6.6400,6.6200,6.6300,279600,1854244.0000,3
2025-12-11,20251211131500000,sz.000968,6.6300,6.6300,6.6200,6.6300,54700,362336.0000,3
2025-12-11,20251211132000000,sz.000968,6.6200,6.6300,6.6100,6.6300,131800,872624.0000,3
2025-12-11,20251211132500000,sz.000968,6.6200,6.6300,6.6100,6.6200,190500,1260268.0000,3
2025-12-11,20251211133000000,sz.000968,6.6200,6.6200,6.6100,6.6100,137700,910520.0000,3
2025-12-11,20251211133500000,sz.000968,6.6200,6.6300,6.6100,6.6200,179100,1185108.0000,3
2025-12-11,20251211134000000,sz.000968,6.6100,6.6200,6.6100,6.6200,123400,816472.0000,3
2025-12-11,20251211134500000,sz.000968,6.6100,6.6300,6.6100,6.6200,164700,1090088.0000,3
2025-12-11,20251211135000000,sz.000968,6.6200,6.6300,6.6100,6.6300,115700,765956.0000,3
2025-12-11,20251211135500000,sz.000968,6.6200,6.6300,6.6200,6.6300,82100,543628.0000,3
2025-12-11,20251211140000000,sz.000968,6.6300,6.6400,6.6200,6.6300,147100,975196.0000,3
2025-12-11,20251211140500000,sz.000968,6.6200,6.6300,6.6200,6.6300,94700,627628.0000,3
2025-12-11,20251211141000000,sz.000968,6.6200,6.6300,6.6200,6.6300,105200,696616.0000,3
2025-12-11,20251211141500000,sz.000968,6.6200,6.6300,6.6100,6.6200,155000,1026128.0000,3
2025-12-11,20251211142000000,sz.000968,6.6300,6.6300,6.6100,6.6200,124000,819876.0000,3
2025-12-11,20251211142500000,sz.000968,6.6100,6.6200,6.6000,6.6000,293500,1939048.0000,3
2025-12-11,20251211143000000,sz.000968,6.6100,6.6200,6.6000,6.6200,153800,1016612.0000,3
2025-12-11,20251211143500000,sz.000968,6.6200,6.6300,6.6100,6.6300,165100,1092548.0000,3
2025-12-11,20251211144000000,sz.000968,6.6200,6.6300,6.6100,6.6200,155200,1028332.0000,3
2025-12-11,20251211144500000,sz.000968,6.6300,6.6300,6.6100,6.6200,222100,1469632.0000,3
2025-12-11,20251211145000000,sz.000968,6.6200,6.6200,6.6000,6.6200,281900,1864680.0000,3
2025-12-11,20251211145500000,sz.000968,6.6100,6.6300,6.6100,6.6200,293200,1939912.0000,3
2025-12-11,20251211150000000,sz.000968,6.6200,6.6200,6.6100,6.6200,241200,1596224.0000,3
2025-12-12,20251212093500000,sz.000968,6.6200,6.6400,6.6000,6.6200,566500,3751159.0000,3
2025-12-12,20251212094000000,sz.000968,6.6200,6.6400,6.6200,6.6200,204600,1356260.0000,3
2025-12-12,20251212094500000,sz.000968,6.6200,6.6500,6.6200,6.6300,382900,2540728.0000,3
2025-12-12,20251212095000000,sz.000968,6.6300,6.6500,6.6300,6.6300,296800,1969866.0000,3
2025-12-12,20251212095500000,sz.000968,6.6300,6.6300,6.6100,6.6300,270800,1791864.0000,3
2025-12-12,20251212100000000,sz.000968,6.6300,6.6300,6.6200,6.6200,149600,991013.0000,3
2025-12-12,20251212100500000,sz.000968,6.6300,6.6300,6.6200,6.6300,233900,1548800.0000,3
2025-12-12,20251212101000000,sz.000968,6.6300,6.6400,6.6200,6.6300,318500,2111340.0000,3
2025-12-12,20251212101500000,sz.000968,6.6200,6.6400,6.6200,6.6400,331800,2198414.0000,3
2025-12-12,20251212102000000,sz.000968,6.6200,6.6400,6.6200,6.6200,160600,1064424.0000,3
2025-12-12,20251212102500000,sz.000968,6.6200,6.6300,6.6200,6.6200,181700,1203060.0000,3
2025-12-12,20251212103000000,sz.000968,6.6200,6.6300,6.6100,6.6100,343600,2273904.0000,3
2025-12-12,20251212103500000,sz.000968,6.6100,6.6200,6.6000,6.6100,249400,1648552.0000,3
2025-12-12,20251212104000000,sz.000968,6.6100,6.6200,6.6000,6.6200,225700,1492250.0000,3
2025-12-12,20251212104500000,sz.000968,6.6100,6.6400,6.6100,6.6300,430300,2851864.0000,3
2025-12-12,20251212105000000,sz.000968,6.6300,6.6400,6.6200,6.6300,145500,964462.0000,3
2025-12-12,20251212105500000,sz.000968,6.6300,6.6400,6.6200,6.6200,174600,1157278.0000,3
2025-12-12,20251212110000000,sz.000968,6.6200,6.6300,6.6200,6.6300,143700,951518.0000,3
2025-12-12,20251212110500000,sz.000968,6.6200,6.6200,6.6100,6.6100,171000,1130584.0000,3
2025-12-12,20251212111000000,sz.000968,6.6100,6.6200,6.6000,6.6100,183600,1213092.0000,3
2025-12-12,20251212111500000,sz.000968,6.6000,6.6200,6.6000,6.6200,184200,1217124.0000,3
2025-12-12,20251212112000000,sz.000968,6.6100,6.6200,6.6000,6.6100,206900,1367412.0000,3
2025-12-12,20251212112500000,sz.000968,6.6000,6.6100,6.6000,6.6100,97000,640644.0000,3
2025-12-12,20251212113000000,sz.000968,6.6100,6.6100,6.5900,6.6100,213200,1406808.0000,3
2025-12-12,20251212130500000,sz.000968,6.6000,6.6100,6.5900,6.6000,329300,2173532.0000,3
2025-12-12,20251212131000000,sz.000968,6.6000,6.6200,6.6000,6.6200,255400,1688936.0000,3
2025-12-12,20251212131500000,sz.000968,6.6200,6.6200,6.6100,6.6200,158300,1046848.0000,3
2025-12-12,20251212132000000,sz.000968,6.6200,6.6200,6.6100,6.6200,209500,1386180.0000,3
2025-12-12,20251212132500000,sz.000968,6.6200,6.6200,6.6100,6.6100,133400,882252.0000,3
2025-12-12,20251212133000000,sz.000968,6.6200,6.6400,6.6100,6.6400,375000,2484568.0000,3
2025-12-12,20251212133500000,sz.000968,6.6400,6.6400,6.6300,6.6300,156300,1036936.0000,3
2025-12-12,20251212134000000,sz.000968,6.6300,6.6400,6.6300,6.6400,286000,1897792.0000,3
2025-12-12,20251212134500000,sz.000968,6.6400,6.6400,6.6200,6.6300,411800,2728912.0000,3
2025-12-12,20251212135000000,sz.000968,6.6300,6.6300,6.6200,6.6200,259900,1721088.0000,3
2025-12-12,20251212135500000,sz.000968,6.6300,6.6300,6.6100,6.6200,281800,1864424.0000,3
2025-12-12,20251212140000000,sz.000968,6.6100,6.6200,6.6100,6.6200,169700,1122624.0000,3
2025-12-12,20251212140500000,sz.000968,6.6200,6.6300,6.6100,6.6200,452500,2995056.0000,3
2025-12-12,20251212141000000,sz.000968,6.6200,6.6200,6.6100,6.6100,314300,2079780.0000,3
2025-12-12,20251212141500000,sz.000968,6.6100,6.6200,6.6000,6.6100,353400,2335136.0000,3
2025-12-12,20251212142000000,sz.000968,6.6000,6.6100,6.6000,6.6100,373500,2465788.0000,3
2025-12-12,20251212142500000,sz.000968,6.6100,6.6100,6.6000,6.6100,409700,2705752.0000,3
2025-12-12,20251212143000000,sz.000968,6.6000,6.6200,6.6000,6.6100,626700,4141424.0000,3
2025-12-12,20251212143500000,sz.000968,6.6100,6.6200,6.5900,6.5900,896300,5915368.0000,3
2025-12-12,20251212144000000,sz.000968,6.5900,6.6000,6.5700,6.5800,666100,4383648.0000,3
2025-12-12,20251212144500000,sz.000968,6.5700,6.5800,6.5700,6.5700,449700,2954432.0000,3
2025-12-12,20251212145000000,sz.000968,6.5700,6.5800,6.5600,6.5700,379500,2493704.0000,3
2025-12-12,20251212145500000,sz.000968,6.5700,6.5800,6.5700,6.5700,368000,2419544.0000,3
2025-12-12,20251212150000000,sz.000968,6.5700,6.5900,6.5600,6.5600,1735500,11388824.0000,3
2025-12-15,20251215093500000,sz.000968,6.5500,6.5600,6.5100,6.5300,1318400,8614058.0000,3
2025-12-15,20251215094000000,sz.000968,6.5200,6.5600,6.5200,6.5300,582000,3804413.0000,3
2025-12-15,20251215094500000,sz.000968,6.5300,6.5400,6.5200,6.5200,460000,3001934.0000,3
2025-12-15,20251215095000000,sz.000968,6.5200,6.5500,6.5100,6.5400,424600,2771443.0000,3
2025-12-15,20251215095500000,sz.000968,6.5500,6.5700,6.5500,6.5500,380500,2495526.0000,3
2025-12-15,20251215100000000,sz.000968,6.5500,6.5700,6.5500,6.5600,178400,1169786.0000,3
2025-12-15,20251215100500000,sz.000968,6.5600,6.5700,6.5500,6.5600,126200,827876.0000,3
2025-12-15,20251215101000000,sz.000968,6.5600,6.5700,6.5500,6.5600,106500,698680.0000,3
2025-12-15,20251215101500000,sz.000968,6.5600,6.5700,6.5500,6.5600,140000,918454.0000,3
2025-12-15,20251215102000000,sz.000968,6.5500,6.5700,6.5500,6.5600,137600,902966.0000,3
2025-12-15,20251215102500000,sz.000968,6.5600,6.5700,6.5600,6.5600,223100,1463676.0000,3
2025-12-15,20251215103000000,sz.000968,6.5600,6.5800,6.5600,6.5800,189600,1246128.0000,3
2025-12-15,20251215103500000,sz.000968,6.5700,6.5900,6.5700,6.5900,164200,1081020.0000,3
2025-12-15,20251215104000000,sz.000968,6.5800,6.6000,6.5800,6.6000,275300,1815694.0000,3
2025-12-15,20251215104500000,sz.000968,6.5900,6.6000,6.5800,6.5900,156400,1030586.0000,3
2025-12-15,20251215105000000,sz.000968,6.5900,6.6000,6.5800,6.5900,164600,1084770.0000,3
2025-12-15,20251215105500000,sz.000968,6.5900,6.6000,6.5800,6.5800,82900,546198.0000,3
2025-12-15,20251215110000000,sz.000968,6.5800,6.6000,6.5800,6.5900,132800,875152.0000,3
2025-12-15,20251215110500000,sz.000968,6.5900,6.6000,6.5800,6.5800,197600,1301540.0000,3
2025-12-15,20251215111000000,sz.000968,6.5900,6.5900,6.5800,6.5800,72600,477972.0000,3
2025-12-15,20251215111500000,sz.000968,6.5800,6.5900,6.5700,6.5800,62100,408656.0000,3
2025-12-15,20251215112000000,sz.000968,6.5800,6.5900,6.5700,6.5800,46800,307944.0000,3
2025-12-15,20251215112500000,sz.000968,6.5900,6.6000,6.5800,6.5900,238500,1571840.0000,3
2025-12-15,20251215113000000,sz.000968,6.5900,6.6000,6.5900,6.5900,56500,372336.0000,3
2025-12-15,20251215130500000,sz.000968,6.6000,6.6000,6.5900,6.6000,57500,379056.0000,3
2025-12-15,20251215131000000,sz.000968,6.5900,6.6000,6.5900,6.6000,79600,524836.0000,3
2025-12-15,20251215131500000,sz.000968,6.5900,6.6000,6.5900,6.5900,47300,312024.0000,3
2025-12-15,20251215132000000,sz.000968,6.5900,6.6000,6.5800,6.5800,198900,1310596.0000,3
2025-12-15,20251215132500000,sz.000968,6.5900,6.6000,6.5800,6.6000,192600,1269128.0000,3
2025-12-15,20251215133000000,sz.000968,6.6000,6.6000,6.5900,6.6000,100800,665128.0000,3
2025-12-15,20251215133500000,sz.000968,6.5900,6.6000,6.5800,6.5800,132000,869864.0000,3
2025-12-15,20251215134000000,sz.000968,6.5800,6.5900,6.5800,6.5900,69600,458576.0000,3
2025-12-15,20251215134500000,sz.000968,6.5900,6.6000,6.5900,6.5900,65100,429072.0000,3
2025-12-15,20251215135000000,sz.000968,6.6000,6.6100,6.5900,6.6000,133800,883052.0000,3
2025-12-15,20251215135500000,sz.000968,6.6000,6.6100,6.6000,6.6100,102600,677228.0000,3
2025-12-15,20251215140000000,sz.000968,6.6000,6.6100,6.6000,6.6000,49200,324820.0000,3
2025-12-15,20251215140500000,sz.000968,6.6100,6.6100,6.6000,6.6100,25100,165764.0000,3
2025-12-15,20251215141000000,sz.000968,6.6000,6.6100,6.5900,6.6100,226100,1492432.0000,3
2025-12-15,20251215141500000,sz.000968,6.6000,6.6000,6.5900,6.5900,20500,135232.0000,3
2025-12-15,20251215142000000,sz.000968,6.5900,6.6000,6.5800,6.5900,223300,1471632.0000,3
2025-12-15,20251215142500000,sz.000968,6.5900,6.6000,6.5800,6.5800,102800,677328.0000,3
2025-12-15,20251215143000000,sz.000968,6.5800,6.5900,6.5800,6.5800,63100,415440.0000,3
2025-12-15,20251215143500000,sz.000968,6.5900,6.5900,6.5800,6.5800,68600,451912.0000,3
2025-12-15,20251215144000000,sz.000968,6.5800,6.5900,6.5800,6.5900,148000,974900.0000,3
2025-12-15,20251215144500000,sz.000968,6.5900,6.6000,6.5800,6.5900,127300,839068.0000,3
2025-12-15,20251215145000000,sz.000968,6.6000,6.6000,6.5900,6.5900,191300,1260768.0000,3
2025-12-15,20251215145500000,sz.000968,6.5900,6.6000,6.5900,6.5900,207400,1367680.0000,3
2025-12-15,20251215150000000,sz.000968,6.5900,6.6000,6.5900,6.6000,281000,1853568.0000,3
2025-12-16,20251216093500000,sz.000968,6.5900,6.5900,6.5300,6.5300,433000,2839458.0000,3
2025-12-16,20251216094000000,sz.000968,6.5400,6.5400,6.5100,6.5200,536300,3496911.0000,3
2025-12-16,20251216094500000,sz.000968,6.5200,6.5500,6.5100,6.5100,565800,3690654.0000,3
2025-12-16,20251216095000000,sz.000968,6.5200,6.5200,6.5100,6.5100,308500,2010064.0000,3
2025-12-16,20251216095500000,sz.000968,6.5100,6.5100,6.4900,6.4900,682300,4435550.0000,3
2025-12-16,20251216100000000,sz.000968,6.5000,6.5100,6.4800,6.5000,437200,2838845.0000,3
2025-12-16,20251216100500000,sz.000968,6.5000,6.5000,6.4700,6.4700,240500,1559186.0000,3
2025-12-16,20251216101000000,sz.000968,6.4700,6.4900,6.4700,6.4900,237800,1541676.0000,3
2025-12-16,20251216101500000,sz.000968,6.4900,6.4900,6.4700,6.4700,454900,2947268.0000,3
2025-12-16,20251216102000000,sz.000968,6.4700,6.4800,6.4600,6.4700,284500,1840664.0000,3
2025-12-16,20251216102500000,sz.000968,6.4700,6.4900,6.4600,6.4900,284700,1844748.0000,3
2025-12-16,20251216103000000,sz.000968,6.4800,6.5000,6.4800,6.4900,146500,949960.0000,3
2025-12-16,20251216103500000,sz.000968,6.4900,6.4900,6.4700,6.4700,189400,1227612.0000,3
2025-12-16,20251216104000000,sz.000968,6.4700,6.4800,6.4600,6.4600,192300,1243596.0000,3
2025-12-16,20251216104500000,sz.000968,6.4600,6.4800,6.4600,6.4700,80300,519824.0000,3
2025-12-16,20251216105000000,sz.000968,6.4700,6.4800,6.4700,6.4700,47500,307584.0000,3
2025-12-16,20251216105500000,sz.000968,6.4700,6.4700,6.4600,6.4700,144300,933392.0000,3
2025-12-16,20251216110000000,sz.000968,6.4600,6.4700,6.4400,6.4500,550400,3551248.0000,3
2025-12-16,20251216110500000,sz.000968,6.4600,6.4700,6.4500,6.4600,72600,469044.0000,3
2025-12-16,20251216111000000,sz.000968,6.4500,6.4700,6.4500,6.4700,145600,940548.0000,3
2025-12-16,20251216111500000,sz.000968,6.4500,6.4700,6.4500,6.4600,92700,598600.0000,3
2025-12-16,20251216112000000,sz.000968,6.4600,6.4900,6.4500,6.4700,139300,901488.0000,3
2025-12-16,20251216112500000,sz.000968,6.4800,6.4900,6.4700,6.4800,105200,681936.0000,3
2025-12-16,20251216113000000,sz.000968,6.4800,6.4800,6.4700,6.4700,49500,320652.0000,3
2025-12-16,20251216130500000,sz.000968,6.4700,6.4900,6.4700,6.4800,141100,914172.0000,3
2025-12-16,20251216131000000,sz.000968,6.4800,6.4900,6.4700,6.4700,49000,317512.0000,3
2025-12-16,20251216131500000,sz.000968,6.4700,6.4900,6.4700,6.4800,65500,424532.0000,3
2025-12-16,20251216132000000,sz.000968,6.4900,6.4900,6.4700,6.4700,183400,1187820.0000,3
2025-12-16,20251216132500000,sz.000968,6.4700,6.4700,6.4600,6.4700,59300,383692.0000,3
2025-12-16,20251216133000000,sz.000968,6.4700,6.4700,6.4600,6.4700,40000,258532.0000,3
2025-12-16,20251216133500000,sz.000968,6.4600,6.4800,6.4500,6.4800,303300,1959580.0000,3
2025-12-16,20251216134000000,sz.000968,6.4700,6.4900,6.4700,6.4900,176900,1146164.0000,3
2025-12-16,20251216134500000,sz.000968,6.4900,6.5200,6.4900,6.5100,283800,1846368.0000,3
2025-12-16,20251216135000000,sz.000968,6.5100,6.5100,6.4900,6.4900,101600,660768.0000,3
2025-12-16,20251216135500000,sz.000968,6.5000,6.5000,6.4900,6.5000,52500,340756.0000,3
2025-12-16,20251216140000000,sz.000968,6.5000,6.5000,6.4800,6.4800,58500,379660.0000,3
2025-12-16,20251216140500000,sz.000968,6.4900,6.4900,6.4700,6.4800,41700,270228.0000,3
2025-12-16,20251216141000000,sz.000968,6.4800,6.4800,6.4700,6.4800,50700,328508.0000,3
2025-12-16,20251216141500000,sz.000968,6.4800,6.4800,6.4700,6.4700,152800,989808.0000,3
2025-12-16,20251216142000000,sz.000968,6.4800,6.4800,6.4600,6.4600,69900,452368.0000,3
2025-12-16,20251216142500000,sz.000968,6.4700,6.4700,6.4600,6.4600,96500,623440.0000,3
2025-12-16,20251216143000000,sz.000968,6.4600,6.4700,6.4600,6.4600,68500,442648.0000,3
2025-12-16,20251216143500000,sz.000968,6.4600,6.4700,6.4500,6.4600,173800,1122776.0000,3
2025-12-16,20251216144000000,sz.000968,6.4600,6.4700,6.4600,6.4600,153700,993768.0000,3
2025-12-16,20251216144500000,sz.000968,6.4700,6.4700,6.4600,6.4600,40700,263040.0000,3
2025-12-16,20251216145000000,sz.000968,6.4700,6.4700,6.4600,6.4600,77200,499176.0000,3
2025-12-16,20251216145500000,sz.000968,6.4600,6.4700,6.4600,6.4600,198300,1281444.0000,3
2025-12-16,20251216150000000,sz.000968,6.4600,6.4700,6.4600,6.4600,175100,1131492.0000,3
2025-12-17,20251217093500000,sz.000968,6.4600,6.4800,6.4400,6.4500,681400,4399882.0000,3
2025-12-17,20251217094000000,sz.000968,6.4500,6.4700,6.4400,6.4600,239200,1544052.0000,3
2025-12-17,20251217094500000,sz.000968,6.4500,6.4900,6.4500,6.4900,348300,2256533.0000,3
2025-12-17,20251217095000000,sz.000968,6.4900,6.4900,6.4700,6.4700,63000,407941.0000,3
2025-12-17,20251217095500000,sz.000968,6.4700,6.4800,6.4400,6.4400,380200,2452434.0000,3
2025-12-17,20251217100000000,sz.000968,6.4400,6.4500,6.4300,6.4300,115000,740126.0000,3
2025-12-17,20251217100500000,sz.000968,6.4500,6.4600,6.4400,6.4500,136800,882132.0000,3
2025-12-17,20251217101000000,sz.000968,6.4500,6.4600,6.4400,6.4500,156500,1010465.0000,3
2025-12-17,20251217101500000,sz.000968,6.4500,6.4600,6.4500,6.4500,42100,271562.0000,3
2025-12-17,20251217102000000,sz.000968,6.4500,6.4700,6.4500,6.4700,91000,588121.0000,3
2025-12-17,20251217102500000,sz.000968,6.4800,6.4800,6.4600,6.4600,135300,876141.0000,3
2025-12-17,20251217103000000,sz.000968,6.4600,6.4700,6.4500,6.4600,67600,436726.0000,3
2025-12-17,20251217103500000,sz.000968,6.4600,6.4600,6.4500,6.4600,34200,220807.0000,3
2025-12-17,20251217104000000,sz.000968,6.4600,6.4600,6.4500,6.4500,41800,269967.0000,3
2025-12-17,20251217104500000,sz.000968,6.4600,6.4600,6.4500,6.4600,30600,197794.0000,3
2025-12-17,20251217105000000,sz.000968,6.4600,6.4600,6.4500,6.4600,56300,363517.0000,3
2025-12-17,20251217105500000,sz.000968,6.4500,6.4600,6.4500,6.4600,67200,433976.0000,3
2025-12-17,20251217110000000,sz.000968,6.4500,6.4700,6.4500,6.4600,56800,366898.0000,3
2025-12-17,20251217110500000,sz.000968,6.4600,6.4700,6.4600,6.4600,15500,100282.0000,3
2025-12-17,20251217111000000,sz.000968,6.4600,6.4900,6.4600,6.4700,320200,2074982.0000,3
2025-12-17,20251217111500000,sz.000968,6.4800,6.4800,6.4700,6.4800,70500,456828.0000,3
2025-12-17,20251217112000000,sz.000968,6.4800,6.4800,6.4700,6.4800,36300,235106.0000,3
2025-12-17,20251217112500000,sz.000968,6.4700,6.4800,6.4700,6.4800,37200,240728.0000,3
2025-12-17,20251217113000000,sz.000968,6.4700,6.4800,6.4700,6.4700,21900,141842.0000,3
2025-12-17,20251217130500000,sz.000968,6.4800,6.4800,6.4600,6.4700,66700,431642.0000,3
2025-12-17,20251217131000000,sz.000968,6.4600,6.4700,6.4500,6.4600,76600,495078.0000,3
2025-12-17,20251217131500000,sz.000968,6.4600,6.4600,6.4500,6.4500,24200,156274.0000,3
2025-12-17,20251217132000000,sz.000968,6.4500,6.4600,6.4400,6.4500,198300,1279032.0000,3
2025-12-17,20251217132500000,sz.000968,6.4500,6.4500,6.4400,6.4400,80100,516296.0000,3
2025-12-17,20251217133000000,sz.000968,6.4500,6.4600,6.4400,6.4400,43000,277152.0000,3
2025-12-17,20251217133500000,sz.000968,6.4400,6.4600,6.4400,6.4400,39400,254164.0000,3
2025-12-17,20251217134000000,sz.000968,6.4500,6.4500,6.4400,6.4500,27100,174640.0000,3
2025-12-17,20251217134500000,sz.000968,6.4400,6.4600,6.4400,6.4500,150200,968864.0000,3
2025-12-17,20251217135000000,sz.000968,6.4600,6.4700,6.4500,6.4600,93700,605312.0000,3
2025-12-17,20251217135500000,sz.000968,6.4700,6.5000,6.4600,6.4900,343400,2226036.0000,3
2025-12-17,20251217140000000,sz.000968,6.4900,6.4900,6.4800,6.4900,116000,752744.0000,3
2025-12-17,20251217140500000,sz.000968,6.4900,6.5000,6.4900,6.4900,124000,805036.0000,3
2025-12-17,20251217141000000,sz.000968,6.5000,6.5100,6.4900,6.5100,167900,1091474.0000,3
2025-12-17,20251217141500000,sz.000968,6.5100,6.5200,6.5000,6.5200,207000,1347694.0000,3
2025-12-17,20251217142000000,sz.000968,6.5200,6.5200,6.5000,6.5100,247800,1613848.0000,3
2025-12-17,20251217142500000,sz.000968,6.5100,6.5100,6.5000,6.5100,159300,1036880.0000,3
2025-12-17,20251217143000000,sz.000968,6.5200,6.5200,6.5000,6.5100,456000,2968856.0000,3
2025-12-17,20251217143500000,sz.000968,6.5200,6.5200,6.5100,6.5100,42000,273584.0000,3
2025-12-17,20251217144000000,sz.000968,6.5100,6.5300,6.5100,6.5100,281500,1835188.0000,3
2025-12-17,20251217144500000,sz.000968,6.5100,6.5200,6.5000,6.5100,112900,735084.0000,3
2025-12-17,20251217145000000,sz.000968,6.5200,6.5200,6.5100,6.5100,63300,412228.0000,3
2025-12-17,20251217145500000,sz.000968,6.5100,6.5200,6.5000,6.5100,389200,2534108.0000,3
2025-12-17,20251217150000000,sz.000968,6.5100,6.5100,6.5000,6.5100,127500,829728.0000,3
2025-12-18,20251218093500000,sz.000968,6.5200,6.5600,6.5200,6.5500,990000,6472824.0000,3
2025-12-18,20251218094000000,sz.000968,6.5500,6.5700,6.5400,6.5600,324400,2125563.0000,3
2025-12-18,20251218094500000,sz.000968,6.5500,6.5600,6.5400,6.5600,133900,877195.0000,3
2025-12-18,20251218095000000,sz.000968,6.5500,6.5600,6.5400,6.5400,67200,440084.0000,3
2025-12-18,20251218095500000,sz.000968,6.5400,6.5600,6.5400,6.5500,101000,661809.0000,3
2025-12-18,20251218100000000,sz.000968,6.5600,6.5700,6.5500,6.5700,142100,932271.0000,3
2025-12-18,20251218100500000,sz.000968,6.5600,6.5700,6.5600,6.5700,158300,1039753.0000,3
2025-12-18,20251218101000000,sz.000968,6.5700,6.5700,6.5500,6.5500,192800,1264752.0000,3
2025-12-18,20251218101500000,sz.000968,6.5500,6.5600,6.5400,6.5400,133300,873049.0000,3
2025-12-18,20251218102000000,sz.000968,6.5500,6.5600,6.5400,6.5500,99800,653534.0000,3
2025-12-18,20251218102500000,sz.000968,6.5500,6.5600,6.5400,6.5600,74400,487490.0000,3
2025-12-18,20251218103000000,sz.000968,6.5600,6.5600,6.5500,6.5600,82500,540996.0000,3
2025-12-18,20251218103500000,sz.000968,6.5600,6.5700,6.5500,6.5600,132800,870764.0000,3
2025-12-18,20251218104000000,sz.000968,6.5600,6.5700,6.5500,6.5500,125400,822666.0000,3
2025-12-18,20251218104500000,sz.000968,6.5600,6.5800,6.5600,6.5800,250500,1645924.0000,3
2025-12-18,20251218105000000,sz.000968,6.5800,6.5900,6.5600,6.5700,227100,1493990.0000,3
2025-12-18,20251218105500000,sz.000968,6.5700,6.5800,6.5600,6.5600,65000,427116.0000,3
2025-12-18,20251218110000000,sz.000968,6.5700,6.5700,6.5600,6.5700,83700,549452.0000,3
2025-12-18,20251218110500000,sz.000968,6.5600,6.5700,6.5600,6.5700,46500,305136.0000,3
2025-12-18,20251218111000000,sz.000968,6.5600,6.5700,6.5600,6.5700,29700,194976.0000,3
2025-12-18,20251218111500000,sz.000968,6.5700,6.5700,6.5600,6.5700,63700,418356.0000,3
2025-12-18,20251218112000000,sz.000968,6.5700,6.5700,6.5500,6.5700,195400,1281972.0000,3
2025-12-18,20251218112500000,sz.000968,6.5600,6.5700,6.5600,6.5700,101600,666724.0000,3
2025-12-18,20251218113000000,sz.000968,6.5700,6.5700,6.5600,6.5700,46900,307964.0000,3
2025-12-18,20251218130500000,sz.000968,6.5700,6.5700,6.5500,6.5500,112300,736692.0000,3
2025-12-18,20251218131000000,sz.000968,6.5500,6.5700,6.5500,6.5700,46600,305714.0000,3
2025-12-18,20251218131500000,sz.000968,6.5700,6.5800,6.5700,6.5800,56400,370618.0000,3
2025-12-18,20251218132000000,sz.000968,6.5700,6.5800,6.5600,6.5700,57800,379776.0000,3
2025-12-18,20251218132500000,sz.000968,6.5700,6.5800,6.5700,6.5700,32800,215668.0000,3
2025-12-18,20251218133000000,sz.000968,6.5600,6.5700,6.5600,6.5600,243800,1599678.0000,3
2025-12-18,20251218133500000,sz.000968,6.5600,6.5700,6.5500,6.5600,111900,734098.0000,3
2025-12-18,20251218134000000,sz.000968,6.5700,6.5700,6.5500,6.5500,38700,253824.0000,3
2025-12-18,20251218134500000,sz.000968,6.5500,6.5600,6.5500,6.5600,6200,40644.0000,3
2025-12-18,20251218135000000,sz.000968,6.5600,6.5600,6.5500,6.5600,26000,170528.0000,3
2025-12-18,20251218135500000,sz.000968,6.5600,6.5600,6.5400,6.5600,319600,2093632.0000,3
2025-12-18,20251218140000000,sz.000968,6.5500,6.5600,6.5400,6.5500,160100,1049324.0000,3
2025-12-18,20251218140500000,sz.000968,6.5500,6.5600,6.5400,6.5500,120200,787180.0000,3
2025-12-18,20251218141000000,sz.000968,6.5600,6.5600,6.5500,6.5500,24900,163144.0000,3
2025-12-18,20251218141500000,sz.000968,6.5600,6.5600,6.5500,6.5600,30800,201904.0000,3
2025-12-18,20251218142000000,sz.000968,6.5600,6.5600,6.5500,6.5500,11700,76724.0000,3
2025-12-18,20251218142500000,sz.000968,6.5600,6.5600,6.5500,6.5600,34800,228216.0000,3
2025-12-18,20251218143000000,sz.000968,6.5500,6.5600,6.5500,6.5600,112800,739036.0000,3
2025-12-18,20251218143500000,sz.000968,6.5500,6.5600,6.5500,6.5500,49700,325740.0000,3
2025-12-18,20251218144000000,sz.000968,6.5500,6.5600,6.5500,6.5600,141100,925012.0000,3
2025-12-18,20251218144500000,sz.000968,6.5600,6.5600,6.5500,6.5600,79400,520604.0000,3
2025-12-18,20251218145000000,sz.000968,6.5600,6.5600,6.5500,6.5600,256100,1679728.0000,3
2025-12-18,20251218145500000,sz.000968,6.5600,6.5600,6.5500,6.5500,135500,888480.0000,3
2025-12-18,20251218150000000,sz.000968,6.5500,6.5600,6.5500,6.5500,150000,982924.0000,3
2025-12-19,20251219093500000,sz.000968,6.5300,6.5600,6.5300,6.5400,442300,2890184.0000,3
2025-12-19,20251219094000000,sz.000968,6.5500,6.5500,6.5300,6.5500,181600,1187674.0000,3
2025-12-19,20251219094500000,sz.000968,6.5400,6.5600,6.5400,6.5600,154700,1013962.0000,3
2025-12-19,20251219095000000,sz.000968,6.5600,6.5600,6.5400,6.5500,198400,1300081.0000,3
2025-12-19,20251219095500000,sz.000968,6.5600,6.5700,6.5500,6.5700,76700,503299.0000,3
2025-12-19,20251219100000000,sz.000968,6.5700,6.5800,6.5600,6.5800,143000,940282.0000,3
2025-12-19,20251219100500000,sz.000968,6.5700,6.5800,6.5700,6.5700,107700,708341.0000,3
2025-12-19,20251219101000000,sz.000968,6.5700,6.5900,6.5700,6.5800,85600,563133.0000,3
2025-12-19,20251219101500000,sz.000968,6.5800,6.5900,6.5800,6.5800,91000,599405.0000,3
2025-12-19,20251219102000000,sz.000968,6.5900,6.5900,6.5700,6.5900,269700,1774667.0000,3
2025-12-19,20251219102500000,sz.000968,6.5900,6.5900,6.5800,6.5800,145600,958877.0000,3
2025-12-19,20251219103000000,sz.000968,6.5800,6.5900,6.5700,6.5800,567300,3732567.0000,3
2025-12-19,20251219103500000,sz.000968,6.5800,6.5900,6.5800,6.5800,115500,760556.0000,3
2025-12-19,20251219104000000,sz.000968,6.5800,6.5900,6.5800,6.5800,45400,298828.0000,3
2025-12-19,20251219104500000,sz.000968,6.5900,6.5900,6.5800,6.5800,29600,195006.0000,3
2025-12-19,20251219105000000,sz.000968,6.5900,6.5900,6.5800,6.5900,50900,335162.0000,3
2025-12-19,20251219105500000,sz.000968,6.5800,6.5900,6.5800,6.5800,35500,233816.0000,3
2025-12-19,20251219110000000,sz.000968,6.5900,6.5900,6.5800,6.5800,47200,310784.0000,3
2025-12-19,20251219110500000,sz.000968,6.5800,6.5900,6.5800,6.5900,84200,554776.0000,3
2025-12-19,20251219111000000,sz.000968,6.5800,6.5900,6.5800,6.5900,18700,123172.0000,3
2025-12-19,20251219111500000,sz.000968,6.5800,6.5900,6.5800,6.5800,28900,190352.0000,3
2025-12-19,20251219112000000,sz.000968,6.5800,6.5900,6.5800,6.5900,98100,645726.0000,3
2025-12-19,20251219112500000,sz.000968,6.5900,6.6000,6.5800,6.5900,221100,1457498.0000,3
2025-12-19,20251219113000000,sz.000968,6.5900,6.6100,6.5900,6.6000,172200,1136778.0000,3
2025-12-19,20251219130500000,sz.000968,6.6000,6.6100,6.6000,6.6100,178100,1176996.0000,3
2025-12-19,20251219131000000,sz.000968,6.6100,6.6200,6.6000,6.6100,136600,902880.0000,3
2025-12-19,20251219131500000,sz.000968,6.6000,6.6100,6.5800,6.5800,300800,1984072.0000,3
2025-12-19,20251219132000000,sz.000968,6.5800,6.5900,6.5800,6.5800,95100,626474.0000,3
2025-12-19,20251219132500000,sz.000968,6.5900,6.6000,6.5900,6.6000,58600,386408.0000,3
2025-12-19,20251219133000000,sz.000968,6.5900,6.6000,6.5900,6.6000,49800,328478.0000,3
2025-12-19,20251219133500000,sz.000968,6.5900,6.6100,6.5900,6.6000,128200,846570.0000,3
2025-12-19,20251219134000000,sz.000968,6.6000,6.6100,6.6000,6.6000,51200,337976.0000,3
2025-12-19,20251219134500000,sz.000968,6.6000,6.6100,6.5900,6.6000,194100,1280588.0000,3
2025-12-19,20251219135000000,sz.000968,6.6000,6.6000,6.5900,6.5900,65900,434936.0000,3
2025-12-19,20251219135500000,sz.000968,6.6000,6.6000,6.5900,6.6000,59300,391376.0000,3
2025-12-19,20251219140000000,sz.000968,6.6000,6.6100,6.6000,6.6000,21700,143248.0000,3
2025-12-19,20251219140500000,sz.000968,6.6000,6.6000,6.5900,6.5900,915800,6042412.0000,3
2025-12-19,20251219141000000,sz.000968,6.5900,6.6000,6.5900,6.5900,84400,556380.0000,3
2025-12-19,20251219141500000,sz.000968,6.5900,6.6000,6.5900,6.6000,22900,150928.0000,3
2025-12-19,20251219142000000,sz.000968,6.5900,6.6000,6.5900,6.5900,54800,361192.0000,3
2025-12-19,20251219142500000,sz.000968,6.5900,6.6000,6.5900,6.5900,62500,412192.0000,3
2025-12-19,20251219143000000,sz.000968,6.5900,6.6000,6.5900,6.6000,76300,503420.0000,3
2025-12-19,20251219143500000,sz.000968,6.6000,6.6000,6.5900,6.5900,71300,470212.0000,3
2025-12-19,20251219144000000,sz.000968,6.5900,6.6000,6.5800,6.5900,686300,4522036.0000,3
2025-12-19,20251219144500000,sz.000968,6.5900,6.6000,6.5900,6.5900,36000,237420.0000,3
2025-12-19,20251219145000000,sz.000968,6.6000,6.6000,6.5900,6.6000,132600,874104.0000,3
2025-12-19,20251219145500000,sz.000968,6.5900,6.6100,6.5900,6.6000,342600,2260736.0000,3
2025-12-19,20251219150000000,sz.000968,6.6000,6.6100,6.5900,6.6000,182400,1203952.0000,3
2025-12-22,20251222093500000,sz.000968,6.6200,6.6300,6.6100,6.6200,531200,3516194.0000,3
2025-12-22,20251222094000000,sz.000968,6.6400,6.6500,6.6300,6.6400,303900,2016329.0000,3
2025-12-22,20251222094500000,sz.000968,6.6500,6.6600,6.6400,6.6400,407500,2709398.0000,3
2025-12-22,20251222095000000,sz.000968,6.6400,6.6500,6.6200,6.6200,201900,1339633.0000,3
2025-12-22,20251222095500000,sz.000968,6.6200,6.6300,6.6100,6.6100,180100,1192058.0000,3
2025-12-22,20251222100000000,sz.000968,6.6200,6.6400,6.6200,6.6300,113500,751968.0000,3
2025-12-22,20251222100500000,sz.000968,6.6300,6.6400,6.6200,6.6300,149900,994114.0000,3
2025-12-22,20251222101000000,sz.000968,6.6300,6.6300,6.6200,6.6300,60600,401577.0000,3
2025-12-22,20251222101500000,sz.000968,6.6200,6.6400,6.6200,6.6300,159500,1058222.0000,3
2025-12-22,20251222102000000,sz.000968,6.6400,6.6600,6.6400,6.6500,288100,1916535.0000,3
2025-12-22,20251222102500000,sz.000968,6.6600,6.6600,6.6500,6.6600,195700,1302438.0000,3
2025-12-22,20251222103000000,sz.000968,6.6600,6.6600,6.6500,6.6600,93000,619254.0000,3
2025-12-22,20251222103500000,sz.000968,6.6600,6.6700,6.6500,6.6500,275600,1835608.0000,3
2025-12-22,20251222104000000,sz.000968,6.6600,6.6600,6.6500,6.6500,89800,597638.0000,3
2025-12-22,20251222104500000,sz.000968,6.6600,6.6600,6.6500,6.6600,64300,428034.0000,3
2025-12-22,20251222105000000,sz.000968,6.6600,6.6600,6.6500,6.6600,83500,555720.0000,3
2025-12-22,20251222105500000,sz.000968,6.6600,6.6600,6.6500,6.6600,46800,311524.0000,3
2025-12-22,20251222110000000,sz.000968,6.6500,6.6600,6.6500,6.6600,29000,193040.0000,3
2025-12-22,20251222110500000,sz.000968,6.6600,6.6600,6.6400,6.6500,134300,892988.0000,3
2025-12-22,20251222111000000,sz.000968,6.6500,6.6600,6.6400,6.6600,58300,387698.0000,3
2025-12-22,20251222111500000,sz.000968,6.6500,6.6600,6.6400,6.6500,166700,1109114.0000,3
2025-12-22,20251222112000000,sz.000968,6.6600,6.6600,6.6500,6.6600,98800,657984.0000,3
2025-12-22,20251222112500000,sz.000968,6.6500,6.6600,6.6500,6.6600,47600,316576.0000,3
2025-12-22,20251222113000000,sz.000968,6.6500,6.6600,6.6500,6.6500,100700,669940.0000,3
2025-12-22,20251222130500000,sz.000968,6.6600,6.6600,6.6400,6.6500,158200,1052084.0000,3
2025-12-22,20251222131000000,sz.000968,6.6600,6.6600,6.6500,6.6600,35300,235044.0000,3
2025-12-22,20251222131500000,sz.000968,6.6500,6.6600,6.6500,6.6600,57000,379086.0000,3
2025-12-22,20251222132000000,sz.000968,6.6600,6.6600,6.6500,6.6600,50500,336316.0000,3
2025-12-22,20251222132500000,sz.000968,6.6600,6.6600,6.6500,6.6500,22500,149788.0000,3
2025-12-22,20251222133000000,sz.000968,6.6600,6.6600,6.6500,6.6500,30500,203062.0000,3
2025-12-22,20251222133500000,sz.000968,6.6500,6.6600,6.6500,6.6500,6300,41900.0000,3
2025-12-22,20251222134000000,sz.000968,6.6600,6.6600,6.6500,6.6500,60200,400436.0000,3
2025-12-22,20251222134500000,sz.000968,6.6500,6.6600,6.6400,6.6500,78900,524660.0000,3
2025-12-22,20251222135000000,sz.000968,6.6500,6.6600,6.6400,6.6500,63200,420280.0000,3
2025-12-22,20251222135500000,sz.000968,6.6500,6.6600,6.6500,6.6600,48200,320632.0000,3
2025-12-22,20251222140000000,sz.000968,6.6600,6.6600,6.6500,6.6500,24000,159800.0000,3
2025-12-22,20251222140500000,sz.000968,6.6500,6.6600,6.6500,6.6600,31400,208818.0000,3
2025-12-22,20251222141000000,sz.000968,6.6600,6.6600,6.6500,6.6600,25300,168386.0000,3
2025-12-22,20251222141500000,sz.000968,6.6600,6.6600,6.6500,6.6600,45800,304864.0000,3
2025-12-22,20251222142000000,sz.000968,6.6600,6.6600,6.6500,6.6500,27200,181096.0000,3
2025-12-22,20251222142500000,sz.000968,6.6500,6.6600,6.6500,6.6500,14100,93818.0000,3
2025-12-22,20251222143000000,sz.000968,6.6500,6.6600,6.6500,6.6500,52500,349278.0000,3
2025-12-22,20251222143500000,sz.000968,6.6500,6.6600,6.6500,6.6500,98700,657016.0000,3
2025-12-22,20251222144000000,sz.000968,6.6500,6.6600,6.6400,6.6500,293800,1953712.0000,3
2025-12-22,20251222144500000,sz.000968,6.6400,6.6600,6.6400,6.6500,346400,2303272.0000,3
2025-12-22,20251222145000000,sz.000968,6.6400,6.6600,6.6400,6.6600,322400,2145344.0000,3
2025-12-22,20251222145500000,sz.000968,6.6500,6.6600,6.6500,6.6600,213800,1422728.0000,3
2025-12-22,20251222150000000,sz.000968,6.6500,6.6600,6.6500,6.6500,140200,932576.0000,3
2025-12-23,20251223093500000,sz.000968,6.6400,6.6700,6.6400,6.6700,228000,1517948.0000,3
2025-12-23,20251223094000000,sz.000968,6.6600,6.6700,6.6600,6.6600,195900,1304802.0000,3
2025-12-23,20251223094500000,sz.000968,6.6700,6.6700,6.6200,6.6200,489200,3251674.0000,3
2025-12-23,20251223095000000,sz.000968,6.6200,6.6300,6.6200,6.6200,142400,943244.0000,3
2025-12-23,20251223095500000,sz.000968,6.6200,6.6400,6.6100,6.6400,331200,2192788.0000,3
2025-12-23,20251223100000000,sz.000968,6.6300,6.6400,6.6200,6.6400,240300,1593092.0000,3
2025-12-23,20251223100500000,sz.000968,6.6300,6.6500,6.6200,6.6500,128000,849926.0000,3
2025-12-23,20251223101000000,sz.000968,6.6500,6.6500,6.6300,6.6300,57300,380395.0000,3
2025-12-23,20251223101500000,sz.000968,6.6300,6.6500,6.6300,6.6500,71400,473945.0000,3
2025-12-23,20251223102000000,sz.000968,6.6500,6.6500,6.6300,6.6400,37800,250855.0000,3
2025-12-23,20251223102500000,sz.000968,6.6400,6.6400,6.6300,6.6300,159300,1056295.0000,3
2025-12-23,20251223103000000,sz.000968,6.6300,6.6400,6.6300,6.6300,86300,572256.0000,3
2025-12-23,20251223103500000,sz.000968,6.6300,6.6400,6.6300,6.6400,25600,169835.0000,3
2025-12-23,20251223104000000,sz.000968,6.6400,6.6400,6.6300,6.6400,21100,140012.0000,3
2025-12-23,20251223104500000,sz.000968,6.6300,6.6400,6.6300,6.6400,28200,187029.0000,3
2025-12-23,20251223105000000,sz.000968,6.6300,6.6400,6.6300,6.6300,132400,877884.0000,3
2025-12-23,20251223105500000,sz.000968,6.6400,6.6400,6.6300,6.6300,18900,125368.0000,3
2025-12-23,20251223110000000,sz.000968,6.6400,6.6400,6.6300,6.6300,16300,108192.0000,3
2025-12-23,20251223110500000,sz.000968,6.6300,6.6300,6.6200,6.6200,57200,379142.0000,3
2025-12-23,20251223111000000,sz.000968,6.6200,6.6300,6.6200,6.6300,28100,186079.0000,3
2025-12-23,20251223111500000,sz.000968,6.6300,6.6400,6.6200,6.6400,120000,795383.0000,3
2025-12-23,20251223112000000,sz.000968,6.6300,6.6400,6.6300,6.6400,32600,216216.0000,3
2025-12-23,20251223112500000,sz.000968,6.6400,6.6400,6.6300,6.6400,28900,191672.0000,3
2025-12-23,20251223113000000,sz.000968,6.6400,6.6400,6.6300,6.6300,16600,110152.0000,3
2025-12-23,20251223130500000,sz.000968,6.6300,6.6400,6.6300,6.6300,136000,902144.0000,3
2025-12-23,20251223131000000,sz.000968,6.6300,6.6300,6.6200,6.6200,60000,397568.0000,3
2025-12-23,20251223131500000,sz.000968,6.6300,6.6300,6.6200,6.6200,130900,866658.0000,3
2025-12-23,20251223132000000,sz.000968,6.6200,6.6300,6.6100,6.6200,51100,338266.0000,3
2025-12-23,20251223132500000,sz.000968,6.6200,6.6300,6.6100,6.6200,114700,759316.0000,3
2025-12-23,20251223133000000,sz.000968,6.6300,6.6300,6.6200,6.6200,161500,1069492.0000,3
2025-12-23,20251223133500000,sz.000968,6.6100,6.6300,6.6100,6.6200,110400,730604.0000,3
2025-12-23,20251223134000000,sz.000968,6.6100,6.6200,6.6100,6.6200,25500,168804.0000,3
2025-12-23,20251223134500000,sz.000968,6.6200,6.6300,6.6100,6.6200,62800,415748.0000,3
2025-12-23,20251223135000000,sz.000968,6.6100,6.6200,6.6100,6.6200,29400,194612.0000,3
2025-12-23,20251223135500000,sz.000968,6.6200,6.6300,6.6200,6.6200,126600,838116.0000,3
2025-12-23,20251223140000000,sz.000968,6.6200,6.6200,6.6100,6.6200,20700,136966.0000,3
2025-12-23,20251223140500000,sz.000968,6.6200,6.6300,6.6100,6.6200,65100,431070.0000,3
2025-12-23,20251223141000000,sz.000968,6.6100,6.6200,6.6100,6.6200,54700,361608.0000,3
2025-12-23,20251223141500000,sz.000968,6.6200,6.6300,6.6100,6.6200,171100,1132676.0000,3
2025-12-23,20251223142000000,sz.000968,6.6200,6.6300,6.6200,6.6200,41700,276324.0000,3
2025-12-23,20251223142500000,sz.000968,6.6300,6.6300,6.6200,6.6200,28800,190684.0000,3
2025-12-23,20251223143000000,sz.000968,6.6300,6.6300,6.6200,6.6200,52000,344596.0000,3
2025-12-23,20251223143500000,sz.000968,6.6200,6.6300,6.6100,6.6100,202800,1342300.0000,3
2025-12-23,20251223144000000,sz.000968,6.6200,6.6200,6.6100,6.6100,140100,926364.0000,3
2025-12-23,20251223144500000,sz.000968,6.6100,6.6200,6.6100,6.6100,101900,673590.0000,3
2025-12-23,20251223145000000,sz.000968,6.6200,6.6300,6.6100,6.6200,151700,1004124.0000,3
2025-12-23,20251223145500000,sz.000968,6.6100,6.6200,6.6000,6.6200,399300,2639322.0000,3
2025-12-23,20251223150000000,sz.000968,6.6200,6.6200,6.6100,6.6200,111000,734480.0000,3
2025-12-24,20251224093500000,sz.000968,6.6300,6.6300,6.5800,6.5900,439000,2896064.0000,3
2025-12-24,20251224094000000,sz.000968,6.6000,6.6300,6.6000,6.6300,247500,1635493.0000,3
2025-12-24,20251224094500000,sz.000968,6.6200,6.6200,6.6100,6.6200,52500,347443.0000,3
2025-12-24,20251224095000000,sz.000968,6.6100,6.6300,6.6100,6.6100,84500,559256.0000,3
2025-12-24,20251224095500000,sz.000968,6.6100,6.6100,6.6000,6.6000,190900,1260731.0000,3
2025-12-24,20251224100000000,sz.000968,6.6100,6.6200,6.6000,6.6100,137200,907419.0000,3
2025-12-24,20251224100500000,sz.000968,6.6100,6.6300,6.6100,6.6200,86900,575272.0000,3
2025-12-24,20251224101000000,sz.000968,6.6200,6.6300,6.6000,6.6100,179300,1185990.0000,3
2025-12-24,20251224101500000,sz.000968,6.6000,6.6100,6.6000,6.6000,84800,559685.0000,3
2025-12-24,20251224102000000,sz.000968,6.6000,6.6100,6.6000,6.6000,89600,591603.0000,3
2025-12-24,20251224102500000,sz.000968,6.6100,6.6200,6.6000,6.6000,139600,922438.0000,3
2025-12-24,20251224103000000,sz.000968,6.6100,6.6100,6.6000,6.6000,22600,149218.0000,3
2025-12-24,20251224103500000,sz.000968,6.6100,6.6200,6.6000,6.6100,55100,364151.0000,3
2025-12-24,20251224104000000,sz.000968,6.6200,6.6200,6.6100,6.6200,46900,310113.0000,3
2025-12-24,20251224104500000,sz.000968,6.6200,6.6300,6.6100,6.6200,131300,869092.0000,3
2025-12-24,20251224105000000,sz.000968,6.6200,6.6300,6.6200,6.6200,65200,431703.0000,3
2025-12-24,20251224105500000,sz.000968,6.6300,6.6300,6.6200,6.6300,148600,984338.0000,3
2025-12-24,20251224110000000,sz.000968,6.6300,6.6300,6.6200,6.6200,37800,250453.0000,3
2025-12-24,20251224110500000,sz.000968,6.6200,6.6300,6.6200,6.6300,35000,231806.0000,3
2025-12-24,20251224111000000,sz.000968,6.6200,6.6300,6.6200,6.6200,115200,762429.0000,3
2025-12-24,20251224111500000,sz.000968,6.6200,6.6300,6.6200,6.6300,39500,261569.0000,3
2025-12-24,20251224112000000,sz.000968,6.6300,6.6300,6.6200,6.6200,9400,62295.0000,3
2025-12-24,20251224112500000,sz.000968,6.6200,6.6400,6.6200,6.6300,457600,3034255.0000,3
2025-12-24,20251224113000000,sz.000968,6.6400,6.6400,6.6200,6.6300,121100,803184.0000,3
2025-12-24,20251224130500000,sz.000968,6.6300,6.6400,6.6200,6.6200,124500,825280.0000,3
2025-12-24,20251224131000000,sz.000968,6.6300,6.6300,6.6200,6.6200,60600,401326.0000,3
2025-12-24,20251224131500000,sz.000968,6.6200,6.6300,6.6200,6.6200,78300,518818.0000,3
2025-12-24,20251224132000000,sz.000968,6.6200,6.6300,6.6200,6.6200,45200,299392.0000,3
2025-12-24,20251224132500000,sz.000968,6.6200,6.6300,6.6200,6.6300,7300,48356.0000,3
2025-12-24,20251224133000000,sz.000968,6.6300,6.6400,6.6200,6.6400,117500,778684.0000,3
2025-12-24,20251224133500000,sz.000968,6.6400,6.6400,6.6300,6.6300,47700,316460.0000,3
2025-12-24,20251224134000000,sz.000968,6.6300,6.6400,6.6200,6.6400,243400,1613592.0000,3
2025-12-24,20251224134500000,sz.000968,6.6400,6.6400,6.6300,6.6400,55500,368312.0000,3
2025-12-24,20251224135000000,sz.000968,6.6300,6.6400,6.6300,6.6400,96500,640744.0000,3
2025-12-24,20251224135500000,sz.000968,6.6400,6.6400,6.6300,6.6300,194400,1290472.0000,3
2025-12-24,20251224140000000,sz.000968,6.6300,6.6400,6.6200,6.6300,117600,779716.0000,3
2025-12-24,20251224140500000,sz.000968,6.6400,6.6400,6.6300,6.6400,33900,225076.0000,3
2025-12-24,20251224141000000,sz.000968,6.6400,6.6400,6.6300,6.6300,368900,2445896.0000,3
2025-12-24,20251224141500000,sz.000968,6.6400,6.6400,6.6300,6.6400,152100,1009556.0000,3
2025-12-24,20251224142000000,sz.000968,6.6400,6.6400,6.6300,6.6400,31000,205700.0000,3
2025-12-24,20251224142500000,sz.000968,6.6300,6.6500,6.6300,6.6500,380300,2527040.0000,3
2025-12-24,20251224143000000,sz.000968,6.6500,6.6500,6.6400,6.6400,15400,102280.0000,3
2025-12-24,20251224143500000,sz.000968,6.6500,6.6500,6.6400,6.6500,104600,695532.0000,3
2025-12-24,20251224144000000,sz.000968,6.6400,6.6500,6.6400,6.6500,32000,212784.0000,3
2025-12-24,20251224144500000,sz.000968,6.6500,6.6600,6.6400,6.6500,193600,1287688.0000,3
2025-12-24,20251224145000000,sz.000968,6.6400,6.6600,6.6400,6.6500,84200,559784.0000,3
2025-12-24,20251224145500000,sz.000968,6.6500,6.6600,6.6400,6.6500,407200,2706236.0000,3
2025-12-24,20251224150000000,sz.000968,6.6600,6.6600,6.6500,6.6500,86800,577356.0000,3
2025-12-25,20251225093500000,sz.000968,6.6500,6.6500,6.6300,6.6400,249800,1659979.0000,3
2025-12-25,20251225094000000,sz.000968,6.6500,6.6500,6.6300,6.6400,134400,892522.0000,3
2025-12-25,20251225094500000,sz.000968,6.6300,6.6500,6.6300,6.6400,96900,643742.0000,3
2025-12-25,20251225095000000,sz.000968,6.6400,6.6600,6.6400,6.6500,180100,1197422.0000,3
2025-12-25,20251225095500000,sz.000968,6.6600,6.6600,6.6500,6.6600,375900,2503415.0000,3
2025-12-25,20251225100000000,sz.000968,6.6600,6.6600,6.6500,6.6600,80700,537351.0000,3
2025-12-25,20251225100500000,sz.000968,6.6500,6.6700,6.6500,6.6700,128800,858138.0000,3
2025-12-25,20251225101000000,sz.000968,6.6600,6.6700,6.6500,6.6500,205700,1369648.0000,3
2025-12-25,20251225101500000,sz.000968,6.6500,6.6600,6.6500,6.6600,13900,92475.0000,3
2025-12-25,20251225102000000,sz.000968,6.6600,6.6600,6.6500,6.6500,51400,341910.0000,3
2025-12-25,20251225102500000,sz.000968,6.6500,6.6600,6.6500,6.6500,67600,449864.0000,3
2025-12-25,20251225103000000,sz.000968,6.6500,6.6600,6.6500,6.6600,26800,178242.0000,3
2025-12-25,20251225103500000,sz.000968,6.6500,6.6600,6.6500,6.6600,88500,589225.0000,3
2025-12-25,20251225104000000,sz.000968,6.6600,6.6600,6.6500,6.6600,41900,278798.0000,3
2025-12-25,20251225104500000,sz.000968,6.6600,6.6700,6.6600,6.6600,268600,1788880.0000,3
2025-12-25,20251225105000000,sz.000968,6.6600,6.6700,6.6600,6.6700,22700,151212.0000,3
2025-12-25,20251225105500000,sz.000968,6.6600,6.6700,6.6500,6.6600,208500,1388443.0000,3
2025-12-25,20251225110000000,sz.000968,6.6600,6.6600,6.6500,6.6600,92300,614001.0000,3
2025-12-25,20251225110500000,sz.000968,6.6600,6.6600,6.6500,6.6600,98000,652024.0000,3
2025-12-25,20251225111000000,sz.000968,6.6500,6.6600,6.6500,6.6600,24700,164301.0000,3
2025-12-25,20251225111500000,sz.000968,6.6600,6.6600,6.6500,6.6600,85500,569420.0000,3
2025-12-25,20251225112000000,sz.000968,6.6600,6.6600,6.6500,6.6600,22500,149792.0000,3
2025-12-25,20251225112500000,sz.000968,6.6600,6.6600,6.6600,6.6600,85000,566100.0000,3
2025-12-25,20251225113000000,sz.000968,6.6500,6.6600,6.6500,6.6500,148100,986198.0000,3
2025-12-25,20251225130500000,sz.000968,6.6600,6.6600,6.6500,6.6600,17400,115774.0000,3
2025-12-25,20251225131000000,sz.000968,6.6500,6.6600,6.6500,6.6500,38700,257460.0000,3
2025-12-25,20251225131500000,sz.000968,6.6600,6.6600,6.6500,6.6600,59300,394596.0000,3
2025-12-25,20251225132000000,sz.000968,6.6600,6.6600,6.6500,6.6600,27800,184904.0000,3
2025-12-25,20251225132500000,sz.000968,6.6500,6.6600,6.6500,6.6600,161500,1075530.0000,3
2025-12-25,20251225133000000,sz.000968,6.6600,6.6700,6.6600,6.6700,19500,129902.0000,3
2025-12-25,20251225133500000,sz.000968,6.6700,6.6700,6.6600,6.6600,10900,72640.0000,3
2025-12-25,20251225134000000,sz.000968,6.6700,6.6700,6.6600,6.6700,30400,202656.0000,3
2025-12-25,20251225134500000,sz.000968,6.6600,6.6700,6.6600,6.6600,95400,635952.0000,3
2025-12-25,20251225135000000,sz.000968,6.6600,6.6700,6.6600,6.6700,37200,247768.0000,3
2025-12-25,20251225135500000,sz.000968,6.6600,6.6700,6.6600,6.6600,59000,393044.0000,3
2025-12-25,20251225140000000,sz.000968,6.6600,6.6700,6.6600,6.6700,42000,279864.0000,3
2025-12-25,20251225140500000,sz.000968,6.6600,6.6700,6.6600,6.6600,11900,79298.0000,3
2025-12-25,20251225141000000,sz.000968,6.6600,6.6700,6.6600,6.6700,45200,301248.0000,3
2025-12-25,20251225141500000,sz.000968,6.6600,6.6700,6.6600,6.6700,38900,259290.0000,3
2025-12-25,20251225142000000,sz.000968,6.6700,6.6700,6.6600,6.6700,89600,597122.0000,3
2025-12-25,20251225142500000,sz.000968,6.6700,6.6700,6.6600,6.6700,21200,141354.0000,3
2025-12-25,20251225143000000,sz.000968,6.6700,6.6700,6.6600,6.6600,96800,644760.0000,3
2025-12-25,20251225143500000,sz.000968,6.6600,6.6700,6.6600,6.6700,101100,674320.0000,3
2025-12-25,20251225144000000,sz.000968,6.6600,6.6700,6.6600,6.6600,52600,350556.0000,3
2025-12-25,20251225144500000,sz.000968,6.6600,6.6700,6.6600,6.6600,146000,972452.0000,3
2025-12-25,20251225145000000,sz.000968,6.6700,6.6700,6.6500,6.6600,320100,2131350.0000,3
2025-12-25,20251225145500000,sz.000968,6.6500,6.6600,6.6500,6.6600,263800,1754628.0000,3
2025-12-25,20251225150000000,sz.000968,6.6500,6.6600,6.6500,6.6500,104200,693052.0000,3
2025-12-26,20251226093500000,sz.000968,6.6600,6.6700,6.6400,6.6500,183000,1218048.0000,3
2025-12-26,20251226094000000,sz.000968,6.6500,6.6600,6.6500,6.6500,191800,1276012.0000,3
2025-12-26,20251226094500000,sz.000968,6.6500,6.6600,6.6500,6.6600,135400,901396.0000,3
2025-12-26,20251226095000000,sz.000968,6.6500,6.6600,6.6500,6.6500,134700,895836.0000,3
2025-12-26,20251226095500000,sz.000968,6.6500,6.6600,6.6500,6.6500,72100,479808.0000,3
2025-12-26,20251226100000000,sz.000968,6.6600,6.6600,6.6500,6.6500,239200,1590897.0000,3
2025-12-26,20251226100500000,sz.000968,6.6600,6.6600,6.6400,6.6400,70700,470290.0000,3
2025-12-26,20251226101000000,sz.000968,6.6400,6.6600,6.6400,6.6500,118800,790013.0000,3
2025-12-26,20251226101500000,sz.000968,6.6400,6.6600,6.6400,6.6600,332100,2207527.0000,3
2025-12-26,20251226102000000,sz.000968,6.6500,6.6700,6.6500,6.6600,572300,3813039.0000,3
2025-12-26,20251226102500000,sz.000968,6.6600,6.6700,6.6600,6.6700,6300,41985.0000,3
2025-12-26,20251226103000000,sz.000968,6.6700,6.6700,6.6600,6.6600,113600,757069.0000,3
2025-12-26,20251226103500000,sz.000968,6.6700,6.6800,6.6700,6.6700,262200,1749955.0000,3
2025-12-26,20251226104000000,sz.000968,6.6700,6.6800,6.6600,6.6700,64300,428881.0000,3
2025-12-26,20251226104500000,sz.000968,6.6700,6.6800,6.6600,6.6700,46200,308132.0000,3
2025-12-26,20251226105000000,sz.000968,6.6700,6.6800,6.6700,6.6800,88400,589688.0000,3
2025-12-26,20251226105500000,sz.000968,6.6700,6.6800,6.6700,6.6700,128100,854810.0000,3
2025-12-26,20251226110000000,sz.000968,6.6700,6.6800,6.6700,6.6800,17100,114086.0000,3
2025-12-26,20251226110500000,sz.000968,6.6800,6.6800,6.6700,6.6800,75200,502144.0000,3
2025-12-26,20251226111000000,sz.000968,6.6800,6.6900,6.6800,6.6800,198700,1327436.0000,3
2025-12-26,20251226111500000,sz.000968,6.6800,6.6900,6.6800,6.6800,65700,439444.0000,3
2025-12-26,20251226112000000,sz.000968,6.6800,6.6900,6.6600,6.6700,495600,3309096.0000,3
2025-12-26,20251226112500000,sz.000968,6.6700,6.6800,6.6300,6.6300,541700,3603400.0000,3
2025-12-26,20251226113000000,sz.000968,6.6300,6.6500,6.6300,6.6400,176100,1168140.0000,3
2025-12-26,20251226130500000,sz.000968,6.6400,6.6500,6.6400,6.6400,158800,1055586.0000,3
2025-12-26,20251226131000000,sz.000968,6.6500,6.6500,6.6400,6.6500,62600,416270.0000,3
2025-12-26,20251226131500000,sz.000968,6.6500,6.6500,6.6400,6.6500,13800,91732.0000,3
2025-12-26,20251226132000000,sz.000968,6.6500,6.6600,6.6500,6.6600,41400,275392.0000,3
2025-12-26,20251226132500000,sz.000968,6.6600,6.6600,6.6500,6.6600,27600,183796.0000,3
2025-12-26,20251226133000000,sz.000968,6.6600,6.6600,6.6500,6.6600,17300,115150.0000,3
2025-12-26,20251226133500000,sz.000968,6.6500,6.6600,6.6500,6.6500,36600,243490.0000,3
2025-12-26,20251226134000000,sz.000968,6.6600,6.6700,6.6500,6.6700,122300,814500.0000,3
2025-12-26,20251226134500000,sz.000968,6.6600,6.6700,6.6600,6.6600,47600,317078.0000,3
2025-12-26,20251226135000000,sz.000968,6.6600,6.6700,6.6600,6.6700,31200,207930.0000,3
2025-12-26,20251226135500000,sz.000968,6.6700,6.6700,6.6600,6.6700,18700,124646.0000,3
2025-12-26,20251226140000000,sz.000968,6.6600,6.6900,6.6600,6.6900,288700,1927706.0000,3
2025-12-26,20251226140500000,sz.000968,6.6800,6.6900,6.6800,6.6900,38400,256792.0000,3
2025-12-26,20251226141000000,sz.000968,6.6900,6.6900,6.6700,6.6700,166400,1111168.0000,3
2025-12-26,20251226141500000,sz.000968,6.6800,6.6800,6.6700,6.6700,56500,377016.0000,3
2025-12-26,20251226142000000,sz.000968,6.6700,6.6800,6.6700,6.6700,56800,378856.0000,3
2025-12-26,20251226142500000,sz.000968,6.6700,6.6700,6.6500,6.6500,162100,1079768.0000,3
2025-12-26,20251226143000000,sz.000968,6.6500,6.6600,6.6500,6.6500,29800,198204.0000,3
2025-12-26,20251226143500000,sz.000968,6.6500,6.6700,6.6500,6.6600,156600,1042920.0000,3
2025-12-26,20251226144000000,sz.000968,6.6600,6.6600,6.6500,6.6600,51600,343468.0000,3
2025-12-26,20251226144500000,sz.000968,6.6600,6.6700,6.6500,6.6700,127100,845808.0000,3
2025-12-26,20251226145000000,sz.000968,6.6700,6.6700,6.6600,6.6700,87100,580652.0000,3
2025-12-26,20251226145500000,sz.000968,6.6700,6.6700,6.6500,6.6600,596100,3969004.0000,3
2025-12-26,20251226150000000,sz.000968,6.6600,6.6700,6.6500,6.6500,111000,738460.0000,3
2025-12-29,20251229093500000,sz.000968,6.6400,6.6600,6.6100,6.6600,322900,2141455.0000,3
2025-12-29,20251229094000000,sz.000968,6.6500,6.6600,6.6300,6.6500,487500,3239334.0000,3
2025-12-29,20251229094500000,sz.000968,6.6500,6.6500,6.6400,6.6400,98000,651095.0000,3
2025-12-29,20251229095000000,sz.000968,6.6400,6.7000,6.6400,6.7000,667600,4454813.0000,3
2025-12-29,20251229095500000,sz.000968,6.7000,6.7000,6.6800,6.6900,469800,3144221.0000,3
2025-12-29,20251229100000000,sz.000968,6.6900,6.6900,6.6800,6.6800,142300,951504.0000,3
2025-12-29,20251229100500000,sz.000968,6.6800,6.7200,6.6800,6.7100,519300,3479436.0000,3
2025-12-29,20251229101000000,sz.000968,6.7100,6.7200,6.7000,6.7100,277900,1863478.0000,3
2025-12-29,20251229101500000,sz.000968,6.7100,6.7100,6.7000,6.7100,95200,638460.0000,3
2025-12-29,20251229102000000,sz.000968,6.7000,6.7300,6.7000,6.7300,344400,2313236.0000,3
2025-12-29,20251229102500000,sz.000968,6.7200,6.7300,6.7200,6.7200,151700,1020460.0000,3
2025-12-29,20251229103000000,sz.000968,6.7300,6.7300,6.7200,6.7200,111300,748208.0000,3
2025-12-29,20251229103500000,sz.000968,6.7300,6.7400,6.7200,6.7200,457100,3075788.0000,3
2025-12-29,20251229104000000,sz.000968,6.7200,6.7200,6.7100,6.7100,100600,675624.0000,3
2025-12-29,20251229104500000,sz.000968,6.7100,6.7200,6.7100,6.7100,142100,953902.0000,3
2025-12-29,20251229105000000,sz.000968,6.7100,6.7200,6.7100,6.7100,42300,283906.0000,3
2025-12-29,20251229105500000,sz.000968,6.7100,6.7200,6.7100,6.7200,79000,530168.0000,3
2025-12-29,20251229110000000,sz.000968,6.7200,6.7200,6.7100,6.7100,61100,410456.0000,3
2025-12-29,20251229110500000,sz.000968,6.7100,6.7200,6.7000,6.7000,169700,1138468.0000,3
2025-12-29,20251229111000000,sz.000968,6.7000,6.7100,6.7000,6.7000,30400,203736.0000,3
2025-12-29,20251229111500000,sz.000968,6.7000,6.7100,6.7000,6.7100,30100,201900.0000,3
2025-12-29,20251229112000000,sz.000968,6.7000,6.7100,6.7000,6.7100,24700,165524.0000,3
2025-12-29,20251229112500000,sz.000968,6.7000,6.7100,6.6900,6.6900,237000,1587436.0000,3
2025-12-29,20251229113000000,sz.000968,6.7000,6.7000,6.6900,6.6900,64900,434404.0000,3
2025-12-29,20251229130500000,sz.000968,6.6900,6.7000,6.6900,6.6900,49100,328612.0000,3
2025-12-29,20251229131000000,sz.000968,6.6900,6.7000,6.6700,6.6700,165200,1104348.0000,3
2025-12-29,20251229131500000,sz.000968,6.6700,6.6800,6.6700,6.6800,29800,198888.0000,3
2025-12-29,20251229132000000,sz.000968,6.6700,6.6900,6.6700,6.6900,69300,463088.0000,3
2025-12-29,20251229132500000,sz.000968,6.6800,6.6900,6.6800,6.6900,35600,237916.0000,3
2025-12-29,20251229133000000,sz.000968,6.6900,6.6900,6.6800,6.6800,84200,562908.0000,3
2025-12-29,20251229133500000,sz.000968,6.6900,6.6900,6.6800,6.6900,30400,203088.0000,3
2025-12-29,20251229134000000,sz.000968,6.6900,6.6900,6.6800,6.6800,87200,582844.0000,3
2025-12-29,20251229134500000,sz.000968,6.6800,6.6800,6.6700,6.6800,60400,403460.0000,3
2025-12-29,20251229135000000,sz.000968,6.6700,6.6900,6.6700,6.6900,28900,192976.0000,3
2025-12-29,20251229135500000,sz.000968,6.6800,6.6900,6.6800,6.6900,30100,201212.0000,3
2025-12-29,20251229140000000,sz.000968,6.6800,6.6900,6.6800,6.6800,55100,368164.0000,3
2025-12-29,20251229140500000,sz.000968,6.6800,6.6800,6.6700,6.6800,120300,802844.0000,3
2025-12-29,20251229141000000,sz.000968,6.6800,6.6800,6.6700,6.6800,59300,396068.0000,3
2025-12-29,20251229141500000,sz.000968,6.6700,6.6800,6.6700,6.6700,14300,95492.0000,3
2025-12-29,20251229142000000,sz.000968,6.6800,6.6800,6.6700,6.6700,61300,409140.0000,3
2025-12-29,20251229142500000,sz.000968,6.6700,6.6800,6.6700,6.6700,52100,347528.0000,3
2025-12-29,20251229143000000,sz.000968,6.6700,6.6800,6.6700,6.6700,48800,325676.0000,3
2025-12-29,20251229143500000,sz.000968,6.6800,6.6800,6.6600,6.6600,312300,2081668.0000,3
2025-12-29,20251229144000000,sz.000968,6.6500,6.6600,6.6400,6.6500,232200,1544020.0000,3
2025-12-29,20251229144500000,sz.000968,6.6600,6.6700,6.6500,6.6600,101800,677992.0000,3
2025-12-29,20251229145000000,sz.000968,6.6600,6.6600,6.6500,6.6600,86600,576604.0000,3
2025-12-29,20251229145500000,sz.000968,6.6500,6.6600,6.6400,6.6500,218200,1450960.0000,3
2025-12-29,20251229150000000,sz.000968,6.6500,6.6600,6.6500,6.6500,268800,1787856.0000,3
2025-12-30,20251230093500000,sz.000968,6.6500,6.6500,6.6100,6.6200,553600,3670138.0000,3
2025-12-30,20251230094000000,sz.000968,6.6200,6.6300,6.6100,6.6200,236600,1566009.0000,3
2025-12-30,20251230094500000,sz.000968,6.6100,6.6100,6.5700,6.5700,755700,4973481.0000,3
2025-12-30,20251230095000000,sz.000968,6.5700,6.5800,6.5600,6.5700,319400,2098348.0000,3
2025-12-30,20251230095500000,sz.000968,6.5600,6.5800,6.5600,6.5800,178200,1170948.0000,3
2025-12-30,20251230100000000,sz.000968,6.5800,6.5900,6.5700,6.5800,139000,914406.0000,3
2025-12-30,20251230100500000,sz.000968,6.5800,6.5900,6.5700,6.5700,189600,1247483.0000,3
2025-12-30,20251230101000000,sz.000968,6.5800,6.5900,6.5700,6.5900,155300,1021931.0000,3
2025-12-30,20251230101500000,sz.000968,6.5800,6.5900,6.5800,6.5900,122800,808468.0000,3
2025-12-30,20251230102000000,sz.000968,6.6000,6.6200,6.5900,6.6200,244700,1617076.0000,3
2025-12-30,20251230102500000,sz.000968,6.6200,6.6200,6.6100,6.6200,61900,409416.0000,3
2025-12-30,20251230103000000,sz.000968,6.6200,6.6300,6.6100,6.6200,217500,1439554.0000,3
2025-12-30,20251230103500000,sz.000968,6.6200,6.6300,6.6200,6.6300,42800,283694.0000,3
2025-12-30,20251230104000000,sz.000968,6.6300,6.6400,6.6200,6.6400,187800,1245992.0000,3
2025-12-30,20251230104500000,sz.000968,6.6400,6.6600,6.6300,6.6500,395500,2629396.0000,3
2025-12-30,20251230105000000,sz.000968,6.6600,6.6700,6.6500,6.6600,328600,2187824.0000,3
2025-12-30,20251230105500000,sz.000968,6.6600,6.6700,6.6600,6.6700,138800,924688.0000,3
2025-12-30,20251230110000000,sz.000968,6.6700,6.6800,6.6700,6.6800,275500,1838626.0000,3
2025-12-30,20251230110500000,sz.000968,6.6800,6.6800,6.6600,6.6700,104900,699186.0000,3
2025-12-30,20251230111000000,sz.000968,6.6700,6.6700,6.6500,6.6600,53500,356368.0000,3
2025-12-30,20251230111500000,sz.000968,6.6600,6.6600,6.6500,6.6500,62200,413758.0000,3
2025-12-30,20251230112000000,sz.000968,6.6600,6.6600,6.6500,6.6500,33200,220810.0000,3
2025-12-30,20251230112500000,sz.000968,6.6500,6.6500,6.6400,6.6400,60700,403062.0000,3
2025-12-30,20251230113000000,sz.000968,6.6500,6.6600,6.6500,6.6600,71600,476212.0000,3
2025-12-30,20251230130500000,sz.000968,6.6600,6.6700,6.6500,6.6700,131500,875982.0000,3
2025-12-30,20251230131000000,sz.000968,6.6600,6.6700,6.6600,6.6600,141100,940320.0000,3
2025-12-30,20251230131500000,sz.000968,6.6600,6.6800,6.6600,6.6700,101400,676280.0000,3
2025-12-30,20251230132000000,sz.000968,6.6700,6.6800,6.6500,6.6600,70300,468188.0000,3
2025-12-30,20251230132500000,sz.000968,6.6500,6.6800,6.6500,6.6800,91800,611372.0000,3
2025-12-30,20251230133000000,sz.000968,6.6800,6.6800,6.6500,6.6500,101500,676292.0000,3
2025-12-30,20251230133500000,sz.000968,6.6600,6.6600,6.6500,6.6500,25000,166276.0000,3
2025-12-30,20251230134000000,sz.000968,6.6500,6.6500,6.6300,6.6300,46400,307968.0000,3
2025-12-30,20251230134500000,sz.000968,6.6300,6.6400,6.6300,6.6400,25900,171760.0000,3
2025-12-30,20251230135000000,sz.000968,6.6300,6.6400,6.6300,6.6300,61100,405680.0000,3
2025-12-30,20251230135500000,sz.000968,6.6300,6.6500,6.6300,6.6300,44600,296100.0000,3
2025-12-30,20251230140000000,sz.000968,6.6300,6.6400,6.6200,6.6200,155900,1033508.0000,3
2025-12-30,20251230140500000,sz.000968,6.6200,6.6200,6.6000,6.6100,314600,2081236.0000,3
2025-12-30,20251230141000000,sz.000968,6.6100,6.6200,6.6100,6.6200,28000,185212.0000,3
2025-12-30,20251230141500000,sz.000968,6.6200,6.6200,6.6100,6.6100,99900,660512.0000,3
2025-12-30,20251230142000000,sz.000968,6.6100,6.6200,6.6000,6.6000,85600,565800.0000,3
2025-12-30,20251230142500000,sz.000968,6.6100,6.6100,6.6000,6.6100,38500,254180.0000,3
2025-12-30,20251230143000000,sz.000968,6.6100,6.6100,6.5900,6.5900,105900,698744.0000,3
2025-12-30,20251230143500000,sz.000968,6.5900,6.6000,6.5800,6.5900,74800,492960.0000,3
2025-12-30,20251230144000000,sz.000968,6.5900,6.5900,6.5800,6.5900,189200,1246100.0000,3
2025-12-30,20251230144500000,sz.000968,6.5900,6.6000,6.5900,6.5900,75200,495656.0000,3
2025-12-30,20251230145000000,sz.000968,6.6000,6.6100,6.5900,6.6000,132000,871088.0000,3
2025-12-30,20251230145500000,sz.000968,6.6000,6.6100,6.5900,6.6000,115300,761388.0000,3
2025-12-30,20251230150000000,sz.000968,6.6100,6.6100,6.6000,6.6100,128800,851396.0000,3
2025-12-31,20251231093500000,sz.000968,6.6300,6.6600,6.6300,6.6400,543200,3606202.0000,3
2025-12-31,20251231094000000,sz.000968,6.6400,6.6600,6.6300,6.6500,538400,3577224.0000,3
2025-12-31,20251231094500000,sz.000968,6.6600,6.6600,6.6200,6.6300,328700,2180341.0000,3
2025-12-31,20251231095000000,sz.000968,6.6200,6.6300,6.6000,6.6300,381100,2524306.0000,3
2025-12-31,20251231095500000,sz.000968,6.6400,6.6500,6.6100,6.6100,271900,1803147.0000,3
2025-12-31,20251231100000000,sz.000968,6.6100,6.6300,6.5900,6.5900,357000,2356582.0000,3
2025-12-31,20251231100500000,sz.000968,6.6000,6.6100,6.5900,6.5900,159700,1053378.0000,3
2025-12-31,20251231101000000,sz.000968,6.6000,6.6000,6.5900,6.5900,163600,1078956.0000,3
2025-12-31,20251231101500000,sz.000968,6.5900,6.6000,6.5800,6.5900,189700,1250132.0000,3
2025-12-31,20251231102000000,sz.000968,6.5900,6.6000,6.5800,6.5800,424500,2795400.0000,3
2025-12-31,20251231102500000,sz.000968,6.5800,6.6000,6.5700,6.5900,167100,1099960.0000,3
2025-12-31,20251231103000000,sz.000968,6.5900,6.5900,6.5700,6.5800,300900,1978952.0000,3
2025-12-31,20251231103500000,sz.000968,6.5800,6.5900,6.5700,6.5900,217400,1430302.0000,3
2025-12-31,20251231104000000,sz.000968,6.5800,6.6100,6.5800,6.5900,271300,1789488.0000,3
2025-12-31,20251231104500000,sz.000968,6.6000,6.6000,6.5800,6.5900,101300,667638.0000,3
2025-12-31,20251231105000000,sz.000968,6.5900,6.5900,6.5800,6.5900,205000,1348398.0000,3
2025-12-31,20251231105500000,sz.000968,6.5900,6.5900,6.5800,6.5800,159000,1046248.0000,3
2025-12-31,20251231110000000,sz.000968,6.5800,6.5800,6.5700,6.5800,45400,298618.0000,3
2025-12-31,20251231110500000,sz.000968,6.5700,6.5900,6.5700,6.5800,316400,2080136.0000,3
2025-12-31,20251231111000000,sz.000968,6.5700,6.5800,6.5600,6.5700,283600,1861864.0000,3
2025-12-31,20251231111500000,sz.000968,6.5700,6.6100,6.5700,6.6000,250100,1648880.0000,3
2025-12-31,20251231112000000,sz.000968,6.5900,6.6100,6.5900,6.6000,142500,939700.0000,3
2025-12-31,20251231112500000,sz.000968,6.5900,6.6000,6.5900,6.6000,103500,682260.0000,3
2025-12-31,20251231113000000,sz.000968,6.5900,6.6000,6.5900,6.5900,36300,239372.0000,3
2025-12-31,20251231130500000,sz.000968,6.6000,6.6000,6.5800,6.5900,142600,939136.0000,3
2025-12-31,20251231131000000,sz.000968,6.5800,6.5900,6.5800,6.5900,62100,408612.0000,3
2025-12-31,20251231131500000,sz.000968,6.5800,6.5900,6.5700,6.5800,161300,1061568.0000,3
2025-12-31,20251231132000000,sz.000968,6.5800,6.6000,6.5700,6.6000,341700,2246808.0000,3
2025-12-31,20251231132500000,sz.000968,6.6000,6.6000,6.5800,6.5900,29600,195112.0000,3
2025-12-31,20251231133000000,sz.000968,6.5900,6.6000,6.5900,6.6000,72300,476640.0000,3
2025-12-31,20251231133500000,sz.000968,6.6000,6.6000,6.5900,6.6000,31900,210516.0000,3
2025-12-31,20251231134000000,sz.000968,6.6000,6.6000,6.5900,6.6000,49500,326456.0000,3
2025-12-31,20251231134500000,sz.000968,6.5900,6.6000,6.5900,6.5900,45500,299988.0000,3
2025-12-31,20251231135000000,sz.000968,6.5900,6.6000,6.5900,6.6000,43800,288904.0000,3
2025-12-31,20251231135500000,sz.000968,6.5900,6.6000,6.5900,6.5900,51700,340980.0000,3
2025-12-31,20251231140000000,sz.000968,6.5900,6.6000,6.5900,6.6000,143000,942884.0000,3
2025-12-31,20251231140500000,sz.000968,6.5900,6.6100,6.5900,6.6100,166500,1099172.0000,3
2025-12-31,20251231141000000,sz.000968,6.6100,6.6100,6.6000,6.6100,20900,138116.0000,3
2025-12-31,20251231141500000,sz.000968,6.6100,6.6100,6.6000,6.6100,107600,710692.0000,3
2025-12-31,20251231142000000,sz.000968,6.6100,6.6200,6.6000,6.6200,84200,556580.0000,3
2025-12-31,20251231142500000,sz.000968,6.6100,6.6100,6.6000,6.6100,37400,247108.0000,3
2025-12-31,20251231143000000,sz.000968,6.6100,6.6100,6.6000,6.6100,85000,561528.0000,3
2025-12-31,20251231143500000,sz.000968,6.6100,6.6200,6.6000,6.6000,313800,2073012.0000,3
2025-12-31,20251231144000000,sz.000968,6.6000,6.6100,6.5900,6.6000,156700,1034168.0000,3
2025-12-31,20251231144500000,sz.000968,6.6000,6.6100,6.5900,6.6000,172300,1137828.0000,3
2025-12-31,20251231145000000,sz.000968,6.6000,6.6200,6.6000,6.6100,322700,2133060.0000,3
2025-12-31,20251231145500000,sz.000968,6.6200,6.6200,6.6100,6.6200,209300,1384256.0000,3
2025-12-31,20251231150000000,sz.000968,6.6200,6.6200,6.6100,6.6100,224600,1485952.0000,3
2026-01-05,20260105093500000,sz.000968,6.7300,6.7700,6.6600,6.6900,3780300,25381980.0000,3
2026-01-05,20260105094000000,sz.000968,6.6900,6.6900,6.6500,6.6700,1408031,9397645.7700,3
2026-01-05,20260105094500000,sz.000968,6.6800,6.7100,6.6500,6.6800,920400,6145167.0000,3
2026-01-05,20260105095000000,sz.000968,6.6800,6.7000,6.6700,6.7000,350000,2340808.0000,3
2026-01-05,20260105095500000,sz.000968,6.7100,6.7100,6.6800,6.7000,309800,2073292.0000,3
2026-01-05,20260105100000000,sz.000968,6.7000,6.7300,6.6900,6.7100,592900,3980147.0000,3
2026-01-05,20260105100500000,sz.000968,6.7300,6.7400,6.7100,6.7300,467600,3146241.0000,3
2026-01-05,20260105101000000,sz.000968,6.7200,6.7400,6.7100,6.7400,406100,2732663.0000,3
2026-01-05,20260105101500000,sz.000968,6.7400,6.7500,6.7300,6.7400,375100,2529047.0000,3
2026-01-05,20260105102000000,sz.000968,6.7500,6.7700,6.7500,6.7500,1024400,6925695.0000,3
2026-01-05,20260105102500000,sz.000968,6.7500,6.7600,6.7400,6.7600,609900,4116824.0000,3
2026-01-05,20260105103000000,sz.000968,6.7600,6.7700,6.7500,6.7600,769900,5204242.0000,3
2026-01-05,20260105103500000,sz.000968,6.7700,6.7800,6.7600,6.7700,1104300,7471215.0000,3
2026-01-05,20260105104000000,sz.000968,6.7700,6.7700,6.7400,6.7400,373500,2521364.0000,3
2026-01-05,20260105104500000,sz.000968,6.7400,6.7600,6.7300,6.7600,275600,1858892.0000,3
2026-01-05,20260105105000000,sz.000968,6.7600,6.7800,6.7500,6.7700,447100,3025410.0000,3
2026-01-05,20260105105500000,sz.000968,6.7700,6.7800,6.7600,6.7700,69500,470171.0000,3
2026-01-05,20260105110000000,sz.000968,6.7700,6.7700,6.7600,6.7600,115000,778011.0000,3
2026-01-05,20260105110500000,sz.000968,6.7700,6.7900,6.7600,6.7700,908200,6155251.0000,3
2026-01-05,20260105111000000,sz.000968,6.7700,6.7800,6.7600,6.7600,165800,1122464.0000,3
2026-01-05,20260105111500000,sz.000968,6.7600,6.7700,6.7600,6.7600,16100,108974.0000,3
2026-01-05,20260105112000000,sz.000968,6.7700,6.7700,6.7600,6.7600,246600,1667234.0000,3
2026-01-05,20260105112500000,sz.000968,6.7600,6.7800,6.7500,6.7800,280000,1894663.1000,3
2026-01-05,20260105113000000,sz.000968,6.7800,6.8000,6.7700,6.8000,518090,3517069.2000,3
2026-01-05,20260105130500000,sz.000968,6.7900,6.8000,6.7800,6.7800,253500,1720625.0000,3
2026-01-05,20260105131000000,sz.000968,6.7900,6.7900,6.7700,6.7700,239400,1621529.0000,3
2026-01-05,20260105131500000,sz.000968,6.7700,6.7800,6.7600,6.7800,255200,1728492.0000,3
2026-01-05,20260105132000000,sz.000968,6.7700,6.7900,6.7700,6.7800,266900,1809569.0000,3
2026-01-05,20260105132500000,sz.000968,6.7800,6.7800,6.7700,6.7700,218300,1478183.0000,3
2026-01-05,20260105133000000,sz.000968,6.7800,6.7800,6.7700,6.7800,109000,738259.0000,3
2026-01-05,20260105133500000,sz.000968,6.7800,6.7800,6.7700,6.7800,52300,354256.0000,3
2026-01-05,20260105134000000,sz.000968,6.7800,6.7800,6.7700,6.7700,247900,1678584.0000,3
2026-01-05,20260105134500000,sz.000968,6.7700,6.7700,6.7600,6.7600,32300,218494.0000,3
2026-01-05,20260105135000000,sz.000968,6.7600,6.7700,6.7500,6.7500,290100,1961341.0000,3
2026-01-05,20260105135500000,sz.000968,6.7500,6.7600,6.7500,6.7500,74000,499675.0000,3
2026-01-05,20260105140000000,sz.000968,6.7500,6.7600,6.7500,6.7500,109600,740528.0000,3
2026-01-05,20260105140500000,sz.000968,6.7600,6.7700,6.7500,6.7600,106900,722614.0000,3
2026-01-05,20260105141000000,sz.000968,6.7500,6.7600,6.7500,6.7500,64600,436341.0000,3
2026-01-05,20260105141500000,sz.000968,6.7500,6.7600,6.7500,6.7500,73200,494182.0000,3
2026-01-05,20260105142000000,sz.000968,6.7500,6.7500,6.7300,6.7400,484400,3267928.0000,3
2026-01-05,20260105142500000,sz.000968,6.7400,6.7600,6.7400,6.7500,308800,2085014.0000,3
2026-01-05,20260105143000000,sz.000968,6.7600,6.7600,6.7400,6.7500,216300,1460277.0000,3
2026-01-05,20260105143500000,sz.000968,6.7500,6.7600,6.7400,6.7500,136000,917998.0000,3
2026-01-05,20260105144000000,sz.000968,6.7500,6.7600,6.7400,6.7500,159500,1076919.0000,3
2026-01-05,20260105144500000,sz.000968,6.7500,6.7600,6.7400,6.7400,310200,2094815.0000,3
2026-01-05,20260105145000000,sz.000968,6.7400,6.7600,6.7400,6.7600,327418,2209771.3200,3
2026-01-05,20260105145500000,sz.000968,6.7500,6.7600,6.7400,6.7600,237900,1606046.0000,3
2026-01-05,20260105150000000,sz.000968,6.7500,6.7600,6.7500,6.7600,445700,3012162.0000,3
2026-01-06,20260106093500000,sz.000968,6.7300,6.8200,6.7300,6.7900,1177400,7972487.0000,3
2026-01-06,20260106094000000,sz.000968,6.8000,6.8200,6.7900,6.8000,801800,5457573.0000,3
2026-01-06,20260106094500000,sz.000968,6.8100,6.8700,6.8100,6.8400,1850700,12655257.0000,3
2026-01-06,20260106095000000,sz.000968,6.8400,6.8600,6.8300,6.8600,689900,4722657.0000,3
2026-01-06,20260106095500000,sz.000968,6.8600,6.9000,6.8500,6.8800,1497000,10292709.0000,3
2026-01-06,20260106100000000,sz.000968,6.8900,6.8900,6.8600,6.8800,418400,2876792.0000,3
2026-01-06,20260106100500000,sz.000968,6.8700,6.8900,6.8700,6.8800,542834,3735674.9200,3
2026-01-06,20260106101000000,sz.000968,6.8800,6.8900,6.8500,6.8500,515566,3542451.0800,3
2026-01-06,20260106101500000,sz.000968,6.8500,6.8800,6.8500,6.8700,319400,2190346.0000,3
2026-01-06,20260106102000000,sz.000968,6.8700,6.8900,6.8700,6.8800,276100,1899881.0000,3
2026-01-06,20260106102500000,sz.000968,6.8700,6.8800,6.8600,6.8700,145600,1000343.0000,3
2026-01-06,20260106103000000,sz.000968,6.8600,6.8600,6.8500,6.8500,476939,3268944.1500,3
2026-01-06,20260106103500000,sz.000968,6.8500,6.8600,6.8400,6.8400,547400,3746923.0000,3
2026-01-06,20260106104000000,sz.000968,6.8400,6.8500,6.8100,6.8200,1171600,7999298.0000,3
2026-01-06,20260106104500000,sz.000968,6.8200,6.8600,6.8200,6.8500,302400,2069868.0000,3
2026-01-06,20260106105000000,sz.000968,6.8500,6.8700,6.8400,6.8600,340700,2337359.5000,3
2026-01-06,20260106105500000,sz.000968,6.8600,6.8700,6.8600,6.8700,135600,931129.0000,3
2026-01-06,20260106110000000,sz.000968,6.8700,6.8700,6.8300,6.8400,219200,1502178.0000,3
2026-01-06,20260106110500000,sz.000968,6.8400,6.8500,6.8300,6.8300,260000,1776843.0000,3
2026-01-06,20260106111000000,sz.000968,6.8400,6.8500,6.8300,6.8500,320800,2193846.0000,3
2026-01-06,20260106111500000,sz.000968,6.8500,6.8500,6.8400,6.8500,101000,690999.0000,3
2026-01-06,20260106112000000,sz.000968,6.8500,6.8700,6.8400,6.8600,267100,1830188.0000,3
2026-01-06,20260106112500000,sz.000968,6.8600,6.8700,6.8500,6.8700,165000,1132021.0000,3
2026-01-06,20260106113000000,sz.000968,6.8600,6.8700,6.8600,6.8700,55700,382415.0000,3
2026-01-06,20260106130500000,sz.000968,6.8600,6.8800,6.8600,6.8700,398600,2737746.0000,3
2026-01-06,20260106131000000,sz.000968,6.8800,6.9100,6.8700,6.9000,1084400,7473992.0000,3
2026-01-06,20260106131500000,sz.000968,6.9000,6.9200,6.9000,6.9100,434700,3004560.0000,3
2026-01-06,20260106132000000,sz.000968,6.9100,6.9200,6.9000,6.9200,386900,2673542.0000,3
2026-01-06,20260106132500000,sz.000968,6.9100,6.9200,6.8900,6.9000,490700,3387301.0000,3
2026-01-06,20260106133000000,sz.000968,6.9000,6.9100,6.8900,6.9000,144203,994641.6700,3
2026-01-06,20260106133500000,sz.000968,6.8900,6.9000,6.8800,6.8800,99597,686036.3300,3
2026-01-06,20260106134000000,sz.000968,6.8800,6.8900,6.8700,6.8700,175400,1207012.0000,3
2026-01-06,20260106134500000,sz.000968,6.8700,6.8800,6.8600,6.8600,144600,993424.0000,3
2026-01-06,20260106135000000,sz.000968,6.8600,6.8700,6.8600,6.8700,106700,732482.0000,3
2026-01-06,20260106135500000,sz.000968,6.8700,6.8700,6.8600,6.8600,170400,1169051.0000,3
2026-01-06,20260106140000000,sz.000968,6.8600,6.8700,6.8400,6.8500,400800,2744956.0000,3
2026-01-06,20260106140500000,sz.000968,6.8500,6.8600,6.8400,6.8500,174200,1194323.0000,3
2026-01-06,20260106141000000,sz.000968,6.8500,6.8600,6.8500,6.8600,86600,594043.0000,3
2026-01-06,20260106141500000,sz.000968,6.8600,6.8600,6.8500,6.8500,150200,1029737.0000,3
2026-01-06,20260106142000000,sz.000968,6.8500,6.8700,6.8500,6.8700,269100,1848345.0000,3
2026-01-06,20260106142500000,sz.000968,6.8700,6.8800,6.8600,6.8700,87300,599994.0000,3
2026-01-06,20260106143000000,sz.000968,6.8700,6.8800,6.8600,6.8700,724600,4976916.0000,3
2026-01-06,20260106143500000,sz.000968,6.8600,6.8700,6.8600,6.8600,82700,567788.0000,3
2026-01-06,20260106144000000,sz.000968,6.8600,6.8700,6.8600,6.8700,84400,579540.0000,3
2026-01-06,20260106144500000,sz.000968,6.8700,6.8700,6.8600,6.8600,69200,475086.0000,3
2026-01-06,20260106145000000,sz.000968,6.8700,6.8700,6.8600,6.8700,216100,1483007.0000,3
2026-01-06,20260106145500000,sz.000968,6.8600,6.8800,6.8500,6.8800,583800,4007834.0000,3
2026-01-06,20260106150000000,sz.000968,6.8800,6.8800,6.8600,6.8700,567850,3901921.5000,3
2026-01-07,20260107093500000,sz.000968,6.8400,6.9100,6.8000,6.8200,1190600,8135424.0000,3
2026-01-07,20260107094000000,sz.000968,6.8100,6.8400,6.7900,6.8300,846500,5765659.0000,3
2026-01-07,20260107094500000,sz.000968,6.8400,6.8500,6.8200,6.8300,414400,2832212.0000,3
2026-01-07,20260107095000000,sz.000968,6.8200,6.8300,6.8100,6.8100,410000,2794801.0000,3
2026-01-07,20260107095500000,sz.000968,6.8100,6.8200,6.8100,6.8100,196900,1341248.0000,3
2026-01-07,20260107100000000,sz.000968,6.8100,6.8200,6.7900,6.8000,751000,5107410.0000,3
2026-01-07,20260107100500000,sz.000968,6.8000,6.8000,6.7800,6.7800,530200,3599190.0000,3
2026-01-07,20260107101000000,sz.000968,6.7800,6.8000,6.7800,6.7900,274000,1859242.0000,3
2026-01-07,20260107101500000,sz.000968,6.7900,6.8000,6.7800,6.7900,374000,2537903.0000,3
2026-01-07,20260107102000000,sz.000968,6.7900,6.7900,6.7700,6.7700,490700,3327342.0000,3
2026-01-07,20260107102500000,sz.000968,6.7700,6.7800,6.7700,6.7700,181500,1229495.0000,3
2026-01-07,20260107103000000,sz.000968,6.7700,6.7900,6.7700,6.7900,311100,2108109.0000,3
2026-01-07,20260107103500000,sz.000968,6.7900,6.8000,6.7800,6.7900,271900,1846347.0000,3
2026-01-07,20260107104000000,sz.000968,6.7900,6.7900,6.7800,6.7900,95000,645203.0000,3
2026-01-07,20260107104500000,sz.000968,6.7900,6.8000,6.7900,6.7900,88700,602626.0000,3
2026-01-07,20260107105000000,sz.000968,6.7900,6.8000,6.7800,6.7900,122500,831750.0000,3
2026-01-07,20260107105500000,sz.000968,6.7900,6.7900,6.7800,6.7900,80100,543669.0000,3
2026-01-07,20260107110000000,sz.000968,6.7900,6.8300,6.7800,6.8200,553900,3771736.0000,3
2026-01-07,20260107110500000,sz.000968,6.8200,6.8600,6.8100,6.8500,568150,3887446.0000,3
2026-01-07,20260107111000000,sz.000968,6.8500,6.8900,6.8500,6.8900,555300,3815212.0000,3
2026-01-07,20260107111500000,sz.000968,6.8800,6.8900,6.8700,6.8700,220600,1518471.0000,3
2026-01-07,20260107112000000,sz.000968,6.8700,6.9000,6.8700,6.9000,396200,2731630.0000,3
2026-01-07,20260107112500000,sz.000968,6.9000,7.0100,6.9000,6.9700,2199300,15316036.0000,3
2026-01-07,20260107113000000,sz.000968,6.9700,6.9900,6.9400,6.9400,661800,4612278.0000,3
2026-01-07,20260107130500000,sz.000968,6.9400,6.9700,6.9300,6.9500,432000,3002439.0000,3
2026-01-07,20260107131000000,sz.000968,6.9500,6.9500,6.9300,6.9400,174200,1208872.0000,3
2026-01-07,20260107131500000,sz.000968,6.9400,6.9700,6.9400,6.9500,547400,3810377.0000,3
2026-01-07,20260107132000000,sz.000968,6.9600,6.9600,6.9400,6.9500,195100,1356085.0000,3
2026-01-07,20260107132500000,sz.000968,6.9500,6.9500,6.9100,6.9100,259300,1795874.0000,3
2026-01-07,20260107133000000,sz.000968,6.9200,6.9200,6.8900,6.8900,187500,1294241.0000,3
2026-01-07,20260107133500000,sz.000968,6.8900,6.9000,6.8900,6.9000,27200,187617.0000,3
2026-01-07,20260107134000000,sz.000968,6.9000,6.9000,6.8900,6.8900,168600,1162907.0000,3
2026-01-07,20260107134500000,sz.000968,6.8800,6.8900,6.8700,6.8800,182100,1253547.0000,3
2026-01-07,20260107135000000,sz.000968,6.8800,6.8800,6.8600,6.8800,115400,792854.0000,3
2026-01-07,20260107135500000,sz.000968,6.8800,6.8900,6.8700,6.8900,76200,524293.0000,3
2026-01-07,20260107140000000,sz.000968,6.8900,6.9100,6.8800,6.9100,181400,1251559.0000,3
2026-01-07,20260107140500000,sz.000968,6.9100,6.9100,6.8900,6.8900,130900,903150.0000,3
2026-01-07,20260107141000000,sz.000968,6.8900,6.9000,6.8900,6.9000,70200,484167.0000,3
2026-01-07,20260107141500000,sz.000968,6.9000,6.9000,6.8800,6.8800,138000,950732.0000,3
2026-01-07,20260107142000000,sz.000968,6.8900,6.8900,6.8800,6.8800,320100,2202706.0000,3
2026-01-07,20260107142500000,sz.000968,6.8800,6.8900,6.8800,6.8900,54600,376152.0000,3
2026-01-07,20260107143000000,sz.000968,6.8900,6.9000,6.8900,6.8900,50600,348743.0000,3
2026-01-07,20260107143500000,sz.000968,6.8900,6.8900,6.8700,6.8700,103300,710839.0000,3
2026-01-07,20260107144000000,sz.000968,6.8700,6.9000,6.8700,6.9000,234900,1617248.0000,3
2026-01-07,20260107144500000,sz.000968,6.9000,6.9000,6.8800,6.9000,245700,1694019.0000,3
2026-01-07,20260107145000000,sz.000968,6.9000,6.9100,6.8900,6.8900,324700,2240271.0000,3
2026-01-07,20260107145500000,sz.000968,6.8900,6.8900,6.8800,6.8900,206300,1421000.0000,3
2026-01-07,20260107150000000,sz.000968,6.8900,6.9000,6.8900,6.9000,151800,1046713.0000,3
2026-01-08,20260108093500000,sz.000968,6.8700,6.8700,6.8100,6.8500,842000,5757216.0000,3
2026-01-08,20260108094000000,sz.000968,6.8500,6.8900,6.8400,6.8500,701600,4822750.0000,3
2026-01-08,20260108094500000,sz.000968,6.8400,6.8600,6.8300,6.8600,238800,1635030.0000,3
2026-01-08,20260108095000000,sz.000968,6.8500,6.8800,6.8500,6.8600,392800,2695835.0000,3
2026-01-08,20260108095500000,sz.000968,6.8600,6.8800,6.8600,6.8700,128400,882135.0000,3
2026-01-08,20260108100000000,sz.000968,6.8700,6.9000,6.8700,6.8700,213500,1470049.0000,3
2026-01-08,20260108100500000,sz.000968,6.8700,6.9000,6.8700,6.8700,220000,1514444.0000,3
2026-01-08,20260108101000000,sz.000968,6.8700,6.8800,6.8700,6.8700,101800,699948.0000,3
2026-01-08,20260108101500000,sz.000968,6.8700,6.8800,6.8600,6.8700,177700,1220339.0000,3
2026-01-08,20260108102000000,sz.000968,6.8600,6.8700,6.8500,6.8500,232900,1596039.0000,3
2026-01-08,20260108102500000,sz.000968,6.8500,6.8800,6.8500,6.8700,186200,1278452.0000,3
2026-01-08,20260108103000000,sz.000968,6.8700,6.8800,6.8600,6.8600,288400,1980882.0000,3
2026-01-08,20260108103500000,sz.000968,6.8600,6.8700,6.8600,6.8600,69500,476832.0000,3
2026-01-08,20260108104000000,sz.000968,6.8600,6.9100,6.8600,6.9100,634800,4377540.0000,3
2026-01-08,20260108104500000,sz.000968,6.9200,6.9400,6.9100,6.9300,492400,3409844.0000,3
2026-01-08,20260108105000000,sz.000968,6.9300,6.9600,6.9200,6.9500,527821,3665788.9500,3
2026-01-08,20260108105500000,sz.000968,6.9500,6.9500,6.9200,6.9500,224400,1556613.0000,3
2026-01-08,20260108110000000,sz.000968,6.9500,6.9500,6.9300,6.9500,193900,1345390.0000,3
2026-01-08,20260108110500000,sz.000968,6.9500,6.9600,6.9300,6.9400,845200,5872490.0000,3
2026-01-08,20260108111000000,sz.000968,6.9400,6.9500,6.9000,6.9400,557300,3859418.0000,3
2026-01-08,20260108111500000,sz.000968,6.9400,6.9500,6.9000,6.9100,282500,1956422.0000,3
2026-01-08,20260108112000000,sz.000968,6.9100,6.9200,6.9000,6.9100,128700,889370.0000,3
2026-01-08,20260108112500000,sz.000968,6.9100,6.9100,6.9000,6.9000,29600,204477.0000,3
2026-01-08,20260108113000000,sz.000968,6.9000,6.9300,6.9000,6.9200,79800,551941.0000,3
2026-01-08,20260108130500000,sz.000968,6.9200,6.9400,6.9100,6.9400,209200,1448645.0000,3
2026-01-08,20260108131000000,sz.000968,6.9400,6.9400,6.9200,6.9200,141800,982237.0000,3
2026-01-08,20260108131500000,sz.000968,6.9300,6.9300,6.9200,6.9200,89800,621921.0000,3
2026-01-08,20260108132000000,sz.000968,6.9200,6.9300,6.9200,6.9300,143200,992210.0000,3
2026-01-08,20260108132500000,sz.000968,6.9300,6.9300,6.9200,6.9200,113500,785846.0000,3
2026-01-08,20260108133000000,sz.000968,6.9200,6.9300,6.9100,6.9100,151203,1045155.7300,3
2026-01-08,20260108133500000,sz.000968,6.9100,6.9100,6.8900,6.9100,284200,1961394.0000,3
2026-01-08,20260108134000000,sz.000968,6.9100,6.9100,6.8900,6.9100,175300,1209506.0000,3
2026-01-08,20260108134500000,sz.000968,6.9100,6.9100,6.8900,6.8900,87500,603422.0000,3
2026-01-08,20260108135000000,sz.000968,6.8900,6.9100,6.8900,6.9000,90600,624994.0000,3
2026-01-08,20260108135500000,sz.000968,6.9000,6.9300,6.9000,6.9300,220100,1522051.0000,3
2026-01-08,20260108140000000,sz.000968,6.9300,6.9300,6.9200,6.9300,81600,565154.0000,3
2026-01-08,20260108140500000,sz.000968,6.9300,6.9400,6.9100,6.9100,315100,2182639.0000,3
2026-01-08,20260108141000000,sz.000968,6.9100,6.9200,6.9000,6.9100,290300,2007088.0000,3
2026-01-08,20260108141500000,sz.000968,6.9100,6.9100,6.8900,6.8900,162100,1118411.0000,3
2026-01-08,20260108142000000,sz.000968,6.8900,6.9100,6.8900,6.9000,79600,549231.0000,3
2026-01-08,20260108142500000,sz.000968,6.9000,6.9200,6.9000,6.9200,381900,2635939.0000,3
2026-01-08,20260108143000000,sz.000968,6.9200,6.9200,6.9000,6.9100,84100,581114.0000,3
2026-01-08,20260108143500000,sz.000968,6.9000,6.9200,6.9000,6.9200,181700,1255981.0000,3
2026-01-08,20260108144000000,sz.000968,6.9200,6.9200,6.9000,6.9100,157300,1086481.0000,3
2026-01-08,20260108144500000,sz.000968,6.9100,6.9100,6.8900,6.9100,370900,2559333.0000,3
2026-01-08,20260108145000000,sz.000968,6.9100,6.9100,6.9000,6.9100,142500,984012.0000,3
2026-01-08,20260108145500000,sz.000968,6.9000,6.9100,6.9000,6.9100,277900,1919013.0000,3
2026-01-08,20260108150000000,sz.000968,6.9100,6.9200,6.9000,6.9200,212600,1470037.0000,3
2026-01-09,20260109093500000,sz.000968,6.9900,7.0300,6.9500,6.9600,2782800,19450043.9400,3
2026-01-09,20260109094000000,sz.000968,6.9600,6.9900,6.9600,6.9600,456500,3182364.0000,3
2026-01-09,20260109094500000,sz.000968,6.9600,6.9800,6.9600,6.9600,342100,2382927.0000,3
2026-01-09,20260109095000000,sz.000968,6.9600,6.9800,6.9400,6.9500,469600,3268746.0000,3
2026-01-09,20260109095500000,sz.000968,6.9500,6.9600,6.9400,6.9500,313500,2178474.0000,3
2026-01-09,20260109100000000,sz.000968,6.9400,6.9500,6.9300,6.9400,215900,1498418.0000,3
2026-01-09,20260109100500000,sz.000968,6.9400,6.9500,6.9300,6.9400,299300,2077395.0000,3
2026-01-09,20260109101000000,sz.000968,6.9400,6.9500,6.9300,6.9300,182500,1266898.0000,3
2026-01-09,20260109101500000,sz.000968,6.9300,6.9800,6.9300,6.9600,331300,2306984.0000,3
2026-01-09,20260109102000000,sz.000968,6.9600,6.9700,6.9500,6.9600,239900,1668631.0000,3
2026-01-09,20260109102500000,sz.000968,6.9600,6.9700,6.9500,6.9700,117440,817479.4000,3
2026-01-09,20260109103000000,sz.000968,6.9500,6.9700,6.9500,6.9700,97100,676126.6000,3
2026-01-09,20260109103500000,sz.000968,6.9700,6.9900,6.9600,6.9800,420100,2929312.0000,3
2026-01-09,20260109104000000,sz.000968,6.9900,6.9900,6.9700,6.9800,295800,2064731.0000,3
2026-01-09,20260109104500000,sz.000968,6.9800,6.9900,6.9700,6.9800,106500,743442.0000,3
2026-01-09,20260109105000000,sz.000968,6.9700,6.9800,6.9700,6.9800,113200,789353.0000,3
2026-01-09,20260109105500000,sz.000968,6.9800,6.9800,6.9700,6.9700,78600,548129.0000,3
2026-01-09,20260109110000000,sz.000968,6.9700,6.9800,6.9700,6.9700,205500,1433498.0000,3
2026-01-09,20260109110500000,sz.000968,6.9700,6.9800,6.9500,6.9600,357300,2488479.0000,3
2026-01-09,20260109111000000,sz.000968,6.9600,6.9600,6.9400,6.9400,189360,1315948.0000,3
2026-01-09,20260109111500000,sz.000968,6.9500,6.9600,6.9400,6.9500,161200,1120598.0000,3
2026-01-09,20260109112000000,sz.000968,6.9500,6.9600,6.9400,6.9500,73200,508607.0000,3
2026-01-09,20260109112500000,sz.000968,6.9500,6.9600,6.9400,6.9400,80800,561389.0000,3
2026-01-09,20260109113000000,sz.000968,6.9400,6.9600,6.9400,6.9600,482400,3351082.0000,3
2026-01-09,20260109130500000,sz.000968,6.9500,7.0100,6.9400,7.0100,724000,5058462.0000,3
2026-01-09,20260109131000000,sz.000968,7.0100,7.0200,6.9800,6.9800,555300,3888024.0000,3
2026-01-09,20260109131500000,sz.000968,6.9900,7.0000,6.9800,7.0000,583100,4077700.0000,3
2026-01-09,20260109132000000,sz.000968,7.0000,7.0000,6.9800,6.9800,81300,568253.0000,3
2026-01-09,20260109132500000,sz.000968,6.9800,6.9900,6.9700,6.9700,240700,1679674.0000,3
2026-01-09,20260109133000000,sz.000968,6.9800,6.9800,6.9700,6.9700,77700,541774.0000,3
2026-01-09,20260109133500000,sz.000968,6.9700,6.9800,6.9700,6.9700,150600,1050959.0000,3
2026-01-09,20260109134000000,sz.000968,6.9900,6.9900,6.9700,6.9700,99100,691465.0000,3
2026-01-09,20260109134500000,sz.000968,6.9700,6.9800,6.9700,6.9800,20000,139511.0000,3
2026-01-09,20260109135000000,sz.000968,6.9700,6.9900,6.9700,6.9800,145700,1016957.0000,3
2026-01-09,20260109135500000,sz.000968,6.9800,6.9800,6.9700,6.9700,118700,827507.0000,3
2026-01-09,20260109140000000,sz.000968,6.9700,6.9800,6.9600,6.9800,362300,2526227.0000,3
2026-01-09,20260109140500000,sz.000968,6.9800,6.9900,6.9700,6.9700,342400,2388965.0000,3
2026-01-09,20260109141000000,sz.000968,6.9700,6.9800,6.9700,6.9700,75300,525115.0000,3
2026-01-09,20260109141500000,sz.000968,6.9700,6.9800,6.9700,6.9700,172100,1200834.0000,3
2026-01-09,20260109142000000,sz.000968,6.9800,6.9900,6.9800,6.9900,444600,3105821.0000,3
2026-01-09,20260109142500000,sz.000968,6.9900,7.0000,6.9800,6.9900,208500,1457228.0000,3
2026-01-09,20260109143000000,sz.000968,6.9900,7.0000,6.9800,6.9800,88100,615822.0000,3
2026-01-09,20260109143500000,sz.000968,6.9900,6.9900,6.9800,6.9900,121800,851177.0000,3
2026-01-09,20260109144000000,sz.000968,6.9900,7.0000,6.9800,6.9900,241800,1690574.0000,3
2026-01-09,20260109144500000,sz.000968,7.0000,7.0000,6.9900,6.9900,131000,916078.0000,3
2026-01-09,20260109145000000,sz.000968,6.9900,7.0000,6.9900,6.9900,373201,2610049.9900,3
2026-01-09,20260109145500000,sz.000968,6.9900,7.0000,6.9900,6.9900,387900,2712600.0000,3
2026-01-09,20260109150000000,sz.000968,7.0000,7.0000,6.9900,7.0000,351700,2460910.0000,3
2026-01-12,20260112093500000,sz.000968,7.0200,7.0200,6.9200,6.9500,2134400,14867285.0000,3
2026-01-12,20260112094000000,sz.000968,6.9300,6.9500,6.9200,6.9500,771300,5348030.0000,3
2026-01-12,20260112094500000,sz.000968,6.9500,6.9700,6.9500,6.9600,357400,2487239.0000,3
2026-01-12,20260112095000000,sz.000968,6.9600,6.9800,6.9500,6.9800,601300,4181178.0000,3
2026-01-12,20260112095500000,sz.000968,6.9800,6.9800,6.9400,6.9500,559600,3892231.0000,3
2026-01-12,20260112100000000,sz.000968,6.9500,6.9600,6.9300,6.9300,384000,2666458.0000,3
2026-01-12,20260112100500000,sz.000968,6.9300,6.9500,6.9300,6.9400,319800,2219237.0000,3
2026-01-12,20260112101000000,sz.000968,6.9400,6.9400,6.9200,6.9300,614800,4260962.0000,3
2026-01-12,20260112101500000,sz.000968,6.9300,6.9400,6.9200,6.9300,411800,2854594.0000,3
2026-01-12,20260112102000000,sz.000968,6.9300,6.9400,6.9200,6.9400,221700,1537133.0000,3
2026-01-12,20260112102500000,sz.000968,6.9400,6.9500,6.9300,6.9500,624200,4331104.0000,3
2026-01-12,20260112103000000,sz.000968,6.9500,6.9600,6.9400,6.9600,210100,1460901.0000,3
2026-01-12,20260112103500000,sz.000968,6.9600,6.9600,6.9400,6.9400,104400,724998.0000,3
2026-01-12,20260112104000000,sz.000968,6.9400,6.9500,6.9300,6.9500,326200,2262140.0000,3
2026-01-12,20260112104500000,sz.000968,6.9500,6.9500,6.9300,6.9400,84800,588309.0000,3
2026-01-12,20260112105000000,sz.000968,6.9400,6.9400,6.9300,6.9400,197900,1372450.0000,3
2026-01-12,20260112105500000,sz.000968,6.9300,6.9500,6.9300,6.9500,116600,809516.0000,3
2026-01-12,20260112110000000,sz.000968,6.9400,6.9500,6.9400,6.9500,228500,1586086.0000,3
2026-01-12,20260112110500000,sz.000968,6.9500,6.9500,6.9400,6.9400,165300,1147621.0000,3
2026-01-12,20260112111000000,sz.000968,6.9400,6.9500,6.9400,6.9400,155300,1078029.0000,3
2026-01-12,20260112111500000,sz.000968,6.9300,6.9500,6.9300,6.9400,135600,941675.0000,3
2026-01-12,20260112112000000,sz.000968,6.9400,6.9500,6.9400,6.9500,135400,940391.0000,3
2026-01-12,20260112112500000,sz.000968,6.9400,6.9500,6.9400,6.9500,147000,1021103.0000,3
2026-01-12,20260112113000000,sz.000968,6.9400,6.9500,6.9400,6.9400,204600,1420343.0000,3
2026-01-12,20260112130500000,sz.000968,6.9500,6.9700,6.9400,6.9600,380950,2647176.5000,3
2026-01-12,20260112131000000,sz.000968,6.9600,6.9700,6.9500,6.9600,112600,783710.0000,3
2026-01-12,20260112131500000,sz.000968,6.9600,6.9700,6.9500,6.9600,145900,1015810.0000,3
2026-01-12,20260112132000000,sz.000968,6.9600,6.9600,6.9400,6.9400,237050,1646392.5000,3
2026-01-12,20260112132500000,sz.000968,6.9400,6.9500,6.9400,6.9400,38600,268122.0000,3
2026-01-12,20260112133000000,sz.000968,6.9400,6.9500,6.9400,6.9400,223500,1551401.0000,3
2026-01-12,20260112133500000,sz.000968,6.9400,6.9500,6.9400,6.9400,120700,838311.0000,3
2026-01-12,20260112134000000,sz.000968,6.9400,6.9600,6.9400,6.9400,435800,3026199.0000,3
2026-01-12,20260112134500000,sz.000968,6.9400,6.9600,6.9400,6.9600,215700,1498098.0000,3
2026-01-12,20260112135000000,sz.000968,6.9600,6.9600,6.9400,6.9400,113600,789126.0000,3
2026-01-12,20260112135500000,sz.000968,6.9400,6.9500,6.9400,6.9400,105000,729148.0000,3
2026-01-12,20260112140000000,sz.000968,6.9400,6.9500,6.9400,6.9400,142200,987442.0000,3
2026-01-12,20260112140500000,sz.000968,6.9400,6.9600,6.9400,6.9600,335500,2330939.0000,3
2026-01-12,20260112141000000,sz.000968,6.9600,6.9600,6.9400,6.9500,186000,1292848.0000,3
2026-01-12,20260112141500000,sz.000968,6.9500,6.9600,6.9400,6.9600,391100,2720917.0000,3
2026-01-12,20260112142000000,sz.000968,6.9500,6.9600,6.9500,6.9600,48600,337989.0000,3
2026-01-12,20260112142500000,sz.000968,6.9500,6.9600,6.9500,6.9500,53500,372008.0000,3
2026-01-12,20260112143000000,sz.000968,6.9600,6.9600,6.9500,6.9500,145410,1011080.5000,3
2026-01-12,20260112143500000,sz.000968,6.9500,6.9600,6.9500,6.9500,94700,658464.0000,3
2026-01-12,20260112144000000,sz.000968,6.9500,6.9600,6.9500,6.9600,248600,1728429.0000,3
2026-01-12,20260112144500000,sz.000968,6.9500,6.9700,6.9500,6.9600,383060,2665614.6000,3
2026-01-12,20260112145000000,sz.000968,6.9700,6.9800,6.9600,6.9700,573200,3994593.0000,3
2026-01-12,20260112145500000,sz.000968,6.9800,6.9800,6.9600,6.9800,393400,2742652.0000,3
2026-01-12,20260112150000000,sz.000968,6.9800,6.9800,6.9600,6.9600,417100,2904468.0000,3
2026-01-13,20260113093500000,sz.000968,6.9500,7.0000,6.9500,6.9600,1756300,12251377.0000,3
2026-01-13,20260113094000000,sz.000968,6.9600,7.0700,6.9600,7.0700,1708300,11975473.0000,3
2026-01-13,20260113094500000,sz.000968,7.0600,7.0700,7.0100,7.0400,1511700,10652257.0000,3
2026-01-13,20260113095000000,sz.000968,7.0300,7.0600,7.0200,7.0500,513300,3611929.0000,3
2026-01-13,20260113095500000,sz.000968,7.0500,7.0600,7.0200,7.0300,563200,3964271.0000,3
2026-01-13,20260113100000000,sz.000968,7.0200,7.0300,7.0000,7.0200,361300,2532482.0000,3
2026-01-13,20260113100500000,sz.000968,7.0200,7.0200,7.0100,7.0100,95700,671162.0000,3
2026-01-13,20260113101000000,sz.000968,7.0100,7.0200,6.9900,7.0100,515500,3608516.0000,3
2026-01-13,20260113101500000,sz.000968,7.0100,7.0300,7.0000,7.0000,225800,1583005.0000,3
2026-01-13,20260113102000000,sz.000968,7.0000,7.0100,6.9900,7.0000,249600,1747084.0000,3
2026-01-13,20260113102500000,sz.000968,7.0000,7.0100,6.9900,7.0000,141000,986692.0000,3
2026-01-13,20260113103000000,sz.000968,7.0000,7.0100,6.9900,7.0000,381100,2667043.0000,3
2026-01-13,20260113103500000,sz.000968,7.0000,7.0100,6.9800,6.9800,228400,1597473.0000,3
2026-01-13,20260113104000000,sz.000968,6.9800,6.9900,6.9800,6.9800,442800,3092428.0000,3
2026-01-13,20260113104500000,sz.000968,6.9800,7.0000,6.9800,7.0000,214800,1501965.0000,3
2026-01-13,20260113105000000,sz.000968,7.0000,7.0300,6.9900,7.0300,591600,4147952.0000,3
2026-01-13,20260113105500000,sz.000968,7.0400,7.0800,7.0400,7.0700,1420410,10020194.7000,3
2026-01-13,20260113110000000,sz.000968,7.0700,7.1200,7.0700,7.1200,1641201,11651602.0900,3
2026-01-13,20260113110500000,sz.000968,7.1200,7.1200,7.0800,7.0900,629299,4467036.9000,3
2026-01-13,20260113111000000,sz.000968,7.0900,7.1100,7.0900,7.1000,474000,3365470.0000,3
2026-01-13,20260113111500000,sz.000968,7.1000,7.1100,7.0900,7.1100,313300,2224227.0000,3
2026-01-13,20260113112000000,sz.000968,7.1100,7.1100,7.1000,7.1000,295400,2098279.0000,3
2026-01-13,20260113112500000,sz.000968,7.1000,7.1100,7.0900,7.0900,142800,1013635.0000,3
2026-01-13,20260113113000000,sz.000968,7.0900,7.0900,7.0800,7.0800,113300,803022.0000,3
2026-01-13,20260113130500000,sz.000968,7.0800,7.1900,7.0800,7.1700,2846740,20362087.0000,3
2026-01-13,20260113131000000,sz.000968,7.1800,7.1800,7.1200,7.1300,436300,3115192.0000,3
2026-01-13,20260113131500000,sz.000968,7.1300,7.1400,7.1000,7.1100,376600,2683554.0000,3
2026-01-13,20260113132000000,sz.000968,7.1100,7.1300,7.1000,7.1200,213200,1516362.0000,3
2026-01-13,20260113132500000,sz.000968,7.1100,7.1300,7.1000,7.1200,409400,2910540.0000,3
2026-01-13,20260113133000000,sz.000968,7.1200,7.1200,7.1000,7.1100,221600,1575672.8000,3
2026-01-13,20260113133500000,sz.000968,7.1100,7.1200,7.0700,7.0900,393500,2788245.0000,3
2026-01-13,20260113134000000,sz.000968,7.0900,7.0900,7.0800,7.0900,124900,884487.0000,3
2026-01-13,20260113134500000,sz.000968,7.0900,7.1000,7.0800,7.0900,161900,1147936.0000,3
2026-01-13,20260113135000000,sz.000968,7.0900,7.1000,7.0900,7.0900,65600,465330.0000,3
2026-01-13,20260113135500000,sz.000968,7.1000,7.1000,7.0900,7.1000,257200,1825102.0000,3
2026-01-13,20260113140000000,sz.000968,7.1000,7.1100,7.1000,7.1000,56800,403497.0000,3
2026-01-13,20260113140500000,sz.000968,7.1000,7.1200,7.0900,7.1100,211201,1501138.0900,3
2026-01-13,20260113141000000,sz.000968,7.1100,7.1200,7.1000,7.1100,260700,1853518.0000,3
2026-01-13,20260113141500000,sz.000968,7.1100,7.1100,7.0900,7.1100,228500,1622757.0000,3
2026-01-13,20260113142000000,sz.000968,7.1100,7.1100,7.1000,7.1100,138400,983430.0000,3
2026-01-13,20260113142500000,sz.000968,7.1100,7.1200,7.1100,7.1200,176200,1254166.0000,3
2026-01-13,20260113143000000,sz.000968,7.1200,7.1200,7.0900,7.0900,214800,1525334.0000,3
2026-01-13,20260113143500000,sz.000968,7.0900,7.1100,7.0900,7.1000,352100,2498983.0000,3
2026-01-13,20260113144000000,sz.000968,7.0900,7.1000,7.0700,7.0700,502000,3556375.0000,3
2026-01-13,20260113144500000,sz.000968,7.0700,7.0800,7.0600,7.0700,355090,2509891.3000,3
2026-01-13,20260113145000000,sz.000968,7.0600,7.0700,7.0400,7.0600,569400,4016063.0000,3
2026-01-13,20260113145500000,sz.000968,7.0600,7.0700,7.0400,7.0600,546150,3853874.1000,3
2026-01-13,20260113150000000,sz.000968,7.0700,7.0800,7.0600,7.0800,428800,3033774.0000,3
2026-01-14,20260114093500000,sz.000968,7.0800,7.1800,7.0700,7.1300,1863959,13272439.0800,3
2026-01-14,20260114094000000,sz.000968,7.1300,7.1400,7.1000,7.1000,653900,4657021.0000,3
2026-01-14,20260114094500000,sz.000968,7.1000,7.1000,7.0800,7.1000,640700,4543528.0000,3
2026-01-14,20260114095000000,sz.000968,7.1000,7.1300,7.0900,7.1200,452600,3215977.0000,3
2026-01-14,20260114095500000,sz.000968,7.1100,7.1100,7.0900,7.1000,452400,3213539.0000,3
2026-01-14,20260114100000000,sz.000968,7.1000,7.1300,7.1000,7.1100,464745,3308891.9500,3
2026-01-14,20260114100500000,sz.000968,7.1000,7.1200,7.1000,7.1000,593300,4218124.0000,3
2026-01-14,20260114101000000,sz.000968,7.1000,7.1100,7.0900,7.0900,440700,3128716.0000,3
2026-01-14,20260114101500000,sz.000968,7.0900,7.1200,7.0900,7.1100,425900,3026726.0000,3
2026-01-14,20260114102000000,sz.000968,7.1100,7.1100,7.1000,7.1000,357600,2540109.0000,3
2026-01-14,20260114102500000,sz.000968,7.1000,7.1200,7.0900,7.1200,494900,3520024.0000,3
2026-01-14,20260114103000000,sz.000968,7.1200,7.1200,7.1000,7.1100,206700,1470033.0000,3
2026-01-14,20260114103500000,sz.000968,7.1000,7.1100,7.1000,7.1100,187700,1333862.0000,3
2026-01-14,20260114104000000,sz.000968,7.1000,7.1100,7.1000,7.1100,220500,1566214.0000,3
2026-01-14,20260114104500000,sz.000968,7.1100,7.1200,7.1000,7.1100,281300,2000175.0000,3
2026-01-14,20260114105000000,sz.000968,7.1100,7.1500,7.1100,7.1500,530700,3779462.0000,3
2026-01-14,20260114105500000,sz.000968,7.1500,7.1900,7.1300,7.1900,2124889,15223366.6200,3
2026-01-14,20260114110000000,sz.000968,7.1900,7.2500,7.1900,7.2000,1656900,11976592.0000,3
2026-01-14,20260114110500000,sz.000968,7.2100,7.2100,7.1800,7.1800,252100,1812558.0000,3
2026-01-14,20260114111000000,sz.000968,7.1800,7.1900,7.1600,7.1600,357711,2567032.9800,3
2026-01-14,20260114111500000,sz.000968,7.1600,7.1700,7.1600,7.1700,246200,1764303.0000,3
2026-01-14,20260114112000000,sz.000968,7.1700,7.1800,7.1600,7.1700,139500,1000073.0000,3
2026-01-14,20260114112500000,sz.000968,7.1700,7.1700,7.1600,7.1700,59800,428598.0000,3
2026-01-14,20260114113000000,sz.000968,7.1600,7.1700,7.1600,7.1700,158500,1136117.0000,3
2026-01-14,20260114130500000,sz.000968,7.1700,7.2100,7.1300,7.2100,1422189,10181193.4600,3
2026-01-14,20260114131000000,sz.000968,7.2000,7.2300,7.1700,7.1800,1121600,8082155.0000,3
2026-01-14,20260114131500000,sz.000968,7.1800,7.2000,7.1700,7.1700,421300,3026911.0000,3
2026-01-14,20260114132000000,sz.000968,7.1700,7.1700,7.1200,7.1700,941900,6724594.0000,3
2026-01-14,20260114132500000,sz.000968,7.1700,7.1800,7.1200,7.1300,780900,5585537.0000,3
2026-01-14,20260114133000000,sz.000968,7.1300,7.1300,7.1100,7.1100,311900,2219051.0000,3
2026-01-14,20260114133500000,sz.000968,7.1100,7.1700,7.1100,7.1600,508817,3631469.3800,3
2026-01-14,20260114134000000,sz.000968,7.1600,7.1600,7.1200,7.1300,310600,2216939.0000,3
2026-01-14,20260114134500000,sz.000968,7.1300,7.1300,7.1200,7.1200,133000,947159.0000,3
2026-01-14,20260114135000000,sz.000968,7.1200,7.1300,7.1100,7.1100,210900,1500584.0000,3
2026-01-14,20260114135500000,sz.000968,7.1100,7.1200,7.1000,7.1000,332100,2361045.0000,3
2026-01-14,20260114140000000,sz.000968,7.1100,7.1100,7.0400,7.0600,1192000,8439287.0000,3
2026-01-14,20260114140500000,sz.000968,7.0600,7.0800,7.0500,7.0800,483600,3412414.0000,3
2026-01-14,20260114141000000,sz.000968,7.0800,7.0900,7.0600,7.0900,473500,3347800.0000,3
2026-01-14,20260114141500000,sz.000968,7.0900,7.1200,7.0800,7.1100,268000,1904854.0000,3
2026-01-14,20260114142000000,sz.000968,7.1100,7.1200,7.1000,7.1000,224800,1598022.0000,3
2026-01-14,20260114142500000,sz.000968,7.1000,7.1100,7.1000,7.1100,200000,1420921.0000,3
2026-01-14,20260114143000000,sz.000968,7.1100,7.1100,7.0900,7.1000,141700,1005641.0000,3
2026-01-14,20260114143500000,sz.000968,7.0900,7.1100,7.0900,7.0900,164500,1167941.0000,3
2026-01-14,20260114144000000,sz.000968,7.0900,7.0900,7.0800,7.0900,295200,2092448.0000,3
2026-01-14,20260114144500000,sz.000968,7.0900,7.1000,7.0900,7.1000,234900,1666233.0000,3
2026-01-14,20260114145000000,sz.000968,7.1000,7.1000,7.0900,7.0900,346100,2455608.0000,3
2026-01-14,20260114145500000,sz.000968,7.0900,7.1000,7.0900,7.0900,367700,2607869.0000,3
2026-01-14,20260114150000000,sz.000968,7.0800,7.1000,7.0800,7.0900,493500,3499855.0000,3
2026-01-15,20260115093500000,sz.000968,7.0300,7.0500,7.0000,7.0300,1578600,11092699.0000,3
2026-01-15,20260115094000000,sz.000968,7.0300,7.0500,7.0200,7.0200,364600,2564808.0000,3
2026-01-15,20260115094500000,sz.000968,7.0200,7.0200,6.9900,7.0000,1081400,7573349.0000,3
2026-01-15,20260115095000000,sz.000968,7.0100,7.0100,6.9800,7.0100,352700,2466309.0000,3
2026-01-15,20260115095500000,sz.000968,7.0000,7.0100,6.9900,7.0000,316200,2212482.0000,3
2026-01-15,20260115100000000,sz.000968,7.0000,7.0500,7.0000,7.0400,340200,2391052.0000,3
2026-01-15,20260115100500000,sz.000968,7.0500,7.0500,7.0200,7.0200,349700,2461842.0000,3
2026-01-15,20260115101000000,sz.000968,7.0300,7.0300,7.0000,7.0000,172400,1208618.0000,3
2026-01-15,20260115101500000,sz.000968,7.0000,7.0100,6.9900,7.0000,170200,1191112.0000,3
2026-01-15,20260115102000000,sz.000968,7.0000,7.0100,7.0000,7.0000,154500,1081680.0000,3
2026-01-15,20260115102500000,sz.000968,7.0000,7.0100,6.9800,6.9900,262500,1835214.0000,3
2026-01-15,20260115103000000,sz.000968,6.9900,7.0300,6.9900,7.0200,165300,1158361.0000,3
2026-01-15,20260115103500000,sz.000968,7.0200,7.0300,7.0100,7.0200,88400,620569.0000,3
2026-01-15,20260115104000000,sz.000968,7.0200,7.0200,7.0100,7.0100,63800,447366.0000,3
2026-01-15,20260115104500000,sz.000968,7.0100,7.0400,7.0100,7.0300,155500,1092093.0000,3
2026-01-15,20260115105000000,sz.000968,7.0300,7.0400,7.0200,7.0300,119400,839144.0000,3
2026-01-15,20260115105500000,sz.000968,7.0300,7.0400,7.0100,7.0100,138100,970449.0000,3
2026-01-15,20260115110000000,sz.000968,7.0100,7.0100,6.9900,6.9900,228300,1598736.0000,3
2026-01-15,20260115110500000,sz.000968,7.0000,7.0000,6.9800,6.9900,216400,1512677.0000,3
2026-01-15,20260115111000000,sz.000968,6.9900,7.0100,6.9900,7.0100,207900,1454632.0000,3
2026-01-15,20260115111500000,sz.000968,7.0100,7.0100,6.9900,7.0000,56300,394095.0000,3
2026-01-15,20260115112000000,sz.000968,7.0000,7.0100,6.9900,7.0000,155100,1084749.0000,3
2026-01-15,20260115112500000,sz.000968,6.9900,7.0100,6.9900,6.9900,72700,508751.0000,3
2026-01-15,20260115113000000,sz.000968,6.9900,7.0100,6.9800,7.0000,152800,1068893.0000,3
2026-01-15,20260115130500000,sz.000968,7.0000,7.0800,6.9900,7.0500,1227300,8643767.0000,3
2026-01-15,20260115131000000,sz.000968,7.0400,7.0500,7.0300,7.0300,104700,736768.0000,3
2026-01-15,20260115131500000,sz.000968,7.0300,7.0600,7.0300,7.0600,181900,1282236.0000,3
2026-01-15,20260115132000000,sz.000968,7.0600,7.0600,7.0400,7.0500,85600,603626.0000,3
2026-01-15,20260115132500000,sz.000968,7.0500,7.0600,7.0400,7.0500,114800,809414.0000,3
2026-01-15,20260115133000000,sz.000968,7.0500,7.0600,7.0400,7.0500,82100,578663.0000,3
2026-01-15,20260115133500000,sz.000968,7.0600,7.0600,7.0500,7.0500,65800,463949.0000,3
2026-01-15,20260115134000000,sz.000968,7.0400,7.0500,7.0300,7.0300,77500,545476.0000,3
2026-01-15,20260115134500000,sz.000968,7.0400,7.0500,7.0300,7.0500,122305,860557.1500,3
2026-01-15,20260115135000000,sz.000968,7.0500,7.0500,7.0400,7.0500,105100,739986.0000,3
2026-01-15,20260115135500000,sz.000968,7.0500,7.0500,7.0400,7.0400,53700,378068.0000,3
2026-01-15,20260115140000000,sz.000968,7.0400,7.0400,7.0200,7.0300,183095,1286368.8500,3
2026-01-15,20260115140500000,sz.000968,7.0300,7.0500,7.0200,7.0300,134705,947279.1500,3
2026-01-15,20260115141000000,sz.000968,7.0300,7.0400,7.0200,7.0300,42600,299451.0000,3
2026-01-15,20260115141500000,sz.000968,7.0300,7.0300,7.0200,7.0300,154000,1081272.0000,3
2026-01-15,20260115142000000,sz.000968,7.0300,7.0300,7.0100,7.0200,107000,750389.0000,3
2026-01-15,20260115142500000,sz.000968,7.0200,7.0500,7.0100,7.0400,550300,3867655.0000,3
2026-01-15,20260115143000000,sz.000968,7.0400,7.0500,7.0400,7.0500,72800,512568.0000,3
2026-01-15,20260115143500000,sz.000968,7.0400,7.0500,7.0200,7.0300,121900,856663.0000,3
2026-01-15,20260115144000000,sz.000968,7.0200,7.0400,7.0200,7.0300,187600,1318880.0000,3
2026-01-15,20260115144500000,sz.000968,7.0400,7.0400,7.0300,7.0300,66500,467595.0000,3
2026-01-15,20260115145000000,sz.000968,7.0300,7.0500,7.0300,7.0300,227417,1600738.5100,3
2026-01-15,20260115145500000,sz.000968,7.0400,7.0500,7.0300,7.0500,230300,1621470.0000,3
2026-01-15,20260115150000000,sz.000968,7.0500,7.0600,7.0400,7.0400,315800,2225335.0000,3
2026-01-16,20260116093500000,sz.000968,7.0100,7.0300,6.9800,6.9800,975900,6831408.0000,3
2026-01-16,20260116094000000,sz.000968,6.9800,6.9900,6.9400,6.9400,1893800,13176216.0000,3
2026-01-16,20260116094500000,sz.000968,6.9400,6.9700,6.9300,6.9600,683800,4750481.0000,3
2026-01-16,20260116095000000,sz.000968,6.9600,6.9800,6.9600,6.9600,297600,2072528.0000,3
2026-01-16,20260116095500000,sz.000968,6.9600,7.0000,6.9600,7.0000,329600,2298618.0000,3
2026-01-16,20260116100000000,sz.000968,7.0000,7.0000,6.9700,6.9800,182200,1272425.0000,3
2026-01-16,20260116100500000,sz.000968,6.9800,6.9900,6.9600,6.9600,593900,4134585.0000,3
2026-01-16,20260116101000000,sz.000968,6.9600,6.9700,6.9500,6.9600,140000,974112.0000,3
2026-01-16,20260116101500000,sz.000968,6.9500,6.9600,6.9500,6.9600,378000,2628202.0000,3
2026-01-16,20260116102000000,sz.000968,6.9500,6.9700,6.9500,6.9600,206700,1438994.0000,3
2026-01-16,20260116102500000,sz.000968,6.9600,6.9600,6.9400,6.9400,293900,2040883.0000,3
2026-01-16,20260116103000000,sz.000968,6.9400,6.9400,6.9200,6.9200,541300,3751458.0000,3
2026-01-16,20260116103500000,sz.000968,6.9300,6.9400,6.9200,6.9300,272000,1884327.0000,3
2026-01-16,20260116104000000,sz.000968,6.9300,6.9400,6.9300,6.9400,165900,1149743.0000,3
2026-01-16,20260116104500000,sz.000968,6.9400,6.9400,6.9200,6.9200,243000,1682159.0000,3
2026-01-16,20260116105000000,sz.000968,6.9300,6.9300,6.9100,6.9100,125600,868811.0000,3
2026-01-16,20260116105500000,sz.000968,6.9100,6.9400,6.9100,6.9100,335600,2323429.0000,3
2026-01-16,20260116110000000,sz.000968,6.9200,6.9300,6.9100,6.9200,83900,580559.0000,3
2026-01-16,20260116110500000,sz.000968,6.9200,6.9400,6.9200,6.9300,102800,712501.0000,3
2026-01-16,20260116111000000,sz.000968,6.9300,6.9400,6.9200,6.9400,129700,898610.0000,3
2026-01-16,20260116111500000,sz.000968,6.9400,6.9400,6.9200,6.9200,128800,891665.0000,3
2026-01-16,20260116112000000,sz.000968,6.9200,6.9300,6.9100,6.9200,112500,778336.0000,3
2026-01-16,20260116112500000,sz.000968,6.9200,6.9200,6.9100,6.9200,94400,653078.0000,3
2026-01-16,20260116113000000,sz.000968,6.9200,6.9300,6.9000,6.9100,202000,1396112.0000,3
2026-01-16,20260116130500000,sz.000968,6.9100,6.9100,6.9000,6.9100,277600,1916259.0000,3
2026-01-16,20260116131000000,sz.000968,6.9100,6.9100,6.9000,6.9100,51100,352734.0000,3
2026-01-16,20260116131500000,sz.000968,6.9100,6.9100,6.9000,6.9000,67900,468653.0000,3
2026-01-16,20260116132000000,sz.000968,6.9000,6.9100,6.8900,6.9000,262200,1808744.0000,3
2026-01-16,20260116132500000,sz.000968,6.9000,6.9000,6.8900,6.9000,158300,1091979.0000,3
2026-01-16,20260116133000000,sz.000968,6.9000,6.9100,6.9000,6.9100,60800,419884.0000,3
2026-01-16,20260116133500000,sz.000968,6.9000,6.9100,6.8900,6.9000,181200,1250610.0000,3
2026-01-16,20260116134000000,sz.000968,6.9000,6.9200,6.9000,6.9200,161200,1113925.0000,3
2026-01-16,20260116134500000,sz.000968,6.9200,6.9200,6.9100,6.9200,23100,159737.0000,3
2026-01-16,20260116135000000,sz.000968,6.9100,6.9200,6.9100,6.9100,17900,123741.0000,3
2026-01-16,20260116135500000,sz.000968,6.9100,6.9200,6.9000,6.9100,141200,975727.0000,3
2026-01-16,20260116140000000,sz.000968,6.9000,6.9200,6.9000,6.9200,66300,458108.0000,3
2026-01-16,20260116140500000,sz.000968,6.9200,6.9200,6.9100,6.9100,133400,922036.0000,3
2026-01-16,20260116141000000,sz.000968,6.9100,6.9100,6.9000,6.9100,41800,288539.0000,3
2026-01-16,20260116141500000,sz.000968,6.9100,6.9100,6.8900,6.9000,527200,3635630.0000,3
2026-01-16,20260116142000000,sz.000968,6.9000,6.9000,6.8900,6.8900,64500,444423.0000,3
2026-01-16,20260116142500000,sz.000968,6.8900,6.9000,6.8900,6.8900,164100,1130764.0000,3
2026-01-16,20260116143000000,sz.000968,6.8900,6.9000,6.8900,6.9000,181800,1253732.0000,3
2026-01-16,20260116143500000,sz.000968,6.9000,6.9000,6.8800,6.8900,304700,2099341.0000,3
2026-01-16,20260116144000000,sz.000968,6.8900,6.9000,6.8800,6.8800,169000,1164227.0000,3
2026-01-16,20260116144500000,sz.000968,6.8800,6.8900,6.8800,6.8900,248200,1708493.0000,3
2026-01-16,20260116145000000,sz.000968,6.8900,6.8900,6.8800,6.8900,343300,2362563.0000,3
2026-01-16,20260116145500000,sz.000968,6.8800,6.8900,6.8700,6.8800,577000,3967431.0000,3
2026-01-16,20260116150000000,sz.000968,6.8700,6.8800,6.8600,6.8600,704100,4835096.0000,3
2026-01-19,20260119093500000,sz.000968,6.8600,6.9500,6.8500,6.9300,1201500,8309095.0000,3
2026-01-19,20260119094000000,sz.000968,6.9200,6.9900,6.9200,6.9900,1193500,8301104.0000,3
2026-01-19,20260119094500000,sz.000968,6.9800,7.0000,6.9500,6.9900,644700,4500806.0000,3
2026-01-19,20260119095000000,sz.000968,6.9900,6.9900,6.9600,6.9700,379300,2643649.0000,3
2026-01-19,20260119095500000,sz.000968,6.9700,6.9800,6.9600,6.9700,313000,2180837.0000,3
2026-01-19,20260119100000000,sz.000968,6.9700,6.9800,6.9600,6.9700,191100,1332074.0000,3
2026-01-19,20260119100500000,sz.000968,6.9700,6.9700,6.9500,6.9600,221300,1540362.0000,3
2026-01-19,20260119101000000,sz.000968,6.9600,6.9800,6.9600,6.9700,156200,1088579.0000,3
2026-01-19,20260119101500000,sz.000968,6.9700,6.9800,6.9600,6.9800,127700,890128.0000,3
2026-01-19,20260119102000000,sz.000968,6.9800,6.9800,6.9600,6.9600,118500,825658.0000,3
2026-01-19,20260119102500000,sz.000968,6.9600,6.9700,6.9600,6.9600,215200,1498674.0000,3
2026-01-19,20260119103000000,sz.000968,6.9600,6.9800,6.9600,6.9700,133800,932263.0000,3
2026-01-19,20260119103500000,sz.000968,6.9700,6.9800,6.9600,6.9600,99800,695482.0000,3
2026-01-19,20260119104000000,sz.000968,6.9600,6.9700,6.9600,6.9600,51800,360644.0000,3
2026-01-19,20260119104500000,sz.000968,6.9700,6.9700,6.9500,6.9500,164600,1145142.0000,3
2026-01-19,20260119105000000,sz.000968,6.9600,6.9700,6.9500,6.9600,147700,1027283.0000,3
2026-01-19,20260119105500000,sz.000968,6.9600,6.9700,6.9600,6.9700,22100,153998.0000,3
2026-01-19,20260119110000000,sz.000968,6.9700,6.9700,6.9600,6.9600,46400,323178.0000,3
2026-01-19,20260119110500000,sz.000968,6.9600,6.9800,6.9600,6.9700,83500,581963.0000,3
2026-01-19,20260119111000000,sz.000968,6.9700,6.9700,6.9600,6.9700,25300,176229.0000,3
2026-01-19,20260119111500000,sz.000968,6.9700,6.9700,6.9600,6.9600,88100,613889.0000,3
2026-01-19,20260119112000000,sz.000968,6.9600,6.9800,6.9600,6.9800,55400,386148.0000,3
2026-01-19,20260119112500000,sz.000968,6.9800,6.9800,6.9600,6.9700,267900,1866315.0000,3
2026-01-19,20260119113000000,sz.000968,6.9700,6.9800,6.9600,6.9700,175200,1220933.0000,3
2026-01-19,20260119130500000,sz.000968,6.9600,6.9800,6.9600,6.9700,80000,557377.0000,3
2026-01-19,20260119131000000,sz.000968,6.9700,6.9700,6.9600,6.9700,21600,150431.0000,3
2026-01-19,20260119131500000,sz.000968,6.9700,6.9700,6.9600,6.9600,50000,348274.0000,3
2026-01-19,20260119132000000,sz.000968,6.9600,6.9700,6.9600,6.9700,27600,192241.0000,3
2026-01-19,20260119132500000,sz.000968,6.9700,6.9700,6.9400,6.9500,428400,2976349.0000,3
2026-01-19,20260119133000000,sz.000968,6.9500,6.9600,6.9400,6.9500,298600,2073473.0000,3
2026-01-19,20260119133500000,sz.000968,6.9500,6.9800,6.9500,6.9700,241400,1681946.0000,3
2026-01-19,20260119134000000,sz.000968,6.9700,6.9700,6.9600,6.9700,59500,414512.0000,3
2026-01-19,20260119134500000,sz.000968,6.9700,6.9800,6.9700,6.9700,64200,447543.0000,3
2026-01-19,20260119135000000,sz.000968,6.9700,6.9700,6.9600,6.9700,69300,482992.0000,3
2026-01-19,20260119135500000,sz.000968,6.9700,6.9700,6.9500,6.9500,102800,715447.0000,3
2026-01-19,20260119140000000,sz.000968,6.9500,6.9600,6.9500,6.9500,170300,1184014.0000,3
2026-01-19,20260119140500000,sz.000968,6.9500,6.9700,6.9500,6.9700,128500,894350.0000,3
2026-01-19,20260119141000000,sz.000968,6.9700,6.9700,6.9600,6.9700,45300,315531.0000,3
2026-01-19,20260119141500000,sz.000968,6.9700,6.9800,6.9700,6.9800,156600,1091746.0000,3
2026-01-19,20260119142000000,sz.000968,6.9800,6.9800,6.9700,6.9800,36800,256617.0000,3
2026-01-19,20260119142500000,sz.000968,6.9800,6.9800,6.9700,6.9800,53300,371693.0000,3
2026-01-19,20260119143000000,sz.000968,6.9800,6.9900,6.9700,6.9900,313300,2186363.0000,3
2026-01-19,20260119143500000,sz.000968,6.9900,6.9900,6.9800,6.9800,360600,2518057.0000,3
2026-01-19,20260119144000000,sz.000968,6.9800,6.9900,6.9800,6.9800,101000,705791.0000,3
2026-01-19,20260119144500000,sz.000968,6.9900,7.0000,6.9900,7.0000,422300,2952658.0000,3
2026-01-19,20260119145000000,sz.000968,6.9900,7.0000,6.9900,6.9900,236600,1654195.0000,3
2026-01-19,20260119145500000,sz.000968,6.9900,7.0000,6.9900,7.0000,333600,2334622.0000,3
2026-01-19,20260119150000000,sz.000968,6.9900,7.0000,6.9800,6.9900,616900,4312526.0000,3
2026-01-20,20260120093500000,sz.000968,7.1300,7.4300,7.1300,7.2800,10089100,73759740.0000,3
2026-01-20,20260120094000000,sz.000968,7.2700,7.4000,7.2700,7.3000,2879900,21109624.0000,3
2026-01-20,20260120094500000,sz.000968,7.3000,7.3300,7.2700,7.2900,1322800,9671227.0000,3
2026-01-20,20260120095000000,sz.000968,7.2900,7.2900,7.2400,7.2500,888900,6456192.0000,3
2026-01-20,20260120095500000,sz.000968,7.2400,7.2700,7.2000,7.2200,1233400,8928454.0000,3
2026-01-20,20260120100000000,sz.000968,7.2200,7.2400,7.2100,7.2200,463400,3347246.0000,3
2026-01-20,20260120100500000,sz.000968,7.2100,7.2200,7.1600,7.1600,593400,4262494.0000,3
2026-01-20,20260120101000000,sz.000968,7.1700,7.2000,7.1700,7.1700,570100,4093169.0000,3
2026-01-20,20260120101500000,sz.000968,7.1700,7.1800,7.1600,7.1800,490800,3521660.0000,3
2026-01-20,20260120102000000,sz.000968,7.1900,7.1900,7.1700,7.1800,360700,2591256.0000,3
2026-01-20,20260120102500000,sz.000968,7.1800,7.2000,7.1800,7.1800,343600,2470510.0000,3
2026-01-20,20260120103000000,sz.000968,7.1900,7.1900,7.1700,7.1800,301800,2166768.0000,3
2026-01-20,20260120103500000,sz.000968,7.1900,7.1900,7.1600,7.1700,503300,3611652.0000,3
2026-01-20,20260120104000000,sz.000968,7.1700,7.1900,7.1700,7.1900,300300,2156139.0000,3
2026-01-20,20260120104500000,sz.000968,7.1900,7.2000,7.1800,7.1900,206500,1484499.0000,3
2026-01-20,20260120105000000,sz.000968,7.1900,7.1900,7.1700,7.1800,221900,1592611.0000,3
2026-01-20,20260120105500000,sz.000968,7.1800,7.2200,7.1700,7.1900,866700,6236559.0000,3
2026-01-20,20260120110000000,sz.000968,7.1900,7.2000,7.1800,7.1900,271800,1954340.0000,3
2026-01-20,20260120110500000,sz.000968,7.1900,7.2100,7.1800,7.2000,270500,1947257.0000,3
2026-01-20,20260120111000000,sz.000968,7.2000,7.2100,7.1900,7.2100,171500,1236016.0000,3
2026-01-20,20260120111500000,sz.000968,7.2100,7.2200,7.2000,7.2200,103600,747029.0000,3
2026-01-20,20260120112000000,sz.000968,7.2200,7.2300,7.2100,7.2200,193600,1397763.0000,3
2026-01-20,20260120112500000,sz.000968,7.2200,7.2200,7.2000,7.2000,168800,1217347.0000,3
2026-01-20,20260120113000000,sz.000968,7.2000,7.2100,7.1900,7.1900,183800,1323464.0000,3
2026-01-20,20260120130500000,sz.000968,7.2000,7.2000,7.1500,7.1600,503600,3613368.0000,3
2026-01-20,20260120131000000,sz.000968,7.1600,7.1700,7.1500,7.1600,125600,899121.0000,3
2026-01-20,20260120131500000,sz.000968,7.1600,7.1800,7.1400,7.1700,447300,3202207.0000,3
2026-01-20,20260120132000000,sz.000968,7.1700,7.1800,7.1600,7.1800,80200,575502.0000,3
2026-01-20,20260120132500000,sz.000968,7.1800,7.1800,7.1600,7.1700,175600,1259002.0000,3
2026-01-20,20260120133000000,sz.000968,7.1700,7.1900,7.1600,7.1800,284538,2041000.8400,3
2026-01-20,20260120133500000,sz.000968,7.1800,7.1900,7.1700,7.1800,90200,647415.0000,3
2026-01-20,20260120134000000,sz.000968,7.1800,7.1800,7.1600,7.1700,65800,471656.0000,3
2026-01-20,20260120134500000,sz.000968,7.1700,7.2000,7.1700,7.1900,359100,2579955.0000,3
2026-01-20,20260120135000000,sz.000968,7.1900,7.2200,7.1800,7.2200,412001,2966309.1800,3
2026-01-20,20260120135500000,sz.000968,7.2200,7.2300,7.2000,7.2000,221100,1595256.0000,3
2026-01-20,20260120140000000,sz.000968,7.2000,7.2200,7.2000,7.2200,194300,1401700.0000,3
2026-01-20,20260120140500000,sz.000968,7.2100,7.2100,7.2000,7.2100,194800,1403525.0000,3
2026-01-20,20260120141000000,sz.000968,7.2000,7.2100,7.2000,7.2100,122800,884767.0000,3
2026-01-20,20260120141500000,sz.000968,7.2100,7.2100,7.2000,7.2100,129900,936290.0000,3
2026-01-20,20260120142000000,sz.000968,7.2100,7.2200,7.2000,7.2100,302600,2181705.0000,3
2026-01-20,20260120142500000,sz.000968,7.2100,7.2300,7.2100,7.2300,369000,2665557.0000,3
2026-01-20,20260120143000000,sz.000968,7.2300,7.2300,7.2100,7.2100,406200,2932725.0000,3
2026-01-20,20260120143500000,sz.000968,7.2100,7.2200,7.2100,7.2200,239700,1729405.0000,3
2026-01-20,20260120144000000,sz.000968,7.2200,7.2300,7.2100,7.2300,391800,2828826.0000,3
2026-01-20,20260120144500000,sz.000968,7.2300,7.2400,7.2200,7.2400,482401,3486669.2200,3
2026-01-20,20260120145000000,sz.000968,7.2400,7.2500,7.2300,7.2500,550900,3990468.0000,3
2026-01-20,20260120145500000,sz.000968,7.2500,7.2500,7.2400,7.2500,866900,6282614.0000,3
2026-01-20,20260120150000000,sz.000968,7.2400,7.2500,7.2400,7.2400,784900,5682934.0000,3
2026-01-21,20260121093500000,sz.000968,7.2000,7.3300,7.2000,7.2900,3256300,23681698.0000,3
2026-01-21,20260121094000000,sz.000968,7.2800,7.3600,7.2800,7.3500,3103400,22724939.0000,3
2026-01-21,20260121094500000,sz.000968,7.3600,7.3600,7.3000,7.3300,1147200,8417010.0000,3
2026-01-21,20260121095000000,sz.000968,7.3300,7.3800,7.3000,7.3500,1056500,7754679.0000,3
2026-01-21,20260121095500000,sz.000968,7.3500,7.3800,7.3300,7.3500,1592500,11713234.0000,3
2026-01-21,20260121100000000,sz.000968,7.3500,7.4000,7.3500,7.3900,1533200,11328881.0000,3
2026-01-21,20260121100500000,sz.000968,7.3900,7.3900,7.3700,7.3700,495500,3656094.0000,3
2026-01-21,20260121101000000,sz.000968,7.3700,7.4300,7.3700,7.3700,1317800,9748168.0000,3
2026-01-21,20260121101500000,sz.000968,7.3700,7.3700,7.3500,7.3600,530600,3905502.0000,3
2026-01-21,20260121102000000,sz.000968,7.3500,7.3700,7.3400,7.3600,393700,2896354.0000,3
2026-01-21,20260121102500000,sz.000968,7.3700,7.3700,7.3300,7.3400,411800,3027567.0000,3
2026-01-21,20260121103000000,sz.000968,7.3300,7.3400,7.3200,7.3400,447700,3281221.0000,3
2026-01-21,20260121103500000,sz.000968,7.3400,7.3400,7.3100,7.3100,444600,3255807.0000,3
2026-01-21,20260121104000000,sz.000968,7.3100,7.3400,7.3100,7.3400,370200,2712279.0000,3
2026-01-21,20260121104500000,sz.000968,7.3400,7.3500,7.3200,7.3300,360500,2644810.0000,3
2026-01-21,20260121105000000,sz.000968,7.3300,7.3500,7.3200,7.3300,549300,4024403.0000,3
2026-01-21,20260121105500000,sz.000968,7.3300,7.3600,7.3300,7.3600,170301,1252572.3500,3
2026-01-21,20260121110000000,sz.000968,7.3600,7.3600,7.2800,7.3200,1368900,10008495.9500,3
2026-01-21,20260121110500000,sz.000968,7.3300,7.3400,7.3200,7.3400,167300,1226844.0000,3
2026-01-21,20260121111000000,sz.000968,7.3400,7.3500,7.3300,7.3400,191000,1401256.0000,3
2026-01-21,20260121111500000,sz.000968,7.3400,7.3600,7.3200,7.3600,443505,3251686.6000,3
2026-01-21,20260121112000000,sz.000968,7.3600,7.3600,7.3300,7.3300,163300,1198097.0000,3
2026-01-21,20260121112500000,sz.000968,7.3300,7.3600,7.3300,7.3600,135700,997356.0000,3
2026-01-21,20260121113000000,sz.000968,7.3600,7.3700,7.3400,7.3700,197100,1449246.0000,3
2026-01-21,20260121130500000,sz.000968,7.3700,7.3700,7.3400,7.3400,419100,3080498.0000,3
2026-01-21,20260121131000000,sz.000968,7.3400,7.3500,7.3400,7.3500,91900,675050.0000,3
2026-01-21,20260121131500000,sz.000968,7.3500,7.3500,7.3300,7.3400,511300,3751380.0000,3
2026-01-21,20260121132000000,sz.000968,7.3300,7.3400,7.3200,7.3400,253100,1855526.0000,3
2026-01-21,20260121132500000,sz.000968,7.3400,7.3500,7.3300,7.3400,173373,1272246.0900,3
2026-01-21,20260121133000000,sz.000968,7.3400,7.3400,7.3200,7.3300,294627,2158361.9100,3
2026-01-21,20260121133500000,sz.000968,7.3200,7.3400,7.3200,7.3400,231573,1697864.0900,3
2026-01-21,20260121134000000,sz.000968,7.3400,7.3400,7.3200,7.3300,355027,2602255.9100,3
2026-01-21,20260121134500000,sz.000968,7.3300,7.3300,7.3200,7.3200,128800,943804.0000,3
2026-01-21,20260121135000000,sz.000968,7.3200,7.3300,7.3100,7.3200,431800,3161015.0000,3
2026-01-21,20260121135500000,sz.000968,7.3200,7.3200,7.3000,7.3100,668200,4883761.0000,3
2026-01-21,20260121140000000,sz.000968,7.3000,7.3100,7.3000,7.3000,199400,1457210.0000,3
2026-01-21,20260121140500000,sz.000968,7.3000,7.3200,7.3000,7.3200,209400,1531664.0000,3
2026-01-21,20260121141000000,sz.000968,7.3200,7.3300,7.3100,7.3300,166400,1218022.0000,3
2026-01-21,20260121141500000,sz.000968,7.3300,7.3300,7.3200,7.3200,196600,1440799.0000,3
2026-01-21,20260121142000000,sz.000968,7.3200,7.3500,7.3200,7.3500,316900,2325507.0000,3
2026-01-21,20260121142500000,sz.000968,7.3500,7.3500,7.3300,7.3400,386600,2838285.0000,3
2026-01-21,20260121143000000,sz.000968,7.3300,7.3400,7.3200,7.3400,129200,947082.0000,3
2026-01-21,20260121143500000,sz.000968,7.3400,7.3500,7.3300,7.3400,194580,1428178.4000,3
2026-01-21,20260121144000000,sz.000968,7.3400,7.3700,7.3400,7.3600,655480,4822914.0000,3
2026-01-21,20260121144500000,sz.000968,7.3500,7.3600,7.3400,7.3400,374220,2749435.0000,3
2026-01-21,20260121145000000,sz.000968,7.3500,7.3800,7.3400,7.3800,606700,4468638.0000,3
2026-01-21,20260121145500000,sz.000968,7.3700,7.3800,7.3600,7.3700,467900,3447879.0000,3
2026-01-21,20260121150000000,sz.000968,7.3700,7.3700,7.3600,7.3600,544900,4011828.0000,3
2026-01-22,20260122093500000,sz.000968,7.5000,8.1000,7.5000,8.1000,15095680,119361280.0000,3
2026-01-22,20260122094000000,sz.000968,8.1000,8.1000,8.1000,8.1000,1727300,13991130.0000,3
2026-01-22,20260122094500000,sz.000968,8.1000,8.1000,8.1000,8.1000,731500,5925150.0000,3
2026-01-22,20260122095000000,sz.000968,8.1000,8.1000,8.1000,8.1000,727600,5893560.0000,3
2026-01-22,20260122095500000,sz.000968,8.1000,8.1000,8.1000,8.1000,248000,2008800.0000,3
2026-01-22,20260122100000000,sz.000968,8.1000,8.1000,8.1000,8.1000,201800,1634580.0000,3
2026-01-22,20260122100500000,sz.000968,8.1000,8.1000,8.1000,8.1000,209500,1696950.0000,3
2026-01-22,20260122101000000,sz.000968,8.1000,8.1000,8.1000,8.1000,134105,1086250.5000,3
2026-01-22,20260122101500000,sz.000968,8.1000,8.1000,8.1000,8.1000,146120,1183572.0000,3
2026-01-22,20260122102000000,sz.000968,8.1000,8.1000,8.1000,8.1000,111900,906390.0000,3
2026-01-22,20260122102500000,sz.000968,8.1000,8.1000,8.1000,8.1000,337400,2732940.0000,3
2026-01-22,20260122103000000,sz.000968,8.1000,8.1000,8.1000,8.1000,106600,863460.0000,3
2026-01-22,20260122103500000,sz.000968,8.1000,8.1000,8.1000,8.1000,86200,698220.0000,3
2026-01-22,20260122104000000,sz.000968,8.1000,8.1000,8.1000,8.1000,220400,1785240.0000,3
2026-01-22,20260122104500000,sz.000968,8.1000,8.1000,8.1000,8.1000,80700,653670.0000,3
2026-01-22,20260122105000000,sz.000968,8.1000,8.1000,8.1000,8.1000,63600,515160.0000,3
2026-01-22,20260122105500000,sz.000968,8.1000,8.1000,8.1000,8.1000,215700,1747170.0000,3
2026-01-22,20260122110000000,sz.000968,8.1000,8.1000,8.1000,8.1000,26100,211410.0000,3
2026-01-22,20260122110500000,sz.000968,8.1000,8.1000,8.1000,8.1000,81200,657720.0000,3
2026-01-22,20260122111000000,sz.000968,8.1000,8.1000,8.1000,8.1000,36600,296460.0000,3
2026-01-22,20260122111500000,sz.000968,8.1000,8.1000,8.1000,8.1000,80100,648810.0000,3
2026-01-22,20260122112000000,sz.000968,8.1000,8.1000,8.1000,8.1000,39000,315900.0000,3
2026-01-22,20260122112500000,sz.000968,8.1000,8.1000,8.1000,8.1000,54200,439020.0000,3
2026-01-22,20260122113000000,sz.000968,8.1000,8.1000,8.1000,8.1000,30200,244620.0000,3
2026-01-22,20260122130500000,sz.000968,8.1000,8.1000,8.1000,8.1000,108100,875610.0000,3
2026-01-22,20260122131000000,sz.000968,8.1000,8.1000,8.1000,8.1000,42700,345870.0000,3
2026-01-22,20260122131500000,sz.000968,8.1000,8.1000,8.1000,8.1000,52400,424440.0000,3
2026-01-22,20260122132000000,sz.000968,8.1000,8.1000,8.1000,8.1000,42400,343440.0000,3
2026-01-22,20260122132500000,sz.000968,8.1000,8.1000,8.1000,8.1000,40900,331290.0000,3
2026-01-22,20260122133000000,sz.000968,8.1000,8.1000,8.1000,8.1000,47900,387990.0000,3
2026-01-22,20260122133500000,sz.000968,8.1000,8.1000,8.1000,8.1000,53300,431730.0000,3
2026-01-22,20260122134000000,sz.000968,8.1000,8.1000,8.1000,8.1000,5000,40500.0000,3
2026-01-22,20260122134500000,sz.000968,8.1000,8.1000,8.1000,8.1000,13600,110160.0000,3
2026-01-22,20260122135000000,sz.000968,8.1000,8.1000,8.1000,8.1000,54800,443880.0000,3
2026-01-22,20260122135500000,sz.000968,8.1000,8.1000,8.1000,8.1000,18676,151275.6000,3
2026-01-22,20260122140000000,sz.000968,8.1000,8.1000,8.1000,8.1000,25800,208980.0000,3
2026-01-22,20260122140500000,sz.000968,8.1000,8.1000,8.1000,8.1000,8700,70470.0000,3
2026-01-22,20260122141000000,sz.000968,8.1000,8.1000,8.1000,8.1000,7700,62370.0000,3
2026-01-22,20260122141500000,sz.000968,8.1000,8.1000,8.1000,8.1000,15300,123930.0000,3
2026-01-22,20260122142000000,sz.000968,8.1000,8.1000,8.1000,8.1000,15130,122553.0000,3
2026-01-22,20260122142500000,sz.000968,8.1000,8.1000,8.1000,8.1000,14600,118260.0000,3
2026-01-22,20260122143000000,sz.000968,8.1000,8.1000,8.1000,8.1000,66500,538650.0000,3
2026-01-22,20260122143500000,sz.000968,8.1000,8.1000,8.1000,8.1000,23900,193590.0000,3
2026-01-22,20260122144000000,sz.000968,8.1000,8.1000,8.1000,8.1000,19900,161190.0000,3
2026-01-22,20260122144500000,sz.000968,8.1000,8.1000,8.1000,8.1000,44290,358749.0000,3
2026-01-22,20260122145000000,sz.000968,8.1000,8.1000,8.1000,8.1000,28700,232470.0000,3
2026-01-22,20260122145500000,sz.000968,8.1000,8.1000,8.1000,8.1000,52900,428490.0000,3
2026-01-22,20260122150000000,sz.000968,8.1000,8.1000,8.1000,8.1000,132000,1069200.0000,3
2026-01-23,20260123093500000,sz.000968,8.1000,8.2300,7.9200,7.9400,21514600,173938582.4200,3
2026-01-23,20260123094000000,sz.000968,7.9400,8.1600,7.9400,8.1100,5714410,45807946.1000,3
2026-01-23,20260123094500000,sz.000968,8.1500,8.1500,7.9600,7.9800,3673200,29547473.0000,3
2026-01-23,20260123095000000,sz.000968,7.9900,8.0000,7.9500,7.9600,2143900,17093791.0000,3
2026-01-23,20260123095500000,sz.000968,7.9500,7.9800,7.9000,7.9400,3059600,24283268.0000,3
2026-01-23,20260123100000000,sz.000968,7.9300,7.9700,7.9000,7.9100,2373300,18800961.0000,3
2026-01-23,20260123100500000,sz.000968,7.9100,7.9500,7.9100,7.9300,1649300,13081701.0000,3
2026-01-23,20260123101000000,sz.000968,7.9300,7.9500,7.9200,7.9300,939001,7449765.9200,3
2026-01-23,20260123101500000,sz.000968,7.9300,7.9700,7.9200,7.9400,1781600,14146183.1000,3
2026-01-23,20260123102000000,sz.000968,7.9500,7.9500,7.9300,7.9400,903500,7174293.0000,3
2026-01-23,20260123102500000,sz.000968,7.9300,7.9700,7.9300,7.9300,1064700,8457564.9900,3
2026-01-23,20260123103000000,sz.000968,7.9300,7.9900,7.9200,7.9800,1312201,10417871.9300,3
2026-01-23,20260123103500000,sz.000968,7.9700,7.9900,7.9600,7.9700,1046000,8344648.0000,3
2026-01-23,20260123104000000,sz.000968,7.9700,7.9900,7.9600,7.9700,766400,6109079.0000,3
2026-01-23,20260123104500000,sz.000968,7.9700,7.9800,7.9500,7.9600,397100,3162091.0000,3
2026-01-23,20260123105000000,sz.000968,7.9600,7.9800,7.9600,7.9700,284800,2270354.0000,3
2026-01-23,20260123105500000,sz.000968,7.9600,7.9700,7.9500,7.9700,542000,4314258.0000,3
2026-01-23,20260123110000000,sz.000968,7.9700,7.9700,7.9400,7.9600,700100,5569298.0000,3
2026-01-23,20260123110500000,sz.000968,7.9600,7.9800,7.9600,7.9700,235100,1873864.0000,3
2026-01-23,20260123111000000,sz.000968,7.9700,8.0000,7.9700,8.0000,446500,3565005.0000,3
2026-01-23,20260123111500000,sz.000968,7.9900,8.0000,7.9700,7.9900,839300,6699290.0000,3
2026-01-23,20260123112000000,sz.000968,7.9900,8.0100,7.9900,7.9900,410800,3286205.0000,3
2026-01-23,20260123112500000,sz.000968,8.0000,8.0000,7.9700,7.9700,421400,3364803.0000,3
2026-01-23,20260123113000000,sz.000968,7.9800,8.0200,7.9700,8.0100,406900,3252577.0000,3
2026-01-23,20260123130500000,sz.000968,8.0100,8.0100,7.9700,7.9800,730800,5841776.0000,3
2026-01-23,20260123131000000,sz.000968,7.9800,7.9800,7.9600,7.9800,440300,3509406.0000,3
2026-01-23,20260123131500000,sz.000968,7.9800,8.0000,7.9700,7.9700,465201,3714892.9800,3
2026-01-23,20260123132000000,sz.000968,7.9800,8.0200,7.9800,7.9900,649300,5188886.0000,3
2026-01-23,20260123132500000,sz.000968,7.9900,7.9900,7.9700,7.9800,378300,3018030.0000,3
2026-01-23,20260123133000000,sz.000968,7.9700,7.9800,7.9600,7.9600,608300,4845860.0000,3
2026-01-23,20260123133500000,sz.000968,7.9600,7.9700,7.9500,7.9500,648600,5162251.0000,3
2026-01-23,20260123134000000,sz.000968,7.9600,7.9700,7.9500,7.9600,299400,2384009.0000,3
2026-01-23,20260123134500000,sz.000968,7.9600,7.9700,7.9500,7.9600,644073,5127425.0800,3
2026-01-23,20260123135000000,sz.000968,7.9500,7.9600,7.9500,7.9500,349100,2776532.0000,3
2026-01-23,20260123135500000,sz.000968,7.9500,7.9600,7.9400,7.9400,639100,5080484.0000,3
2026-01-23,20260123140000000,sz.000968,7.9400,7.9600,7.9400,7.9400,816400,6484957.0000,3
2026-01-23,20260123140500000,sz.000968,7.9400,7.9600,7.9400,7.9600,758300,6027327.0000,3
2026-01-23,20260123141000000,sz.000968,7.9600,7.9600,7.9400,7.9400,339500,2698693.0000,3
2026-01-23,20260123141500000,sz.000968,7.9400,7.9400,7.9300,7.9400,389800,3094466.0000,3
2026-01-23,20260123142000000,sz.000968,7.9400,7.9500,7.9400,7.9400,580700,4615213.0000,3
2026-01-23,20260123142500000,sz.000968,7.9400,7.9500,7.9400,7.9400,292201,2321714.9400,3
2026-01-23,20260123143000000,sz.000968,7.9400,7.9500,7.9400,7.9500,737100,5856356.0000,3
2026-01-23,20260123143500000,sz.000968,7.9400,7.9500,7.9300,7.9400,803400,6378100.9900,3
2026-01-23,20260123144000000,sz.000968,7.9400,7.9400,7.9200,7.9300,887599,7036710.0700,3
2026-01-23,20260123144500000,sz.000968,7.9300,7.9400,7.9200,7.9300,998600,7917934.0000,3
2026-01-23,20260123145000000,sz.000968,7.9300,7.9400,7.9200,7.9300,857848,6806206.6400,3
2026-01-23,20260123145500000,sz.000968,7.9400,7.9400,7.9300,7.9300,1371100,10879106.0000,3
2026-01-23,20260123150000000,sz.000968,7.9400,7.9500,7.9300,7.9500,1630200,12949722.0000,3
2026-01-26,20260126093500000,sz.000968,8.0900,8.1500,8.0200,8.1300,9704271,78629625.5300,3
2026-01-26,20260126094000000,sz.000968,8.1300,8.1800,8.1200,8.1500,4787600,39047457.0000,3
2026-01-26,20260126094500000,sz.000968,8.1500,8.1700,8.1200,8.1700,3110580,25321156.8000,3
2026-01-26,20260126095000000,sz.000968,8.1700,8.2500,8.1300,8.1800,3888300,31797178.4000,3
2026-01-26,20260126095500000,sz.000968,8.1700,8.1800,8.0800,8.1100,2781600,22577207.0000,3
2026-01-26,20260126100000000,sz.000968,8.1000,8.1500,8.0700,8.0700,1489800,12070708.0000,3
2026-01-26,20260126100500000,sz.000968,8.0700,8.0800,8.0400,8.0700,1464600,11805600.0000,3
2026-01-26,20260126101000000,sz.000968,8.0700,8.0900,8.0500,8.0800,1183617,9554197.0200,3
2026-01-26,20260126101500000,sz.000968,8.0900,8.1200,8.0700,8.0900,740300,5995839.0000,3
2026-01-26,20260126102000000,sz.000968,8.0900,8.1400,8.0700,8.1200,1101500,8936360.0000,3
2026-01-26,20260126102500000,sz.000968,8.1200,8.1300,8.0900,8.1000,913400,7411285.0000,3
2026-01-26,20260126103000000,sz.000968,8.1000,8.1600,8.0800,8.1600,1193600,9698776.0000,3
2026-01-26,20260126103500000,sz.000968,8.1600,8.1900,8.1400,8.1800,1368100,11170055.0000,3
2026-01-26,20260126104000000,sz.000968,8.1800,8.1800,8.1400,8.1400,898100,7329000.0000,3
2026-01-26,20260126104500000,sz.000968,8.1500,8.2200,8.1500,8.2100,1299000,10627708.0000,3
2026-01-26,20260126105000000,sz.000968,8.2100,8.3200,8.1900,8.2800,3838800,31710045.0000,3
2026-01-26,20260126105500000,sz.000968,8.2800,8.3200,8.2300,8.2400,3292600,27259244.5000,3
2026-01-26,20260126110000000,sz.000968,8.2400,8.2500,8.1700,8.1900,1245600,10222955.0000,3
2026-01-26,20260126110500000,sz.000968,8.1800,8.2300,8.1700,8.2000,780600,6394461.0000,3
2026-01-26,20260126111000000,sz.000968,8.1900,8.2000,8.1700,8.2000,608500,4980606.0000,3
2026-01-26,20260126111500000,sz.000968,8.2000,8.2000,8.1700,8.1900,504600,4131241.0000,3
2026-01-26,20260126112000000,sz.000968,8.1900,8.2000,8.1800,8.2000,580000,4747390.0000,3
2026-01-26,20260126112500000,sz.000968,8.2000,8.2000,8.1800,8.1900,432701,3545176.1800,3
2026-01-26,20260126113000000,sz.000968,8.1900,8.2000,8.1600,8.1700,608399,4979759.8200,3
2026-01-26,20260126130500000,sz.000968,8.1600,8.2100,8.1400,8.1700,1122500,9167634.0000,3
2026-01-26,20260126131000000,sz.000968,8.1700,8.1700,8.1000,8.1100,661500,5383073.0000,3
2026-01-26,20260126131500000,sz.000968,8.1000,8.1300,8.0900,8.1300,926200,7501538.0000,3
2026-01-26,20260126132000000,sz.000968,8.1300,8.1600,8.1100,8.1500,784600,6384765.0000,3
2026-01-26,20260126132500000,sz.000968,8.1400,8.1700,8.1200,8.1200,386700,3148713.0000,3
2026-01-26,20260126133000000,sz.000968,8.1300,8.1300,8.0900,8.1100,615400,4986110.0000,3
2026-01-26,20260126133500000,sz.000968,8.1200,8.1300,8.0900,8.1100,438800,3557529.0000,3
2026-01-26,20260126134000000,sz.000968,8.1000,8.1100,8.0800,8.1000,465200,3766116.0000,3
2026-01-26,20260126134500000,sz.000968,8.1000,8.1500,8.0900,8.1200,528700,4293411.0000,3
2026-01-26,20260126135000000,sz.000968,8.1200,8.1300,8.1000,8.1200,250000,2029854.0000,3
2026-01-26,20260126135500000,sz.000968,8.1300,8.1700,8.1300,8.1600,437100,3561967.0000,3
2026-01-26,20260126140000000,sz.000968,8.1600,8.2000,8.1500,8.1600,494800,4043407.0000,3
2026-01-26,20260126140500000,sz.000968,8.1600,8.1800,8.1300,8.1800,634700,5180404.0000,3
2026-01-26,20260126141000000,sz.000968,8.1800,8.2800,8.1800,8.2300,2941100,24248391.0000,3
2026-01-26,20260126141500000,sz.000968,8.2300,8.2400,8.1900,8.2000,785223,6452497.6000,3
2026-01-26,20260126142000000,sz.000968,8.2100,8.2300,8.1900,8.2000,865477,7110586.1700,3
2026-01-26,20260126142500000,sz.000968,8.2000,8.2300,8.2000,8.2000,544000,4467767.0000,3
2026-01-26,20260126143000000,sz.000968,8.2100,8.2200,8.1900,8.1900,875500,7184560.0000,3
2026-01-26,20260126143500000,sz.000968,8.2000,8.2500,8.1900,8.2500,803500,6602391.0000,3
2026-01-26,20260126144000000,sz.000968,8.2600,8.3000,8.2400,8.2800,1659901,13730626.2800,3
2026-01-26,20260126144500000,sz.000968,8.2800,8.3000,8.2600,8.3000,1608700,13317613.9900,3
2026-01-26,20260126145000000,sz.000968,8.3000,8.3500,8.2900,8.3500,2189900,18204930.0000,3
2026-01-26,20260126145500000,sz.000968,8.3500,8.4300,8.3400,8.4000,3931700,32965553.0000,3
2026-01-26,20260126150000000,sz.000968,8.4000,8.4000,8.3500,8.3700,2385812,19991511.4400,3
2026-01-27,20260127093500000,sz.000968,8.0800,8.1100,8.0100,8.0900,7074602,57086226.1600,3
2026-01-27,20260127094000000,sz.000968,8.0900,8.1800,8.0900,8.1000,3731880,30360504.4000,3
2026-01-27,20260127094500000,sz.000968,8.0900,8.1000,8.0200,8.0400,3734700,30086409.0000,3
2026-01-27,20260127095000000,sz.000968,8.0400,8.0500,7.9800,7.9900,3329164,26652591.0800,3
2026-01-27,20260127095500000,sz.000968,7.9900,8.0400,7.9800,7.9800,2672200,21429435.6300,3
2026-01-27,20260127100000000,sz.000968,7.9800,8.0100,7.9500,7.9500,2392912,19088861.6400,3
2026-01-27,20260127100500000,sz.000968,7.9600,7.9700,7.9400,7.9500,1456800,11588599.0000,3
2026-01-27,20260127101000000,sz.000968,7.9600,7.9800,7.9100,7.9100,1758300,13962300.0000,3
2026-01-27,20260127101500000,sz.000968,7.9100,7.9300,7.8800,7.8800,2071300,16354858.0000,3
2026-01-27,20260127102000000,sz.000968,7.8800,7.9100,7.8800,7.9000,1454100,11468977.0000,3
2026-01-27,20260127102500000,sz.000968,7.9000,7.9300,7.9000,7.9100,590520,4678156.2000,3
2026-01-27,20260127103000000,sz.000968,7.9200,7.9400,7.9000,7.9000,485380,3841295.6000,3
2026-01-27,20260127103500000,sz.000968,7.9000,7.9100,7.8800,7.8900,581410,4592684.0000,3
2026-01-27,20260127104000000,sz.000968,7.8800,7.9200,7.8700,7.9100,752300,5930905.0000,3
2026-01-27,20260127104500000,sz.000968,7.9200,7.9300,7.9100,7.9300,240600,1906111.0000,3
2026-01-27,20260127105000000,sz.000968,7.9300,7.9300,7.9000,7.9000,571900,4531086.0000,3
2026-01-27,20260127105500000,sz.000968,7.9000,7.9100,7.9000,7.9000,194000,1533856.0000,3
2026-01-27,20260127110000000,sz.000968,7.9000,7.9300,7.9000,7.9300,298000,2356940.0000,3
2026-01-27,20260127110500000,sz.000968,7.9200,7.9300,7.8800,7.8900,728500,5751045.0000,3
2026-01-27,20260127111000000,sz.000968,7.8800,7.8900,7.8700,7.8700,384500,3029970.0000,3
2026-01-27,20260127111500000,sz.000968,7.8700,7.8800,7.8600,7.8600,702800,5529015.0000,3
2026-01-27,20260127112000000,sz.000968,7.8600,7.8700,7.8300,7.8400,986300,7739909.0000,3
2026-01-27,20260127112500000,sz.000968,7.8500,7.9200,7.8500,7.8900,511900,4038927.0000,3
2026-01-27,20260127113000000,sz.000968,7.8900,7.9000,7.8700,7.8800,191500,1510284.0000,3
2026-01-27,20260127130500000,sz.000968,7.8800,7.8800,7.8000,7.8300,1372489,10758256.3100,3
2026-01-27,20260127131000000,sz.000968,7.8300,7.8500,7.8300,7.8300,433400,3396132.0000,3
2026-01-27,20260127131500000,sz.000968,7.8300,7.8600,7.8200,7.8500,941600,7386321.0000,3
2026-01-27,20260127132000000,sz.000968,7.8500,7.8700,7.8500,7.8600,389900,3064550.0000,3
2026-01-27,20260127132500000,sz.000968,7.8600,7.8800,7.8400,7.8400,583200,4584062.0000,3
2026-01-27,20260127133000000,sz.000968,7.8400,7.8600,7.8400,7.8500,269000,2112487.0000,3
2026-01-27,20260127133500000,sz.000968,7.8500,7.9000,7.8500,7.9000,288300,2268647.0000,3
2026-01-27,20260127134000000,sz.000968,7.9000,7.9000,7.8500,7.8500,282300,2221876.0000,3
2026-01-27,20260127134500000,sz.000968,7.8600,7.8900,7.8600,7.8800,266530,2099073.8000,3
2026-01-27,20260127135000000,sz.000968,7.8900,7.9200,7.8800,7.9100,659100,5207194.0000,3
2026-01-27,20260127135500000,sz.000968,7.9100,7.9100,7.9000,7.9100,265800,2101249.0000,3
2026-01-27,20260127140000000,sz.000968,7.9100,7.9200,7.9000,7.9100,269800,2134334.0000,3
2026-01-27,20260127140500000,sz.000968,7.9100,7.9100,7.8800,7.8900,529600,4182377.0000,3
2026-01-27,20260127141000000,sz.000968,7.8900,7.9000,7.8700,7.8800,640000,5044120.0000,3
2026-01-27,20260127141500000,sz.000968,7.8800,7.8800,7.8600,7.8800,470400,3701620.0000,3
2026-01-27,20260127142000000,sz.000968,7.8700,7.8900,7.8600,7.8900,433340,3411288.2000,3
2026-01-27,20260127142500000,sz.000968,7.8900,7.8900,7.8700,7.8800,353560,2786999.8000,3
2026-01-27,20260127143000000,sz.000968,7.8900,7.9000,7.8800,7.8900,401500,3168225.0000,3
2026-01-27,20260127143500000,sz.000968,7.9000,7.9100,7.8800,7.8800,727600,5745586.0000,3
2026-01-27,20260127144000000,sz.000968,7.8800,7.9000,7.8800,7.8800,758700,5984860.0000,3
2026-01-27,20260127144500000,sz.000968,7.8700,7.8900,7.8700,7.8800,687400,5413289.0000,3
2026-01-27,20260127145000000,sz.000968,7.8800,7.8800,7.8500,7.8700,1258200,9894214.0000,3
2026-01-27,20260127145500000,sz.000968,7.8700,7.8700,7.8300,7.8500,2170100,17024117.0000,3
2026-01-27,20260127150000000,sz.000968,7.8500,7.8500,7.8400,7.8500,1801000,14131286.0000,3
2026-01-28,20260128093500000,sz.000968,7.9600,8.1400,7.9600,8.0700,6321374,50769504.2900,3
2026-01-28,20260128094000000,sz.000968,8.0800,8.1000,7.9800,8.0000,3187079,25687236.4700,3
2026-01-28,20260128094500000,sz.000968,8.0000,8.0800,7.9900,8.0300,1707721,13704943.4000,3
2026-01-28,20260128095000000,sz.000968,8.0200,8.0400,7.9700,7.9700,1891800,15111692.0000,3
2026-01-28,20260128095500000,sz.000968,7.9700,7.9800,7.9200,7.9700,1926300,15298427.0000,3
2026-01-28,20260128100000000,sz.000968,7.9700,8.0200,7.9500,7.9600,1229880,9821907.2000,3
2026-01-28,20260128100500000,sz.000968,7.9600,8.0800,7.9600,8.0400,2332400,18750003.0000,3
2026-01-28,20260128101000000,sz.000968,8.0400,8.1400,8.0300,8.1300,3130000,25333793.0000,3
2026-01-28,20260128101500000,sz.000968,8.1400,8.1800,8.1000,8.1400,3420802,27842671.1800,3
2026-01-28,20260128102000000,sz.000968,8.1500,8.1700,8.1200,8.1500,1727800,14082988.0000,3
2026-01-28,20260128102500000,sz.000968,8.1400,8.1600,8.1000,8.1300,1528300,12425809.0000,3
2026-01-28,20260128103000000,sz.000968,8.1300,8.1500,8.1100,8.1200,600280,4877756.4000,3
2026-01-28,20260128103500000,sz.000968,8.1200,8.1400,8.1100,8.1300,1057200,8589850.0000,3
2026-01-28,20260128104000000,sz.000968,8.1300,8.1400,8.1100,8.1300,740300,6018448.0000,3
2026-01-28,20260128104500000,sz.000968,8.1300,8.1300,8.1000,8.1200,966300,7829561.0000,3
2026-01-28,20260128105000000,sz.000968,8.1200,8.1300,8.0800,8.1000,901800,7306046.0000,3
2026-01-28,20260128105500000,sz.000968,8.1000,8.1300,8.1000,8.1300,580730,4715675.9000,3
2026-01-28,20260128110000000,sz.000968,8.1300,8.1400,8.1100,8.1300,590070,4794628.8000,3
2026-01-28,20260128110500000,sz.000968,8.1200,8.1400,8.1100,8.1300,666600,5415661.0000,3
2026-01-28,20260128111000000,sz.000968,8.1300,8.1900,8.1300,8.1800,2454330,20049961.1800,3
2026-01-28,20260128111500000,sz.000968,8.1800,8.1900,8.1600,8.1800,1067700,8735140.9000,3
2026-01-28,20260128112000000,sz.000968,8.1800,8.2000,8.1700,8.1900,1234100,10108074.0000,3
2026-01-28,20260128112500000,sz.000968,8.1900,8.2300,8.1900,8.2000,2062910,16931911.9000,3
2026-01-28,20260128113000000,sz.000968,8.2000,8.2400,8.2000,8.2400,1235400,10160362.0000,3
2026-01-28,20260128130500000,sz.000968,8.2500,8.3200,8.2500,8.2700,3049000,25254504.0000,3
2026-01-28,20260128131000000,sz.000968,8.2700,8.2900,8.2500,8.2700,1216600,10062348.0000,3
2026-01-28,20260128131500000,sz.000968,8.2600,8.2800,8.2300,8.2700,1617800,13352992.0000,3
2026-01-28,20260128132000000,sz.000968,8.2800,8.2800,8.2100,8.2300,1267800,10455923.0000,3
2026-01-28,20260128132500000,sz.000968,8.2300,8.2500,8.2200,8.2300,400900,3301101.0000,3
2026-01-28,20260128133000000,sz.000968,8.2300,8.2600,8.2300,8.2500,729700,6018019.0000,3
2026-01-28,20260128133500000,sz.000968,8.2500,8.2600,8.2100,8.2200,686400,5652161.0000,3
2026-01-28,20260128134000000,sz.000968,8.2200,8.2400,8.2100,8.2300,374700,3081990.0000,3
2026-01-28,20260128134500000,sz.000968,8.2300,8.2500,8.2100,8.2400,584700,4811427.0000,3
2026-01-28,20260128135000000,sz.000968,8.2400,8.2400,8.1800,8.1800,534100,4379914.0000,3
2026-01-28,20260128135500000,sz.000968,8.1800,8.1900,8.1600,8.1600,932400,7622223.0000,3
2026-01-28,20260128140000000,sz.000968,8.1600,8.2100,8.1600,8.1900,733600,6008236.0000,3
2026-01-28,20260128140500000,sz.000968,8.2000,8.2100,8.1800,8.1900,285300,2338559.0000,3
2026-01-28,20260128141000000,sz.000968,8.2000,8.2200,8.1900,8.2200,488400,4006942.0000,3
2026-01-28,20260128141500000,sz.000968,8.2200,8.2600,8.2200,8.2600,1933100,15974095.0000,3
2026-01-28,20260128142000000,sz.000968,8.3100,8.3900,8.2700,8.3100,2924000,24393762.9500,3
2026-01-28,20260128142500000,sz.000968,8.3100,8.3200,8.2700,8.3200,758600,6296809.0000,3
2026-01-28,20260128143000000,sz.000968,8.3200,8.3200,8.2800,8.2800,551300,4578036.0000,3
2026-01-28,20260128143500000,sz.000968,8.2800,8.2900,8.2500,8.2900,564700,4667145.0000,3
2026-01-28,20260128144000000,sz.000968,8.2800,8.3000,8.2300,8.2300,844700,6976239.0000,3
2026-01-28,20260128144500000,sz.000968,8.2400,8.2500,8.2300,8.2400,603600,4975990.0000,3
2026-01-28,20260128145000000,sz.000968,8.2500,8.2600,8.2300,8.2500,1008600,8319491.0000,3
2026-01-28,20260128145500000,sz.000968,8.2600,8.2600,8.2300,8.2400,2083800,17184881.0000,3
2026-01-28,20260128150000000,sz.000968,8.2300,8.2400,8.2100,8.2200,1801701,14811280.2000,3
2026-01-29,20260129093500000,sz.000968,8.2700,8.5100,8.2500,8.5000,11439189,95737669.6000,3
2026-01-29,20260129094000000,sz.000968,8.4500,8.4600,8.2000,8.2700,6342300,53121904.9000,3
2026-01-29,20260129094500000,sz.000968,8.2400,8.2400,8.1100,8.1900,5607400,45808450.0000,3
2026-01-29,20260129095000000,sz.000968,8.1800,8.2200,8.1100,8.2100,2478400,20217436.0000,3
2026-01-29,20260129095500000,sz.000968,8.2000,8.2700,8.1800,8.2300,1519280,12489856.2000,3
2026-01-29,20260129100000000,sz.000968,8.2300,8.2300,8.1700,8.1900,1342300,11012346.0000,3
2026-01-29,20260129100500000,sz.000968,8.2000,8.2200,8.1300,8.1500,1454900,11870936.0000,3
2026-01-29,20260129101000000,sz.000968,8.1600,8.1900,8.1400,8.1400,1120600,9141460.0000,3
2026-01-29,20260129101500000,sz.000968,8.1400,8.1800,8.1400,8.1600,745200,6080119.0000,3
2026-01-29,20260129102000000,sz.000968,8.1700,8.2100,8.1100,8.1100,1396500,11385772.0000,3
2026-01-29,20260129102500000,sz.000968,8.1200,8.1400,8.1100,8.1200,941800,7650961.0000,3
2026-01-29,20260129103000000,sz.000968,8.1300,8.1500,8.1100,8.1400,905900,7356619.0000,3
2026-01-29,20260129103500000,sz.000968,8.1400,8.1700,8.1400,8.1700,424100,3460207.0000,3
2026-01-29,20260129104000000,sz.000968,8.1600,8.2900,8.1600,8.2300,2421200,19954630.0000,3
2026-01-29,20260129104500000,sz.000968,8.2300,8.2800,8.2300,8.2800,1182300,9762538.0000,3
2026-01-29,20260129105000000,sz.000968,8.2800,8.3000,8.2700,8.2800,785600,6512362.0000,3
2026-01-29,20260129105500000,sz.000968,8.2800,8.3000,8.2700,8.2900,509100,4219132.0000,3
2026-01-29,20260129110000000,sz.000968,8.2900,8.2900,8.2500,8.2600,449600,3718074.0000,3
2026-01-29,20260129110500000,sz.000968,8.2500,8.3500,8.2400,8.3300,918700,7627625.0000,3
2026-01-29,20260129111000000,sz.000968,8.3100,8.3500,8.3100,8.3300,623000,5192051.0000,3
2026-01-29,20260129111500000,sz.000968,8.3300,8.3600,8.3100,8.3500,604700,5044453.9900,3
2026-01-29,20260129112000000,sz.000968,8.3500,8.3600,8.3400,8.3600,717001,5991875.3500,3
2026-01-29,20260129112500000,sz.000968,8.3600,8.3700,8.3500,8.3600,519000,4340621.0000,3
2026-01-29,20260129113000000,sz.000968,8.3600,8.3800,8.3400,8.3500,711000,5944687.0000,3
2026-01-29,20260129130500000,sz.000968,8.3600,8.5500,8.3600,8.5400,3545000,30008836.0000,3
2026-01-29,20260129131000000,sz.000968,8.5200,8.6300,8.4900,8.5600,3214400,27525704.5000,3
2026-01-29,20260129131500000,sz.000968,8.5600,8.5900,8.5000,8.5400,2067300,17671711.0000,3
2026-01-29,20260129132000000,sz.000968,8.5400,8.7200,8.5400,8.6900,3950467,34230520.2000,3
2026-01-29,20260129132500000,sz.000968,8.6800,8.7000,8.6100,8.7000,1528500,13231485.0000,3
2026-01-29,20260129133000000,sz.000968,8.6900,8.9800,8.6900,8.9600,4270700,37731138.6000,3
2026-01-29,20260129133500000,sz.000968,8.9500,8.9500,8.7800,8.7900,2780930,24607922.1800,3
2026-01-29,20260129134000000,sz.000968,8.7900,8.8900,8.7000,8.8800,1266734,11112002.4500,3
2026-01-29,20260129134500000,sz.000968,8.8800,8.9000,8.7400,8.8000,1540949,13553723.1400,3
2026-01-29,20260129135000000,sz.000968,8.8000,8.8200,8.7700,8.7800,1006100,8854349.0000,3
2026-01-29,20260129135500000,sz.000968,8.7800,8.7900,8.6900,8.7500,1215251,10610721.2100,3
2026-01-29,20260129140000000,sz.000968,8.7600,8.7800,8.6900,8.7300,1213600,10603611.9600,3
2026-01-29,20260129140500000,sz.000968,8.7300,8.7900,8.7300,8.7800,1047651,9170199.2500,3
2026-01-29,20260129141000000,sz.000968,8.7900,8.8200,8.7700,8.8000,1324700,11657337.0000,3
2026-01-29,20260129141500000,sz.000968,8.8000,8.8000,8.6900,8.6900,1000949,8753754.7500,3
2026-01-29,20260129142000000,sz.000968,8.6900,8.7300,8.6100,8.7200,1033660,8959930.4300,3
2026-01-29,20260129142500000,sz.000968,8.7200,8.7300,8.7000,8.7200,652000,5682209.0000,3
2026-01-29,20260129143000000,sz.000968,8.7200,8.7400,8.6900,8.6900,619500,5402931.2200,3
2026-01-29,20260129143500000,sz.000968,8.6800,8.6900,8.6500,8.6900,533551,4623931.1700,3
2026-01-29,20260129144000000,sz.000968,8.6900,8.6900,8.6800,8.6800,408020,3543454.4000,3
2026-01-29,20260129144500000,sz.000968,8.6800,8.6800,8.6000,8.6000,1319628,11397978.7700,3
2026-01-29,20260129145000000,sz.000968,8.6000,8.6100,8.5600,8.5800,1185160,10175429.2000,3
2026-01-29,20260129145500000,sz.000968,8.5800,8.7500,8.5800,8.7500,2180402,18950601.2500,3
2026-01-29,20260129150000000,sz.000968,8.7400,8.7500,8.7200,8.7200,1739200,15175784.0000,3
2026-01-30,20260130093500000,sz.000968,8.5800,8.7200,8.3800,8.7000,10476400,89640173.8000,3
2026-01-30,20260130094000000,sz.000968,8.6900,8.9400,8.6200,8.6200,11136372,98642050.2500,3
2026-01-30,20260130094500000,sz.000968,8.6100,8.6300,8.4300,8.4300,4508601,38516297.8600,3
2026-01-30,20260130095000000,sz.000968,8.4300,8.5000,8.3200,8.4700,3637900,30553528.2100,3
2026-01-30,20260130095500000,sz.000968,8.4800,8.5000,8.3700,8.3800,1461900,12353461.0000,3
2026-01-30,20260130100000000,sz.000968,8.3800,8.4600,8.3100,8.3200,1424600,11955530.0000,3
2026-01-30,20260130100500000,sz.000968,8.3100,8.3500,8.2600,8.3300,2259489,18775395.7000,3
2026-01-30,20260130101000000,sz.000968,8.3300,8.3400,8.2700,8.3100,1328300,11028841.4400,3
2026-01-30,20260130101500000,sz.000968,8.3000,8.3000,8.2000,8.2500,2416700,19920224.8800,3
2026-01-30,20260130102000000,sz.000968,8.2500,8.2700,8.1600,8.1900,2597200,21259193.0000,3
2026-01-30,20260130102500000,sz.000968,8.1800,8.3900,8.1800,8.3200,1491500,12365078.0000,3
2026-01-30,20260130103000000,sz.000968,8.3400,8.3600,8.2200,8.2300,1004600,8332220.0000,3
2026-01-30,20260130103500000,sz.000968,8.2300,8.2400,8.0900,8.0900,1754900,14303680.0000,3
2026-01-30,20260130104000000,sz.000968,8.1100,8.3000,8.1100,8.2700,1121900,9232288.0000,3
2026-01-30,20260130104500000,sz.000968,8.2600,8.2600,8.1800,8.2100,650500,5343870.0000,3
2026-01-30,20260130105000000,sz.000968,8.2200,8.2500,8.1900,8.1900,493100,4057037.0000,3
2026-01-30,20260130105500000,sz.000968,8.1800,8.2200,8.1600,8.1800,545000,4464601.0000,3
2026-01-30,20260130110000000,sz.000968,8.1800,8.2000,8.1200,8.1200,515700,4215459.0000,3
2026-01-30,20260130110500000,sz.000968,8.1200,8.1500,8.1100,8.1100,639200,5194989.0000,3
2026-01-30,20260130111000000,sz.000968,8.1100,8.1700,8.0800,8.1700,1014483,8232131.4700,3
2026-01-30,20260130111500000,sz.000968,8.1700,8.1700,8.0900,8.1400,564769,4584801.9000,3
2026-01-30,20260130112000000,sz.000968,8.1400,8.2100,8.1400,8.1800,497200,4068004.0000,3
2026-01-30,20260130112500000,sz.000968,8.1800,8.2900,8.1800,8.2800,544474,4490691.0600,3
2026-01-30,20260130113000000,sz.000968,8.2800,8.2800,8.2000,8.2300,435400,3593011.0000,3
2026-01-30,20260130130500000,sz.000968,8.2300,8.2300,8.1100,8.1200,1124201,9164493.1200,3
2026-01-30,20260130131000000,sz.000968,8.1300,8.1900,8.1100,8.1100,930500,7570071.9900,3
2026-01-30,20260130131500000,sz.000968,8.1100,8.1800,8.1100,8.1600,422100,3435378.0000,3
2026-01-30,20260130132000000,sz.000968,8.1400,8.2000,8.1300,8.1600,726900,5921243.0000,3
2026-01-30,20260130132500000,sz.000968,8.2000,8.2000,8.1700,8.1700,372600,3051899.0000,3
2026-01-30,20260130133000000,sz.000968,8.1800,8.2100,8.1700,8.1900,494787,4051596.6600,3
2026-01-30,20260130133500000,sz.000968,8.1900,8.2100,8.1800,8.1900,389600,3192217.0000,3
2026-01-30,20260130134000000,sz.000968,8.1900,8.2300,8.1800,8.2200,357800,2933963.0000,3
2026-01-30,20260130134500000,sz.000968,8.2100,8.2200,8.1700,8.1700,596400,4883737.0000,3
2026-01-30,20260130135000000,sz.000968,8.1600,8.2300,8.1400,8.1700,1072700,8764097.0000,3
2026-01-30,20260130135500000,sz.000968,8.1600,8.2500,8.1600,8.2300,543100,4468269.0000,3
2026-01-30,20260130140000000,sz.000968,8.2200,8.2500,8.2000,8.2100,342900,2819795.0000,3
2026-01-30,20260130140500000,sz.000968,8.2000,8.2200,8.1500,8.1600,824644,6747877.0400,3
2026-01-30,20260130141000000,sz.000968,8.1500,8.1900,8.1500,8.1600,288300,2356141.0000,3
2026-01-30,20260130141500000,sz.000968,8.1600,8.1800,8.1400,8.1700,495300,4035844.0000,3
2026-01-30,20260130142000000,sz.000968,8.1800,8.1900,8.1400,8.1500,359400,2929735.0000,3
2026-01-30,20260130142500000,sz.000968,8.1600,8.1600,8.1000,8.1200,1110100,9017504.0000,3
2026-01-30,20260130143000000,sz.000968,8.1400,8.1500,8.1200,8.1200,446400,3628218.0000,3
2026-01-30,20260130143500000,sz.000968,8.1300,8.1700,8.1200,8.1400,520100,4235708.0000,3
2026-01-30,20260130144000000,sz.000968,8.1400,8.1500,8.1200,8.1200,756600,6150236.0000,3
2026-01-30,20260130144500000,sz.000968,8.1300,8.2300,8.1200,8.1700,946300,7742616.0000,3
2026-01-30,20260130145000000,sz.000968,8.1800,8.2000,8.1700,8.1800,830296,6792512.2800,3
2026-01-30,20260130145500000,sz.000968,8.1900,8.2000,8.1300,8.1400,1755504,14352747.7200,3
2026-01-30,20260130150000000,sz.000968,8.1500,8.1700,8.1200,8.1700,1885400,15372599.0000,3
2026-02-02,20260202093500000,sz.000968,7.8800,8.1000,7.8500,7.9600,12369988,98135913.4800,3
2026-02-02,20260202094000000,sz.000968,7.9400,7.9900,7.9100,7.9100,2813995,22348120.3500,3
2026-02-02,20260202094500000,sz.000968,7.9100,8.0600,7.9000,8.0500,2499300,19984585.7400,3
2026-02-02,20260202095000000,sz.000968,8.0600,8.0700,7.9000,7.9100,1745100,13929647.8700,3
2026-02-02,20260202095500000,sz.000968,7.9100,7.9100,7.8500,7.8500,2226400,17550613.0000,3
2026-02-02,20260202100000000,sz.000968,7.8500,7.8800,7.8200,7.8700,1943748,15249884.7500,3
2026-02-02,20260202100500000,sz.000968,7.8700,7.9100,7.8600,7.9100,867500,6843662.0000,3
2026-02-02,20260202101000000,sz.000968,7.9100,7.9300,7.8700,7.9200,1197768,9447751.8400,3
2026-02-02,20260202101500000,sz.000968,7.9200,7.9500,7.8700,7.8700,678400,5366501.0000,3
2026-02-02,20260202102000000,sz.000968,7.8700,7.9000,7.8600,7.8600,572400,4510477.0000,3
2026-02-02,20260202102500000,sz.000968,7.8600,7.8700,7.8300,7.8500,1534100,12044482.8700,3
2026-02-02,20260202103000000,sz.000968,7.8500,7.8700,7.8500,7.8500,374000,2938973.0000,3
2026-02-02,20260202103500000,sz.000968,7.8500,7.9000,7.8500,7.8900,608000,4792810.0000,3
2026-02-02,20260202104000000,sz.000968,7.8900,7.9300,7.8900,7.9300,432600,3421658.0000,3
2026-02-02,20260202104500000,sz.000968,7.9300,7.9300,7.9100,7.9100,363900,2879459.0000,3
2026-02-02,20260202105000000,sz.000968,7.9100,7.9300,7.9100,7.9200,209500,1658477.0000,3
2026-02-02,20260202105500000,sz.000968,7.9300,7.9400,7.8800,7.8900,412500,3260082.0000,3
2026-02-02,20260202110000000,sz.000968,7.8800,7.8900,7.8500,7.8600,498600,3920621.0000,3
2026-02-02,20260202110500000,sz.000968,7.8500,7.8700,7.8500,7.8700,297060,2332971.6000,3
2026-02-02,20260202111000000,sz.000968,7.8600,7.8700,7.8300,7.8400,711640,5580704.4000,3
2026-02-02,20260202111500000,sz.000968,7.8400,7.8500,7.8400,7.8400,258100,2024344.0000,3
2026-02-02,20260202112000000,sz.000968,7.8500,7.8500,7.8400,7.8400,378600,2970433.0000,3
2026-02-02,20260202112500000,sz.000968,7.8400,7.8600,7.8300,7.8400,386100,3028230.0000,3
2026-02-02,20260202113000000,sz.000968,7.8500,7.8500,7.8200,7.8300,535300,4192086.4000,3
2026-02-02,20260202130500000,sz.000968,7.8300,7.8400,7.8000,7.8200,1074500,8402615.0000,3
2026-02-02,20260202131000000,sz.000968,7.8200,7.8500,7.8100,7.8500,418300,3274908.0000,3
2026-02-02,20260202131500000,sz.000968,7.8400,7.8600,7.8300,7.8400,464400,3642983.0000,3
2026-02-02,20260202132000000,sz.000968,7.8400,7.8500,7.8300,7.8300,424600,3329318.0000,3
2026-02-02,20260202132500000,sz.000968,7.8300,7.8600,7.8300,7.8500,334200,2621817.0000,3
2026-02-02,20260202133000000,sz.000968,7.8400,7.8500,7.8400,7.8400,223400,1753101.0000,3
2026-02-02,20260202133500000,sz.000968,7.8400,7.8500,7.8200,7.8200,462200,3621372.0000,3
2026-02-02,20260202134000000,sz.000968,7.8100,7.8200,7.7900,7.7900,904500,7057991.0000,3
2026-02-02,20260202134500000,sz.000968,7.8000,7.8300,7.7900,7.8100,387400,3027034.0000,3
2026-02-02,20260202135000000,sz.000968,7.8200,7.8300,7.7800,7.7800,310500,2423351.0000,3
2026-02-02,20260202135500000,sz.000968,7.7900,7.8200,7.7700,7.7800,744000,5796993.0000,3
2026-02-02,20260202140000000,sz.000968,7.7800,7.8500,7.7800,7.8500,650800,5080380.0000,3
2026-02-02,20260202140500000,sz.000968,7.8400,7.8800,7.8400,7.8700,585800,4603860.0000,3
2026-02-02,20260202141000000,sz.000968,7.8700,7.8800,7.8400,7.8500,273900,2152073.0000,3
2026-02-02,20260202141500000,sz.000968,7.8500,7.8500,7.8400,7.8400,287800,2258279.0000,3
2026-02-02,20260202142000000,sz.000968,7.8500,7.8500,7.8300,7.8500,415700,3260094.0000,3
2026-02-02,20260202142500000,sz.000968,7.8400,7.8500,7.8200,7.8300,202474,1586144.4200,3
2026-02-02,20260202143000000,sz.000968,7.8400,7.8400,7.8000,7.8000,421426,3294865.5800,3
2026-02-02,20260202143500000,sz.000968,7.8100,7.8200,7.7800,7.7800,1039200,8102150.0000,3
2026-02-02,20260202144000000,sz.000968,7.7900,7.8000,7.7700,7.7900,568290,4425951.1000,3
2026-02-02,20260202144500000,sz.000968,7.8000,7.8100,7.7800,7.7800,516101,4021344.7900,3
2026-02-02,20260202145000000,sz.000968,7.7800,7.7900,7.7500,7.7600,1251500,9725869.0000,3
2026-02-02,20260202145500000,sz.000968,7.7500,7.7700,7.7300,7.7400,1401401,10861143.7000,3
2026-02-02,20260202150000000,sz.000968,7.7500,7.7800,7.7400,7.7800,1142074,8861064.1200,3
2026-02-03,20260203093500000,sz.000968,7.7300,7.7700,7.7000,7.7500,3813900,29452085.0000,3
2026-02-03,20260203094000000,sz.000968,7.7500,7.7700,7.6700,7.6800,2065400,15927215.0000,3
2026-02-03,20260203094500000,sz.000968,7.6700,7.7600,7.6500,7.7200,1952500,15024407.0000,3
2026-02-03,20260203095000000,sz.000968,7.7200,7.7200,7.6100,7.6200,2920500,22289204.0000,3
2026-02-03,20260203095500000,sz.000968,7.6300,7.7100,7.6200,7.7100,982800,7526588.0000,3
2026-02-03,20260203100000000,sz.000968,7.7000,7.7200,7.6800,7.7200,1098700,8458460.0000,3
2026-02-03,20260203100500000,sz.000968,7.7300,7.7600,7.7100,7.7500,1434400,11083078.0000,3
2026-02-03,20260203101000000,sz.000968,7.7600,7.7700,7.7300,7.7600,1077700,8352178.0000,3
2026-02-03,20260203101500000,sz.000968,7.7500,7.7700,7.7200,7.7300,605500,4686146.0000,3
2026-02-03,20260203102000000,sz.000968,7.7300,7.7500,7.7000,7.7100,840800,6493638.0000,3
2026-02-03,20260203102500000,sz.000968,7.7100,7.7300,7.6700,7.6700,627700,4834830.0000,3
2026-02-03,20260203103000000,sz.000968,7.6800,7.6800,7.6600,7.6600,479400,3677525.0000,3
2026-02-03,20260203103500000,sz.000968,7.6500,7.6800,7.6400,7.6800,1125300,8608858.0000,3
2026-02-03,20260203104000000,sz.000968,7.6700,7.6900,7.6500,7.6900,801930,6146735.8000,3
2026-02-03,20260203104500000,sz.000968,7.6900,7.7000,7.6600,7.6600,919900,7073352.0000,3
2026-02-03,20260203105000000,sz.000968,7.6700,7.6900,7.6500,7.6700,482500,3701043.0000,3
2026-02-03,20260203105500000,sz.000968,7.6800,7.6800,7.6400,7.6400,399600,3061745.0000,3
2026-02-03,20260203110000000,sz.000968,7.6400,7.6600,7.6200,7.6200,403500,3083069.0000,3
2026-02-03,20260203110500000,sz.000968,7.6200,7.6600,7.6200,7.6300,1074800,8184889.0000,3
2026-02-03,20260203111000000,sz.000968,7.6300,7.6400,7.6100,7.6200,939400,7153755.0000,3
2026-02-03,20260203111500000,sz.000968,7.6200,7.6500,7.6100,7.6400,573200,4371177.0000,3
2026-02-03,20260203112000000,sz.000968,7.6300,7.6400,7.6200,7.6300,337400,2573945.0000,3
2026-02-03,20260203112500000,sz.000968,7.6400,7.6500,7.6200,7.6400,508600,3881227.0000,3
2026-02-03,20260203113000000,sz.000968,7.6400,7.6600,7.6400,7.6600,231200,1768495.0000,3
2026-02-03,20260203130500000,sz.000968,7.6600,7.7100,7.6600,7.7000,491801,3780719.6800,3
2026-02-03,20260203131000000,sz.000968,7.6900,7.7000,7.6800,7.6800,354899,2727231.3200,3
2026-02-03,20260203131500000,sz.000968,7.6700,7.6800,7.6600,7.6700,353301,2709740.6700,3
2026-02-03,20260203132000000,sz.000968,7.6800,7.6900,7.6600,7.6600,418799,3215801.3300,3
2026-02-03,20260203132500000,sz.000968,7.6700,7.6900,7.6700,7.6900,234401,1801000.6700,3
2026-02-03,20260203133000000,sz.000968,7.6800,7.6900,7.6700,7.6800,450400,3459749.0000,3
2026-02-03,20260203133500000,sz.000968,7.6700,7.6700,7.6600,7.6600,231399,1773733.3300,3
2026-02-03,20260203134000000,sz.000968,7.6600,7.6900,7.6600,7.6900,493700,3787729.0000,3
2026-02-03,20260203134500000,sz.000968,7.6900,7.6900,7.6700,7.6700,376500,2890676.0000,3
2026-02-03,20260203135000000,sz.000968,7.6700,7.6800,7.6600,7.6700,275500,2113015.0000,3
2026-02-03,20260203135500000,sz.000968,7.6700,7.7100,7.6700,7.7100,684600,5266027.0000,3
2026-02-03,20260203140000000,sz.000968,7.7000,7.7300,7.7000,7.7000,640700,4941095.0000,3
2026-02-03,20260203140500000,sz.000968,7.7000,7.7100,7.6900,7.7000,406100,3127441.0000,3
2026-02-03,20260203141000000,sz.000968,7.7100,7.7300,7.7000,7.7200,202800,1564407.0000,3
2026-02-03,20260203141500000,sz.000968,7.7200,7.7300,7.7200,7.7300,306800,2371003.0000,3
2026-02-03,20260203142000000,sz.000968,7.7300,7.7400,7.7100,7.7300,528600,4083227.0000,3
2026-02-03,20260203142500000,sz.000968,7.7300,7.7400,7.7300,7.7400,390248,3019652.5200,3
2026-02-03,20260203143000000,sz.000968,7.7400,7.7500,7.7300,7.7400,560352,4337855.1000,3
2026-02-03,20260203143500000,sz.000968,7.7400,7.7700,7.7400,7.7700,444694,3447098.9400,3
2026-02-03,20260203144000000,sz.000968,7.7600,7.7800,7.7600,7.7700,733800,5700049.0000,3
2026-02-03,20260203144500000,sz.000968,7.7700,7.7700,7.7400,7.7500,543362,4214423.5000,3
2026-02-03,20260203145000000,sz.000968,7.7500,7.7500,7.7200,7.7300,912744,7060585.0000,3
2026-02-03,20260203145500000,sz.000968,7.7300,7.7600,7.7100,7.7500,748207,5786321.3500,3
2026-02-03,20260203150000000,sz.000968,7.7500,7.7700,7.7400,7.7500,1257100,9753143.0000,3
2026-02-04,20260204093500000,sz.000968,7.9200,7.9700,7.8600,7.9200,6571438,52044032.1000,3
2026-02-04,20260204094000000,sz.000968,7.9400,8.0100,7.9300,7.9500,3520300,28056151.2400,3
2026-02-04,20260204094500000,sz.000968,7.9400,8.0500,7.9300,8.0300,2799338,22375845.4800,3
2026-02-04,20260204095000000,sz.000968,8.0200,8.0500,7.9600,7.9600,1853100,14843997.0000,3
2026-02-04,20260204095500000,sz.000968,7.9500,7.9800,7.9400,7.9400,879900,7005023.0000,3
2026-02-04,20260204100000000,sz.000968,7.9500,7.9800,7.9200,7.9800,930500,7399619.0000,3
2026-02-04,20260204100500000,sz.000968,7.9900,8.0300,7.9900,8.0100,1588300,12721192.0000,3
2026-02-04,20260204101000000,sz.000968,8.0200,8.0700,8.0100,8.0600,1458700,11738392.0000,3
2026-02-04,20260204101500000,sz.000968,8.0500,8.0500,7.9800,7.9800,770400,6177046.0000,3
2026-02-04,20260204102000000,sz.000968,7.9900,8.0100,7.9700,8.0000,528800,4224506.0000,3
2026-02-04,20260204102500000,sz.000968,7.9900,8.0300,7.9900,8.0000,577300,4627482.0000,3
2026-02-04,20260204103000000,sz.000968,8.0000,8.0200,7.9800,7.9900,347100,2776191.0000,3
2026-02-04,20260204103500000,sz.000968,7.9900,7.9900,7.9400,7.9400,591900,4716708.0000,3
2026-02-04,20260204104000000,sz.000968,7.9500,7.9700,7.9400,7.9400,287500,2287791.0000,3
2026-02-04,20260204104500000,sz.000968,7.9400,7.9700,7.9400,7.9600,478100,3802284.0000,3
2026-02-04,20260204105000000,sz.000968,7.9600,7.9800,7.9400,7.9500,323400,2574963.0000,3
2026-02-04,20260204105500000,sz.000968,7.9400,7.9400,7.9200,7.9300,501300,3972771.0000,3
2026-02-04,20260204110000000,sz.000968,7.9300,7.9500,7.9200,7.9300,191700,1521191.0000,3
2026-02-04,20260204110500000,sz.000968,7.9300,7.9300,7.9100,7.9200,450800,3570524.0000,3
2026-02-04,20260204111000000,sz.000968,7.9200,7.9500,7.9100,7.9300,568600,4515318.0000,3
2026-02-04,20260204111500000,sz.000968,7.9200,7.9300,7.9100,7.9200,134700,1066866.0000,3
2026-02-04,20260204112000000,sz.000968,7.9100,7.9100,7.8900,7.9000,382400,3021668.0000,3
2026-02-04,20260204112500000,sz.000968,7.9000,7.9300,7.9000,7.9300,168900,1336817.0000,3
2026-02-04,20260204113000000,sz.000968,7.9300,7.9400,7.9200,7.9300,147200,1166729.0000,3
2026-02-04,20260204130500000,sz.000968,7.9300,7.9900,7.9300,7.9800,568600,4524251.0000,3
2026-02-04,20260204131000000,sz.000968,7.9800,7.9800,7.9500,7.9500,360200,2868511.0000,3
2026-02-04,20260204131500000,sz.000968,7.9600,7.9700,7.9300,7.9300,271500,2158982.0000,3
2026-02-04,20260204132000000,sz.000968,7.9300,7.9400,7.9200,7.9400,347100,2753141.0000,3
2026-02-04,20260204132500000,sz.000968,7.9400,7.9500,7.9300,7.9300,195500,1551918.0000,3
2026-02-04,20260204133000000,sz.000968,7.9300,7.9500,7.9200,7.9300,490300,3889920.0000,3
2026-02-04,20260204133500000,sz.000968,7.9300,7.9500,7.9200,7.9400,394800,3133393.0000,3
2026-02-04,20260204134000000,sz.000968,7.9400,7.9500,7.9300,7.9300,298000,2364339.0000,3
2026-02-04,20260204134500000,sz.000968,7.9300,7.9300,7.9200,7.9200,128700,1020367.0000,3
2026-02-04,20260204135000000,sz.000968,7.9300,7.9400,7.9100,7.9100,412200,3266794.0000,3
2026-02-04,20260204135500000,sz.000968,7.9100,7.9100,7.8600,7.8800,598300,4718870.0000,3
2026-02-04,20260204140000000,sz.000968,7.8800,7.8900,7.8700,7.8700,452600,3563597.0000,3
2026-02-04,20260204140500000,sz.000968,7.8700,7.9000,7.8700,7.8700,561200,4422078.0000,3
2026-02-04,20260204141000000,sz.000968,7.8700,7.8900,7.8700,7.8700,445900,3511949.0000,3
2026-02-04,20260204141500000,sz.000968,7.8700,7.8900,7.8600,7.8800,669000,5266578.0000,3
2026-02-04,20260204142000000,sz.000968,7.8800,7.9000,7.8700,7.8800,450900,3556029.0000,3
2026-02-04,20260204142500000,sz.000968,7.8800,7.9000,7.8700,7.8800,380869,3003769.4100,3
2026-02-04,20260204143000000,sz.000968,7.8800,7.9100,7.8800,7.9000,374700,2957589.0000,3
2026-02-04,20260204143500000,sz.000968,7.9000,8.0000,7.9000,8.0000,991200,7869408.0000,3
2026-02-04,20260204144000000,sz.000968,8.0000,8.0100,7.9800,8.0100,1090300,8725436.0000,3
2026-02-04,20260204144500000,sz.000968,8.0100,8.0500,7.9900,8.0300,1544337,12388035.0000,3
2026-02-04,20260204145000000,sz.000968,8.0400,8.0400,8.0200,8.0200,676000,5429488.0000,3
2026-02-04,20260204145500000,sz.000968,8.0300,8.0300,8.0100,8.0100,1164000,9335073.0000,3
2026-02-04,20260204150000000,sz.000968,8.0200,8.0200,7.9700,7.9700,983500,7855519.0000,3
2026-02-05,20260205093500000,sz.000968,7.9000,8.0500,7.9000,8.0100,4620337,36973647.4000,3
2026-02-05,20260205094000000,sz.000968,8.0100,8.0100,7.9500,7.9800,1834093,14632021.7700,3
2026-02-05,20260205094500000,sz.000968,8.0000,8.0000,7.9400,7.9900,1181500,9417378.0000,3
2026-02-05,20260205095000000,sz.000968,8.0000,8.0300,7.9700,7.9900,1343900,10761924.0000,3
2026-02-05,20260205095500000,sz.000968,7.9800,7.9800,7.9300,7.9300,637100,5062254.0000,3
2026-02-05,20260205100000000,sz.000968,7.9300,7.9600,7.9200,7.9300,591500,4688920.0000,3
2026-02-05,20260205100500000,sz.000968,7.9300,7.9300,7.9000,7.9000,973900,7697094.0000,3
2026-02-05,20260205101000000,sz.000968,7.8900,7.9000,7.8600,7.8900,728900,5741114.0000,3
2026-02-05,20260205101500000,sz.000968,7.8900,7.8900,7.8700,7.8700,339300,2673225.0000,3
2026-02-05,20260205102000000,sz.000968,7.8700,7.8700,7.8300,7.8400,819500,6429331.0000,3
2026-02-05,20260205102500000,sz.000968,7.8400,7.9000,7.8400,7.8800,284121,2232440.8500,3
2026-02-05,20260205103000000,sz.000968,7.8700,7.8700,7.8500,7.8500,330800,2599810.0000,3
2026-02-05,20260205103500000,sz.000968,7.8600,7.8800,7.8500,7.8700,187700,1475548.0000,3
2026-02-05,20260205104000000,sz.000968,7.8800,7.9000,7.8800,7.8800,189800,1496952.0000,3
2026-02-05,20260205104500000,sz.000968,7.8800,7.8900,7.8400,7.8500,612700,4813288.0000,3
2026-02-05,20260205105000000,sz.000968,7.8500,7.8500,7.8300,7.8400,207300,1624940.0000,3
2026-02-05,20260205105500000,sz.000968,7.8400,7.8500,7.8100,7.8200,737400,5770741.0000,3
2026-02-05,20260205110000000,sz.000968,7.8200,7.8300,7.8100,7.8100,409400,3199513.0000,3
2026-02-05,20260205110500000,sz.000968,7.8200,7.8400,7.8200,7.8400,193900,1517752.0000,3
2026-02-05,20260205111000000,sz.000968,7.8300,7.8400,7.8100,7.8200,338700,2649702.0000,3
2026-02-05,20260205111500000,sz.000968,7.8200,7.8300,7.8100,7.8200,184800,1445239.0000,3
2026-02-05,20260205112000000,sz.000968,7.8200,7.8300,7.8100,7.8300,145900,1140714.0000,3
2026-02-05,20260205112500000,sz.000968,7.8200,7.8500,7.8200,7.8400,83500,654423.0000,3
2026-02-05,20260205113000000,sz.000968,7.8400,7.8500,7.8200,7.8200,189500,1485030.0000,3
2026-02-05,20260205130500000,sz.000968,7.8300,7.8500,7.8000,7.8100,425600,3326942.0000,3
2026-02-05,20260205131000000,sz.000968,7.8100,7.8200,7.8000,7.8100,134500,1050021.0000,3
2026-02-05,20260205131500000,sz.000968,7.8000,7.8200,7.8000,7.8000,350200,2734294.0000,3
2026-02-05,20260205132000000,sz.000968,7.8000,7.8200,7.8000,7.8200,255600,1996629.0000,3
2026-02-05,20260205132500000,sz.000968,7.8200,7.8200,7.8000,7.8200,243000,1898546.0000,3
2026-02-05,20260205133000000,sz.000968,7.8200,7.8300,7.8200,7.8300,215900,1689521.0000,3
2026-02-05,20260205133500000,sz.000968,7.8200,7.8300,7.8000,7.8200,305400,2385247.0000,3
2026-02-05,20260205134000000,sz.000968,7.8100,7.8600,7.8100,7.8500,160000,1253874.0000,3
2026-02-05,20260205134500000,sz.000968,7.8400,7.8700,7.8400,7.8700,248300,1952055.0000,3
2026-02-05,20260205135000000,sz.000968,7.8700,7.8800,7.8600,7.8600,253400,1995073.0000,3
2026-02-05,20260205135500000,sz.000968,7.8600,7.8700,7.8600,7.8600,258100,2029173.0000,3
2026-02-05,20260205140000000,sz.000968,7.8600,7.8700,7.8500,7.8600,204300,1606681.0000,3
2026-02-05,20260205140500000,sz.000968,7.8600,7.8700,7.8400,7.8600,189600,1488773.0000,3
2026-02-05,20260205141000000,sz.000968,7.8600,7.8800,7.8600,7.8800,255800,2013524.0000,3
2026-02-05,20260205141500000,sz.000968,7.8800,7.8800,7.8500,7.8500,228000,1793653.0000,3
2026-02-05,20260205142000000,sz.000968,7.8500,7.8500,7.8300,7.8300,320300,2511635.0000,3
2026-02-05,20260205142500000,sz.000968,7.8400,7.8400,7.8300,7.8300,155600,1218789.0000,3
2026-02-05,20260205143000000,sz.000968,7.8300,7.8500,7.8300,7.8500,150700,1181870.0000,3
2026-02-05,20260205143500000,sz.000968,7.8400,7.8600,7.8400,7.8600,197100,1546846.0000,3
2026-02-05,20260205144000000,sz.000968,7.8600,7.8600,7.8300,7.8300,356400,2793760.0000,3
2026-02-05,20260205144500000,sz.000968,7.8300,7.8400,7.8100,7.8300,784400,6136590.0000,3
2026-02-05,20260205145000000,sz.000968,7.8200,7.8400,7.8200,7.8300,433000,3390674.0000,3
2026-02-05,20260205145500000,sz.000968,7.8200,7.8400,7.8200,7.8300,554600,4343139.0000,3
2026-02-05,20260205150000000,sz.000968,7.8300,7.8400,7.8200,7.8300,512800,4015429.0000,3
2026-02-06,20260206093500000,sz.000968,7.6600,7.7400,7.6600,7.7300,2516763,19363558.9500,3
2026-02-06,20260206094000000,sz.000968,7.7300,7.7800,7.6800,7.7600,1239700,9579895.0000,3
2026-02-06,20260206094500000,sz.000968,7.7600,7.7900,7.7500,7.7500,542200,4210898.0000,3
2026-02-06,20260206095000000,sz.000968,7.7500,7.7700,7.7200,7.7600,697900,5399895.0000,3
2026-02-06,20260206095500000,sz.000968,7.7600,7.7800,7.7500,7.7700,426200,3307992.0000,3
2026-02-06,20260206100000000,sz.000968,7.7700,7.8300,7.7700,7.8200,643300,5017275.0000,3
2026-02-06,20260206100500000,sz.000968,7.8200,7.8300,7.8000,7.8200,338400,2642691.0000,3
2026-02-06,20260206101000000,sz.000968,7.8200,7.8400,7.8100,7.8400,530200,4145046.0000,3
2026-02-06,20260206101500000,sz.000968,7.8300,7.8900,7.8200,7.8800,906900,7138754.0000,3
2026-02-06,20260206102000000,sz.000968,7.8800,7.8800,7.8500,7.8600,422700,3325277.0000,3
2026-02-06,20260206102500000,sz.000968,7.8700,7.8900,7.8500,7.8800,704700,5547377.0000,3
2026-02-06,20260206103000000,sz.000968,7.8800,7.9500,7.8700,7.9400,1003144,7932997.4800,3
2026-02-06,20260206103500000,sz.000968,7.9300,7.9300,7.9000,7.9100,342400,2710898.0000,3
2026-02-06,20260206104000000,sz.000968,7.9100,7.9200,7.9100,7.9100,378400,2993590.0000,3
2026-02-06,20260206104500000,sz.000968,7.9200,7.9200,7.8800,7.8800,419100,3306326.0000,3
2026-02-06,20260206105000000,sz.000968,7.8800,7.9200,7.8800,7.9100,372400,2941876.0000,3
2026-02-06,20260206105500000,sz.000968,7.9100,7.9100,7.8700,7.8700,253400,1996401.0000,3
2026-02-06,20260206110000000,sz.000968,7.8700,7.8900,7.8700,7.8800,213700,1683132.0000,3
2026-02-06,20260206110500000,sz.000968,7.8700,7.8900,7.8600,7.8900,183200,1443264.0000,3
2026-02-06,20260206111000000,sz.000968,7.8900,7.8900,7.8700,7.8700,199300,1571317.0000,3
2026-02-06,20260206111500000,sz.000968,7.8800,7.8900,7.8700,7.8700,398300,3136921.0000,3
2026-02-06,20260206112000000,sz.000968,7.8800,7.8900,7.8600,7.8900,325700,2564167.0000,3
2026-02-06,20260206112500000,sz.000968,7.8900,7.9200,7.8800,7.9200,361700,2855136.0000,3
2026-02-06,20260206113000000,sz.000968,7.9200,7.9300,7.9000,7.9200,177800,1407249.0000,3
2026-02-06,20260206130500000,sz.000968,7.9100,7.9600,7.9100,7.9500,711795,5649569.4000,3
2026-02-06,20260206131000000,sz.000968,7.9400,8.0200,7.9400,8.0200,1251200,9996248.0000,3
2026-02-06,20260206131500000,sz.000968,8.0200,8.0900,8.0200,8.0800,1792300,14434530.0000,3
2026-02-06,20260206132000000,sz.000968,8.0800,8.0800,8.0200,8.0200,649900,5233923.0000,3
2026-02-06,20260206132500000,sz.000968,8.0300,8.0300,8.0000,8.0100,518700,4157849.0000,3
2026-02-06,20260206133000000,sz.000968,8.0200,8.0400,8.0000,8.0100,319900,2563544.0000,3
2026-02-06,20260206133500000,sz.000968,8.0100,8.0300,8.0000,8.0300,360700,2891264.0000,3
2026-02-06,20260206134000000,sz.000968,8.0300,8.0300,7.9900,8.0200,696000,5570928.0000,3
2026-02-06,20260206134500000,sz.000968,8.0300,8.0300,8.0000,8.0100,234600,1881049.0000,3
2026-02-06,20260206135000000,sz.000968,8.0100,8.0100,7.9900,8.0100,452900,3626121.0000,3
2026-02-06,20260206135500000,sz.000968,8.0100,8.0300,8.0000,8.0300,451300,3617693.0000,3
2026-02-06,20260206140000000,sz.000968,8.0300,8.0900,8.0200,8.0900,829600,6680972.0000,3
2026-02-06,20260206140500000,sz.000968,8.0900,8.0900,8.0500,8.0600,743200,5996421.0000,3
2026-02-06,20260206141000000,sz.000968,8.0600,8.0700,8.0400,8.0600,469271,3781367.5500,3
2026-02-06,20260206141500000,sz.000968,8.0700,8.0700,8.0300,8.0400,556829,4483102.4500,3
2026-02-06,20260206142000000,sz.000968,8.0500,8.0700,8.0300,8.0600,477439,3840169.9500,3
2026-02-06,20260206142500000,sz.000968,8.0700,8.0700,8.0500,8.0600,424661,3422897.0500,3
2026-02-06,20260206143000000,sz.000968,8.0700,8.0700,8.0400,8.0500,332700,2678454.0000,3
2026-02-06,20260206143500000,sz.000968,8.0500,8.0500,8.0200,8.0300,565200,4540627.0000,3
2026-02-06,20260206144000000,sz.000968,8.0300,8.0300,8.0200,8.0300,468800,3761967.0000,3
2026-02-06,20260206144500000,sz.000968,8.0300,8.0300,8.0000,8.0000,682900,5472287.0000,3
2026-02-06,20260206145000000,sz.000968,8.0100,8.0200,8.0000,8.0100,724000,5800498.0000,3
2026-02-06,20260206145500000,sz.000968,8.0100,8.0200,7.9900,7.9900,827100,6618774.0000,3
2026-02-06,20260206150000000,sz.000968,7.9900,8.0000,7.9800,7.9900,660500,5277881.0000,3
2026-02-09,20260209093500000,sz.000968,8.0200,8.0600,7.9000,7.9200,3370100,26781133.0000,3
2026-02-09,20260209094000000,sz.000968,7.9200,7.9300,7.8700,7.8700,1592600,12571656.0000,3
2026-02-09,20260209094500000,sz.000968,7.8700,7.8800,7.8300,7.8800,1029800,8091309.0000,3
2026-02-09,20260209095000000,sz.000968,7.8800,7.9700,7.8800,7.9300,1194500,9435751.0000,3
2026-02-09,20260209095500000,sz.000968,7.9300,7.9300,7.8800,7.8900,446300,3527280.0000,3
2026-02-09,20260209100000000,sz.000968,7.8900,7.9100,7.8800,7.9000,378200,2983513.0000,3
2026-02-09,20260209100500000,sz.000968,7.9000,7.9100,7.8800,7.8800,300800,2373778.0000,3
2026-02-09,20260209101000000,sz.000968,7.8900,7.8900,7.8800,7.8900,230301,1815726.8800,3
2026-02-09,20260209101500000,sz.000968,7.8800,7.8900,7.8700,7.8700,904899,7124596.1200,3
2026-02-09,20260209102000000,sz.000968,7.8700,7.9000,7.8600,7.8700,496200,3910576.0000,3
2026-02-09,20260209102500000,sz.000968,7.8800,7.9000,7.8700,7.8700,665000,5238461.0000,3
2026-02-09,20260209103000000,sz.000968,7.8700,7.8700,7.8400,7.8500,619300,4864152.0000,3
2026-02-09,20260209103500000,sz.000968,7.8500,7.8600,7.8400,7.8500,377800,2963448.0000,3
2026-02-09,20260209104000000,sz.000968,7.8500,7.8700,7.8400,7.8600,391600,3073448.0000,3
2026-02-09,20260209104500000,sz.000968,7.8600,7.8600,7.8400,7.8500,401300,3149696.0000,3
2026-02-09,20260209105000000,sz.000968,7.8400,7.8700,7.8400,7.8500,526100,4131856.0000,3
2026-02-09,20260209105500000,sz.000968,7.8400,7.8500,7.8300,7.8300,559200,4380583.0000,3
2026-02-09,20260209110000000,sz.000968,7.8300,7.8400,7.8200,7.8300,331000,2590468.0000,3
2026-02-09,20260209110500000,sz.000968,7.8200,7.8300,7.8100,7.8200,402200,3144915.0000,3
2026-02-09,20260209111000000,sz.000968,7.8200,7.8300,7.8200,7.8300,122800,960721.0000,3
2026-02-09,20260209111500000,sz.000968,7.8200,7.8300,7.8200,7.8300,90000,704196.0000,3
2026-02-09,20260209112000000,sz.000968,7.8300,7.8300,7.8200,7.8300,314500,2461870.0000,3
2026-02-09,20260209112500000,sz.000968,7.8300,7.8400,7.8200,7.8200,363800,2847935.0000,3
2026-02-09,20260209113000000,sz.000968,7.8200,7.8300,7.8200,7.8200,253700,1984204.0000,3
2026-02-09,20260209130500000,sz.000968,7.8300,7.8300,7.7900,7.8000,1068000,8336486.0000,3
2026-02-09,20260209131000000,sz.000968,7.8000,7.8100,7.8000,7.8000,300600,2344724.0000,3
2026-02-09,20260209131500000,sz.000968,7.8000,7.8000,7.7900,7.7900,238801,1861768.7900,3
2026-02-09,20260209132000000,sz.000968,7.7900,7.8100,7.7800,7.8000,884900,6893967.9800,3
2026-02-09,20260209132500000,sz.000968,7.7900,7.8200,7.7900,7.8200,510100,3981226.0000,3
2026-02-09,20260209133000000,sz.000968,7.8200,7.8200,7.8000,7.8000,215100,1679768.0000,3
2026-02-09,20260209133500000,sz.000968,7.8000,7.8300,7.8000,7.8300,229300,1791774.0000,3
2026-02-09,20260209134000000,sz.000968,7.8200,7.8300,7.8200,7.8300,171400,1341407.0000,3
2026-02-09,20260209134500000,sz.000968,7.8200,7.8500,7.8200,7.8500,257600,2019333.0000,3
2026-02-09,20260209135000000,sz.000968,7.8400,7.8500,7.8300,7.8400,150900,1182782.0000,3
2026-02-09,20260209135500000,sz.000968,7.8300,7.8400,7.8300,7.8300,64600,506194.0000,3
2026-02-09,20260209140000000,sz.000968,7.8300,7.8400,7.8300,7.8300,230500,1806111.0000,3
2026-02-09,20260209140500000,sz.000968,7.8400,7.8400,7.8300,7.8300,103400,809887.0000,3
2026-02-09,20260209141000000,sz.000968,7.8300,7.8400,7.8300,7.8300,179900,1409918.0000,3
2026-02-09,20260209141500000,sz.000968,7.8300,7.8400,7.8200,7.8300,222000,1738369.0000,3
2026-02-09,20260209142000000,sz.000968,7.8200,7.8300,7.8200,7.8300,74800,585366.0000,3
2026-02-09,20260209142500000,sz.000968,7.8300,7.8300,7.8200,7.8200,214900,1680862.0000,3
2026-02-09,20260209143000000,sz.000968,7.8200,7.8300,7.8000,7.8100,707000,5523781.0000,3
2026-02-09,20260209143500000,sz.000968,7.8100,7.8100,7.7900,7.8100,847200,6602622.0000,3
2026-02-09,20260209144000000,sz.000968,7.8000,7.8100,7.7900,7.8000,440800,3439804.0000,3
2026-02-09,20260209144500000,sz.000968,7.8000,7.8100,7.7900,7.8100,492300,3839406.0000,3
2026-02-09,20260209145000000,sz.000968,7.8100,7.8200,7.8000,7.8000,545400,4259329.0000,3
2026-02-09,20260209145500000,sz.000968,7.8000,7.8200,7.8000,7.8200,655100,5115956.0000,3
2026-02-09,20260209150000000,sz.000968,7.8100,7.8200,7.8000,7.8100,598900,4678669.0000,3
2026-02-10,20260210093500000,sz.000968,7.8400,7.8600,7.7600,7.7700,2069500,16138487.0000,3
2026-02-10,20260210094000000,sz.000968,7.7600,7.8000,7.7500,7.7600,1006400,7812732.0000,3
2026-02-10,20260210094500000,sz.000968,7.7600,7.7800,7.7400,7.7400,1163500,9025453.0000,3
2026-02-10,20260210095000000,sz.000968,7.7400,7.7400,7.7100,7.7200,915300,7070478.0000,3
2026-02-10,20260210095500000,sz.000968,7.7300,7.7400,7.7100,7.7300,758500,5858423.0000,3
2026-02-10,20260210100000000,sz.000968,7.7300,7.8000,7.7300,7.8000,846400,6567446.0000,3
2026-02-10,20260210100500000,sz.000968,7.8000,7.8200,7.7900,7.8100,452000,3526441.0000,3
2026-02-10,20260210101000000,sz.000968,7.8100,7.8500,7.8100,7.8300,710100,5564227.0000,3
2026-02-10,20260210101500000,sz.000968,7.8300,7.8400,7.8100,7.8200,295600,2312068.0000,3
2026-02-10,20260210102000000,sz.000968,7.8200,7.8400,7.8100,7.8300,291300,2279822.0000,3
2026-02-10,20260210102500000,sz.000968,7.8300,7.8300,7.8000,7.8300,298400,2332340.0000,3
2026-02-10,20260210103000000,sz.000968,7.8300,7.8300,7.8100,7.8200,276800,2165091.0000,3
2026-02-10,20260210103500000,sz.000968,7.8200,7.8400,7.7800,7.7900,510700,3992467.0000,3
2026-02-10,20260210104000000,sz.000968,7.7900,7.8000,7.7700,7.7700,331300,2577895.0000,3
2026-02-10,20260210104500000,sz.000968,7.7700,7.7700,7.7400,7.7600,463600,3595822.0000,3
2026-02-10,20260210105000000,sz.000968,7.7500,7.7600,7.7300,7.7400,494800,3831249.0000,3
2026-02-10,20260210105500000,sz.000968,7.7400,7.7400,7.7300,7.7400,255500,1976458.0000,3
2026-02-10,20260210110000000,sz.000968,7.7400,7.7500,7.7300,7.7300,213900,1656038.0000,3
2026-02-10,20260210110500000,sz.000968,7.7300,7.7400,7.7200,7.7200,399800,3089561.0000,3
2026-02-10,20260210111000000,sz.000968,7.7200,7.7300,7.7000,7.7000,993100,7659389.0000,3
2026-02-10,20260210111500000,sz.000968,7.7000,7.7100,7.6900,7.7000,662800,5105771.0000,3
2026-02-10,20260210112000000,sz.000968,7.7000,7.7100,7.7000,7.7000,226500,1744762.0000,3
2026-02-10,20260210112500000,sz.000968,7.7000,7.7200,7.7000,7.7000,202700,1562025.0000,3
2026-02-10,20260210113000000,sz.000968,7.7100,7.7200,7.7000,7.7000,399900,3081740.0000,3
2026-02-10,20260210130500000,sz.000968,7.7100,7.7400,7.7000,7.7400,504200,3888692.0000,3
2026-02-10,20260210131000000,sz.000968,7.7400,7.7500,7.7200,7.7200,260200,2012608.0000,3
2026-02-10,20260210131500000,sz.000968,7.7200,7.7300,7.7100,7.7200,334700,2583909.0000,3
2026-02-10,20260210132000000,sz.000968,7.7300,7.7500,7.7200,7.7400,125700,972002.0000,3
2026-02-10,20260210132500000,sz.000968,7.7400,7.7500,7.7300,7.7300,251200,1943700.0000,3
2026-02-10,20260210133000000,sz.000968,7.7300,7.7400,7.7200,7.7300,199200,1539197.0000,3
2026-02-10,20260210133500000,sz.000968,7.7200,7.7300,7.7200,7.7200,223500,1725716.0000,3
2026-02-10,20260210134000000,sz.000968,7.7300,7.7300,7.7200,7.7200,143000,1104132.0000,3
2026-02-10,20260210134500000,sz.000968,7.7200,7.7300,7.7000,7.7100,529800,4083871.0000,3
2026-02-10,20260210135000000,sz.000968,7.7100,7.7100,7.7000,7.7000,115500,890203.0000,3
2026-02-10,20260210135500000,sz.000968,7.7000,7.7100,7.7000,7.7100,167501,1290835.7000,3
2026-02-10,20260210140000000,sz.000968,7.7100,7.7100,7.7000,7.7000,128600,991352.0000,3
2026-02-10,20260210140500000,sz.000968,7.7100,7.7200,7.7100,7.7200,192000,1481222.0000,3
2026-02-10,20260210141000000,sz.000968,7.7100,7.7300,7.7100,7.7300,168100,1297288.0000,3
2026-02-10,20260210141500000,sz.000968,7.7200,7.7300,7.7100,7.7200,120200,927641.0000,3
2026-02-10,20260210142000000,sz.000968,7.7200,7.7300,7.7100,7.7100,106300,820537.0000,3
2026-02-10,20260210142500000,sz.000968,7.7100,7.7200,7.7100,7.7100,320900,2474249.0000,3
2026-02-10,20260210143000000,sz.000968,7.7100,7.7200,7.7100,7.7100,169500,1306886.0000,3
2026-02-10,20260210143500000,sz.000968,7.7100,7.7200,7.7000,7.7000,331400,2552720.0000,3
2026-02-10,20260210144000000,sz.000968,7.7000,7.7200,7.6900,7.7100,557900,4299097.0000,3
2026-02-10,20260210144500000,sz.000968,7.7100,7.7100,7.7000,7.7100,421500,3246440.0000,3
2026-02-10,20260210145000000,sz.000968,7.7100,7.7200,7.7000,7.7200,324337,2499587.2700,3
2026-02-10,20260210145500000,sz.000968,7.7200,7.7200,7.7100,7.7200,231600,1787034.0000,3
2026-02-10,20260210150000000,sz.000968,7.7100,7.7200,7.7000,7.7200,646000,4979935.0000,3
2026-02-11,20260211093500000,sz.000968,7.7000,7.7600,7.6600,7.6800,1270100,9766279.0000,3
2026-02-11,20260211094000000,sz.000968,7.6700,7.6800,7.6400,7.6400,1332000,10193682.0000,3
2026-02-11,20260211094500000,sz.000968,7.6400,7.6800,7.6400,7.6700,729700,5592901.0000,3
2026-02-11,20260211095000000,sz.000968,7.6700,7.6800,7.6600,7.6700,393500,3017532.0000,3
2026-02-11,20260211095500000,sz.000968,7.6800,7.7000,7.6700,7.6900,359900,2765472.0000,3
2026-02-11,20260211100000000,sz.000968,7.6900,7.7400,7.6800,7.7300,664800,5135396.0000,3
2026-02-11,20260211100500000,sz.000968,7.7300,7.7400,7.7100,7.7400,498500,3849855.0000,3
2026-02-11,20260211101000000,sz.000968,7.7400,7.7600,7.7300,7.7600,486600,3768256.0000,3
2026-02-11,20260211101500000,sz.000968,7.7600,7.8100,7.7600,7.8000,1369800,10664436.0000,3
2026-02-11,20260211102000000,sz.000968,7.8100,7.9000,7.8000,7.9000,2650010,20782449.0000,3
2026-02-11,20260211102500000,sz.000968,7.9000,7.9100,7.8700,7.8900,1597300,12608101.0000,3
2026-02-11,20260211103000000,sz.000968,7.8800,7.9000,7.8500,7.9000,753002,5930243.7200,3
2026-02-11,20260211103500000,sz.000968,7.8900,7.9500,7.8900,7.9400,2481000,19668571.0000,3
2026-02-11,20260211104000000,sz.000968,7.9400,8.0000,7.9200,7.9800,1878200,14975025.0000,3
2026-02-11,20260211104500000,sz.000968,7.9800,7.9800,7.9500,7.9800,828700,6599385.0000,3
2026-02-11,20260211105000000,sz.000968,7.9700,7.9900,7.9400,7.9900,916000,7299205.0000,3
2026-02-11,20260211105500000,sz.000968,7.9800,8.0900,7.9700,8.0800,2686134,21565911.3400,3
2026-02-11,20260211110000000,sz.000968,8.0800,8.1200,8.0400,8.1200,1918600,15499039.0000,3
2026-02-11,20260211110500000,sz.000968,8.1200,8.1700,8.0700,8.0800,2117700,17190551.0000,3
2026-02-11,20260211111000000,sz.000968,8.0800,8.0800,8.0500,8.0600,615800,4965029.0000,3
2026-02-11,20260211111500000,sz.000968,8.0600,8.0700,8.0400,8.0500,849100,6837351.0000,3
2026-02-11,20260211112000000,sz.000968,8.0400,8.0600,8.0200,8.0400,511200,4106930.0000,3
2026-02-11,20260211112500000,sz.000968,8.0400,8.0400,8.0200,8.0200,205800,1652416.0000,3
2026-02-11,20260211113000000,sz.000968,8.0200,8.0500,8.0200,8.0300,346100,2780887.0000,3
2026-02-11,20260211130500000,sz.000968,8.0300,8.0900,8.0100,8.0500,804401,6474705.0300,3
2026-02-11,20260211131000000,sz.000968,8.0500,8.0600,8.0300,8.0500,428600,3449461.0000,3
2026-02-11,20260211131500000,sz.000968,8.0500,8.0500,8.0100,8.0100,310799,2492788.9700,3
2026-02-11,20260211132000000,sz.000968,8.0100,8.0200,7.9900,8.0000,224000,1791961.0000,3
2026-02-11,20260211132500000,sz.000968,8.0000,8.0100,7.9900,8.0000,136400,1091137.0000,3
2026-02-11,20260211133000000,sz.000968,8.0000,8.0300,7.9900,8.0100,366900,2939765.0000,3
2026-02-11,20260211133500000,sz.000968,8.0100,8.0300,8.0100,8.0300,222500,1783382.0000,3
2026-02-11,20260211134000000,sz.000968,8.0300,8.0400,8.0100,8.0100,168900,1355885.0000,3
2026-02-11,20260211134500000,sz.000968,8.0100,8.0200,8.0000,8.0100,326100,2611260.0000,3
2026-02-11,20260211135000000,sz.000968,8.0100,8.0200,8.0100,8.0200,165631,1327650.6200,3
2026-02-11,20260211135500000,sz.000968,8.0200,8.0700,8.0100,8.0500,697100,5611902.0000,3
2026-02-11,20260211140000000,sz.000968,8.0600,8.0800,8.0500,8.0800,532400,4295871.0000,3
2026-02-11,20260211140500000,sz.000968,8.0800,8.0900,8.0600,8.0700,515600,4160891.0000,3
2026-02-11,20260211141000000,sz.000968,8.0700,8.1000,8.0600,8.0600,650100,5253904.0000,3
2026-02-11,20260211141500000,sz.000968,8.0700,8.0900,8.0600,8.0800,406300,3280242.2200,3
2026-02-11,20260211142000000,sz.000968,8.0800,8.0800,8.0600,8.0800,235200,1898704.0000,3
2026-02-11,20260211142500000,sz.000968,8.0800,8.0900,8.0700,8.0700,370169,2990251.8300,3
2026-02-11,20260211143000000,sz.000968,8.0700,8.0800,8.0600,8.0700,407831,3290643.4800,3
2026-02-11,20260211143500000,sz.000968,8.0600,8.0900,8.0600,8.0800,814900,6578306.0000,3
2026-02-11,20260211144000000,sz.000968,8.0800,8.0900,8.0600,8.0600,841369,6800429.5200,3
2026-02-11,20260211144500000,sz.000968,8.0700,8.0700,8.0400,8.0400,482000,3882514.0000,3
2026-02-11,20260211145000000,sz.000968,8.0500,8.0600,8.0400,8.0400,511500,4116817.0000,3
2026-02-11,20260211145500000,sz.000968,8.0300,8.0500,8.0300,8.0400,611600,4919362.0000,3
2026-02-11,20260211150000000,sz.000968,8.0400,8.0500,8.0300,8.0300,751800,6044588.0000,3
2026-02-12,20260212093500000,sz.000968,8.0000,8.1900,8.0000,8.1500,4814300,39104684.0000,3
2026-02-12,20260212094000000,sz.000968,8.1600,8.1800,8.0400,8.0500,2081200,16847820.0000,3
2026-02-12,20260212094500000,sz.000968,8.0500,8.0500,7.9700,7.9900,1201100,9630999.0000,3
2026-02-12,20260212095000000,sz.000968,7.9900,8.0000,7.9500,7.9800,903500,7204514.9800,3
2026-02-12,20260212095500000,sz.000968,7.9800,8.0100,7.9700,8.0000,746500,5962992.0000,3
2026-02-12,20260212100000000,sz.000968,8.0000,8.0300,7.9800,8.0100,364300,2913892.0000,3
2026-02-12,20260212100500000,sz.000968,7.9900,8.0300,7.9800,8.0100,458800,3672711.0000,3
2026-02-12,20260212101000000,sz.000968,8.0000,8.0300,7.9900,8.0300,488700,3913770.0000,3
2026-02-12,20260212101500000,sz.000968,8.0300,8.0700,8.0100,8.0500,637700,5126571.0000,3
2026-02-12,20260212102000000,sz.000968,8.0400,8.0600,8.0300,8.0300,462200,3718153.0000,3
2026-02-12,20260212102500000,sz.000968,8.0200,8.0500,8.0200,8.0400,340700,2737954.0000,3
2026-02-12,20260212103000000,sz.000968,8.0500,8.0600,8.0200,8.0300,321000,2581126.0000,3
2026-02-12,20260212103500000,sz.000968,8.0400,8.0500,8.0200,8.0500,607000,4878335.0000,3
2026-02-12,20260212104000000,sz.000968,8.0500,8.0800,8.0400,8.0700,420500,3388842.0000,3
2026-02-12,20260212104500000,sz.000968,8.0700,8.0800,8.0400,8.0500,274900,2214734.0000,3
2026-02-12,20260212105000000,sz.000968,8.0500,8.0500,8.0300,8.0400,240700,1934747.0000,3
2026-02-12,20260212105500000,sz.000968,8.0400,8.0800,8.0300,8.0700,349600,2814889.0000,3
2026-02-12,20260212110000000,sz.000968,8.0700,8.1000,8.0700,8.0800,393800,3183176.0000,3
2026-02-12,20260212110500000,sz.000968,8.0700,8.1000,8.0700,8.0900,391500,3164608.0000,3
2026-02-12,20260212111000000,sz.000968,8.0900,8.1000,8.0800,8.0900,173700,1404686.0000,3
2026-02-12,20260212111500000,sz.000968,8.0900,8.0900,8.0800,8.0800,331300,2679376.0000,3
2026-02-12,20260212112000000,sz.000968,8.0900,8.0900,8.0600,8.0700,336800,2717440.0000,3
2026-02-12,20260212112500000,sz.000968,8.0600,8.0700,8.0400,8.0700,276600,2228947.0000,3
2026-02-12,20260212113000000,sz.000968,8.0700,8.0800,8.0500,8.0600,290500,2341403.0000,3
2026-02-12,20260212130500000,sz.000968,8.0600,8.0600,8.0300,8.0400,456600,3673929.0000,3
2026-02-12,20260212131000000,sz.000968,8.0300,8.0400,8.0000,8.0000,300500,2411310.0000,3
2026-02-12,20260212131500000,sz.000968,8.0000,8.0000,7.9700,7.9900,379400,3028319.0000,3
2026-02-12,20260212132000000,sz.000968,7.9900,8.0000,7.9800,7.9800,168100,1342241.0000,3
2026-02-12,20260212132500000,sz.000968,7.9800,7.9900,7.9700,7.9800,163900,1307285.0000,3
2026-02-12,20260212133000000,sz.000968,7.9800,7.9900,7.9700,7.9800,286400,2285923.0000,3
2026-02-12,20260212133500000,sz.000968,7.9800,7.9900,7.9800,7.9900,55800,445430.0000,3
2026-02-12,20260212134000000,sz.000968,7.9800,8.0100,7.9800,8.0100,86000,687593.0000,3
2026-02-12,20260212134500000,sz.000968,8.0100,8.0200,8.0000,8.0200,228700,1832424.0000,3
2026-02-12,20260212135000000,sz.000968,8.0200,8.0200,8.0000,8.0100,71600,573325.0000,3
2026-02-12,20260212135500000,sz.000968,8.0000,8.0100,7.9900,8.0000,98100,784892.0000,3
2026-02-12,20260212140000000,sz.000968,7.9900,8.0000,7.9900,7.9900,103800,829583.0000,3
2026-02-12,20260212140500000,sz.000968,7.9900,8.0100,7.9900,8.0100,128400,1027255.0000,3
2026-02-12,20260212141000000,sz.000968,8.0100,8.0200,8.0000,8.0200,204300,1637198.0000,3
2026-02-12,20260212141500000,sz.000968,8.0200,8.0200,8.0000,8.0000,206300,1651851.0000,3
2026-02-12,20260212142000000,sz.000968,8.0000,8.0200,8.0000,8.0100,153800,1231953.0000,3
2026-02-12,20260212142500000,sz.000968,8.0100,8.0200,8.0100,8.0200,120800,968153.0000,3
2026-02-12,20260212143000000,sz.000968,8.0200,8.0200,8.0100,8.0100,121000,969626.0000,3
2026-02-12,20260212143500000,sz.000968,8.0100,8.0200,7.9900,8.0000,408800,3272201.0000,3
2026-02-12,20260212144000000,sz.000968,8.0000,8.0100,7.9900,8.0000,325900,2608726.0000,3
2026-02-12,20260212144500000,sz.000968,8.0000,8.0100,8.0000,8.0100,231500,1853519.0000,3
2026-02-12,20260212145000000,sz.000968,8.0100,8.0100,8.0000,8.0000,479331,3837282.0000,3
2026-02-12,20260212145500000,sz.000968,8.0000,8.0100,8.0000,8.0000,427302,3419916.0000,3
2026-02-12,20260212150000000,sz.000968,8.0000,8.0200,8.0000,8.0100,477800,3827087.0000,3
2026-02-13,20260213093500000,sz.000968,7.8800,7.8900,7.7800,7.8200,2873500,22519269.0000,3
2026-02-13,20260213094000000,sz.000968,7.8100,7.9600,7.8100,7.9400,1142900,9011266.0000,3
2026-02-13,20260213094500000,sz.000968,7.9400,7.9700,7.9100,7.9500,854900,6787845.0000,3
2026-02-13,20260213095000000,sz.000968,7.9500,7.9500,7.9000,7.9200,680331,5391033.2100,3
2026-02-13,20260213095500000,sz.000968,7.9200,7.9500,7.9000,7.9000,364500,2890202.0000,3
2026-02-13,20260213100000000,sz.000968,7.9000,7.9200,7.8900,7.9000,432900,3421498.0000,3
2026-02-13,20260213100500000,sz.000968,7.8900,7.9400,7.8800,7.9300,345800,2733634.0000,3
2026-02-13,20260213101000000,sz.000968,7.9400,7.9400,7.9100,7.9200,199400,1579866.0000,3
2026-02-13,20260213101500000,sz.000968,7.9200,7.9700,7.9200,7.9200,319000,2534884.0000,3
2026-02-13,20260213102000000,sz.000968,7.9200,7.9400,7.9200,7.9300,111700,885263.0000,3
2026-02-13,20260213102500000,sz.000968,7.9300,7.9400,7.9200,7.9300,128100,1015379.0000,3
2026-02-13,20260213103000000,sz.000968,7.9300,7.9300,7.9000,7.9000,126200,998587.0000,3
2026-02-13,20260213103500000,sz.000968,7.9000,7.9300,7.9000,7.9100,247800,1960572.0000,3
2026-02-13,20260213104000000,sz.000968,7.9100,7.9300,7.9000,7.9000,125600,994035.0000,3
2026-02-13,20260213104500000,sz.000968,7.9000,7.9100,7.8700,7.8900,325400,2567107.0000,3
2026-02-13,20260213105000000,sz.000968,7.8900,7.9100,7.8800,7.8900,142100,1120709.0000,3
2026-02-13,20260213105500000,sz.000968,7.8900,7.9000,7.8900,7.9000,187900,1482917.0000,3
2026-02-13,20260213110000000,sz.000968,7.9000,7.9000,7.8900,7.9000,68100,537686.0000,3
2026-02-13,20260213110500000,sz.000968,7.9000,7.9000,7.8800,7.8800,179800,1418720.0000,3
2026-02-13,20260213111000000,sz.000968,7.8800,7.9000,7.8800,7.8900,187600,1479839.0000,3
2026-02-13,20260213111500000,sz.000968,7.8800,7.8900,7.8700,7.8800,239100,1883586.0000,3
2026-02-13,20260213112000000,sz.000968,7.8800,7.8800,7.8600,7.8600,95200,749076.0000,3
2026-02-13,20260213112500000,sz.000968,7.8700,7.8900,7.8500,7.8800,443100,3484633.0000,3
2026-02-13,20260213113000000,sz.000968,7.8800,7.8900,7.8600,7.8600,139300,1097191.0000,3
2026-02-13,20260213130500000,sz.000968,7.8600,7.9000,7.8500,7.8900,364000,2863758.0000,3
2026-02-13,20260213131000000,sz.000968,7.8900,7.9000,7.8800,7.8900,169400,1336717.0000,3
2026-02-13,20260213131500000,sz.000968,7.9000,7.9100,7.8800,7.8800,239400,1889411.0000,3
2026-02-13,20260213132000000,sz.000968,7.8900,7.8900,7.8600,7.8700,297100,2339923.0000,3
2026-02-13,20260213132500000,sz.000968,7.8700,7.9500,7.8700,7.9300,359600,2846215.0000,3
2026-02-13,20260213133000000,sz.000968,7.9300,7.9300,7.9100,7.9300,160000,1266733.0000,3
2026-02-13,20260213133500000,sz.000968,7.9200,7.9400,7.9000,7.9000,186000,1472989.0000,3
2026-02-13,20260213134000000,sz.000968,7.9000,7.9300,7.8900,7.9300,290200,2295341.0000,3
2026-02-13,20260213134500000,sz.000968,7.9400,7.9500,7.9100,7.9300,442500,3510454.0000,3
2026-02-13,20260213135000000,sz.000968,7.9300,7.9300,7.8900,7.9100,191900,1516004.0000,3
2026-02-13,20260213135500000,sz.000968,7.9100,7.9400,7.9100,7.9200,170200,1348203.0000,3
2026-02-13,20260213140000000,sz.000968,7.9200,7.9300,7.9100,7.9200,84800,671843.0000,3
2026-02-13,20260213140500000,sz.000968,7.9200,7.9200,7.9100,7.9200,178800,1414804.0000,3
2026-02-13,20260213141000000,sz.000968,7.9200,7.9200,7.9000,7.9100,120600,953649.0000,3
2026-02-13,20260213141500000,sz.000968,7.9100,7.9100,7.8900,7.8900,179700,1418300.0000,3
2026-02-13,20260213142000000,sz.000968,7.8900,7.9100,7.8900,7.9000,195400,1543304.0000,3
2026-02-13,20260213142500000,sz.000968,7.9000,7.9200,7.8800,7.9200,445700,3519522.0000,3
2026-02-13,20260213143000000,sz.000968,7.9200,7.9300,7.9000,7.9200,299300,2369016.0000,3
2026-02-13,20260213143500000,sz.000968,7.9200,7.9300,7.9000,7.9200,328300,2599185.0000,3
2026-02-13,20260213144000000,sz.000968,7.9300,7.9300,7.8800,7.8800,746000,5899152.0000,3
2026-02-13,20260213144500000,sz.000968,7.8900,7.9000,7.8800,7.8900,332200,2620515.0000,3
2026-02-13,20260213145000000,sz.000968,7.8900,7.9000,7.8900,7.9000,376100,2969270.0000,3
2026-02-13,20260213145500000,sz.000968,7.8900,7.9000,7.8700,7.8900,907800,7159896.0000,3
2026-02-13,20260213150000000,sz.000968,7.8900,7.8900,7.8700,7.8700,586700,4620675.0000,3
2026-02-24,20260224093500000,sz.000968,8.0900,8.4500,8.0900,8.4300,9040300,74714255.0000,3
2026-02-24,20260224094000000,sz.000968,8.4300,8.4800,8.3700,8.4400,3950900,33349786.3200,3
2026-02-24,20260224094500000,sz.000968,8.4500,8.5300,8.3900,8.4700,3562800,30167412.0000,3
2026-02-24,20260224095000000,sz.000968,8.4500,8.4600,8.3900,8.4400,1463800,12337072.0000,3
2026-02-24,20260224095500000,sz.000968,8.4400,8.5200,8.4200,8.4800,1577300,13357127.2400,3
2026-02-24,20260224100000000,sz.000968,8.4800,8.5300,8.4400,8.5100,994501,8444130.4900,3
2026-02-24,20260224100500000,sz.000968,8.5100,8.5200,8.4700,8.4800,949300,8067580.0000,3
2026-02-24,20260224101000000,sz.000968,8.4700,8.4900,8.4500,8.4800,735900,6231056.0000,3
2026-02-24,20260224101500000,sz.000968,8.4700,8.4800,8.4500,8.4500,506300,4284892.0000,3
2026-02-24,20260224102000000,sz.000968,8.4600,8.5300,8.4500,8.5200,1239200,10534861.0000,3
2026-02-24,20260224102500000,sz.000968,8.5700,8.6600,8.5600,8.6600,5908950,50995384.0000,3
2026-02-24,20260224103000000,sz.000968,8.6600,8.6600,8.6600,8.6600,972800,8424448.0000,3
2026-02-24,20260224103500000,sz.000968,8.6600,8.6600,8.6600,8.6600,375100,3248366.0000,3
2026-02-24,20260224104000000,sz.000968,8.6600,8.6600,8.6600,8.6600,520600,4508396.0000,3
2026-02-24,20260224104500000,sz.000968,8.6600,8.6600,8.6600,8.6600,642600,5564916.0000,3
2026-02-24,20260224105000000,sz.000968,8.6600,8.6600,8.6600,8.6600,301000,2606660.0000,3
2026-02-24,20260224105500000,sz.000968,8.6600,8.6600,8.6600,8.6600,269800,2336468.0000,3
2026-02-24,20260224110000000,sz.000968,8.6600,8.6600,8.6600,8.6600,146500,1268690.0000,3
2026-02-24,20260224110500000,sz.000968,8.6600,8.6600,8.6600,8.6600,65100,563766.0000,3
2026-02-24,20260224111000000,sz.000968,8.6600,8.6600,8.6600,8.6600,131400,1137924.0000,3
2026-02-24,20260224111500000,sz.000968,8.6600,8.6600,8.6600,8.6600,55500,480630.0000,3
2026-02-24,20260224112000000,sz.000968,8.6600,8.6600,8.6600,8.6600,98500,853010.0000,3
2026-02-24,20260224112500000,sz.000968,8.6600,8.6600,8.6600,8.6600,54000,467640.0000,3
2026-02-24,20260224113000000,sz.000968,8.6600,8.6600,8.6600,8.6600,115300,998498.0000,3
2026-02-24,20260224130500000,sz.000968,8.6600,8.6600,8.6600,8.6600,586600,5079956.0000,3
2026-02-24,20260224131000000,sz.000968,8.6600,8.6600,8.6600,8.6600,127100,1100686.0000,3
2026-02-24,20260224131500000,sz.000968,8.6600,8.6600,8.6600,8.6600,62300,539518.0000,3
2026-02-24,20260224132000000,sz.000968,8.6600,8.6600,8.6600,8.6600,22689,196486.7400,3
2026-02-24,20260224132500000,sz.000968,8.6600,8.6600,8.6600,8.6600,70400,609664.0000,3
2026-02-24,20260224133000000,sz.000968,8.6600,8.6600,8.6600,8.6600,65200,564632.0000,3
2026-02-24,20260224133500000,sz.000968,8.6600,8.6600,8.6600,8.6600,37200,322152.0000,3
2026-02-24,20260224134000000,sz.000968,8.6600,8.6600,8.6600,8.6600,42200,365452.0000,3
2026-02-24,20260224134500000,sz.000968,8.6600,8.6600,8.6600,8.6600,13000,112580.0000,3
2026-02-24,20260224135000000,sz.000968,8.6600,8.6600,8.6600,8.6600,41500,359390.0000,3
2026-02-24,20260224135500000,sz.000968,8.6600,8.6600,8.6600,8.6600,14900,129034.0000,3
2026-02-24,20260224140000000,sz.000968,8.6600,8.6600,8.6600,8.6600,42479,367868.1400,3
2026-02-24,20260224140500000,sz.000968,8.6600,8.6600,8.6600,8.6600,68200,590612.0000,3
2026-02-24,20260224141000000,sz.000968,8.6600,8.6600,8.6600,8.6600,13800,119508.0000,3
2026-02-24,20260224141500000,sz.000968,8.6600,8.6600,8.6600,8.6600,17800,154148.0000,3
2026-02-24,20260224142000000,sz.000968,8.6600,8.6600,8.6600,8.6600,23400,202644.0000,3
2026-02-24,20260224142500000,sz.000968,8.6600,8.6600,8.6600,8.6600,36000,311760.0000,3
2026-02-24,20260224143000000,sz.000968,8.6600,8.6600,8.6600,8.6600,14300,123838.0000,3
2026-02-24,20260224143500000,sz.000968,8.6600,8.6600,8.6600,8.6600,34600,299636.0000,3
2026-02-24,20260224144000000,sz.000968,8.6600,8.6600,8.6600,8.6600,167100,1447086.0000,3
2026-02-24,20260224144500000,sz.000968,8.6600,8.6600,8.6600,8.6600,81800,708388.0000,3
2026-02-24,20260224145000000,sz.000968,8.6600,8.6600,8.6600,8.6600,41100,355926.0000,3
2026-02-24,20260224145500000,sz.000968,8.6600,8.6600,8.6600,8.6600,93700,811442.0000,3
2026-02-24,20260224150000000,sz.000968,8.6600,8.6600,8.6600,8.6600,338500,2931410.0000,3
2026-02-25,20260225093500000,sz.000968,8.6000,8.6300,8.4600,8.5300,9605501,82099763.3300,3
2026-02-25,20260225094000000,sz.000968,8.5200,8.5400,8.4800,8.4800,3674700,31251186.0000,3
2026-02-25,20260225094500000,sz.000968,8.4900,8.5600,8.4800,8.5400,2365300,20181840.0000,3
2026-02-25,20260225095000000,sz.000968,8.5200,8.6100,8.5200,8.5900,1862200,15932925.3200,3
2026-02-25,20260225095500000,sz.000968,8.5900,8.6600,8.5700,8.6600,3243100,27957789.0000,3
2026-02-25,20260225100000000,sz.000968,8.6600,8.6700,8.6300,8.6500,2831300,24504028.0000,3
2026-02-25,20260225100500000,sz.000968,8.6500,8.7100,8.6500,8.6700,3502985,30401612.4600,3
2026-02-25,20260225101000000,sz.000968,8.6700,8.7700,8.6600,8.7100,3380650,29494616.0000,3
2026-02-25,20260225101500000,sz.000968,8.7200,8.7200,8.6800,8.7000,1192800,10374005.0000,3
2026-02-25,20260225102000000,sz.000968,8.7000,8.7000,8.6400,8.6500,1588600,13760946.0000,3
2026-02-25,20260225102500000,sz.000968,8.6500,8.6500,8.6300,8.6500,1288500,11134155.0000,3
2026-02-25,20260225103000000,sz.000968,8.6400,8.6600,8.6200,8.6600,1422800,12285897.0000,3
2026-02-25,20260225103500000,sz.000968,8.6600,8.7000,8.6500,8.6900,1031200,8946538.7900,3
2026-02-25,20260225104000000,sz.000968,8.6900,8.6900,8.6400,8.6400,756700,6555137.0000,3
2026-02-25,20260225104500000,sz.000968,8.6400,8.6600,8.6300,8.6400,806800,6972719.0000,3
2026-02-25,20260225105000000,sz.000968,8.6500,8.6600,8.6300,8.6400,403490,3488092.7000,3
2026-02-25,20260225105500000,sz.000968,8.6400,8.6600,8.6300,8.6400,516100,4461605.0000,3
2026-02-25,20260225110000000,sz.000968,8.6500,8.6800,8.6400,8.6700,628200,5444855.0000,3
2026-02-25,20260225110500000,sz.000968,8.6800,8.6800,8.6700,8.6800,333301,2892386.6700,3
2026-02-25,20260225111000000,sz.000968,8.6700,8.7000,8.6700,8.6700,747200,6492497.0000,3
2026-02-25,20260225111500000,sz.000968,8.6700,8.6800,8.6500,8.6700,567699,4916384.3300,3
2026-02-25,20260225112000000,sz.000968,8.6700,8.6800,8.6500,8.6700,524900,4544863.0000,3
2026-02-25,20260225112500000,sz.000968,8.6600,8.6700,8.6500,8.6500,269500,2334288.0000,3
2026-02-25,20260225113000000,sz.000968,8.6500,8.6700,8.6500,8.6700,247200,2140309.0000,3
2026-02-25,20260225130500000,sz.000968,8.6600,8.6800,8.6100,8.6300,1511100,13060141.0000,3
2026-02-25,20260225131000000,sz.000968,8.6300,8.6400,8.6100,8.6200,596300,5143165.0000,3
2026-02-25,20260225131500000,sz.000968,8.6100,8.6200,8.5700,8.5800,1225079,10521739.2400,3
2026-02-25,20260225132000000,sz.000968,8.5900,8.5900,8.5700,8.5800,472500,4053622.0000,3
2026-02-25,20260225132500000,sz.000968,8.5800,8.6000,8.5700,8.5800,403000,3460043.0000,3
2026-02-25,20260225133000000,sz.000968,8.5800,8.6000,8.5800,8.6000,462700,3973833.0000,3
2026-02-25,20260225133500000,sz.000968,8.6000,8.6000,8.5500,8.5600,928800,7958681.0000,3
2026-02-25,20260225134000000,sz.000968,8.5600,8.5700,8.5500,8.5600,475700,4070030.0000,3
2026-02-25,20260225134500000,sz.000968,8.5700,8.5700,8.5500,8.5500,366000,3132595.0000,3
2026-02-25,20260225135000000,sz.000968,8.5600,8.5600,8.5500,8.5500,615800,5267152.0000,3
2026-02-25,20260225135500000,sz.000968,8.5600,8.5600,8.5500,8.5500,418700,3580948.0000,3
2026-02-25,20260225140000000,sz.000968,8.5600,8.5600,8.5400,8.5500,882992,7546522.6800,3
2026-02-25,20260225140500000,sz.000968,8.5400,8.5700,8.5300,8.5400,769900,6580525.0000,3
2026-02-25,20260225141000000,sz.000968,8.5400,8.5400,8.5100,8.5100,867300,7392371.0000,3
2026-02-25,20260225141500000,sz.000968,8.5200,8.5200,8.5000,8.5000,835900,7110301.0000,3
2026-02-25,20260225142000000,sz.000968,8.5100,8.5200,8.4900,8.5100,961300,8175449.0000,3
2026-02-25,20260225142500000,sz.000968,8.5200,8.5300,8.5100,8.5200,686100,5844172.0000,3
2026-02-25,20260225143000000,sz.000968,8.5200,8.5200,8.5000,8.5100,564700,4806286.0000,3
2026-02-25,20260225143500000,sz.000968,8.5200,8.5300,8.5100,8.5300,479400,4085239.0000,3
2026-02-25,20260225144000000,sz.000968,8.5300,8.5500,8.5200,8.5400,933200,7961762.0000,3
2026-02-25,20260225144500000,sz.000968,8.5400,8.5400,8.5300,8.5400,658212,5616155.3600,3
2026-02-25,20260225145000000,sz.000968,8.5300,8.5600,8.5300,8.5400,1416300,12107877.0000,3
2026-02-25,20260225145500000,sz.000968,8.5400,8.5600,8.5200,8.5200,1803888,15396979.5200,3
2026-02-25,20260225150000000,sz.000968,8.5200,8.5600,8.5200,8.5500,1999700,17082606.1300,3
2026-02-26,20260226093500000,sz.000968,8.5300,8.7300,8.5000,8.6700,7566100,65349602.0500,3
2026-02-26,20260226094000000,sz.000968,8.6500,8.7300,8.6500,8.6700,4095500,35656036.0000,3
2026-02-26,20260226094500000,sz.000968,8.6700,8.6700,8.6100,8.6400,1988688,17156153.4200,3
2026-02-26,20260226095000000,sz.000968,8.6300,8.7300,8.6300,8.6700,2037807,17711131.9000,3
2026-02-26,20260226095500000,sz.000968,8.7000,8.7000,8.5700,8.5800,1539000,13256138.0000,3
2026-02-26,20260226100000000,sz.000968,8.5700,8.5900,8.5300,8.5900,1126500,9637750.0000,3
2026-02-26,20260226100500000,sz.000968,8.5800,8.6000,8.5500,8.5900,783700,6723273.0000,3
2026-02-26,20260226101000000,sz.000968,8.5800,8.5900,8.5600,8.5600,737400,6322320.0000,3
2026-02-26,20260226101500000,sz.000968,8.5700,8.5700,8.5300,8.5300,733600,6277918.0000,3
2026-02-26,20260226102000000,sz.000968,8.5400,8.5500,8.5100,8.5100,951900,8116066.0000,3
2026-02-26,20260226102500000,sz.000968,8.5100,8.5200,8.5000,8.5000,707900,6021020.0000,3
2026-02-26,20260226103000000,sz.000968,8.4900,8.5000,8.4800,8.4900,689400,5849314.0000,3
2026-02-26,20260226103500000,sz.000968,8.4900,8.5100,8.4800,8.4900,465100,3951664.0000,3
2026-02-26,20260226104000000,sz.000968,8.4900,8.5100,8.4700,8.4800,481400,4083251.0000,3
2026-02-26,20260226104500000,sz.000968,8.4800,8.5100,8.4600,8.5000,992900,8411902.0000,3
2026-02-26,20260226105000000,sz.000968,8.5000,8.5200,8.5000,8.5100,200400,1705093.0000,3
2026-02-26,20260226105500000,sz.000968,8.5000,8.5200,8.4900,8.4900,356800,3033252.0000,3
2026-02-26,20260226110000000,sz.000968,8.4900,8.5000,8.4800,8.5000,144100,1223627.0000,3
2026-02-26,20260226110500000,sz.000968,8.5000,8.5000,8.4800,8.5000,381100,3235680.0000,3
2026-02-26,20260226111000000,sz.000968,8.5000,8.5100,8.4900,8.4900,185000,1572256.0000,3
2026-02-26,20260226111500000,sz.000968,8.4900,8.5000,8.4900,8.5000,163200,1385732.0000,3
2026-02-26,20260226112000000,sz.000968,8.5000,8.5100,8.4900,8.4900,230500,1958533.0000,3
2026-02-26,20260226112500000,sz.000968,8.4900,8.5000,8.4900,8.5000,137900,1171285.0000,3
2026-02-26,20260226113000000,sz.000968,8.5000,8.5000,8.4800,8.4900,384500,3263419.0000,3
2026-02-26,20260226130500000,sz.000968,8.4800,8.5200,8.4800,8.5100,620300,5264935.0000,3
2026-02-26,20260226131000000,sz.000968,8.5100,8.5100,8.4900,8.4900,262300,2229571.0000,3
2026-02-26,20260226131500000,sz.000968,8.4900,8.5100,8.4900,8.5100,250800,2131272.0000,3
2026-02-26,20260226132000000,sz.000968,8.5100,8.5200,8.5000,8.5200,212300,1808179.0000,3
2026-02-26,20260226132500000,sz.000968,8.5200,8.5200,8.4900,8.4900,424000,3605764.0000,3
2026-02-26,20260226133000000,sz.000968,8.4900,8.5000,8.4800,8.4800,264100,2242691.0000,3
2026-02-26,20260226133500000,sz.000968,8.4900,8.4900,8.4800,8.4800,359000,3047615.0000,3
2026-02-26,20260226134000000,sz.000968,8.4800,8.4900,8.4800,8.4800,318100,2698170.0000,3
2026-02-26,20260226134500000,sz.000968,8.4800,8.4900,8.4700,8.4800,577400,4898276.0000,3
2026-02-26,20260226135000000,sz.000968,8.4800,8.5000,8.4800,8.4900,257200,2183865.0000,3
2026-02-26,20260226135500000,sz.000968,8.4900,8.4900,8.4700,8.4700,281800,2388389.0000,3
2026-02-26,20260226140000000,sz.000968,8.4800,8.4900,8.4700,8.4700,332900,2821563.0000,3
2026-02-26,20260226140500000,sz.000968,8.4700,8.4800,8.4600,8.4700,217200,1839789.0000,3
2026-02-26,20260226141000000,sz.000968,8.4700,8.4800,8.4700,8.4700,346900,2938279.0000,3
2026-02-26,20260226141500000,sz.000968,8.4700,8.4800,8.4600,8.4800,265700,2250808.0000,3
2026-02-26,20260226142000000,sz.000968,8.4800,8.4800,8.4700,8.4800,151900,1287108.0000,3
2026-02-26,20260226142500000,sz.000968,8.4800,8.4800,8.4600,8.4600,429100,3634744.0000,3
2026-02-26,20260226143000000,sz.000968,8.4600,8.4600,8.4500,8.4600,805900,6814641.0000,3
2026-02-26,20260226143500000,sz.000968,8.4500,8.4800,8.4500,8.4800,1056744,8944778.2400,3
2026-02-26,20260226144000000,sz.000968,8.4800,8.4900,8.4700,8.4900,301900,2560745.0000,3
2026-02-26,20260226144500000,sz.000968,8.4900,8.4900,8.4700,8.4900,646100,5478898.0000,3
2026-02-26,20260226145000000,sz.000968,8.4800,8.5000,8.4800,8.4800,1144500,9715262.0000,3
2026-02-26,20260226145500000,sz.000968,8.4800,8.5000,8.4800,8.4900,1145200,9718014.0000,3
2026-02-26,20260226150000000,sz.000968,8.4800,8.5000,8.4800,8.4800,943500,8004943.0000,3
